time,x,y,z
1739721600.0441308,33,-1,-111
1739721600.0901306,6,6,-109
1739721600.1361306,76,-7,-71
1739721600.1811306,5,-12,-67
1739721600.227131,2,53,-107
1739721600.273131,15,-33,-55
1739721600.319131,2,-2,-47
1739721600.3641307,55,-12,-119
1739721600.4101307,21,-64,-99
1739721600.4561307,-81,79,-37
1739721600.5011306,-47,-14,-77
1739721600.5471306,147,-12,67
1739721600.5931306,57,6,-41
1739721600.6391306,37,-52,98
1739721600.684131,45,-32,-61
1739721600.730131,-20,14,6
1739721600.776131,2,-11,-25
1739721600.8211308,-11,-49,0
1739721600.8671308,-9,-58,-125
1739721600.9131308,1,-7,-77
1739721600.9591308,76,-24,12
1739721601.0041306,31,3,14
1739721601.0501306,-54,-24,-65
1739721601.0961306,57,-28,28
1739721601.1411307,71,-13,-2
1739721601.1871307,-35,-5,-59
1739721601.2331307,-59,41,-57
1739721601.2791307,-32,15,-191
1739721601.3241308,-44,-41,-131
1739721601.3701308,-15,5,-51
1739721601.4161308,55,-4,72
1739721601.4611306,-4,-28,-125
1739721601.5071306,-18,-18,-61
1739721601.5531306,86,-18,-48
1739721601.5991306,10,16,48
1739721601.6441307,1,62,-52
1739721601.6901307,68,62,-18
1739721601.7361307,-54,40,-217
1739721601.7811308,-13,12,-85
1739721601.8271308,13,-133,-73
1739721601.8731308,-31,55,25
1739721601.9191308,35,-7,-49
1739721601.9641306,-42,42,-55
1739721602.0101306,-26,-39,-55
1739721602.0561306,-25,49,-79
1739721602.1011307,-34,-40,50
1739721602.1471307,-7,-31,-23
1739721602.1931307,-23,-29,-19
1739721602.2391307,12,-11,-51
1739721602.2841306,-7,-18,-29
1739721602.3301306,23,45,46
1739721602.3761306,0,3,-47
1739721602.421131,13,13,-83
1739721602.467131,29,-34,-19
1739721602.513131,-113,-15,21
1739721602.559131,37,-8,-123
1739721602.6041307,68,5,-4
1739721602.6501307,-10,88,-48
1739721602.6961308,42,38,-36
1739721602.7411306,-54,73,-217
1739721602.7871306,-17,52,-84
1739721602.8331306,21,-56,35
1739721602.8791306,-71,21,-139
1739721602.924131,-70,-49,-23
1739721602.9701307,-84,5,-31
1739721603.0161307,-11,-9,-153
1739721603.0611308,9,68,0
1739721603.1071308,-84,5,4
1739721603.1531308,-25,-42,-109
1739721603.1991308,-3,-55,-123
1739721603.2441306,11,-20,-11
1739721603.2901306,-24,41,28
1739721603.3361306,-6,-26,-83
1739721603.3811307,18,16,-129
1739721603.4331307,40,38,-9
1739721603.4791307,6,0,-109
1739721603.5241306,39,2,-77
1739721603.5701306,-13,1,-2
1739721603.6161306,-40,-15,-149
1739721603.661131,-50,36,0
1739721603.707131,36,-36,-89
1739721603.753131,-46,26,-49
1739721603.799131,14,20,-85
1739721603.8441308,106,66,-1
1739721603.8901308,-42,8,-147
1739721603.9361308,-9,-31,-135
1739721603.9811306,78,-18,-139
1739721604.0271306,-24,58,-117
1739721604.0731306,-28,64,2
1739721604.1191306,42,33,54
1739721604.1641307,-133,17,-32
1739721604.2101307,45,19,-7
1739721604.2561307,-52,-39,68
1739721604.3011308,30,63,-99
1739721604.3471308,1,42,-32
1739721604.3931308,7,-2,-59
1739721604.4391308,0,0,-51
1739721604.4841306,-49,46,-26
1739721604.5301306,2,-51,124
1739721604.5761306,29,44,34
1739721604.6211307,-77,-8,-137
1739721604.6671307,31,1,-13
1739721604.7131307,18,-22,-109
1739721604.7591307,-5,-22,-111
1739721604.8041308,40,-43,-63
1739721604.8501308,45,34,-123
1739721604.8961308,14,-66,6
1739721604.9411306,-19,-72,-20
1739721604.9871306,60,90,-93
1739721605.0331306,-31,-32,-19
1739721605.0781307,6,-3,-236
1739721605.1241307,-31,110,-27
1739721605.1701307,93,-44,14
1739721605.2161307,-14,-4,-11
1739721605.2611306,94,-31,-80
1739721605.3071306,47,-13,-44
1739721605.3531306,-16,-14,-52
1739721605.398131,-50,53,-120
1739721605.444131,-42,0,-79
1739721605.490131,12,57,4
1739721605.536131,-59,35,-47
1739721605.5811307,-34,15,-31
1739721605.6271307,16,17,-102
1739721605.6731308,-2,62,-102
1739721605.7181306,-18,36,-15
1739721605.7641306,-31,8,-59
1739721605.8101306,-28,17,15
1739721605.8561306,-22,-22,-138
1739721605.901131,-62,18,11
1739721605.947131,35,14,-88
1739721605.9931307,78,36,-30
1739721606.0381308,80,27,-80
1739721606.0841308,18,55,-218
1739721606.1301308,-50,42,-73
1739721606.1761308,112,-20,-34
1739721606.2211306,117,-20,-74
1739721606.2671306,77,-24,-74
1739721606.3131306,-100,61,-71
1739721606.3581307,-16,53,-94
1739721606.4041307,36,26,-52
1739721606.4501307,-29,-15,-25
1739721606.4961307,-57,-5,-81
1739721606.5411308,-2,73,-86
1739721606.5871308,-10,-11,51
1739721606.6331308,57,-46,-80
1739721606.6781306,39,19,-96
1739721606.7241306,13,50,-73
1739721606.7701306,-17,23,-143
1739721606.8161306,21,26,8
1739721606.8611307,-29,27,-51
1739721606.9071307,-101,30,-81
1739721606.9531307,-55,57,-123
1739721606.9981308,-56,21,9
1739721607.0441308,84,-14,-74
1739721607.0891306,-6,-2,85
1739721607.1341307,-95,-24,-59
1739721607.1801307,-85,-37,-43
1739721607.2261307,9,24,-166
1739721607.2721307,-68,20,-71
1739721607.3171306,-76,-6,33
1739721607.3631306,1,14,27
1739721607.4091306,-3,-23,-72
1739721607.4541306,-49,106,9
1739721607.500131,-81,56,19
1739721607.546131,78,70,-156
1739721607.592131,51,38,-56
1739721607.6371307,-41,22,-63
1739721607.6831307,11,10,-68
1739721607.7291307,75,-29,-98
1739721607.7741306,1,-78,-13
1739721607.8201306,-18,77,-164
1739721607.8661306,12,1,-80
1739721607.9121306,146,-50,14
1739721607.957131,-3,-53,-51
1739721608.003131,52,40,-78
1739721608.049131,34,15,-50
1739721608.0941308,28,-53,20
1739721608.1401308,-34,33,13
1739721608.1861308,58,46,-108
1739721608.2321308,-1,-13,-59
1739721608.2771306,25,18,-64
1739721608.3231306,3,15,18
1739721608.3691306,36,9,82
1739721608.4141307,-33,-33,-55
1739721608.4601307,24,-5,-30
1739721608.5061307,34,6,-72
1739721608.5521307,-65,16,-93
1739721608.5971308,26,71,16
1739721608.6431308,-27,0,-19
1739721608.6891308,31,11,-6
1739721608.7341306,-64,-68,-45
1739721608.7801306,24,10,-18
1739721608.8261306,-18,-36,68
1739721608.8721306,-13,-8,-86
1739721608.9171307,18,-4,-9
1739721608.9631307,45,-53,-46
1739721609.0091307,53,-12,28
1739721609.0541308,-17,0,-12
1739721609.1001308,-17,-12,-50
1739721609.1461308,129,-93,-131
1739721609.1921306,10,-8,87
1739721609.2371306,37,-65,-11
1739721609.2831306,119,80,-1
1739721609.3291306,-7,23,37
1739721609.3741307,-66,-13,28
1739721609.4201307,-22,6,15
1739721609.4661307,-47,40,-54
1739721609.5121307,-2,12,43
1739721609.5571306,0,56,-14
1739721609.6031306,24,15,-11
1739721609.6491306,-18,7,-68
1739721609.694131,-3,23,-38
1739721609.740131,6,-23,-46
1739721609.786131,-77,130,22
1739721609.832131,6,-32,69
1739721609.8771307,48,-26,-25
1739721609.9231308,14,-31,-70
1739721609.9691308,-44,12,-32
1739721610.0141306,-4,1,-76
1739721610.0601306,55,5,-64
1739721610.1061306,35,-3,-100
1739721610.1521306,11,-27,-90
1739721610.197131,-56,-25,-2
1739721610.2431307,2,-11,-26
1739721610.2891307,18,-8,-58
1739721610.3341308,1,61,-52
1739721610.3801308,1,-11,-36
1739721610.4261308,-12,63,-68
1739721610.4721308,-42,-28,-34
1739721610.5171306,41,-15,-44
1739721610.5631306,-7,-18,81
1739721610.6091306,-62,73,14
1739721610.6541307,-14,47,28
1739721610.7001307,-73,-32,29
1739721610.7461307,8,22,-116
1739721610.7921307,-31,-39,-138
1739721610.8371308,-6,-55,-150
1739721610.8831308,0,-22,63
1739721610.9291308,166,-43,6
1739721610.9741306,34,-37,-78
1739721611.0201306,-6,-7,47
1739721611.0661306,0,75,-28
1739721611.1121306,-2,-16,-158
1739721611.1571307,63,-90,-150
1739721611.2031307,-52,-72,-122
1739721611.2491307,-15,26,-26
1739721611.2941308,-73,-23,71
1739721611.3401306,-39,-8,125
1739721611.3861306,21,3,-24
1739721611.4321306,-27,0,-10
1739721611.477131,-57,0,-47
1739721611.523131,50,-62,89
1739721611.569131,-53,51,-1
1739721611.6141307,-103,45,25
1739721611.6601307,12,-34,-124
1739721611.7061307,38,6,-94
1739721611.7521307,36,-38,-18
1739721611.7971306,-52,75,41
1739721611.8431306,-5,-49,-108
1739721611.8891306,-26,-4,45
1739721611.934131,22,-30,-30
1739721611.980131,28,-14,-68
1739721612.026131,-7,-30,-6
1739721612.072131,-1,11,-104
1739721612.1171308,33,32,-62
1739721612.1631308,-16,-7,-74
1739721612.2091308,-46,32,-71
1739721612.2541306,64,-40,28
1739721612.3001306,80,-17,-89
1739721612.3461306,18,25,45
1739721612.3921306,80,-19,-58
1739721612.4371307,-42,-2,-84
1739721612.4831307,16,43,-25
1739721612.5291307,-92,24,-9
1739721612.5741308,-35,45,14
1739721612.6201308,64,59,-133
1739721612.6661308,11,-4,-98
1739721612.7121308,-29,21,-135
1739721612.7571306,-61,-18,6
1739721612.8031306,92,-10,-43
1739721612.8491306,-68,-49,-39
1739721612.8941307,24,-65,-123
1739721612.9401307,15,-21,48
1739721612.9861307,-81,36,-114
1739721613.0321307,-14,60,-76
1739721613.0771308,10,8,-47
1739721613.1231308,-13,-54,-79
1739721613.1691308,25,31,-73
1739721613.2141306,71,27,185
1739721613.2601306,-35,13,20
1739721613.3061306,-49,30,-92
1739721613.352131,-22,17,-36
1739721613.3971307,49,46,-93
1739721613.4491308,-93,15,74
1739721613.4941306,57,-11,-137
1739721613.5401306,1,-7,-13
1739721613.5861306,15,23,-47
1739721613.6321306,-21,-47,31
1739721613.6771307,-36,65,-22
1739721613.7231307,6,-6,-61
1739721613.7691307,-43,16,-68
1739721613.8141308,28,-53,-71
1739721613.8601308,18,13,-71
1739721613.9061308,-39,-59,-168
1739721613.9501307,-36,-52,-50
1739721613.9961307,-13,-95,-3
1739721614.0421307,27,3,-151
1739721614.0881307,46,-5,43
1739721614.1331308,-56,54,-2
1739721614.1791308,19,-35,-83
1739721614.2251308,87,15,21
1739721614.2701306,71,-6,-83
1739721614.3161306,-69,-25,-28
1739721614.3621306,26,38,-19
1739721614.4081306,51,3,-109
1739721614.4531307,14,-8,13
1739721614.4991307,15,4,82
1739721614.5451307,-41,51,1
1739721614.5901306,20,-21,-3
1739721614.6361306,15,38,-103
1739721614.6821306,71,62,33
1739721614.727131,-42,-55,-114
1739721614.773131,23,80,-33
1739721614.819131,11,0,15
1739721614.865131,146,24,-85
1739721614.9101307,-24,-8,-66
1739721614.9561307,36,53,13
1739721615.0021307,39,28,-63
1739721615.0471306,31,-72,-4
1739721615.0931306,6,68,61
1739721615.1391306,49,4,-88
1739721615.1851306,-83,39,-33
1739721615.230131,-28,26,10
1739721615.276131,-13,73,-22
1739721615.322131,18,24,-62
1739721615.3671308,69,5,-82
1739721615.4131308,23,-2,-52
1739721615.4591308,75,10,-124
1739721615.5051308,-31,-4,-73
1739721615.5501306,-8,45,-194
1739721615.5961306,-16,-52,-33
1739721615.6421306,-47,3,-69
1739721615.6871307,49,-1,-114
1739721615.7331307,-57,16,-21
1739721615.7791307,14,43,-42
1739721615.8251307,88,-1,30
1739721615.8701308,90,-29,0
1739721615.9161308,-48,-14,-33
1739721615.9621308,-73,13,-73
1739721616.0071306,16,-45,-40
1739721616.0531306,-67,19,-1
1739721616.0991306,-26,14,13
1739721616.1451306,34,-13,-128
1739721616.1901307,2,-42,-59
1739721616.2361307,-151,84,-41
1739721616.2821307,1,27,11
1739721616.3271308,49,-58,-106
1739721616.3731308,-77,-42,-13
1739721616.4191308,9,36,-138
1739721616.4651306,49,21,-40
1739721616.5101306,3,1,-26
1739721616.5561306,30,-47,-144
1739721616.602131,25,-13,-34
1739721616.6471307,10,38,111
1739721616.6931307,-11,42,-14
1739721616.7391307,112,28,24
1739721616.7851307,47,9,-88
1739721616.8301306,-92,3,81
1739721616.8761306,4,58,-114
1739721616.9221306,24,33,-56
1739721616.967131,-8,-100,3
1739721617.013131,66,-1,50
1739721617.059131,52,-68,-73
1739721617.105131,20,35,-142
1739721617.1501307,20,10,18
1739721617.1961308,18,-26,-7
1739721617.2421308,-28,-47,-31
1739721617.2871306,36,36,50
1739721617.3331306,-8,12,-66
1739721617.3791306,0,-29,-68
1739721617.4251306,16,-73,-98
1739721617.4701307,-60,-13,-70
1739721617.5161307,17,57,-54
1739721617.5621307,62,34,-166
1739721617.6071308,12,-13,19
1739721617.6531308,0,8,19
1739721617.6991308,-18,0,-26
1739721617.7451308,-55,-4,-28
1739721617.7901306,-102,6,-10
1739721617.8361306,87,-14,-16
1739721617.8821306,-40,101,-100
1739721617.9271307,24,11,-196
1739721617.9731307,-23,46,-56
1739721618.0191307,90,27,-34
1739721618.0651307,-6,56,-24
1739721618.1101308,-28,4,48
1739721618.1561308,-23,-33,-101
1739721618.2021308,37,-50,-81
1739721618.2471306,-21,62,-66
1739721618.2931306,45,33,-48
1739721618.3391306,10,14,-14
1739721618.3851306,64,-41,23
1739721618.4301307,-27,-45,-23
1739721618.4761307,-27,45,28
1739721618.5221307,-51,-29,-117
1739721618.5671306,93,-10,4
1739721618.6131306,22,-68,29
1739721618.6591306,-48,25,-74
1739721618.7051306,-84,-2,-212
1739721618.750131,-10,-17,19
1739721618.796131,37,34,-30
1739721618.842131,-30,72,18
1739721618.8871307,-37,-3,-79
1739721618.9331307,-32,-13,7
1739721618.9791307,-18,-16,-9
1739721619.0251307,-33,69,-128
1739721619.0701306,-31,-54,27
1739721619.1161306,-68,-21,-73
1739721619.1621306,-9,25,-40
1739721619.207131,-11,-43,-13
1739721619.253131,49,-1,-4
1739721619.299131,-5,14,-34
1739721619.3451307,36,50,66
1739721619.3901308,5,40,-6
1739721619.4361308,4,-30,-3
1739721619.4821308,100,-1,-20
1739721619.5271306,0,-18,73
1739721619.5731306,-9,5,19
1739721619.6191306,-23,-9,-179
1739721619.6651306,-31,15,-105
1739721619.7101307,17,21,-111
1739721619.7561307,53,39,-27
1739721619.8021307,44,-24,-3
1739721619.8471308,-40,38,-93
1739721619.8931308,-43,65,-67
1739721619.9391308,58,0,29
1739721619.9851308,-25,6,26
1739721620.0301306,-62,9,-82
1739721620.0761306,-24,-15,-125
1739721620.1221306,4,-2,40
1739721620.1671307,37,-5,-9
1739721620.2131307,-26,59,-7
1739721620.2591307,-77,54,-92
1739721620.3051307,26,-5,80
1739721620.3501308,24,63,75
1739721620.3961308,-56,78,-75
1739721620.4421306,16,-27,-137
1739721620.4871306,16,43,-25
1739721620.5331306,57,13,-31
1739721620.5791306,-43,32,16
1739721620.625131,0,-22,-4
1739721620.6701307,-33,-33,-166
1739721620.7161307,72,83,-95
1739721620.7621307,-86,31,-60
1739721620.8071306,22,-28,11
1739721620.8531306,-29,40,-119
1739721620.8991306,-68,40,-8
1739721620.9451306,-5,47,-57
1739721620.990131,-44,13,0
1739721621.036131,-7,7,48
1739721621.082131,31,-3,-85
1739721621.1271307,59,20,-57
1739721621.1731308,-57,-9,-22
1739721621.2191308,31,-34,-35
1739721621.2651308,60,22,103
1739721621.3101306,39,-15,-5
1739721621.3561306,-40,79,38
1739721621.4021306,38,81,-53
1739721621.447131,-33,7,-12
1739721621.4931307,-19,38,-31
1739721621.5391307,18,50,-122
1739721621.5851307,12,-58,60
1739721621.6301308,-1,-33,-27
1739721621.6761308,28,48,59
1739721621.7221308,88,6,-6
1739721621.7671306,-3,-30,-37
1739721621.8131306,68,14,46
1739721621.8591306,-20,36,64
1739721621.9051306,-32,15,-20
1739721621.9501307,-49,10,-78
1739721621.9961307,-24,18,-98
1739721622.0421307,-13,-7,-54
1739721622.0871308,-20,25,-38
1739721622.1331308,-29,39,-54
1739721622.1791308,-10,7,-2
1739721622.2251308,-73,3,110
1739721622.2701306,121,-42,11
1739721622.3161306,-8,46,-18
1739721622.3621306,-58,36,-36
1739721622.4071307,5,46,0
1739721622.4531307,-79,41,-154
1739721622.4991307,16,-100,-41
1739721622.5451307,-20,-11,53
1739721622.5901306,-61,1,-154
1739721622.6361306,-77,32,-100
1739721622.6821306,60,21,76
1739721622.727131,-22,50,34
1739721622.773131,-7,42,-50
1739721622.819131,23,2,-58
1739721622.865131,20,-31,-69
1739721622.9101307,-21,-26,-105
1739721622.9561307,-45,-5,-49
1739721623.0021307,60,43,62
1739721623.0471306,-29,51,-88
1739721623.0931306,-93,-9,-43
1739721623.1391306,102,30,82
1739721623.1851306,45,-22,-150
1739721623.230131,124,49,-124
1739721623.276131,38,49,-66
1739721623.322131,67,-34,-10
1739721623.3671308,0,-35,33
1739721623.4131308,31,58,-114
1739721623.4651306,25,108,-82
1739721623.5101306,-43,61,-37
1739721623.5561306,-62,37,93
1739721623.602131,-8,29,103
1739721623.6471307,67,-10,-82
1739721623.6931307,-7,-8,-17
1739721623.7391307,2,24,-100
1739721623.7851307,-95,17,-87
1739721623.8301306,71,5,-46
1739721623.8761306,-98,-34,-51
1739721623.9221306,35,85,-80
1739721623.967131,-49,-34,-33
1739721624.013131,-36,17,-39
1739721624.059131,22,34,-60
1739721624.105131,37,86,18
1739721624.1501307,6,68,-34
1739721624.1961308,9,-40,0
1739721624.2421308,8,73,56
1739721624.2871306,-9,14,-40
1739721624.3331306,23,8,-92
1739721624.3791306,17,22,-16
1739721624.4251306,66,60,-104
1739721624.4701307,-91,58,-10
1739721624.5161307,-73,-42,-5
1739721624.5621307,58,-18,-84
1739721624.6071308,-72,-5,-50
1739721624.6531308,48,29,-50
1739721624.6991308,-9,25,-70
1739721624.7441306,-117,10,-115
1739721624.7901306,31,-102,-65
1739721624.8361306,1,27,21
1739721624.8821306,-41,3,-23
1739721624.9271307,-51,34,-62
1739721624.9731307,41,33,-82
1739721625.0191307,50,40,-32
1739721625.0641308,17,-7,-63
1739721625.1101308,16,17,-55
1739721625.1561308,74,31,-255
1739721625.2021308,-1,58,-5
1739721625.2471306,-54,14,-42
1739721625.2931306,26,5,-59
1739721625.3391306,43,-85,7
1739721625.3841307,-19,32,-187
1739721625.4301307,-37,-61,-12
1739721625.4761307,-39,55,-56
1739721625.5221307,-2,50,-97
1739721625.5671306,38,49,93
1739721625.6131306,19,3,5
1739721625.6591306,-11,8,-141
1739721625.7041306,-34,-11,-109
1739721625.750131,11,-45,-19
1739721625.796131,27,24,112
1739721625.842131,47,0,27
1739721625.8871307,24,70,-27
1739721625.9331307,8,7,-91
1739721625.9791307,52,33,-79
1739721626.0241306,2,-29,0
1739721626.0701306,-59,-38,-20
1739721626.1161306,-8,-76,-28
1739721626.1621306,-9,43,-95
1739721626.207131,17,-29,-35
1739721626.253131,63,-4,-125
1739721626.299131,-14,65,-175
1739721626.3441308,37,7,-137
1739721626.3901308,-44,-46,134
1739721626.4361308,-35,1,-18
1739721626.4821308,14,18,-43
1739721626.5271306,-30,-4,-45
1739721626.5731306,56,10,-7
1739721626.6191306,27,13,-67
1739721626.6641307,-3,-46,-87
1739721626.7101307,97,-61,-79
1739721626.7561307,19,-8,-137
1739721626.8021307,-24,26,76
1739721626.8471308,99,-26,-21
1739721626.8931308,-2,-7,-133
1739721626.9391308,19,-24,-45
1739721626.9841306,33,44,-79
1739721627.0301306,53,-17,-5
1739721627.0761306,50,11,-77
1739721627.1221306,-19,-60,-66
1739721627.1671307,1,-95,-82
1739721627.2131307,19,-7,-85
1739721627.2591307,-29,-9,-148
1739721627.3041308,-19,34,4
1739721627.3501308,46,-101,25
1739721627.3961308,-41,15,-3
1739721627.4421306,-23,-7,-91
1739721627.4871306,-12,-47,-99
1739721627.5331306,-6,-16,-40
1739721627.5791306,25,-8,-36
1739721627.6241307,-4,-11,3
1739721627.6701307,22,-19,-60
1739721627.7161307,-9,-30,-124
1739721627.7621307,1,-81,-164
1739721627.8071306,50,8,-80
1739721627.8531306,10,-15,-68
1739721627.8991306,-9,-111,-16
1739721627.944131,-24,10,-44
1739721627.990131,-14,1,-34
1739721628.036131,-21,5,25
1739721628.082131,25,4,7
1739721628.1271307,-63,4,78
1739721628.1731308,44,45,-38
1739721628.2191308,2,-62,11
1739721628.2641306,45,-44,-48
1739721628.3101306,8,-33,-50
1739721628.3561306,-35,6,-2
1739721628.4021306,15,-5,-50
1739721628.447131,-17,-35,-34
1739721628.4931307,9,83,-86
1739721628.5391307,-43,-1,-68
1739721628.5841308,30,18,65
1739721628.6301308,32,-13,36
1739721628.6761308,50,64,-136
1739721628.7221308,6,-6,-62
1739721628.7671306,8,0,9
1739721628.8131306,49,16,-164
1739721628.8591306,34,22,-55
1739721628.9041307,-19,63,24
1739721628.9501307,5,49,-86
1739721628.9961307,17,18,-108
1739721629.0421307,-26,3,37
1739721629.0871308,6,10,-40
1739721629.1331308,43,54,-130
1739721629.1791308,-77,-38,-130
1739721629.2241306,-37,-55,-94
1739721629.2701306,-107,17,-35
1739721629.3161306,-3,44,41
1739721629.3621306,2,33,-43
1739721629.4071307,22,64,-61
1739721629.4531307,20,-13,-72
1739721629.4991307,-77,-21,-49
1739721629.5441308,28,36,-160
1739721629.5901306,-73,29,15
1739721629.6361306,-51,-32,-71
1739721629.6821306,23,-4,8
1739721629.727131,1,76,-95
1739721629.773131,4,38,-27
1739721629.819131,-26,20,-180
1739721629.8641307,37,-60,-66
1739721629.9101307,-36,-74,-84
1739721629.9561307,17,6,69
1739721630.0021307,46,6,-58
1739721630.0471306,-68,6,-10
1739721630.0931306,-49,-16,129
1739721630.1391306,5,17,11
1739721630.184131,25,50,-11
1739721630.230131,-15,35,7
1739721630.276131,-47,-21,-34
1739721630.322131,69,25,6
1739721630.3671308,-48,26,13
1739721630.4131308,-83,-72,-69
1739721630.4591308,-62,-37,-115
1739721630.5041306,11,-26,43
1739721630.5501306,13,50,-114
1739721630.5961306,17,0,23
1739721630.6421306,60,-27,12
1739721630.6871307,-75,-49,102
1739721630.7331307,-17,-20,-165
1739721630.7791307,23,12,-23
1739721630.8241308,11,25,110
1739721630.8701308,6,65,-89
1739721630.9161308,-23,-30,-37
1739721630.9621308,20,37,2
1739721631.0071306,-52,-30,-34
1739721631.0531306,-62,29,-105
1739721631.0991306,51,10,-121
1739721631.1441307,2,29,46
1739721631.1901307,36,-39,-97
1739721631.2361307,39,70,-69
1739721631.2821307,-31,-45,-1
1739721631.3271308,-26,0,-115
1739721631.3731308,-54,-24,12
1739721631.4191308,-95,-2,-83
1739721631.4641306,18,-8,-4
1739721631.5101306,5,-83,-147
1739721631.5561306,-35,22,-131
1739721631.602131,-52,-68,-45
1739721631.6471307,-53,20,35
1739721631.6931307,13,30,-127
1739721631.7391307,71,14,30
1739721631.7841306,39,65,46
1739721631.8301306,36,40,-94
1739721631.8761306,20,25,-147
1739721631.9221306,-24,0,-157
1739721631.967131,-22,-17,-7
1739721632.013131,93,-13,-147
1739721632.059131,-84,-1,-47
1739721632.1041307,-39,23,-117
1739721632.1501307,-44,44,-28
1739721632.1961308,-151,-32,-42
1739721632.2421308,31,-11,-47
1739721632.2871306,-43,-6,-41
1739721632.3331306,43,-66,-55
1739721632.3791306,-33,-46,65
1739721632.424131,-106,-31,-105
1739721632.4701307,-39,0,-159
1739721632.5161307,26,-32,-21
1739721632.5621307,-58,12,-121
1739721632.6071308,-49,48,-36
1739721632.6531308,-6,-2,-63
1739721632.6991308,-98,-26,62
1739721632.7441306,0,4,-41
1739721632.7901306,20,26,28
1739721632.8361306,31,-1,-37
1739721632.8821306,47,-31,-65
1739721632.9271307,43,30,44
1739721632.9731307,11,-19,-95
1739721633.0191307,-15,20,-55
1739721633.0641308,-91,-48,78
1739721633.1101308,55,-1,-31
1739721633.1561308,70,-23,-60
1739721633.2021308,20,3,0
1739721633.2471306,-42,-30,-137
1739721633.2931306,38,68,-75
1739721633.3391306,-6,1,-61
1739721633.3841307,24,31,-39
1739721633.4301307,2,20,-136
1739721633.4821308,4,-49,-44
1739721633.5271306,11,-31,-36
1739721633.5731306,30,1,-69
1739721633.6191306,62,2,9
1739721633.6641307,-41,-11,-71
1739721633.7101307,36,-44,-42
1739721633.7561307,-25,43,-176
1739721633.8021307,-20,0,36
1739721633.8471308,17,-37,-65
1739721633.8931308,55,-38,0
1739721633.9391308,-45,-9,-202
1739721633.9841306,-46,32,-79
1739721634.0301306,-33,89,-193
1739721634.0761306,57,-32,-106
1739721634.1221306,-18,-9,-62
1739721634.1671307,-35,64,25
1739721634.2131307,36,35,-61
1739721634.2591307,-36,-2,33
1739721634.3041308,81,-17,-118
1739721634.3501308,15,-38,14
1739721634.3961308,53,41,-32
1739721634.4421306,-61,4,37
1739721634.4871306,56,21,25
1739721634.5331306,-37,-46,-194
1739721634.5791306,18,99,-19
1739721634.6241307,-58,0,-29
1739721634.6701307,46,14,13
1739721634.7161307,20,-47,-82
1739721634.7611306,-54,-29,7
1739721634.8071306,-38,-3,9
1739721634.8531306,5,-122,66
1739721634.8991306,7,-48,-24
1739721634.944131,-49,-108,-28
1739721634.990131,-57,-37,-160
1739721635.036131,-59,60,145
1739721635.0811307,-14,-25,-64
1739721635.1271307,68,-56,-46
1739721635.1731308,17,6,-92
1739721635.2191308,40,-12,-132
1739721635.2641306,3,-1,-60
1739721635.3101306,52,-41,-94
1739721635.3561306,-40,-26,-98
1739721635.401131,-26,-16,13
1739721635.447131,-4,18,-134
1739721635.4931307,-51,-14,-90
1739721635.5391307,-74,-37,-54
1739721635.5841308,-22,-33,-64
1739721635.6301308,14,-5,-106
1739721635.6761308,-48,-42,-55
1739721635.7211306,-11,8,-3
1739721635.7671306,6,27,-26
1739721635.8131306,-182,43,61
1739721635.8591306,16,13,-22
1739721635.9041307,-18,48,50
1739721635.9501307,21,27,34
1739721635.9961307,29,-13,-86
1739721636.0411308,-3,48,-160
1739721636.0871308,37,13,-38
1739721636.1331308,31,-8,-89
1739721636.1791308,51,-6,169
1739721636.2241306,-7,33,-31
1739721636.2701306,-6,30,-21
1739721636.3161306,-3,-10,-46
1739721636.3611307,-29,3,-94
1739721636.4071307,72,32,-17
1739721636.4531307,-87,-32,-102
1739721636.4991307,-17,-3,-53
1739721636.5441308,-66,2,45
1739721636.5901306,28,6,6
1739721636.6361306,-105,-4,-178
1739721636.6811306,33,62,-121
1739721636.727131,-44,-35,-32
1739721636.773131,-12,-5,7
1739721636.819131,-37,-12,-80
1739721636.8641307,-98,-4,129
1739721636.9101307,26,-19,-52
1739721636.9561307,30,52,13
1739721637.0011306,-26,-44,-120
1739721637.0471306,73,15,-61
1739721637.0931306,15,-9,30
1739721637.1391306,11,-43,-8
1739721637.184131,35,-48,60
1739721637.230131,18,-18,27
1739721637.276131,50,26,-3
1739721637.3211308,58,54,-98
1739721637.3671308,0,32,3
1739721637.4131308,60,20,147
1739721637.4591308,34,19,-44
1739721637.5041306,-3,-26,13
1739721637.5501306,-53,126,-102
1739721637.5961306,20,-21,-94
1739721637.6411307,-9,61,-15
1739721637.6871307,56,11,2
1739721637.7331307,-19,28,-98
1739721637.7791307,-12,-11,53
1739721637.8241308,21,-3,-166
1739721637.8701308,9,-21,-103
1739721637.9161308,81,16,24
1739721637.9611306,0,8,-104
1739721638.0071306,-17,15,-127
1739721638.0531306,-10,-5,17
1739721638.0991306,32,-17,118
1739721638.1441307,-34,-5,79
1739721638.1901307,37,-27,-86
1739721638.2361307,0,-12,47
1739721638.2811308,9,17,-112
1739721638.3271308,-97,18,-99
1739721638.3731308,-31,13,-38
1739721638.4191308,-27,5,-44
1739721638.4641306,18,46,-130
1739721638.5101306,21,-8,-120
1739721638.5551307,48,39,-48
1739721638.6001308,23,10,-52
1739721638.6461308,-29,-56,-111
1739721638.6921306,11,30,25
1739721638.7371306,-107,73,-176
1739721638.7831306,-4,0,14
1739721638.8291306,-4,17,-145
1739721638.875131,43,-63,-191
1739721638.9201307,11,6,-21
1739721638.9661307,-41,14,-195
1739721639.0121307,-41,-7,110
1739721639.0571306,-5,13,12
1739721639.1031306,17,22,-115
1739721639.1491306,14,-22,-7
1739721639.1951306,-28,56,-24
1739721639.240131,88,0,-45
1739721639.286131,22,35,-61
1739721639.332131,95,48,15
1739721639.3771307,0,86,-41
1739721639.4231308,60,-47,-53
1739721639.4691308,-33,47,-32
1739721639.5151308,-19,27,-20
1739721639.5601306,45,-5,-119
1739721639.6061306,-12,41,-6
1739721639.6521306,81,-64,-89
1739721639.697131,1,9,-123
1739721639.7431307,-22,-32,-52
1739721639.7891307,63,25,21
1739721639.8351307,-31,-8,-87
1739721639.8801308,53,37,3
1739721639.9261308,-39,14,-70
1739721639.9721308,42,-56,-81
1739721640.0171306,18,7,-11
1739721640.0631306,3,15,62
1739721640.1091306,26,-12,134
1739721640.1551306,32,-77,-35
1739721640.2001307,-31,-55,-38
1739721640.2461307,31,-49,-67
1739721640.2921307,5,-33,-91
1739721640.3371308,26,-11,-117
1739721640.3831308,-40,34,-81
1739721640.4291308,-41,9,-12
1739721640.4751308,0,8,-6
1739721640.5201306,33,70,13
1739721640.5661306,4,62,-26
1739721640.6121306,-54,82,104
1739721640.6571307,-24,-7,-119
1739721640.7031307,-102,17,-64
1739721640.7491307,9,-23,-89
1739721640.7951307,-27,40,2
1739721640.8401306,-10,33,52
1739721640.8861306,-54,48,-18
1739721640.9321306,-10,35,-47
1739721640.977131,0,63,-153
1739721641.023131,-16,-3,-64
1739721641.069131,-79,-7,32
1739721641.115131,56,34,-115
1739721641.1601307,13,-57,-45
1739721641.2061307,35,1,-75
1739721641.2521307,36,14,-55
1739721641.2971306,-26,-19,-82
1739721641.3431306,0,-18,-51
1739721641.3891306,-19,17,-54
1739721641.4351306,68,25,13
1739721641.480131,-30,26,6
1739721641.526131,-2,-10,-55
1739721641.572131,6,51,-1
1739721641.6171308,-37,-36,-38
1739721641.6631308,-36,-6,-171
1739721641.7091308,-1,-17,-23
1739721641.7551308,-70,-30,-96
1739721641.8001306,-30,20,-20
1739721641.8461306,7,18,-73
1739721641.8921306,-8,41,-53
1739721641.9371307,-2,43,-39
1739721641.9831307,3,9,-67
1739721642.0291307,25,67,-59
1739721642.0751307,42,54,45
1739721642.1201308,-25,39,-50
1739721642.1661308,55,37,-133
1739721642.2121308,-28,67,-143
1739721642.2571306,72,3,48
1739721642.3031306,116,-92,-70
1739721642.3491306,23,-30,8
1739721642.3951306,18,-62,-22
1739721642.4401307,64,-13,-76
1739721642.4861307,5,21,6
1739721642.5321307,52,0,-58
1739721642.5771308,-10,23,-70
1739721642.6231308,-79,4,43
1739721642.6691308,-34,57,-148
1739721642.7151306,36,20,-22
1739721642.7601306,-65,88,-113
1739721642.8061306,-21,-50,49
1739721642.852131,-67,-14,-43
1739721642.8971307,-17,51,-41
1739721642.9431307,7,-23,60
1739721642.9891307,4,58,-84
1739721643.0351307,-27,29,-39
1739721643.0801306,112,64,-106
1739721643.1261306,-2,-32,-1
1739721643.1721306,15,-17,-4
1739721643.217131,-44,-5,-153
1739721643.263131,15,-58,-40
1739721643.309131,94,-70,-156
1739721643.355131,-50,-150,-131
1739721643.4001307,19,-7,103
1739721643.4461308,53,65,32
1739721643.4971306,-61,-16,113
1739721643.5431306,-43,2,-15
1739721643.5891306,-51,9,1
1739721643.6351306,-48,-49,-57
1739721643.6801307,47,0,4
1739721643.7261307,-49,0,-97
1739721643.7721307,25,-61,-70
1739721643.8171306,-93,86,123
1739721643.8641307,-35,-26,-115
1739721643.9101307,-26,-20,47
1739721643.9561307,19,0,42
1739721644.0011306,-48,52,-77
1739721644.0471306,0,89,6
1739721644.0931306,-6,-7,-71
1739721644.1391306,0,-53,-21
1739721644.184131,27,25,-112
1739721644.230131,41,58,-30
1739721644.276131,48,-32,-112
1739721644.3211308,45,-17,-49
1739721644.3671308,-13,48,0
1739721644.4131308,72,55,-51
1739721644.4581306,-2,40,-103
1739721644.5041306,17,-1,-87
1739721644.5501306,-110,2,-46
1739721644.5961306,8,21,-1
1739721644.6411307,25,-30,-43
1739721644.6871307,29,-15,-67
1739721644.7331307,79,-24,-57
1739721644.7781308,23,-15,-17
1739721644.8241308,-42,-9,-12
1739721644.8701308,-39,43,-110
1739721644.9161308,20,-52,-127
1739721644.9611306,-57,-23,-32
1739721645.0071306,136,-67,79
1739721645.0531306,66,-8,-77
1739721645.0981307,83,-14,-57
1739721645.1441307,-29,-44,-52
1739721645.1901307,-18,-9,60
1739721645.2361307,2,51,66
1739721645.2811308,-13,2,-42
1739721645.3271308,56,-17,19
1739721645.3731308,53,26,-57
1739721645.4181306,-42,-27,-32
1739721645.4641306,33,41,-65
1739721645.5101306,45,45,-23
1739721645.5561306,0,-42,-10
1739721645.6011307,-36,32,-30
1739721645.6471307,-8,-25,-14
1739721645.6931307,10,8,-45
1739721645.7381306,-63,1,4
1739721645.7841306,-5,8,-77
1739721645.8301306,32,68,-47
1739721645.8761306,59,1,-111
1739721645.921131,32,-25,-65
1739721645.967131,-14,-15,-64
1739721646.013131,-59,-21,-84
1739721646.0581307,79,38,-69
1739721646.1041307,-149,5,-60
1739721646.1501307,-73,15,-4
1739721646.1961308,2,-25,-85
1739721646.2411306,-19,11,-16
1739721646.2871306,-2,-32,32
1739721646.3331306,-17,-13,-12
1739721646.378131,25,-3,35
1739721646.424131,-19,22,-51
1739721646.4701307,-120,76,-114
1739721646.5161307,-19,-40,-75
1739721646.5611308,-38,35,-2
1739721646.6071308,4,47,100
1739721646.6531308,-2,69,-89
1739721646.6981306,72,-42,-53
1739721646.7441306,-42,-23,-115
1739721646.7901306,-62,-31,-50
1739721646.8361306,20,-5,-245
1739721646.8811307,9,-12,-53
1739721646.9271307,-57,-5,-90
1739721646.9731307,-50,17,-24
1739721647.0181308,3,-55,26
1739721647.0641308,35,25,-99
1739721647.1101308,-27,-5,-111
1739721647.1561308,16,-60,32
1739721647.2011306,0,-24,36
1739721647.2471306,17,-71,-121
1739721647.2931306,-46,59,-47
1739721647.3381307,-39,-20,-187
1739721647.3841307,28,0,-81
1739721647.4301307,-33,71,50
1739721647.4761307,58,46,1
1739721647.5211308,-67,-8,62
1739721647.5671306,-36,45,56
1739721647.6131306,-55,29,-93
1739721647.6581306,92,27,49
1739721647.7041306,-65,99,-13
1739721647.750131,20,-23,-40
1739721647.796131,-39,13,-151
1739721647.8411307,40,36,-79
1739721647.8871307,-58,32,-117
1739721647.9331307,8,-78,-63
1739721647.9781306,-57,7,-81
1739721648.0241306,-13,96,-58
1739721648.0701306,-82,12,-39
1739721648.1161306,-22,-37,-59
1739721648.161131,-2,-6,35
1739721648.207131,80,-43,22
1739721648.253131,41,52,-30
1739721648.2981308,-33,25,-47
1739721648.3441308,-12,-19,-42
1739721648.3901308,30,14,89
1739721648.4361308,86,29,22
1739721648.4811306,-46,40,-25
1739721648.5271306,28,15,-56
1739721648.5731306,8,43,-29
1739721648.6181307,-28,64,-37
1739721648.6641307,-20,35,-117
1739721648.7101307,-57,11,-65
1739721648.7561307,-82,-45,-137
1739721648.8011308,13,11,-52
1739721648.8471308,11,-41,-64
1739721648.8931308,19,52,-12
1739721648.9381306,75,33,10
1739721648.9841306,9,54,-4
1739721649.0301306,57,-65,-38
1739721649.0761306,-7,-34,67
1739721649.1211307,1,95,-78
1739721649.1671307,-11,-24,-5
1739721649.2131307,10,-32,-86
1739721649.2581308,21,26,-34
1739721649.3041308,23,25,68
1739721649.3501308,11,6,-20
1739721649.3961308,-16,2,-121
1739721649.4411306,-25,-17,-19
1739721649.4871306,-69,-88,-89
1739721649.5331306,2,-76,-42
1739721649.5781307,25,-31,-40
1739721649.6241307,65,7,-54
1739721649.6701307,23,25,72
1739721649.7161307,-69,24,31
1739721649.7611306,-2,-4,-32
1739721649.8071306,-3,-8,-4
1739721649.8531306,-4,-99,-62
1739721649.898131,-34,42,-15
1739721649.944131,76,46,-174
1739721649.990131,17,66,-113
1739721650.036131,-43,-27,-37
1739721650.0811307,-28,40,45
1739721650.1271307,-40,34,-71
1739721650.1731308,21,9,2
1739721650.2181306,75,10,-34
1739721650.2641306,44,47,-152
1739721650.3101306,18,55,87
1739721650.3561306,39,-10,-20
1739721650.401131,14,12,-100
1739721650.447131,30,16,-134
1739721650.4931307,-38,18,-27
1739721650.5381308,44,-32,-90
1739721650.5841308,-16,2,-101
1739721650.6301308,28,21,-118
1739721650.6761308,-7,7,-60
1739721650.7211306,-22,7,-100
1739721650.7671306,-7,7,-45
1739721650.8131306,-17,-18,-142
1739721650.8581307,56,6,-6
1739721650.9041307,10,-3,14
1739721650.9501307,-21,16,-186
1739721650.9961307,-31,126,-105
1739721651.0411308,43,33,-40
1739721651.0871308,-7,7,91
1739721651.1331308,-9,-9,-128
1739721651.1781306,-27,42,-24
1739721651.2241306,-5,-35,-55
1739721651.2701306,-25,17,5
1739721651.3161306,40,3,-106
1739721651.3611307,40,-32,-5
1739721651.4071307,16,49,-112
1739721651.4531307,-22,9,-166
1739721651.4981308,18,18,-40
1739721651.5441308,34,38,-100
1739721651.5901306,15,-34,-69
1739721651.6361306,-21,16,161
1739721651.6811306,-28,31,-57
1739721651.727131,15,-41,-5
1739721651.773131,71,75,96
1739721651.8181307,-47,-43,-25
1739721651.8641307,36,56,-164
1739721651.9101307,7,-15,-27
1739721651.9561307,-29,27,66
1739721652.0011306,68,51,-138
1739721652.0471306,2,3,72
1739721652.0931306,16,55,-28
1739721652.138131,-29,-39,-115
1739721652.184131,-76,-96,-49
1739721652.230131,28,4,-82
1739721652.276131,83,-24,-20
1739721652.3211308,12,-50,9
1739721652.3671308,31,6,-124
1739721652.4131308,68,18,-42
1739721652.4581306,-1,54,-104
1739721652.5041306,-29,12,-61
1739721652.5501306,-60,20,-4
1739721652.5961306,-28,8,-18
1739721652.6411307,-21,17,42
1739721652.6871307,-10,-21,125
1739721652.7331307,-10,-47,-139
1739721652.7781308,-20,23,36
1739721652.8241308,17,-17,-85
1739721652.8701308,-54,30,-31
1739721652.9161308,8,-17,-29
1739721652.9611306,22,-19,-25
1739721653.0071306,-9,-31,-39
1739721653.0531306,79,2,14
1739721653.0981307,-25,13,-118
1739721653.1441307,54,-44,-66
1739721653.1901307,21,21,-102
1739721653.2361307,-67,-3,41
1739721653.2811308,36,-93,-173
1739721653.3271308,1,33,-66
1739721653.3731308,-39,-7,-83
1739721653.4181306,-49,-1,-37
1739721653.4701307,11,-82,-131
1739721653.5161307,27,-10,55
1739721653.5611308,-28,-13,-5
1739721653.6071308,-94,43,-15
1739721653.6531308,69,63,-64
1739721653.6981306,31,-3,-36
1739721653.7441306,16,25,-20
1739721653.7901306,26,-1,-10
1739721653.8361306,-8,45,-74
1739721653.8811307,44,7,-44
1739721653.9271307,30,3,-188
1739721653.9731307,-14,47,-200
1739721654.0171306,-3,35,-52
1739721654.0631306,-10,18,-5
1739721654.1091306,56,64,-78
1739721654.1541307,21,15,74
1739721654.2001307,29,2,-64
1739721654.2461307,31,83,70
1739721654.2921307,30,0,-104
1739721654.3371308,35,11,-60
1739721654.3831308,-36,0,-39
1739721654.4291308,-83,-11,-49
1739721654.4741306,20,53,-22
1739721654.5201306,12,7,-62
1739721654.5661306,110,0,-132
1739721654.6121306,8,13,-52
1739721654.6571307,-45,49,-31
1739721654.7031307,55,-2,10
1739721654.7491307,30,-52,-162
1739721654.7941308,-12,-27,-64
1739721654.8401306,1,-10,21
1739721654.8861306,-45,33,-67
1739721654.9311306,53,14,-38
1739721654.977131,-36,22,-9
1739721655.023131,-78,-21,-83
1739721655.069131,62,0,72
1739721655.1141307,2,-87,-50
1739721655.1601307,26,-18,-140
1739721655.2061307,-56,20,-53
1739721655.2511306,-12,-17,-56
1739721655.2971306,81,-2,-60
1739721655.3431306,17,-7,22
1739721655.3891306,-3,31,-82
1739721655.434131,28,62,-48
1739721655.480131,9,-12,-72
1739721655.526131,31,-10,-115
1739721655.5711308,18,12,-108
1739721655.6171308,-59,-22,-57
1739721655.6631308,-4,11,-46
1739721655.7091308,-27,-56,-160
1739721655.7541306,25,19,-124
1739721655.8001306,21,10,-16
1739721655.8461306,-13,61,-96
1739721655.8911307,-18,140,-69
1739721655.9371307,-57,22,13
1739721655.9831307,0,13,-32
1739721656.0291307,-7,-33,105
1739721656.0741308,-60,51,-87
1739721656.1201308,51,-42,-56
1739721656.1661308,-117,0,35
1739721656.2111306,19,43,19
1739721656.2571306,-78,-67,70
1739721656.3031306,0,-3,-3
1739721656.3491306,46,23,55
1739721656.3941307,0,12,-133
1739721656.4401307,60,-5,3
1739721656.4861307,18,-27,-37
1739721656.5311308,9,0,-29
1739721656.5771308,-16,63,-35
1739721656.6231308,-4,63,-145
1739721656.6691308,-64,13,11
1739721656.7141306,-81,116,-147
1739721656.7601306,-50,1,-161
1739721656.8061306,-51,-2,-29
1739721656.8511307,-51,-56,-71
1739721656.8971307,19,-39,-29
1739721656.9431307,3,63,-93
1739721656.9891307,4,-27,-19
1739721657.0341306,1,6,86
1739721657.0801306,-78,83,-31
1739721657.1261306,-28,-76,-95
1739721657.171131,49,69,-46
1739721657.217131,29,-75,-33
1739721657.263131,44,15,-4
1739721657.309131,-3,3,-143
1739721657.3541307,16,-13,-87
1739721657.4001307,7,1,-27
1739721657.4461308,-38,-65,-51
1739721657.4911306,-39,-46,-71
1739721657.5371306,116,14,-69
1739721657.5831306,6,59,-102
1739721657.6291306,49,-34,17
1739721657.674131,37,39,40
1739721657.7201307,-18,49,6
1739721657.7661307,19,-21,-83
1739721657.8111308,-8,30,-107
1739721657.8571308,10,-24,-111
1739721657.9031308,-72,46,0
1739721657.9491308,-29,49,-73
1739721657.9941306,-38,18,68
1739721658.0401306,17,91,-76
1739721658.0861306,-33,-24,34
1739721658.1311307,-29,0,-107
1739721658.1771307,-14,22,-89
1739721658.2231307,70,-35,21
1739721658.2691307,34,17,-61
1739721658.3141308,11,25,34
1739721658.3601308,48,-93,0
1739721658.4061308,-28,-9,-71
1739721658.4511306,4,47,-21
1739721658.4971306,50,26,12
1739721658.5431306,-7,55,38
1739721658.5891306,45,-16,-16
1739721658.6341307,-62,60,-43
1739721658.6801307,-74,-66,-57
1739721658.7261307,-30,82,-85
1739721658.7711308,26,-56,-60
1739721658.8171306,-11,-95,-69
1739721658.8631306,-27,21,-47
1739721658.9091306,8,6,90
1739721658.9541306,59,4,-132
1739721659.000131,-88,7,101
1739721659.046131,-31,33,3
1739721659.0911307,-11,-77,-109
1739721659.1371307,-42,-42,-3
1739721659.1831307,-1,56,-63
1739721659.2291307,30,-2,30
1739721659.2741306,-11,-5,-11
1739721659.3201306,37,-14,-120
1739721659.3661306,-7,-19,-53
1739721659.411131,11,-4,2
1739721659.457131,-19,-25,29
1739721659.503131,35,-20,-16
1739721659.549131,-33,63,5
1739721659.5941308,-5,14,35
1739721659.6401308,21,34,20
1739721659.6861308,18,-48,2
1739721659.7311306,29,74,-14
1739721659.7771306,34,-26,-44
1739721659.8231306,-36,13,-41
1739721659.8691306,-13,7,-99
1739721659.9141307,-42,2,-69
1739721659.9601307,-8,26,9
1739721660.0061307,-13,11,-47
1739721660.0511308,-85,30,-41
1739721660.0971308,-13,59,-93
1739721660.1431308,21,20,-81
1739721660.1891308,21,-12,18
1739721660.2341306,10,-18,-18
1739721660.2801306,-17,-16,68
1739721660.3261306,37,55,-20
1739721660.3711307,10,3,22
1739721660.4171307,-87,13,-229
1739721660.4631307,-7,-25,16
1739721660.5091307,-51,20,-93
1739721660.5541308,-22,-17,44
1739721660.6001308,86,-38,-90
1739721660.6461308,-91,-55,-13
1739721660.6911306,19,-9,146
1739721660.7371306,-20,-7,-45
1739721660.7831306,7,30,8
1739721660.8291306,20,55,-121
1739721660.8741307,-61,32,-103
1739721660.9201307,-5,0,9
1739721660.9661307,14,39,18
1739721661.0111306,24,81,-63
1739721661.0571306,75,-3,-11
1739721661.1031306,17,17,-59
1739721661.1491306,12,-24,-79
1739721661.194131,-28,42,-96
1739721661.240131,-6,14,71
1739721661.286131,5,-83,-9
1739721661.3311307,-30,29,-100
1739721661.3771307,-3,-50,-176
1739721661.4231308,20,-14,0
1739721661.4691308,-4,48,-42
1739721661.5141306,-1,2,-176
1739721661.5601306,-37,80,-38
1739721661.6061306,39,8,63
1739721661.651131,-56,29,-38
1739721661.697131,-11,45,-34
1739721661.7431307,11,-22,-53
1739721661.7891307,21,-68,1
1739721661.8341308,81,13,-69
1739721661.8801308,32,46,41
1739721661.9261308,-45,-38,-94
1739721661.9711306,2,-11,43
1739721662.0171306,26,91,-129
1739721662.0631306,-1,-3,-25
1739721662.1091306,-29,8,-29
1739721662.1541307,-23,13,71
1739721662.2001307,-31,-20,-2
1739721662.2461307,-12,17,6
1739721662.2911308,0,40,20
1739721662.3371308,-29,92,-185
1739721662.3831308,16,-91,-101
1739721662.4291308,42,55,-9
1739721662.4741306,114,-31,-41
1739721662.5201306,-6,-10,-11
1739721662.5661306,-5,-59,-89
1739721662.6111307,-4,44,-77
1739721662.6571307,-65,-33,-57
1739721662.7031307,-30,-29,22
1739721662.7491307,34,-1,1
1739721662.7941308,-20,49,-107
1739721662.8401306,-26,42,-109
1739721662.8861306,38,-32,-37
1739721662.9311306,-17,-19,-65
1739721662.977131,-56,117,-95
1739721663.023131,-29,30,-55
1739721663.069131,-72,-16,-74
1739721663.1141307,10,-3,48
1739721663.1601307,-4,46,-177
1739721663.2061307,44,13,-97
1739721663.2511306,60,-53,-21
1739721663.2971306,-12,13,-151
1739721663.3431306,33,19,-91
1739721663.3891306,-34,57,-59
1739721663.434131,58,-22,-91
1739721663.4861307,-9,31,-45
1739721663.5311308,-11,-45,44
1739721663.5771308,67,-28,-113
1739721663.6231308,84,17,31
1739721663.6691308,-3,13,-13
1739721663.7141306,58,0,-11
1739721663.7601306,-30,0,-129
1739721663.8061306,59,35,-47
1739721663.8511307,-17,-41,-8
1739721663.8971307,6,51,75
1739721663.9431307,-41,-30,-130
1739721663.9891307,-56,31,-67
1739721664.0341306,36,-25,-41
1739721664.0801306,6,18,-75
1739721664.1261306,5,32,-45
1739721664.171131,-18,-4,10
1739721664.217131,-1,25,-19
1739721664.263131,-41,-9,-106
1739721664.309131,-46,-39,-20
1739721664.3541307,98,-41,-67
1739721664.4001307,54,-63,58
1739721664.4461308,59,-21,-15
1739721664.4911306,17,16,-99
1739721664.5371306,-51,38,-42
1739721664.5831306,39,-34,62
1739721664.6291306,-29,47,36
1739721664.674131,66,43,-83
1739721664.7201307,3,7,3
1739721664.7661307,-13,-8,32
1739721664.8111308,14,-38,-87
1739721664.8571308,-33,-67,-98
1739721664.9031308,47,-2,15
1739721664.9481306,-56,-1,5
1739721664.9941306,-21,-12,-108
1739721665.0401306,-60,-14,-95
1739721665.0861306,94,22,-40
1739721665.1311307,-31,-34,71
1739721665.1771307,26,45,2
1739721665.2231307,120,0,0
1739721665.2681308,18,1,-128
1739721665.3141308,-55,39,-19
1739721665.3601308,70,55,-8
1739721665.4061308,85,-60,34
1739721665.4511306,13,3,-128
1739721665.4971306,47,-48,32
1739721665.5431306,-55,-10,-196
1739721665.5881307,25,24,0
1739721665.6341307,-18,-21,-19
1739721665.6801307,65,-9,-84
1739721665.7261307,-24,36,61
1739721665.7711308,8,22,-128
1739721665.8171306,5,-5,-112
1739721665.8631306,-16,0,39
1739721665.9081306,-28,49,12
1739721665.9541306,53,62,-52
1739721666.000131,60,10,85
1739721666.046131,-13,-12,3
1739721666.0911307,-19,-18,-50
1739721666.1371307,-21,-79,-57
1739721666.1831307,59,77,-10
1739721666.2281306,11,-6,-81
1739721666.2741306,8,-3,-108
1739721666.3201306,-31,-67,-110
1739721666.3661306,-10,66,38
1739721666.411131,-20,14,-100
1739721666.457131,37,-20,-32
1739721666.503131,-7,71,-22
1739721666.5481308,-12,-34,-64
1739721666.5941308,11,-1,-32
1739721666.6401308,-28,-3,3
1739721666.6861308,-39,-25,-11
1739721666.7311306,62,-7,-38
1739721666.7771306,20,6,-188
1739721666.8231306,44,-61,-16
1739721666.8681307,-18,-27,-70
1739721666.9141307,-4,33,-210
1739721666.9601307,88,-80,-120
1739721667.0061307,-52,30,-15
1739721667.0511308,63,6,-63
1739721667.0971308,57,36,-59
1739721667.1431308,-11,4,-25
1739721667.1881306,9,-12,-97
1739721667.2341306,-19,-6,-119
1739721667.2801306,17,-24,-7
1739721667.3261306,-46,23,-62
1739721667.3711307,-7,-21,68
1739721667.4171307,15,-36,-5
1739721667.4631307,20,73,-59
1739721667.5081308,-68,-1,-104
1739721667.5541308,52,1,-59
1739721667.6001308,-11,38,33
1739721667.6461308,94,-40,51
1739721667.6911306,-38,-29,-22
1739721667.7371306,80,2,-107
1739721667.7831306,-59,12,-18
1739721667.8281307,19,-55,22
1739721667.8741307,25,24,-11
1739721667.9201307,-47,44,-24
1739721667.9661307,1,45,-33
1739721668.0111306,-3,42,-63
1739721668.0571306,-5,-47,-14
1739721668.1031306,-37,-51,8
1739721668.148131,1,26,-91
1739721668.194131,-71,60,28
1739721668.240131,69,-35,93
1739721668.286131,-38,-17,-10
1739721668.3311307,56,-6,-39
1739721668.3771307,-8,-94,-26
1739721668.4231308,87,-24,-7
1739721668.4681306,27,-16,0
1739721668.5141306,68,-54,-63
1739721668.5601306,-8,16,48
1739721668.6061306,30,50,-3
1739721668.651131,57,-2,5
1739721668.697131,6,29,19
1739721668.7431307,48,31,-53
1739721668.7881308,43,41,-223
1739721668.8341308,-2,0,18
1739721668.8801308,-21,78,-63
1739721668.9261308,0,53,-77
1739721668.9711306,-15,16,-13
1739721669.0171306,-46,19,36
1739721669.0631306,34,91,-23
1739721669.1081307,-19,-11,-14
1739721669.1541307,109,62,49
1739721669.2001307,22,34,-25
1739721669.2461307,-56,13,-143
1739721669.2911308,23,-31,-7
1739721669.3371308,32,-88,84
1739721669.3831308,56,-10,-1
1739721669.4281306,28,10,1
1739721669.4741306,45,-6,-61
1739721669.5201306,-46,-3,-137
1739721669.5661306,7,16,3
1739721669.6111307,-19,75,-107
1739721669.6571307,-82,88,-73
1739721669.7031307,-49,4,48
1739721669.7481308,-108,28,-44
1739721669.7941308,22,-15,-61
1739721669.8401306,-36,-23,-76
1739721669.8861306,2,-1,28
1739721669.9311306,-9,7,-55
1739721669.977131,-12,19,-111
1739721670.023131,51,25,-59
1739721670.0681307,-1,-41,26
1739721670.1141307,39,-10,61
1739721670.1601307,-10,52,49
1739721670.2061307,8,13,-115
1739721670.2511306,-33,-22,-32
1739721670.2971306,7,50,-47
1739721670.3431306,-20,-27,-128
1739721670.388131,31,58,-61
1739721670.434131,-13,60,-87
1739721670.480131,15,-19,-63
1739721670.526131,98,10,-135
1739721670.5711308,0,-94,-246
1739721670.6171308,57,-32,70
1739721670.6631308,54,47,57
1739721670.7081306,33,23,-151
1739721670.7541306,67,-27,16
1739721670.8001306,-46,-63,-177
1739721670.8461306,-17,28,17
1739721670.8911307,30,15,-57
1739721670.9371307,19,86,-75
1739721670.9831307,3,56,-57
1739721671.0281308,-21,-64,20
1739721671.0741308,7,-2,-16
1739721671.1201308,-2,-13,-26
1739721671.1661308,-40,80,-32
1739721671.2111306,87,-48,28
1739721671.2571306,-70,16,120
1739721671.3031306,68,-41,-61
1739721671.3481307,-89,-34,-74
1739721671.3941307,-17,-67,-134
1739721671.4401307,38,-14,-21
1739721671.4861307,35,-33,-76
1739721671.5311308,29,-26,-90
1739721671.5771308,22,-34,-74
1739721671.6231308,14,12,30
1739721671.6681306,11,0,-52
1739721671.7141306,75,12,-194
1739721671.7601306,-102,-12,-201
1739721671.8061306,95,37,82
1739721671.8511307,-16,42,-86
1739721671.8971307,-31,-22,-18
1739721671.9431307,-9,61,14
1739721671.9881306,2,-26,-43
1739721672.0341306,-127,12,-142
1739721672.0801306,63,12,-50
1739721672.1261306,-17,-28,95
1739721672.171131,18,-69,62
1739721672.217131,-34,-24,-3
1739721672.263131,40,-14,-98
1739721672.3081307,32,-7,-54
1739721672.3541307,-15,63,-65
1739721672.4001307,-5,21,29
1739721672.4461308,-2,-10,-80
1739721672.4911306,-31,47,37
1739721672.5371306,95,58,-32
1739721672.5831306,63,-8,4
1739721672.628131,39,47,4
1739721672.674131,28,-81,-94
1739721672.7201307,-56,-3,-71
1739721672.7661307,-56,27,-77
1739721672.8111308,-75,83,0
1739721672.8571308,43,28,-26
1739721672.9031308,-36,94,-69
1739721672.9481306,6,-26,-116
1739721672.9941306,-59,-21,-123
1739721673.0401306,76,-19,26
1739721673.0861306,-95,19,-83
1739721673.1311307,-52,-5,-45
1739721673.1771307,35,-14,-32
1739721673.2231307,-49,45,-9
1739721673.2681308,-9,3,-170
1739721673.3141308,1,-76,-112
1739721673.3601308,-60,6,1
1739721673.4061308,-27,-110,42
1739721673.4511306,58,31,-2
1739721673.503131,8,-46,-80
1739721673.5481308,13,-33,20
1739721673.5941308,12,-57,-112
1739721673.6401308,52,-31,-78
1739721673.6861308,121,-18,5
1739721673.7311306,-9,-49,-132
1739721673.7771306,-28,-57,68
1739721673.8231306,7,68,105
1739721673.8681307,-75,4,-74
1739721673.9141307,-80,-2,-70
1739721673.9601307,1,5,-160
1739721674.0061307,-27,-18,36
1739721674.0511308,30,-14,14
1739721674.0971308,19,-17,-13
1739721674.1431308,15,-22,-44
1739721674.1881306,-34,13,78
1739721674.2341306,-4,13,-40
1739721674.2801306,-38,79,-102
1739721674.3261306,-4,31,-69
1739721674.3711307,-56,-57,-132
1739721674.4171307,49,-43,-70
1739721674.4631307,-15,48,-5
1739721674.5081308,49,13,-77
1739721674.5541308,-23,9,-82
1739721674.6001308,-57,-25,-18
1739721674.6461308,-67,22,-20
1739721674.6911306,-29,-42,-62
1739721674.7371306,39,-15,-40
1739721674.7831306,51,-16,-28
1739721674.8281307,0,21,-74
1739721674.8741307,23,-23,-24
1739721674.9201307,41,27,65
1739721674.9651306,47,-9,-6
1739721675.0111306,50,-39,-109
1739721675.0571306,-60,-43,15
1739721675.1031306,-75,14,-2
1739721675.148131,50,-59,107
1739721675.194131,25,-22,-139
1739721675.240131,-41,32,-92
1739721675.2851307,17,52,-180
1739721675.3311307,14,50,105
1739721675.3771307,-1,-27,-88
1739721675.4231308,-35,42,-17
1739721675.4681306,-8,-22,17
1739721675.5141306,27,-36,-92
1739721675.5601306,36,33,-76
1739721675.605131,-1,-34,-56
1739721675.651131,47,-13,10
1739721675.697131,-21,114,11
1739721675.7431307,39,0,-14
1739721675.7881308,45,-1,-8
1739721675.8341308,-19,75,10
1739721675.8801308,6,-9,22
1739721675.9251306,33,6,-99
1739721675.9711306,-21,-1,-79
1739721676.0171306,136,-72,-119
1739721676.0631306,-1,25,-41
1739721676.1081307,31,-112,-41
1739721676.1541307,-1,13,-111
1739721676.2001307,-94,-60,-128
1739721676.2451308,20,0,-79
1739721676.2911308,-3,-42,-27
1739721676.3371308,53,20,-33
1739721676.3831308,36,-76,-73
1739721676.4281306,10,-15,-181
1739721676.4741306,-11,25,10
1739721676.5201306,62,0,19
1739721676.5651307,30,29,-63
1739721676.6111307,-63,-62,-30
1739721676.6571307,56,-16,-7
1739721676.7031307,44,9,-55
1739721676.7481308,-27,-29,-16
1739721676.7941308,-93,12,-54
1739721676.8401306,-17,96,9
1739721676.8851306,-30,-24,28
1739721676.9311306,24,-46,-13
1739721676.977131,1,-22,-83
1739721677.023131,-21,12,16
1739721677.0681307,-3,-23,-37
1739721677.1141307,6,-3,-42
1739721677.1601307,28,-13,-99
1739721677.2051306,-30,-25,-137
1739721677.2511306,-20,37,-126
1739721677.2971306,-26,-65,45
1739721677.3431306,43,-17,-14
1739721677.388131,4,-8,-83
1739721677.434131,-26,43,-78
1739721677.480131,86,-10,-116
1739721677.5251307,-99,24,-46
1739721677.5711308,-19,68,-47
1739721677.6171308,-38,-40,0
1739721677.6631308,74,15,-131
1739721677.7081306,-59,58,-64
1739721677.7541306,2,13,-7
1739721677.8001306,60,-13,-71
1739721677.8451307,-17,-24,-8
1739721677.8911307,29,-83,-77
1739721677.9371307,37,-36,-85
1739721677.9831307,-62,-21,-108
1739721678.0281308,43,19,-81
1739721678.0741308,-22,86,-61
1739721678.1201308,-9,64,-36
1739721678.1651306,-15,-7,55
1739721678.2111306,-9,23,-52
1739721678.2571306,31,57,-125
1739721678.3031306,6,18,-77
1739721678.3481307,64,-31,-43
1739721678.3941307,89,-38,-79
1739721678.4401307,69,45,-7
1739721678.4851308,10,27,-5
1739721678.5311308,-10,17,-48
1739721678.5771308,-130,-1,-150
1739721678.6231308,16,30,-101
1739721678.6681306,-29,-23,-37
1739721678.7141306,-97,-4,25
1739721678.7601306,-43,-7,-67
1739721678.8051307,61,-8,-62
1739721678.8511307,-3,-17,-89
1739721678.8971307,-24,48,16
1739721678.9431307,18,51,-42
1739721678.9881306,-64,-29,-44
1739721679.0341306,14,-22,74
1739721679.0801306,20,-28,-54
1739721679.125131,-41,8,63
1739721679.171131,17,46,-20
1739721679.217131,-105,33,-115
1739721679.263131,79,-2,8
1739721679.3081307,-53,15,147
1739721679.3541307,-67,-124,-115
1739721679.4001307,123,31,-34
1739721679.4451306,-77,101,9
1739721679.4911306,-21,23,-81
1739721679.5371306,-83,46,13
1739721679.5831306,-55,-17,-77
1739721679.628131,-37,36,-171
1739721679.674131,4,-12,-94
1739721679.7201307,36,-32,-106
1739721679.7651308,65,34,-120
1739721679.8111308,15,14,46
1739721679.8571308,5,-74,-42
1739721679.9031308,0,52,-25
1739721679.9481306,-18,47,-45
1739721679.9941306,53,-42,0
1739721680.0401306,-16,-5,-72
1739721680.0851307,-14,-27,-128
1739721680.1311307,-17,34,9
1739721680.1771307,17,10,57
1739721680.2231307,-17,4,-18
1739721680.2681308,16,23,-170
1739721680.3141308,-37,-25,-104
1739721680.3601308,-36,-30,-90
1739721680.4051306,33,-56,-142
1739721680.4511306,-16,-76,-80
1739721680.4971306,-25,-28,-64
1739721680.5431306,-55,22,-29
1739721680.5881307,20,24,-52
1739721680.6341307,-8,0,-112
1739721680.6801307,-57,11,-35
1739721680.7251308,-63,18,-31
1739721680.7711308,-6,-32,51
1739721680.8171306,50,13,-60
1739721680.8631306,83,67,-12
1739721680.9081306,9,90,30
1739721680.9541306,-28,44,-114
1739721681.000131,19,-29,-138
1739721681.0451307,32,15,66
1739721681.0911307,-54,128,-3
1739721681.1371307,30,56,-72
1739721681.1831307,32,3,-90
1739721681.2281306,-89,-10,23
1739721681.2741306,13,22,10
1739721681.3201306,6,-26,-84
1739721681.365131,68,4,-144
1739721681.411131,24,-41,-1
1739721681.457131,-6,6,-68
1739721681.503131,-122,43,51
1739721681.5481308,42,19,10
1739721681.5941308,-20,20,67
1739721681.6401308,-1,25,-64
1739721681.6851306,18,41,26
1739721681.7311306,54,11,22
1739721681.7771306,-26,68,-12
1739721681.8231306,24,-98,5
1739721681.8681307,-5,-15,-73
1739721681.9141307,-53,0,-111
1739721681.9601307,-15,3,-148
1739721682.0051308,25,-8,-9
1739721682.0511308,-105,25,-90
1739721682.0971308,39,18,-42
1739721682.1431308,25,-43,-53
1739721682.1881306,28,22,-50
1739721682.2341306,42,25,-54
1739721682.2801306,-35,77,-117
1739721682.3251307,7,6,28
1739721682.3711307,-12,36,-123
1739721682.4171307,78,9,-131
1739721682.4631307,78,75,36
1739721682.5081308,17,0,-77
1739721682.5541308,-2,-19,-109
1739721682.6001308,23,47,14
1739721682.6451306,79,-55,-167
1739721682.6911306,-17,-38,-99
1739721682.7371306,-57,-32,39
1739721682.7831306,-39,22,-7
1739721682.8281307,12,-42,-217
1739721682.8741307,-70,59,31
1739721682.9201307,0,4,34
1739721682.9651306,-8,41,104
1739721683.0111306,-100,22,-61
1739721683.0571306,13,37,40
1739721683.1031306,16,-58,-1
1739721683.148131,-61,39,52
1739721683.194131,12,-35,-55
1739721683.240131,40,-81,73
1739721683.2851307,-64,81,-24
1739721683.3311307,4,-40,24
1739721683.3771307,15,-13,-23
1739721683.4231308,51,6,32
1739721683.4681306,22,23,-45
1739721683.5201306,-30,4,14
1739721683.5651307,-18,60,-59
1739721683.6111307,-8,28,-57
1739721683.6571307,0,0,-133
1739721683.7031307,-18,3,20
1739721683.7481308,48,-29,-177
1739721683.7941308,23,-28,-5
1739721683.8401306,1,-61,-35
1739721683.8871307,-15,-18,24
1739721683.9321306,103,-45,79
1739721683.9781306,-46,-5,42
1739721684.0241306,-38,48,-88
1739721684.069131,-3,9,-135
1739721684.115131,-27,-32,-263
1739721684.161131,1,64,-28
1739721684.207131,-28,-77,13
1739721684.2521307,-11,-48,-13
1739721684.2981308,3,-25,-55
1739721684.3441308,-25,-32,-43
1739721684.3891306,148,-31,-41
1739721684.4351306,31,7,66
1739721684.4811306,-21,4,-123
1739721684.5271306,-29,-22,-76
1739721684.572131,58,16,-97
1739721684.6181307,9,5,68
1739721684.6641307,-4,-39,-93
1739721684.7091308,42,1,61
1739721684.7551308,-52,70,10
1739721684.8011308,22,23,-91
1739721684.8461306,-54,25,-43
1739721684.8921306,64,-13,-97
1739721684.9381306,-61,-22,-45
1739721684.9841306,35,-23,17
1739721685.0291307,7,25,-168
1739721685.0751307,-5,12,15
1739721685.1211307,-5,72,-19
1739721685.1661308,-77,3,-81
1739721685.2121308,8,-5,-88
1739721685.2581308,35,52,-100
1739721685.3041308,11,42,-196
1739721685.3491306,30,52,-56
1739721685.3951306,-18,47,7
1739721685.4411306,29,-20,-104
1739721685.4861307,-104,24,-115
1739721685.5321307,-95,47,-117
1739721685.5781307,-9,16,-76
1739721685.6241307,33,25,-2
1739721685.6691308,20,5,54
1739721685.7151306,12,20,-158
1739721685.7611306,-49,-1,-58
1739721685.8061306,71,11,-134
1739721685.852131,-37,13,47
1739721685.898131,5,-10,-60
1739721685.944131,-13,14,-94
1739721685.9891307,-33,25,-90
1739721686.0351307,18,-106,-20
1739721686.0811307,-47,18,-88
1739721686.1261306,-18,14,25
1739721686.1721306,27,3,-88
1739721686.2181306,-24,-25,-142
1739721686.2641306,-22,-32,65
1739721686.309131,-3,-11,-32
1739721686.355131,0,-72,-63
1739721686.401131,0,24,-84
1739721686.4461308,-29,-44,-96
1739721686.4921308,-14,93,36
1739721686.5381308,-8,10,62
1739721686.5841308,3,-24,-3
1739721686.6291306,42,21,-17
1739721686.6751306,-52,-21,-80
1739721686.7211306,40,-13,-51
1739721686.7661307,-29,-63,-85
1739721686.8121307,-49,36,-36
1739721686.8581307,20,17,-36
1739721686.9041307,9,-35,-57
1739721686.9491308,-72,-47,-41
1739721686.9951308,26,-7,-24
1739721687.0411308,1,28,50
1739721687.0861306,16,14,-4
1739721687.1321306,45,63,-36
1739721687.1781306,17,2,-134
1739721687.2241306,-49,26,17
1739721687.2691307,-49,26,-55
1739721687.3151307,-18,87,-41
1739721687.3611307,-64,79,0
1739721687.4061308,-3,-22,21
1739721687.4521308,28,36,-190
1739721687.4981308,-50,71,-130
1739721687.5441308,12,-90,-102
1739721687.5891306,61,-65,-8
1739721687.6351306,10,47,-46
1739721687.6811306,-122,36,-36
1739721687.7261307,-59,-10,-16
1739721687.7721307,-41,55,5
1739721687.8181307,-98,-30,31
1739721687.8641307,-24,-10,-102
1739721687.9091306,-20,-3,-28
1739721687.9551306,-64,17,90
1739721688.0011306,-7,29,-48
1739721688.046131,-19,41,-72
1739721688.092131,39,43,-48
1739721688.138131,-23,6,-70
1739721688.184131,-48,19,-130
1739721688.2291307,3,-58,33
1739721688.2751307,-17,-12,-36
1739721688.3211308,18,-108,-138
1739721688.3661306,-30,-43,3
1739721688.4121306,-63,6,9
1739721688.4581306,97,49,-24
1739721688.5041306,-54,2,-50
1739721688.549131,38,28,31
1739721688.5951307,-23,40,-3
1739721688.6411307,-97,-29,-31
1739721688.6861308,-5,-27,-94
1739721688.7321308,-64,-6,-2
1739721688.7781308,-49,-37,-28
1739721688.8241308,-85,12,-50
1739721688.8691306,0,-22,18
1739721688.9151306,84,-84,-8
1739721688.9611306,82,3,-34
1739721689.0061307,-149,56,-147
1739721689.0521307,42,-15,17
1739721689.0981307,-71,77,-137
1739721689.1441307,-34,44,-40
1739721689.1891308,1,-5,-45
1739721689.2351308,41,-24,-43
1739721689.2811308,-31,-63,-93
1739721689.3261306,-17,-7,-111
1739721689.3721306,33,-57,48
1739721689.4181306,-26,-19,-37
1739721689.4641306,-41,21,60
1739721689.5091307,16,49,-37
1739721689.5551307,-28,31,20
1739721689.6011307,-38,39,-97
1739721689.6461308,0,59,-129
1739721689.6921306,40,-8,5
1739721689.7381306,81,23,-163
1739721689.7841306,0,27,-61
1739721689.8291306,20,-29,94
1739721689.875131,35,35,-15
1739721689.921131,-35,-31,30
1739721689.9661307,6,-21,46
1739721690.0121307,-52,-39,-91
1739721690.0581307,11,0,31
1739721690.1041307,66,-1,-11
1739721690.1491306,11,-69,-105
1739721690.1951306,93,43,9
1739721690.2411306,39,-10,-39
1739721690.286131,-11,3,-31
1739721690.332131,-15,-12,-30
1739721690.378131,-34,-13,-112
1739721690.424131,-39,-50,18
1739721690.4691308,-16,-9,0
1739721690.5151308,53,14,-35
1739721690.5611308,-7,-13,-123
1739721690.6061306,58,63,-159
1739721690.6521306,38,-59,-43
1739721690.6981306,35,11,17
1739721690.7441306,16,86,-39
1739721690.7891307,-99,-50,-10
1739721690.8351307,0,60,20
1739721690.8811307,20,-6,-51
1739721690.9261308,-100,52,-70
1739721690.9721308,77,-51,-73
1739721691.0181308,-41,16,-62
1739721691.0641308,65,18,-81
1739721691.1091306,-68,63,-140
1739721691.1551306,4,-8,6
1739721691.2011306,28,-6,-2
1739721691.2461307,13,59,8
1739721691.2921307,80,-10,-80
1739721691.3381307,27,9,34
1739721691.3841307,25,24,73
1739721691.4291308,-11,21,55
1739721691.4751308,-8,35,-71
1739721691.5211308,36,-54,24
1739721691.5661306,67,29,-28
1739721691.6121306,-27,59,-51
1739721691.6581306,18,36,86
1739721691.7041306,6,-1,83
1739721691.7491307,60,-16,20
1739721691.7951307,41,-5,-42
1739721691.8411307,5,-4,-84
1739721691.8861306,-57,34,-131
1739721691.9321306,49,-2,-92
1739721691.9781306,23,-32,-44
1739721692.0241306,-21,0,-196
1739721692.069131,8,-44,-24
1739721692.115131,33,17,50
1739721692.161131,-36,19,-63
1739721692.2061307,-65,73,-109
1739721692.2521307,-23,5,-107
1739721692.2981308,75,-23,-122
1739721692.3441308,1,-7,115
1739721692.3891306,-8,37,63
1739721692.4351306,58,6,-28
1739721692.4811306,-100,57,-19
1739721692.526131,13,5,-56
1739721692.572131,-24,21,-13
1739721692.6181307,76,-39,-4
1739721692.6641307,23,44,-98
1739721692.7091308,103,34,-12
1739721692.7551308,26,-74,-8
1739721692.8011308,87,-37,112
1739721692.8461306,76,44,-30
1739721692.8921306,32,-42,28
1739721692.9381306,6,70,15
1739721692.9841306,59,8,-66
1739721693.0291307,-8,11,-78
1739721693.0751307,-2,-21,-108
1739721693.1211307,37,24,-170
1739721693.1661308,-25,-12,-19
1739721693.2121308,55,-9,-90
1739721693.2581308,119,-41,-12
1739721693.3041308,48,-11,53
1739721693.3491306,-8,92,9
1739721693.3951306,16,6,-68
1739721693.4411306,-77,-6,-96
1739721693.4861307,-9,79,-66
1739721693.5381308,101,-5,-62
1739721693.5841308,-26,-8,-108
1739721693.6291306,-42,-57,-90
1739721693.6751306,57,-20,-8
1739721693.7211306,-50,-16,45
1739721693.7661307,-78,28,-27
1739721693.8121307,14,-14,47
1739721693.8581307,66,-55,26
1739721693.9041307,24,10,-10
1739721693.9491308,13,11,-100
1739721693.9951308,4,4,-88
1739721694.0411308,-44,-23,125
1739721694.0861306,15,94,14
1739721694.1321306,-13,-2,-72
1739721694.1781306,80,0,-146
1739721694.2241306,-51,-12,-51
1739721694.2691307,27,49,-84
1739721694.3151307,-8,41,2
1739721694.3611307,73,17,24
1739721694.4061308,69,-10,-90
1739721694.4521308,-25,-78,-55
1739721694.4981308,-40,-22,-45
1739721694.5441308,19,-26,-10
1739721694.5891306,-14,64,73
1739721694.6351306,0,-73,-190
1739721694.6811306,26,-51,-6
1739721694.7261307,44,30,8
1739721694.7721307,-11,68,-40
1739721694.8181307,-112,-79,-111
1739721694.8631306,1,37,-122
1739721694.9091306,41,-35,-48
1739721694.9551306,24,-29,-22
1739721695.0011306,-40,-35,-61
1739721695.046131,-24,3,-170
1739721695.092131,3,-15,-32
1739721695.138131,21,-19,-88
1739721695.1831307,54,48,-136
1739721695.2291307,10,17,-42
1739721695.2751307,-16,69,57
1739721695.3211308,-7,-40,-68
1739721695.3661306,-21,29,-43
1739721695.4121306,-75,-3,-94
1739721695.4581306,43,41,-105
1739721695.503131,14,-5,-115
1739721695.549131,-48,-51,-96
1739721695.5941308,-90,-2,-12
1739721695.6391306,41,69,-65
1739721695.6851306,19,54,35
1739721695.7311306,11,36,-121
1739721695.7771306,50,-5,-37
1739721695.822131,64,-30,-85
1739721695.8681307,62,44,-11
1739721695.9141307,-53,17,-73
1739721695.9591308,73,60,-17
1739721696.0051308,-14,-69,-37
1739721696.0511308,11,-24,-57
1739721696.0971308,-53,23,-41
1739721696.1421306,-21,-42,-26
1739721696.1881306,32,-25,-21
1739721696.2341306,34,104,28
1739721696.2791307,-5,-3,-73
1739721696.3251307,-60,-36,-91
1739721696.3711307,-17,-18,12
1739721696.4171307,50,17,-133
1739721696.4621308,21,-7,29
1739721696.5081308,-25,-21,-147
1739721696.5541308,-37,88,-56
1739721696.5991306,81,-39,29
1739721696.6451306,100,12,-153
1739721696.6911306,-14,-2,20
1739721696.7371306,23,29,-105
1739721696.7821307,-68,0,-90
1739721696.8281307,28,-58,-109
1739721696.8741307,42,-31,-13
1739721696.9191308,55,20,31
1739721696.9651306,16,51,-15
1739721697.0111306,-56,67,-1
1739721697.0571306,20,11,-73
1739721697.102131,-36,-5,40
1739721697.148131,9,47,-8
1739721697.194131,17,31,-159
1739721697.2391307,10,-13,-105
1739721697.2851307,35,21,-33
1739721697.3311307,50,43,-73
1739721697.3771307,39,11,9
1739721697.4221306,62,21,17
1739721697.4681306,6,-40,-61
1739721697.5141306,54,-2,-33
1739721697.559131,-14,28,-77
1739721697.605131,-29,12,32
1739721697.651131,-54,49,-13
1739721697.697131,-1,49,14
1739721697.7421308,8,0,-37
1739721697.7881308,31,-43,-39
1739721697.8341308,-46,42,-33
1739721697.8791306,21,-82,-65
1739721697.9251306,-33,-49,36
1739721697.9711306,4,-27,40
1739721698.0171306,-43,7,-3
1739721698.0621307,-32,-22,-89
1739721698.1081307,48,32,-67
1739721698.1541307,-13,-12,22
1739721698.1991308,-13,-43,-65
1739721698.2451308,49,7,-19
1739721698.2911308,33,-78,-7
1739721698.3371308,25,-37,-73
1739721698.3821306,-26,27,-157
1739721698.4281306,30,38,-61
1739721698.4741306,-45,32,-55
1739721698.5191307,79,50,-3
1739721698.5651307,18,-42,-73
1739721698.6111307,49,-9,66
1739721698.6571307,22,-1,-107
1739721698.7021308,-11,4,-9
1739721698.7481308,-50,19,-61
1739721698.7941308,-37,78,0
1739721698.8391306,-46,25,-96
1739721698.8851306,-42,-46,31
1739721698.9311306,20,55,-74
1739721698.977131,-15,5,-64
1739721699.0221307,13,10,-124
1739721699.0681307,28,23,-48
1739721699.1141307,73,42,-50
1739721699.1591306,0,-27,73
1739721699.2051306,-23,116,-128
1739721699.2511306,-47,-48,-75
1739721699.2971306,-36,35,-156
1739721699.342131,-69,1,7
1739721699.388131,-29,41,48
1739721699.434131,-24,19,21
1739721699.4791307,59,26,-30
1739721699.5251307,83,34,-164
1739721699.5711308,134,22,-132
1739721699.6171308,37,47,-104
1739721699.6621306,10,-37,27
1739721699.7081306,41,12,-36
1739721699.7541306,23,31,32
1739721699.799131,20,37,-34
1739721699.8451307,9,-34,33
1739721699.8911307,24,23,66
1739721699.9371307,-48,-17,-133
1739721699.9821308,34,-8,-108
1739721700.0281308,27,26,-88
1739721700.0741308,-77,-8,-47
1739721700.1191306,40,-32,44
1739721700.1651306,65,-3,-174
1739721700.2111306,-61,35,-127
1739721700.2571306,35,29,-140
1739721700.3021307,-2,-44,-147
1739721700.3481307,-9,15,-132
1739721700.3941307,1,11,-74
1739721700.4391308,69,-9,-50
1739721700.4851308,36,-47,-46
1739721700.5311308,-46,-4,65
1739721700.5771308,19,53,-138
1739721700.6221306,-15,-13,-33
1739721700.6681306,13,-60,-53
1739721700.7141306,4,65,-94
1739721700.7591307,31,30,-100
1739721700.8051307,-37,-39,-27
1739721700.8511307,-16,17,-107
1739721700.8971307,52,54,-38
1739721700.9421306,-50,37,7
1739721700.9881306,11,-69,-113
1739721701.0341306,6,34,8
1739721701.0791306,-52,1,9
1739721701.125131,24,42,-26
1739721701.171131,-10,-16,-24
1739721701.217131,-26,31,56
1739721701.2621307,61,7,11
1739721701.3081307,34,71,0
1739721701.3541307,-37,41,66
1739721701.3991306,31,-54,-97
1739721701.4451306,-27,11,-28
1739721701.4911306,-12,-40,36
1739721701.5371306,-3,36,-41
1739721701.582131,-75,-2,-210
1739721701.628131,-30,-25,48
1739721701.674131,20,-35,-103
1739721701.7191308,5,-6,36
1739721701.7651308,32,21,-5
1739721701.8111308,-19,22,-95
1739721701.8571308,-18,53,44
1739721701.9021306,24,65,98
1739721701.9481306,-22,0,-34
1739721701.9941306,-16,8,-34
1739721702.0391307,-31,-57,-63
1739721702.0851307,-10,31,40
1739721702.1311307,29,-24,128
1739721702.1771307,-27,2,-64
1739721702.2221308,30,-22,-105
1739721702.2681308,7,22,-38
1739721702.3141308,-50,-6,-49
1739721702.3591306,-30,-56,-43
1739721702.4051306,-34,-43,-105
1739721702.4511306,-91,62,-70
1739721702.4971306,-10,26,-64
1739721702.5421307,-13,-22,-129
1739721702.5881307,27,-52,27
1739721702.6341307,-19,9,-99
1739721702.6791308,43,71,-51
1739721702.7251308,-62,4,14
1739721702.7711308,15,49,-29
1739721702.8171306,80,-141,-69
1739721702.8621306,-12,-45,-77
1739721702.9081306,23,-4,-235
1739721702.9541306,49,-68,7
1739721702.9991307,-12,4,-85
1739721703.0451307,-17,59,2
1739721703.0911307,-56,0,52
1739721703.1371307,-20,4,-75
1739721703.1821306,33,-19,-205
1739721703.2281306,28,-37,-99
1739721703.2741306,19,0,-55
1739721703.319131,-55,47,-134
1739721703.365131,25,-27,9
1739721703.411131,-8,-1,-109
1739721703.457131,47,-1,-39
1739721703.5081308,-89,-29,-4
1739721703.5541308,-19,29,-20
1739721703.5991306,-31,-28,8
1739721703.6451306,31,30,-25
1739721703.6911306,-72,27,2
1739721703.7371306,-17,-6,60
1739721703.7821307,6,69,80
1739721703.8281307,5,-70,-93
1739721703.8741307,-25,2,-30
1739721703.9191308,4,-48,51
1739721703.9651306,-122,-55,-67
1739721704.0111306,-93,-34,17
1739721704.0561306,31,25,-108
1739721704.102131,51,0,34
1739721704.148131,35,19,6
1739721704.194131,50,-15,-38
1739721704.2391307,-16,-15,-31
1739721704.2851307,18,21,-150
1739721704.3311307,10,30,-14
1739721704.3771307,-50,8,-23
1739721704.4221306,12,-14,8
1739721704.4681306,-67,-20,-61
1739721704.5141306,-7,33,-107
1739721704.559131,11,-63,-18
1739721704.605131,6,2,-52
1739721704.651131,-14,-29,107
1739721704.6961308,50,-104,-14
1739721704.7421308,-41,3,-73
1739721704.7881308,59,-19,8
1739721704.8341308,61,-8,-198
1739721704.8791306,67,-4,-20
1739721704.9251306,67,29,52
1739721704.9711306,14,-73,-216
1739721705.0161307,15,-14,72
1739721705.0621307,-11,-2,-11
1739721705.1081307,54,0,-16
1739721705.1541307,50,-63,-66
1739721705.1991308,-30,37,9
1739721705.2451308,10,41,-62
1739721705.2911308,3,-22,-134
1739721705.3361306,34,52,-64
1739721705.3821306,-4,40,0
1739721705.4281306,54,36,-66
1739721705.4741306,3,63,-58
1739721705.5191307,19,-7,-24
1739721705.5651307,-35,49,-39
1739721705.6111307,11,-7,-20
1739721705.6561308,-96,-29,-17
1739721705.7021308,66,26,-12
1739721705.7481308,-70,-17,-87
1739721705.7941308,-2,11,-10
1739721705.8391306,-21,-6,33
1739721705.8851306,48,20,-106
1739721705.9311306,-10,-42,-97
1739721705.9761307,33,41,-54
1739721706.0221307,-2,-51,-115
1739721706.0681307,-35,-67,89
1739721706.1141307,-4,-14,-92
1739721706.1591306,31,-80,-79
1739721706.2051306,33,6,-50
1739721706.2511306,29,-2,-176
1739721706.296131,-19,-40,-35
1739721706.342131,-50,20,-13
1739721706.388131,8,-3,-66
1739721706.434131,-13,28,-86
1739721706.4791307,-23,0,-39
1739721706.5251307,-22,8,-212
1739721706.5711308,13,-7,-88
1739721706.6161306,22,23,-66
1739721706.6621306,-66,28,-17
1739721706.7081306,24,-22,-98
1739721706.7541306,17,-33,-86
1739721706.799131,34,-58,-10
1739721706.8451307,21,0,19
1739721706.8911307,-37,58,-39
1739721706.9361308,4,-39,-18
1739721706.9821308,14,-48,-44
1739721707.0281308,-78,8,-83
1739721707.0741308,0,-1,-90
1739721707.1191306,23,-13,-36
1739721707.1651306,-47,-42,-142
1739721707.2111306,-4,-41,-134
1739721707.2561307,-52,25,-86
1739721707.3021307,-10,-48,5
1739721707.3481307,20,60,-89
1739721707.3941307,24,-14,8
1739721707.4391308,-56,-63,-10
1739721707.4851308,54,31,-1
1739721707.5311308,30,1,-98
1739721707.5761306,-48,-66,-106
1739721707.6221306,-30,13,-29
1739721707.6681306,-7,-6,-82
1739721707.7141306,-46,-30,-22
1739721707.7591307,-19,7,151
1739721707.8051307,-9,-31,34
1739721707.8511307,-17,25,165
1739721707.8961308,56,-44,-92
1739721707.9421306,-34,25,-87
1739721707.9881306,-61,15,-74
1739721708.0341306,3,-19,36
1739721708.0791306,-55,-49,36
1739721708.125131,50,39,-21
1739721708.171131,-43,2,-29
1739721708.2161307,-17,-30,-83
1739721708.2621307,3,-38,-2
1739721708.3081307,26,28,10
1739721708.3541307,10,68,-42
1739721708.3991306,10,40,-8
1739721708.4451306,-34,57,-76
1739721708.4911306,-26,-7,-26
1739721708.536131,9,-71,-45
1739721708.582131,-19,-7,-44
1739721708.628131,8,-20,51
1739721708.674131,-69,14,37
1739721708.7191308,-40,34,4
1739721708.7651308,3,-39,21
1739721708.8111308,3,20,11
1739721708.8561306,18,-10,-17
1739721708.9021306,22,-74,-167
1739721708.9481306,8,36,-81
1739721708.9941306,80,-15,-50
1739721709.0391307,12,26,-55
1739721709.0851307,-80,1,-99
1739721709.1311307,-50,-49,40
1739721709.1761308,-34,87,121
1739721709.2221308,-25,57,-37
1739721709.2681308,-18,-44,-18
1739721709.3141308,-11,13,5
1739721709.3591306,48,14,0
1739721709.4051306,11,28,-137
1739721709.4511306,47,-12,-80
1739721709.4961307,0,55,9
1739721709.5421307,0,44,-17
1739721709.5881307,-8,41,-17
1739721709.6341307,80,-1,-28
1739721709.6791308,21,11,-28
1739721709.7251308,54,3,-132
1739721709.7711308,25,61,23
1739721709.8161306,31,-64,-76
1739721709.8621306,-11,79,-125
1739721709.9081306,-44,-70,38
1739721709.9541306,-64,39,55
1739721709.9991307,-46,-4,11
1739721710.0451307,-39,-62,-65
1739721710.0911307,-51,18,-25
1739721710.1361306,-12,-57,-47
1739721710.1821306,-43,0,13
1739721710.2281306,-6,14,-155
1739721710.2741306,-59,-27,-113
1739721710.319131,-49,76,63
1739721710.365131,46,9,74
1739721710.411131,-14,-13,84
1739721710.4561307,-32,7,-123
1739721710.5021307,-28,-10,25
1739721710.5481308,-23,-55,-7
1739721710.5941308,26,-14,-135
1739721710.6391306,-33,-7,17
1739721710.6851306,-21,-58,-25
1739721710.7311306,-1,12,-41
1739721710.776131,44,61,-65
1739721710.822131,-57,51,-67
1739721710.8681307,-30,69,-177
1739721710.9141307,76,60,-74
1739721710.9591308,-71,50,-23
1739721711.0051308,103,31,-18
1739721711.0511308,48,-21,-72
1739721711.0961306,29,-3,8
1739721711.1421306,-7,44,-61
1739721711.1881306,28,-18,-6
1739721711.2341306,-16,-15,-45
1739721711.2791307,65,107,-105
1739721711.3251307,74,-2,-62
1739721711.3711307,-27,-28,48
1739721711.4161308,6,-2,-27
1739721711.4621308,159,-10,-53
1739721711.5081308,-66,-18,23
1739721711.5541308,-66,-14,39
1739721711.5991306,60,47,103
1739721711.6451306,2,24,-45
1739721711.6911306,42,-23,-79
1739721711.7361307,-1,7,-75
1739721711.7821307,29,-62,-49
1739721711.8281307,-44,-58,-79
1739721711.8741307,0,-34,-103
1739721711.9191308,-56,1,-101
1739721711.9651306,-64,21,-18
1739721712.0111306,-28,45,19
1739721712.0561306,-43,72,-92
1739721712.102131,83,-7,-26
1739721712.148131,64,-29,-100
1739721712.194131,54,57,-149
1739721712.2391307,-45,19,-47
1739721712.2851307,36,34,-61
1739721712.3311307,1,-27,0
1739721712.3761306,1,73,-47
1739721712.4221306,-17,-92,18
1739721712.4681306,-14,-55,-10
1739721712.5141306,-38,-18,-40
1739721712.559131,-32,52,-16
1739721712.605131,32,-42,54
1739721712.651131,-8,7,47
1739721712.6961308,-52,38,-57
1739721712.7421308,0,15,-92
1739721712.7881308,-24,-26,-108
1739721712.8341308,41,16,-110
1739721712.8791306,-25,28,-1
1739721712.9251306,36,10,-48
1739721712.9711306,-71,108,-134
1739721713.0161307,-124,-8,-43
1739721713.0621307,-63,-33,-99
1739721713.1081307,5,-24,-9
1739721713.1541307,-10,5,-60
1739721713.1991308,20,-21,-74
1739721713.2451308,-50,-46,-21
1739721713.2911308,68,45,-108
1739721713.3361306,-27,41,-26
1739721713.3821306,32,22,32
1739721713.4281306,-52,-9,-51
1739721713.4741306,-15,69,-72
1739721713.5251307,61,24,-32
1739721713.5711308,-12,-15,19
1739721713.6161306,42,14,-16
1739721713.6621306,65,-21,-60
1739721713.7081306,53,14,12
1739721713.7541306,73,22,70
1739721713.799131,25,1,-78
1739721713.8451307,-5,-36,-9
1739721713.8911307,-21,40,-29
1739721713.9361308,-28,-13,-89
1739721713.9821308,-112,0,-19
1739721714.0281308,-34,45,-11
1739721714.0741308,26,70,-116
1739721714.1191306,20,-28,-104
1739721714.1651306,-57,-6,-25
1739721714.2111306,-4,-38,-11
1739721714.2561307,37,-57,46
1739721714.3021307,-49,45,7
1739721714.3481307,13,-12,-102
1739721714.3941307,7,-10,-130
1739721714.4391308,-35,-5,-119
1739721714.4851308,6,18,-22
1739721714.5311308,42,-56,-149
1739721714.5761306,78,-3,-24
1739721714.6221306,-11,-1,-85
1739721714.6681306,-40,14,-79
1739721714.7141306,-24,-9,-137
1739721714.7591307,-74,54,-28
1739721714.8051307,-45,6,25
1739721714.8511307,-73,31,-27
1739721714.8961308,-14,0,-25
1739721714.9421306,116,-21,-56
1739721714.9881306,0,44,-98
1739721715.0331306,-14,-19,-11
1739721715.0791306,-42,-45,-91
1739721715.125131,-38,24,-72
1739721715.171131,-30,19,-30
1739721715.2161307,11,4,18
1739721715.2621307,-15,-12,-111
1739721715.3081307,24,-54,-155
1739721715.3531306,39,2,78
1739721715.3991306,18,95,-88
1739721715.4451306,12,12,-138
1739721715.4911306,6,2,-20
1739721715.536131,62,70,-78
1739721715.582131,-12,25,-86
1739721715.628131,-39,61,-104
1739721715.6731308,-5,1,-13
1739721715.7191308,-29,7,-63
1739721715.7651308,23,-8,-112
1739721715.8111308,13,7,-46
1739721715.8561306,38,-9,105
1739721715.9021306,27,-30,-134
1739721715.9481306,-38,13,-104
1739721715.9931307,42,-13,58
1739721716.0391307,0,-60,0
1739721716.0851307,1,-1,45
1739721716.1311307,-45,-5,-11
1739721716.1761308,13,31,-10
1739721716.2221308,56,43,-157
1739721716.2681308,-1,-34,32
1739721716.3131306,19,5,74
1739721716.3591306,-24,24,-33
1739721716.4051306,14,-54,48
1739721716.4511306,-59,46,-33
1739721716.4961307,-49,68,-49
1739721716.5421307,-42,58,-185
1739721716.5881307,-21,51,-149
1739721716.6331308,0,16,31
1739721716.6791308,35,35,55
1739721716.7251308,7,43,11
1739721716.7711308,-6,59,-11
1739721716.8161306,-29,-17,-20
1739721716.8621306,58,34,-109
1739721716.9081306,-11,38,-97
1739721716.9531307,5,38,82
1739721716.9991307,-8,69,1
1739721717.0451307,46,26,13
1739721717.0911307,48,-10,-105
1739721717.1361306,-23,52,12
1739721717.1821306,62,11,-3
1739721717.2281306,-19,5,-55
1739721717.273131,8,22,-65
1739721717.319131,14,-103,-59
1739721717.365131,-23,-8,-67
1739721717.411131,90,-60,-57
1739721717.4561307,-44,-54,-53
1739721717.5021307,35,22,-61
1739721717.5481308,22,9,83
1739721717.5931306,45,42,-201
1739721717.6391306,54,4,-11
1739721717.6851306,3,-67,-81
1739721717.7311306,2,55,12
1739721717.776131,-54,69,-9
1739721717.822131,81,-9,25
1739721717.8681307,-53,61,-134
1739721717.9131308,23,-52,-34
1739721717.9591308,18,-12,-34
1739721718.0051308,-18,5,16
1739721718.0511308,-64,-9,-71
1739721718.0961306,74,-24,59
1739721718.1421306,126,32,55
1739721718.1881306,-45,-16,50
1739721718.2331307,-48,10,1
1739721718.2791307,-15,0,-100
1739721718.3251307,-3,5,-46
1739721718.3711307,50,45,-131
1739721718.4161308,6,103,3
1739721718.4621308,22,-38,64
1739721718.5081308,-61,22,-54
1739721718.5531306,-19,-66,10
1739721718.5991306,91,11,-62
1739721718.6451306,1,14,21
1739721718.6911306,17,-4,-116
1739721718.7361307,-35,-35,-84
1739721718.7821307,53,82,-89
1739721718.8281307,-7,10,-172
1739721718.8731308,-42,25,-30
1739721718.9191308,58,-42,-67
1739721718.9651306,-102,-9,-8
1739721719.0111306,51,-64,-134
1739721719.0561306,78,34,31
1739721719.102131,-58,-90,-52
1739721719.148131,12,-19,40
1739721719.1931307,1,13,-222
1739721719.2391307,14,-78,14
1739721719.2851307,5,34,-97
1739721719.3311307,-51,-44,-42
1739721719.3761306,-34,2,-19
1739721719.4221306,-31,-55,-10
1739721719.4681306,16,-13,24
1739721719.513131,9,2,2
1739721719.559131,80,-12,-112
1739721719.605131,1,12,-9
1739721719.651131,-24,-64,-74
1739721719.6961308,-25,107,3
1739721719.7421308,28,66,-65
1739721719.7881308,-14,-8,107
1739721719.8331306,-14,15,-158
1739721719.8791306,-59,-26,-99
1739721719.9251306,-12,15,-115
1739721719.9711306,-55,-61,-25
1739721720.0161307,83,78,-28
1739721720.0621307,-30,-17,-13
1739721720.1081307,72,-9,-28
1739721720.1531308,-2,-17,-142
1739721720.1991308,80,-94,-192
1739721720.2451308,50,73,-68
1739721720.2911308,47,1,0
1739721720.3361306,-38,2,9
1739721720.3821306,4,-23,-38
1739721720.4281306,-38,-3,-39
1739721720.4731307,72,-31,54
1739721720.5191307,-28,38,-21
1739721720.5651307,-14,-21,-61
1739721720.6111307,63,-98,20
1739721720.6561308,-65,-11,-131
1739721720.7021308,-11,8,43
1739721720.7481308,-28,21,-67
1739721720.7931306,-21,35,-97
1739721720.8391306,-10,63,55
1739721720.8851306,14,2,14
1739721720.9311306,9,5,-12
1739721720.9761307,56,-81,64
1739721721.0221307,-15,-42,-142
1739721721.0681307,78,36,-128
1739721721.1131306,57,-22,-126
1739721721.1591306,-28,-37,107
1739721721.2051306,4,-29,-60
1739721721.2511306,-29,0,-85
1739721721.296131,29,1,-190
1739721721.342131,-47,-10,1
1739721721.388131,82,9,62
1739721721.4331307,-55,48,-91
1739721721.4791307,4,50,-155
1739721721.5251307,-3,4,-117
1739721721.5711308,34,126,-76
1739721721.6161306,-21,13,-89
1739721721.6621306,-33,-13,-108
1739721721.707131,0,-29,-10
1739721721.7521307,34,-11,-48
1739721721.7981308,-43,-46,63
1739721721.8441308,-31,74,31
1739721721.8891306,-18,52,57
1739721721.9351306,-15,36,-77
1739721721.9811306,90,-37,-34
1739721722.0271306,-2,-52,-84
1739721722.072131,6,5,-74
1739721722.1181307,39,37,0
1739721722.1641307,42,-5,-98
1739721722.2091308,6,-6,-94
1739721722.2551308,-31,-67,-66
1739721722.3011308,-68,113,-31
1739721722.3471308,-29,4,-37
1739721722.3921306,2,-58,-50
1739721722.4381306,2,-98,26
1739721722.4841306,4,-10,51
1739721722.5291307,21,-29,16
1739721722.5751307,-13,-35,-44
1739721722.6211307,14,66,-49
1739721722.6671307,-28,0,5
1739721722.7121308,0,0,33
1739721722.7581308,-87,-57,28
1739721722.8041308,8,62,2
1739721722.8491306,-4,-24,-137
1739721722.8951306,57,13,0
1739721722.9411306,96,-74,-31
1739721722.9871306,-45,-35,-202
1739721723.0321307,70,-8,-106
1739721723.0781307,94,29,-154
1739721723.1241307,46,61,-72
1739721723.1691308,-29,-45,121
1739721723.2151306,72,-50,-92
1739721723.2611306,8,-50,-21
1739721723.3071306,15,9,-25
1739721723.352131,-44,29,-6
1739721723.398131,115,-1,-153
1739721723.444131,-36,-36,-119
1739721723.4891307,-35,3,-54
1739721723.5411308,-2,-6,-11
1739721723.5871308,51,-43,-51
1739721723.6321306,-47,40,-131
1739721723.6781306,-117,57,-80
1739721723.7241306,-29,117,-10
1739721723.7691307,58,32,-99
1739721723.8151307,72,88,78
1739721723.8611307,-17,31,56
1739721723.9071307,-106,-45,-66
1739721723.9521308,58,-2,-77
1739721723.9981308,-1,-27,-27
1739721724.0441308,32,37,0
1739721724.0891306,-65,74,-152
1739721724.1351306,9,45,-109
1739721724.1811306,-14,-19,-35
1739721724.227131,6,-18,-3
1739721724.2721307,132,-85,81
1739721724.3181307,64,12,-83
1739721724.3641307,82,-41,-73
1739721724.4091306,-7,41,-36
1739721724.4551306,-7,26,-109
1739721724.5011306,-69,-20,-12
1739721724.5471306,-33,-39,-26
1739721724.592131,23,44,-133
1739721724.638131,-25,-11,-61
1739721724.684131,26,47,-197
1739721724.7291307,6,16,-141
1739721724.7751307,-36,40,36
1739721724.8211308,22,6,-91
1739721724.8661306,-26,50,-28
1739721724.9121306,27,-74,3
1739721724.9591308,50,43,23
1739721725.0051308,-34,52,-117
1739721725.0501306,0,-35,32
1739721725.0961306,-23,-18,-2
1739721725.1421306,105,17,-83
1739721725.1881306,21,-42,-119
1739721725.2331307,-6,-56,-39
1739721725.2791307,-5,84,-63
1739721725.3251307,11,-5,17
1739721725.3701308,-11,-7,-28
1739721725.4161308,51,-14,-13
1739721725.4621308,18,-50,54
1739721725.5081308,25,-10,49
1739721725.5531306,-50,71,-189
1739721725.5991306,-30,-30,-68
1739721725.6451306,-48,-68,-40
1739721725.6901307,-9,-14,46
1739721725.7361307,11,23,0
1739721725.7821307,-10,-16,-89
1739721725.8281307,35,-16,-135
1739721725.8731308,57,-8,-111
1739721725.9191308,68,4,-37
1739721725.9651306,45,4,-99
1739721726.0101306,-56,-61,-96
1739721726.0561306,-2,-6,-127
1739721726.102131,4,17,-121
1739721726.148131,-9,-1,-89
1739721726.1931307,-22,50,-131
1739721726.2391307,-24,51,-213
1739721726.2851307,107,18,-13
1739721726.3301306,-49,26,-48
1739721726.3761306,70,-10,13
1739721726.4221306,-24,30,0
1739721726.4681306,-22,65,44
1739721726.513131,11,-35,-93
1739721726.559131,53,10,-79
1739721726.605131,-11,-19,-77
1739721726.6501307,-22,67,-27
1739721726.6961308,-61,-34,-132
1739721726.7421308,58,12,-57
1739721726.7881308,58,10,15
1739721726.8331306,20,24,19
1739721726.8791306,13,-48,-37
1739721726.9251306,19,33,-57
1739721726.9701307,-34,-41,6
1739721727.0161307,41,-4,3
1739721727.0621307,-15,22,-71
1739721727.1081307,45,11,57
1739721727.1531308,23,-9,-113
1739721727.1991308,19,39,-103
1739721727.2451308,-7,3,14
1739721727.2901306,26,-58,-26
1739721727.3361306,55,38,49
1739721727.3821306,15,54,-53
1739721727.4281306,20,-6,-81
1739721727.4731307,4,2,-107
1739721727.5191307,-76,12,-101
1739721727.5651307,-51,45,-100
1739721727.6101308,-50,25,-7
1739721727.6561308,-57,22,-134
1739721727.7021308,-17,45,-88
1739721727.7481308,10,35,-70
1739721727.7931306,-22,-4,-174
1739721727.8391306,-58,-51,-35
1739721727.8851306,45,-24,29
1739721727.9301307,30,69,24
1739721727.9761307,-18,-3,-106
1739721728.0221307,-54,7,-24
1739721728.0681307,-11,-75,-71
1739721728.1131306,41,-24,-74
1739721728.1591306,-27,35,50
1739721728.2051306,20,18,-78
1739721728.250131,-4,12,-66
1739721728.296131,0,42,-204
1739721728.342131,29,-15,99
1739721728.388131,3,9,77
1739721728.4331307,-55,12,-71
1739721728.4791307,61,-38,-130
1739721728.5251307,21,-61,-1
1739721728.5701306,-35,-5,-21
1739721728.6161306,-37,34,-42
1739721728.6621306,-36,-15,49
1739721728.7081306,91,-46,14
1739721728.753131,4,-77,-121
1739721728.799131,-10,-3,55
1739721728.8451307,37,48,-124
1739721728.8901308,4,69,22
1739721728.9361308,42,-51,-43
1739721728.9821308,-44,17,30
1739721729.0281308,21,-107,67
1739721729.0731306,-4,-55,-121
1739721729.1191306,68,39,-90
1739721729.1651306,96,57,-106
1739721729.2101307,-18,38,-82
1739721729.2561307,-27,-18,-127
1739721729.3021307,-2,51,-54
1739721729.3481307,98,-35,-6
1739721729.3931308,32,33,-8
1739721729.4391308,7,84,-66
1739721729.4851308,-29,70,-74
1739721729.5301306,44,56,-98
1739721729.5761306,51,50,-66
1739721729.6221306,-41,8,-54
1739721729.6681306,-53,28,111
1739721729.7131307,76,14,-166
1739721729.7591307,-29,25,-142
1739721729.8051307,-56,33,-25
1739721729.8501308,8,3,22
1739721729.8961308,114,20,-52
1739721729.9421306,17,-26,23
1739721729.9881306,-78,54,-78
1739721730.0331306,-24,3,-108
1739721730.0791306,13,37,-84
1739721730.125131,4,11,-14
1739721730.1701307,-4,3,3
1739721730.2161307,23,44,-136
1739721730.2621307,61,31,44
1739721730.3081307,21,26,-56
1739721730.3531306,-15,-8,-73
1739721730.3991306,75,30,-52
1739721730.4451306,-26,92,-60
1739721730.490131,-16,-5,-196
1739721730.536131,45,-30,-136
1739721730.582131,14,57,-44
1739721730.628131,-45,34,-24
1739721730.6731308,78,-3,-94
1739721730.7191308,-59,17,-66
1739721730.7651308,-53,56,22
1739721730.8101306,-76,19,-8
1739721730.8561306,3,38,-58
1739721730.9021306,-27,36,-52
1739721730.9481306,40,24,-20
1739721730.9931307,15,0,-80
1739721731.0391307,-16,77,-38
1739721731.0851307,49,38,-78
1739721731.1301308,-33,-40,-63
1739721731.1761308,-80,42,-54
1739721731.2221308,75,-11,-37
1739721731.2681308,37,42,-38
1739721731.3131306,15,0,-87
1739721731.3591306,-33,-80,-63
1739721731.4051306,-24,49,38
1739721731.4501307,52,6,-11
1739721731.4961307,-53,16,-114
1739721731.5421307,-26,-14,-86
1739721731.5881307,57,-8,-45
1739721731.6331308,-4,17,-24
1739721731.6791308,-60,-25,-44
1739721731.7251308,23,-19,-45
1739721731.7701306,17,9,0
1739721731.8161306,-32,-54,-51
1739721731.8621306,-80,12,-216
1739721731.9081306,-21,29,-30
1739721731.9531307,-3,-9,-52
1739721731.9991307,10,-3,-53
1739721732.0451307,-5,41,-6
1739721732.0901306,4,9,-98
1739721732.1361306,-18,14,-64
1739721732.1821306,-17,-47,-46
1739721732.2281306,-78,30,61
1739721732.273131,-6,9,-94
1739721732.319131,-16,-19,-80
1739721732.365131,114,40,-87
1739721732.4101307,17,-52,-107
1739721732.4561307,9,19,-94
1739721732.5021307,-10,-32,-39
1739721732.5481308,-35,12,-60
1739721732.5931306,50,61,0
1739721732.6391306,72,44,-98
1739721732.6851306,-63,-15,77
1739721732.730131,-63,-23,-60
1739721732.776131,-49,61,0
1739721732.822131,-33,-26,-42
1739721732.8681307,35,34,-19
1739721732.9131308,-16,-6,-132
1739721732.9591308,19,0,-37
1739721733.0051308,-39,-11,6
1739721733.0501306,-17,-16,-60
1739721733.0961306,-13,-42,-50
1739721733.1421306,-12,14,-22
1739721733.1881306,-15,-4,0
1739721733.2331307,-21,-43,-124
1739721733.2791307,16,-2,-94
1739721733.3251307,-17,-44,-48
1739721733.3701308,0,39,3
1739721733.4161308,-13,-22,119
1739721733.4621308,-100,-46,28
1739721733.5081308,11,13,-72
1739721733.559131,-51,40,-8
1739721733.605131,-3,-81,-84
1739721733.6501307,-45,45,-2
1739721733.6961308,-47,33,-62
1739721733.7421308,1,-8,-84
1739721733.7881308,-89,98,-16
1739721733.8331306,-15,55,-58
1739721733.8791306,-38,-68,-60
1739721733.9251306,12,55,-72
1739721733.9701307,-44,-43,-74
1739721734.0161307,-4,58,-18
1739721734.0621307,-16,0,-146
1739721734.1081307,18,-55,-174
1739721734.1531308,-58,-6,-30
1739721734.1991308,-10,-21,-104
1739721734.2451308,-11,28,-148
1739721734.2901306,24,-51,-16
1739721734.3361306,-26,53,-15
1739721734.3821306,2,0,-116
1739721734.4281306,-10,74,43
1739721734.4731307,6,37,-89
1739721734.5191307,-2,-82,-58
1739721734.5651307,27,-29,-50
1739721734.6101308,-28,-6,-144
1739721734.6561308,-90,28,64
1739721734.7021308,-47,-15,-58
1739721734.7471306,14,48,-5
1739721734.7931306,10,78,-46
1739721734.8391306,31,-47,23
1739721734.8851306,30,-27,-133
1739721734.9301307,56,-26,-31
1739721734.9761307,1,-32,69
1739721735.0221307,89,0,-90
1739721735.0671306,0,-42,-43
1739721735.1131306,26,-2,-98
1739721735.1591306,-19,-9,-45
1739721735.2051306,76,-11,-62
1739721735.250131,36,-21,-98
1739721735.296131,10,-59,-168
1739721735.342131,-18,7,-182
1739721735.3871307,16,-27,-91
1739721735.4331307,36,-7,-48
1739721735.4791307,-70,4,-223
1739721735.5251307,24,66,23
1739721735.5701306,44,-33,-6
1739721735.6161306,12,-104,-72
1739721735.6621306,-24,26,-135
1739721735.707131,-6,-46,-97
1739721735.753131,-113,-65,-89
1739721735.799131,-77,-38,-36
1739721735.8451307,-6,64,-83
1739721735.8901308,-31,-15,-143
1739721735.9361308,87,-14,-17
1739721735.9821308,-49,-49,-31
1739721736.0271306,71,-33,-82
1739721736.0731306,-38,-40,-128
1739721736.1191306,19,-7,-8
1739721736.1651306,-9,44,41
1739721736.2101307,69,31,-17
1739721736.2561307,-83,127,-129
1739721736.3021307,-15,-43,-34
1739721736.3471308,-3,-47,82
1739721736.3931308,-14,31,78
1739721736.4391308,-64,50,-102
1739721736.4851308,-97,17,57
1739721736.5301306,-79,-14,62
1739721736.5761306,16,25,-17
1739721736.6221306,-51,97,-99
1739721736.6671307,-26,22,-18
1739721736.7131307,66,16,-53
1739721736.7591307,-88,-39,-18
1739721736.8051307,-51,9,-131
1739721736.8501308,-118,-9,4
1739721736.8961308,21,2,-91
1739721736.9421306,32,-72,-125
1739721736.9871306,-109,54,12
1739721737.0331306,-28,27,-83
1739721737.0791306,38,32,-129
1739721737.125131,20,11,82
1739721737.1691308,54,29,13
1739721737.2151306,-81,57,-41
1739721737.2611306,31,16,44
1739721737.3061306,-31,0,-49
1739721737.352131,-119,115,-112
1739721737.398131,8,-27,-57
1739721737.4431307,-2,45,18
1739721737.4891307,13,-9,-25
1739721737.5351307,1,57,-41
1739721737.5811307,163,-6,-45
1739721737.6261306,45,-46,16
1739721737.6721306,22,-4,44
1739721737.7181306,-7,-14,-12
1739721737.763131,59,20,-181
1739721737.809131,-11,-52,32
1739721737.855131,67,-7,67
1739721737.901131,32,-3,-133
1739721737.9461308,65,-82,-108
1739721737.9921308,33,-23,20
1739721738.0381308,-38,26,-43
1739721738.0831306,33,-53,-185
1739721738.1291306,15,-32,-48
1739721738.1751306,-56,-41,-42
1739721738.2211306,-37,16,58
1739721738.2661307,81,-63,-50
1739721738.3121307,2,44,-29
1739721738.3581307,8,61,-55
1739721738.4031308,-41,4,-39
1739721738.4491308,-127,7,-79
1739721738.4951308,0,-25,-141
1739721738.5411308,-59,52,-131
1739721738.5861306,-72,-20,-40
1739721738.6321306,53,-40,4
1739721738.6781306,-32,12,-47
1739721738.7231307,25,-58,64
1739721738.7691307,-9,89,97
1739721738.8151307,15,-4,-79
1739721738.8611307,-21,25,41
1739721738.9061308,-21,-8,-229
1739721738.9521308,-92,40,-39
1739721738.9981308,-20,11,20
1739721739.0431306,14,-48,-46
1739721739.0891306,31,-36,-56
1739721739.1351306,-62,30,-27
1739721739.1811306,21,7,-75
1739721739.2261307,59,-54,-39
1739721739.2721307,0,-30,-167
1739721739.3181307,-12,44,-37
1739721739.3631306,-21,-8,6
1739721739.4091306,-21,-65,-38
1739721739.4551306,33,-23,-101
1739721739.5011306,5,-9,-14
1739721739.546131,39,44,-1
1739721739.592131,-43,-99,-62
1739721739.638131,-40,30,-127
1739721739.6831307,-28,14,-53
1739721739.7291307,9,23,-73
1739721739.7751307,-4,-14,-20
1739721739.8211308,116,-9,9
1739721739.8661306,21,-33,-69
1739721739.9121306,-45,-42,2
1739721739.9581306,29,-50,-57
1739721740.003131,-40,-11,-101
1739721740.049131,56,36,-55
1739721740.0951307,37,5,-54
1739721740.1411307,-39,14,1
1739721740.1861308,31,50,-60
1739721740.2321308,49,-18,-102
1739721740.2781308,14,13,-104
1739721740.3231306,-2,51,-2
1739721740.3691306,-29,-39,-69
1739721740.4151306,-2,0,-68
1739721740.4611306,-44,-40,81
1739721740.5061307,51,-43,-132
1739721740.5521307,5,-22,-69
1739721740.5981307,-57,0,-57
1739721740.6431308,-44,6,-140
1739721740.6891308,-22,-20,-21
1739721740.7351308,67,54,-50
1739721740.7811308,27,36,-18
1739721740.8261306,-58,67,-70
1739721740.8721306,-40,-7,-27
1739721740.9181306,-49,-38,-43
1739721740.9631307,-64,22,-150
1739721741.0091307,-82,-16,-150
1739721741.0551307,19,-12,-120
1739721741.1011307,-14,94,0
1739721741.1461308,-5,-28,0
1739721741.1921306,67,-52,86
1739721741.2381306,-65,-40,40
1739721741.2831306,3,0,-53
1739721741.3291306,50,8,-85
1739721741.375131,-41,37,-71
1739721741.421131,-78,63,-89
1739721741.4661307,15,86,-105
1739721741.5121307,-37,-44,-127
1739721741.5581307,-31,-52,57
1739721741.6031306,-4,-104,-67
1739721741.6491306,-9,19,31
1739721741.6951306,31,87,-69
1739721741.7411306,-7,-48,-108
1739721741.786131,0,-72,-20
1739721741.832131,-47,-55,0
1739721741.878131,-41,60,10
1739721741.9231308,28,0,-49
1739721741.9691308,6,81,-15
1739721742.0151308,-24,78,-26
1739721742.0611308,-30,33,-80
1739721742.1061306,46,7,73
1739721742.1521306,71,-45,23
1739721742.1981306,26,70,-50
1739721742.2431307,-52,56,-46
1739721742.2891307,10,-8,-24
1739721742.3351307,-41,43,8
1739721742.3811307,-48,-22,-94
1739721742.4261308,-17,0,-86
1739721742.4721308,50,36,78
1739721742.5181308,2,-32,-93
1739721742.5631306,-44,11,-6
1739721742.6091306,-7,22,-42
1739721742.6551306,-52,6,7
1739721742.7011306,-49,-60,-103
1739721742.7461307,26,58,16
1739721742.7921307,3,-11,-82
1739721742.8381307,-25,-12,-15
1739721742.8831308,2,71,-50
1739721742.9291308,52,19,-40
1739721742.9751308,-24,3,-37
1739721743.0211308,22,13,92
1739721743.0661306,20,47,-36
1739721743.1121306,-11,-31,-127
1739721743.1581306,9,-47,-69
1739721743.2031307,61,60,28
1739721743.2491307,-60,-2,-81
1739721743.2951307,-14,-42,11
1739721743.3411307,2,13,70
1739721743.3861306,41,29,-30
1739721743.4321306,-39,2,-15
1739721743.4781306,2,-55,-109
1739721743.523131,13,10,-30
1739721743.5751307,35,-81,-109
1739721743.6211307,5,10,-26
1739721743.6661308,48,44,-2
1739721743.7121308,-70,70,-46
1739721743.7581308,53,-13,-10
1739721743.8031306,-47,38,-54
1739721743.8491306,47,-54,-67
1739721743.8951306,0,8,-76
1739721743.9411306,35,-41,-97
1739721743.9861307,-17,8,-20
1739721744.0321307,5,65,-74
1739721744.0781307,26,7,-16
1739721744.1231308,-75,37,-33
1739721744.1691308,10,-19,-122
1739721744.2151306,12,18,-40
1739721744.2611306,21,-44,-121
1739721744.3061306,14,-80,-49
1739721744.352131,36,-37,-26
1739721744.398131,99,0,2
1739721744.4431307,-19,10,91
1739721744.4891307,-51,62,-40
1739721744.5351307,-89,75,-34
1739721744.5811307,-91,-35,-82
1739721744.6261306,-66,2,-50
1739721744.6721306,-19,35,60
1739721744.7181306,-20,91,-104
1739721744.763131,-40,17,-66
1739721744.809131,0,-80,-45
1739721744.855131,-27,-47,11
1739721744.9001307,37,-5,-54
1739721744.9461308,-12,-27,-83
1739721744.9921308,52,35,-2
1739721745.0381308,-45,16,-28
1739721745.0831306,6,28,-100
1739721745.1291306,-19,-48,-57
1739721745.1751306,13,-19,-59
1739721745.2201307,13,-11,-60
1739721745.2661307,0,21,-94
1739721745.3121307,-43,-52,-166
1739721745.3581307,34,-22,-98
1739721745.4031308,-38,-32,0
1739721745.4491308,15,-5,-46
1739721745.4951308,30,-40,-11
1739721745.5401306,49,-5,-10
1739721745.5861306,16,-6,-43
1739721745.6321306,32,-22,-40
1739721745.6781306,-82,-42,-103
1739721745.7231307,-5,-10,-89
1739721745.7691307,20,-32,-29
1739721745.8151307,8,1,-113
1739721745.8601308,-28,-47,13
1739721745.9061308,-29,-40,-57
1739721745.9521308,30,-68,-46
1739721745.9981308,37,12,-101
1739721746.0431306,74,8,-53
1739721746.0891306,14,-56,-54
1739721746.1351306,31,-51,-50
1739721746.1801307,-8,0,-32
1739721746.2261307,55,51,-71
1739721746.2721307,-53,-42,-121
1739721746.3181307,24,24,-5
1739721746.3631306,-12,84,-79
1739721746.4091306,-15,32,1
1739721746.4551306,14,-39,24
1739721746.500131,132,-29,66
1739721746.546131,13,-6,62
1739721746.592131,11,89,-117
1739721746.638131,-32,26,-39
1739721746.6831307,7,-40,-45
1739721746.7291307,-127,12,22
1739721746.7751307,-21,-35,-38
1739721746.8201306,57,-8,-115
1739721746.8661306,-44,37,20
1739721746.9121306,-185,-61,-128
1739721746.9581306,4,-15,-111
1739721747.003131,63,55,-89
1739721747.049131,25,3,29
1739721747.0951307,72,-40,-157
1739721747.1401308,-7,-81,19
1739721747.1861308,65,55,-109
1739721747.2321308,-39,3,-16
1739721747.2781308,14,80,-119
1739721747.3231306,-25,-16,-18
1739721747.3691306,45,5,-115
1739721747.4151306,44,-4,-133
1739721747.4601307,-21,-62,-62
1739721747.5061307,141,-80,-73
1739721747.5521307,96,71,29
1739721747.5981307,-16,-10,-131
1739721747.6431308,-8,6,30
1739721747.6891308,38,28,-145
1739721747.7351308,90,-40,-55
1739721747.7801306,33,77,-1
1739721747.8261306,-38,16,12
1739721747.8721306,-28,-50,-98
1739721747.9181306,55,-31,-71
1739721747.9631307,-61,-6,-71
1739721748.0091307,74,-14,-44
1739721748.0551307,22,-34,-20
1739721748.1001308,-26,-31,-49
1739721748.1461308,113,-41,-3
1739721748.1921306,66,80,-27
1739721748.2381306,-18,10,-30
1739721748.2831306,21,-53,-68
1739721748.3291306,32,7,-76
1739721748.375131,49,-56,-128
1739721748.4201307,-28,-31,1
1739721748.4661307,-17,-18,-114
1739721748.5121307,55,90,-14
1739721748.5581307,30,-44,82
1739721748.6031306,18,78,-127
1739721748.6491306,4,15,-100
1739721748.6951306,11,-49,92
1739721748.740131,-35,-32,-87
1739721748.786131,-14,41,-103
1739721748.832131,8,77,-18
1739721748.878131,-2,58,-86
1739721748.9231308,-1,60,9
1739721748.9691308,-10,-39,-18
1739721749.0151308,50,13,30
1739721749.0601306,-32,8,29
1739721749.1061306,4,-17,-60
1739721749.1521306,-44,26,-139
1739721749.1981306,25,-29,106
1739721749.2431307,54,27,57
1739721749.2891307,-15,31,-13
1739721749.3351307,65,16,-127
1739721749.3801308,37,-60,43
1739721749.4261308,12,46,-34
1739721749.4721308,-63,0,-150
1739721749.5181308,-4,12,-38
1739721749.5631306,2,-70,-144
1739721749.6091306,133,-12,-76
1739721749.6551306,94,13,-67
1739721749.7001307,-16,92,36
1739721749.7461307,33,59,-54
1739721749.7921307,-72,-35,-7
1739721749.8381307,3,-39,93
1739721749.8831308,-74,-17,-78
1739721749.9291308,-70,-2,9
1739721749.9751308,-7,27,38
1739721750.0201306,16,-18,-41
1739721750.0661306,17,-5,-8
1739721750.1121306,37,15,-4
1739721750.1581306,58,14,-89
1739721750.2031307,-15,1,98
1739721750.2491307,55,-12,-34
1739721750.2951307,31,-47,60
1739721750.3401306,78,64,34
1739721750.3861306,-54,16,-105
1739721750.4321306,-31,-32,-99
1739721750.4781306,-7,-13,-107
1739721750.523131,0,2,54
1739721750.569131,47,-15,-109
1739721750.615131,-64,-33,-75
1739721750.6601307,-8,45,12
1739721750.7061307,-36,-11,-123
1739721750.7521307,-27,-18,-19
1739721750.7981308,-32,-21,15
1739721750.8431306,-14,15,8
1739721750.8891306,-10,39,-55
1739721750.9351306,27,34,-57
1739721750.980131,-44,-61,-11
1739721751.026131,80,-9,99
1739721751.072131,67,-46,-132
1739721751.1181307,-50,30,38
1739721751.1631308,40,57,-47
1739721751.2091308,46,19,-137
1739721751.2551308,62,-23,12
1739721751.3001306,-10,36,-48
1739721751.3461306,-14,31,-78
1739721751.3921306,18,-19,41
1739721751.4381306,-41,2,12
1739721751.4831307,-47,20,42
1739721751.5291307,-37,-56,-10
1739721751.5751307,48,0,-81
1739721751.6201308,-73,-26,-20
1739721751.6661308,-27,5,-29
1739721751.7121308,-28,-25,-17
1739721751.7581308,-59,10,-143
1739721751.8031306,2,-24,36
1739721751.8491306,2,11,-37
1739721751.8951306,56,28,-95
1739721751.9401307,-50,49,-65
1739721751.9861307,-16,-10,24
1739721752.0321307,49,-31,-75
1739721752.0781307,-8,30,96
1739721752.1231308,87,15,-83
1739721752.1691308,56,47,-29
1739721752.2151306,0,-9,12
1739721752.2601306,-11,-20,4
1739721752.3061306,-13,-45,0
1739721752.352131,30,46,-49
1739721752.398131,2,-44,-143
1739721752.4431307,88,36,67
1739721752.4891307,15,-31,-29
1739721752.5351307,-38,24,-115
1739721752.5801306,-43,15,-103
1739721752.6261306,-57,48,50
1739721752.6721306,75,-5,-109
1739721752.7181306,48,12,-3
1739721752.763131,56,66,21
1739721752.809131,8,45,-57
1739721752.855131,63,-16,41
1739721752.9001307,-104,-24,44
1739721752.9461308,8,72,-35
1739721752.9921308,-30,28,-101
1739721753.0381308,38,-77,68
1739721753.0831306,-17,73,-141
1739721753.1291306,9,29,-137
1739721753.1751306,-19,-27,-163
1739721753.2201307,-3,-56,76
1739721753.2661307,29,45,95
1739721753.3121307,-20,10,-31
1739721753.3581307,13,98,-227
1739721753.4031308,74,-23,-112
1739721753.4491308,-71,33,77
1739721753.4951308,7,40,-35
1739721753.546131,-116,7,-111
1739721753.592131,-13,-10,-99
1739721753.638131,38,-41,-86
1739721753.6831307,-63,32,77
1739721753.7291307,-44,-15,-113
1739721753.7751307,-1,63,69
1739721753.8201306,-20,-11,-40
1739721753.8661306,54,98,-75
1739721753.9121306,14,21,-79
1739721753.9581306,43,32,-151
1739721754.003131,-16,21,-99
1739721754.049131,7,-26,-28
1739721754.0951307,-66,0,-217
1739721754.1401308,-26,35,11
1739721754.1861308,-71,70,29
1739721754.2321308,18,16,3
1739721754.2781308,10,79,-139
1739721754.3231306,56,-38,-68
1739721754.3691306,8,-12,-107
1739721754.4151306,63,-12,-87
1739721754.4601307,30,20,-55
1739721754.5061307,-70,66,-59
1739721754.5521307,44,-10,-57
1739721754.5981307,-35,4,-109
1739721754.6431308,41,-31,14
1739721754.6891308,111,67,-33
1739721754.7351308,-34,31,-142
1739721754.7801306,-11,18,54
1739721754.8261306,-43,-41,-117
1739721754.8721306,-86,45,-68
1739721754.9171307,-44,-6,135
1739721754.9631307,37,31,-108
1739721755.0091307,66,50,-94
1739721755.0551307,40,-14,-41
1739721755.1001308,-106,-53,-80
1739721755.1461308,1,-28,-6
1739721755.1921306,-108,71,-27
1739721755.2371306,69,42,9
1739721755.2831306,-39,-28,-64
1739721755.3291306,-31,37,-29
1739721755.375131,-3,-36,0
1739721755.4201307,15,73,49
1739721755.4661307,-25,-22,-34
1739721755.5121307,-69,-55,-88
1739721755.5571306,0,-59,-195
1739721755.6031306,-22,15,-81
1739721755.6491306,-53,-6,-135
1739721755.6951306,-1,30,-37
1739721755.740131,-67,-3,0
1739721755.786131,-45,20,-6
1739721755.832131,-89,-60,86
1739721755.8771307,-9,43,3
1739721755.9231308,-22,33,-103
1739721755.9691308,-2,-2,-119
1739721756.0151308,8,41,7
1739721756.0601306,19,16,-123
1739721756.1061306,-121,17,-16
1739721756.1521306,34,-8,-95
1739721756.197131,28,11,110
1739721756.2431307,43,-70,-73
1739721756.2891307,-43,1,-26
1739721756.3351307,-33,-5,-28
1739721756.3801308,-31,-21,-63
1739721756.4261308,-84,89,-221
1739721756.4721308,-41,-13,-59
1739721756.5171306,26,-23,11
1739721756.5631306,2,-14,60
1739721756.6091306,-12,-15,-145
1739721756.6551306,17,48,-41
1739721756.7001307,-60,16,-36
1739721756.7461307,43,54,-181
1739721756.7921307,-74,77,-110
1739721756.8371308,-17,-24,-127
1739721756.8831308,4,-13,144
1739721756.9291308,64,-1,-33
1739721756.9751308,-22,14,-141
1739721757.0201306,26,-42,47
1739721757.0661306,5,5,-11
1739721757.1121306,8,-26,-51
1739721757.1571307,7,19,36
1739721757.2031307,-59,28,-80
1739721757.2491307,14,-32,-53
1739721757.2951307,-40,22,-56
1739721757.3401306,-8,40,44
1739721757.3861306,64,-7,83
1739721757.4321306,-19,52,42
1739721757.477131,-22,13,-36
1739721757.523131,-54,-1,-46
1739721757.569131,-1,48,-22
1739721757.615131,-41,-4,0
1739721757.6601307,71,-9,-77
1739721757.7061307,14,-41,-97
1739721757.7521307,-9,-37,1
1739721757.7971306,25,17,-117
1739721757.8431306,23,-35,61
1739721757.8891306,15,-99,-93
1739721757.9351306,62,25,-37
1739721757.980131,-42,15,-80
1739721758.026131,-109,18,-24
1739721758.072131,10,24,-57
1739721758.1171308,31,-13,-45
1739721758.1631308,27,-41,23
1739721758.2091308,-30,-22,-28
1739721758.2551308,49,-26,-55
1739721758.3001306,76,0,91
1739721758.3461306,-3,-20,-9
1739721758.3921306,-7,16,-117
1739721758.4371307,-34,53,78
1739721758.4831307,-15,13,10
1739721758.5291307,38,0,9
1739721758.5751307,80,-23,-31
1739721758.6201308,-41,-46,-41
1739721758.6661308,-4,-11,-59
1739721758.7121308,-36,14,-36
1739721758.7571306,-10,27,-50
1739721758.8031306,40,0,71
1739721758.8491306,27,-18,-61
1739721758.8951306,-3,10,62
1739721758.9401307,-2,14,-6
1739721758.9861307,0,4,34
1739721759.0321307,-6,1,-115
1739721759.0771308,-2,66,-94
1739721759.1231308,63,-12,-25
1739721759.1691308,0,-55,-91
1739721759.2151306,116,-84,-163
1739721759.2601306,-41,12,-48
1739721759.3061306,-18,-50,-149
1739721759.352131,-46,49,-6
1739721759.3971307,54,-38,-151
1739721759.4431307,-12,98,34
1739721759.4891307,46,18,-23
1739721759.5351307,40,-6,-23
1739721759.5801306,-25,2,-60
1739721759.6261306,20,10,-39
1739721759.6721306,40,1,1
1739721759.717131,-17,-59,-65
1739721759.763131,27,110,50
1739721759.809131,66,60,-46
1739721759.855131,100,49,-143
1739721759.9001307,-8,14,-30
1739721759.9461308,-4,18,-28
1739721759.9921308,39,-13,-37
1739721760.0371306,46,82,-16
1739721760.0831306,15,-26,0
1739721760.1291306,-17,-4,-53
1739721760.1751306,-58,47,34
1739721760.2201307,-36,18,-84
1739721760.2661307,23,-11,-23
1739721760.3121307,44,-42,-5
1739721760.3571308,-25,-83,-29
1739721760.4031308,-122,17,-68
1739721760.4491308,-22,23,-62
1739721760.4951308,-24,-36,-35
1739721760.5401306,-90,22,0
1739721760.5861306,17,-22,-111
1739721760.6321306,-4,1,48
1739721760.6771307,43,-15,-25
1739721760.7231307,10,63,-48
1739721760.7691307,22,37,-40
1739721760.8151307,39,-14,51
1739721760.8601308,-37,23,-72
1739721760.9061308,2,-17,-41
1739721760.9521308,87,1,-49
1739721760.9971306,46,-101,-73
1739721761.0431306,-25,44,44
1739721761.0891306,94,62,-24
1739721761.1351306,10,63,-57
1739721761.1801307,59,-18,-90
1739721761.2261307,33,0,-124
1739721761.2721307,11,3,-98
1739721761.3171306,-78,-26,-55
1739721761.3631306,-60,-65,-89
1739721761.4091306,0,-59,-94
1739721761.4551306,-4,66,59
1739721761.500131,20,36,-100
1739721761.546131,-16,60,27
1739721761.592131,19,0,-182
1739721761.6371307,61,-44,-148
1739721761.6831307,-46,-57,-63
1739721761.7291307,-22,20,59
1739721761.7751307,64,106,-16
1739721761.8201306,-58,-9,57
1739721761.8661306,61,-10,-80
1739721761.9121306,16,-40,-78
1739721761.957131,-13,-70,55
1739721762.003131,-66,-6,-101
1739721762.049131,7,-22,31
1739721762.0951307,-63,-5,-87
1739721762.1401308,-44,-29,-55
1739721762.1861308,-3,-35,83
1739721762.2321308,-86,48,-55
1739721762.2771306,46,-16,-46
1739721762.3231306,16,-51,-33
1739721762.3691306,-19,17,-56
1739721762.4151306,-63,-10,30
1739721762.4601307,-102,39,53
1739721762.5061307,24,46,16
1739721762.5521307,18,-27,-55
1739721762.5971308,35,-58,-103
1739721762.6431308,116,38,-47
1739721762.6891308,-40,-22,-4
1739721762.7351308,-13,64,-35
1739721762.7801306,4,47,-25
1739721762.8261306,17,15,-125
1739721762.8721306,27,13,13
1739721762.9171307,35,-52,-59
1739721762.9631307,-62,8,24
1739721763.0091307,6,-3,78
1739721763.0551307,14,41,-7
1739721763.1001308,9,-23,-85
1739721763.1461308,-70,40,-128
1739721763.1921306,18,-11,-89
1739721763.2371306,-40,-31,-56
1739721763.2831306,-71,59,-81
1739721763.3291306,-8,-10,-197
1739721763.375131,12,-14,24
1739721763.4201307,71,74,55
1739721763.4661307,13,84,15
1739721763.5121307,-13,15,-67
1739721763.5631306,46,-3,-103
1739721763.6091306,-19,-6,-2
1739721763.6551306,-13,-47,-56
1739721763.7001307,7,31,-121
1739721763.7461307,-53,-7,-100
1739721763.7921307,-19,13,-107
1739721763.8371308,-7,74,-65
1739721763.8831308,-38,12,-71
1739721763.9291308,-77,25,-177
1739721763.9751308,-55,-78,-100
1739721764.0201306,64,22,-18
1739721764.0661306,27,1,-84
1739721764.1121306,55,-42,-3
1739721764.1571307,-23,-10,70
1739721764.2031307,-1,80,92
1739721764.2491307,28,28,-108
1739721764.2951307,-26,-2,-11
1739721764.3401306,-7,85,-66
1739721764.3861306,-23,34,-132
1739721764.4321306,64,22,-46
1739721764.477131,12,51,-176
1739721764.523131,-54,3,-27
1739721764.569131,20,43,46
1739721764.615131,-92,33,-99
1739721764.6601307,-60,21,37
1739721764.7061307,-43,28,-95
1739721764.7521307,-7,49,49
1739721764.7971306,-39,-27,35
1739721764.8431306,-13,75,-22
1739721764.8891306,-69,-15,1
1739721764.934131,42,-66,-90
1739721764.980131,0,-60,-78
1739721765.026131,-11,-20,-83
1739721765.072131,19,67,53
1739721765.1171308,-80,-77,1
1739721765.1631308,11,-57,-88
1739721765.2091308,32,-51,29
1739721765.2541306,7,22,-222
1739721765.3001306,26,15,-55
1739721765.3461306,-78,-22,-21
1739721765.3921306,91,-17,0
1739721765.4371307,-90,95,-9
1739721765.4831307,-80,-24,80
1739721765.5291307,9,12,-7
1739721765.5741308,-34,-25,-30
1739721765.6201308,38,14,30
1739721765.6661308,26,23,29
1739721765.7121308,43,-83,-60
1739721765.7571306,-45,-2,-75
1739721765.8031306,-52,-74,-75
1739721765.8491306,41,68,-121
1739721765.8941307,24,7,24
1739721765.9401307,-9,50,-135
1739721765.9861307,17,10,-45
1739721766.0331306,11,-83,-35
1739721766.0781307,-4,99,-235
1739721766.1241307,-1,-7,64
1739721766.1701307,-1,8,-57
1739721766.2161307,-1,32,-19
1739721766.2611306,0,-3,-69
1739721766.3071306,-62,-14,-52
1739721766.3531306,-2,-21,-14
1739721766.398131,-52,25,-42
1739721766.444131,57,-72,-59
1739721766.490131,9,96,-61
1739721766.536131,-41,67,-17
1739721766.5811307,-65,24,-67
1739721766.6271307,-58,45,-39
1739721766.6731308,-17,51,1
1739721766.7181306,4,-1,-151
1739721766.7641306,-8,-55,38
1739721766.8101306,19,40,-3
1739721766.8561306,22,-18,-10
1739721766.901131,-24,-14,-55
1739721766.947131,22,52,-7
1739721766.9931307,-27,-30,-52
1739721767.0381308,-6,-40,-75
1739721767.0841308,-49,-38,-76
1739721767.1301308,34,10,-47
1739721767.1761308,-4,-27,-60
1739721767.2211306,25,9,96
1739721767.2671306,-43,15,108
1739721767.3131306,3,-21,-38
1739721767.3581307,-12,-17,17
1739721767.4041307,-49,-30,-53
1739721767.4501307,-59,48,-74
1739721767.4961307,-13,21,115
1739721767.5411308,-72,-60,-49
1739721767.5871308,5,21,-172
1739721767.6331308,-24,27,-144
1739721767.6781306,12,59,-120
1739721767.7241306,-47,5,-57
1739721767.7701306,-64,44,-35
1739721767.8161306,4,47,-110
1739721767.8611307,27,-34,-58
1739721767.9071307,-47,-54,-15
1739721767.9531307,1,-63,99
1739721767.9981308,-19,45,-146
1739721768.0441308,48,-17,-6
1739721768.0901306,23,-3,12
1739721768.1361306,-11,-39,-118
1739721768.1811306,47,57,30
1739721768.227131,-35,-43,-62
1739721768.273131,27,-5,13
1739721768.3181307,-11,82,43
1739721768.3641307,29,-41,34
1739721768.4101307,-46,-20,-104
1739721768.4561307,-17,91,71
1739721768.5011306,40,17,30
1739721768.5471306,15,2,-148
1739721768.5931306,-19,7,-124
1739721768.638131,44,11,-206
1739721768.684131,-21,2,77
1739721768.730131,14,5,-64
1739721768.776131,48,59,73
1739721768.8211308,-42,-1,40
1739721768.8671308,0,12,-50
1739721768.9131308,13,41,-169
1739721768.9581306,88,8,-7
1739721769.0041306,-6,32,1
1739721769.0501306,4,6,-160
1739721769.0961306,8,58,-62
1739721769.1411307,-40,52,-37
1739721769.1871307,-27,24,-47
1739721769.2331307,-18,-4,39
1739721769.2781308,-1,25,-160
1739721769.3241308,17,-13,-42
1739721769.3701308,-21,-1,-59
1739721769.4161308,78,27,-154
1739721769.4611306,-86,84,-91
1739721769.5071306,0,-51,-41
1739721769.5531306,-10,-24,17
1739721769.5981307,22,-5,42
1739721769.6441307,-34,-31,-19
1739721769.6901307,-19,51,82
1739721769.7361307,-7,-9,-44
1739721769.7811308,-25,-31,-72
1739721769.8271308,54,-40,-7
1739721769.8731308,11,-59,-35
1739721769.9181306,-80,-45,-21
1739721769.9641306,129,-32,9
1739721770.0101306,-56,17,-48
1739721770.0561306,61,0,35
1739721770.1011307,-17,87,29
1739721770.1471307,57,-5,-10
1739721770.1931307,-54,13,-142
1739721770.2381306,-92,7,-96
1739721770.2841306,69,-52,-87
1739721770.3301306,-33,24,-25
1739721770.3761306,31,18,-78
1739721770.421131,49,-37,-6
1739721770.467131,-22,-14,101
1739721770.513131,-25,-13,-55
1739721770.5581307,-58,-3,27
1739721770.6041307,-25,-42,-65
1739721770.6501307,-50,43,-105
1739721770.6961308,90,-46,-36
1739721770.7411306,-1,30,2
1739721770.7871306,50,-11,54
1739721770.8331306,-49,75,-48
1739721770.878131,89,-50,114
1739721770.924131,-52,-3,11
1739721770.9701307,-67,47,7
1739721771.0161307,1,82,-42
1739721771.0611308,-1,8,-164
1739721771.1071308,37,-46,-196
1739721771.1531308,11,12,-186
1739721771.1981306,-97,12,-51
1739721771.2441306,-24,-39,-72
1739721771.2901306,-8,28,-62
1739721771.3361306,23,-26,-34
1739721771.3811307,23,21,31
1739721771.4271307,-27,101,-76
1739721771.4731307,0,-22,-48
1739721771.5181308,-39,8,-136
1739721771.5641308,-66,3,-114
1739721771.6101308,-53,80,-138
1739721771.6561308,-22,-71,-5
1739721771.7011306,-47,15,1
1739721771.7471306,-9,3,-32
1739721771.7931306,-7,68,-122
1739721771.8381307,57,-7,-82
1739721771.8841307,1,-3,0
1739721771.9301307,2,41,-106
1739721771.9761307,8,-74,-38
1739721772.0211308,-38,-17,-17
1739721772.0671306,14,31,-32
1739721772.1131306,33,-15,-156
1739721772.1581306,-51,-44,-75
1739721772.2041306,-26,-8,-102
1739721772.250131,40,2,-102
1739721772.296131,29,-62,-66
1739721772.3411307,0,-49,-48
1739721772.3871307,-23,16,-130
1739721772.4331307,-23,-54,-126
1739721772.4781306,-43,-25,9
1739721772.5241306,-28,9,-77
1739721772.5701306,25,-39,-60
1739721772.6161306,-52,54,-96
1739721772.661131,-86,14,-120
1739721772.707131,25,-2,-131
1739721772.753131,-40,69,-34
1739721772.7981308,24,-6,29
1739721772.8441308,64,-8,-43
1739721772.8901308,67,-40,15
1739721772.9361308,-96,-8,-28
1739721772.9811306,-57,54,-31
1739721773.0271306,-59,5,-126
1739721773.0731306,14,45,-65
1739721773.1181307,-36,74,-47
1739721773.1641307,61,31,-81
1739721773.2101307,-10,5,-51
1739721773.2561307,8,24,-89
1739721773.3011308,-50,-36,-142
1739721773.3471308,-77,-39,-146
1739721773.3931308,108,9,-21
1739721773.4381306,-34,11,-56
1739721773.4841306,29,-11,-109
1739721773.5301306,-47,-39,-40
1739721773.5811307,-15,-86,-70
1739721773.6271307,18,59,17
1739721773.6731308,29,-26,-115
1739721773.7181306,-55,-13,-56
1739721773.7641306,-33,-41,-78
1739721773.8101306,8,42,-89
1739721773.8561306,-34,-21,-132
1739721773.901131,37,89,-19
1739721773.947131,-5,-38,-82
1739721773.9931307,2,61,-105
1739721774.0381308,39,-54,-20
1739721774.0841308,-5,56,-33
1739721774.1301308,-10,6,-45
1739721774.1761308,-95,81,67
1739721774.2211306,12,14,13
1739721774.2671306,-1,36,-119
1739721774.3131306,-60,16,-173
1739721774.3581307,23,-37,-95
1739721774.4041307,29,-75,-142
1739721774.4501307,68,-42,-87
1739721774.4951308,-24,-20,-130
1739721774.5411308,2,5,48
1739721774.5871308,70,-102,-91
1739721774.6331308,-10,35,-63
1739721774.6781306,41,-10,-40
1739721774.7241306,-14,24,-94
1739721774.7701306,55,128,-25
1739721774.8151307,-14,-27,-36
1739721774.8611307,40,45,14
1739721774.9071307,-29,-4,-24
1739721774.9531307,45,-84,13
1739721774.9981308,20,-28,-136
1739721775.0441308,-13,86,58
1739721775.0901306,-62,-9,55
1739721775.1351306,43,-41,-57
1739721775.1811306,64,-125,-103
1739721775.227131,1,28,-26
1739721775.273131,-72,21,6
1739721775.3181307,20,-39,-128
1739721775.3641307,-13,33,-122
1739721775.4101307,106,-103,-75
1739721775.4551306,-9,61,-8
1739721775.5011306,5,2,-88
1739721775.5471306,52,-14,-20
1739721775.5931306,16,57,-16
1739721775.638131,-21,-3,-98
1739721775.684131,12,4,-13
1739721775.730131,8,-42,-40
1739721775.7751307,-40,-9,-110
1739721775.8211308,-18,85,-30
1739721775.8671308,-6,-16,-34
1739721775.9131308,-18,-4,-52
1739721775.9581306,-7,-67,-126
1739721776.0041306,-3,-22,-56
1739721776.0501306,-21,16,-64
1739721776.0951307,9,-67,-96
1739721776.1411307,48,12,-116
1739721776.1871307,-82,-27,3
1739721776.2331307,33,-24,-32
1739721776.2781308,-8,7,-66
1739721776.3241308,41,-38,-54
1739721776.3701308,-5,-15,-96
1739721776.4151306,1,39,-50
1739721776.4611306,-60,54,-40
1739721776.5071306,-48,-12,9
1739721776.5531306,-65,-4,-32
1739721776.5981307,34,-16,25
1739721776.6441307,23,59,35
1739721776.6901307,9,-22,-33
1739721776.7351308,35,-44,-82
1739721776.7811308,-17,4,-102
1739721776.8271308,-45,40,-78
1739721776.8731308,-86,26,-118
1739721776.9181306,-28,10,-136
1739721776.9641306,-29,23,-7
1739721777.0101306,25,-10,38
1739721777.0551307,-2,-19,-86
1739721777.1011307,-67,-32,-3
1739721777.1471307,81,49,-45
1739721777.1931307,-1,-2,-54
1739721777.2381306,17,-100,-114
1739721777.2841306,18,14,-62
1739721777.3301306,-100,78,-81
1739721777.375131,-6,-34,-22
1739721777.421131,31,0,-32
1739721777.467131,9,-1,41
1739721777.513131,-63,13,-57
1739721777.5581307,7,1,-160
1739721777.6041307,-5,-18,-36
1739721777.6501307,-19,-36,13
1739721777.694131,-65,29,-22
1739721777.740131,-31,7,66
1739721777.786131,-37,-15,63
1739721777.8311307,79,-11,22
1739721777.8771307,-76,42,1
1739721777.9231308,12,-5,-22
1739721777.9691308,15,-46,40
1739721778.0141306,41,74,-55
1739721778.0601306,-20,39,-45
1739721778.1061306,-13,25,0
1739721778.151131,-25,21,-53
1739721778.197131,-32,37,-63
1739721778.2431307,33,17,-238
1739721778.2891307,51,-16,-44
1739721778.3341308,5,4,-58
1739721778.3801308,3,-13,-20
1739721778.4261308,-35,51,-83
1739721778.4711306,3,19,0
1739721778.5171306,60,44,-19
1739721778.5631306,35,-2,40
1739721778.6091306,72,-17,2
1739721778.6541307,-88,28,-50
1739721778.7001307,2,-16,-84
1739721778.7461307,32,-14,-38
1739721778.7911308,23,0,-138
1739721778.8371308,30,42,-156
1739721778.8831308,7,-21,19
1739721778.9291308,20,33,-110
1739721778.9741306,-64,23,-40
1739721779.0201306,0,9,-110
1739721779.0661306,-25,-33,38
1739721779.1111307,-37,-13,-70
1739721779.1571307,-24,-13,-40
1739721779.2031307,-61,-13,-57
1739721779.2491307,-39,16,-57
1739721779.2941308,25,-22,-8
1739721779.3401306,26,-69,-80
1739721779.3861306,54,74,-13
1739721779.4311306,29,27,-94
1739721779.477131,22,53,14
1739721779.523131,47,-4,64
1739721779.569131,43,56,-4
1739721779.6141307,-68,-85,23
1739721779.6601307,2,21,43
1739721779.7061307,11,35,-128
1739721779.7511306,-16,-64,-98
1739721779.7971306,67,4,-33
1739721779.8431306,120,-43,-72
1739721779.8891306,-7,15,-140
1739721779.934131,12,59,-76
1739721779.980131,26,-7,-20
1739721780.026131,42,-56,-66
1739721780.0711308,0,76,-94
1739721780.1171308,-38,-2,-170
1739721780.1631308,11,-26,-136
1739721780.2091308,-83,-34,-119
1739721780.2541306,47,10,-26
1739721780.3001306,-75,20,-16
1739721780.3461306,1,-6,-98
1739721780.3911307,36,28,10
1739721780.4371307,-57,52,-51
1739721780.4831307,13,35,-150
1739721780.5291307,-61,-42,-63
1739721780.5741308,-33,0,-13
1739721780.6201308,13,3,-110
1739721780.6661308,32,64,8
1739721780.7111306,-29,-71,-25
1739721780.7571306,0,0,37
1739721780.8031306,10,8,-40
1739721780.8491306,28,-30,-37
1739721780.8941307,-12,-43,-5
1739721780.9401307,62,41,-42
1739721780.9861307,46,80,-62
1739721781.0311308,27,-7,-38
1739721781.0771308,-54,-26,-139
1739721781.1231308,19,-71,-45
1739721781.1691308,-34,-18,-193
1739721781.2141306,-87,75,-80
1739721781.2601306,24,-30,-105
1739721781.3061306,0,-22,-61
1739721781.3511307,-3,3,-102
1739721781.3971307,14,13,-136
1739721781.4431307,-29,-90,37
1739721781.4891307,56,1,-60
1739721781.5341306,26,96,54
1739721781.5801306,25,-37,-22
1739721781.6261306,-79,28,-45
1739721781.671131,9,11,-124
1739721781.717131,-8,-6,-57
1739721781.763131,46,42,46
1739721781.809131,112,-57,-21
1739721781.8541307,3,50,0
1739721781.9001307,-42,48,23
1739721781.9461308,-22,26,32
1739721781.9911306,-72,29,-143
1739721782.0371306,-61,35,7
1739721782.0831306,76,-31,-125
1739721782.1291306,9,-30,8
1739721782.174131,11,0,-29
1739721782.2201307,0,13,-43
1739721782.2661307,-139,1,26
1739721782.3111308,47,16,-25
1739721782.3571308,-43,73,39
1739721782.4031308,38,55,-101
1739721782.4491308,11,-26,-36
1739721782.4941306,22,15,-61
1739721782.5401306,90,50,-115
1739721782.5861306,-13,23,-47
1739721782.6311307,-105,-42,-208
1739721782.6771307,1,37,-85
1739721782.7231307,7,35,-125
1739721782.7691307,56,22,-57
1739721782.8141308,13,63,-45
1739721782.8601308,-51,-63,28
1739721782.9061308,8,11,-165
1739721782.9511306,-53,-58,-62
1739721782.9971306,70,25,-101
1739721783.0431306,-12,-77,-28
1739721783.0891306,27,-17,-31
1739721783.1341307,35,-6,-103
1739721783.1801307,42,-29,-65
1739721783.2261307,23,42,-49
1739721783.2711308,12,16,-121
1739721783.3171306,18,14,-13
1739721783.3631306,11,13,-29
1739721783.4091306,33,22,25
1739721783.4541306,-15,-27,-28
1739721783.500131,-24,-20,-155
1739721783.546131,5,-57,-2
1739721783.5971308,49,37,-109
1739721783.6431308,0,82,-127
1739721783.6891308,17,36,-11
1739721783.7341306,36,-5,-57
1739721783.7801306,-8,34,-63
1739721783.8261306,-7,-66,-122
1739721783.8711307,39,24,-53
1739721783.9171307,76,-36,55
1739721783.9631307,51,45,-25
1739721784.0091307,-79,23,-46
1739721784.0551307,-68,111,-171
1739721784.1011307,37,-22,-31
1739721784.1471307,23,-37,-101
1739721784.1931307,84,-28,-67
1739721784.2381306,-10,-18,-70
1739721784.2841306,-6,-17,12
1739721784.3301306,-25,-47,52
1739721784.375131,-10,5,-38
1739721784.421131,38,-48,-117
1739721784.467131,39,66,-11
1739721784.513131,-34,-54,-32
1739721784.5581307,-13,-19,-107
1739721784.6041307,36,-6,3
1739721784.6501307,-57,-90,-66
1739721784.6951306,13,3,-58
1739721784.7411306,-2,-34,-62
1739721784.7871306,-7,2,-89
1739721784.832131,-21,58,-61
1739721784.878131,-27,0,-34
1739721784.924131,33,-38,2
1739721784.9701307,-37,30,46
1739721785.0151308,2,79,-93
1739721785.0611308,0,37,-41
1739721785.1071308,-10,-24,-16
1739721785.1521306,36,-24,84
1739721785.1981306,0,-58,-57
1739721785.2441306,91,-26,-50
1739721785.2901306,64,11,-118
1739721785.3351307,-77,26,-167
1739721785.3811307,-49,28,-9
1739721785.4271307,-26,-125,-23
1739721785.4721308,29,-20,49
1739721785.5181308,-15,7,-41
1739721785.5641308,-8,-23,8
1739721785.6101308,-34,18,4
1739721785.6551306,-85,72,-16
1739721785.7011306,-9,20,-25
1739721785.7471306,5,-5,-87
1739721785.7921307,40,38,-63
1739721785.8381307,-77,13,-34
1739721785.8841307,-25,-17,-5
1739721785.9301307,-70,23,-14
1739721785.9751308,17,127,-37
1739721786.0211308,-29,42,-28
1739721786.0671306,-26,-14,24
1739721786.1121306,-19,0,34
1739721786.1581306,-37,66,-99
1739721786.2041306,-52,2,-85
1739721786.250131,-59,-35,-153
1739721786.2951307,-4,67,24
1739721786.3411307,-60,63,61
1739721786.3871307,-60,18,-103
1739721786.4321306,-16,12,-112
1739721786.4781306,-20,-12,-203
1739721786.5241306,-12,12,-6
1739721786.5701306,5,-77,-63
1739721786.615131,-5,33,-137
1739721786.661131,47,-77,0
1739721786.707131,-10,-69,55
1739721786.7521307,26,4,8
1739721786.7981308,80,-15,-46
1739721786.8441308,-13,-64,-68
1739721786.8901308,-11,-71,2
1739721786.9351306,54,54,17
1739721786.9811306,-31,37,1
1739721787.0271306,-46,30,-87
1739721787.072131,-37,54,-109
1739721787.1181307,49,0,25
1739721787.1641307,8,42,-31
1739721787.2101307,18,23,-39
1739721787.2551308,-74,17,-66
1739721787.3011308,61,12,95
1739721787.3471308,-15,33,75
1739721787.3921306,-4,-55,-228
1739721787.4381306,-52,-21,11
1739721787.4841306,37,-18,-34
1739721787.5301306,10,28,73
1739721787.5751307,-64,10,49
1739721787.6211307,83,13,43
1739721787.6671307,-27,65,-14
1739721787.7121308,24,67,-26
1739721787.7581308,-9,-45,-32
1739721787.8041308,28,19,-58
1739721787.8501308,47,-6,-144
1739721787.8951306,-14,13,-28
1739721787.9411306,-62,24,-38
1739721787.9871306,-4,-59,0
1739721788.0321307,5,-26,-2
1739721788.0781307,-10,50,-35
1739721788.1241307,-11,31,1
1739721788.1701307,11,-4,-48
1739721788.2151306,-14,68,83
1739721788.2611306,-85,-34,-103
1739721788.3071306,42,16,147
1739721788.352131,60,33,8
1739721788.398131,-6,-9,-58
1739721788.444131,-9,-69,-60
1739721788.490131,-2,49,126
1739721788.5351307,30,-8,-40
1739721788.5811307,90,-25,-6
1739721788.6271307,-4,-65,-128
1739721788.6721306,-12,-41,-68
1739721788.7181306,-33,-54,-78
1739721788.7641306,-95,14,-35
1739721788.8101306,3,-31,-138
1739721788.855131,-67,28,-41
1739721788.901131,41,-8,-40
1739721788.947131,18,4,-90
1739721788.9921308,-40,-45,-8
1739721789.0381308,6,33,-23
1739721789.0841308,-5,-22,14
1739721789.1301308,-40,16,-78
1739721789.1751306,-78,-13,-112
1739721789.2211306,-48,-7,58
1739721789.2671306,-55,14,-76
1739721789.3121307,37,-27,91
1739721789.3581307,82,-102,64
1739721789.4041307,-93,13,-23
1739721789.4501307,49,56,-114
1739721789.4951308,30,37,-150
1739721789.5411308,2,26,-25
1739721789.5871308,39,-9,-122
1739721789.6321306,-7,28,-164
1739721789.6781306,-41,53,-65
1739721789.7241306,30,0,-78
1739721789.7701306,21,26,-54
1739721789.8151307,-9,20,-31
1739721789.8611307,88,0,-18
1739721789.9071307,-89,50,-43
1739721789.9521308,74,-29,-12
1739721789.9981308,-22,-73,-128
1739721790.0441308,-12,-28,-77
1739721790.0901306,58,63,-121
1739721790.1351306,-16,10,61
1739721790.1811306,-32,13,-135
1739721790.227131,95,-41,-26
1739721790.2721307,-10,-27,100
1739721790.3181307,9,30,-87
1739721790.3641307,36,37,-41
1739721790.4101307,10,66,-120
1739721790.4551306,-27,6,-67
1739721790.5011306,54,-2,-12
1739721790.5471306,51,-23,-166
1739721790.592131,-56,-25,-90
1739721790.638131,72,-15,-172
1739721790.684131,-90,44,-99
1739721790.730131,43,-6,-106
1739721790.7751307,50,-9,-74
1739721790.8211308,7,63,-102
1739721790.8671308,-39,-33,-101
1739721790.9121306,-26,-33,-61
1739721790.9581306,-35,-16,5
1739721791.0041306,14,7,-2
1739721791.0501306,-57,-61,-51
1739721791.0951307,4,-1,0
1739721791.1411307,-58,-3,-125
1739721791.1871307,17,55,2
1739721791.2321308,-43,-19,-92
1739721791.2781308,-15,-46,-42
1739721791.3241308,-91,-19,75
1739721791.3701308,-14,-34,-189
1739721791.4151306,20,-33,5
1739721791.4611306,84,-35,61
1739721791.5071306,-48,5,-38
1739721791.5521307,76,-27,-49
1739721791.5981307,4,66,2
1739721791.6441307,-12,-28,-61
1739721791.6901307,31,-33,-9
1739721791.7351308,-6,93,-24
1739721791.7811308,-47,44,18
1739721791.8271308,-2,0,-33
1739721791.8721306,7,82,-121
1739721791.9181306,71,-52,-25
1739721791.9641306,114,18,-21
1739721792.0101306,-29,156,-45
1739721792.0551307,-3,-12,4
1739721792.1011307,17,-27,-7
1739721792.1471307,-38,-37,74
1739721792.1921306,-16,18,32
1739721792.2381306,-64,44,0
1739721792.2841306,-63,-42,-18
1739721792.3301306,21,26,-25
1739721792.375131,29,61,-5
1739721792.421131,-16,-34,-28
1739721792.467131,-14,-22,-191
1739721792.5121307,-88,-21,72
1739721792.5581307,-11,112,-77
1739721792.6041307,19,-26,-83
1739721792.6501307,20,-29,-47
1739721792.6951306,-7,51,-125
1739721792.7411306,50,42,-103
1739721792.7871306,-60,-10,-93
1739721792.832131,-4,59,-57
1739721792.878131,-42,22,60
1739721792.924131,46,61,-137
1739721792.9701307,-50,-47,-34
1739721793.0151308,-84,43,27
1739721793.0611308,-85,-73,-114
1739721793.1071308,32,-56,-78
1739721793.1521306,23,-8,-123
1739721793.1981306,76,-63,-80
1739721793.2441306,0,-108,106
1739721793.2901306,-12,13,-99
1739721793.3351307,-24,-10,-145
1739721793.3811307,-9,34,35
1739721793.4271307,-23,-12,-63
1739721793.4721308,27,39,-125
1739721793.5181308,56,23,-149
1739721793.5641308,45,-58,-157
1739721793.615131,-72,70,-27
1739721793.661131,23,26,54
1739721793.707131,-51,59,-61
1739721793.7521307,-51,11,-125
1739721793.7981308,-14,7,-115
1739721793.8441308,31,-52,24
1739721793.8901308,0,34,-117
1739721793.9351306,-80,0,0
1739721793.9811306,-46,24,-27
1739721794.0271306,14,-16,-23
1739721794.072131,15,28,-15
1739721794.1181307,-40,-5,91
1739721794.1641307,-3,-54,0
1739721794.2081306,38,28,2
1739721794.2541306,-25,30,-47
1739721794.3001306,21,16,44
1739721794.3451307,-90,3,9
1739721794.3911307,28,-41,-90
1739721794.4371307,23,8,-38
1739721794.4831307,-41,31,-69
1739721794.5281308,-56,96,-127
1739721794.5741308,1,3,-56
1739721794.6201308,2,3,28
1739721794.6661308,51,39,104
1739721794.7111306,-62,14,29
1739721794.7571306,-2,-61,3
1739721794.8031306,-56,30,29
1739721794.8481307,-7,34,-128
1739721794.8941307,10,11,-132
1739721794.9401307,-44,20,-124
1739721794.9851308,14,-49,-11
1739721795.0311308,22,-50,-95
1739721795.0771308,3,18,-72
1739721795.1231308,8,12,-116
1739721795.1681306,35,63,-118
1739721795.2141306,9,-8,-11
1739721795.2601306,23,30,-32
1739721795.3051307,-49,-26,11
1739721795.3511307,-4,-32,-31
1739721795.3971307,58,0,-116
1739721795.4431307,20,42,-84
1739721795.4881306,6,-57,-45
1739721795.5341306,0,58,-22
1739721795.5801306,-48,20,160
1739721795.625131,54,62,20
1739721795.671131,-23,24,-86
1739721795.717131,-23,83,-174
1739721795.763131,14,46,-44
1739721795.8081307,-3,14,38
1739721795.8541307,-84,-5,-72
1739721795.9001307,7,23,-61
1739721795.9451306,-18,-37,-36
1739721795.9911306,-30,-52,32
1739721796.0371306,10,-12,-21
1739721796.0831306,-31,33,-16
1739721796.128131,0,-67,-40
1739721796.174131,-49,-3,-84
1739721796.2201307,15,46,-110
1739721796.2651308,16,-48,-120
1739721796.3111308,70,-4,5
1739721796.3571308,5,-31,-9
1739721796.4031308,-9,78,-121
1739721796.4481306,12,-61,-52
1739721796.4941306,-68,38,-118
1739721796.5401306,36,-40,-72
1739721796.5851307,11,31,-94
1739721796.6311307,10,16,35
1739721796.6771307,13,44,-34
1739721796.7231307,-67,61,-138
1739721796.7681308,-11,-13,-3
1739721796.8141308,-63,47,-106
1739721796.8601308,-12,43,43
1739721796.9051306,-19,-16,-25
1739721796.9511306,63,-33,-8
1739721796.9971306,-17,0,16
1739721797.0431306,-9,39,-33
1739721797.0881307,-62,-9,-65
1739721797.1341307,-37,-10,-97
1739721797.1801307,1,-15,-91
1739721797.2251308,-11,-14,-15
1739721797.2711308,-59,-46,32
1739721797.3171306,19,-19,-69
1739721797.3631306,-47,51,-93
1739721797.4081306,-13,-25,-21
1739721797.4541306,-48,37,-43
1739721797.500131,-1,0,-51
1739721797.5451307,-30,-38,-64
1739721797.5911307,59,20,-141
1739721797.6371307,-60,8,34
1739721797.6831307,29,-3,-29
1739721797.7281306,87,40,47
1739721797.7741306,8,2,-111
1739721797.8201306,-32,-20,-189
1739721797.865131,-41,-38,-20
1739721797.911131,-88,20,-57
1739721797.957131,-36,10,-41
1739721798.003131,56,19,-31
1739721798.0481308,-9,52,-43
1739721798.0941308,-49,51,-45
1739721798.1401308,12,-2,-63
1739721798.1851306,-3,7,-111
1739721798.2311306,-21,4,-161
1739721798.2771306,0,-16,-101
1739721798.3231306,48,0,-65
1739721798.3681307,116,-56,-147
1739721798.4141307,-5,-53,-99
1739721798.4601307,-87,51,-93
1739721798.5051308,98,-9,-35
1739721798.5511308,-27,96,-63
1739721798.5971308,-84,21,-9
1739721798.6431308,45,-14,-29
1739721798.6881306,-9,-43,-37
1739721798.7341306,-17,-30,96
1739721798.7801306,-21,-7,-107
1739721798.8251307,-33,30,-55
1739721798.8711307,-3,13,-29
1739721798.9171307,79,13,-23
1739721798.9631307,-34,-19,2
1739721799.0081308,-1,-24,-59
1739721799.0541308,-1,-5,-33
1739721799.1001308,-11,15,-67
1739721799.1451306,-18,61,-107
1739721799.1911306,-68,3,10
1739721799.2371306,-1,-12,-73
1739721799.2831306,-1,14,-28
1739721799.3281307,-48,-12,-19
1739721799.3741307,-80,11,-60
1739721799.4201307,-63,-12,-93
1739721799.4651306,39,77,-4
1739721799.5111306,58,76,-170
1739721799.5571306,2,24,-84
1739721799.6031306,-57,47,-53
1739721799.648131,-5,-18,-37
1739721799.694131,-8,5,85
1739721799.740131,-58,67,-37
1739721799.7851307,61,-2,-51
1739721799.8311307,-18,-51,-113
1739721799.8771307,54,-4,-167
1739721799.9231308,15,43,-71
1739721799.9681306,-74,-40,-65
1739721800.0141306,7,-60,-22
1739721800.0601306,0,8,-134
1739721800.105131,17,66,-74
1739721800.151131,16,-34,46
1739721800.197131,-17,-71,-76
1739721800.2431307,30,-30,63
1739721800.2881308,86,-76,80
1739721800.3341308,-4,29,51
1739721800.3801308,-3,73,-34
1739721800.4251306,59,38,-8
1739721800.4711306,21,3,-73
1739721800.5171306,-26,-27,-42
1739721800.5631306,38,52,-99
1739721800.6081307,-5,-24,-106
1739721800.6541307,-45,62,115
1739721800.7001307,-13,-15,-26
1739721800.7451308,-13,70,-96
1739721800.7911308,-19,23,-86
1739721800.8371308,-21,24,-83
1739721800.8831308,3,45,96
1739721800.9281306,43,-60,-6
1739721800.9741306,31,25,-88
1739721801.0201306,24,-24,-84
1739721801.0651307,-8,17,45
1739721801.1111307,16,-1,-88
1739721801.1571307,-27,-11,33
1739721801.2031307,-40,-19,15
1739721801.2481308,-34,-2,0
1739721801.2941308,20,-45,-101
1739721801.3401306,44,76,-48
1739721801.3851306,3,-1,68
1739721801.4311306,61,-12,2
1739721801.477131,45,-30,-127
1739721801.523131,-4,-13,-98
1739721801.5681307,16,37,-32
1739721801.6141307,27,-3,26
1739721801.6601307,35,1,91
1739721801.7051306,38,5,-108
1739721801.7511306,-85,-26,5
1739721801.7971306,84,-76,23
1739721801.8431306,30,47,-146
1739721801.888131,-32,23,42
1739721801.934131,-17,77,-78
1739721801.980131,-20,-28,9
1739721802.0251307,34,0,-44
1739721802.0711308,41,24,24
1739721802.1171308,39,59,-106
1739721802.1631308,7,27,-24
1739721802.2081306,-66,57,15
1739721802.2541306,-31,42,-3
1739721802.3001306,24,-4,-108
1739721802.3451307,-52,84,-47
1739721802.3911307,20,-16,113
1739721802.4371307,19,20,-10
1739721802.4831307,-18,-39,-110
1739721802.5281308,-111,19,33
1739721802.5741308,-8,5,-88
1739721802.6201308,-60,-45,53
1739721802.6651306,6,31,-132
1739721802.7111306,-26,-4,-63
1739721802.7571306,-109,33,-27
1739721802.8031306,61,-39,34
1739721802.8481307,-62,14,-41
1739721802.8941307,43,80,-54
1739721802.9401307,-37,50,-134
1739721802.9851308,-34,-85,7
1739721803.0311308,-19,41,-88
1739721803.0771308,0,-16,-44
1739721803.1231308,8,-33,-112
1739721803.1681306,80,14,-22
1739721803.2141306,15,6,-72
1739721803.2601306,-67,55,-90
1739721803.3051307,31,43,-120
1739721803.3511307,31,26,124
1739721803.3971307,-38,12,5
1739721803.4431307,14,-5,-36
1739721803.4881306,-14,-6,-75
1739721803.5341306,21,40,-114
1739721803.5851307,2,67,-28
1739721803.6311307,11,-54,-95
1739721803.6771307,81,-13,14
1739721803.7231307,-3,62,-86
1739721803.7681308,-29,-24,-87
1739721803.8141308,-56,75,-41
1739721803.8601308,82,-51,138
1739721803.9051306,-28,-26,23
1739721803.9511306,74,-27,-56
1739721803.9971306,1,63,52
1739721804.0431306,-23,-1,-67
1739721804.0881307,14,54,56
1739721804.1341307,22,13,-52
1739721804.1801307,-39,60,-1
1739721804.2251308,15,5,81
1739721804.2711308,-25,53,-108
1739721804.3171306,3,7,21
1739721804.3631306,68,-36,-86
1739721804.4081306,79,-29,8
1739721804.4541306,59,53,-40
1739721804.500131,-47,44,-58
1739721804.5451307,39,-62,-25
1739721804.5911307,-28,6,-6
1739721804.6371307,-16,-83,-176
1739721804.6831307,4,-3,-22
1739721804.7281306,-44,7,-66
1739721804.7741306,28,-16,-42
1739721804.8201306,-36,-12,-48
1739721804.865131,42,-4,31
1739721804.911131,-47,93,-48
1739721804.957131,32,5,-94
1739721805.0021307,60,-41,-82
1739721805.0481308,27,-34,-16
1739721805.0941308,38,92,32
1739721805.1401308,36,-43,8
1739721805.1851306,-2,15,-90
1739721805.2311306,-15,-27,59
1739721805.2771306,-15,-6,-66
1739721805.322131,-8,24,-232
1739721805.3681307,50,31,-116
1739721805.4141307,-3,1,-54
1739721805.4601307,-28,-124,-16
1739721805.5051308,61,3,-90
1739721805.5511308,10,-15,11
1739721805.5971308,-59,-41,98
1739721805.6421306,24,16,-73
1739721805.6881306,1,-10,12
1739721805.7341306,6,30,0
1739721805.7801306,51,-31,-61
1739721805.8251307,-32,69,27
1739721805.8711307,-61,17,-109
1739721805.9171307,41,-29,-91
1739721805.9621308,70,5,107
1739721806.0081308,-41,-44,-13
1739721806.0541308,75,23,103
1739721806.1001308,-46,0,-19
1739721806.1451306,71,-76,-27
1739721806.1911306,15,-24,-34
1739721806.2371306,43,60,5
1739721806.2821307,32,59,-82
1739721806.3281307,-3,-18,8
1739721806.3741307,-15,-6,-145
1739721806.4201307,66,-86,-39
1739721806.4651306,26,-5,-133
1739721806.5111306,-10,-5,-6
1739721806.5571306,-14,-34,-101
1739721806.602131,12,27,-17
1739721806.648131,-17,46,-99
1739721806.694131,-100,-18,-146
1739721806.740131,3,-34,-99
1739721806.7851307,15,34,13
1739721806.8311307,-23,18,-101
1739721806.8771307,-34,-12,-83
1739721806.9221306,-85,-2,-55
1739721806.9681306,-31,-17,19
1739721807.0141306,79,0,-60
1739721807.0601306,-67,-4,-85
1739721807.105131,-5,19,-26
1739721807.151131,44,-27,-44
1739721807.197131,28,11,-74
1739721807.2421308,10,30,-64
1739721807.2881308,57,9,-40
1739721807.3341308,-11,16,-58
1739721807.3801308,36,16,-28
1739721807.4251306,-10,44,-184
1739721807.4711306,3,19,-66
1739721807.5171306,-34,-3,57
1739721807.5621307,7,3,115
1739721807.6081307,-52,46,0
1739721807.6541307,-32,60,-11
1739721807.7001307,0,116,-35
1739721807.7451308,-20,1,-33
1739721807.7911308,16,-5,98
1739721807.8371308,54,-22,-171
1739721807.8821306,-35,-3,-157
1739721807.9281306,35,36,25
1739721807.9741306,-17,-24,-33
1739721808.0201306,-25,13,-182
1739721808.0651307,38,22,-38
1739721808.1111307,41,-83,-112
1739721808.1571307,23,-15,-81
1739721808.2021308,-12,10,48
1739721808.2481308,-65,-79,-57
1739721808.2941308,52,57,-144
1739721808.3401306,-12,19,-117
1739721808.3851306,26,22,3
1739721808.4311306,28,11,-54
1739721808.477131,12,42,-22
1739721808.5221307,69,-40,-48
1739721808.5681307,0,-47,-32
1739721808.6141307,-29,31,-46
1739721808.6601307,-43,15,-69
1739721808.7051306,47,-47,-82
1739721808.7511306,15,-67,-10
1739721808.7971306,3,-23,-229
1739721808.842131,13,0,-81
1739721808.888131,-68,-108,-52
1739721808.934131,41,-41,29
1739721808.980131,27,-9,-107
1739721809.0251307,52,19,-57
1739721809.0711308,11,-11,-51
1739721809.1171308,-20,-8,-51
1739721809.1621306,0,27,-77
1739721809.2081306,4,-1,92
1739721809.2541306,8,-50,38
1739721809.3001306,-14,36,-211
1739721809.3451307,38,-44,-29
1739721809.3911307,15,-19,-87
1739721809.4371307,32,41,-81
1739721809.4821308,41,-24,-37
1739721809.5281308,14,3,-67
1739721809.5741308,-20,-51,-33
1739721809.6201308,12,27,45
1739721809.6651306,-4,-5,0
1739721809.7111306,-79,-38,-18
1739721809.7571306,23,-39,-95
1739721809.8021307,-3,50,-109
1739721809.8481307,53,-38,-21
1739721809.8941307,41,59,11
1739721809.9401307,46,-3,13
1739721809.9851308,-38,-48,4
1739721810.0311308,34,51,-131
1739721810.0771308,-61,14,-125
1739721810.1221306,3,24,-75
1739721810.1681306,-9,-27,-171
1739721810.2141306,19,54,-24
1739721810.2601306,-63,-63,-77
1739721810.3051307,-44,20,-89
1739721810.3511307,10,57,-62
1739721810.3971307,-44,24,-93
1739721810.4421306,35,31,-59
1739721810.4881306,-15,22,-25
1739721810.5341306,6,57,-48
1739721810.5801306,-24,0,34
1739721810.625131,-35,33,-131
1739721810.671131,-36,91,8
1739721810.717131,59,-29,-58
1739721810.7621307,-3,0,-5
1739721810.8081307,5,4,-19
1739721810.8541307,-24,36,6
1739721810.9001307,-37,53,13
1739721810.9451306,-16,-6,-26
1739721810.9911306,8,32,-1
1739721811.0371306,27,-1,-46
1739721811.082131,11,76,1
1739721811.128131,46,89,-77
1739721811.174131,-6,-72,-70
1739721811.2201307,95,36,-13
1739721811.2651308,72,18,1
1739721811.3111308,31,10,10
1739721811.3571308,-54,21,66
1739721811.4021306,-3,1,147
1739721811.4481306,-115,-33,-19
1739721811.4941306,-45,62,-64
1739721811.5401306,115,48,-118
1739721811.5851307,-38,22,-45
1739721811.6311307,-1,6,79
1739721811.6771307,-32,-31,131
1739721811.7221308,53,82,-30
1739721811.7681308,-17,-13,-123
1739721811.8141308,-16,-3,-108
1739721811.8601308,9,43,-68
1739721811.9051306,-23,-86,-33
1739721811.9511306,28,-53,-13
1739721811.9971306,-59,7,63
1739721812.0421307,-73,44,-23
1739721812.0881307,10,13,-66
1739721812.1341307,-73,-9,11
1739721812.1801307,-76,-12,-79
1739721812.2251308,-61,1,-39
1739721812.2711308,-11,-3,39
1739721812.3171306,7,-18,-9
1739721812.3621306,-19,47,-64
1739721812.4081306,-13,57,-12
1739721812.4541306,66,-24,-136
1739721812.500131,-39,69,-46
1739721812.5451307,-52,31,-51
1739721812.5911307,-35,-52,-163
1739721812.6371307,-25,40,46
1739721812.6821306,-25,-40,-63
1739721812.7281306,-9,3,-116
1739721812.7741306,59,-3,-78
1739721812.8201306,-34,41,27
1739721812.865131,-27,-17,9
1739721812.911131,-53,-6,85
1739721812.957131,-16,-21,-39
1739721813.0021307,28,-13,91
1739721813.0481308,41,-12,-124
1739721813.0941308,27,13,4
1739721813.1401308,-2,58,133
1739721813.1851306,-36,-36,-20
1739721813.2311306,22,-28,-14
1739721813.2771306,104,5,18
1739721813.322131,13,-97,-12
1739721813.3681307,-66,5,-93
1739721813.4141307,-7,-30,5
1739721813.4601307,-33,13,-79
1739721813.5051308,-28,-88,-57
1739721813.5511308,9,5,-128
1739721813.602131,-44,53,-19
1739721813.648131,75,60,-22
1739721813.694131,-100,-14,-69
1739721813.740131,33,32,-10
1739721813.7851307,39,-9,28
1739721813.8311307,40,-12,-94
1739721813.8771307,-35,29,-107
1739721813.9221306,-49,6,-89
1739721813.9681306,-47,61,-117
1739721814.0141306,-42,1,-39
1739721814.0601306,-10,-40,-88
1739721814.105131,25,55,-168
1739721814.151131,5,-20,24
1739721814.197131,31,-42,-104
1739721814.2421308,-47,1,27
1739721814.2881308,76,35,-2
1739721814.3341308,18,17,-42
1739721814.3801308,-27,76,-19
1739721814.4251306,-46,9,-23
1739721814.4711306,-26,-17,-17
1739721814.5171306,-32,-17,-146
1739721814.5621307,-45,-82,-146
1739721814.6081307,43,37,-58
1739721814.6541307,-44,14,-62
1739721814.7001307,-89,55,31
1739721814.7451308,19,-22,-46
1739721814.7911308,17,31,-56
1739721814.8371308,31,3,-132
1739721814.8821306,-98,-23,42
1739721814.9281306,41,-39,9
1739721814.9741306,-17,31,-10
1739721815.0191307,0,0,-169
1739721815.0651307,-27,45,86
1739721815.1111307,-8,17,-55
1739721815.1571307,25,29,-151
1739721815.2021308,56,-7,-85
1739721815.2481308,-38,32,34
1739721815.2941308,88,-44,42
1739721815.3391306,23,19,-95
1739721815.3851306,8,86,-72
1739721815.4311306,17,82,-70
1739721815.477131,0,-24,-19
1739721815.5221307,-36,-28,-23
1739721815.5681307,-112,-14,-6
1739721815.6141307,-27,2,-24
1739721815.6591306,35,51,20
1739721815.7051306,-38,13,-57
1739721815.7511306,3,-38,-73
1739721815.7971306,-29,46,102
1739721815.842131,-24,-43,-19
1739721815.888131,-49,12,-47
1739721815.934131,13,-14,-139
1739721815.9791307,0,-39,-27
1739721816.0251307,69,9,-4
1739721816.0711308,6,23,24
1739721816.1171308,-42,70,104
1739721816.1621306,77,-3,-91
1739721816.2081306,-17,-48,-109
1739721816.2541306,-17,-16,-41
1739721816.299131,-50,9,-71
1739721816.3451307,-114,56,-51
1739721816.3911307,10,-37,-97
1739721816.4371307,-112,-73,-5
1739721816.4821308,3,24,-33
1739721816.5281308,-27,-21,-15
1739721816.5741308,25,24,42
1739721816.6191306,22,4,84
1739721816.6651306,-5,-38,-31
1739721816.7111306,-9,-45,-55
1739721816.7571306,27,18,52
1739721816.8021307,36,18,76
1739721816.8481307,73,16,70
1739721816.8941307,-175,0,-103
1739721816.9391308,20,-12,-103
1739721816.9851308,53,-60,-55
1739721817.0311308,-17,0,-21
1739721817.0771308,-29,63,-38
1739721817.1221306,56,-44,-85
1739721817.1681306,82,11,-39
1739721817.2141306,0,-41,-87
1739721817.2591307,-26,-25,-173
1739721817.3051307,-60,-41,-141
1739721817.3511307,13,3,-147
1739721817.3971307,5,-43,-69
1739721817.4421306,17,61,-29
1739721817.4881306,-3,-16,-55
1739721817.5341306,-75,6,110
1739721817.5791306,33,15,-4
1739721817.625131,-14,-13,-55
1739721817.671131,-6,8,-129
1739721817.717131,-9,-31,-121
1739721817.7621307,41,-2,27
1739721817.8081307,-6,63,-159
1739721817.8541307,58,-20,-21
1739721817.8991306,18,0,-99
1739721817.9451306,-52,-14,46
1739721817.9911306,-14,11,-125
1739721818.0371306,-32,-53,-13
1739721818.082131,-46,15,-93
1739721818.128131,-23,-28,-49
1739721818.174131,1,-43,-29
1739721818.2191308,-24,10,-129
1739721818.2651308,-76,-39,114
1739721818.3111308,-57,-40,-117
1739721818.3571308,83,-14,-41
1739721818.4021306,19,-51,-63
1739721818.4481306,-5,72,0
1739721818.4941306,18,-2,-129
1739721818.5391307,-29,-11,-106
1739721818.5851307,0,80,-133
1739721818.6311307,31,20,-57
1739721818.6771307,17,49,-63
1739721818.7221308,-5,33,-20
1739721818.7671306,-37,55,-4
1739721818.8131306,-14,37,-42
1739721818.8581307,38,-37,-93
1739721818.9041307,2,44,-132
1739721818.9501307,21,29,-106
1739721818.9951308,47,-48,-44
1739721819.0411308,15,-2,32
1739721819.0871308,63,3,0
1739721819.1331308,71,-82,-28
1739721819.1781306,31,-42,-114
1739721819.2241306,-2,-19,-132
1739721819.2701306,36,-49,-70
1739721819.3151307,47,-79,-208
1739721819.3611307,16,30,-22
1739721819.4071307,-15,69,-129
1739721819.4531307,6,-31,-192
1739721819.4981308,77,-6,-50
1739721819.5441308,-35,12,-93
1739721819.5901306,38,16,-156
1739721819.6351306,-11,-14,31
1739721819.6811306,-8,-4,-53
1739721819.727131,-69,-21,-13
1739721819.773131,39,0,-30
1739721819.8181307,7,-35,-96
1739721819.8641307,-38,96,-85
1739721819.9101307,32,90,30
1739721819.9551306,19,-37,-28
1739721820.0011306,37,-28,-48
1739721820.0471306,7,21,-8
1739721820.0931306,33,94,-50
1739721820.138131,2,62,-5
1739721820.184131,-107,32,-100
1739721820.230131,17,29,-33
1739721820.2751307,-32,28,-34
1739721820.3211308,44,-33,-17
1739721820.3671308,-79,1,52
1739721820.4131308,-78,-28,-132
1739721820.4581306,-31,42,-26
1739721820.5041306,15,28,-103
1739721820.5501306,75,-84,43
1739721820.5951307,36,23,13
1739721820.6411307,-20,9,84
1739721820.6871307,0,-58,-57
1739721820.7331307,-55,28,-68
1739721820.7781308,-1,6,-49
1739721820.8241308,-11,16,10
1739721820.8701308,-50,43,-197
1739721820.9151306,85,46,3
1739721820.9611306,44,-9,-45
1739721821.0071306,-22,39,-61
1739721821.0531306,35,-4,-3
1739721821.0981307,-30,-32,66
1739721821.1441307,-136,-8,-8
1739721821.1901307,-43,64,-34
1739721821.2351308,46,38,-59
1739721821.2811308,3,47,-89
1739721821.3271308,-18,-9,-115
1739721821.3731308,49,77,-23
1739721821.4181306,-23,-35,-18
1739721821.4641306,8,-67,58
1739721821.5101306,12,-20,60
1739721821.5551307,-57,54,-20
1739721821.6011307,19,-37,58
1739721821.6471307,17,67,28
1739721821.6931307,-56,-51,-40
1739721821.7381306,40,-3,9
1739721821.7841306,-3,20,-31
1739721821.8301306,5,35,-75
1739721821.875131,14,24,-75
1739721821.921131,-17,-31,-6
1739721821.967131,1,29,-33
1739721822.013131,-38,-25,-46
1739721822.0581307,70,-32,-3
1739721822.1041307,57,-123,-27
1739721822.1501307,28,-47,-19
1739721822.1951306,-35,50,-62
1739721822.2411306,26,61,-103
1739721822.2871306,73,-4,-73
1739721822.3331306,0,27,-23
1739721822.378131,-25,48,30
1739721822.424131,-34,-30,-64
1739721822.4701307,-62,63,-98
1739721822.5151308,-67,-3,-92
1739721822.5611308,68,-48,23
1739721822.6071308,51,94,61
1739721822.6531308,12,-16,-23
1739721822.6981306,-7,-15,-65
1739721822.7441306,41,-30,39
1739721822.7901306,-70,-48,-4
1739721822.8351307,0,-32,26
1739721822.8811307,-22,-18,54
1739721822.9271307,-41,-30,24
1739721822.9731307,-34,31,0
1739721823.0181308,-60,-87,-30
1739721823.0641308,65,-75,-21
1739721823.1101308,-5,-71,35
1739721823.1551306,37,-82,68
1739721823.2011306,95,-51,22
1739721823.2471306,-11,-35,0
1739721823.2931306,36,33,-58
1739721823.3381307,59,-49,-72
1739721823.3841307,18,25,-8
1739721823.4301307,-6,108,-84
1739721823.4751308,-75,8,-71
1739721823.5211308,-49,-36,35
1739721823.5671306,-8,-53,-76
1739721823.6181307,-16,56,-158
1739721823.6641307,-2,60,-58
1739721823.7101307,70,-80,-64
1739721823.7551308,40,-41,-74
1739721823.8011308,-54,14,-18
1739721823.8471308,9,32,-64
1739721823.8931308,-33,0,-78
1739721823.9381306,30,52,-40
1739721823.9841306,-19,11,59
1739721824.0301306,56,49,-148
1739721824.0751307,-85,93,-23
1739721824.1211307,4,32,-112
1739721824.1671307,-5,20,-86
1739721824.2131307,-77,49,-82
1739721824.2581308,-12,-55,-17
1739721824.3041308,55,-32,-67
1739721824.3501308,30,82,-116
1739721824.3951306,-95,30,-127
1739721824.4411306,-64,-3,-103
1739721824.4871306,20,62,-78
1739721824.5331306,31,20,-66
1739721824.5781307,-20,-51,-71
1739721824.6231308,2,-25,-214
1739721824.6691308,16,-66,6
1739721824.7141306,-7,-19,-32
1739721824.7601306,37,58,105
1739721824.8061306,3,-2,-18
1739721824.8511307,5,-43,94
1739721824.8971307,62,-34,-40
1739721824.9431307,22,-62,-10
1739721824.9881306,-20,-70,-160
1739721825.0341306,13,25,-170
1739721825.0801306,-16,16,-27
1739721825.1261306,-65,22,-25
1739721825.171131,9,20,-36
1739721825.217131,13,18,16
1739721825.263131,26,-48,-78
1739721825.3081307,-11,141,-95
1739721825.3541307,0,-41,-62
1739721825.4001307,60,-41,-88
1739721825.4461308,13,35,-44
1739721825.4911306,5,-17,-120
1739721825.5371306,-35,-52,-11
1739721825.5831306,4,17,-64
1739721825.628131,46,-34,-82
1739721825.674131,-99,54,0
1739721825.7201307,19,-56,-66
1739721825.7661307,42,6,83
1739721825.8111308,-38,15,-51
1739721825.8571308,-18,14,-25
1739721825.9031308,15,-27,-82
1739721825.9481306,35,6,-42
1739721825.9941306,55,-37,-48
1739721826.0401306,-9,58,-21
1739721826.0861306,63,-31,-30
1739721826.1311307,-20,-48,4
1739721826.1771307,88,-16,10
1739721826.2231307,-38,-19,-121
1739721826.2681308,49,-6,-230
1739721826.3141308,-66,3,-69
1739721826.3601308,59,-32,44
1739721826.4061308,83,-18,20
1739721826.4511306,-77,-28,-123
1739721826.4971306,-25,42,-57
1739721826.5431306,34,-23,-22
1739721826.5881307,19,3,6
1739721826.6341307,32,22,-70
1739721826.6801307,20,-29,-120
1739721826.7261307,80,-2,-2
1739721826.7711308,29,-23,-18
1739721826.8171306,-6,11,-66
1739721826.8631306,-5,-2,-26
1739721826.9081306,11,-16,-130
1739721826.9541306,84,10,-78
1739721827.000131,-93,0,7
1739721827.046131,22,30,-88
1739721827.0911307,-19,-64,-1
1739721827.1371307,0,-3,-34
1739721827.1831307,45,-78,-106
1739721827.2281306,-31,0,-63
1739721827.2741306,45,5,20
1739721827.3201306,-4,-12,1
1739721827.3661306,-40,44,-74
1739721827.411131,19,-126,-15
1739721827.457131,-32,72,9
1739721827.503131,-55,-9,-52
1739721827.5481308,-50,10,-48
1739721827.5941308,89,25,-42
1739721827.6401308,-4,14,43
1739721827.6861308,-44,-15,-9
1739721827.7311306,26,-9,-96
1739721827.7771306,106,-9,-115
1739721827.8231306,-97,68,-64
1739721827.8681307,-60,-5,-69
1739721827.9141307,-15,-25,-53
1739721827.9601307,-44,-40,-36
1739721828.0061307,-11,22,-74
1739721828.0511308,-13,-66,-84
1739721828.0971308,-28,-48,2
1739721828.1431308,7,-14,-58
1739721828.1881306,-28,-5,-83
1739721828.2341306,-1,-59,-88
1739721828.2801306,-5,-51,-118
1739721828.3261306,-60,-80,-118
1739721828.3711307,-11,-38,-38
1739721828.4171307,89,-37,63
1739721828.4631307,-38,-7,-100
1739721828.5081308,-37,-20,-66
1739721828.5541308,-28,-49,-136
1739721828.6001308,-52,-89,-128
1739721828.6461308,-27,37,5
1739721828.6911306,-12,-54,12
1739721828.7371306,-37,22,-44
1739721828.7831306,-51,-26,0
1739721828.8281307,-62,43,11
1739721828.8741307,-32,51,-88
1739721828.9201307,6,59,-17
1739721828.9661307,-13,-11,-110
1739721829.0111306,0,0,-62
1739721829.0571306,23,55,-46
1739721829.1031306,-57,-22,14
1739721829.148131,-65,12,-36
1739721829.194131,17,7,-93
1739721829.240131,30,51,-81
1739721829.286131,0,-17,52
1739721829.3311307,21,-16,25
1739721829.3771307,58,-1,-82
1739721829.4231308,14,5,-51
1739721829.4681306,-30,55,-49
1739721829.5141306,-7,11,1
1739721829.5601306,-78,9,17
1739721829.6061306,-14,-6,-7
1739721829.651131,-40,81,-71
1739721829.697131,21,-23,-32
1739721829.7431307,-21,9,-69
1739721829.7881308,-7,-61,-22
1739721829.8341308,-32,64,45
1739721829.8801308,18,52,-10
1739721829.9261308,77,-10,-57
1739721829.9711306,58,-40,167
1739721830.0171306,54,-32,-92
1739721830.0631306,20,35,-33
1739721830.1081307,21,-28,-21
1739721830.1541307,57,36,-49
1739721830.2001307,32,20,-181
1739721830.2461307,30,-10,-117
1739721830.2911308,-60,-80,4
1739721830.3371308,21,-54,-178
1739721830.3831308,-48,25,-74
1739721830.4281306,13,26,29
1739721830.4741306,-81,17,8
1739721830.5201306,-31,-49,-167
1739721830.5661306,42,-18,-51
1739721830.6111307,28,9,-103
1739721830.6571307,-45,49,-167
1739721830.7031307,16,23,2
1739721830.7481308,8,45,-105
1739721830.7941308,74,31,-53
1739721830.8401306,-22,-65,-121
1739721830.8861306,-1,47,14
1739721830.9311306,-13,0,52
1739721830.977131,1,37,-139
1739721831.023131,-19,-9,-135
1739721831.0681307,15,-34,-105
1739721831.1141307,0,-37,0
1739721831.1601307,5,24,-201
1739721831.2061307,6,-42,-77
1739721831.2511306,71,21,-103
1739721831.2971306,39,-48,-34
1739721831.3431306,1,22,-1
1739721831.388131,32,0,-14
1739721831.434131,-6,40,-49
1739721831.480131,-10,-56,-78
1739721831.526131,34,89,-70
1739721831.5711308,-37,24,1
1739721831.6171308,27,-33,8
1739721831.6631308,9,28,51
1739721831.7081306,-97,-5,23
1739721831.7541306,8,66,27
1739721831.8001306,-69,30,-144
1739721831.8461306,56,41,-64
1739721831.8911307,63,87,-40
1739721831.9371307,-37,-38,-111
1739721831.9831307,-6,-39,-46
1739721832.0281308,-8,-25,21
1739721832.0741308,25,27,34
1739721832.1201308,50,43,-100
1739721832.1661308,5,-11,-122
1739721832.2111306,44,7,0
1739721832.2571306,-57,71,-132
1739721832.3031306,-7,-55,-137
1739721832.3481307,66,-47,25
1739721832.3941307,10,19,-136
1739721832.4401307,21,15,0
1739721832.4861307,33,79,-44
1739721832.5311308,-32,-44,-129
1739721832.5771308,9,-19,-37
1739721832.6231308,-7,-20,-161
1739721832.6681306,-26,71,-132
1739721832.7141306,-63,27,-63
1739721832.7601306,-52,23,37
1739721832.8061306,-19,47,-62
1739721832.8511307,-12,-4,-20
1739721832.8971307,-41,86,-116
1739721832.9431307,-17,23,-144
1739721832.9881306,47,-46,-48
1739721833.0341306,-77,27,103
1739721833.0801306,-32,-1,-74
1739721833.1261306,-13,2,75
1739721833.171131,-23,10,-56
1739721833.217131,46,-71,0
1739721833.263131,0,28,14
1739721833.3081307,-42,-12,23
1739721833.3541307,-10,-11,-14
1739721833.4001307,50,-55,-78
1739721833.4461308,-86,-18,-86
1739721833.4911306,-24,-18,-46
1739721833.5371306,-7,80,76
1739721833.5831306,-34,63,40
1739721833.6341307,-60,50,-84
1739721833.6801307,-1,18,-38
1739721833.7261307,-51,57,98
1739721833.7711308,9,18,52
1739721833.8171306,-116,41,-68
1739721833.8631306,4,14,-4
1739721833.9081306,-1,-6,89
1739721833.9541306,-21,18,-162
1739721834.000131,-124,15,-61
1739721834.046131,-26,9,-99
1739721834.0911307,-12,4,-92
1739721834.1371307,6,-2,6
1739721834.1831307,-48,19,-17
1739721834.2281306,-13,3,-13
1739721834.2741306,-30,27,29
1739721834.3201306,-21,28,-31
1739721834.365131,-60,50,29
1739721834.411131,18,25,-6
1739721834.457131,-4,-52,33
1739721834.503131,-17,-24,-106
1739721834.5481308,-34,-18,10
1739721834.5941308,-38,51,-4
1739721834.6401308,46,8,-185
1739721834.6861308,-56,-46,-112
1739721834.7311306,15,28,3
1739721834.7771306,81,77,-15
1739721834.8231306,-4,60,9
1739721834.8681307,48,-2,-31
1739721834.9141307,43,71,-137
1739721834.9601307,-21,-1,-79
1739721835.0051308,-17,10,-35
1739721835.0511308,-42,5,18
1739721835.0971308,17,0,-67
1739721835.1431308,97,-11,-47
1739721835.1881306,48,-56,-83
1739721835.2341306,56,67,-11
1739721835.2801306,47,-49,-95
1739721835.3251307,34,-12,-53
1739721835.3711307,-71,-26,-86
1739721835.4171307,-3,32,-47
1739721835.4631307,51,70,-73
1739721835.5081308,25,33,51
1739721835.5541308,66,10,-49
1739721835.6001308,49,-120,-45
1739721835.6451306,48,-26,-73
1739721835.6911306,8,-10,-35
1739721835.7371306,57,-21,-65
1739721835.7831306,17,10,-171
1739721835.8281307,-96,15,-14
1739721835.8741307,-49,3,-137
1739721835.9201307,-37,-100,-76
1739721835.9651306,95,-3,-9
1739721836.0111306,-10,-29,8
1739721836.0571306,-86,7,-63
1739721836.1031306,33,27,-27
1739721836.148131,1,-19,82
1739721836.194131,0,9,-33
1739721836.240131,-19,0,-29
1739721836.2851307,47,-34,-91
1739721836.3311307,-26,36,-118
1739721836.3771307,-45,-10,-61
1739721836.4231308,12,0,-58
1739721836.4681306,13,-33,-33
1739721836.5141306,-4,-37,-9
1739721836.5601306,53,80,-100
1739721836.605131,-23,8,-61
1739721836.651131,-20,83,88
1739721836.697131,39,-17,-90
1739721836.7431307,52,36,-136
1739721836.7881308,7,39,8
1739721836.8341308,21,-25,-30
1739721836.8801308,10,42,-182
1739721836.9251306,-66,-20,-31
1739721836.9711306,36,116,-98
1739721837.0171306,14,1,16
1739721837.0631306,0,-53,-51
1739721837.1081307,-35,-22,-67
1739721837.1541307,-19,66,-60
1739721837.2001307,-46,18,55
1739721837.2451308,-9,-71,-31
1739721837.2911308,-62,28,-29
1739721837.3371308,4,-26,-43
1739721837.3831308,-52,-16,-55
1739721837.4281306,-32,-74,-63
1739721837.4741306,24,-47,-92
1739721837.5201306,-53,35,23
1739721837.5651307,-53,15,-133
1739721837.6111307,20,-29,-134
1739721837.6571307,-81,69,-37
1739721837.7031307,10,-51,-74
1739721837.7481308,28,30,-50
1739721837.7941308,-94,32,-73
1739721837.8401306,-17,71,-10
1739721837.8851306,-60,13,-130
1739721837.9311306,20,-12,-48
1739721837.977131,42,-30,-124
1739721838.023131,40,30,-130
1739721838.0681307,-32,62,-44
1739721838.1141307,60,-2,22
1739721838.1601307,70,-40,81
1739721838.2051306,66,-58,-80
1739721838.2511306,47,27,-226
1739721838.2971306,38,67,-10
1739721838.3431306,-40,-50,-89
1739721838.388131,4,-23,-47
1739721838.434131,67,-21,-66
1739721838.480131,-68,24,-116
1739721838.5251307,-59,98,-36
1739721838.5711308,79,-7,8
1739721838.6171308,-22,54,-12
1739721838.6631308,-53,27,-78
1739721838.7081306,18,-26,-91
1739721838.7541306,64,13,-62
1739721838.8001306,53,25,-12
1739721838.8451307,-79,-5,-15
1739721838.8911307,-4,14,-66
1739721838.9371307,6,50,-24
1739721838.9831307,-6,-3,15
1739721839.0281308,-29,9,-41
1739721839.0741308,-51,34,-45
1739721839.1201308,-57,54,-138
1739721839.1651306,26,18,-46
1739721839.2111306,0,-31,-55
1739721839.2571306,-33,6,-9
1739721839.3031306,-28,14,-99
1739721839.3481307,98,11,-56
1739721839.3941307,-32,-25,-39
1739721839.4401307,-57,41,-25
1739721839.4851308,-6,19,-62
1739721839.5311308,13,29,4
1739721839.5771308,35,-60,-144
1739721839.6231308,-4,58,34
1739721839.6681306,-10,-5,-53
1739721839.7141306,3,-34,-38
1739721839.7601306,24,35,-148
1739721839.8051307,-41,14,97
1739721839.8511307,1,-10,25
1739721839.8971307,-75,45,-45
1739721839.9431307,35,-10,-16
1739721839.9881306,6,-56,5
1739721840.0341306,-23,-19,29
1739721840.0801306,53,17,-52
1739721840.125131,29,-26,-66
1739721840.171131,31,-16,-102
1739721840.217131,29,-10,-10
1739721840.263131,-62,38,27
1739721840.3081307,18,51,-54
1739721840.3541307,-6,-12,51
1739721840.4001307,-18,7,-83
1739721840.4451306,-6,24,-105
1739721840.4911306,-5,-61,-78
1739721840.5371306,32,-37,-84
1739721840.5831306,13,61,-18
1739721840.628131,31,82,-96
1739721840.674131,-24,-22,41
1739721840.7201307,-33,11,-33
1739721840.7651308,90,-31,-48
1739721840.8111308,-13,42,-159
1739721840.8571308,11,-62,8
1739721840.9031308,-30,12,-33
1739721840.9481306,64,21,-148
1739721840.9941306,-62,-97,-8
1739721841.0401306,43,63,-97
1739721841.0851307,41,-51,14
1739721841.1311307,-24,40,21
1739721841.1771307,75,22,-54
1739721841.2231307,-6,87,-129
1739721841.2681308,-14,45,5
1739721841.3141308,-1,-11,-64
1739721841.3601308,-21,-50,48
1739721841.4051306,-81,-18,-116
1739721841.4511306,-9,73,-129
1739721841.4971306,-41,0,-80
1739721841.5431306,58,2,-3
1739721841.5881307,11,8,-43
1739721841.6341307,16,-44,-14
1739721841.6801307,39,-50,-134
1739721841.7251308,-29,42,0
1739721841.7711308,-4,-35,-98
1739721841.8171306,-3,-63,-70
1739721841.8631306,11,-96,-16
1739721841.9081306,-81,70,9
1739721841.9541306,11,12,2
1739721842.000131,61,16,-30
1739721842.0451307,37,48,-124
1739721842.0911307,-76,60,-45
1739721842.1371307,-60,15,5
1739721842.1831307,4,-13,-4
1739721842.2281306,19,22,-44
1739721842.2741306,-67,-18,-24
1739721842.3201306,-20,37,-106
1739721842.365131,-98,61,44
1739721842.411131,-52,-26,-121
1739721842.457131,-40,65,-117
1739721842.503131,-24,-27,-9
1739721842.5481308,-50,34,-87
1739721842.5941308,-3,-63,11
1739721842.6401308,29,-6,5
1739721842.6851306,-61,32,-8
1739721842.7311306,51,75,-77
1739721842.7771306,-54,34,-88
1739721842.8231306,-30,31,-51
1739721842.8681307,-11,44,-97
1739721842.9141307,-40,-43,-49
1739721842.9601307,-130,-21,-66
1739721843.0051308,16,95,-33
1739721843.0511308,-8,-71,-53
1739721843.0971308,8,1,-79
1739721843.1431308,-45,70,56
1739721843.1881306,41,38,56
1739721843.2341306,-36,-38,-31
1739721843.2801306,66,-6,-149
1739721843.3251307,17,-7,-83
1739721843.3711307,-27,-54,-4
1739721843.4171307,-4,-87,-32
1739721843.4631307,-20,-4,-107
1739721843.5081308,70,-24,-37
1739721843.5541308,7,-24,-187
1739721843.6001308,-24,-20,-6
1739721843.651131,-76,-12,-150
1739721843.697131,6,-43,-89
1739721843.7431307,-54,-77,-12
1739721843.7881308,38,-33,-35
1739721843.8341308,9,85,-56
1739721843.8801308,-16,0,-69
1739721843.9251306,7,41,58
1739721843.9711306,35,10,-51
1739721844.0171306,-44,-21,-8
1739721844.0631306,-59,33,-18
1739721844.1081307,-8,75,-44
1739721844.1541307,-5,-28,-63
1739721844.2001307,14,-68,-21
1739721844.2451308,43,-50,-45
1739721844.2911308,-19,6,46
1739721844.3371308,15,-3,-61
1739721844.3831308,97,-109,-85
1739721844.4281306,34,-102,-57
1739721844.4741306,46,11,49
1739721844.5201306,-35,11,-73
1739721844.5651307,32,-14,-51
1739721844.6111307,-9,-78,-45
1739721844.6571307,32,22,41
1739721844.7021308,60,-54,-35
1739721844.7481308,138,27,73
1739721844.7941308,34,-1,82
1739721844.8401306,-29,42,-85
1739721844.8851306,-5,-56,16
1739721844.9311306,-7,32,-23
1739721844.977131,-13,4,-141
1739721845.0221307,46,26,-83
1739721845.0681307,-9,-48,108
1739721845.1141307,7,-13,-47
1739721845.1601307,17,-73,-4
1739721845.2051306,-10,24,56
1739721845.2511306,54,-47,-53
1739721845.2971306,100,-19,-16
1739721845.342131,-50,73,31
1739721845.388131,-14,30,-31
1739721845.434131,-38,-7,-61
1739721845.480131,-18,-55,-15
1739721845.5251307,11,0,-100
1739721845.5711308,3,-6,-104
1739721845.6171308,-40,96,45
1739721845.6621306,-6,48,-47
1739721845.7081306,28,-49,-22
1739721845.7541306,-14,43,-37
1739721845.8001306,24,0,4
1739721845.8451307,67,51,-140
1739721845.8911307,16,59,-92
1739721845.9371307,21,-7,4
1739721845.9821308,18,-16,-22
1739721846.0281308,83,-60,-36
1739721846.0741308,-1,61,-123
1739721846.1201308,20,8,-76
1739721846.1651306,-45,-47,-19
1739721846.2111306,20,30,-4
1739721846.2571306,28,13,26
1739721846.3021307,-3,-10,-154
1739721846.3481307,47,-68,-38
1739721846.3941307,2,1,16
1739721846.4401307,32,-21,-146
1739721846.4851308,-23,-16,-9
1739721846.5311308,23,25,-97
1739721846.5771308,-11,-43,-14
1739721846.6221306,18,56,11
1739721846.6681306,23,4,10
1739721846.7141306,22,-28,-20
1739721846.7601306,-35,-14,3
1739721846.8051307,-25,-47,-88
1739721846.8511307,42,-4,-37
1739721846.8971307,5,-85,-13
1739721846.9421306,-24,-47,-135
1739721846.9881306,0,-54,-49
1739721847.0341306,-6,21,-85
1739721847.0801306,-19,8,-20
1739721847.125131,14,-35,-5
1739721847.171131,15,-64,112
1739721847.217131,-21,-13,14
1739721847.2621307,-25,-42,40
1739721847.3081307,61,29,-73
1739721847.3541307,-17,-42,-29
1739721847.4001307,19,20,-75
1739721847.4451306,22,-7,-4
1739721847.4911306,36,19,16
1739721847.5371306,64,-20,-93
1739721847.582131,-27,27,-5
1739721847.628131,24,26,-95
1739721847.674131,-17,-16,1
1739721847.7201307,-57,20,102
1739721847.7651308,-107,54,-34
1739721847.8111308,33,-67,-101
1739721847.8571308,57,19,0
1739721847.9021306,-24,-19,-86
1739721847.9481306,5,-20,-14
1739721847.9941306,-55,-9,47
1739721848.0401306,63,-11,-54
1739721848.0851307,30,-63,91
1739721848.1311307,-41,-5,-128
1739721848.1771307,24,4,31
1739721848.2221308,65,11,-20
1739721848.2681308,-46,2,-15
1739721848.3141308,18,21,-49
1739721848.3601308,-8,39,-87
1739721848.4051306,-46,-27,-33
1739721848.4511306,-11,12,-91
1739721848.4971306,-41,6,-93
1739721848.5421307,-66,13,-121
1739721848.5881307,-45,43,-30
1739721848.6341307,-23,2,24
1739721848.6801307,24,-9,-65
1739721848.7251308,37,-67,-139
1739721848.7711308,3,26,-71
1739721848.8171306,-20,-27,0
1739721848.8621306,-41,-1,54
1739721848.9081306,13,-22,140
1739721848.9541306,84,0,85
1739721849.000131,25,67,112
1739721849.0451307,-5,52,-56
1739721849.0911307,52,34,-1
1739721849.1371307,-25,63,62
1739721849.1821306,42,0,-187
1739721849.2281306,27,-5,-69
1739721849.2741306,0,40,-38
1739721849.3201306,-71,-62,68
1739721849.365131,31,-12,49
1739721849.411131,-42,11,-129
1739721849.457131,9,5,88
1739721849.5021307,-18,-28,-67
1739721849.5481308,20,56,-27
1739721849.5941308,8,16,-95
1739721849.6401308,-78,42,-16
1739721849.684131,57,3,17
1739721849.730131,30,-41,-109
1739721849.776131,-39,12,-46
1739721849.8211308,43,-20,-115
1739721849.8671308,-2,-43,0
1739721849.9131308,47,20,-33
1739721849.9581306,71,39,-48
1739721850.0041306,-20,-88,42
1739721850.0501306,21,25,-102
1739721850.0961306,-56,-23,-15
1739721850.1411307,89,-9,-18
1739721850.1871307,-65,-5,-39
1739721850.2331307,-29,29,-39
1739721850.2781308,10,-46,38
1739721850.3241308,23,-21,48
1739721850.3701308,-48,72,-57
1739721850.4161308,-3,-44,-128
1739721850.4611306,0,-13,53
1739721850.5071306,46,-14,-6
1739721850.5531306,0,-9,39
1739721850.5981307,-25,-42,-103
1739721850.6441307,14,60,-52
1739721850.6901307,-44,12,-95
1739721850.7361307,94,19,-162
1739721850.7811308,96,-72,-170
1739721850.8271308,-1,0,-14
1739721850.8731308,23,-3,4
1739721850.9181306,-16,-16,-100
1739721850.9641306,-34,10,15
1739721851.0101306,-2,7,13
1739721851.0561306,-7,27,17
1739721851.1011307,-11,-9,-42
1739721851.1471307,-75,-21,-137
1739721851.1931307,8,-20,2
1739721851.2381306,42,8,-26
1739721851.2841306,-36,-15,-54
1739721851.3301306,-1,62,-29
1739721851.3761306,-15,9,39
1739721851.421131,56,-51,1
1739721851.467131,11,-27,35
1739721851.513131,-45,11,-38
1739721851.5581307,-15,55,24
1739721851.6041307,75,-26,-57
1739721851.6501307,56,-32,11
1739721851.6961308,-44,-12,-86
1739721851.7411306,41,52,7
1739721851.7871306,95,-41,-4
1739721851.8331306,-35,-19,-106
1739721851.878131,-18,13,-136
1739721851.924131,29,9,-16
1739721851.9701307,-27,12,-86
1739721852.0161307,1,-72,17
1739721852.0611308,-30,-8,-37
1739721852.1071308,-36,47,-60
1739721852.1531308,-20,-47,-24
1739721852.1981306,15,26,-8
1739721852.2441306,-52,31,41
1739721852.2901306,-22,22,19
1739721852.3361306,-16,-32,-22
1739721852.3811307,-74,30,51
1739721852.4271307,-5,64,-58
1739721852.4731307,9,67,-98
1739721852.5181308,-36,26,55
1739721852.5641308,40,19,-68
1739721852.6101308,20,-2,-12
1739721852.6561308,-14,-2,-56
1739721852.7011306,-41,6,109
1739721852.7471306,39,49,-58
1739721852.7931306,-4,-35,46
1739721852.8381307,2,-16,19
1739721852.8841307,-20,19,-105
1739721852.9301307,99,22,114
1739721852.9761307,-67,-36,-121
1739721853.0211308,-61,91,-72
1739721853.0671306,9,-6,-147
1739721853.1131306,-9,2,-39
1739721853.1581306,4,36,-123
1739721853.2041306,18,-41,3
1739721853.250131,37,6,-14
1739721853.296131,20,0,-87
1739721853.3411307,-25,-23,-18
1739721853.3871307,-3,-44,-107
1739721853.4331307,46,-34,61
1739721853.4781306,-39,-27,46
1739721853.5241306,36,-12,-83
1739721853.5701306,-24,-3,80
1739721853.6211307,47,89,-69
1739721853.6671307,20,43,-103
1739721853.7131307,-73,24,-16
1739721853.7581308,14,3,-109
1739721853.8041308,49,-20,-75
1739721853.8501308,-1,-4,-63
1739721853.8961308,42,65,-71
1739721853.9411306,23,53,-29
1739721853.9871306,-22,7,-149
1739721854.0331306,-25,5,-26
1739721854.0781307,9,5,-127
1739721854.1241307,11,19,62
1739721854.1701307,-30,33,-66
1739721854.2161307,10,-1,-69
1739721854.2611306,57,1,-31
1739721854.3071306,-52,-29,-82
1739721854.3531306,-28,-10,0
1739721854.398131,67,44,-55
1739721854.444131,-41,-71,-48
1739721854.4911306,-12,19,-81
1739721854.5371306,-16,24,-4
1739721854.582131,50,-33,-51
1739721854.628131,-13,40,-141
1739721854.674131,-31,-17,28
1739721854.7201307,-64,15,14
1739721854.7651308,18,-28,-181
1739721854.8111308,75,18,-93
1739721854.8571308,-80,1,-122
1739721854.9021306,-29,50,-135
1739721854.9481306,-53,-69,-61
1739721854.9941306,-27,54,-20
1739721855.0391307,-5,-37,27
1739721855.0851307,-16,-29,-41
1739721855.1311307,-6,4,-42
1739721855.1771307,-70,41,-29
1739721855.2221308,146,-2,-88
1739721855.2681308,58,-9,-64
1739721855.3141308,68,0,6
1739721855.3591306,-17,33,-29
1739721855.4051306,-31,-53,-23
1739721855.4511306,26,-35,-8
1739721855.4971306,-17,10,-101
1739721855.5421307,7,27,-34
1739721855.5881307,11,33,-72
1739721855.6341307,-29,-29,3
1739721855.6791308,51,5,-18
1739721855.7251308,-40,-18,0
1739721855.7711308,-86,1,55
1739721855.8171306,-25,59,45
1739721855.8621306,11,-30,4
1739721855.9081306,57,28,-24
1739721855.9541306,40,-34,62
1739721855.9991307,-68,28,-33
1739721856.0451307,120,-47,-108
1739721856.0911307,8,-57,-150
1739721856.1371307,-23,-81,-27
1739721856.1821306,-13,-32,-46
1739721856.2281306,-63,79,-15
1739721856.2741306,-16,-46,9
1739721856.319131,-20,49,75
1739721856.365131,-45,-28,-50
1739721856.411131,26,-29,49
1739721856.457131,54,-72,-8
1739721856.5021307,21,39,-26
1739721856.5481308,-53,33,-136
1739721856.5941308,20,90,-66
1739721856.6391306,-3,-55,-59
1739721856.6851306,-40,11,33
1739721856.7311306,6,33,2
1739721856.7771306,59,-41,-82
1739721856.822131,51,-59,35
1739721856.8681307,22,52,102
1739721856.9141307,-2,-55,-43
1739721856.9591308,-93,14,37
1739721857.0051308,-27,2,-71
1739721857.0511308,-24,10,-133
1739721857.0971308,9,89,-117
1739721857.1421306,-17,-71,-100
1739721857.1881306,-14,-42,-64
1739721857.2341306,84,-4,-45
1739721857.2791307,0,0,-43
1739721857.3251307,25,-20,15
1739721857.3711307,41,-28,-41
1739721857.4171307,-7,-4,-63
1739721857.4621308,1,58,-187
1739721857.5081308,-1,62,-53
1739721857.5541308,-41,39,-6
1739721857.5991306,58,11,-131
1739721857.6451306,31,-52,-81
1739721857.6911306,-10,41,-123
1739721857.7371306,-50,-131,114
1739721857.7821307,24,69,-61
1739721857.8281307,15,34,-159
1739721857.8741307,44,7,21
1739721857.9191308,42,16,-1
1739721857.9651306,-51,-25,-32
1739721858.0111306,0,-37,-123
1739721858.0571306,0,-37,-169
1739721858.102131,-13,57,-37
1739721858.148131,-31,74,-167
1739721858.194131,-32,-8,0
1739721858.2391307,-59,17,16
1739721858.2851307,-3,-36,-211
1739721858.3311307,60,-16,30
1739721858.3771307,34,23,-64
1739721858.4221306,-28,9,-55
1739721858.4681306,-45,34,-30
1739721858.5141306,-17,5,-144
1739721858.559131,106,-93,99
1739721858.605131,80,-44,-134
1739721858.651131,-22,7,67
1739721858.697131,-16,50,-64
1739721858.7421308,-34,-25,23
1739721858.7881308,40,4,10
1739721858.8341308,-22,100,-8
1739721858.8791306,61,2,-66
1739721858.9251306,2,26,21
1739721858.9711306,-18,-22,-1
1739721859.0171306,22,25,-56
1739721859.0621307,-63,-10,-67
1739721859.1081307,-51,22,-47
1739721859.1541307,-19,36,-80
1739721859.1991308,-17,3,-23
1739721859.2451308,54,25,-28
1739721859.2911308,38,0,-46
1739721859.3371308,59,-8,0
1739721859.3821306,-25,-123,79
1739721859.4281306,-138,45,-151
1739721859.4741306,18,12,-88
1739721859.5191307,24,-30,-104
1739721859.5651307,-40,10,-14
1739721859.6111307,-23,4,-140
1739721859.6571307,59,-19,57
1739721859.7021308,22,-12,-5
1739721859.7481308,32,-49,0
1739721859.7941308,17,-44,-158
1739721859.8391306,-33,-98,-3
1739721859.8851306,-18,-51,-51
1739721859.9311306,-69,43,-80
1739721859.977131,56,43,-170
1739721860.0221307,-3,1,-96
1739721860.0681307,55,-32,-52
1739721860.1141307,-29,48,-14
1739721860.1591306,7,111,-2
1739721860.2051306,-2,22,107
1739721860.2511306,-34,82,-75
1739721860.2971306,8,-16,-119
1739721860.342131,-29,14,-99
1739721860.388131,10,-1,-85
1739721860.434131,3,-10,-13
1739721860.4791307,-77,13,-79
1739721860.5251307,-4,-20,-70
1739721860.5711308,67,-23,-59
1739721860.6171308,-47,39,-103
1739721860.6621306,-31,-23,-110
1739721860.7081306,51,77,-117
1739721860.7541306,-25,61,-73
1739721860.799131,59,10,-48
1739721860.8451307,21,-44,1
1739721860.8911307,-21,24,-7
1739721860.9371307,21,-57,-66
1739721860.9821308,-2,53,-60
1739721861.0281308,-32,-15,-53
1739721861.0741308,-53,10,-116
1739721861.1191306,0,-58,-89
1739721861.1651306,-30,118,-84
1739721861.2111306,56,43,-23
1739721861.2571306,-14,-42,64
1739721861.3021307,-51,45,-1
1739721861.3481307,51,-13,-63
1739721861.3941307,-18,-17,-42
1739721861.4391308,-54,27,-161
1739721861.4851308,-23,71,-15
1739721861.5311308,54,70,-65
1739721861.5771308,15,7,-70
1739721861.6221306,8,-38,-49
1739721861.6681306,8,-50,-47
1739721861.7141306,1,26,-108
1739721861.7591307,41,21,28
1739721861.8051307,1,82,-42
1739721861.8511307,-51,-50,-115
1739721861.8971307,-6,-1,-220
1739721861.9421306,15,26,-46
1739721861.9881306,-9,70,76
1739721862.0341306,-4,42,-142
1739721862.0791306,-28,-15,-122
1739721862.125131,43,-91,-28
1739721862.171131,26,-62,-80
1739721862.217131,2,-31,-205
1739721862.2621307,-3,32,-117
1739721862.3081307,-2,30,-60
1739721862.3541307,-51,77,-67
1739721862.3991306,-83,-14,5
1739721862.4451306,79,-37,-44
1739721862.4911306,13,-18,-123
1739721862.5371306,12,-41,-47
1739721862.582131,-22,37,-12
1739721862.628131,-15,96,-141
1739721862.674131,41,-60,-143
1739721862.7191308,61,39,83
1739721862.7651308,35,-59,-36
1739721862.8111308,-91,30,-37
1739721862.8571308,-72,25,41
1739721862.9021306,-27,-21,15
1739721862.9481306,-32,0,-88
1739721862.9941306,-24,17,-59
1739721863.0391307,3,11,-42
1739721863.0851307,19,-41,-49
1739721863.1311307,-46,45,-58
1739721863.1771307,48,101,22
1739721863.2221308,-11,3,-35
1739721863.2681308,-34,-74,-99
1739721863.3141308,26,-17,52
1739721863.3591306,-28,33,38
1739721863.4051306,-21,-24,50
1739721863.4511306,15,-32,36
1739721863.4971306,-30,-82,-14
1739721863.5421307,-12,24,-27
1739721863.5881307,-18,-35,-79
1739721863.6391306,-7,-54,-34
1739721863.6851306,24,1,-141
1739721863.7311306,47,-12,27
1739721863.7771306,-57,10,64
1739721863.822131,75,-48,-67
1739721863.8681307,60,-18,-29
1739721863.9141307,14,26,-113
1739721863.9591308,-16,-69,-42
1739721864.0051308,-109,-51,26
1739721864.0511308,23,27,0
1739721864.0971308,-11,-21,-28
1739721864.1421306,-56,-70,-84
1739721864.1881306,12,48,-85
1739721864.2341306,33,115,-57
1739721864.2791307,-46,-31,-108
1739721864.3251307,25,84,-51
1739721864.3711307,-25,36,-67
1739721864.4171307,105,-28,-11
1739721864.4621308,-62,-82,-152
1739721864.5081308,11,4,-75
1739721864.5541308,-9,-2,18
1739721864.5991306,6,-51,-45
1739721864.6451306,19,39,-83
1739721864.6911306,15,-14,84
1739721864.7371306,-9,-21,52
1739721864.7821307,-69,0,6
1739721864.8281307,17,10,-73
1739721864.8741307,-15,16,-2
1739721864.9191308,22,30,23
1739721864.9651306,-52,-88,58
1739721865.0111306,25,-62,-125
1739721865.0561306,-5,86,-3
1739721865.102131,-16,50,114
1739721865.148131,53,-43,-117
1739721865.194131,-59,35,8
1739721865.2391307,-32,-44,-93
1739721865.2851307,-2,-46,-59
1739721865.3311307,67,18,42
1739721865.3761306,6,6,-15
1739721865.4221306,42,8,-175
1739721865.4681306,25,-2,46
1739721865.5141306,-45,75,0
1739721865.559131,-44,5,-14
1739721865.605131,-44,-12,14
1739721865.651131,-25,-42,-65
1739721865.6961308,84,70,-67
1739721865.7421308,-10,27,-28
1739721865.7881308,-10,-35,-53
1739721865.8341308,34,-23,-65
1739721865.8791306,43,-20,-49
1739721865.9251306,-34,-12,-26
1739721865.9711306,35,19,11
1739721866.0161307,-55,72,-42
1739721866.0621307,35,42,-105
1739721866.1081307,10,2,116
1739721866.1541307,-45,-4,46
1739721866.1981306,32,-63,-89
1739721866.2441306,56,-4,-27
1739721866.2901306,-18,-53,-25
1739721866.3351307,105,31,-79
1739721866.3811307,77,64,112
1739721866.4271307,36,21,-59
1739721866.4721308,5,23,-107
1739721866.5181308,-70,2,0
1739721866.5641308,2,1,-29
1739721866.6101308,49,25,-59
1739721866.6551306,-83,48,-59
1739721866.7011306,-51,39,15
1739721866.7471306,8,7,37
1739721866.7921307,0,-47,65
1739721866.8381307,69,-29,-162
1739721866.8841307,-86,5,-15
1739721866.9301307,-1,15,-68
1739721866.9751308,83,6,-34
1739721867.0211308,-67,-22,19
1739721867.0671306,-16,20,-64
1739721867.1121306,33,24,-26
1739721867.1581306,37,-33,-64
1739721867.2041306,-8,-23,-74
1739721867.250131,33,-11,23
1739721867.2951307,-31,0,67
1739721867.3411307,77,-6,83
1739721867.3871307,-28,-58,1
1739721867.4321306,28,49,-76
1739721867.4781306,-14,-5,19
1739721867.5241306,41,-105,-94
1739721867.5701306,48,-31,-21
1739721867.615131,-72,8,-18
1739721867.661131,19,43,-56
1739721867.707131,6,12,-72
1739721867.7521307,-116,-3,-68
1739721867.7981308,8,-72,-206
1739721867.8441308,-72,30,22
1739721867.8901308,27,-11,-63
1739721867.9351306,65,-50,153
1739721867.9811306,70,-3,-38
1739721868.0271306,21,13,-30
1739721868.072131,-39,15,-72
1739721868.1181307,-14,36,-98
1739721868.1641307,-40,-24,-14
1739721868.2101307,5,-50,-112
1739721868.2551308,34,-71,-185
1739721868.3011308,0,7,-2
1739721868.3471308,-4,-21,-45
1739721868.3921306,-61,-44,-112
1739721868.4381306,17,9,-4
1739721868.4841306,-19,-1,9
1739721868.5301306,70,-2,-62
1739721868.5751307,-72,28,50
1739721868.6211307,10,-9,-3
1739721868.6671307,-91,-14,10
1739721868.7121308,100,12,-99
1739721868.7581308,-53,28,-88
1739721868.8041308,-92,-46,-59
1739721868.8501308,-46,11,-124
1739721868.8951306,77,0,88
1739721868.9411306,4,-31,-115
1739721868.9871306,-47,-43,-43
1739721869.0321307,21,60,-40
1739721869.0781307,4,61,18
1739721869.1241307,-13,17,-104
1739721869.1701307,-16,-14,-47
1739721869.2151306,-31,-7,95
1739721869.2611306,-5,18,-12
1739721869.3071306,-78,19,-47
1739721869.352131,-12,-43,-31
1739721869.398131,-14,-36,0
1739721869.444131,-11,22,-36
1739721869.490131,19,54,-162
1739721869.5351307,28,-19,-94
1739721869.5811307,12,-47,-17
1739721869.6271307,-3,20,-28
1739721869.6721306,45,54,-16
1739721869.7181306,-57,28,16
1739721869.7641306,25,33,-19
1739721869.8101306,49,-12,51
1739721869.855131,49,-26,54
1739721869.901131,-2,-36,-18
1739721869.947131,-8,-27,-119
1739721869.9921308,-4,31,-45
1739721870.0381308,68,0,8
1739721870.0841308,55,4,-40
1739721870.1301308,-14,-29,-68
1739721870.1751306,12,-15,-81
1739721870.2211306,48,-14,121
1739721870.2671306,56,-11,-36
1739721870.3121307,-29,35,11
1739721870.3581307,-28,35,-28
1739721870.4041307,-27,30,3
1739721870.4501307,-69,-4,-61
1739721870.4951308,-17,-45,-47
1739721870.5411308,-58,3,-39
1739721870.5871308,19,74,-42
1739721870.6321306,15,80,-78
1739721870.6781306,42,-75,-208
1739721870.7241306,-12,29,-102
1739721870.7701306,51,-13,-31
1739721870.8151307,-3,-36,-129
1739721870.8611307,19,10,-17
1739721870.9071307,-64,-46,60
1739721870.9521308,89,-68,-217
1739721870.9981308,27,-10,-135
1739721871.0441308,40,-70,-61
1739721871.0901306,3,-6,-25
1739721871.1351306,35,-34,-3
1739721871.1811306,0,12,-15
1739721871.227131,-1,91,-77
1739721871.2721307,-91,30,-58
1739721871.3181307,-67,7,16
1739721871.3641307,22,-48,38
1739721871.4101307,48,2,-55
1739721871.4551306,9,51,132
1739721871.5011306,24,-96,-125
1739721871.5471306,-52,50,64
1739721871.592131,35,32,-5
1739721871.638131,-1,-25,-89
1739721871.684131,26,-12,37
1739721871.730131,26,7,-199
1739721871.7751307,-18,-81,-34
1739721871.8211308,-39,27,-90
1739721871.8671308,-58,8,-16
1739721871.9121306,61,-3,-5
1739721871.9581306,60,-30,93
1739721872.0041306,53,-87,-175
1739721872.0501306,-50,43,-44
1739721872.0951307,-14,19,-81
1739721872.1411307,-78,-7,-20
1739721872.1871307,19,-20,-47
1739721872.2321308,-14,-29,-30
1739721872.2781308,50,-11,-105
1739721872.3241308,18,52,-47
1739721872.3701308,-53,-22,-42
1739721872.4151306,28,26,-91
1739721872.4611306,-6,69,-13
1739721872.5071306,14,-54,22
1739721872.5521307,-66,25,-66
1739721872.5981307,17,-4,-77
1739721872.6441307,21,43,33
1739721872.6901307,-12,16,25
1739721872.7351308,-19,57,-45
1739721872.7811308,29,48,-128
1739721872.8271308,46,-23,-6
1739721872.8721306,-3,-8,-59
1739721872.9181306,-96,73,-19
1739721872.9641306,15,30,-38
1739721873.0101306,-63,47,-106
1739721873.0551307,65,-5,34
1739721873.1011307,-38,-6,-33
1739721873.1471307,-23,-37,-59
1739721873.1921306,2,47,10
1739721873.2381306,0,-1,-150
1739721873.2841306,-47,-26,-15
1739721873.3301306,25,-20,0
1739721873.375131,38,-25,-143
1739721873.421131,46,-3,23
1739721873.467131,85,71,-143
1739721873.5121307,32,10,-143
1739721873.5581307,-16,20,10
1739721873.6041307,20,7,-49
1739721873.6551306,-61,-11,-76
1739721873.7011306,25,22,80
1739721873.7471306,25,-8,-44
1739721873.7921307,93,5,-152
1739721873.8381307,33,-29,-32
1739721873.8841307,-38,72,20
1739721873.9301307,7,-16,-148
1739721873.9751308,-53,-26,-91
1739721874.0211308,36,-25,-45
1739721874.0671306,-77,34,0
1739721874.1121306,-84,17,-23
1739721874.1581306,-64,-46,9
1739721874.2041306,-4,41,-10
1739721874.250131,-12,6,55
1739721874.2951307,-24,21,-66
1739721874.3411307,-47,2,-59
1739721874.3871307,12,-15,-78
1739721874.4321306,-8,49,157
1739721874.4781306,0,-22,-6
1739721874.5241306,-15,53,0
1739721874.5701306,13,93,-12
1739721874.615131,-22,38,30
1739721874.661131,70,32,-89
1739721874.707131,-3,-17,-6
1739721874.7521307,63,-100,-102
1739721874.7981308,-24,-21,6
1739721874.8441308,-33,38,-39
1739721874.8891306,73,40,-80
1739721874.9351306,-13,4,-4
1739721874.9811306,39,77,43
1739721875.0271306,-12,91,-31
1739721875.072131,-39,-8,-84
1739721875.1181307,-52,24,-183
1739721875.1641307,-2,-6,0
1739721875.2091308,-15,-65,-19
1739721875.2551308,-14,49,-34
1739721875.3011308,-50,24,-31
1739721875.3471308,15,43,-52
1739721875.3921306,2,-20,-82
1739721875.4381306,32,35,4
1739721875.4841306,-11,-7,3
1739721875.5291307,-19,-7,-63
1739721875.5751307,-35,-65,-69
1739721875.6211307,41,-42,15
1739721875.6671307,50,-39,-116
1739721875.7121308,-21,0,-86
1739721875.7581308,3,7,-8
1739721875.8041308,6,-2,-88
1739721875.8491306,-1,7,-112
1739721875.8951306,16,84,-24
1739721875.9411306,-57,48,-192
1739721875.9871306,-39,26,-68
1739721876.0321307,-12,-29,-98
1739721876.0781307,28,99,-88
1739721876.1241307,7,-4,-112
1739721876.1691308,-60,-4,7
1739721876.2151306,76,14,20
1739721876.2611306,-19,35,-30
1739721876.3071306,42,-7,-64
1739721876.352131,29,20,30
1739721876.398131,62,-36,101
1739721876.444131,27,-34,-35
1739721876.4891307,-19,-14,111
1739721876.5351307,1,-28,17
1739721876.5811307,-6,-63,-79
1739721876.6271307,-9,51,-112
1739721876.6721306,-1,50,-44
1739721876.7181306,-51,17,-30
1739721876.7641306,57,16,-60
1739721876.809131,110,16,-64
1739721876.855131,12,59,-34
1739721876.901131,33,-5,0
1739721876.947131,36,-37,-68
1739721876.9921308,-29,7,-39
1739721877.0381308,-33,-135,17
1739721877.0841308,-13,-2,-29
1739721877.1291306,-26,-15,31
1739721877.1751306,-6,4,-56
1739721877.2211306,-28,20,19
1739721877.2671306,23,10,-120
1739721877.3121307,-9,-10,23
1739721877.3581307,-21,41,23
1739721877.4041307,-27,37,-11
1739721877.4491308,57,-44,-22
1739721877.4951308,-13,-89,-41
1739721877.5411308,-5,44,-33
1739721877.5871308,37,8,-31
1739721877.6321306,6,-58,-12
1739721877.6781306,-70,64,13
1739721877.7241306,-197,0,-131
1739721877.7691307,-81,45,57
1739721877.8151307,9,17,-76
1739721877.8611307,35,21,-92
1739721877.9071307,-17,16,-33
1739721877.9521308,-26,-4,49
1739721877.9981308,47,4,-82
1739721878.0441308,-22,-39,-65
1739721878.0891306,34,-42,74
1739721878.1351306,50,3,-56
1739721878.1811306,8,22,49
1739721878.227131,0,20,-48
1739721878.2721307,25,8,-20
1739721878.3181307,0,-62,-14
1739721878.3641307,0,44,-82
1739721878.4091306,-43,-2,-41
1739721878.4551306,-13,9,-1
1739721878.5011306,-1,0,-86
1739721878.5471306,-31,42,-116
1739721878.592131,-13,83,-121
1739721878.638131,6,14,-14
1739721878.684131,-3,87,-76
1739721878.7291307,-6,-22,-58
1739721878.7751307,-75,-10,-47
1739721878.8211308,-67,42,-101
1739721878.8671308,14,-16,20
1739721878.9121306,-22,7,61
1739721878.9581306,0,27,-60
1739721879.0041306,36,10,-100
1739721879.049131,-12,93,46
1739721879.0951307,37,-64,-74
1739721879.1411307,-79,-26,47
1739721879.1871307,-19,36,-128
1739721879.2321308,18,12,-70
1739721879.2781308,-19,0,-55
1739721879.3241308,-41,14,-121
1739721879.3691306,-5,8,-80
1739721879.4151306,-55,29,21
1739721879.4611306,38,3,-20
1739721879.5071306,78,-55,-40
1739721879.5521307,0,10,46
1739721879.5981307,0,-43,-83
1739721879.6441307,-32,-87,-79
1739721879.6891308,-41,-10,-83
1739721879.7351308,31,28,-20
1739721879.7811308,3,22,94
1739721879.8271308,26,-54,-80
1739721879.8721306,31,0,34
1739721879.9181306,91,29,-4
1739721879.9641306,-59,-43,-7
1739721880.0091307,-2,15,-48
1739721880.0551307,4,30,-60
1739721880.1011307,20,31,2
1739721880.1471307,17,69,-124
1739721880.1921306,27,-10,-32
1739721880.2381306,25,52,36
1739721880.2841306,-4,58,-42
1739721880.3291306,-25,-6,19
1739721880.375131,-23,48,65
1739721880.421131,24,-36,-22
1739721880.467131,26,-12,58
1739721880.5121307,-44,-36,-55
1739721880.5581307,64,2,-22
1739721880.6041307,66,-1,-110
1739721880.6491306,-31,74,-8
1739721880.6951306,21,5,66
1739721880.7411306,20,-42,-16
1739721880.7871306,-36,-26,-57
1739721880.832131,-46,49,-71
1739721880.878131,-59,-24,-79
1739721880.924131,-13,-9,-29
1739721880.9691308,-29,44,-20
1739721881.0151308,-52,0,45
1739721881.0611308,12,35,-102
1739721881.1071308,1,-4,-113
1739721881.1521306,-71,56,-47
1739721881.1981306,-32,11,-116
1739721881.2441306,-25,19,-3
1739721881.2891307,28,-31,-48
1739721881.3351307,5,0,-140
1739721881.3811307,6,25,-66
1739721881.4271307,-33,6,-31
1739721881.4721308,-23,73,-36
1739721881.5181308,12,-96,57
1739721881.5641308,26,7,-80
1739721881.6091306,-9,-10,-114
1739721881.6551306,7,22,-134
1739721881.7011306,-86,57,-33
1739721881.7471306,8,7,23
1739721881.7921307,15,-90,-130
1739721881.8381307,-52,-5,-106
1739721881.8841307,-21,24,-110
1739721881.9291308,4,-5,-97
1739721881.9751308,10,-3,38
1739721882.0211308,-17,-21,7
1739721882.0671306,20,-98,-53
1739721882.1121306,29,19,-18
1739721882.1581306,-54,1,-108
1739721882.2041306,122,-80,-51
1739721882.2491307,19,-5,26
1739721882.2951307,110,-10,102
1739721882.3411307,-106,30,-57
1739721882.3871307,-22,-24,17
1739721882.4321306,28,50,36
1739721882.4781306,-34,13,61
1739721882.5241306,1,-32,-123
1739721882.569131,48,-36,-89
1739721882.615131,28,-14,68
1739721882.661131,-51,0,-21
1739721882.707131,-21,31,-111
1739721882.7521307,46,-56,-57
1739721882.7981308,-13,-18,11
1739721882.8441308,-27,88,-89
1739721882.8891306,-57,-73,-21
1739721882.9351306,51,-30,-67
1739721882.9811306,52,12,48
1739721883.0271306,-11,58,51
1739721883.072131,-28,34,-119
1739721883.1181307,-12,-99,-38
1739721883.1641307,-83,20,-15
1739721883.2091308,-90,25,-25
1739721883.2551308,50,3,-105
1739721883.3011308,35,21,-27
1739721883.3471308,0,-6,20
1739721883.3921306,7,-21,-73
1739721883.4381306,67,34,-44
1739721883.4841306,15,-58,-41
1739721883.5291307,-54,-2,86
1739721883.5751307,34,18,-99
1739721883.6211307,-36,26,1
1739721883.6721306,2,-56,-32
1739721883.7181306,-15,29,-59
1739721883.7641306,16,37,-99
1739721883.809131,38,-15,-52
1739721883.855131,24,-17,-173
1739721883.901131,-49,-4,-185
1739721883.947131,-60,-8,-111
1739721883.9921308,20,34,-69
1739721884.0381308,-9,-24,-21
1739721884.0841308,-35,-95,-56
1739721884.1291306,34,0,-95
1739721884.1751306,11,-37,-58
1739721884.2211306,-85,27,-1
1739721884.2671306,48,22,-175
1739721884.3121307,8,-49,-45
1739721884.3581307,-38,-31,-81
1739721884.4041307,30,-55,-20
1739721884.4491308,4,-45,-171
1739721884.4951308,-1,-7,-89
1739721884.5411308,-12,43,-95
1739721884.5871308,-73,-61,-65
1739721884.6321306,8,-110,-75
1739721884.6781306,15,44,6
1739721884.7241306,-5,28,11
1739721884.7691307,47,-27,40
1739721884.8151307,-52,7,-59
1739721884.8611307,7,-19,-133
1739721884.9061308,0,0,-179
1739721884.9521308,7,-19,-15
1739721884.9981308,68,-25,-163
1739721885.0441308,-76,28,-153
1739721885.0891306,29,-58,-107
1739721885.1351306,0,12,-181
1739721885.1811306,0,-61,-109
1739721885.2261307,-19,36,-71
1739721885.2721307,-35,-21,66
1739721885.3181307,32,56,-64
1739721885.3641307,-30,82,-75
1739721885.4091306,60,2,-183
1739721885.4551306,33,-26,-123
1739721885.5011306,-51,13,-123
1739721885.546131,2,36,-161
1739721885.592131,-4,-47,4
1739721885.638131,-29,36,-51
1739721885.684131,-25,-6,-51
1739721885.7291307,-29,-4,-7
1739721885.7751307,33,57,-127
1739721885.8211308,5,-6,-27
1739721885.8661306,85,5,14
1739721885.9121306,7,-13,-29
1739721885.9581306,4,14,-23
1739721886.0041306,77,14,-64
1739721886.049131,5,-73,-52
1739721886.0951307,-32,46,-89
1739721886.1411307,-24,-10,-107
1739721886.1861308,-32,28,-83
1739721886.2321308,23,-23,-133
1739721886.2781308,-19,10,-93
1739721886.3241308,86,-10,-63
1739721886.3691306,4,38,82
1739721886.4151306,-56,-70,46
1739721886.4611306,38,-45,-169
1739721886.5061307,32,-32,16
1739721886.5521307,-6,0,-41
1739721886.5981307,24,13,-131
1739721886.6441307,-47,10,-35
1739721886.6891308,34,-12,-36
1739721886.7351308,60,47,-73
1739721886.7811308,6,-14,-139
1739721886.8261306,14,-132,-166
1739721886.8721306,25,9,52
1739721886.9181306,11,-54,-72
1739721886.9641306,-64,-58,-174
1739721887.0091307,60,0,120
1739721887.0551307,72,102,41
1739721887.1011307,-62,33,-33
1739721887.1461308,64,11,-19
1739721887.1921306,-53,9,-56
1739721887.2381306,22,13,-69
1739721887.2841306,54,19,29
1739721887.3291306,0,27,29
1739721887.375131,-87,-2,-66
1739721887.421131,0,-30,38
1739721887.4661307,19,27,111
1739721887.5121307,41,38,-35
1739721887.5581307,22,-48,-55
1739721887.6041307,-13,3,-10
1739721887.6491306,-5,-3,-149
1739721887.6951306,-19,-19,-44
1739721887.7411306,-51,64,-56
1739721887.786131,51,79,-23
1739721887.832131,-40,-14,-65
1739721887.878131,-1,-19,21
1739721887.924131,-51,16,19
1739721887.9691308,47,17,-22
1739721888.0151308,96,-16,-64
1739721888.0611308,-21,-12,-76
1739721888.1061306,6,16,-52
1739721888.1521306,50,-27,-74
1739721888.1981306,-38,42,-55
1739721888.2441306,56,-65,-64
1739721888.2891307,-28,-33,-47
1739721888.3351307,-40,-16,-72
1739721888.3811307,64,-29,-40
1739721888.4261308,-39,104,-52
1739721888.4721308,-39,45,-97
1739721888.5181308,14,66,47
1739721888.5641308,-12,61,-130
1739721888.6091306,-34,-44,-3
1739721888.6551306,-19,-13,3
1739721888.7011306,-1,62,-53
1739721888.7461307,4,17,29
1739721888.7921307,32,24,48
1739721888.8381307,18,27,-120
1739721888.8841307,-61,5,-117
1739721888.9291308,-112,-36,63
1739721888.9751308,61,-56,4
1739721889.0211308,76,-38,-72
1739721889.0661306,6,18,19
1739721889.1121306,13,-9,-28
1739721889.1581306,-7,-4,33
1739721889.2041306,45,60,22
1739721889.2491307,62,-19,28
1739721889.2951307,-20,98,43
1739721889.3411307,1,35,17
1739721889.3861306,59,-9,-120
1739721889.4321306,-10,73,-35
1739721889.4781306,23,-1,-144
1739721889.5241306,13,22,-86
1739721889.569131,-10,60,69
1739721889.615131,-15,22,-143
1739721889.661131,-41,27,-61
1739721889.7061307,22,7,-34
1739721889.7521307,36,42,36
1739721889.7981308,36,10,-90
1739721889.8441308,59,15,-6
1739721889.8891306,19,50,-6
1739721889.9351306,55,27,-73
1739721889.9811306,-113,77,-133
1739721890.026131,-120,10,26
1739721890.072131,-42,46,-67
1739721890.1181307,2,-4,-112
1739721890.1641307,-71,23,-121
1739721890.2091308,4,-61,30
1739721890.2551308,35,-34,-54
1739721890.3011308,38,28,-94
1739721890.3461306,22,-13,-70
1739721890.3921306,123,22,46
1739721890.4381306,96,0,-62
1739721890.4841306,24,55,-4
1739721890.5291307,19,3,-28
1739721890.5751307,39,24,-18
1739721890.6211307,11,-24,2
1739721890.6661308,-76,17,-47
1739721890.7121308,-40,37,7
1739721890.7581308,-22,69,-3
1739721890.8041308,-52,-10,-67
1739721890.8491306,28,55,-92
1739721890.8951306,47,19,-104
1739721890.9411306,9,-40,30
1739721890.9861307,38,60,-167
1739721891.0321307,0,46,-60
1739721891.0781307,1,6,-66
1739721891.1241307,9,5,-50
1739721891.1691308,-28,75,99
1739721891.2151306,-18,21,-44
1739721891.2611306,-18,-15,-5
1739721891.3061306,-74,10,-18
1739721891.352131,-71,92,53
1739721891.398131,2,1,-104
1739721891.444131,78,19,-35
1739721891.4891307,40,-55,38
1739721891.5351307,-5,-34,-82
1739721891.5811307,25,59,-84
1739721891.6261306,65,-16,-98
1739721891.6721306,6,10,56
1739721891.7181306,36,-32,-144
1739721891.7641306,18,0,-70
1739721891.809131,37,63,-122
1739721891.855131,26,-5,-18
1739721891.901131,31,-26,-170
1739721891.9461308,-14,-23,73
1739721891.9921308,66,-55,-46
1739721892.0381308,-20,42,55
1739721892.0841308,-53,-35,-29
1739721892.1291306,39,-13,-38
1739721892.1751306,-42,-9,-27
1739721892.2211306,9,22,43
1739721892.2661307,-42,9,-119
1739721892.3121307,-25,-25,-119
1739721892.3581307,-47,15,49
1739721892.4041307,-96,33,-29
1739721892.4491308,3,-46,-4
1739721892.4951308,-61,-43,-55
1739721892.5411308,-46,-16,-27
1739721892.5861306,-15,94,-125
1739721892.6321306,33,-31,44
1739721892.6781306,-81,-74,-49
1739721892.7241306,17,-11,-102
1739721892.7691307,-41,48,-157
1739721892.8151307,-30,73,29
1739721892.8611307,-19,14,-137
1739721892.9061308,-4,68,-95
1739721892.9521308,35,47,91
1739721892.9981308,9,61,-79
1739721893.0441308,45,-58,-48
1739721893.0891306,65,17,-32
1739721893.1351306,28,34,-87
1739721893.1811306,73,-49,28
1739721893.2261307,136,44,82
1739721893.2721307,-1,-47,42
1739721893.3181307,-34,-41,-16
1739721893.3641307,-49,11,-15
1739721893.4091306,-3,0,-136
1739721893.4551306,35,-85,-22
1739721893.5011306,-7,-13,-40
1739721893.546131,33,-48,-82
1739721893.592131,-13,-26,-60
1739721893.638131,-34,22,-79
1739721893.6891308,58,-67,-104
1739721893.7351308,4,-25,126
1739721893.7811308,-70,64,-45
1739721893.8261306,-75,-57,-112
1739721893.8721306,-49,16,-81
1739721893.9181306,-18,12,-70
1739721893.9641306,-11,-135,11
1739721894.0091307,25,-23,81
1739721894.0551307,-46,45,-25
1739721894.1011307,17,84,-171
1739721894.1461308,19,-79,78
1739721894.1921306,31,27,54
1739721894.2381306,-25,-13,-27
1739721894.2841306,21,-38,-62
1739721894.3291306,-10,56,29
1739721894.375131,25,20,111
1739721894.421131,64,-29,-54
1739721894.4661307,0,50,-110
1739721894.5121307,51,-55,54
1739721894.5581307,58,-42,-14
1739721894.6041307,55,23,-150
1739721894.6491306,-5,33,-49
1739721894.6951306,-23,0,-19
1739721894.7411306,-5,12,13
1739721894.786131,-13,-17,-162
1739721894.832131,1,105,-59
1739721894.878131,-60,2,21
1739721894.9231308,55,1,-32
1739721894.9691308,53,13,-52
1739721895.0151308,80,-19,-142
1739721895.0611308,-11,6,-124
1739721895.1061306,-121,42,-33
1739721895.1521306,-15,32,-33
1739721895.1981306,-52,115,51
1739721895.2431307,22,-13,-12
1739721895.2891307,-37,72,-11
1739721895.3351307,38,-48,-92
1739721895.3811307,61,-17,5
1739721895.4261308,3,43,-108
1739721895.4721308,-20,-32,36
1739721895.5181308,-19,13,-48
1739721895.5631306,-45,47,-99
1739721895.6091306,-22,0,-161
1739721895.6551306,34,-23,-43
1739721895.7011306,-21,-14,-159
1739721895.7461307,-71,41,28
1739721895.7921307,-37,27,-22
1739721895.8381307,35,-1,5
1739721895.8831308,-12,-53,-41
1739721895.9291308,12,48,-55
1739721895.9751308,96,-22,31
1739721896.0211308,-31,25,96
1739721896.0671306,5,34,-143
1739721896.1131306,61,33,110
1739721896.1591306,28,13,3
1739721896.2051306,-27,55,-55
1739721896.250131,25,20,-5
1739721896.296131,43,48,-11
1739721896.342131,-7,-30,-77
1739721896.3871307,-44,74,20
1739721896.4331307,57,-105,-11
1739721896.4791307,-64,83,-97
1739721896.5251307,-51,60,-53
1739721896.5701306,-51,51,-99
1739721896.6161306,32,-13,-35
1739721896.6621306,53,12,-13
1739721896.707131,-46,97,-69
1739721896.753131,-46,-30,-5
1739721896.799131,22,13,-95
1739721896.8451307,34,-9,-115
1739721896.8901308,81,-2,-3
1739721896.9361308,-7,-10,-193
1739721896.9821308,-15,8,-57
1739721897.0271306,63,-30,-49
1739721897.0731306,18,-19,18
1739721897.1191306,3,10,-99
1739721897.1651306,24,-40,-65
1739721897.2101307,-16,28,-31
1739721897.2561307,-14,-54,-51
1739721897.3021307,-16,-26,76
1739721897.3471308,88,-38,-33
1739721897.3931308,-37,-59,-97
1739721897.4391308,5,10,-93
1739721897.4851308,47,-14,28
1739721897.5301306,11,45,27
1739721897.5761306,30,36,23
1739721897.6221306,32,-30,-105
1739721897.6671307,-16,57,-191
1739721897.7131307,0,-16,42
1739721897.7591307,-19,35,-3
1739721897.8051307,16,-46,-153
1739721897.8501308,-33,-85,-60
1739721897.8961308,53,-8,-203
1739721897.9421306,-89,16,-57
1739721897.9871306,87,-6,-189
1739721898.0331306,7,45,-55
1739721898.0791306,-27,-13,-143
1739721898.125131,-56,43,-67
1739721898.1701307,-10,-46,26
1739721898.2161307,0,-25,-18
1739721898.2621307,-31,81,-124
1739721898.3071306,4,-26,-91
1739721898.3531306,-57,17,79
1739721898.3991306,19,17,-10
1739721898.4451306,38,41,-70
1739721898.490131,-12,-25,-51
1739721898.536131,22,12,-98
1739721898.582131,-19,73,-34
1739721898.6271307,-1,80,-88
1739721898.6731308,-23,72,-66
1739721898.7191308,52,-35,-77
1739721898.7651308,-28,-34,85
1739721898.8101306,-15,52,4
1739721898.8561306,-25,49,-76
1739721898.9021306,-3,21,-126
1739721898.947131,44,15,2
1739721898.9931307,-27,44,14
1739721899.0391307,-23,5,-74
1739721899.0851307,-25,29,-76
1739721899.1301308,-38,11,-88
1739721899.1761308,-14,37,-96
1739721899.2221308,5,7,-84
1739721899.2671306,-30,-103,-59
1739721899.3131306,105,-70,-3
1739721899.3591306,-72,28,-36
1739721899.4051306,14,-28,-97
1739721899.4501307,-35,13,-64
1739721899.4961307,-13,-20,15
1739721899.5421307,-75,26,72
1739721899.5871308,60,-35,-47
1739721899.6331308,-37,45,28
1739721899.6791308,-79,-8,-6
1739721899.7251308,-80,56,-40
1739721899.7701306,24,5,-122
1739721899.8161306,-69,-11,5
1739721899.8621306,-89,-19,21
1739721899.9071307,19,-15,37
1739721899.9531307,33,31,-64
1739721899.9991307,38,-32,-47
1739721900.0451307,-79,-57,65
1739721900.0901306,44,-8,7
1739721900.1361306,22,75,6
1739721900.1821306,15,42,-38
1739721900.227131,-40,0,-25
1739721900.273131,-10,-17,12
1739721900.319131,-38,-43,-7
1739721900.365131,-5,13,48
1739721900.4101307,42,-63,-55
1739721900.4561307,-42,-29,-21
1739721900.5021307,-7,-8,-58
1739721900.5471306,30,47,-88
1739721900.5931306,12,-4,-60
1739721900.6391306,-2,10,36
1739721900.6851306,31,-23,-38
1739721900.730131,-25,-77,40
1739721900.776131,-1,62,-74
1739721900.822131,-40,23,-74
1739721900.8671308,-14,6,-72
1739721900.9131308,-99,49,-62
1739721900.9591308,67,-1,-98
1739721901.0051308,-37,19,-122
1739721901.0501306,47,4,-48
1739721901.0961306,4,68,-17
1739721901.1421306,-30,-45,-21
1739721901.1871307,24,42,-56
1739721901.2331307,36,61,8
1739721901.2791307,-46,0,-204
1739721901.3251307,-42,31,60
1739721901.3701308,-4,-25,40
1739721901.4161308,40,-12,-5
1739721901.4621308,-10,-30,-22
1739721901.5071306,-3,10,-15
1739721901.5531306,19,-5,-131
1739721901.5991306,7,32,-137
1739721901.6451306,43,-1,-46
1739721901.6901307,-79,-6,-103
1739721901.7361307,34,-58,-101
1739721901.7821307,-32,20,-21
1739721901.8271308,-25,21,22
1739721901.8731308,59,-97,-103
1739721901.9191308,22,35,56
1739721901.9651306,-37,3,14
1739721902.0101306,-4,44,10
1739721902.0561306,-70,-10,-49
1739721902.102131,3,38,54
1739721902.1471307,46,-19,24
1739721902.1931307,37,118,-28
1739721902.2391307,-65,-20,68
1739721902.2851307,-2,0,32
1739721902.3301306,-2,-57,13
1739721902.3761306,13,8,-49
1739721902.4221306,28,-35,2
1739721902.467131,41,2,-19
1739721902.513131,41,64,-123
1739721902.559131,0,17,-91
1739721902.605131,1,-15,-87
1739721902.6501307,32,-28,132
1739721902.6961308,-34,69,23
1739721902.7421308,-15,14,-83
1739721902.7871306,13,-17,-193
1739721902.8331306,-8,-11,-105
1739721902.8791306,-29,-34,-21
1739721902.9251306,-49,29,-83
1739721902.9701307,88,-49,-135
1739721903.0161307,-33,0,-73
1739721903.0621307,-12,29,-159
1739721903.1071308,-76,47,-71
1739721903.1531308,34,-2,18
1739721903.1991308,-7,3,-11
1739721903.2451308,18,-35,0
1739721903.2901306,-4,-15,-20
1739721903.3361306,54,-9,-141
1739721903.3821306,-39,13,-35
1739721903.4271307,-57,48,5
1739721903.4731307,-58,-5,-75
1739721903.5191307,49,117,-67
1739721903.5651307,3,6,30
1739721903.6101308,-28,46,-143
1739721903.6621306,-35,25,-13
1739721903.707131,34,23,-63
1739721903.753131,-74,85,-53
1739721903.799131,-29,66,-23
1739721903.8451307,-24,15,31
1739721903.8901308,0,64,-91
1739721903.9361308,62,-5,-97
1739721903.9821308,-36,-14,30
1739721904.0271306,25,15,-57
1739721904.0731306,-3,-19,-103
1739721904.1191306,-16,-4,-71
1739721904.1651306,-2,4,38
1739721904.2101307,8,61,-129
1739721904.2561307,-15,-2,44
1739721904.3021307,13,17,64
1739721904.3471308,13,68,0
1739721904.3931308,-67,-6,-71
1739721904.4391308,22,82,-43
1739721904.4851308,2,42,-91
1739721904.5301306,-1,-3,-171
1739721904.5761306,-29,30,-9
1739721904.6221306,15,80,-59
1739721904.6671307,-29,25,-183
1739721904.7131307,-54,27,-128
1739721904.7591307,42,-67,7
1739721904.8041308,-7,-43,0
1739721904.8501308,56,0,6
1739721904.8961308,-57,42,-58
1739721904.9421306,25,-3,57
1739721904.9871306,33,40,38
1739721905.0331306,2,-93,-91
1739721905.0791306,-20,-54,-55
1739721905.1241307,-34,-37,5
1739721905.1701307,56,54,-34
1739721905.2161307,68,69,0
1739721905.2621307,-73,40,-46
1739721905.3071306,-5,-4,-65
1739721905.3531306,-3,50,-64
1739721905.3991306,32,53,8
1739721905.444131,-56,75,-14
1739721905.490131,8,8,-12
1739721905.536131,0,77,-42
1739721905.582131,49,-8,-56
1739721905.6271307,40,45,26
1739721905.6731308,20,28,-76
1739721905.7191308,9,-10,-75
1739721905.7641306,-22,8,-70
1739721905.8101306,-26,48,-40
1739721905.8561306,33,40,-40
1739721905.9021306,21,23,-118
1739721905.947131,3,-24,-135
1739721905.9931307,2,8,-2
1739721906.0391307,-28,-57,1
1739721906.0841308,-16,-23,-39
1739721906.1301308,-9,88,-56
1739721906.1761308,19,-44,-123
1739721906.2221308,0,32,-19
1739721906.2671306,11,-25,-12
1739721906.3131306,-95,22,27
1739721906.3591306,-4,4,-33
1739721906.4041307,14,40,-25
1739721906.4501307,-13,-27,-81
1739721906.4961307,43,5,14
1739721906.5421307,43,32,-109
1739721906.5871308,32,30,-39
1739721906.6331308,-9,-43,-60
1739721906.6791308,-7,16,-201
1739721906.7231307,-6,-33,4
1739721906.7691307,-34,-26,-171
1739721906.8151307,9,65,-95
1739721906.8601308,0,36,-91
1739721906.9061308,-18,27,-83
1739721906.9521308,-47,28,42
1739721906.9981308,-42,5,-24
1739721907.0431306,-85,-3,-62
1739721907.0891306,28,-25,-87
1739721907.1351306,6,-22,-99
1739721907.1801307,42,46,-139
1739721907.2261307,15,-19,-159
1739721907.2721307,-32,23,20
1739721907.3181307,-33,26,-125
1739721907.3631306,-45,-21,106
1739721907.4091306,-53,35,-107
1739721907.4551306,-4,54,-57
1739721907.500131,8,-57,-87
1739721907.546131,42,-2,-23
1739721907.592131,-33,-4,-79
1739721907.638131,66,-72,-49
1739721907.6831307,-54,39,-93
1739721907.7291307,-47,15,30
1739721907.7751307,4,-51,-54
1739721907.8201306,-33,-36,-143
1739721907.8661306,66,-30,-87
1739721907.9121306,-7,82,-109
1739721907.9581306,46,-27,-15
1739721908.003131,53,21,-61
1739721908.049131,48,44,51
1739721908.0951307,14,-35,-37
1739721908.1401308,0,4,32
1739721908.1861308,-6,-66,-44
1739721908.2321308,32,-12,-55
1739721908.2781308,-52,24,-24
1739721908.3231306,44,35,-103
1739721908.3691306,-57,10,-73
1739721908.4151306,83,-19,-47
1739721908.4601307,0,-52,-36
1739721908.5061307,-37,-29,-141
1739721908.5521307,2,-13,94
1739721908.5981307,-2,-16,-197
1739721908.6431308,74,-61,8
1739721908.6891308,24,-17,-16
1739721908.7351308,17,24,54
1739721908.7801306,26,30,-61
1739721908.8261306,32,106,-95
1739721908.8721306,31,36,-35
1739721908.9181306,24,65,-13
1739721908.9631307,26,-32,-105
1739721909.0091307,26,-1,-8
1739721909.0551307,20,-13,-43
1739721909.1001308,25,-36,42
1739721909.1461308,18,-3,-89
1739721909.1921306,-69,4,-95
1739721909.2381306,-44,-8,-109
1739721909.2831306,-25,56,-71
1739721909.3291306,36,12,10
1739721909.375131,46,-31,-79
1739721909.4201307,-53,2,-3
1739721909.4661307,6,5,20
1739721909.5121307,-10,-29,106
1739721909.5581307,59,37,-6
1739721909.6031306,-2,-49,-47
1739721909.6491306,40,14,-101
1739721909.6951306,29,-48,40
1739721909.740131,-34,-67,-109
1739721909.786131,-62,46,-53
1739721909.832131,-8,55,40
1739721909.878131,-19,-28,-61
1739721909.9231308,-96,-32,-119
1739721909.9691308,2,-28,44
1739721910.0151308,7,-63,-115
1739721910.0601306,-6,-2,-93
1739721910.1061306,-31,-1,-27
1739721910.1521306,-14,16,-37
1739721910.1981306,25,-72,-21
1739721910.2431307,74,81,-32
1739721910.2891307,14,-17,36
1739721910.3351307,35,48,-174
1739721910.3801308,-27,40,16
1739721910.4261308,38,32,-32
1739721910.4721308,48,-99,1
1739721910.5181308,-42,-8,-59
1739721910.5631306,68,2,-72
1739721910.6091306,0,7,-41
1739721910.6551306,55,13,-68
1739721910.7001307,-63,56,-9
1739721910.7461307,47,-22,-61
1739721910.7921307,2,-24,-11
1739721910.8381307,38,-108,-48
1739721910.8831308,43,29,16
1739721910.9291308,-20,-13,-53
1739721910.9751308,50,-31,-117
1739721911.0201306,6,21,-61
1739721911.0661306,-32,-17,-57
1739721911.1121306,-14,17,-93
1739721911.1581306,52,47,-55
1739721911.2031307,-22,29,-2
1739721911.2491307,38,-16,-75
1739721911.2951307,27,-86,49
1739721911.3401306,7,-20,84
1739721911.3861306,62,1,-51
1739721911.4321306,33,-7,-100
1739721911.4781306,41,-40,-62
1739721911.523131,-30,-5,-8
1739721911.569131,-10,45,103
1739721911.615131,-3,35,3
1739721911.6601307,11,21,-72
1739721911.7061307,82,1,-6
1739721911.7521307,0,48,-46
1739721911.7981308,24,-49,-16
1739721911.8431306,-63,-31,-216
1739721911.8891306,36,0,5
1739721911.9351306,36,14,-158
1739721911.980131,-19,9,10
1739721912.026131,32,-17,-136
1739721912.072131,-5,2,-20
1739721912.1181307,19,-34,-88
1739721912.1631308,6,81,-14
1739721912.2091308,-9,-20,-280
1739721912.2551308,-42,41,-76
1739721912.3001306,-58,9,-70
1739721912.3461306,29,-27,-53
1739721912.3921306,-58,46,2
1739721912.4381306,-12,-29,113
1739721912.4831307,-9,8,-132
1739721912.5291307,37,38,-128
1739721912.5751307,-47,8,-2
1739721912.6201308,-27,-24,-104
1739721912.6661308,32,85,-50
1739721912.7121308,-10,30,-34
1739721912.7581308,16,-26,7
1739721912.8031306,-54,19,-20
1739721912.8491306,-57,-24,25
1739721912.8951306,16,73,-6
1739721912.9401307,5,-18,-9
1739721912.9861307,2,14,-94
1739721913.0321307,-22,3,-24
1739721913.0781307,6,74,-83
1739721913.1231308,-14,55,-17
1739721913.1691308,16,7,-115
1739721913.2151306,-11,-47,24
1739721913.2601306,6,61,-125
1739721913.3061306,-14,24,-27
1739721913.352131,0,37,56
1739721913.398131,-24,46,-25
1739721913.4431307,-50,35,-141
1739721913.4891307,44,-78,-83
1739721913.5351307,39,60,-137
1739721913.5801306,-90,31,-109
1739721913.6261306,-18,26,-79
1739721913.6781306,96,28,12
1739721913.7231307,41,81,-17
1739721913.7691307,-29,7,-89
1739721913.8151307,72,28,53
1739721913.8601308,-62,7,-62
1739721913.9061308,60,-42,43
1739721913.9521308,-25,31,-25
1739721913.9981308,25,1,9
1739721914.0431306,16,49,-49
1739721914.0901306,-68,-19,26
1739721914.1361306,32,24,29
1739721914.1821306,40,-25,-21
1739721914.227131,-26,32,-19
1739721914.273131,53,-19,-91
1739721914.319131,-64,-71,-62
1739721914.3641307,-46,6,-32
1739721914.4101307,7,-98,-57
1739721914.4561307,91,4,-23
1739721914.5021307,-91,-61,-5
1739721914.5471306,2,39,-9
1739721914.5931306,35,-23,-101
1739721914.6391306,22,19,45
1739721914.684131,17,-26,-77
1739721914.730131,-39,-54,56
1739721914.776131,-76,5,-10
1739721914.8211308,-3,51,-105
1739721914.8671308,6,99,-17
1739721914.9131308,43,61,-3
1739721914.9591308,80,-39,-155
1739721915.0041306,64,-15,-27
1739721915.0501306,-13,29,26
1739721915.0961306,83,96,48
1739721915.1411307,-28,70,-23
1739721915.1871307,27,-39,-2
1739721915.2331307,47,-55,-71
1739721915.2791307,23,22,-75
1739721915.3241308,-73,19,-15
1739721915.3701308,4,-3,18
1739721915.4161308,-45,2,-123
1739721915.4611306,22,31,-63
1739721915.5071306,-32,-39,-89
1739721915.5531306,-44,-62,-24
1739721915.5991306,14,38,13
1739721915.6441307,59,-107,-64
1739721915.6901307,32,42,43
1739721915.7361307,-27,-60,-110
1739721915.7811308,32,4,-49
1739721915.8271308,-24,-29,-71
1739721915.8731308,5,-4,-95
1739721915.9191308,32,-36,0
1739721915.9641306,-62,45,-45
1739721916.0101306,8,31,37
1739721916.0561306,70,-18,-38
1739721916.1011307,-51,71,-100
1739721916.1471307,30,24,27
1739721916.1931307,41,7,7
1739721916.2391307,45,36,-52
1739721916.2841306,-17,-19,-82
1739721916.3301306,102,25,60
1739721916.3761306,69,2,-24
1739721916.421131,47,67,-134
1739721916.467131,-21,-7,-7
1739721916.513131,-82,0,-202
1739721916.559131,-52,30,-25
1739721916.6041307,-30,3,-7
1739721916.6501307,16,-3,55
1739721916.6961308,14,-60,-39
1739721916.7411306,42,4,-92
1739721916.7871306,-37,27,-10
1739721916.8331306,-32,3,37
1739721916.8791306,-54,20,-49
1739721916.924131,-107,-30,-21
1739721916.9701307,-4,55,36
1739721917.0161307,1,46,-158
1739721917.0611308,-9,-67,-91
1739721917.1071308,-15,-61,65
1739721917.1531308,-7,15,-58
1739721917.1991308,-104,5,7
1739721917.2441306,-42,5,63
1739721917.2901306,-25,-11,-31
1739721917.3361306,60,61,-62
1739721917.3811307,29,27,50
1739721917.4271307,28,-42,-62
1739721917.4731307,20,14,12
1739721917.5191307,3,-10,10
1739721917.5641308,76,-39,64
1739721917.6101308,-27,-23,-45
1739721917.6561308,-69,12,-147
1739721917.7011306,58,1,22
1739721917.7471306,-18,21,-162
1739721917.7931306,34,-19,-106
1739721917.8391306,84,-14,6
1739721917.8841307,16,-40,-4
1739721917.9301307,100,-30,-84
1739721917.9761307,-60,-39,-19
1739721918.0211308,37,14,0
1739721918.0671306,52,-11,-104
1739721918.1131306,2,24,-21
1739721918.1591306,80,-70,-86
1739721918.2041306,12,33,48
1739721918.250131,-13,-49,-67
1739721918.296131,42,53,-68
1739721918.3411307,24,0,-70
1739721918.3871307,29,-47,-10
1739721918.4331307,37,25,-108
1739721918.4791307,-131,-2,-77
1739721918.5241306,-2,-8,-38
1739721918.5701306,-10,5,-53
1739721918.6161306,-35,-35,45
1739721918.661131,30,-18,-114
1739721918.707131,-82,-97,-3
1739721918.753131,15,-1,-24
1739721918.799131,-10,12,27
1739721918.8441308,30,36,-98
1739721918.8901308,-34,-14,-57
1739721918.9361308,-23,109,-34
1739721918.9811306,40,-21,-24
1739721919.0271306,7,-37,-112
1739721919.0731306,60,-47,12
1739721919.1191306,103,-22,-82
1739721919.1641307,41,-55,-58
1739721919.2101307,-11,-49,35
1739721919.2561307,71,-59,-138
1739721919.3011308,39,13,-64
1739721919.3471308,48,8,12
1739721919.3931308,-30,82,-43
1739721919.4391308,33,13,-96
1739721919.4841306,61,-21,-34
1739721919.5301306,-16,14,-11
1739721919.5761306,-26,51,-80
1739721919.6211307,14,-27,-46
1739721919.6671307,-16,37,-29
1739721919.7131307,-24,-15,-45
1739721919.7591307,-6,-54,-22
1739721919.8041308,27,-24,15
1739721919.8501308,-22,1,-18
1739721919.8961308,-4,23,-20
1739721919.9411306,-49,2,-18
1739721919.9871306,141,15,-52
1739721920.0331306,-56,8,-20
1739721920.0791306,48,-14,92
1739721920.1241307,84,39,6
1739721920.1701307,29,-58,-159
1739721920.2161307,-42,36,-60
1739721920.2611306,17,-6,-36
1739721920.3071306,75,-36,5
1739721920.3531306,-6,5,-98
1739721920.3991306,86,39,-64
1739721920.444131,-39,58,16
1739721920.490131,-37,2,-64
1739721920.536131,18,54,-138
1739721920.5811307,-42,16,7
1739721920.6271307,-31,48,-32
1739721920.6731308,0,-39,-15
1739721920.7191308,40,-25,-92
1739721920.7641306,38,-8,-62
1739721920.8101306,7,33,-158
1739721920.8561306,-14,-12,-75
1739721920.901131,22,-5,-8
1739721920.947131,-59,-7,-95
1739721920.9931307,30,19,22
1739721921.0391307,3,-12,-68
1739721921.0841308,185,12,-86
1739721921.1301308,-65,54,52
1739721921.1761308,-11,-98,37
1739721921.2211306,25,22,-74
1739721921.2671306,-84,18,-100
1739721921.3131306,-54,-4,-117
1739721921.3591306,32,-1,-81
1739721921.4041307,72,16,-17
1739721921.4501307,43,-93,36
1739721921.4961307,-9,8,3
1739721921.5411308,-2,10,20
1739721921.5871308,29,64,-35
1739721921.6331308,-23,-26,-2
1739721921.6791308,26,-38,-147
1739721921.7241306,11,38,-15
1739721921.7701306,-47,-53,28
1739721921.8161306,38,21,82
1739721921.8611307,47,41,-61
1739721921.9071307,23,-7,-105
1739721921.9531307,13,-13,-47
1739721921.9991307,-29,-6,58
1739721922.0441308,0,-10,-167
1739721922.0901306,17,-25,-45
1739721922.1361306,-45,69,-113
1739721922.1811306,6,-2,-129
1739721922.227131,-25,47,-15
1739721922.273131,6,26,1
1739721922.319131,-71,1,-43
1739721922.3641307,-36,30,-37
1739721922.4101307,-11,21,43
1739721922.4561307,-26,84,-69
1739721922.5011306,-12,37,35
1739721922.5471306,20,120,13
1739721922.5931306,23,64,-65
1739721922.6391306,-33,25,-75
1739721922.684131,12,28,-5
1739721922.730131,17,81,-97
1739721922.776131,-61,-12,-37
1739721922.8211308,51,-7,62
1739721922.8671308,102,-23,-44
1739721922.9131308,9,27,21
1739721922.9591308,31,-21,14
1739721923.0041306,-43,39,-123
1739721923.0501306,-10,-47,-70
1739721923.0961306,9,78,-49
1739721923.1411307,60,62,-3
1739721923.1871307,-36,72,63
1739721923.2331307,66,29,-157
1739721923.2791307,101,52,76
1739721923.3241308,-85,76,63
1739721923.3701308,-21,-13,-65
1739721923.4161308,-7,82,-121
1739721923.4611306,-32,66,-9
1739721923.5071306,28,-36,46
1739721923.5531306,89,10,40
1739721923.5991306,38,-45,-102
1739721923.6441307,-1,18,-17
1739721923.6961308,40,18,-48
1739721923.7411306,9,-2,-89
1739721923.7871306,21,10,-26
1739721923.8331306,-88,111,-137
1739721923.8791306,3,6,-21
1739721923.924131,-21,-18,-41
1739721923.9701307,-97,87,47
1739721924.0161307,-19,-56,-72
1739721924.0611308,-34,48,-51
1739721924.1071308,-29,-49,-229
1739721924.1531308,-34,15,-25
1739721924.1991308,-8,31,88
1739721924.2431307,-77,-5,-223
1739721924.2891307,-34,48,-97
1739721924.3351307,-14,0,-85
1739721924.3801308,65,75,-77
1739721924.4261308,-36,17,-119
1739721924.4721308,51,-49,30
1739721924.5171306,6,9,-25
1739721924.5631306,-76,17,41
1739721924.6091306,69,34,0
1739721924.6541307,-47,-9,-9
1739721924.7001307,13,38,-133
1739721924.7461307,1,9,-71
1739721924.7921307,59,-26,-52
1739721924.8371308,100,118,-21
1739721924.8831308,-59,-7,-47
1739721924.9291308,2,14,-79
1739721924.9741306,13,30,-17
1739721925.0201306,47,-24,-20
1739721925.0661306,-27,-49,8
1739721925.1121306,-1,-5,-65
1739721925.1571307,-94,-16,-24
1739721925.2031307,-66,-27,-115
1739721925.2491307,30,35,-55
1739721925.2941308,-10,87,-97
1739721925.3401306,-25,49,-143
1739721925.3861306,-32,3,-14
1739721925.4321306,-9,32,-121
1739721925.477131,18,85,3
1739721925.523131,4,18,-73
1739721925.569131,-49,-40,-35
1739721925.6141307,-87,-8,-119
1739721925.6601307,65,-3,17
1739721925.7061307,-114,-8,36
1739721925.7521307,25,-7,-27
1739721925.7971306,-62,26,80
1739721925.8431306,17,-27,-78
1739721925.8891306,-13,39,-150
1739721925.934131,-18,12,-8
1739721925.980131,-17,5,-58
1739721926.026131,-3,51,-20
1739721926.072131,13,12,-70
1739721926.1171308,10,-16,17
1739721926.1631308,-36,-88,37
1739721926.2091308,-56,6,-50
1739721926.2541306,-100,102,-26
1739721926.3001306,-9,14,-72
1739721926.3461306,-59,16,-30
1739721926.3921306,17,16,-46
1739721926.4371307,7,19,4
1739721926.4831307,-33,-124,-81
1739721926.5291307,10,110,-140
1739721926.5741308,-18,80,26
1739721926.6201308,-68,-7,-31
1739721926.6661308,42,-8,76
1739721926.7121308,26,-4,-78
1739721926.7571306,-56,93,97
1739721926.8031306,22,83,-4
1739721926.8491306,20,-22,-96
1739721926.8941307,62,-43,-26
1739721926.9401307,-38,3,-55
1739721926.9861307,-75,1,-37
1739721927.0321307,49,42,-44
1739721927.0771308,20,-4,-34
1739721927.1231308,58,-5,-116
1739721927.1691308,-9,34,-20
1739721927.2141306,0,20,-88
1739721927.2601306,9,-50,-11
1739721927.3061306,61,-14,-34
1739721927.352131,42,21,10
1739721927.3971307,104,4,154
1739721927.4431307,-6,19,27
1739721927.4891307,13,69,56
1739721927.5341306,53,30,-98
1739721927.5801306,-15,9,1
1739721927.6261306,-12,-11,-96
1739721927.6721306,-11,14,-26
1739721927.717131,-24,-9,-33
1739721927.763131,-38,-13,-23
1739721927.809131,-104,90,-45
1739721927.8541307,34,-63,-130
1739721927.9001307,-47,64,-14
1739721927.9461308,-67,19,-71
1739721927.9921308,76,16,-188
1739721928.0371306,29,82,4
1739721928.0831306,68,16,-56
1739721928.1291306,-49,-20,-83
1739721928.174131,-21,-31,-108
1739721928.2201307,17,34,24
1739721928.2661307,-32,78,51
1739721928.3121307,-78,-7,-59
1739721928.3571308,52,-3,-12
1739721928.4031308,-56,76,-199
1739721928.4491308,47,-50,-2
1739721928.4941306,-65,43,-59
1739721928.5401306,-80,11,9
1739721928.5861306,35,-10,-2
1739721928.6321306,22,-54,199
1739721928.6771307,-14,-5,-6
1739721928.7231307,-58,20,22
1739721928.7691307,-18,-16,-89
1739721928.8141308,-38,24,-98
1739721928.8601308,-44,-13,-5
1739721928.9061308,-3,33,-80
1739721928.9521308,-61,85,-42
1739721928.9971306,19,-25,-13
1739721929.0431306,32,93,-96
1739721929.0891306,-9,53,0
1739721929.1341307,59,-25,-92
1739721929.1801307,-40,61,-22
1739721929.2261307,-109,12,21
1739721929.2721307,-34,53,4
1739721929.3171306,-32,-7,-5
1739721929.3631306,38,-15,-82
1739721929.4091306,-20,25,-142
1739721929.4541306,17,0,-4
1739721929.500131,32,13,22
1739721929.546131,-4,43,-65
1739721929.592131,-3,15,-75
1739721929.6371307,-22,39,-11
1739721929.6831307,20,-71,90
1739721929.7291307,58,-25,45
1739721929.7741306,-27,19,-125
1739721929.8201306,43,18,-41
1739721929.8661306,-15,-40,84
1739721929.9121306,6,48,108
1739721929.957131,-23,-31,-83
1739721930.003131,34,-44,82
1739721930.049131,5,-24,-31
1739721930.0941308,-35,-31,-52
1739721930.1401308,11,23,-17
1739721930.1861308,15,24,0
1739721930.2321308,-105,32,-92
1739721930.2771306,68,4,-195
1739721930.3231306,93,-21,-89
1739721930.3691306,112,47,112
1739721930.4141307,29,46,9
1739721930.4601307,29,21,55
1739721930.5061307,27,-40,33
1739721930.5521307,-30,4,-159
1739721930.5971308,62,-43,31
1739721930.6431308,-26,-10,-55
1739721930.6891308,26,113,-33
1739721930.7341306,24,-17,-7
1739721930.7801306,29,-15,-35
1739721930.8261306,36,-12,-101
1739721930.8721306,0,46,24
1739721930.9171307,6,-2,-119
1739721930.9631307,-41,14,-16
1739721931.0091307,79,74,21
1739721931.0541308,-58,-23,-42
1739721931.1001308,-39,-53,-36
1739721931.1461308,-30,28,-85
1739721931.1921306,0,-8,-97
1739721931.2371306,45,-30,-79
1739721931.2831306,-88,-49,-56
1739721931.3291306,-41,-34,58
1739721931.3741307,29,35,-57
1739721931.4201307,23,56,20
1739721931.4661307,37,15,-55
1739721931.5121307,-71,16,-53
1739721931.5571306,0,-8,26
1739721931.6031306,-38,-3,68
1739721931.6491306,-83,-29,-57
1739721931.694131,21,-11,-29
1739721931.740131,-38,66,20
1739721931.786131,15,-60,2
1739721931.832131,-7,45,-103
1739721931.8771307,-38,-14,56
1739721931.9231308,28,53,-157
1739721931.9691308,-8,23,-5
1739721932.0141306,65,-26,-51
1739721932.0601306,-21,-1,-147
1739721932.1061306,-39,32,-33
1739721932.1521306,17,13,-21
1739721932.197131,28,-15,69
1739721932.2431307,6,-11,112
1739721932.2891307,-55,27,-23
1739721932.3341308,42,49,24
1739721932.3801308,-41,6,28
1739721932.4261308,9,-3,-49
1739721932.4721308,-96,128,6
1739721932.5171306,0,-110,-48
1739721932.5631306,-44,27,-130
1739721932.6091306,19,6,5
1739721932.6541307,46,-18,-89
1739721932.7001307,9,-52,-95
1739721932.7461307,-1,23,-197
1739721932.7921307,31,37,-64
1739721932.8361306,6,-123,-103
1739721932.8821306,-12,42,-44
1739721932.9281306,2,16,74
1739721932.9731307,74,8,-87
1739721933.0191307,16,-8,23
1739721933.0651307,40,55,-24
1739721933.1101308,29,0,-67
1739721933.1561308,7,-83,-87
1739721933.2021308,-29,-52,-173
1739721933.2481308,7,62,2
1739721933.2931306,-8,15,30
1739721933.3391306,30,-96,21
1739721933.3851306,61,-18,-59
1739721933.4301307,8,41,8
1739721933.4761307,53,74,-55
1739721933.5221307,-129,-41,-82
1739721933.5681307,29,63,-31
1739721933.6131306,-21,62,-72
1739721933.6591306,-3,-12,22
1739721933.7101307,5,-27,126
1739721933.7561307,74,-53,-39
1739721933.8021307,-8,91,-37
1739721933.8481307,46,17,-107
1739721933.8931308,44,-3,-17
1739721933.9391308,71,-23,-86
1739721933.9851308,64,44,-83
1739721934.0301306,-12,0,-155
1739721934.0761306,-21,105,-35
1739721934.1221306,-25,18,53
1739721934.1681306,35,-9,-12
1739721934.2131307,-14,-30,28
1739721934.2591307,-20,27,-39
1739721934.3051307,-39,58,-185
1739721934.3501308,11,-33,-109
1739721934.3961308,-23,36,-41
1739721934.4421306,22,-37,-106
1739721934.4881306,-5,-31,0
1739721934.5331306,32,-44,-42
1739721934.5791306,36,-14,-108
1739721934.625131,77,-17,10
1739721934.6701307,-24,9,-185
1739721934.7161307,-75,39,-15
1739721934.7621307,-3,-57,4
1739721934.8071306,19,-82,-38
1739721934.8531306,6,15,-11
1739721934.8991306,-66,35,27
1739721934.9451306,-21,-25,-34
1739721934.990131,79,-73,-30
1739721935.036131,-53,-9,-65
1739721935.082131,-150,-124,-14
1739721935.1271307,26,11,-93
1739721935.1731308,-13,83,52
1739721935.2191308,-35,-30,-114
1739721935.2651308,-3,57,16
1739721935.3101306,-3,57,12
1739721935.3561306,-8,25,-18
1739721935.4021306,-34,84,12
1739721935.447131,40,-15,-66
1739721935.4931307,-62,-52,-80
1739721935.5391307,2,19,-84
1739721935.5851307,11,88,-66
1739721935.6301308,-18,64,-104
1739721935.6761308,34,4,-32
1739721935.7221308,19,30,-64
1739721935.7671306,-14,20,-26
1739721935.8131306,14,15,-8
1739721935.8591306,28,37,-30
1739721935.9051306,-13,28,-52
1739721935.9501307,-124,42,-190
1739721935.9961307,10,-14,49
1739721936.0421307,15,-32,-21
1739721936.0871308,-21,29,-68
1739721936.1331308,-18,62,-62
1739721936.1791308,-38,-7,-78
1739721936.2251308,-53,40,-24
1739721936.2701306,84,-21,-54
1739721936.3161306,-13,-10,-188
1739721936.3621306,-20,-42,-111
1739721936.4071307,-70,-69,61
1739721936.4531307,2,-46,-119
1739721936.4991307,25,-59,-33
1739721936.5451307,31,21,38
1739721936.5901306,47,69,-82
1739721936.6361306,-26,-33,47
1739721936.6821306,-5,-36,-17
1739721936.727131,64,-24,-101
1739721936.773131,23,-2,-132
1739721936.819131,-39,14,-36
1739721936.865131,84,10,5
1739721936.9101307,11,-67,-37
1739721936.9561307,-14,37,-18
1739721937.0021307,-21,42,-96
1739721937.0471306,-37,37,50
1739721937.0931306,89,41,-44
1739721937.1391306,12,-39,-43
1739721937.1851306,3,-23,-3
1739721937.230131,-48,-41,-148
1739721937.276131,-33,32,-114
1739721937.322131,-18,33,-36
1739721937.3671308,44,-36,-46
1739721937.4131308,-52,-49,-104
1739721937.4591308,4,18,68
1739721937.5051308,-2,10,42
1739721937.5501306,-61,-25,-64
1739721937.5961306,34,-75,65
1739721937.6431308,1,-23,39
1739721937.6891308,-4,23,-14
1739721937.7341306,-23,-25,-78
1739721937.7801306,-1,39,-190
1739721937.8261306,55,-2,-133
1739721937.8711307,-47,31,-26
1739721937.9171307,-57,-11,-42
1739721937.9631307,-50,-14,-72
1739721938.0091307,-30,-6,-36
1739721938.0541308,93,-28,-67
1739721938.1001308,33,21,-37
1739721938.1461308,-41,17,-82
1739721938.1911306,28,-8,3
1739721938.2371306,39,72,-53
1739721938.2831306,52,52,-90
1739721938.3291306,-7,-18,10
1739721938.3741307,1,57,-158
1739721938.4201307,-103,18,-68
1739721938.4661307,-57,29,-8
1739721938.5111306,55,53,14
1739721938.5571306,27,13,39
1739721938.6031306,0,12,-22
1739721938.6491306,46,-20,-180
1739721938.694131,29,-31,-68
1739721938.740131,-29,98,-74
1739721938.786131,-9,40,-51
1739721938.8311307,-52,26,-46
1739721938.8771307,8,-1,-63
1739721938.9231308,-40,18,52
1739721938.9691308,-48,99,-5
1739721939.0141306,-64,39,-55
1739721939.0601306,44,48,-141
1739721939.1061306,-22,14,70
1739721939.151131,63,126,11
1739721939.197131,17,-1,-11
1739721939.2431307,32,26,-283
1739721939.2891307,58,-54,-161
1739721939.3341308,-13,-65,-3
1739721939.3801308,24,39,-53
1739721939.4261308,-22,-28,70
1739721939.4711306,6,37,-161
1739721939.5171306,-66,113,-33
1739721939.5631306,14,-33,-225
1739721939.6091306,-131,-9,-77
1739721939.6541307,-82,-1,-105
1739721939.7001307,4,49,32
1739721939.7461307,-30,-21,-101
1739721939.7911308,-10,-18,-67
1739721939.8371308,0,-57,-113
1739721939.8831308,-137,24,-66
1739721939.9291308,-42,-18,-10
1739721939.9741306,20,-2,-101
1739721940.0201306,38,7,-69
1739721940.0661306,33,-3,-41
1739721940.1111307,-3,9,-61
1739721940.1571307,-71,-42,-89
1739721940.2031307,54,-40,-25
1739721940.2491307,-33,6,-115
1739721940.2941308,23,-9,-41
1739721940.3401306,9,-1,24
1739721940.3861306,-52,51,74
1739721940.4311306,-28,53,-71
1739721940.477131,-31,1,-18
1739721940.523131,42,8,-35
1739721940.569131,-28,-46,20
1739721940.6141307,27,-22,-37
1739721940.6601307,24,13,-109
1739721940.7061307,27,14,-89
1739721940.7511306,-20,21,-131
1739721940.7971306,35,51,-105
1739721940.8431306,-72,4,38
1739721940.8891306,23,-34,-27
1739721940.934131,-84,23,88
1739721940.980131,-32,89,-77
1739721941.026131,-23,-83,-82
1739721941.0711308,-4,67,-51
1739721941.1171308,-24,1,-43
1739721941.1631308,33,22,-107
1739721941.2091308,-14,26,-155
1739721941.2541306,-77,-29,-32
1739721941.3001306,-54,-16,-44
1739721941.3461306,44,-22,-61
1739721941.3911307,9,-56,40
1739721941.4371307,15,3,-61
1739721941.4831307,-13,3,-27
1739721941.5291307,-20,21,-121
1739721941.5741308,49,-14,-191
1739721941.6201308,0,-54,-95
1739721941.6661308,-1,-28,-35
1739721941.7111306,-76,-27,-12
1739721941.7571306,-6,-61,-131
1739721941.8031306,-28,9,-56
1739721941.8491306,0,24,-18
1739721941.8941307,18,-43,-89
1739721941.9401307,-54,8,-94
1739721941.9861307,-94,-11,-40
1739721942.0311308,-28,-46,-46
1739721942.0771308,-54,50,-112
1739721942.1231308,-77,21,-12
1739721942.1691308,14,-22,-101
1739721942.2141306,-55,4,-128
1739721942.2601306,21,23,-49
1739721942.3061306,-48,75,-98
1739721942.3511307,-25,-49,24
1739721942.3971307,-18,105,-87
1739721942.4431307,-18,-9,-44
1739721942.4891307,-14,-10,-85
1739721942.5341306,-47,8,-8
1739721942.5801306,61,16,-85
1739721942.6261306,1,10,-117
1739721942.671131,-107,6,-72
1739721942.717131,-14,-29,-105
1739721942.763131,34,11,-49
1739721942.809131,27,-16,-61
1739721942.8541307,-39,26,40
1739721942.9001307,-2,24,-37
1739721942.9461308,64,-13,-35
1739721942.9911306,50,69,-81
1739721943.0371306,52,15,-33
1739721943.0831306,-17,67,-33
1739721943.1291306,-2,-21,-55
1739721943.174131,21,34,-7
1739721943.2201307,38,-14,-41
1739721943.2661307,-58,-65,20
1739721943.3111308,-71,64,-34
1739721943.3571308,-23,-12,-26
1739721943.4031308,-100,65,-14
1739721943.4491308,-49,15,40
1739721943.4941306,-31,48,-59
1739721943.5401306,-16,-16,-10
1739721943.5861306,35,-91,57
1739721943.6311307,16,34,-63
1739721943.6771307,0,25,82
1739721943.7291307,28,-21,-23
1739721943.7741306,-17,60,8
1739721943.8201306,-45,-42,-77
1739721943.8661306,-11,54,-16
1739721943.911131,-21,-4,-10
1739721943.957131,-17,58,-95
1739721944.003131,4,-38,-33
1739721944.049131,-67,-49,-71
1739721944.0941308,-6,21,-28
1739721944.1401308,-10,77,28
1739721944.1861308,40,45,-99
1739721944.2311306,19,-7,-41
1739721944.2771306,46,-29,-91
1739721944.3231306,56,-83,-61
1739721944.3691306,43,-21,-29
1739721944.4141307,0,44,-35
1739721944.4601307,21,20,14
1739721944.5061307,-77,-20,0
1739721944.5511308,0,20,-67
1739721944.5971308,-12,-4,-55
1739721944.6431308,19,-40,-51
1739721944.6891308,-34,3,-53
1739721944.7341306,47,34,-69
1739721944.7801306,1,-2,-43
1739721944.8261306,63,-18,-8
1739721944.8711307,46,12,20
1739721944.9171307,-29,51,-9
1739721944.9631307,46,-3,-33
1739721945.0081308,14,79,18
1739721945.0541308,-25,-43,-40
1739721945.1001308,63,-9,-21
1739721945.1461308,48,-16,-81
1739721945.1911306,-93,-1,-35
1739721945.2371306,-13,22,-119
1739721945.2831306,6,-33,-97
1739721945.3281307,-39,50,-127
1739721945.3741307,-137,0,-25
1739721945.4201307,82,-59,-108
1739721945.4661307,-16,8,-53
1739721945.5111306,-61,4,-33
1739721945.5571306,17,-25,-163
1739721945.6031306,78,-58,148
1739721945.648131,90,-27,-68
1739721945.694131,80,-7,-97
1739721945.740131,-17,42,15
1739721945.786131,61,-13,-65
1739721945.8311307,45,61,-11
1739721945.8771307,-1,58,-71
1739721945.9231308,34,67,-27
1739721945.9681306,57,-21,-74
1739721946.0141306,1,133,0
1739721946.0601306,-34,35,79
1739721946.1061306,30,-74,100
1739721946.151131,-71,24,-91
1739721946.197131,26,-35,46
1739721946.2431307,-13,-61,6
1739721946.2881308,-52,-42,76
1739721946.3341308,-38,23,-49
1739721946.3801308,23,2,-53
1739721946.4261308,-5,8,-55
1739721946.4711306,-46,6,-36
1739721946.5171306,2,3,-33
1739721946.5631306,-3,7,-35
1739721946.6081307,-91,15,-56
1739721946.6541307,25,34,65
1739721946.7001307,0,24,-31
1739721946.7461307,-60,39,-51
1739721946.7911308,-3,13,-123
1739721946.8371308,-15,4,-2
1739721946.8831308,9,64,-45
1739721946.9281306,-31,-12,-11
1739721946.9741306,10,11,-55
1739721947.0201306,18,-13,-101
1739721947.0661306,10,72,-127
1739721947.1111307,22,-15,-25
1739721947.1571307,-24,-23,-35
1739721947.2031307,2,-34,24
1739721947.2481308,2,-24,-141
1739721947.2941308,-20,0,-149
1739721947.3401306,77,-40,-127
1739721947.3861306,-14,-19,-157
1739721947.4311306,9,22,-41
1739721947.477131,-47,-50,-33
1739721947.523131,-7,-38,-3
1739721947.5681307,17,-7,-73
1739721947.6141307,-43,-15,16
1739721947.6601307,-21,17,-18
1739721947.7061307,-28,-3,28
1739721947.7511306,-3,20,24
1739721947.796131,7,-40,-87
1739721947.842131,8,-20,-47
1739721947.8871307,43,93,-5
1739721947.9331307,-38,-44,-26
1739721947.9791307,-75,-11,-108
1739721948.0241306,-38,66,-43
1739721948.0701306,-32,-38,-24
1739721948.1161306,-33,-37,-18
1739721948.1621306,-20,-53,-16
1739721948.207131,-49,48,-37
1739721948.253131,-31,-62,-65
1739721948.299131,67,51,-19
1739721948.3441308,26,37,-97
1739721948.3901308,7,14,-73
1739721948.4361308,52,-52,-107
1739721948.4821308,47,-25,128
1739721948.5271306,-34,41,-41
1739721948.5731306,27,47,-45
1739721948.6191306,-43,27,-111
1739721948.6641307,79,6,-21
1739721948.7101307,-76,3,-160
1739721948.7561307,-6,10,-37
1739721948.8021307,39,13,-101
1739721948.8471308,-48,-43,-98
1739721948.8931308,25,14,-101
1739721948.9391308,-11,29,-27
1739721948.9841306,-53,104,-61
1739721949.0301306,-2,61,-49
1739721949.0761306,7,-31,-183
1739721949.1221306,-88,-17,6
1739721949.1671307,72,42,25
1739721949.2131307,15,-14,48
1739721949.2591307,52,45,-3
1739721949.3041308,-39,28,-77
1739721949.3501308,-79,33,-86
1739721949.3961308,1,35,-69
1739721949.4421306,-51,-19,-28
1739721949.4871306,0,-13,-147
1739721949.5331306,-68,40,-20
1739721949.5791306,32,-79,0
1739721949.6241307,-49,-9,-54
1739721949.6701307,-85,28,-90
1739721949.7161307,-36,54,-7
1739721949.7621307,82,9,-43
1739721949.8071306,45,56,-115
1739721949.8531306,-37,1,-12
1739721949.8991306,-42,37,-107
1739721949.944131,19,-14,-135
1739721949.990131,61,23,-71
1739721950.036131,-35,43,-20
1739721950.082131,28,49,-123
1739721950.1271307,76,28,-61
1739721950.1731308,-27,68,-48
1739721950.2191308,33,-29,-34
1739721950.2641306,21,5,-106
1739721950.3101306,24,-43,-9
1739721950.3561306,-33,24,25
1739721950.4021306,44,10,-98
1739721950.447131,-8,93,-44
1739721950.4931307,15,5,-20
1739721950.5391307,18,-9,-10
1739721950.5841308,69,20,-12
1739721950.6301308,20,-16,-42
1739721950.6761308,-1,25,-110
1739721950.7221308,-30,-28,-121
1739721950.7671306,19,12,-82
1739721950.8131306,-15,26,-28
1739721950.8591306,0,4,-40
1739721950.9041307,-19,82,-54
1739721950.9501307,-39,23,30
1739721950.9961307,15,-10,-92
1739721951.0421307,2,1,55
1739721951.0871308,-41,49,-104
1739721951.1331308,18,-43,-83
1739721951.1791308,-18,49,-42
1739721951.2241306,-61,10,-54
1739721951.2701306,84,-15,-64
1739721951.3161306,17,-31,67
1739721951.3621306,-27,44,-140
1739721951.4071307,15,23,-102
1739721951.4531307,18,53,0
1739721951.4991307,13,24,-126
1739721951.5441308,71,-34,-108
1739721951.5901306,28,0,-84
1739721951.6361306,14,2,-100
1739721951.6821306,-34,3,35
1739721951.727131,-12,4,-124
1739721951.773131,63,14,-24
1739721951.819131,-84,39,-116
1739721951.8641307,15,11,120
1739721951.9101307,-5,-5,-196
1739721951.9561307,-49,31,-116
1739721952.0021307,21,62,36
1739721952.0471306,14,33,-54
1739721952.0931306,15,6,-46
1739721952.1391306,-65,-6,-25
1739721952.184131,-41,59,-72
1739721952.230131,13,35,20
1739721952.276131,30,-49,-96
1739721952.322131,-32,36,-60
1739721952.3671308,6,-64,-142
1739721952.4131308,-43,-3,-201
1739721952.4591308,86,69,-32
1739721952.5041306,-9,9,-75
1739721952.5501306,18,10,-51
1739721952.5961306,-14,-17,32
1739721952.6421306,-44,86,-51
1739721952.6871307,-5,-46,-31
1739721952.7331307,48,51,-151
1739721952.7791307,-20,-61,-35
1739721952.8241308,-93,5,-18
1739721952.8701308,10,2,-53
1739721952.9161308,14,-35,-137
1739721952.9621308,74,-25,39
1739721953.0071306,19,41,-107
1739721953.0531306,24,38,-11
1739721953.0991306,-4,98,-42
1739721953.1441307,-1,25,-171
1739721953.1901307,4,-25,-55
1739721953.2361307,44,10,47
1739721953.2821307,34,-114,-92
1739721953.3271308,31,8,-87
1739721953.3731308,-17,41,-15
1739721953.4191308,5,12,-31
1739721953.4641306,-24,-34,-94
1739721953.5101306,19,48,-45
1739721953.5561306,-56,55,-41
1739721953.602131,71,35,71
1739721953.6471307,24,4,-59
1739721953.6991308,15,47,-29
1739721953.7441306,-51,44,13
1739721953.7901306,-65,47,-21
1739721953.8361306,63,0,0
1739721953.8821306,-29,-9,-76
1739721953.9271307,-21,2,88
1739721953.9731307,-46,4,22
1739721954.0191307,70,1,-21
1739721954.0641308,-15,19,-61
1739721954.1101308,-3,85,0
1739721954.1551306,-98,67,-91
1739721954.2001307,14,5,140
1739721954.2461307,43,4,-53
1739721954.2921307,21,32,-55
1739721954.3381307,39,24,-99
1739721954.3831308,-39,34,-127
1739721954.4291308,66,46,-107
1739721954.4751308,-10,64,7
1739721954.5201306,-33,-19,-102
1739721954.5661306,21,-33,-53
1739721954.6121306,50,-17,-33
1739721954.6581306,-23,-1,4
1739721954.7031307,40,60,-13
1739721954.7491307,-23,50,-173
1739721954.7951307,-36,-64,52
1739721954.8401306,-69,12,-60
1739721954.8861306,73,6,-153
1739721954.9321306,-90,-4,10
1739721954.977131,39,62,-147
1739721955.023131,20,56,-119
1739721955.069131,-19,67,20
1739721955.115131,8,-22,-47
1739721955.1601307,124,-14,43
1739721955.2061307,13,5,13
1739721955.2521307,-12,0,-14
1739721955.2971306,-25,55,82
1739721955.3431306,10,-10,-71
1739721955.3891306,-44,-51,-18
1739721955.4351306,17,10,-55
1739721955.480131,-49,27,-40
1739721955.526131,64,26,-75
1739721955.572131,11,23,-29
1739721955.6171308,44,-8,-111
1739721955.6631308,6,-41,34
1739721955.7091308,26,43,-35
1739721955.7551308,27,41,-33
1739721955.8001306,-20,-53,-117
1739721955.8461306,54,-53,-99
1739721955.8921306,-18,38,-111
1739721955.9371307,21,-7,-217
1739721955.9831307,-24,82,-39
1739721956.0291307,4,-31,-27
1739721956.0751307,76,18,-21
1739721956.1201308,-19,84,156
1739721956.1661308,20,26,42
1739721956.2121308,-21,62,35
1739721956.2571306,-36,9,-141
1739721956.3031306,-36,-1,-153
1739721956.3491306,-54,18,-32
1739721956.3951306,-54,-11,-42
1739721956.4401307,2,64,58
1739721956.4861307,-32,-38,4
1739721956.5321307,8,-35,28
1739721956.5771308,85,-10,30
1739721956.6231308,25,-43,-87
1739721956.6691308,4,68,-13
1739721956.7151306,-35,28,-6
1739721956.7601306,-15,-31,-117
1739721956.8061306,9,-3,-77
1739721956.852131,19,75,26
1739721956.8971307,-11,10,-107
1739721956.9431307,-78,56,-57
1739721956.9891307,40,29,-155
1739721957.0351307,-50,18,-11
1739721957.0801306,-47,16,-81
1739721957.1261306,-14,-11,-71
1739721957.1721306,-5,-4,-117
1739721957.217131,17,-14,-45
1739721957.263131,-1,-3,-69
1739721957.309131,-63,-5,-51
1739721957.355131,-47,-70,-110
1739721957.4001307,58,-55,-73
1739721957.4461308,-15,-3,22
1739721957.4921308,45,-30,0
1739721957.5371306,-31,-6,-87
1739721957.5831306,-12,24,-15
1739721957.6291306,50,13,60
1739721957.6751306,68,53,-21
1739721957.7201307,85,94,-141
1739721957.7661307,-68,14,-15
1739721957.8121307,37,-29,-107
1739721957.8571308,-41,53,1
1739721957.9031308,-63,13,-167
1739721957.9491308,0,-17,-105
1739721957.9951308,-1,-61,-51
1739721958.0401306,74,-21,-57
1739721958.0861306,80,-2,-139
1739721958.1321306,91,16,-1
1739721958.1771307,29,22,98
1739721958.2231307,7,47,-95
1739721958.2691307,47,64,16
1739721958.3151307,61,2,-171
1739721958.3601308,-45,-41,-7
1739721958.4061308,32,-15,-23
1739721958.4521308,36,42,-151
1739721958.4971306,-2,-17,38
1739721958.5431306,-43,-15,-48
1739721958.5891306,-30,4,-40
1739721958.6351306,7,-41,-71
1739721958.6801307,-11,-66,-35
1739721958.7261307,-56,14,-183
1739721958.7721307,15,32,84
1739721958.8171306,17,43,-53
1739721958.8631306,9,77,22
1739721958.9091306,-73,31,-63
1739721958.9551306,69,31,-65
1739721959.000131,62,-57,-5
1739721959.046131,-21,24,-15
1739721959.092131,11,-8,6
1739721959.1371307,-45,-22,-201
1739721959.1831307,-7,21,-89
1739721959.2291307,-62,46,-48
1739721959.2751307,78,23,49
1739721959.3201306,-42,29,128
1739721959.3661306,-20,45,15
1739721959.4121306,2,32,-73
1739721959.457131,7,-37,-81
1739721959.503131,13,-5,84
1739721959.549131,31,76,-101
1739721959.5951307,11,25,-97
1739721959.6401308,6,56,-57
1739721959.6861308,-28,-10,-22
1739721959.7321308,21,26,69
1739721959.7771306,-17,-41,62
1739721959.8231306,-121,-59,-161
1739721959.8691306,-28,-14,13
1739721959.9151306,-58,8,-109
1739721959.9601307,2,31,-78
1739721960.0061307,-81,-41,-4
1739721960.0521307,2,7,-106
1739721960.0971308,-91,29,13
1739721960.1431308,-17,-20,-100
1739721960.1891308,43,50,28
1739721960.2351308,5,0,-106
1739721960.2801306,37,39,-48
1739721960.3261306,49,10,-74
1739721960.3721306,-36,-33,-120
1739721960.4171307,9,-21,-132
1739721960.4631307,5,25,9
1739721960.5091307,44,10,-78
1739721960.5551307,26,1,-106
1739721960.6001308,-47,-25,17
1739721960.6461308,-73,-22,-171
1739721960.6921306,26,77,8
1739721960.7371306,-62,40,0
1739721960.7831306,5,2,-50
1739721960.8291306,89,-23,58
1739721960.875131,43,48,-122
1739721960.9201307,20,5,42
1739721960.9661307,44,-12,-36
1739721961.0121307,13,-4,-38
1739721961.0571306,-25,-28,-66
1739721961.1031306,-85,4,-67
1739721961.1491306,-103,-90,-18
1739721961.1951306,-39,42,-79
1739721961.240131,36,76,-153
1739721961.286131,-28,-31,0
1739721961.332131,-44,-11,-23
1739721961.3771307,-36,12,-154
1739721961.4231308,-42,-54,-126
1739721961.4691308,-10,-1,-130
1739721961.5151308,-3,-40,-36
1739721961.5601306,-30,56,-19
1739721961.6061306,0,2,-100
1739721961.6521306,-17,6,-5
1739721961.697131,15,-46,-118
1739721961.7431307,-44,-21,-18
1739721961.7891307,57,-17,-2
1739721961.8351307,0,-28,-85
1739721961.8801308,-75,-2,20
1739721961.9261308,13,60,-59
1739721961.9721308,44,-6,-72
1739721962.0171306,-50,4,-218
1739721962.0631306,17,-40,-60
1739721962.1091306,43,2,-86
1739721962.1551306,-20,34,-112
1739721962.2001307,-48,22,-130
1739721962.2461307,17,38,-67
1739721962.2921307,-27,34,-53
1739721962.3371308,26,-16,-80
1739721962.3831308,38,18,-38
1739721962.4291308,3,19,-120
1739721962.4751308,21,-80,-80
1739721962.5201306,34,-23,-14
1739721962.5661306,10,40,-41
1739721962.6121306,-24,12,-94
1739721962.6571307,-12,-1,7
1739721962.7031307,28,-9,-72
1739721962.7491307,-25,46,-49
1739721962.7951307,31,54,-46
1739721962.8401306,41,36,47
1739721962.8861306,-12,-36,-22
1739721962.9321306,-41,-6,-70
1739721962.977131,5,63,-33
1739721963.023131,-16,16,-52
1739721963.069131,19,-9,28
1739721963.115131,-17,14,-137
1739721963.1601307,19,8,-15
1739721963.2061307,-10,77,-82
1739721963.2521307,-15,1,28
1739721963.2971306,-46,14,-10
1739721963.3431306,5,-15,-35
1739721963.3891306,0,-79,29
1739721963.4351306,23,10,1
1739721963.480131,-33,55,-2
1739721963.526131,57,5,-57
1739721963.572131,30,-36,-9
1739721963.6171308,27,45,7
1739721963.6631308,10,-101,-13
1739721963.7151306,-11,35,8
1739721963.7601306,71,-61,25
1739721963.8061306,36,4,-83
1739721963.852131,65,-65,-29
1739721963.8971307,26,14,0
1739721963.9431307,-38,-72,-15
1739721963.9891307,44,-6,-31
1739721964.0351307,22,-3,-119
1739721964.0801306,19,-9,-41
1739721964.1261306,-16,-29,-59
1739721964.1721306,-20,-4,-67
1739721964.217131,-2,17,58
1739721964.263131,30,40,-39
1739721964.309131,-61,18,-9
1739721964.355131,0,33,-103
1739721964.4001307,-20,-19,-23
1739721964.4461308,86,23,-142
1739721964.4921308,-10,-62,-41
1739721964.5371306,79,23,74
1739721964.5831306,70,-52,-11
1739721964.6291306,14,43,-68
1739721964.674131,48,-32,-71
1739721964.7201307,8,24,-55
1739721964.7661307,-33,-37,38
1739721964.8121307,-91,-37,-9
1739721964.8571308,-39,19,28
1739721964.9031308,50,-4,-49
1739721964.9491308,11,65,-43
1739721964.9941306,-29,43,-20
1739721965.0401306,62,-4,39
1739721965.0861306,-16,-48,-51
1739721965.1321306,80,23,31
1739721965.1771307,-38,29,8
1739721965.2231307,23,17,-63
1739721965.2691307,-53,41,-130
1739721965.3141308,-7,-57,-89
1739721965.3601308,52,-42,-73
1739721965.4061308,-50,55,0
1739721965.4521308,29,-9,45
1739721965.4971306,54,13,-47
1739721965.5431306,49,-12,-144
1739721965.5891306,42,-15,-83
1739721965.6341307,23,-45,-73
1739721965.6801307,37,58,-69
1739721965.7261307,12,14,-79
1739721965.7721307,4,44,37
1739721965.8171306,49,12,43
1739721965.8631306,90,58,-45
1739721965.9091306,3,-23,-39
1739721965.9541306,30,-17,-19
1739721966.000131,-124,5,-32
1739721966.046131,-12,1,52
1739721966.092131,-4,43,-83
1739721966.1371307,61,42,-53
1739721966.1831307,58,68,-21
1739721966.2291307,112,18,-85
1739721966.2741306,7,-12,29
1739721966.3201306,-38,23,3
1739721966.3661306,59,-13,-36
1739721966.4121306,-41,-58,-63
1739721966.457131,63,-8,-154
1739721966.503131,18,-4,-64
1739721966.549131,45,0,-96
1739721966.5941308,-20,38,20
1739721966.6401308,-13,29,48
1739721966.6861308,2,81,-76
1739721966.7321308,25,48,52
1739721966.7771306,4,118,-106
1739721966.8231306,74,-56,-82
1739721966.8691306,-23,-69,-23
1739721966.9141307,-52,-4,-67
1739721966.9601307,11,64,-34
1739721967.0061307,45,7,-52
1739721967.0521307,0,-37,-229
1739721967.0971308,-47,98,-220
1739721967.1431308,-3,-46,-35
1739721967.1891308,17,-11,-62
1739721967.2341306,-84,16,-61
1739721967.2801306,-8,-23,65
1739721967.3261306,25,-24,-33
1739721967.3721306,-41,-65,23
1739721967.4171307,63,16,-158
1739721967.4631307,-3,-31,11
1739721967.5091307,109,20,-12
1739721967.5541308,-15,-61,-33
1739721967.6001308,-2,47,-50
1739721967.6461308,1,10,18
1739721967.6921306,42,29,-192
1739721967.7371306,53,17,-48
1739721967.7831306,-1,0,-142
1739721967.8291306,-24,-3,-105
1739721967.8741307,48,2,12
1739721967.9201307,-31,1,-111
1739721967.9661307,-39,34,-131
1739721968.0121307,-37,-11,19
1739721968.0571306,-29,-5,23
1739721968.1031306,32,19,-108
1739721968.1491306,23,46,0
1739721968.194131,29,16,-118
1739721968.240131,0,55,-33
1739721968.286131,3,-43,-34
1739721968.332131,29,3,-100
1739721968.3771307,-44,-113,-25
1739721968.4231308,30,-5,-124
1739721968.4691308,47,-49,-64
1739721968.5141306,-60,-35,35
1739721968.5601306,-21,62,33
1739721968.6061306,57,-50,-98
1739721968.6521306,55,-1,26
1739721968.697131,0,8,0
1739721968.7431307,41,-36,98
1739721968.7891307,-59,136,-39
1739721968.8341308,-18,6,-11
1739721968.8801308,-10,-35,-17
1739721968.9261308,60,0,-36
1739721968.9721308,-100,3,-57
1739721969.0171306,25,-2,-70
1739721969.0631306,49,-43,-30
1739721969.1091306,52,-33,22
1739721969.1541307,-31,-11,-5
1739721969.2001307,30,-17,-136
1739721969.2461307,16,13,-104
1739721969.2921307,64,-13,-78
1739721969.3371308,-45,-8,47
1739721969.3831308,35,7,-48
1739721969.4291308,-11,-78,-20
1739721969.4741306,71,101,-96
1739721969.5201306,60,-49,-88
1739721969.5661306,-65,-6,-179
1739721969.6121306,4,32,-12
1739721969.6571307,-15,53,-51
1739721969.7031307,-74,-20,-43
1739721969.7491307,144,56,24
1739721969.7941308,19,61,-67
1739721969.8401306,-35,-35,3
1739721969.8861306,-79,36,-111
1739721969.9321306,-17,-17,-76
1739721969.977131,-9,-17,-118
1739721970.023131,-7,-65,-52
1739721970.069131,20,60,-132
1739721970.1141307,-68,-44,33
1739721970.1601307,-16,3,13
1739721970.2061307,23,-5,-18
1739721970.2521307,-74,76,-99
1739721970.2971306,8,-67,-132
1739721970.3431306,80,-5,-53
1739721970.3891306,28,-4,-95
1739721970.434131,-70,-75,10
1739721970.480131,1,-32,-87
1739721970.526131,46,-26,-25
1739721970.572131,57,2,-9
1739721970.6171308,-39,-58,-1
1739721970.6631308,33,61,-116
1739721970.7091308,3,-83,-47
1739721970.7541306,-90,35,58
1739721970.8001306,51,-59,-20
1739721970.8461306,63,-122,-172
1739721970.8921306,79,66,-8
1739721970.9371307,-15,45,-181
1739721970.9831307,67,42,-20
1739721971.0291307,10,19,-62
1739721971.0741308,-10,-16,-78
1739721971.1201308,-41,24,-246
1739721971.1661308,-60,60,-59
1739721971.2121308,29,-63,-6
1739721971.2571306,-41,4,-27
1739721971.3031306,-11,14,-96
1739721971.3491306,-84,41,57
1739721971.3941307,13,-2,-76
1739721971.4401307,-26,21,-77
1739721971.4861307,-3,15,23
1739721971.5321307,-70,40,-101
1739721971.5771308,38,19,18
1739721971.6231308,-9,-21,21
1739721971.6691308,11,11,-42
1739721971.7141306,54,79,-102
1739721971.7601306,36,-71,-124
1739721971.8061306,34,2,0
1739721971.852131,4,-24,-108
1739721971.8971307,35,4,-95
1739721971.9431307,-83,36,-76
1739721971.9891307,0,19,-71
1739721972.0341306,33,22,25
1739721972.0801306,-5,69,76
1739721972.1261306,10,23,-29
1739721972.1721306,16,-14,-85
1739721972.217131,-12,46,-32
1739721972.263131,-6,56,24
1739721972.309131,18,-47,-137
1739721972.3541307,3,72,-153
1739721972.4001307,-25,19,-105
1739721972.4461308,0,-64,23
1739721972.4921308,-52,60,-110
1739721972.5371306,-138,18,-2
1739721972.5831306,-16,102,34
1739721972.6291306,-7,-28,-83
1739721972.674131,-69,68,-22
1739721972.7201307,-29,0,-63
1739721972.7661307,93,-32,31
1739721972.8121307,-4,-14,-19
1739721972.8571308,-34,-52,16
1739721972.9031308,20,-22,-201
1739721972.9491308,61,-21,-31
1739721972.9941306,30,55,-107
1739721973.0401306,12,8,-21
1739721973.0861306,10,38,-5
1739721973.1321306,2,-16,-133
1739721973.1771307,34,45,-87
1739721973.2231307,38,-54,7
1739721973.2691307,28,28,-27
1739721973.3141308,34,-35,0
1739721973.3601308,-1,0,42
1739721973.4061308,86,67,15
1739721973.4521308,0,-92,-41
1739721973.4971306,35,-15,63
1739721973.5431306,18,31,110
1739721973.5891306,13,-7,74
1739721973.6341307,-32,-15,-63
1739721973.6801307,0,10,24
1739721973.7321308,2,16,-53
1739721973.7771306,111,21,-11
1739721973.8231306,33,-33,-49
1739721973.8691306,27,-25,13
1739721973.9141307,-46,14,-89
1739721973.9601307,37,6,-111
1739721974.0061307,-40,26,-103
1739721974.0521307,39,-37,-79
1739721974.0971308,-14,-6,0
1739721974.1431308,1,5,-85
1739721974.1891308,-83,45,-38
1739721974.2341306,2,70,10
1739721974.2801306,-23,-33,12
1739721974.3261306,27,-65,-191
1739721974.3721306,43,-36,-69
1739721974.4171307,-4,-16,-13
1739721974.4631307,-26,-21,-78
1739721974.5091307,59,-46,-115
1739721974.5541308,43,-10,-15
1739721974.6001308,53,-9,-115
1739721974.6461308,-4,16,26
1739721974.6921306,-7,40,-45
1739721974.7371306,-30,-1,26
1739721974.7831306,43,19,1
1739721974.8291306,24,0,0
1739721974.8741307,34,-1,-83
1739721974.9201307,11,6,-67
1739721974.9661307,20,39,21
1739721975.0111306,100,31,117
1739721975.0571306,-46,-19,-36
1739721975.1031306,-47,34,56
1739721975.1491306,-20,-53,-49
1739721975.194131,50,-2,-3
1739721975.240131,-7,55,-39
1739721975.286131,-3,-42,-32
1739721975.3311307,-59,8,-99
1739721975.3771307,77,83,-157
1739721975.4231308,32,28,-7
1739721975.4691308,-26,43,54
1739721975.5141306,1,21,-109
1739721975.5601306,42,19,-81
1739721975.6061306,-8,-78,88
1739721975.651131,-8,-17,178
1739721975.697131,-63,0,-4
1739721975.7431307,56,-41,91
1739721975.7891307,-42,-5,-42
1739721975.8341308,-34,22,-219
1739721975.8801308,42,29,-119
1739721975.9261308,-80,-18,-62
1739721975.9711306,-54,-43,0
1739721976.0171306,55,72,182
1739721976.0631306,-38,112,40
1739721976.1091306,57,31,-65
1739721976.1541307,-3,13,-29
1739721976.2001307,57,3,-95
1739721976.2461307,-18,39,40
1739721976.2911308,13,10,68
1739721976.3371308,-44,50,-18
1739721976.3831308,-40,6,-129
1739721976.4291308,13,-24,-79
1739721976.4741306,-28,-29,-76
1739721976.5201306,60,-16,-93
1739721976.5661306,-4,-29,11
1739721976.6111307,54,27,-100
1739721976.6571307,110,23,-155
1739721976.7031307,-20,27,-117
1739721976.7491307,-51,40,59
1739721976.7941308,25,40,36
1739721976.8401306,45,-48,69
1739721976.8861306,-45,34,24
1739721976.9311306,34,-31,-74
1739721976.977131,51,-56,-68
1739721977.023131,82,-83,-28
1739721977.069131,-97,43,-78
1739721977.1141307,32,-26,-116
1739721977.1601307,-10,-39,-12
1739721977.2061307,45,-18,-184
1739721977.2511306,14,14,-150
1739721977.2971306,-72,15,3
1739721977.3431306,53,-57,-64
1739721977.3891306,76,16,-93
1739721977.434131,21,-63,-74
1739721977.480131,1,-41,-38
1739721977.526131,-44,31,-141
1739721977.5711308,-34,11,-30
1739721977.6171308,62,56,17
1739721977.6631308,82,-27,-11
1739721977.7091308,33,1,49
1739721977.7541306,-30,-14,-78
1739721977.8001306,33,33,71
1739721977.8461306,65,-29,-25
1739721977.8911307,0,31,-5
1739721977.9371307,-98,-3,-146
1739721977.9831307,62,92,-185
1739721978.0291307,4,-13,-17
1739721978.0741308,-88,-11,-20
1739721978.1201308,-52,8,-4
1739721978.1661308,-50,25,-136
1739721978.2111306,102,-13,-147
1739721978.2571306,-32,-46,-88
1739721978.3031306,-69,-43,-50
1739721978.3491306,-1,34,6
1739721978.3941307,-9,39,0
1739721978.4401307,-17,35,-163
1739721978.4861307,-26,78,-20
1739721978.5311308,9,19,-11
1739721978.5771308,16,60,-25
1739721978.6231308,-13,-34,-57
1739721978.6691308,-63,-32,-58
1739721978.7141306,24,12,-45
1739721978.7601306,-31,0,98
1739721978.8061306,28,19,-59
1739721978.8511307,-16,18,34
1739721978.8971307,28,36,15
1739721978.9431307,-18,-22,-38
1739721978.9891307,-30,65,40
1739721979.0341306,-45,10,-24
1739721979.0801306,-1,-8,-69
1739721979.1261306,-7,-42,-71
1739721979.171131,7,-5,-15
1739721979.217131,-30,31,12
1739721979.2621307,39,22,-23
1739721979.3071306,-2,34,-123
1739721979.3531306,17,-26,-73
1739721979.3991306,86,2,-61
1739721979.4451306,-45,-40,72
1739721979.490131,65,-46,67
1739721979.536131,22,0,-15
1739721979.582131,-9,46,5
1739721979.6271307,17,-45,-2
1739721979.6731308,-7,14,72
1739721979.7191308,-69,30,-57
1739721979.7651308,21,-43,-77
1739721979.8101306,-45,-35,-153
1739721979.8561306,24,19,-51
1739721979.9021306,-4,-14,40
1739721979.947131,-76,-13,-124
1739721979.9931307,3,-36,-72
1739721980.0391307,-7,-23,62
1739721980.0851307,-18,2,-30
1739721980.1301308,-92,-4,-50
1739721980.1761308,-2,43,3
1739721980.2221308,-34,3,58
1739721980.2671306,-22,-11,34
1739721980.3131306,22,-35,0
1739721980.3591306,0,-14,13
1739721980.4051306,-26,52,-166
1739721980.4501307,-13,-1,67
1739721980.4961307,-35,-30,-61
1739721980.5421307,11,24,-52
1739721980.5871308,-47,-40,-87
1739721980.6331308,1,-11,-136
1739721980.6791308,-72,40,1
1739721980.7251308,26,36,-5
1739721980.7701306,-14,50,51
1739721980.8161306,14,-17,0
1739721980.8621306,62,5,-131
1739721980.9071307,20,-23,-50
1739721980.9531307,27,2,-90
1739721980.9991307,-36,-32,-5
1739721981.0451307,7,20,-82
1739721981.0901306,17,-95,27
1739721981.1361306,-40,55,-24
1739721981.1821306,94,-3,26
1739721981.227131,12,-51,-71
1739721981.273131,-29,36,-136
1739721981.319131,-5,13,-44
1739721981.365131,-22,-76,-74
1739721981.4101307,-25,-44,-136
1739721981.4561307,-31,-13,69
1739721981.5021307,39,32,-84
1739721981.5471306,38,-38,-221
1739721981.5931306,69,15,-64
1739721981.6391306,54,14,-56
1739721981.6851306,7,19,82
1739721981.730131,7,6,-14
1739721981.776131,-55,-13,-107
1739721981.822131,32,-5,-86
1739721981.8671308,-18,-16,31
1739721981.9131308,-3,46,-26
1739721981.9591308,6,-40,-55
1739721982.0051308,-35,12,-48
1739721982.0501306,35,27,72
1739721982.0961306,-2,29,-62
1739721982.1421306,20,-36,-99
1739721982.1871307,57,11,6
1739721982.2331307,-17,-38,7
1739721982.2791307,-12,-12,-33
1739721982.3251307,-34,61,-114
1739721982.3701308,14,22,-130
1739721982.4161308,-13,36,-84
1739721982.4621308,27,16,-44
1739721982.5071306,-47,-3,-91
1739721982.5531306,34,43,30
1739721982.5991306,10,32,-82
1739721982.6451306,-25,-7,47
1739721982.6901307,25,22,-92
1739721982.7361307,31,-96,40
1739721982.7821307,-58,23,41
1739721982.8271308,1,-14,16
1739721982.8731308,-36,-22,-112
1739721982.9191308,-57,7,-53
1739721982.9651306,-56,-7,-37
1739721983.0101306,-6,-24,-168
1739721983.0561306,41,9,-70
1739721983.102131,-18,-13,-14
1739721983.1471307,20,54,11
1739721983.1931307,119,-45,-72
1739721983.2391307,-72,39,-203
1739721983.2851307,-10,33,-97
1739721983.3301306,21,-80,-116
1739721983.3761306,8,32,-68
1739721983.4221306,-93,46,-63
1739721983.467131,12,6,-82
1739721983.513131,-45,36,13
1739721983.559131,55,93,64
1739721983.605131,18,-49,-34
1739721983.6501307,-3,-47,-52
1739721983.6961308,-2,-6,-54
1739721983.7471306,-53,20,-96
1739721983.7931306,-25,8,-98
1739721983.8391306,46,-17,-27
1739721983.8851306,-31,4,35
1739721983.9301307,76,-59,-39
1739721983.9761307,125,-35,17
1739721984.0221307,36,-40,-140
1739721984.069131,-76,-72,-167
1739721984.1141307,26,-14,-127
1739721984.1601307,80,11,59
1739721984.2061307,65,0,43
1739721984.2511306,6,65,65
1739721984.2971306,36,-10,-90
1739721984.3431306,2,-29,16
1739721984.3891306,-17,-48,-15
1739721984.434131,24,34,-145
1739721984.480131,29,23,-215
1739721984.526131,42,51,-117
1739721984.5711308,22,-33,-9
1739721984.6171308,-70,61,-74
1739721984.6631308,26,-26,-29
1739721984.7091308,13,-92,-5
1739721984.7541306,-55,-35,55
1739721984.8001306,-22,-1,0
1739721984.8461306,-21,2,-93
1739721984.8911307,78,45,-3
1739721984.9371307,1,75,-22
1739721984.9831307,-24,10,-84
1739721985.0281308,83,18,-1
1739721985.0741308,33,83,-55
1739721985.1201308,-16,-31,68
1739721985.1661308,-84,-56,-24
1739721985.2111306,4,25,86
1739721985.2571306,13,-56,-169
1739721985.3031306,28,32,35
1739721985.3481307,-42,48,-110
1739721985.3941307,22,-23,-161
1739721985.4401307,59,-21,23
1739721985.4861307,-36,-1,-50
1739721985.5311308,-62,-9,-48
1739721985.5771308,-22,-42,96
1739721985.6231308,104,-5,-139
1739721985.6681306,10,42,9
1739721985.7141306,64,26,-43
1739721985.7601306,-25,48,-8
1739721985.8061306,21,24,-125
1739721985.8511307,-5,-32,38
1739721985.8971307,32,-18,-9
1739721985.9431307,-14,38,-85
1739721985.9881306,19,55,-43
1739721986.0341306,99,-7,59
1739721986.0801306,20,43,33
1739721986.1261306,-7,82,-97
1739721986.171131,5,46,-181
1739721986.217131,82,29,-11
1739721986.263131,56,46,23
1739721986.3081307,61,40,97
1739721986.3541307,-39,-29,40
1739721986.4001307,52,-17,-21
1739721986.4461308,-30,4,64
1739721986.4911306,3,34,19
1739721986.5371306,112,-33,141
1739721986.5831306,-51,-72,-68
1739721986.628131,-48,-1,0
1739721986.674131,32,75,-83
1739721986.7201307,-8,-17,-53
1739721986.7661307,6,4,9
1739721986.8111308,-41,-10,10
1739721986.8571308,56,12,-29
1739721986.9031308,92,27,-121
1739721986.9481306,-12,52,-112
1739721986.9941306,-23,-16,-31
1739721987.0401306,-5,-32,-57
1739721987.0861306,48,-36,-47
1739721987.1311307,-29,20,14
1739721987.1771307,22,-21,-11
1739721987.2231307,2,-8,60
1739721987.2681308,-6,1,-65
1739721987.3141308,-172,0,-42
1739721987.3601308,-6,42,-125
1739721987.4061308,11,101,-75
1739721987.4511306,-80,24,-30
1739721987.4971306,-53,-46,-78
1739721987.5431306,-59,-33,-32
1739721987.5881307,-42,37,-80
1739721987.6341307,6,18,-155
1739721987.6801307,5,6,-5
1739721987.7261307,14,-10,-25
1739721987.7711308,23,-27,-23
1739721987.8171306,-2,-80,48
1739721987.8631306,71,-23,1
1739721987.9081306,-66,15,-40
1739721987.9541306,-6,-7,-53
1739721988.000131,30,29,-25
1739721988.046131,-85,27,-149
1739721988.0911307,6,25,-41
1739721988.1371307,12,33,-85
1739721988.1831307,-54,-12,0
1739721988.2281306,-1,51,5
1739721988.2741306,-45,78,-47
1739721988.3201306,-3,-33,-173
1739721988.3661306,47,-48,-135
1739721988.411131,15,51,53
1739721988.457131,-11,54,-115
1739721988.503131,32,35,81
1739721988.5481308,-30,4,48
1739721988.5941308,-54,47,30
1739721988.6401308,33,-37,-139
1739721988.6861308,35,13,26
1739721988.7311306,67,-14,-41
1739721988.7771306,-57,25,-86
1739721988.8231306,20,16,67
1739721988.8681307,-60,22,-108
1739721988.9141307,-67,-9,-36
1739721988.9601307,-19,21,-117
1739721989.0061307,55,33,-59
1739721989.0511308,17,-42,-49
1739721989.0971308,0,-11,-49
1739721989.1431308,-51,0,-71
1739721989.1881306,55,8,-58
1739721989.2341306,39,41,24
1739721989.2801306,-60,-7,11
1739721989.3261306,60,17,-62
1739721989.3711307,55,-23,72
1739721989.4171307,11,69,-96
1739721989.4631307,57,-60,-102
1739721989.5081308,58,11,-80
1739721989.5541308,-16,28,79
1739721989.6001308,-53,-29,-129
1739721989.6461308,-20,13,-31
1739721989.6911306,60,30,22
1739721989.7371306,16,15,-62
1739721989.7831306,73,-3,-112
1739721989.8281307,7,-12,85
1739721989.8741307,-53,47,-77
1739721989.9201307,27,-3,-84
1739721989.9661307,-63,-32,-27
1739721990.0111306,-29,13,-75
1739721990.0571306,6,24,83
1739721990.1031306,-20,7,-61
1739721990.148131,-10,36,-76
1739721990.194131,48,27,68
1739721990.240131,51,12,-90
1739721990.286131,39,-16,-48
1739721990.3311307,29,27,74
1739721990.3771307,10,-102,-154
1739721990.4231308,68,-38,-24
1739721990.4681306,1,-22,-38
1739721990.5141306,-68,86,-39
1739721990.5601306,33,57,-52
1739721990.6061306,-6,-5,-64
1739721990.651131,-29,-38,-19
1739721990.697131,-58,-30,-25
1739721990.7431307,0,0,-108
1739721990.7881308,-3,13,-34
1739721990.8341308,17,11,-68
1739721990.8801308,-113,-47,11
1739721990.9261308,102,-35,-112
1739721990.9711306,29,2,-166
1739721991.0171306,-3,39,-98
1739721991.0631306,-54,-60,-37
1739721991.1081307,-44,-68,-41
1739721991.1541307,0,-39,-97
1739721991.2001307,-37,27,-71
1739721991.2461307,-42,37,-97
1739721991.2911308,27,22,-25
1739721991.3371308,-101,18,17
1739721991.3831308,87,-64,72
1739721991.4281306,-60,21,-3
1739721991.4741306,-30,-46,4
1739721991.5201306,-28,-28,-64
1739721991.5661306,-64,28,21
1739721991.6111307,-56,89,-47
1739721991.6571307,57,-25,0
1739721991.7031307,-56,32,17
1739721991.7481308,29,-71,-159
1739721991.7941308,28,37,-7
1739721991.8401306,-4,25,-77
1739721991.8861306,-48,19,1
1739721991.9311306,-98,1,55
1739721991.977131,-1,75,-203
1739721992.023131,-44,-31,-93
1739721992.0681307,16,54,-25
1739721992.1141307,30,43,-23
1739721992.1601307,27,27,47
1739721992.2061307,18,1,-105
1739721992.2511306,8,-1,48
1739721992.2971306,7,-55,-2
1739721992.3431306,24,-12,-30
1739721992.388131,-60,-15,-35
1739721992.434131,-29,25,-113
1739721992.480131,-36,74,5
1739721992.526131,-32,4,-87
1739721992.5711308,94,19,-113
1739721992.6171308,34,44,-27
1739721992.6631308,-23,5,26
1739721992.7081306,-33,-47,-16
1739721992.7541306,68,-55,-165
1739721992.8001306,-58,-24,-147
1739721992.8461306,79,-29,2
1739721992.8911307,-9,27,-237
1739721992.9371307,32,-31,24
1739721992.9831307,-28,41,-115
1739721993.0281308,27,52,-13
1739721993.0741308,-31,25,-91
1739721993.1201308,28,-12,62
1739721993.1661308,28,64,61
1739721993.2111306,15,77,-109
1739721993.2571306,-77,83,-12
1739721993.3031306,12,80,18
1739721993.3481307,52,-4,-53
1739721993.3941307,-62,-34,-70
1739721993.4401307,-21,-8,-24
1739721993.4861307,-7,-61,-57
1739721993.5311308,-3,-14,-179
1739721993.5771308,-6,18,-13
1739721993.6231308,-46,6,52
1739721993.6681306,-12,-49,78
1739721993.7141306,-35,24,10
1739721993.7661307,17,13,-107
1739721993.8111308,24,-47,-63
1739721993.8571308,21,-44,9
1739721993.9031308,19,-68,31
1739721993.9481306,5,-51,27
1739721993.9941306,13,8,-105
1739721994.0401306,37,10,86
1739721994.0861306,-29,35,-92
1739721994.1311307,50,6,-18
1739721994.1771307,19,27,-25
1739721994.2231307,-18,-79,-59
1739721994.2681308,53,-33,-51
1739721994.3141308,69,-8,-37
1739721994.3601308,-4,0,-211
1739721994.4061308,-53,17,22
1739721994.4511306,48,9,-19
1739721994.4971306,22,73,-109
1739721994.5431306,-33,19,-209
1739721994.5881307,-22,52,-101
1739721994.6341307,-46,55,-97
1739721994.6801307,33,-22,19
1739721994.7261307,89,4,-255
1739721994.7711308,0,-41,-85
1739721994.8171306,12,-23,-32
1739721994.8631306,-26,7,4
1739721994.9081306,34,37,-55
1739721994.9541306,-18,-4,-59
1739721995.000131,-19,36,9
1739721995.0451307,25,-23,-87
1739721995.0911307,-65,-11,-59
1739721995.1371307,3,-11,-89
1739721995.1831307,-46,11,-71
1739721995.227131,18,1,-29
1739721995.273131,28,-24,-44
1739721995.319131,-19,-67,-56
1739721995.3641307,86,-90,-86
1739721995.4101307,26,13,-23
1739721995.4561307,81,62,-101
1739721995.5011306,13,53,-33
1739721995.5471306,-16,25,-63
1739721995.5931306,-50,32,-41
1739721995.6391306,14,-3,10
1739721995.684131,-27,-45,-66
1739721995.730131,40,-58,0
1739721995.776131,-18,46,61
1739721995.8211308,-49,-39,-124
1739721995.8671308,-5,52,-45
1739721995.9131308,30,-19,-41
1739721995.9591308,82,39,3
1739721996.0041306,7,-5,-15
1739721996.0501306,-57,-45,52
1739721996.0961306,-22,44,-75
1739721996.1411307,-6,-18,-85
1739721996.1871307,-30,33,-57
1739721996.2331307,-50,0,4
1739721996.2791307,16,27,65
1739721996.3241308,7,96,-51
1739721996.3701308,21,-44,-48
1739721996.4161308,14,-10,-87
1739721996.4611306,-93,11,-34
1739721996.5071306,57,22,-95
1739721996.5531306,-3,-50,42
1739721996.5991306,53,30,-3
1739721996.6441307,-11,54,-119
1739721996.6901307,3,13,-131
1739721996.7361307,-30,-3,-74
1739721996.7811308,-28,34,-2
1739721996.8271308,-11,130,-79
1739721996.8731308,16,34,-47
1739721996.9191308,59,-13,63
1739721996.9641306,61,21,67
1739721997.0101306,16,49,-175
1739721997.0561306,-33,-48,-38
1739721997.1011307,65,22,-11
1739721997.1471307,49,-68,-87
1739721997.1931307,0,67,-25
1739721997.2391307,-49,-20,2
1739721997.2841306,-2,-53,-28
1739721997.3301306,-27,30,18
1739721997.3761306,-23,-43,-112
1739721997.421131,-95,10,-8
1739721997.467131,14,22,65
1739721997.513131,18,27,73
1739721997.559131,50,-41,-65
1739721997.6041307,78,11,-11
1739721997.6501307,9,-24,-133
1739721997.6961308,-48,-18,106
1739721997.7411306,-76,-13,-76
1739721997.7871306,11,-30,-49
1739721997.8331306,-16,13,-8
1739721997.8791306,27,-22,-33
1739721997.924131,0,-79,-175
1739721997.9701307,14,14,54
1739721998.0161307,-17,10,0
1739721998.0611308,0,97,29
1739721998.1071308,-25,-49,-2
1739721998.1531308,-49,71,14
1739721998.1991308,-22,-29,72
1739721998.2441306,27,-10,-67
1739721998.2901306,47,36,-11
1739721998.3361306,-15,28,-155
1739721998.3811307,-59,-14,-42
1739721998.4271307,-42,-52,-58
1739721998.4731307,-5,40,-52
1739721998.5191307,54,-30,81
1739721998.5641308,-41,63,-60
1739721998.6101308,0,-2,-23
1739721998.6561308,21,35,-91
1739721998.7011306,-41,96,26
1739721998.7471306,103,-3,15
1739721998.7931306,-30,-26,-18
1739721998.8391306,-28,-59,-82
1739721998.8841307,0,32,-53
1739721998.9301307,-41,-15,18
1739721998.9761307,-4,-11,-37
1739721999.0211308,-70,-76,0
1739721999.0671306,42,47,-9
1739721999.1131306,-17,-27,-93
1739721999.1591306,81,37,-27
1739721999.2041306,31,3,41
1739721999.250131,-26,26,70
1739721999.296131,19,-65,-67
1739721999.3411307,-49,-59,-4
1739721999.3871307,-7,41,-40
1739721999.4331307,0,-6,-89
1739721999.4791307,-11,17,-153
1739721999.5241306,49,11,-41
1739721999.5701306,-22,17,70
1739721999.6161306,110,-54,59
1739721999.661131,-58,52,-54
1739721999.707131,109,71,-73
1739721999.753131,-6,0,-121
1739721999.799131,-17,-15,-82
1739721999.8441308,-17,-40,-83
1739721999.8901308,74,35,-119
1739721999.9361308,23,17,-13
1739721999.9811306,28,-112,-49
1739722000.0271306,14,0,-12
1739722000.0731306,-40,51,23
1739722000.1191306,-12,0,-39
1739722000.1641307,-43,39,-35
1739722000.2101307,10,32,-60
1739722000.2561307,34,72,-36
1739722000.3011308,6,-3,-88
1739722000.3471308,60,0,92
1739722000.3931308,-81,7,-83
1739722000.4391308,62,19,-150
1739722000.4841306,-132,-60,-105
1739722000.5301306,62,0,-184
1739722000.5761306,-23,22,-15
1739722000.6211307,-18,-9,-60
1739722000.6671307,80,8,-12
1739722000.7131307,73,-10,-10
1739722000.7591307,-32,-8,0
1739722000.8041308,11,15,-100
1739722000.8501308,55,-33,105
1739722000.8961308,22,-24,-152
1739722000.9411306,-74,-2,-79
1739722000.9871306,14,-3,-50
1739722001.0331306,22,74,-44
1739722001.0791306,34,-38,-7
1739722001.1241307,53,4,-134
1739722001.1701307,93,73,-50
1739722001.2161307,-54,-18,-109
1739722001.2611306,-78,28,-93
1739722001.3071306,35,47,20
1739722001.3531306,48,102,26
1739722001.3991306,3,17,-38
1739722001.444131,50,90,-84
1739722001.490131,38,-14,66
1739722001.536131,31,29,-116
1739722001.5811307,76,48,-102
1739722001.6271307,-62,-5,-150
1739722001.6731308,-25,-11,11
1739722001.7191308,0,33,-38
1739722001.7641306,-30,-16,21
1739722001.8101306,-22,9,-56
1739722001.8561306,43,-4,-17
1739722001.901131,-57,55,-31
1739722001.947131,-22,-29,20
1739722001.9931307,50,-8,15
1739722002.0391307,13,23,25
1739722002.0841308,-76,24,-74
1739722002.1301308,11,-17,27
1739722002.1761308,12,-47,-9
1739722002.2211306,80,15,11
1739722002.2671306,17,23,-9
1739722002.3131306,74,-102,-43
1739722002.3591306,-32,-45,-30
1739722002.4041307,-4,37,-95
1739722002.4501307,-60,58,-26
1739722002.4961307,109,-36,-31
1739722002.5411308,3,23,-129
1739722002.5871308,66,5,-75
1739722002.6331308,93,-12,-37
1739722002.6791308,18,21,-93
1739722002.7241306,-57,-26,-84
1739722002.7701306,11,-81,-104
1739722002.8161306,32,-18,-47
1739722002.8611307,58,44,-39
1739722002.9071307,-15,16,-45
1739722002.9531307,30,23,-97
1739722002.9991307,84,53,-143
1739722003.0441308,23,-7,-41
1739722003.0901306,21,113,-119
1739722003.1361306,30,-17,-41
1739722003.1811306,41,-25,-67
1739722003.227131,21,-65,-60
1739722003.273131,-45,15,-10
1739722003.319131,-17,31,-15
1739722003.3641307,-44,-45,4
1739722003.4101307,18,33,-111
1739722003.4561307,-18,8,12
1739722003.5011306,-4,48,-65
1739722003.5471306,2,-75,-74
1739722003.5931306,33,45,-69
1739722003.6391306,-49,15,-160
1739722003.684131,-21,-63,-39
1739722003.7361307,102,26,-79
1739722003.7811308,-31,-108,44
1739722003.8271308,-19,-15,-34
1739722003.8731308,-107,26,30
1739722003.9191308,34,55,-68
1739722003.9641306,21,54,-80
1739722004.0101306,-63,11,11
1739722004.0561306,74,29,-2
1739722004.1011307,81,2,-18
1739722004.1471307,31,65,-114
1739722004.1931307,46,-16,-22
1739722004.2391307,69,65,-72
1739722004.2841306,20,-10,-48
1739722004.3301306,-65,-19,-81
1739722004.3761306,1,60,76
1739722004.421131,0,0,-28
1739722004.467131,-35,39,-23
1739722004.513131,12,42,54
1739722004.559131,15,-8,-44
1739722004.6041307,48,-8,-102
1739722004.6501307,-22,-23,-107
1739722004.6961308,15,23,104
1739722004.7411306,-29,-57,-59
1739722004.7871306,23,60,-66
1739722004.8331306,0,54,-172
1739722004.878131,19,45,-112
1739722004.924131,-29,-5,-91
1739722004.9701307,0,-40,-95
1739722005.0161307,-9,-51,-109
1739722005.0611308,36,-62,88
1739722005.1071308,-35,27,-51
1739722005.1531308,1,-80,5
1739722005.1981306,-27,16,-169
1739722005.2441306,44,-50,-64
1739722005.2901306,-42,9,-117
1739722005.3361306,-57,32,115
1739722005.3811307,6,61,14
1739722005.4271307,22,11,-22
1739722005.4731307,-32,31,-190
1739722005.5181308,-32,-55,5
1739722005.5641308,-52,123,-124
1739722005.6101308,-21,17,-84
1739722005.6561308,37,38,-150
1739722005.7011306,32,5,-206
1739722005.7471306,-21,24,-110
1739722005.7931306,-55,16,-50
1739722005.8381307,-30,-1,-67
1739722005.8841307,72,54,-124
1739722005.9301307,-20,-30,-49
1739722005.9761307,-94,-24,-79
1739722006.0211308,104,51,-144
1739722006.0671306,41,-38,-34
1739722006.1131306,-1,13,32
1739722006.1581306,-17,-26,11
1739722006.2041306,-64,79,-30
1739722006.250131,-29,-42,-48
1739722006.296131,-6,-13,17
1739722006.3411307,8,3,-64
1739722006.3871307,32,73,-8
1739722006.4331307,-10,-60,-52
1739722006.4781306,70,-37,-34
1739722006.5241306,28,13,84
1739722006.5701306,-3,-44,-49
1739722006.6161306,20,1,-18
1739722006.661131,-13,97,-66
1739722006.707131,26,-25,-69
1739722006.753131,-42,30,-2
1739722006.7981308,-40,-25,-107
1739722006.8441308,15,-38,0
1739722006.8901308,-40,-39,5
1739722006.9361308,-25,-20,-3
1739722006.9811306,-38,4,11
1739722007.0271306,25,-15,-78
1739722007.0731306,62,2,-78
1739722007.1181307,-22,60,-28
1739722007.1641307,-46,30,31
1739722007.2101307,68,29,-36
1739722007.2561307,-43,7,-31
1739722007.3011308,-40,6,-31
1739722007.3471308,-31,19,-108
1739722007.3931308,29,53,-57
1739722007.4381306,15,42,0
1739722007.4841306,-70,-27,-70
1739722007.5301306,6,24,0
1739722007.5761306,63,61,-118
1739722007.6211307,-96,-11,-2
1739722007.6671307,-6,-65,128
1739722007.7131307,1,-17,-99
1739722007.7581308,-31,-12,-73
1739722007.8041308,-38,-39,-36
1739722007.8501308,3,5,-27
1739722007.8961308,-5,3,-169
1739722007.9411306,12,31,-18
1739722007.9871306,-11,16,99
1739722008.0331306,-3,41,-24
1739722008.0781307,-54,83,-176
1739722008.1241307,-24,-53,11
1739722008.1701307,-37,-4,-18
1739722008.2161307,74,-32,-104
1739722008.2611306,-25,-50,-40
1739722008.3071306,77,75,-12
1739722008.3531306,-30,22,-60
1739722008.398131,-18,-10,-98
1739722008.444131,37,-20,41
1739722008.490131,-156,53,-104
1739722008.536131,50,69,-68
1739722008.5811307,24,54,-138
1739722008.6271307,84,-26,-10
1739722008.6731308,0,55,-6
1739722008.7181306,9,-45,-139
1739722008.7641306,-5,123,-50
1739722008.8101306,-6,-52,57
1739722008.8561306,-19,-25,9
1739722008.901131,11,66,4
1739722008.947131,-39,-3,2
1739722008.9931307,-160,20,-10
1739722009.0381308,2,0,-96
1739722009.0841308,104,56,53
1739722009.1301308,-33,44,-144
1739722009.1761308,2,-2,-92
1739722009.2211306,32,25,19
1739722009.2671306,-33,45,-4
1739722009.3131306,18,-92,-55
1739722009.3581307,-132,70,-54
1739722009.4041307,54,-47,-43
1739722009.4501307,28,-11,35
1739722009.4961307,-26,45,-58
1739722009.5411308,19,-19,35
1739722009.5871308,25,-3,-212
1739722009.6331308,-38,-37,-61
1739722009.6781306,-10,50,-30
1739722009.7241306,-5,-25,-188
1739722009.7701306,6,-4,-45
1739722009.8161306,6,-33,23
1739722009.8611307,7,-30,-105
1739722009.9071307,67,46,-27
1739722009.9531307,14,-53,-75
1739722009.9981308,-75,-67,-39
1739722010.0441308,30,5,37
1739722010.0901306,-2,48,4
1739722010.1361306,-35,21,-90
1739722010.1811306,-24,-65,-125
1739722010.227131,76,-25,-101
1739722010.273131,-5,-69,19
1739722010.3181307,0,30,20
1739722010.3641307,40,19,13
1739722010.4101307,-18,36,-84
1739722010.4561307,-102,-43,108
1739722010.5011306,86,12,35
1739722010.5471306,-90,86,6
1739722010.5931306,-63,-29,-54
1739722010.638131,56,-1,-39
1739722010.684131,29,5,9
1739722010.730131,31,24,-51
1739722010.776131,49,-33,-93
1739722010.8211308,5,56,-114
1739722010.8671308,3,107,84
1739722010.9131308,33,108,-142
1739722010.9581306,-12,41,-98
1739722011.0041306,-3,-22,-134
1739722011.0501306,23,43,-65
1739722011.0961306,-10,46,-36
1739722011.1411307,47,8,-79
1739722011.1871307,-18,-6,-50
1739722011.2331307,-43,-14,-48
1739722011.2781308,74,70,-211
1739722011.3241308,-15,37,6
1739722011.3701308,46,-51,-29
1739722011.4161308,49,-15,-25
1739722011.4611306,-84,33,-146
1739722011.5071306,0,2,-94
1739722011.5531306,5,-52,-1
1739722011.5981307,21,-6,103
1739722011.6441307,0,-2,9
1739722011.6901307,-29,-68,-39
1739722011.7361307,-68,34,-86
1739722011.7811308,-8,-20,-68
1739722011.8271308,60,-60,-19
1739722011.8731308,25,22,-56
1739722011.9181306,2,19,-38
1739722011.9641306,46,-95,-73
1739722012.0101306,-57,10,-34
1739722012.0561306,8,-15,-78
1739722012.1011307,-43,-21,-157
1739722012.1471307,18,20,97
1739722012.1931307,17,-56,-137
1739722012.2381306,-1,58,-142
1739722012.2841306,-2,86,52
1739722012.3301306,-20,52,106
1739722012.3761306,-14,20,-66
1739722012.421131,2,4,-61
1739722012.467131,0,2,42
1739722012.513131,-18,32,-118
1739722012.5581307,-61,74,-106
1739722012.6041307,25,15,-66
1739722012.6501307,6,32,-62
1739722012.6961308,39,6,-50
1739722012.7411306,20,44,-128
1739722012.7871306,98,-17,1
1739722012.8331306,-6,-35,-115
1739722012.878131,62,1,-115
1739722012.924131,-3,-5,-54
1739722012.9701307,-27,37,-40
1739722013.0161307,-27,-26,-25
1739722013.0611308,19,49,-86
1739722013.1071308,-46,0,86
1739722013.1531308,30,49,0
1739722013.1981306,-61,68,88
1739722013.2441306,-2,10,45
1739722013.2901306,14,-82,25
1739722013.3361306,28,-22,-102
1739722013.3811307,59,42,-48
1739722013.4271307,-9,-28,-86
1739722013.4731307,10,-7,-110
1739722013.5181308,-24,65,25
1739722013.5641308,-122,-7,-62
1739722013.6101308,-73,39,-16
1739722013.6561308,-50,31,-52
1739722013.7011306,52,-2,-42
1739722013.753131,-4,37,-74
1739722013.7981308,-28,-4,-61
1739722013.8441308,5,0,-196
1739722013.8901308,-79,70,-15
1739722013.9361308,-35,58,-37
1739722013.9811306,-33,-10,-73
1739722014.0271306,-24,39,-38
1739722014.0731306,-40,4,-129
1739722014.1181307,-3,-71,1
1739722014.1641307,-91,10,-183
1739722014.2101307,18,14,-78
1739722014.2561307,24,37,-96
1739722014.3011308,-20,77,-22
1739722014.3471308,-46,32,13
1739722014.3931308,19,37,-68
1739722014.4381306,-23,54,-64
1739722014.4841306,-45,9,21
1739722014.5301306,-60,20,59
1739722014.5761306,35,57,-120
1739722014.6211307,70,-31,24
1739722014.6671307,8,32,-42
1739722014.7131307,-21,-50,1
1739722014.7581308,-2,-73,-1
1739722014.8041308,17,-18,59
1739722014.8501308,-12,-7,-21
1739722014.8951306,20,85,-36
1739722014.9411306,-4,55,-168
1739722014.9871306,-76,80,86
1739722015.0331306,36,-13,-126
1739722015.0781307,-1,13,36
1739722015.1241307,16,0,-16
1739722015.1701307,-48,-31,-45
1739722015.2151306,93,12,-24
1739722015.2611306,-88,38,17
1739722015.3071306,-26,41,2
1739722015.3531306,22,7,-20
1739722015.398131,83,31,-10
1739722015.444131,-38,30,10
1739722015.490131,-17,-1,3
1739722015.5351307,-58,-48,-65
1739722015.5811307,10,-54,-11
1739722015.6271307,-21,31,28
1739722015.6731308,20,50,-64
1739722015.7181306,38,-13,-102
1739722015.7641306,-37,44,83
1739722015.8101306,33,52,-53
1739722015.855131,-39,-11,-70
1739722015.901131,71,-48,-78
1739722015.947131,-85,22,-17
1739722015.9931307,4,-35,40
1739722016.0381308,-18,-18,-89
1739722016.0841308,52,16,-59
1739722016.1301308,5,-19,-37
1739722016.1751306,60,0,170
1739722016.2211306,26,52,60
1739722016.2671306,-86,-64,13
1739722016.3131306,32,-34,-47
1739722016.3581307,-24,-21,7
1739722016.4041307,41,-83,-139
1739722016.4501307,66,-49,-109
1739722016.4951308,16,-1,7
1739722016.5411308,-28,53,-160
1739722016.5871308,61,-20,-76
1739722016.6331308,38,-20,-112
1739722016.6781306,39,33,-103
1739722016.7241306,74,-18,-104
1739722016.7701306,-17,24,68
1739722016.8151307,-10,-33,-135
1739722016.8611307,47,-69,-116
1739722016.9071307,-1,70,-58
1739722016.9531307,34,5,-9
1739722016.9981308,-62,52,-86
1739722017.0441308,-2,24,-75
1739722017.0901306,-2,-2,-54
1739722017.1351306,14,43,-4
1739722017.1811306,34,-31,45
1739722017.227131,11,-38,-174
1739722017.273131,-18,33,-42
1739722017.3181307,-8,-55,-21
1739722017.3641307,16,21,51
1739722017.4101307,-40,-76,1
1739722017.4551306,46,-29,19
1739722017.5011306,15,-52,-47
1739722017.5471306,-66,70,20
1739722017.5931306,-18,-30,-26
1739722017.638131,-3,45,58
1739722017.684131,-3,-27,148
1739722017.730131,-95,-8,-77
1739722017.7751307,-2,24,23
1739722017.8211308,54,57,21
1739722017.8671308,-127,47,-26
1739722017.9131308,-16,-29,-14
1739722017.9581306,36,-1,-81
1739722018.0041306,-41,22,-113
1739722018.0501306,-32,-2,-81
1739722018.0951307,25,-32,-67
1739722018.1411307,53,-33,65
1739722018.1871307,-13,-15,-155
1739722018.2331307,-9,-79,10
1739722018.2781308,16,-1,-85
1739722018.3241308,18,-9,142
1739722018.3701308,-79,-25,-57
1739722018.4151306,33,11,-59
1739722018.4611306,10,59,-46
1739722018.5071306,-8,-4,-77
1739722018.5531306,19,111,-76
1739722018.5981307,-27,38,-43
1739722018.6441307,1,-41,-49
1739722018.6901307,44,40,-73
1739722018.7351308,-14,-25,10
1739722018.7811308,-33,-11,54
1739722018.8271308,0,27,-6
1739722018.8731308,-65,-23,-53
1739722018.9181306,24,-70,-87
1739722018.9641306,9,-54,-101
1739722019.0101306,-41,62,0
1739722019.0551307,-41,-44,82
1739722019.1011307,-65,8,-119
1739722019.1471307,-2,-70,-69
1739722019.1931307,-67,-17,-19
1739722019.2381306,24,21,-127
1739722019.2841306,2,-80,-21
1739722019.3301306,-23,22,-29
1739722019.375131,87,-16,-65
1739722019.421131,50,-11,-33
1739722019.467131,4,12,29
1739722019.513131,23,26,79
1739722019.5581307,-9,18,-14
1739722019.6041307,-13,-52,-14
1739722019.6501307,23,-62,16
1739722019.6951306,-81,25,-60
1739722019.7411306,78,-18,-7
1739722019.7871306,-18,-67,-174
1739722019.8331306,-49,-29,-20
1739722019.878131,-16,-40,-76
1739722019.924131,-1,-30,-114
1739722019.9701307,-141,20,-10
1739722020.0151308,6,28,-108
1739722020.0611308,0,0,-58
1739722020.1071308,-8,-51,43
1739722020.1531308,-22,-38,-12
1739722020.1981306,1,25,-74
1739722020.2441306,20,65,-83
1739722020.2901306,31,5,-61
1739722020.3351307,42,11,131
1739722020.3811307,56,-29,-121
1739722020.4271307,15,21,-140
1739722020.4731307,42,-35,7
1739722020.5181308,9,6,47
1739722020.5641308,-20,26,4
1739722020.6101308,4,-45,-33
1739722020.6551306,-7,2,13
1739722020.7011306,41,31,-21
1739722020.7471306,-16,52,-37
1739722020.7931306,38,-65,-26
1739722020.8381307,-4,23,52
1739722020.8841307,81,-44,-16
1739722020.9301307,-16,52,17
1739722020.9751308,6,24,-37
1739722021.0211308,20,38,-57
1739722021.0671306,-8,6,84
1739722021.1131306,-21,16,-119
1739722021.1581306,28,-43,-32
1739722021.2041306,-14,25,-19
1739722021.250131,-56,-29,-75
1739722021.2951307,72,61,-27
1739722021.3411307,-69,26,-47
1739722021.3871307,-31,11,23
1739722021.4331307,-43,19,-59
1739722021.4781306,84,-16,-88
1739722021.5241306,55,-18,-104
1739722021.5701306,82,-3,-80
1739722021.615131,28,31,74
1739722021.661131,-25,-58,-64
1739722021.707131,-17,-13,-69
1739722021.753131,-20,64,-17
1739722021.7981308,44,-14,-143
1739722021.8441308,31,22,13
1739722021.8901308,32,0,130
1739722021.9351306,23,-35,-6
1739722021.9811306,17,-45,72
1739722022.0271306,-47,21,-107
1739722022.0731306,7,-12,-10
1739722022.1181307,6,17,-141
1739722022.1641307,0,-50,-102
1739722022.2101307,-40,113,-107
1739722022.2551308,15,-1,-71
1739722022.3011308,28,12,31
1739722022.3471308,56,-29,-42
1739722022.3931308,56,22,-59
1739722022.4381306,29,3,38
1739722022.4841306,11,-18,-122
1739722022.5301306,-24,19,-12
1739722022.5751307,-11,11,44
1739722022.6211307,-5,-8,23
1739722022.6671307,6,43,-4
1739722022.7131307,-21,12,-16
1739722022.7581308,0,-67,-181
1739722022.8041308,-13,-33,-67
1739722022.8501308,17,12,0
1739722022.8951306,-88,12,-48
1739722022.9411306,7,99,60
1739722022.9871306,-31,-25,-212
1739722023.0331306,-61,3,4
1739722023.0781307,34,12,-3
1739722023.1241307,27,35,-106
1739722023.1701307,-50,-44,-109
1739722023.2151306,22,20,62
1739722023.2611306,30,-18,-41
1739722023.3071306,9,-19,79
1739722023.3531306,6,-33,-29
1739722023.398131,53,-19,-73
1739722023.444131,-99,-38,4
1739722023.490131,-37,45,94
1739722023.5351307,1,49,-18
1739722023.5811307,-63,6,0
1739722023.6271307,-27,24,-80
1739722023.6731308,-49,14,-28
1739722023.7181306,0,-42,25
1739722023.7701306,-107,51,-72
1739722023.8151307,12,-10,-45
1739722023.8611307,30,37,6
1739722023.9071307,63,-27,-49
1739722023.9531307,-40,-77,-110
1739722023.9981308,-14,-64,-46
1739722024.0441308,-14,-12,-109
1739722024.0901306,-63,-6,9
1739722024.1351306,-8,-13,-4
1739722024.1811306,25,5,20
1739722024.227131,0,48,-57
1739722024.273131,92,32,-4
1739722024.3181307,39,64,-47
1739722024.3641307,37,-34,-84
1739722024.4101307,-60,33,-153
1739722024.4551306,11,64,-125
1739722024.5011306,26,99,15
1739722024.5471306,-18,-42,-197
1739722024.5931306,-51,22,-105
1739722024.638131,4,50,105
1739722024.684131,49,-5,-13
1739722024.730131,14,68,33
1739722024.7751307,42,-9,-13
1739722024.8211308,31,8,-3
1739722024.8671308,-19,-9,-91
1739722024.9121306,-24,-75,-66
1739722024.9581306,15,-14,126
1739722025.0041306,3,-25,74
1739722025.0501306,-60,20,-34
1739722025.0951307,-51,61,13
1739722025.1411307,46,-65,-159
1739722025.1871307,-10,56,-87
1739722025.2321308,5,15,46
1739722025.2781308,19,4,-27
1739722025.3241308,0,29,-51
1739722025.3701308,29,21,-13
1739722025.4151306,40,16,-149
1739722025.4611306,20,33,-125
1739722025.5071306,19,29,95
1739722025.5521307,-2,5,-51
1739722025.5981307,-21,56,-41
1739722025.6451306,-31,25,-85
1739722025.6911306,13,-37,-133
1739722025.7361307,-55,4,22
1739722025.7821307,22,13,21
1739722025.8281307,67,41,-39
1739722025.8741307,-9,8,68
1739722025.9191308,30,44,90
1739722025.9651306,46,-33,-141
1739722026.0111306,5,-24,-49
1739722026.0561306,-71,-31,-84
1739722026.102131,-18,-43,-107
1739722026.148131,34,-14,78
1739722026.194131,-8,-92,-48
1739722026.2391307,-3,-65,-28
1739722026.2851307,13,-51,-28
1739722026.3311307,19,37,-15
1739722026.3761306,-67,-11,74
1739722026.4221306,-43,-4,-19
1739722026.4681306,32,-57,-46
1739722026.5141306,-99,-6,-151
1739722026.559131,-14,18,-61
1739722026.605131,-68,34,-1
1739722026.651131,-36,-78,52
1739722026.6961308,25,49,-76
1739722026.7421308,8,15,-116
1739722026.7881308,-70,8,-118
1739722026.8341308,-66,27,-32
1739722026.8791306,0,-44,-18
1739722026.9251306,71,-53,-47
1739722026.9711306,-138,0,-54
1739722027.0161307,-41,109,-101
1739722027.0621307,27,47,-32
1739722027.1081307,0,3,10
1739722027.1541307,-40,67,-89
1739722027.1991308,-5,-53,-47
1739722027.2451308,-43,-4,15
1739722027.2911308,-78,137,-127
1739722027.3361306,20,-76,-12
1739722027.3821306,-41,79,-47
1739722027.4281306,46,13,18
1739722027.4741306,-55,35,-202
1739722027.5191307,58,-21,25
1739722027.5651307,22,36,35
1739722027.6111307,-5,24,-70
1739722027.6561308,12,-1,-42
1739722027.7021308,-3,72,-68
1739722027.7481308,-98,-24,-32
1739722027.7941308,-1,-18,-164
1739722027.8391306,-29,0,-18
1739722027.8851306,0,-12,-23
1739722027.9311306,20,25,0
1739722027.9761307,12,-14,27
1739722028.0221307,-27,-1,37
1739722028.0681307,8,-25,-5
1739722028.1141307,-41,-17,34
1739722028.1591306,12,-8,-126
1739722028.2051306,-1,-24,-110
1739722028.2511306,-1,48,-144
1739722028.296131,4,-5,-74
1739722028.342131,-1,18,-36
1739722028.388131,18,49,-120
1739722028.434131,-34,-18,48
1739722028.4791307,98,-20,15
1739722028.5251307,-66,57,-19
1739722028.5711308,-70,57,-93
1739722028.6161306,13,-9,-88
1739722028.6621306,78,32,-125
1739722028.7081306,41,-21,-124
1739722028.7541306,106,10,-52
1739722028.799131,-5,0,69
1739722028.8451307,11,-61,52
1739722028.8911307,-9,57,-63
1739722028.9361308,-37,-3,-167
1739722028.9821308,13,-49,30
1739722029.0281308,-16,-31,7
1739722029.0741308,52,-4,-88
1739722029.1191306,17,-53,23
1739722029.1651306,10,15,24
1739722029.2111306,20,45,-32
1739722029.2561307,-61,-45,-9
1739722029.3021307,7,-43,-13
1739722029.3481307,-91,34,15
1739722029.3941307,32,6,-58
1739722029.4391308,14,22,-98
1739722029.4851308,10,-10,-54
1739722029.5311308,-20,-61,-115
1739722029.5761306,-50,50,-25
1739722029.6221306,-61,11,-13
1739722029.6681306,-11,-3,21
1739722029.7141306,-48,12,43
1739722029.7591307,-28,-29,-100
1739722029.8051307,37,14,-50
1739722029.8511307,60,15,-16
1739722029.8961308,9,-35,-48
1739722029.9421306,35,49,-138
1739722029.9881306,-5,-74,-116
1739722030.0341306,15,-61,-26
1739722030.0791306,62,-8,-40
1739722030.125131,-20,-6,-54
1739722030.171131,-56,15,-56
1739722030.2161307,45,-15,-144
1739722030.2621307,-3,1,-1
1739722030.3081307,49,-52,-86
1739722030.3541307,-14,-62,33
1739722030.3991306,-13,-1,-90
1739722030.4451306,41,-45,-12
1739722030.4911306,41,-1,7
1739722030.536131,62,-1,-108
1739722030.582131,54,69,-43
1739722030.628131,-20,-21,-52
1739722030.674131,-5,14,-108
1739722030.7191308,-18,-12,-52
1739722030.7651308,-60,23,-52
1739722030.8111308,-21,-11,61
1739722030.8561306,-41,-5,10
1739722030.9021306,25,17,-48
1739722030.9481306,35,-22,-172
1739722030.9941306,9,-18,-72
1739722031.0391307,-1,-29,-42
1739722031.0851307,23,-47,-77
1739722031.1311307,77,-5,-55
1739722031.1761308,47,-22,-73
1739722031.2221308,-11,35,-4
1739722031.2681308,-9,-13,55
1739722031.3141308,25,-4,-44
1739722031.3591306,24,-37,-49
1739722031.4051306,-53,-47,59
1739722031.4511306,-27,-43,-21
1739722031.4961307,-84,24,-64
1739722031.5421307,34,-26,-96
1739722031.5881307,-68,53,-42
1739722031.6341307,55,16,-11
1739722031.6791308,-5,15,58
1739722031.7251308,-39,14,18
1739722031.7711308,-17,-27,121
1739722031.8161306,2,-2,15
1739722031.8621306,-5,47,-46
1739722031.9081306,9,6,-92
1739722031.9541306,-3,-76,-39
1739722031.9991307,-20,-5,-54
1739722032.0451307,1,42,-30
1739722032.0911307,-2,69,64
1739722032.1361306,-8,-18,-25
1739722032.1821306,-37,78,-102
1739722032.2281306,4,31,-26
1739722032.2741306,12,-27,13
1739722032.319131,8,-9,-70
1739722032.365131,39,84,-8
1739722032.411131,25,53,22
1739722032.4561307,-24,89,-72
1739722032.5021307,1,80,-104
1739722032.5481308,2,4,-42
1739722032.5941308,0,36,-180
1739722032.6391306,-11,-63,-37
1739722032.6851306,28,-76,-83
1739722032.7311306,-9,42,18
1739722032.776131,3,-43,-8
1739722032.822131,-109,-18,-39
1739722032.8681307,41,0,0
1739722032.9141307,13,40,-165
1739722032.9591308,-60,9,-95
1739722033.0051308,-56,6,-4
1739722033.0511308,65,-10,-125
1739722033.0961306,-75,18,58
1739722033.1421306,33,-34,-102
1739722033.1881306,-73,59,-83
1739722033.2341306,-28,3,10
1739722033.2791307,-151,6,-145
1739722033.3251307,-8,43,77
1739722033.3711307,50,-35,8
1739722033.4161308,-28,59,-81
1739722033.4621308,-15,-28,12
1739722033.5081308,-4,34,-93
1739722033.5541308,-22,101,49
1739722033.5991306,26,-17,-157
1739722033.6451306,-76,30,-55
1739722033.6911306,-6,37,27
1739722033.7361307,-8,18,-71
1739722033.7881308,-44,12,-39
1739722033.8341308,54,-10,78
1739722033.8791306,-31,36,-23
1739722033.9251306,-32,-16,-4
1739722033.9711306,9,0,-49
1739722034.0161307,-20,33,-65
1739722034.0621307,-9,8,-5
1739722034.1081307,-22,65,7
1739722034.1541307,-2,12,-109
1739722034.1991308,-33,56,-45
1739722034.2451308,28,44,49
1739722034.2911308,63,11,-97
1739722034.3361306,-94,-31,-61
1739722034.3821306,20,80,-65
1739722034.4281306,-84,43,-67
1739722034.4731307,109,-65,38
1739722034.5191307,105,54,-25
1739722034.5651307,-19,-20,-85
1739722034.6111307,-21,-20,64
1739722034.6561308,43,-6,-122
1739722034.7021308,-7,16,-53
1739722034.7481308,-22,46,-165
1739722034.7931306,-17,-2,-87
1739722034.8391306,27,15,-27
1739722034.8851306,-16,8,-137
1739722034.9311306,-30,-27,-10
1739722034.9761307,40,-1,-38
1739722035.0221307,25,17,66
1739722035.0681307,1,0,14
1739722035.1131306,-26,-48,-116
1739722035.1591306,43,-9,38
1739722035.2051306,-52,-20,-32
1739722035.2511306,64,19,-47
1739722035.296131,7,13,-23
1739722035.342131,58,27,-61
1739722035.388131,-107,6,-141
1739722035.4331307,49,70,15
1739722035.4791307,-28,16,35
1739722035.5251307,-34,54,-189
1739722035.5711308,-14,7,3
1739722035.6161306,19,-6,-29
1739722035.6621306,26,-12,-65
1739722035.7081306,-73,-24,-201
1739722035.753131,41,-24,56
1739722035.799131,-39,2,-135
1739722035.8451307,41,20,7
1739722035.8911307,-13,-27,36
1739722035.9361308,12,4,148
1739722035.9821308,-52,44,24
1739722036.0281308,-93,-35,-160
1739722036.0731306,58,-17,-17
1739722036.1191306,-6,-19,-136
1739722036.1651306,5,42,-32
1739722036.2111306,49,-14,-44
1739722036.2561307,-56,31,-13
1739722036.3011308,-12,82,-4
1739722036.3471308,-8,-19,-57
1739722036.3921306,-34,-27,131
1739722036.4381306,-1,-34,-59
1739722036.4841306,-2,17,44
1739722036.5291307,3,-12,-76
1739722036.5751307,73,-5,62
1739722036.6211307,8,-90,-43
1739722036.6671307,0,67,-82
1739722036.7121308,48,36,-70
1739722036.7581308,5,-36,-74
1739722036.8041308,0,-13,11
1739722036.8491306,-69,39,-97
1739722036.8951306,19,12,-26
1739722036.9411306,-68,66,-41
1739722036.9871306,-55,-26,-27
1739722037.0321307,-8,6,3
1739722037.0781307,-48,-26,73
1739722037.1241307,-36,-71,-85
1739722037.1691308,15,5,-58
1739722037.2151306,3,17,-90
1739722037.2611306,-18,-41,-85
1739722037.3071306,0,78,-62
1739722037.352131,63,111,0
1739722037.398131,66,51,-64
1739722037.444131,7,20,-34
1739722037.4891307,65,22,-22
1739722037.5351307,47,19,-8
1739722037.5811307,51,-32,-30
1739722037.6271307,-8,-29,-43
1739722037.6721306,-28,-52,-123
1739722037.7181306,2,-7,-5
1739722037.7641306,-81,-42,-98
1739722037.809131,29,-47,51
1739722037.855131,-25,-19,-74
1739722037.901131,-8,-18,-11
1739722037.947131,85,27,-92
1739722037.9921308,71,-16,-211
1739722038.0381308,-13,54,-8
1739722038.0841308,-54,44,-60
1739722038.1291306,-16,-5,-59
1739722038.1751306,-49,-25,49
1739722038.2211306,24,24,71
1739722038.2671306,71,4,-5
1739722038.3121307,55,16,50
1739722038.3581307,23,-43,-97
1739722038.4041307,49,21,52
1739722038.4491308,49,-10,10
1739722038.4951308,-59,-45,-21
1739722038.5411308,61,32,-23
1739722038.5871308,39,-34,56
1739722038.6321306,64,-68,-161
1739722038.6781306,40,-87,-171
1739722038.7241306,-49,-48,-55
1739722038.7691307,-25,4,-43
1739722038.8151307,25,-42,-141
1739722038.8611307,22,-47,-67
1739722038.9071307,-31,11,-13
1739722038.9521308,9,60,-7
1739722038.9981308,24,-32,22
1739722039.0441308,44,10,-143
1739722039.0891306,39,39,-3
1739722039.1351306,-5,46,-71
1739722039.1811306,-69,13,-52
1739722039.227131,24,6,40
1739722039.2721307,10,28,-129
1739722039.3181307,60,21,-81
1739722039.3641307,-60,-4,-133
1739722039.4091306,-1,-63,120
1739722039.4551306,5,34,18
1739722039.5011306,-17,67,96
1739722039.5471306,27,34,-47
1739722039.592131,148,-33,14
1739722039.638131,1,22,-141
1739722039.684131,49,126,-5
1739722039.7291307,13,-24,-65
1739722039.7751307,-60,-4,72
1739722039.8211308,43,14,-125
1739722039.8671308,36,-19,-137
1739722039.9121306,-9,-2,-18
1739722039.9581306,-57,48,-33
1739722040.0041306,-33,95,5
1739722040.049131,6,57,-25
1739722040.0951307,5,-5,30
1739722040.1411307,20,44,-35
1739722040.1871307,34,17,43
1739722040.2321308,23,-45,-76
1739722040.2781308,15,6,5
1739722040.3241308,25,17,23
1739722040.3691306,-37,38,-7
1739722040.4151306,20,34,-61
1739722040.4611306,14,-28,-34
1739722040.5071306,-6,-8,-6
1739722040.5521307,-49,16,-71
1739722040.5981307,100,-4,-37
1739722040.6441307,82,-3,-75
1739722040.6891308,-45,-40,-142
1739722040.7351308,22,19,5
1739722040.7811308,11,32,-43
1739722040.8271308,51,11,-87
1739722040.8721306,-49,59,-23
1739722040.9181306,41,-2,4
1739722040.9641306,51,-67,92
1739722041.0091307,0,-25,-79
1739722041.0551307,48,-89,18
1739722041.1011307,0,79,-75
1739722041.1471307,-4,93,-53
1739722041.1921306,37,13,-153
1739722041.2381306,-30,40,-111
1739722041.2841306,19,-12,24
1739722041.3291306,31,-27,-60
1739722041.375131,-21,33,-1
1739722041.421131,-104,32,-97
1739722041.467131,-4,-53,4
1739722041.5121307,14,-34,-30
1739722041.5581307,-51,35,-163
1739722041.6041307,35,-18,-203
1739722041.6491306,-12,-4,30
1739722041.6951306,25,-14,-40
1739722041.7411306,2,0,-89
1739722041.7871306,64,-57,4
1739722041.832131,-30,-42,-89
1739722041.878131,-83,-48,-123
1739722041.924131,80,-26,-98
1739722041.9691308,-7,-33,-177
1739722042.0151308,72,6,90
1739722042.0611308,-5,-57,-118
1739722042.1071308,-9,-28,-4
1739722042.1521306,45,19,-19
1739722042.1981306,-17,-21,-60
1739722042.2441306,-18,-50,-42
1739722042.2891307,-32,62,51
1739722042.3351307,71,15,-151
1739722042.3811307,20,-17,-161
1739722042.4271307,-15,42,-27
1739722042.4721308,-18,19,-23
1739722042.5181308,-86,1,-9
1739722042.5641308,-141,-14,-17
1739722042.6091306,-30,29,-69
1739722042.6551306,23,35,55
1739722042.7011306,65,-34,48
1739722042.7471306,3,0,-33
1739722042.7921307,91,-14,-80
1739722042.8381307,52,-21,-2
1739722042.8841307,8,-1,36
1739722042.9291308,-50,-31,26
1739722042.9751308,-46,43,19
1739722043.0211308,17,41,-37
1739722043.0671306,-40,48,-43
1739722043.1121306,-8,-24,100
1739722043.1581306,9,-64,-32
1739722043.2041306,40,-93,-137
1739722043.2491307,16,10,-16
1739722043.2951307,39,55,-6
1739722043.3411307,-79,-34,-129
1739722043.3871307,99,50,-16
1739722043.4321306,-29,0,-107
1739722043.4781306,9,-26,-171
1739722043.5241306,-64,47,27
1739722043.569131,35,1,-141
1739722043.615131,37,-5,-77
1739722043.661131,20,-3,-57
1739722043.707131,-33,-12,-83
1739722043.7521307,69,-33,-117
1739722043.8041308,82,17,-37
1739722043.8491306,2,8,18
1739722043.8951306,-124,30,-45
1739722043.9411306,-21,10,-107
1739722043.9871306,-37,15,-1
1739722044.0321307,61,10,114
1739722044.0781307,-62,1,44
1739722044.1241307,26,-31,-51
1739722044.1691308,-45,16,-169
1739722044.2151306,-1,-68,-39
1739722044.2611306,-25,-13,56
1739722044.3071306,10,2,22
1739722044.352131,10,-36,-73
1739722044.398131,38,-64,11
1739722044.444131,-96,7,30
1739722044.4891307,-46,74,-38
1739722044.5351307,-4,68,-43
1739722044.5811307,37,-30,-5
1739722044.6271307,122,-21,-11
1739722044.6721306,23,9,-33
1739722044.7181306,66,-75,-101
1739722044.7641306,25,16,-23
1739722044.809131,26,75,28
1739722044.855131,-18,0,-39
1739722044.901131,33,-26,9
1739722044.9461308,-21,70,-4
1739722044.9921308,-35,10,-129
1739722045.0381308,18,18,-18
1739722045.0841308,-50,-48,-35
1739722045.1291306,10,29,-145
1739722045.1751306,-1,7,58
1739722045.2211306,7,41,-73
1739722045.2661307,60,-54,-19
1739722045.3121307,-25,5,-70
1739722045.3581307,43,33,-115
1739722045.4041307,-7,22,70
1739722045.4491308,-12,0,116
1739722045.4951308,-56,-105,85
1739722045.5411308,54,14,-69
1739722045.5861306,39,44,-50
1739722045.6321306,21,-70,29
1739722045.6781306,0,-33,-96
1739722045.7241306,-12,-12,-5
1739722045.7691307,37,-3,2
1739722045.8151307,-16,1,-136
1739722045.8611307,67,-48,0
1739722045.9061308,-20,25,-52
1739722045.9521308,117,-48,-36
1739722045.9981308,-44,-27,-61
1739722046.0441308,25,12,-62
1739722046.0891306,-17,37,-8
1739722046.1351306,52,-38,19
1739722046.1811306,-54,-17,41
1739722046.2261307,47,25,-46
1739722046.2721307,49,-11,25
1739722046.3181307,-40,-13,-39
1739722046.3641307,-21,42,-108
1739722046.4091306,-6,-34,-23
1739722046.4551306,13,-5,-4
1739722046.5011306,-26,59,129
1739722046.546131,-20,-11,-3
1739722046.592131,-5,-32,-136
1739722046.638131,-38,-2,5
1739722046.684131,-4,-37,49
1739722046.7291307,31,-4,-122
1739722046.7751307,-8,-27,61
1739722046.8211308,45,-18,60
1739722046.8661306,9,28,-60
1739722046.9121306,-47,53,-92
1739722046.9581306,8,-110,-37
1739722047.0041306,67,-7,-86
1739722047.049131,52,-35,-78
1739722047.0951307,7,-45,-73
1739722047.1411307,-39,46,-44
1739722047.1861308,25,-34,-65
1739722047.2321308,19,-26,-60
1739722047.2781308,-27,23,-15
1739722047.3241308,-40,23,-53
1739722047.3691306,-8,13,15
1739722047.4151306,41,17,-4
1739722047.4611306,-22,28,-59
1739722047.5061307,-9,-44,-128
1739722047.5521307,52,-2,-106
1739722047.5981307,19,-40,45
1739722047.6441307,-59,29,-106
1739722047.6891308,-28,35,-2
1739722047.7351308,-18,9,-150
1739722047.7811308,3,-36,-31
1739722047.8261306,0,-18,33
1739722047.8721306,-54,71,-58
1739722047.9181306,1,22,-116
1739722047.9641306,23,49,-32
1739722048.0091307,-15,-1,0
1739722048.0551307,1,-52,68
1739722048.1011307,71,-39,-62
1739722048.1461308,0,-5,-90
1739722048.1921306,-19,40,-231
1739722048.2381306,-26,17,-61
1739722048.2841306,-25,-24,12
1739722048.3291306,-2,-52,84
1739722048.375131,47,22,-28
1739722048.421131,31,-36,-70
1739722048.4661307,33,-71,-20
1739722048.5121307,8,-12,58
1739722048.5581307,6,-38,-146
1739722048.6041307,60,43,-42
1739722048.6491306,48,5,-150
1739722048.6951306,-53,26,-37
1739722048.7411306,35,24,6
1739722048.786131,0,-3,-146
1739722048.832131,68,-20,-14
1739722048.878131,-10,1,-6
1739722048.924131,-41,20,-126
1739722048.9691308,-109,-76,7
1739722049.0151308,-39,-55,19
1739722049.0611308,-5,-21,-200
1739722049.1061306,-60,20,-112
1739722049.1521306,-54,17,-79
1739722049.1981306,70,-15,-36
1739722049.2441306,2,-75,-2
1739722049.2891307,46,69,5
1739722049.3351307,32,-54,-84
1739722049.3811307,-10,-28,-166
1739722049.4261308,19,-10,-61
1739722049.4721308,33,18,33
1739722049.5181308,-10,29,18
1739722049.5641308,48,13,-122
1739722049.6091306,-12,-3,-100
1739722049.6551306,-79,42,12
1739722049.7011306,-97,2,-60
1739722049.7461307,15,-66,-170
1739722049.7921307,-63,-35,-148
1739722049.8381307,28,35,-209
1739722049.8841307,-27,-3,-120
1739722049.9291308,-18,-120,-84
1739722049.9751308,-50,16,81
1739722050.0211308,88,-58,5
1739722050.0661306,-4,-11,40
1739722050.1121306,56,-20,-161
1739722050.1581306,-31,-73,-140
1739722050.2041306,-64,67,-137
1739722050.2491307,-45,42,-75
1739722050.2951307,124,13,-23
1739722050.3411307,9,-10,-86
1739722050.3861306,41,47,-111
1739722050.4321306,-17,11,-153
1739722050.4781306,-42,-44,-112
1739722050.5241306,67,-5,99
1739722050.569131,23,-61,60
1739722050.615131,26,4,-147
1739722050.661131,12,32,-110
1739722050.7061307,17,-10,-96
1739722050.7521307,43,-71,-44
1739722050.7981308,-19,45,-60
1739722050.8441308,67,31,-37
1739722050.8891306,3,25,-122
1739722050.9351306,-23,-21,-124
1739722050.9811306,-12,24,4
1739722051.026131,52,-51,-150
1739722051.072131,-30,-13,24
1739722051.1181307,-48,42,-112
1739722051.1641307,56,25,13
1739722051.2091308,-44,59,-187
1739722051.2551308,-23,30,-78
1739722051.3011308,-67,13,-22
1739722051.3461306,2,-76,-112
1739722051.3921306,58,31,41
1739722051.4381306,-27,-64,103
1739722051.4841306,12,25,-22
1739722051.5291307,-8,42,-34
1739722051.5751307,56,4,-16
1739722051.6211307,40,-39,-104
1739722051.6661308,-41,-37,83
1739722051.7121308,43,-4,-40
1739722051.7581308,4,2,-44
1739722051.8041308,8,-2,-88
1739722051.8491306,-13,73,50
1739722051.8951306,-35,65,-146
1739722051.9411306,-24,34,-26
1739722051.9861307,-26,33,-34
1739722052.0321307,36,10,9
1739722052.0781307,41,-17,-57
1739722052.1241307,-33,-12,-72
1739722052.1691308,17,43,-70
1739722052.2151306,-49,-17,-40
1739722052.2611306,36,12,-36
1739722052.3061306,6,45,-29
1739722052.352131,-11,40,0
1739722052.398131,30,20,-35
1739722052.444131,-57,30,-61
1739722052.4891307,87,-6,14
1739722052.5351307,-50,76,27
1739722052.5811307,-53,-51,-60
1739722052.6261306,-37,64,-40
1739722052.6721306,-1,22,-50
1739722052.7181306,2,57,-97
1739722052.7641306,18,15,-307
1739722052.809131,-17,55,-215
1739722052.855131,-6,32,-77
1739722052.901131,-11,36,-63
1739722052.9461308,-35,-55,16
1739722052.9921308,-18,-105,72
1739722053.0381308,-13,11,0
1739722053.0841308,61,58,-18
1739722053.1291306,30,22,-125
1739722053.1751306,-47,-11,-45
1739722053.2211306,-52,17,0
1739722053.2661307,-67,-36,-103
1739722053.3121307,47,-97,-30
1739722053.3581307,-120,45,49
1739722053.4041307,49,41,-8
1739722053.4491308,-10,42,-18
1739722053.4951308,21,-101,-23
1739722053.5411308,-21,20,-81
1739722053.5861306,-18,4,-143
1739722053.6321306,-11,0,-95
1739722053.6781306,98,-53,-8
1739722053.7241306,-6,-20,18
1739722053.7751307,18,-96,-47
1739722053.8211308,7,38,22
1739722053.8661306,-16,17,-29
1739722053.9121306,54,16,-111
1739722053.9581306,-31,-40,29
1739722054.0041306,-8,-43,-3
1739722054.049131,12,0,-135
1739722054.0951307,-62,-15,-153
1739722054.1411307,-73,67,-17
1739722054.1861308,14,42,-39
1739722054.2321308,-41,28,-109
1739722054.2781308,20,-76,90
1739722054.3241308,-5,14,-63
1739722054.3691306,-62,21,-39
1739722054.4151306,-33,-31,-38
1739722054.4611306,-80,-15,-20
1739722054.5061307,18,-81,-84
1739722054.5521307,25,-35,16
1739722054.5981307,-71,6,-57
1739722054.6441307,10,77,-99
1739722054.6891308,-35,7,8
1739722054.7351308,0,-31,-147
1739722054.7811308,4,-66,-50
1739722054.8261306,-44,4,-73
1739722054.8721306,-2,10,-49
1739722054.9181306,42,-8,-99
1739722054.9631307,12,-16,-89
1739722055.0091307,-1,39,-123
1739722055.0551307,0,-14,40
1739722055.1011307,49,-52,-146
1739722055.1461308,45,-11,-64
1739722055.1921306,53,-1,-90
1739722055.2381306,-10,-17,-177
1739722055.2831306,25,-33,-100
1739722055.3291306,-13,36,-113
1739722055.375131,-75,27,-85
1739722055.421131,-14,7,66
1739722055.4661307,-29,19,44
1739722055.5121307,32,81,-27
1739722055.5581307,-40,35,87
1739722055.6031306,-37,-36,-51
1739722055.6491306,-44,-12,-7
1739722055.6951306,-14,-5,-77
1739722055.7411306,12,9,-131
1739722055.786131,-72,29,-25
1739722055.832131,-47,33,-117
1739722055.878131,-38,-52,28
1739722055.9231308,23,24,-65
1739722055.9691308,-52,33,13
1739722056.0151308,23,-20,-35
1739722056.0611308,40,-53,26
1739722056.1061306,104,-6,-157
1739722056.1521306,53,-9,6
1739722056.1981306,-66,59,-66
1739722056.2431307,-55,85,40
1739722056.2891307,12,44,-39
1739722056.3351307,19,48,93
1739722056.3811307,47,26,-49
1739722056.4261308,45,-37,-133
1739722056.4721308,4,32,-35
1739722056.5181308,25,16,31
1739722056.5631306,-55,62,78
1739722056.6091306,101,73,-85
1739722056.6551306,25,-53,-109
1739722056.7011306,34,18,-147
1739722056.7461307,4,-8,-19
1739722056.7921307,-97,3,-213
1739722056.8381307,29,-27,-25
1739722056.8831308,-33,-37,-71
1739722056.9291308,3,24,-35
1739722056.9751308,54,-17,54
1739722057.0211308,6,-52,-91
1739722057.0661306,15,12,-205
1739722057.1121306,-25,13,-75
1739722057.1581306,83,59,-3
1739722057.2031307,54,-43,-42
1739722057.2491307,-37,-67,16
1739722057.2951307,0,-12,72
1739722057.3411307,74,12,166
1739722057.3861306,-31,19,-5
1739722057.4321306,9,-18,-61
1739722057.4781306,60,66,-135
1739722057.523131,95,12,-61
1739722057.569131,42,-27,-83
1739722057.615131,-38,31,26
1739722057.661131,-21,-74,-78
1739722057.7061307,-8,32,33
1739722057.7521307,6,-48,-69
1739722057.7981308,31,-21,56
1739722057.8431306,-14,20,58
1739722057.8891306,63,72,35
1739722057.9351306,-166,-17,-104
1739722057.9811306,-18,-49,-56
1739722058.026131,-19,-9,-109
1739722058.072131,-17,30,72
1739722058.1181307,39,-37,23
1739722058.1631308,-44,31,0
1739722058.2091308,-11,-16,-63
1739722058.2551308,-27,-13,-36
1739722058.3011308,-65,70,-90
1739722058.3461306,4,19,-145
1739722058.3921306,41,66,-97
1739722058.4381306,1,-12,-129
1739722058.4831307,-52,-6,-4
1739722058.5291307,84,-60,-15
1739722058.5751307,13,-26,8
1739722058.6211307,6,10,29
1739722058.6661308,21,43,-177
1739722058.7121308,-49,-73,-2
1739722058.7581308,19,-6,0
1739722058.8031306,-32,7,-86
1739722058.8491306,29,19,7
1739722058.8951306,-62,50,-173
1739722058.9411306,12,6,-121
1739722058.9861307,54,44,-35
1739722059.0321307,3,-89,-56
1739722059.0781307,28,-10,-95
1739722059.1231308,29,-1,9
1739722059.1691308,8,26,-93
1739722059.2151306,51,-74,22
1739722059.2611306,-37,12,-73
1739722059.3061306,35,-71,-5
1739722059.352131,-14,-49,1
1739722059.398131,-72,57,-115
1739722059.4431307,-5,-37,-73
1739722059.4891307,-84,-42,9
1739722059.5351307,12,-2,-46
1739722059.5811307,69,-53,-90
1739722059.6261306,-5,-9,-144
1739722059.6721306,-13,38,-72
1739722059.7181306,-20,0,-89
1739722059.763131,-20,23,-136
1739722059.809131,-39,38,-33
1739722059.855131,45,6,-66
1739722059.901131,-16,-29,-57
1739722059.9461308,0,2,-30
1739722059.9921308,41,84,24
1739722060.0381308,36,-70,72
1739722060.0831306,0,-13,-114
1739722060.1291306,10,-59,-18
1739722060.1751306,34,30,-124
1739722060.2211306,-52,82,-142
1739722060.2661307,12,88,16
1739722060.3121307,46,-47,-74
1739722060.3581307,30,38,-4
1739722060.4031308,-80,75,-138
1739722060.4491308,5,-63,87
1739722060.4951308,18,33,-50
1739722060.5411308,-18,26,-24
1739722060.5861306,21,-1,-48
1739722060.6321306,22,33,-10
1739722060.6781306,-32,49,16
1739722060.7231307,23,-2,-70
1739722060.7691307,-32,43,-10
1739722060.8151307,-98,-11,-51
1739722060.8611307,-31,13,-66
1739722060.9061308,-14,-24,-152
1739722060.9521308,-52,44,-146
1739722060.9981308,-41,53,15
1739722061.0431306,21,16,-108
1739722061.0891306,-7,1,-42
1739722061.1351306,7,92,-136
1739722061.1811306,0,25,43
1739722061.2261307,-13,-80,-72
1739722061.2721307,91,-26,2
1739722061.3181307,-19,25,57
1739722061.3631306,26,-75,8
1739722061.4091306,-2,-6,139
1739722061.4551306,50,10,106
1739722061.5011306,29,23,-60
1739722061.546131,42,99,30
1739722061.592131,-33,13,-197
1739722061.638131,17,23,28
1739722061.6831307,-15,93,-95
1739722061.7291307,-130,20,5
1739722061.7751307,17,11,68
1739722061.8211308,9,5,-170
1739722061.8661306,101,-14,-72
1739722061.9121306,-18,-15,-53
1739722061.9581306,15,-50,-44
1739722062.003131,19,-6,-50
1739722062.049131,34,-50,-60
1739722062.0951307,-39,57,37
1739722062.1411307,-45,14,49
1739722062.1861308,48,-59,-138
1739722062.2321308,-32,-106,-121
1739722062.2781308,-29,24,-57
1739722062.3231306,-33,114,29
1739722062.3691306,1,16,-40
1739722062.4151306,0,-7,-1
1739722062.4611306,-5,29,-70
1739722062.5061307,-24,-60,-94
1739722062.5521307,20,14,20
1739722062.5981307,-51,-9,36
1739722062.6431308,-109,-11,-26
1739722062.6891308,-1,72,-15
1739722062.7351308,-41,-23,-80
1739722062.7811308,-13,4,-97
1739722062.8261306,-17,-31,-43
1739722062.8721306,-26,23,-153
1739722062.9171307,54,7,-37
1739722062.9621308,16,7,-37
1739722063.0081308,62,42,-77
1739722063.0541308,27,-55,130
1739722063.0991306,-12,-4,-25
1739722063.1451306,-38,-15,-121
1739722063.1911306,-5,73,-57
1739722063.2371306,9,-37,2
1739722063.2821307,-14,-19,-8
1739722063.3281307,-54,-37,-10
1739722063.3741307,60,20,-89
1739722063.4191308,12,-11,-99
1739722063.4651306,-37,7,-43
1739722063.5111306,-20,15,26
1739722063.5571306,-28,-67,22
1739722063.602131,-10,-46,-100
1739722063.648131,39,26,-41
1739722063.694131,32,44,-37
1739722063.7391307,8,-105,-154
1739722063.7911308,61,23,-49
1739722063.8371308,-10,-35,-163
1739722063.8821306,-57,-64,-2
1739722063.9281306,6,-22,120
1739722063.9741306,69,34,-47
1739722064.0191307,-51,3,12
1739722064.0651307,0,-91,4
1739722064.1111307,48,-54,74
1739722064.1571307,62,63,-127
1739722064.2021308,8,-8,-69
1739722064.2481308,67,-15,-85
1739722064.2941308,17,-53,-42
1739722064.3391306,-62,-30,-30
1739722064.3851306,-18,2,-83
1739722064.4311306,38,-17,-15
1739722064.4761307,58,29,7
1739722064.5221307,-1,27,-71
1739722064.5681307,19,18,49
1739722064.6141307,-14,6,-63
1739722064.6591306,-12,-60,-70
1739722064.7051306,28,-12,-89
1739722064.7511306,25,16,13
1739722064.7971306,3,-44,-83
1739722064.842131,-64,-59,-16
1739722064.888131,53,-63,-55
1739722064.934131,23,30,-139
1739722064.9791307,50,-3,-53
1739722065.0251307,-62,-35,-86
1739722065.0711308,30,4,-77
1739722065.1161306,-15,36,0
1739722065.1621306,5,15,-93
1739722065.2081306,69,-8,-147
1739722065.2541306,23,29,-119
1739722065.299131,-1,14,-81
1739722065.3451307,17,44,3
1739722065.3911307,-30,-41,-69
1739722065.4361308,-7,-17,-166
1739722065.4821308,21,41,58
1739722065.5281308,9,7,61
1739722065.5741308,54,-17,-68
1739722065.6191306,53,24,-86
1739722065.6651306,30,-19,-44
1739722065.7111306,-23,-1,-55
1739722065.7561307,-19,18,47
1739722065.8021307,-17,-7,-106
1739722065.8481307,1,22,117
1739722065.8941307,-15,-14,-25
1739722065.9391308,0,-17,-76
1739722065.9851308,-20,34,-140
1739722066.0311308,-59,45,45
1739722066.0761306,12,0,-78
1739722066.1221306,22,41,-7
1739722066.1681306,53,-17,-134
1739722066.2141306,36,15,28
1739722066.2591307,-30,-14,-61
1739722066.3051307,-6,14,21
1739722066.3511307,-5,-41,-32
1739722066.3961308,-29,28,-45
1739722066.4421306,28,-7,94
1739722066.4881306,23,-34,-8
1739722066.5341306,41,-18,-60
1739722066.5791306,57,-85,34
1739722066.625131,-15,-27,57
1739722066.6721306,0,77,-80
1739722066.7181306,-101,81,-173
1739722066.763131,6,18,-34
1739722066.809131,4,2,-24
1739722066.855131,52,-9,-12
1739722066.9001307,-37,20,-17
1739722066.9461308,-18,-79,51
1739722066.9921308,-82,-20,-37
1739722067.0381308,37,-10,-84
1739722067.0831306,-13,17,107
1739722067.1291306,5,-89,-29
1739722067.1751306,96,-29,-68
1739722067.2201307,-67,-18,-57
1739722067.2661307,-55,-27,-69
1739722067.3121307,18,-9,-195
1739722067.3581307,60,-50,-57
1739722067.4031308,-71,-32,28
1739722067.4491308,-1,0,-101
1739722067.4951308,8,-35,0
1739722067.5401306,-17,35,-19
1739722067.5861306,100,-86,-34
1739722067.6321306,-26,-28,104
1739722067.6781306,2,45,-38
1739722067.7231307,-60,72,77
1739722067.7691307,-36,-8,-53
1739722067.8151307,5,-68,-57
1739722067.8601308,-66,34,-152
1739722067.9061308,19,-13,-132
1739722067.9521308,-23,42,82
1739722067.9981308,36,44,-78
1739722068.0431306,7,67,-154
1739722068.0891306,-135,18,-123
1739722068.1351306,11,79,-30
1739722068.1801307,-37,13,-128
1739722068.2261307,-2,80,47
1739722068.2721307,2,45,-98
1739722068.3181307,69,-57,-96
1739722068.3631306,-28,24,-135
1739722068.4091306,-18,-3,-15
1739722068.4551306,16,-84,-88
1739722068.500131,23,-10,45
1739722068.546131,-25,48,-89
1739722068.592131,14,-14,-30
1739722068.638131,-28,0,25
1739722068.6831307,42,-57,-40
1739722068.7291307,18,-64,-14
1739722068.7751307,0,10,-19
1739722068.8201306,-25,-72,-50
1739722068.8661306,16,24,-103
1739722068.9121306,0,0,-80
1739722068.9581306,41,11,-34
1739722069.003131,47,87,-109
1739722069.049131,-15,26,-65
1739722069.0951307,4,-61,-2
1739722069.1401308,-22,68,-79
1739722069.1861308,81,17,-24
1739722069.2321308,-58,80,-23
1739722069.2781308,-75,56,-143
1739722069.3231306,17,34,39
1739722069.3691306,58,-41,-2
1739722069.4151306,-91,-19,-86
1739722069.4601307,31,63,-5
1739722069.5061307,22,-33,-2
1739722069.5521307,3,-54,-164
1739722069.5981307,27,-56,48
1739722069.6431308,-11,-5,17
1739722069.6891308,-49,13,0
1739722069.7351308,-41,17,-75
1739722069.7801306,3,13,-67
1739722069.8261306,25,38,-12
1739722069.8721306,-90,48,-32
1739722069.9181306,-14,-34,-111
1739722069.9631307,29,30,-135
1739722070.0091307,62,-55,-11
1739722070.0551307,4,21,-55
1739722070.1001308,57,-23,-3
1739722070.1461308,-35,-5,14
1739722070.1921306,-30,-42,22
1739722070.2381306,16,-87,-82
1739722070.2831306,30,-31,-41
1739722070.3291306,-69,6,-109
1739722070.375131,-8,-5,-39
1739722070.4201307,44,-58,-2
1739722070.4661307,68,43,9
1739722070.5121307,-46,17,20
1739722070.5581307,-98,-24,72
1739722070.6031306,-25,-32,-39
1739722070.6491306,43,27,-13
1739722070.6951306,22,34,2
1739722070.740131,38,50,-1
1739722070.786131,29,34,-71
1739722070.832131,-51,-22,-20
1739722070.878131,26,-20,122
1739722070.9231308,1,24,16
1739722070.9691308,13,-26,-161
1739722071.0151308,54,-35,-33
1739722071.0601306,-31,-5,34
1739722071.1061306,-17,-20,-23
1739722071.1521306,13,6,-113
1739722071.1981306,15,45,-131
1739722071.2431307,50,-17,49
1739722071.2891307,2,-52,-86
1739722071.3351307,-17,-5,-96
1739722071.3801308,26,86,-120
1739722071.4261308,1,-5,77
1739722071.4721308,-64,-23,-86
1739722071.5181308,33,79,-92
1739722071.5631306,-33,32,-71
1739722071.6091306,26,33,-33
1739722071.6551306,44,-76,-93
1739722071.7001307,0,0,-55
1739722071.7461307,60,-9,-24
1739722071.7921307,-65,55,-27
1739722071.8381307,-29,-3,-104
1739722071.8831308,-31,-41,69
1739722071.9291308,60,-46,52
1739722071.9751308,38,-13,18
1739722072.0201306,-20,5,-52
1739722072.0661306,-86,32,-20
1739722072.1121306,-38,-24,0
1739722072.1581306,36,0,-108
1739722072.2031307,-67,10,49
1739722072.2491307,8,26,-86
1739722072.2951307,3,-14,8
1739722072.3401306,35,-3,-48
1739722072.3861306,-8,19,-94
1739722072.4321306,43,13,-80
1739722072.4781306,77,1,62
1739722072.523131,-94,9,-165
1739722072.569131,61,-33,-4
1739722072.615131,13,-5,-30
1739722072.6601307,-16,2,-70
1739722072.7061307,60,-25,-112
1739722072.7521307,75,59,-142
1739722072.7981308,19,-41,-10
1739722072.8431306,-30,9,-9
1739722072.8891306,-6,109,-110
1739722072.9351306,-17,-81,-103
1739722072.980131,-64,20,131
1739722073.026131,37,8,-124
1739722073.072131,29,15,-50
1739722073.1181307,0,36,-110
1739722073.1631308,-4,100,-44
1739722073.2091308,8,16,-54
1739722073.2551308,53,24,-86
1739722073.3001306,82,17,0
1739722073.3461306,-41,-63,-81
1739722073.3921306,56,2,-86
1739722073.4381306,27,-10,0
1739722073.4831307,-27,0,-53
1739722073.5291307,39,14,-12
1739722073.5751307,47,1,-26
1739722073.6201308,38,-6,84
1739722073.6661308,25,63,-44
1739722073.7121308,24,-23,0
1739722073.7581308,1,-3,-4
1739722073.809131,3,-2,13
1739722073.855131,-3,-31,-60
1739722073.9001307,-13,-22,-22
1739722073.9461308,84,64,-50
1739722073.9921308,-12,90,-178
1739722074.0381308,-27,8,-108
1739722074.0831306,-16,26,19
1739722074.1291306,-27,13,-40
1739722074.1751306,-9,80,-106
1739722074.2201307,42,-28,-7
1739722074.2661307,-32,18,-2
1739722074.3121307,-81,22,-14
1739722074.3581307,-8,8,-20
1739722074.4031308,38,-56,-17
1739722074.4491308,-48,-11,-66
1739722074.4951308,-51,-63,-56
1739722074.5401306,13,25,-86
1739722074.5861306,-70,34,-112
1739722074.6321306,-78,41,-128
1739722074.6781306,-68,66,-18
1739722074.7231307,-25,10,-14
1739722074.7691307,47,41,27
1739722074.8151307,-7,11,-23
1739722074.8601308,-8,-26,-30
1739722074.9061308,-21,36,-24
1739722074.9521308,12,21,-24
1739722074.9971306,15,-31,24
1739722075.0431306,18,52,2
1739722075.0891306,-5,27,-80
1739722075.1351306,-27,13,47
1739722075.1801307,24,69,-142
1739722075.2261307,62,64,-5
1739722075.2721307,-9,42,-13
1739722075.3171306,-74,5,36
1739722075.3631306,-48,5,6
1739722075.4091306,-7,-25,46
1739722075.4551306,16,76,-55
1739722075.500131,74,74,-13
1739722075.546131,43,27,31
1739722075.592131,-34,-2,-85
1739722075.6371307,-48,-6,16
1739722075.6831307,29,49,33
1739722075.7291307,-4,24,-47
1739722075.7751307,-62,41,-31
1739722075.8201306,-29,-57,-13
1739722075.8661306,6,-4,-105
1739722075.9121306,65,-36,-155
1739722075.957131,40,-3,8
1739722076.003131,17,-54,-101
1739722076.049131,47,-30,-96
1739722076.0951307,24,-41,0
1739722076.1401308,33,-44,2
1739722076.1861308,36,-30,42
1739722076.2321308,-40,39,-107
1739722076.2771306,73,-89,26
1739722076.3231306,87,92,4
1739722076.3691306,10,41,-207
1739722076.4151306,-1,-49,21
1739722076.4601307,77,-31,-72
1739722076.5061307,26,-3,-43
1739722076.5521307,-104,-5,-3
1739722076.5971308,-28,-18,-101
1739722076.6431308,-17,62,8
1739722076.6891308,35,38,-203
1739722076.7351308,-20,-48,34
1739722076.7801306,-112,38,-65
1739722076.8261306,32,2,-51
1739722076.8721306,-32,-6,3
1739722076.9171307,-4,-46,-57
1739722076.9631307,-21,0,17
1739722077.0091307,-8,-12,68
1739722077.0551307,51,-35,-71
1739722077.1001308,-24,-70,-49
1739722077.1461308,3,80,-109
1739722077.1921306,17,-22,76
1739722077.2371306,55,55,-75
1739722077.2831306,13,-64,15
1739722077.3291306,-61,19,34
1739722077.375131,16,-63,94
1739722077.4201307,0,69,-125
1739722077.4661307,-34,-4,-63
1739722077.5121307,-78,69,72
1739722077.5571306,-27,-80,-89
1739722077.6031306,-47,-21,-41
1739722077.6491306,32,16,-49
1739722077.6951306,-48,2,96
1739722077.740131,4,-36,-43
1739722077.786131,-30,50,-40
1739722077.832131,9,28,-61
1739722077.8771307,93,-11,-61
1739722077.9231308,48,37,28
1739722077.9691308,-72,45,41
1739722078.0151308,-33,-9,-1
1739722078.0601306,-43,5,-89
1739722078.1061306,5,-1,-51
1739722078.1521306,4,7,30
1739722078.197131,-13,-39,-129
1739722078.2431307,4,-113,-80
1739722078.2891307,75,3,-68
1739722078.3351307,133,12,2
1739722078.3791306,6,53,-79
1739722078.4251306,24,64,-159
1739722078.4711306,-37,1,1
1739722078.5161307,-39,-43,-97
1739722078.5621307,42,38,-145
1739722078.6081307,38,46,-140
1739722078.6531308,74,29,-67
1739722078.6991308,-48,3,58
1739722078.7451308,-17,57,8
1739722078.7911308,-40,47,-122
1739722078.8361306,20,8,-13
1739722078.8821306,-19,-14,-134
1739722078.9281306,9,-32,55
1739722078.9731307,44,-7,151
1739722079.0191307,84,-34,15
1739722079.0651307,9,12,-64
1739722079.1111307,34,-76,27
1739722079.1561308,44,-14,-41
1739722079.2021308,-28,41,-68
1739722079.2481308,0,97,20
1739722079.2931306,11,-39,-51
1739722079.3391306,12,-16,-81
1739722079.3851306,-26,-69,-53
1739722079.4311306,-4,25,-84
1739722079.4761307,18,-16,-21
1739722079.5221307,27,17,-20
1739722079.5681307,67,8,-67
1739722079.6131306,-19,-14,79
1739722079.6591306,-7,-45,17
1739722079.7051306,40,31,-54
1739722079.7511306,-30,17,-74
1739722079.796131,64,-37,-67
1739722079.842131,-87,99,-44
1739722079.888131,-39,34,56
1739722079.9331307,21,-72,-143
1739722079.9791307,10,-47,81
1739722080.0251307,78,-51,-87
1739722080.0711308,-41,14,-162
1739722080.1161306,-1,16,-16
1739722080.1621306,-62,14,-38
1739722080.2081306,43,42,-119
1739722080.253131,-12,48,-81
1739722080.299131,-26,38,-7
1739722080.3451307,-37,-7,-59
1739722080.3911307,52,-26,-46
1739722080.4361308,124,1,90
1739722080.4821308,-26,19,-90
1739722080.5281308,8,93,-104
1739722080.5731306,12,-70,-108
1739722080.6191306,16,5,-30
1739722080.6651306,4,-95,-76
1739722080.7111306,35,43,-50
1739722080.7561307,-28,-6,81
1739722080.8021307,-99,20,-30
1739722080.8481307,39,41,9
1739722080.8931308,70,8,-58
1739722080.9391308,-47,57,-115
1739722080.9851308,-36,70,-43
1739722081.0311308,-40,-69,-59
1739722081.0761306,45,-10,81
1739722081.1221306,55,55,-125
1739722081.1681306,21,16,-13
1739722081.2131307,-6,18,-67
1739722081.2591307,3,-42,-61
1739722081.3051307,52,-47,-81
1739722081.3511307,39,-22,-27
1739722081.3961308,-20,-40,-139
1739722081.4421306,-37,-3,-46
1739722081.4881306,-32,12,54
1739722081.5331306,47,-20,0
1739722081.5791306,29,-25,9
1739722081.625131,42,26,-11
1739722081.671131,14,-85,-87
1739722081.7161307,60,-37,45
1739722081.7621307,-34,-35,-50
1739722081.8081307,20,-24,-25
1739722081.8531306,-26,-26,-31
1739722081.8991306,-24,-26,-15
1739722081.9451306,-15,26,-101
1739722081.9911306,-64,5,-117
1739722082.036131,57,-18,-97
1739722082.082131,56,-30,-41
1739722082.128131,-46,-9,-74
1739722082.1731308,3,-46,37
1739722082.2191308,22,-3,-67
1739722082.2651308,17,8,-45
1739722082.3111308,-3,72,-159
1739722082.3561306,14,7,-111
1739722082.4021306,-110,46,-62
1739722082.4481306,24,8,-77
1739722082.4931307,29,49,-95
1739722082.5391307,15,-37,-79
1739722082.5851307,-13,-2,18
1739722082.6311307,-18,8,-101
1739722082.6761308,-118,61,-26
1739722082.7221308,-19,-47,8
1739722082.7681308,51,-51,73
1739722082.8131306,65,29,-162
1739722082.8591306,-57,-7,-79
1739722082.9051306,26,-24,-62
1739722082.9511306,-50,-24,-149
1739722082.9961307,39,-18,-84
1739722083.0421307,-37,-11,-59
1739722083.0881307,-6,-5,-100
1739722083.1331308,36,38,-150
1739722083.1791308,53,-31,-82
1739722083.2251308,23,-15,-25
1739722083.2711308,-26,-55,-28
1739722083.3161306,55,-21,-43
1739722083.3621306,-1,-46,38
1739722083.4081306,33,-30,-62
1739722083.4531307,62,51,-16
1739722083.4991307,-83,9,-29
1739722083.5451307,-53,-36,-19
1739722083.5911307,-38,18,-143
1739722083.6361306,27,30,8
1739722083.6821306,-54,-18,-9
1739722083.7281306,-26,3,-125
1739722083.773131,28,-75,19
1739722083.8251307,0,104,-56
1739722083.8711307,-13,8,-61
1739722083.9161308,-32,75,33
1739722083.9621308,26,45,-98
1739722084.0081308,33,79,-20
1739722084.0531306,-44,64,-70
1739722084.0991306,-14,-6,-151
1739722084.1451306,119,-86,-146
1739722084.1891308,9,28,-82
1739722084.2351308,-44,96,-69
1739722084.2811308,9,-6,-82
1739722084.3271308,12,-5,-74
1739722084.3721306,-59,-40,-25
1739722084.4181306,57,-91,-174
1739722084.4641306,-14,19,-5
1739722084.5091307,26,-43,12
1739722084.5551307,2,41,-30
1739722084.6011307,0,77,-80
1739722084.6471307,0,-2,43
1739722084.6921306,18,-17,-138
1739722084.7381306,-21,-21,24
1739722084.7841306,36,-13,0
1739722084.8291306,-21,42,-85
1739722084.875131,-150,55,100
1739722084.921131,41,-56,8
1739722084.9661307,6,46,-59
1739722085.0121307,-10,37,-53
1739722085.0581307,18,-5,-103
1739722085.1041307,18,40,15
1739722085.1491306,-47,21,-16
1739722085.1951306,-57,24,-54
1739722085.2411306,14,39,17
1739722085.286131,-42,-52,-76
1739722085.332131,-64,40,-20
1739722085.378131,29,-27,-61
1739722085.424131,70,12,-125
1739722085.4691308,0,27,-53
1739722085.5151308,21,-8,-73
1739722085.5611308,17,-6,-41
1739722085.6061306,28,24,82
1739722085.6521306,71,-49,17
1739722085.6981306,60,51,-45
1739722085.7441306,42,-21,39
1739722085.7891307,-20,-23,-91
1739722085.8351307,-21,11,-111
1739722085.8811307,-20,65,-131
1739722085.9261308,-42,70,-63
1739722085.9721308,38,35,-19
1739722086.0181308,68,-38,-141
1739722086.0641308,1,-12,38
1739722086.1091306,54,99,-113
1739722086.1551306,7,-13,-49
1739722086.2011306,8,-48,-77
1739722086.2461307,-63,-47,-82
1739722086.2921307,-70,86,0
1739722086.3381307,42,-7,-165
1739722086.3841307,22,-88,-159
1739722086.4291308,-17,-22,-113
1739722086.4751308,32,18,-159
1739722086.5211308,0,55,-163
1739722086.5661306,19,92,17
1739722086.6121306,-49,-16,0
1739722086.6581306,48,36,23
1739722086.7041306,5,-45,8
1739722086.7491307,29,-34,-42
1739722086.7951307,-22,20,-133
1739722086.8411307,-12,31,-143
1739722086.8861306,42,31,-61
1739722086.9321306,81,38,-29
1739722086.9781306,-88,43,-77
1739722087.0241306,-54,-135,28
1739722087.069131,-54,12,-74
1739722087.115131,-25,-70,-86
1739722087.161131,36,-7,-99
1739722087.2061307,44,-39,52
1739722087.2521307,-41,-18,43
1739722087.2981308,24,-5,42
1739722087.3441308,-40,-34,-118
1739722087.3891306,38,0,-14
1739722087.4351306,3,43,-12
1739722087.4811306,4,15,49
1739722087.526131,78,42,20
1739722087.572131,52,-40,-144
1739722087.6181307,-120,-15,5
1739722087.6641307,-38,-41,-15
1739722087.7091308,34,-21,-72
1739722087.7551308,38,-15,-22
1739722087.8011308,6,-5,-110
1739722087.8461306,45,-4,-124
1739722087.8921306,-97,24,-165
1739722087.9381306,-19,-5,-80
1739722087.9841306,-22,-37,-33
1739722088.0291307,0,73,49
1739722088.0751307,20,-18,-108
1739722088.1211307,-85,80,41
1739722088.1661308,16,-50,0
1739722088.2121308,-29,43,-48
1739722088.2581308,-22,-76,-8
1739722088.3041308,22,-10,-154
1739722088.3491306,3,43,-58
1739722088.3951306,47,-36,-2
1739722088.4411306,-2,-6,-24
1739722088.4861307,-6,1,35
1739722088.5321307,21,-37,26
1739722088.5781307,0,-9,-22
1739722088.6241307,53,-37,14
1739722088.6691308,35,19,-34
1739722088.7151306,-16,32,3
1739722088.7611306,37,-64,-104
1739722088.8061306,40,-36,43
1739722088.852131,86,36,-104
1739722088.898131,-26,-15,11
1739722088.944131,68,-20,-64
1739722088.9891307,-22,9,51
1739722089.0351307,40,-54,3
1739722089.0811307,-35,38,-118
1739722089.1261306,-52,-5,-91
1739722089.1721306,-3,93,-20
1739722089.2181306,50,-3,18
1739722089.2641306,43,-3,0
1739722089.309131,-18,-37,-36
1739722089.355131,37,15,-16
1739722089.401131,-1,15,-50
1739722089.4461308,69,-61,18
1739722089.4921308,35,-19,-20
1739722089.5381308,2,16,-39
1739722089.5841308,9,-21,-106
1739722089.6291306,-28,-42,-86
1739722089.6751306,-15,-28,-20
1739722089.7211306,-1,46,-104
1739722089.7661307,-81,-57,79
1739722089.8121307,-43,66,5
1739722089.8581307,4,13,-44
1739722089.9041307,-48,51,79
1739722089.9491308,-66,65,-101
1739722089.9951308,11,-51,-20
1739722090.0411308,34,26,-22
1739722090.0861306,-48,12,-67
1739722090.1321306,47,-58,-74
1739722090.1781306,-25,5,-127
1739722090.2241306,0,12,7
1739722090.2691307,-22,-15,-2
1739722090.3151307,57,-18,-23
1739722090.3611307,-22,-24,-86
1739722090.4061308,73,-46,-93
1739722090.4521308,24,-54,-107
1739722090.4981308,-55,-22,-101
1739722090.5441308,12,35,-99
1739722090.5891306,-41,34,-85
1739722090.6351306,26,-51,21
1739722090.6811306,67,-15,19
1739722090.7261307,29,53,33
1739722090.7721307,6,33,-73
1739722090.8181307,11,120,-121
1739722090.8641307,-6,-30,-85
1739722090.9091306,16,21,23
1739722090.9551306,-30,-47,-151
1739722091.0011306,-8,38,-55
1739722091.046131,0,65,14
1739722091.092131,-59,29,-15
1739722091.138131,20,59,-73
1739722091.184131,-15,31,-19
1739722091.2291307,-1,13,118
1739722091.2751307,-14,-53,-89
1739722091.3211308,22,47,-67
1739722091.3661306,-1,-49,34
1739722091.4121306,-81,-30,6
1739722091.4581306,-20,20,-95
1739722091.5041306,-3,42,23
1739722091.549131,-42,-59,106
1739722091.5951307,-27,43,-27
1739722091.6411307,-42,56,-13
1739722091.6861308,46,-3,-33
1739722091.7321308,-6,19,-77
1739722091.7781308,24,20,-153
1739722091.8241308,21,16,3
1739722091.8691306,-32,-21,40
1739722091.9151306,15,38,-125
1739722091.9611306,-38,-21,-57
1739722092.0061307,-33,-33,-181
1739722092.0521307,-6,-35,72
1739722092.0981307,11,-26,-8
1739722092.1441307,8,-61,-121
1739722092.1891308,-68,3,2
1739722092.2351308,-6,89,-27
1739722092.2811308,-13,55,27
1739722092.3261306,-41,39,-69
1739722092.3721306,8,8,-35
1739722092.4181306,22,12,-77
1739722092.4641306,51,-25,-96
1739722092.5091307,85,25,34
1739722092.5551307,-19,-21,-121
1739722092.6011307,-46,24,21
1739722092.6461308,5,13,-57
1739722092.6921306,-13,74,-24
1739722092.7381306,26,32,-17
1739722092.7841306,-18,-4,-110
1739722092.8291306,-38,62,-36
1739722092.875131,24,-19,-54
1739722092.921131,34,24,-72
1739722092.9661307,-25,18,38
1739722093.0121307,-115,-26,-18
1739722093.0581307,19,56,-41
1739722093.1041307,9,-25,-28
1739722093.1491306,23,63,-90
1739722093.1951306,32,-19,-28
1739722093.2411306,-16,-10,-72
1739722093.286131,-20,15,1
1739722093.332131,-42,-33,-63
1739722093.378131,-55,17,-72
1739722093.424131,-59,-34,64
1739722093.4691308,71,-68,15
1739722093.5151308,-35,-10,-48
1739722093.5611308,-122,-28,-16
1739722093.6061306,-52,-24,42
1739722093.6521306,-39,46,-157
1739722093.6981306,120,23,-23
1739722093.7441306,-135,-47,32
1739722093.7891307,-35,1,-71
1739722093.8411307,38,-26,-62
1739722093.8861306,0,1,-36
1739722093.9321306,5,93,-94
1739722093.9781306,-77,63,-33
1739722094.0241306,57,-55,-52
1739722094.069131,100,34,58
1739722094.115131,-22,-19,-112
1739722094.161131,-41,-6,-60
1739722094.2061307,-20,48,-59
1739722094.2521307,-39,37,-37
1739722094.2981308,-47,-103,48
1739722094.3441308,-18,5,-31
1739722094.3891306,99,-52,-76
1739722094.4351306,-47,10,9
1739722094.4811306,31,-40,-100
1739722094.526131,-9,3,69
1739722094.572131,-2,11,31
1739722094.6181307,-39,84,28
1739722094.6641307,21,-79,-117
1739722094.7091308,-12,-5,-171
1739722094.7551308,-69,-1,-73
1739722094.8011308,-7,-51,12
1739722094.8461306,-71,-30,-249
1739722094.8921306,65,69,11
1739722094.9381306,-5,33,-55
1739722094.9831307,-46,80,-140
1739722095.0291307,77,-23,-93
1739722095.0751307,21,-31,-191
1739722095.1211307,8,-18,29
1739722095.1661308,-46,15,-158
1739722095.2121308,28,70,29
1739722095.2581308,34,-58,-75
1739722095.3031306,-67,64,-168
1739722095.3491306,-32,-3,12
1739722095.3951306,-50,20,26
1739722095.4411306,17,38,-93
1739722095.4861307,-25,88,-87
1739722095.5321307,12,56,-117
1739722095.5781307,-27,-38,-28
1739722095.6231308,36,-27,-97
1739722095.6691308,-74,-73,-36
1739722095.7151306,34,45,-161
1739722095.7611306,-18,130,-19
1739722095.8061306,44,-47,21
1739722095.852131,-17,18,-95
1739722095.898131,-81,51,-173
1739722095.9431307,37,2,-13
1739722095.9891307,17,-45,-10
1739722096.0351307,-7,-11,-131
1739722096.0811307,-4,96,-83
1739722096.1261306,-35,8,-99
1739722096.1721306,7,55,-31
1739722096.2181306,10,32,25
1739722096.263131,-95,-9,-36
1739722096.309131,-27,5,50
1739722096.355131,-44,-20,-66
1739722096.401131,-41,-37,60
1739722096.4461308,-38,16,-53
1739722096.4921308,73,22,9
1739722096.5381308,-41,93,-3
1739722096.5831306,-22,-10,0
1739722096.6291306,7,-5,-67
1739722096.6751306,-17,-39,-54
1739722096.7211306,21,85,-151
1739722096.7661307,-2,-25,26
1739722096.8121307,-15,-29,-50
1739722096.8581307,-5,-3,64
1739722096.9031308,37,-69,-1
1739722096.9491308,-3,-46,64
1739722096.9951308,34,13,-71
1739722097.0411308,-16,-71,-147
1739722097.0861306,-24,-56,10
1739722097.1321306,15,0,24
1739722097.1781306,41,72,-79
1739722097.2231307,-42,-8,-99
1739722097.2691307,22,1,-17
1739722097.3151307,-52,25,-21
1739722097.3611307,55,17,-35
1739722097.4061308,38,37,-53
1739722097.4521308,25,-37,-113
1739722097.4981308,-3,-20,36
1739722097.5431306,-63,50,-22
1739722097.5891306,75,-36,-73
1739722097.6351306,15,26,-25
1739722097.6811306,61,30,-61
1739722097.7261307,43,-17,-43
1739722097.7721307,68,-31,-71
1739722097.8181307,-39,-69,-45
1739722097.8631306,55,-28,-53
1739722097.9091306,-2,5,-39
1739722097.9551306,61,26,-59
1739722098.0011306,-16,-19,-23
1739722098.046131,-64,105,6
1739722098.092131,-46,-6,16
1739722098.138131,-11,-42,-93
1739722098.1831307,-75,5,-113
1739722098.2291307,45,48,16
1739722098.2751307,-67,38,-81
1739722098.3211308,-1,73,-123
1739722098.3661306,6,-24,-75
1739722098.4121306,3,72,6
1739722098.4581306,44,-36,7
1739722098.503131,-14,-24,-35
1739722098.549131,-5,10,-13
1739722098.5951307,55,-3,16
1739722098.6411307,5,-9,-71
1739722098.6861308,133,40,-54
1739722098.7321308,-24,24,-43
1739722098.7781308,67,-17,-31
1739722098.8231306,33,24,-44
1739722098.8691306,65,8,-43
1739722098.9151306,-9,-3,-61
1739722098.9611306,-42,-5,-10
1739722099.0061307,0,-21,-17
1739722099.0521307,-51,-24,28
1739722099.0981307,64,56,-4
1739722099.1431308,10,32,54
1739722099.1891308,-1,11,28
1739722099.2351308,-26,25,10
1739722099.2811308,31,38,-18
1739722099.3261306,-3,-16,-157
1739722099.3721306,-36,-18,33
1739722099.4181306,-5,5,-109
1739722099.4631307,-87,-51,-19
1739722099.5091307,-55,65,-131
1739722099.5551307,-49,71,104
1739722099.6011307,59,-4,-93
1739722099.6461308,-36,-85,-33
1739722099.6921306,-59,-10,-157
1739722099.7381306,-6,49,-32
1739722099.7831306,36,-35,-116
1739722099.8291306,-12,46,-24
1739722099.875131,51,2,-42
1739722099.921131,43,4,15
1739722099.9661307,18,-7,49
1739722100.0121307,-13,0,-106
1739722100.0581307,8,37,11
1739722100.1031306,-69,43,-149
1739722100.1491306,18,-7,-1
1739722100.1951306,3,-65,-48
1739722100.2411306,27,-39,-117
1739722100.286131,-77,9,-133
1739722100.332131,-71,-21,-37
1739722100.378131,-47,-46,-82
1739722100.4231308,6,14,-68
1739722100.4691308,-29,62,-95
1739722100.5151308,9,30,-220
1739722100.5611308,75,82,-4
1739722100.6061306,61,39,-60
1739722100.6521306,-82,31,53
1739722100.6981306,-36,49,-16
1739722100.7431307,71,54,32
1739722100.7891307,-43,-41,-76
1739722100.8351307,-54,51,-49
1739722100.8811307,-44,-5,-45
1739722100.9261308,42,53,-146
1739722100.9721308,-39,11,-49
1739722101.0181308,-2,47,37
1739722101.0631306,-61,97,-5
1739722101.1091306,-62,24,41
1739722101.1551306,21,39,-88
1739722101.2011306,30,-55,-138
1739722101.2461307,37,-13,-58
1739722101.2921307,64,-22,6
1739722101.3381307,12,57,-132
1739722101.3831308,2,41,-172
1739722101.4291308,-25,18,45
1739722101.4751308,14,-41,-100
1739722101.5211308,-61,16,-53
1739722101.5661306,-7,-40,-102
1739722101.6121306,-29,-62,-22
1739722101.6581306,36,2,114
1739722101.7031307,-9,-19,-84
1739722101.7491307,-76,33,-215
1739722101.7951307,28,-16,14
1739722101.8411307,46,-15,-72
1739722101.8861306,4,59,25
1739722101.9321306,-49,-1,-29
1739722101.9781306,-1,-19,-110
1739722102.023131,23,-27,48
1739722102.069131,-66,48,-29
1739722102.115131,-64,-24,-45
1739722102.161131,111,-39,-154
1739722102.2061307,-8,40,-41
1739722102.2521307,29,-25,26
1739722102.2981308,-35,-14,117
1739722102.3431306,38,-49,48
1739722102.3891306,-74,39,-29
1739722102.4351306,25,-26,-100
1739722102.4811306,13,-2,-142
1739722102.526131,63,-70,-26
1739722102.572131,42,7,-138
1739722102.6181307,42,9,-128
1739722102.6631308,-4,28,-117
1739722102.7091308,-76,-37,-74
1739722102.7551308,13,-5,-6
1739722102.8011308,22,-35,-56
1739722102.8461306,-75,-47,9
1739722102.8921306,5,-40,132
1739722102.9381306,-23,-3,-122
1739722102.9831307,-82,-3,-72
1739722103.0291307,-10,-96,12
1739722103.0751307,11,-4,0
1739722103.1211307,22,-35,52
1739722103.1661308,48,47,-46
1739722103.2121308,39,-6,-12
1739722103.2581308,-45,-47,30
1739722103.3031306,-22,-40,30
1739722103.3491306,-26,19,-133
1739722103.3951306,-31,4,-49
1739722103.4411306,-66,44,-85
1739722103.4861307,-8,-4,-76
1739722103.5321307,69,-63,8
1739722103.5781307,32,8,-82
1739722103.6231308,-18,-26,30
1739722103.6691308,-93,-31,-76
1739722103.7151306,0,29,-39
1739722103.7611306,-98,30,-99
1739722103.8121307,32,73,-33
1739722103.8581307,35,-5,-22
1739722103.9031308,69,-14,-50
1739722103.9491308,-50,-41,-188
1739722103.9951308,-5,-47,-36
1739722104.0411308,9,3,-71
1739722104.0861306,-58,-21,0
1739722104.1321306,62,55,13
1739722104.1781306,39,-64,-44
1739722104.2231307,35,-12,-122
1739722104.2691307,-39,-13,-12
1739722104.3151307,35,-23,-14
1739722104.3611307,-8,-61,-84
1739722104.4061308,7,10,-139
1739722104.4521308,-17,-3,-84
1739722104.4981308,-59,-55,-84
1739722104.5431306,47,-20,-94
1739722104.5891306,21,20,-75
1739722104.6351306,108,-42,-14
1739722104.6811306,-55,45,29
1739722104.7261307,25,-82,-40
1739722104.7721307,-63,9,-12
1739722104.8181307,23,-29,-68
1739722104.8631306,23,26,-11
1739722104.9091306,5,2,-90
1739722104.9551306,-80,-10,-120
1739722105.000131,-20,-15,97
1739722105.046131,59,58,-21
1739722105.092131,13,35,105
1739722105.138131,14,68,-96
1739722105.1831307,-29,-53,91
1739722105.2291307,5,17,3
1739722105.2751307,-29,-32,-68
1739722105.3201306,-26,33,9
1739722105.3661306,23,-30,-106
1739722105.4121306,-28,-62,13
1739722105.4581306,27,-44,-78
1739722105.503131,-8,4,-124
1739722105.549131,-95,22,-32
1739722105.5951307,86,28,-144
1739722105.6401308,-24,27,-39
1739722105.6861308,66,-13,0
1739722105.7321308,-41,32,-80
1739722105.7781308,-76,34,-114
1739722105.8231306,16,79,-84
1739722105.8691306,-19,0,70
1739722105.9151306,1,25,-126
1739722105.9601307,-41,-47,20
1739722106.0061307,39,25,-57
1739722106.0521307,-50,-27,-72
1739722106.0981307,118,-18,-41
1739722106.1431308,26,-7,-43
1739722106.1891308,35,-47,-100
1739722106.2351308,-4,14,-90
1739722106.2801306,0,1,-12
1739722106.3261306,-52,-55,-38
1739722106.3721306,-5,-7,-38
1739722106.4181306,30,-21,-48
1739722106.4631307,-6,44,-108
1739722106.5091307,-17,75,-2
1739722106.5551307,42,40,61
1739722106.6001308,-47,20,8
1739722106.6461308,-36,-53,-53
1739722106.6921306,14,0,-142
1739722106.7381306,59,41,97
1739722106.7831306,-68,-15,-36
1739722106.8291306,-1,0,-26
1739722106.875131,21,29,-114
1739722106.9201307,8,17,54
1739722106.9661307,12,96,-6
1739722107.0121307,-9,41,33
1739722107.0581307,43,-114,-90
1739722107.1031306,-33,44,-90
1739722107.1491306,10,8,-80
1739722107.1951306,-64,-23,-41
1739722107.240131,-96,-12,19
1739722107.286131,4,6,79
1739722107.332131,-35,26,-72
1739722107.378131,-2,5,-24
1739722107.4231308,65,-38,71
1739722107.4691308,79,-46,-48
1739722107.5151308,1,-46,-96
1739722107.5601306,22,-28,-144
1739722107.6061306,-84,-6,59
1739722107.6521306,-27,38,-42
1739722107.6981306,22,40,-62
1739722107.7431307,96,-16,-50
1739722107.7891307,-3,-12,-67
1739722107.8351307,14,20,15
1739722107.8801308,19,29,-24
1739722107.9261308,-50,18,31
1739722107.9721308,-52,0,-62
1739722108.0181308,9,-18,-180
1739722108.0631306,-6,69,-22
1739722108.1091306,14,58,-126
1739722108.1551306,33,-24,-178
1739722108.2001307,25,-28,-140
1739722108.2461307,-45,48,-67
1739722108.2921307,33,-16,12
1739722108.3381307,-59,-86,37
1739722108.3831308,20,46,-80
1739722108.4291308,-22,26,-80
1739722108.4751308,59,-6,-106
1739722108.5201306,-25,-70,-53
1739722108.5661306,-29,-20,-159
1739722108.6121306,84,-72,-44
1739722108.6581306,26,-19,-140
1739722108.7031307,0,-20,-58
1739722108.7491307,-21,-14,-104
1739722108.7941308,85,-36,1
1739722108.8391306,8,-82,-84
1739722108.8851306,60,24,-111
1739722108.9311306,2,-5,-76
1739722108.9761307,-34,-38,-134
1739722109.0221307,-26,-34,-114
1739722109.0681307,-32,14,83
1739722109.1141307,-18,5,-140
1739722109.1591306,18,10,-63
1739722109.2051306,12,-1,-20
1739722109.2511306,-12,0,-62
1739722109.296131,-13,-32,12
1739722109.342131,-40,19,19
1739722109.388131,66,-13,-224
1739722109.434131,83,23,16
1739722109.4791307,-112,97,0
1739722109.5251307,29,-1,-116
1739722109.5711308,-13,-36,-96
1739722109.6161306,-124,-11,0
1739722109.6621306,33,14,-10
1739722109.7081306,-21,-15,-133
1739722109.7541306,-62,-31,-61
1739722109.799131,27,-20,-12
1739722109.8451307,-21,-8,-75
1739722109.8911307,-85,16,31
1739722109.9361308,-21,11,-3
1739722109.9821308,-54,40,-69
1739722110.0281308,67,-27,28
1739722110.0741308,-16,-25,69
1739722110.1191306,11,4,-134
1739722110.1651306,-50,-12,-51
1739722110.2111306,106,-24,-30
1739722110.2561307,-28,-2,63
1739722110.3021307,-48,26,-205
1739722110.3481307,26,8,-36
1739722110.3941307,99,24,-116
1739722110.4391308,12,-23,-14
1739722110.4851308,13,-53,23
1739722110.5311308,37,-10,135
1739722110.5761306,14,-22,47
1739722110.6221306,-30,9,-23
1739722110.6681306,-106,59,41
1739722110.7141306,-47,3,-69
1739722110.7591307,-44,-7,-107
1739722110.8051307,68,0,56
1739722110.8511307,9,-25,67
1739722110.8961308,37,2,-8
1739722110.9421306,16,-5,51
1739722110.9881306,16,8,2
1739722111.0341306,2,-13,-27
1739722111.0791306,2,-15,9
1739722111.125131,78,25,-24
1739722111.171131,-57,18,3
1739722111.2161307,-6,19,80
1739722111.2621307,2,27,22
1739722111.3081307,-49,-67,-15
1739722111.3541307,-54,-25,-145
1739722111.3991306,2,-8,0
1739722111.4451306,-4,24,0
1739722111.4911306,0,31,-42
1739722111.536131,29,-42,-198
1739722111.582131,93,19,-42
1739722111.628131,59,-34,-122
1739722111.674131,41,52,-80
1739722111.7191308,17,60,-136
1739722111.7651308,5,16,0
1739722111.8111308,-38,-8,-76
1739722111.8561306,-26,-37,-134
1739722111.9021306,83,-31,-117
1739722111.9481306,-70,30,-112
1739722111.9941306,57,-7,-57
1739722112.0391307,-27,39,8
1739722112.0851307,6,-8,-64
1739722112.1311307,-65,19,-21
1739722112.1761308,-29,52,35
1739722112.2221308,-24,-19,-159
1739722112.2681308,-43,-19,-87
1739722112.3141308,-7,39,-31
1739722112.3591306,7,11,-49
1739722112.4051306,72,-3,-116
1739722112.4511306,-67,21,-9
1739722112.4961307,56,-64,-116
1739722112.5421307,21,-30,-15
1739722112.5881307,-28,96,-103
1739722112.6341307,-26,-79,-115
1739722112.6791308,33,-50,-8
1739722112.7251308,-53,13,-27
1739722112.7711308,-43,0,-55
1739722112.8161306,-75,36,105
1739722112.8621306,-7,-41,-1
1739722112.9081306,-30,71,82
1739722112.9541306,30,-22,-75
1739722112.9991307,-104,-41,-41
1739722113.0451307,0,-23,-53
1739722113.0911307,-21,79,-119
1739722113.1361306,4,48,-95
1739722113.1821306,0,15,-97
1739722113.2281306,-36,-36,-59
1739722113.2741306,-78,-24,-3
1739722113.319131,-50,1,-123
1739722113.365131,51,53,-60
1739722113.411131,12,55,24
1739722113.4561307,0,-69,37
1739722113.5021307,70,60,-96
1739722113.5481308,38,32,-50
1739722113.5941308,17,-35,32
1739722113.6391306,-50,-80,-45
1739722113.6851306,-12,15,-31
1739722113.7311306,-27,16,-21
1739722113.776131,-84,21,-31
1739722113.8281307,-31,1,-21
1739722113.8741307,-94,42,-48
1739722113.9191308,10,-7,-11
1739722113.9651306,-95,-19,-2
1739722114.0111306,-65,68,-116
1739722114.0561306,42,-17,-115
1739722114.1031306,-16,48,37
1739722114.1491306,-27,2,4
1739722114.1951306,1,-54,-118
1739722114.240131,-15,12,-46
1739722114.286131,11,-35,110
1739722114.332131,-38,53,-9
1739722114.378131,-31,17,-152
1739722114.4231308,-38,34,-31
1739722114.4691308,-76,32,-16
1739722114.5151308,-40,54,31
1739722114.5601306,6,24,-115
1739722114.6061306,-59,-3,-34
1739722114.6521306,70,-2,-9
1739722114.6981306,8,27,-187
1739722114.7431307,11,77,-117
1739722114.7891307,16,16,-55
1739722114.8351307,-4,53,-142
1739722114.8801308,10,35,61
1739722114.9261308,40,-5,65
1739722114.9721308,18,85,-31
1739722115.0171306,-5,11,-138
1739722115.0631306,-27,-10,-40
1739722115.1091306,-36,-13,-58
1739722115.1551306,-32,0,-144
1739722115.2001307,-34,12,-78
1739722115.2461307,-40,8,0
1739722115.2921307,-22,6,-96
1739722115.3371308,-77,87,-110
1739722115.3831308,3,18,37
1739722115.4291308,60,-46,-109
1739722115.4751308,-43,-25,-39
1739722115.5201306,10,11,-159
1739722115.5661306,36,22,-91
1739722115.6121306,42,33,-40
1739722115.6571307,44,1,4
1739722115.7031307,-43,36,38
1739722115.7491307,-17,-32,0
1739722115.7951307,-4,-11,-11
1739722115.8401306,40,67,4
1739722115.8861306,-2,-47,-67
1739722115.9321306,16,-7,-33
1739722115.977131,-62,-59,23
1739722116.023131,18,11,-75
1739722116.069131,-27,-10,-81
1739722116.115131,-88,-4,-133
1739722116.1601307,35,-78,-15
1739722116.2061307,-68,44,-271
1739722116.2521307,22,-1,16
1739722116.2971306,84,6,18
1739722116.3431306,-15,-28,-71
1739722116.3891306,-26,0,-71
1739722116.4351306,25,92,4
1739722116.480131,-82,-25,-27
1739722116.526131,0,1,-21
1739722116.572131,-11,-42,32
1739722116.6171308,-23,-40,-47
1739722116.6631308,-5,-2,-13
1739722116.7091308,13,11,56
1739722116.7551308,-68,-64,-127
1739722116.8001306,10,-30,-91
1739722116.8461306,0,-77,-4
1739722116.8921306,-33,72,-71
1739722116.9371307,8,24,-99
1739722116.9831307,69,-50,-1
1739722117.0291307,-46,-7,68
1739722117.0751307,1,-44,-167
1739722117.1201308,1,31,90
1739722117.1661308,-1,10,48
1739722117.2121308,0,3,-37
1739722117.2571306,-18,-10,-19
1739722117.3031306,-9,8,-75
1739722117.3491306,-9,-9,-109
1739722117.3951306,11,22,-57
1739722117.4401307,-10,15,-61
1739722117.4861307,-33,-16,-51
1739722117.5321307,-8,-13,-25
1739722117.5771308,54,-23,18
1739722117.6231308,52,15,-41
1739722117.6691308,35,-6,12
1739722117.7151306,44,47,-55
1739722117.7601306,-35,35,72
1739722117.8061306,46,-14,-62
1739722117.852131,-60,26,-89
1739722117.8971307,36,-22,2
1739722117.9431307,-24,59,-9
1739722117.9891307,-31,13,-43
1739722118.0351307,-25,36,-3
1739722118.0801306,-54,38,-93
1739722118.1261306,-10,-25,-20
1739722118.1721306,59,12,-93
1739722118.217131,-10,13,-43
1739722118.263131,-11,-20,-45
1739722118.309131,-8,-23,-45
1739722118.355131,-98,-30,-102
1739722118.4001307,-18,20,36
1739722118.4461308,-49,36,-14
1739722118.4921308,-37,8,-44
1739722118.5371306,45,-12,-109
1739722118.5831306,-83,-57,-114
1739722118.6291306,-38,-32,-72
1739722118.6751306,84,18,-39
1739722118.7201307,-11,-91,-81
1739722118.7661307,0,8,-85
1739722118.8121307,-8,6,-175
1739722118.8571308,-15,4,0
1739722118.9031308,7,-102,-34
1739722118.9491308,-90,37,-14
1739722118.9951308,-64,35,-84
1739722119.0401306,82,97,-47
1739722119.0861306,33,8,-125
1739722119.1321306,41,-29,-11
1739722119.1771307,-31,-7,32
1739722119.2231307,31,-10,-57
1739722119.2691307,-3,-4,-141
1739722119.3151307,-27,-19,-16
1739722119.3601308,-11,-58,-14
1739722119.4061308,22,22,-23
1739722119.4521308,-116,-28,-36
1739722119.4971306,-92,29,-76
1739722119.5431306,29,-52,35
1739722119.5891306,45,44,136
1739722119.6351306,-10,-64,7
1739722119.6801307,59,-43,-97
1739722119.7261307,-79,40,-76
1739722119.7721307,-4,60,0
1739722119.8171306,92,24,-15
1739722119.8631306,56,-95,-81
1739722119.9091306,13,37,-69
1739722119.9551306,1,20,-91
1739722120.000131,37,-80,-47
1739722120.046131,-107,-12,-70
1739722120.092131,-18,2,-69
1739722120.1371307,-63,51,-84
1739722120.1831307,76,12,-73
1739722120.2291307,-56,-50,-115
1739722120.2751307,0,-3,-13
1739722120.3201306,-36,35,-69
1739722120.3661306,72,-19,21
1739722120.4121306,-38,-13,-53
1739722120.457131,29,-23,-39
1739722120.503131,29,4,-35
1739722120.549131,29,-16,-135
1739722120.5951307,73,22,-7
1739722120.6401308,37,-23,-29
1739722120.6861308,57,4,43
1739722120.7321308,51,-26,-25
1739722120.7771306,22,13,27
1739722120.8231306,-26,3,-44
1739722120.8691306,-53,-80,-80
1739722120.9151306,-26,-4,54
1739722120.9601307,88,30,-189
1739722121.0061307,-5,16,0
1739722121.0521307,14,-37,-87
1739722121.0971308,36,57,-63
1739722121.1431308,18,8,-31
1739722121.1891308,18,-5,-27
1739722121.2351308,54,-37,-83
1739722121.2801306,-27,-44,-115
1739722121.3261306,25,44,-27
1739722121.3721306,-20,-36,56
1739722121.4171307,74,64,-43
1739722121.4631307,-62,39,-79
1739722121.5091307,83,0,-17
1739722121.5551307,27,-9,15
1739722121.6001308,33,29,-33
1739722121.6461308,9,-12,-57
1739722121.6921306,-10,78,-31
1739722121.7371306,64,-24,-71
1739722121.7831306,-20,-42,44
1739722121.8291306,27,-22,106
1739722121.875131,46,56,-171
1739722121.9201307,-23,45,-18
1739722121.9661307,-31,-1,18
1739722122.0121307,20,41,-53
1739722122.0571306,-39,-11,0
1739722122.1031306,47,53,-151
1739722122.1491306,43,-77,-48
1739722122.1951306,6,86,21
1739722122.240131,58,-55,-114
1739722122.286131,-11,-43,17
1739722122.332131,117,-54,-47
1739722122.3771307,-34,68,-17
1739722122.4231308,0,-4,-45
1739722122.4691308,-8,-54,-94
1739722122.5151308,-30,9,9
1739722122.5601306,-66,-37,-50
1739722122.6061306,106,51,-19
1739722122.6521306,-44,-26,10
1739722122.697131,46,10,-145
1739722122.7431307,-55,11,-101
1739722122.7891307,24,1,92
1739722122.8351307,6,15,-141
1739722122.8801308,89,12,-17
1739722122.9261308,39,-81,-56
1739722122.9721308,-22,9,-31
1739722123.0171306,-27,-34,-160
1739722123.0631306,7,-11,-10
1739722123.1091306,-66,80,-71
1739722123.1551306,46,-2,15
1739722123.2001307,25,31,-29
1739722123.2461307,-16,28,-51
1739722123.2921307,15,43,-83
1739722123.3371308,-16,-25,-84
1739722123.3831308,-29,64,18
1739722123.4291308,-51,-15,-128
1739722123.4751308,131,33,-13
1739722123.5201306,59,3,-31
1739722123.5661306,-22,-42,-80
1739722123.6121306,-27,59,-121
1739722123.6571307,80,0,-23
1739722123.7031307,-16,-31,-112
1739722123.7491307,-18,41,-145
1739722123.7951307,-46,0,-88
1739722123.8461306,-28,-10,78
1739722123.8921306,-52,-13,-76
1739722123.9371307,-15,31,-47
1739722123.9831307,-54,-1,80
1739722124.0291307,-50,71,-117
1739722124.0751307,19,-28,-97
1739722124.1201308,13,-33,-49
1739722124.1661308,43,-24,-5
1739722124.2121308,19,-33,-60
1739722124.2561307,9,55,-129
1739722124.3021307,7,7,-44
1739722124.3481307,-1,-13,-96
1739722124.3931308,16,-11,-32
1739722124.4391308,2,22,44
1739722124.4851308,25,-9,-84
1739722124.5311308,-72,-4,45
1739722124.5761306,-109,11,-45
1739722124.6221306,66,7,-94
1739722124.6681306,35,34,-6
1739722124.7131307,14,-4,-74
1739722124.7591307,40,-64,-122
1739722124.8051307,73,-4,-66
1739722124.8511307,-7,-40,37
1739722124.8961308,-17,-35,-57
1739722124.9421306,-14,-19,-63
1739722124.9881306,61,32,-90
1739722125.0331306,-24,2,11
1739722125.0791306,-7,27,87
1739722125.125131,-4,39,85
1739722125.1701307,-26,-63,43
1739722125.2161307,-87,40,-75
1739722125.2621307,20,14,62
1739722125.3081307,12,10,-54
1739722125.3531306,-17,75,-22
1739722125.3991306,4,103,5
1739722125.4451306,-25,69,-65
1739722125.490131,23,93,-6
1739722125.536131,46,-55,-38
1739722125.582131,33,-10,-64
1739722125.628131,-4,-87,-128
1739722125.6731308,23,-59,-20
1739722125.7191308,51,52,-18
1739722125.7651308,-15,-61,-60
1739722125.8101306,-9,15,-7
1739722125.8561306,-22,30,-49
1739722125.9021306,-23,-18,-76
1739722125.9481306,-49,-8,-75
1739722125.9931307,-20,-40,16
1739722126.0391307,61,3,-40
1739722126.0851307,-10,62,-215
1739722126.1301308,54,13,-74
1739722126.1761308,-13,-34,29
1739722126.2221308,-60,34,-49
1739722126.2681308,-22,-16,51
1739722126.3131306,-35,-69,-11
1739722126.3591306,38,25,-18
1739722126.4051306,0,-32,-16
1739722126.4501307,8,-8,48
1739722126.4961307,-11,10,-158
1739722126.5421307,11,27,-110
1739722126.5881307,10,-51,-92
1739722126.6331308,0,-44,19
1739722126.6791308,74,31,-28
1739722126.7251308,-75,-5,-54
1739722126.7701306,-59,49,18
1739722126.8161306,4,-11,-74
1739722126.8621306,-24,-55,-150
1739722126.9081306,-63,45,-112
1739722126.9531307,-42,24,-59
1739722126.9991307,-21,-10,-6
1739722127.0451307,34,-9,-96
1739722127.0901306,24,17,-40
1739722127.1361306,49,30,-101
1739722127.1821306,15,-88,-49
1739722127.2281306,44,27,12
1739722127.273131,65,4,1
1739722127.319131,-77,-56,-84
1739722127.365131,20,-68,-83
1739722127.4101307,-4,-29,64
1739722127.4561307,10,59,-117
1739722127.5021307,0,58,8
1739722127.5481308,11,34,-171
1739722127.5931306,24,40,88
1739722127.6391306,68,19,49
1739722127.6851306,-61,101,-55
1739722127.730131,-19,-40,-16
1739722127.776131,27,-73,16
1739722127.822131,80,-2,23
1739722127.8681307,24,-17,-59
1739722127.9131308,-12,-13,14
1739722127.9591308,39,-4,-45
1739722128.0051308,-108,2,-32
1739722128.0501306,7,20,43
1739722128.0961306,-22,-4,-14
1739722128.1421306,58,13,-65
1739722128.1881306,11,-33,16
1739722128.2331307,-39,28,-11
1739722128.2791307,10,3,5
1739722128.3251307,25,-14,-53
1739722128.3701308,44,-41,-145
1739722128.4161308,31,22,-105
1739722128.4621308,-45,15,-39
1739722128.5081308,-66,93,71
1739722128.5531306,1,-38,-139
1739722128.5991306,-27,82,-123
1739722128.6451306,-77,66,-75
1739722128.6901307,0,20,23
1739722128.7361307,83,59,-123
1739722128.7821307,-62,34,-95
1739722128.8281307,-1,14,-33
1739722128.8731308,50,47,41
1739722128.9191308,21,63,-47
1739722128.9651306,66,40,-37
1739722129.0101306,-66,15,-29
1739722129.0561306,27,-63,-27
1739722129.102131,22,-51,-34
1739722129.148131,-3,-104,90
1739722129.1931307,-40,10,22
1739722129.2391307,13,39,-161
1739722129.2851307,-14,13,-23
1739722129.3301306,-61,-35,-165
1739722129.3761306,-115,19,38
1739722129.4221306,-36,48,81
1739722129.4681306,-53,57,9
1739722129.513131,-41,-17,-48
1739722129.559131,-59,9,-85
1739722129.605131,-41,55,-89
1739722129.6501307,-2,30,31
1739722129.6961308,58,-43,-37
1739722129.7421308,-93,43,-43
1739722129.7881308,0,31,-3
1739722129.8331306,-39,1,-71
1739722129.8791306,-19,-9,-36
1739722129.9251306,10,-3,-33
1739722129.9701307,110,12,-11
1739722130.0161307,-43,35,20
1739722130.0621307,-3,-19,-79
1739722130.1081307,-6,-36,-22
1739722130.1531308,8,16,-37
1739722130.1991308,0,39,1
1739722130.2451308,0,44,-109
1739722130.2901306,11,36,-1
1739722130.3361306,22,26,-117
1739722130.3821306,-28,-4,-60
1739722130.4281306,14,-47,42
1739722130.4731307,10,52,-3
1739722130.5191307,-91,-17,-54
1739722130.5651307,-23,4,-83
1739722130.6101308,-36,-28,-23
1739722130.6561308,-4,-14,-147
1739722130.7021308,-19,18,30
1739722130.7481308,-50,-13,-99
1739722130.7931306,-30,-34,8
1739722130.8391306,-80,17,-49
1739722130.8851306,-43,19,-41
1739722130.9301307,-21,22,-173
1739722130.9761307,-78,43,-79
1739722131.0221307,2,19,-119
1739722131.0681307,-41,-15,0
1739722131.1131306,52,72,-36
1739722131.1591306,10,8,10
1739722131.2051306,40,25,-139
1739722131.250131,-9,107,134
1739722131.296131,0,-33,-97
1739722131.342131,-9,-45,42
1739722131.388131,46,-42,-127
1739722131.4331307,-9,-17,-25
1739722131.4791307,13,21,-43
1739722131.5251307,-43,-82,-35
1739722131.5701306,55,1,-25
1739722131.6161306,-4,-50,48
1739722131.6621306,34,19,70
1739722131.7081306,66,-40,0
1739722131.753131,3,-93,2
1739722131.799131,37,38,-11
1739722131.8451307,-131,-1,-89
1739722131.8901308,-14,-8,-51
1739722131.9361308,-10,-70,-73
1739722131.9821308,-51,-27,3
1739722132.0281308,42,-55,-133
1739722132.0731306,31,7,-90
1739722132.1191306,16,25,-48
1739722132.1651306,-61,41,75
1739722132.2101307,23,-32,94
1739722132.2561307,53,-29,-61
1739722132.3021307,-94,-40,-177
1739722132.3481307,-4,9,-27
1739722132.3931308,9,-30,-3
1739722132.4391308,2,-69,-81
1739722132.4851308,-114,33,-147
1739722132.5301306,-22,50,-14
1739722132.5761306,68,-43,2
1739722132.6221306,-15,52,20
1739722132.6681306,38,-16,-8
1739722132.7131307,51,-15,126
1739722132.7591307,77,-19,-68
1739722132.8051307,23,33,-16
1739722132.8501308,-57,12,-109
1739722132.8961308,63,-17,4
1739722132.9421306,-53,-12,53
1739722132.9881306,27,-25,-57
1739722133.0331306,-39,30,-13
1739722133.0791306,-44,1,-59
1739722133.125131,67,-63,-36
1739722133.1701307,1,72,-111
1739722133.2161307,-16,54,-51
1739722133.2621307,-31,10,-91
1739722133.3081307,-34,58,-77
1739722133.3531306,30,43,-54
1739722133.3991306,29,65,52
1739722133.4451306,84,-50,-38
1739722133.490131,22,25,30
1739722133.536131,54,25,-72
1739722133.582131,-19,-31,71
1739722133.628131,49,94,-48
1739722133.6731308,53,-29,-26
1739722133.7191308,-12,2,-91
1739722133.7651308,52,5,-62
1739722133.8101306,129,-34,-12
1739722133.8621306,13,-48,-45
1739722133.9081306,-4,-4,-79
1739722133.9531307,-31,105,44
1739722133.9991307,28,-28,48
1739722134.0451307,-10,61,94
1739722134.0901306,-42,27,-72
1739722134.1361306,-110,45,-142
1739722134.1821306,-27,28,-46
1739722134.2281306,-69,-9,48
1739722134.273131,-21,26,-16
1739722134.319131,-34,79,42
1739722134.365131,55,-30,-63
1739722134.4101307,-21,45,48
1739722134.4561307,-17,15,-88
1739722134.5021307,-1,5,-1
1739722134.5481308,102,-15,-77
1739722134.5931306,-59,-62,-22
1739722134.6391306,32,3,47
1739722134.6851306,-74,-51,18
1739722134.730131,-53,33,2
1739722134.776131,52,53,-7
1739722134.822131,81,-2,-105
1739722134.8681307,-61,9,-92
1739722134.9131308,18,79,-53
1739722134.9591308,-33,-45,11
1739722135.0051308,5,-29,37
1739722135.0501306,-57,0,-32
1739722135.0961306,11,16,35
1739722135.1421306,-43,31,10
1739722135.1871307,39,49,-41
1739722135.2331307,-9,20,-116
1739722135.2791307,38,2,-46
1739722135.3251307,-20,-5,-8
1739722135.3701308,-12,34,4
1739722135.4161308,-36,37,-128
1739722135.4621308,32,-94,25
1739722135.5071306,-36,11,-96
1739722135.5531306,-29,0,13
1739722135.5991306,-2,-11,-106
1739722135.6451306,68,12,-110
1739722135.6901307,35,-61,71
1739722135.7361307,-100,-18,15
1739722135.7821307,109,10,0
1739722135.8271308,-54,38,59
1739722135.8731308,-10,-6,19
1739722135.9191308,-38,-9,-123
1739722135.9651306,82,4,-34
1739722136.0101306,10,-4,-46
1739722136.0561306,79,20,-12
1739722136.102131,11,-46,-54
1739722136.1471307,-46,31,-1
1739722136.1931307,23,-3,44
1739722136.2391307,-83,33,39
1739722136.2851307,37,-103,-30
1739722136.3301306,-63,-106,45
1739722136.3761306,41,15,94
1739722136.4221306,-5,-26,-124
1739722136.467131,-53,36,-61
1739722136.513131,-35,32,-33
1739722136.559131,92,54,62
1739722136.605131,-102,-49,23
1739722136.6501307,-37,-37,-21
1739722136.6961308,91,27,-42
1739722136.7421308,-42,-33,-17
1739722136.7871306,15,72,-94
1739722136.8331306,3,9,-60
1739722136.8791306,-1,-15,-54
1739722136.9251306,26,-11,48
1739722136.9701307,57,-12,-92
1739722137.0161307,-60,46,-19
1739722137.0621307,14,-68,-4
1739722137.1071308,-74,-54,47
1739722137.1531308,-3,-60,-68
1739722137.1991308,4,-53,20
1739722137.2451308,-43,28,-125
1739722137.2901306,2,43,-35
1739722137.3361306,36,21,-20
1739722137.3821306,-115,-20,-101
1739722137.4271307,7,-9,-60
1739722137.4731307,8,-33,-14
1739722137.5191307,22,-20,-148
1739722137.5651307,-90,28,7
1739722137.6101308,-11,39,-35
1739722137.6561308,-75,-48,-134
1739722137.7021308,-13,3,-62
1739722137.7471306,20,60,-50
1739722137.7931306,-22,7,85
1739722137.8391306,17,19,-52
1739722137.8851306,6,10,-110
1739722137.9301307,-117,-5,-183
1739722137.9761307,-44,45,45
1739722138.0221307,-38,109,-36
1739722138.0671306,-113,-13,-29
1739722138.1131306,29,-41,-31
1739722138.1591306,-19,10,-92
1739722138.2051306,-17,-54,27
1739722138.250131,-5,54,40
1739722138.296131,17,-15,-28
1739722138.342131,17,44,96
1739722138.3871307,46,-55,88
1739722138.4331307,36,89,16
1739722138.4791307,-26,-17,23
1739722138.5251307,-51,-28,-147
1739722138.5701306,-23,-7,63
1739722138.6161306,46,-15,14
1739722138.6621306,-13,68,83
1739722138.707131,74,66,-54
1739722138.753131,-13,-91,-1
1739722138.799131,82,50,-8
1739722138.8451307,11,80,-66
1739722138.8901308,14,-9,-104
1739722138.9361308,3,24,79
1739722138.9821308,-11,49,-24
1739722139.0271306,-41,-38,-101
1739722139.0731306,-22,-16,-45
1739722139.1191306,21,24,30
1739722139.1651306,92,16,-54
1739722139.2101307,-19,-26,-67
1739722139.2561307,-22,-37,-102
1739722139.3021307,-13,-21,-152
1739722139.3471308,61,-9,-130
1739722139.3931308,9,-12,38
1739722139.4391308,21,5,-62
1739722139.4851308,-3,3,5
1739722139.5301306,14,-16,-86
1739722139.5761306,-29,70,-57
1739722139.6221306,-14,-19,-120
1739722139.6671307,-28,28,61
1739722139.7131307,-67,-2,-59
1739722139.7591307,-70,-35,-107
1739722139.8051307,-6,-19,-60
1739722139.8501308,100,61,-12
1739722139.8961308,-66,-42,-69
1739722139.9421306,3,-58,-61
1739722139.9871306,-35,-4,-71
1739722140.0331306,14,-68,49
1739722140.0791306,27,-2,48
1739722140.125131,-36,11,-103
1739722140.1701307,37,29,-96
1739722140.2161307,-14,-46,49
1739722140.2621307,-9,2,43
1739722140.3071306,-57,-53,75
1739722140.3531306,-62,-43,-47
1739722140.3991306,-40,-34,-65
1739722140.4451306,13,0,28
1739722140.490131,17,65,-94
1739722140.536131,33,35,26
1739722140.582131,15,30,-32
1739722140.6271307,-2,5,-66
1739722140.6731308,-22,-18,3
1739722140.7191308,-12,20,10
1739722140.7651308,-34,30,41
1739722140.8101306,34,-57,-32
1739722140.8561306,-19,16,-47
1739722140.9021306,-9,55,-40
1739722140.947131,45,13,-40
1739722140.9931307,-4,51,-126
1739722141.0391307,50,17,-86
1739722141.0851307,-83,-75,-7
1739722141.1301308,-11,-2,-92
1739722141.1761308,21,47,-72
1739722141.2221308,-2,-7,-86
1739722141.2671306,63,81,-12
1739722141.3131306,51,-7,-128
1739722141.3591306,-24,-50,-51
1739722141.4051306,-56,-59,43
1739722141.4501307,36,0,-88
1739722141.4961307,23,-70,-74
1739722141.5421307,-71,-14,73
1739722141.5871308,6,19,53
1739722141.6331308,-31,-36,66
1739722141.6791308,-57,-27,45
1739722141.7251308,5,61,-98
1739722141.7701306,-24,-106,75
1739722141.8161306,-40,3,-35
1739722141.8621306,24,17,-50
1739722141.9071307,-21,-28,29
1739722141.9531307,-20,67,-34
1739722141.9991307,-39,-130,-118
1739722142.0451307,42,52,35
1739722142.0901306,20,11,-25
1739722142.1361306,20,51,-86
1739722142.1821306,-12,3,-86
1739722142.227131,43,44,13
1739722142.273131,2,22,-34
1739722142.319131,35,8,-68
1739722142.365131,8,4,8
1739722142.4101307,-36,-61,-61
1739722142.4561307,-5,42,10
1739722142.5021307,-31,13,6
1739722142.5471306,-8,64,-46
1739722142.5931306,-4,-15,0
1739722142.6391306,45,-52,-55
1739722142.6851306,72,44,-173
1739722142.730131,-73,-5,-66
1739722142.776131,20,-31,-35
1739722142.822131,-29,-19,-112
1739722142.8671308,-17,-57,-17
1739722142.9131308,62,39,-125
1739722142.9591308,90,74,-63
1739722143.0051308,-11,-38,85
1739722143.0501306,27,-15,-134
1739722143.0961306,-101,113,-100
1739722143.1421306,-54,20,-90
1739722143.1871307,-55,61,-108
1739722143.2331307,-39,15,-82
1739722143.2791307,-57,10,79
1739722143.3251307,-11,28,-114
1739722143.3701308,-13,22,-78
1739722143.4161308,-24,42,45
1739722143.4621308,31,-62,37
1739722143.5071306,-17,42,-24
1739722143.5531306,2,130,-60
1739722143.5991306,-54,33,-44
1739722143.6451306,-27,6,-78
1739722143.6901307,29,-8,37
1739722143.7361307,-70,36,-20
1739722143.7821307,-47,-11,-106
1739722143.8271308,1,-42,-49
1739722143.8791306,-77,34,4
1739722143.9251306,1,17,-6
1739722143.9701307,84,-1,-98
1739722144.0161307,-21,-39,-149
1739722144.0621307,27,9,-43
1739722144.1071308,6,40,-65
1739722144.1531308,72,-21,17
1739722144.1991308,54,-4,-143
1739722144.2451308,-23,-60,36
1739722144.2901306,-36,11,-157
1739722144.3361306,-7,-2,84
1739722144.3821306,-29,0,-103
1739722144.4271307,66,-6,5
1739722144.4731307,11,55,-25
1739722144.5191307,-21,3,-119
1739722144.5651307,0,-38,-109
1739722144.6101308,-51,35,2
1739722144.6561308,-25,-20,60
1739722144.7021308,-28,28,-21
1739722144.7471306,-25,50,-99
1739722144.7931306,-26,-3,22
1739722144.8391306,8,-16,-153
1739722144.8851306,5,-25,-185
1739722144.9301307,-102,0,42
1739722144.9761307,89,0,75
1739722145.0221307,0,-20,-83
1739722145.0671306,-4,56,23
1739722145.1131306,29,-9,-51
1739722145.1591306,-15,-91,40
1739722145.2041306,7,-46,-89
1739722145.250131,0,-1,150
1739722145.296131,-69,38,-93
1739722145.342131,0,-35,-89
1739722145.3871307,-76,-23,-115
1739722145.4331307,12,-54,16
1739722145.4791307,49,-58,-24
1739722145.5241306,18,-10,0
1739722145.5701306,-59,19,-75
1739722145.6161306,-88,84,-171
1739722145.6621306,77,14,-73
1739722145.707131,26,51,-93
1739722145.753131,-27,-39,-95
1739722145.799131,43,54,-7
1739722145.8441308,-71,-25,-53
1739722145.8901308,-20,26,88
1739722145.9361308,35,-68,0
1739722145.9821308,-13,17,-11
1739722146.0271306,5,1,-53
1739722146.0731306,-7,2,-119
1739722146.1191306,-26,8,-7
1739722146.1641307,0,-23,-59
1739722146.2101307,-93,11,-13
1739722146.2561307,57,-33,-6
1739722146.3021307,-56,20,-4
1739722146.3471308,-3,-12,-23
1739722146.3931308,-11,16,8
1739722146.4391308,-66,21,-122
1739722146.4841306,88,-80,-77
1739722146.5301306,-10,5,-79
1739722146.5761306,55,-65,91
1739722146.6221306,0,-78,29
1739722146.6671307,47,26,-9
1739722146.7131307,-32,-28,16
1739722146.7591307,-35,15,14
1739722146.8041308,39,-12,1
1739722146.8501308,-11,-36,-65
1739722146.8961308,-38,19,-134
1739722146.9421306,30,10,-59
1739722146.9871306,-83,78,-62
1739722147.0331306,-10,10,-143
1739722147.0791306,17,45,154
1739722147.1241307,-34,-45,-48
1739722147.1701307,45,-81,-63
1739722147.2161307,27,6,-57
1739722147.2621307,-60,89,-106
1739722147.3071306,-18,-64,-5
1739722147.3531306,-41,19,-61
1739722147.3991306,27,14,-14
1739722147.444131,21,22,-42
1739722147.490131,-21,-19,-3
1739722147.536131,8,0,-90
1739722147.582131,51,-32,-18
1739722147.6271307,-25,58,-41
1739722147.6731308,-5,-1,-90
1739722147.7191308,85,35,-32
1739722147.7641306,-3,28,-18
1739722147.8101306,84,-49,65
1739722147.8561306,-25,20,-16
1739722147.9021306,-13,31,-64
1739722147.947131,-5,-24,-67
1739722147.9931307,7,7,-69
1739722148.0391307,-7,-21,28
1739722148.0841308,1,-39,-61
1739722148.1301308,18,17,-45
1739722148.1761308,1,-1,-115
1739722148.2221308,-4,-26,108
1739722148.2671306,-58,62,-46
1739722148.3131306,-90,-49,10
1739722148.3591306,-15,15,-16
1739722148.4041307,27,26,-95
1739722148.4501307,-23,41,-139
1739722148.4961307,-86,42,-45
1739722148.5421307,34,-9,28
1739722148.5871308,22,49,-118
1739722148.6331308,-11,-56,-151
1739722148.6791308,7,-39,-39
1739722148.7241306,-6,-28,-94
1739722148.7701306,-22,-7,39
1739722148.8161306,60,-23,-35
1739722148.8621306,36,0,-1
1739722148.9071307,25,49,-36
1739722148.9531307,-15,14,-55
1739722148.9991307,31,26,-65
1739722149.0441308,-13,-17,-117
1739722149.0901306,-44,33,-70
1739722149.1361306,-18,17,-132
1739722149.1821306,-37,5,-8
1739722149.227131,37,89,-116
1739722149.273131,50,-72,85
1739722149.319131,-16,88,-92
1739722149.3641307,35,-25,-69
1739722149.4101307,27,87,8
1739722149.4561307,23,26,-78
1739722149.5021307,7,45,-67
1739722149.5471306,-13,79,75
1739722149.5931306,7,11,17
1739722149.6391306,6,37,-14
1739722149.684131,27,5,-117
1739722149.730131,105,-31,7
1739722149.776131,53,-28,-71
1739722149.822131,-16,11,-129
1739722149.8671308,-24,12,104
1739722149.9131308,-48,40,0
1739722149.9591308,29,-27,-137
1739722150.0041306,56,44,-17
1739722150.0501306,-3,-115,-142
1739722150.0961306,19,29,-41
1739722150.1421306,-11,-12,-58
1739722150.1871307,43,-7,-4
1739722150.2331307,-19,27,51
1739722150.2791307,-14,3,-53
1739722150.3241308,79,-2,-18
1739722150.3701308,17,-67,-32
1739722150.4161308,14,-16,-152
1739722150.4621308,39,16,-110
1739722150.5071306,14,5,-14
1739722150.5531306,67,1,-70
1739722150.5991306,-72,50,-61
1739722150.6441307,49,23,-58
1739722150.6901307,38,-51,-2
1739722150.7361307,-25,8,-51
1739722150.7821307,-44,-43,-6
1739722150.8271308,-79,-53,57
1739722150.8731308,45,31,-8
1739722150.9191308,-103,-56,33
1739722150.9641306,26,-34,10
1739722151.0101306,19,21,11
1739722151.0561306,-69,28,-61
1739722151.102131,-17,34,-3
1739722151.1471307,-6,-26,107
1739722151.1931307,-45,18,-163
1739722151.2391307,-51,92,-25
1739722151.2841306,-5,-18,-126
1739722151.3301306,54,-7,22
1739722151.3761306,-15,93,-93
1739722151.4221306,55,-88,-20
1739722151.467131,54,-44,11
1739722151.513131,-100,-51,-54
1739722151.559131,-6,-60,-42
1739722151.6041307,88,-32,-112
1739722151.6501307,43,19,16
1739722151.6961308,-6,31,11
1739722151.7421308,20,20,-34
1739722151.7871306,50,-38,-24
1739722151.8331306,-9,-42,-120
1739722151.8791306,0,23,-101
1739722151.924131,53,18,-16
1739722151.9701307,-81,-46,-33
1739722152.0161307,19,33,-102
1739722152.0621307,-6,-45,-26
1739722152.1071308,0,1,69
1739722152.1531308,43,30,0
1739722152.1991308,-65,-17,-3
1739722152.2441306,-27,-23,-108
1739722152.2901306,-29,87,55
1739722152.3361306,-75,-22,-16
1739722152.3821306,43,-7,-78
1739722152.4271307,42,-49,-38
1739722152.4731307,-11,-15,-50
1739722152.5191307,-10,-57,39
1739722152.5641308,-41,-30,33
1739722152.6101308,30,38,-78
1739722152.6561308,28,39,40
1739722152.7021308,-31,-25,-68
1739722152.7471306,18,27,4
1739722152.7931306,42,32,-152
1739722152.8391306,-13,-62,-46
1739722152.8841307,17,-22,-28
1739722152.9301307,-69,47,71
1739722152.9761307,-14,19,-64
1739722153.0221307,-20,19,5
1739722153.0671306,41,56,-120
1739722153.1131306,-31,-43,-4
1739722153.1591306,9,32,-61
1739722153.2041306,50,103,51
1739722153.250131,9,-56,-22
1739722153.296131,-35,-14,-34
1739722153.342131,23,19,65
1739722153.3871307,39,-34,-78
1739722153.4331307,27,1,13
1739722153.4791307,13,-22,78
1739722153.5241306,8,-14,-68
1739722153.5701306,-8,-2,19
1739722153.6161306,73,77,-19
1739722153.6621306,-20,42,-53
1739722153.707131,23,-69,-108
1739722153.753131,-19,-43,-170
1739722153.799131,-63,-24,-58
1739722153.8501308,20,-66,-8
1739722153.8961308,31,-38,28
1739722153.9421306,-14,-21,-76
1739722153.9871306,-68,83,-49
1739722154.0331306,-43,-35,2
1739722154.0791306,25,-11,-24
1739722154.1261306,66,-62,28
1739722154.171131,-26,19,-25
1739722154.217131,111,39,-31
1739722154.263131,102,-61,-168
1739722154.3081307,0,16,-11
1739722154.3541307,77,-8,-13
1739722154.4001307,-68,51,-73
1739722154.4461308,74,36,-33
1739722154.4911306,88,-19,-94
1739722154.5371306,3,82,-146
1739722154.5831306,-46,-14,-56
1739722154.628131,14,15,16
1739722154.674131,-33,-43,-60
1739722154.7201307,3,-76,25
1739722154.7661307,-100,-5,1
1739722154.8111308,-80,-7,-41
1739722154.8571308,-35,-30,-91
1739722154.9031308,-45,-36,-81
1739722154.9481306,-7,-44,-9
1739722154.9941306,48,74,-62
1739722155.0401306,20,33,26
1739722155.0851307,-18,0,-192
1739722155.1311307,-15,-8,-89
1739722155.1771307,19,-40,-49
1739722155.2231307,-38,43,-17
1739722155.2681308,97,12,-26
1739722155.3141308,4,-36,-132
1739722155.3601308,10,9,66
1739722155.4051306,8,9,18
1739722155.4511306,19,-28,10
1739722155.4971306,53,-77,-116
1739722155.5431306,-56,34,-15
1739722155.5881307,43,7,-44
1739722155.6341307,-40,-27,-85
1739722155.6801307,-99,-6,-13
1739722155.7251308,30,-9,-38
1739722155.7711308,-2,-33,8
1739722155.8171306,-103,10,-70
1739722155.8631306,-19,-40,-98
1739722155.9081306,9,81,-28
1739722155.9541306,-46,-86,-150
1739722156.000131,-46,84,-108
1739722156.0451307,-23,70,3
1739722156.0911307,29,-5,35
1739722156.1371307,14,-91,50
1739722156.1831307,-62,-5,-104
1739722156.2281306,10,-7,-110
1739722156.2741306,-16,7,-206
1739722156.3201306,-38,31,-82
1739722156.365131,-41,5,-104
1739722156.411131,80,7,-36
1739722156.457131,-39,25,25
1739722156.503131,9,28,-110
1739722156.5481308,-32,-21,-20
1739722156.5941308,-75,116,-55
1739722156.6401308,-8,0,37
1739722156.6851306,34,0,-10
1739722156.7311306,-79,-23,45
1739722156.7771306,-21,-27,-101
1739722156.8231306,-8,53,-74
1739722156.8681307,-104,7,-5
1739722156.9141307,2,-33,-65
1739722156.9601307,-16,-37,45
1739722157.0051308,-2,-25,-25
1739722157.0511308,104,14,-72
1739722157.0971308,12,-87,-125
1739722157.1431308,-1,2,71
1739722157.1881306,-74,-15,-127
1739722157.2341306,-52,20,-19
1739722157.2801306,-9,-2,-24
1739722157.3251307,-18,35,-28
1739722157.3711307,-1,-19,37
1739722157.4171307,83,48,-10
1739722157.4631307,-52,27,-72
1739722157.5081308,15,87,-129
1739722157.5541308,21,16,17
1739722157.6001308,63,25,-107
1739722157.6451306,67,5,-121
1739722157.6911306,-19,-77,-50
1739722157.7371306,32,20,-83
1739722157.7831306,59,38,-11
1739722157.8281307,-48,26,-111
1739722157.8741307,-5,47,-41
1739722157.9201307,31,16,-29
1739722157.9651306,-35,59,-247
1739722158.0111306,-45,-62,0
1739722158.0571306,-24,-77,-40
1739722158.1031306,13,-32,28
1739722158.148131,-62,-30,-107
1739722158.194131,4,-16,-37
1739722158.240131,-26,47,-67
1739722158.2851307,12,30,-107
1739722158.3311307,85,15,-67
1739722158.3771307,-16,-26,-117
1739722158.4231308,-3,-13,-53
1739722158.4681306,-8,-7,-21
1739722158.5141306,-42,18,-123
1739722158.5601306,-46,4,-2
1739722158.605131,5,-18,14
1739722158.651131,42,25,-155
1739722158.697131,22,33,64
1739722158.7431307,-1,74,-69
1739722158.7881308,-51,40,-145
1739722158.8341308,1,63,98
1739722158.8801308,8,33,39
1739722158.9251306,26,34,94
1739722158.9711306,-26,-83,-73
1739722159.0171306,4,12,18
1739722159.0631306,57,-13,-71
1739722159.1081307,37,28,-159
1739722159.1541307,-63,-15,-41
1739722159.2001307,-18,33,-51
1739722159.2451308,-63,21,7
1739722159.2911308,8,-17,-4
1739722159.3371308,-36,-42,-185
1739722159.3831308,5,76,83
1739722159.4281306,38,37,-5
1739722159.4741306,-38,70,-101
1739722159.5201306,59,17,-81
1739722159.5651307,-23,-28,74
1739722159.6111307,8,25,126
1739722159.6571307,-4,-57,-135
1739722159.7031307,-9,-51,-132
1739722159.7481308,-11,15,-41
1739722159.7941308,44,-7,-46
1739722159.8401306,21,-7,-26
1739722159.8851306,27,-1,-127
1739722159.9311306,-22,2,72
1739722159.977131,-7,2,56
1739722160.023131,25,-2,8
1739722160.0681307,128,-72,30
1739722160.1141307,-43,9,-113
1739722160.1601307,-30,-11,-119
1739722160.2051306,-6,-44,-101
1739722160.2511306,50,-43,48
1739722160.2971306,81,35,-31
1739722160.3431306,-6,7,9
1739722160.388131,-37,-13,-91
1739722160.434131,-20,14,-25
1739722160.480131,5,-24,-10
1739722160.5251307,-56,52,-103
1739722160.5711308,8,52,-91
1739722160.6171308,59,5,78
1739722160.6631308,2,-47,-66
1739722160.7081306,75,21,-5
1739722160.7541306,8,10,-89
1739722160.8001306,37,35,-111
1739722160.8451307,13,-21,-72
1739722160.8911307,80,-1,34
1739722160.9371307,-23,19,-93
1739722160.9831307,-19,4,-137
1739722161.0281308,35,54,-155
1739722161.0741308,-3,8,-53
1739722161.1201308,-70,61,-47
1739722161.1651306,17,5,-73
1739722161.2111306,-85,79,-155
1739722161.2571306,-58,-50,48
1739722161.3031306,-29,20,-79
1739722161.3481307,146,60,5
1739722161.3941307,39,9,-75
1739722161.4401307,41,-49,30
1739722161.4851308,-49,-36,30
1739722161.5311308,93,50,25
1739722161.5771308,-6,17,72
1739722161.6231308,-43,29,-117
1739722161.6681306,-3,1,-85
1739722161.7141306,-114,9,30
1739722161.7601306,40,71,-9
1739722161.8051307,-16,73,-131
1739722161.8511307,31,-10,-15
1739722161.8971307,32,-37,-26
1739722161.9431307,17,-26,-79
1739722161.9881306,12,-56,-4
1739722162.0341306,1,38,-21
1739722162.0801306,45,-5,-139
1739722162.125131,-22,35,-105
1739722162.171131,30,-6,10
1739722162.217131,23,-21,6
1739722162.263131,125,41,17
1739722162.3081307,23,11,-107
1739722162.3541307,23,-72,66
1739722162.4001307,-38,-46,18
1739722162.4451306,-91,8,-10
1739722162.4911306,39,9,-51
1739722162.5371306,103,-15,22
1739722162.5831306,9,54,-129
1739722162.628131,67,-53,-83
1739722162.674131,6,-49,-18
1739722162.7201307,-11,24,19
1739722162.7651308,13,33,-115
1739722162.8111308,-18,-51,-58
1739722162.8571308,-29,24,30
1739722162.9031308,-10,18,-29
1739722162.9481306,22,-69,24
1739722162.9941306,25,17,37
1739722163.0401306,-64,27,-144
1739722163.0851307,59,18,-44
1739722163.1311307,43,19,6
1739722163.1771307,18,71,-46
1739722163.2231307,-2,63,-46
1739722163.2681308,-1,-19,-33
1739722163.3141308,12,9,-62
1739722163.3601308,-34,-3,31
1739722163.4051306,-16,33,-66
1739722163.4511306,-82,18,-50
1739722163.4971306,6,-2,-46
1739722163.5431306,25,25,24
1739722163.5881307,30,-7,85
1739722163.6341307,44,-48,-96
1739722163.6801307,-45,-5,-136
1739722163.7251308,-69,104,-28
1739722163.7711308,47,-43,-24
1739722163.8171306,12,-61,-70
1739722163.8681307,30,0,-16
1739722163.9141307,-3,-12,-138
1739722163.9601307,-12,27,-124
1739722164.0051308,-30,-1,-198
1739722164.0511308,-19,18,-68
1739722164.0971308,26,46,-112
1739722164.1431308,-21,95,-24
1739722164.1881306,8,-10,41
1739722164.2341306,45,0,-82
1739722164.2801306,35,-24,16
1739722164.3251307,16,-23,-64
1739722164.3711307,65,31,-18
1739722164.4171307,-32,-22,-169
1739722164.4631307,57,-27,-124
1739722164.5081308,2,-27,-13
1739722164.5541308,39,54,22
1739722164.6001308,0,27,68
1739722164.6451306,67,22,-6
1739722164.6911306,57,69,68
1739722164.7371306,-2,0,-112
1739722164.7831306,45,-32,-94
1739722164.8281307,45,12,-110
1739722164.8741307,-12,-7,101
1739722164.9201307,-8,4,-98
1739722164.9651306,-13,31,-40
1739722165.0111306,9,-6,-162
1739722165.0571306,-3,-33,17
1739722165.102131,25,75,-28
1739722165.148131,19,18,10
1739722165.194131,-1,42,91
1739722165.240131,16,64,-156
1739722165.2851307,-26,16,1
1739722165.3311307,-8,-21,-43
1739722165.3771307,9,5,-52
1739722165.4221306,45,-30,0
1739722165.4681306,27,-14,-72
1739722165.5141306,-18,-49,-106
1739722165.5601306,6,19,-78
1739722165.605131,15,-6,73
1739722165.651131,-28,15,-87
1739722165.697131,54,-2,-10
1739722165.7421308,-40,-40,-53
1739722165.7881308,-23,45,39
1739722165.8341308,60,-33,-28
1739722165.8801308,-10,3,-60
1739722165.9251306,-86,34,-91
1739722165.9711306,44,0,86
1739722166.0171306,19,-36,-174
1739722166.0621307,41,-33,-58
1739722166.1081307,4,-17,-92
1739722166.1541307,27,7,-62
1739722166.2001307,34,-35,-192
1739722166.2451308,-15,72,-81
1739722166.2911308,25,27,-58
1739722166.3361306,19,14,3
1739722166.3811307,32,-4,-68
1739722166.4271307,-12,8,-19
1739722166.4731307,8,-49,-30
1739722166.5181308,34,58,-44
1739722166.5641308,-23,-81,111
1739722166.6101308,-15,-57,-164
1739722166.6561308,6,-32,16
1739722166.7011306,45,50,-49
1739722166.7471306,8,-37,126
1739722166.7931306,-23,-24,0
1739722166.8381307,-3,-43,-82
1739722166.8841307,13,44,-214
1739722166.9301307,79,-57,-4
1739722166.9761307,-26,35,51
1739722167.0211308,-1,0,-164
1739722167.0671306,28,76,-99
1739722167.1131306,13,-64,2
1739722167.1581306,17,-5,-128
1739722167.2041306,-61,-23,-58
1739722167.250131,57,2,-46
1739722167.296131,0,-58,-38
1739722167.3411307,14,-34,-154
1739722167.3871307,67,-24,-106
1739722167.4331307,-34,12,-134
1739722167.4781306,-80,33,38
1739722167.5241306,119,-6,31
1739722167.5701306,-17,8,12
1739722167.6161306,-53,-31,-136
1739722167.661131,39,64,-115
1739722167.707131,-36,21,-64
1739722167.753131,-26,57,56
1739722167.7981308,62,-85,-83
1739722167.8441308,1,-71,-69
1739722167.8901308,-13,34,6
1739722167.9361308,53,9,37
1739722167.9811306,20,38,-114
1739722168.0271306,-16,16,-150
1739722168.0731306,43,-53,123
1739722168.1181307,-21,37,-80
1739722168.1641307,-19,62,46
1739722168.2101307,-86,-20,-24
1739722168.2561307,21,-48,-145
1739722168.3011308,-42,63,-78
1739722168.3471308,-22,-68,-100
1739722168.3931308,-1,16,-36
1739722168.4381306,-16,-7,-90
1739722168.4841306,20,-6,-57
1739722168.5301306,24,5,-55
1739722168.5761306,13,-42,0
1739722168.6211307,-15,-26,-34
1739722168.6671307,3,12,-38
1739722168.7131307,29,8,-57
1739722168.7581308,-40,91,-75
1739722168.8041308,37,-8,95
1739722168.8501308,-14,-20,75
1739722168.8961308,-10,-17,-26
1739722168.9411306,7,15,-33
1739722168.9871306,-69,-4,-120
1739722169.0331306,-37,-11,-26
1739722169.0781307,-32,27,-145
1739722169.1241307,-50,47,-25
1739722169.1701307,61,-24,22
1739722169.2161307,-91,7,-70
1739722169.2611306,14,-7,-94
1739722169.3071306,-55,59,-23
1739722169.3531306,-32,-23,-106
1739722169.398131,79,63,-89
1739722169.444131,0,23,79
1739722169.490131,-65,21,-29
1739722169.536131,57,15,-174
1739722169.5811307,9,30,-75
1739722169.6271307,-4,20,-50
1739722169.6731308,84,-10,-38
1739722169.7181306,-3,-8,-27
1739722169.7641306,-47,57,0
1739722169.8101306,-57,33,-36
1739722169.8561306,10,26,44
1739722169.901131,34,-28,-81
1739722169.947131,4,-25,-17
1739722169.9931307,-75,-29,-75
1739722170.0381308,-68,30,-36
1739722170.0841308,11,-29,-49
1739722170.1301308,3,91,-86
1739722170.1761308,-55,14,-81
1739722170.2211306,51,-65,-75
1739722170.2671306,14,-95,-65
1739722170.3131306,-3,-18,-113
1739722170.3581307,14,-37,-93
1739722170.4041307,-23,-41,-69
1739722170.4501307,60,24,-102
1739722170.4961307,43,-9,-61
1739722170.5411308,-6,75,-50
1739722170.5871308,0,29,-133
1739722170.6331308,-53,-11,-17
1739722170.6781306,15,16,-51
1739722170.7241306,79,43,-79
1739722170.7701306,-13,-87,-133
1739722170.8161306,-99,46,-24
1739722170.8611307,17,55,-10
1739722170.9071307,-9,7,-107
1739722170.9531307,13,-9,-77
1739722170.9981308,25,-63,-61
1739722171.0441308,-29,28,-38
1739722171.0901306,29,13,-109
1739722171.1361306,3,-35,-113
1739722171.1811306,-7,19,28
1739722171.227131,69,-38,-69
1739722171.273131,47,37,-145
1739722171.3181307,43,-33,-23
1739722171.3641307,36,30,-12
1739722171.4101307,-11,0,-53
1739722171.4561307,34,-35,5
1739722171.5011306,34,-57,50
1739722171.5471306,53,22,-39
1739722171.5931306,59,-36,11
1739722171.638131,17,70,44
1739722171.684131,-105,-4,33
1739722171.730131,-21,7,48
1739722171.776131,-59,1,-113
1739722171.8211308,-6,-87,-35
1739722171.8671308,-42,-31,-177
1739722171.9131308,-10,9,-115
1739722171.9581306,28,-49,-3
1739722172.0041306,-6,-60,-99
1739722172.0501306,2,-38,-35
1739722172.0961306,-3,-3,-83
1739722172.1411307,-15,61,4
1739722172.1871307,-107,-47,-13
1739722172.2331307,32,35,-59
1739722172.2781308,-49,9,-127
1739722172.3241308,2,-48,13
1739722172.3701308,-20,35,-26
1739722172.4161308,-7,-4,-13
1739722172.4611306,66,-10,-87
1739722172.5071306,-34,3,40
1739722172.5531306,83,34,-95
1739722172.5981307,-21,57,-99
1739722172.6441307,78,42,50
1739722172.6901307,-34,-38,-69
1739722172.7361307,-37,-14,8
1739722172.7811308,-73,-55,-93
1739722172.8271308,-60,-34,0
1739722172.8731308,-14,-24,-131
1739722172.9181306,-108,45,-32
1739722172.9641306,-47,17,-95
1739722173.0101306,5,47,16
1739722173.0561306,-16,50,36
1739722173.1011307,-37,37,58
1739722173.1471307,-38,-18,-1
1739722173.1931307,-55,-3,-117
1739722173.2381306,-67,-34,-1
1739722173.2841306,9,10,58
1739722173.3301306,7,24,-81
1739722173.3761306,-8,-14,-109
1739722173.421131,43,51,-49
1739722173.467131,36,29,64
1739722173.513131,12,-8,-27
1739722173.5581307,-22,2,-169
1739722173.6041307,-3,-13,-91
1739722173.6501307,0,-52,48
1739722173.6961308,-5,-46,-44
1739722173.7411306,-15,37,-129
1739722173.7871306,1,-17,-8
1739722173.8331306,-48,-5,-67
1739722173.8841307,22,25,-69
1739722173.9301307,-21,-16,-1
1739722173.9761307,-19,7,32
1739722174.0211308,-29,-49,-13
1739722174.0671306,75,27,74
1739722174.1131306,-38,53,8
1739722174.1581306,-24,-11,-179
1739722174.2041306,13,-37,-19
1739722174.250131,34,49,2
1739722174.296131,-26,-19,-85
1739722174.3411307,49,15,-4
1739722174.3871307,0,56,16
1739722174.4331307,-21,0,-3
1739722174.4781306,23,34,-117
1739722174.5241306,-10,30,-49
1739722174.5701306,35,-52,73
1739722174.6161306,12,7,16
1739722174.661131,0,25,-95
1739722174.707131,30,-69,-1
1739722174.753131,33,11,6
1739722174.7981308,-43,-40,-139
1739722174.8441308,-46,8,-103
1739722174.8901308,-69,7,-97
1739722174.9361308,0,26,16
1739722174.9811306,46,46,-89
1739722175.0271306,-36,68,84
1739722175.0731306,-24,-44,-1
1739722175.1181307,-12,25,-97
1739722175.1641307,-4,0,-131
1739722175.2101307,28,-21,-7
1739722175.2551308,37,71,-61
1739722175.3011308,-18,-16,-63
1739722175.3471308,54,32,-23
1739722175.3931308,-19,138,-6
1739722175.4381306,12,6,130
1739722175.4841306,110,-82,41
1739722175.5301306,-38,47,54
1739722175.5751307,91,-22,-165
1739722175.6211307,41,39,-33
1739722175.6671307,7,-35,-61
1739722175.7131307,-46,1,-10
1739722175.7581308,0,46,-68
1739722175.8041308,84,-32,-65
1739722175.8501308,49,22,30
1739722175.8951306,16,13,22
1739722175.9411306,-36,0,98
1739722175.9871306,13,65,-64
1739722176.0331306,26,-68,-49
1739722176.0781307,100,24,-37
1739722176.1241307,-24,-14,-27
1739722176.1701307,15,-2,60
1739722176.2151306,3,11,8
1739722176.2611306,28,-22,-133
1739722176.3071306,30,11,-79
1739722176.3531306,-1,-19,0
1739722176.398131,3,0,-71
1739722176.444131,15,-39,-95
1739722176.490131,6,16,-139
1739722176.5351307,-109,58,34
1739722176.5811307,-82,18,-137
1739722176.6271307,-3,41,9
1739722176.6731308,-39,9,28
1739722176.7181306,-96,13,-189
1739722176.7641306,-22,19,32
1739722176.8101306,44,57,-41
1739722176.855131,42,-14,17
1739722176.901131,31,21,1
1739722176.947131,-63,-14,18
1739722176.9931307,-45,-17,-54
1739722177.0381308,-40,69,48
1739722177.0841308,-11,24,-24
1739722177.1301308,-16,7,-53
1739722177.1751306,-20,52,-16
1739722177.2211306,-16,74,4
1739722177.2671306,33,-13,-69
1739722177.3131306,6,-3,-19
1739722177.3581307,4,13,-193
1739722177.4041307,-59,-42,-70
1739722177.4501307,59,-14,-41
1739722177.4951308,22,47,-165
1739722177.5411308,0,-60,54
1739722177.5871308,-42,-8,-151
1739722177.6331308,-68,-35,-84
1739722177.6781306,-28,-2,-165
1739722177.7241306,-59,56,-93
1739722177.7701306,6,-36,12
1739722177.8151307,42,3,-43
1739722177.8611307,29,37,-165
1739722177.9071307,49,18,-79
1739722177.9531307,140,10,9
1739722177.9981308,48,31,-71
1739722178.0441308,0,-6,-89
1739722178.0901306,-35,-26,-5
1739722178.1351306,-3,-80,26
1739722178.1811306,17,-34,12
1739722178.227131,-11,9,-61
1739722178.273131,39,42,-99
1739722178.3181307,26,0,-18
1739722178.3641307,96,-17,-29
1739722178.4101307,56,14,-99
1739722178.4551306,3,0,22
1739722178.5011306,73,21,-71
1739722178.5471306,17,62,-19
1739722178.5931306,2,-36,-95
1739722178.638131,-66,2,-89
1739722178.684131,37,22,-71
1739722178.730131,-86,6,6
1739722178.7751307,-14,-66,-62
1739722178.8211308,-10,-12,-55
1739722178.8671308,42,63,-57
1739722178.9131308,25,24,-9
1739722178.9581306,48,-14,-31
1739722179.0041306,18,83,-43
1739722179.0501306,-9,15,-193
1739722179.0951307,1,-30,-54
1739722179.1411307,-77,-40,-80
1739722179.1871307,11,-91,-43
1739722179.2331307,-14,-49,23
1739722179.2781308,22,46,-120
1739722179.3241308,1,-53,13
1739722179.3701308,6,20,23
1739722179.4151306,-4,17,30
1739722179.4611306,-50,5,-4
1739722179.5071306,105,-30,-73
1739722179.5531306,48,-34,43
1739722179.5981307,4,-83,-45
1739722179.6441307,40,40,-19
1739722179.6901307,24,-79,55
1739722179.7351308,24,52,-50
1739722179.7811308,-48,25,62
1739722179.8271308,-25,38,88
1739722179.8731308,19,-58,-81
1739722179.9181306,-8,-1,-54
1739722179.9641306,-70,67,88
1739722180.0101306,-12,38,-50
1739722180.0551307,-12,-38,-92
1739722180.1011307,50,46,-86
1739722180.1471307,30,-24,13
1739722180.1931307,-48,-36,2
1739722180.2381306,17,5,-32
1739722180.2841306,-30,12,-52
1739722180.3301306,84,-43,-41
1739722180.375131,-21,-56,-22
1739722180.421131,66,-21,-177
1739722180.467131,-49,-26,-156
1739722180.513131,24,-16,-1
1739722180.5581307,-18,-16,-98
1739722180.6041307,-45,52,0
1739722180.6501307,-6,71,-62
1739722180.6951306,36,15,-40
1739722180.7411306,-1,40,-134
1739722180.7871306,1,70,-98
1739722180.8331306,48,-16,-130
1739722180.878131,-12,27,-97
1739722180.924131,-23,4,-97
1739722180.9701307,-21,-21,-78
1739722181.0151308,73,29,0
1739722181.0611308,52,50,-24
1739722181.1071308,-74,23,83
1739722181.1531308,88,3,52
1739722181.1981306,-47,15,19
1739722181.2441306,20,27,-74
1739722181.2901306,21,-26,-28
1739722181.3351307,-12,33,-21
1739722181.3811307,-33,-5,-79
1739722181.4271307,-44,96,-38
1739722181.4731307,-50,-53,53
1739722181.5181308,17,38,-10
1739722181.5641308,-29,26,-74
1739722181.6101308,4,-61,-11
1739722181.6551306,-44,32,49
1739722181.7011306,-43,14,-57
1739722181.7471306,-19,31,0
1739722181.7931306,0,-22,-187
1739722181.8381307,81,-5,-45
1739722181.8841307,-7,10,-135
1739722181.9301307,-16,40,8
1739722181.9751308,-24,16,18
1739722182.0211308,-17,70,28
1739722182.0671306,6,19,-45
1739722182.1131306,-58,-19,38
1739722182.1581306,1,-68,-57
1739722182.2041306,56,13,-9
1739722182.250131,-26,-3,-139
1739722182.2951307,14,-30,-13
1739722182.3411307,1,1,-27
1739722182.3871307,1,10,-5
1739722182.4331307,141,-24,-125
1739722182.4781306,9,-43,-17
1739722182.5241306,-27,-11,-47
1739722182.5701306,-46,3,-99
1739722182.615131,37,76,0
1739722182.661131,-44,-5,70
1739722182.707131,-13,19,-2
1739722182.753131,46,-32,-11
1739722182.7981308,43,-27,-47
1739722182.8441308,-17,74,30
1739722182.8901308,11,23,-8
1739722182.9351306,-23,-6,84
1739722182.9811306,90,46,-26
1739722183.0271306,4,-97,19
1739722183.0731306,-63,8,-25
1739722183.1181307,37,-27,-53
1739722183.1641307,50,-86,-61
1739722183.2101307,24,-80,-121
1739722183.2551308,13,8,-63
1739722183.3011308,-76,26,-49
1739722183.3471308,61,26,-57
1739722183.3931308,27,-79,9
1739722183.4381306,39,-47,142
1739722183.4841306,-9,-20,-17
1739722183.5301306,-18,-3,86
1739722183.5751307,45,-42,-129
1739722183.6211307,-91,-26,-69
1739722183.6671307,19,54,-83
1739722183.7131307,-16,-41,51
1739722183.7581308,-108,-1,10
1739722183.8041308,-107,14,-48
1739722183.8501308,-5,39,-98
1739722183.901131,-137,-106,-13
1739722183.947131,-10,-10,7
1739722183.9931307,-42,-18,25
1739722184.0381308,-48,-17,94
1739722184.0841308,4,49,-117
1739722184.1301308,62,-3,-83
1739722184.1751306,-6,-19,-71
1739722184.2211306,-94,-35,-19
1739722184.2671306,6,14,12
1739722184.3131306,-4,-5,-15
1739722184.3581307,-18,18,68
1739722184.4041307,3,20,48
1739722184.4501307,-60,-2,-84
1739722184.4951308,-39,44,-120
1739722184.5411308,-20,-42,5
1739722184.5871308,-13,-29,-19
1739722184.6331308,17,107,-127
1739722184.6781306,-29,-34,6
1739722184.7241306,-95,-48,38
1739722184.7701306,-15,17,-28
1739722184.8151307,16,-29,-40
1739722184.8611307,61,-25,3
1739722184.9071307,-48,118,-37
1739722184.9531307,10,53,-72
1739722184.9981308,3,-28,-58
1739722185.0441308,65,-44,13
1739722185.0901306,14,33,-128
1739722185.1351306,5,28,2
1739722185.1811306,-19,-41,-41
1739722185.227131,-13,31,57
1739722185.2721307,67,28,87
1739722185.3181307,-117,-6,-35
1739722185.3641307,59,24,-94
1739722185.4101307,-56,-7,-80
1739722185.4551306,-47,56,26
1739722185.5011306,109,-27,-80
1739722185.5471306,39,-18,55
1739722185.592131,-58,12,-18
1739722185.638131,6,19,52
1739722185.684131,-11,-71,-73
1739722185.730131,-33,-6,-94
1739722185.7751307,48,55,30
1739722185.8211308,-31,65,-110
1739722185.8671308,17,-65,-140
1739722185.9121306,-5,-9,-1
1739722185.9581306,-50,6,-21
1739722186.0041306,7,-11,71
1739722186.0501306,22,66,-40
1739722186.0951307,74,-45,20
1739722186.1411307,81,15,-49
1739722186.1871307,115,-30,-43
1739722186.2321308,8,72,-113
1739722186.2781308,74,-19,-43
1739722186.3241308,16,22,-53
1739722186.3701308,5,2,-143
1739722186.4151306,-13,29,-17
1739722186.4611306,0,58,-43
1739722186.5071306,61,-23,-115
1739722186.5521307,-86,25,-23
1739722186.5981307,-34,55,-45
1739722186.6441307,-52,-32,-30
1739722186.6901307,-44,51,-75
1739722186.7351308,-14,8,-175
1739722186.7811308,-27,84,-58
1739722186.8271308,29,9,37
1739722186.8721306,-10,11,-77
1739722186.9181306,-12,-22,-17
1739722186.9641306,-20,-7,-46
1739722187.0101306,-2,-4,110
1739722187.0551307,48,-11,-19
1739722187.1011307,29,-5,-57
1739722187.1471307,23,-25,-103
1739722187.1921306,101,-11,-99
1739722187.2381306,32,16,9
1739722187.2841306,10,-65,49
1739722187.3301306,27,-32,-139
1739722187.375131,23,9,-83
1739722187.421131,-34,-71,-123
1739722187.467131,-15,-20,-11
1739722187.5121307,57,-64,-121
1739722187.5581307,-19,28,-72
1739722187.6041307,16,-45,-79
1739722187.6501307,-3,6,-22
1739722187.6951306,-121,75,-80
1739722187.7411306,-28,24,-64
1739722187.7871306,-53,6,106
1739722187.832131,36,-102,-17
1739722187.878131,1,-29,31
1739722187.924131,-71,76,58
1739722187.9701307,-90,1,-18
1739722188.0151308,100,-15,-19
1739722188.0611308,60,-19,-135
1739722188.1071308,98,-58,33
1739722188.1521306,4,22,-53
1739722188.1981306,9,-34,75
1739722188.2441306,-100,44,-78
1739722188.2901306,21,41,-113
1739722188.3351307,-45,-3,-120
1739722188.3811307,-20,61,-6
1739722188.4271307,-42,-35,-32
1739722188.4721308,-108,-37,-66
1739722188.5181308,-15,-34,-12
1739722188.5641308,-39,-38,-128
1739722188.6101308,37,8,-79
1739722188.6551306,-58,13,8
1739722188.7011306,-10,-35,90
1739722188.7471306,22,-12,-77
1739722188.7921307,-27,-38,-30
1739722188.8381307,-34,-48,-48
1739722188.8841307,-36,-3,20
1739722188.9301307,64,2,-129
1739722188.9751308,36,53,-169
1739722189.0211308,-3,41,-35
1739722189.0671306,-10,11,-141
1739722189.1121306,-16,-46,-64
1739722189.1581306,2,-48,58
1739722189.2041306,59,0,3
1739722189.250131,-47,-114,-76
1739722189.2951307,43,0,-61
1739722189.3411307,96,63,-93
1739722189.3871307,-20,-14,-22
1739722189.4321306,-37,8,-132
1739722189.4781306,-10,85,71
1739722189.5241306,-75,20,14
1739722189.5701306,21,18,-31
1739722189.615131,17,-48,-118
1739722189.661131,-5,1,-49
1739722189.707131,-11,22,-39
1739722189.7521307,18,23,-151
1739722189.7981308,-36,110,-57
1739722189.8441308,32,6,-23
1739722189.8901308,-26,21,60
1739722189.9351306,49,-11,-111
1739722189.9811306,50,-29,-13
1739722190.0271306,30,-5,-137
1739722190.072131,-52,-26,-64
1739722190.1181307,51,27,-41
1739722190.1641307,-12,6,-63
1739722190.2101307,0,113,-61
1739722190.2551308,5,31,41
1739722190.3011308,42,-9,-87
1739722190.3471308,50,82,-57
1739722190.3921306,58,-12,-71
1739722190.4381306,29,57,3
1739722190.4841306,-68,14,-72
1739722190.5301306,48,-56,-73
1739722190.5751307,16,7,-109
1739722190.6211307,-19,12,-71
1739722190.6671307,57,-34,-91
1739722190.7121308,1,-22,-115
1739722190.7581308,35,24,-93
1739722190.8041308,15,-10,-139
1739722190.8501308,-2,67,-146
1739722190.8951306,-18,35,12
1739722190.9411306,44,-21,-11
1739722190.9871306,-1,40,100
1739722191.0321307,-33,69,-130
1739722191.0781307,24,-15,-55
1739722191.1241307,6,29,-129
1739722191.1701307,20,50,46
1739722191.2151306,-37,11,-6
1739722191.2611306,-11,39,-141
1739722191.3071306,10,42,-42
1739722191.352131,16,-27,2
1739722191.398131,-6,29,-33
1739722191.444131,37,-59,20
1739722191.490131,41,-79,-96
1739722191.5351307,-15,13,89
1739722191.5811307,6,29,-21
1739722191.6271307,28,-96,0
1739722191.6721306,-52,15,-43
1739722191.7181306,-40,1,-53
1739722191.7641306,-38,-37,57
1739722191.8101306,-12,-3,-51
1739722191.855131,-65,27,-7
1739722191.901131,-58,-49,-39
1739722191.9461308,-35,3,27
1739722191.9911306,34,-43,14
1739722192.0371306,-78,19,-93
1739722192.0831306,11,-48,72
1739722192.128131,70,11,-206
1739722192.174131,48,0,10
1739722192.2201307,-19,27,-29
1739722192.2661307,-43,32,-53
1739722192.3111308,41,-75,-64
1739722192.3571308,-7,-17,-108
1739722192.4031308,-92,-3,5
1739722192.4481306,-11,18,-79
1739722192.4941306,-27,-9,57
1739722192.5401306,36,-115,-14
1739722192.5861306,-66,86,-121
1739722192.6311307,79,0,-46
1739722192.6771307,-54,61,-41
1739722192.7231307,-30,58,-125
1739722192.7681308,-16,87,-93
1739722192.8141308,40,8,-46
1739722192.8601308,-17,-31,-66
1739722192.9061308,11,-44,88
1739722192.9511306,42,1,-4
1739722192.9971306,16,38,-69
1739722193.0431306,-72,73,-209
1739722193.0881307,29,7,-26
1739722193.1341307,20,62,-113
1739722193.1801307,-3,26,-33
1739722193.2261307,-71,-26,-45
1739722193.2711308,-2,0,-76
1739722193.3171306,-38,12,-39
1739722193.3631306,14,-45,-2
1739722193.4081306,-15,21,-90
1739722193.4541306,20,39,-150
1739722193.500131,-1,-42,-110
1739722193.546131,89,-1,8
1739722193.5911307,112,-43,-18
1739722193.6371307,-120,-63,-68
1739722193.6831307,-9,-61,-58
1739722193.7281306,-6,35,-55
1739722193.7741306,-11,33,-25
1739722193.8201306,12,-19,-24
1739722193.8661306,-20,0,-106
1739722193.9171307,6,90,35
1739722193.9631307,22,17,-5
1739722194.0081308,-31,68,29
1739722194.0541308,-38,15,0
1739722194.1001308,66,-68,-6
1739722194.1461308,-23,74,-41
1739722194.1911306,16,24,7
1739722194.2371306,24,-8,-80
1739722194.2831306,26,-22,60
1739722194.3281307,-44,0,-70
1739722194.3741307,33,26,-17
1739722194.4201307,-72,-5,-74
1739722194.4661307,-35,17,0
1739722194.5111306,-14,17,-51
1739722194.5571306,16,-67,-42
1739722194.6031306,-53,-34,-198
1739722194.648131,-9,-14,-98
1739722194.694131,27,-81,-14
1739722194.740131,2,-20,41
1739722194.786131,33,54,-162
1739722194.8311307,2,-60,0
1739722194.8771307,3,-103,-78
1739722194.9231308,58,-10,-26
1739722194.9681306,50,11,76
1739722195.0141306,-48,46,-63
1739722195.0601306,77,-12,-110
1739722195.105131,44,76,18
1739722195.151131,49,22,-78
1739722195.197131,16,45,-3
1739722195.2431307,16,-14,40
1739722195.2881308,21,-10,-98
1739722195.3341308,21,22,-60
1739722195.3801308,-5,58,29
1739722195.4251306,-54,57,-27
1739722195.4711306,-39,23,19
1739722195.5171306,68,11,12
1739722195.5631306,58,-93,56
1739722195.6081307,-72,-32,-20
1739722195.6541307,18,23,61
1739722195.7011306,25,12,-64
1739722195.7471306,-65,25,-31
1739722195.7921307,21,26,-37
1739722195.8381307,-32,12,-115
1739722195.8841307,-54,-4,0
1739722195.9291308,3,-77,-82
1739722195.9751308,-58,41,-85
1739722196.0211308,62,-23,-26
1739722196.0671306,-26,80,-47
1739722196.1121306,-63,-27,-79
1739722196.1581306,-1,14,27
1739722196.2041306,-34,9,7
1739722196.2491307,-2,-24,-214
1739722196.2951307,68,-105,-84
1739722196.3411307,14,-48,-144
1739722196.3871307,-9,-51,34
1739722196.4321306,28,6,22
1739722196.4781306,-1,9,75
1739722196.5241306,36,46,-39
1739722196.569131,22,0,102
1739722196.615131,12,3,6
1739722196.661131,-8,-81,76
1739722196.707131,-85,20,-51
1739722196.7521307,11,61,-37
1739722196.7981308,27,35,-59
1739722196.8441308,43,59,-17
1739722196.8891306,-32,-24,-132
1739722196.9351306,46,29,-71
1739722196.9811306,-16,32,-83
1739722197.0271306,26,-44,6
1739722197.072131,-3,-48,-34
1739722197.1181307,-32,-30,-64
1739722197.1641307,31,-68,-64
1739722197.2091308,56,-28,6
1739722197.2551308,-15,19,3
1739722197.3011308,35,7,20
1739722197.3471308,41,96,-17
1739722197.3921306,-9,7,87
1739722197.4381306,3,5,-70
1739722197.4841306,21,70,-45
1739722197.5291307,67,87,-51
1739722197.5751307,-143,15,-57
1739722197.6211307,38,-5,-100
1739722197.6671307,5,40,-155
1739722197.7121308,4,30,-107
1739722197.7581308,-24,30,3
1739722197.8041308,83,4,40
1739722197.8491306,-85,-9,-57
1739722197.8951306,33,18,-63
1739722197.9411306,-34,32,-7
1739722197.9871306,-58,-53,-56
1739722198.0321307,20,12,-78
1739722198.0781307,-24,-41,-10
1739722198.1241307,-75,-10,-43
1739722198.1691308,34,-4,64
1739722198.2151306,17,15,28
1739722198.2611306,0,21,15
1739722198.3071306,19,21,-96
1739722198.352131,26,-8,-92
1739722198.398131,33,20,123
1739722198.444131,-16,1,85
1739722198.4891307,39,83,-78
1739722198.5351307,16,19,-108
1739722198.5811307,-72,-4,-80
1739722198.6271307,-72,14,-64
1739722198.6721306,-6,-22,73
1739722198.7181306,-39,-26,-95
1739722198.7641306,-16,32,-1
1739722198.809131,17,-21,-198
1739722198.855131,-69,-50,3
1739722198.901131,28,5,-64
1739722198.947131,23,66,-61
1739722198.9921308,-21,61,-55
1739722199.0381308,31,-32,42
1739722199.0841308,-6,-28,-63
1739722199.1291306,6,48,-95
1739722199.1751306,-42,-16,-21
1739722199.2211306,17,6,-61
1739722199.2671306,-3,24,0
1739722199.3121307,2,99,-55
1739722199.3581307,28,18,-135
1739722199.4041307,-23,-69,-15
1739722199.4491308,-53,38,-22
1739722199.4951308,-58,-3,-32
1739722199.5411308,35,-73,46
1739722199.5871308,16,61,-117
1739722199.6321306,-46,-11,-149
1739722199.6781306,68,-22,-5
1739722199.7241306,-41,17,-83
1739722199.7691307,31,-5,-31
1739722199.8151307,14,12,-157
1739722199.8611307,22,-20,-109
1739722199.9071307,40,33,54
1739722199.9521308,-59,4,-153
1739722199.9981308,-83,33,30
1739722200.0441308,-20,21,22
1739722200.0891306,14,-28,3
1739722200.1351306,69,-25,-67
1739722200.1811306,-6,-20,7
1739722200.227131,4,30,-36
1739722200.2721307,-31,-9,-81
1739722200.3181307,-5,-11,-21
1739722200.3641307,106,104,-63
1739722200.4091306,-8,15,54
1739722200.4551306,-5,39,-4
1739722200.5011306,57,0,-35
1739722200.5471306,-20,35,-55
1739722200.592131,79,-36,-5
1739722200.638131,4,15,1
1739722200.684131,66,14,27
1739722200.7291307,-77,0,-8
1739722200.7751307,35,-27,-121
1739722200.8211308,-56,26,-64
1739722200.8671308,58,-16,-11
1739722200.9121306,80,5,-71
1739722200.9581306,-27,57,-165
1739722201.0041306,-51,9,-74
1739722201.049131,-59,-28,-28
1739722201.0951307,-69,-18,-88
1739722201.1411307,-2,6,-115
1739722201.1871307,-27,11,6
1739722201.2321308,29,22,-55
1739722201.2781308,29,11,-131
1739722201.3241308,-47,15,-62
1739722201.3691306,32,-40,-51
1739722201.4151306,40,43,-159
1739722201.4611306,-63,19,-60
1739722201.5071306,-31,47,-46
1739722201.5521307,18,-5,-25
1739722201.5981307,-23,-29,-82
1739722201.6441307,23,43,9
1739722201.6891308,-1,-6,-29
1739722201.7351308,13,-66,8
1739722201.7811308,41,7,-137
1739722201.8271308,-19,16,-99
1739722201.8721306,-31,-45,84
1739722201.9181306,-118,-61,-166
1739722201.9641306,-9,-2,0
1739722202.0091307,-57,43,-114
1739722202.0551307,41,-4,-53
1739722202.1011307,-72,-24,-12
1739722202.1471307,35,9,-162
1739722202.1921306,15,5,-66
1739722202.2381306,2,60,100
1739722202.2841306,26,-17,54
1739722202.3291306,59,-47,62
1739722202.375131,-31,-26,-127
1739722202.421131,0,18,-26
1739722202.467131,41,15,-88
1739722202.5121307,41,2,-96
1739722202.5581307,-15,-50,-81
1739722202.6041307,22,29,-54
1739722202.6491306,31,10,-26
1739722202.6951306,33,2,-58
1739722202.7411306,15,13,-88
1739722202.7871306,-54,-25,55
1739722202.832131,66,20,-6
1739722202.878131,49,78,-70
1739722202.924131,-54,-44,-55
1739722202.9691308,45,-6,-14
1739722203.0151308,59,25,-6
1739722203.0611308,-25,24,117
1739722203.1071308,10,-61,-64
1739722203.1521306,-21,23,-47
1739722203.1981306,-5,22,-67
1739722203.2441306,-39,7,-113
1739722203.2891307,24,61,-26
1739722203.3351307,10,32,-48
1739722203.3811307,-75,86,-45
1739722203.4271307,2,-48,-99
1739722203.4721308,20,-9,-138
1739722203.5181308,-79,-17,0
1739722203.5641308,-15,-50,-25
1739722203.6091306,12,-2,-68
1739722203.6551306,55,-18,-26
1739722203.7011306,67,-28,-124
1739722203.7471306,-75,-25,-17
1739722203.7921307,35,30,-116
1739722203.8381307,-14,55,55
1739722203.8891306,22,28,-34
1739722203.9351306,-80,42,-153
1739722203.9811306,-6,-85,22
1739722204.0271306,15,-29,28
1739722204.072131,-21,61,-121
1739722204.1181307,58,-26,52
1739722204.1641307,-3,-1,85
1739722204.2091308,54,-52,-142
1739722204.2551308,7,-28,-16
1739722204.3011308,-22,11,-82
1739722204.3471308,37,51,37
1739722204.3921306,-8,67,-49
1739722204.4381306,56,-21,-54
1739722204.4841306,-46,14,-37
1739722204.5291307,29,-52,-28
1739722204.5751307,48,64,-52
1739722204.6211307,-18,45,-169
1739722204.6671307,7,24,-85
1739722204.7121308,-7,42,-4
1739722204.7581308,-64,-30,48
1739722204.8041308,-14,14,-57
1739722204.8491306,77,-60,-57
1739722204.8951306,-29,-31,5
1739722204.9411306,-21,-99,-161
1739722204.9871306,19,35,-169
1739722205.0321307,-15,19,-141
1739722205.0781307,-44,-2,-105
1739722205.1241307,29,7,-17
1739722205.1691308,-31,-78,-39
1739722205.2151306,-8,-58,-79
1739722205.2611306,-33,14,56
1739722205.3061306,17,9,10
1739722205.352131,-49,-28,-67
1739722205.398131,-14,34,-23
1739722205.444131,-21,2,-237
1739722205.4891307,55,0,-107
1739722205.5351307,4,-7,-159
1739722205.5811307,-54,-49,-53
1739722205.6261306,46,51,21
1739722205.6721306,3,-57,-12
1739722205.7181306,43,4,14
1739722205.7641306,-51,37,-165
1739722205.809131,38,-3,-9
1739722205.855131,-2,74,-121
1739722205.901131,-51,6,-9
1739722205.9461308,-30,-33,-11
1739722205.9921308,18,25,-65
1739722206.0381308,-63,12,8
1739722206.0841308,-24,-87,-63
1739722206.1291306,38,-6,-33
1739722206.1751306,-11,-45,-121
1739722206.2211306,30,-31,-37
1739722206.2661307,21,-16,-35
1739722206.3121307,5,-4,54
1739722206.3581307,27,-8,-25
1739722206.4041307,36,-7,-121
1739722206.4491308,-54,0,30
1739722206.4951308,33,48,13
1739722206.5411308,42,5,1
1739722206.5861306,115,-28,-63
1739722206.6321306,40,10,-9
1739722206.6781306,-9,-4,-43
1739722206.7241306,44,-36,-87
1739722206.7691307,-47,42,-65
1739722206.8151307,-100,59,-12
1739722206.8611307,99,-45,-5
1739722206.9061308,-15,-71,0
1739722206.9521308,-23,-8,26
1739722206.9981308,-91,2,4
1739722207.0441308,-39,73,-33
1739722207.0891306,-60,-57,74
1739722207.1351306,65,-13,-73
1739722207.1811306,-22,-18,-10
1739722207.2261307,-85,-23,-50
1739722207.2721307,64,-4,-31
1739722207.3181307,-20,33,-75
1739722207.3641307,-22,54,-21
1739722207.4081306,20,-63,-50
1739722207.4541306,0,38,-47
1739722207.500131,84,3,-39
1739722207.5451307,28,67,5
1739722207.5911307,129,20,-36
1739722207.6371307,25,18,-27
1739722207.6821306,-32,17,-91
1739722207.7281306,-69,-7,-87
1739722207.7741306,-44,-48,-22
1739722207.8201306,-29,52,-33
1739722207.865131,-51,-42,-71
1739722207.911131,-3,33,-147
1739722207.957131,14,2,-71
1739722208.0021307,-29,0,-45
1739722208.0481308,-24,69,7
1739722208.0941308,-53,17,-13
1739722208.1401308,3,12,-45
1739722208.1851306,-38,-14,50
1739722208.2311306,-11,-3,-65
1739722208.2771306,21,-28,-81
1739722208.322131,-54,-27,-129
1739722208.3681307,-67,-48,51
1739722208.4141307,-50,-59,-23
1739722208.4601307,-4,-17,-108
1739722208.5051308,28,6,-32
1739722208.5511308,2,27,14
1739722208.5971308,29,3,-86
1739722208.6421306,-8,51,-14
1739722208.6881306,-31,-51,-29
1739722208.7341306,19,-28,-38
1739722208.7801306,78,-12,-194
1739722208.8251307,-11,-53,11
1739722208.8711307,-59,9,-35
1739722208.9171307,77,-22,-60
1739722208.9621308,-31,-14,-77
1739722209.0081308,-77,15,-11
1739722209.0541308,29,49,-76
1739722209.1001308,-54,1,-11
1739722209.1451306,70,15,-102
1739722209.1911306,24,-7,28
1739722209.2371306,6,93,25
1739722209.2821307,39,94,-108
1739722209.3281307,-45,74,-13
1739722209.3741307,34,72,-118
1739722209.4201307,-4,-22,25
1739722209.4651306,67,-21,-114
1739722209.5111306,24,21,-14
1739722209.5571306,-42,-40,-97
1739722209.602131,-3,-12,-56
1739722209.648131,26,-51,-110
1739722209.694131,-3,61,20
1739722209.740131,-2,124,-76
1739722209.7851307,11,-27,-24
1739722209.8311307,-33,5,-13
1739722209.8771307,-68,-90,41
1739722209.9221306,11,6,58
1739722209.9681306,0,-1,-30
1739722210.0141306,0,0,-136
1739722210.0601306,46,-53,-138
1739722210.105131,-80,31,15
1739722210.151131,-33,-34,-47
1739722210.197131,-51,-28,-77
1739722210.2421308,7,-78,-41
1739722210.2881308,15,-81,-87
1739722210.3341308,32,-26,-64
1739722210.3801308,-39,73,-144
1739722210.4251306,62,53,-226
1739722210.4711306,-105,-47,-131
1739722210.5171306,-23,26,-46
1739722210.5621307,-60,48,-36
1739722210.6081307,-16,66,-68
1739722210.6541307,1,1,-22
1739722210.7001307,-13,23,-56
1739722210.7451308,-53,-9,-33
1739722210.7911308,20,33,-60
1739722210.8371308,-61,32,-9
1739722210.8821306,33,-74,29
1739722210.9281306,52,8,-84
1739722210.9741306,-51,-56,-53
1739722211.0201306,31,-55,-17
1739722211.0651307,-1,1,-76
1739722211.1111307,-36,51,18
1739722211.1571307,-5,36,-48
1739722211.2021308,117,-50,-56
1739722211.2481308,40,71,-70
1739722211.2941308,10,-23,-122
1739722211.3401306,-34,63,-46
1739722211.3851306,30,0,-92
1739722211.4311306,23,50,-30
1739722211.477131,-22,-44,-41
1739722211.5221307,-35,-50,11
1739722211.5681307,41,1,-34
1739722211.6141307,-53,34,-8
1739722211.6601307,-98,32,-90
1739722211.7051306,11,37,-26
1739722211.7511306,-54,14,-53
1739722211.7971306,-22,2,-78
1739722211.842131,-41,41,-76
1739722211.888131,-57,-3,-25
1739722211.934131,9,7,-52
1739722211.980131,-30,3,75
1739722212.0251307,-21,10,-4
1739722212.0711308,-14,87,26
1739722212.1171308,-6,-1,-45
1739722212.1621306,-16,-25,-37
1739722212.2081306,-105,37,-85
1739722212.2541306,-92,52,7
1739722212.3001306,-40,4,-94
1739722212.3451307,4,54,-72
1739722212.3911307,-1,0,-64
1739722212.4371307,-8,-14,-109
1739722212.4821308,-8,12,-34
1739722212.5281308,0,-19,-3
1739722212.5741308,-5,10,-16
1739722212.6201308,-45,35,-78
1739722212.6651306,-39,-24,-85
1739722212.7111306,-24,16,-62
1739722212.7571306,35,-4,-110
1739722212.8021307,-38,31,35
1739722212.8481307,-14,1,33
1739722212.8941307,90,23,90
1739722212.9401307,-39,14,-35
1739722212.9851308,5,38,6
1739722213.0311308,-32,9,141
1739722213.0771308,31,2,-100
1739722213.1221306,-26,23,-95
1739722213.1681306,15,5,-144
1739722213.2141306,0,-24,1
1739722213.2601306,-10,-18,19
1739722213.3051307,77,-18,-122
1739722213.3511307,-37,20,41
1739722213.3971307,-103,-60,-55
1739722213.4421306,6,48,-154
1739722213.4881306,32,-32,18
1739722213.5341306,-14,8,35
1739722213.5791306,30,0,-112
1739722213.625131,1,1,-64
1739722213.671131,-53,-28,-81
1739722213.717131,64,-1,-68
1739722213.7621307,-8,-33,-36
1739722213.8081307,-4,-8,-120
1739722213.8541307,44,2,109
1739722213.9051306,-42,-8,-69
1739722213.9511306,10,23,30
1739722213.9971306,-53,54,-61
1739722214.0421307,20,27,22
1739722214.0881307,-23,-1,45
1739722214.1341307,64,-10,-12
1739722214.1801307,33,20,-106
1739722214.2251308,-30,-47,-34
1739722214.2711308,4,19,-52
1739722214.3171306,33,25,-127
1739722214.3621306,-15,51,94
1739722214.4081306,-16,-51,-89
1739722214.4541306,-28,10,-75
1739722214.500131,8,-74,-44
1739722214.5451307,-57,-9,-139
1739722214.5911307,97,-25,-117
1739722214.6371307,23,18,130
1739722214.6821306,-44,12,64
1739722214.7281306,1,38,-105
1739722214.7741306,-43,-19,-52
1739722214.8201306,15,6,-73
1739722214.865131,-4,40,-211
1739722214.911131,74,59,3
1739722214.957131,-76,-23,-179
1739722215.0021307,101,6,72
1739722215.0481308,-53,-16,-51
1739722215.0941308,-67,-1,-11
1739722215.1391306,-37,-19,-47
1739722215.1851306,83,-17,-107
1739722215.2311306,38,39,17
1739722215.2771306,-54,13,-69
1739722215.322131,1,50,11
1739722215.3681307,33,-42,-189
1739722215.4141307,-31,46,-17
1739722215.4591308,-57,48,-49
1739722215.5051308,2,42,-55
1739722215.5511308,-25,12,-22
1739722215.5971308,10,26,-72
1739722215.6421306,-53,23,-36
1739722215.6881306,-36,29,-42
1739722215.7341306,-43,54,-58
1739722215.7791307,-74,35,-90
1739722215.8251307,54,105,-169
1739722215.8711307,-37,-34,16
1739722215.9171307,-28,-28,-110
1739722215.9621308,64,20,-44
1739722216.0081308,31,-6,-46
1739722216.0541308,14,53,-249
1739722216.0991306,-6,57,-23
1739722216.1451306,16,-9,-106
1739722216.1911306,-22,-11,14
1739722216.2371306,35,10,1
1739722216.2821307,90,-14,6
1739722216.3281307,-31,47,-193
1739722216.3741307,-3,41,-3
1739722216.4191308,-8,-25,0
1739722216.4651306,-18,73,10
1739722216.5111306,5,-4,-99
1739722216.5571306,7,-78,-93
1739722216.602131,42,3,-5
1739722216.648131,-7,34,-40
1739722216.694131,2,26,1
1739722216.7391307,47,-17,0
1739722216.7851307,82,-75,-47
1739722216.8311307,-24,-31,-65
1739722216.8771307,-48,-2,-44
1739722216.9221306,16,-56,-2
1739722216.9681306,-5,22,-119
1739722217.0141306,-5,-39,38
1739722217.059131,34,123,-95
1739722217.105131,-42,30,-153
1739722217.151131,7,29,20
1739722217.197131,-115,25,-116
1739722217.2421308,-10,-10,52
1739722217.2881308,20,64,-36
1739722217.3341308,0,45,-69
1739722217.3791306,-11,-35,-97
1739722217.4251306,6,12,60
1739722217.4711306,99,-2,3
1739722217.5171306,23,68,-10
1739722217.5621307,56,-92,-9
1739722217.6081307,52,-19,17
1739722217.6541307,17,17,36
1739722217.6991308,78,-6,-133
1739722217.7451308,51,6,35
1739722217.7911308,-26,10,-14
1739722217.8371308,-63,83,-60
1739722217.8821306,41,49,13
1739722217.9281306,21,-55,-79
1739722217.9741306,28,5,-139
1739722218.0191307,28,-52,-105
1739722218.0651307,2,5,56
1739722218.1111307,-16,-10,-159
1739722218.1571307,-29,47,10
1739722218.2021308,-9,2,70
1739722218.2481308,94,9,-131
1739722218.2941308,-16,34,-49
1739722218.3391306,90,42,-47
1739722218.3851306,-32,35,-2
1739722218.4311306,-30,-16,-26
1739722218.477131,-9,-60,-61
1739722218.5221307,28,-45,-75
1739722218.5681307,3,-44,-15
1739722218.6141307,-41,1,28
1739722218.6591306,-24,-64,28
1739722218.7051306,-5,-26,-107
1739722218.7511306,-40,50,-48
1739722218.7971306,-9,-67,-67
1739722218.842131,58,-122,11
1739722218.888131,-62,-18,-81
1739722218.934131,40,-28,-43
1739722218.9791307,-38,-7,-34
1739722219.0251307,14,66,75
1739722219.0711308,24,15,-47
1739722219.1171308,-52,65,-67
1739722219.1621306,2,-34,54
1739722219.2081306,-6,-24,32
1739722219.2541306,47,77,12
1739722219.299131,5,10,64
1739722219.3451307,1,70,44
1739722219.3911307,-57,-21,-41
1739722219.4371307,26,56,-37
1739722219.4821308,50,9,0
1739722219.5281308,-5,-34,66
1739722219.5741308,-29,19,-20
1739722219.6191306,1,-32,-129
1739722219.6651306,-26,-55,22
1739722219.7111306,-71,39,-74
1739722219.7571306,-17,-12,-53
1739722219.8021307,9,-46,22
1739722219.8481307,-21,31,4
1739722219.8941307,32,12,-121
1739722219.9391308,-30,-50,54
1739722219.9851308,-60,-6,24
1739722220.0311308,-67,46,32
1739722220.0771308,93,-45,81
1739722220.1221306,-2,-6,-91
1739722220.1681306,-10,78,76
1739722220.2141306,-81,34,-54
1739722220.2591307,-25,-7,20
1739722220.3051307,-24,2,-99
1739722220.3511307,-41,-12,-157
1739722220.3971307,8,16,-21
1739722220.4421306,-27,0,-71
1739722220.4881306,38,10,15
1739722220.5341306,-60,61,-67
1739722220.5791306,-97,-42,-46
1739722220.625131,-37,13,-165
1739722220.671131,-8,34,23
1739722220.717131,-15,50,-69
1739722220.7621307,44,44,0
1739722220.8081307,34,60,-123
1739722220.8541307,-4,39,-39
1739722220.8991306,31,29,-37
1739722220.9451306,14,-24,-11
1739722220.9911306,1,39,-32
1739722221.0371306,-16,-52,3
1739722221.082131,49,-27,-62
1739722221.128131,-8,19,0
1739722221.174131,39,-43,-52
1739722221.2191308,3,-33,-72
1739722221.2651308,57,32,-4
1739722221.3111308,-27,25,-55
1739722221.3571308,87,14,-38
1739722221.4021306,17,101,-78
1739722221.4481306,30,-65,-34
1739722221.4941306,-16,34,65
1739722221.5391307,19,81,-32
1739722221.5851307,95,45,-8
1739722221.6311307,3,31,-64
1739722221.6771307,-44,-27,-41
1739722221.7221308,-14,19,35
1739722221.7681308,-42,51,-118
1739722221.8141308,-11,18,-32
1739722221.8591306,-2,-29,-96
1739722221.9051306,45,46,-20
1739722221.9511306,20,-30,-106
1739722221.9971306,-31,79,-69
1739722222.0421307,-18,2,-5
1739722222.0881307,15,-45,62
1739722222.1341307,21,-41,-174
1739722222.1791308,-25,-3,-160
1739722222.2251308,-27,56,-9
1739722222.2711308,115,-32,-68
1739722222.3171306,-34,38,-150
1739722222.3621306,48,70,-38
1739722222.4081306,7,33,-84
1739722222.4541306,-27,23,53
1739722222.4991307,8,0,0
1739722222.5451307,23,-46,-34
1739722222.5911307,94,-27,49
1739722222.6371307,15,-29,-28
1739722222.6821306,40,29,91
1739722222.7281306,6,75,79
1739722222.7741306,-111,21,-57
1739722222.819131,43,30,-104
1739722222.865131,-20,5,-210
1739722222.911131,-55,-6,-134
1739722222.957131,-61,-6,-65
1739722223.0021307,13,-51,-50
1739722223.0481308,-35,15,-55
1739722223.0941308,27,-18,20
1739722223.1391306,25,-46,-130
1739722223.1851306,-14,36,73
1739722223.2311306,-25,60,-107
1739722223.2771306,-62,-2,-189
1739722223.322131,-12,-47,-80
1739722223.3681307,-63,20,-12
1739722223.4141307,27,-24,-33
1739722223.4591308,-7,12,1
1739722223.5051308,-44,30,-83
1739722223.5511308,40,-4,30
1739722223.5971308,-63,-18,-53
1739722223.6421306,-5,-64,-109
1739722223.6881306,-25,29,-48
1739722223.7341306,65,-20,63
1739722223.7791307,-39,29,-6
1739722223.8251307,3,11,18
1739722223.8711307,-14,48,-93
1739722223.9221306,103,61,42
1739722223.9681306,60,-2,18
1739722224.0141306,-30,20,-51
1739722224.059131,36,36,-231
1739722224.105131,-81,-40,-57
1739722224.151131,39,56,10
1739722224.197131,-31,-77,93
1739722224.2421308,-34,25,80
1739722224.2881308,-23,-16,-21
1739722224.3341308,14,-7,-79
1739722224.3791306,35,13,-75
1739722224.4251306,1,-16,40
1739722224.4711306,-54,-90,106
1739722224.5171306,32,37,-51
1739722224.5621307,13,-30,53
1739722224.6081307,89,5,-41
1739722224.6541307,93,6,-19
1739722224.6991308,4,-78,-155
1739722224.7451308,35,32,-43
1739722224.7911308,-71,15,-46
1739722224.8371308,-47,117,-6
1739722224.8821306,15,-18,-39
1739722224.9281306,-128,40,-2
1739722224.9741306,-22,0,40
1739722225.0191307,-13,14,-137
1739722225.0651307,22,-22,15
1739722225.1111307,-20,-28,8
1739722225.1561308,-4,-12,124
1739722225.2021308,-66,37,12
1739722225.2481308,-44,-5,2
1739722225.2941308,-35,-2,-134
1739722225.3391306,50,19,-47
1739722225.3851306,44,34,-31
1739722225.4311306,-40,9,-44
1739722225.4761307,12,-1,11
1739722225.5221307,-52,37,-42
1739722225.5681307,-7,-64,-37
1739722225.6141307,24,-26,-177
1739722225.6591306,-28,33,-86
1739722225.7051306,-2,8,-44
1739722225.7511306,65,-91,-173
1739722225.796131,-9,-20,-37
1739722225.842131,32,-22,-151
1739722225.888131,16,-26,-1
1739722225.934131,59,48,25
1739722225.9791307,-33,-29,42
1739722226.0251307,32,57,2
1739722226.0711308,24,88,-126
1739722226.1161306,55,-15,15
1739722226.1621306,-36,-57,-95
1739722226.2081306,66,71,-125
1739722226.2541306,1,-1,14
1739722226.299131,-30,58,-64
1739722226.3451307,-23,-31,-60
1739722226.3911307,20,-7,-124
1739722226.4361308,-28,51,-43
1739722226.4821308,38,-3,-72
1739722226.5281308,55,-35,38
1739722226.5741308,25,21,-32
1739722226.6191306,8,102,-1
1739722226.6651306,-15,-31,-38
1739722226.7111306,-60,29,-179
1739722226.7561307,0,23,41
1739722226.8021307,9,-3,-48
1739722226.8481307,77,19,52
1739722226.8941307,30,-56,-50
1739722226.9391308,96,-7,28
1739722226.9851308,36,-71,-120
1739722227.0311308,28,3,16
1739722227.0761306,34,37,33
1739722227.1221306,-52,15,0
1739722227.1681306,42,-5,-128
1739722227.2141306,66,-60,-110
1739722227.2591307,-44,47,27
1739722227.3051307,71,-52,-76
1739722227.3511307,17,-124,-64
1739722227.3961308,-57,6,-23
1739722227.4421306,4,-17,-152
1739722227.4881306,-67,54,-17
1739722227.5341306,-4,49,-19
1739722227.5791306,22,0,-50
1739722227.625131,-4,36,-71
1739722227.671131,2,-72,-94
1739722227.7161307,-30,-14,-65
1739722227.7621307,13,-5,-50
1739722227.8081307,2,11,21
1739722227.8541307,-41,-46,19
1739722227.8991306,-2,0,-11
1739722227.9451306,-62,-8,-83
1739722227.9911306,15,43,31
1739722228.036131,-24,-7,-78
1739722228.082131,21,28,25
1739722228.128131,42,28,-3
1739722228.174131,-19,-19,-60
1739722228.2191308,-17,2,39
1739722228.2651308,40,14,-14
1739722228.3111308,-6,4,-60
1739722228.3561306,30,-54,78
1739722228.4021306,-74,12,-47
1739722228.4481306,-7,33,-33
1739722228.4941306,-36,13,-23
1739722228.5391307,-50,-14,-71
1739722228.5851307,-14,-29,-92
1739722228.6311307,44,21,-110
1739722228.6761308,-8,-52,-2
1739722228.7221308,-12,-36,-54
1739722228.7681308,48,-18,-122
1739722228.8141308,-46,-3,13
1739722228.8591306,59,-4,22
1739722228.9051306,40,-12,-132
1739722228.9511306,14,-7,-42
1739722228.9961307,-43,4,-83
1739722229.0421307,59,-12,32
1739722229.0881307,-10,3,-210
1739722229.1341307,-24,-104,-42
1739722229.1791308,-31,41,-75
1739722229.2251308,-20,-36,-68
1739722229.2711308,26,10,-22
1739722229.3161306,-35,-8,27
1739722229.3621306,28,18,-100
1739722229.4081306,-2,-12,-80
1739722229.4541306,-41,-2,-137
1739722229.4991307,89,-9,-66
1739722229.5451307,-34,69,-74
1739722229.5911307,-48,-52,-116
1739722229.6361306,74,-44,-30
1739722229.6821306,25,19,-24
1739722229.7281306,-17,-48,-36
1739722229.7741306,4,79,-60
1739722229.819131,2,32,-68
1739722229.865131,-37,53,-37
1739722229.911131,46,37,-91
1739722229.9561307,34,-32,-7
1739722230.0021307,-78,-1,40
1739722230.0481308,31,63,-47
1739722230.0941308,-76,16,-36
1739722230.1391306,-36,17,34
1739722230.1851306,10,-3,3
1739722230.2311306,-2,-17,-119
1739722230.276131,92,-2,-141
1739722230.322131,-16,55,-37
1739722230.3681307,-21,17,-87
1739722230.4141307,16,131,-15
1739722230.4591308,117,-37,-119
1739722230.5051308,-25,-47,-62
1739722230.5511308,-48,97,-83
1739722230.5961306,57,51,5
1739722230.6421306,1,43,-67
1739722230.6881306,12,8,-107
1739722230.7341306,-23,17,-10
1739722230.7791307,56,-9,-155
1739722230.8251307,81,-45,31
1739722230.8711307,-101,3,-62
1739722230.9161308,18,-3,-41
1739722230.9621308,3,-10,-161
1739722231.0081308,-52,20,-44
1739722231.0541308,-60,15,38
1739722231.0991306,21,-7,-117
1739722231.1451306,15,-73,-7
1739722231.1911306,3,-37,10
1739722231.2361307,-10,20,-91
1739722231.2821307,26,98,-17
1739722231.3281307,38,19,-147
1739722231.3741307,-13,9,44
1739722231.4191308,7,-12,-99
1739722231.4651306,-40,-16,-24
1739722231.5111306,63,-6,-129
1739722231.5561306,-81,8,-68
1739722231.602131,-27,18,-28
1739722231.648131,-69,58,34
1739722231.694131,102,-32,-29
1739722231.7391307,48,77,-61
1739722231.7851307,-33,-71,62
1739722231.8311307,-51,-2,106
1739722231.8761306,-4,10,-4
1739722231.9221306,77,-24,73
1739722231.9681306,70,8,27
1739722232.0141306,46,30,39
1739722232.059131,1,-23,-159
1739722232.105131,-9,81,14
1739722232.151131,-2,-51,-34
1739722232.1961308,-41,22,42
1739722232.2421308,-9,3,-57
1739722232.2881308,2,-86,-93
1739722232.3341308,63,25,5
1739722232.3791306,50,23,-75
1739722232.4251306,-1,36,44
1739722232.4711306,-76,3,-78
1739722232.5161307,70,112,-115
1739722232.5621307,-125,-32,34
1739722232.6081307,48,30,-29
1739722232.6541307,75,16,-23
1739722232.6991308,65,17,-19
1739722232.7451308,-6,79,17
1739722232.7911308,-29,-12,-4
1739722232.8361306,-24,43,30
1739722232.8821306,26,12,-59
1739722232.9281306,44,11,99
1739722232.9741306,17,55,-3
1739722233.0191307,-4,-18,14
1739722233.0651307,4,40,-35
1739722233.1111307,46,56,-63
1739722233.1561308,-3,3,-73
1739722233.2021308,4,-27,-79
1739722233.2481308,-65,43,-60
1739722233.2941308,-18,-26,-60
1739722233.3391306,41,35,19
1739722233.3851306,53,46,15
1739722233.4311306,96,28,-43
1739722233.4761307,37,-5,-5
1739722233.5221307,1,-5,-87
1739722233.5681307,29,45,3
1739722233.6141307,21,-14,25
1739722233.6591306,5,-11,-167
1739722233.7051306,28,-14,-75
1739722233.7511306,25,69,-109
1739722233.796131,99,-6,-39
1739722233.842131,5,25,-7
1739722233.888131,-10,-12,-77
1739722233.9391308,6,19,37
1739722233.9851308,-50,11,40
1739722234.0311308,69,5,-139
1739722234.0761306,102,1,-135
1739722234.1221306,-45,37,82
1739722234.1681306,0,35,-113
1739722234.2141306,-46,9,-206
1739722234.2591307,-7,6,-113
1739722234.3051307,-33,-112,-1
1739722234.3511307,17,-50,-81
1739722234.3961308,22,30,-139
1739722234.4421306,-64,-66,-24
1739722234.4881306,47,31,-35
1739722234.5341306,-83,-4,-136
1739722234.5791306,35,74,43
1739722234.625131,24,11,-41
1739722234.671131,-16,-67,7
1739722234.7161307,8,-64,41
1739722234.7621307,19,-40,-149
1739722234.8081307,52,-21,5
1739722234.8541307,-18,47,-75
1739722234.8991306,31,-47,18
1739722234.9451306,23,-45,-41
1739722234.9911306,-22,-45,22
1739722235.036131,7,75,-157
1739722235.082131,15,-29,-25
1739722235.128131,72,-2,-51
1739722235.174131,3,24,-63
1739722235.2191308,40,29,-177
1739722235.2651308,-16,59,-117
1739722235.3111308,-48,78,-64
1739722235.3561306,-14,36,-58
1739722235.4021306,8,-64,-38
1739722235.4481306,-9,-46,-78
1739722235.4931307,14,-25,25
1739722235.5391307,-30,-4,-126
1739722235.5851307,-65,22,53
1739722235.6311307,-2,34,-53
1739722235.6761308,-25,-32,17
1739722235.7221308,16,-27,-64
1739722235.7681308,-42,-46,14
1739722235.8131306,-2,-20,-72
1739722235.8591306,-80,46,-61
1739722235.9051306,42,15,-90
1739722235.9511306,81,-13,-130
1739722235.9961307,89,-1,21
1739722236.0421307,2,-26,-124
1739722236.0881307,46,-32,-74
1739722236.1331308,23,-37,-266
1739722236.1791308,0,45,-71
1739722236.2251308,39,6,-50
1739722236.2711308,37,46,-35
1739722236.3161306,-6,2,53
1739722236.3621306,52,19,-148
1739722236.4081306,30,11,-45
1739722236.4531307,18,-86,40
1739722236.4991307,-23,-37,-8
1739722236.5451307,-40,52,-41
1739722236.5911307,51,17,-5
1739722236.6361306,-68,-13,-3
1739722236.6821306,-44,-3,-138
1739722236.7281306,-2,7,-94
1739722236.7751307,53,29,-57
1739722236.8201306,88,-19,4
1739722236.8661306,67,-40,-16
1739722236.9121306,-49,-3,-70
1739722236.957131,-54,20,-84
1739722237.003131,35,36,44
1739722237.049131,-15,3,-39
1739722237.0951307,-32,50,59
1739722237.1401308,-61,71,-71
1739722237.1861308,33,41,12
1739722237.2321308,-2,-71,-72
1739722237.2771306,35,3,-10
1739722237.3231306,6,4,45
1739722237.3691306,23,-14,-134
1739722237.4151306,-37,20,-158
1739722237.4601307,-64,-5,-77
1739722237.5061307,9,-25,-46
1739722237.5521307,-19,-43,-41
1739722237.5971308,49,61,0
1739722237.6431308,-81,-44,33
1739722237.6891308,19,21,-13
1739722237.7351308,0,-42,-74
1739722237.7801306,-16,-23,31
1739722237.8261306,-8,-23,-80
1739722237.8721306,-73,44,19
1739722237.9171307,63,28,-110
1739722237.9631307,5,52,-97
1739722238.0091307,-17,-5,-43
1739722238.0551307,-7,-36,31
1739722238.1001308,-3,38,-2
1739722238.1461308,-34,14,76
1739722238.1921306,90,26,-43
1739722238.2371306,-4,-26,-61
1739722238.2831306,80,8,-39
1739722238.3291306,26,-4,23
1739722238.375131,-2,-40,-87
1739722238.4201307,55,9,-8
1739722238.4661307,-75,-10,-169
1739722238.5121307,26,16,-65
1739722238.5571306,-72,37,-163
1739722238.6031306,18,-47,-149
1739722238.6491306,-117,47,46
1739722238.6951306,-34,4,4
1739722238.740131,40,-71,-57
1739722238.786131,-44,0,-81
1739722238.832131,0,-37,38
1739722238.8771307,-8,28,-93
1739722238.9231308,-10,55,30
1739722238.9691308,0,4,-73
1739722239.0151308,-118,-51,-67
1739722239.0601306,3,49,-52
1739722239.1061306,-49,-19,39
1739722239.1521306,-41,-63,-25
1739722239.197131,-59,27,-38
1739722239.2431307,26,71,64
1739722239.2891307,-10,-54,-75
1739722239.3351307,-30,-16,44
1739722239.3801308,-92,92,-80
1739722239.4261308,8,20,12
1739722239.4721308,-11,89,50
1739722239.5171306,34,-8,-33
1739722239.5631306,18,-14,26
1739722239.6091306,-43,50,1
1739722239.6551306,-89,27,-19
1739722239.7001307,-25,61,-81
1739722239.7461307,-8,8,-5
1739722239.7921307,6,-20,24
1739722239.8371308,-86,-21,2
1739722239.8831308,0,22,-85
1739722239.9291308,38,50,68
1739722239.9751308,-13,29,-25
1739722240.0201306,4,26,56
1739722240.0661306,30,13,44
1739722240.1121306,-15,-21,-87
1739722240.1571307,67,0,-79
1739722240.2031307,-19,58,11
1739722240.2491307,-42,63,22
1739722240.2951307,5,31,-79
1739722240.3401306,7,15,-97
1739722240.3861306,-7,-74,10
1739722240.4321306,20,8,1
1739722240.477131,27,-22,-9
1739722240.523131,-13,56,27
1739722240.569131,21,-54,-155
1739722240.615131,4,11,-93
1739722240.6601307,-80,-23,-46
1739722240.7061307,19,-28,-53
1739722240.7521307,16,51,80
1739722240.7971306,24,-19,-19
1739722240.8431306,56,15,35
1739722240.8891306,60,29,-113
1739722240.9351306,39,-51,-87
1739722240.980131,50,-29,13
1739722241.026131,0,-17,12
1739722241.072131,-7,55,-79
1739722241.1171308,25,-35,10
1739722241.1631308,90,-10,24
1739722241.2091308,82,39,-51
1739722241.2551308,99,0,-91
1739722241.3001306,-92,13,-84
1739722241.3461306,-27,-107,83
1739722241.3921306,-11,41,-40
1739722241.4371307,-29,-10,-125
1739722241.4831307,29,-33,-113
1739722241.5291307,-83,-16,60
1739722241.5751307,-18,10,152
1739722241.6201308,58,-19,-119
1739722241.6661308,55,3,13
1739722241.7121308,-37,-22,-31
1739722241.7571306,40,54,-68
1739722241.8031306,51,-3,-35
1739722241.8491306,-126,13,14
1739722241.8951306,18,-34,-115
1739722241.9401307,-42,-12,-101
1739722241.9861307,43,26,-45
1739722242.0321307,-1,44,16
1739722242.0771308,-8,1,48
1739722242.1231308,-13,31,-153
1739722242.1691308,-17,7,-28
1739722242.2151306,-60,-11,-22
1739722242.2601306,-65,-51,-57
1739722242.3061306,-15,-27,52
1739722242.352131,-40,1,-46
1739722242.3971307,-14,-15,-27
1739722242.4431307,-4,-5,28
1739722242.4891307,-84,51,14
1739722242.5351307,-2,-29,7
1739722242.5801306,0,-61,-61
1739722242.6261306,43,38,-85
1739722242.6721306,59,10,-41
1739722242.717131,-15,59,-30
1739722242.763131,29,-71,-13
1739722242.809131,18,-42,-59
1739722242.855131,18,-13,-7
1739722242.9001307,37,-1,-21
1739722242.9461308,30,-16,-67
1739722242.9921308,71,-73,-123
1739722243.0371306,-58,70,94
1739722243.0831306,-2,61,91
1739722243.1291306,-24,-14,-50
1739722243.1751306,-71,43,-7
1739722243.2201307,-18,-16,40
1739722243.2661307,-18,-35,-2
1739722243.3121307,28,37,-57
1739722243.3571308,-74,-6,-72
1739722243.4031308,-34,-61,-68
1739722243.4491308,67,14,1
1739722243.4951308,0,10,5
1739722243.5401306,-45,-25,-56
1739722243.5861306,-70,34,-170
1739722243.6321306,44,-26,-78
1739722243.6771307,19,14,-88
1739722243.7231307,91,98,-19
1739722243.7691307,-24,-42,30
1739722243.8151307,-31,82,-53
1739722243.8601308,15,-29,-82
1739722243.9061308,-25,40,-24
1739722243.957131,38,-38,20
1739722244.003131,51,-16,-17
1739722244.049131,-50,90,-88
1739722244.0951307,76,62,-27
1739722244.1401308,51,43,-19
1739722244.1861308,69,33,45
1739722244.2321308,51,-35,-51
1739722244.2771306,-59,-12,18
1739722244.3231306,-11,-32,-85
1739722244.3691306,12,-1,-38
1739722244.4151306,15,52,-82
1739722244.4601307,79,-39,-42
1739722244.5061307,25,40,-47
1739722244.5521307,28,-21,-49
1739722244.5971308,9,-15,20
1739722244.6431308,-98,36,-75
1739722244.6891308,-25,0,-143
1739722244.7351308,-34,-19,33
1739722244.7801306,-69,23,67
1739722244.8261306,90,33,7
1739722244.8721306,11,-4,27
1739722244.9171307,-10,-10,-66
1739722244.9631307,-46,25,-51
1739722245.0091307,-67,20,-49
1739722245.0551307,-24,7,-15
1739722245.1001308,20,-41,-67
1739722245.1461308,-21,73,-74
1739722245.1921306,-35,-17,26
1739722245.2371306,52,12,-2
1739722245.2831306,12,77,-151
1739722245.3291306,-56,24,-91
1739722245.3741307,-23,36,16
1739722245.4201307,14,-16,-119
1739722245.4661307,-35,74,-24
1739722245.5121307,57,-86,7
1739722245.5571306,7,-41,-87
1739722245.6031306,-38,64,-78
1739722245.6491306,5,-38,13
1739722245.694131,-7,56,-41
1739722245.740131,-52,43,-12
1739722245.786131,-83,51,-36
1739722245.832131,-13,-61,23
1739722245.8771307,-74,-53,-45
1739722245.9231308,-88,82,-30
1739722245.9691308,45,0,13
1739722246.0141306,-34,44,-44
1739722246.0601306,-45,-26,-102
1739722246.1061306,-7,19,-90
1739722246.1521306,-38,-39,48
1739722246.197131,48,24,-114
1739722246.2431307,-48,51,23
1739722246.2891307,-20,21,-116
1739722246.3341308,43,7,-56
1739722246.3801308,-16,21,1
1739722246.4261308,56,-50,60
1739722246.4721308,-104,-45,-127
1739722246.5171306,49,-45,-26
1739722246.5631306,-29,45,-61
1739722246.6091306,-24,9,-92
1739722246.6541307,128,-27,66
1739722246.7001307,32,8,-38
1739722246.7461307,54,-54,-84
1739722246.7921307,0,-6,-28
1739722246.8371308,69,-8,-46
1739722246.8831308,-79,14,-50
1739722246.9291308,-49,2,-10
1739722246.9741306,-8,-53,19
1739722247.0201306,-47,-5,-72
1739722247.0661306,-64,42,-22
1739722247.1121306,15,36,27
1739722247.1571307,43,5,19
1739722247.2031307,-11,37,15
1739722247.2491307,7,16,-104
1739722247.2941308,23,-5,-8
1739722247.3401306,-23,11,-102
1739722247.3861306,47,64,-64
1739722247.4321306,-49,-11,-208
1739722247.477131,26,44,-16
1739722247.523131,1,-27,57
1739722247.569131,-89,-6,0
1739722247.6141307,-3,86,-63
1739722247.6601307,90,34,-98
1739722247.7061307,21,-83,80
1739722247.7521307,13,-118,-38
1739722247.7971306,-20,-50,-26
1739722247.8431306,57,-49,-68
1739722247.8891306,112,-22,-6
1739722247.934131,-43,-36,-110
1739722247.980131,34,-71,75
1739722248.026131,7,29,29
1739722248.072131,-32,24,-130
1739722248.1171308,-16,19,-98
1739722248.1631308,-15,57,9
1739722248.2091308,-72,43,45
1739722248.2541306,24,61,-138
1739722248.3001306,22,47,90
1739722248.3461306,-70,70,77
1739722248.3921306,1,49,-64
1739722248.4371307,-31,-52,-19
1739722248.4831307,9,-25,40
1739722248.5291307,41,47,-22
1739722248.5741308,38,-15,-106
1739722248.6201308,-46,52,25
1739722248.6661308,-67,52,-51
1739722248.7121308,-12,-7,-135
1739722248.7571306,46,-8,-76
1739722248.8031306,33,-22,-22
1739722248.8491306,-18,0,-87
1739722248.8941307,16,42,-88
1739722248.9401307,8,-35,-144
1739722248.9851308,0,0,-16
1739722249.0301306,8,16,-8
1739722249.0761306,5,-65,-30
1739722249.1221306,-34,77,-135
1739722249.1681306,30,0,14
1739722249.2131307,43,-31,-80
1739722249.2591307,-1,8,21
1739722249.3051307,-36,11,-43
1739722249.3501308,-76,10,-29
1739722249.3961308,38,-55,-26
1739722249.4421306,-123,-39,-29
1739722249.4881306,-30,62,-37
1739722249.5331306,2,34,-5
1739722249.5791306,-58,47,44
1739722249.625131,-65,-60,6
1739722249.6701307,0,-49,-95
1739722249.7161307,7,-51,-121
1739722249.7621307,37,-9,-73
1739722249.8081307,-32,9,110
1739722249.8531306,-32,10,12
1739722249.8991306,-79,-41,-177
1739722249.9451306,18,11,-133
1739722249.990131,-31,-18,-85
1739722250.036131,-50,24,8
1739722250.082131,-23,53,80
1739722250.128131,35,-41,-25
1739722250.1731308,60,25,51
1739722250.2191308,-56,-42,-77
1739722250.2651308,20,6,-115
1739722250.3101306,41,-41,-81
1739722250.3561306,21,9,38
1739722250.4021306,-3,91,-38
1739722250.4481306,41,-13,-23
1739722250.4931307,-31,43,98
1739722250.5391307,-69,-29,8
1739722250.5851307,-11,20,-22
1739722250.6301308,-4,-14,-75
1739722250.6761308,25,21,76
1739722250.7221308,-26,12,-68
1739722250.7681308,83,-73,-105
1739722250.8131306,14,-28,-47
1739722250.8591306,37,5,-67
1739722250.9051306,0,-42,47
1739722250.9501307,-10,-41,49
1739722250.9961307,-13,-13,0
1739722251.0421307,6,6,-153
1739722251.0881307,51,69,-84
1739722251.1331308,-5,-16,-107
1739722251.1791308,28,119,-36
1739722251.2251308,13,-15,-27
1739722251.2701306,7,16,-36
1739722251.3161306,8,-87,3
1739722251.3621306,-94,48,-82
1739722251.4081306,-29,15,-112
1739722251.4531307,31,-32,-63
1739722251.4991307,-99,54,-86
1739722251.5451307,-7,71,-148
1739722251.5901306,64,-7,-45
1739722251.6361306,59,-30,73
1739722251.6821306,48,72,-116
1739722251.7281306,-92,-43,-63
1739722251.773131,7,18,-51
1739722251.819131,-58,4,80
1739722251.865131,90,93,-44
1739722251.9101307,32,-49,-37
1739722251.9561307,61,-39,-21
1739722252.0021307,58,25,-52
1739722252.0481308,28,-8,-21
1739722252.0931306,31,53,-76
1739722252.1391306,44,0,-67
1739722252.1851306,44,-5,24
1739722252.230131,41,0,2
1739722252.276131,-18,-49,-119
1739722252.322131,65,-18,-45
1739722252.3681307,-10,-17,74
1739722252.4131308,-38,-18,-63
1739722252.4591308,-5,4,-23
1739722252.5051308,33,-25,-25
1739722252.5501306,7,23,96
1739722252.5961306,-92,3,-11
1739722252.6421306,41,71,18
1739722252.6881306,12,43,-100
1739722252.7331307,-28,-41,-91
1739722252.7791307,-29,-9,-115
1739722252.8251307,-59,-57,-57
1739722252.8701308,0,1,-9
1739722252.9161308,-43,64,-26
1739722252.9621308,54,45,-26
1739722253.0081308,31,-13,42
1739722253.0531306,-13,-11,-69
1739722253.0991306,39,-28,-31
1739722253.1451306,74,56,32
1739722253.1901307,-55,-25,15
1739722253.2361307,-48,9,-17
1739722253.2821307,43,-27,-23
1739722253.3281307,-63,32,-108
1739722253.3731308,-12,27,-116
1739722253.4191308,92,-22,-185
1739722253.4651306,-86,58,-10
1739722253.5101306,-15,11,-52
1739722253.5561306,31,-69,-103
1739722253.602131,81,-26,-81
1739722253.648131,-4,1,34
1739722253.6931307,0,50,30
1739722253.7391307,37,-52,101
1739722253.7851307,-31,24,40
1739722253.8301306,-2,34,-14
1739722253.8761306,7,41,-58
1739722253.9281306,1,14,-139
1739722253.9731307,23,-44,3
1739722254.0191307,68,-1,-110
1739722254.0651307,2,-4,-183
1739722254.1101308,-30,20,60
1739722254.1561308,-12,37,44
1739722254.2021308,-8,-4,-31
1739722254.2481308,7,22,24
1739722254.2941308,-25,8,-4
1739722254.3401306,27,-58,25
1739722254.3861306,-44,55,-54
1739722254.4321306,0,-47,-31
1739722254.477131,25,61,-64
1739722254.523131,26,-9,-103
1739722254.569131,-57,47,-68
1739722254.6141307,-8,29,-181
1739722254.6601307,-28,-80,61
1739722254.7061307,47,-2,-125
1739722254.7521307,0,4,-4
1739722254.7971306,40,60,-60
1739722254.8431306,9,-2,-127
1739722254.8891306,68,-9,-88
1739722254.934131,-6,36,-30
1739722254.980131,46,59,-142
1739722255.026131,42,-5,16
1739722255.072131,-12,49,-137
1739722255.1171308,64,-6,-181
1739722255.1631308,4,-53,-81
1739722255.2091308,43,50,6
1739722255.2541306,43,-8,0
1739722255.3001306,39,0,-34
1739722255.3461306,54,5,-118
1739722255.3911307,-82,-39,-51
1739722255.4371307,-23,-26,9
1739722255.4831307,22,-68,0
1739722255.5291307,46,14,-25
1739722255.5741308,47,-81,-48
1739722255.6201308,-7,-76,-10
1739722255.6661308,-31,-20,-51
1739722255.7111306,-24,1,-58
1739722255.7571306,7,89,35
1739722255.8031306,27,-31,47
1739722255.8491306,-65,39,-62
1739722255.8941307,65,-5,-48
1739722255.9401307,12,33,-138
1739722255.9861307,-22,28,-82
1739722256.0311308,27,-43,58
1739722256.0771308,-29,38,-97
1739722256.1231308,-19,-29,-62
1739722256.1691308,-18,13,-6
1739722256.2141306,70,31,-181
1739722256.2601306,-53,28,44
1739722256.3061306,-9,-53,-13
1739722256.3511307,-5,-23,-94
1739722256.3971307,-27,45,-136
1739722256.4431307,-7,-27,-60
1739722256.4891307,19,-18,-20
1739722256.5341306,31,-7,-166
1739722256.5801306,-28,29,-84
1739722256.6261306,39,50,-82
1739722256.671131,25,113,-60
1739722256.717131,-26,-51,-100
1739722256.763131,-28,17,0
1739722256.809131,-51,-62,-71
1739722256.8541307,-14,-44,-27
1739722256.9001307,25,44,-80
1739722256.9461308,-39,41,-85
1739722256.9911306,-16,-46,-15
1739722257.0371306,-13,-23,-108
1739722257.0831306,10,-57,59
1739722257.1291306,-8,-19,75
1739722257.174131,19,-40,-27
1739722257.2201307,24,-20,-133
1739722257.2661307,-41,2,-40
1739722257.3111308,26,39,-72
1739722257.3571308,7,56,-30
1739722257.4031308,-63,26,15
1739722257.4491308,-5,-11,67
1739722257.4941306,-1,82,-108
1739722257.5401306,54,3,0
1739722257.5861306,-64,83,63
1739722257.6311307,-20,8,-7
1739722257.6771307,-26,16,-141
1739722257.7231307,12,-9,31
1739722257.7691307,-37,-20,-45
1739722257.8141308,23,-35,-110
1739722257.8601308,-35,99,0
1739722257.9061308,-44,52,-68
1739722257.9511306,-59,-7,-25
1739722257.9971306,-38,-35,-111
1739722258.0431306,4,40,66
1739722258.0891306,63,24,-22
1739722258.1341307,21,-14,-94
1739722258.1801307,-30,36,-24
1739722258.2261307,23,-14,-152
1739722258.2711308,-10,13,-67
1739722258.3171306,-22,88,31
1739722258.3631306,85,-10,-93
1739722258.4091306,-32,-9,-32
1739722258.4541306,30,-54,90
1739722258.500131,-6,-13,-59
1739722258.546131,-5,29,52
1739722258.5911307,-2,11,-99
1739722258.6371307,-44,4,44
1739722258.6831307,44,11,-53
1739722258.7291307,28,-12,47
1739722258.7741306,-122,-36,30
1739722258.8201306,53,0,81
1739722258.8661306,42,39,-47
1739722258.911131,46,10,-53
1739722258.957131,2,-68,142
1739722259.003131,12,15,100
1739722259.049131,38,-1,-83
1739722259.0941308,-48,52,32
1739722259.1401308,-35,-27,54
1739722259.1861308,16,-56,-77
1739722259.2311306,8,-70,-11
1739722259.2771306,7,-13,-73
1739722259.3231306,1,-64,11
1739722259.3691306,-17,86,-147
1739722259.4141307,54,50,-105
1739722259.4601307,10,79,62
1739722259.5061307,49,21,-121
1739722259.5511308,-69,79,-254
1739722259.5971308,-23,66,-102
1739722259.6431308,-10,19,152
1739722259.6891308,-69,39,-156
1739722259.7341306,-33,38,8
1739722259.7801306,5,26,-20
1739722259.8261306,8,25,40
1739722259.8711307,-138,76,-226
1739722259.9171307,-16,-3,-10
1739722259.9631307,-35,56,-154
1739722260.0091307,53,0,-155
1739722260.0541308,177,31,-51
1739722260.1001308,-21,35,4
1739722260.1461308,-42,35,-12
1739722260.1911306,99,-23,-61
1739722260.2371306,37,0,43
1739722260.2831306,-74,21,-60
1739722260.3291306,71,-58,-53
1739722260.3741307,-29,50,-124
1739722260.4201307,-15,95,-130
1739722260.4661307,4,-39,1
1739722260.5111306,47,-14,31
1739722260.5571306,11,10,-121
1739722260.6031306,-63,20,-50
1739722260.6491306,36,9,-75
1739722260.694131,87,-69,-27
1739722260.740131,-63,-4,-20
1739722260.786131,46,21,57
1739722260.8311307,44,-5,-31
1739722260.8771307,60,-22,17
1739722260.9231308,41,-33,-191
1739722260.9691308,62,-22,-17
1739722261.0141306,74,18,31
1739722261.0601306,76,17,-153
1739722261.1061306,35,-33,79
1739722261.151131,-44,55,-142
1739722261.197131,-37,-6,-117
1739722261.2431307,19,-24,79
1739722261.2891307,53,-28,-53
1739722261.3341308,26,-3,-5
1739722261.3801308,-9,-27,-81
1739722261.4261308,51,-16,49
1739722261.4711306,-4,-3,-113
1739722261.5171306,9,87,-140
1739722261.5631306,27,-6,-109
1739722261.6091306,-58,45,-94
1739722261.6541307,-96,-44,-68
1739722261.7001307,-39,32,-106
1739722261.7461307,36,43,60
1739722261.7911308,30,-4,-53
1739722261.8371308,88,-24,-55
1739722261.8831308,110,-33,-31
1739722261.9291308,-29,-29,-153
1739722261.9741306,-65,22,-96
1739722262.0201306,-29,-90,-109
1739722262.0661306,43,-27,-127
1739722262.1111307,-37,11,-26
1739722262.1571307,3,40,-62
1739722262.2031307,-58,22,-74
1739722262.2491307,-36,-25,48
1739722262.2941308,57,-16,-45
1739722262.3401306,0,-32,-85
1739722262.3861306,84,-44,-19
1739722262.4311306,22,-83,-13
1739722262.477131,38,-132,-31
1739722262.523131,-13,48,-16
1739722262.569131,-94,56,16
1739722262.6141307,-25,2,-78
1739722262.6601307,-34,59,-106
1739722262.7061307,38,15,-39
1739722262.7511306,30,-42,-109
1739722262.7971306,40,16,-13
1739722262.8431306,-8,-2,-43
1739722262.8891306,68,-43,49
1739722262.934131,11,9,-151
1739722262.980131,14,89,-198
1739722263.026131,10,28,-145
1739722263.0711308,-42,-4,24
1739722263.1171308,-12,10,-40
1739722263.1631308,78,44,-98
1739722263.2091308,-20,-28,-186
1739722263.2541306,-14,-17,-18
1739722263.3001306,82,3,-44
1739722263.3461306,-43,10,-87
1739722263.3911307,12,6,-122
1739722263.4371307,54,-93,-48
1739722263.4831307,33,-59,-122
1739722263.5291307,-6,-21,-6
1739722263.5741308,42,3,-6
1739722263.6201308,-19,8,5
1739722263.6661308,11,36,159
1739722263.7111306,-13,-55,-44
1739722263.7571306,1,47,9
1739722263.8031306,-33,-24,-42
1739722263.8481307,24,-54,6
1739722263.8941307,-18,5,-226
1739722263.9461308,16,55,-31
1739722263.9911306,-72,5,-185
1739722264.0371306,-2,9,39
1739722264.0831306,58,4,-102
1739722264.1291306,10,-19,-68
1739722264.174131,-36,-31,10
1739722264.2201307,-4,-39,48
1739722264.2661307,57,-5,-42
1739722264.3111308,75,-4,-76
1739722264.3571308,-39,50,61
1739722264.4031308,-3,11,-106
1739722264.447131,65,-32,-30
1739722264.4931307,-38,22,-77
1739722264.5391307,-18,60,-49
1739722264.5851307,-31,6,-61
1739722264.6301308,57,-5,-60
1739722264.6761308,-46,14,-85
1739722264.7221308,17,34,-129
1739722264.7671306,-34,-53,-12
1739722264.8131306,9,-43,-42
1739722264.8591306,18,63,-47
1739722264.9051306,-34,27,-63
1739722264.9501307,-44,47,-77
1739722264.9961307,26,77,11
1739722265.0421307,20,-42,22
1739722265.0871308,32,69,-151
1739722265.1331308,17,21,15
1739722265.1791308,6,-32,-68
1739722265.2241306,4,-67,-86
1739722265.2701306,-22,-77,-34
1739722265.3161306,-168,-11,95
1739722265.3621306,-21,48,-45
1739722265.4071307,-67,75,-19
1739722265.4531307,-27,35,19
1739722265.4991307,19,-4,-66
1739722265.5441308,43,-16,148
1739722265.5901306,8,-18,-10
1739722265.6361306,11,36,-67
1739722265.6821306,-80,41,49
1739722265.727131,43,-48,-8
1739722265.773131,-20,-9,10
1739722265.819131,-3,-6,-2
1739722265.8641307,116,3,26
1739722265.9101307,9,32,-25
1739722265.9561307,18,17,-1
1739722266.0021307,19,42,-39
1739722266.0471306,-30,-8,-138
1739722266.0931306,7,16,85
1739722266.1391306,-3,57,-113
1739722266.184131,-6,-16,-64
1739722266.230131,11,52,-39
1739722266.276131,-143,32,-38
1739722266.322131,-165,43,-2
1739722266.3671308,4,6,0
1739722266.4131308,-14,-42,-44
1739722266.4591308,39,31,39
1739722266.5041306,39,0,-97
1739722266.5501306,10,58,-67
1739722266.5961306,-18,-9,-22
1739722266.6421306,-52,-22,-130
1739722266.6871307,-10,17,-13
1739722266.7331307,41,-2,-112
1739722266.7791307,91,5,-57
1739722266.8241308,83,44,35
1739722266.8701308,49,-35,-102
1739722266.9161308,19,-38,-74
1739722266.9621308,-44,-10,-92
1739722267.0071306,9,87,31
1739722267.0531306,11,-15,-56
1739722267.0991306,-114,-9,-15
1739722267.1441307,-47,39,-91
1739722267.1901307,-24,-41,-98
1739722267.2361307,-33,-63,-58
1739722267.2821307,60,-34,-60
1739722267.3271308,52,6,62
1739722267.3731308,16,-33,-72
1739722267.4191308,69,-33,-110
1739722267.4641306,-8,-46,-64
1739722267.5101306,-47,5,-41
1739722267.5561306,48,-6,-146
1739722267.602131,72,-8,-70
1739722267.6471307,13,-45,44
1739722267.6931307,79,-21,58
1739722267.7391307,65,-45,56
1739722267.7841306,-38,-46,-186
1739722267.8301306,63,50,-22
1739722267.8761306,29,-78,48
1739722267.9221306,3,33,-59
1739722267.967131,1,-29,-22
1739722268.013131,-33,-35,-37
1739722268.059131,-3,-24,30
1739722268.1041307,-27,-24,-39
1739722268.1501307,-20,-104,12
1739722268.1961308,65,26,154
1739722268.2421308,-20,32,27
1739722268.2871306,12,-7,-158
1739722268.3331306,-8,-28,-14
1739722268.3791306,-17,-38,-2
1739722268.424131,-59,21,-71
1739722268.4701307,56,-6,-24
1739722268.5161307,65,7,60
1739722268.5621307,97,-62,60
1739722268.6071308,70,-41,-8
1739722268.6531308,8,13,-20
1739722268.6991308,76,-58,42
1739722268.7441306,29,-26,0
1739722268.7901306,-61,7,-99
1739722268.8361306,33,-40,-24
1739722268.8821306,-54,63,-21
1739722268.9271307,-3,57,-13
1739722268.9731307,-81,-2,-27
1739722269.0191307,-28,-34,-88
1739722269.0641308,-33,16,-39
1739722269.1101308,-61,14,9
1739722269.1561308,28,-56,16
1739722269.2021308,20,-2,-4
1739722269.2471306,-35,-17,-72
1739722269.2931306,-20,23,-37
1739722269.3391306,-20,-34,-44
1739722269.3841307,104,-13,-66
1739722269.4301307,-24,-28,-36
1739722269.4761307,28,-35,-142
1739722269.5221307,-31,-18,-150
1739722269.5671306,64,-13,-30
1739722269.6131306,-8,9,-38
1739722269.6591306,2,-24,20
1739722269.7041306,21,-58,-104
1739722269.750131,-36,-6,-25
1739722269.796131,-18,45,-151
1739722269.842131,41,26,-64
1739722269.8871307,19,-23,-98
1739722269.9331307,-85,-3,0
1739722269.9791307,-43,4,77
1739722270.0241306,-9,-21,16
1739722270.0701306,-34,0,-90
1739722270.1161306,-24,30,-53
1739722270.1621306,52,21,-70
1739722270.207131,59,44,44
1739722270.253131,54,14,90
1739722270.299131,-24,-56,-28
1739722270.3441308,35,-106,-46
1739722270.3901308,-69,-25,-91
1739722270.4361308,-24,32,-59
1739722270.4821308,-23,2,25
1739722270.5271306,23,17,56
1739722270.5731306,-21,34,-57
1739722270.6191306,75,81,-89
1739722270.6641307,46,-14,-8
1739722270.7101307,83,17,-124
1739722270.7561307,33,56,-188
1739722270.8021307,-19,-7,-56
1739722270.8471308,-1,2,19
1739722270.8931308,9,5,69
1739722270.9391308,19,-52,-118
1739722270.9841306,-8,25,-102
1739722271.0301306,-6,46,-130
1739722271.0761306,-41,63,-139
1739722271.1221306,49,85,-45
1739722271.1671307,20,-9,-78
1739722271.2131307,-23,22,27
1739722271.2591307,34,3,-96
1739722271.3041308,-11,-49,-26
1739722271.3501308,126,-3,-68
1739722271.3961308,-6,29,-27
1739722271.4421306,-17,41,19
1739722271.4871306,30,-23,-54
1739722271.5331306,-25,-58,-4
1739722271.5791306,12,42,13
1739722271.6241307,12,-46,20
1739722271.6701307,-16,32,53
1739722271.7161307,43,-75,-52
1739722271.7621307,-18,43,-35
1739722271.8071306,1,-54,-28
1739722271.8531306,34,-45,8
1739722271.8991306,-66,-49,-8
1739722271.944131,-39,-55,50
1739722271.990131,11,59,-111
1739722272.036131,-18,-1,-40
1739722272.082131,-39,110,-39
1739722272.1271307,-69,-50,-96
1739722272.1731308,19,56,25
1739722272.2191308,42,-37,-22
1739722272.2641306,22,3,-134
1739722272.3101306,37,34,-3
1739722272.3561306,-18,-16,22
1739722272.4021306,-16,-21,-16
1739722272.447131,-12,2,-68
1739722272.4931307,32,42,15
1739722272.5391307,-59,102,-133
1739722272.5841308,-15,-38,12
1739722272.6301308,54,-32,-132
1739722272.6761308,37,-35,30
1739722272.7221308,-52,2,-84
1739722272.7671306,53,-36,-58
1739722272.8131306,20,10,-94
1739722272.8591306,-23,-88,-30
1739722272.9041307,108,-8,7
1739722272.9501307,-96,36,-148
1739722272.9961307,4,-4,51
1739722273.0421307,-20,25,47
1739722273.0871308,-9,17,-134
1739722273.1331308,-14,-46,-46
1739722273.1791308,-41,34,-3
1739722273.2241306,-44,64,21
1739722273.2701306,29,78,46
1739722273.3161306,69,-71,96
1739722273.3621306,-25,0,-43
1739722273.4071307,19,27,19
1739722273.4531307,-52,41,-168
1739722273.4991307,-31,-37,-88
1739722273.5441308,-7,35,-46
1739722273.5901306,-25,12,-94
1739722273.6361306,24,7,51
1739722273.6821306,-17,0,-68
1739722273.727131,-72,-22,-79
1739722273.773131,-25,-81,-52
1739722273.819131,-94,54,-29
1739722273.8641307,-25,-72,-86
1739722273.9101307,1,-74,-72
1739722273.9621308,65,67,-96
1739722274.0071306,-37,-56,-88
1739722274.0531306,-76,26,1
1739722274.0991306,8,20,-38
1739722274.1441307,71,-100,-14
1739722274.1901307,35,74,-35
1739722274.2361307,70,-3,63
1739722274.2821307,3,68,3
1739722274.3271308,4,-25,63
1739722274.3731308,-25,-39,-116
1739722274.4191308,-30,-13,-64
1739722274.4641306,-18,24,-31
1739722274.5101306,-17,-39,14
1739722274.5561306,-10,-59,18
1739722274.602131,50,55,25
1739722274.6471307,20,44,-13
1739722274.6931307,-14,-1,-116
1739722274.7391307,-2,-4,-12
1739722274.7841306,61,82,-45
1739722274.8301306,19,-39,-94
1739722274.8761306,34,-31,-64
1739722274.9221306,40,-52,-59
1739722274.967131,13,67,-70
1739722275.013131,-16,58,0
1739722275.059131,5,-1,-97
1739722275.1041307,47,65,-34
1739722275.1501307,-2,-15,-78
1739722275.1961308,-95,4,15
1739722275.2421308,17,16,-96
1739722275.2871306,9,-55,-58
1739722275.3331306,-13,-25,0
1739722275.3791306,64,-8,20
1739722275.424131,25,34,21
1739722275.4701307,25,-24,-5
1739722275.5161307,37,-60,-84
1739722275.5611308,75,-67,-121
1739722275.6071308,-76,-7,-30
1739722275.6531308,-46,-12,-93
1739722275.6991308,8,29,-12
1739722275.7441306,30,10,-80
1739722275.7901306,-17,40,30
1739722275.8361306,129,38,-4
1739722275.8811307,-87,57,-93
1739722275.9271307,-19,-31,-23
1739722275.9731307,13,35,-118
1739722276.0191307,-34,14,26
1739722276.0641308,-36,0,-81
1739722276.1101308,-73,-4,-79
1739722276.1561308,30,-9,-57
1739722276.2011306,-49,17,-93
1739722276.2471306,13,52,-46
1739722276.2931306,13,23,-60
1739722276.3391306,-11,14,-63
1739722276.3841307,7,27,-113
1739722276.4301307,-28,61,-124
1739722276.4761307,60,-20,-89
1739722276.5211308,3,28,0
1739722276.5671306,-30,40,-114
1739722276.6131306,29,-7,-75
1739722276.6591306,15,-49,-39
1739722276.7041306,-98,-10,-113
1739722276.750131,-23,61,14
1739722276.796131,-33,23,-58
1739722276.8411307,-42,-12,-65
1739722276.8871307,-4,3,66
1739722276.9331307,54,45,-14
1739722276.9791307,-25,-16,-115
1739722277.0241306,-4,-35,-59
1739722277.0701306,17,-37,-127
1739722277.1161306,45,50,-115
1739722277.161131,-22,38,-32
1739722277.207131,-27,-88,-111
1739722277.253131,-44,-64,-13
1739722277.299131,91,36,-99
1739722277.3441308,-71,-10,48
1739722277.3901308,0,31,-18
1739722277.4361308,76,-43,-125
1739722277.4811306,-32,6,2
1739722277.5271306,-41,-61,-49
1739722277.5731306,10,-46,-37
1739722277.6191306,24,-3,-1
1739722277.6641307,23,-46,-23
1739722277.7101307,34,1,38
1739722277.7561307,-32,-7,-31
1739722277.8011308,0,-28,-219
1739722277.8471308,-87,84,-158
1739722277.8931308,-55,12,124
1739722277.9391308,-80,46,-32
1739722277.9841306,-3,-10,-45
1739722278.0301306,-5,5,-51
1739722278.0761306,-29,-35,-25
1739722278.1211307,-100,15,-132
1739722278.1671307,46,115,16
1739722278.2131307,-11,39,10
1739722278.2591307,77,0,35
1739722278.3041308,47,4,-17
1739722278.3501308,39,-42,33
1739722278.3961308,-37,17,-82
1739722278.4411306,61,28,92
1739722278.4871306,92,46,-47
1739722278.5331306,-22,4,-12
1739722278.5791306,55,85,-14
1739722278.6241307,109,-11,-117
1739722278.6701307,62,-47,-29
1739722278.7161307,-6,50,-94
1739722278.7611306,-9,46,-32
1739722278.8071306,-20,-2,-213
1739722278.8531306,-39,52,-32
1739722278.8991306,68,43,-95
1739722278.944131,70,-9,-13
1739722278.990131,-48,-2,-162
1739722279.036131,-16,51,-20
1739722279.0811307,40,10,-115
1739722279.1271307,53,-62,41
1739722279.1731308,83,-40,15
1739722279.2191308,36,57,16
1739722279.2641306,4,-53,-63
1739722279.3101306,-35,-41,-93
1739722279.3561306,20,-23,168
1739722279.401131,-40,120,-65
1739722279.447131,12,-12,-70
1739722279.4931307,33,26,-37
1739722279.5391307,34,-9,-61
1739722279.5841308,59,28,-45
1739722279.6301308,-35,42,-89
1739722279.6761308,63,-31,-90
1739722279.7211306,-11,5,-37
1739722279.7671306,-1,12,-67
1739722279.8131306,4,65,-7
1739722279.8591306,10,32,43
1739722279.9041307,48,-24,-8
1739722279.9501307,21,1,-70
1739722279.9961307,18,38,-25
1739722280.0411308,-49,67,85
1739722280.0871308,3,-68,-94
1739722280.1331308,0,-65,16
1739722280.1791308,80,97,-106
1739722280.2241306,7,-2,-24
1739722280.2701306,-86,-37,-41
1739722280.3161306,-63,2,-77
1739722280.3611307,-29,-25,-120
1739722280.4071307,115,0,-32
1739722280.4531307,-47,38,-45
1739722280.4991307,16,-68,-42
1739722280.5441308,50,7,2
1739722280.5901306,31,6,-116
1739722280.6361306,-9,-42,-118
1739722280.6811306,25,40,-73
1739722280.727131,-68,-2,9
1739722280.773131,24,23,-88
1739722280.819131,-69,-57,63
1739722280.8641307,8,30,-5
1739722280.9101307,57,10,52
1739722280.9561307,-14,45,-77
1739722281.0011306,-11,13,19
1739722281.0471306,40,28,-92
1739722281.0931306,-42,-5,-3
1739722281.1391306,-4,-2,41
1739722281.184131,-12,-67,-42
1739722281.230131,14,-22,24
1739722281.276131,63,22,-56
1739722281.3211308,-70,19,-59
1739722281.3671308,72,3,-44
1739722281.4131308,42,15,-48
1739722281.4591308,24,-69,-44
1739722281.5041306,-10,55,-89
1739722281.5501306,-44,-37,-29
1739722281.5961306,71,94,-6
1739722281.6411307,62,-34,0
1739722281.6871307,-34,-67,-20
1739722281.7331307,-65,-58,-93
1739722281.7791307,1,47,-81
1739722281.8241308,27,-11,-82
1739722281.8701308,29,7,88
1739722281.9161308,-18,30,-115
1739722281.9611306,-73,83,-81
1739722282.0071306,-26,31,-115
1739722282.0531306,10,38,71
1739722282.0991306,10,-46,-174
1739722282.1441307,-18,-37,44
1739722282.1901307,-32,20,11
1739722282.2361307,14,-55,-92
1739722282.2811308,138,-86,-64
1739722282.3271308,-5,14,-99
1739722282.3731308,83,-27,-48
1739722282.4191308,43,-33,46
1739722282.4641306,-11,0,-112
1739722282.5101306,26,16,77
1739722282.5561306,28,24,-34
1739722282.6011307,6,-5,64
1739722282.6471307,38,50,-25
1739722282.6931307,-12,16,-153
1739722282.7391307,-47,25,87
1739722282.7841306,-29,-10,-200
1739722282.8301306,-8,1,-84
1739722282.8761306,37,-19,-60
1739722282.921131,66,-8,0
1739722282.967131,43,-16,36
1739722283.013131,-31,56,-27
1739722283.059131,64,-42,-106
1739722283.1041307,29,-58,-24
1739722283.1501307,-20,-1,-25
1739722283.1961308,6,10,-84
1739722283.2411306,21,37,32
1739722283.2871306,-40,29,-31
1739722283.3331306,-70,-20,-35
1739722283.3791306,-63,19,23
1739722283.424131,36,22,-21
1739722283.4701307,-17,13,-9
1739722283.5161307,49,30,-73
1739722283.5611308,-5,33,-49
1739722283.6071308,1,-7,-2
1739722283.6531308,-4,-10,16
1739722283.6991308,-47,31,-35
1739722283.7441306,-34,54,55
1739722283.7901306,20,39,37
1739722283.8361306,-7,33,17
1739722283.8811307,12,-34,-86
1739722283.9271307,-59,-32,-68
1739722283.9791307,8,1,-19
1739722284.0241306,-6,-21,40
1739722284.0701306,-1,12,-69
1739722284.1161306,8,28,-27
1739722284.161131,-26,-22,4
1739722284.207131,-7,-32,-78
1739722284.253131,42,-33,-12
1739722284.299131,3,-21,-42
1739722284.3441308,10,21,-89
1739722284.3901308,-10,-46,-28
1739722284.4361308,-44,28,-39
1739722284.4811306,-38,6,-125
1739722284.5271306,-17,32,-54
1739722284.5731306,37,-47,-12
1739722284.6191306,20,-41,-84
1739722284.6641307,10,15,4
1739722284.7101307,-9,-2,-102
1739722284.7561307,-10,5,-148
1739722284.8011308,-43,-32,-98
1739722284.8471308,-59,30,-66
1739722284.8931308,12,-33,-58
1739722284.9391308,40,-77,85
1739722284.9841306,5,-12,-150
1739722285.0301306,-22,-3,-90
1739722285.0761306,-11,-57,-20
1739722285.1211307,14,86,22
1739722285.1671307,-2,26,0
1739722285.2131307,4,61,7
1739722285.2591307,-25,0,-102
1739722285.3041308,4,-19,-26
1739722285.3501308,-17,13,-51
1739722285.3961308,-28,-21,-88
1739722285.4411306,-72,6,-24
1739722285.4871306,86,14,-111
1739722285.5331306,-2,-14,-86
1739722285.5781307,6,6,-131
1739722285.6241307,-58,24,-35
1739722285.6701307,-15,-38,34
1739722285.7161307,63,-39,-22
1739722285.7611306,-51,-12,52
1739722285.8071306,42,0,-53
1739722285.8531306,-31,-90,-106
1739722285.898131,-24,58,-85
1739722285.944131,-21,14,-64
1739722285.990131,-26,45,-116
1739722286.036131,19,63,-95
1739722286.0811307,11,16,-39
1739722286.1271307,-90,7,-142
1739722286.1731308,-10,31,-12
1739722286.2181306,-71,1,18
1739722286.2641306,30,-24,-35
1739722286.3101306,-87,24,0
1739722286.3561306,-14,42,-170
1739722286.401131,-53,-13,2
1739722286.447131,-28,5,-24
1739722286.4931307,-43,6,37
1739722286.5381308,-5,39,-59
1739722286.5841308,-18,-64,-98
1739722286.6301308,40,14,108
1739722286.6761308,-54,-76,12
1739722286.7211306,14,18,11
1739722286.7671306,2,78,-13
1739722286.8131306,-4,36,23
1739722286.8581307,4,7,-25
1739722286.9041307,30,-29,-90
1739722286.9501307,90,-65,128
1739722286.9961307,-60,9,-151
1739722287.0411308,-11,-18,-126
1739722287.0871308,3,17,-52
1739722287.1331308,29,32,25
1739722287.1781306,-117,-48,-9
1739722287.2241306,-24,-35,106
1739722287.2701306,-23,-48,-49
1739722287.3161306,-26,-24,-19
1739722287.3611307,75,24,0
1739722287.4071307,-46,25,-91
1739722287.4531307,-1,42,35
1739722287.4981308,14,-5,-39
1739722287.5441308,-37,13,10
1739722287.5901306,-65,66,-115
1739722287.6361306,93,-18,-77
1739722287.6811306,19,11,-3
1739722287.727131,-77,20,-40
1739722287.773131,-34,-71,0
1739722287.8181307,21,66,-49
1739722287.8641307,-24,-31,-109
1739722287.9101307,-79,28,-40
1739722287.9561307,44,38,-61
1739722288.0011306,-1,54,-139
1739722288.0471306,1,-11,-67
1739722288.0931306,3,-6,-13
1739722288.138131,-27,0,30
1739722288.184131,-28,-17,-57
1739722288.230131,19,33,-51
1739722288.276131,-81,27,18
1739722288.3211308,-13,64,-27
1739722288.3671308,-30,-52,-28
1739722288.4131308,27,-15,27
1739722288.4581306,61,-68,-131
1739722288.5041306,7,-39,-31
1739722288.5501306,-32,68,-26
1739722288.5961306,8,-3,-149
1739722288.6411307,-11,123,0
1739722288.6871307,37,15,1
1739722288.7331307,59,-40,-7
1739722288.7781308,2,43,-35
1739722288.8241308,29,-69,23
1739722288.8701308,-27,-21,-111
1739722288.9161308,-28,-38,-217
1739722288.9611306,-23,93,-163
1739722289.0071306,-75,-6,42
1739722289.0531306,20,-6,-169
1739722289.0981307,-5,14,-71
1739722289.1441307,57,61,0
1739722289.1901307,49,-64,-43
1739722289.2361307,-23,46,-141
1739722289.2811308,-36,17,-87
1739722289.3271308,-18,14,-135
1739722289.3731308,22,-71,-59
1739722289.4181306,56,84,-207
1739722289.4641306,63,47,15
1739722289.5101306,59,-40,-9
1739722289.5561306,16,85,15
1739722289.6011307,42,-28,-113
1739722289.6471307,-15,44,-67
1739722289.6931307,-80,17,-38
1739722289.7381306,67,-41,5
1739722289.7841306,-1,15,-69
1739722289.8301306,24,78,-91
1739722289.8761306,-7,-9,-45
1739722289.921131,-65,32,78
1739722289.967131,-49,-25,-34
1739722290.013131,-31,0,-12
1739722290.0571306,-1,42,18
1739722290.1031306,-41,33,-46
1739722290.1491306,-18,-24,-2
1739722290.194131,24,2,-23
1739722290.240131,-6,12,112
1739722290.286131,-32,-22,-30
1739722290.332131,31,-37,-53
1739722290.3771307,19,10,9
1739722290.4231308,-53,41,-4
1739722290.4691308,-17,72,-117
1739722290.5141306,43,-25,13
1739722290.5601306,-33,52,76
1739722290.6061306,-30,4,-67
1739722290.6521306,-16,-21,-27
1739722290.697131,70,-98,-74
1739722290.7431307,55,26,41
1739722290.7891307,7,18,27
1739722290.8341308,9,15,37
1739722290.8801308,-70,-18,97
1739722290.9261308,12,19,61
1739722290.9721308,49,-20,-80
1739722291.0171306,70,-52,-84
1739722291.0631306,61,-17,91
1739722291.1091306,-68,-76,34
1739722291.1541307,-80,19,-57
1739722291.2001307,36,-37,16
1739722291.2461307,-4,-89,-38
1739722291.2921307,36,-4,-116
1739722291.3371308,-41,3,13
1739722291.3831308,-84,2,1
1739722291.4291308,-48,82,-79
1739722291.4741306,62,20,-120
1739722291.5201306,4,7,-62
1739722291.5661306,24,-35,-26
1739722291.6121306,-140,9,0
1739722291.6571307,0,-15,-46
1739722291.7031307,-13,-7,-3
1739722291.7491307,19,-30,-74
1739722291.7941308,-51,41,0
1739722291.8401306,25,-147,-98
1739722291.8861306,-59,-20,-26
1739722291.9321306,4,-31,-34
1739722291.977131,-73,22,0
1739722292.023131,-51,-20,-68
1739722292.069131,46,33,-13
1739722292.1141307,10,44,-7
1739722292.1601307,9,9,-70
1739722292.2061307,-29,-50,40
1739722292.2521307,4,57,-111
1739722292.2971306,-47,-7,-86
1739722292.3431306,37,38,97
1739722292.3891306,-18,18,-97
1739722292.434131,58,65,-120
1739722292.480131,-20,-31,-62
1739722292.526131,15,-31,-126
1739722292.572131,-88,-20,-108
1739722292.6171308,-62,-70,-74
1739722292.6631308,3,-1,-6
1739722292.7091308,-14,-3,-162
1739722292.7541306,22,46,5
1739722292.8001306,4,18,79
1739722292.8461306,-2,43,-1
1739722292.8921306,-57,39,16
1739722292.9371307,-2,77,3
1739722292.9831307,-34,34,-108
1739722293.0291307,-12,4,-104
1739722293.0741308,-46,10,-60
1739722293.1201308,31,-18,-19
1739722293.1661308,-35,22,-4
1739722293.2121308,4,-11,-26
1739722293.2571306,-60,-9,-74
1739722293.3031306,43,26,-125
1739722293.3491306,-68,-46,-78
1739722293.3941307,14,77,7
1739722293.4401307,-37,64,-57
1739722293.4861307,-2,-4,12
1739722293.5321307,-20,19,20
1739722293.5771308,52,14,-47
1739722293.6231308,23,36,-87
1739722293.6691308,19,62,3
1739722293.7141306,-10,71,-13
1739722293.7601306,-28,20,31
1739722293.8061306,-87,10,-54
1739722293.852131,-30,33,-51
1739722293.8971307,-86,-10,-114
1739722293.9431307,41,-47,-64
1739722293.9941306,67,-13,-83
1739722294.0401306,-26,32,-54
1739722294.0861306,-16,24,-28
1739722294.1321306,32,-30,-134
1739722294.1771307,-76,-7,-64
1739722294.2231307,42,-32,10
1739722294.2691307,-105,20,30
1739722294.3141308,8,70,63
1739722294.3601308,-77,8,-12
1739722294.4061308,10,13,77
1739722294.4521308,61,64,-33
1739722294.4971306,-17,55,-57
1739722294.5431306,44,7,0
1739722294.5891306,-17,-20,-132
1739722294.6341307,-39,-55,-102
1739722294.6801307,41,-34,-4
1739722294.7261307,-13,20,-45
1739722294.7721307,36,-64,72
1739722294.8171306,41,45,-61
1739722294.8621306,-14,-9,18
1739722294.9081306,23,-31,-62
1739722294.9531307,-12,18,29
1739722294.9991307,23,-25,-90
1739722295.0451307,-5,-18,32
1739722295.0901306,-6,31,73
1739722295.1361306,18,11,-15
1739722295.1821306,-63,-4,45
1739722295.2281306,-17,-52,-138
1739722295.273131,14,41,27
1739722295.319131,61,64,95
1739722295.365131,98,-48,8
1739722295.4101307,-31,37,-43
1739722295.4561307,-37,10,-137
1739722295.5021307,-133,-41,-83
1739722295.5471306,8,37,-129
1739722295.5931306,-59,13,-37
1739722295.6391306,-65,35,-21
1739722295.6851306,3,-2,-6
1739722295.730131,-7,25,75
1739722295.776131,23,55,-111
1739722295.822131,7,12,-57
1739722295.8671308,-3,-1,-22
1739722295.9131308,-14,44,-65
1739722295.9591308,-16,-79,-4
1739722296.0051308,20,-7,-66
1739722296.0501306,-5,14,-21
1739722296.0961306,-6,-9,6
1739722296.1421306,46,-12,-42
1739722296.1871307,-3,-52,-178
1739722296.2331307,8,28,23
1739722296.2791307,-14,-42,-134
1739722296.3251307,-30,40,-43
1739722296.3701308,18,13,32
1739722296.4161308,-44,22,-9
1739722296.4621308,0,-28,-155
1739722296.5071306,-33,24,-137
1739722296.5531306,-73,-11,-72
1739722296.5991306,-3,-31,-3
1739722296.6451306,-39,2,6
1739722296.6901307,-18,-3,-67
1739722296.7361307,7,-2,-175
1739722296.7821307,-9,-6,5
1739722296.8271308,-35,59,-46
1739722296.8731308,31,33,-136
1739722296.9191308,112,-36,3
1739722296.9651306,10,-67,13
1739722297.0101306,-30,7,-88
1739722297.0561306,62,-6,51
1739722297.102131,-13,14,28
1739722297.1471307,-34,-46,-112
1739722297.1931307,-13,-27,3
1739722297.2391307,40,1,-145
1739722297.2851307,-75,17,-77
1739722297.3301306,30,2,-73
1739722297.3761306,35,33,-35
1739722297.4221306,94,-26,-82
1739722297.467131,-63,-32,39
1739722297.513131,-22,24,-27
1739722297.559131,-13,-50,-15
1739722297.605131,-9,10,13
1739722297.6501307,14,13,-77
1739722297.6961308,-103,-45,-143
1739722297.7421308,-119,28,-25
1739722297.7871306,-18,0,-17
1739722297.8331306,18,73,-41
1739722297.8791306,-47,-29,104
1739722297.9251306,-16,34,-7
1739722297.9701307,-26,1,56
1739722298.0161307,5,-43,-72
1739722298.0621307,30,-44,-72
1739722298.1071308,-9,17,-54
1739722298.1531308,14,73,-150
1739722298.1991308,-4,-21,1
1739722298.2451308,-8,-18,-19
1739722298.2901306,19,-52,20
1739722298.3361306,-7,62,-31
1739722298.3821306,42,10,78
1739722298.4271307,42,6,42
1739722298.4731307,-8,-47,-23
1739722298.5191307,11,63,-81
1739722298.5651307,-21,4,-97
1739722298.6101308,-48,-54,-16
1739722298.6561308,59,-8,-189
1739722298.7021308,38,-28,36
1739722298.7471306,-58,54,-43
1739722298.7931306,-89,-66,-97
1739722298.8391306,-17,38,2
1739722298.8851306,6,46,-85
1739722298.9301307,-109,-20,-35
1739722298.9761307,-35,-32,-28
1739722299.0221307,76,-30,-147
1739722299.0671306,-9,-133,16
1739722299.1131306,-50,-54,12
1739722299.1591306,-23,26,-55
1739722299.2051306,12,-36,-21
1739722299.250131,21,3,-99
1739722299.296131,20,-51,-57
1739722299.342131,-67,44,4
1739722299.3871307,6,21,-93
1739722299.4331307,-57,-52,-67
1739722299.4791307,51,23,-57
1739722299.5251307,28,-8,9
1739722299.5701306,-17,-31,-177
1739722299.6161306,-51,4,-82
1739722299.6621306,34,-17,-11
1739722299.707131,10,-1,-15
1739722299.753131,8,3,-79
1739722299.799131,-12,-17,132
1739722299.8451307,42,16,-169
1739722299.8901308,26,25,44
1739722299.9361308,-13,35,-111
1739722299.9821308,52,-25,-47
1739722300.0271306,-3,5,-81
1739722300.0731306,-83,36,-28
1739722300.1191306,56,0,-77
1739722300.1651306,9,-22,-51
1739722300.2101307,14,33,-30
1739722300.2561307,40,22,-127
1739722300.3021307,-5,-19,25
1739722300.3471308,13,-17,-128
1739722300.3931308,63,28,42
1739722300.4391308,-60,-30,30
1739722300.4851308,-11,53,112
1739722300.5301306,-12,18,42
1739722300.5761306,-14,-66,20
1739722300.6221306,-7,60,-31
1739722300.6671307,23,-13,-70
1739722300.7131307,30,15,-72
1739722300.7591307,-42,-67,37
1739722300.8051307,-8,-2,-109
1739722300.8501308,6,2,-72
1739722300.8961308,-79,-51,-3
1739722300.9421306,-38,-26,-50
1739722300.9871306,13,-5,-34
1739722301.0331306,-37,16,-92
1739722301.0791306,-25,56,-84
1739722301.125131,-4,43,-54
1739722301.1701307,27,-11,-42
1739722301.2161307,29,22,21
1739722301.2621307,2,-45,-54
1739722301.3071306,-54,-17,-194
1739722301.3531306,66,-32,-4
1739722301.3991306,37,90,-180
1739722301.4451306,18,50,-29
1739722301.490131,-53,35,-85
1739722301.536131,-47,21,28
1739722301.582131,29,-16,-115
1739722301.6271307,0,-17,-7
1739722301.6731308,39,-17,-37
1739722301.7191308,-6,25,-81
1739722301.7651308,47,-12,-39
1739722301.8101306,28,-24,7
1739722301.8561306,31,-68,-89
1739722301.9021306,1,-21,-63
1739722301.947131,-23,17,-75
1739722301.9931307,58,-28,-17
1739722302.0391307,-39,122,25
1739722302.0851307,-13,29,-127
1739722302.1301308,12,142,8
1739722302.1761308,-27,-56,-67
1739722302.2221308,-49,-28,-3
1739722302.2671306,16,14,-59
1739722302.3131306,-57,37,-65
1739722302.3591306,-13,11,-83
1739722302.4051306,60,-44,-106
1739722302.4501307,-97,35,-32
1739722302.4961307,-23,-65,-80
1739722302.5421307,-14,16,-50
1739722302.5871308,49,10,-23
1739722302.6331308,-64,56,42
1739722302.6791308,59,-6,-31
1739722302.7251308,-18,29,-84
1739722302.7701306,-7,-43,-108
1739722302.8161306,4,18,0
1739722302.8621306,17,12,31
1739722302.9071307,2,8,-38
1739722302.9531307,69,50,-9
1739722302.9991307,-62,-20,-14
1739722303.0451307,22,63,94
1739722303.0901306,-24,48,-28
1739722303.1361306,87,-7,-41
1739722303.1821306,-9,-20,62
1739722303.227131,-66,10,-30
1739722303.273131,20,-96,-181
1739722303.319131,78,22,-55
1739722303.365131,-50,-9,-104
1739722303.4101307,-12,-15,-64
1739722303.4561307,18,20,-178
1739722303.5021307,18,12,79
1739722303.5471306,128,-9,-52
1739722303.5931306,-47,-48,85
1739722303.6391306,-6,-29,8
1739722303.6851306,38,35,-173
1739722303.730131,23,50,-29
1739722303.776131,12,43,-112
1739722303.822131,-44,-5,-30
1739722303.8671308,-2,16,6
1739722303.9131308,17,29,-123
1739722303.9651306,50,-78,-19
1739722304.0101306,-27,-23,-68
1739722304.0561306,-10,3,-72
1739722304.102131,-25,-50,14
1739722304.1471307,-83,8,-115
1739722304.1931307,-11,-11,-29
1739722304.2391307,-6,-6,-15
1739722304.2851307,-1,7,-181
1739722304.3301306,-17,-25,-79
1739722304.3761306,4,-20,-105
1739722304.4221306,2,-44,-2
1739722304.467131,-44,27,-19
1739722304.513131,78,10,-188
1739722304.559131,0,63,-147
1739722304.605131,4,33,24
1739722304.6501307,-51,13,-57
1739722304.6961308,-10,-3,-15
1739722304.7421308,-35,91,3
1739722304.7871306,-47,6,-145
1739722304.8331306,53,-9,-44
1739722304.8791306,42,23,-117
1739722304.9251306,-23,14,-55
1739722304.9701307,0,51,-4
1739722305.0161307,9,40,-16
1739722305.0621307,54,88,-130
1739722305.1071308,12,-7,-55
1739722305.1531308,-100,18,-61
1739722305.1991308,14,32,-95
1739722305.2451308,-53,-48,-107
1739722305.2901306,-85,-42,21
1739722305.3361306,33,-87,-115
1739722305.3821306,9,29,42
1739722305.4271307,-29,-3,-171
1739722305.4731307,-5,40,20
1739722305.5191307,44,-24,-78
1739722305.5641308,108,38,-30
1739722305.6101308,9,-23,-75
1739722305.6561308,-44,16,-5
1739722305.7021308,-42,-72,109
1739722305.7471306,-20,-10,-89
1739722305.7931306,9,-36,-121
1739722305.8391306,-52,36,-63
1739722305.8841307,-67,28,-21
1739722305.9301307,-46,-12,-15
1739722305.9761307,-64,-30,-101
1739722306.0221307,54,13,60
1739722306.0671306,-6,30,-99
1739722306.1131306,15,-44,53
1739722306.1591306,-12,50,-74
1739722306.2041306,-5,-8,-73
1739722306.250131,-3,-51,59
1739722306.296131,25,2,-73
1739722306.342131,87,-16,-81
1739722306.3871307,-37,-3,51
1739722306.4331307,-19,-4,15
1739722306.4791307,-53,-41,-51
1739722306.5241306,33,101,30
1739722306.5701306,9,52,-111
1739722306.6161306,-15,129,-28
1739722306.6621306,-47,45,-151
1739722306.707131,11,-24,14
1739722306.753131,22,-29,-73
1739722306.799131,30,57,-169
1739722306.8441308,-57,13,19
1739722306.8901308,-95,19,-87
1739722306.9361308,-6,46,4
1739722306.9821308,-17,-25,-141
1739722307.0271306,-58,-77,-31
1739722307.0731306,58,38,-70
1739722307.1191306,-37,-56,75
1739722307.1641307,22,-35,3
1739722307.2101307,8,-33,66
1739722307.2561307,-24,-20,-3
1739722307.3021307,75,-66,-75
1739722307.3471308,-8,-27,-55
1739722307.3931308,-29,-56,-17
1739722307.4391308,-28,19,52
1739722307.4841306,5,33,-38
1739722307.5301306,44,-58,37
1739722307.5761306,13,10,-107
1739722307.6221306,-50,90,4
1739722307.6671307,-23,63,120
1739722307.7131307,49,-2,-25
1739722307.7591307,-76,5,-92
1739722307.8041308,49,-37,19
1739722307.8501308,64,19,-131
1739722307.8961308,-1,-13,21
1739722307.9421306,3,15,-12
1739722307.9871306,8,-5,-14
1739722308.0331306,26,18,-151
1739722308.0791306,48,16,-99
1739722308.1241307,20,-63,-1
1739722308.1701307,55,24,-98
1739722308.2161307,40,-38,-18
1739722308.2621307,-38,-18,-132
1739722308.3071306,109,-4,12
1739722308.3531306,51,11,-8
1739722308.3991306,45,13,-18
1739722308.444131,77,28,-112
1739722308.490131,18,69,-31
1739722308.536131,-29,-17,-15
1739722308.582131,-27,23,-83
1739722308.6271307,17,-10,-66
1739722308.6731308,8,-7,20
1739722308.7191308,37,-71,-32
1739722308.7641306,73,-25,20
1739722308.8101306,16,5,-68
1739722308.8561306,1,-97,42
1739722308.9021306,-62,-57,-41
1739722308.947131,24,-44,-26
1739722308.9931307,-103,5,-65
1739722309.0391307,4,51,-23
1739722309.0841308,-36,19,-53
1739722309.1301308,-48,23,31
1739722309.1761308,21,-30,-74
1739722309.2221308,3,-43,48
1739722309.2671306,-13,-28,0
1739722309.3131306,8,-2,-4
1739722309.3591306,-33,-13,-15
1739722309.4041307,-57,-71,3
1739722309.4501307,0,56,43
1739722309.4961307,20,-26,32
1739722309.5421307,-4,24,5
1739722309.5871308,-51,-50,57
1739722309.6331308,-66,49,-127
1739722309.6791308,37,-16,-58
1739722309.7241306,-15,-80,-79
1739722309.7701306,-31,61,-102
1739722309.8161306,9,-6,-18
1739722309.8621306,0,-3,-28
1739722309.9071307,-11,18,-51
1739722309.9531307,42,30,73
1739722309.9991307,-23,-16,102
1739722310.0441308,-31,13,-98
1739722310.0901306,-36,44,-12
1739722310.1361306,28,60,-159
1739722310.1821306,-28,-13,18
1739722310.227131,28,12,27
1739722310.273131,-28,84,-70
1739722310.319131,29,28,-97
1739722310.3641307,121,-12,-35
1739722310.4101307,-47,10,140
1739722310.4561307,28,19,-5
1739722310.5021307,38,16,-63
1739722310.5471306,33,0,27
1739722310.5931306,62,38,-145
1739722310.6391306,54,-25,-77
1739722310.684131,-12,-8,8
1739722310.730131,46,28,-147
1739722310.776131,-98,-5,101
1739722310.822131,-40,-20,66
1739722310.8671308,60,26,-129
1739722310.9131308,9,-1,-68
1739722310.9591308,-14,-35,-108
1739722311.0041306,36,50,-51
1739722311.0501306,4,-11,-16
1739722311.0961306,40,70,-70
1739722311.1421306,-107,27,-52
1739722311.1871307,62,-42,86
1739722311.2331307,-32,-8,134
1739722311.2791307,-65,-4,-24
1739722311.3241308,77,27,-11
1739722311.3701308,39,39,-56
1739722311.4161308,-29,-64,-176
1739722311.4621308,3,-48,-142
1739722311.5071306,14,6,-96
1739722311.5531306,44,-60,-4
1739722311.5991306,63,-64,-34
1739722311.6441307,17,55,51
1739722311.6901307,23,-18,38
1739722311.7361307,17,88,-113
1739722311.7821307,33,60,15
1739722311.8271308,2,30,37
1739722311.8731308,-51,-8,-11
1739722311.9191308,53,-1,-46
1739722311.9641306,22,59,-91
1739722312.0101306,-35,23,67
1739722312.0561306,-5,-7,39
1739722312.102131,-22,44,-161
1739722312.1471307,-47,46,-23
1739722312.1931307,-11,0,-114
1739722312.2391307,69,-39,-2
1739722312.2841306,8,-39,-126
1739722312.3301306,-8,23,-124
1739722312.3761306,48,81,111
1739722312.4221306,-80,54,-99
1739722312.467131,4,-40,-64
1739722312.513131,14,-60,-144
1739722312.559131,34,29,10
1739722312.6041307,56,34,-76
1739722312.6501307,16,45,-96
1739722312.6961308,-107,7,-35
1739722312.7421308,-14,31,-55
1739722312.7871306,26,-55,-30
1739722312.8331306,90,43,-76
1739722312.8791306,-25,9,-105
1739722312.924131,5,-9,-38
1739722312.9701307,-68,-28,-95
1739722313.0161307,3,11,-110
1739722313.0621307,37,40,48
1739722313.1071308,7,-70,-64
1739722313.1531308,-24,80,-49
1739722313.1991308,-22,46,-77
1739722313.2441306,60,-39,-4
1739722313.2901306,57,39,0
1739722313.3361306,80,-6,-90
1739722313.3821306,53,0,62
1739722313.4271307,35,-58,-10
1739722313.4731307,-4,26,-45
1739722313.5191307,-80,26,-9
1739722313.5641308,-2,15,49
1739722313.6101308,8,-12,-148
1739722313.6561308,12,-67,90
1739722313.7021308,-48,-52,9
1739722313.7471306,-85,26,-69
1739722313.7931306,-51,-35,-41
1739722313.8391306,7,27,-83
1739722313.8841307,41,74,0
1739722313.9301307,25,-11,-98
1739722313.9821308,32,71,-116
1739722314.0271306,10,26,-131
1739722314.0731306,41,-55,-74
1739722314.1191306,-38,8,-37
1739722314.1641307,-55,-59,-157
1739722314.2101307,26,65,-55
1739722314.2561307,28,24,65
1739722314.3021307,-4,-41,-10
1739722314.3471308,15,-79,-76
1739722314.3931308,-56,-56,46
1739722314.4391308,17,-3,-68
1739722314.4841306,-10,11,-21
1739722314.5301306,-1,38,-73
1739722314.5761306,79,13,-102
1739722314.6221306,-22,5,23
1739722314.6671307,-36,1,-21
1739722314.7131307,-2,9,-147
1739722314.7591307,55,-76,7
1739722314.8041308,-19,-13,-59
1739722314.8501308,-36,-25,36
1739722314.8961308,5,29,-113
1739722314.9421306,9,17,-105
1739722314.9871306,-9,-19,-83
1739722315.0331306,18,32,-61
1739722315.0791306,-24,-20,40
1739722315.1241307,-48,31,-36
1739722315.1701307,6,-3,-83
1739722315.2161307,-45,-11,-48
1739722315.2621307,-3,86,-15
1739722315.3071306,31,51,-34
1739722315.3531306,-11,-11,-3
1739722315.3991306,-1,3,-90
1739722315.444131,1,-26,-70
1739722315.490131,5,13,-94
1739722315.536131,19,63,-72
1739722315.5811307,54,79,-154
1739722315.6271307,49,-33,-66
1739722315.6731308,6,10,-152
1739722315.7191308,14,-20,-71
1739722315.7641306,-30,-27,10
1739722315.8101306,-49,14,-102
1739722315.8561306,1,7,-79
1739722315.901131,26,86,40
1739722315.947131,0,0,-35
1739722315.9931307,-55,25,56
1739722316.0391307,4,52,-113
1739722316.0841308,-12,2,56
1739722316.1301308,-47,25,-40
1739722316.1761308,-44,-39,24
1739722316.2211306,-12,-30,-141
1739722316.2671306,12,-27,-209
1739722316.3131306,-19,77,-203
1739722316.3591306,-23,-58,114
1739722316.4041307,25,13,-25
1739722316.4501307,9,-3,9
1739722316.4961307,-25,2,-73
1739722316.5411308,32,31,-103
1739722316.5871308,41,18,-47
1739722316.6331308,-29,30,-4
1739722316.6791308,-1,-19,-181
1739722316.7241306,-84,-25,-55
1739722316.7701306,45,-1,-85
1739722316.8161306,8,22,-239
1739722316.8611307,-60,-9,-39
1739722316.9071307,23,41,-109
1739722316.9531307,4,-33,29
1739722316.9991307,22,74,38
1739722317.0441308,13,-17,13
1739722317.0901306,1,62,-84
1739722317.1361306,-11,41,-40
1739722317.1811306,-48,-23,-53
1739722317.227131,-50,-25,4
1739722317.273131,-40,35,-144
1739722317.319131,36,-12,93
1739722317.3641307,-19,-62,-57
1739722317.4101307,13,-70,-17
1739722317.4561307,22,-23,-79
1739722317.5011306,15,-51,-235
1739722317.5471306,24,-23,23
1739722317.5931306,-39,2,4
1739722317.6391306,-24,26,-124
1739722317.684131,38,-3,-51
1739722317.730131,-40,-72,-35
1739722317.776131,-24,-62,-71
1739722317.8211308,-84,-27,-46
1739722317.8671308,27,-80,-109
1739722317.9131308,-52,-43,-133
1739722317.9591308,28,89,-93
1739722318.0041306,21,43,-47
1739722318.0501306,-13,39,-82
1739722318.0961306,-14,-9,36
1739722318.1411307,-30,51,52
1739722318.1871307,-57,4,-131
1739722318.2331307,-18,30,10
1739722318.2791307,-107,-32,8
1739722318.3241308,21,-24,-41
1739722318.3701308,-51,-8,-53
1739722318.4161308,-51,32,51
1739722318.4611306,-9,21,7
1739722318.5071306,-25,37,-17
1739722318.5531306,21,16,-78
1739722318.5991306,18,19,33
1739722318.6441307,-49,-38,-71
1739722318.6901307,-33,41,-37
1739722318.7361307,-88,60,-28
1739722318.7811308,-56,123,-118
1739722318.8271308,25,-20,-86
1739722318.8731308,-45,1,-166
1739722318.9191308,-48,10,21
1739722318.9641306,-2,25,-20
1739722319.0101306,32,-51,-108
1739722319.0561306,-44,11,51
1739722319.1011307,-70,16,-107
1739722319.1471307,7,6,-34
1739722319.1931307,49,39,9
1739722319.2391307,0,-9,-76
1739722319.2841306,-3,-27,-16
1739722319.3301306,-13,10,-41
1739722319.3761306,-3,-22,-42
1739722319.421131,-42,17,43
1739722319.467131,45,8,-94
1739722319.513131,-18,-14,-81
1739722319.559131,35,-58,-54
1739722319.6041307,0,10,-2
1739722319.6501307,-29,46,-80
1739722319.6961308,-20,-7,-25
1739722319.7411306,7,3,-46
1739722319.7871306,-4,-16,-46
1739722319.8331306,-15,11,-50
1739722319.8791306,-36,-70,41
1739722319.924131,-17,-16,-40
1739722319.9701307,-59,-3,-31
1739722320.0161307,15,97,-35
1739722320.0611308,-5,28,20
1739722320.1071308,1,-30,-99
1739722320.1531308,12,29,-127
1739722320.1991308,-79,60,-30
1739722320.2441306,-42,23,34
1739722320.2901306,30,34,-3
1739722320.3361306,-66,89,86
1739722320.3811307,36,-62,11
1739722320.4271307,-13,-24,-44
1739722320.4731307,31,-63,-75
1739722320.5191307,5,19,-27
1739722320.5641308,-7,8,-47
1739722320.6101308,-42,79,-88
1739722320.6561308,-12,-26,-55
1739722320.7011306,4,55,16
1739722320.7471306,-82,31,-16
1739722320.7931306,6,41,12
1739722320.8391306,10,61,52
1739722320.8841307,-3,-42,-13
1739722320.9301307,-27,-22,-24
1739722320.9751308,-41,28,-104
1739722321.0201306,14,58,-91
1739722321.0661306,11,-10,-51
1739722321.1121306,-22,-50,-39
1739722321.1571307,27,-26,-37
1739722321.2031307,-14,3,-139
1739722321.2491307,-27,46,-48
1739722321.2951307,8,7,-1
1739722321.3401306,3,-16,122
1739722321.3861306,-30,-35,-109
1739722321.4321306,-23,51,72
1739722321.477131,-67,11,-34
1739722321.523131,20,-51,-57
1739722321.569131,31,36,-43
1739722321.615131,13,0,-15
1739722321.6601307,30,15,-113
1739722321.7061307,-33,-1,-34
1739722321.7521307,12,23,52
1739722321.7971306,43,-18,-47
1739722321.8431306,-47,21,-2
1739722321.8891306,-32,-18,20
1739722321.9351306,-9,42,-2
1739722321.980131,4,21,-61
1739722322.026131,8,-104,-43
1739722322.072131,11,59,-199
1739722322.1171308,-40,-143,-62
1739722322.1631308,-56,61,-39
1739722322.2091308,25,73,-73
1739722322.2551308,-92,-27,8
1739722322.3001306,-83,-27,-10
1739722322.3461306,2,-70,26
1739722322.3921306,25,-8,-43
1739722322.4371307,1,5,72
1739722322.4831307,22,30,-57
1739722322.5291307,27,10,-31
1739722322.5751307,17,19,-49
1739722322.6201308,-3,72,-119
1739722322.6661308,37,-38,35
1739722322.7121308,-53,24,-8
1739722322.7571306,17,63,-191
1739722322.8031306,53,12,-61
1739722322.8491306,87,8,-47
1739722322.8951306,-41,-46,-157
1739722322.9401307,38,-54,-235
1739722322.9861307,-46,24,8
1739722323.0321307,-40,-55,-54
1739722323.0771308,35,-58,21
1739722323.1231308,55,-55,-89
1739722323.1691308,40,39,-33
1739722323.2151306,22,-12,-79
1739722323.2601306,-31,-28,-48
1739722323.3061306,-22,8,-8
1739722323.352131,96,-23,122
1739722323.3971307,-26,31,-29
1739722323.4431307,24,2,-55
1739722323.4891307,-49,-4,12
1739722323.5351307,60,8,-7
1739722323.5801306,-3,-22,-89
1739722323.6261306,-55,-2,-58
1739722323.6721306,1,-26,6
1739722323.717131,17,111,-9
1739722323.763131,-17,-14,-65
1739722323.809131,29,24,-17
1739722323.855131,36,-39,-18
1739722323.9001307,63,13,-57
1739722323.9461308,13,-21,-24
1739722323.9971306,-28,-92,52
1739722324.0431306,77,36,-109
1739722324.0891306,-65,53,-69
1739722324.1351306,-49,8,60
1739722324.1801307,7,14,13
1739722324.227131,13,0,-23
1739722324.273131,-23,-7,14
1739722324.319131,104,-52,-181
1739722324.3641307,8,68,-115
1739722324.4101307,-22,-4,-69
1739722324.4561307,2,4,26
1739722324.5011306,18,-32,-54
1739722324.5471306,-92,-57,-129
1739722324.5931306,56,-16,-74
1739722324.6391306,-6,-25,-239
1739722324.684131,-52,-36,60
1739722324.730131,0,32,-99
1739722324.776131,5,37,156
1739722324.8211308,9,19,-35
1739722324.8671308,-17,3,-39
1739722324.9131308,-7,126,-207
1739722324.9591308,10,18,-43
1739722325.0041306,5,-24,22
1739722325.0501306,-1,70,-37
1739722325.0961306,58,8,-53
1739722325.1411307,107,75,-77
1739722325.1871307,21,177,-59
1739722325.2331307,-21,-55,-110
1739722325.2791307,10,-52,-86
1739722325.3241308,-14,67,-29
1739722325.3701308,-46,-9,-169
1739722325.4161308,-7,-17,-81
1739722325.4611306,15,-55,-12
1739722325.5071306,40,18,-77
1739722325.5531306,53,-150,-66
1739722325.5981307,-28,28,-169
1739722325.6441307,-14,49,-83
1739722325.6901307,-11,17,-35
1739722325.7361307,46,-70,-18
1739722325.7811308,-48,-27,-101
1739722325.8271308,-4,-65,-72
1739722325.8731308,-44,25,-23
1739722325.9181306,30,67,-133
1739722325.9641306,24,-38,20
1739722326.0101306,26,-54,-48
1739722326.0561306,-36,12,-59
1739722326.1011307,-15,5,40
1739722326.1471307,0,-69,-94
1739722326.1931307,20,9,15
1739722326.2381306,53,32,-29
1739722326.2841306,25,72,47
1739722326.3301306,32,36,-239
1739722326.3761306,25,-32,-117
1739722326.421131,-3,21,-173
1739722326.467131,-1,14,-111
1739722326.513131,48,-21,0
1739722326.5581307,123,-25,-49
1739722326.6041307,-55,37,48
1739722326.6501307,-13,-64,-59
1739722326.6961308,-78,93,-125
1739722326.7411306,65,-104,-59
1739722326.7871306,-2,6,26
1739722326.8331306,13,-43,-3
1739722326.878131,-22,2,-37
1739722326.924131,-57,38,-61
1739722326.9701307,-26,83,-117
1739722327.0161307,-21,-75,82
1739722327.0611308,-11,-11,-63
1739722327.1071308,58,13,-87
1739722327.1531308,60,-28,-3
1739722327.1981306,5,-4,-101
1739722327.2441306,-27,-110,-19
1739722327.2901306,12,25,-59
1739722327.3361306,2,15,-97
1739722327.3811307,60,79,18
1739722327.4271307,-21,-17,-19
1739722327.4731307,-18,26,-43
1739722327.5181308,69,-4,34
1739722327.5641308,0,-8,10
1739722327.6101308,-34,-29,8
1739722327.6561308,3,-77,-13
1739722327.7011306,88,-101,-9
1739722327.7471306,9,-51,19
1739722327.7931306,-6,-35,-11
1739722327.8381307,-36,-72,18
1739722327.8841307,13,10,-67
1739722327.9301307,-10,0,-55
1739722327.9761307,29,89,-97
1739722328.0211308,-33,8,-89
1739722328.0671306,-37,75,-125
1739722328.1131306,4,-89,-38
1739722328.1581306,-13,-8,-47
1739722328.2041306,-41,82,-109
1739722328.250131,21,126,-13
1739722328.296131,-39,-59,7
1739722328.3411307,-2,-9,7
1739722328.3871307,-40,-2,-131
1739722328.4331307,47,7,37
1739722328.4781306,8,3,-11
1739722328.5241306,-25,12,-41
1739722328.5701306,41,-12,-77
1739722328.6161306,-58,8,-78
1739722328.661131,14,-4,13
1739722328.707131,27,52,-147
1739722328.753131,-27,0,-93
1739722328.7981308,-103,-4,13
1739722328.8441308,-43,22,51
1739722328.8901308,-41,36,-25
1739722328.9361308,-30,10,-53
1739722328.9811306,-16,-13,113
1739722329.0271306,-37,67,-27
1739722329.0731306,49,-14,29
1739722329.1181307,64,29,12
1739722329.1641307,-1,42,22
1739722329.2101307,2,14,-16
1739722329.2561307,6,-22,-122
1739722329.3011308,-18,2,87
1739722329.3471308,-53,-16,83
1739722329.3931308,-37,28,-129
1739722329.4381306,32,-27,-141
1739722329.4841306,18,0,-18
1739722329.5301306,53,-53,-119
1739722329.5761306,-86,12,-28
1739722329.6211307,-2,65,-62
1739722329.6671307,-18,0,5
1739722329.7131307,-18,70,99
1739722329.7581308,-17,-27,137
1739722329.8041308,-49,73,27
1739722329.8501308,-12,-16,46
1739722329.8961308,28,-30,46
1739722329.9411306,-40,48,-45
1739722329.9871306,81,-48,-170
1739722330.0331306,46,77,81
1739722330.0781307,44,3,-106
1739722330.1241307,-26,6,-11
1739722330.1701307,15,16,-61
1739722330.2161307,-2,-56,-32
1739722330.2611306,-52,-16,-19
1739722330.3071306,35,-47,-4
1739722330.3531306,16,-33,-78
1739722330.398131,8,-18,-54
1739722330.444131,0,-40,-72
1739722330.490131,-58,-3,-169
1739722330.536131,13,-17,-150
1739722330.5811307,25,-31,92
1739722330.6271307,-102,9,-43
1739722330.6731308,10,13,-94
1739722330.7181306,0,54,-5
1739722330.7641306,45,92,-73
1739722330.8101306,-20,10,-83
1739722330.8561306,-43,-75,-26
1739722330.901131,34,64,-37
1739722330.947131,-23,-18,25
1739722330.9931307,-26,81,-25
1739722331.0381308,121,56,-82
1739722331.0841308,70,-56,-112
1739722331.1301308,-11,53,-114
1739722331.1761308,7,47,-91
1739722331.2211306,49,32,-11
1739722331.2671306,27,75,-64
1739722331.3131306,21,43,104
1739722331.3581307,-8,58,42
1739722331.4041307,6,0,-25
1739722331.4501307,-24,32,-185
1739722331.4961307,65,-13,-5
1739722331.5411308,-40,-9,-42
1739722331.5871308,-93,-5,58
1739722331.6331308,37,49,-193
1739722331.6781306,-44,17,84
1739722331.7241306,15,47,-23
1739722331.7701306,9,20,-15
1739722331.8161306,-2,-8,-25
1739722331.8611307,-7,37,-23
1739722331.9071307,-11,-10,22
1739722331.9531307,36,61,-87
1739722331.9981308,39,42,-55
1739722332.0441308,-18,64,30
1739722332.0901306,23,132,-119
1739722332.1361306,103,81,25
1739722332.1811306,46,19,-21
1739722332.227131,-2,61,-113
1739722332.273131,-41,60,-39
1739722332.3181307,-25,-1,-149
1739722332.3641307,9,5,11
1739722332.4101307,43,7,21
1739722332.4561307,55,-47,-101
1739722332.5011306,-37,61,28
1739722332.5471306,32,34,-73
1739722332.5931306,0,56,-92
1739722332.638131,15,13,-49
1739722332.684131,-23,-29,-49
1739722332.730131,-6,-51,-7
1739722332.776131,-48,5,-54
1739722332.8211308,-33,-47,42
1739722332.8671308,-88,31,0
1739722332.9131308,68,22,9
1739722332.9581306,-52,-28,-38
1739722333.0041306,-27,-21,108
1739722333.0501306,-32,77,-116
1739722333.0961306,71,21,19
1739722333.1411307,26,-1,-21
1739722333.1871307,-4,-22,-101
1739722333.2331307,1,49,46
1739722333.2781308,-23,-2,48
1739722333.3241308,48,1,-87
1739722333.3701308,-12,43,-8
1739722333.4161308,52,-21,-94
1739722333.4611306,-10,-10,49
1739722333.5071306,-28,-75,-39
1739722333.5531306,-39,11,-6
1739722333.5981307,-34,-13,-20
1739722333.6441307,15,28,-117
1739722333.6901307,20,-69,-59
1739722333.7361307,3,3,0
1739722333.7811308,-64,-42,-173
1739722333.8271308,60,-34,-69
1739722333.8731308,-18,51,-111
1739722333.9181306,-27,-30,-32
1739722333.9641306,15,-83,-67
1739722334.0161307,-17,-66,-65
1739722334.0611308,-96,35,-52
1739722334.1071308,20,-2,-147
1739722334.1531308,-28,-34,13
1739722334.1981306,-8,-10,44
1739722334.2441306,-7,-65,-15
1739722334.2901306,-27,-30,-109
1739722334.3361306,-12,-27,-13
1739722334.3811307,79,53,-35
1739722334.4271307,-17,60,-40
1739722334.4731307,27,48,-135
1739722334.5181308,-3,-25,-195
1739722334.5641308,33,6,34
1739722334.6101308,-5,-14,-81
1739722334.6561308,-39,25,-137
1739722334.7011306,6,0,32
1739722334.7471306,2,19,98
1739722334.7931306,81,34,-64
1739722334.8381307,-76,6,-51
1739722334.8841307,11,-24,30
1739722334.9301307,-10,8,-83
1739722334.9761307,33,49,14
1739722335.0211308,-25,-59,-27
1739722335.0671306,-66,-8,-15
1739722335.1131306,-60,10,-11
1739722335.1581306,-48,8,82
1739722335.2041306,18,-91,3
1739722335.250131,73,-39,-54
1739722335.296131,-3,12,-71
1739722335.3411307,-7,32,-49
1739722335.3871307,-2,43,114
1739722335.4331307,24,12,6
1739722335.4781306,-112,13,39
1739722335.5241306,11,29,-59
1739722335.5701306,-49,11,1
1739722335.615131,10,-47,14
1739722335.661131,-61,-33,-65
1739722335.707131,0,-1,-141
1739722335.753131,-49,108,-49
1739722335.7981308,14,-33,-67
1739722335.8441308,-15,4,-43
1739722335.8901308,-67,120,-65
1739722335.9351306,22,-46,56
1739722335.9811306,33,32,-91
1739722336.0271306,24,-6,0
1739722336.0731306,62,65,-101
1739722336.1181307,0,23,-43
1739722336.1641307,-8,-7,-17
1739722336.2101307,-86,-14,-140
1739722336.2551308,-89,29,-72
1739722336.3011308,-38,-51,-135
1739722336.3471308,35,-8,-13
1739722336.3931308,-48,-20,-47
1739722336.4381306,0,-52,-48
1739722336.4841306,-36,-17,4
1739722336.5301306,-13,9,-53
1739722336.5751307,76,48,-171
1739722336.6211307,-25,-49,-137
1739722336.6671307,24,-45,86
1739722336.7131307,43,-5,-25
1739722336.7581308,-27,-9,30
1739722336.8041308,-68,42,1
1739722336.8501308,17,52,-95
1739722336.8951306,50,18,42
1739722336.9401307,-4,52,15
1739722336.9861307,-27,12,-63
1739722337.0311308,76,-26,-61
1739722337.0771308,0,0,-133
1739722337.1231308,15,20,-5
1739722337.1691308,13,54,-58
1739722337.2141306,-39,60,78
1739722337.2601306,7,49,-95
1739722337.3061306,-35,79,-60
1739722337.3511307,-119,35,-100
1739722337.3971307,29,7,-125
1739722337.4431307,-88,77,0
1739722337.4891307,-44,-58,-41
1739722337.5341306,17,-25,-33
1739722337.5801306,1,41,-32
1739722337.6261306,14,51,-62
1739722337.671131,10,-19,-111
1739722337.717131,-47,73,-46
1739722337.763131,42,-24,-43
1739722337.809131,3,-98,-15
1739722337.8541307,3,3,-59
1739722337.9001307,7,-17,-43
1739722337.9461308,9,5,46
1739722337.9911306,47,39,-15
1739722338.0371306,31,21,84
1739722338.0831306,66,46,-179
1739722338.1291306,-12,18,-26
1739722338.174131,-46,-53,-47
1739722338.2201307,59,17,-73
1739722338.2661307,1,62,82
1739722338.3111308,-43,78,-96
1739722338.3571308,-5,58,-79
1739722338.4031308,-16,17,-185
1739722338.4491308,36,43,-44
1739722338.4941306,-17,28,-75
1739722338.5401306,28,39,-133
1739722338.5861306,-7,41,20
1739722338.6311307,122,2,-115
1739722338.6771307,10,99,-58
1739722338.7231307,-24,47,0
1739722338.7691307,84,-100,-33
1739722338.8141308,-51,-6,-7
1739722338.8601308,-35,-37,3
1739722338.9061308,-95,19,-6
1739722338.9511306,-3,11,4
1739722338.9971306,44,7,-26
1739722339.0431306,-28,26,-135
1739722339.0891306,36,-50,-177
1739722339.1341307,-51,5,23
1739722339.1801307,-36,27,42
1739722339.2261307,-26,5,-79
1739722339.2711308,-44,-60,-63
1739722339.3171306,-65,14,-97
1739722339.3631306,30,57,16
1739722339.4091306,26,25,-153
1739722339.4541306,39,61,-24
1739722339.500131,-21,14,-101
1739722339.546131,-67,-18,-119
1739722339.5911307,-5,-7,48
1739722339.6371307,-17,-33,-11
1739722339.6831307,37,-62,-13
1739722339.7291307,-6,-49,3
1739722339.7741306,8,22,-105
1739722339.8201306,14,20,-81
1739722339.8661306,16,20,-67
1739722339.911131,49,30,28
1739722339.957131,-42,-25,-41
1739722340.003131,10,15,-41
1739722340.049131,-24,51,4
1739722340.0941308,4,15,-5
1739722340.1401308,-34,-10,-19
1739722340.1861308,-39,14,-169
1739722340.2311306,81,-2,47
1739722340.2771306,-68,1,-147
1739722340.3231306,-13,-43,14
1739722340.3691306,-55,29,-14
1739722340.4141307,-18,16,56
1739722340.4601307,45,-100,-159
1739722340.5061307,-109,60,-90
1739722340.5511308,21,-68,-43
1739722340.5971308,-38,4,-143
1739722340.6431308,-68,50,-37
1739722340.6891308,17,30,96
1739722340.7341306,37,5,-107
1739722340.7801306,-14,-5,-2
1739722340.8261306,0,-2,-3
1739722340.8711307,91,11,-85
1739722340.9171307,-16,82,-87
1739722340.9631307,-22,23,-38
1739722341.0091307,-34,-23,-153
1739722341.0541308,58,-48,33
1739722341.1001308,-60,-24,-28
1739722341.1461308,40,-53,-49
1739722341.1911306,-3,-25,-44
1739722341.2371306,64,0,7
1739722341.2831306,-10,24,-10
1739722341.3291306,23,-25,-6
1739722341.3741307,39,40,19
1739722341.4201307,-53,-7,-48
1739722341.4661307,-3,-44,6
1739722341.5111306,44,49,-21
1739722341.5571306,-64,30,-150
1739722341.6031306,-51,12,-59
1739722341.6491306,89,-21,0
1739722341.694131,29,-39,34
1739722341.740131,1,-41,10
1739722341.786131,-51,-22,25
1739722341.8311307,-59,13,-133
1739722341.8771307,-45,-68,-162
1739722341.9231308,-88,-38,18
1739722341.9691308,69,-97,22
1739722342.0141306,-6,35,-91
1739722342.0601306,-80,0,5
1739722342.1061306,-46,97,-25
1739722342.151131,-64,10,-33
1739722342.197131,-32,-1,5
1739722342.2431307,22,-20,-46
1739722342.2891307,44,-79,-104
1739722342.3341308,57,-41,-112
1739722342.3801308,-56,-17,41
1739722342.4261308,25,-44,-56
1739722342.4711306,60,46,-28
1739722342.5171306,47,-30,-10
1739722342.5631306,-65,-35,-83
1739722342.6091306,-12,-6,-54
1739722342.6541307,36,49,-39
1739722342.7001307,15,28,-21
1739722342.7461307,-42,-46,34
1739722342.7911308,-18,-16,-90
1739722342.8371308,-26,45,145
1739722342.8831308,3,42,-126
1739722342.9291308,-61,-28,-60
1739722342.9741306,50,-26,-130
1739722343.0201306,5,-15,22
1739722343.0661306,30,-24,-62
1739722343.1111307,25,2,-76
1739722343.1571307,-39,-22,-19
1739722343.2031307,44,49,-93
1739722343.2491307,14,-47,-36
1739722343.2941308,-7,39,-45
1739722343.3401306,10,-94,-38
1739722343.3861306,-49,-36,-40
1739722343.4311306,-8,-23,-60
1739722343.477131,18,27,-5
1739722343.523131,30,65,-139
1739722343.569131,66,-27,-28
1739722343.6141307,-7,39,-3
1739722343.6601307,32,44,23
1739722343.7061307,18,61,-15
1739722343.7511306,44,-16,-138
1739722343.7971306,-27,-44,18
1739722343.8431306,-25,-5,-83
1739722343.888131,-26,24,-103
1739722343.934131,9,16,-8
1739722343.980131,-47,-34,97
1739722344.0311308,-22,-25,-209
1739722344.0771308,69,-24,-114
1739722344.1231308,-22,-54,0
1739722344.1691308,32,90,-22
1739722344.2141306,0,2,25
1739722344.2601306,55,20,-38
1739722344.3061306,117,-76,-84
1739722344.3511307,-14,-21,-39
1739722344.3971307,-28,21,-15
1739722344.4431307,16,-49,-38
1739722344.4891307,44,111,1
1739722344.5341306,-82,13,-23
1739722344.5801306,-10,-29,31
1739722344.6261306,-58,-18,29
1739722344.671131,-6,-20,-9
1739722344.717131,10,40,14
1739722344.763131,44,15,-91
1739722344.809131,43,-60,-61
1739722344.8541307,25,15,-33
1739722344.9001307,71,41,-57
1739722344.9461308,-2,4,14
1739722344.9911306,30,-14,-161
1739722345.0371306,26,27,134
1739722345.0831306,-12,33,-29
1739722345.1291306,49,-69,20
1739722345.174131,-18,1,-149
1739722345.2201307,-32,-92,-97
1739722345.2661307,-6,-83,-5
1739722345.3111308,26,44,-129
1739722345.3571308,8,-40,-75
1739722345.4031308,-19,-24,-29
1739722345.4491308,-32,-62,-13
1739722345.4941306,44,23,-63
1739722345.5401306,3,-7,22
1739722345.5861306,1,10,-41
1739722345.6311307,9,-44,6
1739722345.6771307,20,-82,-73
1739722345.7231307,-82,-28,-17
1739722345.7681308,23,34,20
1739722345.8141308,-66,97,28
1739722345.8601308,6,0,-79
1739722345.9061308,-78,-3,42
1739722345.9511306,-12,14,-39
1739722345.9971306,-50,6,-79
1739722346.0431306,-46,-48,38
1739722346.0881307,-36,45,39
1739722346.1341307,-10,-36,-85
1739722346.1801307,-45,-53,-82
1739722346.2261307,-47,29,-3
1739722346.2711308,-36,52,-17
1739722346.3171306,32,42,72
1739722346.3631306,-83,-54,-60
1739722346.4081306,19,-22,-89
1739722346.4541306,8,28,-95
1739722346.500131,-17,-37,-119
1739722346.546131,54,11,-81
1739722346.5911307,11,28,-61
1739722346.6371307,-34,-36,-167
1739722346.6831307,-32,97,12
1739722346.7281306,38,-56,-13
1739722346.7741306,12,2,-59
1739722346.8201306,28,41,-65
1739722346.8661306,-47,75,44
1739722346.911131,-17,55,-135
1739722346.957131,-47,14,-95
1739722347.003131,-19,0,-2
1739722347.0481308,-34,89,-64
1739722347.0941308,45,34,-115
1739722347.1401308,27,-6,54
1739722347.1861308,-15,-6,82
1739722347.2311306,15,-18,-73
1739722347.2771306,20,27,-53
1739722347.3231306,-26,-13,84
1739722347.3681307,44,-108,59
1739722347.4141307,-17,-58,-35
1739722347.4601307,-10,-18,-39
1739722347.5061307,-11,0,-71
1739722347.5511308,12,-25,-55
1739722347.5971308,51,-3,-11
1739722347.6431308,48,-12,-25
1739722347.6881306,15,-4,-77
1739722347.7341306,49,-56,51
1739722347.7801306,38,21,-121
1739722347.8261306,-87,-59,-57
1739722347.8711307,-39,16,-137
1739722347.9171307,37,26,-147
1739722347.9631307,-5,8,60
1739722348.0081308,33,-3,96
1739722348.0541308,74,-14,9
1739722348.1001308,-94,72,-88
1739722348.1461308,-43,-88,2
1739722348.1911306,-16,0,-45
1739722348.2371306,26,33,-57
1739722348.2831306,-42,17,-22
1739722348.3281307,-8,13,26
1739722348.3741307,-48,54,-71
1739722348.4201307,6,41,-103
1739722348.4661307,9,78,56
1739722348.5111306,-71,30,-101
1739722348.5571306,-11,49,-127
1739722348.6031306,85,26,-71
1739722348.648131,98,-54,-67
1739722348.694131,-13,-51,-31
1739722348.740131,9,61,-38
1739722348.786131,-53,74,-112
1739722348.8311307,5,111,-44
1739722348.8771307,-35,-90,-129
1739722348.9231308,6,52,-8
1739722348.9681306,-35,-44,-59
1739722349.0141306,-58,-31,-53
1739722349.0601306,-11,5,-169
1739722349.1061306,4,-27,-111
1739722349.151131,-10,2,0
1739722349.197131,-12,-101,49
1739722349.2431307,-71,-4,56
1739722349.2881308,62,18,-67
1739722349.3341308,-63,-52,-57
1739722349.3801308,-26,-1,-145
1739722349.4261308,34,23,-61
1739722349.4711306,26,71,-46
1739722349.5171306,-3,-12,-123
1739722349.5631306,-19,-32,0
1739722349.6081307,4,-33,37
1739722349.6541307,-32,53,32
1739722349.7001307,-10,-35,-121
1739722349.7461307,-49,-27,-60
1739722349.7911308,72,-29,-1
1739722349.8371308,43,40,-133
1739722349.8831308,-70,-35,-50
1739722349.9281306,-50,-25,-235
1739722349.9741306,47,0,-97
1739722350.0201306,-32,-53,-27
1739722350.0661306,-21,19,-8
1739722350.1111307,2,3,-71
1739722350.1571307,-47,13,8
1739722350.2031307,52,2,69
1739722350.2481308,-16,84,-26
1739722350.2941308,0,0,36
1739722350.3401306,-57,12,-56
1739722350.3861306,-19,68,-44
1739722350.4311306,-5,-87,-71
1739722350.477131,0,2,-15
1739722350.523131,-14,-15,-59
1739722350.5681307,91,47,-7
1739722350.6141307,-13,0,20
1739722350.6601307,-39,11,-8
1739722350.7061307,85,47,-41
1739722350.7511306,-50,57,0
1739722350.7971306,39,60,11
1739722350.8431306,13,44,-51
1739722350.888131,-4,15,-107
1739722350.934131,-56,43,-32
1739722350.980131,72,-30,-65
1739722351.026131,52,118,-47
1739722351.0711308,-17,-40,-39
1739722351.1171308,70,-1,-67
1739722351.1631308,-41,38,-10
1739722351.2081306,-28,-70,-101
1739722351.2541306,-11,-34,30
1739722351.3001306,50,6,41
1739722351.3461306,43,-55,41
1739722351.3911307,-62,2,60
1739722351.4371307,86,-30,-39
1739722351.4831307,75,9,-77
1739722351.5281308,38,10,-89
1739722351.5741308,59,-11,-185
1739722351.6201308,-49,75,0
1739722351.6661308,37,-35,39
1739722351.7111306,0,74,14
1739722351.7571306,67,-59,-109
1739722351.8031306,59,-31,15
1739722351.8481307,42,1,-103
1739722351.8941307,58,40,-119
1739722351.9401307,12,-55,-69
1739722351.9861307,-28,12,-32
1739722352.0311308,-29,71,-28
1739722352.0771308,-92,49,-10
1739722352.1231308,-37,59,-128
1739722352.1681306,-18,39,-136
1739722352.2141306,84,-19,-23
1739722352.2601306,-8,71,-4
1739722352.3061306,-60,-16,-125
1739722352.3511307,-51,82,46
1739722352.3971307,57,-31,1
1739722352.4431307,-27,23,-125
1739722352.4881306,-16,4,-189
1739722352.5341306,35,-8,-25
1739722352.5801306,-66,10,28
1739722352.6261306,2,-39,-102
1739722352.671131,18,27,47
1739722352.717131,3,-14,16
1739722352.763131,-37,-8,-58
1739722352.8081307,13,-9,-44
1739722352.8541307,6,-27,-20
1739722352.9001307,-94,-11,-48
1739722352.9461308,-26,5,-22
1739722352.9911306,-18,18,-86
1739722353.0371306,-61,-26,12
1739722353.0831306,59,9,7
1739722353.128131,-13,33,-137
1739722353.174131,84,-4,-172
1739722353.2201307,-96,31,31
1739722353.2661307,-30,-6,105
1739722353.3111308,-20,-30,6
1739722353.3571308,6,-26,-108
1739722353.4031308,-36,48,21
1739722353.4481306,-151,28,-36
1739722353.4941306,16,-156,46
1739722353.5401306,-38,6,-71
1739722353.5861306,-42,12,-198
1739722353.6311307,-17,72,-138
1739722353.6771307,88,56,14
1739722353.7231307,-60,60,-81
1739722353.7681308,52,69,-31
1739722353.8141308,-7,25,-53
1739722353.8601308,-11,-1,29
1739722353.9061308,9,-2,6
1739722353.9511306,-63,16,13
1739722354.003131,-2,-63,-98
1739722354.0481308,3,-1,-76
1739722354.0941308,-12,-41,-6
1739722354.1401308,30,-58,-42
1739722354.1861308,-63,-6,58
1739722354.2311306,-50,32,23
1739722354.2771306,68,10,-42
1739722354.3231306,-31,-28,-60
1739722354.3681307,-103,40,-65
1739722354.4141307,-43,4,-62
1739722354.4601307,-96,23,-152
1739722354.5061307,-30,14,-70
1739722354.5511308,-71,21,-168
1739722354.5971308,-34,-8,-94
1739722354.6431308,-37,10,-132
1739722354.6881306,89,4,-61
1739722354.7341306,-67,-32,-34
1739722354.7801306,-19,-33,-46
1739722354.8261306,-12,-123,-54
1739722354.8711307,-33,36,71
1739722354.9171307,33,28,-33
1739722354.9631307,12,26,-33
1739722355.0081308,-28,61,35
1739722355.0541308,-3,-26,-6
1739722355.1001308,27,-5,17
1739722355.1461308,-102,32,-136
1739722355.1911306,4,39,81
1739722355.2371306,-85,17,-42
1739722355.2831306,13,37,-82
1739722355.3281307,122,-30,-30
1739722355.3741307,23,-53,82
1739722355.4201307,-37,43,5
1739722355.4661307,-59,-83,-119
1739722355.5111306,-17,20,-33
1739722355.5571306,-9,40,-143
1739722355.6031306,18,65,-105
1739722355.648131,37,74,-133
1739722355.694131,64,11,-105
1739722355.740131,10,-28,24
1739722355.7851307,-60,26,-77
1739722355.8311307,-54,-56,-97
1739722355.8771307,14,65,4
1739722355.9231308,26,-45,-6
1739722355.9681306,-43,-51,-53
1739722356.0141306,-13,-29,-63
1739722356.0601306,22,-82,-62
1739722356.105131,-38,18,13
1739722356.151131,-20,13,-157
1739722356.197131,21,-14,-15
1739722356.2431307,-34,-43,-131
1739722356.2881308,-13,2,6
1739722356.3341308,-80,-27,-71
1739722356.3801308,27,5,52
1739722356.4251306,6,34,-65
1739722356.4711306,31,-45,-127
1739722356.5171306,-37,20,15
1739722356.5631306,49,-31,82
1739722356.6081307,65,0,14
1739722356.6541307,7,38,-81
1739722356.7001307,13,63,21
1739722356.7451308,-28,-10,-51
1739722356.7911308,26,-37,-38
1739722356.8371308,24,56,1
1739722356.8831308,8,34,68
1739722356.9281306,-14,20,-25
1739722356.9741306,-20,50,-49
1739722357.0201306,-38,-16,-73
1739722357.0651307,40,-29,-35
1739722357.1111307,-1,21,-37
1739722357.1571307,-33,41,-79
1739722357.2031307,49,-66,-23
1739722357.2481308,-8,-13,-47
1739722357.2941308,48,-36,7
1739722357.3401306,-13,-25,-3
1739722357.3851306,-58,90,-11
1739722357.4311306,-37,7,58
1739722357.477131,41,18,-85
1739722357.523131,28,-9,16
1739722357.5681307,81,46,-56
1739722357.6141307,50,-47,104
1739722357.6601307,-4,29,-73
1739722357.7051306,11,3,-39
1739722357.7511306,92,-4,28
1739722357.7971306,4,37,-243
1739722357.8431306,11,41,-117
1739722357.888131,-56,18,13
1739722357.934131,-24,-21,-125
1739722357.980131,-39,25,-115
1739722358.0251307,13,-31,-65
1739722358.0711308,55,12,-47
1739722358.1171308,-60,9,-49
1739722358.1631308,-28,46,-121
1739722358.2081306,38,-46,-139
1739722358.2541306,17,-10,-65
1739722358.3001306,-14,-24,-59
1739722358.3451307,-38,-34,-59
1739722358.3911307,14,-69,-19
1739722358.4371307,-25,29,-17
1739722358.4831307,45,-49,33
1739722358.5281308,-1,39,-102
1739722358.5741308,9,-2,-137
1739722358.6201308,72,-22,-145
1739722358.6651306,-46,-38,-33
1739722358.7111306,-46,-17,-69
1739722358.7571306,5,5,-71
1739722358.8031306,0,-10,-81
1739722358.8481307,-10,104,-60
1739722358.8941307,31,56,102
1739722358.9401307,-43,-1,-41
1739722358.9851308,-29,-59,-83
1739722359.0311308,48,84,-112
1739722359.0771308,-56,22,86
1739722359.1231308,-21,54,-140
1739722359.1681306,26,17,-22
1739722359.2141306,74,10,-38
1739722359.2601306,54,33,-48
1739722359.3051307,-67,-39,-137
1739722359.3511307,-1,54,6
1739722359.3971307,-101,76,-56
1739722359.4431307,-36,1,90
1739722359.4881306,0,1,-71
1739722359.5341306,-2,-6,1
1739722359.5801306,58,26,-55
1739722359.625131,45,-16,-103
1739722359.671131,59,-16,35
1739722359.717131,-1,61,-2
1739722359.763131,10,-14,-113
1739722359.8081307,-41,-42,42
1739722359.8541307,-35,-30,-111
1739722359.9001307,26,39,-67
1739722359.9451306,20,-40,-111
1739722359.9911306,19,-40,0
1739722360.0371306,26,-3,-75
1739722360.0831306,-70,54,-48
1739722360.128131,60,-48,63
1739722360.174131,88,58,-19
1739722360.2201307,-135,-28,2
1739722360.2651308,4,32,-76
1739722360.3111308,-3,-33,-13
1739722360.3571308,-45,-8,-81
1739722360.4031308,-19,-61,1
1739722360.4481306,57,9,-73
1739722360.4941306,-56,9,-10
1739722360.5401306,-39,-3,-38
1739722360.5851307,10,13,16
1739722360.6311307,-11,49,-98
1739722360.6771307,64,34,-99
1739722360.7231307,-60,43,56
1739722360.7681308,-30,32,-104
1739722360.8141308,2,53,-66
1739722360.8601308,-62,3,-104
1739722360.9051306,-27,-30,-81
1739722360.9511306,-55,-19,-69
1739722360.9971306,-36,-21,34
1739722361.0431306,-67,37,0
1739722361.0881307,-9,-14,-97
1739722361.1341307,-37,-71,-37
1739722361.1801307,-16,-4,-28
1739722361.2251308,-5,-45,-125
1739722361.2711308,8,22,-79
1739722361.3171306,-13,-32,27
1739722361.3631306,-44,61,94
1739722361.4081306,7,-44,-197
1739722361.4541306,34,-43,-73
1739722361.500131,-44,0,-48
1739722361.5451307,-9,40,-185
1739722361.5911307,10,72,64
1739722361.6371307,-35,57,-6
1739722361.6831307,-2,1,-41
1739722361.7281306,-44,-5,-142
1739722361.7741306,-26,-76,-61
1739722361.8201306,24,-35,1
1739722361.865131,40,31,-65
1739722361.911131,-43,13,24
1739722361.957131,-44,7,-66
1739722362.003131,-19,-65,91
1739722362.0481308,-11,14,-14
1739722362.0941308,-65,-13,30
1739722362.1401308,13,61,56
1739722362.1851306,-14,36,-68
1739722362.2311306,-8,78,-152
1739722362.2771306,23,-4,63
1739722362.3231306,69,-46,-37
1739722362.3681307,-33,15,-66
1739722362.4141307,-3,-51,-161
1739722362.4601307,54,20,-133
1739722362.5051308,-36,22,-108
1739722362.5511308,6,-39,-87
1739722362.5971308,-34,34,24
1739722362.6431308,-7,-14,-37
1739722362.6881306,-35,-66,-81
1739722362.7341306,-1,-31,-61
1739722362.7801306,42,-27,-13
1739722362.8251307,-92,-15,2
1739722362.8711307,89,30,-93
1739722362.9171307,32,70,-47
1739722362.9631307,44,-21,-79
1739722363.0081308,36,46,-37
1739722363.0541308,-31,5,-90
1739722363.1001308,11,-43,-81
1739722363.1451306,95,9,-11
1739722363.1911306,-14,47,-20
1739722363.2371306,40,41,-29
1739722363.2831306,0,-65,-27
1739722363.3281307,57,14,23
1739722363.3741307,11,-28,-115
1739722363.4201307,27,5,-29
1739722363.4651306,-4,60,-67
1739722363.5111306,-62,27,-68
1739722363.5571306,-3,-6,-99
1739722363.6031306,-1,-35,15
1739722363.648131,24,-53,-75
1739722363.694131,10,10,-21
1739722363.740131,-55,78,-78
1739722363.7851307,-32,-3,-84
1739722363.8311307,3,26,-27
1739722363.8771307,21,-28,23
1739722363.9231308,17,-48,-11
1739722363.9681306,45,7,-33
1739722364.0201306,-80,-23,-148
1739722364.0651307,42,-28,-103
1739722364.1111307,56,2,-121
1739722364.1571307,-26,3,-48
1739722364.2031307,-40,72,0
1739722364.2481308,17,78,65
1739722364.2951307,53,63,-75
1739722364.3411307,2,-56,-130
1739722364.3861306,16,-12,-59
1739722364.4321306,1,-11,-10
1739722364.4781306,85,-5,-157
1739722364.5241306,2,-29,-58
1739722364.569131,100,-22,15
1739722364.615131,6,4,-55
1739722364.661131,-24,2,42
1739722364.707131,20,43,11
1739722364.7521307,13,-26,8
1739722364.7981308,12,-9,-105
1739722364.8441308,-67,53,25
1739722364.8891306,33,25,5
1739722364.9351306,29,26,-67
1739722364.9811306,-73,89,-85
1739722365.0271306,26,-45,-142
1739722365.072131,14,15,-99
1739722365.1181307,-39,90,17
1739722365.1641307,-43,-5,-45
1739722365.2091308,-81,-60,-60
1739722365.2551308,13,28,0
1739722365.3011308,8,2,-23
1739722365.3471308,50,106,-67
1739722365.3921306,31,-17,-89
1739722365.4381306,-74,-31,-48
1739722365.4841306,96,44,-33
1739722365.5291307,-23,-13,8
1739722365.5751307,92,-35,-145
1739722365.6211307,-98,14,-140
1739722365.6661308,30,-16,-153
1739722365.7121308,28,45,36
1739722365.7581308,21,8,-125
1739722365.8041308,57,85,0
1739722365.8491306,90,35,-87
1739722365.8951306,-6,43,-68
1739722365.9411306,-21,-78,-59
1739722365.9861307,-45,12,48
1739722366.0321307,-17,-12,28
1739722366.0781307,-26,14,-60
1739722366.1241307,35,28,-91
1739722366.1691308,-32,-41,-2
1739722366.2151306,-53,53,52
1739722366.2611306,-37,74,-88
1739722366.3061306,-28,-8,-12
1739722366.352131,76,31,-55
1739722366.398131,0,21,-30
1739722366.444131,-120,23,-158
1739722366.4891307,53,33,37
1739722366.5351307,-1,-6,-43
1739722366.5811307,-105,-104,-88
1739722366.6261306,-120,-24,106
1739722366.6721306,-27,-35,-34
1739722366.7181306,45,28,-40
1739722366.7641306,39,-5,-38
1739722366.809131,11,-40,13
1739722366.855131,7,31,34
1739722366.901131,11,73,-64
1739722366.9461308,-45,-24,-21
1739722366.9921308,-33,-5,0
1739722367.0381308,-47,-24,-65
1739722367.0841308,4,27,-72
1739722367.1291306,112,15,-70
1739722367.1751306,-2,-24,87
1739722367.2211306,71,19,-140
1739722367.2661307,-53,17,6
1739722367.3121307,-68,-17,-29
1739722367.3581307,-33,33,-70
1739722367.4041307,13,14,-2
1739722367.4491308,-88,33,-63
1739722367.4951308,124,28,-134
1739722367.5411308,-9,-4,-39
1739722367.5861306,-6,-6,-42
1739722367.6321306,39,-1,-80
1739722367.6781306,7,-31,-28
1739722367.7241306,31,-26,-42
1739722367.7691307,-62,0,-50
1739722367.8151307,-18,14,-22
1739722367.8611307,-86,-17,-110
1739722367.9061308,-8,-26,-8
1739722367.9521308,-15,59,-4
1739722367.9981308,4,-34,17
1739722368.0441308,52,65,18
1739722368.0891306,62,-34,-126
1739722368.1351306,-87,51,25
1739722368.1811306,-31,-10,-292
1739722368.2261307,-24,24,39
1739722368.2721307,-25,-31,-56
1739722368.3181307,11,-29,-62
1739722368.3641307,-6,16,-44
1739722368.4091306,7,39,-164
1739722368.4551306,60,-34,4
1739722368.5011306,82,-51,-116
1739722368.546131,12,12,-19
1739722368.592131,-13,-16,-130
1739722368.638131,-80,30,-56
1739722368.684131,-1,-3,-14
1739722368.7291307,52,13,1
1739722368.7751307,6,15,-142
1739722368.8211308,-127,-17,-104
1739722368.8661306,15,36,-13
1739722368.9121306,4,14,-144
1739722368.9581306,22,2,35
1739722369.0041306,15,-29,-11
1739722369.049131,-61,107,26
1739722369.0951307,-13,-4,-154
1739722369.1411307,-62,49,20
1739722369.1861308,7,-6,-70
1739722369.2321308,-45,103,18
1739722369.2781308,10,-23,43
1739722369.3241308,-31,-42,-37
1739722369.3691306,-3,-10,3
1739722369.4151306,36,26,-44
1739722369.4611306,-11,-31,-7
1739722369.5061307,27,-15,-26
1739722369.5521307,3,54,-64
1739722369.5981307,97,43,-94
1739722369.6441307,81,17,-52
1739722369.6891308,-26,51,34
1739722369.7351308,27,45,36
1739722369.7811308,-77,12,77
1739722369.8261306,0,-5,-148
1739722369.8721306,-34,16,-47
1739722369.9181306,-5,70,-70
1739722369.9641306,-4,18,-2
1739722370.0091307,40,0,-64
1739722370.0551307,44,93,-90
1739722370.1011307,-25,-14,-31
1739722370.1461308,13,92,-2
1739722370.1921306,-91,-10,-120
1739722370.2381306,-12,5,-17
1739722370.2841306,28,47,193
1739722370.3291306,-3,-14,-63
1739722370.375131,42,-15,58
1739722370.421131,117,33,-65
1739722370.4661307,-25,-16,-99
1739722370.5121307,-9,-25,-31
1739722370.5581307,2,55,0
1739722370.6041307,-68,-32,-6
1739722370.6491306,-47,-53,-14
1739722370.6951306,-11,43,-2
1739722370.7411306,-58,-6,-40
1739722370.786131,37,-5,-155
1739722370.832131,18,44,-95
1739722370.878131,-78,10,56
1739722370.924131,0,46,-111
1739722370.9691308,-4,11,-15
1739722371.0151308,-53,16,-80
1739722371.0611308,-72,61,64
1739722371.1061306,73,-73,-49
1739722371.1521306,20,87,-107
1739722371.1981306,19,31,-67
1739722371.2441306,30,-43,-145
1739722371.2891307,32,-1,-107
1739722371.3351307,45,28,-67
1739722371.3811307,-35,-6,-92
1739722371.4261308,13,20,-63
1739722371.4721308,-17,-10,84
1739722371.5181308,-19,10,-87
1739722371.5641308,-25,-28,-18
1739722371.6091306,11,-19,-11
1739722371.6551306,-12,-1,12
1739722371.7011306,-29,23,-26
1739722371.7461307,-12,-12,0
1739722371.7921307,71,11,-65
1739722371.8381307,-5,-16,-179
1739722371.8841307,-50,15,-12
1739722371.9291308,16,28,88
1739722371.9751308,-24,40,6
1739722372.0211308,-55,89,-142
1739722372.0661306,52,-81,-125
1739722372.1121306,23,-24,11
1739722372.1581306,64,-20,5
1739722372.2041306,-9,-2,-79
1739722372.2491307,-92,-7,-170
1739722372.2951307,-31,14,-152
1739722372.3411307,25,18,-3
1739722372.3861306,-7,-72,7
1739722372.4321306,-68,-35,8
1739722372.4781306,11,3,84
1739722372.5241306,15,-59,-117
1739722372.569131,-42,6,-40
1739722372.615131,62,14,-125
1739722372.661131,40,-4,49
1739722372.7061307,-23,-26,-18
1739722372.7521307,59,22,49
1739722372.7981308,-40,42,-14
1739722372.8441308,-3,18,-38
1739722372.8891306,55,5,-127
1739722372.9351306,-62,80,-70
1739722372.9811306,23,-10,-81
1739722373.026131,-15,-19,0
1739722373.072131,22,-28,-31
1739722373.1181307,-95,54,-34
1739722373.1641307,-44,84,-48
1739722373.2091308,56,20,67
1739722373.2551308,-26,6,34
1739722373.3011308,42,-57,-89
1739722373.3461306,-2,23,-183
1739722373.3921306,-41,16,8
1739722373.4381306,-44,-6,-25
1739722373.4841306,10,28,-33
1739722373.5291307,29,-39,-108
1739722373.5751307,-38,0,-81
1739722373.6211307,75,27,40
1739722373.6661308,-2,44,33
1739722373.7121308,-41,-21,-67
1739722373.7581308,10,34,-71
1739722373.8041308,4,19,-43
1739722373.8491306,-56,-11,55
1739722373.8951306,0,-63,-76
1739722373.9411306,0,-47,-50
1739722373.9861307,-4,36,17
1739722374.0381308,-27,-32,-60
1739722374.0841308,-32,-91,46
1739722374.1291306,43,-37,-72
1739722374.1751306,-35,31,-71
1739722374.2211306,-90,-88,-29
1739722374.2661307,18,27,-56
1739722374.3121307,46,-25,-26
1739722374.3581307,18,-42,-22
1739722374.4041307,18,40,7
1739722374.4491308,59,11,-40
1739722374.4951308,-11,-58,8
1739722374.5411308,-29,-19,19
1739722374.5861306,2,45,-99
1739722374.6321306,77,90,-84
1739722374.6781306,-3,12,39
1739722374.7241306,88,-24,-50
1739722374.7691307,0,-50,-14
1739722374.8151307,26,-9,-142
1739722374.8611307,-65,28,-15
1739722374.9061308,-43,-2,11
1739722374.9521308,-58,84,-75
1739722374.9981308,0,5,-96
1739722375.0441308,42,30,-62
1739722375.0891306,-30,-13,0
1739722375.1351306,-2,-6,-10
1739722375.1811306,-44,13,23
1739722375.2261307,29,-75,86
1739722375.2721307,49,39,-35
1739722375.3181307,0,-37,-40
1739722375.3641307,41,-1,58
1739722375.4091306,25,-74,-70
1739722375.4551306,30,12,-28
1739722375.5011306,54,32,-118
1739722375.546131,-66,-27,-9
1739722375.592131,-30,65,37
1739722375.638131,-2,-2,-6
1739722375.6831307,-13,45,-61
1739722375.7291307,31,-3,-52
1739722375.7751307,-5,-9,-20
1739722375.8211308,-8,-15,30
1739722375.8661306,25,-23,-56
1739722375.9121306,29,1,-68
1739722375.9581306,-15,-25,-4
1739722376.003131,2,-47,8
1739722376.049131,30,-72,-66
1739722376.0951307,-73,15,7
1739722376.1411307,41,20,-26
1739722376.1861308,91,13,-80
1739722376.2321308,-61,-68,-38
1739722376.2781308,9,-22,0
1739722376.3231306,20,85,43
1739722376.3691306,-18,-43,-36
1739722376.4151306,-77,-31,-39
1739722376.4611306,17,76,-68
1739722376.5061307,11,-10,2
1739722376.5521307,-34,-49,-78
1739722376.5981307,10,-8,-40
1739722376.6431308,27,22,-48
1739722376.6891308,9,-2,-86
1739722376.7351308,-27,-32,55
1739722376.7811308,67,44,-26
1739722376.8261306,13,33,-164
1739722376.8721306,-22,-59,-158
1739722376.9181306,-3,63,-96
1739722376.9631307,52,-16,-26
1739722377.0091307,-29,32,-44
1739722377.0551307,-70,-13,-106
1739722377.1011307,-26,49,93
1739722377.1461308,24,-58,-50
1739722377.1921306,0,14,-74
1739722377.2381306,-48,29,35
1739722377.2831306,-3,-10,-166
1739722377.3291306,49,18,-78
1739722377.375131,-18,87,1
1739722377.421131,45,-14,-136
1739722377.4661307,4,-40,-136
1739722377.5121307,0,-7,-58
1739722377.5581307,22,47,-36
1739722377.6031306,61,-18,-40
1739722377.6491306,21,16,-46
1739722377.6951306,1,-72,-70
1739722377.7411306,-29,40,-72
1739722377.786131,-59,-16,-64
1739722377.832131,76,-20,-28
1739722377.878131,20,37,-79
1739722377.9231308,-76,71,-27
1739722377.9691308,6,-30,-2
1739722378.0141306,-63,40,-64
1739722378.059131,23,-14,-31
1739722378.105131,-56,56,-94
1739722378.151131,34,6,-107
1739722378.197131,-48,48,-10
1739722378.2421308,62,21,53
1739722378.2881308,-15,-89,-47
1739722378.3341308,88,-8,-93
1739722378.3791306,87,-115,5
1739722378.4251306,-3,-89,1
1739722378.4711306,14,-2,125
1739722378.5171306,-5,9,66
1739722378.5621307,-82,10,-204
1739722378.6081307,54,-72,-99
1739722378.6541307,15,82,-56
1739722378.6991308,-20,-29,-39
1739722378.7451308,-71,21,-36
1739722378.7911308,90,-18,-155
1739722378.8371308,28,-50,-31
1739722378.8821306,-18,-25,-83
1739722378.9281306,78,2,-165
1739722378.9741306,-7,-29,76
1739722379.0191307,71,14,-45
1739722379.0651307,-14,63,-4
1739722379.1111307,-3,-45,-47
1739722379.1571307,-34,28,44
1739722379.2021308,51,-22,59
1739722379.2481308,4,-52,-101
1739722379.2941308,-45,19,-154
1739722379.3391306,-26,89,-182
1739722379.3851306,-29,-17,-59
1739722379.4311306,124,-16,7
1739722379.477131,-101,-1,16
1739722379.5221307,14,12,-57
1739722379.5681307,1,-83,-73
1739722379.6141307,12,-15,-63
1739722379.6591306,-55,-57,-1
1739722379.7051306,-12,-11,-25
1739722379.7511306,8,26,-22
1739722379.7971306,-27,8,-36
1739722379.842131,1,35,-32
1739722379.888131,-16,-16,-101
1739722379.934131,-14,4,-2
1739722379.9791307,21,37,-22
1739722380.0251307,10,-47,-77
1739722380.0711308,-24,-14,62
1739722380.1171308,57,-65,-79
1739722380.1621306,35,-19,-137
1739722380.2081306,15,-2,49
1739722380.2541306,35,-55,-81
1739722380.299131,-12,80,62
1739722380.3451307,55,-44,-7
1739722380.3911307,8,29,10
1739722380.4371307,32,-79,-93
1739722380.4821308,-22,-37,-8
1739722380.5281308,-43,19,-112
1739722380.5741308,-15,6,-26
1739722380.6191306,-33,-11,-10
1739722380.6651306,38,32,-105
1739722380.7111306,-47,41,-40
1739722380.7571306,69,16,-17
1739722380.8021307,20,-55,53
1739722380.8481307,14,-61,-147
1739722380.8941307,-13,-32,92
1739722380.9391308,27,37,-39
1739722380.9851308,61,-40,-139
1739722381.0311308,3,-33,7
1739722381.0771308,49,-24,-71
1739722381.1221306,-39,-66,-229
1739722381.1681306,-48,-24,-74
1739722381.2141306,33,18,-32
1739722381.2591307,35,43,-2
1739722381.3051307,-3,-10,-57
1739722381.3511307,-4,16,25
1739722381.3971307,30,32,140
1739722381.4421306,7,-38,-5
1739722381.4881306,53,31,-25
1739722381.5341306,-9,-27,-9
1739722381.5791306,-39,-22,-149
1739722381.625131,-44,49,-50
1739722381.671131,2,-18,-13
1739722381.717131,-1,-4,-39
1739722381.7621307,-23,28,18
1739722381.8081307,-36,7,-50
1739722381.8541307,-10,15,0
1739722381.8991306,-7,25,-14
1739722381.9451306,11,38,48
1739722381.9911306,24,-79,-1
1739722382.0371306,-57,-35,40
1739722382.082131,58,-13,77
1739722382.128131,-27,52,-52
1739722382.174131,0,-44,-53
1739722382.2191308,9,-51,-39
1739722382.2651308,94,36,37
1739722382.3111308,3,-52,-67
1739722382.3571308,33,48,-51
1739722382.4021306,32,-25,-71
1739722382.4481306,-35,-38,56
1739722382.4941306,-66,-10,-84
1739722382.5391307,28,-18,-123
1739722382.5851307,51,-15,51
1739722382.6311307,-71,-6,46
1739722382.6771307,-31,9,40
1739722382.7221308,-37,-56,-113
1739722382.7681308,-26,-82,-23
1739722382.8141308,25,-44,-51
1739722382.8591306,-23,17,-92
1739722382.9051306,5,-34,-77
1739722382.9511306,-50,-33,-70
1739722382.9971306,-88,13,-106
1739722383.0421307,85,-17,-127
1739722383.0881307,1,18,-193
1739722383.1341307,91,24,-81
1739722383.1791308,6,-59,112
1739722383.2251308,35,37,-63
1739722383.2711308,95,-34,-81
1739722383.3171306,-29,-21,52
1739722383.3621306,-6,18,-70
1739722383.4081306,-54,-7,-50
1739722383.4541306,7,4,-3
1739722383.4991307,-14,103,-128
1739722383.5451307,67,24,38
1739722383.5911307,9,12,-60
1739722383.6371307,-40,11,53
1739722383.6821306,-30,8,-63
1739722383.7281306,-73,19,-25
1739722383.7741306,-37,-6,-34
1739722383.819131,-47,77,13
1739722383.865131,43,30,-28
1739722383.911131,-38,-51,101
1739722383.957131,10,67,29
1739722384.0021307,9,-68,-118
1739722384.0541308,-57,59,-69
1739722384.0991306,-4,0,-11
1739722384.1451306,40,27,-61
1739722384.1911306,-29,52,-61
1739722384.2371306,90,4,-7
1739722384.2821307,59,13,-117
1739722384.3291306,76,20,-79
1739722384.375131,11,-35,8
1739722384.421131,3,9,-39
1739722384.4661307,20,10,-99
1739722384.5121307,0,-19,96
1739722384.5581307,1,45,39
1739722384.6031306,28,177,-113
1739722384.6491306,20,-4,-43
1739722384.6951306,-53,-10,-110
1739722384.7411306,54,-38,-15
1739722384.786131,16,38,-55
1739722384.832131,-1,-27,-103
1739722384.878131,74,50,9
1739722384.9231308,-72,14,-92
1739722384.9691308,-3,-35,76
1739722385.0151308,-56,-42,-150
1739722385.0611308,-29,-21,-6
1739722385.1061306,11,-12,-75
1739722385.1521306,17,63,-60
1739722385.1981306,11,99,32
1739722385.2431307,-12,-5,-81
1739722385.2891307,40,-55,-10
1739722385.3351307,30,0,-122
1739722385.3811307,-17,39,-95
1739722385.4261308,62,-5,-54
1739722385.4721308,49,8,4
1739722385.5181308,-1,-15,31
1739722385.5631306,48,-8,-74
1739722385.6091306,-14,-13,-35
1739722385.6551306,10,-25,20
1739722385.7001307,42,-20,10
1739722385.7461307,-1,0,-114
1739722385.7921307,-55,-53,67
1739722385.8381307,-29,21,-17
1739722385.8831308,74,-40,-42
1739722385.9291308,-13,58,-96
1739722385.9751308,-33,26,-37
1739722386.0201306,-74,0,21
1739722386.0661306,-28,1,-13
1739722386.1121306,52,-23,8
1739722386.1581306,-69,5,-111
1739722386.2031307,14,47,38
1739722386.2491307,83,-16,-198
1739722386.2951307,1,81,12
1739722386.3401306,-7,23,29
1739722386.3861306,-13,24,91
1739722386.4321306,-3,-29,-132
1739722386.4781306,-15,-23,-99
1739722386.523131,-88,79,-21
1739722386.569131,37,-22,-110
1739722386.615131,68,-40,-100
1739722386.6601307,-12,-43,-60
1739722386.7061307,56,-18,36
1739722386.7521307,28,22,-28
1739722386.7981308,28,16,24
1739722386.8431306,5,6,17
1739722386.8891306,38,19,-10
1739722386.9351306,-30,1,-3
1739722386.980131,7,87,-62
1739722387.026131,-34,31,5
1739722387.072131,54,18,58
1739722387.1181307,28,-68,-24
1739722387.1631308,-84,-23,-99
1739722387.2091308,-10,34,-37
1739722387.2551308,-3,-37,-60
1739722387.3001306,-16,7,-83
1739722387.3461306,-26,-41,-80
1739722387.3921306,68,48,-24
1739722387.4381306,-11,-39,-41
1739722387.4831307,10,-16,-104
1739722387.5291307,35,-45,20
1739722387.5751307,87,-102,-56
1739722387.6201308,18,-12,-60
1739722387.6661308,-1,15,23
1739722387.7121308,-97,102,-140
1739722387.7581308,-61,-57,-89
1739722387.8031306,25,-23,-8
1739722387.8491306,88,-50,-35
1739722387.8951306,148,51,4
1739722387.9401307,-7,-4,-132
1739722387.9861307,31,86,-20
1739722388.0321307,58,-43,-30
1739722388.0781307,-60,49,-7
1739722388.1231308,-11,20,-31
1739722388.1691308,-17,-81,-13
1739722388.2151306,49,-34,-41
1739722388.2601306,-9,11,-46
1739722388.3061306,32,50,-82
1739722388.352131,7,1,-146
1739722388.398131,-20,37,-27
1739722388.4431307,42,-15,-102
1739722388.4891307,-72,-2,-4
1739722388.5351307,-21,-23,-121
1739722388.5801306,54,-65,-41
1739722388.6261306,-22,40,-6
1739722388.6721306,-27,46,-121
1739722388.7181306,86,3,-67
1739722388.763131,-22,1,-51
1739722388.809131,-26,10,-139
1739722388.855131,14,56,65
1739722388.9001307,23,59,-92
1739722388.9461308,23,22,-17
1739722388.9921308,-8,-8,-19
1739722389.0381308,-17,19,-12
1739722389.0831306,-7,2,104
1739722389.1291306,-3,-16,-53
1739722389.1751306,-17,-8,0
1739722389.2201307,-102,-32,-61
1739722389.2661307,12,-41,30
1739722389.3121307,19,121,-16
1739722389.3581307,25,36,46
1739722389.4031308,37,32,-2
1739722389.4491308,3,5,0
1739722389.4951308,-29,-23,-151
1739722389.5401306,-9,48,74
1739722389.5861306,-26,26,-99
1739722389.6321306,10,19,-91
1739722389.6781306,5,-15,28
1739722389.7231307,19,-32,76
1739722389.7691307,0,-32,-73
1739722389.8151307,66,5,-81
1739722389.8601308,3,15,128
1739722389.9061308,2,40,52
1739722389.9521308,37,-41,-45
1739722389.9981308,64,13,43
1739722390.0431306,-74,-5,18
1739722390.0891306,-40,11,-36
1739722390.1351306,-131,7,-48
1739722390.1801307,-7,-23,-53
1739722390.2261307,-29,67,-14
1739722390.2721307,88,-56,-21
1739722390.3181307,4,-1,-139
1739722390.3631306,53,-19,23
1739722390.4091306,23,-2,-149
1739722390.4551306,-32,-60,20
1739722390.500131,-61,-9,-60
1739722390.546131,-7,23,-107
1739722390.592131,32,21,-45
1739722390.638131,59,-40,-37
1739722390.6831307,42,26,-57
1739722390.7291307,29,-45,39
1739722390.7751307,-4,-45,-57
1739722390.8201306,-69,39,-129
1739722390.8661306,-43,15,-36
1739722390.9121306,18,42,26
1739722390.9581306,-42,-2,-93
1739722391.003131,-46,26,48
1739722391.049131,52,-73,-55
1739722391.0951307,-86,-42,66
1739722391.1401308,51,-38,-103
1739722391.1861308,0,-22,-53
1739722391.2321308,-67,26,-71
1739722391.2781308,-20,68,-150
1739722391.3231306,-52,-39,-211
1739722391.3691306,-38,42,-30
1739722391.4151306,-7,-13,15
1739722391.4601307,-28,-21,-17
1739722391.5061307,-37,-10,26
1739722391.5521307,28,-8,-77
1739722391.5981307,23,36,-43
1739722391.6431308,55,-36,-23
1739722391.6891308,63,-24,-21
1739722391.7351308,-8,-25,-37
1739722391.7801306,-29,-19,28
1739722391.8261306,14,-41,-125
1739722391.8721306,-80,16,-91
1739722391.9181306,-5,22,-21
1739722391.9631307,8,-5,-151
1739722392.0091307,-112,-36,-39
1739722392.0551307,-47,66,-34
1739722392.1001308,39,-69,-101
1739722392.1461308,-49,39,27
1739722392.1921306,-47,17,-1
1739722392.2381306,-29,28,-103
1739722392.2831306,13,-16,-23
1739722392.3291306,26,59,-113
1739722392.375131,18,-43,-79
1739722392.4201307,-43,0,-75
1739722392.4661307,-121,-14,-281
1739722392.5121307,-46,60,-15
1739722392.5581307,-56,54,-52
1739722392.6031306,-65,-31,-20
1739722392.6491306,23,-21,50
1739722392.6951306,-111,59,-58
1739722392.740131,-31,-76,-49
1739722392.786131,-114,-46,-27
1739722392.832131,-59,-36,-96
1739722392.878131,2,-29,-120
1739722392.9231308,-85,15,-88
1739722392.9691308,22,-2,-98
1739722393.0151308,33,5,-124
1739722393.0601306,-49,-8,-6
1739722393.1061306,-23,-11,-54
1739722393.1521306,61,9,107
1739722393.1981306,-51,-55,0
1739722393.2431307,31,39,-28
1739722393.2891307,1,52,-90
1739722393.3351307,1,50,-68
1739722393.3801308,38,-26,-9
1739722393.4261308,-27,9,40
1739722393.4721308,0,15,-114
1739722393.5181308,-33,3,-46
1739722393.5631306,46,43,-77
1739722393.6091306,-75,26,-84
1739722393.6551306,14,33,-24
1739722393.7001307,55,33,19
1739722393.7461307,-38,30,-90
1739722393.7921307,2,-16,-54
1739722393.8381307,148,-2,-76
1739722393.8831308,-2,11,-20
1739722393.9291308,9,22,0
1739722393.9751308,14,-9,-58
1739722394.0201306,-34,-59,-150
1739722394.072131,11,73,77
1739722394.1181307,35,3,-50
1739722394.1631308,11,15,-86
1739722394.2091308,-13,-42,-48
1739722394.2551308,-4,-10,-164
1739722394.3001306,-22,12,-75
1739722394.3461306,42,10,14
1739722394.3921306,61,-18,-16
1739722394.4381306,-54,9,-95
1739722394.4821308,29,7,-118
1739722394.5281308,-22,-50,-16
1739722394.5741308,-19,35,81
1739722394.6191306,36,-11,-26
1739722394.6651306,94,42,40
1739722394.7111306,19,31,-68
1739722394.7561307,-90,-13,77
1739722394.8021307,-7,60,-5
1739722394.8481307,47,31,89
1739722394.8941307,-84,7,7
1739722394.9391308,-38,-6,27
1739722394.9851308,-101,-7,-65
1739722395.0311308,26,-44,26
1739722395.0761306,47,31,3
1739722395.1221306,-79,8,-43
1739722395.1681306,32,30,-64
1739722395.2141306,39,19,32
1739722395.2591307,-40,28,43
1739722395.3051307,-41,-23,-84
1739722395.3511307,-81,-16,-107
1739722395.3961308,-2,-8,-58
1739722395.4421306,84,30,-62
1739722395.4881306,-67,124,-27
1739722395.5341306,93,38,-20
1739722395.5791306,9,9,51
1739722395.625131,4,46,-133
1739722395.671131,-68,-49,-79
1739722395.7161307,-22,159,-21
1739722395.7621307,8,83,-66
1739722395.8081307,49,-55,4
1739722395.8531306,-37,23,-31
1739722395.8991306,-34,28,-99
1739722395.9451306,-43,4,-87
1739722395.9911306,-23,16,47
1739722396.036131,6,45,-67
1739722396.082131,31,-11,-4
1739722396.128131,-9,-53,-46
1739722396.1731308,-130,-19,-85
1739722396.2191308,55,-31,-38
1739722396.2651308,-11,0,-65
1739722396.3111308,-10,39,-3
1739722396.3561306,14,-14,48
1739722396.4021306,58,-19,-98
1739722396.4481306,-39,-38,-9
1739722396.4931307,-13,28,-71
1739722396.5391307,5,0,-112
1739722396.5851307,14,0,54
1739722396.6311307,34,78,-117
1739722396.6761308,33,-68,-114
1739722396.7221308,-85,25,-63
1739722396.7681308,40,-58,10
1739722396.8131306,-40,20,15
1739722396.8591306,-11,-79,2
1739722396.9051306,0,11,23
1739722396.9511306,51,46,-106
1739722396.9961307,9,92,33
1739722397.0421307,-18,52,-117
1739722397.0881307,-40,50,-105
1739722397.1331308,-13,-73,-110
1739722397.1791308,60,-76,70
1739722397.2251308,69,-19,40
1739722397.2711308,-38,-30,-83
1739722397.3161306,54,9,4
1739722397.3621306,7,-4,-104
1739722397.4081306,-54,6,-77
1739722397.4531307,14,-75,0
1739722397.4991307,1,-29,-44
1739722397.5451307,-19,34,9
1739722397.5911307,39,-20,-60
1739722397.6361306,-24,20,-101
1739722397.6821306,7,-4,84
1739722397.7281306,11,12,-34
1739722397.773131,130,45,-78
1739722397.819131,-3,-46,84
1739722397.865131,16,-8,-74
1739722397.911131,8,6,-64
1739722397.9561307,7,84,45
1739722398.0021307,1,-35,-68
1739722398.0481308,0,17,-98
1739722398.0931306,-84,8,-81
1739722398.1391306,-7,-20,-43
1739722398.1851306,16,12,-107
1739722398.2311306,26,24,-29
1739722398.276131,11,37,-89
1739722398.322131,-26,90,-76
1739722398.3681307,9,-9,-149
1739722398.4131308,34,16,-63
1739722398.4591308,-39,-45,-131
1739722398.5051308,-26,53,-133
1739722398.5511308,6,14,-45
1739722398.5961306,39,-77,-19
1739722398.6421306,46,-19,-65
1739722398.6881306,25,-12,-53
1739722398.7331307,26,19,23
1739722398.7791307,13,-30,-121
1739722398.8251307,91,20,-11
1739722398.8711307,-82,28,-22
1739722398.9161308,-5,-24,-63
1739722398.9621308,-25,-47,1
1739722399.0081308,69,-32,-9
1739722399.0531306,60,35,11
1739722399.0991306,8,30,4
1739722399.1451306,63,-95,-215
1739722399.1911306,-5,37,-59
1739722399.2361307,50,39,35
1739722399.2821307,24,-33,-21
1739722399.3281307,-26,8,-60
1739722399.3731308,22,-41,-37
1739722399.4191308,-22,49,30
1739722399.4651306,27,38,-77
1739722399.5111306,8,-23,-3
1739722399.5561306,100,-37,-29
1739722399.602131,-70,64,-32
1739722399.648131,19,41,55
1739722399.6931307,46,6,-37
1739722399.7391307,21,-51,-69
1739722399.7851307,-29,-8,12
1739722399.8311307,14,-11,-81
1739722399.8761306,-38,53,-48
1739722399.9221306,-34,24,-26
1739722399.9681306,-23,86,-80
1739722400.013131,-8,73,26
1739722400.059131,-11,55,-60
1739722400.105131,30,-51,-3
1739722400.151131,30,5,-117
1739722400.1961308,-17,-41,-65
1739722400.2421308,-34,-13,-39
1739722400.2881308,75,-18,-51
1739722400.3331306,8,0,48
1739722400.3791306,27,-19,35
1739722400.4251306,-17,-12,-137
1739722400.4711306,18,-35,43
1739722400.5161307,-6,-11,-69
1739722400.5621307,4,2,-127
1739722400.6081307,40,-12,-9
1739722400.6531308,4,-10,-41
1739722400.6991308,38,5,-11
1739722400.7451308,53,-67,-17
1739722400.7911308,-29,5,-101
1739722400.8361306,-17,88,122
1739722400.8821306,-57,-4,-48
1739722400.9281306,20,-1,-81
1739722400.9731307,-1,25,-91
1739722401.0191307,-63,-42,-74
1739722401.0651307,26,-65,-31
1739722401.1111307,105,30,-133
1739722401.1561308,-99,12,-174
1739722401.2021308,-101,55,-38
1739722401.2481308,-21,-13,14
1739722401.2931306,-27,106,-4
1739722401.3391306,-77,37,-110
1739722401.3851306,-5,-24,-9
1739722401.4311306,-64,-10,-110
1739722401.4761307,13,-4,-17
1739722401.5221307,-27,-8,-156
1739722401.5681307,94,-28,-35
1739722401.6131306,17,1,-68
1739722401.6591306,-45,-41,17
1739722401.7051306,62,-46,-114
1739722401.7511306,84,35,-22
1739722401.796131,-8,-25,-29
1739722401.842131,-18,70,-92
1739722401.888131,-13,18,-5
1739722401.9331307,4,23,4
1739722401.9791307,53,-7,-98
1739722402.0251307,-16,-46,-108
1739722402.0711308,179,67,-82
1739722402.1161306,-55,15,57
1739722402.1621306,-29,82,-17
1739722402.2081306,-1,77,-67
1739722402.253131,20,-97,-36
1739722402.299131,15,53,-101
1739722402.3451307,-13,-45,-27
1739722402.3911307,46,88,-64
1739722402.4361308,-15,63,15
1739722402.4821308,50,72,-21
1739722402.5281308,-36,-48,-32
1739722402.5731306,-34,-34,201
1739722402.6191306,104,33,-4
1739722402.6651306,-67,35,-35
1739722402.7111306,-47,-32,-25
1739722402.7561307,92,41,-58
1739722402.8021307,-35,21,-29
1739722402.8481307,8,-59,-70
1739722402.8931308,51,-76,-8
1739722402.9391308,-65,-8,-11
1739722402.9851308,36,22,-10
1739722403.0311308,33,31,-28
1739722403.0761306,-53,38,15
1739722403.1221306,34,0,-100
1739722403.1681306,15,-14,42
1739722403.2131307,-40,47,-55
1739722403.2591307,-50,-29,-141
1739722403.3051307,12,-23,-4
1739722403.3511307,17,-35,-58
1739722403.3961308,15,26,-202
1739722403.4421306,20,58,42
1739722403.4881306,30,11,-112
1739722403.5331306,-122,-77,-159
1739722403.5791306,55,16,12
1739722403.625131,65,1,-104
1739722403.671131,-7,89,-25
1739722403.7161307,38,32,-130
1739722403.7621307,86,-17,126
1739722403.8081307,-3,-33,8
1739722403.8531306,-50,-75,-38
1739722403.8991306,14,-63,-46
1739722403.9451306,-17,-64,24
1739722403.9911306,-35,-36,-57
1739722404.0421307,91,1,-92
1739722404.0881307,-18,15,-23
1739722404.1331308,17,-56,68
1739722404.1791308,-2,-44,-72
1739722404.2251308,-51,46,-40
1739722404.2711308,-35,-25,-78
1739722404.3161306,82,-24,29
1739722404.3621306,-44,12,-80
1739722404.4081306,52,38,-117
1739722404.4531307,94,-26,-97
1739722404.4991307,-94,-72,-36
1739722404.5451307,-41,9,-73
1739722404.5911307,12,-119,-155
1739722404.6361306,-31,57,64
1739722404.6821306,72,-21,0
1739722404.7281306,-61,49,-78
1739722404.773131,-41,75,-38
1739722404.819131,0,93,-78
1739722404.865131,86,22,-63
1739722404.9101307,-23,-10,36
1739722404.9561307,-25,13,-149
1739722405.0021307,0,-40,-133
1739722405.0481308,-5,-36,78
1739722405.0931306,39,-19,-17
1739722405.1391306,37,-4,-43
1739722405.1851306,-19,12,-8
1739722405.2311306,71,-8,41
1739722405.276131,88,29,-181
1739722405.322131,11,-6,-71
1739722405.3681307,-39,143,52
1739722405.4131308,74,46,83
1739722405.4591308,63,45,-21
1739722405.5051308,13,-4,-35
1739722405.5511308,-22,5,-32
1739722405.5961306,52,-11,9
1739722405.6421306,72,61,51
1739722405.6881306,-35,44,64
1739722405.7331307,-14,25,48
1739722405.7791307,-25,24,-26
1739722405.8251307,16,-83,-121
1739722405.8701308,6,50,-161
1739722405.9161308,-56,7,6
1739722405.9621308,41,-25,-115
1739722406.0081308,103,23,-137
1739722406.0531306,83,45,0
1739722406.0991306,-22,-48,52
1739722406.1451306,23,84,73
1739722406.1901307,-25,-1,-63
1739722406.2361307,-4,34,-21
1739722406.2821307,17,-13,-157
1739722406.3281307,66,10,-1
1739722406.3731308,-5,17,-77
1739722406.4191308,-8,13,-43
1739722406.4651306,-69,11,36
1739722406.5101306,-35,-13,26
1739722406.5561306,-67,-23,-183
1739722406.602131,-47,-26,52
1739722406.648131,7,-8,-167
1739722406.6931307,45,7,-64
1739722406.7391307,59,4,-50
1739722406.7851307,-12,-41,5
1739722406.8301306,-40,18,62
1739722406.8761306,78,-41,5
1739722406.9221306,-21,6,-81
1739722406.9681306,-43,15,-76
1739722407.013131,28,0,-7
1739722407.059131,15,0,9
1739722407.105131,35,-36,-115
1739722407.1501307,70,-19,-23
1739722407.1961308,1,26,-97
1739722407.2421308,7,8,-53
1739722407.2881308,38,21,63
1739722407.3331306,-14,-71,-87
1739722407.3791306,-19,-36,-109
1739722407.4251306,6,-44,-25
1739722407.4701307,3,46,-101
1739722407.5161307,48,10,-47
1739722407.5621307,-59,-2,-116
1739722407.6081307,25,-56,-157
1739722407.6531308,-18,22,-40
1739722407.6991308,61,-36,27
1739722407.7451308,19,-36,-99
1739722407.7901306,-35,-7,-28
1739722407.8361306,-17,40,-45
1739722407.8821306,-27,-9,-37
1739722407.9281306,-17,26,37
1739722407.9731307,17,37,-82
1739722408.0191307,-25,27,-37
1739722408.0651307,-88,84,-73
1739722408.1101308,1,29,9
1739722408.1561308,-45,-71,-56
1739722408.2021308,47,-8,-112
1739722408.2481308,22,14,-64
1739722408.2931306,33,14,-112
1739722408.3391306,-49,-30,115
1739722408.3851306,50,51,-114
1739722408.4301307,40,2,-96
1739722408.4761307,21,3,-140
1739722408.5221307,-10,-4,-30
1739722408.5681307,-2,38,-73
1739722408.6131306,-77,-32,-48
1739722408.6591306,-10,9,-55
1739722408.7051306,67,23,-28
1739722408.750131,28,73,-17
1739722408.796131,16,38,-45
1739722408.842131,16,-31,-26
1739722408.888131,20,3,-100
1739722408.9331307,-16,-64,-6
1739722408.9791307,39,-10,-30
1739722409.0251307,52,26,28
1739722409.0701306,4,-78,-138
1739722409.1161306,-34,-4,-133
1739722409.1621306,5,18,-43
1739722409.2081306,74,-12,-26
1739722409.253131,-17,98,-71
1739722409.299131,13,-16,-120
1739722409.3451307,-55,21,-67
1739722409.3901308,39,-6,72
1739722409.4361308,-34,31,-15
1739722409.4821308,-1,-65,-2
1739722409.5281308,-17,19,-64
1739722409.5731306,19,-35,-39
1739722409.6191306,7,-11,-69
1739722409.6651306,3,38,-26
1739722409.7101307,-1,50,76
1739722409.7561307,-8,-4,26
1739722409.8021307,-7,39,80
1739722409.8481307,37,-22,17
1739722409.8931308,56,56,-40
1739722409.9391308,-68,-24,-36
1739722409.9851308,36,-8,-137
1739722410.0301306,29,14,-97
1739722410.0761306,65,17,-61
1739722410.1221306,53,-29,-197
1739722410.1681306,79,-33,-85
1739722410.2131307,-2,-6,-68
1739722410.2591307,61,17,-8
1739722410.3051307,-13,-26,-2
1739722410.3501308,30,-18,58
1739722410.3961308,27,-48,-8
1739722410.4421306,63,-2,-38
1739722410.4881306,-91,0,-149
1739722410.5331306,9,78,127
1739722410.5791306,-61,6,67
1739722410.625131,82,-24,-146
1739722410.6701307,-12,60,-47
1739722410.7161307,0,-38,-84
1739722410.7621307,-85,52,-167
1739722410.8081307,7,20,61
1739722410.8531306,-77,-29,-91
1739722410.8991306,0,-25,67
1739722410.9451306,-10,49,-1
1739722410.990131,-10,-8,67
1739722411.036131,-159,0,87
1739722411.082131,-41,-30,-61
1739722411.128131,-63,42,-51
1739722411.1731308,2,-20,50
1739722411.2191308,25,-40,44
1739722411.2651308,38,-11,-126
1739722411.3101306,37,47,-91
1739722411.3561306,6,52,-93
1739722411.4021306,-68,-30,-82
1739722411.4481306,-34,-20,-16
1739722411.4931307,7,-30,-122
1739722411.5391307,67,10,-52
1739722411.5851307,21,-4,-2
1739722411.6301308,14,0,-52
1739722411.6761308,33,-48,0
1739722411.7221308,-25,-47,-96
1739722411.7681308,58,7,2
1739722411.8131306,11,-31,-36
1739722411.8591306,7,-43,-80
1739722411.9051306,49,-28,-52
1739722411.9501307,-31,38,-167
1739722411.9961307,3,-35,-72
1739722412.0421307,-121,-25,-123
1739722412.0881307,5,-29,-62
1739722412.1331308,7,-72,44
1739722412.1791308,-32,-62,-2
1739722412.2251308,23,-39,-144
1739722412.2701306,-71,14,-129
1739722412.3161306,-85,-17,-67
1739722412.3621306,-29,17,-11
1739722412.4081306,36,16,-6
1739722412.4531307,-18,24,-73
1739722412.4991307,30,-49,-42
1739722412.5451307,102,27,-20
1739722412.5901306,-54,-11,-43
1739722412.6361306,-35,16,-17
1739722412.6821306,130,-11,-20
1739722412.7281306,-74,68,-89
1739722412.773131,29,-34,-120
1739722412.819131,19,-61,60
1739722412.865131,9,-14,-54
1739722412.9101307,40,-36,-24
1739722412.9561307,-14,14,57
1739722413.0021307,45,57,-122
1739722413.0481308,-53,-24,-35
1739722413.0931306,-17,-24,-69
1739722413.1391306,-26,0,51
1739722413.1851306,44,45,39
1739722413.230131,30,9,-126
1739722413.276131,16,28,201
1739722413.322131,33,-5,-12
1739722413.3681307,-40,-26,-57
1739722413.4131308,106,-27,2
1739722413.4591308,-25,-5,133
1739722413.5051308,-8,-23,-52
1739722413.5501306,45,27,79
1739722413.5961306,13,4,-102
1739722413.6421306,39,0,-68
1739722413.6881306,-34,-7,-3
1739722413.7331307,-27,43,-73
1739722413.7791307,-69,-55,-4
1739722413.8251307,-84,5,-39
1739722413.8701308,-35,-51,-66
1739722413.9161308,-61,-84,201
1739722413.9621308,-30,-25,-35
1739722414.0081308,-26,-3,59
1739722414.059131,-37,63,-189
1739722414.105131,-63,23,41
1739722414.1501307,64,59,-156
1739722414.1961308,-16,27,57
1739722414.2421308,-12,-43,-102
1739722414.2881308,-2,73,-76
1739722414.3331306,-55,31,-133
1739722414.3791306,-56,37,7
1739722414.4251306,12,-1,-80
1739722414.4701307,-44,57,-23
1739722414.5161307,-67,-34,-3
1739722414.5621307,61,-30,10
1739722414.6081307,91,152,-9
1739722414.6531308,-41,-51,-10
1739722414.6991308,-19,57,33
1739722414.7451308,6,-27,-142
1739722414.7901306,-19,14,-37
1739722414.8361306,-21,92,-45
1739722414.8821306,9,63,7
1739722414.9281306,13,-9,-70
1739722414.9731307,1,30,61
1739722415.0191307,9,61,-81
1739722415.0651307,93,40,30
1739722415.1101308,18,48,-31
1739722415.1561308,21,-24,-26
1739722415.2021308,-13,77,-117
1739722415.2481308,2,38,-9
1739722415.2931306,10,0,-82
1739722415.3391306,47,60,-115
1739722415.3851306,-16,23,-79
1739722415.4301307,-8,10,-172
1739722415.4761307,40,-3,2
1739722415.5221307,91,12,-130
1739722415.5681307,76,18,-8
1739722415.6131306,60,-27,-84
1739722415.6591306,-65,16,-131
1739722415.7051306,-63,0,-11
1739722415.750131,-24,61,45
1739722415.796131,50,-13,76
1739722415.842131,56,-14,42
1739722415.8871307,27,41,37
1739722415.9331307,-19,-61,-86
1739722415.9791307,-50,23,0
1739722416.0251307,-40,-5,-47
1739722416.0701306,-73,-10,19
1739722416.1161306,-61,-55,-17
1739722416.1621306,5,69,-23
1739722416.207131,-29,-33,-6
1739722416.253131,62,102,-110
1739722416.299131,-77,-4,-153
1739722416.3451307,-38,-56,-66
1739722416.3901308,54,98,-17
1739722416.4361308,2,7,-132
1739722416.4821308,1,-43,-66
1739722416.5271306,102,15,58
1739722416.5731306,-11,43,17
1739722416.6191306,71,-12,-52
1739722416.6651306,-45,24,-43
1739722416.7101307,67,-20,-20
1739722416.7561307,-12,-76,-92
1739722416.8021307,14,8,-34
1739722416.8471308,-30,21,77
1739722416.8931308,-37,11,-51
1739722416.9391308,-76,-15,51
1739722416.9851308,28,18,-152
1739722417.0301306,28,-36,-112
1739722417.0761306,-24,38,57
1739722417.1221306,-13,-51,-146
1739722417.1671307,-21,-11,-88
1739722417.2131307,36,-4,-110
1739722417.2591307,-89,60,-45
1739722417.3051307,-68,-66,18
1739722417.3501308,-7,60,-135
1739722417.3961308,65,-53,-172
1739722417.4421306,19,-33,18
1739722417.4871306,-9,27,59
1739722417.5331306,1,-57,-68
1739722417.5791306,-14,25,-125
1739722417.625131,-72,4,-74
1739722417.6701307,17,17,-107
1739722417.7161307,-65,-19,-26
1739722417.7621307,3,-29,-100
1739722417.8071306,-8,-36,-18
1739722417.8531306,60,-13,-168
1739722417.8991306,37,1,-2
1739722417.9451306,-52,44,101
1739722417.990131,-29,-33,-32
1739722418.036131,52,34,-73
1739722418.082131,15,51,169
1739722418.1271307,41,-34,-54
1739722418.1731308,57,-22,76
1739722418.2191308,71,-24,-56
1739722418.2651308,-14,-67,-212
1739722418.3101306,-38,-12,-32
1739722418.3561306,-109,14,49
1739722418.4021306,13,29,-75
1739722418.447131,-78,-29,-25
1739722418.4931307,-34,-38,63
1739722418.5391307,-62,-21,52
1739722418.5851307,63,-14,1
1739722418.6301308,-25,-70,-140
1739722418.6761308,-5,45,-84
1739722418.7221308,-38,10,-64
1739722418.7671306,-142,49,51
1739722418.8131306,-59,34,-37
1739722418.8591306,-26,18,-213
1739722418.9051306,-3,-14,-96
1739722418.9501307,-28,75,-105
1739722418.9961307,-100,92,62
1739722419.0421307,4,-41,-59
1739722419.0871308,55,-65,19
1739722419.1331308,-6,-19,-77
1739722419.1791308,34,-30,1
1739722419.2251308,23,-45,35
1739722419.2701306,33,48,24
1739722419.3161306,99,-64,-131
1739722419.3621306,-5,5,-59
1739722419.4071307,34,-30,39
1739722419.4531307,-14,-17,11
1739722419.4991307,25,57,-42
1739722419.5451307,56,22,-81
1739722419.5891306,-18,24,-59
1739722419.6351306,35,28,60
1739722419.6811306,-25,-45,-61
1739722419.7261307,38,-73,-73
1739722419.7721307,56,1,77
1739722419.8181307,54,-7,55
1739722419.8631306,-54,-32,-139
1739722419.9091306,-45,-35,-87
1739722419.9551306,-26,37,-123
1739722420.0011306,-43,-54,-12
1739722420.046131,45,44,-83
1739722420.092131,22,-47,-95
1739722420.138131,-10,84,-23
1739722420.1831307,-48,20,-18
1739722420.2291307,1,32,-151
1739722420.2751307,-18,15,-45
1739722420.3211308,-63,37,-42
1739722420.3661306,-28,-19,14
1739722420.4121306,-3,-37,26
1739722420.4581306,-29,12,-48
1739722420.503131,-93,-20,-110
1739722420.549131,-11,2,-35
1739722420.5951307,17,7,-17
1739722420.6411307,26,-13,-77
1739722420.6861308,83,73,-81
1739722420.7321308,-10,-6,38
1739722420.7781308,-77,48,-16
1739722420.8231306,-28,-67,68
1739722420.8691306,-78,-67,-74
1739722420.9151306,-1,52,5
1739722420.9611306,-10,-39,-38
1739722421.0061307,-18,-14,32
1739722421.0521307,-12,-45,-84
1739722421.0981307,-57,44,-57
1739722421.1431308,-20,0,-41
1739722421.1891308,2,-3,-5
1739722421.2351308,-2,6,7
1739722421.2811308,14,54,101
1739722421.3261306,72,-26,94
1739722421.3721306,5,6,-77
1739722421.4181306,-1,-79,-12
1739722421.4631307,-14,48,-39
1739722421.5091307,-90,26,-90
1739722421.5551307,4,65,-37
1739722421.6011307,-13,-63,-92
1739722421.6461308,6,-23,-107
1739722421.6921306,34,27,-105
1739722421.7381306,1,62,-13
1739722421.7831306,28,16,57
1739722421.8291306,-90,5,-42
1739722421.875131,-35,5,-20
1739722421.921131,10,-10,96
1739722421.9661307,43,45,27
1739722422.0121307,-37,63,52
1739722422.0581307,98,-8,-67
1739722422.1031306,-77,56,34
1739722422.1491306,59,-26,-119
1739722422.1951306,28,16,-102
1739722422.2411306,22,-61,-109
1739722422.286131,4,-31,-27
1739722422.332131,29,-22,-17
1739722422.378131,-15,-15,62
1739722422.4231308,-46,13,-80
1739722422.4691308,-30,15,-103
1739722422.5151308,-19,-30,-20
1739722422.5611308,23,-8,-33
1739722422.6061306,-19,-9,-53
1739722422.6521306,-64,35,47
1739722422.6981306,-44,-8,-125
1739722422.7431307,1,-20,-38
1739722422.7891307,-130,59,-103
1739722422.8351307,-3,-43,85
1739722422.8811307,6,91,-22
1739722422.9261308,4,-1,8
1739722422.9721308,33,-1,-100
1739722423.0181308,-16,48,-19
1739722423.0631306,-21,3,-43
1739722423.1091306,26,29,-122
1739722423.1551306,-11,86,-49
1739722423.2011306,38,61,-174
1739722423.2461307,-7,50,-68
1739722423.2921307,6,35,-34
1739722423.3381307,6,-57,-60
1739722423.3831308,-22,21,121
1739722423.4291308,50,-16,-36
1739722423.4751308,-16,-6,-126
1739722423.5211308,-12,22,-21
1739722423.5661306,-1,17,8
1739722423.6121306,-9,25,-27
1739722423.6581306,26,12,-106
1739722423.7031307,-63,-11,-17
1739722423.7491307,-1,-11,-52
1739722423.7951307,5,44,-73
1739722423.8411307,-10,-35,-144
1739722423.8861306,-32,0,-19
1739722423.9321306,26,40,81
1739722423.9781306,78,-10,20
1739722424.023131,-69,7,-43
1739722424.0751307,4,46,43
1739722424.1211307,-20,-9,5
1739722424.1661308,-38,36,-157
1739722424.2121308,64,33,-168
1739722424.2581308,-97,-11,-85
1739722424.3031306,40,-55,26
1739722424.3491306,-29,21,-144
1739722424.3941307,-43,23,-126
1739722424.4391308,-64,-25,-49
1739722424.4851308,-29,-21,-33
1739722424.5311308,34,-26,-64
1739722424.5771308,10,56,-130
1739722424.6221306,19,11,-104
1739722424.6681306,70,-43,29
1739722424.7141306,36,-65,3
1739722424.7591307,4,-26,-108
1739722424.8051307,43,-9,-21
1739722424.8511307,52,14,-13
1739722424.8971307,-55,-20,-70
1739722424.9421306,-37,25,-35
1739722424.9881306,67,25,116
1739722425.0341306,0,10,-8
1739722425.0791306,-23,25,-19
1739722425.125131,15,116,-86
1739722425.171131,10,-16,-160
1739722425.217131,-28,-19,57
1739722425.2621307,-4,7,-104
1739722425.3081307,15,-43,-74
1739722425.3541307,-1,-17,-37
1739722425.3991306,55,-6,-10
1739722425.4451306,-51,10,-125
1739722425.4911306,32,50,-134
1739722425.5371306,-31,-22,-101
1739722425.582131,-22,-48,19
1739722425.628131,-61,-9,51
1739722425.674131,52,-23,-222
1739722425.7191308,-12,-1,-54
1739722425.7651308,-89,-12,65
1739722425.8111308,-2,4,-96
1739722425.8561306,9,-35,0
1739722425.9021306,33,25,-2
1739722425.9481306,-57,-10,39
1739722425.9941306,73,-52,-114
1739722426.0391307,37,-16,-80
1739722426.0851307,18,-46,-112
1739722426.1311307,22,-4,-132
1739722426.1761308,-30,-73,-21
1739722426.2221308,16,-2,-8
1739722426.2681308,10,-66,16
1739722426.3141308,47,23,-84
1739722426.3591306,17,48,-76
1739722426.4051306,29,39,-126
1739722426.4511306,0,-38,-112
1739722426.4961307,9,-2,0
1739722426.5421307,64,3,40
1739722426.5881307,-64,-46,-97
1739722426.6341307,33,17,48
1739722426.6791308,13,-13,16
1739722426.7251308,-104,-40,-49
1739722426.7711308,-48,-42,-95
1739722426.8161306,-28,-42,-116
1739722426.8621306,20,-11,-8
1739722426.9081306,-11,-22,-18
1739722426.9541306,40,44,54
1739722426.9991307,-110,-57,-205
1739722427.0451307,9,18,-100
1739722427.0911307,-61,62,-79
1739722427.1361306,-43,46,11
1739722427.1821306,10,-6,72
1739722427.2281306,90,-88,-62
1739722427.2741306,18,13,-106
1739722427.319131,-17,-32,-15
1739722427.365131,3,-51,-152
1739722427.411131,32,3,-14
1739722427.4561307,56,-20,-62
1739722427.5021307,16,-34,-34
1739722427.5481308,55,5,-36
1739722427.5941308,51,12,2
1739722427.6391306,10,-13,-82
1739722427.6851306,-37,-16,-13
1739722427.7311306,55,80,-76
1739722427.776131,42,44,-108
1739722427.822131,-43,97,-135
1739722427.8681307,42,-5,-2
1739722427.9141307,76,26,-172
1739722427.9591308,57,11,-74
1739722428.0051308,10,21,87
1739722428.0511308,81,29,-70
1739722428.0961306,-14,12,0
1739722428.1421306,32,4,-16
1739722428.1881306,-46,15,-29
1739722428.2341306,58,-85,62
1739722428.2791307,17,-6,-62
1739722428.3251307,26,-102,-76
1739722428.3711307,-11,38,-168
1739722428.4161308,17,28,-148
1739722428.4621308,-27,35,31
1739722428.5081308,-13,81,-28
1739722428.5541308,32,69,-36
1739722428.5991306,-13,37,-6
1739722428.6451306,-1,8,31
1739722428.6911306,-42,52,-34
1739722428.7361307,17,-29,39
1739722428.7821307,-6,26,-68
1739722428.8281307,-72,-4,-99
1739722428.8741307,54,17,-32
1739722428.9191308,-3,38,-20
1739722428.9651306,-50,21,-9
1739722429.0111306,67,11,38
1739722429.0561306,73,60,-12
1739722429.102131,-2,-48,13
1739722429.148131,-79,-6,21
1739722429.194131,-21,60,-67
1739722429.2391307,14,54,-73
1739722429.2851307,21,-2,-173
1739722429.3311307,-62,-55,-10
1739722429.3761306,-14,-101,-12
1739722429.4221306,22,2,-89
1739722429.4681306,6,-44,2
1739722429.5141306,-48,25,94
1739722429.559131,-40,31,80
1739722429.605131,30,-70,-117
1739722429.651131,53,-13,108
1739722429.6961308,9,20,-91
1739722429.7421308,29,26,-55
1739722429.7881308,-8,14,-47
1739722429.8341308,-51,-75,68
1739722429.8791306,-4,76,1
1739722429.9251306,-10,15,-145
1739722429.9711306,31,-43,-83
1739722430.0161307,-22,35,-27
1739722430.0621307,-36,19,76
1739722430.1081307,12,2,72
1739722430.1541307,-9,31,32
1739722430.1991308,-85,-40,-110
1739722430.2451308,-8,-38,0
1739722430.2911308,32,8,3
1739722430.3361306,-27,76,10
1739722430.3821306,-61,47,16
1739722430.4281306,-39,-12,-167
1739722430.4741306,3,-4,22
1739722430.5191307,-91,-11,-84
1739722430.5651307,-28,1,2
1739722430.6111307,7,24,40
1739722430.6561308,40,2,-93
1739722430.7021308,-2,29,8
1739722430.7481308,18,69,-53
1739722430.7941308,-76,45,-57
1739722430.8391306,-11,2,-12
1739722430.8851306,-42,31,-63
1739722430.9311306,-28,-99,38
1739722430.9761307,31,5,-31
1739722431.0221307,-17,74,-37
1739722431.0681307,32,17,-121
1739722431.1141307,-20,116,-60
1739722431.1591306,-71,10,-5
1739722431.2051306,-4,58,26
1739722431.2511306,11,-44,-59
1739722431.296131,25,21,-4
1739722431.342131,53,67,22
1739722431.388131,-31,51,-153
1739722431.434131,44,57,-161
1739722431.4791307,-41,-53,-89
1739722431.5251307,47,25,-83
1739722431.5711308,-27,22,-90
1739722431.6161306,-90,37,-110
1739722431.6621306,45,-7,-11
1739722431.7081306,-15,48,-18
1739722431.7541306,9,-39,-101
1739722431.799131,-45,26,-34
1739722431.8451307,42,2,-137
1739722431.8911307,38,-95,53
1739722431.9361308,38,30,-56
1739722431.9821308,-28,13,-71
1739722432.0281308,-72,-9,-117
1739722432.0741308,-13,-12,9
1739722432.1191306,-69,1,-64
1739722432.1651306,22,-9,-121
1739722432.2111306,-11,-19,-5
1739722432.2561307,-106,-10,-19
1739722432.3021307,0,51,-144
1739722432.3481307,-49,32,-72
1739722432.3941307,-47,-36,38
1739722432.4391308,7,-65,-12
1739722432.4851308,-24,0,-150
1739722432.5311308,-18,-3,-32
1739722432.5761306,-46,15,11
1739722432.6221306,-30,-35,94
1739722432.6681306,-46,14,-101
1739722432.7141306,50,30,-29
1739722432.7591307,8,22,-33
1739722432.8051307,68,-1,86
1739722432.8511307,70,60,-46
1739722432.8961308,51,68,-145
1739722432.9421306,-45,-43,-32
1739722432.9881306,84,2,-62
1739722433.0341306,0,-49,-44
1739722433.0791306,96,-32,-29
1739722433.125131,-3,28,-24
1739722433.171131,-7,20,48
1739722433.2161307,32,-1,-105
1739722433.2621307,123,-37,-54
1739722433.3081307,-5,116,-164
1739722433.3541307,-17,-29,-77
1739722433.3991306,14,-11,-69
1739722433.4451306,-56,-13,-64
1739722433.4911306,-7,50,45
1739722433.536131,10,40,-13
1739722433.582131,115,-11,-16
1739722433.628131,-49,26,-64
1739722433.674131,11,-45,84
1739722433.7191308,58,-47,0
1739722433.7651308,13,97,23
1739722433.8111308,-20,-23,54
1739722433.8561306,-75,44,6
1739722433.9021306,-74,41,-41
1739722433.9481306,11,11,-51
1739722433.9941306,26,60,-28
1739722434.0391307,-11,96,42
1739722434.0911307,-67,-19,-79
1739722434.1361306,-52,-5,-71
1739722434.1821306,62,-20,-97
1739722434.2281306,9,50,14
1739722434.2741306,-28,56,10
1739722434.319131,-87,16,-13
1739722434.365131,-22,-38,-99
1739722434.411131,44,-81,7
1739722434.4561307,-28,-48,-107
1739722434.5021307,-30,-14,-55
1739722434.5481308,-34,-14,59
1739722434.5941308,-19,-25,21
1739722434.6391306,-24,-21,-1
1739722434.6851306,-23,7,16
1739722434.7311306,15,-26,-39
1739722434.776131,81,50,64
1739722434.822131,-39,-3,-83
1739722434.8681307,72,34,10
1739722434.9141307,23,-62,-85
1739722434.9591308,8,16,-151
1739722435.0051308,36,66,-106
1739722435.0511308,-24,-21,-55
1739722435.0961306,-4,-43,-39
1739722435.1421306,38,88,16
1739722435.1881306,39,34,-141
1739722435.2341306,16,-35,-59
1739722435.2791307,-43,0,-73
1739722435.3251307,0,23,-76
1739722435.3711307,3,6,-13
1739722435.4161308,-47,-29,-64
1739722435.4621308,-24,32,7
1739722435.5081308,-76,-14,-50
1739722435.5541308,30,-52,14
1739722435.5991306,-35,24,-58
1739722435.6451306,38,-24,-97
1739722435.6911306,-37,45,0
1739722435.7361307,20,-22,-126
1739722435.7821307,-13,-45,-154
1739722435.8281307,-49,75,51
1739722435.8731308,-18,88,-5
1739722435.9191308,22,-9,-36
1739722435.9651306,-54,22,23
1739722436.0111306,-58,16,51
1739722436.0561306,-2,-14,-32
1739722436.102131,17,-16,-32
1739722436.148131,-45,-58,14
1739722436.1931307,-21,21,-53
1739722436.2391307,3,5,-122
1739722436.2851307,-25,52,-41
1739722436.3311307,-62,40,37
1739722436.3761306,-70,25,-158
1739722436.4221306,33,0,43
1739722436.4681306,-20,4,-38
1739722436.513131,75,-27,24
1739722436.559131,-30,0,-88
1739722436.605131,-2,30,-193
1739722436.651131,33,-35,-14
1739722436.6961308,-19,-49,-86
1739722436.7421308,-21,-73,26
1739722436.7881308,-53,111,-21
1739722436.8331306,-10,3,-112
1739722436.8791306,61,8,94
1739722436.9251306,56,8,-114
1739722436.9711306,33,13,-14
1739722437.0161307,60,-71,24
1739722437.0621307,24,61,-113
1739722437.1081307,-13,-28,-28
1739722437.1531308,-3,-12,-124
1739722437.1991308,-29,15,-107
1739722437.2451308,27,21,27
1739722437.2911308,-73,71,0
1739722437.3361306,-8,-11,-68
1739722437.3821306,-28,-7,-162
1739722437.4281306,-27,24,-91
1739722437.4731307,65,17,-110
1739722437.5191307,-28,89,-91
1739722437.5651307,-16,-62,-14
1739722437.6111307,-22,-36,-88
1739722437.6561308,72,18,-72
1739722437.7021308,-15,0,19
1739722437.7481308,-6,-3,-128
1739722437.7931306,-45,-43,-56
1739722437.8391306,-35,9,-109
1739722437.8851306,-46,15,-89
1739722437.9311306,16,41,11
1739722437.9761307,45,-41,-36
1739722438.0221307,-40,-26,-133
1739722438.0681307,-28,7,-141
1739722438.1131306,7,-32,54
1739722438.1591306,7,-24,10
1739722438.2051306,-15,52,9
1739722438.2511306,-67,-51,39
1739722438.296131,99,-23,-64
1739722438.342131,13,25,49
1739722438.388131,-7,64,-23
1739722438.4331307,-11,51,-69
1739722438.4791307,-4,78,-41
1739722438.5251307,-43,19,-87
1739722438.5711308,-16,19,-5
1739722438.6161306,6,-26,-162
1739722438.6621306,-65,3,-95
1739722438.7081306,10,0,54
1739722438.753131,10,44,-150
1739722438.799131,-1,90,-65
1739722438.8451307,-4,22,53
1739722438.8911307,35,-84,-76
1739722438.9361308,40,2,-64
1739722438.9821308,-101,-62,-43
1739722439.0281308,-15,48,-51
1739722439.0731306,-115,6,69
1739722439.1191306,52,1,-80
1739722439.1651306,-33,95,-61
1739722439.2111306,-58,50,25
1739722439.2561307,-26,26,23
1739722439.3021307,55,-23,-176
1739722439.3481307,16,-20,-94
1739722439.3931308,46,-5,-160
1739722439.4391308,3,34,89
1739722439.4851308,-20,24,25
1739722439.5311308,-6,-36,110
1739722439.5761306,-13,68,-95
1739722439.6221306,-10,3,-81
1739722439.6681306,11,75,-33
1739722439.7131307,53,75,-45
1739722439.7591307,81,-50,96
1739722439.8051307,32,25,-22
1739722439.8511307,-18,-22,82
1739722439.8961308,-54,24,-37
1739722439.9421306,-43,-36,-108
1739722439.9881306,62,-68,-60
1739722440.0331306,72,41,-66
1739722440.0791306,32,12,78
1739722440.125131,-38,57,-46
1739722440.171131,-17,-27,112
1739722440.2161307,36,-25,-59
1739722440.2621307,40,45,6
1739722440.3081307,-51,-82,0
1739722440.3531306,-12,-12,-119
1739722440.3991306,-19,5,-95
1739722440.4451306,97,-41,-31
1739722440.4911306,-21,18,-78
1739722440.536131,28,15,98
1739722440.582131,-24,-32,-53
1739722440.628131,81,-30,87
1739722440.6731308,-24,56,62
1739722440.7191308,29,94,-18
1739722440.7651308,87,-5,-93
1739722440.8111308,85,16,-9
1739722440.8561306,5,-5,-51
1739722440.9021306,16,-49,-89
1739722440.9481306,-56,-24,-18
1739722440.9931307,-75,29,58
1739722441.0391307,33,70,44
1739722441.0851307,-38,0,-110
1739722441.1311307,-45,31,42
1739722441.1761308,71,52,-47
1739722441.2221308,-10,-18,-33
1739722441.2681308,-6,2,-18
1739722441.3131306,-21,-5,62
1739722441.3591306,-7,14,-91
1739722441.4051306,-23,-31,-39
1739722441.4511306,36,53,-139
1739722441.4961307,39,15,-9
1739722441.5421307,-19,14,-60
1739722441.5881307,-87,10,24
1739722441.6331308,-45,-8,-76
1739722441.6791308,-15,-26,-81
1739722441.7251308,86,8,15
1739722441.7711308,15,-23,51
1739722441.8161306,93,-48,-35
1739722441.8621306,-81,24,-10
1739722441.9081306,37,-29,-67
1739722441.9531307,48,1,57
1739722441.9991307,35,-14,59
1739722442.0451307,-33,-19,-30
1739722442.0911307,-45,11,14
1739722442.1361306,-26,-117,55
1739722442.1821306,-8,-28,84
1739722442.2281306,52,64,-179
1739722442.273131,-45,-17,9
1739722442.319131,-13,34,-95
1739722442.365131,35,-70,8
1739722442.411131,-80,-21,-19
1739722442.4561307,-41,19,-65
1739722442.5021307,55,60,2
1739722442.5481308,-80,-37,-17
1739722442.5931306,-52,48,-25
1739722442.6391306,-24,-4,-89
1739722442.6851306,18,-48,-48
1739722442.7311306,6,-1,-72
1739722442.776131,53,-20,-56
1739722442.822131,32,0,-106
1739722442.8681307,89,4,-72
1739722442.9131308,17,0,-140
1739722442.9591308,-93,-56,-55
1739722443.0051308,-18,-24,-112
1739722443.0511308,4,-25,-132
1739722443.0961306,-21,-34,-5
1739722443.1421306,14,-20,-46
1739722443.1881306,55,56,44
1739722443.2331307,80,-47,-70
1739722443.2791307,32,-14,-48
1739722443.3251307,2,32,-9
1739722443.3711307,1,-28,-34
1739722443.4161308,33,-69,-150
1739722443.4621308,4,-75,-68
1739722443.5081308,-7,19,-80
1739722443.5531306,-48,-18,-17
1739722443.5991306,-34,-82,-142
1739722443.6451306,-70,-82,43
1739722443.6911306,63,-40,-116
1739722443.7361307,24,-12,-62
1739722443.7821307,52,11,0
1739722443.8281307,25,17,0
1739722443.8731308,26,-25,-110
1739722443.9191308,72,86,88
1739722443.9651306,-20,-7,-17
1739722444.0111306,87,30,-8
1739722444.0561306,82,84,46
1739722444.1081307,-8,54,-90
1739722444.1531308,-18,-5,-9
1739722444.1991308,28,8,-70
1739722444.2451308,-24,86,-67
1739722444.2911308,-106,5,-123
1739722444.3361306,-36,38,-25
1739722444.3821306,56,35,4
1739722444.4281306,53,-25,-30
1739722444.4731307,35,-26,32
1739722444.5191307,6,46,-21
1739722444.5651307,65,38,59
1739722444.6111307,-6,16,-29
1739722444.6561308,-64,38,47
1739722444.7021308,-47,-1,-40
1739722444.7481308,-34,27,-61
1739722444.7931306,38,-87,-110
1739722444.8391306,-10,25,-5
1739722444.8851306,8,-34,133
1739722444.9311306,35,4,-22
1739722444.9761307,38,-27,-110
1739722445.0221307,-26,24,61
1739722445.0681307,-6,-22,19
1739722445.1131306,18,48,-67
1739722445.1591306,-12,-43,-56
1739722445.2051306,27,-17,74
1739722445.2511306,-25,-2,135
1739722445.296131,-9,80,-82
1739722445.342131,6,-38,-88
1739722445.388131,-5,70,-47
1739722445.4331307,26,42,-12
1739722445.4791307,14,-2,-48
1739722445.5251307,-52,-29,-57
1739722445.5711308,18,-5,24
1739722445.6161306,47,-25,-16
1739722445.6621306,-28,-3,-3
1739722445.7081306,-47,66,-105
1739722445.753131,-53,28,-35
1739722445.799131,-3,13,-41
1739722445.8451307,26,-8,34
1739722445.8901308,-34,-7,-67
1739722445.9361308,15,-7,-24
1739722445.9821308,-88,-39,-169
1739722446.0281308,18,23,-68
1739722446.0731306,-44,3,-73
1739722446.1191306,-14,71,-70
1739722446.1651306,-84,17,-1
1739722446.2101307,51,-11,-4
1739722446.2561307,-14,6,-85
1739722446.3021307,58,-2,-34
1739722446.3481307,24,44,12
1739722446.3931308,-33,103,-97
1739722446.4391308,56,22,-18
1739722446.4851308,41,-53,60
1739722446.5301306,53,9,-42
1739722446.5761306,0,39,19
1739722446.6221306,50,-49,-20
1739722446.6681306,-35,-3,-65
1739722446.7131307,-101,-21,-5
1739722446.7591307,37,-22,-50
1739722446.8051307,16,-43,134
1739722446.8501308,-12,37,-57
1739722446.8961308,13,-9,-60
1739722446.9421306,59,87,-18
1739722446.9881306,94,43,-96
1739722447.0331306,-54,-18,-57
1739722447.0791306,-60,-10,-1
1739722447.125131,104,-36,-18
1739722447.1701307,-49,52,0
1739722447.2161307,-5,-9,-37
1739722447.2621307,-2,-12,-52
1739722447.3081307,-4,3,-121
1739722447.3531306,3,-24,-118
1739722447.3991306,6,-52,-50
1739722447.4451306,5,-13,-48
1739722447.490131,6,-77,-184
1739722447.536131,14,14,-70
1739722447.582131,64,-20,-12
1739722447.628131,27,0,-96
1739722447.6731308,36,-16,-22
1739722447.7191308,-16,17,-59
1739722447.7651308,5,-31,22
1739722447.8101306,-1,-11,51
1739722447.8561306,-80,-6,-71
1739722447.9021306,23,-24,22
1739722447.9481306,-28,-9,-68
1739722447.9931307,4,9,-60
1739722448.0391307,-73,28,147
1739722448.0851307,25,-12,-32
1739722448.1301308,25,2,64
1739722448.1761308,14,14,-34
1739722448.2221308,5,-57,-74
1739722448.2681308,-27,-53,-66
1739722448.3131306,-12,-39,6
1739722448.3591306,24,-10,-142
1739722448.4051306,0,-76,-32
1739722448.4501307,6,-13,-100
1739722448.4961307,-68,-1,-113
1739722448.5421307,20,-30,-42
1739722448.5881307,1,28,-79
1739722448.6331308,-23,-31,-60
1739722448.6791308,26,12,-32
1739722448.7251308,8,0,-48
1739722448.7701306,-18,-49,-138
1739722448.8161306,18,73,38
1739722448.8621306,-59,21,0
1739722448.9081306,117,44,-24
1739722448.9531307,-43,-15,-101
1739722448.9991307,21,-17,-20
1739722449.0451307,56,-55,-94
1739722449.0901306,-9,-12,-76
1739722449.1361306,-86,22,-37
1739722449.1821306,-5,12,-47
1739722449.2281306,39,56,63
1739722449.273131,-28,-7,-103
1739722449.319131,39,-8,-46
1739722449.365131,-17,-21,-84
1739722449.4101307,4,-47,-56
1739722449.4561307,-12,-18,-120
1739722449.5021307,-25,-5,67
1739722449.5481308,-60,80,-61
1739722449.5931306,29,85,-131
1739722449.6391306,56,-12,-30
1739722449.6851306,-5,26,-33
1739722449.730131,39,0,-72
1739722449.776131,6,6,-40
1739722449.822131,58,-26,-30
1739722449.8681307,0,-11,-72
1739722449.9131308,108,42,5
1739722449.9591308,-39,32,-57
1739722450.0041306,-37,-23,-43
1739722450.049131,10,-27,-132
1739722450.0951307,-20,-109,-96
1739722450.1411307,-21,-11,-104
1739722450.1861308,-61,-28,86
1739722450.2321308,56,-69,-58
1739722450.2781308,33,27,-37
1739722450.3241308,-58,23,-36
1739722450.3691306,46,73,-4
1739722450.4151306,11,-3,-35
1739722450.4611306,-63,29,-102
1739722450.5061307,-51,-21,-52
1739722450.5521307,-40,78,-77
1739722450.5981307,7,-9,-41
1739722450.6441307,1,-16,26
1739722450.6891308,-46,36,-126
1739722450.7351308,-20,-15,-91
1739722450.7811308,-60,-3,-123
1739722450.8261306,-49,-1,46
1739722450.8721306,-55,-13,56
1739722450.9181306,-31,101,-22
1739722450.9641306,-22,-17,34
1739722451.0091307,36,16,21
1739722451.0551307,-46,24,-120
1739722451.1011307,15,68,-32
1739722451.1461308,9,32,-111
1739722451.1921306,63,-18,-119
1739722451.2381306,-46,-12,-43
1739722451.2841306,-36,-15,-45
1739722451.3291306,113,-59,-19
1739722451.375131,-67,44,-49
1739722451.421131,-11,20,-26
1739722451.4661307,53,38,-125
1739722451.5121307,10,-83,-53
1739722451.5581307,17,-17,-35
1739722451.6041307,4,26,-33
1739722451.6491306,5,-64,-109
1739722451.6951306,-31,-21,-65
1739722451.7411306,6,8,-45
1739722451.786131,-63,-45,86
1739722451.832131,74,34,66
1739722451.878131,-76,-6,30
1739722451.924131,-17,5,-87
1739722451.9691308,-70,-33,-71
1739722452.0151308,71,13,-11
1739722452.0611308,-56,-41,62
1739722452.1061306,-13,65,-123
1739722452.1521306,-35,-8,0
1739722452.1981306,21,27,-45
1739722452.2441306,24,-78,20
1739722452.2891307,35,80,-59
1739722452.3351307,-24,2,-49
1739722452.3811307,-3,-5,-61
1739722452.4261308,-54,-6,-35
1739722452.4721308,55,-5,-109
1739722452.5181308,-2,54,-37
1739722452.5641308,-95,-40,-56
1739722452.6091306,-10,14,-15
1739722452.6551306,-19,12,-115
1739722452.7011306,-25,-8,-103
1739722452.7461307,24,-20,-33
1739722452.7921307,-15,25,-31
1739722452.8381307,-80,3,-76
1739722452.8841307,2,13,-57
1739722452.9291308,-74,-37,-191
1739722452.9751308,38,-64,-29
1739722453.0211308,-15,4,-77
1739722453.0661306,-61,128,-84
1739722453.1121306,-20,16,-59
1739722453.1581306,-4,26,-23
1739722453.2041306,-74,30,-101
1739722453.2491307,17,55,-95
1739722453.2951307,-9,2,-47
1739722453.3411307,0,-13,2
1739722453.3861306,2,-60,13
1739722453.4321306,30,-68,-101
1739722453.4781306,34,27,-123
1739722453.5241306,27,46,-45
1739722453.569131,-2,34,-47
1739722453.615131,22,33,-35
1739722453.661131,1,-3,-69
1739722453.7061307,44,-18,55
1739722453.7521307,26,31,-5
1739722453.7981308,-37,-23,36
1739722453.8441308,49,-59,-59
1739722453.8891306,-75,-60,-15
1739722453.9351306,31,9,108
1739722453.9811306,-24,6,-85
1739722454.026131,-14,12,-111
1739722454.0781307,-27,-3,-61
1739722454.1241307,-16,-31,-91
1739722454.1691308,-37,-44,-67
1739722454.2151306,9,34,54
1739722454.2611306,113,-33,-29
1739722454.3081307,23,-46,-129
1739722454.3531306,11,24,74
1739722454.3991306,-38,-82,-41
1739722454.4451306,36,-9,-67
1739722454.490131,-25,1,-53
1739722454.536131,-69,-25,-57
1739722454.582131,15,29,-82
1739722454.628131,-3,20,-63
1739722454.6731308,-70,69,-16
1739722454.7191308,29,-28,-9
1739722454.7651308,7,-79,-127
1739722454.8101306,50,29,-103
1739722454.8561306,-52,-10,-122
1739722454.9021306,53,-3,-52
1739722454.9481306,-10,-64,-34
1739722454.9931307,8,39,-95
1739722455.0391307,-1,21,-33
1739722455.0851307,0,-26,-116
1739722455.1301308,11,-23,-80
1739722455.1761308,-42,-26,-2
1739722455.2221308,-4,17,3
1739722455.2681308,11,11,27
1739722455.3131306,14,-34,-40
1739722455.3591306,45,5,-4
1739722455.4051306,66,49,43
1739722455.4501307,35,-55,76
1739722455.4961307,-53,-37,-20
1739722455.5421307,-101,-14,-65
1739722455.5881307,-54,-60,6
1739722455.6331308,48,0,94
1739722455.6791308,45,69,-57
1739722455.7251308,-15,35,39
1739722455.7701306,-27,-90,-60
1739722455.8161306,-14,-9,-13
1739722455.8621306,41,27,18
1739722455.9071307,-18,-10,-17
1739722455.9531307,-47,6,-53
1739722455.9991307,8,-5,-62
1739722456.0451307,5,27,35
1739722456.0901306,70,-86,-8
1739722456.1361306,29,-26,-60
1739722456.1821306,-69,-5,-11
1739722456.227131,-2,-6,-26
1739722456.273131,11,23,34
1739722456.319131,-51,12,-22
1739722456.365131,-26,82,-56
1739722456.4101307,-36,-15,-93
1739722456.4561307,57,16,-72
1739722456.5021307,31,-5,54
1739722456.5471306,-34,-42,-41
1739722456.5931306,46,-3,-60
1739722456.6391306,59,65,-111
1739722456.6851306,14,-6,110
1739722456.730131,77,21,-11
1739722456.776131,87,64,21
1739722456.822131,36,-11,7
1739722456.8671308,55,-30,53
1739722456.9131308,-23,-69,35
1739722456.9591308,-40,-7,64
1739722457.0051308,-28,-36,-47
1739722457.0501306,61,9,-3
1739722457.0961306,-12,3,-44
1739722457.1421306,81,9,-184
1739722457.1871307,0,12,-120
1739722457.2331307,-3,-62,-72
1739722457.2791307,-17,-20,-53
1739722457.3251307,-14,-30,-160
1739722457.3701308,45,-51,58
1739722457.4161308,4,-6,-36
1739722457.4621308,-17,69,-31
1739722457.5071306,-9,-31,64
1739722457.5531306,25,59,-113
1739722457.5991306,-11,-35,-56
1739722457.6451306,29,-6,-98
1739722457.6901307,-7,29,-27
1739722457.7361307,40,25,-90
1739722457.7821307,13,-73,-38
1739722457.8271308,32,3,-77
1739722457.8731308,47,69,-53
1739722457.9191308,-52,32,-66
1739722457.9651306,23,-74,-141
1739722458.0101306,-9,63,16
1739722458.0561306,39,-35,-119
1739722458.102131,49,-10,-93
1739722458.1471307,6,31,-107
1739722458.1931307,21,-32,-93
1739722458.2391307,-10,30,-74
1739722458.2851307,-65,-42,14
1739722458.3301306,55,17,-73
1739722458.3761306,63,18,7
1739722458.4221306,-15,0,20
1739722458.467131,-30,21,-18
1739722458.513131,-1,0,-165
1739722458.559131,75,-77,-107
1739722458.605131,102,-19,-109
1739722458.6501307,-18,26,-40
1739722458.6961308,45,11,-41
1739722458.7421308,38,-66,-3
1739722458.7871306,-22,-38,59
1739722458.8331306,9,24,24
1739722458.8791306,-2,-21,-189
1739722458.9251306,-69,-20,-237
1739722458.9701307,0,1,-55
1739722459.0161307,4,-54,-69
1739722459.0621307,59,-39,-131
1739722459.1071308,8,-43,0
1739722459.1531308,36,-18,-33
1739722459.1991308,58,57,-67
1739722459.2451308,-30,-56,-83
1739722459.2901306,24,-70,53
1739722459.3361306,60,-29,53
1739722459.3821306,-31,15,-30
1739722459.4271307,3,-2,34
1739722459.4731307,-10,92,-91
1739722459.5191307,-20,14,6
1739722459.5651307,-60,9,204
1739722459.6101308,15,-67,-13
1739722459.6561308,-45,-3,-52
1739722459.7021308,-10,-78,-125
1739722459.7471306,81,22,-83
1739722459.7931306,55,38,-63
1739722459.8391306,-41,38,-180
1739722459.8851306,-55,-27,-152
1739722459.9301307,-21,-4,-6
1739722459.9761307,12,-41,-147
1739722460.0221307,-67,-7,20
1739722460.0671306,2,0,48
1739722460.1131306,6,-54,-1
1739722460.1591306,19,70,-44
1739722460.2051306,31,-21,83
1739722460.250131,10,1,-51
1739722460.296131,-33,25,-20
1739722460.342131,-51,-22,-46
1739722460.3871307,-19,-5,-38
1739722460.4331307,-44,14,-58
1739722460.4791307,55,3,-89
1739722460.5251307,-27,11,-110
1739722460.5701306,20,78,-48
1739722460.6161306,12,-7,-55
1739722460.6621306,-50,15,-48
1739722460.707131,-64,12,4
1739722460.753131,3,-53,-13
1739722460.799131,-12,-42,-59
1739722460.8451307,-58,30,-10
1739722460.8901308,-53,35,-140
1739722460.9361308,28,-71,-119
1739722460.9821308,32,-30,-105
1739722461.0271306,3,16,4
1739722461.0731306,-60,37,22
1739722461.1191306,-35,67,20
1739722461.1651306,35,13,-1
1739722461.2101307,-10,16,-30
1739722461.2561307,75,-41,-81
1739722461.3021307,17,-67,75
1739722461.3471308,-10,16,-136
1739722461.3931308,45,34,38
1739722461.4391308,-18,5,-93
1739722461.4851308,20,27,51
1739722461.5301306,0,68,-11
1739722461.5761306,66,-15,-61
1739722461.6221306,91,12,-63
1739722461.6671307,-43,0,-36
1739722461.7131307,-25,63,-52
1739722461.7591307,-53,40,-40
1739722461.8051307,-11,5,-33
1739722461.8501308,-35,66,-11
1739722461.8961308,-18,4,-69
1739722461.9421306,24,-22,-88
1739722461.9871306,23,36,-46
1739722462.0331306,-6,1,1
1739722462.0791306,-61,70,-99
1739722462.125131,24,-35,-62
1739722462.1701307,73,-5,0
1739722462.2161307,-7,-32,-188
1739722462.2621307,-80,27,45
1739722462.3071306,9,-22,-14
1739722462.3531306,-19,-5,-25
1739722462.3991306,-2,50,121
1739722462.4451306,-48,-13,-14
1739722462.490131,7,-107,-82
1739722462.536131,46,2,-60
1739722462.582131,-68,90,67
1739722462.6271307,53,74,-27
1739722462.6731308,35,83,-35
1739722462.7191308,10,-27,-52
1739722462.7651308,-27,10,-188
1739722462.8101306,-84,-57,-32
1739722462.8561306,28,-80,-28
1739722462.9021306,-18,53,-81
1739722462.947131,-136,-85,-44
1739722462.9931307,38,-60,30
1739722463.0391307,11,-25,12
1739722463.0851307,77,16,-21
1739722463.1301308,-43,5,-37
1739722463.1761308,46,-25,26
1739722463.2221308,13,2,0
1739722463.2671306,-43,52,-3
1739722463.3131306,-70,-22,-84
1739722463.3591306,15,-5,-88
1739722463.4051306,26,-8,-14
1739722463.4501307,21,-17,-36
1739722463.4961307,-64,-35,-60
1739722463.5421307,57,68,-136
1739722463.5871308,-6,-44,24
1739722463.6331308,-140,49,-21
1739722463.6791308,95,32,-120
1739722463.7251308,95,32,-134
1739722463.7701306,-14,-35,-172
1739722463.8161306,21,62,32
1739722463.8621306,-88,4,27
1739722463.9071307,-61,-37,-67
1739722463.9531307,-39,7,-112
1739722463.9991307,30,-23,-34
1739722464.0451307,-8,8,23
1739722464.0961306,34,-21,128
1739722464.1421306,52,26,-28
1739722464.1871307,11,-37,-76
1739722464.2331307,-44,1,-53
1739722464.2791307,30,20,-48
1739722464.3251307,-84,-21,-3
1739722464.3701308,74,-71,52
1739722464.4161308,-46,2,-25
1739722464.4621308,-100,28,1
1739722464.5071306,11,9,24
1739722464.5531306,-6,39,-47
1739722464.5991306,-1,-46,-102
1739722464.6451306,-31,30,-3
1739722464.6901307,42,95,-160
1739722464.7361307,-37,11,-51
1739722464.7821307,-2,2,31
1739722464.8271308,-2,65,25
1739722464.8731308,-72,-8,-197
1739722464.9191308,23,9,-56
1739722464.9651306,75,9,-156
1739722465.0101306,71,-10,-36
1739722465.0561306,-39,-10,-21
1739722465.102131,42,-12,-102
1739722465.1471307,-20,-30,-96
1739722465.1931307,-81,-18,-127
1739722465.2391307,-13,-13,-34
1739722465.2851307,81,-41,20
1739722465.3301306,6,-27,-94
1739722465.3761306,4,-6,-74
1739722465.4221306,19,2,31
1739722465.467131,18,25,-2
1739722465.513131,16,47,-75
1739722465.559131,-14,-38,-112
1739722465.605131,25,-41,-226
1739722465.6501307,-28,-94,-32
1739722465.6961308,-14,-77,-168
1739722465.7421308,-8,10,29
1739722465.7871306,-9,40,-11
1739722465.8331306,-36,7,-128
1739722465.8791306,37,1,-4
1739722465.924131,-92,42,-37
1739722465.9691308,28,-51,14
1739722466.0151308,35,-15,-44
1739722466.0601306,39,21,-74
1739722466.1061306,-1,4,37
1739722466.1521306,-113,-63,-78
1739722466.1981306,28,47,-102
1739722466.2431307,34,-1,-62
1739722466.2891307,-7,-23,-22
1739722466.3351307,43,64,46
1739722466.3801308,-1,0,-38
1739722466.4261308,-49,7,77
1739722466.4721308,-12,-24,1
1739722466.5181308,-18,-14,-151
1739722466.5631306,-57,90,6
1739722466.6091306,3,-10,-29
1739722466.6551306,54,31,11
1739722466.7001307,5,-33,-45
1739722466.7461307,-62,22,-28
1739722466.7921307,3,13,-69
1739722466.8381307,-1,-29,44
1739722466.8831308,20,14,88
1739722466.9291308,52,-39,-27
1739722466.9751308,57,-57,-83
1739722467.0201306,69,96,19
1739722467.0661306,20,-13,-67
1739722467.1121306,12,23,3
1739722467.1581306,6,-51,-18
1739722467.2031307,3,-125,-17
1739722467.2491307,-13,-3,28
1739722467.2951307,14,79,-53
1739722467.3401306,-27,12,-20
1739722467.3861306,-19,103,-12
1739722467.4321306,14,-132,88
1739722467.4781306,28,-4,1
1739722467.523131,-50,35,44
1739722467.569131,6,-7,-101
1739722467.615131,19,25,-189
1739722467.6601307,-12,-49,-51
1739722467.7061307,11,4,-57
1739722467.7521307,-69,-13,-107
1739722467.7981308,0,16,-151
1739722467.8431306,73,-68,13
1739722467.8891306,-43,5,-57
1739722467.9351306,11,11,-149
1739722467.980131,-37,90,-46
1739722468.026131,21,8,6
1739722468.072131,18,-14,-93
1739722468.1181307,-42,85,-8
1739722468.1631308,41,-29,-19
1739722468.2091308,-33,-39,-59
1739722468.2551308,13,-52,-85
1739722468.3001306,-43,-11,-109
1739722468.3461306,2,-24,54
1739722468.3921306,56,35,37
1739722468.4381306,-7,0,-6
1739722468.4831307,10,-49,-101
1739722468.5291307,-18,-16,-6
1739722468.5751307,-39,-2,-89
1739722468.6201308,-68,-18,68
1739722468.6661308,42,60,10
1739722468.7121308,-10,-47,-115
1739722468.7581308,1,5,-171
1739722468.8031306,40,-13,-127
1739722468.8491306,-50,-17,-6
1739722468.8951306,-15,-2,12
1739722468.9401307,-44,-37,-73
1739722468.9861307,-2,4,-5
1739722469.0321307,33,-75,-27
1739722469.0781307,-24,-23,48
1739722469.1231308,17,-25,13
1739722469.1691308,-31,-75,-23
1739722469.2151306,-15,42,-80
1739722469.2601306,-20,74,-90
1739722469.3061306,22,34,-81
1739722469.352131,-56,-55,-155
1739722469.398131,48,31,-5
1739722469.4431307,-60,16,-100
1739722469.4891307,18,-8,-47
1739722469.5351307,-96,45,-12
1739722469.5801306,-4,57,-14
1739722469.6261306,-1,69,-128
1739722469.6721306,-9,21,-34
1739722469.7181306,-27,58,0
1739722469.763131,-20,-17,-67
1739722469.809131,-20,5,-36
1739722469.855131,65,39,-23
1739722469.9001307,-18,-51,-65
1739722469.9461308,19,-69,57
1739722469.9921308,-37,54,-66
1739722470.0381308,-67,14,-56
1739722470.0831306,-27,-19,-87
1739722470.1291306,-97,-28,22
1739722470.1751306,17,24,8
1739722470.2201307,-1,11,-28
1739722470.2661307,-9,-27,-7
1739722470.3121307,-43,-15,-120
1739722470.3581307,-49,83,-100
1739722470.4031308,-38,1,-92
1739722470.4491308,25,-46,-199
1739722470.4951308,-32,-20,0
1739722470.5401306,-14,64,-40
1739722470.5861306,8,-51,-45
1739722470.6321306,6,-47,11
1739722470.6781306,15,-31,-67
1739722470.7231307,0,-14,3
1739722470.7691307,8,-6,7
1739722470.8151307,9,42,-75
1739722470.8601308,-49,-10,-62
1739722470.9061308,21,30,82
1739722470.9521308,-111,-119,28
1739722470.9981308,26,27,-29
1739722471.0431306,60,0,-97
1739722471.0891306,-91,17,-94
1739722471.1351306,81,21,-57
1739722471.1801307,-19,22,14
1739722471.2261307,-8,-10,-125
1739722471.2721307,140,1,-7
1739722471.3181307,-46,-6,124
1739722471.3631306,5,-38,-19
1739722471.4091306,-22,21,60
1739722471.4551306,8,-2,-53
1739722471.500131,11,-29,-207
1739722471.546131,-25,4,-26
1739722471.592131,-68,-18,36
1739722471.638131,43,3,3
1739722471.6831307,10,9,13
1739722471.7291307,-13,47,34
1739722471.7751307,-36,31,-12
1739722471.8201306,49,-4,127
1739722471.8661306,54,-65,-61
1739722471.9121306,3,-33,-17
1739722471.9581306,79,28,-61
1739722472.003131,11,-8,-59
1739722472.049131,-47,-30,80
1739722472.0951307,-25,0,40
1739722472.1401308,10,26,-95
1739722472.1861308,-3,-77,-137
1739722472.2321308,-65,-42,-22
1739722472.2781308,-12,-24,-47
1739722472.3231306,-26,-49,-31
1739722472.3691306,-2,65,-56
1739722472.4151306,14,-34,-111
1739722472.4601307,16,5,-21
1739722472.5061307,-33,11,-86
1739722472.5521307,40,-48,55
1739722472.5981307,16,-4,-173
1739722472.6431308,23,41,100
1739722472.6891308,41,0,-77
1739722472.7351308,-13,78,-74
1739722472.7801306,31,49,82
1739722472.8261306,-32,26,-24
1739722472.8721306,54,94,-32
1739722472.9181306,-6,-19,-113
1739722472.9631307,4,-35,43
1739722473.0091307,-74,55,0
1739722473.0551307,-37,-52,-55
1739722473.1001308,-54,93,-4
1739722473.1461308,27,-19,-103
1739722473.1921306,-84,39,-80
1739722473.2381306,-103,10,-52
1739722473.2831306,-99,-26,94
1739722473.3291306,-5,-11,-73
1739722473.375131,13,39,0
1739722473.4201307,-19,9,-12
1739722473.4661307,2,-5,-71
1739722473.5121307,-24,84,-2
1739722473.5581307,-96,93,-70
1739722473.6031306,-13,-34,27
1739722473.6491306,17,9,-9
1739722473.6951306,9,-32,-57
1739722473.740131,28,19,0
1739722473.786131,60,-17,-1
1739722473.832131,-6,-5,-123
1739722473.878131,-10,60,-88
1739722473.9231308,-30,6,-17
1739722473.9691308,36,-9,4
1739722474.0151308,-75,44,-19
1739722474.0601306,69,-47,-34
1739722474.1121306,-3,-26,-40
1739722474.1581306,29,-14,26
1739722474.2031307,-13,-37,13
1739722474.2491307,22,9,0
1739722474.2951307,-58,20,-209
1739722474.3401306,14,23,-86
1739722474.3861306,61,-55,-78
1739722474.4321306,28,7,-158
1739722474.4781306,2,48,141
1739722474.523131,26,-9,16
1739722474.569131,49,-62,-122
1739722474.615131,-16,50,53
1739722474.6601307,23,32,34
1739722474.7061307,-64,-5,21
1739722474.7521307,-5,-51,41
1739722474.7981308,86,-64,2
1739722474.8431306,42,-21,-6
1739722474.8891306,0,14,-94
1739722474.9351306,-30,29,21
1739722474.980131,-46,-85,-107
1739722475.026131,2,-1,-58
1739722475.072131,24,15,-44
1739722475.1181307,-59,-10,15
1739722475.1631308,-78,29,-113
1739722475.2091308,22,66,-144
1739722475.2551308,-10,21,9
1739722475.3001306,38,-7,-60
1739722475.3461306,34,27,40
1739722475.3921306,-37,50,-85
1739722475.4371307,-32,9,-131
1739722475.4831307,9,32,20
1739722475.5291307,36,-7,-26
1739722475.5751307,-36,-9,13
1739722475.6201308,77,-36,-60
1739722475.6661308,57,72,-94
1739722475.7121308,-34,16,-59
1739722475.7571306,18,-67,71
1739722475.8031306,69,-30,32
1739722475.8491306,2,-17,-13
1739722475.8951306,-57,11,0
1739722475.9401307,63,21,174
1739722475.9861307,1,54,-82
1739722476.0321307,-9,10,43
1739722476.0771308,64,88,-70
1739722476.1231308,4,35,-104
1739722476.1691308,13,-56,-57
1739722476.2151306,7,38,-102
1739722476.2601306,10,-11,-154
1739722476.3061306,15,36,-18
1739722476.352131,52,-8,-20
1739722476.3971307,-5,38,-58
1739722476.4431307,-24,-11,-103
1739722476.4891307,-31,70,-99
1739722476.5351307,85,-46,-106
1739722476.5801306,-52,-59,-5
1739722476.6261306,47,-13,10
1739722476.6721306,-56,8,-39
1739722476.717131,0,-41,-29
1739722476.763131,43,-52,-54
1739722476.809131,-86,4,-127
1739722476.855131,98,-2,-52
1739722476.9001307,59,14,-132
1739722476.9461308,9,6,-62
1739722476.9921308,13,0,-94
1739722477.0371306,-37,14,-35
1739722477.0831306,57,0,-2
1739722477.1291306,79,-87,-30
1739722477.1751306,4,-74,-173
1739722477.2201307,-50,53,-39
1739722477.2661307,-63,16,-15
1739722477.3121307,31,-2,50
1739722477.3571308,2,-9,-100
1739722477.4031308,-30,-47,-71
1739722477.4491308,55,-47,-68
1739722477.4951308,-55,29,-218
1739722477.5401306,-71,40,-49
1739722477.5861306,-38,-88,51
1739722477.6321306,-1,-5,-78
1739722477.6771307,-10,-1,-19
1739722477.7231307,2,-44,-44
1739722477.7691307,16,-40,-71
1739722477.8151307,37,4,169
1739722477.8601308,36,-14,-13
1739722477.9061308,1,111,69
1739722477.9521308,-48,48,-34
1739722477.9971306,22,29,-119
1739722478.0431306,41,53,7
1739722478.0891306,14,-47,-3
1739722478.1351306,27,53,-71
1739722478.1801307,-9,51,-137
1739722478.2261307,34,43,43
1739722478.2721307,44,-58,-167
1739722478.3171306,-20,28,-64
1739722478.3631306,52,-52,-87
1739722478.4091306,-37,-69,-8
1739722478.4551306,-144,-60,-48
1739722478.500131,8,-32,70
1739722478.546131,71,14,-29
1739722478.592131,-28,3,64
1739722478.6371307,-14,29,-77
1739722478.6831307,56,66,-11
1739722478.7291307,-85,98,-42
1739722478.7751307,16,-47,-45
1739722478.8201306,-37,-6,-56
1739722478.8661306,77,83,-67
1739722478.9121306,-48,13,8
1739722478.957131,14,-76,-119
1739722479.003131,2,-72,33
1739722479.049131,79,25,-83
1739722479.0951307,-66,14,16
1739722479.1401308,-34,-29,-26
1739722479.1861308,25,33,-35
1739722479.2321308,7,69,-19
1739722479.2771306,-18,-27,-26
1739722479.3231306,-113,9,-38
1739722479.3691306,77,-6,-71
1739722479.4151306,2,20,-61
1739722479.4601307,39,-71,-83
1739722479.5061307,86,-14,-49
1739722479.5521307,24,23,-73
1739722479.5971308,38,63,-61
1739722479.6431308,36,-63,-15
1739722479.6891308,-49,-13,-8
1739722479.7351308,63,-69,-75
1739722479.7801306,1,-5,-21
1739722479.8261306,-17,-2,-83
1739722479.8721306,-26,-53,-2
1739722479.9171307,20,2,3
1739722479.9631307,38,42,-41
1739722480.0091307,49,0,5
1739722480.0551307,-46,-87,40
1739722480.1001308,15,-20,67
1739722480.1461308,-117,4,6
1739722480.1921306,6,-59,3
1739722480.2371306,57,64,-9
1739722480.2831306,54,-1,-83
1739722480.3291306,23,32,-87
1739722480.375131,-67,-20,-44
1739722480.4201307,-58,-19,-209
1739722480.4661307,71,-34,-25
1739722480.5121307,32,-23,-171
1739722480.5571306,26,11,-45
1739722480.6031306,-60,67,-86
1739722480.6491306,-11,-8,10
1739722480.6951306,48,58,-67
1739722480.740131,103,-3,39
1739722480.786131,-27,-11,-113
1739722480.832131,-35,-17,-52
1739722480.8771307,1,-72,-47
1739722480.9231308,-47,41,-8
1739722480.9691308,12,-13,-9
1739722481.0151308,77,93,-39
1739722481.0601306,-13,-7,-127
1739722481.1061306,60,-19,-43
1739722481.1521306,14,-50,-79
1739722481.197131,26,0,5
1739722481.2431307,5,20,-31
1739722481.2891307,-44,-1,-6
1739722481.3351307,89,-45,0
1739722481.3801308,19,-44,-77
1739722481.4261308,-16,-50,30
1739722481.4721308,7,-13,-99
1739722481.5171306,3,-63,-53
1739722481.5631306,-47,-27,12
1739722481.6091306,-14,-15,26
1739722481.6551306,50,-36,43
1739722481.7001307,-2,-11,-37
1739722481.7461307,41,24,-51
1739722481.7921307,23,71,-1
1739722481.8371308,29,-50,-87
1739722481.8831308,39,60,-33
1739722481.9291308,-88,25,-36
1739722481.9751308,26,45,-43
1739722482.0201306,17,49,-51
1739722482.0661306,10,-67,-105
1739722482.1121306,14,-17,-82
1739722482.1571307,33,-38,-75
1739722482.2031307,28,66,-5
1739722482.2491307,-44,46,-24
1739722482.2951307,-39,0,-36
1739722482.3401306,-10,-53,-91
1739722482.3861306,26,45,41
1739722482.4321306,-38,0,-42
1739722482.477131,-46,-27,28
1739722482.523131,-4,10,-28
1739722482.569131,38,-10,-14
1739722482.615131,-17,77,112
1739722482.6601307,0,3,-51
1739722482.7061307,63,-18,-28
1739722482.7521307,34,3,-117
1739722482.7971306,-9,-47,-143
1739722482.8431306,-17,-55,-106
1739722482.8891306,21,-1,-52
1739722482.9351306,-26,-11,-51
1739722482.980131,-2,89,-3
1739722483.026131,9,28,-54
1739722483.072131,9,13,-64
1739722483.1171308,7,37,-57
1739722483.1631308,36,32,-22
1739722483.2091308,-24,27,-69
1739722483.2551308,-4,38,-79
1739722483.3001306,-65,58,-39
1739722483.3461306,27,29,-114
1739722483.3921306,-101,54,-55
1739722483.4371307,5,-2,-16
1739722483.4831307,14,0,26
1739722483.5291307,-26,-49,-5
1739722483.5751307,0,-23,68
1739722483.6201308,1,88,-59
1739722483.6661308,-69,-20,-5
1739722483.7121308,50,-4,-78
1739722483.7571306,50,-10,-134
1739722483.8031306,-1,-9,-84
1739722483.8491306,-119,-6,-57
1739722483.8951306,-36,17,-13
1739722483.9401307,46,49,-100
1739722483.9861307,-3,45,-155
1739722484.0321307,8,-108,-68
1739722484.0771308,47,30,-120
1739722484.1291306,73,-36,-70
1739722484.1751306,31,8,-10
1739722484.2201307,73,-82,-12
1739722484.2661307,-3,-11,-108
1739722484.3121307,32,-19,-14
1739722484.3571308,67,-80,-80
1739722484.4031308,-6,-38,-70
1739722484.4491308,-37,8,-5
1739722484.4951308,53,81,-24
1739722484.5401306,-20,-27,-57
1739722484.5861306,-37,-14,-47
1739722484.6321306,-67,19,0
1739722484.6771307,10,-2,6
1739722484.7231307,-25,48,0
1739722484.7691307,4,-45,2
1739722484.8151307,-46,-38,7
1739722484.8601308,-14,49,-79
1739722484.9061308,-28,-27,-25
1739722484.9521308,-14,49,22
1739722484.9971306,74,2,61
1739722485.0431306,35,25,-163
1739722485.0891306,30,71,-35
1739722485.1351306,14,33,138
1739722485.1801307,-89,0,24
1739722485.2261307,41,-67,-63
1739722485.2721307,56,12,23
1739722485.3171306,-13,-47,-161
1739722485.3631306,22,-39,93
1739722485.4091306,-14,91,3
1739722485.4551306,-18,-26,104
1739722485.500131,10,9,-17
1739722485.546131,-20,-26,-113
1739722485.592131,-18,9,6
1739722485.6371307,-1,23,-7
1739722485.6831307,-18,-6,-119
1739722485.7291307,-24,9,-40
1739722485.7751307,97,-18,-5
1739722485.8201306,44,-8,-89
1739722485.8661306,65,97,-37
1739722485.9121306,48,-8,3
1739722485.957131,14,33,-67
1739722486.003131,-4,-26,-75
1739722486.049131,-17,19,-56
1739722486.0941308,-102,0,-46
1739722486.1401308,-29,-29,-46
1739722486.1861308,-56,-9,-108
1739722486.2321308,72,-39,7
1739722486.2771306,0,33,108
1739722486.3231306,4,84,-161
1739722486.3691306,11,4,-117
1739722486.4141307,44,22,-99
1739722486.4601307,48,-5,-27
1739722486.5061307,62,-54,89
1739722486.5521307,9,38,10
1739722486.5971308,-30,-4,-38
1739722486.6431308,20,29,-17
1739722486.6891308,-27,-5,-30
1739722486.7341306,66,-89,-63
1739722486.7801306,43,16,-77
1739722486.8261306,0,22,76
1739722486.8721306,16,-32,-13
1739722486.9171307,-39,49,50
1739722486.9631307,9,0,-67
1739722487.0091307,44,-65,-77
1739722487.0541308,24,-12,-29
1739722487.1001308,5,-21,-131
1739722487.1461308,-40,47,-28
1739722487.1921306,60,3,-213
1739722487.2371306,-12,-11,-143
1739722487.2831306,-22,-34,6
1739722487.3291306,-20,-30,-65
1739722487.3741307,18,-8,-23
1739722487.4201307,65,0,-187
1739722487.4661307,-27,70,0
1739722487.5121307,-50,11,-52
1739722487.5571306,-3,44,24
1739722487.6031306,61,6,13
1739722487.6491306,-47,-33,32
1739722487.694131,70,2,63
1739722487.740131,44,5,-19
1739722487.786131,-87,84,-6
1739722487.832131,-42,29,-94
1739722487.8771307,9,-37,-89
1739722487.9231308,-40,-26,-65
1739722487.9691308,-43,3,102
1739722488.0141306,0,0,-11
1739722488.0601306,19,-69,-67
1739722488.1061306,3,-1,26
1739722488.1521306,63,-40,15
1739722488.197131,13,-2,-95
1739722488.2431307,-74,-2,-20
1739722488.2891307,-5,49,-121
1739722488.3341308,-9,-29,9
1739722488.3801308,29,-40,-95
1739722488.4261308,-59,19,-127
1739722488.4721308,-14,-38,86
1739722488.5171306,3,21,80
1739722488.5631306,-134,-42,4
1739722488.6091306,-41,-5,2
1739722488.6541307,4,44,-13
1739722488.7001307,22,99,-165
1739722488.7461307,-32,-56,5
1739722488.7921307,-58,11,-131
1739722488.8371308,-76,-66,-89
1739722488.8831308,7,-17,-41
1739722488.9291308,-46,73,16
1739722488.9741306,-31,-10,98
1739722489.0201306,44,59,-101
1739722489.0661306,52,7,-97
1739722489.1121306,27,-92,-61
1739722489.1571307,29,16,-19
1739722489.2031307,15,120,-14
1739722489.2491307,30,32,-1
1739722489.2941308,10,13,-91
1739722489.3401306,-11,45,-89
1739722489.3861306,-56,-34,-26
1739722489.4321306,-33,-30,-14
1739722489.477131,-40,2,-80
1739722489.523131,-2,-56,40
1739722489.569131,-16,-12,-85
1739722489.6141307,-51,37,20
1739722489.6601307,-9,11,-111
1739722489.7061307,80,18,-31
1739722489.7521307,-42,58,38
1739722489.7971306,53,-24,0
1739722489.8431306,-33,8,-30
1739722489.8891306,11,34,-31
1739722489.934131,-26,-41,-6
1739722489.980131,4,-66,-127
1739722490.026131,-45,-50,-28
1739722490.072131,18,0,-7
1739722490.1171308,-84,4,-10
1739722490.1631308,8,5,-37
1739722490.2091308,-2,56,-43
1739722490.2541306,-1,46,-101
1739722490.3001306,15,-86,44
1739722490.3461306,4,36,-45
1739722490.3921306,1,32,12
1739722490.4371307,5,31,-25
1739722490.4831307,-62,22,-118
1739722490.5291307,1,-59,-71
1739722490.5741308,-28,64,-4
1739722490.6201308,8,43,24
1739722490.6661308,-29,69,-66
1739722490.7121308,-43,7,-8
1739722490.7571306,-32,2,34
1739722490.8031306,55,-9,-15
1739722490.8491306,-8,52,8
1739722490.8941307,50,51,3
1739722490.9401307,50,16,-77
1739722490.9861307,-30,-40,-4
1739722491.0321307,18,-62,-119
1739722491.0771308,3,76,92
1739722491.1231308,23,34,-49
1739722491.1691308,13,-9,28
1739722491.2141306,44,12,-12
1739722491.2601306,51,43,-78
1739722491.3061306,-20,37,-164
1739722491.352131,-20,-9,-35
1739722491.3971307,-9,-23,-82
1739722491.4431307,29,-28,-2
1739722491.4891307,-19,24,129
1739722491.5341306,22,28,20
1739722491.5801306,50,-59,0
1739722491.6261306,-13,-15,13
1739722491.6721306,-42,-3,67
1739722491.717131,-43,-27,47
1739722491.763131,-35,-30,13
1739722491.809131,-29,-52,69
1739722491.8541307,125,7,-82
1739722491.9001307,-52,-29,-127
1739722491.9461308,34,-7,-98
1739722491.9921308,-1,8,0
1739722492.0371306,24,-26,-36
1739722492.0831306,43,10,-40
1739722492.1291306,22,105,-36
1739722492.174131,29,24,-56
1739722492.2201307,17,0,-100
1739722492.2661307,17,5,-140
1739722492.3121307,66,-60,82
1739722492.3571308,-9,25,161
1739722492.4031308,-52,25,97
1739722492.4491308,7,37,49
1739722492.4941306,29,-38,-92
1739722492.5401306,0,12,-100
1739722492.5861306,34,-13,-40
1739722492.6321306,95,9,-36
1739722492.6771307,56,-38,20
1739722492.7231307,-13,-3,-35
1739722492.7691307,18,-12,-54
1739722492.8141308,-39,65,105
1739722492.8601308,-75,0,-29
1739722492.9061308,25,-29,-96
1739722492.9521308,-4,7,-126
1739722492.9971306,-25,55,-169
1739722493.0431306,20,-17,-18
1739722493.0891306,30,-4,-174
1739722493.1341307,-31,55,-114
1739722493.1801307,71,41,26
1739722493.2261307,57,-34,18
1739722493.2721307,-32,-26,33
1739722493.3171306,4,-25,-96
1739722493.3631306,-76,15,-71
1739722493.4091306,-28,29,-56
1739722493.4541306,-45,57,33
1739722493.500131,-8,33,109
1739722493.546131,5,67,-38
1739722493.592131,-8,79,-33
1739722493.6371307,10,51,-76
1739722493.6831307,37,7,-136
1739722493.7291307,23,-97,-40
1739722493.7741306,1,24,-83
1739722493.8201306,8,93,-33
1739722493.8661306,-58,71,-113
1739722493.9121306,31,15,-78
1739722493.957131,37,130,-69
1739722494.003131,9,9,-50
1739722494.049131,-4,-37,58
1739722494.0941308,-38,-64,-53
1739722494.1461308,-36,21,59
1739722494.1921306,-26,20,-91
1739722494.2371306,-26,6,-139
1739722494.2831306,15,-40,-60
1739722494.3301306,-20,20,-39
1739722494.3761306,-80,108,-45
1739722494.421131,-30,-2,-84
1739722494.467131,24,-29,86
1739722494.513131,10,15,-84
1739722494.5581307,-46,-6,57
1739722494.6041307,-65,13,-11
1739722494.6501307,64,70,-70
1739722494.6951306,-21,29,35
1739722494.7411306,10,-20,-78
1739722494.7871306,22,-22,8
1739722494.8331306,22,-24,-88
1739722494.878131,46,-5,-1
1739722494.924131,-20,33,-38
1739722494.9701307,-64,17,-82
1739722495.0161307,0,-28,-79
1739722495.0611308,37,5,-93
1739722495.1071308,-60,-16,-36
1739722495.1531308,71,62,-67
1739722495.1981306,57,1,87
1739722495.2441306,61,-9,0
1739722495.2901306,-43,33,26
1739722495.3361306,63,46,1
1739722495.3811307,10,51,-89
1739722495.4271307,35,-19,-3
1739722495.4731307,9,-14,-25
1739722495.5181308,-30,38,-18
1739722495.5641308,112,50,-29
1739722495.6101308,-52,-14,-36
1739722495.6561308,62,59,-25
1739722495.7011306,11,-12,-35
1739722495.7471306,-51,9,-52
1739722495.7931306,8,43,1
1739722495.8381307,-14,14,-79
1739722495.8841307,-25,18,8
1739722495.9301307,8,12,-79
1739722495.9751308,-51,61,10
1739722496.0211308,55,33,-7
1739722496.0671306,-32,-79,-45
1739722496.1131306,-26,47,-98
1739722496.1581306,-5,28,-137
1739722496.2041306,-76,21,-130
1739722496.250131,-10,17,-60
1739722496.2951307,93,-2,-37
1739722496.3411307,8,-11,-33
1739722496.3871307,-53,-43,-38
1739722496.4331307,-120,60,-2
1739722496.4781306,64,-28,-87
1739722496.5241306,0,20,-119
1739722496.5701306,13,50,-172
1739722496.615131,24,-41,3
1739722496.661131,-24,-56,-21
1739722496.707131,-34,-34,71
1739722496.753131,-4,-87,-25
1739722496.7981308,-25,57,-104
1739722496.8441308,-12,2,-95
1739722496.8901308,43,-19,-71
1739722496.9351306,44,14,-83
1739722496.9811306,-8,-27,-33
1739722497.0271306,7,-42,-65
1739722497.0731306,15,-30,27
1739722497.1181307,15,-49,-7
1739722497.1641307,-5,-61,-57
1739722497.2101307,-66,-60,-9
1739722497.2551308,36,-11,1
1739722497.3011308,5,16,20
1739722497.3471308,-64,25,-183
1739722497.3931308,-53,-4,-131
1739722497.4381306,63,-27,35
1739722497.4841306,-42,39,0
1739722497.5301306,50,-51,-81
1739722497.5751307,-41,-20,-77
1739722497.6211307,-20,10,-22
1739722497.6671307,-20,-34,-33
1739722497.7131307,-10,-27,-25
1739722497.7581308,-5,-51,3
1739722497.8041308,-5,116,-16
1739722497.8501308,-26,30,-36
1739722497.8951306,-68,-14,-54
1739722497.9411306,17,-16,-37
1739722497.9871306,-20,-32,-71
1739722498.0331306,-66,-54,17
1739722498.0781307,10,47,-202
1739722498.1241307,6,46,-80
1739722498.1701307,-72,11,-50
1739722498.2151306,-47,-43,-59
1739722498.2611306,-24,19,80
1739722498.3071306,35,-19,11
1739722498.3531306,43,33,-5
1739722498.398131,39,5,-35
1739722498.444131,-63,-37,-61
1739722498.490131,-12,-8,-55
1739722498.5351307,72,-37,-89
1739722498.5811307,44,-67,82
1739722498.6271307,6,-7,-25
1739722498.6731308,84,-24,14
1739722498.7181306,18,25,58
1739722498.7641306,52,-2,0
1739722498.8101306,-28,-4,-101
1739722498.855131,-9,-97,-109
1739722498.901131,-27,28,-96
1739722498.947131,-9,2,-52
1739722498.9931307,5,52,-93
1739722499.0381308,-76,26,-84
1739722499.0841308,-18,17,0
1739722499.1301308,22,-51,-176
1739722499.1751306,-73,7,17
1739722499.2211306,3,11,-11
1739722499.2671306,-41,53,-61
1739722499.3131306,-9,36,-125
1739722499.3581307,-39,11,-69
1739722499.4041307,-18,-18,-46
1739722499.4501307,53,-39,22
1739722499.4951308,-6,-40,-78
1739722499.5411308,-95,8,-29
1739722499.5871308,3,57,-10
1739722499.6331308,-1,15,-218
1739722499.6781306,-24,-6,-61
1739722499.7241306,-2,42,123
1739722499.7701306,-42,-67,-41
1739722499.8151307,14,10,-26
1739722499.8611307,-50,11,9
1739722499.9071307,66,-26,30
1739722499.9531307,-44,104,-69
1739722499.9981308,-45,0,49
1739722500.0441308,24,-35,-90
1739722500.0901306,7,6,-68
1739722500.1351306,-44,-29,-87
1739722500.1811306,-93,37,111
1739722500.227131,-8,-15,-116
1739722500.273131,9,0,-54
1739722500.3181307,-22,31,15
1739722500.3641307,-6,26,-80
1739722500.4101307,58,3,-16
1739722500.4551306,21,41,-58
1739722500.5011306,-8,85,14
1739722500.5471306,36,6,22
1739722500.5931306,76,-25,54
1739722500.638131,42,-78,-84
1739722500.684131,-14,37,-62
1739722500.730131,10,-54,-51
1739722500.7751307,-21,125,-166
1739722500.8211308,-103,3,-99
1739722500.8671308,-7,-71,-15
1739722500.9131308,71,-71,-60
1739722500.9581306,47,9,-108
1739722501.0041306,35,31,84
1739722501.0501306,-43,21,3
1739722501.0951307,-47,0,-35
1739722501.1411307,6,-30,-94
1739722501.1871307,-33,34,-21
1739722501.2331307,-26,-32,31
1739722501.2781308,11,59,-52
1739722501.3241308,4,38,22
1739722501.3701308,4,44,-42
1739722501.4151306,5,6,-70
1739722501.4611306,0,27,6
1739722501.5071306,84,-48,14
1739722501.5531306,-51,25,-169
1739722501.5981307,10,63,120
1739722501.6441307,38,51,-122
1739722501.6901307,-1,10,10
1739722501.7351308,-1,2,-22
1739722501.7811308,35,-2,-74
1739722501.8271308,8,-32,73
1739722501.8731308,-10,-8,45
1739722501.9181306,-37,27,17
1739722501.9641306,-36,16,17
1739722502.0101306,-27,12,-68
1739722502.0551307,-44,75,-50
1739722502.1011307,-81,-21,-81
1739722502.1471307,-12,0,-57
1739722502.1931307,-21,-73,-36
1739722502.2381306,114,-2,-49
1739722502.2841306,-29,-42,-92
1739722502.3301306,88,49,-21
1739722502.375131,93,16,-119
1739722502.421131,61,-56,62
1739722502.467131,-21,10,50
1739722502.513131,-17,45,-1
1739722502.5581307,-5,29,-123
1739722502.6041307,25,-1,9
1739722502.6501307,12,-25,-73
1739722502.6951306,-9,-44,40
1739722502.7411306,37,3,-87
1739722502.7871306,-16,42,-11
1739722502.8331306,-76,38,-84
1739722502.878131,41,-138,-100
1739722502.924131,-41,72,-201
1739722502.9701307,8,107,-203
1739722503.0151308,78,16,45
1739722503.0611308,-73,56,-30
1739722503.1071308,-44,27,102
1739722503.1531308,12,2,-83
1739722503.1981306,-16,42,-79
1739722503.2441306,88,42,3
1739722503.2901306,-20,-70,0
1739722503.3351307,-60,21,-16
1739722503.3811307,25,6,-73
1739722503.4271307,75,19,-1
1739722503.4731307,-43,13,-9
1739722503.5181308,6,-68,-38
1739722503.5641308,-3,-13,46
1739722503.6101308,22,-46,18
1739722503.6551306,-5,-12,0
1739722503.7011306,-69,68,-49
1739722503.7471306,98,46,38
1739722503.7931306,-16,-63,-7
1739722503.8381307,-39,21,-95
1739722503.8841307,-24,67,-71
1739722503.9301307,-31,-9,-89
1739722503.9751308,-61,17,-55
1739722504.0211308,2,-50,-103
1739722504.0671306,68,94,-103
1739722504.1181307,-74,-18,-127
1739722504.1641307,46,6,28
1739722504.2101307,31,-10,-51
1739722504.2551308,-5,-3,-85
1739722504.3011308,23,-24,-61
1739722504.3471308,12,-17,-3
1739722504.3931308,-76,15,-24
1739722504.4381306,-37,7,6
1739722504.4841306,21,-38,-29
1739722504.5301306,-32,9,-28
1739722504.5751307,-12,-16,36
1739722504.6211307,-10,55,18
1739722504.6671307,-83,28,-124
1739722504.7131307,33,-37,-124
1739722504.7581308,-49,60,-224
1739722504.8041308,-7,-44,-77
1739722504.8501308,-12,41,-42
1739722504.8951306,3,15,54
1739722504.9411306,26,19,48
1739722504.9871306,23,57,-48
1739722505.0331306,-78,-57,-111
1739722505.0781307,-15,50,21
1739722505.1241307,14,43,87
1739722505.1701307,-53,-43,71
1739722505.2151306,14,68,-105
1739722505.2611306,51,5,-38
1739722505.3071306,-77,-11,77
1739722505.3531306,53,-31,-104
1739722505.398131,47,27,-112
1739722505.444131,12,15,-58
1739722505.490131,73,-39,-30
1739722505.5351307,20,-21,54
1739722505.5811307,-34,-7,19
1739722505.6271307,-20,47,-13
1739722505.6731308,-69,16,-11
1739722505.7181306,20,19,-142
1739722505.7641306,-27,-15,-97
1739722505.8101306,-50,0,-45
1739722505.855131,48,-31,34
1739722505.901131,-45,-39,-66
1739722505.947131,11,50,-101
1739722505.9921308,-46,-120,30
1739722506.0381308,32,0,20
1739722506.0841308,8,1,-36
1739722506.1301308,21,-21,-66
1739722506.1751306,-9,29,19
1739722506.2211306,-7,12,-65
1739722506.2671306,25,15,-176
1739722506.3121307,16,34,123
1739722506.3581307,16,3,-40
1739722506.4041307,-17,-10,23
1739722506.4501307,30,7,-128
1739722506.4951308,-42,-26,-7
1739722506.5411308,-23,69,13
1739722506.5871308,-8,29,-9
1739722506.6321306,20,-17,-26
1739722506.6781306,-88,52,-41
1739722506.7241306,17,30,-63
1739722506.7701306,-51,-40,-225
1739722506.8151307,41,8,-148
1739722506.8611307,9,-49,-24
1739722506.9071307,7,-21,-1
1739722506.9521308,13,-50,-25
1739722506.9981308,-46,19,-85
1739722507.0431306,11,-14,-89
1739722507.0881307,42,0,63
1739722507.1341307,-15,14,-24
1739722507.1801307,-47,103,66
1739722507.2261307,29,74,-21
1739722507.2711308,71,37,42
1739722507.3171306,6,62,-95
1739722507.3631306,-28,-51,-27
1739722507.4081306,18,84,-47
1739722507.4541306,-30,-6,2
1739722507.500131,-55,62,-118
1739722507.546131,-49,-59,-99
1739722507.5911307,3,-37,-59
1739722507.6371307,-48,-49,22
1739722507.6831307,-4,-12,-23
1739722507.7281306,-4,-26,-29
1739722507.7741306,-17,161,-6
1739722507.8201306,1,26,-79
1739722507.8661306,-20,45,-83
1739722507.911131,-28,39,-17
1739722507.957131,-18,-6,0
1739722508.003131,-4,84,33
1739722508.0481308,26,92,13
1739722508.0941308,-47,-5,-92
1739722508.1401308,86,-49,-75
1739722508.1861308,18,59,-95
1739722508.2311306,92,27,53
1739722508.2771306,61,21,-45
1739722508.3231306,-104,0,-54
1739722508.3681307,-6,-22,50
1739722508.4141307,54,-1,83
1739722508.4601307,-47,-4,-24
1739722508.5061307,1,20,-13
1739722508.5511308,88,-15,27
1739722508.5971308,-133,14,-150
1739722508.6431308,53,1,-129
1739722508.6881306,-42,31,66
1739722508.7341306,77,-50,15
1739722508.7801306,-47,24,-109
1739722508.8261306,-21,60,-8
1739722508.8711307,-8,-21,56
1739722508.9171307,0,-6,74
1739722508.9631307,47,61,-39
1739722509.0081308,55,-19,-35
1739722509.0541308,14,-17,136
1739722509.1001308,-44,-15,44
1739722509.1461308,40,-23,-1
1739722509.1911306,-15,-2,-8
1739722509.2371306,88,-28,-103
1739722509.2831306,-24,9,-43
1739722509.3281307,-2,9,70
1739722509.3741307,-68,13,-83
1739722509.4201307,-2,-50,-97
1739722509.4661307,21,8,-5
1739722509.5111306,6,6,66
1739722509.5571306,53,-24,32
1739722509.6031306,-26,4,12
1739722509.648131,7,-32,-73
1739722509.694131,-32,0,-61
1739722509.740131,3,-58,-71
1739722509.786131,-30,-10,-167
1739722509.8311307,48,19,9
1739722509.8771307,-64,9,-50
1739722509.9231308,-21,-117,-49
1739722509.9681306,-24,-43,-13
1739722510.0141306,76,-9,17
1739722510.0601306,-39,-2,-111
1739722510.1061306,-21,79,-34
1739722510.151131,-59,17,32
1739722510.197131,71,-30,-5
1739722510.2431307,-29,54,-83
1739722510.2881308,46,-1,-111
1739722510.3341308,41,-3,-147
1739722510.3801308,-9,23,28
1739722510.4261308,71,14,-169
1739722510.4711306,102,-17,-11
1739722510.5171306,55,-19,-87
1739722510.5631306,-31,21,-99
1739722510.6081307,-57,15,-58
1739722510.6541307,23,5,-17
1739722510.7001307,-39,13,0
1739722510.7461307,20,16,25
1739722510.7911308,57,0,3
1739722510.8371308,114,37,-79
1739722510.8831308,-64,56,-114
1739722510.9281306,7,8,-81
1739722510.9741306,96,-58,-51
1739722511.0201306,-7,-42,12
1739722511.0661306,-3,2,46
1739722511.1111307,11,-55,-77
1739722511.1571307,34,-41,-9
1739722511.2031307,-42,25,-146
1739722511.2481308,-22,72,-28
1739722511.2941308,-19,-31,-69
1739722511.3401306,44,-7,15
1739722511.3861306,2,-10,-5
1739722511.4311306,41,24,-2
1739722511.477131,-70,0,-39
1739722511.523131,20,36,-32
1739722511.5681307,14,63,-62
1739722511.6141307,40,77,-16
1739722511.6601307,10,11,0
1739722511.7061307,-58,-7,37
1739722511.7511306,5,-28,-91
1739722511.7971306,75,-23,5
1739722511.8431306,16,-96,-89
1739722511.888131,31,26,-12
1739722511.934131,-15,54,-46
1739722511.980131,12,-31,39
1739722512.026131,17,28,-18
1739722512.0711308,-4,-18,-45
1739722512.1171308,38,28,-12
1739722512.1631308,-6,20,-80
1739722512.2081306,-1,23,-18
1739722512.2541306,33,17,16
1739722512.3001306,-60,14,-5
1739722512.3461306,47,-3,-76
1739722512.3911307,-61,-16,1
1739722512.4371307,4,23,-26
1739722512.4831307,-42,-80,-133
1739722512.5281308,-100,64,7
1739722512.5741308,59,-41,-32
1739722512.6201308,-9,4,-166
1739722512.6661308,39,-16,-114
1739722512.7111306,-16,-29,-65
1739722512.7571306,-34,-11,25
1739722512.8031306,-88,33,-33
1739722512.8481307,38,51,38
1739722512.8941307,7,24,-34
1739722512.9401307,-10,-95,-84
1739722512.9861307,84,-44,-119
1739722513.0311308,59,28,-43
1739722513.0771308,63,23,-40
1739722513.1231308,-30,3,0
1739722513.1681306,38,49,-43
1739722513.2141306,-10,-6,-139
1739722513.2601306,1,-5,-3
1739722513.3061306,9,-41,-91
1739722513.3511307,-33,59,-223
1739722513.3971307,6,23,-23
1739722513.4431307,15,-28,27
1739722513.4881306,62,19,19
1739722513.5341306,46,-3,-47
1739722513.5801306,-23,15,-60
1739722513.6261306,-42,-21,-73
1739722513.671131,-65,-27,-48
1739722513.717131,83,-5,-55
1739722513.763131,49,-17,15
1739722513.8081307,52,-11,-105
1739722513.8541307,0,-36,-111
1739722513.9001307,-79,9,-80
1739722513.9461308,-67,-29,-39
1739722513.9911306,33,-7,19
1739722514.0371306,32,61,-107
1739722514.0831306,71,-55,-53
1739722514.1341307,24,-72,-149
1739722514.1801307,-6,24,-20
1739722514.2261307,-82,-20,-56
1739722514.2711308,-33,-70,-69
1739722514.3171306,-10,2,18
1739722514.3631306,-55,-22,46
1739722514.4101307,-34,12,4
1739722514.4551306,-19,45,44
1739722514.5011306,19,46,36
1739722514.5471306,-2,38,-30
1739722514.592131,-5,41,-54
1739722514.638131,8,47,-123
1739722514.684131,-40,-22,-51
1739722514.730131,49,-5,5
1739722514.7751307,52,-33,-99
1739722514.8211308,15,5,-125
1739722514.8671308,45,82,-37
1739722514.9121306,-50,-2,-34
1739722514.9581306,-66,0,-153
1739722515.0041306,23,3,-1
1739722515.0501306,25,126,-94
1739722515.0951307,-33,88,-54
1739722515.1411307,-12,-29,-99
1739722515.1871307,-29,41,-85
1739722515.2321308,0,-6,-141
1739722515.2781308,17,-3,42
1739722515.3241308,78,-55,-35
1739722515.3701308,-39,0,-38
1739722515.4151306,-8,29,-25
1739722515.4611306,-48,-9,-26
1739722515.5071306,7,22,-35
1739722515.5521307,-51,-4,-60
1739722515.5981307,19,-8,-45
1739722515.6441307,-23,75,-93
1739722515.6901307,5,-19,-21
1739722515.7351308,-47,30,-109
1739722515.7811308,-18,22,22
1739722515.8271308,-9,-31,-23
1739722515.8721306,7,26,-149
1739722515.9181306,7,26,-45
1739722515.9641306,-87,-38,20
1739722516.0091307,-12,97,-211
1739722516.0551307,31,5,-11
1739722516.1011307,20,29,6
1739722516.1471307,32,17,-63
1739722516.1921306,76,0,-87
1739722516.2381306,23,-13,-79
1739722516.2841306,-14,-40,-81
1739722516.3291306,61,23,-69
1739722516.375131,81,14,-147
1739722516.421131,-36,5,-79
1739722516.467131,28,-38,-63
1739722516.5121307,31,9,-99
1739722516.5581307,-27,66,36
1739722516.6041307,-56,30,-30
1739722516.6491306,21,-19,-117
1739722516.6951306,30,109,-52
1739722516.7411306,20,4,1
1739722516.7871306,49,-21,7
1739722516.832131,-15,-54,-1
1739722516.878131,-57,29,-116
1739722516.924131,-6,-22,-179
1739722516.9691308,21,-96,-107
1739722517.0151308,0,6,2
1739722517.0611308,58,-41,-51
1739722517.1071308,-48,-26,-43
1739722517.1521306,19,15,-13
1739722517.1981306,-40,-22,30
1739722517.2441306,27,-19,55
1739722517.2891307,65,-16,-107
1739722517.3351307,47,-7,-17
1739722517.3811307,-15,1,-43
1739722517.4271307,23,53,-59
1739722517.4721308,-87,18,-33
1739722517.5181308,-9,0,21
1739722517.5641308,-85,51,-71
1739722517.6091306,21,-48,-52
1739722517.6551306,10,7,-26
1739722517.7011306,-37,-23,-32
1739722517.7471306,23,-20,-2
1739722517.7921307,25,30,-36
1739722517.8381307,-73,73,-119
1739722517.8841307,-61,10,41
1739722517.9291308,-56,80,-71
1739722517.9751308,-23,29,-31
1739722518.0211308,-122,54,1
1739722518.0671306,-66,3,-139
1739722518.1121306,-17,28,-63
1739722518.1581306,-12,11,-47
1739722518.2041306,21,-82,-50
1739722518.2491307,68,21,-106
1739722518.2951307,11,3,-106
1739722518.3411307,-52,46,-103
1739722518.3871307,19,59,-109
1739722518.4321306,66,-15,-68
1739722518.4781306,69,-27,0
1739722518.5241306,-2,-73,116
1739722518.569131,81,-85,98
1739722518.615131,31,-43,2
1739722518.661131,21,-4,-94
1739722518.707131,12,15,-38
1739722518.7521307,-78,-42,-137
1739722518.7981308,-108,1,-61
1739722518.8441308,-73,-6,41
1739722518.8891306,-19,24,-49
1739722518.9351306,49,48,-128
1739722518.9811306,53,69,-73
1739722519.0271306,47,-35,-132
1739722519.072131,-21,66,-3
1739722519.1181307,6,-7,-8
1739722519.1641307,-1,-6,0
1739722519.2091308,51,-38,-48
1739722519.2551308,-51,-21,-35
1739722519.3011308,-94,44,-157
1739722519.3471308,-17,1,13
1739722519.3921306,-59,-27,55
1739722519.4381306,4,32,43
1739722519.4841306,26,-44,-12
1739722519.5291307,13,-54,-64
1739722519.5751307,50,37,31
1739722519.6211307,-69,-87,-7
1739722519.6671307,29,-11,-81
1739722519.7121308,58,-40,-67
1739722519.7581308,-9,-8,-9
1739722519.8041308,38,-60,-211
1739722519.8491306,35,2,-3
1739722519.8951306,-20,-30,-43
1739722519.9411306,-35,33,-106
1739722519.9871306,-11,72,-84
1739722520.0321307,43,20,18
1739722520.0781307,64,0,9
1739722520.1241307,-62,26,-88
1739722520.1691308,32,-24,-1
1739722520.2151306,-8,-29,-83
1739722520.2611306,35,-21,-57
1739722520.3071306,-9,44,114
1739722520.352131,38,-4,-79
1739722520.398131,18,50,-109
1739722520.444131,-5,-14,-83
1739722520.4891307,-48,38,-150
1739722520.5351307,43,-21,-129
1739722520.5811307,26,25,48
1739722520.6271307,-37,-33,-17
1739722520.6721306,35,35,-109
1739722520.7181306,0,-17,-39
1739722520.7641306,31,-20,0
1739722520.809131,-75,-18,-50
1739722520.855131,17,10,-51
1739722520.901131,11,-55,-15
1739722520.947131,-29,67,-118
1739722520.9921308,-67,-13,-70
1739722521.0381308,49,-22,-59
1739722521.0841308,-30,34,4
1739722521.1291306,11,-11,27
1739722521.1751306,23,23,-53
1739722521.2211306,61,10,45
1739722521.2671306,-30,-16,-118
1739722521.3121307,-13,36,-94
1739722521.3581307,-5,-37,0
1739722521.4041307,50,-45,-57
1739722521.4491308,47,24,-49
1739722521.4951308,-93,38,-54
1739722521.5411308,32,8,-9
1739722521.5871308,9,29,23
1739722521.6321306,-116,21,-92
1739722521.6781306,2,8,-43
1739722521.7241306,-51,30,44
1739722521.7691307,47,-6,-103
1739722521.8151307,49,17,71
1739722521.8611307,68,47,-89
1739722521.9071307,15,-71,-15
1739722521.9521308,65,73,-65
1739722521.9981308,-48,-67,-40
1739722522.0441308,80,-75,-37
1739722522.0891306,-29,-45,-66
1739722522.1351306,87,75,19
1739722522.1811306,41,-8,13
1739722522.227131,-40,93,-56
1739722522.2721307,-46,22,10
1739722522.3181307,-33,-13,-53
1739722522.3641307,-33,-111,-34
1739722522.4091306,-16,18,-67
1739722522.4551306,-2,-13,-92
1739722522.5011306,34,-68,28
1739722522.5471306,-53,57,-21
1739722522.592131,17,37,-62
1739722522.638131,-24,19,-77
1739722522.684131,33,50,36
1739722522.7291307,0,54,-11
1739722522.7751307,33,-14,63
1739722522.8211308,21,-6,3
1739722522.8671308,-72,-24,36
1739722522.9121306,40,-46,-121
1739722522.9581306,-75,-42,-106
1739722523.0041306,-76,20,-54
1739722523.049131,-7,-55,57
1739722523.0951307,-16,-19,-18
1739722523.1411307,-33,4,-109
1739722523.1871307,0,75,-49
1739722523.2321308,-5,26,-83
1739722523.2781308,31,38,-216
1739722523.3241308,41,-71,-72
1739722523.3691306,18,7,38
1739722523.4151306,-73,7,-39
1739722523.4611306,-35,12,-23
1739722523.5071306,-17,-6,-128
1739722523.5521307,-25,34,29
1739722523.5981307,-49,33,-73
1739722523.6441307,-45,33,-107
1739722523.6891308,7,24,-33
1739722523.7351308,-14,18,35
1739722523.7811308,11,-3,-68
1739722523.8271308,45,86,-73
1739722523.8721306,22,-22,-84
1739722523.9181306,-41,-3,41
1739722523.9641306,-25,7,33
1739722524.0091307,50,-23,62
1739722524.0551307,20,37,-10
1739722524.1011307,-56,-20,119
1739722524.1521306,-42,-22,-15
1739722524.1981306,-7,27,-31
1739722524.2441306,-42,9,-71
1739722524.2891307,-15,-34,-108
1739722524.3351307,-24,-16,39
1739722524.3811307,83,50,62
1739722524.4271307,-29,37,-135
1739722524.4721308,-8,-4,-53
1739722524.5181308,-24,-10,-71
1739722524.5631306,-54,2,-131
1739722524.6081307,42,-34,-46
1739722524.6541307,34,-38,28
1739722524.7001307,112,0,36
1739722524.7451308,33,42,-11
1739722524.7911308,-45,69,-131
1739722524.8371308,38,-4,60
1739722524.8831308,44,16,-34
1739722524.9281306,14,6,-74
1739722524.9741306,-56,45,-119
1739722525.0201306,-32,-37,-90
1739722525.0651307,-8,2,-76
1739722525.1111307,-1,64,-89
1739722525.1571307,41,58,11
1739722525.2031307,-38,-42,-24
1739722525.2481308,-33,-39,-166
1739722525.2941308,-34,43,-45
1739722525.3401306,-52,29,-29
1739722525.3851306,55,-29,-22
1739722525.4311306,22,-44,-70
1739722525.477131,-23,-4,-1
1739722525.523131,45,-6,17
1739722525.5681307,74,-41,-35
1739722525.6141307,48,-21,-59
1739722525.6601307,-54,6,-10
1739722525.7051306,41,-25,-93
1739722525.7511306,19,-29,-133
1739722525.7971306,-35,-11,-16
1739722525.8431306,46,50,-41
1739722525.888131,64,-25,-15
1739722525.934131,89,-141,-47
1739722525.980131,-18,44,4
1739722526.0251307,36,-19,-25
1739722526.0711308,20,-19,-101
1739722526.1171308,66,-27,114
1739722526.1621306,-50,-44,2
1739722526.2081306,-69,12,-32
1739722526.2541306,-55,2,14
1739722526.3001306,4,-2,3
1739722526.3451307,51,-47,-117
1739722526.3911307,-103,-4,-245
1739722526.4371307,17,-60,-109
1739722526.4821308,-77,32,-64
1739722526.5281308,101,43,-21
1739722526.5741308,44,7,-59
1739722526.6201308,-14,-50,106
1739722526.6651306,11,-56,20
1739722526.7111306,-50,68,-43
1739722526.7571306,-2,63,-63
1739722526.8021307,24,38,-37
1739722526.8481307,43,24,-51
1739722526.8941307,-27,26,-38
1739722526.9401307,-23,-46,34
1739722526.9851308,-13,-48,-51
1739722527.0311308,-39,42,36
1739722527.0771308,-42,55,-53
1739722527.1221306,25,26,-127
1739722527.1681306,31,3,-23
1739722527.2141306,-57,39,-40
1739722527.2601306,25,34,-1
1739722527.3051307,16,-55,58
1739722527.3511307,11,-14,-117
1739722527.3971307,-29,-96,-63
1739722527.4421306,-46,56,-78
1739722527.4881306,-73,-2,68
1739722527.5341306,-97,-43,-70
1739722527.5801306,9,53,-169
1739722527.625131,-71,-38,0
1739722527.671131,-20,8,-34
1739722527.717131,-96,-10,-114
1739722527.7621307,31,-39,-89
1739722527.8081307,-68,61,168
1739722527.8541307,58,14,88
1739722527.9001307,-7,18,-41
1739722527.9451306,47,-45,-43
1739722527.9911306,-58,5,-121
1739722528.0371306,82,-62,-170
1739722528.082131,40,19,-22
1739722528.128131,31,68,-66
1739722528.174131,-29,-30,-150
1739722528.2201307,107,-73,-109
1739722528.2651308,-62,-68,-24
1739722528.3111308,-58,-32,-66
1739722528.3571308,30,0,44
1739722528.4021306,-33,-64,-43
1739722528.4481306,13,-36,2
1739722528.4941306,63,-42,44
1739722528.5401306,40,-50,-92
1739722528.5851307,-5,-88,-20
1739722528.6311307,-18,-8,21
1739722528.6771307,-83,12,-39
1739722528.7221308,106,11,-30
1739722528.7681308,100,-8,-44
1739722528.8141308,-16,21,-69
1739722528.8601308,7,41,37
1739722528.9051306,88,-34,-80
1739722528.9511306,-17,-4,-31
1739722528.9971306,35,33,-46
1739722529.0421307,-15,60,53
1739722529.0881307,-45,36,-97
1739722529.1341307,-10,-22,-108
1739722529.1801307,14,18,-40
1739722529.2251308,6,18,-68
1739722529.2711308,0,-38,-56
1739722529.3171306,36,-26,-66
1739722529.3621306,61,19,-116
1739722529.4081306,-9,-29,-132
1739722529.4541306,18,7,-14
1739722529.500131,-25,0,-65
1739722529.5451307,-4,-30,-88
1739722529.5911307,-64,9,-93
1739722529.6371307,-9,-6,-66
1739722529.6821306,59,18,0
1739722529.7281306,-14,41,-115
1739722529.7741306,37,51,93
1739722529.8201306,9,20,-67
1739722529.865131,23,-6,-48
1739722529.911131,33,65,-55
1739722529.957131,65,62,-27
1739722530.0021307,38,68,-19
1739722530.0481308,44,39,-89
1739722530.0941308,-30,71,-3
1739722530.1401308,48,-27,-64
1739722530.1851306,112,-43,-90
1739722530.2311306,-5,-26,-4
1739722530.2771306,47,-1,86
1739722530.322131,-8,1,-45
1739722530.3681307,15,93,-73
1739722530.4141307,-15,-21,-112
1739722530.4601307,13,-9,-4
1739722530.5051308,-8,19,-123
1739722530.5511308,-8,23,-77
1739722530.5971308,28,10,-12
1739722530.6421306,-13,35,-69
1739722530.6881306,-2,11,-92
1739722530.7341306,13,18,-110
1739722530.7801306,79,-20,-42
1739722530.8251307,-73,-4,-85
1739722530.8711307,173,29,110
1739722530.9171307,29,24,-24
1739722530.9621308,-29,39,-27
1739722531.0081308,20,73,-53
1739722531.0541308,-14,-3,-48
1739722531.1001308,-125,28,-129
1739722531.1451306,-7,-23,-122
1739722531.1911306,2,57,-17
1739722531.2371306,23,80,-49
1739722531.2821307,7,87,75
1739722531.3281307,-37,-19,-3
1739722531.3741307,68,36,-120
1739722531.4201307,-4,53,3
1739722531.4651306,20,4,-50
1739722531.5111306,5,-17,-138
1739722531.5571306,-9,-77,-76
1739722531.602131,-24,-16,-6
1739722531.648131,-34,-4,-126
1739722531.694131,23,5,-16
1739722531.740131,-28,-4,-2
1739722531.7851307,46,33,-32
1739722531.8311307,42,-41,-184
1739722531.8771307,5,19,-118
1739722531.9221306,-2,-74,-46
1739722531.9681306,-12,-56,29
1739722532.0141306,-16,115,-42
1739722532.0601306,14,31,-118
1739722532.105131,4,29,-18
1739722532.151131,-142,31,-37
1739722532.197131,67,65,-36
1739722532.2421308,-65,4,-60
1739722532.2881308,52,-74,-26
1739722532.3341308,15,22,12
1739722532.3801308,-47,30,65
1739722532.4251306,-33,-15,27
1739722532.4711306,-9,-47,-116
1739722532.5171306,28,-20,3
1739722532.5621307,65,19,-58
1739722532.6081307,24,8,109
1739722532.6541307,10,-53,-33
1739722532.7001307,-34,96,-238
1739722532.7451308,-135,42,-80
1739722532.7911308,-25,5,-52
1739722532.8371308,-94,27,107
1739722532.8821306,101,-41,-35
1739722532.9281306,64,-4,-36
1739722532.9741306,14,-3,-126
1739722533.0201306,39,16,22
1739722533.0651307,-44,69,-112
1739722533.1111307,5,-18,9
1739722533.1561308,-14,-22,1
1739722533.2011306,-26,1,-102
1739722533.2471306,-11,9,-76
1739722533.2931306,-92,-61,-175
1739722533.3381307,16,38,-52
1739722533.3841307,-62,6,-57
1739722533.4301307,29,-40,-80
1739722533.4761307,-45,17,-3
1739722533.5211308,13,-38,-48
1739722533.5671306,0,-52,66
1739722533.6131306,-1,69,-5
1739722533.6581306,48,-33,-16
1739722533.7041306,-118,-8,-11
1739722533.750131,7,12,-33
1739722533.796131,14,-17,-140
1739722533.8411307,1,28,-51
1739722533.8871307,33,54,-87
1739722533.9331307,-24,36,-153
1739722533.9781306,-6,-24,-63
1739722534.0241306,-50,18,-46
1739722534.0701306,55,-13,-119
1739722534.1161306,-6,70,-35
1739722534.1671307,7,24,-117
1739722534.2131307,-4,21,-133
1739722534.2581308,33,27,47
1739722534.3041308,18,-18,41
1739722534.3501308,64,75,-45
1739722534.3961308,-23,48,-147
1739722534.4411306,17,51,-97
1739722534.4871306,6,-1,52
1739722534.5331306,-31,36,12
1739722534.5781307,-17,11,-117
1739722534.6241307,-6,22,-3
1739722534.6701307,28,60,-55
1739722534.7151306,-21,56,-43
1739722534.7611306,-20,14,-103
1739722534.8071306,-26,-64,28
1739722534.8531306,20,-40,-25
1739722534.898131,58,54,-115
1739722534.944131,47,-54,-37
1739722534.990131,10,-18,26
1739722535.036131,17,34,-173
1739722535.0811307,5,0,30
1739722535.1271307,35,-19,-11
1739722535.1731308,-34,-97,-54
1739722535.2181306,36,-65,-147
1739722535.2641306,-6,28,98
1739722535.3101306,23,-43,-41
1739722535.3561306,-72,-40,-180
1739722535.401131,-15,75,-27
1739722535.447131,-70,103,-89
1739722535.4931307,68,-17,-95
1739722535.5381308,-61,-39,-30
1739722535.5841308,25,-68,-40
1739722535.6301308,24,3,-111
1739722535.6761308,58,-16,31
1739722535.7211306,2,80,-43
1739722535.7671306,55,38,55
1739722535.8131306,34,-29,-65
1739722535.8581307,1,-11,-45
1739722535.9041307,-47,-28,-56
1739722535.9501307,38,13,-135
1739722535.9961307,42,-65,-45
1739722536.0411308,26,36,-73
1739722536.0871308,23,82,45
1739722536.1331308,0,12,-1
1739722536.1781306,-47,22,52
1739722536.2241306,2,-60,-49
1739722536.2701306,52,12,-7
1739722536.3151307,2,-1,-25
1739722536.3611307,-14,-50,-46
1739722536.4071307,-26,61,-48
1739722536.4531307,2,5,-109
1739722536.4981308,39,24,-3
1739722536.5441308,39,38,-105
1739722536.5901306,65,14,-87
1739722536.6351306,60,68,-125
1739722536.6811306,12,33,-127
1739722536.727131,44,-28,-25
1739722536.773131,48,21,81
1739722536.8181307,-28,89,-17
1739722536.8641307,-5,-11,20
1739722536.9101307,-2,-56,-68
1739722536.9551306,42,-6,-53
1739722537.0011306,-21,3,46
1739722537.0471306,-9,-56,-34
1739722537.0931306,-25,-53,-66
1739722537.138131,6,-2,-55
1739722537.184131,-27,41,-73
1739722537.230131,-13,-17,-73
1739722537.2751307,-66,29,-24
1739722537.3211308,-7,39,-153
1739722537.3671308,33,56,-71
1739722537.4131308,-49,37,42
1739722537.4591308,32,-27,-135
1739722537.5051308,93,2,-63
1739722537.5511308,-6,6,-139
1739722537.5971308,48,-7,-23
1739722537.6421306,5,0,-29
1739722537.6881306,-1,8,-17
1739722537.7341306,18,15,-5
1739722537.7791307,3,9,-109
1739722537.8251307,66,68,27
1739722537.8711307,-70,72,32
1739722537.9171307,-74,23,28
1739722537.9621308,-61,-16,-50
1739722538.0081308,7,-36,-181
1739722538.0541308,11,36,-17
1739722538.0991306,-29,7,12
1739722538.1451306,47,-54,-37
1739722538.1911306,70,-27,-5
1739722538.2371306,-9,-33,132
1739722538.2821307,-24,23,-67
1739722538.3281307,-12,-35,36
1739722538.3741307,59,14,85
1739722538.4191308,9,-5,-177
1739722538.4651306,4,-23,-61
1739722538.5111306,-109,30,-106
1739722538.5571306,-39,42,80
1739722538.602131,26,2,-65
1739722538.648131,3,-6,70
1739722538.694131,27,56,-27
1739722538.7391307,67,-13,57
1739722538.7851307,13,-3,78
1739722538.8311307,27,37,-81
1739722538.8771307,-4,-110,-41
1739722538.9221306,40,4,-11
1739722538.9681306,-1,-35,-85
1739722539.0141306,84,75,8
1739722539.059131,1,1,-89
1739722539.105131,6,-21,-69
1739722539.151131,27,69,-39
1739722539.197131,3,17,-71
1739722539.2421308,57,87,-19
1739722539.2881308,-30,3,-81
1739722539.3341308,-56,-66,14
1739722539.3791306,-33,-8,64
1739722539.4251306,-60,12,100
1739722539.4711306,-19,0,-25
1739722539.5171306,-51,-67,-51
1739722539.5621307,-28,47,44
1739722539.6081307,3,17,-93
1739722539.6541307,45,-43,13
1739722539.6991308,-9,1,-89
1739722539.7451308,42,54,20
1739722539.7911308,46,-39,29
1739722539.8371308,17,-20,-81
1739722539.8821306,11,-6,-9
1739722539.9281306,-41,-43,-61
1739722539.9741306,-74,21,-28
1739722540.0191307,85,17,-9
1739722540.0651307,-36,91,0
1739722540.1111307,10,17,-139
1739722540.1571307,-50,-17,-52
1739722540.2021308,-21,47,-56
1739722540.2481308,-47,82,50
1739722540.2941308,19,-44,60
1739722540.3391306,-69,10,-115
1739722540.3851306,-59,17,-87
1739722540.4311306,-12,0,-79
1739722540.477131,34,-24,-21
1739722540.5221307,-31,21,-87
1739722540.5681307,1,-25,-49
1739722540.6141307,-63,-22,-37
1739722540.6591306,43,14,-9
1739722540.7051306,36,-32,-85
1739722540.7511306,-18,-47,-67
1739722540.7971306,-47,4,-48
1739722540.842131,-38,-44,-157
1739722540.888131,27,-13,51
1739722540.934131,56,58,-77
1739722540.9791307,-26,20,-109
1739722541.0251307,69,-17,-27
1739722541.0711308,-32,-35,-35
1739722541.1171308,90,-5,-21
1739722541.1621306,-37,-40,-99
1739722541.2081306,-32,13,-2
1739722541.2541306,-10,23,-44
1739722541.299131,61,-18,-21
1739722541.3451307,-16,46,-26
1739722541.3911307,-34,20,-136
1739722541.4371307,20,-7,-131
1739722541.4821308,-30,58,-68
1739722541.5281308,36,-24,27
1739722541.5741308,-55,26,-32
1739722541.6191306,-3,7,-91
1739722541.6651306,-33,2,-14
1739722541.7111306,-1,0,-7
1739722541.7571306,13,25,108
1739722541.8021307,-19,59,-32
1739722541.8481307,-25,2,80
1739722541.8941307,-19,-89,-141
1739722541.9391308,71,-46,61
1739722541.9851308,50,37,-99
1739722542.0311308,-44,73,-120
1739722542.0771308,3,-2,62
1739722542.1221306,109,-2,-101
1739722542.1681306,3,17,-91
1739722542.2141306,-33,-55,-9
1739722542.2591307,-35,53,-78
1739722542.3051307,1,7,-65
1739722542.3511307,50,-12,5
1739722542.3971307,-29,31,-97
1739722542.4421306,4,-41,-93
1739722542.4881306,89,28,-37
1739722542.5341306,-67,21,-34
1739722542.5791306,-67,16,-50
1739722542.625131,-80,7,-40
1739722542.671131,56,2,-53
1739722542.717131,75,9,-35
1739722542.7621307,6,64,-69
1739722542.8081307,-51,79,-126
1739722542.8541307,51,43,-127
1739722542.8991306,9,11,-7
1739722542.9451306,-12,40,-10
1739722542.9911306,-56,10,-80
1739722543.0371306,-100,37,-44
1739722543.082131,27,-42,15
1739722543.128131,-23,-48,-23
1739722543.174131,-53,63,-10
1739722543.2191308,-14,10,62
1739722543.2651308,-18,-45,-37
1739722543.3111308,-44,-9,0
1739722543.3571308,15,22,-25
1739722543.4021306,-28,53,-36
1739722543.4481306,19,-35,-127
1739722543.4941306,-59,-49,-68
1739722543.5391307,81,-9,101
1739722543.5851307,5,62,-47
1739722543.6311307,65,14,11
1739722543.6771307,0,41,-33
1739722543.7221308,-12,64,11
1739722543.7681308,59,-28,-39
1739722543.8141308,-35,43,-22
1739722543.8591306,13,0,-55
1739722543.9051306,15,-7,-15
1739722543.9511306,-52,98,-38
1739722543.9971306,-78,10,-82
1739722544.0421307,-11,-66,-56
1739722544.0881307,14,-25,48
1739722544.1341307,-60,42,-61
1739722544.1851306,65,8,-97
1739722544.2311306,71,-102,-159
1739722544.2771306,-65,68,46
1739722544.322131,-49,24,-114
1739722544.3681307,-20,37,46
1739722544.4141307,28,14,-19
1739722544.4591308,26,29,-1
1739722544.5051308,-42,24,-84
1739722544.5511308,0,-17,-93
1739722544.5971308,27,33,-113
1739722544.6421306,17,51,-47
1739722544.6881306,-47,-41,-84
1739722544.7341306,-37,12,-77
1739722544.7791307,56,-40,-119
1739722544.8251307,77,21,-55
1739722544.8711307,27,5,60
1739722544.9171307,-15,70,-203
1739722544.9621308,-98,-1,-28
1739722545.0081308,0,-25,-22
1739722545.0541308,-4,-2,44
1739722545.0991306,62,17,-19
1739722545.1451306,-39,13,-99
1739722545.1911306,-30,-76,56
1739722545.2371306,36,-87,26
1739722545.2821307,27,95,-161
1739722545.3281307,-39,-44,-58
1739722545.3741307,-63,3,7
1739722545.4191308,-70,87,-53
1739722545.4651306,36,-14,-179
1739722545.5111306,31,-9,-87
1739722545.5571306,-120,28,-53
1739722545.602131,16,31,-25
1739722545.648131,-38,30,-83
1739722545.694131,33,-3,-67
1739722545.7391307,-28,103,9
1739722545.7851307,3,-5,-51
1739722545.8311307,-31,21,-93
1739722545.8771307,29,49,-43
1739722545.9221306,7,26,-157
1739722545.9681306,-23,33,-63
1739722546.0141306,-16,6,-75
1739722546.059131,74,47,-1
1739722546.105131,-64,20,-78
1739722546.151131,33,-35,-77
1739722546.1961308,-16,27,72
1739722546.2421308,6,-38,-67
1739722546.2881308,0,-27,8
1739722546.3341308,-27,14,-127
1739722546.3791306,38,22,21
1739722546.4251306,-11,46,-10
1739722546.4711306,0,-5,19
1739722546.5161307,103,51,-142
1739722546.5621307,54,17,-22
1739722546.6081307,45,-14,39
1739722546.6541307,-36,-28,-108
1739722546.6991308,79,-65,48
1739722546.7451308,98,32,-124
1739722546.7911308,42,2,-56
1739722546.8361306,-71,-51,-82
1739722546.8821306,-51,-2,-144
1739722546.9281306,77,-48,-124
1739722546.9741306,70,63,-35
1739722547.0191307,23,1,-140
1739722547.0651307,-70,-24,-66
1739722547.1111307,-14,84,49
1739722547.1561308,71,-5,-98
1739722547.2021308,-1,-54,24
1739722547.2481308,-23,31,101
1739722547.2941308,28,68,57
1739722547.3391306,0,23,-59
1739722547.3851306,-20,5,-96
1739722547.4311306,-7,-21,-48
1739722547.4761307,2,13,-45
1739722547.5221307,72,-67,-56
1739722547.5681307,-21,22,-75
1739722547.6141307,-31,67,-9
1739722547.6591306,-32,34,-61
1739722547.7051306,4,32,13
1739722547.7511306,21,106,-145
1739722547.796131,-2,-104,12
1739722547.842131,-17,-50,-106
1739722547.888131,-23,-21,-98
1739722547.934131,-100,59,-21
1739722547.9791307,14,12,-76
1739722548.0251307,-23,77,-17
1739722548.0711308,17,13,-16
1739722548.1161306,6,-1,6
1739722548.1621306,8,30,-14
1739722548.2081306,-73,64,13
1739722548.2541306,17,0,-34
1739722548.299131,60,-4,48
1739722548.3451307,-25,71,-43
1739722548.3911307,7,-7,-90
1739722548.4361308,-2,35,65
1739722548.4821308,-58,7,19
1739722548.5281308,-22,-34,-71
1739722548.5741308,36,-35,-110
1739722548.6181307,-58,-49,-77
1739722548.6641307,-13,-10,3
1739722548.7101307,-27,-31,-9
1739722548.7551308,42,65,-18
1739722548.8011308,29,3,128
1739722548.8471308,-46,-3,63
1739722548.8921306,28,67,-14
1739722548.9381306,-11,-49,17
1739722548.9841306,-26,23,-125
1739722549.0301306,-8,72,-181
1739722549.0751307,20,51,2
1739722549.1211307,-11,43,35
1739722549.1671307,-60,-11,-1
1739722549.2121308,75,19,-18
1739722549.2581308,3,35,-94
1739722549.3041308,35,-28,10
1739722549.3501308,42,11,-32
1739722549.3951306,-36,-6,13
1739722549.4411306,-3,47,-27
1739722549.4871306,-44,2,-21
1739722549.5321307,-40,-29,-43
1739722549.5781307,-52,68,5
1739722549.6241307,-56,-19,-19
1739722549.6701307,8,48,-61
1739722549.7151306,73,-18,19
1739722549.7611306,3,24,-113
1739722549.8071306,-40,52,0
1739722549.852131,7,-25,86
1739722549.898131,5,20,92
1739722549.944131,11,-40,-125
1739722549.990131,41,3,-59
1739722550.0351307,-9,16,-75
1739722550.0811307,49,38,27
1739722550.1271307,70,9,5
1739722550.1721306,-5,-21,-85
1739722550.2181306,6,-29,-25
1739722550.2641306,24,3,63
1739722550.3101306,60,-67,-19
1739722550.355131,9,-20,-33
1739722550.401131,43,24,-79
1739722550.447131,-64,-56,-144
1739722550.4921308,-24,31,24
1739722550.5381308,21,33,-67
1739722550.5841308,4,-1,-75
1739722550.6301308,-3,-38,-81
1739722550.6751306,-23,41,38
1739722550.7211306,-7,40,-61
1739722550.7671306,-42,68,-20
1739722550.8121307,2,23,22
1739722550.8581307,26,1,-9
1739722550.9041307,19,41,5
1739722550.9501307,-20,79,-35
1739722550.9951308,19,-57,-57
1739722551.0411308,-14,36,-101
1739722551.0871308,105,-18,29
1739722551.1321306,87,92,-31
1739722551.1781306,67,7,-27
1739722551.2241306,94,51,-7
1739722551.2701306,-28,-125,-152
1739722551.3151307,-17,-23,38
1739722551.3611307,-53,44,-28
1739722551.4071307,5,0,-1
1739722551.4521308,-110,-6,-44
1739722551.4981308,-2,19,-91
1739722551.5441308,27,21,27
1739722551.5901306,53,17,-113
1739722551.6351306,-2,19,-87
1739722551.6811306,22,74,-139
1739722551.727131,82,-85,-159
1739722551.7721307,-47,29,-4
1739722551.8181307,-33,-59,-14
1739722551.8641307,-34,1,-88
1739722551.9101307,15,7,-9
1739722551.9551306,24,75,-65
1739722552.0011306,20,9,-33
1739722552.0471306,15,-23,-31
1739722552.092131,-33,-67,-50
1739722552.138131,53,2,-73
1739722552.184131,20,24,-7
1739722552.230131,-17,24,-76
1739722552.2751307,6,17,74
1739722552.3211308,-22,17,-114
1739722552.3671308,36,-29,-145
1739722552.4121306,10,10,-75
1739722552.4581306,-2,3,-149
1739722552.5041306,105,-73,-57
1739722552.5501306,50,24,-73
1739722552.5951307,-5,-6,52
1739722552.6411307,47,-8,-41
1739722552.6871307,-22,-10,74
1739722552.7321308,31,-50,35
1739722552.7781308,83,0,-173
1739722552.8241308,-18,6,-54
1739722552.8701308,42,-11,39
1739722552.9151306,-60,-5,-88
1739722552.9611306,-7,0,16
1739722553.0071306,31,-7,-29
1739722553.0521307,14,49,31
1739722553.0981307,3,16,-47
1739722553.1441307,86,-9,103
1739722553.1901307,3,14,-114
1739722553.2351308,81,-33,-44
1739722553.2811308,51,-45,-50
1739722553.3271308,-8,26,-73
1739722553.3721306,-4,-15,44
1739722553.4181306,33,-21,-144
1739722553.4641306,88,54,-37
1739722553.5101306,18,-9,-42
1739722553.5551307,-33,39,-49
1739722553.6011307,26,20,-174
1739722553.6471307,0,-49,-195
1739722553.6921306,-21,-41,-21
1739722553.7381306,24,-31,-52
1739722553.7841306,-2,22,-166
1739722553.8301306,-25,-21,-34
1739722553.875131,54,36,92
1739722553.921131,34,33,-110
1739722553.967131,-24,40,-101
1739722554.0121307,29,-69,4
1739722554.0581307,-8,33,-17
1739722554.1041307,-11,30,-45
1739722554.1551306,7,-46,-36
1739722554.2011306,15,-65,-38
1739722554.2471306,-16,6,47
1739722554.2921307,75,-37,16
1739722554.3381307,-85,19,0
1739722554.3841307,-36,33,-69
1739722554.4281306,-34,-20,-39
1739722554.4741306,42,-42,32
1739722554.5201306,-21,-46,-100
1739722554.5661306,-42,49,27
1739722554.6111307,3,-28,-22
1739722554.6571307,-25,11,-3
1739722554.7031307,-28,-11,-190
1739722554.7481308,-47,-56,-177
1739722554.7941308,-36,41,-95
1739722554.8401306,-62,-37,9
1739722554.8861306,3,-33,-40
1739722554.9311306,8,-40,-50
1739722554.977131,-69,-33,-7
1739722555.023131,82,-72,-32
1739722555.0681307,-2,13,-86
1739722555.1141307,-38,-31,15
1739722555.1601307,-26,-66,-72
1739722555.2061307,42,33,-54
1739722555.2511306,-2,9,-110
1739722555.2971306,-17,15,-95
1739722555.3431306,14,-13,-76
1739722555.388131,41,-35,-118
1739722555.434131,-28,11,55
1739722555.480131,0,-57,-108
1739722555.526131,-2,10,19
1739722555.5711308,-25,-18,-56
1739722555.6171308,53,-37,-106
1739722555.6631308,54,61,-10
1739722555.7081306,-36,-38,-97
1739722555.7541306,-56,68,-127
1739722555.8001306,34,-16,54
1739722555.8461306,-27,25,-41
1739722555.8911307,3,-24,-106
1739722555.9371307,-51,-1,89
1739722555.9831307,-39,18,-103
1739722556.0281308,43,42,22
1739722556.0741308,73,-76,38
1739722556.1201308,11,-47,-68
1739722556.1651306,25,-12,-38
1739722556.2111306,6,-15,-14
1739722556.2571306,-10,46,-15
1739722556.3031306,-30,75,55
1739722556.3481307,61,-7,-66
1739722556.3941307,-21,-15,61
1739722556.4401307,22,78,44
1739722556.4851308,54,-27,-100
1739722556.5311308,-67,-2,41
1739722556.5771308,-20,-24,63
1739722556.6231308,36,51,-76
1739722556.6681306,11,-12,-6
1739722556.7141306,8,-18,-164
1739722556.7601306,6,12,-106
1739722556.8051307,2,5,-32
1739722556.8511307,80,-4,52
1739722556.8971307,20,30,12
1739722556.9431307,-6,19,24
1739722556.9881306,-3,1,-38
1739722557.0341306,-56,42,-78
1739722557.0801306,-50,-30,45
1739722557.125131,87,-25,-32
1739722557.171131,81,34,-2
1739722557.217131,-35,7,27
1739722557.263131,4,-20,-28
1739722557.3081307,-20,59,-76
1739722557.3541307,3,-36,-101
1739722557.4001307,-13,63,-100
1739722557.4451306,31,-40,-83
1739722557.4911306,4,-30,-53
1739722557.5371306,16,19,-44
1739722557.5831306,35,11,-140
1739722557.628131,-2,6,69
1739722557.674131,24,55,-154
1739722557.7201307,-20,14,-114
1739722557.7651308,12,-68,-41
1739722557.8111308,-13,4,-90
1739722557.8571308,-30,67,22
1739722557.9031308,-44,-97,1
1739722557.9481306,40,-8,-112
1739722557.9941306,-21,19,-80
1739722558.0401306,81,-1,93
1739722558.0851307,-1,24,-62
1739722558.1311307,134,-50,111
1739722558.1771307,-68,-7,-102
1739722558.2231307,-15,-32,-59
1739722558.2681308,-31,49,96
1739722558.3141308,-41,-6,-2
1739722558.3601308,-6,21,-94
1739722558.4051306,-39,74,20
1739722558.4511306,-99,35,-54
1739722558.4971306,0,-31,-134
1739722558.5431306,3,4,-40
1739722558.5881307,24,12,-202
1739722558.6341307,27,53,-23
1739722558.6801307,-16,-16,165
1739722558.7251308,31,19,41
1739722558.7711308,4,3,-186
1739722558.8171306,-34,33,-52
1739722558.8631306,-3,-11,-108
1739722558.9081306,-33,87,-22
1739722558.9541306,-35,44,-120
1739722559.000131,10,-11,-178
1739722559.0451307,-53,32,-34
1739722559.0911307,47,-6,-20
1739722559.1371307,39,-25,3
1739722559.1831307,0,15,-60
1739722559.2281306,101,-11,-50
1739722559.2741306,6,45,-184
1739722559.3201306,-12,0,-110
1739722559.365131,-14,15,-46
1739722559.411131,103,23,46
1739722559.457131,-7,9,-122
1739722559.503131,-2,-20,-65
1739722559.5481308,-32,39,-30
1739722559.5941308,-1,-51,-5
1739722559.6401308,85,-24,-27
1739722559.6851306,-90,108,-24
1739722559.7311306,18,18,-4
1739722559.7771306,-11,60,-38
1739722559.8231306,-9,-20,-45
1739722559.8681307,-20,-12,-132
1739722559.9141307,58,-31,-83
1739722559.9601307,-37,20,-24
1739722560.0051308,75,-73,-37
1739722560.0511308,11,47,-10
1739722560.0971308,-32,-28,-43
1739722560.1431308,8,-27,35
1739722560.1881306,-38,-78,-22
1739722560.2341306,-12,30,-92
1739722560.2801306,-42,-2,-100
1739722560.3251307,-14,65,-58
1739722560.3711307,32,-15,7
1739722560.4171307,28,-12,-48
1739722560.4631307,-56,-17,-9
1739722560.5081308,-70,89,-100
1739722560.5541308,-82,0,119
1739722560.6001308,-30,11,22
1739722560.6451306,-13,-35,-96
1739722560.6911306,103,-29,-7
1739722560.7371306,-15,-91,-48
1739722560.7831306,-25,7,-26
1739722560.8281307,7,82,-54
1739722560.8741307,8,7,-78
1739722560.9201307,-48,-4,6
1739722560.9651306,-101,-14,29
1739722561.0111306,-49,-31,-56
1739722561.0571306,6,-51,-65
1739722561.1031306,-83,1,-12
1739722561.148131,-3,44,-98
1739722561.194131,98,14,-19
1739722561.240131,13,0,113
1739722561.2851307,19,-30,-195
1739722561.3311307,-57,-35,-58
1739722561.3771307,-26,-40,-99
1739722561.4231308,-71,5,38
1739722561.4681306,-57,-48,-13
1739722561.5141306,18,-4,0
1739722561.5601306,-33,21,-56
1739722561.605131,6,-32,-107
1739722561.651131,5,20,-72
1739722561.697131,-7,15,-24
1739722561.7431307,21,23,-44
1739722561.7881308,-58,-81,29
1739722561.8341308,-59,14,-56
1739722561.8801308,-48,-15,6
1739722561.9251306,22,2,-28
1739722561.9711306,49,-28,-54
1739722562.0171306,-68,66,-32
1739722562.0631306,-48,18,73
1739722562.1081307,-118,52,11
1739722562.1541307,55,-1,-76
1739722562.2001307,4,0,-102
1739722562.2451308,-38,-100,87
1739722562.2911308,24,-49,-30
1739722562.3371308,18,46,-6
1739722562.3831308,7,-72,-5
1739722562.4281306,-4,6,95
1739722562.4741306,1,5,-24
1739722562.5201306,-17,39,36
1739722562.5651307,58,63,16
1739722562.6111307,-77,41,20
1739722562.6571307,-59,47,36
1739722562.7031307,81,-54,-41
1739722562.7481308,-26,58,-68
1739722562.7941308,-25,-67,-170
1739722562.8401306,-36,40,-42
1739722562.8851306,-40,-9,-9
1739722562.9311306,35,-9,-152
1739722562.977131,-22,82,-68
1739722563.023131,84,28,-60
1739722563.0681307,-37,15,-166
1739722563.1141307,-75,6,-30
1739722563.1601307,-26,-11,-78
1739722563.2051306,91,-10,-30
1739722563.2511306,-26,-13,-17
1739722563.2971306,-45,-43,53
1739722563.3431306,-46,33,-40
1739722563.388131,0,-60,-28
1739722563.434131,-29,57,-101
1739722563.480131,-18,37,-77
1739722563.5251307,88,0,78
1739722563.5711308,6,-47,-84
1739722563.6171308,-26,16,74
1739722563.6631308,-18,-29,-135
1739722563.7081306,-26,16,-69
1739722563.7541306,-3,37,-81
1739722563.8001306,-60,13,-71
1739722563.8451307,-15,-53,-78
1739722563.8911307,-12,23,-47
1739722563.9371307,30,38,-57
1739722563.9831307,-16,117,0
1739722564.0281308,-54,35,-25
1739722564.0741308,-43,-43,-46
1739722564.1201308,-47,14,-53
1739722564.171131,94,-60,-83
1739722564.217131,-33,42,-75
1739722564.263131,-2,-7,-49
1739722564.3081307,-55,16,-3
1739722564.3541307,-25,47,-51
1739722564.4001307,16,0,-29
1739722564.4451306,47,-7,-63
1739722564.4911306,40,-90,4
1739722564.5371306,-34,38,56
1739722564.5831306,48,69,-25
1739722564.628131,-50,0,-93
1739722564.674131,64,-6,24
1739722564.7201307,26,6,88
1739722564.7651308,21,-62,-45
1739722564.8111308,32,42,-111
1739722564.8571308,-14,3,0
1739722564.9031308,-22,20,-63
1739722564.9481306,56,-83,-51
1739722564.9941306,21,-47,2
1739722565.0401306,-46,-18,-147
1739722565.0851307,29,58,-63
1739722565.1311307,-56,41,-129
1739722565.1771307,-88,-7,-62
1739722565.2231307,-29,-13,-51
1739722565.2681308,45,14,5
1739722565.3141308,-7,20,32
1739722565.3601308,6,16,-16
1739722565.4051306,-55,-14,-50
1739722565.4511306,31,28,-233
1739722565.4971306,-30,50,26
1739722565.5431306,12,61,-72
1739722565.5881307,39,-16,27
1739722565.6341307,31,-57,-35
1739722565.6801307,11,-4,-65
1739722565.7251308,92,4,19
1739722565.7711308,4,63,-78
1739722565.8171306,-45,-46,-74
1739722565.8631306,-24,-8,-65
1739722565.9081306,-90,-29,-7
1739722565.9541306,-2,-8,-41
1739722566.000131,-129,31,148
1739722566.0451307,20,4,-58
1739722566.0911307,10,69,8
1739722566.1371307,26,-10,29
1739722566.1821306,38,-41,-75
1739722566.2281306,25,9,-25
1739722566.2741306,-92,6,-70
1739722566.3201306,15,-67,-33
1739722566.365131,13,50,-36
1739722566.411131,-65,0,-32
1739722566.457131,-18,-39,-11
1739722566.5021307,-24,-16,52
1739722566.5481308,1,0,-35
1739722566.5941308,-4,-30,-53
1739722566.6401308,48,17,-33
1739722566.6851306,-3,-18,-33
1739722566.7311306,-3,21,-30
1739722566.7771306,0,-65,-61
1739722566.822131,24,63,-69
1739722566.8681307,47,-37,-55
1739722566.9141307,-42,-38,-56
1739722566.9601307,38,-8,23
1739722567.0051308,-42,11,-118
1739722567.0511308,20,-13,48
1739722567.0971308,-36,33,26
1739722567.1421306,94,35,-19
1739722567.1881306,81,-63,-64
1739722567.2341306,31,14,27
1739722567.2801306,-64,68,-26
1739722567.3251307,39,-78,83
1739722567.3711307,78,-54,4
1739722567.4171307,-45,12,37
1739722567.4621308,-43,-19,17
1739722567.5081308,8,84,-236
1739722567.5541308,-122,-82,-123
1739722567.6001308,39,0,-112
1739722567.6451306,42,8,-40
1739722567.6911306,96,45,-108
1739722567.7371306,-58,37,-77
1739722567.7821307,-5,-7,-64
1739722567.8281307,24,-74,-10
1739722567.8741307,24,-28,-146
1739722567.9201307,12,-3,-140
1739722567.9651306,35,4,70
1739722568.0111306,27,11,-46
1739722568.0571306,45,-2,-144
1739722568.102131,6,-46,-150
1739722568.148131,128,2,26
1739722568.194131,-59,25,53
1739722568.240131,52,5,-90
1739722568.2851307,31,55,-96
1739722568.3311307,-19,11,-120
1739722568.3771307,4,15,-62
1739722568.4221306,24,34,75
1739722568.4681306,52,-8,-60
1739722568.5141306,12,17,103
1739722568.5601306,-43,-21,-1
1739722568.605131,-34,-76,-35
1739722568.651131,-22,-7,-73
1739722568.697131,22,8,-84
1739722568.7421308,54,-2,-32
1739722568.7881308,44,-42,-134
1739722568.8341308,-5,59,41
1739722568.8801308,32,30,-116
1739722568.9251306,9,68,-22
1739722568.9711306,34,89,-126
1739722569.0171306,63,29,-100
1739722569.0621307,21,-1,-46
1739722569.1081307,-23,19,-57
1739722569.1541307,27,-46,36
1739722569.2001307,45,61,-92
1739722569.2451308,-6,-24,-7
1739722569.2911308,32,-35,-2
1739722569.3371308,83,13,-36
1739722569.3821306,-50,-30,-67
1739722569.4281306,0,-44,-61
1739722569.4741306,22,32,-66
1739722569.5201306,14,-46,6
1739722569.5651307,5,-13,0
1739722569.6111307,-19,47,37
1739722569.6571307,12,44,-124
1739722569.7021308,13,-52,-74
1739722569.7481308,-58,22,-89
1739722569.7941308,30,37,4
1739722569.8401306,-10,71,-80
1739722569.8851306,17,-64,-58
1739722569.9311306,-26,36,33
1739722569.977131,45,5,-42
1739722570.0221307,17,15,-56
1739722570.0681307,-33,26,-75
1739722570.1141307,-37,10,-151
1739722570.1601307,14,-42,24
1739722570.2051306,-9,71,-3
1739722570.2511306,-3,-10,12
1739722570.2971306,51,-84,-2
1739722570.342131,-12,36,-29
1739722570.388131,-81,-31,-61
1739722570.434131,-12,68,47
1739722570.480131,-59,-8,-13
1739722570.5251307,3,-10,-50
1739722570.5711308,-39,23,25
1739722570.6171308,12,81,-72
1739722570.6621306,61,-20,12
1739722570.7081306,-23,-35,-52
1739722570.7541306,-41,20,-41
1739722570.8001306,22,26,-22
1739722570.8451307,-67,110,-67
1739722570.8911307,18,29,-98
1739722570.9371307,-13,14,-59
1739722570.9821308,-49,63,17
1739722571.0281308,-44,1,41
1739722571.0741308,-21,60,-57
1739722571.1201308,37,-22,0
1739722571.1651306,-18,-3,-40
1739722571.2111306,-3,-35,-120
1739722571.2571306,20,-8,-14
1739722571.3021307,12,6,-39
1739722571.3481307,12,62,-115
1739722571.3941307,-2,29,-23
1739722571.4401307,67,18,47
1739722571.4851308,-22,-30,58
1739722571.5311308,22,-22,-96
1739722571.5771308,10,55,-29
1739722571.6221306,7,-38,-44
1739722571.6681306,33,38,-31
1739722571.7141306,-8,17,-49
1739722571.7601306,-25,21,13
1739722571.8051307,-3,-27,46
1739722571.8511307,1,16,19
1739722571.8971307,-97,-25,-95
1739722571.9421306,-40,-14,-128
1739722571.9881306,88,18,66
1739722572.0341306,-1,-35,-32
1739722572.0801306,-2,2,-56
1739722572.125131,-91,69,-49
1739722572.171131,-28,47,91
1739722572.217131,-69,18,-75
1739722572.2621307,13,43,10
1739722572.3081307,-8,12,-75
1739722572.3541307,-53,9,-27
1739722572.4001307,89,20,-86
1739722572.4451306,64,-75,-124
1739722572.4911306,-76,82,-13
1739722572.5371306,22,32,-44
1739722572.582131,11,81,-77
1739722572.628131,-10,-2,63
1739722572.674131,-20,-30,-24
1739722572.7201307,-53,-23,-61
1739722572.7651308,135,21,82
1739722572.8111308,29,10,-84
1739722572.8571308,19,4,-2
1739722572.9021306,36,-73,-80
1739722572.9481306,-57,60,-84
1739722572.9941306,84,73,-122
1739722573.0401306,-15,31,-198
1739722573.0851307,-25,55,45
1739722573.1311307,68,-41,-26
1739722573.1771307,16,57,-44
1739722573.2221308,-15,-44,-46
1739722573.2681308,-41,24,57
1739722573.3141308,18,-37,-28
1739722573.3601308,-49,47,-69
1739722573.4051306,-63,6,10
1739722573.4511306,-99,18,45
1739722573.4971306,-24,-37,56
1739722573.5421307,44,-48,-74
1739722573.5881307,3,-24,-18
1739722573.6341307,-16,12,-45
1739722573.6801307,-19,15,-59
1739722573.7251308,8,1,-36
1739722573.7711308,-22,41,5
1739722573.8171306,40,59,-118
1739722573.8621306,38,-34,-96
1739722573.9081306,36,1,-190
1739722573.9541306,53,-26,-20
1739722574.000131,-7,2,-172
1739722574.0451307,15,82,12
1739722574.0911307,-12,-5,29
1739722574.1371307,15,-36,-14
1739722574.1881306,-40,63,-31
1739722574.2341306,-25,0,-37
1739722574.2801306,96,-55,50
1739722574.3251307,-82,35,-83
1739722574.3711307,-53,27,-3
1739722574.4171307,27,-29,-124
1739722574.4621308,46,-22,-56
1739722574.5081308,48,0,-88
1739722574.5541308,36,-54,15
1739722574.6001308,-12,-1,-95
1739722574.6451306,-103,37,-43
1739722574.6911306,-9,0,-52
1739722574.7371306,-13,30,69
1739722574.7821307,22,6,-86
1739722574.8281307,-18,46,-7
1739722574.8741307,-34,30,-15
1739722574.9201307,49,39,-28
1739722574.9651306,42,50,-176
1739722575.0111306,-32,52,31
1739722575.0571306,47,-38,41
1739722575.102131,-129,5,-14
1739722575.148131,-65,55,-59
1739722575.194131,-2,42,-41
1739722575.240131,-24,11,-79
1739722575.2851307,4,2,16
1739722575.3311307,52,45,28
1739722575.3771307,-59,11,22
1739722575.4221306,35,19,21
1739722575.4681306,-10,80,41
1739722575.5141306,0,-79,-195
1739722575.5601306,35,50,-83
1739722575.605131,-39,-5,-55
1739722575.651131,6,-28,42
1739722575.697131,9,8,-111
1739722575.7421308,-27,19,-109
1739722575.7881308,87,26,-3
1739722575.8341308,-87,-35,-23
1739722575.8801308,37,22,22
1739722575.9251306,-37,-70,-151
1739722575.9711306,-103,-12,-135
1739722576.0171306,-12,7,-43
1739722576.0621307,38,-31,-95
1739722576.1081307,17,41,21
1739722576.1541307,16,-71,0
1739722576.1991308,65,-60,-66
1739722576.2451308,-99,-36,21
1739722576.2911308,27,20,-33
1739722576.3371308,-8,59,-173
1739722576.3821306,41,12,-95
1739722576.4281306,67,-7,38
1739722576.4741306,-11,39,-69
1739722576.5191307,-27,-23,-14
1739722576.5651307,-10,-13,66
1739722576.6111307,59,15,27
1739722576.6571307,18,70,-71
1739722576.7021308,-21,19,-93
1739722576.7481308,3,9,-91
1739722576.7941308,-40,34,8
1739722576.8391306,43,-19,-19
1739722576.8851306,-7,18,0
1739722576.9311306,34,4,-101
1739722576.977131,-65,16,90
1739722577.0221307,43,6,-33
1739722577.0681307,30,33,30
1739722577.1141307,5,-9,-27
1739722577.1591306,-17,6,-47
1739722577.2051306,8,25,-37
1739722577.2511306,74,75,-37
1739722577.2971306,8,22,38
1739722577.342131,-76,7,14
1739722577.388131,-10,79,-105
1739722577.434131,44,51,-47
1739722577.4791307,5,18,-40
1739722577.5251307,-55,-25,31
1739722577.5711308,33,19,-58
1739722577.6171308,35,78,-140
1739722577.6621306,-46,-37,13
1739722577.7081306,-34,38,-3
1739722577.7541306,11,-43,-62
1739722577.799131,65,8,-142
1739722577.8451307,75,36,0
1739722577.8911307,-27,-41,-208
1739722577.9371307,4,-21,0
1739722577.9821308,0,14,-46
1739722578.0281308,-101,70,-126
1739722578.0741308,-94,-30,-8
1739722578.1191306,-7,30,-60
1739722578.1651306,38,9,-118
1739722578.2111306,-12,-25,68
1739722578.2571306,-32,20,-102
1739722578.3021307,25,-34,-96
1739722578.3481307,61,56,-53
1739722578.3941307,-32,-67,-13
1739722578.4391308,-1,-14,-22
1739722578.4851308,-52,22,-2
1739722578.5311308,39,8,-63
1739722578.5771308,-55,13,-182
1739722578.6221306,98,10,-73
1739722578.6681306,5,-31,40
1739722578.7141306,57,-45,39
1739722578.7591307,-114,-10,-88
1739722578.8051307,-30,41,-17
1739722578.8511307,-36,-13,-26
1739722578.8971307,31,30,-130
1739722578.9421306,45,0,-66
1739722578.9881306,9,-2,-64
1739722579.0331306,54,-11,-34
1739722579.0781307,72,-44,-56
1739722579.1241307,59,-4,49
1739722579.1701307,-2,-46,-78
1739722579.2151306,-47,-19,-72
1739722579.2611306,-45,-46,-58
1739722579.3071306,60,-58,-8
1739722579.3531306,34,24,-67
1739722579.398131,-11,0,-70
1739722579.444131,-101,-33,-134
1739722579.490131,-72,101,31
1739722579.5351307,2,30,-76
1739722579.5811307,-26,-47,-53
1739722579.6271307,39,-12,4
1739722579.6731308,71,-75,-124
1739722579.7181306,-27,12,-126
1739722579.7641306,35,-62,0
1739722579.8101306,68,-4,-130
1739722579.855131,-3,88,57
1739722579.901131,-38,112,95
1739722579.947131,-13,76,-40
1739722579.9931307,77,21,-112
1739722580.0381308,19,21,-110
1739722580.0841308,13,29,-10
1739722580.1301308,7,-36,-41
1739722580.1751306,-25,19,-56
1739722580.2211306,37,-11,-16
1739722580.2671306,-55,44,-72
1739722580.3131306,2,24,-12
1739722580.3581307,124,2,-146
1739722580.4041307,11,-87,-35
1739722580.4501307,87,-67,-74
1739722580.4951308,43,2,-54
1739722580.5411308,-38,-90,13
1739722580.5871308,51,24,-74
1739722580.6331308,-36,-92,65
1739722580.6781306,-46,33,-53
1739722580.7241306,15,62,-30
1739722580.7701306,-19,40,28
1739722580.8151307,-21,12,-43
1739722580.8611307,-46,19,-25
1739722580.9071307,117,6,-14
1739722580.9531307,34,-43,-77
1739722580.9981308,38,-21,21
1739722581.0441308,21,13,28
1739722581.0901306,30,88,26
1739722581.1351306,35,-32,23
1739722581.1811306,27,3,-98
1739722581.227131,-50,34,-76
1739722581.273131,-47,7,8
1739722581.3181307,-49,-6,24
1739722581.3641307,-44,10,-46
1739722581.4101307,-71,-2,35
1739722581.4551306,-88,53,22
1739722581.5011306,-59,-12,-32
1739722581.5471306,30,-21,-27
1739722581.5931306,8,36,42
1739722581.638131,76,-63,-61
1739722581.684131,-21,56,-106
1739722581.730131,-28,25,-36
1739722581.7751307,-15,-10,-33
1739722581.8211308,-61,45,-98
1739722581.8671308,16,1,36
1739722581.9131308,46,59,-54
1739722581.9581306,25,11,-82
1739722582.0041306,-17,32,-114
1739722582.0501306,-66,-96,-15
1739722582.0951307,25,36,-40
1739722582.1411307,-10,-62,0
1739722582.1871307,-55,8,-49
1739722582.2331307,-107,10,-75
1739722582.2781308,65,6,-100
1739722582.3241308,-29,5,27
1739722582.3701308,-30,16,-37
1739722582.4151306,44,87,-22
1739722582.4611306,19,50,-76
1739722582.5071306,3,1,-84
1739722582.5531306,-40,-10,-145
1739722582.5981307,-63,-10,-89
1739722582.6441307,7,-28,-28
1739722582.6901307,99,-23,-44
1739722582.7351308,-55,32,-139
1739722582.7811308,32,53,12
1739722582.8271308,-65,28,-43
1739722582.8731308,65,-3,-34
1739722582.9181306,33,-29,-80
1739722582.9641306,32,-97,-42
1739722583.0101306,-24,5,44
1739722583.0551307,-1,35,0
1739722583.1011307,-32,27,2
1739722583.1471307,-3,-27,-135
1739722583.1931307,31,1,-35
1739722583.2381306,-3,-49,-167
1739722583.2841306,19,-19,15
1739722583.3301306,-37,39,-29
1739722583.375131,-16,17,-3
1739722583.421131,3,15,-54
1739722583.467131,-44,37,-5
1739722583.513131,-16,-39,-103
1739722583.5581307,18,13,-135
1739722583.6041307,16,49,-28
1739722583.6501307,-11,-64,-21
1739722583.6951306,-24,-31,-45
1739722583.7411306,-72,-61,18
1739722583.7871306,25,-5,-21
1739722583.8331306,-91,-4,-42
1739722583.878131,-25,38,-117
1739722583.924131,66,-36,-137
1739722583.9701307,46,-49,9
1739722584.0151308,-82,5,-98
1739722584.0611308,-29,24,-18
1739722584.1071308,44,-57,-65
1739722584.1531308,-26,-39,9
1739722584.2041306,104,-12,-59
1739722584.250131,-49,-32,-141
1739722584.2951307,-37,91,112
1739722584.3411307,43,8,-43
1739722584.3871307,-43,-1,-24
1739722584.4331307,1,-7,-51
1739722584.4781306,-76,4,-64
1739722584.5241306,64,23,-127
1739722584.5701306,0,-5,-125
1739722584.615131,61,-74,83
1739722584.661131,-9,2,24
1739722584.707131,11,-35,0
1739722584.753131,29,10,6
1739722584.7981308,14,-8,-47
1739722584.8451307,-44,54,144
1739722584.8911307,-3,3,-25
1739722584.9371307,-13,-49,-35
1739722584.9821308,-11,-10,-20
1739722585.0281308,-113,2,4
1739722585.0741308,-6,-9,-71
1739722585.1191306,-26,22,-32
1739722585.1651306,37,-11,-125
1739722585.2111306,-20,28,-87
1739722585.2571306,-26,-62,-5
1739722585.3021307,-17,13,-10
1739722585.3481307,-72,-34,-161
1739722585.3941307,6,8,-21
1739722585.4391308,-25,69,-32
1739722585.4851308,101,21,-127
1739722585.5311308,51,85,-159
1739722585.5771308,-48,-95,11
1739722585.6221306,-24,42,106
1739722585.6681306,28,25,-27
1739722585.7141306,16,92,-36
1739722585.7591307,-37,56,-58
1739722585.8051307,14,54,28
1739722585.8511307,-1,29,-55
1739722585.8971307,60,7,-141
1739722585.9421306,34,17,-75
1739722585.9881306,-20,-1,-103
1739722586.0341306,14,22,-83
1739722586.0791306,-48,24,-62
1739722586.125131,64,-27,-67
1739722586.171131,74,35,-42
1739722586.2161307,-28,-30,-63
1739722586.2621307,-28,-9,54
1739722586.3081307,12,15,-45
1739722586.3541307,-6,-36,35
1739722586.3991306,-12,-10,-15
1739722586.4451306,26,-37,-1
1739722586.4911306,-98,-71,-85
1739722586.536131,24,-15,-2
1739722586.582131,29,52,-10
1739722586.628131,-64,83,22
1739722586.674131,-28,65,-16
1739722586.7191308,19,46,-54
1739722586.7651308,4,-42,-99
1739722586.8111308,-43,34,3
1739722586.8561306,-28,-48,-57
1739722586.9021306,12,-36,22
1739722586.9481306,2,45,-105
1739722586.9941306,-82,2,54
1739722587.0391307,9,-9,-57
1739722587.0851307,-35,5,-139
1739722587.1311307,21,4,-6
1739722587.1761308,-54,-116,-89
1739722587.2221308,-46,15,-87
1739722587.2681308,55,-31,-121
1739722587.3141308,-62,24,-85
1739722587.3591306,13,9,-14
1739722587.4051306,-10,-59,19
1739722587.4511306,9,102,7
1739722587.4961307,-67,-13,-43
1739722587.5421307,6,-35,18
1739722587.5881307,1,-52,-113
1739722587.6341307,6,28,-107
1739722587.6791308,-24,12,-191
1739722587.7251308,44,59,-83
1739722587.7711308,-98,11,-91
1739722587.8161306,-6,-54,-40
1739722587.8621306,7,0,14
1739722587.9081306,-23,18,-27
1739722587.9541306,13,-35,-97
1739722587.9991307,3,-44,-5
1739722588.0451307,32,16,-82
1739722588.0911307,-43,-35,-68
1739722588.1361306,-4,139,50
1739722588.1821306,11,-15,-21
1739722588.2281306,1,79,-38
1739722588.2741306,-13,56,-98
1739722588.319131,-7,55,-84
1739722588.365131,3,-88,0
1739722588.411131,-12,27,-58
1739722588.4561307,1,63,34
1739722588.5021307,-126,-20,-64
1739722588.5481308,-21,11,6
1739722588.5941308,40,-21,5
1739722588.6391306,-30,98,-110
1739722588.6851306,-43,32,-134
1739722588.7311306,0,-33,-16
1739722588.776131,-63,21,-84
1739722588.822131,31,12,11
1739722588.8681307,-40,-5,-132
1739722588.9141307,-28,87,12
1739722588.9591308,0,29,-24
1739722589.0051308,31,51,-192
1739722589.0511308,-44,78,-168
1739722589.0961306,-17,69,-91
1739722589.1421306,34,27,67
1739722589.1881306,50,-52,0
1739722589.2341306,-76,83,-133
1739722589.2791307,30,107,-144
1739722589.3251307,-64,28,97
1739722589.3711307,-4,-10,-11
1739722589.4161308,107,81,-104
1739722589.4621308,45,26,14
1739722589.5081308,24,9,22
1739722589.5541308,0,47,-58
1739722589.5991306,18,34,-32
1739722589.6451306,102,18,-72
1739722589.6911306,83,32,8
1739722589.7361307,2,45,-58
1739722589.7821307,9,63,-34
1739722589.8281307,-38,60,23
1739722589.8741307,62,-7,-116
1739722589.9191308,35,-11,-26
1739722589.9651306,-24,90,25
1739722590.0111306,18,13,-30
1739722590.0561306,56,-9,14
1739722590.102131,12,-64,-120
1739722590.148131,6,-6,-12
1739722590.194131,12,29,-55
1739722590.2391307,-24,3,-179
1739722590.2851307,-63,12,-165
1739722590.3311307,-44,1,-25
1739722590.3761306,-30,-31,6
1739722590.4221306,-40,-58,-36
1739722590.4681306,47,-37,82
1739722590.5141306,-60,17,1
1739722590.559131,118,-29,-16
1739722590.605131,66,-21,-82
1739722590.651131,-68,-4,9
1739722590.6961308,42,17,24
1739722590.7421308,33,44,-7
1739722590.7881308,18,0,23
1739722590.8341308,-13,-5,-5
1739722590.8791306,-81,15,-37
1739722590.9251306,69,-39,-10
1739722590.9711306,-36,10,-60
1739722591.0161307,-51,28,-180
1739722591.0621307,40,26,-63
1739722591.1081307,-58,-27,-36
1739722591.1541307,-36,6,-10
1739722591.1991308,6,-22,-144
1739722591.2451308,87,-37,25
1739722591.2911308,-36,13,-126
1739722591.3361306,-136,43,-112
1739722591.3821306,62,25,-74
1739722591.4281306,68,10,-14
1739722591.4741306,57,31,-20
1739722591.5191307,-47,38,-30
1739722591.5651307,16,57,-86
1739722591.6111307,-50,35,-68
1739722591.6561308,-56,-37,-114
1739722591.7021308,-24,0,-129
1739722591.7481308,23,84,9
1739722591.7941308,-25,40,-10
1739722591.8391306,-14,-1,-61
1739722591.8851306,121,-43,-85
1739722591.9311306,-40,-12,-63
1739722591.9761307,-76,59,-53
1739722592.0221307,17,14,-95
1739722592.0681307,-47,10,-10
1739722592.1141307,-47,61,22
1739722592.1591306,68,-24,-77
1739722592.2051306,-6,-13,-69
1739722592.2511306,44,-44,-51
1739722592.296131,-8,-8,74
1739722592.342131,60,49,33
1739722592.388131,2,-53,-21
1739722592.434131,-23,41,4
1739722592.4791307,-30,16,-81
1739722592.5251307,-36,-42,10
1739722592.5711308,111,51,-73
1739722592.6161306,102,56,-5
1739722592.6621306,1,12,-11
1739722592.7081306,-17,84,-7
1739722592.7541306,-8,-16,-179
1739722592.799131,54,18,9
1739722592.8451307,29,-10,-167
1739722592.8911307,24,-25,-39
1739722592.9361308,44,-53,-79
1739722592.9821308,27,-15,48
1739722593.0281308,6,-17,-131
1739722593.0741308,-73,49,-67
1739722593.1191306,-35,-45,-66
1739722593.1651306,-102,-76,10
1739722593.2111306,-8,-29,66
1739722593.2561307,-16,6,-59
1739722593.3021307,-58,28,72
1739722593.3481307,-18,9,140
1739722593.3941307,-16,-42,-72
1739722593.4391308,34,52,-67
1739722593.4851308,-43,0,-189
1739722593.5311308,-31,-8,-64
1739722593.5761306,37,-16,-27
1739722593.6221306,30,-35,10
1739722593.6681306,-6,6,-111
1739722593.7141306,-4,49,-67
1739722593.7591307,-25,-66,-44
1739722593.8051307,-58,-32,12
1739722593.8511307,3,28,-87
1739722593.8961308,77,65,53
1739722593.9421306,-57,32,-10
1739722593.9881306,-33,-22,-113
1739722594.0341306,-40,-2,-59
1739722594.0791306,-27,41,-113
1739722594.125131,-31,-89,-24
1739722594.171131,-22,31,-155
1739722594.2221308,2,3,-89
1739722594.2681308,-49,-50,-107
1739722594.3141308,-44,20,-52
1739722594.3591306,15,0,-9
1739722594.4051306,-86,4,-64
1739722594.4511306,-14,-7,10
1739722594.4951308,64,-41,-35
1739722594.5411308,13,-32,-57
1739722594.5871308,-25,13,32
1739722594.6321306,39,-44,40
1739722594.6781306,-36,45,-75
1739722594.7241306,-46,40,24
1739722594.7701306,-68,-6,-18
1739722594.8151307,-58,87,-26
1739722594.8611307,-27,72,26
1739722594.9071307,-16,6,36
1739722594.9521308,34,36,-99
1739722594.9981308,53,-6,61
1739722595.0441308,48,-58,-7
1739722595.0901306,-12,-28,-37
1739722595.1351306,-30,23,112
1739722595.1811306,-26,-78,-50
1739722595.227131,26,46,-93
1739722595.2721307,21,4,-7
1739722595.3181307,-31,58,-191
1739722595.3641307,61,1,-13
1739722595.4101307,72,-14,-25
1739722595.4551306,-6,-31,-133
1739722595.5011306,-1,98,-113
1739722595.5471306,33,-39,-20
1739722595.592131,15,-53,-118
1739722595.638131,-1,77,-54
1739722595.684131,77,15,-41
1739722595.730131,72,-16,-52
1739722595.7751307,89,41,-96
1739722595.8211308,38,88,50
1739722595.8671308,-66,15,-69
1739722595.9121306,21,-67,-114
1739722595.9581306,-11,-18,-19
1739722596.0041306,2,-16,-76
1739722596.0501306,17,-22,114
1739722596.0951307,-33,15,-87
1739722596.1411307,-19,-3,-139
1739722596.1871307,-21,-38,-29
1739722596.2321308,49,48,-136
1739722596.2781308,26,52,-102
1739722596.3241308,14,-61,71
1739722596.3691306,-61,12,-1
1739722596.4151306,29,-2,-52
1739722596.4611306,108,4,-42
1739722596.5071306,-9,23,-39
1739722596.5521307,-23,12,-169
1739722596.5981307,-77,34,-65
1739722596.6441307,-30,16,-31
1739722596.6891308,36,-36,-24
1739722596.7351308,-38,52,-87
1739722596.7811308,15,-78,-28
1739722596.8271308,14,8,-28
1739722596.8721306,-26,-1,-31
1739722596.9181306,44,-27,-28
1739722596.9641306,17,17,30
1739722597.0091307,-34,20,-11
1739722597.0551307,-35,61,-81
1739722597.1011307,-28,-9,-15
1739722597.1471307,37,-42,-8
1739722597.1921306,-13,-13,-76
1739722597.2381306,-19,24,-67
1739722597.2841306,55,26,-148
1739722597.3291306,49,29,-94
1739722597.375131,-38,-13,-15
1739722597.421131,70,-35,14
1739722597.467131,6,66,-28
1739722597.5121307,-15,-9,6
1739722597.5581307,-73,-38,-223
1739722597.6041307,-41,-49,24
1739722597.6491306,-43,-36,54
1739722597.6951306,-59,11,62
1739722597.7411306,10,-33,50
1739722597.7871306,-39,58,-111
1739722597.832131,-43,43,-44
1739722597.878131,0,47,-155
1739722597.924131,-9,4,-17
1739722597.9691308,12,17,-75
1739722598.0151308,52,-44,-45
1739722598.0611308,0,6,24
1739722598.1071308,-32,6,58
1739722598.1521306,-4,5,34
1739722598.1981306,-7,-57,-153
1739722598.2441306,30,-24,-155
1739722598.2891307,31,45,-97
1739722598.3351307,44,10,-33
1739722598.3811307,33,40,41
1739722598.4271307,-24,-21,-101
1739722598.4721308,52,-61,-43
1739722598.5181308,-58,-44,-32
1739722598.5641308,-33,-18,-87
1739722598.6091306,-43,53,25
1739722598.6551306,-45,75,-53
1739722598.7011306,-86,23,-41
1739722598.7471306,-17,-56,-39
1739722598.7921307,-32,-10,-57
1739722598.8381307,3,9,-35
1739722598.8841307,-4,7,-73
1739722598.9291308,-1,-17,68
1739722598.9751308,64,-54,-9
1739722599.0211308,40,15,57
1739722599.0671306,32,-20,-9
1739722599.1121306,4,4,-152
1739722599.1581306,-25,0,-51
1739722599.2041306,48,13,8
1739722599.2491307,39,9,10
1739722599.2951307,20,48,-113
1739722599.3411307,21,6,-28
1739722599.3871307,95,16,102
1739722599.4321306,-37,-44,40
1739722599.4781306,8,-47,28
1739722599.5241306,52,5,-17
1739722599.569131,-57,97,-19
1739722599.615131,-50,-55,-69
1739722599.661131,27,21,-105
1739722599.707131,-42,-4,-33
1739722599.7521307,-3,53,42
1739722599.7981308,-51,-43,-111
1739722599.8441308,-74,2,-161
1739722599.8891306,96,27,-91
1739722599.9351306,-14,52,47
1739722599.9811306,24,-4,-41
1739722600.0271306,4,11,-53
1739722600.072131,-41,29,-1
1739722600.1181307,-12,-15,-39
1739722600.1641307,13,61,-39
1739722600.2091308,61,-52,22
1739722600.2551308,-24,-34,18
1739722600.3011308,-24,-34,64
1739722600.3471308,-33,43,-41
1739722600.3921306,7,5,34
1739722600.4381306,12,66,-111
1739722600.4841306,-43,-12,-55
1739722600.5291307,-47,14,-41
1739722600.5751307,11,-15,52
1739722600.6211307,2,-38,-85
1739722600.6671307,-19,-33,0
1739722600.7121308,-9,11,0
1739722600.7581308,2,44,-37
1739722600.8041308,-7,34,-141
1739722600.8491306,62,-17,-56
1739722600.8951306,-111,82,3
1739722600.9411306,29,53,-83
1739722600.9871306,-55,15,49
1739722601.0321307,2,29,-97
1739722601.0781307,-21,27,-49
1739722601.1241307,-44,34,-47
1739722601.1691308,-69,19,-21
1739722601.2151306,15,23,-45
1739722601.2611306,16,-56,-60
1739722601.3071306,-54,43,-49
1739722601.352131,-55,61,-45
1739722601.398131,86,8,-31
1739722601.444131,25,7,-111
1739722601.4891307,132,47,1
1739722601.5351307,-29,79,10
1739722601.5811307,11,28,-77
1739722601.6271307,-69,-31,-36
1739722601.6721306,-1,-44,-199
1739722601.7181306,74,-20,77
1739722601.7641306,11,-37,-43
1739722601.809131,36,58,-7
1739722601.855131,-30,-56,-108
1739722601.901131,77,42,-161
1739722601.947131,19,6,-25
1739722601.9921308,90,-21,-87
1739722602.0381308,51,-27,95
1739722602.0841308,26,31,-39
1739722602.1291306,-64,20,-80
1739722602.1751306,-14,-13,-14
1739722602.2211306,-40,-33,68
1739722602.2671306,-6,-34,-2
1739722602.3121307,10,-26,-7
1739722602.3581307,-7,-52,34
1739722602.4041307,-18,38,-127
1739722602.4491308,28,-36,25
1739722602.4951308,-25,27,-129
1739722602.5411308,29,-2,-77
1739722602.5871308,42,-1,39
1739722602.6321306,51,32,-161
1739722602.6781306,10,28,-19
1739722602.7241306,-9,-52,32
1739722602.7691307,10,-47,-34
1739722602.8151307,21,6,9
1739722602.8611307,60,-63,-31
1739722602.9071307,18,23,-67
1739722602.9521308,29,-32,-35
1739722602.9981308,-40,-4,-124
1739722603.0441308,-41,67,-85
1739722603.0891306,-6,-40,-54
1739722603.1351306,-52,-31,-52
1739722603.1811306,54,-2,89
1739722603.227131,-17,11,4
1739722603.2721307,52,12,-125
1739722603.3181307,131,-16,-95
1739722603.3641307,-32,-18,-20
1739722603.4091306,-15,-32,68
1739722603.4551306,-59,31,-52
1739722603.5011306,75,-38,-53
1739722603.5471306,-77,26,-4
1739722603.592131,-16,-6,110
1739722603.638131,76,-55,-79
1739722603.684131,49,-13,-27
1739722603.7291307,26,-50,-109
1739722603.7751307,5,19,-83
1739722603.8211308,60,32,-31
1739722603.8671308,26,15,84
1739722603.9121306,-23,-15,-12
1739722603.9581306,-10,22,35
1739722604.0041306,-42,11,-97
1739722604.049131,-25,36,-217
1739722604.0951307,66,-2,62
1739722604.1411307,23,-9,-36
1739722604.1921306,-38,46,-25
1739722604.2381306,85,-9,-75
1739722604.2841306,5,25,4
1739722604.3291306,83,42,-22
1739722604.375131,-8,41,-40
1739722604.421131,-19,32,-18
1739722604.467131,60,49,-24
1739722604.5121307,-29,64,-106
1739722604.5581307,-21,35,-42
1739722604.6041307,-31,85,-64
1739722604.6491306,17,78,40
1739722604.6951306,-23,-2,-156
1739722604.7411306,36,29,-76
1739722604.7871306,21,49,50
1739722604.832131,9,-6,-46
1739722604.878131,43,3,12
1739722604.924131,42,7,-66
1739722604.9691308,7,94,-126
1739722605.0151308,62,-23,-23
1739722605.0611308,-53,-12,24
1739722605.1071308,-53,-26,-108
1739722605.1521306,44,-9,-109
1739722605.1981306,33,-15,33
1739722605.2441306,-10,37,-106
1739722605.2891307,6,-70,-77
1739722605.3351307,36,28,-186
1739722605.3811307,-49,19,-34
1739722605.4271307,23,-25,-63
1739722605.4721308,-53,24,-136
1739722605.5181308,50,24,-32
1739722605.5641308,-68,28,-42
1739722605.6091306,-18,-13,-21
1739722605.6551306,-21,71,-24
1739722605.7011306,11,33,-64
1739722605.7471306,112,-64,53
1739722605.7921307,-13,54,-196
1739722605.8381307,-3,35,12
1739722605.8841307,-91,51,-98
1739722605.9291308,44,9,112
1739722605.9751308,37,11,-94
1739722606.0211308,0,0,-80
1739722606.0671306,2,-9,-51
1739722606.1121306,28,-72,-127
1739722606.1581306,42,50,-116
1739722606.2041306,42,6,-190
1739722606.2491307,-11,-4,-27
1739722606.2951307,-43,-7,-35
1739722606.3411307,-21,43,-140
1739722606.3861306,-29,-30,-7
1739722606.4321306,6,12,-58
1739722606.4781306,14,-17,-66
1739722606.5241306,39,18,-20
1739722606.569131,56,35,-42
1739722606.615131,71,-13,-34
1739722606.661131,-17,-39,13
1739722606.7061307,-9,-44,53
1739722606.7521307,97,1,74
1739722606.7981308,-20,-13,-107
1739722606.8441308,-12,-7,-79
1739722606.8891306,-26,16,5
1739722606.9351306,25,27,30
1739722606.9811306,-41,23,-119
1739722607.026131,-69,-2,-93
1739722607.072131,15,130,-70
1739722607.1181307,86,-43,-64
1739722607.1641307,16,-55,-42
1739722607.2091308,-77,26,11
1739722607.2551308,36,22,-258
1739722607.3011308,-4,-33,25
1739722607.3461306,-135,-46,-37
1739722607.3921306,-36,33,95
1739722607.4381306,75,-24,-18
1739722607.4841306,10,-41,-23
1739722607.5291307,121,82,-10
1739722607.5751307,-34,-10,-119
1739722607.6211307,-22,39,-122
1739722607.6661308,24,1,46
1739722607.7121308,-30,60,-190
1739722607.7581308,0,-27,-16
1739722607.8041308,-80,37,79
1739722607.8491306,79,6,-36
1739722607.8951306,27,-31,-38
1739722607.9411306,54,20,-28
1739722607.9861307,35,-3,-8
1739722608.0321307,-41,30,33
1739722608.0781307,50,35,-66
1739722608.1241307,-27,65,-85
1739722608.1691308,-20,-7,-39
1739722608.2151306,-66,81,-133
1739722608.2611306,-71,4,-73
1739722608.3061306,23,34,-58
1739722608.352131,21,0,-102
1739722608.398131,40,30,80
1739722608.444131,-43,16,-93
1739722608.4891307,80,-27,-16
1739722608.5351307,42,-35,-140
1739722608.5811307,-57,-11,0
1739722608.6261306,95,-40,-114
1739722608.6721306,20,-11,-48
1739722608.7181306,-67,25,-151
1739722608.7641306,-120,50,-1
1739722608.809131,35,-25,-144
1739722608.855131,32,61,-46
1739722608.901131,-26,-4,-61
1739722608.9461308,17,-20,-40
1739722608.9921308,15,39,-37
1739722609.0381308,-44,-57,-28
1739722609.0841308,38,10,-98
1739722609.1291306,89,-6,-46
1739722609.1751306,-83,-12,-101
1739722609.2211306,-24,-8,-55
1739722609.2661307,49,21,-42
1739722609.3121307,21,10,-78
1739722609.3581307,55,34,-154
1739722609.4041307,-7,20,-33
1739722609.4491308,9,-53,2
1739722609.4951308,65,-18,-6
1739722609.5411308,153,42,-38
1739722609.5861306,6,25,61
1739722609.6321306,2,15,-46
1739722609.6781306,0,20,66
1739722609.7241306,13,0,-125
1739722609.7691307,13,91,-115
1739722609.8151307,32,-22,-5
1739722609.8611307,-64,6,-4
1739722609.9061308,-68,-5,28
1739722609.9521308,-31,21,32
1739722609.9981308,12,-19,-69
1739722610.0441308,-25,-39,8
1739722610.0891306,-31,-60,-35
1739722610.1351306,-1,17,-73
1739722610.1811306,-13,-51,74
1739722610.2261307,33,13,-95
1739722610.2721307,0,51,-13
1739722610.3181307,66,2,-23
1739722610.3641307,-49,51,-44
1739722610.4091306,-67,18,-128
1739722610.4551306,10,-26,-45
1739722610.5011306,42,52,45
1739722610.546131,-13,-3,-73
1739722610.592131,31,-120,-137
1739722610.638131,6,10,-87
1739722610.684131,-41,17,-64
1739722610.7291307,-64,84,-64
1739722610.7751307,71,-25,-7
1739722610.8211308,33,-51,-113
1739722610.8661306,80,-8,-69
1739722610.9121306,90,34,-101
1739722610.9581306,70,-20,-59
1739722611.0041306,3,-1,-119
1739722611.049131,31,9,-65
1739722611.0951307,0,25,-56
1739722611.1411307,-93,-18,-117
1739722611.1861308,43,-44,-125
1739722611.2321308,-82,20,-108
1739722611.2781308,-5,-14,-45
1739722611.3241308,-99,-56,-101
1739722611.3691306,35,-5,-31
1739722611.4151306,27,10,-27
1739722611.4611306,19,94,-32
1739722611.5061307,110,-86,15
1739722611.5521307,-37,-27,26
1739722611.5981307,-62,12,8
1739722611.6441307,-64,-61,-32
1739722611.6891308,16,-30,-41
1739722611.7351308,-61,29,0
1739722611.7811308,-4,26,-92
1739722611.8261306,70,21,-95
1739722611.8721306,0,-15,33
1739722611.9181306,-7,6,-117
1739722611.9641306,39,76,-17
1739722612.0091307,86,42,-105
1739722612.0551307,-44,81,-45
1739722612.1011307,23,1,-86
1739722612.1461308,-36,-38,-112
1739722612.1921306,91,-25,0
1739722612.2381306,-11,-60,54
1739722612.2841306,15,-19,42
1739722612.3291306,96,-27,-50
1739722612.375131,24,-24,-70
1739722612.421131,-28,-26,-68
1739722612.4661307,-12,-36,-154
1739722612.5121307,-49,-76,-94
1739722612.5581307,29,-21,-24
1739722612.6041307,-5,-7,4
1739722612.6491306,22,-36,-110
1739722612.6951306,14,-7,-64
1739722612.7411306,-22,-79,-38
1739722612.786131,-97,-31,-70
1739722612.832131,-85,-35,-131
1739722612.878131,10,38,-29
1739722612.924131,17,-78,-16
1739722612.9691308,-96,9,-149
1739722613.0151308,7,68,75
1739722613.0611308,66,74,-19
1739722613.1061306,66,-59,18
1739722613.1521306,6,48,-73
1739722613.1981306,-14,41,-95
1739722613.2441306,-24,-48,-88
1739722613.2891307,-58,18,19
1739722613.3351307,-82,-77,-72
1739722613.3811307,1,9,-51
1739722613.4261308,-9,-16,-140
1739722613.4721308,17,88,59
1739722613.5181308,34,25,-50
1739722613.5641308,-26,-16,-9
1739722613.6091306,-50,-43,203
1739722613.6551306,35,37,-115
1739722613.7011306,18,-37,0
1739722613.7461307,-27,45,-35
1739722613.7921307,36,-100,-64
1739722613.8381307,-15,-27,-34
1739722613.8841307,-31,-33,0
1739722613.9291308,26,7,51
1739722613.9751308,-16,48,-49
1739722614.0211308,7,6,-40
1739722614.0661306,55,21,37
1739722614.1121306,-62,12,-61
1739722614.1581306,-33,40,-75
1739722614.2091308,0,45,33
1739722614.2551308,-28,-32,12
1739722614.3011308,62,30,-5
1739722614.3461306,67,-63,0
1739722614.3921306,-8,4,17
1739722614.4381306,-64,78,-17
1739722614.4841306,-9,-23,16
1739722614.5291307,76,-88,-34
1739722614.5751307,13,31,-15
1739722614.6211307,-44,22,-99
1739722614.6661308,-3,48,-105
1739722614.7121308,27,23,81
1739722614.7581308,7,-55,-134
1739722614.8041308,30,-15,6
1739722614.8491306,33,46,-122
1739722614.8951306,-47,19,47
1739722614.9411306,-60,-42,78
1739722614.9861307,-53,58,-156
1739722615.0321307,-6,-38,-54
1739722615.0781307,-1,29,-6
1739722615.1241307,-9,29,-60
1739722615.1691308,58,-7,-31
1739722615.2151306,-40,13,92
1739722615.2611306,-13,-7,-69
1739722615.3061306,-23,54,-86
1739722615.352131,-14,-40,112
1739722615.398131,-25,1,-45
1739722615.444131,-35,-11,-5
1739722615.4891307,-20,43,-38
1739722615.5351307,-30,-17,-95
1739722615.5811307,-92,-2,-75
1739722615.6261306,3,13,-145
1739722615.6721306,63,92,-66
1739722615.7181306,53,64,-4
1739722615.7641306,70,44,-139
1739722615.809131,36,-17,-145
1739722615.855131,6,2,-49
1739722615.901131,25,1,7
1739722615.9461308,-45,3,-62
1739722615.9921308,22,22,-21
1739722616.0381308,0,-30,-170
1739722616.0841308,0,14,-114
1739722616.1291306,14,52,-87
1739722616.1751306,28,-25,39
1739722616.2211306,-51,28,-54
1739722616.2661307,73,33,-195
1739722616.3121307,-52,31,22
1739722616.3581307,-72,41,78
1739722616.4031308,61,3,-121
1739722616.4491308,-47,-16,-24
1739722616.4951308,-8,4,-153
1739722616.5411308,26,-10,-85
1739722616.5861306,28,29,-157
1739722616.6321306,33,17,-56
1739722616.6781306,6,14,-184
1739722616.7231307,49,56,-119
1739722616.7691307,7,-34,0
1739722616.8151307,3,30,-29
1739722616.8611307,10,48,86
1739722616.9061308,-50,59,-38
1739722616.9521308,14,-29,-51
1739722616.9981308,-49,4,-143
1739722617.0431306,12,-44,23
1739722617.0891306,82,-38,-109
1739722617.1351306,45,0,-77
1739722617.1811306,-24,35,-4
1739722617.2261307,76,-15,30
1739722617.2721307,-76,-75,-55
1739722617.3181307,-11,51,-181
1739722617.3631306,-29,-34,-113
1739722617.4091306,-19,103,44
1739722617.4551306,1,-3,-61
1739722617.5011306,-36,109,0
1739722617.546131,-9,-27,38
1739722617.592131,6,97,-133
1739722617.638131,-2,-6,-19
1739722617.6831307,-43,-3,-26
1739722617.7291307,-9,-16,70
1739722617.7751307,-7,-40,-1
1739722617.8211308,-25,94,-91
1739722617.8661306,-38,45,-121
1739722617.9121306,-30,-9,40
1739722617.9581306,-62,10,0
1739722618.003131,56,-5,-33
1739722618.049131,-27,30,-53
1739722618.0951307,-8,-3,11
1739722618.1411307,67,-62,-35
1739722618.1861308,61,28,-143
1739722618.2321308,-19,32,-71
1739722618.2781308,116,8,-129
1739722618.3231306,-92,-42,84
1739722618.3691306,-86,32,10
1739722618.4151306,-50,-47,-75
1739722618.4611306,-13,20,2
1739722618.5061307,23,22,-187
1739722618.5521307,75,74,-123
1739722618.5981307,19,27,-191
1739722618.6431308,-31,-29,-16
1739722618.6891308,1,1,-23
1739722618.7351308,22,-28,-59
1739722618.7811308,10,-41,-43
1739722618.8261306,-1,75,18
1739722618.8721306,44,-6,-3
1739722618.9181306,-16,-29,-6
1739722618.9631307,61,49,-31
1739722619.0091307,20,42,-151
1739722619.0551307,44,-25,-11
1739722619.1011307,-6,62,-12
1739722619.1461308,5,2,-103
1739722619.1921306,-1,17,4
1739722619.2381306,-2,35,-10
1739722619.2831306,-42,-3,-125
1739722619.3291306,-4,-41,-3
1739722619.375131,-54,-9,62
1739722619.421131,67,-44,9
1739722619.4661307,12,-10,-15
1739722619.5121307,-38,-34,-9
1739722619.5581307,26,69,-115
1739722619.6031306,-80,-28,-38
1739722619.6491306,-71,47,-18
1739722619.6951306,-66,37,-101
1739722619.7411306,-18,9,-32
1739722619.786131,59,-30,-93
1739722619.832131,4,4,-13
1739722619.878131,-17,-4,-10
1739722619.9231308,63,-29,-31
1739722619.9691308,-45,-38,-50
1739722620.0151308,75,35,-107
1739722620.0611308,-15,-17,-105
1739722620.1061306,-40,-2,-169
1739722620.1521306,-83,-54,39
1739722620.1981306,-101,-28,17
1739722620.2431307,-12,-78,17
1739722620.2891307,-18,-6,-25
1739722620.3351307,-12,-78,-113
1739722620.3811307,1,-28,-53
1739722620.4261308,-17,27,-72
1739722620.4721308,-11,-41,-73
1739722620.5181308,23,-2,-44
1739722620.5631306,53,18,8
1739722620.6091306,0,-30,9
1739722620.6551306,74,-20,-122
1739722620.7011306,-7,-3,-66
1739722620.7461307,-13,18,-42
1739722620.7921307,69,13,-26
1739722620.8381307,0,68,-54
1739722620.8831308,-6,14,-1
1739722620.9291308,32,38,-216
1739722620.9751308,-3,-52,43
1739722621.0211308,46,45,-20
1739722621.0661306,-72,-22,-17
1739722621.1121306,74,-50,-116
1739722621.1581306,66,-32,-112
1739722621.2031307,-9,-27,-1
1739722621.2491307,49,9,-2
1739722621.2951307,-28,16,-29
1739722621.3411307,-9,19,-34
1739722621.3861306,26,2,-28
1739722621.4321306,16,57,42
1739722621.4781306,22,-19,-70
1739722621.523131,3,63,15
1739722621.569131,-55,92,-137
1739722621.615131,-7,-52,-100
1739722621.661131,-59,-3,-15
1739722621.7061307,4,-2,4
1739722621.7521307,2,82,-90
1739722621.7981308,25,-16,-56
1739722621.8431306,20,48,-106
1739722621.8891306,39,7,-66
1739722621.9351306,24,-32,-32
1739722621.9811306,64,-13,16
1739722622.026131,78,34,-50
1739722622.072131,-16,-2,-41
1739722622.1181307,41,-31,20
1739722622.1631308,-24,-8,-37
1739722622.2091308,75,-71,-132
1739722622.2551308,42,-39,0
1739722622.3011308,-38,-6,11
1739722622.3461306,-26,-55,20
1739722622.3921306,1,39,-53
1739722622.4381306,28,-8,-66
1739722622.4831307,82,-61,-152
1739722622.5291307,-19,-5,-142
1739722622.5751307,-17,-5,-62
1739722622.6211307,-109,-59,-98
1739722622.6661308,-18,-73,-23
1739722622.7121308,-1,-20,9
1739722622.7581308,-41,-11,-33
1739722622.8031306,64,24,-136
1739722622.8491306,54,-5,-78
1739722622.8951306,-55,43,-57
1739722622.9411306,-29,-43,16
1739722622.9861307,69,-10,-55
1739722623.0321307,-70,41,-188
1739722623.0781307,60,-27,3
1739722623.1231308,17,10,-3
1739722623.1691308,-25,10,-10
1739722623.2151306,41,-86,-135
1739722623.2611306,36,-39,-25
1739722623.3061306,34,-33,-151
1739722623.352131,-4,40,-131
1739722623.398131,-23,-27,-2
1739722623.4431307,-54,25,0
1739722623.4891307,9,-22,-135
1739722623.5351307,20,48,-115
1739722623.5811307,30,37,-5
1739722623.6261306,-53,-17,-141
1739722623.6721306,8,-9,-29
1739722623.7181306,11,41,102
1739722623.763131,-43,24,-76
1739722623.809131,18,-20,-151
1739722623.855131,17,-28,-55
1739722623.901131,105,32,17
1739722623.9461308,38,-105,-91
1739722623.9921308,-86,2,-54
1739722624.0381308,2,-36,-101
1739722624.0831306,20,-50,-79
1739722624.1291306,12,4,-81
1739722624.1751306,-52,18,-96
1739722624.2261307,50,-3,47
1739722624.2721307,34,25,27
1739722624.3181307,-11,7,32
1739722624.3631306,20,44,-24
1739722624.4091306,-24,5,62
1739722624.4551306,-3,-8,-81
1739722624.5011306,-33,9,-93
1739722624.546131,28,31,-91
1739722624.592131,10,15,28
1739722624.638131,81,29,-9
1739722624.6831307,-38,2,22
1739722624.7291307,4,-51,-25
1739722624.7751307,3,11,38
1739722624.8211308,-18,32,-11
1739722624.8661306,14,68,1
1739722624.9121306,-54,3,-70
1739722624.9581306,-23,-38,-115
1739722625.003131,5,-65,-34
1739722625.049131,-35,5,24
1739722625.0951307,42,-6,-107
1739722625.1411307,31,62,-109
1739722625.1861308,33,17,-39
1739722625.2321308,13,-20,-37
1739722625.2781308,14,-8,-125
1739722625.3231306,-48,50,20
1739722625.3691306,34,-118,-41
1739722625.4161308,-21,-46,56
1739722625.4621308,-7,33,-149
1739722625.5071306,16,-56,2
1739722625.5531306,-21,20,-19
1739722625.5991306,85,11,9
1739722625.6451306,58,6,107
1739722625.6901307,25,49,-53
1739722625.7361307,9,-59,-48
1739722625.7821307,-14,14,-23
1739722625.8271308,39,-18,-35
1739722625.8731308,61,22,-127
1739722625.9191308,39,20,-21
1739722625.9651306,68,26,17
1739722626.0101306,28,2,-55
1739722626.0561306,44,-23,3
1739722626.102131,-31,29,72
1739722626.1471307,-3,25,-33
1739722626.1931307,0,-42,-34
1739722626.2391307,53,-12,-47
1739722626.2841306,-9,-27,-145
1739722626.3301306,-51,-37,-30
1739722626.3761306,34,-14,-67
1739722626.4221306,54,5,-89
1739722626.467131,-5,26,-15
1739722626.513131,-14,8,0
1739722626.559131,61,105,-103
1739722626.6041307,11,-6,-49
1739722626.6501307,13,-48,-95
1739722626.6961308,90,-23,-57
1739722626.7421308,-10,11,-28
1739722626.7871306,-41,19,-127
1739722626.8331306,42,15,-125
1739722626.8791306,31,16,48
1739722626.924131,-47,73,-50
1739722626.9701307,12,-73,-53
1739722627.0161307,-16,100,-114
1739722627.0621307,23,-57,-61
1739722627.1071308,-71,36,-153
1739722627.1531308,-43,-57,-1
1739722627.1991308,16,-30,-49
1739722627.2441306,-15,8,-4
1739722627.2901306,0,-32,33
1739722627.3361306,-54,9,-36
1739722627.3821306,-6,14,10
1739722627.4271307,10,-3,-63
1739722627.4731307,-65,72,-2
1739722627.5191307,-42,-1,-24
1739722627.5641308,19,92,34
1739722627.6101308,-28,-5,-80
1739722627.6561308,-9,-44,-15
1739722627.7021308,-11,-80,-77
1739722627.7471306,12,19,-29
1739722627.7931306,36,31,-3
1739722627.8391306,-10,15,-229
1739722627.8841307,77,67,-49
1739722627.9301307,52,43,42
1739722627.9761307,-85,36,31
1739722628.0221307,-52,-1,-17
1739722628.0671306,-41,-16,-41
1739722628.1131306,52,14,12
1739722628.1591306,11,23,33
1739722628.2041306,4,69,-12
1739722628.250131,-28,-69,24
1739722628.296131,-16,6,-52
1739722628.342131,48,42,0
1739722628.3871307,-7,16,-21
1739722628.4331307,-13,41,-248
1739722628.4791307,-13,-18,81
1739722628.5241306,30,-24,-158
1739722628.5701306,-39,25,-17
1739722628.6161306,66,-5,-169
1739722628.6621306,5,19,-69
1739722628.707131,23,10,-105
1739722628.753131,-11,-8,-20
1739722628.799131,13,41,-32
1739722628.8441308,16,-28,-77
1739722628.8901308,87,-50,-41
1739722628.9361308,-19,-22,-77
1739722628.9821308,-31,55,38
1739722629.0271306,-51,50,-88
1739722629.0731306,35,7,25
1739722629.1191306,36,-26,-269
1739722629.1641307,63,4,19
1739722629.2101307,71,-12,-92
1739722629.2561307,-28,-8,-67
1739722629.3021307,60,29,-114
1739722629.3471308,-46,6,-170
1739722629.3931308,9,54,-89
1739722629.4391308,-27,62,-135
1739722629.4841306,42,-47,-80
1739722629.5301306,46,-3,-12
1739722629.5761306,-5,6,-7
1739722629.6221306,-19,-7,17
1739722629.6671307,-7,44,-37
1739722629.7131307,-50,-4,69
1739722629.7591307,36,2,-76
1739722629.8041308,-2,-35,-80
1739722629.8501308,-34,11,-87
1739722629.8961308,15,-9,-30
1739722629.9421306,-18,-45,25
1739722629.9871306,39,-41,50
1739722630.0331306,33,32,-108
1739722630.0791306,-25,23,-67
1739722630.1241307,18,-11,66
1739722630.1701307,24,-8,-116
1739722630.2161307,0,-76,-14
1739722630.2621307,143,50,14
1739722630.3071306,-20,31,-71
1739722630.3531306,21,0,48
1739722630.3991306,10,-2,-30
1739722630.444131,73,44,54
1739722630.490131,-5,33,-108
1739722630.536131,86,14,8
1739722630.582131,49,-73,-18
1739722630.6271307,-53,-57,-153
1739722630.6731308,59,32,-46
1739722630.7191308,39,27,-140
1739722630.7641306,-71,49,-71
1739722630.8101306,-11,-83,71
1739722630.8561306,-8,22,-102
1739722630.9021306,-6,-14,-37
1739722630.947131,30,-27,-36
1739722630.9931307,35,5,26
1739722631.0391307,75,88,22
1739722631.0841308,-50,80,-23
1739722631.1301308,-21,-32,-53
1739722631.1761308,-58,35,-51
1739722631.2221308,46,22,0
1739722631.2671306,66,-19,22
1739722631.3131306,53,-26,-94
1739722631.3591306,-40,3,89
1739722631.4041307,7,0,-134
1739722631.4501307,83,64,-24
1739722631.4961307,-5,11,-5
1739722631.5421307,-4,0,41
1739722631.5871308,-56,49,-67
1739722631.6331308,-41,40,37
1739722631.6791308,107,1,44
1739722631.7241306,48,-47,32
1739722631.7701306,-55,-14,-45
1739722631.8161306,58,27,-52
1739722631.8621306,-9,-44,-66
1739722631.9071307,25,-10,-144
1739722631.9531307,3,50,-102
1739722631.9991307,54,5,-38
1739722632.0441308,24,-43,-60
1739722632.0901306,40,0,-92
1739722632.1361306,51,-65,-10
1739722632.1821306,-34,71,-59
1739722632.227131,-45,83,9
1739722632.273131,3,65,-100
1739722632.319131,64,79,-58
1739722632.3641307,11,79,-138
1739722632.4101307,66,49,-50
1739722632.4561307,45,24,-132
1739722632.5021307,45,-26,-6
1739722632.5471306,3,21,-87
1739722632.5931306,-15,-17,-145
1739722632.6391306,7,49,-49
1739722632.684131,-7,32,-45
1739722632.730131,24,-20,-65
1739722632.776131,78,-11,-85
1739722632.822131,-9,-44,70
1739722632.8671308,23,22,-95
1739722632.9131308,-24,-42,-113
1739722632.9591308,42,51,19
1739722633.0041306,-42,-19,-4
1739722633.0501306,-53,32,-110
1739722633.0961306,9,29,-89
1739722633.1421306,11,-88,-79
1739722633.1871307,27,-15,45
1739722633.2331307,16,87,-59
1739722633.2791307,-7,19,-131
1739722633.3241308,-12,1,-79
1739722633.3701308,-12,-50,104
1739722633.4161308,-38,2,-66
1739722633.4621308,32,-27,-51
1739722633.5071306,-16,-53,0
1739722633.5531306,15,-1,-91
1739722633.5991306,48,0,-111
1739722633.6441307,-3,-46,-22
1739722633.6901307,129,30,-51
1739722633.7361307,16,-9,-9
1739722633.7821307,43,54,7
1739722633.8271308,9,-22,-133
1739722633.8731308,94,21,-239
1739722633.9191308,-35,-51,-50
1739722633.9641306,27,-31,148
1739722634.0101306,0,-7,-161
1739722634.0561306,9,86,-87
1739722634.102131,35,58,46
1739722634.1471307,20,89,-7
1739722634.1931307,-98,56,-16
1739722634.2441306,-38,-11,-123
1739722634.2901306,-49,32,-109
1739722634.3361306,-11,-26,-103
1739722634.3821306,20,8,-101
1739722634.4271307,92,15,-121
1739722634.4731307,-35,34,-42
1739722634.5181308,-28,6,124
1739722634.5631306,11,106,-16
1739722634.6091306,116,9,-11
1739722634.6551306,-102,-5,-66
1739722634.7001307,-57,-14,-76
1739722634.7461307,27,21,-39
1739722634.7921307,-67,-40,-52
1739722634.8381307,34,-5,39
1739722634.8831308,47,3,-157
1739722634.9291308,95,19,-145
1739722634.9751308,37,4,-19
1739722635.0201306,-69,40,-42
1739722635.0661306,4,83,-81
1739722635.1121306,76,-4,21
1739722635.1581306,-68,-29,-50
1739722635.2031307,-27,51,6
1739722635.2491307,-25,0,-125
1739722635.2951307,1,64,-95
1739722635.3401306,70,17,-131
1739722635.3861306,-36,-78,-2
1739722635.4321306,13,-60,-23
1739722635.4781306,-23,0,52
1739722635.523131,-82,-48,-10
1739722635.569131,26,1,-85
1739722635.615131,-63,14,-60
1739722635.6601307,-87,-20,-26
1739722635.7061307,-12,-84,-37
1739722635.7521307,3,11,-33
1739722635.7981308,-25,114,-132
1739722635.8431306,8,-20,-85
1739722635.8891306,18,-16,-21
1739722635.9351306,-49,40,50
1739722635.980131,-31,-11,-14
1739722636.026131,-25,9,22
1739722636.072131,74,-31,-15
1739722636.1181307,50,0,23
1739722636.1631308,-51,28,-42
1739722636.2091308,68,47,-165
1739722636.2551308,16,-7,31
1739722636.3001306,28,4,-5
1739722636.3461306,-45,5,-22
1739722636.3921306,-10,63,18
1739722636.4371307,-80,43,56
1739722636.4831307,41,52,58
1739722636.5291307,-16,-19,-33
1739722636.5751307,-37,16,74
1739722636.6201308,23,3,-93
1739722636.6661308,-16,-54,-27
1739722636.7121308,-61,37,-26
1739722636.7571306,-20,36,-30
1739722636.8031306,10,-20,-25
1739722636.8491306,20,-46,49
1739722636.8951306,76,-61,-85
1739722636.9401307,-51,30,-24
1739722636.9861307,6,-9,22
1739722637.0321307,18,61,-55
1739722637.0771308,19,7,-79
1739722637.1231308,48,-39,1
1739722637.1691308,28,-79,-57
1739722637.2151306,7,-21,30
1739722637.2601306,47,-26,55
1739722637.3061306,11,30,-55
1739722637.352131,68,-19,-95
1739722637.3971307,-11,3,8
1739722637.4431307,-27,103,-6
1739722637.4891307,9,0,-105
1739722637.5351307,-9,-21,76
1739722637.5801306,-16,-35,110
1739722637.6261306,1,-26,-45
1739722637.6721306,106,-23,37
1739722637.717131,6,29,-71
1739722637.763131,11,32,-35
1739722637.809131,50,-46,-37
1739722637.855131,-73,64,-102
1739722637.9001307,-86,-49,-48
1739722637.9461308,57,8,-27
1739722637.9921308,-13,-11,-14
1739722638.0371306,-6,14,84
1739722638.0831306,-18,44,-70
1739722638.1291306,6,16,-19
1739722638.1751306,84,-39,-9
1739722638.2201307,0,26,-30
1739722638.2661307,-41,19,-38
1739722638.3121307,-51,57,-68
1739722638.3571308,78,13,-19
1739722638.4031308,16,-7,-5
1739722638.4491308,29,45,-68
1739722638.4951308,-25,38,-131
1739722638.5401306,4,-41,-88
1739722638.5861306,-47,12,-105
1739722638.6321306,-12,-12,-98
1739722638.6771307,17,-55,-56
1739722638.7231307,-29,-65,58
1739722638.7691307,91,-23,-152
1739722638.8151307,26,-3,-2
1739722638.8601308,17,18,-84
1739722638.9061308,27,46,-59
1739722638.9521308,70,-7,-28
1739722638.9971306,135,1,-2
1739722639.0431306,7,68,-25
1739722639.0891306,-10,11,-45
1739722639.1351306,-17,-35,-84
1739722639.1801307,-37,-42,16
1739722639.2261307,-16,-27,-14
1739722639.2721307,1,-18,82
1739722639.3171306,23,47,-117
1739722639.3631306,-17,-29,24
1739722639.4091306,-7,0,35
1739722639.4551306,-7,0,3
1739722639.500131,65,-19,-150
1739722639.546131,33,-5,-140
1739722639.592131,-41,-49,-118
1739722639.6371307,5,39,25
1739722639.6831307,52,-59,-104
1739722639.7291307,-8,-31,-16
1739722639.7751307,9,32,-51
1739722639.8201306,9,51,-15
1739722639.8661306,44,-12,-4
1739722639.9121306,74,22,-127
1739722639.957131,-64,-10,-124
1739722640.003131,7,-34,-78
1739722640.049131,-63,-31,-32
1739722640.0951307,-15,-9,6
1739722640.1401308,-85,3,-72
1739722640.1861308,-74,-46,-76
1739722640.2321308,20,21,-99
1739722640.2771306,31,-43,12
1739722640.3231306,-70,-10,7
1739722640.3691306,-49,12,-15
1739722640.4151306,13,27,-171
1739722640.4601307,-42,-7,-100
1739722640.5061307,-58,-40,-18
1739722640.5521307,7,-32,8
1739722640.5971308,-17,23,-49
1739722640.6431308,22,-82,10
1739722640.6891308,15,55,-66
1739722640.7351308,-15,41,85
1739722640.7801306,-45,-30,-68
1739722640.8261306,-46,25,-50
1739722640.8721306,-11,44,-103
1739722640.9171307,-47,-34,-78
1739722640.9631307,-23,-6,-78
1739722641.0091307,-17,11,-92
1739722641.0551307,-66,-16,-4
1739722641.1001308,17,24,-104
1739722641.1461308,-35,22,-78
1739722641.1921306,-13,18,-148
1739722641.2371306,60,-16,-124
1739722641.2831306,24,32,108
1739722641.3291306,73,-14,40
1739722641.375131,33,-10,-88
1739722641.4201307,55,-37,-72
1739722641.4661307,-3,25,-62
1739722641.5121307,4,-18,-84
1739722641.5571306,18,55,26
1739722641.6031306,-25,-33,-7
1739722641.6491306,65,54,10
1739722641.6951306,-9,-19,97
1739722641.740131,-21,-40,-55
1739722641.786131,-32,19,-41
1739722641.832131,49,-11,0
1739722641.8771307,-66,45,-3
1739722641.9231308,-13,-9,-93
1739722641.9691308,8,-33,-103
1739722642.0151308,9,-22,-138
1739722642.0601306,-20,14,-19
1739722642.1061306,-54,27,37
1739722642.1521306,-11,-33,35
1739722642.197131,-9,41,-118
1739722642.2431307,-39,37,-57
1739722642.2891307,-72,51,-89
1739722642.3351307,-53,-65,-49
1739722642.3801308,-33,-8,-51
1739722642.4261308,7,-15,32
1739722642.4721308,75,22,-108
1739722642.5171306,-25,50,-15
1739722642.5631306,-31,-77,-103
1739722642.6091306,29,12,42
1739722642.6551306,-40,11,-103
1739722642.7001307,-30,16,-198
1739722642.7461307,-10,0,-110
1739722642.7921307,-35,0,-165
1739722642.8371308,56,57,-46
1739722642.8831308,67,-96,-130
1739722642.9291308,-41,-16,-17
1739722642.9751308,-31,58,-55
1739722643.0201306,-57,-28,-27
1739722643.0661306,0,-7,-88
1739722643.1121306,56,40,-64
1739722643.1571307,-54,25,-105
1739722643.2031307,51,35,-96
1739722643.2491307,-6,-39,-266
1739722643.2951307,13,-32,-108
1739722643.3401306,36,-26,-10
1739722643.3861306,23,3,-200
1739722643.4321306,-51,-26,75
1739722643.477131,44,-77,60
1739722643.523131,-20,25,-13
1739722643.569131,-1,-43,-98
1739722643.615131,42,34,-78
1739722643.6601307,-51,21,31
1739722643.7061307,-6,31,-29
1739722643.7521307,5,4,-90
1739722643.7971306,69,-25,0
1739722643.8431306,3,-123,-46
1739722643.8891306,-81,54,-7
1739722643.9351306,-18,35,-97
1739722643.980131,24,-17,34
1739722644.026131,-1,-3,-102
1739722644.072131,-32,27,-135
1739722644.1171308,-41,40,-111
1739722644.1631308,-119,-13,-105
1739722644.2091308,-35,2,-39
1739722644.2601306,-12,-43,20
1739722644.3061306,60,41,-44
1739722644.352131,-13,3,-37
1739722644.3971307,1,59,-174
1739722644.4431307,16,-78,-58
1739722644.4891307,-21,26,-55
1739722644.5351307,-68,-75,-93
1739722644.5801306,-54,3,35
1739722644.6261306,-13,82,63
1739722644.6721306,54,20,6
1739722644.717131,83,-10,14
1739722644.763131,15,26,36
1739722644.809131,-53,11,15
1739722644.855131,-23,-52,-6
1739722644.9001307,-32,54,-81
1739722644.9461308,-92,56,11
1739722644.9921308,-46,-71,-39
1739722645.0371306,33,-14,-86
1739722645.0831306,-57,-39,77
1739722645.1291306,-18,-64,-36
1739722645.1751306,13,-4,-18
1739722645.2201307,73,108,53
1739722645.2661307,1,22,-23
1739722645.3121307,1,24,-76
1739722645.3571308,-65,13,-85
1739722645.4031308,31,-51,30
1739722645.4491308,5,6,-32
1739722645.4951308,6,-58,-124
1739722645.5401306,19,27,-30
1739722645.5861306,-59,-19,-77
1739722645.6321306,1,-72,-10
1739722645.6771307,45,3,-80
1739722645.7231307,-60,-54,7
1739722645.7691307,-59,-102,23
1739722645.8151307,-79,-3,-7
1739722645.8601308,-31,-39,-21
1739722645.9061308,-25,19,-5
1739722645.9521308,-5,-53,-64
1739722645.9971306,41,48,16
1739722646.0431306,-36,9,-13
1739722646.0891306,31,-8,-17
1739722646.1351306,-19,-1,-17
1739722646.1801307,1,36,-38
1739722646.2261307,74,16,-16
1739722646.2721307,27,79,0
1739722646.3171306,39,-34,-136
1739722646.3631306,19,-16,-102
1739722646.4091306,21,27,-48
1739722646.4541306,-19,53,29
1739722646.500131,39,-84,17
1739722646.546131,56,-43,-32
1739722646.592131,6,25,-111
1739722646.6371307,49,7,-110
1739722646.6831307,22,-54,5
1739722646.7291307,-12,71,-56
1739722646.7741306,-2,31,-95
1739722646.8201306,25,-5,-15
1739722646.8661306,-3,-43,25
1739722646.9121306,-20,-11,62
1739722646.957131,4,7,-47
1739722647.003131,-72,4,-12
1739722647.049131,56,-24,-12
1739722647.0941308,39,-4,48
1739722647.1401308,-1,-48,-86
1739722647.1861308,8,-24,-4
1739722647.2321308,-1,37,-73
1739722647.2771306,-8,12,-132
1739722647.3231306,24,16,49
1739722647.3691306,-29,-55,25
1739722647.4141307,16,-9,-70
1739722647.4601307,21,33,-90
1739722647.5061307,53,-2,-182
1739722647.5521307,-47,71,-57
1739722647.5971308,-22,49,31
1739722647.6431308,10,-18,-22
1739722647.6891308,-19,2,99
1739722647.7341306,-18,-6,-15
1739722647.7801306,-19,-41,17
1739722647.8261306,5,-52,51
1739722647.8721306,-50,13,-120
1739722647.9171307,-86,61,-147
1739722647.9631307,35,17,-122
1739722648.0091307,-30,-54,-69
1739722648.0541308,-57,-39,-38
1739722648.1001308,-8,37,-36
1739722648.1461308,-23,33,-68
1739722648.1921306,26,54,-91
1739722648.2371306,50,27,-103
1739722648.2831306,4,46,-23
1739722648.3291306,-45,-21,-42
1739722648.3741307,77,-120,-21
1739722648.4201307,-43,-30,-8
1739722648.4661307,-1,83,4
1739722648.5121307,28,-42,-49
1739722648.5571306,38,30,66
1739722648.6031306,-13,-9,5
1739722648.6491306,29,6,-104
1739722648.694131,-1,-39,-42
1739722648.740131,-18,-94,19
1739722648.786131,-43,-44,-182
1739722648.832131,14,-69,-120
1739722648.8771307,61,59,-80
1739722648.9231308,54,-47,-34
1739722648.9691308,16,-2,-102
1739722649.0141306,2,7,-39
1739722649.0601306,38,113,-32
1739722649.1061306,-49,17,-47
1739722649.1521306,-24,-35,-47
1739722649.197131,13,50,-14
1739722649.2431307,51,8,-126
1739722649.2891307,-41,-6,-210
1739722649.3341308,-28,-49,-69
1739722649.3801308,-68,-7,-5
1739722649.4261308,28,-19,-30
1739722649.4721308,-58,6,-3
1739722649.5171306,0,24,29
1739722649.5631306,-37,0,-75
1739722649.6091306,7,43,-62
1739722649.6541307,-8,8,-23
1739722649.7001307,-11,18,1
1739722649.7461307,16,1,-48
1739722649.7921307,2,17,-42
1739722649.8371308,25,21,-110
1739722649.8831308,-9,-2,-40
1739722649.9291308,-117,63,29
1739722649.9741306,71,-11,-84
1739722650.0201306,20,-29,32
1739722650.0661306,103,0,-86
1739722650.1121306,-54,-52,19
1739722650.1571307,-61,-44,-41
1739722650.2031307,86,-54,-44
1739722650.2491307,6,-15,-52
1739722650.2941308,48,52,44
1739722650.3401306,-29,10,-79
1739722650.3861306,-17,-21,17
1739722650.4321306,70,-80,-98
1739722650.477131,20,6,-124
1739722650.523131,-42,-66,-14
1739722650.569131,72,44,-84
1739722650.6141307,13,-11,-18
1739722650.6601307,-119,13,7
1739722650.7061307,-58,2,-31
1739722650.7521307,18,-16,-52
1739722650.7971306,3,-2,52
1739722650.8431306,30,44,-78
1739722650.8891306,-38,14,23
1739722650.934131,10,-6,42
1739722650.980131,-14,47,-23
1739722651.026131,-101,-26,-31
1739722651.072131,120,30,-88
1739722651.1171308,-47,13,-13
1739722651.1631308,30,12,-124
1739722651.2091308,11,81,17
1739722651.2541306,13,-12,-64
1739722651.3001306,-50,-21,-5
1739722651.3461306,16,-59,-134
1739722651.3921306,-19,29,-39
1739722651.4371307,-27,-13,-53
1739722651.4831307,-24,-83,-114
1739722651.5291307,73,-20,-30
1739722651.5741308,32,65,-134
1739722651.6201308,-61,-89,0
1739722651.6661308,-83,46,-103
1739722651.7121308,-84,-8,-89
1739722651.7571306,-15,52,145
1739722651.8031306,54,47,-1
1739722651.8491306,-50,-7,-57
1739722651.8941307,-35,47,-71
1739722651.9401307,-19,-22,-62
1739722651.9861307,16,36,-56
1739722652.0321307,56,67,-17
1739722652.0771308,25,24,45
1739722652.1231308,102,-64,27
1739722652.1691308,-32,-39,-31
1739722652.2141306,48,-26,-125
1739722652.2601306,111,-38,5
1739722652.3061306,-35,9,28
1739722652.352131,16,-45,-79
1739722652.3971307,-31,8,-103
1739722652.4431307,-51,-9,12
1739722652.4891307,30,-8,-75
1739722652.5341306,-91,25,-66
1739722652.5801306,22,85,-68
1739722652.6261306,-5,44,44
1739722652.6721306,-21,-5,1
1739722652.717131,1,5,6
1739722652.763131,15,-2,35
1739722652.809131,77,1,87
1739722652.8541307,11,-49,25
1739722652.9001307,-63,8,-92
1739722652.9461308,27,17,-87
1739722652.9921308,11,42,-40
1739722653.0371306,-34,-22,-73
1739722653.0831306,47,20,10
1739722653.1291306,-175,52,164
1739722653.174131,62,32,58
1739722653.2201307,-72,2,-64
1739722653.2661307,32,-47,27
1739722653.3121307,-16,10,126
1739722653.3571308,6,25,40
1739722653.4031308,13,54,-10
1739722653.4491308,-71,38,-104
1739722653.4941306,-57,-8,18
1739722653.5401306,-4,-22,5
1739722653.5861306,-16,-73,-109
1739722653.6321306,-30,35,-74
1739722653.6771307,-83,15,-48
1739722653.7231307,49,7,-23
1739722653.7691307,-27,-14,46
1739722653.8141308,38,-87,-111
1739722653.8601308,13,-27,-15
1739722653.9061308,-87,-49,-14
1739722653.9521308,9,11,-85
1739722653.9971306,16,-28,-91
1739722654.0431306,-88,-24,-90
1739722654.0891306,-26,-22,-30
1739722654.1341307,26,-8,19
1739722654.1801307,27,-64,-27
1739722654.2321308,-42,36,-82
1739722654.2771306,26,-60,-57
1739722654.3231306,5,6,-131
1739722654.3691306,-17,-35,9
1739722654.4141307,-7,37,-143
1739722654.4601307,30,12,21
1739722654.5061307,12,-14,0
1739722654.5521307,-12,5,-97
1739722654.5971308,0,4,-83
1739722654.6431308,-13,-49,-29
1739722654.6891308,-46,9,32
1739722654.7341306,46,41,13
1739722654.7801306,-15,53,-12
1739722654.8261306,-19,2,-97
1739722654.8721306,47,-84,43
1739722654.9171307,21,-65,-59
1739722654.9631307,-23,75,-42
1739722655.0091307,40,-41,-41
1739722655.0541308,-7,-21,-35
1739722655.1001308,64,-7,-167
1739722655.1461308,-26,-16,-139
1739722655.1921306,-2,40,-62
1739722655.2371306,67,25,-40
1739722655.2831306,-21,-44,9
1739722655.3291306,18,0,-3
1739722655.3741307,-2,85,-12
1739722655.4201307,-26,40,-44
1739722655.4661307,-54,-46,13
1739722655.5121307,12,-25,43
1739722655.5571306,-26,-45,-43
1739722655.6031306,-72,-80,-83
1739722655.6491306,39,-8,-113
1739722655.694131,-10,1,32
1739722655.740131,4,2,-63
1739722655.786131,16,-24,-161
1739722655.832131,14,29,-56
1739722655.8771307,23,-19,105
1739722655.9231308,-53,21,-120
1739722655.9691308,-42,14,0
1739722656.0141306,8,51,-117
1739722656.0601306,62,9,73
1739722656.1061306,-25,-58,-149
1739722656.1521306,40,26,-65
1739722656.197131,-56,17,-140
1739722656.2431307,-28,-30,-93
1739722656.2891307,21,-42,-127
1739722656.3341308,-26,34,28
1739722656.3801308,0,6,-35
1739722656.4261308,-13,-49,-3
1739722656.4711306,12,54,50
1739722656.5171306,-30,-16,20
1739722656.5631306,24,-1,-1
1739722656.6091306,15,-3,-75
1739722656.6541307,11,-5,-43
1739722656.7001307,34,-63,-89
1739722656.7461307,-7,9,-111
1739722656.7911308,-109,-52,44
1739722656.8371308,20,26,-81
1739722656.8831308,-101,-67,0
1739722656.9291308,-13,12,-66
1739722656.9741306,19,53,-43
1739722657.0201306,-55,24,-78
1739722657.0661306,18,12,-31
1739722657.1111307,1,-8,-149
1739722657.1571307,84,-3,53
1739722657.2031307,-13,0,-109
1739722657.2491307,36,40,-99
1739722657.2941308,-51,-2,-145
1739722657.3401306,-69,-3,105
1739722657.3861306,25,90,-91
1739722657.4311306,7,-30,12
1739722657.477131,-11,-60,9
1739722657.523131,22,-19,-70
1739722657.569131,-68,29,-114
1739722657.6141307,60,41,-87
1739722657.6601307,-25,73,24
1739722657.7061307,94,-68,-55
1739722657.7511306,56,44,-97
1739722657.7971306,85,28,-89
1739722657.8431306,-76,17,-58
1739722657.8891306,-62,-71,14
1739722657.934131,11,42,27
1739722657.980131,-12,18,-63
1739722658.026131,-9,21,-45
1739722658.0711308,29,29,-30
1739722658.1171308,-46,33,-113
1739722658.1631308,-3,-4,29
1739722658.2091308,35,-79,-34
1739722658.2541306,-11,17,-61
1739722658.3001306,-12,22,-87
1739722658.3461306,-25,11,-81
1739722658.3911307,38,41,-82
1739722658.4371307,0,0,-52
1739722658.4831307,6,-45,24
1739722658.5291307,-16,-16,-85
1739722658.5741308,-68,-1,-21
1739722658.6201308,71,-69,-174
1739722658.6661308,-15,53,-75
1739722658.7111306,-8,38,-83
1739722658.7571306,-10,68,-95
1739722658.8031306,-83,-43,-47
1739722658.8491306,74,-15,-80
1739722658.8941307,16,28,-64
1739722658.9401307,-70,-48,-21
1739722658.9861307,35,-57,-52
1739722659.0311308,10,41,-112
1739722659.0771308,0,-51,38
1739722659.1231308,48,16,-116
1739722659.1691308,-11,-55,-136
1739722659.2141306,-49,3,-152
1739722659.2601306,-23,-35,-56
1739722659.3061306,136,73,-116
1739722659.3511307,94,3,-7
1739722659.3971307,26,5,53
1739722659.4431307,-38,1,-64
1739722659.4891307,22,-54,-1
1739722659.5341306,52,-26,-17
1739722659.5801306,60,10,-59
1739722659.6261306,-102,-7,-104
1739722659.671131,5,25,-115
1739722659.717131,-77,83,64
1739722659.763131,-3,-56,133
1739722659.809131,34,-41,-67
1739722659.8541307,-94,14,-73
1739722659.9001307,38,-11,-82
1739722659.9461308,40,40,0
1739722659.9911306,38,26,-128
1739722660.0371306,-47,73,-93
1739722660.0831306,38,70,17
1739722660.1291306,-16,10,-108
1739722660.174131,-76,79,-67
1739722660.2201307,12,-8,-4
1739722660.2661307,-3,15,-69
1739722660.3111308,-46,-87,-24
1739722660.3571308,-12,-76,-34
1739722660.4031308,15,-34,-24
1739722660.4491308,8,0,-132
1739722660.4941306,-10,-4,-136
1739722660.5401306,30,14,-34
1739722660.5861306,-64,-12,-131
1739722660.6311307,40,-9,-110
1739722660.6771307,44,77,-58
1739722660.7231307,0,18,3
1739722660.7691307,11,69,-83
1739722660.8141308,49,-47,-36
1739722660.8601308,-13,-13,23
1739722660.9061308,66,0,12
1739722660.9511306,-61,-4,61
1739722660.9971306,76,18,-110
1739722661.0431306,42,52,38
1739722661.0891306,23,7,-122
1739722661.1341307,15,0,-70
1739722661.1801307,-85,44,-47
1739722661.2261307,6,70,-43
1739722661.2711308,25,55,-45
1739722661.3171306,10,-6,-92
1739722661.3631306,-40,75,-81
1739722661.4091306,45,-84,-72
1739722661.4541306,90,-18,2
1739722661.500131,-9,23,-29
1739722661.546131,-15,29,-59
1739722661.5911307,-48,8,0
1739722661.6371307,-32,-2,-41
1739722661.6831307,22,-38,-112
1739722661.7291307,0,-13,58
1739722661.7741306,-54,93,-17
1739722661.8201306,-47,-2,-65
1739722661.8661306,-45,-63,-20
1739722661.911131,17,44,-76
1739722661.957131,-22,33,9
1739722662.003131,-34,-4,13
1739722662.049131,-16,-23,-65
1739722662.0941308,67,14,60
1739722662.1401308,25,107,-66
1739722662.1851306,12,83,-90
1739722662.230131,48,13,-62
1739722662.276131,-71,-18,25
1739722662.322131,31,3,-54
1739722662.3671308,-18,69,-50
1739722662.4131308,12,-25,18
1739722662.4591308,22,-26,-84
1739722662.5051308,43,-5,14
1739722662.5501306,24,111,-114
1739722662.5961306,-14,-28,-35
1739722662.6421306,-50,-55,-131
1739722662.6871307,41,56,56
1739722662.7331307,3,-37,-35
1739722662.7791307,11,-6,71
1739722662.8251307,10,28,16
1739722662.8701308,43,72,-18
1739722662.9161308,26,32,-200
1739722662.9621308,-21,-9,-81
1739722663.0071306,-36,12,105
1739722663.0531306,91,3,-66
1739722663.0991306,15,55,-130
1739722663.1451306,8,-9,-58
1739722663.1901307,30,53,-24
1739722663.2361307,-54,11,-53
1739722663.2821307,35,46,43
1739722663.3271308,81,-58,-102
1739722663.3731308,-38,-9,-35
1739722663.4191308,36,-31,64
1739722663.4651306,-41,63,35
1739722663.5101306,-19,38,-69
1739722663.5561306,14,6,-114
1739722663.602131,-2,9,-87
1739722663.6471307,-14,-19,-8
1739722663.6931307,71,-49,-50
1739722663.7391307,-54,15,-87
1739722663.7851307,-20,26,-93
1739722663.8301306,-27,-5,-61
1739722663.8761306,0,-11,-132
1739722663.9221306,13,-12,-85
1739722663.967131,-26,-47,-70
1739722664.013131,8,16,-51
1739722664.059131,22,-7,4
1739722664.105131,-40,8,-131
1739722664.1501307,95,17,-96
1739722664.1961308,-78,63,19
1739722664.2471306,43,-12,-120
1739722664.2931306,-24,-12,-43
1739722664.3391306,49,9,44
1739722664.3851306,12,46,65
1739722664.4301307,41,48,56
1739722664.4761307,59,-31,-116
1739722664.5221307,-25,-53,39
1739722664.5671306,-2,-9,23
1739722664.6131306,-83,6,-2
1739722664.6591306,-28,3,-128
1739722664.7051306,-44,-54,-22
1739722664.750131,44,29,-56
1739722664.796131,3,34,-144
1739722664.842131,33,5,-106
1739722664.8871307,27,-10,12
1739722664.9331307,-26,-12,61
1739722664.9791307,-38,64,-3
1739722665.0241306,16,45,-10
1739722665.0701306,-44,11,-19
1739722665.1161306,25,-46,-161
1739722665.1621306,51,24,-20
1739722665.207131,-70,24,-150
1739722665.253131,-1,-7,-49
1739722665.299131,17,6,71
1739722665.3451307,7,133,14
1739722665.3901308,22,41,22
1739722665.4361308,-19,-33,-39
1739722665.4821308,6,29,-158
1739722665.5271306,-14,-88,45
1739722665.5731306,-24,-42,9
1739722665.6191306,-50,26,-61
1739722665.6651306,-31,58,-134
1739722665.7101307,16,32,118
1739722665.7561307,26,11,-72
1739722665.8021307,6,-11,1
1739722665.8471308,-133,51,-81
1739722665.8931308,18,-33,-47
1739722665.9391308,46,-22,-48
1739722665.9851308,-14,53,-22
1739722666.0301306,-75,58,27
1739722666.0761306,-21,-3,-58
1739722666.1221306,30,-19,-15
1739722666.1671307,4,61,-79
1739722666.2131307,54,-55,-35
1739722666.2591307,-100,-33,-104
1739722666.3051307,11,-29,-33
1739722666.3501308,25,98,19
1739722666.3961308,-31,29,-157
1739722666.4421306,-68,21,-32
1739722666.4871306,11,-8,116
1739722666.5331306,-69,-40,40
1739722666.5791306,-4,-20,-97
1739722666.6241307,-66,15,-153
1739722666.6701307,-58,13,-70
1739722666.7161307,133,50,-57
1739722666.7621307,-34,69,-133
1739722666.8071306,74,77,5
1739722666.8531306,-54,42,-123
1739722666.8991306,62,-2,-61
1739722666.944131,54,12,-51
1739722666.9911306,-86,10,-18
1739722667.0371306,11,42,86
1739722667.0831306,-32,54,-42
1739722667.128131,3,-14,-9
1739722667.174131,-44,3,-2
1739722667.2201307,58,43,7
1739722667.2661307,-45,9,-103
1739722667.3111308,-64,-45,-84
1739722667.3571308,-57,107,-172
1739722667.4031308,28,-79,-7
1739722667.4481306,-65,-10,-4
1739722667.4941306,72,-3,-9
1739722667.5401306,38,-28,-25
1739722667.5861306,-10,-23,-137
1739722667.6311307,-64,-1,26
1739722667.6771307,49,-70,-71
1739722667.7231307,13,23,-95
1739722667.7681308,29,37,-69
1739722667.8141308,26,-12,-7
1739722667.8601308,21,29,35
1739722667.9061308,-32,60,-6
1739722667.9511306,-68,-7,-36
1739722667.9971306,-21,57,38
1739722668.0431306,35,27,27
1739722668.0881307,-38,-2,-16
1739722668.1341307,13,-30,-77
1739722668.1801307,51,1,-31
1739722668.2261307,-41,14,4
1739722668.2711308,-12,45,-26
1739722668.3171306,-5,91,-51
1739722668.3631306,37,-10,-29
1739722668.4081306,78,-6,39
1739722668.4541306,-49,62,34
1739722668.500131,23,81,-185
1739722668.546131,-43,-8,-146
1739722668.5911307,57,16,-31
1739722668.6371307,26,-42,-29
1739722668.6831307,35,12,-3
1739722668.7281306,-18,-38,56
1739722668.7741306,-60,75,-62
1739722668.8201306,20,-18,-37
1739722668.8661306,4,-26,22
1739722668.911131,30,-72,-19
1739722668.957131,33,-48,-55
1739722669.003131,0,105,-59
1739722669.0481308,-15,-9,50
1739722669.0941308,38,61,-147
1739722669.1401308,21,-17,-187
1739722669.1861308,5,-97,-126
1739722669.2311306,-42,-12,24
1739722669.2771306,10,-39,-13
1739722669.3231306,2,17,-41
1739722669.3681307,42,58,-205
1739722669.4141307,-24,8,-109
1739722669.4601307,5,-81,4
1739722669.5061307,-22,10,-69
1739722669.5511308,-2,42,-67
1739722669.5971308,-10,-14,26
1739722669.6431308,2,-30,-23
1739722669.6881306,-40,-2,-159
1739722669.7341306,56,36,-83
1739722669.7801306,8,-48,46
1739722669.8261306,116,-3,-1
1739722669.8711307,46,-22,-75
1739722669.9171307,-4,28,-105
1739722669.9631307,-58,57,-18
1739722670.0081308,-4,59,-25
1739722670.0541308,2,32,64
1739722670.1001308,19,5,17
1739722670.1461308,-21,-32,-59
1739722670.1911306,13,64,-35
1739722670.2371306,24,38,-97
1739722670.2831306,55,55,-21
1739722670.3281307,20,31,-39
1739722670.3741307,-12,24,-29
1739722670.4201307,31,-32,-203
1739722670.4661307,20,-10,-135
1739722670.5111306,-21,-18,-165
1739722670.5571306,41,27,29
1739722670.6031306,14,33,-85
1739722670.648131,4,-45,-47
1739722670.694131,38,20,-5
1739722670.740131,-33,77,-8
1739722670.786131,45,0,-63
1739722670.8311307,-60,26,-101
1739722670.8771307,-23,-38,-79
1739722670.9231308,-84,43,-47
1739722670.9681306,0,-61,-9
1739722671.0141306,48,-5,64
1739722671.0601306,2,15,-19
1739722671.1061306,70,0,-139
1739722671.151131,3,59,-59
1739722671.197131,100,-27,46
1739722671.2431307,-41,-35,-83
1739722671.2881308,57,-46,-21
1739722671.3341308,13,-50,19
1739722671.3801308,-68,-13,-9
1739722671.4261308,7,-46,-4
1739722671.4711306,-69,-75,-83
1739722671.5171306,50,-13,-85
1739722671.5631306,28,-16,39
1739722671.6081307,-62,-34,-58
1739722671.6541307,-43,-33,104
1739722671.7001307,31,15,-126
1739722671.7461307,0,-50,42
1739722671.7911308,10,-13,-74
1739722671.8371308,25,0,-45
1739722671.8831308,73,11,-3
1739722671.9281306,-53,-18,-164
1739722671.9741306,31,-50,26
1739722672.0201306,17,50,-81
1739722672.0661306,9,18,35
1739722672.1111307,-6,12,-40
1739722672.1571307,-17,17,55
1739722672.2031307,30,4,-186
1739722672.2481308,15,12,41
1739722672.2941308,-7,20,-104
1739722672.3401306,10,-37,41
1739722672.3861306,45,43,14
1739722672.4311306,23,62,-70
1739722672.477131,70,59,28
1739722672.523131,-80,22,-129
1739722672.5681307,-25,69,-14
1739722672.6141307,30,4,-61
1739722672.6601307,49,60,-73
1739722672.7061307,-25,46,8
1739722672.7511306,-9,8,38
1739722672.7971306,-3,13,-46
1739722672.8431306,-25,-89,9
1739722672.888131,-30,60,-14
1739722672.934131,-20,-18,-43
1739722672.980131,0,-15,-59
1739722673.026131,-74,103,-38
1739722673.0711308,-24,5,-9
1739722673.1171308,24,-82,-63
1739722673.1631308,-53,14,126
1739722673.2081306,32,49,64
1739722673.2541306,-37,-26,20
1739722673.3001306,39,-6,-125
1739722673.3461306,11,69,182
1739722673.3911307,25,-14,-155
1739722673.4371307,-28,-38,-63
1739722673.4831307,76,45,47
1739722673.5281308,40,71,-65
1739722673.5741308,27,-21,-127
1739722673.6201308,4,48,18
1739722673.6661308,-31,1,-105
1739722673.7111306,51,-1,25
1739722673.7571306,10,-30,-13
1739722673.8031306,27,-74,47
1739722673.8481307,42,85,-4
1739722673.8941307,78,-15,-93
1739722673.9401307,68,-23,-25
1739722673.9861307,10,7,-103
1739722674.0311308,-48,-14,-20
1739722674.0771308,-3,7,-89
1739722674.1231308,26,-7,-16
1739722674.1681306,-23,-29,-21
1739722674.2141306,-8,-4,-23
1739722674.2661307,-32,86,-39
1739722674.3111308,87,-15,-57
1739722674.3571308,77,26,-105
1739722674.4031308,20,27,-67
1739722674.4481306,-4,30,-55
1739722674.4941306,14,-51,-162
1739722674.5401306,33,-44,4
1739722674.5861306,-54,60,-79
1739722674.6311307,26,-8,2
1739722674.6771307,22,-77,-96
1739722674.7231307,83,15,-90
1739722674.7681308,-49,41,-57
1739722674.8141308,45,-1,-128
1739722674.8601308,24,-46,38
1739722674.9061308,-24,-9,-61
1739722674.9511306,9,-19,0
1739722674.9971306,-32,-61,-122
1739722675.0431306,31,-67,-2
1739722675.0881307,33,75,9
1739722675.1341307,8,41,-108
1739722675.1801307,-40,29,39
1739722675.2261307,-7,6,-15
1739722675.2711308,-3,42,-71
1739722675.3171306,75,2,-76
1739722675.3631306,73,41,44
1739722675.4081306,2,0,-80
1739722675.4541306,-40,16,-103
1739722675.500131,3,-61,12
1739722675.546131,41,39,55
1739722675.5911307,-39,-78,0
1739722675.6371307,12,-6,-48
1739722675.6831307,3,54,35
1739722675.7281306,22,12,-34
1739722675.7741306,-21,0,-79
1739722675.8201306,-20,-18,-172
1739722675.8661306,-1,4,-112
1739722675.911131,72,75,-67
1739722675.957131,25,-51,-94
1739722676.003131,28,-10,-12
1739722676.0481308,27,-21,10
1739722676.0941308,-9,21,-39
1739722676.1401308,1,5,-46
1739722676.1861308,40,-34,-66
1739722676.2311306,96,-10,-84
1739722676.2771306,51,-17,62
1739722676.3231306,28,-38,-40
1739722676.3681307,19,19,18
1739722676.4141307,-9,-16,-12
1739722676.4601307,-1,-29,-36
1739722676.5061307,-36,57,15
1739722676.5511308,-27,-64,-118
1739722676.5971308,57,0,22
1739722676.6431308,-73,26,-59
1739722676.6881306,45,33,0
1739722676.7341306,13,-8,-126
1739722676.7801306,-72,-37,97
1739722676.8251307,9,32,-104
1739722676.8711307,-51,-34,0
1739722676.9171307,9,24,-82
1739722676.9631307,-2,50,33
1739722677.0081308,38,14,-4
1739722677.0541308,-24,-44,-96
1739722677.1001308,-25,-74,-8
1739722677.1451306,-4,-51,-108
1739722677.1911306,61,47,16
1739722677.2371306,46,-32,30
1739722677.2831306,33,86,-30
1739722677.3281307,14,-25,-42
1739722677.3741307,5,42,-180
1739722677.4201307,56,29,-54
1739722677.4651306,-22,2,-79
1739722677.5111306,27,-16,-2
1739722677.5571306,45,-6,24
1739722677.6031306,16,3,4
1739722677.648131,0,16,-13
1739722677.694131,54,20,-52
1739722677.740131,64,-39,-80
1739722677.7851307,-10,80,103
1739722677.8311307,-53,25,-79
1739722677.8771307,69,-35,-124
1739722677.9231308,-27,-39,-43
1739722677.9681306,9,102,19
1739722678.0141306,-25,-15,-105
1739722678.0601306,-16,22,-59
1739722678.105131,25,4,-156
1739722678.1501307,-47,4,85
1739722678.1961308,45,52,-100
1739722678.2411306,-52,-20,15
1739722678.2871306,11,-13,-94
1739722678.3331306,0,0,-22
1739722678.3791306,21,-26,-78
1739722678.424131,5,0,26
1739722678.4701307,57,16,98
1739722678.5161307,24,-36,56
1739722678.5611308,28,85,-28
1739722678.6071308,-115,69,-3
1739722678.6531308,0,0,-172
1739722678.6991308,-8,-41,-49
1739722678.7441306,9,22,112
1739722678.7901306,35,-3,122
1739722678.8361306,-9,-25,-108
1739722678.8811307,-29,5,67
1739722678.9271307,-73,34,-63
1739722678.9731307,-10,50,-17
1739722679.0191307,38,12,28
1739722679.0641308,-33,-14,-99
1739722679.1101308,-74,-69,-64
1739722679.1561308,13,-44,-84
1739722679.2011306,41,-12,-46
1739722679.2471306,19,5,-138
1739722679.2931306,-4,13,-71
1739722679.3391306,17,-51,-32
1739722679.3841307,51,16,108
1739722679.4301307,-12,47,47
1739722679.4761307,-75,-42,-11
1739722679.5211308,-7,-5,-17
1739722679.5671306,21,-40,-65
1739722679.6131306,14,-11,47
1739722679.6591306,-30,-11,-41
1739722679.7041306,-12,7,143
1739722679.750131,-64,-24,-79
1739722679.796131,-57,30,-49
1739722679.8411307,75,6,-90
1739722679.8871307,86,-7,-90
1739722679.9331307,-1,-19,6
1739722679.9791307,15,-61,-62
1739722680.0241306,15,62,18
1739722680.0701306,17,7,-24
1739722680.1161306,7,-30,27
1739722680.161131,18,17,-34
1739722680.207131,24,3,10
1739722680.253131,-88,-63,-41
1739722680.299131,46,5,-2
1739722680.3441308,-60,22,-49
1739722680.3901308,-53,45,-138
1739722680.4361308,-28,-26,-63
1739722680.4811306,-18,38,-17
1739722680.5271306,-5,-13,15
1739722680.5731306,-77,27,41
1739722680.6191306,18,42,-6
1739722680.6641307,67,14,46
1739722680.7101307,71,-24,18
1739722680.7561307,20,73,43
1739722680.8011308,-87,42,-69
1739722680.8471308,23,45,-64
1739722680.8931308,-31,-77,43
1739722680.9391308,52,-40,51
1739722680.9841306,-43,6,-90
1739722681.0301306,58,-23,-90
1739722681.0761306,47,69,-14
1739722681.1211307,-23,20,37
1739722681.1671307,-21,43,37
1739722681.2131307,-68,-68,-157
1739722681.2591307,-2,-73,-110
1739722681.3041308,-77,-26,66
1739722681.3501308,23,-90,-37
1739722681.3961308,-39,-24,5
1739722681.4411306,28,63,-202
1739722681.4871306,-8,-16,-78
1739722681.5331306,-13,33,-34
1739722681.5791306,-10,-49,-8
1739722681.6241307,6,-2,-46
1739722681.6701307,-40,50,-38
1739722681.7161307,57,17,-23
1739722681.7611306,9,24,84
1739722681.8071306,60,20,-73
1739722681.8531306,52,0,-177
1739722681.8991306,1,5,-33
1739722681.944131,-9,-12,-23
1739722681.990131,-21,-34,-53
1739722682.036131,-7,12,-71
1739722682.0811307,41,-24,-103
1739722682.1271307,99,-4,-125
1739722682.1731308,-70,14,-22
1739722682.2191308,13,85,-13
1739722682.2641306,13,-54,-35
1739722682.3101306,-24,91,20
1739722682.3561306,74,4,-63
1739722682.401131,-29,12,74
1739722682.447131,44,35,24
1739722682.4931307,-3,19,-24
1739722682.5391307,14,-42,-21
1739722682.5841308,8,-123,-109
1739722682.6301308,12,-18,86
1739722682.6761308,0,-5,42
1739722682.7211306,42,91,-51
1739722682.7671306,-16,-6,86
1739722682.8131306,-7,-9,0
1739722682.8591306,-20,73,38
1739722682.9041307,5,73,-139
1739722682.9501307,-48,-49,56
1739722682.9961307,0,20,12
1739722683.0411308,17,-10,-17
1739722683.0871308,-32,13,-105
1739722683.1331308,-20,65,78
1739722683.1791308,-32,0,-91
1739722683.2241306,-23,-58,-19
1739722683.2701306,-35,47,-72
1739722683.3161306,-12,-12,-35
1739722683.3611307,-5,80,-60
1739722683.4071307,-49,-18,-10
1739722683.4531307,-17,67,-82
1739722683.4991307,4,-29,-57
1739722683.5441308,49,0,-75
1739722683.5901306,-40,50,-136
1739722683.6361306,-41,23,96
1739722683.6811306,62,-10,-77
1739722683.727131,23,-46,-27
1739722683.773131,-40,10,-66
1739722683.819131,39,32,-22
1739722683.8641307,-24,-35,9
1739722683.9101307,58,-1,-124
1739722683.9561307,3,-20,-121
1739722684.0011306,87,11,-47
1739722684.0471306,34,-33,-8
1739722684.0931306,66,10,32
1739722684.1391306,-8,0,-64
1739722684.184131,32,-20,-154
1739722684.230131,-9,71,-78
1739722684.2811308,-34,-56,21
1739722684.3271308,-15,-15,-52
1739722684.3731308,28,50,-10
1739722684.4191308,0,-48,39
1739722684.4641306,1,-3,-13
1739722684.5091307,71,-43,-51
1739722684.5551307,-40,-29,0
1739722684.6001308,-13,-49,-71
1739722684.6461308,105,29,-69
1739722684.6921306,11,67,9
1739722684.7371306,0,-2,-9
1739722684.7831306,86,19,-56
1739722684.8291306,51,14,-84
1739722684.875131,-25,-43,9
1739722684.9201307,-24,-54,-5
1739722684.9661307,-24,-79,-42
1739722685.0121307,29,39,-1
1739722685.0571306,-24,-4,11
1739722685.1031306,-16,3,41
1739722685.1491306,69,-71,12
1739722685.1951306,-28,-20,113
1739722685.240131,114,-55,-18
1739722685.286131,93,28,18
1739722685.332131,11,-56,-108
1739722685.3771307,57,-45,-102
1739722685.4231308,20,-46,-50
1739722685.4691308,-69,21,-23
1739722685.5151308,36,-31,12
1739722685.5601306,16,-13,-32
1739722685.6061306,-39,19,-125
1739722685.6521306,-11,-47,-30
1739722685.697131,-41,17,-93
1739722685.7431307,12,64,-81
1739722685.7891307,-37,-36,-56
1739722685.8351307,10,50,37
1739722685.8801308,14,64,-11
1739722685.9261308,-36,-7,-134
1739722685.9721308,-95,-57,-115
1739722686.0171306,-10,17,-37
1739722686.0631306,-8,56,51
1739722686.1091306,23,140,9
1739722686.1551306,-2,-14,0
1739722686.2001307,9,-24,20
1739722686.2461307,-42,-8,55
1739722686.2921307,-26,-33,-2
1739722686.3371308,-27,55,-113
1739722686.3831308,12,-6,-52
1739722686.4291308,-4,-22,0
1739722686.4751308,-89,-36,-41
1739722686.5201306,-59,36,43
1739722686.5661306,17,47,-45
1739722686.6121306,-31,-6,-108
1739722686.6571307,-3,38,-125
1739722686.7031307,80,-47,-142
1739722686.7491307,13,-48,-76
1739722686.7941308,-37,33,-21
1739722686.8401306,-17,1,-33
1739722686.8861306,-12,11,-116
1739722686.9321306,-19,23,-71
1739722686.977131,65,-11,-46
1739722687.023131,0,37,-190
1739722687.069131,-3,1,-23
1739722687.1141307,-33,8,-7
1739722687.1601307,-6,-11,-96
1739722687.2061307,-40,-16,-15
1739722687.2521307,42,19,-48
1739722687.2971306,110,-19,-52
1739722687.3431306,12,-22,-10
1739722687.3891306,-74,3,-73
1739722687.434131,0,-31,106
1739722687.480131,0,-4,-92
1739722687.526131,-22,-4,-71
1739722687.572131,-7,-34,-36
1739722687.6171308,0,40,-77
1739722687.6631308,25,55,-136
1739722687.7091308,30,21,18
1739722687.7541306,99,6,24
1739722687.8001306,19,1,-20
1739722687.8461306,-27,-45,-14
1739722687.8921306,-18,-25,-104
1739722687.9371307,52,10,-82
1739722687.9831307,-84,124,3
1739722688.0291307,-29,70,-53
1739722688.0741308,-11,-50,-90
1739722688.1201308,-15,75,-19
1739722688.1661308,-57,-52,-49
1739722688.2121308,32,74,-83
1739722688.2571306,-23,31,-29
1739722688.3031306,-7,-21,-6
1739722688.3491306,64,46,73
1739722688.3941307,26,-3,6
1739722688.4401307,-17,44,11
1739722688.4861307,-34,-14,-103
1739722688.5321307,72,52,10
1739722688.5771308,46,-20,-144
1739722688.6231308,8,-37,162
1739722688.6691308,48,16,18
1739722688.7141306,28,-2,26
1739722688.7601306,51,-8,-30
1739722688.8061306,21,-64,-172
1739722688.852131,-21,0,0
1739722688.8971307,39,-9,-118
1739722688.9431307,54,-9,-94
1739722688.9891307,-30,23,13
1739722689.0341306,21,-76,-38
1739722689.0801306,-91,-10,-101
1739722689.1261306,102,-32,-146
1739722689.1721306,-8,-9,83
1739722689.217131,-53,-28,-21
1739722689.263131,-64,89,-87
1739722689.309131,-64,-23,-73
1739722689.3541307,-11,-5,-25
1739722689.4001307,-51,-13,25
1739722689.4461308,37,35,-16
1739722689.4921308,23,-86,4
1739722689.5371306,31,-26,34
1739722689.5831306,-27,49,35
1739722689.6291306,19,38,-80
1739722689.674131,-2,13,-92
1739722689.7201307,6,85,19
1739722689.7661307,-1,25,-14
1739722689.8121307,36,16,4
1739722689.8571308,11,21,-92
1739722689.9031308,-58,-38,-53
1739722689.9491308,-19,-74,-147
1739722689.9941306,26,17,22
1739722690.0401306,75,31,-114
1739722690.0861306,47,3,-50
1739722690.1321306,6,-1,41
1739722690.1771307,24,26,128
1739722690.2231307,-26,69,-84
1739722690.2691307,92,-6,-40
1739722690.3141308,1,-13,-180
1739722690.3601308,-1,-15,-100
1739722690.4061308,26,32,-106
1739722690.4521308,35,-64,-55
1739722690.4971306,-25,0,-47
1739722690.5431306,90,10,-88
1739722690.5891306,-102,57,83
1739722690.6341307,73,60,8
1739722690.6801307,-13,2,-19
1739722690.7261307,0,-13,-1
1739722690.7721307,88,17,0
1739722690.8171306,-26,7,33
1739722690.8631306,16,-18,-164
1739722690.9091306,42,-23,-8
1739722690.9541306,35,11,40
1739722691.000131,29,-9,-138
1739722691.046131,38,-15,-10
1739722691.092131,-3,-6,-46
1739722691.1371307,-17,33,-60
1739722691.1831307,-62,0,9
1739722691.2291307,-33,52,-72
1739722691.2741306,0,41,-78
1739722691.3201306,21,-40,-60
1739722691.3661306,135,6,-22
1739722691.4121306,34,-35,-30
1739722691.457131,7,10,-80
1739722691.503131,-9,-12,-115
1739722691.549131,-11,-12,-19
1739722691.5941308,-54,21,-47
1739722691.6401308,-45,60,-66
1739722691.6861308,43,35,-130
1739722691.7321308,70,-12,-62
1739722691.7771306,-38,-17,-133
1739722691.8231306,20,-50,25
1739722691.8691306,18,3,0
1739722691.9141307,95,2,-26
1739722691.9601307,10,44,-130
1739722692.0061307,37,-10,-36
1739722692.0521307,25,94,10
1739722692.0971308,-70,-68,-3
1739722692.1431308,-16,-31,-57
1739722692.1891308,-4,-59,143
1739722692.2341306,-14,76,-38
1739722692.2801306,11,-39,-39
1739722692.3261306,33,-16,-22
1739722692.3721306,-4,-118,-89
1739722692.4171307,-63,-56,-61
1739722692.4631307,-11,42,6
1739722692.5091307,-39,-21,-63
1739722692.5541308,-6,5,-62
1739722692.6001308,18,3,-46
1739722692.6461308,16,3,-146
1739722692.6921306,-88,-3,-139
1739722692.7371306,42,46,-86
1739722692.7831306,-58,22,33
1739722692.8291306,-116,-83,-159
1739722692.8741307,2,-1,39
1739722692.9201307,21,-85,-21
1739722692.9661307,33,42,-196
1739722693.0121307,-38,-34,27
1739722693.0571306,20,-27,-24
1739722693.1031306,92,-28,0
1739722693.1491306,-28,63,20
1739722693.194131,-7,-5,-19
1739722693.240131,-31,50,-22
1739722693.286131,122,-49,-14
1739722693.332131,24,3,40
1739722693.3771307,49,-13,-68
1739722693.4231308,1,-74,-46
1739722693.4691308,9,55,10
1739722693.5141306,55,15,-38
1739722693.5601306,-43,37,-22
1739722693.6061306,4,29,-56
1739722693.6521306,-23,27,-49
1739722693.697131,27,-17,-12
1739722693.7431307,64,35,-50
1739722693.7891307,37,104,-58
1739722693.8341308,-32,3,-83
1739722693.8801308,19,-14,-112
1739722693.9261308,-75,-34,-21
1739722693.9721308,20,56,-14
1739722694.0171306,-5,40,-50
1739722694.0631306,42,-23,12
1739722694.1091306,-50,12,-23
1739722694.1541307,35,-10,50
1739722694.2001307,3,44,-128
1739722694.2461307,33,26,-12
1739722694.2971306,61,8,0
1739722694.3431306,-20,-14,5
1739722694.3891306,6,19,-54
1739722694.434131,-33,36,-1
1739722694.480131,26,1,-40
1739722694.526131,-6,-9,-55
1739722694.572131,-66,-45,-71
1739722694.6171308,-42,32,-9
1739722694.6631308,52,-17,-112
1739722694.7091308,-4,-1,57
1739722694.7541306,33,-55,-143
1739722694.8001306,87,-31,-109
1739722694.8461306,1,-34,32
1739722694.8921306,6,31,-107
1739722694.9371307,-8,-31,-117
1739722694.9831307,-7,22,12
1739722695.0291307,19,25,-99
1739722695.0741308,-77,-23,-72
1739722695.1201308,-18,71,10
1739722695.1661308,-70,5,-52
1739722695.2121308,-15,62,52
1739722695.2571306,-10,2,-31
1739722695.3031306,38,-48,-55
1739722695.3491306,-44,16,-94
1739722695.3941307,37,74,-77
1739722695.4401307,21,-64,-125
1739722695.4861307,-31,-50,-53
1739722695.5321307,56,46,-33
1739722695.5771308,15,2,-13
1739722695.6231308,14,39,-107
1739722695.6691308,-65,-70,-13
1739722695.7141306,7,28,-28
1739722695.7601306,-25,46,-26
1739722695.8061306,48,79,-50
1739722695.852131,36,-1,-195
1739722695.8971307,-24,50,84
1739722695.9431307,15,33,-95
1739722695.9891307,36,12,-71
1739722696.0341306,-43,42,-20
1739722696.0801306,-32,44,-72
1739722696.1261306,-13,-1,-107
1739722696.1721306,8,72,6
1739722696.217131,21,41,14
1739722696.263131,78,22,87
1739722696.309131,33,-28,-83
1739722696.3541307,37,22,-3
1739722696.4001307,14,-46,-65
1739722696.4461308,7,-30,56
1739722696.4911306,-16,-62,20
1739722696.5371306,-24,54,-78
1739722696.5831306,-25,52,-151
1739722696.6291306,-31,23,-20
1739722696.674131,0,-50,-129
1739722696.7201307,41,-3,-3
1739722696.7661307,27,-45,85
1739722696.8111308,33,21,13
1739722696.8571308,-60,-5,-74
1739722696.9031308,60,-36,-69
1739722696.9491308,99,-6,-1
1739722696.9941306,-12,9,22
1739722697.0401306,-58,38,-22
1739722697.0861306,-12,26,42
1739722697.1311307,-29,-11,18
1739722697.1771307,24,-24,-41
1739722697.2231307,-8,25,-18
1739722697.2691307,-55,-2,46
1739722697.3141308,54,49,40
1739722697.3601308,-84,-15,-161
1739722697.4061308,51,-39,0
1739722697.4511306,-26,7,-10
1739722697.4971306,25,3,3
1739722697.5431306,-43,18,-109
1739722697.5891306,-1,29,-44
1739722697.6341307,19,34,22
1739722697.6801307,29,-21,45
1739722697.7261307,33,-68,-99
1739722697.7711308,119,35,9
1739722697.8171306,29,62,36
1739722697.8631306,3,-39,-17
1739722697.9091306,-11,0,12
1739722697.9541306,46,-28,-117
1739722698.000131,-28,-3,-50
1739722698.046131,67,-33,85
1739722698.0911307,-13,84,8
1739722698.1371307,-50,-45,-38
1739722698.1831307,16,-55,13
1739722698.2291307,-15,16,-2
1739722698.2741306,20,29,-183
1739722698.3201306,6,0,-75
1739722698.3661306,-41,42,-56
1739722698.411131,-19,67,49
1739722698.457131,-9,21,-53
1739722698.503131,-24,5,57
1739722698.549131,0,-1,-102
1739722698.5941308,-47,7,-63
1739722698.6401308,-2,19,33
1739722698.6861308,-28,-5,-7
1739722698.7311306,-14,28,-55
1739722698.7771306,31,-9,-118
1739722698.8231306,-11,-35,-52
1739722698.8691306,5,29,-80
1739722698.9141307,-61,-21,-91
1739722698.9601307,-60,13,9
1739722699.0061307,0,27,-62
1739722699.0511308,16,-18,-92
1739722699.0971308,1,-44,-22
1739722699.1431308,8,-5,-110
1739722699.1891308,-24,-23,-52
1739722699.2341306,-67,-67,-29
1739722699.2801306,-35,26,-43
1739722699.3261306,-30,14,-29
1739722699.3711307,25,-49,62
1739722699.4171307,-28,-3,-62
1739722699.4631307,1,47,63
1739722699.5091307,56,-66,14
1739722699.5541308,91,-42,-132
1739722699.6001308,34,-9,-62
1739722699.6461308,-12,-51,-196
1739722699.6911306,-5,13,17
1739722699.7371306,40,57,6
1739722699.7831306,-47,-27,-45
1739722699.8291306,-26,-14,3
1739722699.8741307,0,37,-38
1739722699.9201307,-21,26,-70
1739722699.9661307,-25,-25,-95
1739722700.0111306,-15,22,54
1739722700.0571306,-42,-1,-70
1739722700.1031306,-10,-31,-18
1739722700.1491306,-82,35,-38
1739722700.194131,-26,-25,-139
1739722700.240131,22,26,1
1739722700.286131,8,-17,-161
1739722700.3311307,53,-48,-61
1739722700.3771307,17,57,-1
1739722700.4231308,9,69,-17
1739722700.4691308,-6,-13,57
1739722700.5141306,0,28,-71
1739722700.5601306,80,27,0
1739722700.6061306,-4,-16,23
1739722700.651131,-52,-52,-161
1739722700.697131,41,-20,-25
1739722700.7431307,20,-31,-47
1739722700.7891307,22,-48,37
1739722700.8341308,59,-1,61
1739722700.8801308,63,-41,-57
1739722700.9261308,10,7,-79
1739722700.9711306,20,79,70
1739722701.0171306,-37,-71,3
1739722701.0631306,66,-35,91
1739722701.1091306,-40,-85,3
1739722701.1541307,18,-22,-4
1739722701.2001307,-6,39,71
1739722701.2461307,-95,-43,-9
1739722701.2911308,36,-1,0
1739722701.3371308,-18,-33,-130
1739722701.3831308,-98,29,35
1739722701.4291308,-6,12,-58
1739722701.4741306,-20,-32,-20
1739722701.5201306,-16,41,-53
1739722701.5661306,81,-120,-110
1739722701.6111307,41,44,67
1739722701.6571307,-62,-35,-64
1739722701.7031307,-14,-48,-52
1739722701.7491307,-29,18,125
1739722701.7941308,-50,-45,-34
1739722701.8401306,7,-34,-24
1739722701.8861306,99,-14,-46
1739722701.9311306,70,28,-47
1739722701.977131,-37,-3,-76
1739722702.023131,-20,-2,-128
1739722702.069131,105,-23,-25
1739722702.1141307,-21,-42,-98
1739722702.1601307,3,75,0
1739722702.2061307,6,2,-58
1739722702.2511306,26,-39,-144
1739722702.2971306,-26,60,-63
1739722702.3431306,5,24,-71
1739722702.3891306,-20,-25,-104
1739722702.434131,-72,20,-12
1739722702.480131,-27,8,-38
1739722702.526131,1,56,29
1739722702.5711308,13,-3,-27
1739722702.6171308,37,46,-205
1739722702.6631308,22,51,-63
1739722702.7091308,82,66,119
1739722702.7541306,-54,-37,-52
1739722702.8001306,-113,28,-34
1739722702.8461306,-78,-11,-62
1739722702.8911307,-2,-5,-76
1739722702.9371307,56,-7,0
1739722702.9831307,74,-46,-104
1739722703.0291307,17,55,-15
1739722703.0741308,39,-82,52
1739722703.1201308,-8,93,5
1739722703.1661308,-54,16,-25
1739722703.2111306,-12,-13,-72
1739722703.2571306,-7,6,31
1739722703.3031306,46,-59,-54
1739722703.3491306,54,16,53
1739722703.3941307,-17,59,-45
1739722703.4401307,15,-33,-7
1739722703.4861307,15,27,59
1739722703.5311308,-57,81,-122
1739722703.5771308,-42,-31,-6
1739722703.6231308,52,24,-77
1739722703.6691308,-23,-45,-170
1739722703.7141306,9,2,-66
1739722703.7601306,26,66,26
1739722703.8061306,116,47,-9
1739722703.8511307,-53,4,3
1739722703.8971307,-45,-101,-78
1739722703.9431307,24,-37,-72
1739722703.9891307,-21,0,7
1739722704.0341306,-27,-44,-109
1739722704.0801306,-16,63,42
1739722704.1261306,-9,45,-105
1739722704.171131,9,39,-6
1739722704.217131,57,-10,-56
1739722704.2691307,60,-35,-36
1739722704.3141308,34,-4,12
1739722704.3601308,-11,16,-47
1739722704.4061308,-42,39,-151
1739722704.4511306,9,19,-153
1739722704.4971306,-68,-132,33
1739722704.5431306,21,40,94
1739722704.5891306,-28,0,1
1739722704.6341307,-10,26,-49
1739722704.6801307,37,-7,76
1739722704.7261307,14,-22,-5
1739722704.7711308,-57,-54,45
1739722704.8171306,-2,8,-77
1739722704.8631306,26,-22,28
1739722704.9091306,40,-2,-121
1739722704.9541306,63,12,-207
1739722705.000131,74,-32,4
1739722705.046131,-79,19,-53
1739722705.0911307,69,-56,126
1739722705.1371307,0,-22,-5
1739722705.1831307,-13,11,58
1739722705.2291307,13,11,20
1739722705.2741306,38,-57,-49
1739722705.3201306,-98,-15,1
1739722705.3661306,-52,-52,-131
1739722705.411131,77,-10,-73
1739722705.457131,19,-36,-81
1739722705.503131,-109,-38,-81
1739722705.549131,38,-58,0
1739722705.5941308,-48,34,-51
1739722705.6401308,55,40,-75
1739722705.6861308,-17,35,-49
1739722705.7311306,22,10,-123
1739722705.7771306,28,25,15
1739722705.8231306,73,6,-35
1739722705.8691306,15,45,-133
1739722705.9141307,-3,-87,-120
1739722705.9601307,-14,-57,-36
1739722706.0061307,-31,-32,-86
1739722706.0511308,-10,77,1
1739722706.0971308,40,-16,-90
1739722706.1431308,89,-16,-34
1739722706.1891308,-85,21,89
1739722706.2341306,103,100,-76
1739722706.2801306,-105,0,-90
1739722706.3261306,-31,35,-60
1739722706.3711307,-19,-7,-22
1739722706.4171307,15,40,-40
1739722706.4631307,-33,-13,-4
1739722706.5081308,-18,-3,-26
1739722706.5541308,0,73,-39
1739722706.6001308,46,-11,-83
1739722706.6461308,-34,-15,-114
1739722706.6911306,-81,10,-96
1739722706.7371306,80,-48,-127
1739722706.7831306,-12,-25,-12
1739722706.8281307,14,-14,-32
1739722706.8741307,32,12,-41
1739722706.9201307,-4,31,11
1739722706.9661307,20,-25,-44
1739722707.0111306,-33,25,-138
1739722707.0571306,-48,69,-147
1739722707.1031306,-8,-19,-24
1739722707.148131,-21,32,-53
1739722707.194131,-18,81,-91
1739722707.240131,-14,12,27
1739722707.286131,-35,57,-105
1739722707.3311307,3,25,-25
1739722707.3771307,-63,-122,-58
1739722707.4231308,22,51,-51
1739722707.4681306,-2,-68,-70
1739722707.5141306,30,27,-124
1739722707.5601306,-24,-53,0
1739722707.6061306,42,-34,-34
1739722707.651131,-33,6,-30
1739722707.697131,-46,10,-82
1739722707.7431307,-86,-8,-52
1739722707.7881308,-25,0,-76
1739722707.8341308,9,-26,-70
1739722707.8801308,-16,-4,-98
1739722707.9261308,-3,-14,-18
1739722707.9711306,32,26,45
1739722708.0171306,-4,0,-164
1739722708.0631306,5,64,-132
1739722708.1081307,-3,13,-38
1739722708.1541307,62,47,-22
1739722708.2001307,-19,3,11
1739722708.2461307,-35,20,43
1739722708.2911308,-10,36,-64
1739722708.3371308,90,37,-134
1739722708.3831308,18,-34,-38
1739722708.4281306,-45,8,-42
1739722708.4741306,-45,37,-90
1739722708.5201306,-69,-33,-51
1739722708.5641308,-66,28,-34
1739722708.6101308,8,30,86
1739722708.6561308,19,27,-57
1739722708.7021308,-49,-12,-93
1739722708.7471306,85,-40,-29
1739722708.7931306,12,67,-71
1739722708.8391306,156,31,19
1739722708.8841307,-41,8,26
1739722708.9301307,70,-4,-61
1739722708.9761307,9,5,-31
1739722709.0221307,86,-9,-133
1739722709.0671306,-22,-25,-147
1739722709.1131306,-25,54,-78
1739722709.1591306,61,8,-107
1739722709.2041306,-31,-13,-4
1739722709.250131,46,-23,-59
1739722709.296131,-25,89,-38
1739722709.342131,-24,60,-71
1739722709.3871307,-28,-22,58
1739722709.4331307,0,81,90
1739722709.4791307,-9,-10,46
1739722709.5241306,-28,-24,20
1739722709.5701306,-52,61,-105
1739722709.6161306,34,-25,-38
1739722709.6621306,-37,8,102
1739722709.707131,6,-84,-73
1739722709.753131,65,-77,-43
1739722709.799131,16,-29,-16
1739722709.8441308,22,67,-61
1739722709.8901308,1,23,28
1739722709.9361308,53,-18,-107
1739722709.9821308,118,63,32
1739722710.0271306,-18,42,-89
1739722710.0731306,21,18,-6
1739722710.1191306,-28,28,-73
1739722710.1641307,-4,52,60
1739722710.2101307,67,19,-26
1739722710.2561307,100,43,-56
1739722710.3021307,6,-15,-189
1739722710.3471308,0,22,-119
1739722710.3931308,5,-18,-85
1739722710.4391308,-16,-5,-3
1739722710.4841306,36,-80,122
1739722710.5301306,-58,13,80
1739722710.5761306,-28,-29,12
1739722710.6221306,-19,127,34
1739722710.6671307,50,-83,88
1739722710.7131307,-70,7,-24
1739722710.7591307,47,42,-83
1739722710.8041308,17,-25,-75
1739722710.8501308,27,-19,-169
1739722710.8961308,27,-11,40
1739722710.9421306,69,-41,-119
1739722710.9871306,-53,-6,-77
1739722711.0331306,44,14,-143
1739722711.0791306,64,-11,63
1739722711.1241307,-3,1,-27
1739722711.1701307,-4,-31,-11
1739722711.2161307,1,5,-73
1739722711.2621307,21,14,-121
1739722711.3071306,48,61,-3
1739722711.3531306,6,78,134
1739722711.3991306,-25,52,-87
1739722711.444131,-17,-4,-8
1739722711.490131,-7,-9,-73
1739722711.536131,-52,-90,-77
1739722711.582131,-67,0,-22
1739722711.6271307,-49,-10,-84
1739722711.6731308,20,6,72
1739722711.7191308,-40,-31,-42
1739722711.7641306,-64,-27,-30
1739722711.8101306,21,-3,-87
1739722711.8561306,-77,83,-12
1739722711.9021306,-56,1,-108
1739722711.947131,-32,14,-54
1739722711.9931307,27,11,63
1739722712.0391307,-27,-14,22
1739722712.0841308,-15,-29,-59
1739722712.1301308,64,17,17
1739722712.1761308,-16,-17,-13
1739722712.2221308,14,-21,-75
1739722712.2671306,-7,51,-26
1739722712.3131306,13,-35,47
1739722712.3591306,-28,-30,70
1739722712.4041307,-7,-17,-39
1739722712.4501307,50,9,11
1739722712.4961307,21,-21,-81
1739722712.5421307,-93,18,-8
1739722712.5871308,-70,3,-140
1739722712.6331308,9,11,-79
1739722712.6791308,-14,20,-129
1739722712.7241306,51,0,19
1739722712.7701306,-27,17,-42
1739722712.8161306,29,-13,29
1739722712.8621306,-17,29,-52
1739722712.9071307,111,-78,-59
1739722712.9531307,35,-35,-125
1739722712.9991307,-15,8,34
1739722713.0441308,-33,40,-98
1739722713.0901306,6,-21,-95
1739722713.1361306,83,8,-31
1739722713.1821306,16,-69,59
1739722713.227131,6,-44,-119
1739722713.273131,-96,-32,-30
1739722713.319131,0,4,42
1739722713.3641307,-22,0,-6
1739722713.4101307,-93,15,-138
1739722713.4561307,30,64,-87
1739722713.5021307,31,20,-117
1739722713.5471306,-19,36,20
1739722713.5931306,96,-76,5
1739722713.6391306,63,32,-89
1739722713.684131,119,-81,-71
1739722713.730131,47,-2,-147
1739722713.776131,110,28,-115
1739722713.822131,-6,-1,-4
1739722713.8671308,24,16,-39
1739722713.9131308,-31,8,-84
1739722713.9591308,73,48,-87
1739722714.0041306,-78,50,-62
1739722714.0501306,-46,-15,-89
1739722714.0961306,0,72,-237
1739722714.1421306,15,-5,-133
1739722714.1871307,50,48,10
1739722714.2331307,5,33,24
1739722714.2841306,9,84,-6
1739722714.3301306,45,-54,-1
1739722714.3761306,33,15,50
1739722714.4221306,61,66,-12
1739722714.467131,39,7,-95
1739722714.513131,58,-5,150
1739722714.559131,-19,-49,30
1739722714.6041307,-5,26,-65
1739722714.6501307,-6,-17,80
1739722714.6961308,-40,-35,-28
1739722714.7421308,-64,8,26
1739722714.7871306,-42,-41,-78
1739722714.8331306,-4,-91,-47
1739722714.8791306,-34,-12,-10
1739722714.9261308,2,47,98
1739722714.9711306,8,-34,3
1739722715.0171306,-63,48,-60
1739722715.0631306,-4,51,-143
1739722715.1081307,-2,-12,-2
1739722715.1541307,31,22,11
1739722715.2001307,25,5,25
1739722715.2461307,85,-53,-125
1739722715.2911308,107,-29,5
1739722715.3371308,48,30,-15
1739722715.3831308,20,-10,-63
1739722715.4281306,7,8,-85
1739722715.4741306,19,29,-57
1739722715.5201306,-26,25,102
1739722715.5661306,-17,4,0
1739722715.6111307,28,33,-41
1739722715.6571307,2,92,16
1739722715.7031307,40,-30,-87
1739722715.7481308,-34,-18,-28
1739722715.7941308,23,84,-33
1739722715.8401306,-26,-51,0
1739722715.8861306,17,73,-141
1739722715.9311306,27,-109,-31
1739722715.977131,-39,-21,-31
1739722716.023131,-62,-25,-115
1739722716.0681307,44,14,-14
1739722716.1141307,-37,20,-55
1739722716.1601307,-36,-28,-53
1739722716.2061307,39,43,0
1739722716.2511306,73,46,26
1739722716.2971306,61,-4,-180
1739722716.3431306,88,23,-114
1739722716.388131,1,5,-106
1739722716.434131,5,-7,-198
1739722716.480131,-64,39,32
1739722716.5251307,47,27,37
1739722716.5711308,-35,-54,-39
1739722716.6171308,64,-50,-65
1739722716.6631308,0,-2,-5
1739722716.7081306,15,56,-56
1739722716.7541306,-51,23,66
1739722716.8001306,-19,-56,-103
1739722716.8451307,-13,33,-6
1739722716.8911307,8,-25,-107
1739722716.9371307,30,35,-24
1739722716.9831307,-51,-37,-38
1739722717.0281308,-46,6,78
1739722717.0741308,-63,-15,-38
1739722717.1201308,0,3,-10
1739722717.1651306,31,-27,15
1739722717.2111306,40,-10,-51
1739722717.2571306,35,-9,-112
1739722717.3031306,30,75,11
1739722717.3481307,-55,43,-110
1739722717.3941307,-67,70,-24
1739722717.4401307,4,26,51
1739722717.4851308,-50,36,-48
1739722717.5311308,-71,25,11
1739722717.5771308,40,-33,-142
1739722717.6231308,33,69,-154
1739722717.6681306,-76,-21,-53
1739722717.7141306,31,-24,-54
1739722717.7601306,-15,-35,-100
1739722717.8051307,21,-41,-18
1739722717.8511307,-77,-80,-106
1739722717.8971307,27,-7,31
1739722717.9431307,77,12,-48
1739722717.9881306,-5,-16,-44
1739722718.0341306,69,88,-117
1739722718.0801306,-3,-35,22
1739722718.125131,7,31,-61
1739722718.171131,-24,-71,-72
1739722718.217131,-28,51,-27
1739722718.263131,-68,11,97
1739722718.3081307,-20,-26,-148
1739722718.3541307,42,9,-66
1739722718.4001307,-70,64,-43
1739722718.4451306,41,-53,64
1739722718.4911306,-26,11,127
1739722718.5371306,-6,86,-29
1739722718.5831306,-32,-31,-83
1739722718.628131,-55,19,-9
1739722718.674131,60,31,-54
1739722718.7201307,5,38,-153
1739722718.7651308,-3,21,95
1739722718.8111308,0,-36,32
1739722718.8571308,14,8,-108
1739722718.9031308,1,16,-83
1739722718.9481306,-17,8,-49
1739722718.9941306,61,-4,-67
1739722719.0401306,39,-61,-121
1739722719.0851307,-13,0,14
1739722719.1311307,55,13,-151
1739722719.1771307,4,-20,-99
1739722719.2231307,-2,-56,76
1739722719.2681308,0,0,-63
1739722719.3141308,22,66,-12
1739722719.3601308,89,-5,49
1739722719.4051306,-30,45,-14
1739722719.4511306,93,-12,9
1739722719.4971306,-58,-51,-51
1739722719.5431306,-53,-23,-12
1739722719.5881307,2,-14,-31
1739722719.6341307,0,-25,-87
1739722719.6801307,3,13,94
1739722719.7251308,-6,-11,-67
1739722719.7711308,-16,95,-149
1739722719.8171306,25,-26,-31
1739722719.8631306,-18,-2,-103
1739722719.9081306,-34,21,-22
1739722719.9541306,22,-38,-9
1739722720.000131,99,-22,-67
1739722720.0451307,80,-62,-49
1739722720.0911307,91,-38,-125
1739722720.1371307,-52,-44,-55
1739722720.1831307,33,-14,-41
1739722720.2281306,-13,-7,58
1739722720.2741306,54,-14,3
1739722720.3201306,-4,40,20
1739722720.365131,26,-64,-13
1739722720.411131,-37,-40,-199
1739722720.457131,59,27,-41
1739722720.503131,-68,-1,-105
1739722720.5481308,-22,2,6
1739722720.5941308,29,-33,-91
1739722720.6401308,-36,-49,114
1739722720.6851306,16,28,-153
1739722720.7311306,-30,-12,-15
1739722720.7771306,70,7,-73
1739722720.8231306,-20,-6,-77
1739722720.8681307,-22,-5,52
1739722720.9141307,122,-14,-63
1739722720.9601307,-11,-42,-105
1739722721.0051308,7,7,-45
1739722721.0511308,12,-61,-41
1739722721.0971308,3,28,-83
1739722721.1431308,-45,16,-9
1739722721.1881306,73,25,-87
1739722721.2341306,-25,8,100
1739722721.2801306,-102,33,-87
1739722721.3251307,21,13,-55
1739722721.3711307,-20,46,-45
1739722721.4171307,-23,-16,66
1739722721.4631307,0,-88,-123
1739722721.5081308,21,0,-95
1739722721.5541308,-45,22,-24
1739722721.6001308,-70,-17,50
1739722721.6451306,-6,59,6
1739722721.6911306,-47,-31,86
1739722721.7371306,-21,5,-239
1739722721.7831306,-49,-43,230
1739722721.8281307,-76,0,-36
1739722721.8741307,-110,106,96
1739722721.9201307,59,-35,-7
1739722721.9651306,-61,-52,-24
1739722722.0111306,-5,-5,-157
1739722722.0571306,-19,44,-6
1739722722.1031306,46,-2,104
1739722722.148131,52,-25,-17
1739722722.194131,-28,32,-71
1739722722.240131,-2,13,-21
1739722722.2851307,6,47,41
1739722722.3311307,-3,-14,-25
1739722722.3771307,-3,-22,-22
1739722722.4231308,7,27,-37
1739722722.4681306,-45,-22,-107
1739722722.5141306,1,-60,66
1739722722.5601306,47,26,-23
1739722722.605131,2,33,-159
1739722722.651131,-80,62,-9
1739722722.697131,48,34,16
1739722722.7431307,37,20,-31
1739722722.7881308,-52,14,-62
1739722722.8341308,21,-1,-63
1739722722.8801308,-2,35,118
1739722722.9251306,38,16,-23
1739722722.9711306,31,-8,-31
1739722723.0171306,-6,5,0
1739722723.0631306,12,42,-143
1739722723.1081307,-35,46,-77
1739722723.1541307,26,40,3
1739722723.2001307,12,-72,-25
1739722723.2451308,12,46,-78
1739722723.2911308,-6,86,87
1739722723.3371308,59,-41,46
1739722723.3831308,17,-28,-46
1739722723.4281306,-34,-10,-49
1739722723.4741306,-40,3,-53
1739722723.5201306,9,1,52
1739722723.5651307,-86,-14,9
1739722723.6111307,24,-75,-34
1739722723.6571307,-34,50,-133
1739722723.7031307,112,-41,-12
1739722723.7481308,37,49,-76
1739722723.7941308,64,67,-62
1739722723.8401306,-8,-9,-1
1739722723.8851306,-11,-55,23
1739722723.9311306,29,-9,12
1739722723.977131,10,-55,9
1739722724.023131,40,-130,8
1739722724.0681307,-49,17,19
1739722724.1141307,27,21,90
1739722724.1601307,-17,-33,29
1739722724.2051306,10,-12,-84
1739722724.2511306,57,79,-68
1739722724.3031306,77,-24,-82
1739722724.3481307,35,-62,-80
1739722724.3941307,-53,-12,-120
1739722724.4401307,91,27,-60
1739722724.4851308,0,-52,-70
1739722724.5301306,14,43,-62
1739722724.5761306,-38,56,-89
1739722724.6211307,6,12,-84
1739722724.6671307,-10,-23,-9
1739722724.7131307,4,-1,-46
1739722724.7591307,31,14,22
1739722724.8041308,17,-36,0
1739722724.8501308,-21,12,33
1739722724.8961308,-59,-22,-31
1739722724.9411306,-36,-44,29
1739722724.9871306,10,46,-90
1739722725.0331306,50,-33,-70
1739722725.0791306,16,-4,-154
1739722725.1241307,-37,5,59
1739722725.1701307,6,39,-176
1739722725.2161307,-100,-67,-77
1739722725.2611306,10,46,-34
1739722725.3071306,-43,-59,-105
1739722725.3531306,-15,89,-72
1739722725.3991306,-18,-22,-49
1739722725.444131,27,38,-98
1739722725.490131,34,-35,-66
1739722725.536131,27,-15,-49
1739722725.5811307,-35,35,-170
1739722725.6271307,-22,0,43
1739722725.6731308,-43,60,-2
1739722725.7191308,-10,-42,-55
1739722725.7641306,-7,3,-18
1739722725.8101306,59,-53,-31
1739722725.8561306,-2,-22,103
1739722725.901131,3,30,20
1739722725.947131,-11,-4,-52
1739722725.9931307,-12,7,-88
1739722726.0391307,-44,34,-99
1739722726.0841308,13,-29,102
1739722726.1301308,0,-52,-4
1739722726.1761308,-17,35,-89
1739722726.2211306,20,-70,-26
1739722726.2671306,0,-67,-62
1739722726.3131306,-24,0,45
1739722726.3591306,0,0,-44
1739722726.4041307,19,-24,30
1739722726.4501307,43,-66,-48
1739722726.4961307,28,48,72
1739722726.5411308,-62,21,-19
1739722726.5871308,18,9,16
1739722726.6331308,-42,36,-79
1739722726.6781306,-31,-25,-61
1739722726.7241306,-67,-38,-51
1739722726.7701306,-22,-69,-27
1739722726.8161306,-21,18,-97
1739722726.8611307,14,76,-130
1739722726.9071307,46,-75,12
1739722726.9531307,24,-67,-72
1739722726.9981308,-15,28,-137
1739722727.0441308,-70,-46,-23
1739722727.0901306,13,39,-34
1739722727.1361306,55,-14,-96
1739722727.1811306,-29,14,-59
1739722727.227131,43,38,-54
1739722727.273131,24,-32,20
1739722727.3181307,-21,0,-135
1739722727.3641307,44,-19,76
1739722727.4101307,5,-19,-66
1739722727.4561307,56,-15,100
1739722727.5011306,23,10,-88
1739722727.5471306,-28,-30,-21
1739722727.5931306,-52,14,97
1739722727.638131,-12,-14,-20
1739722727.684131,2,-72,-65
1739722727.730131,34,-37,-35
1739722727.776131,19,67,-29
1739722727.8211308,109,-27,-63
1739722727.8671308,90,-14,-89
1739722727.9131308,89,44,-33
1739722727.9581306,-91,13,28
1739722728.0041306,67,77,-27
1739722728.0501306,-15,-19,-62
1739722728.0961306,-114,-24,24
1739722728.1411307,-5,11,-4
1739722728.1871307,-40,-4,-70
1739722728.2331307,-91,-1,-130
1739722728.2781308,18,3,-31
1739722728.3241308,-54,-33,2
1739722728.3701308,45,-42,-163
1739722728.4161308,7,51,39
1739722728.4611306,8,-32,-9
1739722728.5071306,-21,26,52
1739722728.5531306,-51,10,-36
1739722728.5981307,77,84,-139
1739722728.6441307,-13,26,16
1739722728.6901307,75,21,-5
1739722728.7361307,51,19,-55
1739722728.7811308,9,16,-129
1739722728.8271308,35,-1,-25
1739722728.8731308,-19,50,29
1739722728.9181306,-29,35,-31
1739722728.9641306,12,-4,-38
1739722729.0101306,-4,36,-60
1739722729.0561306,58,-18,-58
1739722729.1011307,28,41,118
1739722729.1471307,9,-76,-137
1739722729.1931307,0,-19,-130
1739722729.2381306,-20,-36,-106
1739722729.2841306,68,-2,18
1739722729.3301306,-22,63,0
1739722729.3761306,11,67,-88
1739722729.421131,-14,37,-2
1739722729.467131,21,-29,-140
1739722729.513131,18,15,-88
1739722729.5581307,10,-36,-62
1739722729.6041307,-14,70,87
1739722729.6501307,76,-16,31
1739722729.6961308,8,35,-108
1739722729.7411306,-17,93,-21
1739722729.7871306,20,-33,-10
1739722729.8331306,-55,-2,-123
1739722729.878131,-73,-39,-54
1739722729.924131,-45,43,-73
1739722729.9701307,-48,54,-177
1739722730.0161307,7,4,-23
1739722730.0611308,-28,-57,68
1739722730.1071308,-1,-29,-25
1739722730.1531308,77,-36,55
1739722730.1981306,26,73,-67
1739722730.2441306,-68,-57,-83
1739722730.2901306,4,50,90
1739722730.3361306,-29,39,-24
1739722730.3811307,-72,-49,-111
1739722730.4271307,-38,0,-2
1739722730.4731307,5,13,-71
1739722730.5181308,4,36,20
1739722730.5641308,26,69,-171
1739722730.6101308,-32,-48,-51
1739722730.6561308,12,87,116
1739722730.7011306,2,-53,-43
1739722730.7471306,29,-27,7
1739722730.7931306,-39,-65,-37
1739722730.8381307,34,29,-105
1739722730.8841307,10,-44,93
1739722730.9301307,3,-17,-65
1739722730.9761307,7,3,9
1739722731.0211308,-64,-36,-30
1739722731.0671306,-35,63,-114
1739722731.1131306,32,27,-61
1739722731.1581306,2,7,-2
1739722731.2041306,33,-23,-79
1739722731.250131,32,-3,-19
1739722731.296131,28,-18,65
1739722731.3411307,12,-56,25
1739722731.3871307,1,34,18
1739722731.4331307,-43,-1,-14
1739722731.4781306,81,29,-59
1739722731.5241306,39,20,11
1739722731.5701306,6,45,-105
1739722731.6161306,-52,1,-32
1739722731.661131,10,78,10
1739722731.707131,-40,-20,-70
1739722731.753131,-115,-31,-80
1739722731.7981308,-11,-19,-45
1739722731.8441308,12,-1,29
1739722731.8901308,32,30,-13
1739722731.9361308,-128,16,-78
1739722731.9811306,-35,-23,-112
1739722732.0271306,105,3,-67
1739722732.0731306,2,35,-10
1739722732.1181307,9,-25,-29
1739722732.1641307,-72,51,-108
1739722732.2101307,-35,-19,-157
1739722732.2561307,56,-21,-41
1739722732.3011308,-87,30,-18
1739722732.3471308,-8,-5,32
1739722732.3931308,-49,-42,-140
1739722732.4381306,-18,73,-46
1739722732.4841306,34,-96,57
1739722732.5301306,-43,-25,68
1739722732.5761306,-30,75,-52
1739722732.6211307,-36,-29,-86
1739722732.6671307,75,13,-71
1739722732.7131307,-9,26,-60
1739722732.7581308,-3,61,-44
1739722732.8041308,16,8,-31
1739722732.8501308,-24,20,-102
1739722732.8961308,48,-40,-33
1739722732.9411306,-61,33,-34
1739722732.9871306,39,-28,29
1739722733.0331306,-16,-8,-62
1739722733.0781307,-27,36,58
1739722733.1241307,51,48,-91
1739722733.1701307,-30,-50,-44
1739722733.2161307,14,-17,-41
1739722733.2611306,-80,77,-10
1739722733.3071306,-86,78,0
1739722733.3531306,-112,-14,34
1739722733.398131,-19,4,-60
1739722733.444131,17,55,-37
1739722733.490131,76,37,63
1739722733.536131,14,64,-28
1739722733.5811307,19,-34,25
1739722733.6271307,-17,-15,-65
1739722733.6731308,17,-4,-93
1739722733.7181306,-37,18,26
1739722733.7641306,-44,53,28
1739722733.8101306,-81,-6,4
1739722733.8561306,-71,-45,-78
1739722733.901131,2,3,-43
1739722733.947131,10,-45,-5
1739722733.9931307,32,53,-59
1739722734.0381308,27,-89,47
1739722734.0841308,14,45,-76
1739722734.1301308,36,6,-173
1739722734.1761308,-52,-51,7
1739722734.2211306,-11,-14,44
1739722734.2671306,-10,-4,-4
1739722734.3181307,58,15,-15
1739722734.3641307,26,-22,9
1739722734.4101307,-18,-47,-67
1739722734.4561307,-41,-89,-17
1739722734.5011306,15,20,24
1739722734.5471306,4,-6,11
1739722734.5931306,12,85,-21
1739722734.638131,-75,-52,-78
1739722734.684131,-38,73,114
1739722734.730131,10,-19,33
1739722734.776131,65,20,-43
1739722734.8211308,17,-10,-91
1739722734.8671308,-27,-19,-50
1739722734.9131308,-74,19,-124
1739722734.9581306,-18,-2,-40
1739722735.0041306,-59,20,-88
1739722735.0501306,40,13,-91
1739722735.0961306,-28,22,-10
1739722735.1411307,-80,-26,-40
1739722735.1871307,-19,2,54
1739722735.2331307,31,-22,-75
1739722735.2781308,-54,45,-50
1739722735.3241308,-14,10,0
1739722735.3701308,38,72,-1
1739722735.4161308,-11,46,16
1739722735.4611306,-33,3,0
1739722735.5071306,-3,-3,-101
1739722735.5531306,52,-28,79
1739722735.5981307,22,-63,-61
1739722735.6441307,4,0,-45
1739722735.6901307,29,-19,-3
1739722735.7361307,42,-35,-129
1739722735.7811308,66,-21,-43
1739722735.8271308,15,12,-25
1739722735.8731308,48,-57,35
1739722735.9181306,72,7,-99
1739722735.9641306,-107,-11,-108
1739722736.0101306,64,30,-83
1739722736.0561306,47,0,103
1739722736.1011307,21,2,50
1739722736.1471307,-117,-18,66
1739722736.1931307,-32,31,-2
1739722736.2381306,-45,-17,42
1739722736.2841306,12,-23,21
1739722736.3301306,-41,15,64
1739722736.3761306,35,35,-13
1739722736.421131,-38,35,-56
1739722736.467131,8,-32,-115
1739722736.513131,16,20,102
1739722736.5581307,14,-4,-13
1739722736.6041307,-24,50,78
1739722736.6501307,-14,-13,-147
1739722736.6951306,-62,-31,16
1739722736.7411306,-43,26,-141
1739722736.7871306,-96,40,-26
1739722736.8331306,3,21,-35
1739722736.878131,-26,-31,-23
1739722736.924131,-26,15,78
1739722736.9701307,-12,-51,-129
1739722737.0151308,28,33,-15
1739722737.0611308,-1,-41,-47
1739722737.1071308,-55,41,18
1739722737.1531308,17,-2,-259
1739722737.1981306,-7,-27,-39
1739722737.2441306,-108,-85,-163
1739722737.2901306,108,-18,51
1739722737.3351307,25,-4,-121
1739722737.3811307,-16,-25,-83
1739722737.4271307,-59,-9,-101
1739722737.4731307,-64,-6,70
1739722737.5181308,-82,28,-90
1739722737.5641308,-13,-14,-147
1739722737.6101308,6,-44,-93
1739722737.6551306,3,25,-109
1739722737.7011306,-61,30,-44
1739722737.7471306,-9,-106,-101
1739722737.7931306,-63,-25,-64
1739722737.8381307,76,-31,-183
1739722737.8841307,47,24,-67
1739722737.9301307,-86,-93,94
1739722737.9751308,-44,-7,26
1739722738.0211308,-13,-34,62
1739722738.0671306,-75,13,48
1739722738.1131306,22,-67,-47
1739722738.1581306,31,43,7
1739722738.2041306,-13,11,-45
1739722738.250131,57,-51,-19
1739722738.2951307,55,-20,95
1739722738.3411307,49,-3,94
1739722738.3871307,72,-13,-83
1739722738.4331307,-50,6,-83
1739722738.4781306,-7,4,10
1739722738.5241306,14,-3,-123
1739722738.5701306,12,46,-117
1739722738.615131,-87,-8,-120
1739722738.661131,5,-6,-83
1739722738.707131,22,-11,-133
1739722738.753131,-154,-36,-18
1739722738.7981308,0,35,7
1739722738.8441308,-6,61,-31
1739722738.8901308,45,87,-155
1739722738.9351306,20,33,-73
1739722738.9811306,-30,26,-131
1739722739.0271306,6,39,-71
1739722739.0731306,1,-36,10
1739722739.1181307,-8,-42,-187
1739722739.1641307,-28,-5,-129
1739722739.2101307,-16,-46,-107
1739722739.2551308,148,-4,-77
1739722739.3011308,-5,18,144
1739722739.3471308,-9,-19,32
1739722739.3931308,-39,14,14
1739722739.4381306,-27,-78,4
1739722739.4841306,-30,1,-22
1739722739.5301306,-32,50,-36
1739722739.5751307,-35,-1,-50
1739722739.6211307,15,97,-189
1739722739.6671307,3,-66,-54
1739722739.7131307,-7,64,-43
1739722739.7581308,-40,25,6
1739722739.8041308,-5,-24,-69
1739722739.8501308,-24,39,-23
1739722739.8951306,-71,-35,-70
1739722739.9411306,57,9,-65
1739722739.9871306,31,-32,11
1739722740.0331306,37,10,-1
1739722740.0781307,-17,27,0
1739722740.1241307,-78,25,-52
1739722740.1701307,-50,-12,-147
1739722740.2151306,-14,-15,-47
1739722740.2611306,35,42,11
1739722740.3071306,43,50,-135
1739722740.3531306,-8,-29,126
1739722740.398131,49,-3,-75
1739722740.444131,32,-92,-129
1739722740.490131,44,19,80
1739722740.5351307,4,-25,-37
1739722740.5811307,39,-32,5
1739722740.6271307,-30,-59,-26
1739722740.6731308,40,9,23
1739722740.7181306,-22,-13,-31
1739722740.7641306,-55,48,140
1739722740.8101306,-2,67,-111
1739722740.855131,22,-27,31
1739722740.901131,-21,-40,14
1739722740.947131,-2,104,11
1739722740.9931307,22,18,-81
1739722741.0381308,-30,-45,40
1739722741.0841308,13,45,104
1739722741.1301308,15,-1,-98
1739722741.1751306,36,24,-120
1739722741.2211306,-15,-18,-118
1739722741.2671306,-17,-34,-59
1739722741.3131306,-83,5,-74
1739722741.3581307,-43,37,-40
1739722741.4041307,46,-9,-80
1739722741.4501307,-51,9,2
1739722741.4951308,28,10,-24
1739722741.5411308,76,-48,-24
1739722741.5871308,52,6,-150
1739722741.6331308,32,26,143
1739722741.6781306,-24,-38,-172
1739722741.7241306,50,-99,-56
1739722741.7701306,-46,-56,-29
1739722741.8151307,-21,18,89
1739722741.8611307,20,4,-70
1739722741.9071307,45,-12,-42
1739722741.9531307,47,32,-56
1739722741.9981308,-46,39,-97
1739722742.0441308,64,17,-194
1739722742.0901306,34,-53,-98
1739722742.1351306,6,-2,27
1739722742.1811306,60,-87,-76
1739722742.227131,-85,45,59
1739722742.273131,36,-33,38
1739722742.3181307,91,10,-120
1739722742.3641307,23,110,-116
1739722742.4101307,12,42,68
1739722742.4551306,-7,86,-56
1739722742.5011306,11,22,-134
1739722742.5471306,58,-32,1
1739722742.5931306,-32,16,-94
1739722742.638131,19,-15,-52
1739722742.684131,-24,-28,-74
1739722742.730131,9,-8,25
1739722742.7751307,-83,73,-64
1739722742.8211308,-44,5,121
1739722742.8671308,-7,-33,-128
1739722742.9131308,-8,-47,13
1739722742.9581306,-38,-43,177
1739722743.0041306,8,-79,-111
1739722743.0501306,57,-14,96
1739722743.0951307,-42,43,-21
1739722743.1411307,108,5,-132
1739722743.1871307,-50,42,-69
1739722743.2331307,0,-109,-76
1739722743.2781308,6,55,-59
1739722743.3241308,50,23,-53
1739722743.3701308,-36,73,-85
1739722743.4151306,4,-46,-93
1739722743.4611306,-79,104,-61
1739722743.5071306,64,3,-5
1739722743.5531306,82,-105,-139
1739722743.5981307,-9,-4,2
1739722743.6441307,11,-16,-65
1739722743.6901307,-12,0,-57
1739722743.7351308,69,14,-143
1739722743.7811308,-29,4,-30
1739722743.8271308,-42,4,0
1739722743.8731308,70,34,-45
1739722743.9181306,28,64,-91
1739722743.9641306,48,77,-217
1739722744.0101306,2,-47,24
1739722744.0551307,-58,-8,-209
1739722744.1011307,72,5,57
1739722744.1471307,-31,29,-22
1739722744.1931307,-37,-46,-36
1739722744.2381306,28,-43,-107
1739722744.2841306,66,44,-65
1739722744.3351307,-38,-5,-20
1739722744.3811307,-67,-28,-60
1739722744.4271307,44,-31,-53
1739722744.4731307,-11,36,-12
1739722744.5181308,27,-93,3
1739722744.5641308,35,-25,-39
1739722744.6101308,4,-1,-21
1739722744.6551306,-7,2,-71
1739722744.7011306,-114,4,-30
1739722744.7471306,45,-5,-97
1739722744.7931306,-4,46,-39
1739722744.8381307,-10,-58,-18
1739722744.8841307,4,15,68
1739722744.9301307,-16,56,-5
1739722744.9751308,20,-19,-21
1739722745.0211308,26,3,94
1739722745.0671306,-87,-49,-24
1739722745.1131306,36,31,-83
1739722745.1581306,31,12,-49
1739722745.2041306,-37,-24,-68
1739722745.250131,13,87,-31
1739722745.2951307,6,-26,20
1739722745.3411307,17,-45,-32
1739722745.3871307,-5,58,-87
1739722745.4331307,37,-24,-55
1739722745.4781306,43,-42,-137
1739722745.5241306,0,-80,8
1739722745.5701306,66,-10,-11
1739722745.615131,-45,38,-67
1739722745.661131,12,-5,-55
1739722745.707131,12,10,0
1739722745.753131,-33,90,-61
1739722745.7981308,28,7,-67
1739722745.8441308,-13,-2,-101
1739722745.8901308,-20,-29,112
1739722745.9351306,24,-52,78
1739722745.9811306,-14,68,12
1739722746.0271306,2,-52,40
1739722746.0731306,-96,21,-35
1739722746.1181307,97,30,34
1739722746.1641307,43,-6,-85
1739722746.2101307,4,35,-55
1739722746.2551308,70,7,-14
1739722746.3011308,-33,11,3
1739722746.3471308,-18,-12,-89
1739722746.3931308,-19,-47,-125
1739722746.4381306,83,49,-39
1739722746.4841306,45,-53,-181
1739722746.5301306,27,-19,-43
1739722746.5751307,12,-34,-26
1739722746.6211307,34,13,-91
1739722746.6671307,-42,56,-87
1739722746.7121308,18,-13,-147
1739722746.7581308,11,0,-55
1739722746.8041308,-11,-3,-63
1739722746.8501308,58,66,-61
1739722746.8951306,49,25,-123
1739722746.9411306,-46,4,13
1739722746.9871306,-33,-1,140
1739722747.0321307,-106,5,-77
1739722747.0781307,-61,42,-65
1739722747.1241307,-27,64,21
1739722747.1701307,-90,-44,-13
1739722747.2151306,6,64,46
1739722747.2611306,-121,19,-106
1739722747.3071306,-29,-40,32
1739722747.352131,38,-46,21
1739722747.398131,3,25,-59
1739722747.444131,-36,98,-16
1739722747.490131,-80,50,4
1739722747.5351307,-75,-69,-91
1739722747.5811307,-10,35,42
1739722747.6271307,-98,53,-108
1739722747.6721306,91,-27,-25
1739722747.7181306,15,82,-96
1739722747.7641306,-7,20,18
1739722747.8101306,-9,-12,-141
1739722747.855131,15,39,-45
1739722747.901131,5,37,10
1739722747.947131,-25,3,24
1739722747.9921308,30,10,14
1739722748.0381308,7,51,-40
1739722748.0841308,-56,3,22
1739722748.1301308,1,-22,-31
1739722748.1751306,37,-33,-25
1739722748.2211306,34,3,13
1739722748.2671306,60,-33,-21
1739722748.3121307,-8,-50,-97
1739722748.3581307,-26,0,-211
1739722748.4041307,-68,6,-123
1739722748.4501307,-89,113,-97
1739722748.4951308,63,-4,1
1739722748.5411308,-61,-61,-94
1739722748.5871308,-91,-15,92
1739722748.6321306,48,38,-55
1739722748.6781306,-7,57,-27
1739722748.7241306,3,50,74
1739722748.7701306,-45,32,-14
1739722748.8151307,-64,-8,-58
1739722748.8611307,72,11,40
1739722748.9071307,-109,15,85
1739722748.9521308,-7,-48,11
1739722748.9981308,24,-13,-30
1739722749.0441308,-40,-12,-21
1739722749.0901306,-20,46,-148
1739722749.1351306,-78,-54,23
1739722749.1811306,13,-8,-48
1739722749.227131,18,-10,-16
1739722749.2721307,-18,0,3
1739722749.3181307,4,-27,-32
1739722749.3641307,-27,-3,-93
1739722749.4101307,-62,35,11
1739722749.4551306,-20,24,-101
1739722749.5011306,36,-45,-106
1739722749.5471306,20,2,-68
1739722749.592131,2,17,99
1739722749.638131,-75,34,-101
1739722749.684131,-109,33,-127
1739722749.730131,-15,-3,39
1739722749.7751307,4,-2,-26
1739722749.8211308,-27,-86,-71
1739722749.8671308,25,13,-38
1739722749.9121306,-54,-32,-33
1739722749.9581306,-16,-13,-92
1739722750.0041306,25,15,28
1739722750.0501306,7,-15,-106
1739722750.0951307,18,-26,-140
1739722750.1411307,-30,34,-91
1739722750.1871307,-18,0,-5
1739722750.2321308,54,22,22
1739722750.2781308,119,-128,-10
1739722750.3241308,8,36,-61
1739722750.3701308,-22,4,-39
1739722750.4151306,32,-8,-106
1739722750.4611306,5,11,-76
1739722750.5071306,78,22,-28
1739722750.5521307,2,3,-24
1739722750.5981307,-59,4,-31
1739722750.6441307,-37,-59,35
1739722750.6901307,-24,14,-57
1739722750.7351308,0,-5,-68
1739722750.7811308,0,-67,-30
1739722750.8271308,55,-78,-152
1739722750.8721306,47,53,-6
1739722750.9181306,8,-54,-58
1739722750.9641306,14,24,-104
1739722751.0101306,12,-8,-196
1739722751.0551307,-101,26,-67
1739722751.1011307,-8,-29,20
1739722751.1471307,13,-12,98
1739722751.1921306,-10,-27,10
1739722751.2381306,17,63,-87
1739722751.2841306,71,-20,8
1739722751.3301306,-8,-11,-98
1739722751.375131,-17,50,-39
1739722751.421131,-16,-52,-112
1739722751.467131,-71,3,-103
1739722751.5121307,60,6,6
1739722751.5581307,-48,2,-132
1739722751.6041307,-44,2,-51
1739722751.6501307,69,-16,-146
1739722751.6951306,-93,68,-29
1739722751.7411306,37,52,52
1739722751.7871306,9,-36,-84
1739722751.832131,10,69,67
1739722751.878131,-66,-63,-55
1739722751.924131,-23,6,-87
1739722751.9701307,52,6,-24
1739722752.0151308,37,12,-50
1739722752.0611308,-74,-61,-83
1739722752.1071308,-2,29,-132
1739722752.1521306,-2,37,-136
1739722752.1981306,6,-64,21
1739722752.2441306,108,29,26
1739722752.2901306,-10,8,-14
1739722752.3351307,-49,-62,6
1739722752.3811307,-13,18,-137
1739722752.4271307,-16,76,-110
1739722752.4721308,47,3,-39
1739722752.5181308,33,-47,-118
1739722752.5641308,-11,34,-161
1739722752.6101308,-95,46,2
1739722752.6551306,-31,-2,-50
1739722752.7011306,40,86,23
1739722752.7471306,50,54,11
1739722752.7921307,-56,-93,50
1739722752.8381307,59,23,41
1739722752.8841307,-3,-31,-35
1739722752.9301307,19,0,-19
1739722752.9751308,-49,-22,-67
1739722753.0211308,-7,-65,-51
1739722753.0671306,56,-51,-139
1739722753.1121306,68,-29,-111
1739722753.1581306,29,-19,-171
1739722753.2041306,65,46,53
1739722753.250131,78,-12,-69
1739722753.2951307,-21,-55,72
1739722753.3411307,-7,12,-75
1739722753.3871307,-44,11,-69
1739722753.4321306,27,69,-3
1739722753.4781306,59,2,-151
1739722753.5241306,-62,51,44
1739722753.5701306,43,-9,-65
1739722753.615131,-29,36,26
1739722753.661131,53,-36,-75
1739722753.707131,-35,17,-93
1739722753.7521307,-117,13,-84
1739722753.7981308,-16,29,-123
1739722753.8441308,10,-28,0
1739722753.8901308,20,-25,-125
1739722753.9351306,3,-88,128
1739722753.9811306,-1,43,-113
1739722754.0271306,-5,0,-39
1739722754.072131,-25,-54,-127
1739722754.1181307,51,-14,-97
1739722754.1641307,-111,28,-154
1739722754.2101307,17,-67,63
1739722754.2551308,-27,-30,-43
1739722754.3071306,-9,6,-165
1739722754.352131,2,-67,7
1739722754.398131,-57,-39,-74
1739722754.444131,-52,24,72
1739722754.490131,-28,16,-107
1739722754.5351307,44,52,-61
1739722754.5811307,38,-46,-77
1739722754.6271307,-3,67,-96
1739722754.6721306,11,-4,-73
1739722754.7181306,0,-23,-237
1739722754.7641306,53,-46,-31
1739722754.8101306,11,13,-147
1739722754.855131,-4,9,68
1739722754.901131,64,9,-79
1739722754.9481306,0,-15,5
1739722754.9941306,35,33,-65
1739722755.0391307,84,20,-39
1739722755.0851307,-12,80,18
1739722755.1311307,-88,-70,60
1739722755.1761308,8,-7,-63
1739722755.2221308,29,0,-81
1739722755.2681308,-73,-53,-68
1739722755.3131306,-4,24,-115
1739722755.3591306,30,20,-7
1739722755.4051306,13,68,36
1739722755.4511306,2,-14,28
1739722755.4961307,60,31,3
1739722755.5421307,-12,-13,-41
1739722755.5881307,0,-8,-25
1739722755.6341307,21,-26,-125
1739722755.6791308,31,31,-37
1739722755.7251308,63,29,-67
1739722755.7711308,74,-14,41
1739722755.8161306,32,6,51
1739722755.8621306,34,51,-99
1739722755.9081306,-28,52,4
1739722755.9541306,-14,64,66
1739722755.9991307,31,55,-9
1739722756.0451307,31,0,-29
1739722756.0911307,36,-19,17
1739722756.1361306,40,34,-75
1739722756.1821306,-102,31,-136
1739722756.2281306,8,10,62
1739722756.2741306,-69,12,-62
1739722756.319131,-38,-12,-98
1739722756.365131,-9,-11,-30
1739722756.411131,-42,-65,38
1739722756.4561307,24,50,-19
1739722756.5021307,46,137,-51
1739722756.5481308,34,69,5
1739722756.5941308,72,-42,-103
1739722756.6391306,75,-7,-93
1739722756.6851306,65,39,-155
1739722756.7311306,-63,-81,-10
1739722756.776131,-40,41,-70
1739722756.822131,29,-10,-15
1739722756.8681307,2,-16,40
1739722756.9131308,74,-35,-17
1739722756.9591308,35,-9,0
1739722757.0051308,17,7,-9
1739722757.0511308,79,-30,-109
1739722757.0961306,-22,0,4
1739722757.1421306,69,-6,-57
1739722757.1881306,93,-55,-21
1739722757.2331307,52,-39,-27
1739722757.2791307,-32,-52,-40
1739722757.3251307,65,3,-61
1739722757.3711307,3,28,44
1739722757.4161308,6,54,-27
1739722757.4621308,9,-76,-79
1739722757.5081308,-25,-25,-151
1739722757.5531306,38,12,-95
1739722757.5991306,9,-73,119
1739722757.6451306,-63,-10,-129
1739722757.6911306,-41,-27,-71
1739722757.7361307,16,30,2
1739722757.7821307,-59,-57,2
1739722757.8281307,-34,60,-78
1739722757.8731308,-5,-26,11
1739722757.9191308,40,-20,23
1739722757.9651306,-45,-57,-113
1739722758.0111306,13,-25,-57
1739722758.0561306,2,-20,-1
1739722758.102131,-14,26,-97
1739722758.148131,-65,14,-76
1739722758.1931307,1,40,-20
1739722758.2391307,-19,38,-87
1739722758.2851307,-17,6,-67
1739722758.3311307,-49,-49,-61
1739722758.3761306,85,-42,-79
1739722758.4221306,72,-55,-23
1739722758.4681306,-28,-24,-115
1739722758.513131,-8,12,10
1739722758.559131,84,-46,-141
1739722758.605131,15,26,-75
1739722758.651131,-15,78,14
1739722758.6961308,2,-51,-23
1739722758.7421308,-9,-42,-137
1739722758.7881308,-17,-8,-91
1739722758.8331306,11,-105,-125
1739722758.8791306,-1,85,-14
1739722758.9251306,-14,12,-50
1739722758.9711306,31,-19,-21
1739722759.0161307,29,54,-105
1739722759.0621307,42,-33,-157
1739722759.1081307,29,79,2
1739722759.1531308,-1,33,-141
1739722759.1991308,-59,-67,-115
1739722759.2451308,-12,15,-109
1739722759.2911308,49,59,-5
1739722759.3361306,-94,-15,-10
1739722759.3821306,52,-89,-115
1739722759.4281306,4,-8,1
1739722759.4731307,-23,-15,8
1739722759.5191307,-19,15,-64
1739722759.5651307,-3,-41,-39
1739722759.6111307,-3,59,34
1739722759.6561308,-10,27,-24
1739722759.7021308,-46,45,22
1739722759.7481308,-29,-20,-155
1739722759.7931306,3,25,-18
1739722759.8391306,-31,-19,-32
1739722759.8851306,0,35,-36
1739722759.9311306,57,-9,-71
1739722759.9761307,46,-12,-21
1739722760.0221307,22,31,-63
1739722760.0681307,48,-26,-145
1739722760.1131306,65,-55,-27
1739722760.1591306,-77,-46,-106
1739722760.2051306,-28,20,-14
1739722760.2511306,6,60,-56
1739722760.296131,19,42,16
1739722760.342131,30,-17,-175
1739722760.388131,-14,-26,-19
1739722760.4331307,-36,24,-68
1739722760.4791307,-37,-5,-84
1739722760.5251307,-5,90,16
1739722760.5711308,36,-3,41
1739722760.6161306,18,46,98
1739722760.6621306,29,8,3
1739722760.7081306,30,35,4
1739722760.753131,94,-18,3
1739722760.799131,-23,109,-74
1739722760.8451307,-5,44,42
1739722760.8911307,10,137,-22
1739722760.9361308,4,-45,-41
1739722760.9821308,-7,-15,-65
1739722761.0281308,82,0,-99
1739722761.0731306,5,25,-12
1739722761.1191306,-32,99,-84
1739722761.1651306,7,-19,-71
1739722761.2111306,22,0,-45
1739722761.2561307,36,-41,-30
1739722761.3021307,-7,-50,-114
1739722761.3481307,-1,29,-3
1739722761.3931308,-30,30,-89
1739722761.4391308,0,18,-55
1739722761.4851308,-54,24,105
1739722761.5311308,10,-24,-44
1739722761.5761306,-15,72,61
1739722761.6221306,1,14,-78
1739722761.6681306,-12,32,-35
1739722761.7131307,21,22,-98
1739722761.7591307,31,0,-122
1739722761.8051307,-34,2,-43
1739722761.8511307,-35,20,5
1739722761.8961308,-58,-2,-99
1739722761.9421306,-3,-17,0
1739722761.9881306,-24,15,29
1739722762.0331306,-78,16,-51
1739722762.0791306,-13,9,45
1739722762.125131,26,98,62
1739722762.171131,48,76,-98
1739722762.2161307,8,3,-88
1739722762.2621307,-93,5,-73
1739722762.3081307,-20,9,-145
1739722762.3531306,-78,17,-61
1739722762.3991306,2,17,21
1739722762.4451306,-72,-54,-139
1739722762.4911306,98,-5,78
1739722762.536131,-4,-66,-60
1739722762.582131,-32,17,17
1739722762.628131,78,-28,54
1739722762.6731308,-63,41,11
1739722762.7191308,-51,-7,-53
1739722762.7651308,10,-43,-4
1739722762.8111308,-81,-49,-69
1739722762.8561306,3,-51,-240
1739722762.9021306,-74,-32,37
1739722762.9481306,39,-40,16
1739722762.9931307,-8,-44,55
1739722763.0391307,-122,51,65
1739722763.0851307,-7,-19,-83
1739722763.1311307,23,-69,-106
1739722763.1761308,-64,35,17
1739722763.2221308,20,-29,-102
1739722763.2681308,-18,-47,-83
1739722763.3131306,18,28,-74
1739722763.3591306,50,-1,-48
1739722763.4051306,41,19,-178
1739722763.4511306,-19,-10,7
1739722763.4961307,-43,40,-39
1739722763.5421307,-35,-79,-43
1739722763.5881307,-21,3,41
1739722763.6331308,-93,14,11
1739722763.6791308,68,43,-90
1739722763.7251308,-62,29,87
1739722763.7711308,50,22,-128
1739722763.8161306,-10,-7,-93
1739722763.8621306,31,7,-120
1739722763.9081306,1,-43,-148
1739722763.9531307,45,-28,-6
1739722763.9991307,77,15,-6
1739722764.0451307,48,-60,-66
1739722764.0911307,26,-81,-12
1739722764.1361306,59,-38,-38
1739722764.1821306,-69,-4,-59
1739722764.2281306,-36,48,63
1739722764.273131,21,15,4
1739722764.3251307,-6,-72,-32
1739722764.3711307,-70,21,53
1739722764.4161308,23,36,50
1739722764.4621308,-114,20,-41
1739722764.5081308,-10,-22,-23
1739722764.5531306,-2,36,-54
1739722764.5981307,-3,-31,-18
1739722764.6441307,88,-70,48
1739722764.6891308,9,34,23
1739722764.7351308,17,1,2
1739722764.7811308,-28,-1,-19
1739722764.8271308,-15,43,-114
1739722764.8721306,-10,13,-112
1739722764.9181306,98,-67,-52
1739722764.9641306,-70,13,61
1739722765.0091307,-12,11,1
1739722765.0551307,-9,0,49
1739722765.1011307,106,2,-152
1739722765.1471307,-38,-9,-87
1739722765.1921306,-31,-81,25
1739722765.2381306,45,-84,-115
1739722765.2841306,-46,16,20
1739722765.3291306,2,53,48
1739722765.375131,-37,9,-47
1739722765.421131,-32,-10,63
1739722765.467131,-5,-1,43
1739722765.5121307,67,13,-8
1739722765.5581307,-12,59,59
1739722765.6041307,4,0,-56
1739722765.6491306,-44,-38,-31
1739722765.6951306,-3,21,47
1739722765.7411306,-77,39,-22
1739722765.7871306,58,63,-36
1739722765.832131,33,49,-154
1739722765.878131,55,-34,39
1739722765.924131,44,2,53
1739722765.9691308,-40,5,-136
1739722766.0151308,12,9,-110
1739722766.0611308,-85,124,-131
1739722766.1071308,10,-47,-54
1739722766.1521306,27,42,-68
1739722766.1981306,67,13,-62
1739722766.2441306,68,-19,-26
1739722766.2891307,16,38,-80
1739722766.3351307,70,25,-152
1739722766.3811307,-62,-26,-87
1739722766.4271307,26,52,-101
1739722766.4721308,-16,-49,4
1739722766.5181308,108,-43,20
1739722766.5641308,-9,7,99
1739722766.6091306,-130,-19,57
1739722766.6551306,8,-22,-98
1739722766.7011306,-7,46,31
1739722766.7461307,80,-1,-90
1739722766.7921307,17,-12,-70
1739722766.8381307,-25,26,5
1739722766.8841307,17,-83,-106
1739722766.9291308,-42,-30,-57
1739722766.9751308,-39,-57,-77
1739722767.0211308,-4,-24,39
1739722767.0661306,-66,-14,-121
1739722767.1121306,72,-45,-136
1739722767.1581306,30,-56,-192
1739722767.2041306,42,26,-36
1739722767.2491307,23,-13,-44
1739722767.2951307,-12,42,-49
1739722767.3411307,-18,-16,-98
1739722767.3861306,5,-64,32
1739722767.4321306,11,-3,-66
1739722767.4781306,26,38,-92
1739722767.5241306,-10,-56,10
1739722767.569131,-44,40,-39
1739722767.615131,-130,17,-25
1739722767.661131,-13,-74,-54
1739722767.7061307,-12,-28,-86
1739722767.7521307,-49,-2,-89
1739722767.7981308,3,-29,59
1739722767.8441308,42,35,-148
1739722767.8891306,40,-63,-36
1739722767.9351306,-42,54,-73
1739722767.9811306,16,-22,-160
1739722768.026131,71,65,-60
1739722768.072131,-18,-25,119
1739722768.1181307,11,34,-63
1739722768.1641307,0,0,0
1739722768.2091308,19,-31,-38
1739722768.2551308,-16,-8,-58
1739722768.3011308,52,-37,-50
1739722768.3461306,-20,46,-15
1739722768.3921306,-83,-3,-23
1739722768.4381306,-61,39,69
1739722768.4841306,-25,27,-191
1739722768.5291307,-61,9,-97
1739722768.5751307,38,14,-16
1739722768.6211307,70,28,-88
1739722768.6661308,32,-22,-154
1739722768.7121308,-23,3,39
1739722768.7581308,13,0,-82
1739722768.8041308,-16,-7,31
1739722768.8491306,-58,14,-11
1739722768.8951306,62,20,22
1739722768.9411306,-20,-30,19
1739722768.9861307,-9,19,-67
1739722769.0321307,-13,59,-93
1739722769.0781307,-7,33,65
1739722769.1241307,-34,25,11
1739722769.1691308,-61,64,-143
1739722769.2151306,4,2,77
1739722769.2611306,-6,-1,21
1739722769.3061306,-72,21,35
1739722769.352131,-47,33,-39
1739722769.398131,16,1,-84
1739722769.444131,10,-22,-72
1739722769.4891307,19,31,-146
1739722769.5351307,-12,-45,-36
1739722769.5811307,28,-8,121
1739722769.6261306,-40,-27,-76
1739722769.6721306,56,-13,-92
1739722769.7181306,23,-38,-54
1739722769.7641306,-8,-21,16
1739722769.809131,-51,88,194
1739722769.855131,2,-69,-70
1739722769.901131,0,4,-62
1739722769.9461308,-63,66,14
1739722769.9921308,49,61,46
1739722770.0381308,13,-27,-9
1739722770.0841308,-21,-24,-41
1739722770.1291306,34,11,94
1739722770.1751306,-15,22,-95
1739722770.2211306,-55,29,92
1739722770.2661307,1,-16,-37
1739722770.3121307,-31,72,-94
1739722770.3581307,-112,79,-126
1739722770.4041307,15,-27,-53
1739722770.4491308,-22,28,-34
1739722770.4951308,-32,62,26
1739722770.5411308,-52,69,-28
1739722770.5861306,27,50,-85
1739722770.6321306,-2,56,46
1739722770.6781306,63,36,11
1739722770.7241306,14,29,-22
1739722770.7691307,-20,-34,-59
1739722770.8151307,-5,-20,-67
1739722770.8611307,0,6,-61
1739722770.9061308,28,15,37
1739722770.9521308,-71,-6,-69
1739722770.9981308,3,65,-40
1739722771.0441308,28,54,-6
1739722771.0891306,46,10,-85
1739722771.1351306,3,-57,-21
1739722771.1811306,78,0,0
1739722771.2261307,-26,-47,60
1739722771.2721307,19,36,-185
1739722771.3181307,51,-55,-25
1739722771.3641307,-6,-34,-53
1739722771.4091306,47,76,-75
1739722771.4551306,39,8,-167
1739722771.5011306,-60,0,-53
1739722771.546131,-17,-64,57
1739722771.592131,41,-62,24
1739722771.638131,-14,45,-57
1739722771.684131,-33,3,-15
1739722771.7291307,-1,-19,-57
1739722771.7751307,29,10,42
1739722771.8211308,-58,59,-1
1739722771.8661306,-79,-1,124
1739722771.9121306,35,42,-107
1739722771.9581306,-64,-16,-60
1739722772.0041306,-49,-33,-73
1739722772.049131,47,28,13
1739722772.0951307,23,-7,17
1739722772.1411307,40,-8,95
1739722772.1861308,29,29,-113
1739722772.2321308,-25,41,-94
1739722772.2781308,31,-38,-8
1739722772.3241308,5,-10,-58
1739722772.3691306,-36,69,-105
1739722772.4151306,44,35,-40
1739722772.4611306,2,-20,-68
1739722772.5061307,-25,-23,-110
1739722772.5521307,48,-42,-38
1739722772.5981307,10,0,8
1739722772.6441307,-20,-55,-148
1739722772.6891308,34,69,-96
1739722772.7351308,-35,32,-39
1739722772.7811308,-5,-7,27
1739722772.8261306,-4,-4,-42
1739722772.8721306,17,36,-58
1739722772.9181306,24,20,-86
1739722772.9641306,-22,20,-77
1739722773.0091307,-15,-9,-35
1739722773.0551307,-3,-31,41
1739722773.1011307,14,33,-26
1739722773.1461308,-8,20,-55
1739722773.1921306,-23,-19,-59
1739722773.2381306,-51,46,-49
1739722773.2841306,-49,-23,-79
1739722773.3291306,70,49,-124
1739722773.375131,60,-3,62
1739722773.421131,-42,-26,-1
1739722773.4661307,-73,-20,-27
1739722773.5121307,68,-58,-8
1739722773.5581307,8,-19,-14
1739722773.6041307,34,78,18
1739722773.6491306,91,-19,-60
1739722773.6951306,19,29,-66
1739722773.7411306,12,20,62
1739722773.786131,23,-85,-44
1739722773.832131,-88,9,-45
1739722773.878131,9,-54,-82
1739722773.924131,-7,-53,41
1739722773.9691308,-103,-1,31
1739722774.0151308,-4,-29,29
1739722774.0611308,-63,-21,9
1739722774.1061306,-51,15,-21
1739722774.1521306,-51,-22,39
1739722774.1981306,28,18,-102
1739722774.2441306,-8,-9,-105
1739722774.2891307,9,18,-32
1739722774.3411307,64,22,-54
1739722774.3861306,-47,-46,-11
1739722774.4321306,17,-23,-42
1739722774.4781306,-29,-7,-95
1739722774.5241306,-21,20,-45
1739722774.569131,-49,-31,-19
1739722774.615131,90,-52,-132
1739722774.661131,-25,83,-18
1739722774.7061307,-1,64,-8
1739722774.7521307,-87,66,-131
1739722774.7981308,45,20,-42
1739722774.8441308,9,-22,57
1739722774.8891306,25,-70,-57
1739722774.9351306,-5,-3,36
1739722774.9811306,-81,36,-36
1739722775.026131,-13,18,98
1739722775.072131,-17,-56,-6
1739722775.1181307,-35,98,80
1739722775.1641307,-79,74,-50
1739722775.2091308,-30,49,2
1739722775.2551308,-23,5,86
1739722775.3011308,12,93,-105
1739722775.3461306,23,-54,-151
1739722775.3921306,50,44,-141
1739722775.4381306,15,14,-35
1739722775.4841306,-88,10,102
1739722775.5291307,-78,32,-92
1739722775.5751307,-43,18,-34
1739722775.6211307,81,-13,-51
1739722775.6661308,-42,23,-46
1739722775.7121308,-84,6,38
1739722775.7581308,-25,-44,-21
1739722775.8041308,75,-60,17
1739722775.8491306,29,-5,-19
1739722775.8951306,49,-16,-111
1739722775.9411306,-18,-64,-45
1739722775.9861307,0,39,-107
1739722776.0321307,-14,3,-131
1739722776.0781307,-15,55,-66
1739722776.1241307,-45,4,-155
1739722776.1691308,21,-42,63
1739722776.2151306,39,-23,-69
1739722776.2611306,12,29,-93
1739722776.3061306,10,-5,-145
1739722776.352131,-34,-10,-65
1739722776.398131,47,30,-119
1739722776.444131,-4,57,-60
1739722776.4891307,21,25,-65
1739722776.5351307,28,-39,35
1739722776.5811307,-6,-24,-1
1739722776.6261306,-78,51,-98
1739722776.6721306,21,-50,35
1739722776.7181306,-53,88,10
1739722776.763131,14,-15,-7
1739722776.809131,-11,13,-131
1739722776.855131,8,45,-8
1739722776.901131,77,12,146
1739722776.9461308,21,-52,-71
1739722776.9921308,-23,-52,19
1739722777.0381308,-19,-55,-147
1739722777.0831306,33,-51,-87
1739722777.1291306,-4,-39,-97
1739722777.1751306,-4,-24,-75
1739722777.2211306,-26,13,-83
1739722777.2661307,-14,34,8
1739722777.3121307,68,-14,42
1739722777.3581307,-32,-25,11
1739722777.4031308,-50,-22,-145
1739722777.4491308,36,5,-175
1739722777.4951308,-47,-3,-39
1739722777.5411308,-20,-43,35
1739722777.5861306,10,-53,45
1739722777.6321306,-19,-55,-21
1739722777.6781306,33,-20,-29
1739722777.7231307,-125,-7,0
1739722777.7691307,10,-7,-23
1739722777.8151307,-71,29,-38
1739722777.8611307,11,11,-77
1739722777.9061308,19,27,-53
1739722777.9521308,75,-91,37
1739722777.9981308,9,12,-91
1739722778.0431306,1,-57,-67
1739722778.0891306,69,4,-27
1739722778.1351306,31,-46,-33
1739722778.1811306,39,8,30
1739722778.2261307,-52,-7,-97
1739722778.2721307,-79,25,-54
1739722778.3181307,-23,-5,-45
1739722778.3631306,-24,35,-2
1739722778.4091306,-21,-30,-31
1739722778.4551306,41,-6,-65
1739722778.5011306,-33,25,-70
1739722778.546131,-23,1,-55
1739722778.592131,-14,-50,-163
1739722778.638131,-38,-17,-229
1739722778.6831307,91,48,-107
1739722778.7291307,46,-34,-141
1739722778.7751307,-75,8,-115
1739722778.8211308,-15,33,-157
1739722778.8661306,47,-17,-107
1739722778.9121306,-4,-16,1
1739722778.9581306,-2,-16,-15
1739722779.003131,-34,23,-61
1739722779.049131,66,-29,-193
1739722779.0951307,54,24,-9
1739722779.1411307,-17,25,-73
1739722779.1861308,-78,-58,31
1739722779.2321308,-56,-23,-79
1739722779.2781308,40,-49,-3
1739722779.3231306,-5,-43,-107
1739722779.3691306,-9,8,28
1739722779.4151306,-18,28,-93
1739722779.4611306,-128,-32,-77
1739722779.5061307,-44,82,-33
1739722779.5521307,-40,72,-7
1739722779.5981307,-55,-38,18
1739722779.6431308,78,-35,-77
1739722779.6891308,-32,-67,-103
1739722779.7351308,22,68,-111
1739722779.7811308,76,-47,-69
1739722779.8261306,11,-9,-33
1739722779.8721306,-38,3,10
1739722779.9181306,-65,-13,-187
1739722779.9631307,24,-31,-33
1739722780.0091307,30,25,-21
1739722780.0551307,-36,-44,-71
1739722780.1011307,-17,29,-51
1739722780.1461308,-26,-20,-12
1739722780.1921306,31,-14,-23
1739722780.2381306,61,58,-71
1739722780.2831306,0,48,-155
1739722780.3291306,-33,42,-11
1739722780.375131,-65,5,-71
1739722780.421131,-105,17,-157
1739722780.4661307,73,18,-26
1739722780.5121307,-61,1,-191
1739722780.5581307,47,45,-43
1739722780.6031306,14,7,-97
1739722780.6491306,-7,5,-83
1739722780.6951306,0,39,28
1739722780.7411306,45,23,98
1739722780.786131,37,-53,-61
1739722780.832131,15,-26,-89
1739722780.878131,17,49,82
1739722780.9231308,-48,-24,5
1739722780.9691308,-44,-27,-121
1739722781.0151308,-1,4,32
1739722781.0611308,19,-4,-61
1739722781.1061306,52,-34,-20
1739722781.1521306,74,23,-11
1739722781.1981306,9,13,-23
1739722781.2431307,67,-15,-103
1739722781.2891307,-69,41,-75
1739722781.3351307,-49,-7,56
1739722781.3811307,8,53,-41
1739722781.4261308,-16,56,-101
1739722781.4721308,38,-34,34
1739722781.5181308,69,-103,-79
1739722781.5631306,-39,20,36
1739722781.6091306,-47,33,-85
1739722781.6551306,13,19,-55
1739722781.7011306,0,21,-67
1739722781.7461307,-76,-45,14
1739722781.7921307,53,-35,24
1739722781.8381307,-27,77,-83
1739722781.8831308,0,-69,38
1739722781.9291308,3,21,-152
1739722781.9751308,0,35,-15
1739722782.0211308,-52,-73,13
1739722782.0661306,-38,57,-100
1739722782.1121306,127,32,-44
1739722782.1581306,-67,-20,-15
1739722782.2031307,0,-7,-64
1739722782.2491307,31,51,-82
1739722782.2951307,34,-51,-15
1739722782.3411307,12,-3,111
1739722782.3861306,7,45,-48
1739722782.4321306,-26,-6,95
1739722782.4781306,-114,-18,-51
1739722782.523131,93,-50,-40
1739722782.569131,14,18,24
1739722782.615131,-90,30,-31
1739722782.661131,0,109,27
1739722782.7061307,9,-51,10
1739722782.7521307,39,53,-142
1739722782.7981308,-41,42,-7
1739722782.8431306,-72,42,-29
1739722782.8891306,48,26,40
1739722782.9351306,66,-53,-2
1739722782.9811306,48,51,-36
1739722783.026131,-59,-47,65
1739722783.072131,43,-31,-2
1739722783.1181307,57,36,0
1739722783.1631308,4,-76,-98
1739722783.2091308,-59,42,25
1739722783.2551308,-110,35,-63
1739722783.3011308,-34,-27,31
1739722783.3461306,16,-5,-10
1739722783.3921306,-21,-82,-29
1739722783.4381306,-35,-1,-149
1739722783.4831307,-32,-27,-159
1739722783.5291307,8,41,-68
1739722783.5751307,-40,-44,-65
1739722783.6211307,-26,23,-47
1739722783.6661308,45,-21,-28
1739722783.7121308,-1,81,-66
1739722783.7581308,97,19,-122
1739722783.8031306,-11,48,-53
1739722783.8491306,-68,15,-117
1739722783.8951306,-19,29,-69
1739722783.9411306,-51,-7,-11
1739722783.9861307,-45,30,-171
1739722784.0321307,91,-31,30
1739722784.0781307,-65,19,-61
1739722784.1231308,49,-26,118
1739722784.1691308,40,-36,-120
1739722784.2151306,-23,-34,-11
1739722784.2611306,9,-7,12
1739722784.3061306,-26,-29,-7
1739722784.3581307,3,-6,12
1739722784.4031308,22,27,-40
1739722784.4491308,21,37,-44
1739722784.4951308,-11,-16,81
1739722784.5411308,-88,29,-115
1739722784.5861306,7,-40,100
1739722784.6321306,47,-22,-2
1739722784.6781306,-32,-10,-29
1739722784.7231307,-4,1,-35
1739722784.7691307,41,-53,-162
1739722784.8151307,43,-1,-14
1739722784.8611307,33,47,-66
1739722784.9061308,-39,0,55
1739722784.9521308,-9,12,-41
1739722784.9981308,-49,17,-173
1739722785.0431306,6,25,-48
1739722785.0891306,46,-21,-82
1739722785.1351306,-20,0,-55
1739722785.1811306,0,-17,25
1739722785.2261307,11,17,86
1739722785.2721307,-35,82,-55
1739722785.3181307,37,-49,74
1739722785.3631306,-15,19,-129
1739722785.4091306,-20,56,107
1739722785.4551306,-37,-10,77
1739722785.5011306,12,69,124
1739722785.546131,-13,18,-87
1739722785.592131,-40,9,-27
1739722785.638131,3,9,-36
1739722785.6831307,57,57,-98
1739722785.7291307,-33,-41,-97
1739722785.7751307,22,101,-24
1739722785.8211308,41,51,4
1739722785.8661306,3,-6,6
1739722785.9121306,52,-39,42
1739722785.9581306,-33,-25,21
1739722786.003131,-50,34,71
1739722786.049131,14,20,-4
1739722786.0951307,-21,10,17
1739722786.1411307,11,-13,-16
1739722786.1861308,-27,22,-150
1739722786.2321308,-16,-30,-85
1739722786.2781308,-5,-6,-49
1739722786.3231306,9,60,-59
1739722786.3691306,-10,5,74
1739722786.4151306,49,81,9
1739722786.4611306,18,12,-21
1739722786.5061307,5,52,-41
1739722786.5521307,21,-1,102
1739722786.5981307,43,42,-85
1739722786.6431308,-83,28,56
1739722786.6891308,-15,-5,36
1739722786.7351308,-37,16,-70
1739722786.7801306,38,-83,33
1739722786.8261306,33,-26,-131
1739722786.8721306,-78,55,-68
1739722786.9181306,20,29,62
1739722786.9631307,9,69,-81
1739722787.0091307,16,30,-31
1739722787.0551307,12,9,-83
1739722787.1001308,-47,-40,-48
1739722787.1461308,11,-24,3
1739722787.1921306,-17,29,-10
1739722787.2381306,23,-15,29
1739722787.2831306,33,59,136
1739722787.3291306,2,-34,-69
1739722787.375131,25,36,-53
1739722787.4201307,7,66,-63
1739722787.4661307,0,-9,-95
1739722787.5121307,-36,-26,-14
1739722787.5581307,-53,-13,-126
1739722787.6031306,45,-12,-15
1739722787.6491306,-6,16,-97
1739722787.6951306,-60,28,-141
1739722787.740131,-68,30,-94
1739722787.786131,19,30,-157
1739722787.832131,-93,45,-10
1739722787.878131,-8,70,-65
1739722787.9231308,-47,24,-86
1739722787.9691308,9,65,-119
1739722788.0151308,-19,-35,-18
1739722788.0601306,-22,-7,-76
1739722788.1061306,117,-29,-149
1739722788.1521306,-55,39,-38
1739722788.1981306,6,-118,-56
1739722788.2431307,17,-7,-121
1739722788.2891307,56,86,5
1739722788.3351307,56,-10,-67
1739722788.3801308,-50,-66,-108
1739722788.4261308,-22,72,136
1739722788.4721308,-24,10,4
1739722788.5181308,14,-19,-177
1739722788.5631306,14,54,31
1739722788.6091306,35,-49,-105
1739722788.6551306,-31,14,-46
1739722788.7001307,37,83,-29
1739722788.7461307,0,-21,-237
1739722788.7921307,-76,-117,-136
1739722788.8381307,-59,102,66
1739722788.8831308,32,1,-105
1739722788.9291308,-24,23,-83
1739722788.9751308,23,14,-55
1739722789.0201306,31,15,-59
1739722789.0661306,-51,2,-2
1739722789.1121306,-20,15,-52
1739722789.1581306,68,67,-81
1739722789.2031307,-22,-76,28
1739722789.2491307,-9,9,-75
1739722789.2951307,0,-8,-45
1739722789.3401306,-123,104,-80
1739722789.3861306,-131,83,-100
1739722789.4321306,-34,12,-193
1739722789.4781306,-27,91,-84
1739722789.523131,-30,-29,78
1739722789.569131,51,18,-111
1739722789.615131,67,16,-29
1739722789.6601307,3,69,83
1739722789.7061307,-49,-7,2
1739722789.7521307,22,-20,-69
1739722789.7981308,8,11,17
1739722789.8431306,2,8,-179
1739722789.8891306,-12,8,-119
1739722789.9351306,123,-76,-73
1739722789.980131,48,-55,-63
1739722790.026131,-1,-6,36
1739722790.072131,-5,48,-7
1739722790.1181307,20,-144,-99
1739722790.1631308,69,23,-83
1739722790.2091308,34,-30,-23
1739722790.2551308,-31,-17,18
1739722790.3001306,13,-108,-85
1739722790.3461306,-67,-35,-104
1739722790.3921306,61,-12,61
1739722790.4381306,38,87,-151
1739722790.4831307,-22,22,-7
1739722790.5291307,-57,-54,33
1739722790.5751307,-36,-45,-103
1739722790.6201308,-22,32,-84
1739722790.6661308,29,-7,-128
1739722790.7121308,22,-5,-2
1739722790.7581308,-5,32,-128
1739722790.8031306,-13,-26,-7
1739722790.8491306,-10,23,-31
1739722790.8951306,-68,22,-27
1739722790.9401307,81,-49,-8
1739722790.9861307,16,-42,-78
1739722791.0321307,87,-88,26
1739722791.0781307,29,-70,-146
1739722791.1231308,47,-2,-30
1739722791.1691308,-2,0,-1
1739722791.2151306,57,-47,-94
1739722791.2601306,67,-25,4
1739722791.3061306,24,63,-16
1739722791.352131,-8,8,-72
1739722791.398131,17,-63,-60
1739722791.4431307,132,20,-4
1739722791.4891307,14,-50,16
1739722791.5351307,27,-18,-64
1739722791.5801306,24,-34,-114
1739722791.6261306,-26,11,-13
1739722791.6721306,-70,15,81
1739722791.7161307,24,32,-24
1739722791.7621307,-17,-10,141
1739722791.8081307,29,-10,-94
1739722791.8541307,19,30,0
1739722791.8991306,-53,-7,-81
1739722791.9451306,90,-5,-124
1739722791.9911306,20,-5,-62
1739722792.036131,-50,60,-97
1739722792.082131,-9,89,11
1739722792.128131,-8,-36,-31
1739722792.174131,-17,35,19
1739722792.2191308,123,-52,-98
1739722792.2651308,-33,7,-122
1739722792.3111308,-5,-22,-45
1739722792.3561306,-31,60,-61
1739722792.4021306,-68,-24,-97
1739722792.4481306,-44,4,65
1739722792.4941306,-6,-17,-65
1739722792.5391307,-12,32,11
1739722792.5851307,28,48,2
1739722792.6311307,-10,-23,0
1739722792.6761308,6,-33,-45
1739722792.7221308,30,-106,-18
1739722792.7681308,-13,73,-69
1739722792.8141308,-52,-3,-43
1739722792.8591306,35,-3,-110
1739722792.9051306,-11,-20,-80
1739722792.9511306,32,-38,-30
1739722792.9961307,-3,27,-28
1739722793.0421307,27,-95,-156
1739722793.0881307,-58,46,29
1739722793.1341307,-43,94,0
1739722793.1791308,48,7,-12
1739722793.2251308,-9,1,-124
1739722793.2711308,-30,-21,-25
1739722793.3161306,-58,98,-109
1739722793.3621306,0,-21,21
1739722793.4081306,16,57,-24
1739722793.4541306,40,32,-164
1739722793.4991307,-22,-77,-55
1739722793.5451307,-50,26,13
1739722793.5911307,30,63,-22
1739722793.6361306,-45,-64,13
1739722793.6821306,-50,20,-79
1739722793.7281306,-9,42,-1
1739722793.7741306,15,-6,-40
1739722793.819131,-40,82,-109
1739722793.865131,45,-57,-80
1739722793.911131,11,41,64
1739722793.9561307,-13,10,19
1739722794.0021307,-3,9,-80
1739722794.0481308,-36,-14,-25
1739722794.0941308,-61,-20,67
1739722794.1391306,-14,-33,21
1739722794.1851306,-45,95,-21
1739722794.2311306,-98,-43,-83
1739722794.276131,2,55,78
1739722794.322131,-48,43,-122
1739722794.3741307,38,-13,-72
1739722794.4191308,18,77,-19
1739722794.4651306,0,8,-65
1739722794.5111306,34,3,29
1739722794.5561306,-38,-30,4
1739722794.602131,-40,10,-20
1739722794.648131,35,-12,51
1739722794.694131,-2,68,-119
1739722794.7391307,-35,-18,-94
1739722794.7851307,30,-13,-151
1739722794.8311307,-74,0,-66
1739722794.8761306,-55,89,16
1739722794.9221306,-41,-70,-2
1739722794.9681306,140,18,-65
1739722795.0141306,52,39,1
1739722795.059131,8,32,-59
1739722795.105131,69,2,11
1739722795.151131,42,63,97
1739722795.1961308,-29,-65,-80
1739722795.2421308,4,-26,110
1739722795.2881308,-29,-18,10
1739722795.3331306,94,-44,-5
1739722795.3791306,10,19,-23
1739722795.4251306,-25,-8,-47
1739722795.4711306,21,23,3
1739722795.5161307,37,-1,9
1739722795.5621307,0,-17,-53
1739722795.6081307,-53,-36,-121
1739722795.6541307,40,39,-133
1739722795.6991308,-7,-14,-85
1739722795.7451308,-72,32,46
1739722795.7911308,-4,-11,36
1739722795.8361306,-34,-3,58
1739722795.8821306,-20,15,-18
1739722795.9281306,-30,24,60
1739722795.9741306,2,28,30
1739722796.0201306,-34,-8,-125
1739722796.0661306,-19,-18,-55
1739722796.1121306,-22,32,-28
1739722796.1581306,-58,-105,-59
1739722796.2031307,-47,-52,-99
1739722796.2491307,30,-21,62
1739722796.2951307,5,19,-101
1739722796.3401306,-3,2,-169
1739722796.3861306,-7,-20,-9
1739722796.4321306,-55,2,116
1739722796.4781306,-9,128,-99
1739722796.523131,-47,10,33
1739722796.569131,-71,-26,-31
1739722796.615131,17,-27,78
1739722796.6601307,-17,-3,-143
1739722796.7061307,9,22,30
1739722796.7521307,-27,63,106
1739722796.7971306,-43,50,-20
1739722796.8431306,-61,13,-153
1739722796.8891306,-58,8,-107
1739722796.9351306,-53,59,44
1739722796.980131,50,9,18
1739722797.026131,-17,-23,-79
1739722797.072131,-71,1,-19
1739722797.1171308,-56,-6,-63
1739722797.1631308,29,-7,28
1739722797.2091308,-89,0,-61
1739722797.2551308,-32,-2,-4
1739722797.3001306,-100,42,-2
1739722797.3461306,42,32,52
1739722797.3921306,20,66,-39
1739722797.4371307,30,116,-18
1739722797.4831307,-80,-29,-37
1739722797.5291307,6,-62,-11
1739722797.5751307,-7,-23,68
1739722797.6201308,-13,55,-33
1739722797.6661308,30,-23,-168
1739722797.7121308,67,-66,-18
1739722797.7571306,105,0,-40
1739722797.8031306,29,19,37
1739722797.8491306,9,28,11
1739722797.8951306,17,18,-73
1739722797.9401307,-21,-80,58
1739722797.9861307,-7,-67,2
1739722798.0321307,-33,74,-57
1739722798.0771308,4,-37,-50
1739722798.1231308,-15,-46,-214
1739722798.1691308,74,-30,-58
1739722798.2151306,-10,-35,2
1739722798.2601306,35,-14,-24
1739722798.3061306,44,-27,-60
1739722798.352131,-26,21,-41
1739722798.3971307,-43,-18,0
1739722798.4431307,16,-21,-136
1739722798.4891307,16,-48,-148
1739722798.5351307,-70,66,-119
1739722798.5801306,-23,-7,-43
1739722798.6261306,-41,52,-121
1739722798.6721306,-15,22,-97
1739722798.717131,61,107,63
1739722798.763131,32,-79,-12
1739722798.809131,30,62,-93
1739722798.855131,75,-35,-126
1739722798.9001307,-26,6,-35
1739722798.9461308,112,-34,48
1739722798.9921308,-76,-11,-73
1739722799.0371306,-12,-18,0
1739722799.0831306,47,24,-21
1739722799.1291306,90,38,-86
1739722799.1751306,27,58,7
1739722799.2201307,99,25,-84
1739722799.2661307,-8,-40,22
1739722799.3121307,-15,72,23
1739722799.3571308,-33,64,-139
1739722799.4031308,-83,-16,-81
1739722799.4491308,59,-18,-108
1739722799.4951308,-13,30,-21
1739722799.5401306,-42,23,-5
1739722799.5861306,57,-2,-28
1739722799.6321306,32,-20,70
1739722799.6771307,5,6,9
1739722799.7231307,22,-15,-126
1739722799.7691307,-48,-6,-70
1739722799.8151307,-28,148,-67
1739722799.8601308,-23,31,-67
1739722799.9061308,16,-56,-80
1739722799.9521308,59,106,-27
1739722799.9971306,-59,-3,-57
1739722800.0431306,-15,-17,-72
1739722800.0891306,-96,0,-92
1739722800.1351306,-6,-57,34
1739722800.1801307,-82,-4,-116
1739722800.2261307,49,-71,46
1739722800.2721307,25,34,-11
1739722800.3171306,74,-9,-86
1739722800.3631306,-27,-12,-33
1739722800.4091306,-53,-49,20
1739722800.4551306,50,17,-18
1739722800.500131,11,-35,-53
1739722800.546131,-19,44,42
1739722800.592131,-96,-17,-111
1739722800.6371307,3,40,168
1739722800.6831307,11,-32,128
1739722800.7291307,41,-90,-41
1739722800.7751307,-35,19,-56
1739722800.8201306,-38,-24,-45
1739722800.8661306,30,-44,39
1739722800.9121306,7,0,72
1739722800.957131,-38,-30,-95
1739722801.003131,-62,90,22
1739722801.049131,21,-45,23
1739722801.0951307,-6,-24,-17
1739722801.1401308,-1,43,-50
1739722801.1861308,-14,55,-2
1739722801.2321308,44,23,9
1739722801.2771306,-73,-37,-104
1739722801.3231306,-1,-8,-65
1739722801.3691306,22,-11,-93
1739722801.4151306,27,44,-11
1739722801.4601307,-64,0,30
1739722801.5061307,-38,2,-52
1739722801.5521307,40,-15,-83
1739722801.5971308,-41,-6,-36
1739722801.6431308,-66,-24,-84
1739722801.6891308,-21,-26,68
1739722801.7351308,-29,6,18
1739722801.7801306,9,24,21
1739722801.8261306,16,-17,-69
1739722801.8721306,-31,28,-211
1739722801.9171307,-35,-8,14
1739722801.9631307,-10,69,-103
1739722802.0091307,5,37,-21
1739722802.0551307,-92,40,-44
1739722802.1001308,-42,27,-80
1739722802.1461308,-36,75,-39
1739722802.1921306,8,-27,-39
1739722802.2371306,-32,-21,-62
1739722802.2831306,25,-7,-65
1739722802.3291306,27,-53,-35
1739722802.375131,53,101,-75
1739722802.4201307,-56,1,-205
1739722802.4661307,-41,25,-20
1739722802.5121307,-16,66,-30
1739722802.5571306,81,-13,-109
1739722802.6031306,49,55,154
1739722802.6491306,-16,-4,-93
1739722802.6951306,26,-49,-5
1739722802.740131,108,-18,-65
1739722802.786131,-2,0,-117
1739722802.832131,-62,-24,-77
1739722802.8771307,1,61,-67
1739722802.9231308,-30,-73,-57
1739722802.9691308,6,68,-42
1739722803.0151308,110,-91,-133
1739722803.0601306,75,-5,40
1739722803.1061306,36,4,-157
1739722803.1521306,-61,6,-16
1739722803.197131,18,0,-25
1739722803.2431307,-24,0,1
1739722803.2891307,-43,-20,51
1739722803.3351307,12,-16,70
1739722803.3801308,-30,28,-72
1739722803.4261308,15,-65,22
1739722803.4721308,5,-27,-48
1739722803.5171306,-21,31,75
1739722803.5631306,-25,-13,-78
1739722803.6091306,6,-30,-6
1739722803.6551306,-72,1,2
1739722803.7001307,44,-35,-182
1739722803.7461307,-19,-21,-58
1739722803.7921307,34,-2,-56
1739722803.8371308,-3,60,-29
1739722803.8831308,49,40,69
1739722803.9291308,113,54,-75
1739722803.9751308,-58,58,-57
1739722804.0201306,10,-22,-46
1739722804.0661306,0,-5,-38
1739722804.1121306,24,20,-14
1739722804.1571307,11,17,-6
1739722804.2031307,-40,33,-78
1739722804.2491307,4,81,51
1739722804.2951307,86,37,39
1739722804.3461306,-4,-73,45
1739722804.3921306,-10,69,-6
1739722804.4371307,11,60,-52
1739722804.4831307,-46,-12,-16
1739722804.5291307,67,29,-93
1739722804.5751307,45,77,-69
1739722804.6201308,-15,16,-96
1739722804.6661308,-42,27,-8
1739722804.7121308,27,-13,-88
1739722804.7571306,52,17,-51
1739722804.8031306,-63,31,-112
1739722804.8491306,97,55,-83
1739722804.8951306,-22,-28,-190
1739722804.9401307,23,-4,-20
1739722804.9861307,-52,-14,-84
1739722805.0321307,53,-96,-116
1739722805.0771308,-62,-26,-124
1739722805.1231308,-37,-18,-53
1739722805.1691308,47,43,16
1739722805.2151306,76,-29,-78
1739722805.2601306,9,18,-70
1739722805.3061306,-6,-60,5
1739722805.352131,49,89,-94
1739722805.3971307,-14,1,-4
1739722805.4431307,32,-22,-1
1739722805.4891307,-24,94,44
1739722805.5351307,7,-23,-1
1739722805.5801306,-112,29,12
1739722805.6261306,2,-17,-57
1739722805.6721306,5,67,34
1739722805.717131,-5,-25,15
1739722805.763131,-54,-34,-13
1739722805.809131,0,-27,-122
1739722805.855131,6,-20,-79
1739722805.9001307,-14,85,-2
1739722805.9461308,-36,58,-98
1739722805.9921308,38,-31,-66
1739722806.0371306,-60,-16,-101
1739722806.0831306,-36,-5,51
1739722806.1291306,-36,-20,17
1739722806.1751306,80,74,-160
1739722806.2201307,-73,27,-175
1739722806.2661307,-20,-32,-27
1739722806.3121307,48,6,30
1739722806.3571308,3,-6,-42
1739722806.4031308,33,28,64
1739722806.4491308,-2,-8,-29
1739722806.4951308,-37,-18,-103
1739722806.5401306,-53,18,137
1739722806.5861306,-10,17,-108
1739722806.6321306,45,4,-66
1739722806.6771307,-14,24,42
1739722806.7231307,-85,-9,71
1739722806.7691307,8,57,-56
1739722806.8141308,76,-18,-6
1739722806.8601308,-87,11,-109
1739722806.9061308,-13,-53,-67
1739722806.9521308,-52,4,-25
1739722806.9971306,78,20,38
1739722807.0431306,1,20,-34
1739722807.0891306,-93,-26,0
1739722807.1341307,-7,20,7
1739722807.1791308,-12,100,48
1739722807.2251308,-16,22,-67
1739722807.2701306,-49,126,-19
1739722807.3161306,14,12,66
1739722807.3621306,-18,-31,0
1739722807.4081306,-30,-13,-196
1739722807.4531307,-86,-13,60
1739722807.4991307,9,1,-1
1739722807.5451307,0,-1,-105
1739722807.5901306,-21,-65,-4
1739722807.6361306,60,-16,-89
1739722807.6821306,-41,16,-54
1739722807.7281306,-21,-49,-52
1739722807.773131,-29,30,66
1739722807.819131,-24,-68,-48
1739722807.865131,1,14,-61
1739722807.9101307,-6,-51,-48
1739722807.9561307,27,-10,-107
1739722808.0021307,-51,34,-24
1739722808.0481308,17,1,-89
1739722808.0931306,-22,-46,-36
1739722808.1391306,104,-38,-87
1739722808.1851306,-27,-66,-62
1739722808.230131,7,93,-5
1739722808.276131,87,-32,-53
1739722808.322131,-43,-8,-30
1739722808.3681307,-5,34,-31
1739722808.4131308,15,24,-195
1739722808.4591308,79,-2,-55
1739722808.5051308,-15,10,-113
1739722808.5501306,-54,-11,-4
1739722808.5961306,-69,-36,28
1739722808.6421306,-81,29,-52
1739722808.6881306,13,25,-113
1739722808.7331307,43,36,-33
1739722808.7791307,-4,21,6
1739722808.8251307,-12,-23,-65
1739722808.8701308,3,-84,-40
1739722808.9161308,10,-25,-103
1739722808.9621308,-42,-2,-173
1739722809.0081308,18,-5,-25
1739722809.0531306,33,-40,-25
1739722809.0991306,-103,15,-4
1739722809.1451306,129,25,-111
1739722809.1901307,-54,14,-106
1739722809.2361307,2,32,-31
1739722809.2821307,1,69,-33
1739722809.3281307,61,-37,-47
1739722809.3731308,-6,55,17
1739722809.4191308,111,12,-51
1739722809.4651306,18,-5,-83
1739722809.5101306,-17,-19,-32
1739722809.5561306,17,49,-71
1739722809.602131,35,116,-63
1739722809.648131,-46,20,-257
1739722809.6931307,-83,92,-25
1739722809.7391307,-53,40,-127
1739722809.7851307,34,57,-9
1739722809.8301306,-12,-30,-69
1739722809.8761306,-63,11,-32
1739722809.9221306,-57,31,10
1739722809.9681306,-51,23,-86
1739722810.013131,-7,67,60
1739722810.059131,9,-24,-29
1739722810.105131,-28,-53,-100
1739722810.1501307,-33,12,24
1739722810.1961308,39,-11,63
1739722810.2421308,44,-1,-55
1739722810.2881308,66,19,-49
1739722810.3331306,-50,-33,-150
1739722810.3791306,6,-1,-21
1739722810.4251306,58,5,63
1739722810.4701307,-82,33,-124
1739722810.5161307,-51,17,-46
1739722810.5621307,-8,37,-15
1739722810.6081307,39,28,-133
1739722810.6531308,-71,91,-118
1739722810.6991308,-2,-52,-135
1739722810.7451308,0,1,-79
1739722810.7901306,19,90,-27
1739722810.8361306,-28,11,34
1739722810.8821306,26,-6,-201
1739722810.9281306,7,68,-65
1739722810.9731307,24,41,-3
1739722811.0191307,-65,35,-162
1739722811.0651307,23,-32,-67
1739722811.1101308,-23,35,38
1739722811.1561308,-18,-27,-53
1739722811.2021308,50,-24,29
1739722811.2481308,94,-52,-163
1739722811.2931306,15,-14,-14
1739722811.3391306,12,25,92
1739722811.3851306,-91,68,51
1739722811.4301307,86,17,-39
1739722811.4761307,8,27,-41
1739722811.5221307,-12,22,-123
1739722811.5681307,-35,-3,-89
1739722811.6131306,-55,25,-59
1739722811.6591306,-53,15,26
1739722811.7051306,-2,-30,-118
1739722811.750131,46,24,1
1739722811.796131,-1,-18,-6
1739722811.842131,-48,59,-107
1739722811.888131,-51,55,-43
1739722811.9331307,-22,54,-85
1739722811.9791307,-10,16,56
1739722812.0251307,73,54,-69
1739722812.0701306,-32,-20,-69
1739722812.1161306,-16,54,-61
1739722812.1621306,-2,4,-115
1739722812.2081306,-15,45,-63
1739722812.253131,18,-12,26
1739722812.299131,-15,-36,-20
1739722812.3451307,5,52,-93
1739722812.3901308,41,22,-127
1739722812.4361308,-38,57,-32
1739722812.4821308,10,-3,-29
1739722812.5281308,30,49,74
1739722812.5731306,-90,-78,-68
1739722812.6191306,-9,-12,-24
1739722812.6651306,-68,16,-122
1739722812.7101307,-21,-28,-97
1739722812.7561307,2,-26,-71
1739722812.8021307,-20,2,-86
1739722812.8481307,-42,-18,-8
1739722812.8931308,-3,-6,-85
1739722812.9391308,-5,-14,-63
1739722812.9851308,15,-1,5
1739722813.0301306,0,37,29
1739722813.0761306,6,19,-59
1739722813.1221306,-41,23,-105
1739722813.1681306,49,-20,-63
1739722813.2131307,-7,12,-22
1739722813.2591307,-23,-5,-26
1739722813.3051307,-36,-45,-30
1739722813.3501308,22,18,-36
1739722813.3961308,-29,86,-115
1739722813.4421306,-8,-58,-74
1739722813.4881306,-4,-18,-46
1739722813.5331306,-12,3,-12
1739722813.5791306,21,-51,22
1739722813.625131,-24,-9,19
1739722813.6701307,63,-65,-29
1739722813.7161307,44,-97,-21
1739722813.7621307,-22,-19,3
1739722813.8081307,53,23,79
1739722813.8531306,-51,13,-70
1739722813.8991306,77,33,-149
1739722813.9451306,46,41,-115
1739722813.990131,-9,-35,28
1739722814.036131,50,57,23
1739722814.082131,41,-46,-86
1739722814.128131,34,-18,-6
1739722814.1731308,36,52,-43
1739722814.2191308,-30,36,13
1739722814.2651308,-64,33,55
1739722814.3101306,-42,79,21
1739722814.3621306,33,3,-42
1739722814.4081306,19,5,-78
1739722814.4531307,50,26,-136
1739722814.4991307,-53,10,25
1739722814.5451307,-30,-26,2
1739722814.5901306,0,-31,-72
1739722814.6361306,-30,14,15
1739722814.6821306,49,102,-81
1739722814.7281306,-30,-73,56
1739722814.773131,-28,7,-9
1739722814.819131,-52,65,-19
1739722814.865131,6,-23,-82
1739722814.9101307,47,24,55
1739722814.9561307,0,-2,-26
1739722815.0021307,1,5,-114
1739722815.0481308,34,30,-91
1739722815.0931306,-16,45,-39
1739722815.1391306,46,-68,-44
1739722815.1851306,-8,43,-39
1739722815.230131,88,18,28
1739722815.276131,26,-32,-14
1739722815.322131,-59,79,-125
1739722815.3681307,7,8,-98
1739722815.4131308,-83,-20,-67
1739722815.4591308,-23,-41,-76
1739722815.5051308,38,-35,-56
1739722815.5501306,12,25,-31
1739722815.5961306,-22,28,35
1739722815.6421306,-22,11,39
1739722815.6881306,-21,73,-131
1739722815.7331307,19,57,-65
1739722815.7791307,-10,-4,-11
1739722815.8251307,-81,17,-83
1739722815.8701308,-27,-44,-20
1739722815.9161308,16,9,-22
1739722815.9621308,-39,-29,76
1739722816.0081308,-35,-14,-45
1739722816.0531306,20,-33,-24
1739722816.0991306,28,-1,32
1739722816.1451306,-22,12,17
1739722816.1901307,-24,23,-103
1739722816.2361307,0,1,-21
1739722816.2821307,-45,-1,-25
1739722816.3281307,-32,-23,-56
1739722816.3731308,55,26,-115
1739722816.4191308,-61,-67,14
1739722816.4651306,-63,35,-105
1739722816.5101306,0,68,-35
1739722816.5561306,16,-4,-26
1739722816.602131,-47,0,-63
1739722816.648131,-82,-89,4
1739722816.6931307,30,-25,42
1739722816.7391307,19,-3,-12
1739722816.7851307,69,12,-76
1739722816.8301306,12,-39,-74
1739722816.8761306,38,12,12
1739722816.9221306,29,19,-54
1739722816.967131,36,-9,-142
1739722817.013131,-3,77,-121
1739722817.059131,-39,59,-39
1739722817.105131,96,3,-104
1739722817.1501307,39,-15,-96
1739722817.1961308,25,-77,20
1739722817.2421308,31,33,-13
1739722817.2871306,-16,-34,10
1739722817.3331306,-40,-52,13
1739722817.3791306,44,17,-36
1739722817.4251306,-11,-37,-70
1739722817.4701307,-17,3,-161
1739722817.5161307,68,4,-26
1739722817.5621307,58,26,58
1739722817.6071308,72,-22,-74
1739722817.6531308,15,68,-50
1739722817.6991308,-38,54,-87
1739722817.7451308,11,28,27
1739722817.7901306,62,-14,-52
1739722817.8361306,55,-77,-122
1739722817.8821306,33,-19,-50
1739722817.9271307,26,-90,-120
1739722817.9731307,-47,-15,13
1739722818.0191307,0,-17,-22
1739722818.0651307,5,-95,-100
1739722818.1101308,49,-20,-72
1739722818.1561308,38,23,-20
1739722818.2021308,26,9,-104
1739722818.2471306,32,-54,22
1739722818.2931306,80,-28,-28
1739722818.3391306,-40,35,-51
1739722818.3851306,-55,39,-15
1739722818.4301307,9,-7,-22
1739722818.4761307,-12,-8,-43
1739722818.5221307,-19,-20,7
1739722818.5671306,-26,-45,-59
1739722818.6131306,-44,-36,15
1739722818.6591306,-1,-19,83
1739722818.7051306,-10,15,-136
1739722818.750131,22,33,4
1739722818.796131,21,-1,-26
1739722818.842131,47,49,-6
1739722818.8871307,-44,17,-43
1739722818.9331307,-28,0,-93
1739722818.9791307,-35,0,-28
1739722819.0251307,-3,2,-105
1739722819.0701306,-93,78,-42
1739722819.1161306,143,-56,-41
1739722819.1621306,-26,-37,-34
1739722819.207131,-98,65,-26
1739722819.253131,-56,13,6
1739722819.299131,22,87,-57
1739722819.3451307,34,9,51
1739722819.3901308,-15,4,-67
1739722819.4361308,1,22,13
1739722819.4821308,-78,-71,-28
1739722819.5271306,13,-16,-1
1739722819.5731306,61,35,55
1739722819.6191306,39,60,51
1739722819.6651306,97,-57,-47
1739722819.7101307,41,-34,39
1739722819.7561307,-15,18,-29
1739722819.8021307,-60,-57,-92
1739722819.8471308,0,-44,24
1739722819.8931308,-33,54,-35
1739722819.9391308,-71,35,-108
1739722819.9851308,-27,36,-171
1739722820.0301306,-96,74,24
1739722820.0761306,140,-13,-3
1739722820.1221306,11,-41,-115
1739722820.1671307,25,42,-15
1739722820.2131307,31,84,-51
1739722820.2591307,-132,-5,78
1739722820.3051307,32,12,-107
1739722820.3501308,-31,-83,-75
1739722820.3961308,-78,4,-52
1739722820.4421306,82,38,11
1739722820.4871306,13,-3,-45
1739722820.5331306,13,-29,-47
1739722820.5791306,29,-7,56
1739722820.625131,25,-28,-87
1739722820.6701307,-42,-18,24
1739722820.7161307,24,-28,-45
1739722820.7621307,57,-4,-47
1739722820.8071306,-18,-14,64
1739722820.8531306,30,-3,-51
1739722820.8991306,-28,19,-93
1739722820.9451306,16,-4,7
1739722820.990131,-74,21,0
1739722821.036131,6,54,-32
1739722821.082131,-9,8,78
1739722821.1271307,-54,45,14
1739722821.1731308,-24,-5,-57
1739722821.2191308,-13,34,36
1739722821.2651308,-36,-24,-121
1739722821.3101306,-68,-20,-62
1739722821.3561306,15,-21,-33
1739722821.4021306,62,41,11
1739722821.447131,-22,20,0
1739722821.4931307,7,27,0
1739722821.5391307,65,-17,49
1739722821.5851307,-21,40,-106
1739722821.6301308,48,1,-17
1739722821.6761308,75,21,-47
1739722821.7221308,33,90,-145
1739722821.7671306,19,11,-32
1739722821.8131306,101,0,-50
1739722821.8591306,-59,-4,-161
1739722821.9051306,-37,-12,-49
1739722821.9501307,63,94,-74
1739722821.9961307,49,-40,-9
1739722822.0421307,-44,6,0
1739722822.0871308,-41,3,-84
1739722822.1331308,-5,7,-238
1739722822.1791308,-91,-20,7
1739722822.2251308,39,-31,-44
1739722822.2701306,47,0,-34
1739722822.3161306,39,8,-15
1739722822.3621306,-44,-9,-84
1739722822.4071307,51,13,9
1739722822.4531307,-20,13,-124
1739722822.4991307,75,-13,-34
1739722822.5451307,19,9,61
1739722822.5901306,61,-39,-8
1739722822.6361306,-37,-3,-48
1739722822.6821306,-48,16,-11
1739722822.727131,31,26,-11
1739722822.773131,9,57,-113
1739722822.819131,56,32,-23
1739722822.865131,55,8,49
1739722822.9101307,30,6,27
1739722822.9561307,42,-12,-158
1739722823.0021307,-25,62,-136
1739722823.0471306,-41,50,11
1739722823.0931306,91,-11,-60
1739722823.1391306,-66,13,85
1739722823.1851306,-72,14,-30
1739722823.230131,3,19,-30
1739722823.276131,11,11,53
1739722823.322131,-31,30,-80
1739722823.3671308,23,-35,-230
1739722823.4131308,27,-44,-78
1739722823.4591308,64,-12,-28
1739722823.5051308,2,-54,-136
1739722823.5501306,-10,16,-70
1739722823.5961306,-49,-14,-92
1739722823.6421306,-16,-30,-29
1739722823.6871307,-13,-19,21
1739722823.7331307,37,-18,-76
1739722823.7791307,-97,4,-82
1739722823.8251307,-44,-15,-72
1739722823.8701308,-24,-8,-86
1739722823.9161308,-24,-37,-65
1739722823.9621308,20,-25,-5
1739722824.0071306,140,-12,-135
1739722824.0531306,28,-6,-81
1739722824.0991306,-4,20,-110
1739722824.1451306,-86,-157,-53
1739722824.1901307,-25,-9,50
1739722824.2361307,-81,44,54
1739722824.2821307,69,18,57
1739722824.3271308,3,31,-46
1739722824.3791306,18,47,-164
1739722824.4251306,-31,85,26
1739722824.4701307,6,5,-60
1739722824.5161307,89,13,-138
1739722824.5621307,-54,11,-81
1739722824.6071308,-66,-47,-67
1739722824.6531308,27,5,-66
1739722824.6991308,48,29,-100
1739722824.7451308,-22,23,-196
1739722824.7901306,-25,-34,-9
1739722824.8361306,-27,51,-22
1739722824.8821306,36,-46,-7
1739722824.9271307,42,62,-6
1739722824.9731307,57,25,-68
1739722825.0191307,14,-66,-37
1739722825.0651307,55,18,68
1739722825.1101308,-5,88,-4
1739722825.1561308,6,-4,8
1739722825.2021308,33,-2,14
1739722825.2471306,-63,-28,-51
1739722825.2931306,-34,-37,27
1739722825.3391306,-25,-4,3
1739722825.3851306,7,-62,17
1739722825.4301307,-14,47,-62
1739722825.4761307,-105,37,-31
1739722825.5221307,20,19,-82
1739722825.5671306,11,52,100
1739722825.6131306,19,32,-140
1739722825.6591306,-32,51,-8
1739722825.7051306,17,-7,34
1739722825.750131,35,44,-13
1739722825.796131,28,17,-65
1739722825.842131,16,-59,-45
1739722825.8871307,35,19,-61
1739722825.9331307,-17,-2,-77
1739722825.9791307,-49,-8,-76
1739722826.0251307,22,25,-8
1739722826.0701306,1,-55,-110
1739722826.1161306,77,31,-82
1739722826.1621306,-30,18,21
1739722826.207131,40,-13,-44
1739722826.253131,39,20,-120
1739722826.299131,-71,11,17
1739722826.3451307,-7,-11,149
1739722826.3901308,77,46,-54
1739722826.4361308,-33,7,-86
1739722826.4821308,-75,-37,-103
1739722826.5271306,7,2,-42
1739722826.5731306,-44,-18,41
1739722826.6191306,-14,71,-108
1739722826.6651306,-11,38,-90
1739722826.7101307,8,-5,64
1739722826.7561307,-17,-25,-60
1739722826.8021307,-7,37,-105
1739722826.8471308,-35,56,135
1739722826.8931308,78,-38,24
1739722826.9391308,-1,-12,-18
1739722826.9841306,78,31,67
1739722827.0301306,24,-74,-52
1739722827.0761306,-97,19,-128
1739722827.1221306,12,-46,-164
1739722827.1671307,11,-3,1
1739722827.2131307,-13,-48,-42
1739722827.2591307,-74,20,-62
1739722827.3041308,38,-73,-134
1739722827.3501308,-41,20,47
1739722827.3961308,-15,-32,-130
1739722827.4421306,-5,-18,-68
1739722827.4871306,13,-3,-6
1739722827.5331306,91,-5,-138
1739722827.5791306,-31,-46,-154
1739722827.6241307,1,-67,-80
1739722827.6701307,11,42,65
1739722827.7161307,17,34,-81
1739722827.7621307,-31,-38,-2
1739722827.8071306,52,-13,52
1739722827.8531306,50,50,99
1739722827.8991306,-72,35,-162
1739722827.944131,6,60,1
1739722827.990131,-51,19,-114
1739722828.036131,-32,-25,-68
1739722828.082131,-31,-69,-64
1739722828.1271307,9,86,15
1739722828.1731308,-45,-34,-121
1739722828.2191308,52,-37,-84
1739722828.2641306,-36,40,-15
1739722828.3101306,63,60,-129
1739722828.3561306,-59,4,-34
1739722828.4021306,-12,-105,-9
1739722828.447131,-24,-42,96
1739722828.4931307,45,46,-59
1739722828.5391307,50,19,-61
1739722828.5841308,-30,-32,-75
1739722828.6301308,-38,0,-115
1739722828.6761308,12,-6,-35
1739722828.7221308,-109,69,4
1739722828.7671306,-41,-35,-121
1739722828.8131306,47,-1,0
1739722828.8591306,-34,62,-56
1739722828.9041307,20,-47,-55
1739722828.9501307,4,17,38
1739722828.9961307,-40,-48,84
1739722829.0421307,18,-9,-89
1739722829.0871308,16,-23,0
1739722829.1331308,-76,61,-58
1739722829.1791308,18,73,0
1739722829.2241306,-21,2,6
1739722829.2701306,63,-10,-21
1739722829.3161306,-30,-1,-155
1739722829.3621306,-40,24,-84
1739722829.4071307,31,-38,-3
1739722829.4531307,17,-51,13
1739722829.4991307,-49,-2,-55
1739722829.5441308,40,-26,3
1739722829.5901306,19,3,-133
1739722829.6361306,11,21,-66
1739722829.6821306,-54,-22,-13
1739722829.727131,37,64,-40
1739722829.773131,28,-34,-35
1739722829.819131,-2,-59,-139
1739722829.8641307,-96,0,47
1739722829.9101307,-15,0,-44
1739722829.9561307,33,-47,-34
1739722830.0021307,-34,-73,20
1739722830.0471306,76,-32,-74
1739722830.0931306,-98,23,-66
1739722830.1391306,45,46,-63
1739722830.184131,2,1,55
1739722830.230131,-3,21,-144
1739722830.276131,-49,37,-16
1739722830.322131,13,-50,105
1739722830.3671308,33,34,-174
1739722830.4131308,109,0,-54
1739722830.4591308,-10,36,-88
1739722830.5041306,60,-21,-31
1739722830.5501306,-36,-50,-33
1739722830.5961306,21,-4,-143
1739722830.6421306,35,47,-63
1739722830.6871307,-10,11,24
1739722830.7331307,45,7,-34
1739722830.7791307,-29,85,-83
1739722830.8241308,36,18,-77
1739722830.8701308,-7,-39,-12
1739722830.9161308,27,-58,-77
1739722830.9621308,120,-26,-87
1739722831.0071306,-46,-51,-42
1739722831.0531306,-27,86,23
1739722831.0991306,6,-9,-171
1739722831.1441307,-48,-58,-67
1739722831.1901307,-9,-48,-69
1739722831.2361307,35,-10,86
1739722831.2821307,31,4,-63
1739722831.3271308,-1,2,-17
1739722831.3731308,25,-71,-69
1739722831.4191308,-31,-71,-147
1739722831.4641306,-15,18,-10
1739722831.5101306,-48,-4,-34
1739722831.5561306,-68,16,94
1739722831.602131,-18,-76,-92
1739722831.6471307,-101,0,8
1739722831.6931307,-66,23,-40
1739722831.7391307,37,12,-43
1739722831.7841306,-23,-9,10
1739722831.8301306,73,-14,-49
1739722831.8761306,-93,-1,-36
1739722831.9221306,-10,15,58
1739722831.967131,33,-8,-73
1739722832.013131,0,-9,34
1739722832.059131,-7,59,69
1739722832.1041307,-54,45,-135
1739722832.1501307,-5,-42,-42
1739722832.1961308,-20,34,60
1739722832.2421308,-20,-30,136
1739722832.2871306,-39,-7,-77
1739722832.3331306,53,50,-37
1739722832.3791306,-19,13,-4
1739722832.424131,-19,4,-71
1739722832.4701307,-2,-23,-81
1739722832.5161307,13,-1,44
1739722832.5621307,56,-15,-1
1739722832.6071308,4,-8,-163
1739722832.6531308,-1,27,-53
1739722832.6991308,7,-48,-67
1739722832.7441306,25,-17,-49
1739722832.7901306,4,-4,62
1739722832.8361306,42,13,-145
1739722832.8821306,54,-15,-27
1739722832.9271307,-26,64,-55
1739722832.9731307,32,-20,30
1739722833.0191307,23,-24,-24
1739722833.0641308,7,-7,-155
1739722833.1101308,-24,10,116
1739722833.1561308,-54,45,20
1739722833.2021308,35,7,21
1739722833.2471306,-38,49,-67
1739722833.2931306,-10,29,-75
1739722833.3391306,-50,-43,-8
1739722833.3841307,49,57,-61
1739722833.4301307,-29,-51,-78
1739722833.4761307,-26,-45,-78
1739722833.5221307,-52,-34,-58
1739722833.5671306,-72,31,-46
1739722833.6131306,-39,39,-64
1739722833.6591306,-5,-24,-95
1739722833.7041306,60,60,-1
1739722833.750131,33,-9,65
1739722833.796131,-5,-24,-6
1739722833.842131,8,30,-125
1739722833.8871307,-10,118,92
1739722833.9331307,139,-39,9
1739722833.9791307,-103,30,-8
1739722834.0241306,-27,36,-12
1739722834.0701306,-27,36,40
1739722834.1161306,27,7,7
1739722834.1621306,-7,-3,-41
1739722834.207131,46,0,1
1739722834.253131,65,1,-65
1739722834.299131,-20,-70,-127
1739722834.3441308,35,69,61
1739722834.3961308,-10,-31,-26
1739722834.4421306,-6,80,-143
1739722834.4871306,97,94,-111
1739722834.5331306,-2,-12,-161
1739722834.5791306,-15,10,18
1739722834.6241307,41,-4,-73
1739722834.6701307,31,-3,-29
1739722834.7161307,-113,-31,26
1739722834.7621307,22,20,-73
1739722834.8071306,9,6,26
1739722834.8531306,48,-15,76
1739722834.8991306,-23,76,-25
1739722834.944131,-38,43,-47
1739722834.990131,37,35,43
1739722835.036131,-81,-10,12
1739722835.082131,9,-48,-57
1739722835.1271307,53,-109,-151
1739722835.1731308,-42,-37,-94
1739722835.2191308,70,-50,-21
1739722835.2641306,-25,62,-75
1739722835.3101306,-77,-26,-38
1739722835.3561306,50,5,-67
1739722835.4021306,-61,-14,-78
1739722835.447131,-29,-32,-70
1739722835.4931307,71,-16,-15
1739722835.5391307,117,-3,-13
1739722835.5841308,-26,8,-171
1739722835.6301308,-42,-37,138
1739722835.6761308,-21,-18,10
1739722835.7221308,98,-5,-141
1739722835.7671306,-76,23,-84
1739722835.8131306,-43,-31,-22
1739722835.8591306,-68,-18,-74
1739722835.9041307,4,-10,-29
1739722835.9501307,-7,28,-14
1739722835.9961307,-87,5,44
1739722836.0421307,-2,7,102
1739722836.0871308,73,-6,-45
1739722836.1331308,-115,24,-20
1739722836.1791308,-69,-5,-116
1739722836.2241306,44,15,-121
1739722836.2701306,-11,11,45
1739722836.3161306,-8,-23,-9
1739722836.3621306,0,18,-54
1739722836.4071307,-80,-56,75
1739722836.4531307,-25,23,60
1739722836.4991307,-28,-79,-13
1739722836.5441308,1,-61,-188
1739722836.5901306,22,-2,-78
1739722836.6361306,-2,5,3
1739722836.6821306,48,22,-32
1739722836.727131,-51,73,35
1739722836.773131,-58,62,-69
1739722836.819131,48,-71,70
1739722836.8641307,28,42,-82
1739722836.9101307,-85,-9,105
1739722836.9561307,-3,-43,129
1739722837.0011306,4,64,-70
1739722837.0471306,-50,-29,-93
1739722837.0941308,-30,49,-31
1739722837.1401308,-19,29,87
1739722837.1851306,57,32,-62
1739722837.2311306,22,-29,-2
1739722837.2771306,16,-59,-20
1739722837.3231306,-58,-25,-53
1739722837.3681307,33,28,-34
1739722837.4141307,-52,-18,-101
1739722837.4601307,-6,-59,-92
1739722837.5051308,6,47,-40
1739722837.5511308,-23,-44,-25
1739722837.5971308,33,45,-2
1739722837.6431308,-1,-4,-158
1739722837.6881306,34,-4,36
1739722837.7341306,20,42,-66
1739722837.7801306,19,90,-104
1739722837.8251307,47,-12,6
1739722837.8711307,-1,8,-62
1739722837.9171307,73,18,-62
1739722837.9631307,11,-68,-38
1739722838.0081308,-22,-40,-41
1739722838.0541308,46,-79,50
1739722838.1001308,43,36,-106
1739722838.1451306,20,17,22
1739722838.1911306,-1,16,65
1739722838.2371306,-27,29,49
1739722838.2831306,77,-64,-6
1739722838.3281307,-12,-4,-162
1739722838.3741307,15,51,15
1739722838.4201307,110,43,-99
1739722838.4651306,0,-32,-105
1739722838.5111306,-32,-17,28
1739722838.5571306,-41,66,-52
1739722838.6031306,37,-23,-25
1739722838.648131,46,0,-41
1739722838.694131,-46,-28,56
1739722838.740131,29,23,21
1739722838.7851307,-9,-87,-201
1739722838.8311307,-10,-2,-121
1739722838.8771307,6,21,-39
1739722838.9231308,-59,-12,98
1739722838.9681306,26,-38,17
1739722839.0141306,-4,38,-169
1739722839.0601306,-149,29,-86
1739722839.105131,-50,19,-54
1739722839.151131,12,37,-165
1739722839.197131,5,68,-165
1739722839.2431307,92,-39,-185
1739722839.2881308,-46,-28,-12
1739722839.3341308,37,-60,-29
1739722839.3801308,1,-5,24
1739722839.4251306,41,-137,5
1739722839.4711306,33,-17,62
1739722839.5171306,-70,38,-2
1739722839.5631306,-68,-72,38
1739722839.6081307,-21,5,24
1739722839.6541307,-28,-47,-83
1739722839.7001307,-25,-64,-52
1739722839.7451308,44,71,-121
1739722839.7911308,-61,-14,-28
1739722839.8371308,41,-4,59
1739722839.8831308,25,-9,3
1739722839.9281306,22,20,-85
1739722839.9741306,12,3,122
1739722840.0201306,47,-45,-32
1739722840.0651307,39,-16,-89
1739722840.1111307,-103,-10,44
1739722840.1571307,-35,21,-135
1739722840.2031307,37,-41,71
1739722840.2481308,-38,-44,-69
1739722840.2941308,-10,15,-56
1739722840.3401306,-56,-43,33
1739722840.3851306,-52,-2,13
1739722840.4311306,-21,-1,65
1739722840.477131,24,34,-118
1739722840.523131,-64,13,-77
1739722840.5681307,-52,12,-113
1739722840.6141307,41,-51,36
1739722840.6601307,50,1,-38
1739722840.7051306,25,71,-40
1739722840.7511306,-37,8,-144
1739722840.7971306,-19,27,-56
1739722840.8431306,3,-6,-58
1739722840.888131,-15,-11,69
1739722840.934131,3,54,-16
1739722840.980131,52,46,-76
1739722841.0251307,25,5,-102
1739722841.0711308,-30,26,-39
1739722841.1171308,-49,-29,-93
1739722841.1631308,-4,69,-136
1739722841.2081306,36,64,-56
1739722841.2541306,-5,9,-12
1739722841.3001306,25,-26,115
1739722841.3451307,-27,6,-133
1739722841.3911307,7,68,-36
1739722841.4371307,33,30,-22
1739722841.4831307,35,19,-80
1739722841.5281308,-55,74,-84
1739722841.5741308,23,-17,-42
1739722841.6201308,-28,19,-113
1739722841.6651306,42,7,18
1739722841.7111306,-80,55,-69
1739722841.7571306,35,-18,-138
1739722841.8031306,74,92,-84
1739722841.8481307,0,-21,-169
1739722841.8941307,7,-15,39
1739722841.9401307,-52,12,-111
1739722841.9851308,-59,-8,-113
1739722842.0311308,-43,95,-32
1739722842.0771308,-118,-42,75
1739722842.1231308,-24,41,-154
1739722842.1681306,78,-42,-66
1739722842.2141306,24,-4,-94
1739722842.2601306,-12,23,-96
1739722842.3051307,4,-148,-114
1739722842.3511307,10,30,30
1739722842.3971307,-77,28,-77
1739722842.4431307,0,-44,-67
1739722842.4881306,61,-95,-23
1739722842.5341306,-45,39,16
1739722842.5801306,48,24,-46
1739722842.625131,4,15,-44
1739722842.671131,-121,49,-89
1739722842.717131,5,23,-222
1739722842.763131,14,2,-126
1739722842.8081307,-42,27,5
1739722842.8541307,24,2,-106
1739722842.9001307,13,-8,43
1739722842.9451306,3,-6,-46
1739722842.9911306,-43,-74,-35
1739722843.0371306,14,-50,-82
1739722843.0831306,-43,-47,81
1739722843.128131,-9,50,-34
1739722843.174131,45,35,-18
1739722843.2201307,-65,-13,31
1739722843.2651308,-41,47,-49
1739722843.3111308,-1,66,-46
1739722843.3571308,4,-1,4
1739722843.4031308,27,13,-28
1739722843.4481306,-4,0,-90
1739722843.4941306,85,54,30
1739722843.5401306,25,45,-70
1739722843.5851307,-69,50,-40
1739722843.6311307,-85,-76,-19
1739722843.6771307,-11,58,-37
1739722843.7231307,-47,-1,-155
1739722843.7681308,-49,-37,0
1739722843.8141308,-102,-20,-112
1739722843.8601308,-34,50,-9
1739722843.9051306,-77,-20,-108
1739722843.9511306,90,26,-3
1739722843.9971306,-68,-26,-96
1739722844.0431306,7,-48,-95
1739722844.0881307,-16,-56,-44
1739722844.1341307,-19,-4,-10
1739722844.1801307,-7,20,28
1739722844.2251308,21,23,15
1739722844.2711308,41,28,-51
1739722844.3171306,5,10,-133
1739722844.3631306,-12,-14,-71
1739722844.4141307,15,0,-9
1739722844.4601307,30,82,-31
1739722844.5051308,37,-18,-17
1739722844.5511308,-35,-47,-58
1739722844.5971308,-3,58,-49
1739722844.6431308,-19,52,-69
1739722844.6881306,39,14,-9
1739722844.7341306,30,-101,-41
1739722844.7801306,-32,59,-4
1739722844.8251307,-13,61,-47
1739722844.8711307,55,-5,-55
1739722844.9171307,-42,43,-101
1739722844.9631307,34,24,1
1739722845.0081308,40,55,-27
1739722845.0541308,9,0,-9
1739722845.1001308,105,-42,-53
1739722845.1451306,-15,-36,-36
1739722845.1911306,25,-9,-13
1739722845.2371306,57,26,67
1739722845.2831306,63,-23,-41
1739722845.3281307,20,4,-23
1739722845.3741307,0,1,-99
1739722845.4201307,0,-13,-51
1739722845.4651306,-9,-87,-34
1739722845.5111306,0,-3,-65
1739722845.5571306,-38,-55,-78
1739722845.602131,-65,-21,-128
1739722845.648131,56,-32,-125
1739722845.694131,-19,-18,-90
1739722845.740131,-1,43,-63
1739722845.7851307,56,0,-81
1739722845.8311307,3,-14,44
1739722845.8771307,10,-44,48
1739722845.9231308,-54,-11,102
1739722845.9681306,-3,19,-93
1739722846.0141306,64,4,-59
1739722846.0601306,-16,-31,-189
1739722846.105131,116,38,-75
1739722846.151131,36,11,-73
1739722846.197131,68,-74,75
1739722846.2431307,66,11,-157
1739722846.2881308,5,-14,-49
1739722846.3341308,3,52,-141
1739722846.3801308,8,-17,21
1739722846.4251306,132,21,-57
1739722846.4711306,-8,-52,-207
1739722846.5171306,25,7,-107
1739722846.5631306,-60,52,-62
1739722846.6081307,40,-23,-105
1739722846.6541307,-95,-11,-65
1739722846.7001307,-23,5,25
1739722846.7451308,-91,-12,88
1739722846.7911308,48,-56,-70
1739722846.8371308,-28,-8,25
1739722846.8831308,-43,38,49
1739722846.9281306,7,-56,-81
1739722846.9741306,-26,33,-34
1739722847.0201306,60,60,-44
1739722847.0651307,-66,-17,-75
1739722847.1111307,44,54,2
1739722847.1571307,-4,61,14
1739722847.2021308,-15,-28,-79
1739722847.2481308,-35,-10,-49
1739722847.2941308,-75,-45,-67
1739722847.3401306,64,28,-92
1739722847.3851306,1,22,-76
1739722847.4311306,64,-4,70
1739722847.477131,-25,-11,-129
1739722847.5221307,-36,42,4
1739722847.5681307,18,-34,35
1739722847.6141307,81,-26,-112
1739722847.6601307,71,-56,-66
1739722847.7051306,-107,54,-3
1739722847.7511306,76,-19,-66
1739722847.7971306,24,-13,27
1739722847.842131,3,92,0
1739722847.888131,2,15,-92
1739722847.934131,-4,-1,-52
1739722847.980131,54,-1,-70
1739722848.0251307,6,49,-54
1739722848.0711308,5,-37,-146
1739722848.1171308,85,6,-36
1739722848.1621306,-8,6,-21
1739722848.2081306,-67,-14,0
1739722848.253131,-36,9,-5
1739722848.2981308,5,-12,-104
1739722848.3441308,-28,0,-73
1739722848.3901308,-2,6,15
1739722848.4361308,-26,-78,-7
1739722848.4811306,6,-97,-109
1739722848.5271306,-70,-42,-53
1739722848.5731306,-46,13,-141
1739722848.6181307,11,-32,-30
1739722848.6641307,93,-24,-10
1739722848.7101307,-27,46,-17
1739722848.7561307,11,-55,-102
1739722848.8011308,5,17,-108
1739722848.8471308,28,44,0
1739722848.8931308,-5,9,-166
1739722848.9381306,-9,84,28
1739722848.9841306,-5,44,28
1739722849.0301306,30,0,-50
1739722849.0761306,56,-81,-23
1739722849.1211307,-62,-11,1
1739722849.1671307,-142,33,-89
1739722849.2131307,-11,34,-126
1739722849.2581308,5,27,-38
1739722849.3041308,-60,21,87
1739722849.3501308,-42,43,41
1739722849.3961308,1,109,-84
1739722849.4411306,-48,18,-17
1739722849.4871306,-33,45,107
1739722849.5331306,95,14,-110
1739722849.5781307,11,-30,57
1739722849.6241307,47,-10,-34
1739722849.6701307,7,60,-80
1739722849.7161307,-15,78,-136
1739722849.7611306,-18,64,-68
1739722849.8071306,-55,-5,-121
1739722849.8531306,0,-44,-59
1739722849.898131,64,-48,-4
1739722849.944131,16,45,-86
1739722849.990131,5,-8,57
1739722850.036131,-27,-97,-35
1739722850.0811307,62,-3,-124
1739722850.1271307,-97,7,-129
1739722850.1731308,3,-37,53
1739722850.2181306,-81,-4,-69
1739722850.2641306,38,74,-48
1739722850.3101306,-24,57,-106
1739722850.3561306,43,61,-136
1739722850.401131,-66,64,117
1739722850.447131,-1,49,47
1739722850.4931307,-2,-39,-21
1739722850.5381308,40,64,10
1739722850.5841308,53,-37,8
1739722850.6301308,-69,-92,19
1739722850.6761308,40,16,14
1739722850.7211306,-22,-98,-165
1739722850.7671306,27,5,-160
1739722850.8131306,-20,15,-23
1739722850.8581307,-88,3,0
1739722850.9041307,-28,-30,-200
1739722850.9501307,61,-101,22
1739722850.9961307,31,64,144
1739722851.0411308,-59,31,-33
1739722851.0871308,3,-22,23
1739722851.1331308,-30,-46,-1
1739722851.1781306,7,-21,-24
1739722851.2241306,17,-26,18
1739722851.2701306,1,38,-44
1739722851.3161306,38,2,-164
1739722851.3611307,73,-30,-10
1739722851.4071307,-24,16,-65
1739722851.4531307,33,63,-44
1739722851.4981308,-68,-66,-3
1739722851.5441308,5,44,26
1739722851.5901306,-16,-23,-15
1739722851.6361306,15,61,10
1739722851.6811306,15,-15,-46
1739722851.727131,43,30,20
1739722851.773131,-9,33,23
1739722851.8181307,-6,61,32
1739722851.8641307,34,9,-144
1739722851.9101307,-38,4,61
1739722851.9561307,-92,-63,-17
1739722852.0011306,2,0,-80
1739722852.0471306,26,82,-48
1739722852.0931306,-28,48,45
1739722852.138131,39,-19,-126
1739722852.184131,-24,16,-128
1739722852.230131,-27,4,23
1739722852.276131,-13,11,-13
1739722852.3211308,-17,20,-104
1739722852.3671308,-26,0,35
1739722852.4131308,6,-27,-10
1739722852.4581306,97,-36,-204
1739722852.5041306,68,2,-28
1739722852.5501306,30,70,-59
1739722852.5961306,-43,27,-165
1739722852.6411307,-61,34,-107
1739722852.6871307,22,83,-28
1739722852.7331307,-73,58,-153
1739722852.7781308,23,6,-50
1739722852.8241308,-64,63,-87
1739722852.8701308,-14,-24,-115
1739722852.9161308,34,-84,39
1739722852.9611306,-15,68,-12
1739722853.0071306,-26,56,-167
1739722853.0531306,-35,60,-8
1739722853.0981307,51,42,-71
1739722853.1441307,45,-45,-51
1739722853.1901307,-19,-28,0
1739722853.2361307,-15,3,-40
1739722853.2811308,-45,15,78
1739722853.3271308,-73,99,22
1739722853.3731308,13,-33,73
1739722853.4181306,-119,34,-206
1739722853.4641306,-11,85,-116
1739722853.5101306,30,-13,41
1739722853.5561306,-8,37,14
1739722853.6011307,7,-5,-61
1739722853.6471307,-5,-78,-103
1739722853.6931307,-7,-28,-81
1739722853.7381306,62,39,-185
1739722853.7841306,6,-8,-33
1739722853.8301306,-21,13,-60
1739722853.8761306,78,68,-69
1739722853.921131,-57,-83,11
1739722853.967131,63,-3,0
1739722854.013131,48,-27,-43
1739722854.0581307,-83,-6,-78
1739722854.1041307,26,-9,10
1739722854.1501307,19,13,-7
1739722854.1961308,4,19,-43
1739722854.2411306,-4,9,86
1739722854.2871306,1,7,60
1739722854.3331306,-34,85,8
1739722854.3841307,-85,2,-146
1739722854.4301307,-26,54,60
1739722854.4761307,-23,49,-90
1739722854.5211308,11,28,82
1739722854.5671306,28,15,65
1739722854.6131306,-10,66,-110
1739722854.6581306,-47,-11,-40
1739722854.7041306,6,18,-22
1739722854.750131,78,-95,41
1739722854.796131,79,12,-114
1739722854.8411307,-20,11,-51
1739722854.8871307,76,32,-154
1739722854.9331307,72,-48,2
1739722854.9781306,31,-15,-24
1739722855.0241306,-118,-57,-39
1739722855.0701306,-39,-83,-101
1739722855.1171308,11,19,20
1739722855.1621306,41,-55,-4
1739722855.2081306,-44,30,-97
1739722855.2541306,-14,-3,-79
1739722855.3001306,48,-50,-68
1739722855.3451307,-1,-31,-102
1739722855.3911307,-83,1,31
1739722855.4371307,0,34,-131
1739722855.4821308,38,13,-42
1739722855.5281308,-85,28,-68
1739722855.5741308,17,20,-44
1739722855.6201308,-66,-45,19
1739722855.6651306,22,14,-17
1739722855.7111306,62,27,-24
1739722855.7571306,-27,31,-115
1739722855.8021307,-50,-31,90
1739722855.8481307,6,-74,-17
1739722855.8941307,-4,-30,6
1739722855.9401307,-41,1,-56
1739722855.9851308,-33,-74,-48
1739722856.0311308,19,83,-69
1739722856.0771308,50,-18,5
1739722856.1221306,64,-56,-9
1739722856.1681306,-6,-15,-17
1739722856.2141306,-63,41,-42
1739722856.2601306,-110,51,-4
1739722856.3051307,-44,-12,-72
1739722856.3511307,66,22,23
1739722856.3971307,-2,-60,-24
1739722856.4421306,-39,14,-2
1739722856.4881306,13,23,-21
1739722856.5341306,44,0,-51
1739722856.5801306,-45,-1,-4
1739722856.625131,64,-40,-93
1739722856.671131,43,11,-53
1739722856.717131,-59,50,2
1739722856.7621307,-61,-36,-54
1739722856.8081307,-1,107,58
1739722856.8541307,104,-6,-80
1739722856.8991306,-32,-38,43
1739722856.9451306,-63,82,-41
1739722856.9911306,47,-42,14
1739722857.0371306,-23,-17,-69
1739722857.082131,77,23,-78
1739722857.128131,-4,-103,-18
1739722857.174131,-12,-16,-63
1739722857.2191308,-30,-20,-242
1739722857.2651308,-91,54,-69
1739722857.3111308,-46,2,-83
1739722857.3571308,17,1,-38
1739722857.4021306,46,31,-82
1739722857.4481306,30,2,-78
1739722857.4941306,-7,28,-74
1739722857.5391307,27,5,-102
1739722857.5851307,-72,117,-35
1739722857.6311307,-18,3,5
1739722857.6771307,28,23,-118
1739722857.7221308,0,8,23
1739722857.7681308,-111,-5,-101
1739722857.8141308,18,7,-6
1739722857.8591306,-52,33,-27
1739722857.9051306,13,22,-64
1739722857.9511306,91,12,-38
1739722857.9971306,10,-5,-46
1739722858.0421307,-55,11,57
1739722858.0881307,-48,-15,-149
1739722858.1341307,-29,28,-63
1739722858.1791308,-72,0,-73
1739722858.2251308,33,-25,-34
1739722858.2711308,-20,-49,-73
1739722858.3171306,-49,-30,-115
1739722858.3621306,127,0,8
1739722858.4081306,21,-39,-40
1739722858.4541306,45,27,-104
1739722858.4991307,-10,29,-13
1739722858.5451307,59,27,-52
1739722858.5911307,46,-1,-58
1739722858.6371307,28,-29,-76
1739722858.6821306,-2,4,107
1739722858.7281306,-44,-37,-55
1739722858.7741306,16,-11,-72
1739722858.819131,0,45,-60
1739722858.865131,-14,30,-54
1739722858.911131,-3,25,-50
1739722858.957131,-16,74,-52
1739722859.0021307,24,35,-28
1739722859.0481308,5,2,-106
1739722859.0941308,39,35,18
1739722859.1391306,7,78,-160
1739722859.1851306,-51,64,25
1739722859.2311306,-15,-36,15
1739722859.2771306,-64,-73,83
1739722859.322131,0,32,-173
1739722859.3681307,-43,97,-108
1739722859.4141307,-15,-3,-30
1739722859.4591308,19,0,-116
1739722859.5051308,27,5,-46
1739722859.5511308,66,59,33
1739722859.5971308,34,20,-55
1739722859.6421306,-75,40,-64
1739722859.6881306,-70,26,-4
1739722859.7341306,-46,-65,32
1739722859.7791307,-33,-35,-74
1739722859.8251307,26,-73,135
1739722859.8711307,-85,4,80
1739722859.9171307,54,-29,-36
1739722859.9621308,-17,-58,-58
1739722860.0081308,-28,-138,54
1739722860.0541308,-27,77,-107
1739722860.0991306,4,7,-37
1739722860.1451306,-116,-2,8
1739722860.1911306,4,-66,2
1739722860.2371306,-18,-25,-64
1739722860.2821307,49,-13,-17
1739722860.3281307,25,16,25
1739722860.3741307,0,49,-70
1739722860.4191308,-30,-22,-84
1739722860.4651306,-57,27,-30
1739722860.5111306,43,-18,-26
1739722860.5571306,-36,2,-52
1739722860.602131,24,92,-25
1739722860.648131,25,-17,-167
1739722860.694131,2,-11,-95
1739722860.7391307,78,60,-27
1739722860.7851307,35,94,7
1739722860.8311307,-10,-25,-69
1739722860.8771307,-11,11,14
1739722860.9221306,-64,29,-16
1739722860.9681306,0,80,39
1739722861.0141306,54,62,41
1739722861.059131,28,9,-157
1739722861.105131,51,19,27
1739722861.151131,-55,-22,-55
1739722861.197131,-28,10,42
1739722861.2421308,9,-30,-51
1739722861.2881308,-38,17,-21
1739722861.3341308,82,-21,-87
1739722861.3791306,-1,0,-107
1739722861.4251306,-77,36,-72
1739722861.4711306,-7,-21,6
1739722861.5171306,-15,-11,44
1739722861.5621307,4,23,-135
1739722861.6081307,-40,5,-58
1739722861.6541307,-20,-39,50
1739722861.6991308,40,-65,-85
1739722861.7451308,0,47,-7
1739722861.7911308,-73,27,8
1739722861.8371308,52,-22,-69
1739722861.8821306,-24,35,-111
1739722861.9281306,-5,42,-7
1739722861.9741306,60,38,-37
1739722862.0191307,-43,-31,-70
1739722862.0651307,-11,-66,-143
1739722862.1111307,0,32,9
1739722862.1571307,-9,1,-39
1739722862.2021308,-43,-2,-46
1739722862.2481308,7,2,0
1739722862.2941308,-15,12,-46
1739722862.3391306,-30,-7,1
1739722862.3851306,61,-5,-3
1739722862.4311306,11,-136,-7
1739722862.477131,-15,-21,-124
1739722862.5221307,32,-15,-52
1739722862.5681307,10,11,28
1739722862.6141307,-21,21,-70
1739722862.6591306,36,23,137
1739722862.7051306,15,-1,18
1739722862.7511306,1,-61,-94
1739722862.7971306,69,57,-158
1739722862.842131,19,62,-94
1739722862.888131,28,25,-12
1739722862.934131,21,-59,-25
1739722862.9791307,24,35,10
1739722863.0251307,64,28,-14
1739722863.0711308,46,-16,44
1739722863.1171308,1,12,-58
1739722863.1621306,-2,4,-40
1739722863.2081306,-48,53,-52
1739722863.2541306,27,-26,-40
1739722863.299131,6,-52,-176
1739722863.3451307,18,90,75
1739722863.3911307,58,69,-96
1739722863.4371307,-64,-3,-163
1739722863.4821308,49,1,78
1739722863.5281308,-19,31,11
1739722863.5741308,-103,12,19
1739722863.6191306,68,13,16
1739722863.6651306,52,-22,-104
1739722863.7111306,-13,-13,-96
1739722863.7571306,-29,61,-94
1739722863.8021307,-46,-4,11
1739722863.8481307,-27,-27,91
1739722863.8941307,-7,49,-96
1739722863.9391308,4,40,87
1739722863.9851308,53,-13,-22
1739722864.0311308,-41,-63,35
1739722864.0771308,-46,4,77
1739722864.1221306,68,-41,12
1739722864.1681306,21,-41,-122
1739722864.2141306,-15,20,25
1739722864.2591307,61,-45,-62
1739722864.3051307,0,47,3
1739722864.3511307,5,21,-136
1739722864.4021306,-27,52,-31
1739722864.4481306,8,-3,-9
1739722864.4941306,80,-18,-78
1739722864.5391307,12,-51,42
1739722864.5851307,28,-5,-86
1739722864.6311307,-29,-34,92
1739722864.6771307,44,46,24
1739722864.7211306,67,-21,-99
1739722864.7671306,25,-27,-173
1739722864.8131306,59,2,0
1739722864.8581307,-33,62,-10
1739722864.9041307,-107,-7,24
1739722864.9501307,12,-12,28
1739722864.9951308,57,-14,51
1739722865.0411308,-76,-16,-70
1739722865.0871308,-15,18,-81
1739722865.1331308,27,30,-55
1739722865.1781306,49,-13,17
1739722865.2241306,-1,-66,-92
1739722865.2701306,9,-38,-61
1739722865.3151307,-39,-42,-125
1739722865.3611307,36,2,-63
1739722865.4071307,77,-15,-85
1739722865.4531307,-1,-52,12
1739722865.4981308,-28,9,20
1739722865.5441308,65,-6,-173
1739722865.5901306,5,8,-93
1739722865.6351306,-78,-1,-113
1739722865.6811306,28,44,33
1739722865.727131,-22,9,-101
1739722865.773131,-16,80,31
1739722865.8181307,13,50,-37
1739722865.8641307,-16,-17,66
1739722865.9101307,30,10,-35
1739722865.9551306,-4,5,-7
1739722866.0011306,43,85,-59
1739722866.0471306,-30,81,-73
1739722866.0931306,-50,148,-11
1739722866.138131,-41,33,0
1739722866.184131,79,-9,-117
1739722866.230131,5,-37,-59
1739722866.2751307,2,-6,-207
1739722866.3211308,-13,19,-215
1739722866.3671308,21,25,-17
1739722866.4131308,-15,-42,12
1739722866.4581306,2,-34,-85
1739722866.5041306,-35,-18,-63
1739722866.5501306,50,0,-159
1739722866.5951307,-48,78,-107
1739722866.6411307,11,-14,62
1739722866.6871307,-18,8,-95
1739722866.7331307,30,-21,-195
1739722866.7781308,-41,-7,-129
1739722866.8241308,-32,-31,-54
1739722866.8701308,-38,61,-54
1739722866.9151306,44,-16,23
1739722866.9611306,-105,-17,-46
1739722867.0071306,-19,-8,-69
1739722867.0531306,18,0,-11
1739722867.0981307,72,-34,-131
1739722867.1441307,25,0,-105
1739722867.1901307,31,22,-125
1739722867.2351308,-106,-4,-86
1739722867.2811308,33,16,-83
1739722867.3271308,9,-50,-101
1739722867.3721306,-53,-40,48
1739722867.4181306,13,-6,-171
1739722867.4641306,51,-78,-111
1739722867.5101306,-39,40,130
1739722867.5551307,8,-27,52
1739722867.6011307,-54,-59,50
1739722867.6471307,-29,36,-27
1739722867.6921306,49,-21,-26
1739722867.7381306,32,-23,-189
1739722867.7841306,40,64,3
1739722867.8301306,-13,50,61
1739722867.875131,-68,-8,-45
1739722867.921131,4,25,-98
1739722867.967131,-31,-57,-25
1739722868.0121307,6,-1,43
1739722868.0581307,-14,-46,-86
1739722868.1041307,-43,17,-49
1739722868.1501307,-29,46,25
1739722868.1951306,-14,-1,7
1739722868.2411306,-34,-17,-186
1739722868.2871306,10,42,-5
1739722868.332131,-27,-31,-56
1739722868.378131,23,27,-138
1739722868.424131,-41,-44,-4
1739722868.4701307,-70,-30,-74
1739722868.5151308,-10,54,-70
1739722868.5611308,-28,32,-39
1739722868.6071308,39,37,-82
1739722868.6521306,-74,-2,-17
1739722868.6981306,88,12,-84
1739722868.7441306,11,-45,0
1739722868.7901306,-81,47,-67
1739722868.8351307,24,-23,-52
1739722868.8811307,-6,44,-87
1739722868.9271307,-32,55,31
1739722868.9721308,-44,63,35
1739722869.0181308,-4,17,-63
1739722869.0641308,5,56,-5
1739722869.1101308,-55,6,-92
1739722869.1551306,49,16,29
1739722869.2011306,45,-9,-112
1739722869.2471306,66,35,-89
1739722869.2921307,-3,-69,-94
1739722869.3381307,48,2,24
1739722869.3841307,38,14,-157
1739722869.4301307,6,18,-85
1739722869.4751308,-115,17,-69
1739722869.5211308,-27,52,-42
1739722869.5671306,88,45,-35
1739722869.6121306,23,-112,21
1739722869.6581306,-34,8,26
1739722869.7041306,60,-57,-101
1739722869.750131,37,10,6
1739722869.7951307,81,-25,-42
1739722869.8411307,-43,-41,-71
1739722869.8871307,94,9,31
1739722869.9321306,-70,65,32
1739722869.9781306,53,21,0
1739722870.0241306,-69,59,-14
1739722870.0701306,-7,26,-63
1739722870.115131,67,15,-41
1739722870.161131,-56,45,124
1739722870.207131,-8,8,-118
1739722870.2521307,13,-31,-68
1739722870.2981308,55,-12,-96
1739722870.3441308,-26,35,-86
1739722870.3901308,34,-13,-24
1739722870.4351306,28,17,-60
1739722870.4811306,-61,25,73
1739722870.5271306,11,-82,4
1739722870.572131,62,85,70
1739722870.6181307,-7,-19,-21
1739722870.6641307,10,42,-112
1739722870.7101307,-58,-68,-73
1739722870.7551308,-74,5,-71
1739722870.8011308,-36,-28,13
1739722870.8471308,22,-27,-40
1739722870.8921306,19,-30,-60
1739722870.9381306,-40,28,-97
1739722870.9841306,43,-2,-171
1739722871.0301306,0,-3,15
1739722871.0751307,-20,79,161
1739722871.1211307,94,-1,12
1739722871.1671307,60,29,-51
1739722871.2121308,-11,-58,-73
1739722871.2581308,3,9,-112
1739722871.3041308,-11,-11,-30
1739722871.3501308,-50,35,-14
1739722871.3951306,7,12,-35
1739722871.4411306,-13,-83,-28
1739722871.4871306,82,22,86
1739722871.5321307,-8,-1,-38
1739722871.5781307,24,41,-34
1739722871.6241307,-39,-2,-10
1739722871.6701307,23,-30,-4
1739722871.7151306,0,-16,-86
1739722871.7611306,-15,-45,-45
1739722871.8071306,-43,87,-6
1739722871.852131,-121,-7,-100
1739722871.898131,48,-19,6
1739722871.944131,-5,0,-164
1739722871.990131,25,-6,-44
1739722872.0351307,-1,-62,-42
1739722872.0811307,6,-48,-82
1739722872.1271307,-27,17,21
1739722872.1721306,-33,45,-90
1739722872.2181306,-8,-27,0
1739722872.2641306,2,-7,-40
1739722872.3101306,60,26,19
1739722872.355131,0,-67,-20
1739722872.401131,-16,-18,39
1739722872.447131,7,11,-47
1739722872.4921308,-92,45,-40
1739722872.5381308,25,-20,-66
1739722872.5841308,11,-58,24
1739722872.6301308,-1,-69,63
1739722872.6751306,-15,-24,-72
1739722872.7211306,26,-1,29
1739722872.7671306,-93,3,18
1739722872.8121307,32,-49,29
1739722872.8581307,-52,9,4
1739722872.9041307,-26,-11,-4
1739722872.9501307,-20,-11,-44
1739722872.9951308,-75,-40,-96
1739722873.0411308,59,-66,-40
1739722873.0871308,10,-6,-30
1739722873.1321306,-21,1,22
1739722873.1781306,-6,-22,58
1739722873.2241306,16,-14,-88
1739722873.2701306,-12,-29,-74
1739722873.3151307,49,39,11
1739722873.3611307,18,-56,143
1739722873.4071307,58,-54,7
1739722873.4521308,-83,-1,-4
1739722873.4981308,7,-20,29
1739722873.5441308,55,38,5
1739722873.5901306,-47,-4,10
1739722873.6351306,-44,-40,8
1739722873.6811306,-27,-21,-34
1739722873.727131,-22,-27,-92
1739722873.7721307,-95,-12,-110
1739722873.8181307,-23,17,-126
1739722873.8641307,8,9,-108
1739722873.9101307,46,28,53
1739722873.9551306,-63,-8,-38
1739722874.0011306,-75,71,51
1739722874.0471306,21,12,25
1739722874.092131,-15,-62,-2
1739722874.138131,28,-74,-162
1739722874.184131,53,-74,-124
1739722874.230131,7,-25,66
1739722874.2751307,-10,50,-153
1739722874.3211308,33,27,-47
1739722874.3661306,53,7,-102
1739722874.4171307,-44,-66,-46
1739722874.4631307,26,-34,-102
1739722874.5081308,96,-16,41
1739722874.5541308,-1,-47,-82
1739722874.6001308,33,-38,-68
1739722874.6461308,28,-26,-32
1739722874.6911306,4,-29,-2
1739722874.7371306,-29,-5,39
1739722874.7831306,-84,-2,-67
1739722874.8281307,87,58,-49
1739722874.8741307,7,-52,58
1739722874.9201307,-28,-57,-88
1739722874.9661307,-25,89,-7
1739722875.0111306,-2,-41,-38
1739722875.0571306,11,-100,-8
1739722875.1031306,-43,-20,-132
1739722875.148131,-61,15,-181
1739722875.194131,32,20,22
1739722875.240131,-34,0,5
1739722875.286131,38,-25,-38
1739722875.3311307,-3,-53,84
1739722875.3771307,63,-27,76
1739722875.4231308,2,15,-53
1739722875.4681306,-3,21,-71
1739722875.5141306,-43,-103,-20
1739722875.5601306,25,20,-136
1739722875.6061306,3,90,-109
1739722875.651131,36,23,41
1739722875.697131,86,-1,-6
1739722875.7431307,-5,46,-1
1739722875.7881308,15,-3,-32
1739722875.8341308,-40,16,-33
1739722875.8801308,21,-14,-78
1739722875.9261308,-12,-14,-46
1739722875.9711306,-32,-17,28
1739722876.0171306,12,25,-45
1739722876.0631306,10,-22,-34
1739722876.1081307,-21,-57,-48
1739722876.1541307,44,-35,4
1739722876.2001307,-32,7,-45
1739722876.2461307,-7,49,-57
1739722876.2911308,-44,-33,-42
1739722876.3371308,24,6,43
1739722876.3831308,-71,30,17
1739722876.4281306,-64,24,-27
1739722876.4741306,-58,-8,37
1739722876.5201306,50,-12,-16
1739722876.5661306,-79,22,1
1739722876.6111307,-48,0,-97
1739722876.6571307,-60,50,-147
1739722876.7031307,26,-42,-36
1739722876.7481308,38,-9,-38
1739722876.7941308,-1,54,-117
1739722876.8401306,-76,83,-77
1739722876.8861306,-23,24,33
1739722876.9311306,10,-65,-46
1739722876.977131,-18,-2,-15
1739722877.023131,8,32,30
1739722877.0681307,31,-46,0
1739722877.1141307,-110,-86,35
1739722877.1601307,36,-16,-52
1739722877.2051306,-9,18,43
1739722877.2511306,-36,-20,-63
1739722877.2971306,41,38,-20
1739722877.3431306,-20,2,-97
1739722877.388131,-25,-33,-37
1739722877.434131,-37,6,-19
1739722877.480131,40,-97,-30
1739722877.5251307,-12,-61,-45
1739722877.5711308,4,25,14
1739722877.6171308,-10,-43,-122
1739722877.6631308,45,-37,-26
1739722877.7081306,70,-25,-66
1739722877.7541306,-54,63,43
1739722877.8001306,-63,-77,65
1739722877.8451307,-28,-8,-3
1739722877.8911307,68,-33,34
1739722877.9371307,-73,-46,-117
1739722877.9831307,65,1,-116
1739722878.0281308,-34,-93,77
1739722878.0741308,-1,-19,-79
1739722878.1201308,-1,93,28
1739722878.1651306,51,-11,-83
1739722878.2111306,-6,49,-35
1739722878.2571306,-34,-31,100
1739722878.3031306,21,-58,-59
1739722878.3481307,14,-10,-45
1739722878.3941307,0,-73,-101
1739722878.4401307,65,10,-105
1739722878.4851308,0,-13,-3
1739722878.5311308,51,-69,-61
1739722878.5771308,-28,-16,64
1739722878.6231308,-37,6,-4
1739722878.6681306,86,21,-165
1739722878.7141306,46,-56,35
1739722878.7601306,-55,24,-22
1739722878.8051307,6,-27,-133
1739722878.8511307,44,-41,-59
1739722878.8971307,142,-26,-91
1739722878.9431307,19,-30,-83
1739722878.9881306,-13,2,26
1739722879.0341306,-32,51,76
1739722879.0801306,-55,-46,-50
1739722879.125131,38,25,-61
1739722879.1721306,-19,37,78
1739722879.2181306,-74,31,-50
1739722879.2641306,-6,-96,22
1739722879.309131,82,-36,77
1739722879.355131,-69,50,-114
1739722879.401131,-5,-49,-51
1739722879.447131,-60,-26,-16
1739722879.4921308,-50,-35,-34
1739722879.5381308,57,24,-27
1739722879.5841308,-44,-26,-13
1739722879.6291306,-37,-45,-73
1739722879.6751306,-18,35,92
1739722879.7211306,-20,-35,-3
1739722879.7671306,-33,91,-149
1739722879.8121307,46,-19,-19
1739722879.8581307,-44,17,-141
1739722879.9041307,-3,-45,-219
1739722879.9491308,35,-63,-5
1739722879.9951308,81,-20,139
1739722880.0411308,52,60,-87
1739722880.0871308,24,47,16
1739722880.1321306,-57,31,18
1739722880.1781306,-26,62,-10
1739722880.2241306,-20,38,-4
1739722880.2691307,50,59,-93
1739722880.3151307,21,-51,-57
1739722880.3611307,-26,-25,-47
1739722880.4071307,75,61,38
1739722880.4521308,54,2,-63
1739722880.4981308,32,-50,172
1739722880.5441308,65,-44,-7
1739722880.5891306,-108,-2,-68
1739722880.6351306,-6,26,-127
1739722880.6811306,31,2,-121
1739722880.727131,-52,50,104
1739722880.7721307,8,-46,-89
1739722880.8181307,7,-44,11
1739722880.8641307,88,49,106
1739722880.9091306,0,8,-103
1739722880.9551306,-16,51,-48
1739722881.0011306,-46,-49,-91
1739722881.0471306,-31,-7,-18
1739722881.092131,93,52,-28
1739722881.138131,-32,-27,23
1739722881.184131,29,-20,-19
1739722881.2291307,-46,0,16
1739722881.2751307,37,17,26
1739722881.3211308,12,15,-37
1739722881.3671308,10,32,-54
1739722881.4121306,-77,-26,-39
1739722881.4581306,-45,-67,-37
1739722881.5041306,-27,-20,-157
1739722881.549131,35,92,8
1739722881.5951307,-55,-77,-63
1739722881.6411307,-14,-11,-65
1739722881.6871307,-54,-47,-13
1739722881.7321308,-53,-82,-113
1739722881.7781308,43,-6,-49
1739722881.8241308,14,-6,23
1739722881.8691306,-55,14,-60
1739722881.9151306,2,38,-93
1739722881.9611306,48,-21,-31
1739722882.0071306,10,24,-51
1739722882.0521307,-30,-40,-37
1739722882.0981307,-50,58,-48
1739722882.1441307,12,62,68
1739722882.1891308,-66,-37,-9
1739722882.2351308,-1,120,-62
1739722882.2811308,7,-9,86
1739722882.3271308,17,34,-63
1739722882.3721306,54,12,-111
1739722882.4181306,-12,-55,-19
1739722882.4641306,-88,-6,-37
1739722882.5091307,-6,47,4
1739722882.5551307,6,6,18
1739722882.6011307,-20,-8,-33
1739722882.6471307,11,-30,-153
1739722882.6921306,4,19,26
1739722882.7381306,26,-20,-121
1739722882.7841306,13,93,78
1739722882.8291306,-3,-26,0
1739722882.875131,5,10,-93
1739722882.921131,-24,-64,60
1739722882.967131,66,-17,-3
1739722883.0121307,-40,-11,-54
1739722883.0581307,0,-46,-83
1739722883.1041307,39,-1,0
1739722883.1491306,-19,79,-53
1739722883.1951306,-15,-5,12
1739722883.2411306,-1,25,-63
1739722883.2871306,57,34,-47
1739722883.332131,-60,54,6
1739722883.378131,-41,33,-6
1739722883.424131,-8,-69,46
1739722883.4691308,-18,66,3
1739722883.5151308,-15,61,23
1739722883.5611308,-51,56,-70
1739722883.6071308,30,0,59
1739722883.6521306,87,23,51
1739722883.6981306,29,56,-117
1739722883.7441306,29,-3,9
1739722883.7891307,-55,18,-50
1739722883.8351307,18,51,-43
1739722883.8811307,-25,6,-2
1739722883.9271307,16,-21,-121
1739722883.9721308,39,-1,-79
1739722884.0181308,-8,-7,-24
1739722884.0641308,14,4,-115
1739722884.1091306,-12,-51,-115
1739722884.1551306,9,36,-27
1739722884.2011306,-29,-92,-52
1739722884.2471306,-15,28,-41
1739722884.2921307,-85,20,-24
1739722884.3381307,59,-36,-49
1739722884.3841307,-23,55,-10
1739722884.4351306,-36,-14,30
1739722884.4811306,100,-21,-105
1739722884.5271306,26,-11,-7
1739722884.572131,15,33,31
1739722884.6181307,12,3,-161
1739722884.6641307,35,38,-47
1739722884.7091308,-48,-27,14
1739722884.7551308,-4,7,-57
1739722884.8011308,-30,44,32
1739722884.8471308,14,-39,47
1739722884.8921306,21,0,-11
1739722884.9381306,41,-59,79
1739722884.9841306,36,-29,-85
1739722885.0291307,-44,-4,-38
1739722885.0751307,-6,65,-93
1739722885.1211307,106,10,39
1739722885.1671307,18,22,-53
1739722885.2121308,27,23,-39
1739722885.2581308,13,-4,-7
1739722885.3041308,11,-14,-63
1739722885.3491306,52,-3,51
1739722885.3951306,-7,-28,0
1739722885.4411306,-7,-30,56
1739722885.4871306,-9,6,-117
1739722885.5321307,-35,-12,-70
1739722885.5781307,-20,69,18
1739722885.6241307,19,61,-137
1739722885.6691308,-79,38,42
1739722885.7151306,3,-34,-49
1739722885.7611306,15,20,-163
1739722885.8071306,7,-1,-93
1739722885.852131,16,-42,-81
1739722885.898131,22,-23,-23
1739722885.944131,-64,-77,-36
1739722885.9891307,53,38,-21
1739722886.0351307,0,-46,-123
1739722886.0811307,1,-42,-7
1739722886.1271307,-47,-50,-93
1739722886.1721306,-29,17,-54
1739722886.2181306,68,-61,-17
1739722886.2641306,-2,19,16
1739722886.309131,-43,60,-180
1739722886.355131,-5,86,-52
1739722886.401131,-31,20,-42
1739722886.447131,16,-27,-51
1739722886.4921308,-80,74,16
1739722886.5381308,50,30,25
1739722886.5841308,-43,-33,-10
1739722886.6291306,-37,11,84
1739722886.6751306,68,-32,13
1739722886.7211306,-35,-78,-75
1739722886.7671306,-138,-71,0
1739722886.8121307,-52,23,-118
1739722886.8581307,-30,-34,-113
1739722886.9041307,17,24,50
1739722886.9491308,-60,-20,-140
1739722886.9951308,60,-57,3
1739722887.0411308,-22,-1,-115
1739722887.0861306,8,26,-6
1739722887.1321306,20,-39,-45
1739722887.1781306,-10,-27,-75
1739722887.2241306,59,-2,-161
1739722887.2691307,22,54,46
1739722887.3151307,-7,-30,-7
1739722887.3611307,23,-25,-33
1739722887.4061308,7,-33,9
1739722887.4521308,-2,6,-135
1739722887.4981308,-39,0,-20
1739722887.5441308,35,-10,-129
1739722887.5891306,39,6,-41
1739722887.6351306,62,-68,-3
1739722887.6811306,58,104,-67
1739722887.7261307,87,16,-75
1739722887.7721307,7,10,89
1739722887.8181307,21,8,8
1739722887.8641307,2,-1,-40
1739722887.9091306,-24,24,57
1739722887.9551306,-26,27,-110
1739722888.0011306,-59,-23,-23
1739722888.046131,-37,8,11
1739722888.092131,-2,-47,-83
1739722888.138131,11,0,-10
1739722888.184131,44,-24,-38
1739722888.2291307,8,57,-114
1739722888.2751307,33,-2,48
1739722888.3211308,58,-26,-46
1739722888.3661306,27,-12,-16
1739722888.4121306,60,42,-122
1739722888.4581306,-38,26,-131
1739722888.5041306,3,54,-68
1739722888.549131,5,-45,14
1739722888.5951307,-61,10,-15
1739722888.6411307,-17,-4,-55
1739722888.6861308,-8,-38,33
1739722888.7321308,-87,55,-81
1739722888.7781308,-25,0,-111
1739722888.8241308,-16,-48,125
1739722888.8691306,-43,-33,-151
1739722888.9151306,37,15,42
1739722888.9611306,-42,19,-17
1739722889.0061307,39,-1,-60
1739722889.0521307,-21,46,131
1739722889.0981307,-29,-12,15
1739722889.1441307,-38,2,15
1739722889.1891308,-35,-8,47
1739722889.2351308,-11,37,-44
1739722889.2811308,14,-62,-82
1739722889.3261306,19,63,32
1739722889.3721306,-54,102,-27
1739722889.4181306,-41,-9,-79
1739722889.4641306,39,29,82
1739722889.5091307,42,0,-80
1739722889.5551307,-13,11,-19
1739722889.6011307,14,35,-12
1739722889.6461308,12,-18,-56
1739722889.6921306,3,63,-33
1739722889.7381306,-52,-43,-45
1739722889.7841306,22,-20,-94
1739722889.8281307,43,-11,58
1739722889.8741307,-2,-71,42
1739722889.9201307,-12,40,-13
1739722889.9651306,4,-24,-84
1739722890.0111306,0,-19,-54
1739722890.0571306,-8,-17,47
1739722890.102131,-17,37,-137
1739722890.148131,-24,16,-83
1739722890.194131,-39,-57,71
1739722890.240131,65,92,46
1739722890.2851307,-41,24,-49
1739722890.3311307,-16,47,29
1739722890.3771307,-25,39,-73
1739722890.4221306,40,33,-74
1739722890.4681306,14,-12,30
1739722890.5141306,-68,46,-25
1739722890.5601306,-37,71,-9
1739722890.605131,49,5,-84
1739722890.651131,12,-78,41
1739722890.697131,-57,11,-117
1739722890.7421308,41,-10,148
1739722890.7881308,53,4,10
1739722890.8341308,86,21,-4
1739722890.8801308,11,34,-52
1739722890.9251306,41,-69,-4
1739722890.9711306,1,20,-44
1739722891.0171306,28,-45,-68
1739722891.0621307,-118,36,0
1739722891.1081307,11,-6,10
1739722891.1541307,-4,32,-46
1739722891.2001307,-26,1,17
1739722891.2451308,12,83,-158
1739722891.2911308,-65,-31,-13
1739722891.3371308,-23,78,-52
1739722891.3821306,-3,-33,-9
1739722891.4281306,30,-21,-118
1739722891.4741306,39,-58,10
1739722891.5201306,-33,22,-88
1739722891.5651307,-27,13,19
1739722891.6111307,-5,-24,41
1739722891.6571307,-106,-27,21
1739722891.7021308,-43,-23,-59
1739722891.7481308,-53,-41,-33
1739722891.7941308,-3,-35,-117
1739722891.8401306,-20,1,-137
1739722891.8851306,38,-39,-110
1739722891.9311306,10,50,108
1739722891.977131,34,40,-30
1739722892.0221307,-113,15,93
1739722892.0681307,-45,38,27
1739722892.1141307,19,46,-80
1739722892.1601307,-17,-87,-114
1739722892.2051306,-75,9,-125
1739722892.2511306,37,-3,-82
1739722892.2971306,108,-30,-50
1739722892.342131,84,-43,-68
1739722892.388131,-40,-13,-65
1739722892.434131,75,34,-130
1739722892.480131,36,-5,-90
1739722892.5251307,65,-54,-128
1739722892.5711308,47,43,46
1739722892.6171308,-36,8,45
1739722892.6621306,-56,-21,-11
1739722892.7081306,44,27,-82
1739722892.7541306,33,0,-18
1739722892.8001306,40,47,23
1739722892.8451307,69,-57,-84
1739722892.8911307,-10,1,91
1739722892.9371307,22,58,-41
1739722892.9821308,-5,63,-137
1739722893.0281308,47,-64,-2
1739722893.0741308,-48,-42,-120
1739722893.1201308,-32,61,-73
1739722893.1651306,-38,30,-37
1739722893.2111306,12,54,-31
1739722893.2571306,44,79,-99
1739722893.3021307,33,76,-57
1739722893.3481307,-60,89,17
1739722893.3941307,37,0,22
1739722893.4401307,46,-5,-56
1739722893.4851308,79,2,27
1739722893.5311308,39,-72,-69
1739722893.5771308,16,49,-22
1739722893.6221306,-95,-78,-61
1739722893.6681306,85,-11,-39
1739722893.7141306,-17,8,-107
1739722893.7601306,67,102,-7
1739722893.8051307,83,13,-59
1739722893.8511307,-7,-1,8
1739722893.8971307,-18,-19,-109
1739722893.9421306,6,8,-95
1739722893.9881306,23,2,92
1739722894.0341306,-83,-33,84
1739722894.0801306,-64,-71,-17
1739722894.125131,-20,-12,-87
1739722894.171131,-13,-51,17
1739722894.217131,47,-50,41
1739722894.2621307,63,-11,-57
1739722894.3081307,-27,35,-44
1739722894.3541307,26,81,-123
1739722894.4001307,59,-10,-81
1739722894.4511306,29,-86,37
1739722894.4971306,-52,4,-72
1739722894.5421307,-4,-113,-77
1739722894.5881307,-37,-18,24
1739722894.6331308,53,-20,-105
1739722894.6781306,5,-14,-139
1739722894.7241306,32,99,-99
1739722894.7701306,7,47,-101
1739722894.8161306,59,18,63
1739722894.8611307,71,2,-17
1739722894.9071307,-16,-15,0
1739722894.9531307,37,44,49
1739722894.9981308,-5,1,-55
1739722895.0441308,100,-94,-13
1739722895.0901306,-36,-30,-129
1739722895.1361306,4,-2,-31
1739722895.1811306,47,-19,92
1739722895.227131,-17,60,-73
1739722895.273131,59,-36,-149
1739722895.3181307,4,5,-77
1739722895.3641307,86,29,-35
1739722895.4101307,-9,76,12
1739722895.4561307,-79,59,-22
1739722895.5011306,6,-10,-17
1739722895.5471306,3,30,-73
1739722895.5931306,-35,64,42
1739722895.638131,11,96,17
1739722895.684131,-40,53,-22
1739722895.730131,33,63,-99
1739722895.776131,-15,18,10
1739722895.8211308,20,-22,-73
1739722895.8671308,-36,-29,-28
1739722895.9131308,-8,14,-13
1739722895.9581306,34,67,43
1739722896.0041306,-30,34,80
1739722896.0501306,-81,-19,-28
1739722896.0961306,35,-26,65
1739722896.1411307,45,4,-61
1739722896.1871307,-41,-9,-42
1739722896.2331307,14,29,-20
1739722896.2781308,-7,1,-98
1739722896.3241308,12,64,-60
1739722896.3701308,-6,22,-112
1739722896.4161308,32,4,-84
1739722896.4611306,48,-33,-50
1739722896.5071306,-24,-40,-44
1739722896.5531306,4,81,5
1739722896.5981307,-34,10,25
1739722896.6441307,48,80,48
1739722896.6901307,-30,-63,-25
1739722896.7361307,53,-29,-4
1739722896.7811308,19,-16,-30
1739722896.8271308,29,-25,42
1739722896.8731308,-5,-14,35
1739722896.9181306,13,-25,0
1739722896.9641306,-36,-20,-99
1739722897.0101306,-15,-11,-114
1739722897.0561306,-32,47,-21
1739722897.1011307,87,-37,-74
1739722897.1471307,70,-88,-86
1739722897.1931307,-20,-51,-26
1739722897.2381306,10,32,93
1739722897.2841306,32,-40,-18
1739722897.3301306,19,-9,-50
1739722897.375131,54,25,-38
1739722897.421131,-27,0,-7
1739722897.467131,54,-19,-124
1739722897.513131,37,-22,18
1739722897.5581307,-7,-44,-34
1739722897.6041307,22,-1,-10
1739722897.6501307,-18,52,-115
1739722897.6951306,6,45,-65
1739722897.7411306,-23,82,131
1739722897.7871306,-11,-8,111
1739722897.8331306,6,142,21
1739722897.878131,71,-60,-32
1739722897.924131,-82,31,-9
1739722897.9701307,50,55,-6
1739722898.0151308,52,25,44
1739722898.0611308,-46,92,39
1739722898.1071308,1,-7,19
1739722898.1531308,-2,19,-49
1739722898.1981306,-14,22,9
1739722898.2441306,-87,110,-19
1739722898.2901306,-21,-53,-27
1739722898.3351307,6,60,-1
1739722898.3811307,48,-40,-116
1739722898.4271307,-18,-31,-134
1739722898.4731307,48,-42,-60
1739722898.5181308,9,0,-84
1739722898.5641308,7,39,-94
1739722898.6101308,-12,9,-82
1739722898.6551306,103,-35,-37
1739722898.7011306,29,31,104
1739722898.7471306,34,-6,-9
1739722898.7931306,95,-19,-27
1739722898.8381307,32,33,-149
1739722898.8841307,72,30,-57
1739722898.9301307,-66,-3,22
1739722898.9751308,-52,-77,16
1739722899.0211308,65,47,-167
1739722899.0671306,-47,-82,-95
1739722899.1131306,-23,28,-31
1739722899.1581306,18,86,-113
1739722899.2041306,-15,-61,-183
1739722899.250131,-8,31,-10
1739722899.2951307,-27,13,-105
1739722899.3411307,-37,7,10
1739722899.3871307,-9,-20,-13
1739722899.4331307,-65,-19,80
1739722899.4781306,-55,63,82
1739722899.5241306,-1,16,-2
1739722899.5701306,21,-1,40
1739722899.615131,-11,-11,32
1739722899.661131,31,-43,-127
1739722899.707131,-31,-13,-79
1739722899.753131,-1,-6,-63
1739722899.7981308,-83,41,2
1739722899.8441308,4,-47,19
1739722899.8901308,70,-24,-43
1739722899.9351306,-18,10,2
1739722899.9811306,26,-7,32
1739722900.0271306,24,-25,-17
1739722900.0731306,44,-14,-77
1739722900.1181307,7,-2,-45
1739722900.1641307,30,-29,124
1739722900.2101307,86,29,-49
1739722900.2551308,0,8,-23
1739722900.3011308,-17,-11,-85
1739722900.3471308,-47,8,-44
1739722900.3931308,-56,3,72
1739722900.4381306,43,61,21
1739722900.4841306,12,36,-65
1739722900.5301306,-22,-15,-14
1739722900.5751307,12,-43,-15
1739722900.6211307,11,-80,-27
1739722900.6671307,-15,-30,-66
1739722900.7131307,23,-15,-45
1739722900.7581308,-28,11,-116
1739722900.8041308,0,-3,-43
1739722900.8501308,21,-47,-119
1739722900.8951306,67,16,104
1739722900.9411306,-74,-40,-70
1739722900.9871306,-79,2,-136
1739722901.0331306,-13,-3,-149
1739722901.0781307,6,27,-167
1739722901.1241307,41,-4,-5
1739722901.1701307,45,11,8
1739722901.2151306,21,13,-48
1739722901.2611306,-29,10,-53
1739722901.3071306,-1,24,-144
1739722901.3531306,2,2,-116
1739722901.398131,-53,3,-109
1739722901.444131,-7,21,-45
1739722901.490131,54,-21,2
1739722901.5351307,-44,-1,-1
1739722901.5811307,-9,-55,44
1739722901.6271307,8,19,-54
1739722901.6731308,58,44,-184
1739722901.7181306,-5,8,-47
1739722901.7641306,-2,44,-217
1739722901.8101306,-101,-13,-113
1739722901.855131,12,51,13
1739722901.901131,-39,85,5
1739722901.947131,80,26,40
1739722901.9931307,-8,-32,18
1739722902.0381308,6,61,-51
1739722902.0841308,-40,47,-9
1739722902.1301308,-24,55,-85
1739722902.1751306,-72,-36,-15
1739722902.2211306,7,35,-142
1739722902.2671306,16,6,18
1739722902.3131306,-56,32,-73
1739722902.3581307,-111,-12,-43
1739722902.4041307,-3,-8,-28
1739722902.4501307,37,44,-50
1739722902.4951308,9,-19,-148
1739722902.5411308,19,89,29
1739722902.5871308,-37,-55,-43
1739722902.6331308,43,42,-18
1739722902.6781306,29,-55,-18
1739722902.7241306,48,-13,-76
1739722902.7701306,-73,24,57
1739722902.8151307,105,-5,60
1739722902.8611307,20,66,-79
1739722902.9071307,-76,-47,-65
1739722902.9531307,80,31,-42
1739722902.9981308,10,-32,-66
1739722903.0441308,112,-76,-16
1739722903.0901306,-10,-4,-90
1739722903.1351306,38,-27,-50
1739722903.1811306,-34,-41,37
1739722903.227131,-23,-77,-7
1739722903.273131,25,-15,-58
1739722903.3181307,-11,1,-130
1739722903.3641307,36,-20,-52
1739722903.4101307,9,-65,-168
1739722903.4551306,22,-66,-102
1739722903.5011306,-31,-1,31
1739722903.5471306,60,-49,2
1739722903.5931306,-12,40,-49
1739722903.638131,-41,1,-71
1739722903.684131,70,0,-28
1739722903.730131,49,-27,-14
1739722903.7751307,-44,-51,-59
1739722903.8211308,64,-14,-38
1739722903.8671308,37,-39,-114
1739722903.9131308,34,-34,-6
1739722903.9581306,71,31,-14
1739722904.0041306,34,40,19
1739722904.0501306,85,-36,0
1739722904.0951307,-40,74,-133
1739722904.1411307,-10,10,-45
1739722904.1871307,-3,46,-91
1739722904.2331307,-33,-21,-57
1739722904.2781308,51,28,-102
1739722904.3241308,4,42,-92
1739722904.3701308,-35,76,-135
1739722904.421131,-12,-34,-19
1739722904.467131,22,-41,-212
1739722904.513131,31,18,-70
1739722904.5581307,-70,-88,-159
1739722904.6041307,-34,-10,-45
1739722904.6501307,-59,97,-23
1739722904.6951306,76,53,-74
1739722904.7411306,49,47,91
1739722904.7871306,7,20,43
1739722904.8331306,-39,26,-44
1739722904.878131,17,53,-84
1739722904.924131,0,99,79
1739722904.9701307,-25,0,-164
1739722905.0151308,49,0,-87
1739722905.0611308,-27,10,42
1739722905.1071308,16,-106,-23
1739722905.1531308,-45,32,-30
1739722905.1981306,28,3,-48
1739722905.2441306,50,9,-75
1739722905.2901306,-18,68,2
1739722905.3351307,70,17,0
1739722905.3811307,-65,-34,-28
1739722905.4271307,-28,-119,-6
1739722905.4731307,61,-59,-41
1739722905.5181308,10,-48,-107
1739722905.5641308,-12,75,-161
1739722905.6101308,-102,0,-87
1739722905.6551306,32,31,70
1739722905.7011306,-21,32,-26
1739722905.7471306,-29,-47,-17
1739722905.7931306,-19,41,-12
1739722905.8381307,-77,37,46
1739722905.8841307,36,48,-42
1739722905.9301307,-20,-35,17
1739722905.9751308,80,-20,-151
1739722906.0211308,-71,19,-175
1739722906.0671306,24,20,-107
1739722906.1131306,42,0,-61
1739722906.1581306,69,-47,-87
1739722906.2041306,0,-21,-29
1739722906.250131,-44,-21,-31
1739722906.2951307,-13,40,12
1739722906.3411307,30,-41,-69
1739722906.3871307,83,-52,-119
1739722906.4331307,-16,35,-12
1739722906.4781306,-34,1,-26
1739722906.5241306,-47,8,-95
1739722906.5701306,-19,-37,-8
1739722906.615131,-31,-28,-36
1739722906.661131,5,54,-31
1739722906.707131,15,14,-129
1739722906.753131,15,33,-167
1739722906.7981308,-37,65,-34
1739722906.8441308,-60,5,140
1739722906.8901308,-25,10,0
1739722906.9351306,-61,-30,-88
1739722906.9811306,85,32,13
1739722907.0271306,65,-64,-39
1739722907.0731306,-26,-35,-109
1739722907.1181307,-28,-6,-76
1739722907.1641307,-1,-13,-17
1739722907.2101307,-71,57,28
1739722907.2551308,-11,-24,16
1739722907.3011308,32,-25,-45
1739722907.3471308,29,0,-13
1739722907.3921306,-49,-29,-122
1739722907.4381306,-33,58,-128
1739722907.4841306,-91,25,-52
1739722907.5301306,-2,-42,49
1739722907.5751307,-39,-14,-64
1739722907.6211307,44,-37,1
1739722907.6671307,53,-25,-103
1739722907.7121308,145,-44,-41
1739722907.7581308,60,-13,-27
1739722907.8041308,-10,-64,-201
1739722907.8501308,-15,-1,-67
1739722907.8951306,-30,-20,-84
1739722907.9411306,-58,7,-83
1739722907.9871306,-31,34,-123
1739722908.0321307,35,-32,27
1739722908.0781307,14,6,-21
1739722908.1241307,20,-41,-159
1739722908.1701307,27,-28,-121
1739722908.2151306,31,-15,-57
1739722908.2611306,-38,-26,-65
1739722908.3071306,-37,77,2
1739722908.352131,-10,-41,19
1739722908.398131,19,44,-110
1739722908.444131,-16,-11,-16
1739722908.490131,87,79,-25
1739722908.5351307,22,-31,-114
1739722908.5811307,-39,-30,-32
1739722908.6271307,7,-42,-90
1739722908.6721306,26,-59,-190
1739722908.7181306,14,-6,-18
1739722908.7641306,14,-33,22
1739722908.8101306,14,0,-36
1739722908.855131,-71,50,-59
1739722908.901131,-72,80,-13
1739722908.947131,11,1,14
1739722908.9921308,41,-83,-88
1739722909.0381308,-9,45,-59
1739722909.0841308,24,43,-154
1739722909.1301308,-50,-19,-55
1739722909.1751306,16,35,-32
1739722909.2211306,50,42,-32
1739722909.2671306,-22,4,45
1739722909.3121307,-5,57,-1
1739722909.3581307,-34,45,-59
1739722909.4041307,-4,9,-69
1739722909.4501307,26,-46,-86
1739722909.4951308,0,10,-118
1739722909.5411308,-87,-92,-23
1739722909.5871308,19,58,0
1739722909.6321306,38,8,76
1739722909.6781306,41,-11,18
1739722909.7241306,0,55,93
1739722909.7701306,-58,29,-97
1739722909.8151307,-17,12,-23
1739722909.8611307,3,-14,-52
1739722909.9071307,19,32,-80
1739722909.9521308,4,35,-28
1739722909.9981308,-98,41,-13
1739722910.0441308,2,11,-96
1739722910.0901306,-23,-94,-23
1739722910.1351306,0,65,-42
1739722910.1811306,-49,0,-29
1739722910.227131,-36,17,-55
1739722910.2721307,-72,81,-125
1739722910.3181307,-27,37,24
1739722910.3641307,11,-32,-126
1739722910.4101307,-63,26,-129
1739722910.4551306,-11,29,-54
1739722910.5011306,-25,39,-60
1739722910.5471306,18,53,-76
1739722910.592131,32,24,-70
1739722910.638131,10,50,-64
1739722910.684131,-31,-34,-29
1739722910.730131,31,29,-104
1739722910.7751307,-8,-38,-123
1739722910.8211308,10,3,-34
1739722910.8671308,-25,-42,-99
1739722910.9121306,3,15,4
1739722910.9581306,31,-33,-64
1739722911.0041306,-2,-31,-83
1739722911.0501306,50,49,112
1739722911.0951307,-7,-42,-71
1739722911.1411307,23,-99,-123
1739722911.1871307,30,-70,-15
1739722911.2321308,16,-44,99
1739722911.2781308,16,10,8
1739722911.3241308,-57,49,-51
1739722911.3701308,-23,-9,17
1739722911.4151306,-12,56,30
1739722911.4611306,28,-5,-100
1739722911.5071306,-29,30,-160
1739722911.5521307,91,24,-56
1739722911.5981307,51,-38,-110
1739722911.6441307,-14,-7,-123
1739722911.6901307,50,-15,6
1739722911.7351308,40,51,2
1739722911.7811308,-27,-12,13
1739722911.8271308,51,30,-80
1739722911.8721306,-12,48,36
1739722911.9181306,-53,-33,-159
1739722911.9641306,30,33,-12
1739722912.0101306,26,-13,-28
1739722912.0551307,-47,-26,1
1739722912.1011307,-57,-25,-83
1739722912.1471307,55,-52,-114
1739722912.1921306,-35,-16,-95
1739722912.2381306,58,-10,-32
1739722912.2841306,64,78,2
1739722912.3301306,56,-19,-18
1739722912.375131,74,6,-68
1739722912.421131,-5,1,53
1739722912.467131,13,39,-64
1739722912.5121307,-62,4,-169
1739722912.5581307,11,15,-58
1739722912.6041307,-98,49,-82
1739722912.6501307,-48,20,-125
1739722912.6951306,-22,-7,-150
1739722912.7411306,28,-22,-3
1739722912.7871306,-32,24,-26
1739722912.832131,-13,36,57
1739722912.878131,50,-50,-140
1739722912.924131,43,3,69
1739722912.9701307,-33,20,61
1739722913.0151308,-105,0,-83
1739722913.0611308,1,7,6
1739722913.1071308,-107,-9,-45
1739722913.1521306,-18,-49,-146
1739722913.1981306,-5,-32,-110
1739722913.2441306,-52,5,-124
1739722913.2901306,42,-96,-31
1739722913.3351307,-34,27,-96
1739722913.3811307,-14,0,0
1739722913.4271307,-30,9,-72
1739722913.4721308,29,40,-40
1739722913.5181308,-48,-21,-60
1739722913.5641308,-56,22,5
1739722913.6101308,-38,34,-45
1739722913.6551306,-45,8,-77
1739722913.7011306,30,50,-194
1739722913.7471306,-32,-13,-132
1739722913.7921307,-50,-21,-116
1739722913.8381307,20,-53,-11
1739722913.8841307,65,-14,-73
1739722913.9301307,-42,-4,60
1739722913.9751308,-43,-43,-44
1739722914.0211308,-49,16,-52
1739722914.0671306,-17,-70,-64
1739722914.1121306,-74,0,-40
1739722914.1581306,-5,34,-18
1739722914.2041306,-88,-129,-100
1739722914.250131,113,10,-39
1739722914.2951307,39,-12,-71
1739722914.3411307,41,12,72
1739722914.3871307,16,24,-89
1739722914.4381306,15,-73,-135
1739722914.4841306,16,2,18
1739722914.5301306,-45,-1,-93
1739722914.5751307,0,-91,-123
1739722914.6211307,-53,33,-133
1739722914.6671307,0,-67,-121
1739722914.7121308,16,-11,-83
1739722914.7581308,6,-19,-153
1739722914.8041308,-44,-14,22
1739722914.8501308,1,-38,26
1739722914.8951306,25,-9,-121
1739722914.9411306,-4,65,18
1739722914.9871306,17,-18,-89
1739722915.0321307,-32,26,-45
1739722915.0781307,-47,1,-121
1739722915.1241307,33,62,-79
1739722915.1701307,-56,12,33
1739722915.2151306,-130,-8,-105
1739722915.2611306,37,77,-99
1739722915.3071306,-17,45,18
1739722915.352131,50,47,28
1739722915.398131,-29,-83,-47
1739722915.444131,-25,53,-55
1739722915.490131,-55,43,9
1739722915.5351307,37,79,96
1739722915.5811307,15,-42,-30
1739722915.6271307,53,68,-81
1739722915.6721306,11,-40,18
1739722915.7181306,59,21,-109
1739722915.7641306,40,48,-77
1739722915.8101306,-70,74,-51
1739722915.855131,-68,-11,-103
1739722915.901131,-33,4,-263
1739722915.947131,-27,37,20
1739722915.9921308,3,-32,20
1739722916.0381308,-36,-14,-58
1739722916.0841308,67,50,-185
1739722916.1301308,15,16,-21
1739722916.1751306,9,9,-117
1739722916.2211306,9,-5,-55
1739722916.2671306,-94,8,-74
1739722916.3121307,78,-86,-49
1739722916.3581307,17,-15,-67
1739722916.4041307,23,39,-193
1739722916.4501307,-13,-29,-37
1739722916.4951308,-27,-44,-123
1739722916.5411308,-5,1,-109
1739722916.5871308,32,54,36
1739722916.6321306,24,-10,-85
1739722916.6781306,-71,-48,-113
1739722916.7241306,-20,-65,-38
1739722916.7701306,-60,21,-133
1739722916.8151307,32,35,-73
1739722916.8611307,15,-23,18
1739722916.9071307,16,-80,-16
1739722916.9521308,65,14,-51
1739722916.9981308,-14,-41,-36
1739722917.0441308,29,49,-145
1739722917.0901306,-49,-23,58
1739722917.1351306,-41,49,-185
1739722917.1811306,40,43,9
1739722917.227131,59,9,25
1739722917.2721307,0,24,-131
1739722917.3181307,3,65,-41
1739722917.3641307,26,36,-151
1739722917.4091306,97,6,39
1739722917.4551306,-10,16,46
1739722917.5011306,-76,31,0
1739722917.5471306,-19,4,-86
1739722917.592131,74,-4,-23
1739722917.638131,-15,-83,-78
1739722917.684131,44,7,-56
1739722917.7291307,0,-25,33
1739722917.7751307,-18,-31,-11
1739722917.8211308,-15,20,-142
1739722917.8671308,9,16,4
1739722917.9121306,-12,-16,27
1739722917.9581306,-41,-77,59
1739722918.0041306,-65,-21,-57
1739722918.049131,21,25,30
1739722918.0951307,-32,59,-118
1739722918.1411307,-50,62,41
1739722918.1871307,-36,3,-25
1739722918.2321308,-44,-20,-95
1739722918.2781308,-62,56,-1
1739722918.3241308,-34,82,19
1739722918.3691306,-46,28,-49
1739722918.4151306,-77,-6,-69
1739722918.4611306,63,52,-36
1739722918.5071306,-1,60,61
1739722918.5521307,7,-8,-64
1739722918.5981307,-10,-120,-66
1739722918.6441307,-10,-62,-132
1739722918.6891308,41,39,-32
1739722918.7351308,34,9,-52
1739722918.7811308,-34,-4,87
1739722918.8271308,-15,-5,-43
1739722918.8721306,-107,57,-23
1739722918.9181306,-17,-19,-39
1739722918.9641306,3,-72,4
1739722919.0091307,-21,-20,15
1739722919.0551307,54,0,-24
1739722919.1011307,6,-2,28
1739722919.1471307,-53,-14,39
1739722919.1921306,-27,21,25
1739722919.2381306,-18,-56,45
1739722919.2841306,-29,-26,15
1739722919.3291306,-2,37,28
1739722919.375131,-69,27,-131
1739722919.421131,-22,-24,27
1739722919.467131,0,0,45
1739722919.5121307,-112,-69,-23
1739722919.5581307,25,-52,-14
1739722919.6041307,30,-21,114
1739722919.6491306,20,36,-52
1739722919.6951306,-9,20,-25
1739722919.7411306,47,-45,72
1739722919.7871306,-15,53,-57
1739722919.832131,-87,42,-13
1739722919.878131,-8,53,27
1739722919.924131,-37,25,-11
1739722919.9691308,-30,48,-93
1739722920.0151308,-19,-12,65
1739722920.0611308,13,-23,28
1739722920.1071308,22,-21,-122
1739722920.1521306,19,-34,-56
1739722920.1981306,15,78,-62
1739722920.2441306,58,-8,-104
1739722920.2891307,0,14,-34
1739722920.3351307,-46,-30,-129
1739722920.3811307,24,12,-80
1739722920.4271307,39,-10,-64
1739722920.4721308,38,-16,-10
1739722920.5181308,-26,-15,-45
1739722920.5641308,-13,13,31
1739722920.6091306,47,10,2
1739722920.6551306,48,51,-32
1739722920.7011306,54,-33,-20
1739722920.7451308,29,5,8
1739722920.7911308,38,-64,66
1739722920.8371308,52,42,-36
1739722920.8831308,22,27,-36
1739722920.9281306,15,80,-84
1739722920.9741306,45,11,-34
1739722921.0201306,37,20,-56
1739722921.0651307,-33,96,6
1739722921.1111307,-74,42,-8
1739722921.1571307,-14,-15,-94
1739722921.2031307,-13,36,75
1739722921.2481308,26,-49,-70
1739722921.2941308,35,-4,-48
1739722921.3401306,-71,32,-113
1739722921.3851306,0,-15,-80
1739722921.4311306,15,62,-31
1739722921.477131,-30,1,-90
1739722921.523131,71,48,7
1739722921.5681307,-50,4,33
1739722921.6141307,-22,26,-56
1739722921.6601307,-5,-15,-22
1739722921.7051306,-61,35,-36
1739722921.7511306,-20,75,59
1739722921.7971306,32,-21,46
1739722921.8431306,-23,-26,21
1739722921.888131,23,-8,-182
1739722921.934131,-14,48,-46
1739722921.980131,-3,-35,-62
1739722922.0251307,-18,1,-151
1739722922.0711308,-24,-40,27
1739722922.1171308,-8,39,-118
1739722922.1631308,11,40,66
1739722922.2081306,77,1,-36
1739722922.2541306,-20,25,-34
1739722922.3001306,-29,-59,61
1739722922.3451307,-15,61,-52
1739722922.3911307,-54,54,-2
1739722922.4371307,-8,0,-13
1739722922.4831307,-33,14,25
1739722922.5281308,-18,66,-1
1739722922.5741308,7,-48,0
1739722922.6201308,-58,13,-63
1739722922.6651306,8,-21,7
1739722922.7111306,-128,-45,-19
1739722922.7571306,-15,-3,-121
1739722922.8031306,-22,8,22
1739722922.8481307,21,94,-56
1739722922.8941307,79,65,40
1739722922.9401307,-16,17,-40
1739722922.9851308,67,2,-32
1739722923.0311308,66,15,-40
1739722923.0771308,-5,125,83
1739722923.1231308,-26,-32,-50
1739722923.1681306,-17,-5,-177
1739722923.2141306,18,38,-122
1739722923.2601306,2,7,-60
1739722923.3051307,9,-18,-108
1739722923.3511307,56,27,-74
1739722923.3971307,-42,-36,-8
1739722923.4431307,-17,53,-28
1739722923.4881306,28,-29,-88
1739722923.5341306,7,45,-156
1739722923.5801306,-8,-34,-171
1739722923.625131,32,31,88
1739722923.671131,-13,-15,38
1739722923.717131,129,-42,-37
1739722923.763131,84,-7,66
1739722923.8081307,65,17,-26
1739722923.8541307,38,-65,0
1739722923.9001307,-1,7,6
1739722923.9451306,23,13,64
1739722923.9911306,6,1,-29
1739722924.0371306,-57,27,-11
1739722924.0831306,-64,-14,59
1739722924.128131,6,-22,-57
1739722924.174131,-56,53,24
1739722924.2201307,-4,36,-73
1739722924.2651308,50,69,106
1739722924.3111308,-14,22,-12
1739722924.3571308,-49,14,4
1739722924.4031308,-46,-51,9
1739722924.4541306,-7,41,-243
1739722924.500131,-17,6,-15
1739722924.5451307,-28,-61,-207
1739722924.5911307,-12,46,-40
1739722924.6371307,59,49,22
1739722924.6831307,47,-26,-35
1739722924.7281306,-2,66,-85
1739722924.7741306,6,-74,-65
1739722924.8201306,5,13,-155
1739722924.865131,40,-54,51
1739722924.911131,6,0,76
1739722924.957131,-87,18,0
1739722925.003131,-129,31,-194
1739722925.049131,-12,-4,-75
1739722925.0951307,-51,3,4
1739722925.1411307,-82,-13,-89
1739722925.1871307,-56,92,48
1739722925.2321308,-35,-31,-1
1739722925.2781308,56,-37,-3
1739722925.3241308,42,61,-79
1739722925.3691306,-42,-10,-73
1739722925.4151306,30,-1,-195
1739722925.4611306,53,108,-112
1739722925.5071306,0,30,84
1739722925.5521307,-14,11,-117
1739722925.5981307,-101,83,72
1739722925.6441307,-32,14,-115
1739722925.6891308,4,-80,81
1739722925.7351308,-43,-12,-145
1739722925.7811308,-19,25,-76
1739722925.8271308,-70,85,-26
1739722925.8721306,17,-30,-31
1739722925.9181306,-9,-70,-155
1739722925.9641306,82,-16,-43
1739722926.0091307,29,-105,-99
1739722926.0551307,-33,37,-45
1739722926.1011307,-3,-14,-52
1739722926.1471307,60,26,-76
1739722926.1921306,-22,-26,-116
1739722926.2381306,46,-5,-60
1739722926.2841306,-45,27,39
1739722926.3291306,8,-9,-4
1739722926.375131,-49,11,-59
1739722926.421131,-29,25,-7
1739722926.467131,-13,50,-71
1739722926.5121307,-58,35,-5
1739722926.5581307,-98,30,1
1739722926.6041307,-29,-21,-101
1739722926.6491306,-38,-2,3
1739722926.6951306,-1,6,-11
1739722926.7411306,-1,0,-58
1739722926.7871306,-19,-33,-112
1739722926.832131,-74,36,13
1739722926.878131,4,23,29
1739722926.924131,-49,-46,-109
1739722926.9691308,3,-3,-130
1739722927.0151308,-8,-21,-28
1739722927.0611308,-48,-34,1
1739722927.1061306,46,81,44
1739722927.1521306,-17,-7,-133
1739722927.1981306,117,-23,-88
1739722927.2441306,-35,29,-13
1739722927.2891307,39,66,-17
1739722927.3351307,-50,7,-117
1739722927.3811307,-39,28,41
1739722927.4261308,26,5,17
1739722927.4721308,78,-11,16
1739722927.5181308,15,0,-44
1739722927.5641308,22,62,-146
1739722927.6091306,-68,-59,-96
1739722927.6551306,-14,100,-35
1739722927.7011306,-25,24,-36
1739722927.7461307,11,-24,0
1739722927.7921307,43,49,-56
1739722927.8381307,36,-12,-56
1739722927.8841307,-71,38,-36
1739722927.9291308,-6,36,-87
1739722927.9751308,44,-12,-131
1739722928.0211308,19,54,-93
1739722928.0661306,19,3,-79
1739722928.1121306,-1,37,-4
1739722928.1581306,-5,40,-22
1739722928.2041306,-40,-26,-63
1739722928.2491307,-36,15,-46
1739722928.2951307,7,12,-57
1739722928.3411307,1,0,56
1739722928.3861306,-57,55,0
1739722928.4321306,-32,45,46
1739722928.4781306,49,-21,-11
1739722928.5241306,58,-75,-25
1739722928.569131,29,-5,38
1739722928.615131,17,-34,32
1739722928.661131,-54,62,-28
1739722928.7061307,-21,-26,-26
1739722928.7521307,46,-16,-71
1739722928.7981308,-14,0,-97
1739722928.8441308,37,13,29
1739722928.8891306,22,-5,-67
1739722928.9351306,42,-13,-47
1739722928.9811306,-104,-4,66
1739722929.026131,6,-2,-11
1739722929.072131,-9,-6,-20
1739722929.1181307,-49,26,-99
1739722929.1641307,60,-24,39
1739722929.2091308,25,32,-69
1739722929.2551308,36,75,7
1739722929.3011308,8,22,-161
1739722929.3461306,17,0,-57
1739722929.3921306,-31,-19,-30
1739722929.4381306,-8,6,40
1739722929.4841306,-12,-33,8
1739722929.5291307,139,-5,3
1739722929.5751307,-30,85,-143
1739722929.6211307,12,48,-93
1739722929.6661308,21,-66,-22
1739722929.7121308,-36,3,-34
1739722929.7581308,-7,-50,-40
1739722929.8041308,14,60,13
1739722929.8491306,-12,56,-81
1739722929.8951306,73,-72,-71
1739722929.9411306,19,-40,-75
1739722929.9861307,93,40,-65
1739722930.0321307,12,-53,16
1739722930.0781307,10,-79,-64
1739722930.1241307,15,-1,-75
1739722930.1691308,-6,-71,-38
1739722930.2151306,31,113,-41
1739722930.2611306,-22,65,-9
1739722930.3061306,47,-1,-85
1739722930.352131,33,14,-147
1739722930.398131,7,-33,-87
1739722930.444131,-58,14,-154
1739722930.4891307,77,-6,21
1739722930.5351307,2,-51,0
1739722930.5811307,12,40,-57
1739722930.6261306,26,10,0
1739722930.6721306,19,-67,-10
1739722930.7181306,4,-53,50
1739722930.7641306,25,8,-67
1739722930.809131,-26,-17,-50
1739722930.855131,73,49,23
1739722930.901131,-11,62,-163
1739722930.9461308,-55,40,-60
1739722930.9921308,-24,-1,-4
1739722931.0381308,17,24,65
1739722931.0841308,-17,3,30
1739722931.1291306,4,-26,-85
1739722931.1751306,4,-43,-109
1739722931.2211306,-69,-55,-62
1739722931.2661307,-10,-2,-43
1739722931.3121307,99,16,-7
1739722931.3581307,-73,-30,-4
1739722931.4041307,-50,3,-18
1739722931.4491308,0,47,-89
1739722931.4951308,47,-21,-47
1739722931.5411308,31,-85,32
1739722931.5861306,15,35,-51
1739722931.6321306,-35,7,-22
1739722931.6781306,-24,24,-51
1739722931.7241306,40,27,-37
1739722931.7691307,-29,-2,-74
1739722931.8151307,-61,60,-56
1739722931.8611307,0,45,-73
1739722931.9061308,-7,26,18
1739722931.9521308,48,33,-211
1739722931.9981308,-22,-82,-72
1739722932.0441308,-9,45,-17
1739722932.0891306,-26,18,-177
1739722932.1351306,91,49,-71
1739722932.1811306,87,-24,49
1739722932.2261307,77,-125,24
1739722932.2721307,-34,84,-85
1739722932.3181307,-35,0,-44
1739722932.3641307,27,-2,-23
1739722932.4091306,-38,11,-56
1739722932.4551306,54,83,-47
1739722932.5011306,-61,-33,-66
1739722932.546131,-40,-3,-58
1739722932.592131,9,-13,-63
1739722932.638131,15,72,13
1739722932.684131,45,21,-17
1739722932.7291307,58,-27,90
1739722932.7751307,-62,23,19
1739722932.8211308,-17,22,37
1739722932.8661306,-81,44,-199
1739722932.9121306,61,34,2
1739722932.9581306,-35,-41,-9
1739722933.0041306,-71,-80,-27
1739722933.049131,-13,30,13
1739722933.0951307,-59,-39,-17
1739722933.1411307,38,-22,6
1739722933.1861308,-10,-2,-126
1739722933.2321308,-25,3,-49
1739722933.2781308,-26,-25,45
1739722933.3241308,-63,10,33
1739722933.3691306,62,-41,54
1739722933.4151306,40,-56,2
1739722933.4611306,-22,65,-41
1739722933.5061307,-30,19,23
1739722933.5521307,0,12,47
1739722933.5981307,1,3,-124
1739722933.6441307,-7,1,-102
1739722933.6891308,-19,80,-81
1739722933.7351308,-13,-14,33
1739722933.7811308,-46,61,-67
1739722933.8261306,65,-5,-176
1739722933.8721306,-59,43,-111
1739722933.9181306,22,-54,-58
1739722933.9641306,-28,-22,15
1739722934.0091307,-49,-58,-45
1739722934.0551307,-39,-7,-17
1739722934.1011307,-107,21,-21
1739722934.1461308,28,36,-102
1739722934.1921306,20,21,-92
1739722934.2381306,48,82,-118
1739722934.2841306,-39,0,23
1739722934.3291306,-6,30,-69
1739722934.375131,36,27,-88
1739722934.421131,78,-59,-38
1739722934.4721308,30,2,-56
1739722934.5181308,30,27,46
1739722934.5641308,-17,12,-37
1739722934.6091306,41,-21,-88
1739722934.6541307,-24,8,-111
1739722934.7001307,3,-47,-67
1739722934.7451308,34,100,70
1739722934.7911308,25,-7,-10
1739722934.8371308,-29,6,-45
1739722934.8821306,19,-42,46
1739722934.9281306,9,32,12
1739722934.9741306,-48,20,-111
1739722935.0201306,-128,-43,15
1739722935.0651307,53,-22,-20
1739722935.1111307,-82,117,-141
1739722935.1571307,-54,83,-9
1739722935.2021308,12,-6,-92
1739722935.2481308,-18,-21,53
1739722935.2941308,-30,-1,-86
1739722935.3401306,9,-11,8
1739722935.3851306,7,-4,-116
1739722935.4311306,-76,20,-41
1739722935.477131,-74,28,-107
1739722935.5221307,14,-3,-194
1739722935.5681307,-28,1,29
1739722935.6141307,-83,-13,-23
1739722935.6601307,-26,43,21
1739722935.7051306,41,-58,-4
1739722935.7511306,44,-49,58
1739722935.7971306,5,-1,-12
1739722935.842131,38,-27,-64
1739722935.888131,-9,57,19
1739722935.934131,-53,70,43
1739722935.980131,17,59,28
1739722936.0251307,49,-5,30
1739722936.0711308,61,69,-32
1739722936.1171308,37,-18,78
1739722936.1621306,62,33,-26
1739722936.2081306,81,2,6
1739722936.2541306,18,-4,-106
1739722936.3001306,-28,-14,-71
1739722936.3451307,-12,31,-43
1739722936.3911307,-29,29,31
1739722936.4371307,-85,13,89
1739722936.4821308,57,-56,-62
1739722936.5281308,-71,17,-173
1739722936.5741308,11,46,-44
1739722936.6201308,-1,-74,-30
1739722936.6651306,12,-16,-118
1739722936.7111306,-22,-18,-61
1739722936.7571306,73,45,-62
1739722936.8021307,-40,49,47
1739722936.8481307,76,-73,70
1739722936.8941307,20,104,-65
1739722936.9401307,-29,-12,-98
1739722936.9851308,71,-22,-36
1739722937.0311308,0,10,23
1739722937.0771308,-20,33,-29
1739722937.1221306,21,-16,-120
1739722937.1681306,-31,-38,-80
1739722937.2141306,20,-30,-98
1739722937.2591307,27,59,-166
1739722937.3051307,33,-48,-126
1739722937.3511307,-30,65,-25
1739722937.3971307,-72,-5,-56
1739722937.4421306,65,72,-87
1739722937.4881306,17,-44,-86
1739722937.5341306,-64,-24,-122
1739722937.5791306,40,-3,-56
1739722937.625131,-2,-4,19
1739722937.671131,22,-18,-78
1739722937.717131,-6,20,-27
1739722937.7621307,31,-14,-88
1739722937.8081307,62,38,-92
1739722937.8541307,-5,40,-35
1739722937.8991306,29,11,64
1739722937.9451306,13,-12,116
1739722937.9911306,-65,80,-45
1739722938.0371306,-23,67,-35
1739722938.082131,78,-75,-32
1739722938.128131,-48,-34,43
1739722938.174131,-63,12,-45
1739722938.2191308,31,-72,-24
1739722938.2651308,-10,45,19
1739722938.3111308,9,-17,-48
1739722938.3571308,88,15,-84
1739722938.4021306,7,4,-20
1739722938.4481306,-33,-71,-58
1739722938.4941306,58,18,-124
1739722938.5391307,17,12,-102
1739722938.5851307,-41,-48,-103
1739722938.6311307,-48,-32,-5
1739722938.6771307,-20,-53,-28
1739722938.7221308,-3,-24,-64
1739722938.7681308,16,-42,-72
1739722938.8141308,30,68,-88
1739722938.8591306,70,-18,-216
1739722938.9051306,17,-9,-6
1739722938.9511306,23,-39,82
1739722938.9971306,0,0,-144
1739722939.0421307,-152,87,-31
1739722939.0881307,16,74,-6
1739722939.1341307,61,-20,-130
1739722939.1791308,-61,43,-73
1739722939.2251308,39,10,-44
1739722939.2711308,-22,28,33
1739722939.3171306,-14,-17,-119
1739722939.3621306,-11,79,-15
1739722939.4081306,-18,0,73
1739722939.4541306,-17,-72,83
1739722939.4991307,24,-25,42
1739722939.5451307,-58,-25,9
1739722939.5911307,50,-10,-52
1739722939.6371307,51,42,7
1739722939.6821306,24,80,-3
1739722939.7281306,-40,6,-43
1739722939.7741306,2,19,-22
1739722939.819131,-116,53,-49
1739722939.865131,28,-45,-60
1739722939.911131,-70,6,-83
1739722939.957131,-20,52,-3
1739722940.0021307,-86,-64,-78
1739722940.0481308,15,47,0
1739722940.0941308,98,0,-44
1739722940.1391306,27,-16,8
1739722940.1851306,-7,-36,39
1739722940.2311306,25,82,-44
1739722940.2771306,36,9,-36
1739722940.322131,16,67,-142
1739722940.3681307,-103,6,-15
1739722940.4141307,-73,51,-159
1739722940.4591308,141,2,-34
1739722940.5051308,50,8,82
1739722940.5511308,21,64,46
1739722940.5971308,-71,-39,-41
1739722940.6421306,-2,-54,-81
1739722940.6881306,-26,82,-102
1739722940.7341306,-22,27,24
1739722940.7791307,0,10,-130
1739722940.8251307,-73,2,-35
1739722940.8711307,-93,-2,21
1739722940.9171307,-4,48,-112
1739722940.9621308,-2,41,-144
1739722941.0081308,44,-59,-38
1739722941.0541308,-58,-3,-63
1739722941.0991306,23,66,12
1739722941.1451306,-29,-3,5
1739722941.1911306,43,-28,-12
1739722941.2371306,-53,17,15
1739722941.2821307,18,-44,34
1739722941.3281307,-19,-47,9
1739722941.3741307,-36,3,-57
1739722941.4191308,7,37,-54
1739722941.4651306,-30,28,-21
1739722941.5111306,-89,4,-5
1739722941.5571306,-13,-74,57
1739722941.602131,-63,-32,9
1739722941.648131,31,56,-98
1739722941.694131,-30,9,35
1739722941.7391307,-37,15,63
1739722941.7851307,-42,103,-93
1739722941.8311307,45,-3,-44
1739722941.8771307,-7,-13,71
1739722941.9221306,-39,-32,-143
1739722941.9681306,24,10,-40
1739722942.0141306,44,34,-52
1739722942.059131,-28,1,-211
1739722942.105131,5,-41,-116
1739722942.151131,-63,52,-53
1739722942.197131,-18,-8,-79
1739722942.2421308,20,-38,0
1739722942.2881308,17,-73,36
1739722942.3341308,10,11,-46
1739722942.3791306,0,10,-66
1739722942.4251306,-29,13,-15
1739722942.4711306,-38,36,15
1739722942.5171306,12,48,-18
1739722942.5621307,-40,-40,69
1739722942.6081307,15,-6,-70
1739722942.6541307,7,2,-140
1739722942.6991308,57,4,-18
1739722942.7451308,54,23,-2
1739722942.7911308,-9,1,-104
1739722942.8371308,18,-11,-42
1739722942.8821306,22,-6,-2
1739722942.9281306,32,10,-72
1739722942.9741306,-14,-9,31
1739722943.0191307,-33,98,-33
1739722943.0651307,36,17,-120
1739722943.1111307,57,-21,-22
1739722943.1571307,-6,7,129
1739722943.2021308,55,19,-70
1739722943.2481308,100,12,42
1739722943.2941308,59,88,-78
1739722943.3391306,-38,-12,-91
1739722943.3851306,18,38,-46
1739722943.4311306,50,-6,-2
1739722943.477131,-12,-49,-92
1739722943.5221307,6,23,-26
1739722943.5681307,23,47,-138
1739722943.6141307,-43,5,-17
1739722943.6591306,-53,-8,-17
1739722943.7051306,-48,59,47
1739722943.7511306,62,13,-130
1739722943.7971306,46,-41,28
1739722943.842131,-12,-8,-21
1739722943.888131,-30,-22,-23
1739722943.934131,19,36,-62
1739722943.9791307,74,-52,20
1739722944.0251307,8,-38,-60
1739722944.0711308,-1,-66,57
1739722944.1171308,138,48,-6
1739722944.1621306,6,23,48
1739722944.2081306,1,16,-24
1739722944.2541306,-14,67,-26
1739722944.299131,61,-20,-10
1739722944.3451307,63,21,4
1739722944.3911307,-18,66,34
1739722944.4371307,-16,-48,-76
1739722944.4881306,-15,-21,-83
1739722944.5341306,-18,-39,-62
1739722944.5791306,14,66,-37
1739722944.625131,0,6,-49
1739722944.671131,19,-9,-111
1739722944.717131,18,-28,-129
1739722944.7621307,25,0,13
1739722944.8081307,-49,49,-168
1739722944.8541307,18,-94,-111
1739722944.8991306,-23,-13,-56
1739722944.9451306,-45,81,16
1739722944.9911306,-12,17,-81
1739722945.0371306,-21,-10,-195
1739722945.082131,0,8,-15
1739722945.128131,-82,0,-138
1739722945.174131,-21,-2,-83
1739722945.2191308,-21,-12,-48
1739722945.2651308,-7,18,36
1739722945.3111308,-11,35,-25
1739722945.3571308,51,-44,47
1739722945.4021306,83,-25,-76
1739722945.4481306,31,-95,-46
1739722945.4941306,44,69,-153
1739722945.5391307,49,53,-17
1739722945.5851307,80,-60,55
1739722945.6311307,-11,-12,-71
1739722945.6771307,67,-23,-141
1739722945.7221308,104,19,-75
1739722945.7681308,-47,-40,-97
1739722945.8141308,15,86,17
1739722945.8591306,25,-44,15
1739722945.9051306,-20,52,-12
1739722945.9511306,3,-82,-143
1739722945.9971306,-35,-33,-8
1739722946.0421307,12,66,20
1739722946.0881307,-13,-22,-185
1739722946.1341307,-14,-49,-169
1739722946.1791308,16,64,-105
1739722946.2251308,-1,44,-26
1739722946.2711308,0,-20,-133
1739722946.3171306,36,-36,-67
1739722946.3621306,40,-5,-109
1739722946.4081306,18,-50,-41
1739722946.4541306,40,55,21
1739722946.4991307,68,110,-91
1739722946.5451307,-26,-43,54
1739722946.5911307,-2,-18,-49
1739722946.6371307,-23,9,92
1739722946.6821306,-36,-41,34
1739722946.7281306,-55,-12,-24
1739722946.7741306,-16,-29,-139
1739722946.819131,-24,-9,-78
1739722946.865131,47,-25,-39
1739722946.911131,79,-1,-141
1739722946.957131,-17,-48,-15
1739722947.0021307,28,-24,-71
1739722947.0481308,8,53,-30
1739722947.0941308,117,26,-41
1739722947.1391306,-12,-6,-20
1739722947.1851306,-60,41,-78
1739722947.2311306,-1,39,-6
1739722947.2771306,72,-7,-63
1739722947.322131,74,-6,15
1739722947.3681307,53,40,-55
1739722947.4141307,-19,-59,32
1739722947.4591308,19,-2,5
1739722947.5051308,-4,3,64
1739722947.5511308,22,43,-31
1739722947.5961306,134,32,-7
1739722947.6421306,2,34,-51
1739722947.6881306,16,61,-51
1739722947.7341306,-19,23,-173
1739722947.7791307,-32,43,-53
1739722947.8251307,-31,6,-30
1739722947.8711307,33,-69,-123
1739722947.9161308,-20,34,-15
1739722947.9621308,17,-43,220
1739722948.0081308,15,26,-3
1739722948.0541308,62,-33,-47
1739722948.0991306,-23,-21,-97
1739722948.1451306,34,20,-75
1739722948.1911306,45,11,-21
1739722948.2361307,-38,28,-2
1739722948.2821307,8,-13,74
1739722948.3281307,22,-6,-115
1739722948.3741307,65,-39,-107
1739722948.4191308,0,-19,-127
1739722948.4651306,25,-15,-61
1739722948.5111306,17,-17,10
1739722948.5561306,10,13,-95
1739722948.602131,5,99,-67
1739722948.648131,32,28,-81
1739722948.694131,-56,-3,66
1739722948.7391307,29,23,-117
1739722948.7851307,-55,10,-193
1739722948.8311307,32,-29,-153
1739722948.8761306,41,39,7
1739722948.9221306,-37,-24,-48
1739722948.9681306,-42,10,56
1739722949.0141306,-73,51,-69
1739722949.059131,90,27,-75
1739722949.105131,52,42,7
1739722949.151131,-28,0,-121
1739722949.1961308,3,38,37
1739722949.2421308,14,-27,-19
1739722949.2881308,-20,1,58
1739722949.3341308,41,6,-159
1739722949.3791306,34,59,13
1739722949.4251306,-62,-28,-114
1739722949.4711306,-15,-65,26
1739722949.5161307,-28,-66,-105
1739722949.5621307,-37,-24,-92
1739722949.6081307,5,39,-123
1739722949.6541307,45,31,-5
1739722949.6991308,41,37,-63
1739722949.7451308,-31,-52,-36
1739722949.7911308,-26,-17,-60
1739722949.8361306,-37,31,-121
1739722949.8821306,28,-37,-15
1739722949.9281306,-15,30,-49
1739722949.9741306,-1,2,-4
1739722950.0191307,70,79,11
1739722950.0651307,36,-38,-39
1739722950.1111307,-18,27,-83
1739722950.1561308,-103,29,-4
1739722950.2021308,-69,25,-116
1739722950.2481308,37,-26,26
1739722950.2941308,36,1,-28
1739722950.3391306,-4,-16,59
1739722950.3851306,-70,56,-100
1739722950.4311306,32,-54,-17
1739722950.4761307,17,26,54
1739722950.5221307,22,-70,16
1739722950.5681307,-12,-49,-85
1739722950.6141307,-71,34,-37
1739722950.6591306,40,0,-12
1739722950.7051306,-51,-15,-71
1739722950.7511306,17,-34,43
1739722950.796131,-4,-63,-26
1739722950.842131,-118,3,13
1739722950.888131,-23,-46,-104
1739722950.934131,-14,17,-74
1739722950.9791307,-3,-53,-74
1739722951.0251307,-60,37,-9
1739722951.0711308,67,39,-137
1739722951.1161306,-42,-64,-103
1739722951.1621306,-53,8,-147
1739722951.2081306,-4,5,40
1739722951.2541306,23,10,26
1739722951.299131,44,-4,-107
1739722951.3451307,39,60,-87
1739722951.3911307,-21,-8,-71
1739722951.4361308,-46,21,-153
1739722951.4821308,-2,-11,64
1739722951.5281308,10,-6,38
1739722951.5741308,38,-11,-113
1739722951.6191306,25,2,-24
1739722951.6651306,-29,-50,-101
1739722951.7111306,-67,48,-76
1739722951.7561307,-34,-28,-141
1739722951.8021307,-24,6,-36
1739722951.8481307,0,-1,-116
1739722951.8941307,-24,-12,-10
1739722951.9391308,2,8,-60
1739722951.9851308,79,-36,-17
1739722952.0311308,25,-62,-25
1739722952.0761306,35,-25,-55
1739722952.1221306,-124,43,-82
1739722952.1681306,43,27,-114
1739722952.2141306,38,-36,-230
1739722952.2591307,-44,0,-62
1739722952.3051307,-1,22,-112
1739722952.3511307,-17,32,2
1739722952.3961308,-9,-18,31
1739722952.4421306,58,-5,51
1739722952.4881306,2,31,-78
1739722952.5341306,-55,0,26
1739722952.5791306,-15,-31,-60
1739722952.625131,20,-11,-178
1739722952.671131,1,-12,-132
1739722952.7161307,69,-37,-43
1739722952.7621307,12,-13,-3
1739722952.8081307,16,60,-40
1739722952.8541307,9,-6,19
1739722952.8991306,-130,-4,-112
1739722952.9451306,0,-8,5
1739722952.9911306,4,-27,-1
1739722953.036131,-18,-42,-85
1739722953.082131,19,66,-130
1739722953.128131,-37,22,-96
1739722953.174131,31,63,-14
1739722953.2191308,50,-75,35
1739722953.2651308,-37,139,-122
1739722953.3111308,-2,-2,-16
1739722953.3561306,-4,50,-90
1739722953.4021306,-12,-1,-96
1739722953.4481306,-4,56,103
1739722953.4941306,63,-47,48
1739722953.5391307,24,28,-96
1739722953.5851307,-31,32,-47
1739722953.6311307,14,2,-128
1739722953.6761308,-50,-44,67
1739722953.7221308,-25,39,-65
1739722953.7681308,0,-17,31
1739722953.8141308,-16,24,-178
1739722953.8591306,-24,-34,-182
1739722953.9051306,-38,11,-67
1739722953.9511306,3,11,-154
1739722953.9961307,-58,14,-67
1739722954.0421307,20,-18,44
1739722954.0881307,-7,-19,-50
1739722954.1341307,-71,62,7
1739722954.1791308,-95,18,-115
1739722954.2251308,54,-5,-90
1739722954.2711308,-43,64,-3
1739722954.3161306,56,12,30
1739722954.3621306,-63,-3,-63
1739722954.4081306,-20,71,-77
1739722954.4591308,28,-34,-76
1739722954.5051308,25,12,-26
1739722954.5511308,-20,11,15
1739722954.5961306,-33,10,-79
1739722954.6421306,-30,13,23
1739722954.6881306,6,31,25
1739722954.7341306,-96,-20,-61
1739722954.7791307,-16,-34,-9
1739722954.8251307,17,1,-122
1739722954.8711307,-51,0,-43
1739722954.9161308,30,45,-146
1739722954.9621308,133,-14,-54
1739722955.0081308,68,14,-18
1739722955.0541308,4,-20,-88
1739722955.0991306,52,40,-74
1739722955.1451306,-17,39,-65
1739722955.1911306,-22,-24,-184
1739722955.2361307,-15,22,-37
1739722955.2821307,1,24,-82
1739722955.3281307,-53,0,-15
1739722955.3741307,-81,38,-53
1739722955.4191308,43,3,-62
1739722955.4651306,-50,12,-91
1739722955.5111306,93,0,18
1739722955.5561306,-3,21,-72
1739722955.602131,-49,26,-105
1739722955.648131,-17,72,-124
1739722955.694131,61,3,-78
1739722955.7391307,9,24,0
1739722955.7851307,48,27,14
1739722955.8311307,-66,-25,1
1739722955.8761306,57,53,154
1739722955.9221306,43,13,-84
1739722955.9681306,0,-48,65
1739722956.0141306,-28,9,29
1739722956.059131,46,-1,-64
1739722956.105131,-93,11,-103
1739722956.151131,54,-26,-2
1739722956.1961308,-23,-52,-197
1739722956.2421308,-20,-51,-21
1739722956.2881308,-29,-26,-51
1739722956.3341308,38,-49,-98
1739722956.3791306,-50,-46,11
1739722956.4251306,60,15,-8
1739722956.4711306,43,3,-242
1739722956.5161307,56,68,-56
1739722956.5621307,95,-61,20
1739722956.6081307,2,9,-78
1739722956.6541307,-71,54,37
1739722956.6991308,78,5,-50
1739722956.7451308,-63,-14,-51
1739722956.7911308,32,61,-46
1739722956.8361306,86,63,6
1739722956.8821306,-6,-9,-99
1739722956.9281306,-40,-3,-33
1739722956.9741306,-9,-23,99
1739722957.0191307,13,-1,-16
1739722957.0651307,-23,-106,-94
1739722957.1111307,-31,71,-66
1739722957.1561308,-41,22,1
1739722957.2021308,68,-16,-20
1739722957.2481308,6,-12,-69
1739722957.2941308,62,40,26
1739722957.3391306,0,-46,-165
1739722957.3851306,77,1,-43
1739722957.4311306,-39,-9,79
1739722957.4761307,-96,2,-27
1739722957.5221307,-84,24,31
1739722957.5681307,98,19,-102
1739722957.6131306,-37,56,-13
1739722957.6591306,0,61,-125
1739722957.7051306,14,-95,-1
1739722957.7511306,-22,61,-77
1739722957.796131,5,-97,-87
1739722957.842131,-8,-9,56
1739722957.888131,40,-23,-59
1739722957.9331307,-24,8,-10
1739722957.9791307,13,42,-23
1739722958.0251307,6,33,-53
1739722958.0711308,-25,29,-4
1739722958.1161306,-3,-14,-119
1739722958.1621306,2,85,-61
1739722958.2081306,-9,16,26
1739722958.253131,33,18,19
1739722958.299131,-74,-23,-30
1739722958.3451307,13,9,-35
1739722958.3911307,68,38,59
1739722958.4361308,-17,62,8
1739722958.4821308,-1,2,-101
1739722958.5281308,111,-25,50
1739722958.5731306,-22,-8,32
1739722958.6191306,-47,7,-169
1739722958.6651306,20,-23,40
1739722958.7111306,-33,-34,-111
1739722958.7561307,-44,10,-24
1739722958.8021307,58,-15,-109
1739722958.8481307,-13,-53,19
1739722958.8931308,29,46,-129
1739722958.9391308,-47,11,38
1739722958.9851308,-57,-11,-56
1739722959.0311308,90,19,-67
1739722959.0761306,-29,69,-46
1739722959.1221306,3,-57,-77
1739722959.1681306,54,-45,-33
1739722959.2131307,-74,45,60
1739722959.2591307,60,-22,-19
1739722959.3051307,13,-10,-73
1739722959.3511307,0,49,-95
1739722959.3961308,-32,65,88
1739722959.4421306,-57,-54,-4
1739722959.4881306,-38,65,52
1739722959.5331306,-3,-49,-149
1739722959.5791306,35,-32,-9
1739722959.625131,-38,-88,-155
1739722959.671131,-70,38,48
1739722959.7161307,-99,84,-186
1739722959.7621307,-36,13,46
1739722959.8081307,8,-23,-93
1739722959.8531306,76,1,65
1739722959.8991306,-30,-28,-24
1739722959.9451306,-35,62,-66
1739722959.9911306,-32,14,-48
1739722960.036131,-88,-4,40
1739722960.082131,-29,-10,24
1739722960.128131,27,24,0
1739722960.1731308,39,70,25
1739722960.2191308,90,95,-57
1739722960.2651308,-10,82,96
1739722960.3111308,54,0,-19
1739722960.3561306,49,22,31
1739722960.4021306,-125,49,-112
1739722960.4481306,-1,70,-11
1739722960.4931307,12,40,-59
1739722960.5391307,-30,59,-40
1739722960.5851307,-24,-9,-20
1739722960.6311307,41,-27,-57
1739722960.6761308,4,50,-113
1739722960.7221308,38,-117,15
1739722960.7681308,-40,94,-18
1739722960.8131306,-49,-9,-76
1739722960.8591306,39,31,-9
1739722960.9051306,-5,19,-135
1739722960.9511306,67,-31,55
1739722960.9961307,40,10,-59
1739722961.0421307,-22,52,-24
1739722961.0881307,16,-38,22
1739722961.1331308,8,-29,10
1739722961.1791308,55,2,-55
1739722961.2251308,7,18,-73
1739722961.2711308,12,-21,-84
1739722961.3161306,69,-47,-68
1739722961.3621306,-19,63,5
1739722961.4081306,-6,5,-97
1739722961.4531307,49,-60,-9
1739722961.4991307,-121,24,11
1739722961.5451307,15,25,-29
1739722961.5911307,9,1,8
1739722961.6361306,33,8,50
1739722961.6821306,84,-20,-95
1739722961.7281306,-39,-11,-52
1739722961.773131,88,11,-89
1739722961.819131,-32,0,-76
1739722961.865131,17,-17,-29
1739722961.911131,-5,-16,21
1739722961.9561307,-48,38,-114
1739722962.0021307,73,-25,-27
1739722962.0481308,53,-13,76
1739722962.0931306,145,-82,50
1739722962.1391306,39,-27,28
1739722962.1851306,-40,-15,-117
1739722962.2311306,-29,-59,-6
1739722962.276131,105,2,-32
1739722962.322131,-14,30,17
1739722962.3681307,-59,3,-139
1739722962.4131308,-1,4,-32
1739722962.4591308,31,-47,-192
1739722962.5051308,25,-25,-18
1739722962.5511308,31,43,-116
1739722962.5961306,10,-24,-94
1739722962.6421306,-91,-29,-15
1739722962.6881306,-35,-10,-63
1739722962.7331307,76,39,-40
1739722962.7791307,-11,-19,-148
1739722962.8251307,-63,58,-25
1739722962.8711307,9,-58,-14
1739722962.9161308,23,67,-64
1739722962.9621308,42,-17,-78
1739722963.0081308,-56,-70,25
1739722963.0531306,27,2,-46
1739722963.0991306,23,-10,-6
1739722963.1451306,2,44,-44
1739722963.1911306,15,4,16
1739722963.2361307,14,-84,-54
1739722963.2821307,76,-6,8
1739722963.3281307,-3,-14,10
1739722963.3731308,-16,55,0
1739722963.4191308,-19,-59,-72
1739722963.4651306,-16,4,-67
1739722963.5111306,83,-95,20
1739722963.5561306,10,63,-9
1739722963.602131,-35,-122,-16
1739722963.648131,1,-52,-74
1739722963.6931307,24,25,14
1739722963.7391307,89,-64,44
1739722963.7851307,-17,-48,-106
1739722963.8311307,-15,32,17
1739722963.8761306,8,-49,-72
1739722963.9221306,-27,-16,43
1739722963.9681306,13,-39,-42
1739722964.013131,70,-7,-30
1739722964.059131,-10,-5,-189
1739722964.105131,-49,-13,63
1739722964.151131,31,52,-126
1739722964.1961308,-20,-72,-30
1739722964.2421308,-23,34,-33
1739722964.2881308,-53,39,-41
1739722964.3331306,-7,-11,-84
1739722964.3791306,11,5,0
1739722964.4251306,38,31,-32
1739722964.4761307,-11,15,-101
1739722964.5221307,7,-46,-98
1739722964.5681307,36,-9,-128
1739722964.6131306,-18,21,9
1739722964.6591306,-50,-42,83
1739722964.7051306,56,-103,-12
1739722964.7511306,-26,55,35
1739722964.796131,32,-111,-18
1739722964.842131,-38,-10,-1
1739722964.888131,-20,-18,-60
1739722964.9331307,71,-28,-26
1739722964.9791307,-8,-52,-134
1739722965.0251307,3,-20,4
1739722965.0711308,2,-38,-80
1739722965.1161306,-24,-44,22
1739722965.1621306,-47,44,-65
1739722965.2081306,-45,-6,-39
1739722965.253131,0,65,105
1739722965.299131,21,-88,14
1739722965.3451307,-25,0,-105
1739722965.3911307,40,-3,-22
1739722965.4361308,-36,-8,7
1739722965.4821308,102,-25,-146
1739722965.5281308,55,48,-36
1739722965.5731306,13,-63,22
1739722965.6191306,-57,84,89
1739722965.6651306,50,39,-48
1739722965.7111306,11,52,-74
1739722965.7561307,0,68,-81
1739722965.8021307,3,15,-82
1739722965.8481307,28,81,3
1739722965.8931308,57,-15,-12
1739722965.9391308,64,56,-106
1739722965.9851308,-38,54,-109
1739722966.0311308,-2,-10,3
1739722966.0761306,-33,-36,-81
1739722966.1221306,46,-9,-108
1739722966.1681306,-69,-23,21
1739722966.2131307,-85,64,19
1739722966.2591307,41,29,-95
1739722966.3051307,-29,-4,-85
1739722966.3511307,46,-24,-83
1739722966.3961308,24,-6,-5
1739722966.4421306,-14,-26,-16
1739722966.4881306,-39,24,-54
1739722966.5331306,-97,65,28
1739722966.5791306,43,63,-51
1739722966.6261306,-44,12,0
1739722966.6721306,10,-13,80
1739722966.717131,-10,0,-41
1739722966.763131,-26,76,-37
1739722966.809131,-30,77,18
1739722966.855131,72,21,71
1739722966.9001307,-62,-20,-82
1739722966.9461308,17,41,-45
1739722966.9921308,29,-43,-43
1739722967.0371306,39,13,107
1739722967.0831306,-36,21,-118
1739722967.1291306,19,-9,-105
1739722967.1751306,-5,3,-29
1739722967.2201307,-21,54,44
1739722967.2661307,-22,24,-81
1739722967.3121307,-25,30,18
1739722967.3571308,132,-43,3
1739722967.4031308,3,-39,-115
1739722967.4491308,82,88,-1
1739722967.4941306,19,34,-21
1739722967.5401306,-24,34,-92
1739722967.5861306,44,-59,25
1739722967.6321306,80,-20,11
1739722967.6771307,-44,-62,-20
1739722967.7231307,44,26,-73
1739722967.7691307,1,83,-45
1739722967.8141308,26,-6,15
1739722967.8601308,-63,58,-110
1739722967.9061308,49,-1,-49
1739722967.9521308,46,-32,-79
1739722967.9971306,-9,29,-26
1739722968.0431306,-31,-71,-36
1739722968.0891306,-33,7,-54
1739722968.1341307,95,7,-39
1739722968.1801307,14,6,-17
1739722968.2261307,12,99,74
1739722968.2721307,31,4,-19
1739722968.3171306,-16,-7,-131
1739722968.3631306,-4,83,-61
1739722968.4091306,-41,-34,-74
1739722968.4541306,-24,76,-58
1739722968.500131,19,1,21
1739722968.546131,5,82,-143
1739722968.592131,-2,25,14
1739722968.6371307,-28,-16,74
1739722968.6831307,-21,-18,8
1739722968.7291307,2,67,-6
1739722968.7741306,-18,3,-94
1739722968.8201306,-7,45,32
1739722968.8661306,6,-21,-59
1739722968.9121306,17,-93,7
1739722968.957131,10,3,17
1739722969.003131,-10,-56,60
1739722969.049131,-4,15,-65
1739722969.0941308,-1,-52,-125
1739722969.1401308,18,-52,59
1739722969.1861308,-100,2,-94
1739722969.2321308,24,12,-91
1739722969.2771306,34,-42,-99
1739722969.3231306,33,-46,-15
1739722969.3691306,86,7,-61
1739722969.4141307,-98,-9,24
1739722969.4601307,10,55,14
1739722969.5061307,67,14,51
1739722969.5521307,21,-3,-13
1739722969.5971308,33,-15,-29
1739722969.6431308,22,-76,-17
1739722969.6891308,8,39,-86
1739722969.7341306,-34,-68,-143
1739722969.7801306,-5,-55,-23
1739722969.8261306,24,-68,-7
1739722969.8721306,-27,-6,-56
1739722969.9171307,-37,-75,-31
1739722969.9631307,35,-30,51
1739722970.0091307,53,-18,-21
1739722970.0541308,-145,0,-126
1739722970.1001308,-4,34,72
1739722970.1461308,141,-60,-59
1739722970.1921306,8,74,-54
1739722970.2371306,-38,-12,-22
1739722970.2831306,-32,-52,-165
1739722970.3291306,-90,-38,0
1739722970.3741307,53,-8,-7
1739722970.4201307,-70,-6,10
1739722970.4661307,31,43,-25
1739722970.5121307,-76,17,6
1739722970.5571306,73,-43,-87
1739722970.6031306,18,-15,-93
1739722970.6491306,16,26,-145
1739722970.694131,3,-59,41
1739722970.740131,2,3,-151
1739722970.786131,-3,-41,-13
1739722970.832131,82,25,-89
1739722970.8771307,-33,-9,-152
1739722970.9231308,9,57,-116
1739722970.9691308,10,20,-25
1739722971.0141306,22,11,-114
1739722971.0601306,74,12,-132
1739722971.1061306,-24,-5,-93
1739722971.1521306,21,23,12
1739722971.197131,34,28,-60
1739722971.2431307,38,17,0
1739722971.2891307,-13,114,-60
1739722971.3341308,1,-5,15
1739722971.3801308,25,-68,-96
1739722971.4261308,-8,-27,-13
1739722971.4721308,-11,62,73
1739722971.5171306,-20,35,-66
1739722971.5631306,23,31,-108
1739722971.6091306,-9,1,3
1739722971.6541307,-18,-17,-31
1739722971.7001307,90,64,40
1739722971.7461307,-28,33,69
1739722971.7921307,-65,51,101
1739722971.8371308,56,-66,-98
1739722971.8831308,60,42,-94
1739722971.9291308,-76,84,-86
1739722971.9741306,-4,-63,-65
1739722972.0201306,-69,11,-77
1739722972.0661306,-1,-17,29
1739722972.1121306,-13,-47,-80
1739722972.1571307,-10,-18,-20
1739722972.2031307,45,30,-28
1739722972.2491307,-68,16,-50
1739722972.2941308,-68,7,-94
1739722972.3401306,-79,18,-94
1739722972.3861306,-88,42,-139
1739722972.4321306,21,-68,18
1739722972.477131,-13,3,-41
1739722972.523131,100,28,-96
1739722972.569131,42,-25,-74
1739722972.6141307,-25,-11,-39
1739722972.6601307,4,44,31
1739722972.7061307,-47,56,-85
1739722972.7521307,6,21,-104
1739722972.7971306,9,-7,-28
1739722972.8431306,-18,109,123
1739722972.8891306,-2,13,-46
1739722972.934131,-69,70,-69
1739722972.980131,14,2,44
1739722973.026131,96,-30,-32
1739722973.072131,72,-11,-14
1739722973.1171308,51,30,68
1739722973.1631308,23,-17,-204
1739722973.2091308,20,-67,-122
1739722973.2541306,60,-54,0
1739722973.3001306,28,-6,-74
1739722973.3461306,18,77,-66
1739722973.3921306,-53,-6,-83
1739722973.4371307,61,26,98
1739722973.4831307,20,-36,-42
1739722973.5291307,-6,-40,-42
1739722973.5741308,14,-10,-114
1739722973.6201308,14,-4,-58
1739722973.6661308,-24,-25,-29
1739722973.7121308,79,34,0
1739722973.7571306,-17,-3,-21
1739722973.8031306,9,-25,-22
1739722973.8491306,-5,36,-162
1739722973.8941307,-7,47,48
1739722973.9401307,18,-11,46
1739722973.9861307,-26,-48,83
1739722974.0321307,-27,-60,-51
1739722974.0771308,53,19,-98
1739722974.1231308,-80,34,-53
1739722974.1691308,4,-35,-200
1739722974.2141306,-79,-22,5
1739722974.2601306,-11,-45,-164
1739722974.3061306,-31,-11,-31
1739722974.352131,71,52,-56
1739722974.3971307,-24,18,-73
1739722974.4431307,17,-40,18
1739722974.4941306,17,-4,0
1739722974.5401306,21,81,-41
1739722974.5861306,-14,-22,-32
1739722974.6321306,-33,43,-85
1739722974.6771307,138,-13,-84
1739722974.7231307,-1,-23,-18
1739722974.7691307,42,57,-65
1739722974.8141308,-36,-68,-74
1739722974.8601308,-4,-43,-100
1739722974.9061308,23,-72,34
1739722974.9521308,-47,10,-5
1739722974.9971306,-20,11,67
1739722975.0431306,17,3,-60
1739722975.0891306,0,40,47
1739722975.1341307,8,-75,-72
1739722975.1801307,0,32,-19
1739722975.2261307,-11,48,-77
1739722975.2721307,-59,7,85
1739722975.3171306,-30,-7,-19
1739722975.3631306,-103,7,25
1739722975.4091306,10,28,-56
1739722975.4541306,21,-43,-10
1739722975.500131,21,-41,58
1739722975.546131,9,16,-48
1739722975.592131,-24,24,-131
1739722975.6371307,42,-50,-74
1739722975.6831307,-48,36,-51
1739722975.7291307,-9,61,-127
1739722975.7741306,23,-7,-86
1739722975.8201306,-24,-6,-187
1739722975.8661306,-7,11,-81
1739722975.911131,40,-24,-26
1739722975.957131,-21,-4,9
1739722976.003131,10,-21,30
1739722976.049131,-6,-16,-63
1739722976.0941308,12,29,-22
1739722976.1401308,3,-57,-15
1739722976.1861308,35,0,0
1739722976.2321308,-23,12,-133
1739722976.2771306,21,-33,78
1739722976.3231306,7,-8,-122
1739722976.3691306,47,-37,-4
1739722976.4141307,25,84,-12
1739722976.4601307,55,-47,-22
1739722976.5061307,-76,15,-83
1739722976.5521307,-5,-59,-21
1739722976.5971308,-17,-120,-3
1739722976.6431308,64,50,0
1739722976.6891308,-61,-6,-9
1739722976.7341306,10,-11,28
1739722976.7801306,-9,-23,33
1739722976.8261306,-23,20,-9
1739722976.8721306,61,-57,-84
1739722976.9171307,-80,-67,-5
1739722976.9631307,22,-29,-48
1739722977.0091307,73,-33,8
1739722977.0541308,-24,-50,-73
1739722977.1001308,36,19,-134
1739722977.1461308,7,25,52
1739722977.1921306,16,-79,11
1739722977.2371306,14,47,-38
1739722977.2821307,-16,43,-57
1739722977.3281307,-66,22,-33
1739722977.3731308,13,19,54
1739722977.4191308,-53,7,-39
1739722977.4651306,14,-21,-104
1739722977.5101306,-20,61,-55
1739722977.5561306,2,-53,-74
1739722977.602131,10,28,-10
1739722977.6471307,44,3,6
1739722977.6931307,29,-30,-184
1739722977.7391307,-27,-68,-85
1739722977.7851307,-56,21,-39
1739722977.8301306,-10,0,85
1739722977.8761306,23,60,-124
1739722977.9221306,-37,-8,-21
1739722977.967131,31,39,-122
1739722978.013131,-16,74,73
1739722978.059131,39,39,-88
1739722978.105131,-20,7,-83
1739722978.1501307,-33,14,-61
1739722978.1961308,-5,63,-77
1739722978.2421308,43,-77,-42
1739722978.2871306,52,-40,26
1739722978.3331306,-28,64,-150
1739722978.3791306,-34,-39,17
1739722978.4251306,18,16,-161
1739722978.4701307,-5,-16,-88
1739722978.5161307,-10,-8,-36
1739722978.5621307,78,-46,74
1739722978.6071308,-11,35,-80
1739722978.6531308,119,28,-130
1739722978.6991308,43,20,25
1739722978.7451308,-6,5,-57
1739722978.7901306,-76,47,-102
1739722978.8361306,16,22,19
1739722978.8821306,42,43,5
1739722978.9271307,-35,23,-28
1739722978.9731307,42,43,-105
1739722979.0191307,55,-82,-87
1739722979.0651307,-70,83,-127
1739722979.1101308,44,-14,-69
1739722979.1561308,-24,-7,-91
1739722979.2021308,-3,-59,-19
1739722979.2471306,30,95,19
1739722979.2931306,50,18,-11
1739722979.3391306,-16,0,-38
1739722979.3851306,-6,-81,-159
1739722979.4301307,-3,-53,-105
1739722979.4761307,4,-37,78
1739722979.5221307,-49,-58,10
1739722979.5671306,111,-4,-101
1739722979.6131306,-29,15,-171
1739722979.6591306,11,9,-27
1739722979.7051306,92,57,3
1739722979.750131,16,-40,-123
1739722979.796131,33,-46,39
1739722979.842131,19,24,-77
1739722979.8871307,-38,-22,0
1739722979.9331307,19,26,35
1739722979.9791307,22,27,-3
1739722980.0251307,8,51,3
1739722980.0701306,-38,46,-157
1739722980.1161306,-97,64,-12
1739722980.1621306,-81,-3,-56
1739722980.207131,10,-3,-11
1739722980.253131,-45,41,104
1739722980.299131,-60,20,-62
1739722980.3451307,1,14,-31
1739722980.3901308,14,29,-51
1739722980.4361308,12,23,-15
1739722980.4821308,-36,27,-167
1739722980.5271306,10,11,35
1739722980.5731306,-43,-10,-96
1739722980.6191306,13,-107,-154
1739722980.6651306,-10,23,-153
1739722980.7101307,-18,-74,-54
1739722980.7561307,26,28,-53
1739722980.8021307,-66,24,-95
1739722980.8471308,63,-39,-73
1739722980.8931308,-65,2,-32
1739722980.9391308,52,24,-27
1739722980.9851308,-53,-27,-142
1739722981.0301306,68,-34,-37
1739722981.0761306,-17,22,-113
1739722981.1221306,-36,35,-32
1739722981.1671307,-5,11,18
1739722981.2131307,-3,11,-31
1739722981.2591307,-51,26,-28
1739722981.3051307,-55,-74,-30
1739722981.3501308,21,66,-105
1739722981.3961308,-92,-7,6
1739722981.4421306,48,10,-33
1739722981.4871306,66,24,-187
1739722981.5331306,-13,13,-65
1739722981.5791306,43,-13,-25
1739722981.625131,-44,27,54
1739722981.6701307,27,5,9
1739722981.7161307,-98,42,-10
1739722981.7621307,-25,-5,70
1739722981.8071306,43,12,-29
1739722981.8531306,6,-10,-9
1739722981.8991306,-6,22,-77
1739722981.9451306,64,-33,-125
1739722981.990131,5,17,3
1739722982.036131,-1,-27,54
1739722982.082131,6,78,-231
1739722982.1271307,-19,4,18
1739722982.1731308,-4,-36,-77
1739722982.2191308,36,-2,19
1739722982.2651308,-10,121,-98
1739722982.3101306,-42,16,52
1739722982.3561306,-59,45,11
1739722982.4021306,47,-57,-74
1739722982.447131,-34,-31,11
1739722982.4931307,9,-34,-10
1739722982.5391307,9,26,-134
1739722982.5851307,3,-73,-72
1739722982.6301308,-16,-89,-60
1739722982.6761308,12,-12,-80
1739722982.7221308,32,-21,36
1739722982.7671306,110,-48,-30
1739722982.8131306,-21,21,27
1739722982.8591306,-6,22,0
1739722982.9051306,37,15,-50
1739722982.9501307,-22,2,-31
1739722982.9961307,-40,102,-42
1739722983.0421307,84,61,0
1739722983.0871308,-3,-16,41
1739722983.1331308,-22,36,31
1739722983.1791308,-103,-29,-93
1739722983.2251308,-9,63,22
1739722983.2701306,68,39,-60
1739722983.3161306,-14,-63,-68
1739722983.3621306,-75,2,-19
1739722983.4071307,-18,8,25
1739722983.4531307,16,68,14
1739722983.4991307,0,28,-214
1739722983.5451307,-23,40,-19
1739722983.5901306,1,-38,-144
1739722983.6361306,51,20,6
1739722983.6821306,35,32,-106
1739722983.727131,29,75,-68
1739722983.773131,20,11,26
1739722983.819131,30,-39,-2
1739722983.865131,36,19,-22
1739722983.9101307,2,9,-132
1739722983.9561307,16,78,-134
1739722984.0021307,-61,-6,25
1739722984.0471306,3,66,-92
1739722984.0931306,30,35,-6
1739722984.1391306,23,41,34
1739722984.1851306,6,21,-8
1739722984.230131,5,-41,-143
1739722984.276131,53,-53,-102
1739722984.322131,-24,16,-53
1739722984.3671308,0,31,-4
1739722984.4131308,18,-11,-100
1739722984.4591308,-35,33,-45
1739722984.5101306,-63,2,11
1739722984.5561306,48,-39,-96
1739722984.602131,-55,15,3
1739722984.6471307,-9,18,-92
1739722984.6931307,-33,30,-17
1739722984.7391307,-18,86,62
1739722984.7851307,26,-54,-42
1739722984.8301306,56,-1,-126
1739722984.8761306,-46,-22,-37
1739722984.9221306,-10,-27,-65
1739722984.967131,9,16,-69
1739722985.013131,-56,48,1
1739722985.059131,-42,61,-40
1739722985.105131,98,44,1
1739722985.1501307,-16,16,-47
1739722985.1961308,56,17,-13
1739722985.2421308,-35,49,-23
1739722985.2871306,43,-13,-17
1739722985.3331306,-21,-28,-20
1739722985.3791306,-63,8,2
1739722985.4251306,2,5,1
1739722985.4701307,57,-13,-161
1739722985.5161307,-41,40,-121
1739722985.5621307,-33,39,-79
1739722985.6071308,7,25,-55
1739722985.6531308,64,-37,-31
1739722985.6991308,67,-89,-47
1739722985.7451308,26,28,138
1739722985.7901306,-22,0,-123
1739722985.8361306,-58,38,38
1739722985.8821306,-21,13,-10
1739722985.9271307,-23,71,60
1739722985.9731307,18,12,50
1739722986.0191307,7,-31,-141
1739722986.0651307,-63,-24,-32
1739722986.1101308,-24,51,14
1739722986.1561308,-44,-37,4
1739722986.2021308,56,8,-25
1739722986.2471306,53,-11,-7
1739722986.2931306,33,55,11
1739722986.3391306,-22,-32,-18
1739722986.3851306,38,-16,-87
1739722986.4301307,14,-31,26
1739722986.4761307,65,97,9
1739722986.5221307,-32,-40,-83
1739722986.5671306,-6,22,26
1739722986.6131306,-5,15,0
1739722986.6591306,29,-78,-71
1739722986.7051306,-9,-37,-23
1739722986.750131,62,-26,-37
1739722986.796131,36,77,37
1739722986.842131,-32,20,-20
1739722986.8871307,16,-4,-111
1739722986.9331307,15,-43,-67
1739722986.9791307,-44,3,50
1739722987.0251307,29,42,-1
1739722987.0701306,41,47,-99
1739722987.1161306,30,-5,25
1739722987.1621306,70,58,-43
1739722987.207131,23,64,-41
1739722987.253131,43,-6,-115
1739722987.299131,23,-45,-127
1739722987.3451307,20,-18,72
1739722987.3901308,73,4,-45
1739722987.4361308,81,15,-25
1739722987.4821308,11,-2,-41
1739722987.5271306,33,-13,5
1739722987.5731306,15,-31,-9
1739722987.6191306,-28,-20,-49
1739722987.6641307,-35,56,0
1739722987.7101307,-93,-21,-26
1739722987.7561307,35,14,68
1739722987.8021307,-3,-13,-57
1739722987.8471308,-20,85,-97
1739722987.8931308,21,-35,1
1739722987.9391308,76,0,20
1739722987.9841306,21,23,-93
1739722988.0301306,-22,2,-95
1739722988.0761306,-54,-21,-59
1739722988.1221306,9,-40,-93
1739722988.1671307,-57,-15,66
1739722988.2131307,39,-29,-45
1739722988.2591307,27,-9,1
1739722988.3041308,0,-11,50
1739722988.3501308,51,-54,21
1739722988.3961308,52,46,-65
1739722988.4421306,50,-111,-17
1739722988.4871306,77,-25,43
1739722988.5331306,6,-8,-13
1739722988.5791306,-29,35,-40
1739722988.6241307,26,-11,-1
1739722988.6701307,18,-24,-69
1739722988.7161307,-99,42,-54
1739722988.7621307,-24,-46,-87
1739722988.8071306,6,-23,45
1739722988.8531306,68,-14,-29
1739722988.8991306,-73,30,-54
1739722988.944131,-31,2,94
1739722988.990131,37,3,-5
1739722989.036131,-5,-63,-27
1739722989.082131,18,42,-43
1739722989.1271307,-57,28,-119
1739722989.1731308,80,-49,-47
1739722989.2191308,-5,50,52
1739722989.2641306,17,47,-30
1739722989.3101306,0,0,-59
1739722989.3561306,57,-95,41
1739722989.4021306,56,13,-55
1739722989.447131,3,5,-67
1739722989.4931307,16,26,-7
1739722989.5391307,-32,22,-84
1739722989.5841308,59,24,-103
1739722989.6301308,-60,45,-50
1739722989.6761308,-26,20,-16
1739722989.7221308,-33,-13,-105
1739722989.7671306,-28,23,36
1739722989.8131306,-57,-71,-65
1739722989.8591306,-11,-33,-137
1739722989.9041307,27,-6,87
1739722989.9501307,9,59,-38
1739722989.9961307,7,20,-21
1739722990.0421307,28,-26,-105
1739722990.0871308,-23,-57,-25
1739722990.1331308,-32,82,-129
1739722990.1791308,-40,40,-91
1739722990.2241306,10,1,-86
1739722990.2701306,-15,-5,-8
1739722990.3161306,8,18,-77
1739722990.3621306,20,-8,-98
1739722990.4071307,-42,9,-70
1739722990.4531307,-28,-51,72
1739722990.4991307,-3,-20,36
1739722990.5441308,60,49,26
1739722990.5901306,81,9,-33
1739722990.6361306,-31,-9,-77
1739722990.6821306,104,52,-36
1739722990.727131,-7,18,99
1739722990.773131,-6,-1,-132
1739722990.819131,-20,-49,-67
1739722990.8641307,10,13,-44
1739722990.9101307,6,6,-56
1739722990.9561307,20,-49,22
1739722991.0021307,-46,-47,-49
1739722991.0471306,8,-3,18
1739722991.0931306,5,19,-158
1739722991.1391306,56,6,-4
1739722991.184131,48,86,-66
1739722991.230131,55,-14,30
1739722991.276131,-39,6,-53
1739722991.322131,17,-7,129
1739722991.3671308,-22,7,-116
1739722991.4131308,-13,-5,-86
1739722991.4591308,-36,78,-23
1739722991.5041306,-8,57,-100
1739722991.5501306,23,-33,-18
1739722991.5961306,21,-26,-84
1739722991.6421306,-85,19,-143
1739722991.6871307,-32,-15,-189
1739722991.7331307,-16,-34,-35
1739722991.7791307,-48,-12,11
1739722991.8241308,0,22,-44
1739722991.8701308,-11,-6,-69
1739722991.9161308,76,30,-86
1739722991.9621308,90,-39,0
1739722992.0071306,-25,30,-117
1739722992.0531306,0,32,-44
1739722992.0991306,25,24,-64
1739722992.1441307,-57,16,-141
1739722992.1901307,-8,-56,1
1739722992.2361307,-18,6,63
1739722992.2821307,-45,-8,-79
1739722992.3271308,-17,-11,-125
1739722992.3731308,0,-40,-131
1739722992.4191308,54,-61,-76
1739722992.4641306,4,35,0
1739722992.5101306,-6,50,-66
1739722992.5561306,38,-41,-40
1739722992.602131,8,4,-44
1739722992.6471307,16,-11,72
1739722992.6931307,-55,42,-73
1739722992.7391307,45,-18,-52
1739722992.7841306,18,-2,-86
1739722992.8301306,-61,18,11
1739722992.8761306,-70,-20,-35
1739722992.9221306,74,29,20
1739722992.967131,-21,29,37
1739722993.013131,-93,-62,-115
1739722993.059131,10,11,86
1739722993.1041307,-53,1,-71
1739722993.1501307,68,-17,64
1739722993.1961308,-89,23,-139
1739722993.2421308,-67,28,-77
1739722993.2871306,0,-62,47
1739722993.3331306,47,-45,32
1739722993.3791306,59,-56,-78
1739722993.424131,63,-15,-10
1739722993.4701307,-17,39,-37
1739722993.5161307,90,-45,20
1739722993.5621307,-32,9,-75
1739722993.6071308,-20,17,47
1739722993.6531308,8,24,-136
1739722993.6991308,-9,-39,-37
1739722993.7441306,19,-18,-194
1739722993.7901306,17,16,-112
1739722993.8361306,0,-27,-25
1739722993.8821306,51,-27,-62
1739722993.9271307,45,-106,31
1739722993.9731307,67,-21,74
1739722994.0191307,87,-34,-68
1739722994.0641308,34,12,-50
1739722994.1101308,-29,50,31
1739722994.1561308,-38,-82,-21
1739722994.2021308,-21,-10,67
1739722994.2471306,27,-17,-86
1739722994.2931306,-38,52,-70
1739722994.3391306,-10,119,22
1739722994.3841307,35,0,-116
1739722994.4301307,5,-84,7
1739722994.4761307,-23,-65,3
1739722994.5271306,13,9,-98
1739722994.5731306,46,68,-112
1739722994.6191306,61,-22,-74
1739722994.6641307,40,10,-112
1739722994.7101307,-42,37,113
1739722994.7561307,-54,-22,45
1739722994.8021307,30,2,-112
1739722994.8471308,-33,-29,0
1739722994.8931308,0,-29,-24
1739722994.9391308,-45,17,65
1739722994.9841306,-15,-11,-178
1739722995.0301306,-58,-30,-15
1739722995.0761306,27,-85,-66
1739722995.1221306,72,-26,-18
1739722995.1671307,41,80,72
1739722995.2131307,-27,41,-40
1739722995.2591307,-33,5,31
1739722995.3041308,-24,34,-81
1739722995.3501308,1,1,75
1739722995.3961308,-10,31,-81
1739722995.4421306,27,17,-46
1739722995.4871306,28,61,-46
1739722995.5331306,-8,-19,17
1739722995.5791306,-15,30,-3
1739722995.6241307,57,-5,-22
1739722995.6701307,-39,-44,-91
1739722995.7161307,-111,0,95
1739722995.7621307,-72,0,-55
1739722995.8071306,-19,23,11
1739722995.8531306,-10,-54,-59
1739722995.8991306,-6,15,-40
1739722995.944131,-18,-43,-130
1739722995.990131,29,5,12
1739722996.036131,0,-93,-43
1739722996.082131,6,4,-40
1739722996.1271307,16,55,-112
1739722996.1731308,6,45,65
1739722996.2191308,-48,4,21
1739722996.2641306,35,40,74
1739722996.3101306,-6,40,-30
1739722996.3561306,-3,70,-70
1739722996.4021306,-16,-67,-47
1739722996.447131,49,-1,52
1739722996.4931307,39,-37,-172
1739722996.5391307,-62,58,-35
1739722996.5841308,14,2,-20
1739722996.6301308,67,-6,-56
1739722996.6761308,-59,0,0
1739722996.7221308,29,7,50
1739722996.7671306,61,53,-20
1739722996.8131306,-32,2,-154
1739722996.8591306,-91,38,-53
1739722996.9041307,76,63,-6
1739722996.9501307,37,-26,-122
1739722996.9961307,-15,61,55
1739722997.0421307,32,29,-148
1739722997.0871308,31,-68,-70
1739722997.1331308,-13,-38,-52
1739722997.1791308,44,81,-41
1739722997.2241306,5,-33,41
1739722997.2701306,-91,10,53
1739722997.3161306,-46,-2,4
1739722997.3621306,28,15,-28
1739722997.4071307,37,95,-36
1739722997.4531307,29,-14,-21
1739722997.4991307,16,-33,-5
1739722997.5441308,-42,-42,68
1739722997.5901306,-17,-52,-139
1739722997.6361306,-99,2,19
1739722997.6811306,0,-42,-86
1739722997.727131,-39,36,0
1739722997.773131,17,4,-95
1739722997.819131,72,-49,-49
1739722997.8641307,38,58,14
1739722997.9101307,-17,-9,-155
1739722997.9561307,-26,-19,-59
1739722998.0011306,-21,42,-49
1739722998.0471306,-55,15,-43
1739722998.0931306,11,23,-55
1739722998.1391306,32,34,88
1739722998.184131,28,24,-163
1739722998.230131,-20,5,40
1739722998.276131,16,16,-85
1739722998.3211308,-31,56,-115
1739722998.3671308,-12,-17,-29
1739722998.4131308,51,5,-91
1739722998.4591308,1,22,70
1739722998.5041306,2,26,-45
1739722998.5501306,35,-8,-145
1739722998.5961306,31,110,-49
1739722998.6411307,37,38,-11
1739722998.6871307,-45,39,-191
1739722998.7331307,57,4,-133
1739722998.7791307,-2,8,-135
1739722998.8241308,-5,11,-119
1739722998.8701308,-4,73,-97
1739722998.9161308,-61,-45,-111
1739722998.9611306,-16,-62,-33
1739722999.0071306,26,-30,-99
1739722999.0531306,15,-15,-97
1739722999.0991306,-10,-16,-7
1739722999.1441307,50,-81,-29
1739722999.1901307,55,66,-159
1739722999.2361307,-43,-48,-51
1739722999.2811308,59,26,9
1739722999.3271308,-70,9,20
1739722999.3731308,-25,39,-69
1739722999.4191308,-41,-34,-63
1739722999.4641306,74,-57,-113
1739722999.5101306,-15,55,62
1739722999.5561306,-32,-39,14
1739722999.6011307,5,23,70
1739722999.6471307,-5,70,-47
1739722999.6931307,43,66,-37
1739722999.7391307,-18,35,-21
1739722999.7841306,-23,11,68
1739722999.8301306,-57,-66,-19
1739722999.8761306,22,0,4
1739722999.921131,43,-10,-111
1739722999.967131,-20,-8,-34
1739723000.013131,46,-43,84
1739723000.059131,-106,18,-14
1739723000.1041307,-4,23,67
1739723000.1501307,5,10,-103
1739723000.1961308,8,-40,-45
1739723000.2411306,-8,-21,67
1739723000.2871306,34,-52,-44
1739723000.3331306,7,22,-38
1739723000.3791306,12,-32,-126
1739723000.424131,-64,-34,22
1739723000.4701307,-48,-16,-170
1739723000.5161307,-53,21,7
1739723000.5611308,0,12,-5
1739723000.6071308,47,87,-176
1739723000.6531308,-101,-50,12
1739723000.6991308,22,35,-218
1739723000.7441306,-61,41,-131
1739723000.7901306,0,47,-77
1739723000.8361306,115,-67,-78
1739723000.8811307,65,-53,80
1739723000.9271307,23,-29,30
1739723000.9731307,-62,17,-65
1739723001.0191307,-2,19,-99
1739723001.0641308,-14,2,-84
1739723001.1101308,-17,-72,-108
1739723001.1561308,31,-57,-88
1739723001.2011306,51,0,58
1739723001.2471306,65,101,-95
1739723001.2931306,0,-25,2
1739723001.3391306,-3,25,-91
1739723001.3841307,7,-21,78
1739723001.4301307,-58,-32,-132
1739723001.4761307,-30,-38,-28
1739723001.5211308,29,1,-40
1739723001.5671306,1,-9,-48
1739723001.6131306,21,-5,10
1739723001.6591306,53,1,-20
1739723001.7041306,85,39,22
1739723001.750131,3,36,45
1739723001.796131,84,-25,-64
1739723001.8411307,-54,68,-55
1739723001.8871307,-23,-17,-7
1739723001.9331307,-51,12,-53
1739723001.9791307,-81,42,-55
1739723002.0241306,8,-31,-62
1739723002.0701306,-35,-6,-31
1739723002.1161306,46,15,12
1739723002.161131,-25,-7,-129
1739723002.207131,56,-39,8
1739723002.253131,-96,31,-11
1739723002.299131,-17,24,-1
1739723002.3441308,37,44,-22
1739723002.3901308,42,-23,24
1739723002.4361308,8,-56,-54
1739723002.4811306,-15,-13,-28
1739723002.5271306,25,0,-74
1739723002.5731306,7,-6,-6
1739723002.6191306,-66,57,-3
1739723002.6641307,-71,45,33
1739723002.7101307,56,-70,-44
1739723002.7561307,28,3,-152
1739723002.8011308,-19,-14,41
1739723002.8471308,10,-38,36
1739723002.8931308,-18,-46,88
1739723002.9391308,35,10,-54
1739723002.9841306,-3,50,39
1739723003.0301306,-38,-12,-38
1739723003.0761306,-38,-28,19
1739723003.1211307,10,-15,-78
1739723003.1671307,-10,10,78
1739723003.2131307,25,12,-33
1739723003.2591307,11,71,-89
1739723003.3041308,-90,-55,-46
1739723003.3501308,26,-58,-99
1739723003.3961308,-12,-6,-23
1739723003.4411306,10,0,-95
1739723003.4871306,39,-57,44
1739723003.5331306,41,37,0
1739723003.5791306,9,-3,-39
1739723003.6241307,-4,-53,80
1739723003.6701307,-47,-30,8
1739723003.7161307,13,-24,-33
1739723003.7611306,-9,-54,-63
1739723003.8071306,51,39,-85
1739723003.8531306,64,-35,-103
1739723003.8971307,-3,-43,-141
1739723003.9431307,6,6,-21
1739723003.9891307,5,23,-121
1739723004.0351307,-63,42,-44
1739723004.0801306,-16,-25,-70
1739723004.1261306,14,78,98
1739723004.1721306,-14,59,-39
1739723004.217131,26,53,-39
1739723004.263131,-41,-17,44
1739723004.309131,89,-24,-17
1739723004.355131,-49,83,36
1739723004.4001307,11,48,5
1739723004.4461308,-22,2,-119
1739723004.4971306,13,72,-77
1739723004.5431306,-17,-29,-67
1739723004.5891306,-27,72,-33
1739723004.6351306,39,33,-99
1739723004.6801307,94,3,-19
1739723004.7261307,91,33,-7
1739723004.7721307,50,-58,-55
1739723004.8171306,-32,18,-63
1739723004.8631306,-4,-8,-59
1739723004.9091306,-38,11,-91
1739723004.9551306,0,-44,-38
1739723005.000131,33,-128,-10
1739723005.046131,39,23,86
1739723005.092131,-16,8,-123
1739723005.1371307,4,34,33
1739723005.1831307,8,-29,58
1739723005.2291307,73,-59,19
1739723005.2751307,-62,23,-48
1739723005.3201306,8,-38,-61
1739723005.3661306,79,-57,-61
1739723005.4121306,-79,19,-10
1739723005.457131,41,-3,-59
1739723005.503131,27,-9,-75
1739723005.549131,36,-11,43
1739723005.5951307,49,-17,-51
1739723005.6401308,-23,-24,-149
1739723005.6861308,28,24,-33
1739723005.7321308,21,-41,107
1739723005.7771306,-26,8,2
1739723005.8231306,46,15,-75
1739723005.8691306,68,4,83
1739723005.9151306,86,-6,-137
1739723005.9601307,-42,-25,-91
1739723006.0061307,5,37,-117
1739723006.0521307,-68,-25,4
1739723006.0971308,-20,83,-62
1739723006.1431308,-35,3,-18
1739723006.1891308,-30,-10,60
1739723006.2351308,6,8,-85
1739723006.2801306,-66,28,-32
1739723006.3261306,-10,-23,-31
1739723006.3721306,64,-13,-25
1739723006.4171307,8,18,28
1739723006.4631307,65,8,9
1739723006.5091307,-16,20,-10
1739723006.5551307,18,53,92
1739723006.6001308,29,62,-121
1739723006.6461308,-43,10,-179
1739723006.6921306,-54,52,-138
1739723006.7371306,-24,20,-6
1739723006.7831306,35,-13,-35
1739723006.8291306,2,-32,-107
1739723006.875131,-99,-32,-201
1739723006.9201307,0,0,-33
1739723006.9661307,-102,5,-78
1739723007.0121307,8,18,-69
1739723007.0571306,-2,10,56
1739723007.1031306,-75,-1,-18
1739723007.1491306,22,-43,-49
1739723007.1951306,23,21,-17
1739723007.240131,-72,-82,-71
1739723007.286131,-37,54,-90
1739723007.332131,-3,-55,-25
1739723007.3771307,-6,-24,-13
1739723007.4231308,1,-42,38
1739723007.4691308,35,-6,-91
1739723007.5141306,-34,26,58
1739723007.5601306,-1,-21,-61
1739723007.6061306,54,46,72
1739723007.6521306,60,-21,-9
1739723007.697131,-44,94,-132
1739723007.7431307,-49,-11,2
1739723007.7891307,-39,81,-26
1739723007.8341308,55,0,-121
1739723007.8801308,30,-43,-67
1739723007.9261308,25,88,10
1739723007.9721308,-6,20,0
1739723008.0171306,-22,48,-32
1739723008.0631306,-31,-7,-38
1739723008.1091306,-36,41,-68
1739723008.1541307,36,-34,-93
1739723008.2011306,66,-13,-157
1739723008.2471306,-20,37,-16
1739723008.2931306,-10,-4,-125
1739723008.3381307,25,-9,-25
1739723008.3841307,-6,-3,0
1739723008.4301307,-9,41,-18
1739723008.4761307,27,-73,-61
1739723008.5211308,-11,8,-24
1739723008.5671306,22,-10,-99
1739723008.6131306,38,7,59
1739723008.6581306,13,-82,19
1739723008.7041306,23,8,-38
1739723008.750131,93,88,-110
1739723008.796131,52,-36,-28
1739723008.8411307,47,-57,-14
1739723008.8871307,-15,5,-39
1739723008.9331307,-1,-17,-56
1739723008.9781306,82,13,-98
1739723009.0241306,-9,39,95
1739723009.0701306,-67,11,-51
1739723009.1161306,24,98,-154
1739723009.161131,-22,44,-65
1739723009.207131,96,-4,-60
1739723009.253131,-86,24,11
1739723009.2981308,2,34,30
1739723009.3441308,78,-10,-42
1739723009.3901308,22,-57,22
1739723009.4361308,35,14,-64
1739723009.4811306,34,-83,-70
1739723009.5271306,-34,70,83
1739723009.5731306,11,1,-20
1739723009.6181307,-56,30,0
1739723009.6641307,4,37,20
1739723009.7101307,-95,57,-123
1739723009.7561307,-10,8,-54
1739723009.8011308,-5,-22,3
1739723009.8471308,-11,12,-66
1739723009.8931308,-25,3,-55
1739723009.9381306,59,-14,-46
1739723009.9841306,15,35,-58
1739723010.0301306,-35,-29,59
1739723010.0761306,-13,54,-72
1739723010.1211307,-6,24,37
1739723010.1671307,-43,9,51
1739723010.2131307,77,-31,-46
1739723010.2581308,56,-40,41
1739723010.3041308,-55,28,-2
1739723010.3501308,17,19,-94
1739723010.3961308,-45,-19,-114
1739723010.4411306,-49,24,-42
1739723010.4871306,-30,34,-10
1739723010.5331306,-23,-31,99
1739723010.5781307,-30,3,-68
1739723010.6241307,-12,-69,0
1739723010.6701307,-22,15,95
1739723010.7161307,-8,-39,-7
1739723010.7611306,53,-22,-14
1739723010.8071306,-62,-19,-89
1739723010.8531306,-86,-17,-77
1739723010.898131,-48,10,-73
1739723010.944131,-53,51,73
1739723010.990131,-32,-5,3
1739723011.036131,32,20,52
1739723011.0811307,49,-29,72
1739723011.1271307,82,-3,-106
1739723011.1731308,-38,-22,-71
1739723011.2181306,-41,32,-135
1739723011.2641306,52,75,-54
1739723011.3101306,-111,-34,-37
1739723011.3561306,28,-12,-14
1739723011.401131,2,-1,-6
1739723011.447131,-71,60,-57
1739723011.4931307,31,-29,58
1739723011.5381308,32,35,-46
1739723011.5841308,-20,-88,-21
1739723011.6301308,-90,-10,-65
1739723011.6761308,-6,0,-51
1739723011.7211306,37,-18,-16
1739723011.7671306,-85,19,51
1739723011.8131306,9,-9,-162
1739723011.8581307,-82,0,-57
1739723011.9041307,-13,-49,-15
1739723011.9501307,-20,-26,1
1739723011.9961307,44,11,-90
1739723012.0411308,-42,-31,41
1739723012.0871308,-4,-32,-147
1739723012.1331308,-22,69,-8
1739723012.1781306,-39,-26,-15
1739723012.2241306,32,-33,-42
1739723012.2701306,19,1,-10
1739723012.3161306,-30,52,-105
1739723012.3611307,-71,-16,-143
1739723012.4071307,-5,19,-92
1739723012.4531307,-10,-27,134
1739723012.4981308,0,28,-60
1739723012.5441308,48,-74,-79
1739723012.5901306,21,23,-92
1739723012.6361306,8,-21,-76
1739723012.6811306,53,-65,29
1739723012.727131,76,12,-44
1739723012.773131,-24,61,-96
1739723012.8181307,65,56,-104
1739723012.8641307,-17,30,-86
1739723012.9101307,60,-62,-18
1739723012.9561307,4,35,-146
1739723013.0011306,-21,-55,-80
1739723013.0471306,69,36,-105
1739723013.0931306,19,32,31
1739723013.138131,62,26,-35
1739723013.184131,19,-16,-3
1739723013.230131,11,26,-73
1739723013.276131,26,3,-33
1739723013.3211308,77,10,-15
1739723013.3671308,-9,80,-17
1739723013.4131308,122,16,55
1739723013.4581306,-30,-49,-118
1739723013.5041306,32,-23,-23
1739723013.5501306,-96,25,-58
1739723013.5961306,63,71,-153
1739723013.6411307,11,15,19
1739723013.6871307,34,-13,17
1739723013.7331307,-54,12,-144
1739723013.7781308,113,24,7
1739723013.8241308,-11,31,-65
1739723013.8701308,-70,49,-113
1739723013.9161308,53,-55,-89
1739723013.9611306,-3,-43,-20
1739723014.0071306,-20,-8,-56
1739723014.0531306,10,-9,-103
1739723014.0981307,15,51,-51
1739723014.1441307,-10,-35,-66
1739723014.1901307,34,53,37
1739723014.2361307,24,-5,11
1739723014.2811308,40,8,117
1739723014.3271308,0,65,1
1739723014.3731308,-83,-83,-78
1739723014.4181306,-6,26,-29
1739723014.4641306,2,-11,-12
1739723014.5161307,-46,-6,2
1739723014.5611308,67,-7,1
1739723014.6071308,9,-9,-43
1739723014.6531308,0,-23,-6
1739723014.6981306,-20,35,-13
1739723014.7441306,-76,34,-142
1739723014.7901306,24,64,-85
1739723014.8361306,-19,-4,-28
1739723014.8811307,21,52,-15
1739723014.9271307,28,44,45
1739723014.9731307,49,-21,75
1739723015.0181308,10,52,-63
1739723015.0641308,-74,40,-78
1739723015.1101308,16,39,-67
1739723015.1561308,11,42,81
1739723015.2011306,92,89,41
1739723015.2471306,-9,39,-47
1739723015.2931306,-56,-14,-136
1739723015.3381307,-21,-37,-90
1739723015.3841307,-11,-22,-48
1739723015.4301307,36,-13,-85
1739723015.4761307,-72,-35,-2
1739723015.5211308,36,1,13
1739723015.5671306,13,17,-65
1739723015.6131306,47,-65,7
1739723015.6581306,15,25,-80
1739723015.7041306,-26,-31,-93
1739723015.750131,-45,0,-69
1739723015.796131,-7,20,65
1739723015.8411307,70,22,34
1739723015.8871307,25,0,-48
1739723015.9331307,-18,26,-48
1739723015.9781306,-47,50,-27
1739723016.0241306,0,-69,24
1739723016.0701306,2,-3,-197
1739723016.1161306,-33,65,3
1739723016.161131,26,10,-89
1739723016.207131,19,-59,-107
1739723016.253131,5,72,-66
1739723016.2981308,-33,6,-73
1739723016.3441308,38,17,-38
1739723016.3901308,-37,-43,-59
1739723016.4361308,-10,14,-10
1739723016.4811306,-125,-8,-197
1739723016.5271306,92,-11,-22
1739723016.5731306,40,8,-60
1739723016.6181307,108,-39,-102
1739723016.6641307,-18,-41,-51
1739723016.7101307,-72,66,-75
1739723016.7561307,54,-26,-218
1739723016.8011308,-43,9,0
1739723016.8471308,-46,-4,-47
1739723016.8931308,50,-120,-61
1739723016.9381306,2,7,-90
1739723016.9841306,91,-7,-28
1739723017.0301306,0,10,-10
1739723017.0761306,14,21,-100
1739723017.1211307,6,-2,0
1739723017.1671307,-2,-12,29
1739723017.2131307,13,91,-102
1739723017.2581308,14,-62,-55
1739723017.3041308,-63,19,-15
1739723017.3501308,102,-41,-64
1739723017.3951306,-72,16,41
1739723017.4411306,68,31,18
1739723017.4871306,-38,11,-79
1739723017.5331306,-52,14,-25
1739723017.5781307,-34,-7,-39
1739723017.6241307,-48,-30,-75
1739723017.6701307,-31,-36,-15
1739723017.7151306,4,7,-44
1739723017.7611306,-14,-9,-19
1739723017.8071306,-63,9,-63
1739723017.8531306,21,25,102
1739723017.898131,13,50,-60
1739723017.944131,-24,34,40
1739723017.990131,-37,0,-87
1739723018.0351307,-13,-4,83
1739723018.0811307,-1,86,-90
1739723018.1271307,-7,-3,-172
1739723018.1731308,-105,49,-115
1739723018.2181306,-14,-36,83
1739723018.2641306,-24,2,-55
1739723018.3101306,24,2,-60
1739723018.355131,-37,-72,-31
1739723018.401131,-87,90,-140
1739723018.447131,1,-34,75
1739723018.4931307,-25,-64,-1
1739723018.5381308,-20,53,-146
1739723018.5841308,-10,15,-64
1739723018.6301308,46,-33,-85
1739723018.6751306,-79,4,-176
1739723018.7211306,16,31,30
1739723018.7671306,-12,119,-32
1739723018.8131306,-51,-34,-75
1739723018.8571308,77,45,-142
1739723018.9031308,-79,39,-82
1739723018.9491308,14,13,81
1739723018.9941306,11,26,-26
1739723019.0401306,113,-44,-106
1739723019.0861306,-31,-28,-56
1739723019.1311307,-63,-24,-88
1739723019.1771307,-42,-42,-120
1739723019.2231307,-28,54,-35
1739723019.2691307,-1,-21,-63
1739723019.3141308,17,10,-153
1739723019.3601308,30,37,-59
1739723019.4061308,-60,47,66
1739723019.4511306,-18,-15,-30
1739723019.4971306,12,38,-31
1739723019.5431306,-9,37,-106
1739723019.5891306,-3,-53,-15
1739723019.6341307,-50,-32,8
1739723019.6801307,-14,-73,22
1739723019.7261307,-37,-27,-59
1739723019.7711308,10,42,10
1739723019.8171306,-20,-8,-27
1739723019.8631306,39,6,-65
1739723019.9091306,19,-9,-111
1739723019.9541306,-10,8,26
1739723020.000131,-15,5,-2
1739723020.046131,-82,0,48
1739723020.0911307,-60,30,-42
1739723020.1371307,-34,-31,-4
1739723020.1831307,7,28,-161
1739723020.2291307,-26,28,18
1739723020.2741306,-20,-43,-153
1739723020.3201306,54,-26,3
1739723020.3661306,31,-20,152
1739723020.411131,2,-46,-47
1739723020.457131,-8,-17,-137
1739723020.503131,-97,58,20
1739723020.549131,46,-8,-3
1739723020.5941308,73,3,-11
1739723020.6401308,36,-32,17
1739723020.6861308,-34,10,-54
1739723020.7311306,-40,-40,-22
1739723020.7771306,58,-7,129
1739723020.8231306,65,-31,73
1739723020.8691306,59,-5,-73
1739723020.9141307,104,47,73
1739723020.9601307,9,38,90
1739723021.0061307,-116,-30,-64
1739723021.0511308,-20,-51,-96
1739723021.0971308,18,46,-179
1739723021.1431308,-14,9,-117
1739723021.1891308,-68,98,100
1739723021.2341306,-7,-32,-135
1739723021.2801306,29,-26,60
1739723021.3261306,-5,21,38
1739723021.3711307,13,-18,-23
1739723021.4171307,-11,54,-81
1739723021.4631307,-3,-14,-8
1739723021.5091307,-49,8,34
1739723021.5541308,41,-29,-3
1739723021.6001308,51,28,-25
1739723021.6461308,-14,60,-2
1739723021.6911306,20,28,77
1739723021.7371306,-25,39,0
1739723021.7831306,-5,-44,-103
1739723021.8291306,18,-71,-119
1739723021.8741307,-92,-26,0
1739723021.9201307,-44,9,12
1739723021.9661307,10,24,-105
1739723022.0111306,-27,12,18
1739723022.0571306,74,31,-71
1739723022.1031306,44,-23,-65
1739723022.1491306,-3,35,-11
1739723022.194131,117,-19,49
1739723022.240131,41,12,-9
1739723022.286131,-53,7,104
1739723022.3311307,29,-26,-63
1739723022.3771307,11,-42,-89
1739723022.4231308,-40,-14,-99
1739723022.4691308,-14,104,-78
1739723022.5141306,0,-13,-28
1739723022.5601306,-4,-1,-28
1739723022.6061306,45,-53,-78
1739723022.651131,76,47,-118
1739723022.697131,-29,21,-11
1739723022.7431307,-38,-39,-53
1739723022.7891307,-1,90,-112
1739723022.8341308,-76,-44,-109
1739723022.8801308,57,8,-32
1739723022.9261308,21,-11,-42
1739723022.9711306,-22,7,-6
1739723023.0171306,18,-6,-44
1739723023.0631306,-13,40,6
1739723023.1091306,31,39,-74
1739723023.1541307,51,-19,-26
1739723023.2001307,-72,5,-131
1739723023.2461307,6,-72,-39
1739723023.2911308,-49,-61,-49
1739723023.3371308,-47,58,-194
1739723023.3831308,-52,51,27
1739723023.4291308,55,-18,-8
1739723023.4741306,83,21,74
1739723023.5201306,7,4,-66
1739723023.5661306,10,90,-129
1739723023.6111307,38,31,17
1739723023.6571307,36,22,121
1739723023.7031307,16,35,-65
1739723023.7491307,72,17,-120
1739723023.7941308,-4,52,-111
1739723023.8401306,-53,-13,5
1739723023.8861306,-16,-19,-92
1739723023.9311306,-32,6,-45
1739723023.977131,-30,-36,9
1739723024.023131,20,-51,-38
1739723024.069131,38,-2,-100
1739723024.1141307,-7,-9,-30
1739723024.1601307,51,-52,0
1739723024.2061307,-26,-19,-172
1739723024.2511306,-13,44,7
1739723024.2971306,4,-92,22
1739723024.3431306,13,-12,0
1739723024.3891306,-13,0,-19
1739723024.434131,13,5,-62
1739723024.480131,-30,-18,-45
1739723024.5311308,61,-19,-4
1739723024.5771308,106,15,-68
1739723024.6231308,-9,6,49
1739723024.6691308,-59,-30,12
1739723024.7141306,-58,-7,-69
1739723024.7601306,-92,65,-103
1739723024.8061306,-92,12,-93
1739723024.8511307,45,-32,-52
1739723024.8971307,49,-35,-72
1739723024.9431307,-13,-10,48
1739723024.9891307,-79,-29,-62
1739723025.0341306,-25,-42,-80
1739723025.0801306,7,45,-43
1739723025.1261306,-82,-100,62
1739723025.171131,-43,18,-81
1739723025.2161307,25,12,-8
1739723025.2621307,34,-2,-78
1739723025.3071306,31,12,-52
1739723025.3531306,-21,42,83
1739723025.3991306,46,-36,-56
1739723025.4451306,22,-45,-66
1739723025.490131,0,-62,-54
1739723025.536131,-10,1,3
1739723025.582131,8,-17,-36
1739723025.6271307,6,-66,-4
1739723025.6731308,35,20,-18
1739723025.7191308,-3,33,-85
1739723025.7651308,-17,-50,-56
1739723025.8101306,-56,-8,-27
1739723025.8561306,-36,-19,-24
1739723025.9021306,17,20,-39
1739723025.947131,29,5,-174
1739723025.9931307,40,-12,-50
1739723026.0391307,-47,-39,26
1739723026.0851307,-28,41,-114
1739723026.1301308,55,-67,-82
1739723026.1761308,-71,-4,-39
1739723026.2221308,1,55,-115
1739723026.2671306,36,32,-74
1739723026.3131306,24,0,-70
1739723026.3591306,-33,-15,-98
1739723026.4051306,52,20,34
1739723026.4501307,-38,15,15
1739723026.4961307,29,5,-96
1739723026.5421307,36,15,58
1739723026.5871308,-11,58,-65
1739723026.6331308,49,19,-106
1739723026.6791308,37,-14,-48
1739723026.7251308,47,11,-6
1739723026.7701306,-23,2,-230
1739723026.8161306,32,-35,-113
1739723026.8621306,-46,-37,-97
1739723026.9071307,1,53,-104
1739723026.9531307,-29,-16,-87
1739723026.9991307,-24,-5,46
1739723027.0451307,34,-25,-41
1739723027.0901306,64,-30,3
1739723027.1361306,-59,-65,-28
1739723027.1821306,50,-8,-99
1739723027.227131,-47,88,10
1739723027.273131,-44,-17,-28
1739723027.319131,-42,-1,-10
1739723027.365131,-69,39,-68
1739723027.4101307,-28,6,46
1739723027.4561307,0,26,50
1739723027.5021307,40,-16,-115
1739723027.5471306,-46,1,-70
1739723027.5931306,29,44,-67
1739723027.6391306,-24,-60,-91
1739723027.684131,77,4,-153
1739723027.730131,21,25,-95
1739723027.776131,-19,66,-183
1739723027.822131,-44,-56,-110
1739723027.8671308,54,94,5
1739723027.9131308,-63,70,-52
1739723027.9591308,-27,-29,4
1739723028.0041306,-50,48,-36
1739723028.0501306,-13,-55,36
1739723028.0961306,80,-36,-179
1739723028.1421306,-18,-76,-40
1739723028.1871307,12,31,-71
1739723028.2331307,21,-18,-39
1739723028.2791307,39,-1,-29
1739723028.3241308,6,-70,-24
1739723028.3701308,57,-57,-79
1739723028.4161308,40,37,-31
1739723028.4621308,-55,60,32
1739723028.5071306,-45,86,42
1739723028.5531306,4,-4,-147
1739723028.5991306,16,12,3
1739723028.6441307,-9,22,-14
1739723028.6901307,24,-41,-57
1739723028.7361307,-40,-14,-52
1739723028.7821307,38,-94,121
1739723028.8271308,-22,17,-157
1739723028.8731308,-65,-6,-50
1739723028.9191308,51,6,-41
1739723028.9641306,-70,-44,0
1739723029.0101306,36,44,-100
1739723029.0561306,-14,-28,-69
1739723029.102131,31,-53,-180
1739723029.1471307,94,-54,-72
1739723029.1931307,64,38,-162
1739723029.2391307,41,-41,-104
1739723029.2841306,-31,52,-61
1739723029.3301306,18,-62,0
1739723029.3761306,29,62,87
1739723029.4221306,-24,-46,-80
1739723029.467131,18,-17,-66
1739723029.513131,-14,40,0
1739723029.559131,0,16,-19
1739723029.6041307,35,1,-80
1739723029.6501307,4,-32,-54
1739723029.6961308,5,19,-56
1739723029.7421308,25,24,-52
1739723029.7871306,2,-53,-172
1739723029.8331306,-35,94,6
1739723029.8791306,25,-11,-68
1739723029.924131,54,-50,34
1739723029.9701307,74,41,-12
1739723030.0161307,-29,-2,-29
1739723030.0621307,-4,-20,-45
1739723030.1071308,5,9,43
1739723030.1531308,11,75,2
1739723030.1991308,4,-28,-110
1739723030.2441306,78,30,-80
1739723030.2901306,-14,34,-2
1739723030.3361306,27,16,-132
1739723030.3821306,-62,33,-15
1739723030.4271307,7,-8,-90
1739723030.4731307,0,43,47
1739723030.5191307,-30,-9,-200
1739723030.5641308,-42,-47,-42
1739723030.6101308,4,-2,43
1739723030.6561308,-8,18,-100
1739723030.7021308,-24,7,-69
1739723030.7471306,29,-10,-150
1739723030.7931306,-32,-15,35
1739723030.8391306,-66,83,-57
1739723030.8841307,-26,35,-3
1739723030.9301307,34,-85,-113
1739723030.9761307,-32,0,-55
1739723031.0221307,94,-29,-70
1739723031.0671306,-16,69,-55
1739723031.1131306,35,112,-82
1739723031.1591306,11,48,-20
1739723031.2041306,38,-24,0
1739723031.250131,60,34,-32
1739723031.296131,19,38,-140
1739723031.342131,-53,-37,1
1739723031.3871307,-57,23,-35
1739723031.4331307,20,-7,-2
1739723031.4791307,-51,30,11
1739723031.5241306,-14,71,23
1739723031.5701306,18,24,127
1739723031.6161306,-44,-2,45
1739723031.6621306,0,49,-22
1739723031.707131,-38,1,-4
1739723031.753131,79,-23,-2
1739723031.799131,92,-64,-76
1739723031.8441308,-100,52,-114
1739723031.8901308,-5,13,-30
1739723031.9361308,20,-75,14
1739723031.9821308,50,-33,-7
1739723032.0271306,-41,-3,-85
1739723032.0731306,-29,-39,-107
1739723032.1191306,75,-7,-69
1739723032.1641307,15,45,37
1739723032.2101307,0,-17,14
1739723032.2561307,-4,-30,40
1739723032.3021307,112,-50,-37
1739723032.3471308,-41,40,-8
1739723032.3931308,-43,-11,-90
1739723032.4391308,48,35,59
1739723032.4841306,-40,-5,36
1739723032.5301306,0,-29,22
1739723032.5761306,69,30,47
1739723032.6221306,-12,-10,-93
1739723032.6671307,-35,14,-50
1739723032.7131307,28,38,-11
1739723032.7591307,-2,8,76
1739723032.8041308,72,-28,-67
1739723032.8501308,-11,-31,-48
1739723032.8961308,79,-6,0
1739723032.9421306,6,-29,-115
1739723032.9871306,8,-46,-47
1739723033.0331306,18,-4,13
1739723033.0791306,-8,61,-83
1739723033.1241307,-73,-8,-48
1739723033.1701307,-46,27,-60
1739723033.2161307,-39,48,-32
1739723033.2621307,-24,20,-65
1739723033.3071306,-8,-1,-45
1739723033.3531306,104,-29,-105
1739723033.3991306,61,-48,5
1739723033.444131,-28,27,-83
1739723033.490131,-21,73,168
1739723033.536131,23,-18,44
1739723033.582131,-34,-52,-66
1739723033.6271307,-11,-12,-14
1739723033.6731308,-116,-33,98
1739723033.7191308,-44,28,0
1739723033.7641306,-68,-9,-88
1739723033.8101306,-9,-41,-46
1739723033.8561306,-43,5,-32
1739723033.9021306,-1,-70,-34
1739723033.947131,-27,12,16
1739723033.9931307,4,95,-71
1739723034.0391307,-30,-26,-92
1739723034.0841308,0,-1,-73
1739723034.1301308,12,5,-149
1739723034.1761308,-27,-29,-58
1739723034.2221308,8,-48,-10
1739723034.2671306,-72,25,-38
1739723034.3131306,-43,-1,20
1739723034.3591306,8,55,-5
1739723034.4041307,-54,-31,-98
1739723034.4501307,-45,7,-60
1739723034.4961307,-54,12,-40
1739723034.5471306,-43,59,-11
1739723034.5931306,98,13,-75
1739723034.6391306,17,-7,-41
1739723034.684131,-9,28,41
1739723034.730131,27,16,3
1739723034.776131,71,46,89
1739723034.822131,22,48,-5
1739723034.8671308,74,-53,-38
1739723034.9131308,47,-12,-3
1739723034.9591308,22,-3,-37
1739723035.0041306,-9,10,-47
1739723035.0501306,8,-37,-92
1739723035.0961306,17,-7,-47
1739723035.1421306,85,37,-61
1739723035.1871307,64,7,29
1739723035.2331307,45,15,11
1739723035.2791307,1,-34,-69
1739723035.3241308,89,7,63
1739723035.3701308,26,12,-59
1739723035.4161308,-38,-24,-128
1739723035.4621308,-9,-33,-14
1739723035.5071306,-25,100,-92
1739723035.5531306,-38,54,-76
1739723035.5991306,120,51,-105
1739723035.6441307,44,-23,55
1739723035.6901307,27,-69,-29
1739723035.7361307,35,-38,-39
1739723035.7821307,-26,16,74
1739723035.8271308,-28,-12,-16
1739723035.8731308,17,32,-149
1739723035.9191308,25,-15,51
1739723035.9641306,-18,-104,51
1739723036.0101306,-58,1,-32
1739723036.0561306,3,37,-127
1739723036.102131,-55,-54,-60
1739723036.1471307,-16,3,-215
1739723036.1931307,31,-22,-87
1739723036.2391307,11,23,-27
1739723036.2841306,-31,-5,-30
1739723036.3301306,-46,-17,-118
1739723036.3761306,24,44,-13
1739723036.4221306,4,20,-89
1739723036.467131,20,-68,-39
1739723036.513131,-38,-3,40
1739723036.559131,0,25,50
1739723036.6041307,59,-6,-67
1739723036.6501307,26,50,0
1739723036.6961308,9,-39,-72
1739723036.7421308,-2,3,-140
1739723036.7871306,38,22,-34
1739723036.8331306,-5,78,55
1739723036.8791306,38,-9,-40
1739723036.924131,7,-45,14
1739723036.9701307,67,-36,30
1739723037.0161307,-25,-14,-49
1739723037.0621307,20,-49,-106
1739723037.1071308,34,-26,-178
1739723037.1531308,-127,45,83
1739723037.1991308,-43,21,7
1739723037.2441306,-21,-3,-21
1739723037.2901306,-79,38,97
1739723037.3361306,-56,55,117
1739723037.3821306,-17,54,-9
1739723037.4271307,38,60,80
1739723037.4731307,-22,-44,3
1739723037.5191307,-21,-37,-67
1739723037.5641308,15,27,-102
1739723037.6101308,91,62,-96
1739723037.6561308,-17,32,-167
1739723037.7011306,43,32,68
1739723037.7471306,34,39,-8
1739723037.7931306,-57,25,-135
1739723037.8391306,24,2,36
1739723037.8841307,21,0,-124
1739723037.9301307,35,-17,56
1739723037.9761307,-21,-30,-35
1739723038.0211308,-17,-3,-111
1739723038.0671306,-63,-27,-141
1739723038.1131306,-23,46,81
1739723038.1591306,61,30,20
1739723038.2041306,35,77,-82
1739723038.250131,-2,8,-24
1739723038.296131,-65,8,-153
1739723038.3411307,27,53,-100
1739723038.3871307,-1,-19,31
1739723038.4331307,11,-5,-94
1739723038.4791307,-108,-67,-43
1739723038.5241306,28,21,-20
1739723038.5701306,-11,-51,-69
1739723038.6161306,14,47,-54
1739723038.661131,0,0,-76
1739723038.707131,-22,-51,-87
1739723038.753131,40,-51,-34
1739723038.799131,2,26,-110
1739723038.8441308,-79,55,-135
1739723038.8901308,47,58,-76
1739723038.9361308,81,-32,-20
1739723038.9811306,8,63,-50
1739723039.0271306,-37,60,-75
1739723039.0731306,-58,-13,-85
1739723039.1191306,-4,75,18
1739723039.1641307,44,114,-100
1739723039.2101307,-4,-32,-73
1739723039.2561307,-28,10,-59
1739723039.3011308,69,63,22
1739723039.3471308,-2,-47,-75
1739723039.3931308,40,2,-88
1739723039.4391308,-73,-49,-77
1739723039.4841306,10,-5,-50
1739723039.5301306,-11,92,-86
1739723039.5761306,-3,0,33
1739723039.6211307,-60,92,85
1739723039.6671307,33,-35,-146
1739723039.7131307,17,-33,0
1739723039.7591307,-2,41,14
1739723039.8041308,-63,7,21
1739723039.8501308,79,10,2
1739723039.8961308,50,8,-104
1739723039.9411306,46,-51,-92
1739723039.9871306,-43,43,-123
1739723040.0331306,-63,9,-139
1739723040.0791306,30,48,134
1739723040.1241307,-4,-39,-23
1739723040.1701307,-1,27,-20
1739723040.2161307,38,-42,18
1739723040.2611306,42,37,-98
1739723040.3071306,29,7,62
1739723040.3531306,-86,-62,-19
1739723040.3991306,-37,-18,-132
1739723040.444131,-11,37,-72
1739723040.490131,43,-21,-6
1739723040.536131,10,-3,99
1739723040.5811307,-1,-71,-98
1739723040.6271307,-114,-59,-75
1739723040.6731308,-13,38,-40
1739723040.7191308,-6,26,49
1739723040.7641306,-43,23,17
1739723040.8101306,-2,-10,-73
1739723040.8561306,-80,58,-121
1739723040.901131,-11,-47,-183
1739723040.947131,8,-29,20
1739723040.9931307,-37,-35,-81
1739723041.0391307,29,9,-43
1739723041.0841308,-11,-12,-81
1739723041.1301308,14,-37,-26
1739723041.1761308,-26,0,-129
1739723041.2211306,-56,38,40
1739723041.2671306,22,-5,-29
1739723041.3131306,28,-38,-11
1739723041.3591306,30,46,-81
1739723041.4041307,56,-9,-81
1739723041.4501307,9,75,-69
1739723041.4961307,41,32,80
1739723041.5411308,-31,12,-63
1739723041.5871308,-33,76,0
1739723041.6331308,0,-93,-10
1739723041.6791308,23,21,-109
1739723041.7241306,-4,58,84
1739723041.7701306,48,-11,62
1739723041.8161306,-38,57,47
1739723041.8611307,85,1,-58
1739723041.9071307,24,3,2
1739723041.9531307,-39,14,-115
1739723041.9991307,-71,26,-145
1739723042.0441308,-26,9,29
1739723042.0901306,-24,0,-101
1739723042.1361306,-116,-24,-93
1739723042.1811306,-36,36,-43
1739723042.227131,-5,82,-43
1739723042.273131,45,4,58
1739723042.319131,67,-42,-76
1739723042.3641307,-57,-33,7
1739723042.4101307,95,-11,-2
1739723042.4561307,33,15,-127
1739723042.5011306,41,32,-15
1739723042.5471306,84,-38,-54
1739723042.5931306,-106,97,39
1739723042.6391306,-7,1,-17
1739723042.684131,59,-54,-62
1739723042.730131,3,18,-81
1739723042.776131,-29,-11,17
1739723042.8211308,-47,14,61
1739723042.8671308,33,28,-61
1739723042.9131308,32,5,-89
1739723042.9591308,-37,-50,-77
1739723043.0041306,0,-26,-117
1739723043.0501306,-41,-41,-121
1739723043.0961306,-11,-19,-165
1739723043.1411307,4,8,0
1739723043.1871307,8,-51,-6
1739723043.2331307,-9,-28,-37
1739723043.2791307,-35,-8,-85
1739723043.3241308,-27,20,-131
1739723043.3701308,12,-9,6
1739723043.4161308,42,30,46
1739723043.4611306,-42,-2,-125
1739723043.5071306,-11,7,-47
1739723043.5531306,6,-24,-61
1739723043.5991306,25,-51,-109
1739723043.6441307,49,-32,-109
1739723043.6901307,-62,31,62
1739723043.7361307,70,-81,63
1739723043.7811308,32,99,-29
1739723043.8271308,-10,-68,-25
1739723043.8731308,6,-72,-67
1739723043.9191308,0,8,-41
1739723043.9641306,-91,64,-80
1739723044.0101306,37,-2,-57
1739723044.0561306,-64,5,-80
1739723044.1011307,0,0,-97
1739723044.1471307,20,23,-61
1739723044.1931307,20,-22,-107
1739723044.2391307,-25,30,32
1739723044.2841306,8,-83,90
1739723044.3301306,83,52,-81
1739723044.3761306,6,-12,60
1739723044.421131,-66,23,-155
1739723044.467131,0,-41,-47
1739723044.513131,63,-12,-135
1739723044.5641308,-26,104,-60
1739723044.6101308,21,-79,76
1739723044.6561308,-53,45,-63
1739723044.7011306,-115,35,-108
1739723044.7471306,-47,-43,-140
1739723044.7931306,103,43,-20
1739723044.8391306,-44,82,39
1739723044.8841307,-42,-30,43
1739723044.9301307,7,28,-62
1739723044.9761307,-7,-21,29
1739723045.0211308,-52,11,-97
1739723045.0671306,31,-35,-60
1739723045.1131306,1,-48,2
1739723045.1591306,-16,51,-35
1739723045.2041306,-16,0,9
1739723045.250131,20,40,-30
1739723045.296131,22,2,-110
1739723045.3411307,-16,36,121
1739723045.3871307,21,7,113
1739723045.4331307,-9,-29,-21
1739723045.4791307,17,0,-48
1739723045.5241306,-16,-36,-45
1739723045.5701306,47,-47,-120
1739723045.6161306,-72,5,-33
1739723045.661131,-19,21,25
1739723045.707131,28,-112,-16
1739723045.753131,83,27,-2
1739723045.799131,36,11,-116
1739723045.8441308,3,-40,-56
1739723045.8901308,33,-3,-46
1739723045.9361308,-96,69,-19
1739723045.9811306,-80,7,-11
1739723046.0271306,53,-19,-86
1739723046.0731306,10,-38,-162
1739723046.1191306,-3,70,3
1739723046.1641307,-7,42,-17
1739723046.2101307,15,-60,-114
1739723046.2561307,37,30,0
1739723046.3011308,-38,15,-61
1739723046.3471308,-49,38,75
1739723046.3931308,0,24,-93
1739723046.4391308,-6,1,27
1739723046.4841306,-32,22,-103
1739723046.5301306,34,14,-38
1739723046.5761306,21,-67,-82
1739723046.6211307,53,-15,-82
1739723046.6671307,-15,-15,-64
1739723046.7131307,6,49,29
1739723046.7591307,-48,-8,-53
1739723046.8041308,-44,84,-167
1739723046.8501308,5,-30,30
1739723046.8961308,26,32,31
1739723046.9411306,79,49,-213
1739723046.9871306,111,-51,14
1739723047.0331306,-26,-54,-28
1739723047.0791306,6,51,-47
1739723047.1241307,-99,-51,-158
1739723047.1701307,9,4,43
1739723047.2161307,38,7,-57
1739723047.2611306,-50,0,-16
1739723047.3071306,11,-30,-80
1739723047.3531306,-97,24,-30
1739723047.3991306,-14,-47,-61
1739723047.444131,40,-3,29
1739723047.490131,1,46,38
1739723047.536131,68,-33,-19
1739723047.5811307,-3,8,-43
1739723047.6271307,28,-26,-77
1739723047.6731308,-9,-25,-53
1739723047.7181306,37,-20,33
1739723047.7641306,-39,66,-70
1739723047.8101306,-19,-41,-20
1739723047.8561306,7,-68,3
1739723047.901131,-47,6,38
1739723047.947131,-12,35,-103
1739723047.9931307,-66,30,-118
1739723048.0381308,-23,21,-22
1739723048.0841308,0,73,-12
1739723048.1301308,23,-27,29
1739723048.1761308,-27,-56,-145
1739723048.2211306,94,2,-57
1739723048.2671306,-44,10,-98
1739723048.3131306,8,-3,72
1739723048.3581307,42,22,-111
1739723048.4041307,-17,69,-120
1739723048.4501307,-35,-15,-2
1739723048.4961307,2,1,-33
1739723048.5411308,-32,-36,-125
1739723048.5871308,89,-46,-89
1739723048.6331308,-1,-4,138
1739723048.6781306,111,-33,-25
1739723048.7241306,-58,71,-22
1739723048.7701306,28,87,-92
1739723048.8161306,3,-20,-57
1739723048.8611307,-1,-33,-95
1739723048.9071307,47,3,-53
1739723048.9531307,44,67,-183
1739723048.9981308,74,54,-123
1739723049.0441308,3,54,-46
1739723049.0901306,-37,0,-78
1739723049.1361306,39,40,67
1739723049.1811306,33,-56,-39
1739723049.227131,67,2,83
1739723049.273131,42,45,-45
1739723049.3181307,43,30,-31
1739723049.3641307,-28,0,-87
1739723049.4101307,13,-59,13
1739723049.4561307,65,-57,-197
1739723049.5011306,105,67,51
1739723049.5471306,2,38,8
1739723049.5931306,47,-30,55
1739723049.638131,-33,6,-46
1739723049.684131,20,48,-93
1739723049.730131,24,-58,44
1739723049.7741306,21,-51,-9
1739723049.8201306,11,36,-47
1739723049.8661306,57,-28,-49
1739723049.9121306,19,50,-113
1739723049.957131,26,4,-35
1739723050.003131,76,51,57
1739723050.049131,-5,-11,-65
1739723050.0941308,-25,44,36
1739723050.1401308,-67,32,-32
1739723050.1861308,-66,34,34
1739723050.2321308,-49,25,-191
1739723050.2771306,-83,-24,82
1739723050.3231306,-90,9,-62
1739723050.3691306,-2,-10,0
1739723050.4141307,-37,-35,-28
1739723050.4601307,28,-24,51
1739723050.5061307,0,30,-19
1739723050.5521307,62,-34,31
1739723050.5971308,-78,32,48
1739723050.6431308,-80,51,-54
1739723050.6891308,49,-12,59
1739723050.7341306,-1,37,-135
1739723050.7801306,-57,-8,-130
1739723050.8261306,-30,29,-2
1739723050.8721306,-5,-22,-201
1739723050.9171307,-70,49,-44
1739723050.9631307,5,21,-71
1739723051.0091307,-8,-27,-12
1739723051.0541308,93,70,87
1739723051.1001308,6,-2,-59
1739723051.1461308,26,-23,-53
1739723051.1921306,-34,-7,6
1739723051.2371306,38,29,-43
1739723051.2831306,-69,-42,-74
1739723051.3291306,23,-16,15
1739723051.3741307,-36,12,60
1739723051.4201307,25,-17,-91
1739723051.4661307,50,34,-53
1739723051.5121307,-42,-22,-30
1739723051.5571306,36,16,13
1739723051.6031306,9,49,-109
1739723051.6491306,-44,55,0
1739723051.694131,-8,8,-11
1739723051.740131,-35,-29,-160
1739723051.786131,-80,-6,29
1739723051.832131,30,-8,-40
1739723051.8771307,-62,-60,-208
1739723051.9231308,-38,-37,-64
1739723051.9691308,-29,-10,-67
1739723052.0141306,-46,-47,-49
1739723052.0601306,-51,-60,91
1739723052.1061306,12,25,15
1739723052.1521306,46,15,-98
1739723052.197131,35,10,72
1739723052.2431307,-56,62,-109
1739723052.2891307,-22,85,-79
1739723052.3341308,0,16,87
1739723052.3801308,11,-30,10
1739723052.4261308,2,-5,-72
1739723052.4721308,-1,-49,-14
1739723052.5171306,40,33,-94
1739723052.5631306,-28,-33,-35
1739723052.6091306,-17,-15,-31
1739723052.6541307,-11,-6,-37
1739723052.7001307,54,0,-44
1739723052.7461307,-112,-5,109
1739723052.7921307,-9,22,35
1739723052.8371308,-17,-29,-151
1739723052.8831308,-39,-18,-21
1739723052.9291308,-24,19,-121
1739723052.9741306,-32,-24,-27
1739723053.0201306,31,-55,-16
1739723053.0661306,-38,-43,-123
1739723053.1121306,12,-38,-212
1739723053.1571307,-8,-1,39
1739723053.2031307,14,2,-30
1739723053.2491307,11,-18,-34
1739723053.2941308,-18,71,-62
1739723053.3401306,1,-34,-136
1739723053.3861306,36,20,-98
1739723053.4321306,-34,0,21
1739723053.477131,83,19,-24
1739723053.523131,55,7,-62
1739723053.569131,12,-53,-70
1739723053.6141307,1,-11,-56
1739723053.6601307,-17,-35,33
1739723053.7061307,50,-57,-116
1739723053.7521307,-49,2,-35
1739723053.7971306,86,0,26
1739723053.8431306,-71,7,-13
1739723053.8891306,12,110,-67
1739723053.934131,74,-41,-126
1739723053.980131,64,-13,74
1739723054.026131,34,58,-76
1739723054.072131,23,-65,0
1739723054.1171308,-4,-36,-108
1739723054.1631308,38,-20,-50
1739723054.2091308,28,-11,-44
1739723054.2541306,81,-30,-144
1739723054.3001306,-10,-78,-12
1739723054.3461306,52,-21,-58
1739723054.3921306,-7,-48,62
1739723054.4371307,-37,-58,0
1739723054.4831307,35,-42,-12
1739723054.5341306,129,64,-120
1739723054.5801306,-20,37,-1
1739723054.6261306,9,-3,106
1739723054.6721306,15,68,49
1739723054.717131,11,-55,-36
1739723054.763131,33,-64,-94
1739723054.809131,-22,5,15
1739723054.8541307,40,13,-54
1739723054.9001307,58,-22,70
1739723054.9461308,-23,-53,-50
1739723054.9921308,21,3,-14
1739723055.0371306,28,9,-38
1739723055.0841308,9,22,-19
1739723055.1301308,-30,-55,-134
1739723055.1761308,3,38,-29
1739723055.2211306,-43,69,-99
1739723055.2671306,-76,75,-103
1739723055.3131306,21,17,6
1739723055.3581307,-39,23,-83
1739723055.4041307,-11,-47,-39
1739723055.4501307,14,4,78
1739723055.4961307,55,-40,18
1739723055.5411308,26,55,46
1739723055.5871308,56,81,-36
1739723055.6331308,-23,-22,7
1739723055.6781306,-12,78,-147
1739723055.7241306,30,-80,-84
1739723055.7701306,10,7,-160
1739723055.8161306,-31,-57,-123
1739723055.8611307,16,-31,-86
1739723055.9071307,22,-5,-88
1739723055.9531307,49,-65,-94
1739723055.9981308,96,-23,-18
1739723056.0441308,16,14,-184
1739723056.0901306,-26,-42,31
1739723056.1361306,-16,44,-19
1739723056.1811306,-38,-16,-97
1739723056.227131,18,42,7
1739723056.273131,25,12,-170
1739723056.3181307,13,5,-58
1739723056.3641307,-22,-34,-15
1739723056.4101307,106,-42,-6
1739723056.4561307,-17,14,-49
1739723056.5011306,-48,-49,15
1739723056.5471306,8,-21,-134
1739723056.5931306,-41,-73,69
1739723056.638131,0,8,-42
1739723056.684131,11,34,14
1739723056.730131,-83,-21,-66
1739723056.776131,-19,4,11
1739723056.8211308,-61,45,11
1739723056.8671308,-49,-43,-92
1739723056.9131308,37,9,-64
1739723056.9581306,-53,11,7
1739723057.0041306,22,44,-168
1739723057.0501306,-2,-37,-18
1739723057.0961306,47,11,-74
1739723057.1411307,-22,38,-77
1739723057.1871307,36,34,-96
1739723057.2331307,61,-35,-50
1739723057.2781308,43,35,-54
1739723057.3241308,-55,5,59
1739723057.3701308,-61,14,-116
1739723057.4151306,-40,-60,-92
1739723057.4611306,-6,0,-10
1739723057.5071306,50,-13,-24
1739723057.5531306,41,18,-59
1739723057.5981307,31,27,-54
1739723057.6441307,-40,11,67
1739723057.6901307,-78,-10,-62
1739723057.7361307,46,-10,21
1739723057.7811308,-56,-3,101
1739723057.8271308,-21,-21,-25
1739723057.8731308,-11,5,-128
1739723057.9181306,-110,-8,11
1739723057.9641306,45,-31,-39
1739723058.0101306,49,5,-102
1739723058.0551307,20,31,52
1739723058.1011307,52,-71,-109
1739723058.1471307,-142,42,-30
1739723058.1931307,-152,86,-149
1739723058.2381306,-50,-73,-115
1739723058.2841306,60,-17,14
1739723058.3301306,-82,14,-7
1739723058.375131,-5,-7,19
1739723058.421131,-54,-56,17
1739723058.467131,-6,-9,-75
1739723058.513131,-25,-31,-67
1739723058.5581307,65,38,-106
1739723058.6041307,-78,-46,-65
1739723058.6501307,3,-59,15
1739723058.6951306,-46,57,-41
1739723058.7411306,28,-50,-46
1739723058.7871306,32,12,-70
1739723058.8331306,-42,-15,-53
1739723058.878131,43,32,-88
1739723058.924131,-45,49,25
1739723058.9701307,-21,15,-31
1739723059.0151308,10,-3,58
1739723059.0611308,0,-41,-48
1739723059.1071308,46,1,-28
1739723059.1531308,50,0,-4
1739723059.1981306,-19,103,3
1739723059.2441306,22,31,-44
1739723059.2901306,-72,41,-109
1739723059.3351307,-64,-31,-7
1739723059.3811307,-16,7,7
1739723059.4271307,54,-36,-83
1739723059.4731307,20,-32,25
1739723059.5181308,-112,-50,-50
1739723059.5641308,14,58,-12
1739723059.6101308,-23,-12,-1
1739723059.6551306,25,-10,-20
1739723059.7011306,-27,-48,76
1739723059.7471306,-1,-4,-74
1739723059.7931306,40,-41,-28
1739723059.8381307,-50,-5,-85
1739723059.8841307,-48,10,-45
1739723059.9301307,13,-51,-4
1739723059.9751308,41,14,-6
1739723060.0211308,3,32,53
1739723060.0671306,74,5,-48
1739723060.1131306,25,111,69
1739723060.1581306,26,-6,6
1739723060.2041306,100,-9,-76
1739723060.250131,19,-13,2
1739723060.2951307,30,23,-2
1739723060.3411307,10,114,-18
1739723060.3871307,-13,5,-1
1739723060.4331307,87,-48,32
1739723060.4781306,87,22,-84
1739723060.5241306,11,-11,60
1739723060.5701306,-24,11,-7
1739723060.615131,96,16,-113
1739723060.661131,15,-6,-207
1739723060.707131,6,-14,-41
1739723060.753131,72,-65,0
1739723060.7981308,46,52,-45
1739723060.8441308,-15,30,-61
1739723060.8901308,67,-3,70
1739723060.9351306,-52,84,-161
1739723060.9811306,14,37,-47
1739723061.0271306,0,6,-139
1739723061.0731306,53,8,-113
1739723061.1181307,-13,21,-19
1739723061.1641307,2,-5,-73
1739723061.2101307,54,22,-20
1739723061.2551308,33,-66,-163
1739723061.3011308,21,34,-85
1739723061.3471308,52,-10,0
1739723061.3931308,49,-14,19
1739723061.4381306,15,-13,-117
1739723061.4841306,2,-20,48
1739723061.5301306,11,-96,0
1739723061.5751307,-34,-32,-30
1739723061.6211307,56,-44,13
1739723061.6671307,10,-40,1
1739723061.7131307,1,-67,-147
1739723061.7581308,-18,-10,-71
1739723061.8041308,22,-12,56
1739723061.8501308,66,-43,61
1739723061.8951306,-30,54,-40
1739723061.9411306,14,-3,-73
1739723061.9871306,19,7,-7
1739723062.0331306,-30,35,-41
1739723062.0781307,11,7,-53
1739723062.1241307,-31,15,56
1739723062.1701307,39,-73,-103
1739723062.2151306,-15,-40,16
1739723062.2611306,88,75,-105
1739723062.3071306,64,-9,24
1739723062.3531306,-6,14,9
1739723062.398131,90,-39,-84
1739723062.444131,36,-43,-76
1739723062.490131,-75,63,-75
1739723062.5351307,-68,-4,-65
1739723062.5811307,-13,-21,54
1739723062.6271307,-20,-34,-16
1739723062.6731308,-1,28,23
1739723062.7181306,-113,-2,-47
1739723062.7641306,-80,50,-231
1739723062.8101306,-39,52,72
1739723062.855131,-18,0,-79
1739723062.901131,-21,-12,-49
1739723062.947131,-62,30,-63
1739723062.9931307,-34,55,-137
1739723063.0381308,18,-31,-75
1739723063.0841308,-16,51,-47
1739723063.1301308,72,-30,-31
1739723063.1751306,-76,6,-88
1739723063.2211306,-11,-33,-109
1739723063.2671306,-7,22,-91
1739723063.3131306,-15,-44,-67
1739723063.3581307,-16,24,-85
1739723063.4041307,33,27,-127
1739723063.4501307,45,32,-119
1739723063.4951308,0,96,52
1739723063.5411308,-16,-1,-46
1739723063.5871308,-88,26,-38
1739723063.6331308,-42,0,-32
1739723063.6781306,-29,0,46
1739723063.7241306,0,20,-18
1739723063.7701306,-22,15,14
1739723063.8151307,-19,51,-18
1739723063.8611307,66,-16,-37
1739723063.9071307,66,-39,73
1739723063.9531307,35,30,-57
1739723063.9981308,44,94,-63
1739723064.0441308,-15,-9,-177
1739723064.0901306,111,-21,-91
1739723064.1351306,28,7,39
1739723064.1811306,-42,14,2
1739723064.227131,-21,70,-78
1739723064.273131,9,38,-28
1739723064.3181307,24,0,-225
1739723064.3641307,20,-16,59
1739723064.4101307,-7,-17,-183
1739723064.4551306,22,-28,-50
1739723064.5011306,-70,-23,-85
1739723064.5531306,48,-34,-88
1739723064.5981307,18,-4,-170
1739723064.6441307,-1,55,-52
1739723064.6901307,58,-92,110
1739723064.7351308,27,-50,-36
1739723064.7811308,-12,-96,4
1739723064.8271308,51,61,24
1739723064.8731308,-9,80,-115
1739723064.9181306,-9,14,-19
1739723064.9641306,-26,30,5
1739723065.0101306,38,52,-99
1739723065.0551307,-34,-27,-32
1739723065.1011307,-30,-18,-38
1739723065.1471307,4,85,-25
1739723065.1931307,64,38,-74
1739723065.2371306,-72,-16,-69
1739723065.2831306,-11,8,-52
1739723065.3291306,16,-27,-38
1739723065.3741307,-96,-58,-7
1739723065.4201307,-37,-6,-6
1739723065.4661307,6,31,-144
1739723065.5111306,-61,24,5
1739723065.5571306,19,13,57
1739723065.6031306,27,-7,93
1739723065.6491306,40,17,-38
1739723065.694131,39,74,-41
1739723065.740131,-1,-4,-22
1739723065.786131,37,46,55
1739723065.8311307,27,38,-90
1739723065.8771307,4,33,123
1739723065.9231308,-54,-45,-90
1739723065.9691308,-1,-39,25
1739723066.0141306,55,61,-3
1739723066.0601306,50,-29,38
1739723066.1061306,-9,2,-84
1739723066.151131,-7,-46,-76
1739723066.197131,-32,-26,39
1739723066.2431307,30,-16,42
1739723066.2891307,27,30,119
1739723066.3341308,33,37,-22
1739723066.3801308,-36,0,13
1739723066.4261308,-94,65,-9
1739723066.4711306,-7,51,-109
1739723066.5171306,61,16,-18
1739723066.5631306,-58,-26,-13
1739723066.6091306,-96,4,-27
1739723066.6541307,29,46,-10
1739723066.7001307,6,-23,-74
1739723066.7461307,7,22,-86
1739723066.7911308,-15,-63,-50
1739723066.8371308,-29,-6,-69
1739723066.8831308,67,123,35
1739723066.9291308,83,-75,-56
1739723066.9741306,19,-32,8
1739723067.0201306,-92,-47,0
1739723067.0661306,-38,-2,-87
1739723067.1111307,15,72,-59
1739723067.1571307,15,-3,-122
1739723067.2031307,62,73,-112
1739723067.2491307,-45,-66,-134
1739723067.2941308,0,-11,99
1739723067.3401306,9,14,-25
1739723067.3861306,36,0,-12
1739723067.4311306,29,-15,-100
1739723067.477131,-50,-36,-15
1739723067.523131,78,-5,30
1739723067.569131,4,-41,16
1739723067.6141307,-58,79,-15
1739723067.6601307,34,41,17
1739723067.7061307,125,0,82
1739723067.7511306,-22,-2,15
1739723067.7971306,-83,62,43
1739723067.8431306,27,12,-48
1739723067.888131,-11,-18,-94
1739723067.934131,-61,32,-57
1739723067.980131,41,37,-40
1739723068.026131,39,-22,20
1739723068.0711308,-15,-46,-34
1739723068.1171308,28,-52,-82
1739723068.1631308,-68,8,-9
1739723068.2081306,32,8,-26
1739723068.2541306,-56,-26,87
1739723068.3001306,-8,-46,-84
1739723068.3461306,-34,-48,-34
1739723068.3911307,-24,13,-51
1739723068.4371307,13,-4,-108
1739723068.4831307,23,13,-40
1739723068.5281308,76,29,-126
1739723068.5741308,-24,91,69
1739723068.6201308,28,-38,-84
1739723068.6661308,17,57,-157
1739723068.7111306,28,-9,2
1739723068.7571306,6,27,-39
1739723068.8031306,29,-32,-60
1739723068.8481307,19,-11,-4
1739723068.8941307,48,21,-78
1739723068.9401307,-39,-16,-103
1739723068.9861307,27,22,-90
1739723069.0311308,-54,-35,-77
1739723069.0771308,-30,13,-53
1739723069.1231308,25,49,-61
1739723069.1681306,38,60,-141
1739723069.2141306,43,-15,22
1739723069.2601306,58,-13,-56
1739723069.3061306,-89,94,-15
1739723069.3511307,-32,4,-116
1739723069.3971307,-35,92,-123
1739723069.4431307,21,21,-116
1739723069.4881306,-11,-18,-70
1739723069.5341306,22,33,41
1739723069.5801306,-66,8,-27
1739723069.6261306,-39,19,-25
1739723069.671131,113,-15,12
1739723069.717131,24,60,-95
1739723069.763131,-2,4,-49
1739723069.8081307,-18,47,-39
1739723069.8541307,-12,-12,-78
1739723069.9001307,116,-44,20
1739723069.9461308,36,7,-104
1739723069.9911306,-66,8,-37
1739723070.0371306,-17,-75,26
1739723070.0831306,30,-20,-112
1739723070.128131,39,-61,-86
1739723070.174131,-18,-87,-46
1739723070.2201307,-67,85,-15
1739723070.2661307,-31,-26,25
1739723070.3111308,-11,15,-198
1739723070.3571308,-14,58,-67
1739723070.4031308,-1,-2,-57
1739723070.4481306,35,30,62
1739723070.4941306,-20,-2,-127
1739723070.5401306,-26,-64,-31
1739723070.5861306,-8,-7,-57
1739723070.6311307,-14,-40,45
1739723070.6771307,13,-14,-159
1739723070.7231307,18,63,-133
1739723070.7681308,-105,11,-42
1739723070.8141308,5,-4,-123
1739723070.8601308,23,-10,19
1739723070.9061308,-12,23,-89
1739723070.9511306,67,29,-99
1739723070.9971306,-5,66,6
1739723071.0431306,13,-34,50
1739723071.0881307,-27,-19,-129
1739723071.1341307,-35,-9,-44
1739723071.1801307,19,1,-109
1739723071.2261307,33,-17,-97
1739723071.2711308,7,29,-13
1739723071.3171306,42,-23,-45
1739723071.3631306,17,55,79
1739723071.4081306,73,-130,87
1739723071.4541306,5,2,-209
1739723071.500131,16,14,40
1739723071.546131,7,-41,-3
1739723071.5911307,-13,19,-97
1739723071.6371307,15,53,1
1739723071.6831307,4,29,-39
1739723071.7281306,21,-39,-41
1739723071.7741306,18,8,-61
1739723071.8201306,20,61,22
1739723071.8661306,-43,-39,-103
1739723071.911131,27,-20,-12
1739723071.957131,-49,68,-55
1739723072.003131,53,-16,-43
1739723072.0481308,-55,-65,-49
1739723072.0941308,-14,21,4
1739723072.1401308,48,-14,-49
1739723072.1861308,54,-29,-34
1739723072.2311306,-52,-27,-95
1739723072.2771306,-71,53,-119
1739723072.3231306,-49,11,38
1739723072.3681307,40,25,34
1739723072.4141307,-65,33,0
1739723072.4601307,-9,-39,68
1739723072.5061307,78,90,-36
1739723072.5511308,-28,-74,-37
1739723072.5971308,22,-10,31
1739723072.6431308,-84,4,-80
1739723072.6881306,-5,36,-85
1739723072.7341306,7,4,-57
1739723072.7801306,-49,75,-116
1739723072.8261306,2,13,-10
1739723072.8711307,41,-14,-9
1739723072.9171307,-13,-18,-101
1739723072.9631307,119,-88,-95
1739723073.0081308,27,1,57
1739723073.0541308,95,-20,107
1739723073.1001308,46,-40,-33
1739723073.1461308,-15,28,-96
1739723073.1911306,34,22,-70
1739723073.2371306,49,-35,-82
1739723073.2831306,96,-35,18
1739723073.3281307,41,29,-162
1739723073.3741307,-49,19,-21
1739723073.4201307,-4,46,1
1739723073.4661307,-8,-48,-30
1739723073.5111306,18,3,-60
1739723073.5571306,0,10,-122
1739723073.6031306,23,0,16
1739723073.648131,-32,-52,-11
1739723073.694131,-6,9,-27
1739723073.740131,-55,7,13
1739723073.786131,-24,34,-5
1739723073.8311307,-68,-22,-55
1739723073.8771307,-2,-14,-124
1739723073.9231308,-107,33,-83
1739723073.9681306,-7,10,-64
1739723074.0141306,-41,42,-41
1739723074.0601306,50,17,-70
1739723074.1061306,-76,-65,-3
1739723074.151131,-4,-49,89
1739723074.197131,38,-34,-50
1739723074.2431307,-40,15,59
1739723074.2881308,16,-19,30
1739723074.3341308,30,66,-24
1739723074.3801308,14,29,-62
1739723074.4261308,47,75,24
1739723074.4711306,-12,-2,-17
1739723074.5171306,70,35,-60
1739723074.5681307,-7,0,75
1739723074.6141307,35,-9,20
1739723074.6601307,27,44,0
1739723074.7061307,41,13,12
1739723074.7511306,24,57,-70
1739723074.7971306,20,-83,-168
1739723074.8431306,106,37,16
1739723074.888131,-73,-25,-13
1739723074.934131,2,-20,-8
1739723074.980131,-9,30,13
1739723075.026131,22,-65,-113
1739723075.0711308,6,16,-56
1739723075.1171308,0,1,-72
1739723075.1631308,-13,-39,51
1739723075.2081306,-69,-52,-39
1739723075.2541306,-111,14,59
1739723075.3001306,-142,92,-1
1739723075.3461306,98,47,-60
1739723075.3911307,-75,2,0
1739723075.4371307,-29,-39,-117
1739723075.4831307,2,-38,3
1739723075.5281308,-18,28,-101
1739723075.5741308,-5,-22,-31
1739723075.6201308,-39,-2,-115
1739723075.6661308,42,18,-88
1739723075.7111306,-33,26,-163
1739723075.7571306,-19,39,-33
1739723075.8031306,27,77,8
1739723075.8481307,-40,48,-93
1739723075.8941307,-15,11,99
1739723075.9401307,-60,2,-39
1739723075.9861307,28,-19,-110
1739723076.0311308,6,23,-70
1739723076.0771308,23,4,-20
1739723076.1231308,-12,19,-9
1739723076.1681306,-29,-14,-142
1739723076.2141306,-24,24,31
1739723076.2601306,-55,-39,-15
1739723076.3061306,5,-18,-80
1739723076.3511307,32,53,27
1739723076.3971307,11,-46,-80
1739723076.4431307,-16,20,-130
1739723076.4881306,-87,15,-25
1739723076.5341306,-63,-19,-133
1739723076.5801306,30,-71,-2
1739723076.6261306,93,7,-57
1739723076.671131,8,-52,69
1739723076.717131,46,34,-21
1739723076.763131,-30,50,-18
1739723076.8081307,51,37,-27
1739723076.8541307,-12,-14,-61
1739723076.9001307,4,-14,-24
1739723076.9461308,-88,4,-15
1739723076.9911306,80,-85,-20
1739723077.0371306,7,88,-131
1739723077.0831306,-61,-73,-12
1739723077.128131,-51,-5,-7
1739723077.174131,0,-48,-84
1739723077.2201307,2,-71,86
1739723077.2661307,-64,64,-1
1739723077.3111308,-14,3,123
1739723077.3571308,-4,-46,8
1739723077.4031308,39,45,-20
1739723077.4481306,12,111,-90
1739723077.4941306,-2,30,40
1739723077.5401306,9,-28,-5
1739723077.5861306,-26,25,-94
1739723077.6311307,36,-18,-26
1739723077.6771307,75,-37,-9
1739723077.7231307,43,64,-23
1739723077.7681308,7,35,-16
1739723077.8141308,-95,46,-94
1739723077.8601308,27,-42,-89
1739723077.9051306,-6,-24,64
1739723077.9511306,43,27,3
1739723077.9971306,-8,-5,-63
1739723078.0431306,3,71,22
1739723078.0881307,-3,-4,-51
1739723078.1341307,18,30,25
1739723078.1801307,-64,-41,-28
1739723078.2251308,26,20,-47
1739723078.2711308,8,16,-11
1739723078.3171306,67,-24,17
1739723078.3631306,-25,-40,-60
1739723078.4081306,86,-49,39
1739723078.4541306,-14,-18,30
1739723078.500131,76,-18,-57
1739723078.5451307,-26,106,-14
1739723078.5911307,74,42,75
1739723078.6371307,7,70,47
1739723078.6831307,-20,17,-87
1739723078.7281306,-10,-60,-89
1739723078.7741306,-42,-13,-90
1739723078.8201306,19,81,-19
1739723078.865131,30,-14,-41
1739723078.911131,38,-61,-145
1739723078.957131,47,-20,-75
1739723079.003131,-35,-29,16
1739723079.0481308,-11,-12,-59
1739723079.0941308,-56,3,-88
1739723079.1401308,51,31,-107
1739723079.1851306,91,26,-57
1739723079.2311306,32,39,-167
1739723079.2771306,34,4,-9
1739723079.3231306,23,-35,55
1739723079.3681307,50,0,-29
1739723079.4141307,-55,-27,-48
1739723079.4601307,15,-27,-33
1739723079.5051308,43,-80,-3
1739723079.5511308,-67,-24,-62
1739723079.5971308,-8,-38,82
1739723079.6431308,-5,-57,-71
1739723079.6881306,31,-26,-33
1739723079.7341306,-31,-49,6
1739723079.7801306,-1,45,4
1739723079.8251307,-23,-57,-68
1739723079.8711307,7,-33,-97
1739723079.9171307,24,2,-115
1739723079.9631307,0,-74,-17
1739723080.0081308,37,-91,-79
1739723080.0541308,-16,18,-74
1739723080.1001308,-16,26,52
1739723080.1451306,-62,-17,94
1739723080.1911306,25,-84,-7
1739723080.2371306,40,31,-129
1739723080.2831306,51,2,-127
1739723080.3281307,0,1,50
1739723080.3741307,25,57,106
1739723080.4201307,58,3,-173
1739723080.4651306,71,-54,-73
1739723080.5111306,-6,-24,-79
1739723080.5571306,-38,23,-108
1739723080.6031306,29,11,-31
1739723080.648131,71,18,-15
1739723080.694131,21,-38,-55
1739723080.740131,-22,-6,26
1739723080.7851307,45,45,22
1739723080.8311307,-56,17,-121
1739723080.8771307,-67,-14,-75
1739723080.9231308,-31,19,-61
1739723080.9681306,84,19,5
1739723081.0141306,27,-13,0
1739723081.0601306,-31,37,-22
1739723081.105131,-25,91,-56
1739723081.151131,76,-5,38
1739723081.197131,42,16,-51
1739723081.2431307,-3,121,-46
1739723081.2881308,0,30,-76
1739723081.3341308,-49,10,56
1739723081.3801308,-80,-31,21
1739723081.4251306,-29,-18,-12
1739723081.4711306,97,47,43
1739723081.5171306,-19,8,-150
1739723081.5631306,34,24,67
1739723081.6081307,-78,27,-164
1739723081.6541307,14,-60,-68
1739723081.7001307,-60,-15,-76
1739723081.7451308,14,29,37
1739723081.7911308,-45,-52,-36
1739723081.8371308,-51,-51,45
1739723081.8831308,33,90,-67
1739723081.9281306,60,-33,-116
1739723081.9741306,0,12,-25
1739723082.0201306,-33,54,-11
1739723082.0651307,53,-17,-76
1739723082.1111307,-6,-30,-40
1739723082.1571307,-5,-31,22
1739723082.2031307,-105,-25,-12
1739723082.2481308,-33,-107,-44
1739723082.2941308,63,-25,38
1739723082.3401306,-1,24,13
1739723082.3851306,-71,49,-39
1739723082.4311306,10,44,-99
1739723082.477131,-56,0,-60
1739723082.523131,-18,-66,-146
1739723082.5681307,-2,55,23
1739723082.6141307,0,14,57
1739723082.6601307,42,-12,-40
1739723082.7051306,-55,-49,-146
1739723082.7511306,79,59,-55
1739723082.7971306,-76,-32,40
1739723082.8431306,37,18,23
1739723082.888131,-51,-24,42
1739723082.934131,-43,28,-67
1739723082.980131,-56,-43,-24
1739723083.0251307,-35,28,-25
1739723083.0711308,-18,-78,-124
1739723083.1171308,20,-7,-128
1739723083.1631308,77,15,-76
1739723083.2081306,45,-89,-108
1739723083.2541306,-18,59,49
1739723083.3001306,15,-10,-30
1739723083.3451307,-14,48,59
1739723083.3911307,-69,-32,-31
1739723083.4371307,9,-2,-42
1739723083.4831307,-3,-88,-46
1739723083.5281308,0,-7,-56
1739723083.5741308,51,-51,-6
1739723083.6201308,-11,-8,28
1739723083.6651306,-4,18,-54
1739723083.7111306,-22,66,-45
1739723083.7571306,16,74,-53
1739723083.8031306,-29,17,-102
1739723083.8481307,25,-76,-14
1739723083.8941307,-104,-46,32
1739723083.9401307,-10,-33,28
1739723083.9851308,44,41,-5
1739723084.0311308,62,2,-21
1739723084.0771308,-20,-68,4
1739723084.1231308,19,-13,-42
1739723084.1681306,35,-13,-58
1739723084.2141306,32,23,-73
1739723084.2601306,-90,20,-210
1739723084.3051307,-25,-13,-90
1739723084.3511307,-47,5,-21
1739723084.3971307,-28,-16,-58
1739723084.4431307,-10,18,19
1739723084.4881306,-34,-53,45
1739723084.5341306,-2,23,-21
1739723084.5851307,13,-10,14
1739723084.6311307,-10,14,101
1739723084.6771307,-1,-39,-35
1739723084.7231307,-36,63,23
1739723084.7681308,-60,4,-35
1739723084.8141308,-9,39,117
1739723084.8601308,76,-9,-126
1739723084.9051306,-4,0,-26
1739723084.9511306,90,32,-196
1739723084.9971306,-121,60,-47
1739723085.0431306,-74,-12,19
1739723085.0881307,-62,32,37
1739723085.1341307,-21,-74,-126
1739723085.1801307,19,18,-22
1739723085.2251308,-49,52,-109
1739723085.2711308,-42,21,-45
1739723085.3171306,-30,-26,-73
1739723085.3631306,-6,-40,-24
1739723085.4081306,0,34,25
1739723085.4541306,-55,27,51
1739723085.500131,19,-26,-24
1739723085.5451307,-16,-85,-55
1739723085.5911307,-3,-4,-78
1739723085.6371307,17,-60,-40
1739723085.6831307,59,4,42
1739723085.7281306,-41,15,-125
1739723085.7741306,-37,-2,-99
1739723085.8201306,70,-11,70
1739723085.865131,8,-39,46
1739723085.911131,4,-55,-82
1739723085.957131,-8,-3,-37
1739723086.003131,-21,3,-1
1739723086.0481308,-7,46,-126
1739723086.0941308,-41,-65,-83
1739723086.1401308,3,13,92
1739723086.1851306,-31,6,-145
1739723086.2311306,31,77,0
1739723086.2771306,-26,-17,71
1739723086.3231306,-27,-21,-29
1739723086.3681307,7,9,-84
1739723086.4141307,37,15,-28
1739723086.4601307,-20,-34,-25
1739723086.5051308,10,-1,-58
1739723086.5511308,-22,-24,33
1739723086.5971308,11,66,-28
1739723086.6431308,23,-34,179
1739723086.6881306,17,-34,-49
1739723086.7341306,88,-67,-71
1739723086.7801306,-99,4,-52
1739723086.8251307,-54,66,22
1739723086.8711307,-30,92,-47
1739723086.9171307,4,57,-37
1739723086.9631307,-14,18,-131
1739723087.0081308,26,-22,-83
1739723087.0541308,7,52,38
1739723087.1001308,48,-15,-17
1739723087.1451306,-34,64,-120
1739723087.1911306,-19,5,-37
1739723087.2371306,6,-9,-15
1739723087.2831306,1,62,-45
1739723087.3281307,-96,-87,-46
1739723087.3741307,23,-7,-2
1739723087.4201307,80,-28,-2
1739723087.4651306,26,23,-105
1739723087.5111306,-3,-46,-8
1739723087.5571306,-57,-1,-105
1739723087.6031306,-58,32,-83
1739723087.648131,-98,8,-103
1739723087.694131,-31,21,10
1739723087.740131,-124,27,-79
1739723087.7851307,-10,-6,-11
1739723087.8311307,-63,57,-56
1739723087.8771307,-66,-35,-39
1739723087.9231308,6,10,-75
1739723087.9681306,66,19,108
1739723088.0141306,-110,3,-45
1739723088.0601306,10,61,-48
1739723088.105131,16,-72,-19
1739723088.151131,26,-99,-145
1739723088.197131,-2,-10,24
1739723088.2421308,0,-5,-29
1739723088.2881308,2,44,-40
1739723088.3341308,-31,-59,-93
1739723088.3801308,-24,5,-56
1739723088.4251306,48,42,7
1739723088.4711306,-23,-7,-89
1739723088.5171306,-9,1,-89
1739723088.5621307,30,-46,-47
1739723088.6081307,18,-27,3
1739723088.6541307,-58,-12,68
1739723088.7001307,-35,75,-110
1739723088.7451308,56,0,-37
1739723088.7911308,99,-34,-93
1739723088.8371308,23,-45,-13
1739723088.8821306,-45,69,74
1739723088.9281306,28,0,-3
1739723088.9741306,31,-28,-47
1739723089.0201306,26,55,-63
1739723089.0651307,-11,-62,-29
1739723089.1111307,10,21,-109
1739723089.1571307,-17,-24,-111
1739723089.2021308,-10,52,37
1739723089.2481308,-46,-130,-120
1739723089.2941308,49,21,0
1739723089.3401306,-26,-9,-54
1739723089.3851306,-43,32,-187
1739723089.4311306,33,8,25
1739723089.477131,71,-60,-123
1739723089.5221307,27,-99,-93
1739723089.5681307,8,-36,-119
1739723089.6141307,-6,0,-243
1739723089.6601307,-18,16,30
1739723089.7051306,60,-37,-47
1739723089.7511306,-96,-34,-24
1739723089.7971306,-53,-27,-48
1739723089.842131,26,38,-1
1739723089.888131,54,9,-9
1739723089.934131,-48,30,-133
1739723089.980131,41,-110,-92
1739723090.0251307,-7,47,-67
1739723090.0711308,9,19,23
1739723090.1171308,-97,65,-113
1739723090.1621306,11,-24,-75
1739723090.2081306,4,15,35
1739723090.2541306,91,1,15
1739723090.3001306,-38,66,-103
1739723090.3451307,-110,29,-72
1739723090.3911307,-26,34,-52
1739723090.4371307,27,-36,-95
1739723090.4821308,-53,-27,-38
1739723090.5281308,40,-7,33
1739723090.5741308,-6,77,-27
1739723090.6201308,7,-6,-97
1739723090.6651306,7,-27,-165
1739723090.7111306,-4,23,-83
1739723090.7571306,-110,29,-62
1739723090.8021307,-31,6,-121
1739723090.8481307,-18,-33,-50
1739723090.8941307,11,-5,-25
1739723090.9401307,-50,10,-22
1739723090.9851308,-6,77,-104
1739723091.0311308,-27,14,81
1739723091.0771308,17,18,-46
1739723091.1221306,88,12,-79
1739723091.1681306,-6,9,-80
1739723091.2141306,34,26,-90
1739723091.2601306,59,-26,-76
1739723091.3051307,54,51,45
1739723091.3511307,-26,-19,-26
1739723091.3971307,14,-24,127
1739723091.4421306,-1,-23,89
1739723091.4881306,10,-25,-54
1739723091.5341306,-21,60,31
1739723091.5801306,70,-19,-66
1739723091.625131,-20,97,29
1739723091.671131,-43,-44,-8
1739723091.717131,84,63,51
1739723091.7621307,65,25,-145
1739723091.8081307,-15,-17,44
1739723091.8541307,25,-12,-134
1739723091.9001307,88,-9,35
1739723091.9451306,-25,-27,-54
1739723091.9911306,17,115,-31
1739723092.0371306,2,-71,-56
1739723092.082131,-11,62,-27
1739723092.128131,-60,34,-11
1739723092.174131,3,-57,-22
1739723092.2201307,21,40,-49
1739723092.2651308,38,44,-154
1739723092.3111308,6,-57,-106
1739723092.3571308,-39,0,63
1739723092.4021306,-22,-6,-114
1739723092.4481306,65,38,-74
1739723092.4941306,16,70,-6
1739723092.5401306,-13,-42,-63
1739723092.5851307,-32,36,-123
1739723092.6311307,51,25,26
1739723092.6771307,-16,26,-200
1739723092.7221308,40,-14,10
1739723092.7681308,-63,0,-23
1739723092.8141308,29,-36,-46
1739723092.8601308,6,-2,-128
1739723092.9051306,-56,14,-35
1739723092.9511306,-35,-28,-48
1739723092.9971306,-12,-15,-40
1739723093.0421307,4,3,35
1739723093.0881307,43,37,-12
1739723093.1341307,45,-24,56
1739723093.1801307,21,-4,-145
1739723093.2251308,-1,-10,-29
1739723093.2711308,-27,-11,28
1739723093.3171306,37,-46,-121
1739723093.3621306,-37,-74,-6
1739723093.4081306,51,-66,29
1739723093.4541306,-55,-37,20
1739723093.500131,66,-6,-45
1739723093.5451307,-42,-31,2
1739723093.5911307,34,-11,-61
1739723093.6371307,34,-26,66
1739723093.6821306,39,18,-143
1739723093.7281306,59,-27,44
1739723093.7741306,-56,38,-65
1739723093.8201306,-50,-13,-67
1739723093.865131,26,-14,76
1739723093.911131,-32,20,-153
1739723093.957131,-50,-6,-57
1739723094.0021307,-30,8,-27
1739723094.0481308,11,24,-135
1739723094.0941308,40,-1,-29
1739723094.1401308,28,36,-47
1739723094.1851306,39,-20,-27
1739723094.2311306,-6,5,-11
1739723094.2771306,-97,40,-92
1739723094.322131,-33,-46,-111
1739723094.3681307,-42,40,-125
1739723094.4141307,-3,-16,48
1739723094.4601307,33,-24,10
1739723094.5051308,-79,-33,-49
1739723094.5511308,-17,51,32
1739723094.602131,18,-43,0
1739723094.648131,59,17,-191
1739723094.694131,-2,43,-137
1739723094.740131,-2,49,-133
1739723094.7851307,-28,-3,-47
1739723094.8311307,-38,-11,-87
1739723094.8771307,24,-26,-28
1739723094.9221306,-84,20,-109
1739723094.9681306,-9,-16,-17
1739723095.0141306,0,22,-117
1739723095.0601306,12,9,18
1739723095.105131,-18,-4,-93
1739723095.151131,6,-6,64
1739723095.197131,18,-9,-47
1739723095.2421308,13,23,-131
1739723095.2881308,-2,64,-95
1739723095.3341308,-46,5,-25
1739723095.3801308,62,-21,-59
1739723095.4251306,26,18,-221
1739723095.4711306,-64,-43,-33
1739723095.5171306,-35,47,-159
1739723095.5621307,-81,57,-74
1739723095.6081307,79,43,-41
1739723095.6541307,36,-101,-35
1739723095.7001307,53,53,-53
1739723095.7451308,-34,-21,0
1739723095.7911308,29,3,-95
1739723095.8371308,-30,37,72
1739723095.8821306,78,86,-151
1739723095.9281306,35,-66,76
1739723095.9741306,-113,-22,2
1739723096.0201306,-59,25,-79
1739723096.0651307,31,25,-79
1739723096.1111307,62,24,-25
1739723096.1581306,143,-12,-117
1739723096.2041306,75,21,-135
1739723096.2491307,-20,8,-123
1739723096.2951307,-14,-53,-8
1739723096.3411307,62,36,-39
1739723096.3861306,24,-39,-107
1739723096.4321306,-6,-18,4
1739723096.4781306,-13,13,-67
1739723096.5241306,-20,27,-133
1739723096.569131,-14,-20,-81
1739723096.615131,15,27,17
1739723096.661131,-15,-24,-71
1739723096.7061307,65,11,0
1739723096.7521307,5,-51,48
1739723096.7981308,80,16,0
1739723096.8441308,61,2,-65
1739723096.8891306,-14,-10,-31
1739723096.9351306,-22,52,16
1739723096.9811306,-23,-38,-93
1739723097.026131,65,-57,47
1739723097.072131,-70,-5,-52
1739723097.1181307,10,15,80
1739723097.1641307,10,7,-65
1739723097.2091308,-43,44,-38
1739723097.2551308,-19,3,-18
1739723097.3011308,25,0,-107
1739723097.3461306,30,-7,-11
1739723097.3921306,85,-17,-7
1739723097.4381306,28,22,-45
1739723097.4841306,16,20,-1
1739723097.5291307,-73,-43,-72
1739723097.5751307,16,-13,-119
1739723097.6211307,-5,75,5
1739723097.6661308,-29,41,-16
1739723097.7121308,-6,-3,12
1739723097.7581308,-62,96,25
1739723097.8041308,2,-73,-74
1739723097.8491306,-9,4,-103
1739723097.8951306,-31,-30,-42
1739723097.9411306,-42,-50,54
1739723097.9861307,3,-18,94
1739723098.0321307,-41,-1,18
1739723098.0781307,37,-17,-65
1739723098.1231308,13,-63,16
1739723098.1691308,1,77,-67
1739723098.2151306,-51,6,-78
1739723098.2611306,-29,25,98
1739723098.3061306,66,89,-105
1739723098.352131,18,-11,-149
1739723098.398131,11,-7,56
1739723098.4431307,76,-28,-77
1739723098.4891307,11,30,-9
1739723098.5351307,-22,-73,15
1739723098.5811307,23,43,7
1739723098.6261306,25,33,39
1739723098.6721306,25,-29,-44
1739723098.7181306,40,-24,-63
1739723098.763131,52,28,-119
1739723098.809131,38,3,-25
1739723098.855131,2,-11,-44
1739723098.901131,100,24,-105
1739723098.9461308,-8,6,-3
1739723098.9921308,38,66,-183
1739723099.0381308,-11,39,-75
1739723099.0831306,5,43,63
1739723099.1291306,46,-6,-67
1739723099.1751306,40,11,-27
1739723099.2211306,4,48,-83
1739723099.2661307,-6,-11,-125
1739723099.3121307,-55,61,-94
1739723099.3581307,-33,22,-94
1739723099.4031308,95,2,-233
1739723099.4491308,-4,70,-24
1739723099.4951308,33,8,-67
1739723099.5411308,21,72,-41
1739723099.5861306,-11,23,18
1739723099.6321306,35,34,27
1739723099.6781306,37,-28,-143
1739723099.7231307,-3,-30,-29
1739723099.7691307,51,-20,-13
1739723099.8151307,-44,-31,-152
1739723099.8611307,9,-9,-17
1739723099.9061308,41,9,59
1739723099.9521308,-55,-51,8
1739723099.9981308,-53,20,-14
1739723100.0431306,17,-41,-95
1739723100.0891306,-28,6,-152
1739723100.1351306,-118,-74,-142
1739723100.1811306,-15,0,-125
1739723100.2261307,-1,6,6
1739723100.2721307,52,78,-94
1739723100.3181307,-37,-29,-9
1739723100.3631306,-4,-94,-6
1739723100.4091306,-51,-1,-45
1739723100.4551306,-18,-27,-140
1739723100.5011306,-40,27,-77
1739723100.546131,63,14,-6
1739723100.592131,74,-54,30
1739723100.638131,-11,2,-90
1739723100.6831307,-33,-38,-84
1739723100.7291307,-96,73,-131
1739723100.7751307,34,39,-152
1739723100.8211308,103,33,-80
1739723100.8661306,19,46,28
1739723100.9121306,-97,22,-71
1739723100.9581306,47,25,-160
1739723101.003131,-23,-12,-30
1739723101.049131,-24,-36,-12
1739723101.0951307,-10,-45,-194
1739723101.1411307,-88,51,88
1739723101.1861308,-5,-46,90
1739723101.2321308,2,-3,-44
1739723101.2781308,-9,-23,-43
1739723101.3231306,10,71,-14
1739723101.3691306,24,21,-144
1739723101.4151306,-8,18,83
1739723101.4611306,-31,50,31
1739723101.5061307,-69,-7,-5
1739723101.5521307,36,-15,10
1739723101.5981307,2,7,-140
1739723101.6431308,-47,60,-7
1739723101.6891308,19,104,1
1739723101.7351308,36,82,-142
1739723101.7811308,9,-25,45
1739723101.8261306,39,13,28
1739723101.8721306,-37,24,26
1739723101.9181306,41,41,-70
1739723101.9631307,36,-115,14
1739723102.0091307,-24,0,27
1739723102.0551307,-16,-34,-56
1739723102.1011307,-17,0,31
1739723102.1461308,-43,-56,-49
1739723102.1921306,-1,-8,-137
1739723102.2381306,-29,-40,-7
1739723102.2831306,-11,-60,-67
1739723102.3291306,-79,-23,6
1739723102.375131,34,-8,-51
1739723102.421131,-70,55,14
1739723102.4661307,39,3,80
1739723102.5121307,3,17,29
1739723102.5581307,-69,-3,-42
1739723102.6031306,23,23,-2
1739723102.6491306,7,-12,-39
1739723102.6951306,43,37,-88
1739723102.7411306,-44,44,6
1739723102.786131,-18,41,-54
1739723102.832131,8,39,-130
1739723102.878131,-43,-7,-71
1739723102.9231308,10,26,-30
1739723102.9691308,-3,-15,-43
1739723103.0151308,18,-1,30
1739723103.0611308,-18,-38,17
1739723103.1061306,41,-50,-159
1739723103.1521306,-46,-1,-63
1739723103.1981306,35,12,94
1739723103.2431307,3,17,-61
1739723103.2891307,-40,7,40
1739723103.3351307,48,57,-177
1739723103.3811307,-78,-23,102
1739723103.4261308,42,-2,-5
1739723103.4721308,44,-13,-106
1739723103.5181308,50,-19,-23
1739723103.5631306,26,-79,30
1739723103.6091306,69,5,-69
1739723103.6551306,-1,17,-216
1739723103.7011306,1,10,-54
1739723103.7461307,-38,15,-88
1739723103.7921307,97,130,-93
1739723103.8381307,-4,47,-56
1739723103.8831308,34,24,-106
1739723103.9291308,-11,16,79
1739723103.9751308,35,38,-1
1739723104.0211308,-35,29,-126
1739723104.0661306,-46,-11,-42
1739723104.1121306,65,21,-65
1739723104.1581306,-45,35,-136
1739723104.2031307,-6,-37,-78
1739723104.2491307,-4,55,-54
1739723104.2951307,-23,28,-52
1739723104.3411307,-15,-18,-52
1739723104.3861306,-43,2,73
1739723104.4321306,-68,-18,-37
1739723104.4781306,23,-78,-14
1739723104.523131,-28,24,-3
1739723104.5751307,66,31,-64
1739723104.6211307,-48,-35,-63
1739723104.6661308,25,-25,26
1739723104.7121308,-109,19,-135
1739723104.7581308,61,-27,-44
1739723104.8031306,69,-88,-2
1739723104.8491306,117,-18,-176
1739723104.8951306,66,46,54
1739723104.9411306,-1,57,-51
1739723104.9861307,-36,26,-41
1739723105.0321307,-28,-25,5
1739723105.0781307,-42,83,-11
1739723105.1231308,-31,13,21
1739723105.1691308,-20,-10,23
1739723105.2151306,-152,-21,15
1739723105.2611306,-30,-18,11
1739723105.3061306,-28,0,19
1739723105.352131,-21,-41,37
1739723105.398131,-6,-9,145
1739723105.4431307,-19,92,-136
1739723105.4891307,24,-24,-54
1739723105.5351307,7,96,-72
1739723105.5811307,-6,-30,-17
1739723105.6261306,4,101,-10
1739723105.6721306,31,62,-134
1739723105.7181306,15,-62,-76
1739723105.763131,37,51,36
1739723105.809131,-55,-54,37
1739723105.855131,27,0,-94
1739723105.901131,-24,2,-51
1739723105.9461308,-7,-21,-1
1739723105.9921308,0,-7,-17
1739723106.0381308,-91,3,-75
1739723106.0831306,113,-45,62
1739723106.1291306,59,-5,-14
1739723106.1751306,20,-38,20
1739723106.2211306,12,49,40
1739723106.2661307,-9,13,-71
1739723106.3121307,0,-2,-72
1739723106.3581307,8,-29,-174
1739723106.4031308,0,1,14
1739723106.4491308,-34,-25,-41
1739723106.4951308,-41,8,85
1739723106.5411308,-11,2,-97
1739723106.5861306,-38,27,-155
1739723106.6321306,-39,33,-51
1739723106.6781306,51,14,50
1739723106.7231307,43,-56,-78
1739723106.7691307,-14,-36,-31
1739723106.8141308,-40,33,97
1739723106.8591306,-63,-37,-31
1739723106.9051306,-6,-26,-67
1739723106.9511306,89,-23,-174
1739723106.9971306,-55,-25,25
1739723107.0421307,-50,48,-168
1739723107.0881307,-10,70,0
1739723107.1341307,24,2,-37
1739723107.1791308,-33,-57,-55
1739723107.2251308,54,-42,11
1739723107.2711308,-7,24,48
1739723107.3171306,-24,67,16
1739723107.3621306,20,-9,-51
1739723107.4081306,-20,12,-111
1739723107.4541306,5,-1,-129
1739723107.4991307,42,51,-68
1739723107.5451307,-25,-9,-14
1739723107.5911307,63,-56,33
1739723107.6371307,31,-5,48
1739723107.6821306,43,18,-123
1739723107.7281306,-21,-37,-31
1739723107.7741306,-35,20,16
1739723107.819131,0,55,-40
1739723107.865131,48,42,36
1739723107.911131,-29,-70,57
1739723107.957131,20,83,24
1739723108.0021307,-14,-24,80
1739723108.0481308,66,-32,-91
1739723108.0941308,35,-43,1
1739723108.1391306,-21,54,12
1739723108.1851306,-4,-20,-17
1739723108.2311306,-28,-56,-41
1739723108.276131,38,-2,-17
1739723108.322131,-75,-22,-42
1739723108.3681307,-24,5,-131
1739723108.4141307,-18,30,42
1739723108.4591308,-45,-76,-65
1739723108.5051308,-11,35,42
1739723108.5511308,57,-36,-103
1739723108.5961306,86,-24,-63
1739723108.6421306,-35,-9,-169
1739723108.6881306,19,57,-48
1739723108.7341306,25,41,-50
1739723108.7791307,-84,-33,10
1739723108.8251307,-25,38,-88
1739723108.8711307,-9,18,-38
1739723108.9161308,11,-5,-151
1739723108.9621308,36,-38,-11
1739723109.0081308,48,-2,-21
1739723109.0541308,-86,-42,-31
1739723109.0991306,-112,-49,-117
1739723109.1451306,-35,-25,63
1739723109.1911306,-88,-5,62
1739723109.2361307,31,19,15
1739723109.2821307,-49,39,-66
1739723109.3281307,-14,42,64
1739723109.3741307,-52,52,-64
1739723109.4191308,93,13,-73
1739723109.4651306,-72,28,-68
1739723109.5111306,-33,21,-189
1739723109.5561306,-50,-63,77
1739723109.602131,22,62,-164
1739723109.648131,3,75,-10
1739723109.694131,-65,-74,-115
1739723109.7391307,-24,13,20
1739723109.7851307,71,-27,47
1739723109.8311307,-123,29,102
1739723109.8761306,31,-40,-85
1739723109.9221306,-13,17,0
1739723109.9681306,23,-20,-85
1739723110.0141306,16,-45,-129
1739723110.059131,22,79,-56
1739723110.105131,-49,56,-24
1739723110.151131,26,-19,73
1739723110.1961308,35,-7,-3
1739723110.2421308,45,-44,9
1739723110.2881308,-25,-7,-59
1739723110.3341308,23,15,-23
1739723110.3791306,-43,38,-24
1739723110.4251306,43,-51,9
1739723110.4711306,-27,-9,-159
1739723110.5161307,-51,-5,-72
1739723110.5621307,-66,80,110
1739723110.6081307,-36,43,-180
1739723110.6541307,-57,-4,-32
1739723110.6991308,-7,-44,-5
1739723110.7451308,34,-35,-119
1739723110.7911308,-46,-47,-65
1739723110.8361306,10,-60,15
1739723110.8821306,-47,-49,-107
1739723110.9281306,25,41,-82
1739723110.9741306,47,-44,15
1739723111.0191307,17,-85,0
1739723111.0651307,17,-41,31
1739723111.1111307,-74,-25,5
1739723111.1561308,-43,28,28
1739723111.2021308,-24,-5,25
1739723111.2481308,14,19,-88
1739723111.2941308,3,38,-31
1739723111.3391306,0,-44,-104
1739723111.3851306,54,6,-52
1739723111.4311306,59,-106,-46
1739723111.4761307,-7,-1,33
1739723111.5221307,-50,-20,-38
1739723111.5681307,120,-100,18
1739723111.6141307,-2,10,-45
1739723111.6591306,-3,-2,-62
1739723111.7051306,6,29,-41
1739723111.7511306,-55,-15,8
1739723111.796131,27,-21,-134
1739723111.842131,-58,-45,-38
1739723111.888131,30,-38,-10
1739723111.934131,-59,6,-123
1739723111.9791307,63,55,-29
1739723112.0251307,5,47,-7
1739723112.0711308,18,8,-66
1739723112.1161306,-34,-40,10
1739723112.1621306,-44,-27,58
1739723112.2081306,-21,-74,2
1739723112.2541306,-40,-55,4
1739723112.299131,10,-52,-70
1739723112.3451307,51,19,29
1739723112.3911307,-4,64,-63
1739723112.4361308,108,26,73
1739723112.4821308,41,66,-153
1739723112.5281308,56,42,-5
1739723112.5741308,-15,-11,-106
1739723112.6191306,21,-5,-38
1739723112.6651306,-9,-20,-96
1739723112.7111306,17,-3,-60
1739723112.7561307,22,19,-101
1739723112.8021307,4,-8,-44
1739723112.8481307,22,83,-57
1739723112.8941307,-39,-6,-208
1739723112.9391308,57,-28,-22
1739723112.9851308,-20,14,-69
1739723113.0311308,18,0,-68
1739723113.0761306,-28,-2,-80
1739723113.1221306,-7,-11,-194
1739723113.1681306,-13,54,-43
1739723113.2141306,40,-28,-12
1739723113.2591307,-38,-101,-10
1739723113.3051307,0,0,-16
1739723113.3511307,-34,-58,-90
1739723113.3961308,-14,-32,-170
1739723113.4421306,48,13,-19
1739723113.4881306,4,25,-27
1739723113.5341306,1,-28,-136
1739723113.5791306,-36,14,71
1739723113.625131,-32,-57,-14
1739723113.671131,-37,61,-71
1739723113.7161307,-12,-16,-53
1739723113.7621307,-1,-6,-144
1739723113.8081307,-4,19,97
1739723113.8541307,-70,10,1
1739723113.8991306,-36,-91,-20
1739723113.9451306,112,17,-84
1739723113.9911306,-45,9,-49
1739723114.036131,13,17,-98
1739723114.082131,-19,-2,-65
1739723114.128131,-71,38,-39
1739723114.174131,45,14,-46
1739723114.2191308,28,79,-68
1739723114.2651308,5,47,-41
1739723114.3111308,1,30,-22
1739723114.3561306,10,20,110
1739723114.4021306,-57,-22,-85
1739723114.4481306,20,19,-69
1739723114.4941306,29,-100,5
1739723114.5391307,17,26,-105
1739723114.5911307,57,34,5
1739723114.6361306,-32,-36,32
1739723114.6821306,110,26,-115
1739723114.7281306,-19,25,32
1739723114.7741306,-33,-9,-53
1739723114.819131,38,-38,-23
1739723114.865131,-52,46,-175
1739723114.911131,34,-29,-61
1739723114.9561307,-35,-34,-17
1739723115.0021307,-65,22,36
1739723115.0481308,-55,-21,-58
1739723115.0941308,-42,-30,80
1739723115.1391306,13,42,-89
1739723115.1851306,9,22,-22
1739723115.2311306,-7,-9,-151
1739723115.276131,3,40,-28
1739723115.322131,-24,-55,-47
1739723115.3681307,54,8,15
1739723115.4141307,-83,-15,102
1739723115.4591308,-19,66,-51
1739723115.5051308,-16,-11,10
1739723115.5511308,-18,34,-1
1739723115.5961306,6,47,-115
1739723115.6421306,-35,44,-63
1739723115.6881306,-64,31,-13
1739723115.7341306,-64,-67,-63
1739723115.7791307,-27,36,-61
1739723115.8251307,-52,-19,2
1739723115.8711307,-27,-46,-19
1739723115.9161308,12,7,-55
1739723115.9621308,44,22,50
1739723116.0081308,94,-15,-31
1739723116.0541308,31,52,-93
1739723116.0991306,-16,46,20
1739723116.1451306,67,9,53
1739723116.1911306,-46,37,-64
1739723116.2361307,48,-44,37
1739723116.2821307,-2,-51,46
1739723116.3281307,52,29,17
1739723116.3741307,-35,51,-97
1739723116.4191308,72,-12,-37
1739723116.4651306,-33,-65,-30
1739723116.5111306,7,-41,-91
1739723116.5561306,-43,-30,-42
1739723116.602131,35,-11,-101
1739723116.648131,-64,51,-88
1739723116.694131,-16,-7,-193
1739723116.7391307,30,-4,-97
1739723116.7851307,-15,-40,-73
1739723116.8311307,36,49,-85
1739723116.8761306,-49,6,0
1739723116.9221306,42,-18,-87
1739723116.9681306,54,-76,-65
1739723117.0141306,-15,40,82
1739723117.059131,44,6,-77
1739723117.105131,-53,24,40
1739723117.151131,-55,3,-18
1739723117.1961308,9,-42,-174
1739723117.2421308,-20,18,-47
1739723117.2881308,21,36,6
1739723117.3341308,25,43,0
1739723117.3791306,-99,-42,-13
1739723117.4251306,-77,-53,105
1739723117.4711306,-44,63,3
1739723117.5161307,-13,-30,-128
1739723117.5621307,36,47,62
1739723117.6081307,-16,-44,-142
1739723117.6541307,-73,45,-71
1739723117.6991308,78,-33,46
1739723117.7451308,61,35,14
1739723117.7911308,-25,-19,85
1739723117.8361306,-46,14,-11
1739723117.8821306,-110,21,-109
1739723117.9281306,-12,21,135
1739723117.9741306,15,23,-88
1739723118.0191307,13,-30,-50
1739723118.0651307,-18,20,-149
1739723118.1111307,-25,0,-11
1739723118.1561308,89,-47,-4
1739723118.2021308,55,71,-77
1739723118.2481308,68,-16,-88
1739723118.2931306,-44,8,-103
1739723118.3391306,53,28,28
1739723118.3851306,-2,123,23
1739723118.4311306,-18,53,-48
1739723118.4761307,-28,18,-73
1739723118.5221307,50,5,37
1739723118.5681307,-19,23,-64
1739723118.6131306,-82,23,-102
1739723118.6591306,12,-2,-84
1739723118.7051306,7,-33,-91
1739723118.7511306,12,-2,-76
1739723118.796131,12,-14,-20
1739723118.842131,-11,74,-110
1739723118.888131,-46,28,-36
1739723118.9331307,48,-6,36
1739723118.9791307,-80,-85,19
1739723119.0251307,21,-26,-98
1739723119.0711308,-6,9,15
1739723119.1161306,-54,14,113
1739723119.1621306,13,-16,-58
1739723119.2081306,-23,-3,-13
1739723119.253131,-6,-30,0
1739723119.299131,-53,16,10
1739723119.3451307,-15,48,-58
1739723119.3911307,23,101,-62
1739723119.4361308,-1,-45,-42
1739723119.4821308,-31,-10,-67
1739723119.5281308,22,-30,-70
1739723119.5731306,17,-7,-2
1739723119.6191306,-9,14,-48
1739723119.6651306,40,-77,-68
1739723119.7111306,11,19,32
1739723119.7561307,-114,-53,53
1739723119.8021307,-41,-12,-119
1739723119.8481307,-2,-41,-53
1739723119.8931308,38,75,8
1739723119.9391308,43,14,-200
1739723119.9851308,-38,-43,-57
1739723120.0311308,-58,13,1
1739723120.0761306,3,-24,-46
1739723120.1221306,4,66,-62
1739723120.1681306,109,71,76
1739723120.2131307,-14,19,-100
1739723120.2591307,8,6,51
1739723120.3051307,12,85,-74
1739723120.3511307,-16,0,-157
1739723120.3961308,-55,28,-90
1739723120.4421306,26,41,-9
1739723120.4881306,95,-24,-63
1739723120.5331306,2,-120,-21
1739723120.5791306,-68,14,14
1739723120.625131,64,-62,9
1739723120.671131,20,13,3
1739723120.7161307,51,51,53
1739723120.7621307,-77,37,-2
1739723120.8081307,-32,19,-136
1739723120.8531306,-5,19,-14
1739723120.8991306,0,55,-29
1739723120.9451306,14,-49,7
1739723120.9911306,117,6,-23
1739723121.036131,9,20,-19
1739723121.082131,-78,14,2
1739723121.128131,42,0,-63
1739723121.1731308,-31,23,67
1739723121.2191308,19,-46,-148
1739723121.2651308,-37,41,-104
1739723121.3111308,1,61,-33
1739723121.3561306,79,-23,-107
1739723121.4021306,19,-56,57
1739723121.4481306,-13,21,-6
1739723121.4931307,-38,-4,-141
1739723121.5391307,-61,56,-145
1739723121.5851307,32,13,-37
1739723121.6311307,-74,22,60
1739723121.6761308,-14,36,-73
1739723121.7221308,-24,73,-30
1739723121.7681308,-37,76,-33
1739723121.8131306,66,-34,48
1739723121.8591306,-51,19,-91
1739723121.9051306,5,-45,42
1739723121.9511306,51,15,59
1739723121.9961307,-6,-24,3
1739723122.0421307,-87,-20,-104
1739723122.0881307,39,36,-67
1739723122.1331308,68,21,-41
1739723122.1791308,40,-18,-87
1739723122.2251308,43,-7,-83
1739723122.2711308,-16,-15,-40
1739723122.3161306,30,-36,-46
1739723122.3621306,-28,-11,37
1739723122.4081306,-30,-41,3
1739723122.4531307,-20,-6,123
1739723122.4991307,6,31,-4
1739723122.5451307,-21,-35,-22
1739723122.5911307,56,11,40
1739723122.6361306,-38,41,-65
1739723122.6821306,36,63,141
1739723122.7281306,92,1,36
1739723122.773131,-26,24,-97
1739723122.819131,-24,58,-68
1739723122.865131,0,-50,-149
1739723122.911131,-16,22,-82
1739723122.9561307,-23,-61,-85
1739723123.0021307,4,-6,-33
1739723123.0481308,-73,5,-110
1739723123.0931306,-11,-76,-223
1739723123.1391306,18,96,-2
1739723123.1851306,-37,28,-114
1739723123.2311306,0,2,40
1739723123.276131,37,-36,47
1739723123.322131,-26,-29,-111
1739723123.3681307,-47,76,-130
1739723123.4131308,43,-16,-91
1739723123.4591308,24,25,104
1739723123.5051308,7,35,-53
1739723123.5511308,-22,-20,-119
1739723123.5961306,88,-9,-35
1739723123.6421306,-49,-43,50
1739723123.6881306,-10,29,-141
1739723123.7331307,39,-32,-39
1739723123.7791307,-15,-26,-139
1739723123.8251307,-29,20,-32
1739723123.8711307,-36,-33,56
1739723123.9161308,2,24,40
1739723123.9621308,21,-2,84
1739723124.0081308,-29,-8,60
1739723124.0531306,-34,77,-104
1739723124.0991306,-20,59,-86
1739723124.1451306,-7,54,82
1739723124.1911306,-19,10,-34
1739723124.2361307,-102,76,-66
1739723124.2821307,7,-37,-33
1739723124.3281307,-15,-1,-77
1739723124.3731308,-72,9,-125
1739723124.4191308,14,-24,-145
1739723124.4651306,8,71,8
1739723124.5111306,-54,18,10
1739723124.5561306,-9,-43,-13
1739723124.6081307,-50,-55,-95
1739723124.6531308,36,-37,-95
1739723124.6991308,-27,-44,-5
1739723124.7451308,-4,-82,17
1739723124.7911308,35,-13,-67
1739723124.8361306,-59,21,-215
1739723124.8821306,43,10,-27
1739723124.9281306,-37,20,-8
1739723124.9731307,-18,-41,-91
1739723125.0191307,63,-62,-13
1739723125.0651307,-41,-34,-129
1739723125.1111307,40,35,48
1739723125.1561308,32,-22,-85
1739723125.2021308,16,-29,-41
1739723125.2481308,21,-9,130
1739723125.2931306,-13,3,154
1739723125.3391306,-43,-3,-62
1739723125.3851306,-65,-27,-32
1739723125.4311306,2,-30,-5
1739723125.4761307,-134,4,-40
1739723125.5221307,-65,100,-55
1739723125.5681307,-94,35,-153
1739723125.6131306,-97,-24,42
1739723125.6591306,19,1,-35
1739723125.7051306,-29,33,72
1739723125.7511306,20,13,-91
1739723125.796131,50,0,17
1739723125.842131,1,81,-101
1739723125.888131,-4,-10,-33
1739723125.9331307,-39,-22,-108
1739723125.9791307,-17,2,-26
1739723126.0251307,-16,7,-69
1739723126.0711308,26,-21,-25
1739723126.1161306,-80,8,-88
1739723126.1621306,-38,-2,-89
1739723126.2081306,-20,96,-98
1739723126.253131,37,47,-4
1739723126.299131,-10,67,-14
1739723126.3451307,64,40,-37
1739723126.3911307,3,-28,-9
1739723126.4361308,2,32,8
1739723126.4821308,43,57,-109
1739723126.5281308,-75,16,-82
1739723126.5731306,54,-2,9
1739723126.6191306,-14,11,-65
1739723126.6651306,-53,-5,-103
1739723126.7111306,21,-48,-145
1739723126.7561307,28,9,114
1739723126.8021307,3,7,-63
1739723126.8481307,15,136,-34
1739723126.8931308,49,-53,-127
1739723126.9391308,59,0,-21
1739723126.9851308,-22,5,-36
1739723127.0311308,-84,-6,94
1739723127.0761306,-16,11,100
1739723127.1221306,-16,-15,74
1739723127.1681306,57,-52,29
1739723127.2131307,66,3,-35
1739723127.2591307,-2,-31,-129
1739723127.3051307,0,0,-65
1739723127.3511307,76,31,-161
1739723127.3961308,66,11,-57
1739723127.4421306,37,96,46
1739723127.4881306,-87,-18,-32
1739723127.5331306,-33,56,-24
1739723127.5791306,-2,4,64
1739723127.625131,50,25,38
1739723127.671131,-34,44,-117
1739723127.7161307,-35,57,-137
1739723127.7621307,-63,30,-59
1739723127.8081307,61,53,-68
1739723127.8531306,48,-38,-37
1739723127.8991306,-25,59,24
1739723127.9451306,-42,8,-27
1739723127.990131,-7,-24,50
1739723128.036131,46,44,-31
1739723128.082131,13,5,-127
1739723128.128131,-13,-88,29
1739723128.1731308,24,17,-111
1739723128.2191308,-75,9,-92
1739723128.2651308,29,42,-159
1739723128.3101306,-55,-4,-42
1739723128.3561306,85,-8,-103
1739723128.4021306,67,-6,-55
1739723128.4481306,-50,29,-18
1739723128.4931307,-4,42,-83
1739723128.5391307,11,-17,-121
1739723128.5851307,0,-25,-143
1739723128.6301308,-36,53,58
1739723128.6761308,-31,-18,-96
1739723128.7221308,29,38,11
1739723128.7681308,1,40,-58
1739723128.8131306,23,-51,-33
1739723128.8591306,-75,-72,14
1739723128.9051306,-56,5,26
1739723128.9501307,5,99,-45
1739723128.9961307,-29,59,20
1739723129.0421307,10,-32,23
1739723129.0881307,27,-1,-117
1739723129.1331308,5,-26,11
1739723129.1791308,29,-19,-115
1739723129.2251308,55,53,57
1739723129.2701306,1,-54,0
1739723129.3161306,-32,66,6
1739723129.3621306,-46,30,36
1739723129.4081306,-26,36,-87
1739723129.4531307,-18,36,-12
1739723129.4991307,-23,-14,-131
1739723129.5451307,-71,-42,2
1739723129.5901306,-27,22,-32
1739723129.6361306,29,26,9
1739723129.6821306,-2,51,-91
1739723129.7281306,-87,75,20
1739723129.773131,-43,8,-74
1739723129.819131,50,39,-5
1739723129.865131,1,-15,0
1739723129.9101307,33,-3,-21
1739723129.9561307,10,48,-7
1739723130.0021307,15,-37,-115
1739723130.0481308,96,68,-47
1739723130.0931306,-78,8,-12
1739723130.1391306,-2,0,-147
1739723130.1851306,55,16,-31
1739723130.230131,-62,6,16
1739723130.276131,24,-6,-83
1739723130.322131,42,10,-15
1739723130.3681307,-22,54,-106
1739723130.4131308,-25,-38,-109
1739723130.4591308,60,29,-43
1739723130.5051308,47,-30,-63
1739723130.5501306,-1,47,-15
1739723130.5961306,40,-5,9
1739723130.6421306,-64,14,-75
1739723130.6881306,-84,-55,12
1739723130.7331307,12,-38,-46
1739723130.7791307,23,-10,85
1739723130.8251307,-26,55,-23
1739723130.8701308,-65,20,-78
1739723130.9161308,-146,43,-54
1739723130.9621308,29,54,-21
1739723131.0081308,56,7,45
1739723131.0531306,45,-15,11
1739723131.0991306,16,-4,33
1739723131.1451306,-2,-18,-123
1739723131.1901307,-53,-44,28
1739723131.2361307,-38,16,-93
1739723131.2821307,-5,-77,16
1739723131.3281307,-32,4,37
1739723131.3731308,50,-3,-38
1739723131.4191308,-41,6,9
1739723131.4651306,4,27,-12
1739723131.5101306,-4,-6,31
1739723131.5561306,-8,-1,3
1739723131.602131,26,41,-68
1739723131.648131,2,-30,-102
1739723131.6931307,-4,89,-74
1739723131.7391307,-45,18,49
1739723131.7851307,82,-27,-122
1739723131.8301306,10,-77,-104
1739723131.8761306,-25,-67,85
1739723131.9221306,36,-4,-12
1739723131.9681306,21,-46,-54
1739723132.013131,95,9,-44
1739723132.059131,-35,-38,29
1739723132.105131,-9,-31,-87
1739723132.1501307,0,57,-38
1739723132.1961308,-51,-55,-21
1739723132.2421308,14,-20,21
1739723132.2881308,-24,54,-3
1739723132.3331306,36,20,-14
1739723132.3791306,-46,74,-3
1739723132.4251306,-42,-18,55
1739723132.4701307,-15,5,1
1739723132.5161307,-16,28,-9
1739723132.5621307,-69,8,-5
1739723132.6081307,37,-9,-80
1739723132.6531308,-3,-6,63
1739723132.6991308,-34,-5,-21
1739723132.7451308,-39,62,-129
1739723132.7901306,11,-44,-54
1739723132.8361306,15,37,-14
1739723132.8821306,-1,-8,-58
1739723132.9261308,-80,10,-225
1739723132.9721308,-89,38,-153
1739723133.0181308,4,11,35
1739723133.0641308,30,-11,-36
1739723133.1091306,62,-31,-112
1739723133.1551306,17,41,69
1739723133.2011306,-110,-15,-70
1739723133.2461307,28,18,20
1739723133.2921307,3,7,-25
1739723133.3381307,22,17,-107
1739723133.3841307,-55,29,-36
1739723133.4291308,24,-48,-20
1739723133.4751308,-60,27,-44
1739723133.5211308,3,-94,60
1739723133.5661306,26,-9,63
1739723133.6121306,10,28,10
1739723133.6581306,10,21,4
1739723133.7041306,-41,-23,-87
1739723133.7491307,-31,30,-95
1739723133.7951307,-28,-40,-5
1739723133.8411307,-51,-31,53
1739723133.8861306,-2,8,26
1739723133.9321306,59,19,-59
1739723133.9781306,-49,-53,-97
1739723134.0241306,-25,-7,-133
1739723134.069131,-49,29,-65
1739723134.115131,-89,73,-8
1739723134.161131,-82,-23,-153
1739723134.2061307,57,17,-115
1739723134.2521307,-15,-71,-91
1739723134.2981308,20,-19,9
1739723134.3441308,-17,-85,-43
1739723134.3891306,-13,15,-55
1739723134.4351306,23,15,-95
1739723134.4811306,54,-13,10
1739723134.526131,-13,54,-54
1739723134.572131,51,19,-71
1739723134.6241307,54,-94,6
1739723134.6691308,-31,23,-37
1739723134.7151306,27,49,-155
1739723134.7611306,73,33,50
1739723134.8061306,32,-48,38
1739723134.852131,70,86,-7
1739723134.898131,-11,39,20
1739723134.944131,-82,24,-103
1739723134.9891307,-63,40,-100
1739723135.0351307,-40,80,-177
1739723135.0811307,29,22,-27
1739723135.1261306,78,-59,-79
1739723135.1721306,43,12,70
1739723135.2181306,59,-7,-91
1739723135.2641306,-28,53,-108
1739723135.309131,1,-40,-185
1739723135.355131,28,9,-113
1739723135.401131,16,16,-65
1739723135.4461308,-24,-42,-41
1739723135.4921308,-8,22,0
1739723135.5381308,-38,-2,4
1739723135.5841308,76,-6,9
1739723135.6291306,41,13,1
1739723135.6751306,-50,25,50
1739723135.7211306,-103,62,-106
1739723135.7661307,66,-52,3
1739723135.8121307,16,37,-85
1739723135.8581307,-5,-81,-3
1739723135.9041307,-62,28,-69
1739723135.9491308,34,35,122
1739723135.9951308,26,-21,-43
1739723136.0411308,64,-50,-141
1739723136.0861306,0,-71,-111
1739723136.1321306,-4,10,-159
1739723136.1781306,21,20,-38
1739723136.2241306,-25,18,62
1739723136.2691307,53,30,-34
1739723136.3151307,7,38,-86
1739723136.3611307,38,17,-32
1739723136.4061308,-17,16,-42
1739723136.4521308,-4,-30,-55
1739723136.4981308,-57,33,-93
1739723136.5441308,-46,5,96
1739723136.5891306,55,45,134
1739723136.6351306,28,35,-79
1739723136.6811306,-15,6,29
1739723136.7281306,12,26,41
1739723136.773131,-88,-42,2
1739723136.819131,-53,11,-50
1739723136.865131,25,84,-10
1739723136.9101307,-9,6,-10
1739723136.9561307,16,-17,21
1739723137.0021307,-61,12,-12
1739723137.0481308,30,-38,-35
1739723137.0931306,-9,18,-66
1739723137.1391306,-35,11,-107
1739723137.1851306,-4,13,-121
1739723137.230131,69,54,-127
1739723137.276131,10,-101,-54
1739723137.322131,46,22,-74
1739723137.3681307,-8,20,-67
1739723137.4131308,10,9,-42
1739723137.4591308,24,-53,20
1739723137.5051308,-29,-74,122
1739723137.5501306,-16,2,11
1739723137.5961306,13,62,-95
1739723137.6421306,-20,-39,32
1739723137.6881306,-45,59,-85
1739723137.7331307,21,-15,-16
1739723137.7791307,-65,-45,-27
1739723137.8251307,77,-47,-96
1739723137.8701308,38,83,-130
1739723137.9161308,-7,-13,-58
1739723137.9621308,-17,-56,-54
1739723138.0081308,4,-36,-16
1739723138.0531306,26,-1,-90
1739723138.0991306,-13,-2,-21
1739723138.1451306,0,3,0
1739723138.1901307,-3,-14,-120
1739723138.2361307,33,2,-106
1739723138.2821307,-56,0,-99
1739723138.3271308,18,10,-114
1739723138.3731308,-4,19,-25
1739723138.4191308,44,-39,-42
1739723138.4651306,87,-19,-24
1739723138.5101306,-15,-36,-102
1739723138.5561306,-10,-45,-126
1739723138.602131,-8,3,-152
1739723138.6471307,71,14,4
1739723138.6931307,0,57,0
1739723138.7391307,13,-75,0
1739723138.7851307,41,58,-144
1739723138.8301306,-25,-40,39
1739723138.8761306,19,20,-2
1739723138.9221306,-89,38,-69
1739723138.967131,14,6,-62
1739723139.013131,-28,-89,1
1739723139.059131,55,71,-98
1739723139.105131,-15,-25,-74
1739723139.1501307,5,-6,-118
1739723139.1961308,0,90,-20
1739723139.2421308,0,-22,49
1739723139.2871306,29,-31,-44
1739723139.3331306,-24,29,-14
1739723139.3791306,54,32,-80
1739723139.4251306,-57,41,19
1739723139.4701307,-90,-13,-34
1739723139.5161307,36,-30,-51
1739723139.5621307,-22,47,5
1739723139.6071308,-67,-36,-62
1739723139.6531308,-113,23,1
1739723139.6991308,-20,-100,-114
1739723139.7451308,17,-33,42
1739723139.7901306,-15,48,-190
1739723139.8361306,65,53,-158
1739723139.8821306,-29,-43,22
1739723139.9271307,7,24,-110
1739723139.9731307,-48,45,131
1739723140.0191307,-37,-62,-36
1739723140.0651307,-1,47,1
1739723140.1101308,46,40,78
1739723140.1561308,-19,28,-147
1739723140.2021308,47,18,-4
1739723140.2471306,-23,-81,-152
1739723140.2931306,-24,42,-19
1739723140.3391306,7,4,-155
1739723140.3851306,-17,-46,-89
1739723140.4301307,-33,-24,-3
1739723140.4761307,-20,-4,-102
1739723140.5221307,-44,-3,-52
1739723140.5671306,12,46,-120
1739723140.6131306,-22,13,-76
1739723140.6591306,15,47,-49
1739723140.7051306,-24,-46,-22
1739723140.750131,3,-26,80
1739723140.796131,-128,-5,30
1739723140.842131,3,-7,82
1739723140.8871307,5,25,-59
1739723140.9331307,-25,67,74
1739723140.9791307,13,-8,0
1739723141.0251307,-73,-3,-90
1739723141.0701306,-42,9,-40
1739723141.1161306,26,-68,-59
1739723141.1621306,-46,-41,-12
1739723141.207131,-92,71,-56
1739723141.253131,-35,63,-16
1739723141.299131,39,36,-1
1739723141.3451307,15,27,-81
1739723141.3901308,107,-35,-51
1739723141.4361308,5,-35,-61
1739723141.4821308,-34,-81,-90
1739723141.5271306,-67,-61,-18
1739723141.5731306,25,29,11
1739723141.6191306,54,12,-41
1739723141.6651306,-4,-26,-36
1739723141.7101307,-27,22,-12
1739723141.7561307,-38,49,-82
1739723141.8021307,-16,-30,8
1739723141.8471308,72,-17,-45
1739723141.8931308,-30,27,-48
1739723141.9391308,61,23,-37
1739723141.9851308,24,2,-1
1739723142.0301306,-32,9,-133
1739723142.0761306,20,-11,-61
1739723142.1221306,3,-24,0
1739723142.1671307,-29,-4,-36
1739723142.2131307,-50,31,-102
1739723142.2591307,-15,23,-75
1739723142.3051307,31,52,-189
1739723142.3501308,5,21,-83
1739723142.3961308,47,79,-13
1739723142.4421306,-48,57,0
1739723142.4871306,-29,24,-54
1739723142.5331306,-7,38,19
1739723142.5791306,-21,-33,32
1739723142.625131,-42,31,-40
1739723142.6701307,-58,-43,68
1739723142.7161307,-19,59,-51
1739723142.7621307,46,1,-31
1739723142.8071306,-17,22,-10
1739723142.8531306,-32,48,-62
1739723142.8991306,-49,-12,-22
1739723142.9451306,15,-1,41
1739723142.990131,-3,-37,-81
1739723143.036131,-12,55,-26
1739723143.082131,-87,66,-10
1739723143.1271307,-10,43,36
1739723143.1731308,36,2,-39
1739723143.2191308,33,25,59
1739723143.2651308,35,-27,-39
1739723143.3101306,-1,-10,-45
1739723143.3561306,43,-16,-169
1739723143.4021306,-72,-56,-16
1739723143.447131,15,13,-56
1739723143.4931307,5,25,31
1739723143.5391307,2,42,83
1739723143.5851307,68,-22,-70
1739723143.6301308,80,23,0
1739723143.6761308,-57,-12,57
1739723143.7221308,20,19,-1
1739723143.7671306,35,49,-134
1739723143.8131306,4,54,-109
1739723143.8591306,-60,37,-25
1739723143.9051306,2,-36,-146
1739723143.9501307,-22,33,57
1739723143.9961307,40,-38,-46
1739723144.0421307,-10,-15,41
1739723144.0871308,25,-5,-84
1739723144.1331308,24,72,-15
1739723144.1791308,-2,-8,0
1739723144.2251308,19,42,-19
1739723144.2701306,3,-22,-52
1739723144.3161306,-12,-16,55
1739723144.3621306,57,65,38
1739723144.4071307,-71,-48,-26
1739723144.4531307,36,-37,-20
1739723144.4991307,-8,28,33
1739723144.5451307,-62,17,-91
1739723144.5901306,77,-42,-66
1739723144.6421306,17,-10,32
1739723144.6871307,16,-17,-62
1739723144.7331307,-17,14,-11
1739723144.7791307,-11,-49,-36
1739723144.8251307,26,10,-140
1739723144.8701308,-22,88,-27
1739723144.9161308,-18,-5,-84
1739723144.9621308,-15,46,59
1739723145.0071306,-70,-36,-109
1739723145.0531306,50,9,-46
1739723145.0991306,-50,-118,-81
1739723145.1451306,-79,-79,-61
1739723145.1901307,-24,93,-95
1739723145.2361307,-4,107,5
1739723145.2821307,28,-52,10
1739723145.3271308,-10,18,21
1739723145.3731308,-4,4,-13
1739723145.4191308,-33,-5,-47
1739723145.4651306,-18,-62,-120
1739723145.5101306,44,0,-80
1739723145.5561306,27,18,34
1739723145.602131,-41,-47,13
1739723145.6471307,-83,-54,29
1739723145.6931307,-10,-43,-22
1739723145.7391307,10,-34,-114
1739723145.7851307,-38,115,4
1739723145.8301306,82,-1,45
1739723145.8761306,28,-58,16
1739723145.9221306,-32,-36,-32
1739723145.967131,-53,-13,26
1739723146.013131,57,38,-3
1739723146.059131,-27,-37,0
1739723146.105131,95,34,-69
1739723146.1501307,58,95,-151
1739723146.1961308,-3,-35,53
1739723146.2421308,47,18,-39
1739723146.2871306,-56,0,30
1739723146.3331306,-22,-51,-81
1739723146.3791306,1,-38,-125
1739723146.4251306,97,50,155
1739723146.4701307,40,-8,-21
1739723146.5161307,-26,2,-72
1739723146.5621307,-46,12,-116
1739723146.6071308,35,14,49
1739723146.6531308,-36,42,-72
1739723146.6991308,-58,-72,-143
1739723146.7451308,6,49,-103
1739723146.7901306,41,-10,-99
1739723146.8361306,-4,17,-71
1739723146.8821306,61,51,25
1739723146.9271307,-21,-31,-46
1739723146.9731307,-4,27,-75
1739723147.0191307,0,-13,-43
1739723147.0651307,76,-10,11
1739723147.1101308,-46,59,-62
1739723147.1561308,-83,73,4
1739723147.2021308,95,-11,-21
1739723147.2471306,0,-74,-123
1739723147.2931306,33,31,-79
1739723147.3391306,108,45,-35
1739723147.3851306,65,34,-25
1739723147.4301307,-4,19,-38
1739723147.4761307,-40,-12,-147
1739723147.5221307,32,33,23
1739723147.5671306,73,-39,-3
1739723147.6131306,-12,-43,-49
1739723147.6591306,-32,-12,34
1739723147.7041306,8,-25,-7
1739723147.750131,0,-44,17
1739723147.796131,33,4,-9
1739723147.842131,-20,27,-93
1739723147.8871307,38,-34,-129
1739723147.9331307,-19,-23,-46
1739723147.9791307,-59,0,-12
1739723148.0251307,47,-66,-11
1739723148.0701306,65,-31,41
1739723148.1161306,-64,-31,-58
1739723148.1621306,31,15,-141
1739723148.207131,24,2,-43
1739723148.253131,-76,-66,-128
1739723148.299131,44,29,-135
1739723148.3441308,39,-28,7
1739723148.3891306,57,24,-99
1739723148.4351306,37,-11,-93
1739723148.480131,-10,72,-20
1739723148.526131,-8,79,-59
1739723148.572131,-18,28,40
1739723148.6181307,-25,-44,-47
1739723148.6631308,46,-46,19
1739723148.7091308,18,16,-83
1739723148.7551308,-64,108,-81
1739723148.8001306,-68,-57,-58
1739723148.8461306,14,50,-61
1739723148.8921306,22,-34,-27
1739723148.9381306,8,-39,-53
1739723148.9831307,49,-2,1
1739723149.0291307,1,-17,-45
1739723149.0751307,-54,14,-144
1739723149.1201308,26,-21,-139
1739723149.1661308,52,-25,61
1739723149.2121308,4,-12,-127
1739723149.2581308,28,-81,-155
1739723149.3031306,30,116,-85
1739723149.3491306,17,59,62
1739723149.3951306,-19,67,-36
1739723149.4401307,41,-51,-37
1739723149.4861307,91,-8,3
1739723149.5321307,-3,29,-83
1739723149.5781307,10,26,-119
1739723149.6231308,-4,-41,-75
1739723149.6691308,35,61,-59
1739723149.7151306,-6,81,42
1739723149.7601306,-27,22,-98
1739723149.8061306,-25,-40,-42
1739723149.852131,-68,88,-88
1739723149.898131,-38,55,-66
1739723149.9431307,38,-23,15
1739723149.9891307,-26,-99,-65
1739723150.0351307,27,8,57
1739723150.0801306,74,-91,-69
1739723150.1261306,23,17,-3
1739723150.1721306,-16,26,-50
1739723150.2181306,-8,8,46
1739723150.263131,-4,-2,80
1739723150.309131,41,-28,-25
1739723150.355131,87,11,-123
1739723150.4001307,-62,42,-34
1739723150.4461308,-9,28,-16
1739723150.4921308,37,79,-89
1739723150.5381308,42,-39,3
1739723150.5831306,64,47,-177
1739723150.6291306,-1,0,-73
1739723150.6751306,15,-33,-43
1739723150.7201307,101,16,-29
1739723150.7661307,-47,0,-105
1739723150.8121307,4,-14,-19
1739723150.8581307,30,30,25
1739723150.9031308,-14,-67,-53
1739723150.9491308,67,40,31
1739723150.9951308,44,59,35
1739723151.0401306,77,-63,-57
1739723151.0861306,26,-33,-107
1739723151.1321306,94,32,-81
1739723151.1781306,3,-5,-123
1739723151.2231307,-9,4,-69
1739723151.2691307,-41,-65,12
1739723151.3151307,-54,-40,-143
1739723151.3601308,-57,-37,-76
1739723151.4061308,-69,2,-46
1739723151.4521308,12,-22,-39
1739723151.4981308,0,18,4
1739723151.5431306,21,21,-33
1739723151.5891306,-17,-3,-14
1739723151.6351306,12,68,-50
1739723151.6801307,44,-3,0
1739723151.7261307,49,83,-6
1739723151.7721307,33,-51,-7
1739723151.8181307,-39,-11,56
1739723151.8631306,22,0,-7
1739723151.9091306,-12,8,14
1739723151.9551306,77,54,70
1739723152.000131,11,7,-31
1739723152.046131,-42,-1,-15
1739723152.092131,-8,22,-10
1739723152.138131,-87,-65,-47
1739723152.1831307,15,4,-153
1739723152.2291307,57,19,-31
1739723152.2751307,-14,-51,-67
1739723152.3201306,-46,26,-108
1739723152.3661306,61,-84,105
1739723152.4121306,19,-2,-181
1739723152.4581306,-40,41,-82
1739723152.503131,-60,25,-18
1739723152.549131,12,1,-15
1739723152.5951307,-9,16,2
1739723152.6401308,31,-7,-127
1739723152.6861308,-28,34,-105
1739723152.7321308,-55,-31,28
1739723152.7781308,89,-76,-11
1739723152.8231306,4,23,70
1739723152.8691306,-2,12,14
1739723152.9151306,49,-6,-13
1739723152.9601307,-47,-43,6
1739723153.0061307,-36,-1,58
1739723153.0521307,9,44,-77
1739723153.0981307,22,25,-41
1739723153.1431308,-4,-38,-59
1739723153.1891308,-24,34,-62
1739723153.2351308,-2,103,-116
1739723153.2801306,39,-71,-53
1739723153.3261306,114,27,-153
1739723153.3721306,-25,9,-16
1739723153.4181306,38,-11,-149
1739723153.4631307,-9,8,0
1739723153.5091307,-3,-43,-29
1739723153.5551307,-74,39,-50
1739723153.6001308,-16,2,-10
1739723153.6461308,-1,-2,-45
1739723153.6921306,38,-77,-43
1739723153.7381306,11,-26,68
1739723153.7831306,-36,69,32
1739723153.8291306,0,-64,11
1739723153.875131,42,45,-14
1739723153.9201307,35,22,-57
1739723153.9661307,52,15,-153
1739723154.0121307,28,34,84
1739723154.0581307,-2,19,-20
1739723154.1031306,-30,-10,-13
1739723154.1491306,-49,-22,-57
1739723154.1951306,9,16,32
1739723154.240131,3,-28,-129
1739723154.286131,18,-7,-63
1739723154.332131,8,-70,-15
1739723154.378131,22,-38,-15
1739723154.4231308,13,25,72
1739723154.4691308,-49,-45,-57
1739723154.5151308,-26,-42,-47
1739723154.5601306,25,-6,-47
1739723154.6121306,3,-32,5
1739723154.6581306,-30,-2,44
1739723154.7031307,-53,24,-56
1739723154.7491307,-51,19,94
1739723154.7951307,-20,86,44
1739723154.8401306,37,38,32
1739723154.8861306,-21,-115,-47
1739723154.9321306,38,44,-103
1739723154.9781306,-8,-33,-141
1739723155.023131,10,-44,-87
1739723155.069131,76,15,-45
1739723155.115131,43,-18,-17
1739723155.1601307,-54,73,62
1739723155.2061307,-7,77,-32
1739723155.2511306,-48,-20,-114
1739723155.296131,13,33,32
1739723155.342131,-13,-10,-27
1739723155.388131,41,11,-161
1739723155.434131,2,24,-81
1739723155.4791307,31,-16,-79
1739723155.5251307,56,-4,-19
1739723155.5711308,-13,-10,-203
1739723155.6161306,-33,54,-114
1739723155.6621306,-26,22,-34
1739723155.7081306,-58,47,-52
1739723155.7541306,11,-17,-5
1739723155.799131,14,43,-69
1739723155.8451307,49,79,-147
1739723155.8911307,-65,16,-110
1739723155.9361308,29,91,-23
1739723155.9821308,-26,18,30
1739723156.0281308,12,-104,35
1739723156.0741308,37,24,29
1739723156.1191306,-53,-19,-64
1739723156.1651306,-23,58,-82
1739723156.2111306,-29,-12,-177
1739723156.2561307,0,1,-39
1739723156.3021307,45,-43,43
1739723156.3481307,-10,1,-75
1739723156.3941307,13,-3,-13
1739723156.4391308,71,27,-109
1739723156.4851308,-89,97,-18
1739723156.5311308,-46,-29,-26
1739723156.5761306,-16,-44,-35
1739723156.6221306,-39,-22,-73
1739723156.6681306,30,0,-38
1739723156.7141306,-12,4,-19
1739723156.7591307,49,-34,-50
1739723156.8051307,75,9,-114
1739723156.8511307,-35,-5,-128
1739723156.8961308,12,-63,-46
1739723156.9421306,12,36,-52
1739723156.9881306,42,33,-92
1739723157.0341306,-15,75,-25
1739723157.0791306,-3,99,-35
1739723157.125131,-23,-38,-108
1739723157.171131,-6,-5,12
1739723157.2161307,16,-17,0
1739723157.2621307,3,56,51
1739723157.3081307,1,57,-47
1739723157.3541307,119,12,-72
1739723157.3991306,47,20,-124
1739723157.4451306,-65,22,-79
1739723157.4911306,16,18,115
1739723157.536131,82,-6,10
1739723157.582131,-20,-39,-58
1739723157.628131,76,-87,52
1739723157.674131,-61,15,33
1739723157.7191308,-43,28,67
1739723157.7651308,19,-15,-8
1739723157.8111308,22,-45,36
1739723157.8561306,-1,-15,-48
1739723157.9021306,-28,-23,-180
1739723157.9481306,56,-70,-124
1739723157.9941306,47,-25,-50
1739723158.0391307,85,34,6
1739723158.0851307,55,65,13
1739723158.1311307,85,-56,66
1739723158.1761308,-20,24,-91
1739723158.2221308,-8,59,-99
1739723158.2681308,23,33,109
1739723158.3131306,72,12,208
1739723158.3591306,-86,-45,-5
1739723158.4051306,-18,14,-71
1739723158.4511306,44,-9,8
1739723158.4961307,-40,0,-11
1739723158.5421307,74,-80,-104
1739723158.5881307,-22,-14,12
1739723158.6331308,-17,-46,-63
1739723158.6791308,55,12,-17
1739723158.7251308,-33,38,-48
1739723158.7711308,-27,57,-62
1739723158.8161306,-7,7,-43
1739723158.8621306,-35,-62,14
1739723158.9081306,15,-22,-154
1739723158.9531307,-22,-22,-119
1739723158.9991307,110,18,-47
1739723159.0451307,30,9,1
1739723159.0911307,1,11,-59
1739723159.1361306,-123,3,-192
1739723159.1821306,-20,-4,-20
1739723159.2281306,-10,57,66
1739723159.273131,27,-15,-91
1739723159.319131,49,21,-29
1739723159.365131,-12,-24,-131
1739723159.411131,-39,19,26
1739723159.4561307,-67,5,-165
1739723159.5021307,-9,-29,-51
1739723159.5481308,-30,62,20
1739723159.5931306,31,-22,69
1739723159.6391306,61,29,48
1739723159.6851306,-43,28,-6
1739723159.7311306,-48,25,-48
1739723159.776131,-18,24,-125
1739723159.822131,-82,-34,-16
1739723159.8681307,-76,20,-28
1739723159.9131308,-21,35,0
1739723159.9591308,5,-2,-83
1739723160.0051308,8,12,-31
1739723160.0511308,68,-9,-61
1739723160.0961306,29,11,1
1739723160.1421306,-30,33,-8
1739723160.1881306,21,-67,-19
1739723160.2331307,33,-34,-59
1739723160.2791307,14,17,82
1739723160.3251307,-21,-82,-57
1739723160.3711307,29,40,-45
1739723160.4161308,15,49,-65
1739723160.4621308,-2,68,0
1739723160.5081308,-56,0,-2
1739723160.5531306,-16,22,-32
1739723160.5991306,-29,-27,-89
1739723160.6451306,-3,-26,62
1739723160.6911306,71,-84,0
1739723160.7361307,-84,67,-116
1739723160.7821307,70,15,13
1739723160.8281307,33,21,76
1739723160.8731308,71,14,-55
1739723160.9191308,-42,76,-8
1739723160.9651306,59,13,31
1739723161.0111306,65,-89,-115
1739723161.0561306,28,30,61
1739723161.102131,8,4,66
1739723161.148131,37,0,-49
1739723161.1931307,41,-10,-91
1739723161.2391307,58,-54,-69
1739723161.2851307,31,-10,-87
1739723161.3311307,-64,6,-110
1739723161.3761306,29,44,1
1739723161.4221306,-62,32,-88
1739723161.4681306,2,-30,-107
1739723161.513131,-43,25,-94
1739723161.559131,44,84,-47
1739723161.605131,13,1,35
1739723161.651131,-37,24,-32
1739723161.6961308,-34,28,-112
1739723161.7421308,2,5,5
1739723161.7881308,3,-48,-23
1739723161.8331306,-15,-18,6
1739723161.8791306,58,87,69
1739723161.9251306,9,14,-57
1739723161.9711306,-1,14,48
1739723162.0161307,16,0,-119
1739723162.0621307,26,45,22
1739723162.1081307,-10,-6,-29
1739723162.1531308,-43,50,-62
1739723162.1991308,15,35,-87
1739723162.2451308,-15,44,-90
1739723162.2911308,15,62,-8
1739723162.3361306,70,21,28
1739723162.3821306,-75,-60,-41
1739723162.4281306,-36,24,-2
1739723162.4731307,-45,21,-113
1739723162.5191307,-13,-11,-33
1739723162.5651307,-4,-15,19
1739723162.6111307,-35,8,-15
1739723162.6561308,35,105,-40
1739723162.7021308,-5,-35,-189
1739723162.7481308,-35,10,-33
1739723162.7931306,24,-9,14
1739723162.8391306,-7,33,-47
1739723162.8851306,0,-73,-29
1739723162.9311306,26,-2,-20
1739723162.9761307,108,63,-136
1739723163.0221307,-2,-3,-31
1739723163.0681307,-21,46,-118
1739723163.1131306,-20,5,2
1739723163.1591306,-42,12,18
1739723163.2051306,43,24,-84
1739723163.2511306,13,34,-22
1739723163.296131,72,-4,106
1739723163.342131,-57,-5,-110
1739723163.388131,2,35,-41
1739723163.4331307,-11,3,12
1739723163.4791307,-36,19,-154
1739723163.5251307,11,-35,-53
1739723163.5711308,9,-47,-44
1739723163.6161306,-19,-59,-109
1739723163.6621306,36,-7,-75
1739723163.7081306,26,-23,24
1739723163.753131,20,33,22
1739723163.799131,1,33,-50
1739723163.8451307,15,18,-62
1739723163.8911307,-23,-77,-85
1739723163.9361308,-11,-12,-97
1739723163.9821308,-34,-46,-35
1739723164.0281308,-29,-39,-47
1739723164.0731306,34,49,-40
1739723164.1191306,38,20,-34
1739723164.1651306,-4,33,-62
1739723164.2111306,-58,-4,-17
1739723164.2561307,-6,27,-14
1739723164.3021307,-86,72,-57
1739723164.3481307,49,7,84
1739723164.3931308,-11,21,-80
1739723164.4391308,-71,10,-47
1739723164.4851308,-33,-3,-127
1739723164.5311308,-4,-2,-76
1739723164.5761306,105,9,-86
1739723164.628131,-30,-18,-47
1739723164.6731308,32,-14,-32
1739723164.7191308,-29,16,-154
1739723164.7651308,-42,-51,-61
1739723164.8111308,-28,-7,-79
1739723164.8561306,-19,12,-34
1739723164.9021306,-24,-36,-53
1739723164.9481306,9,41,-98
1739723164.9931307,60,-18,28
1739723165.0391307,-68,62,-8
1739723165.0851307,75,-16,-36
1739723165.1311307,81,-45,-4
1739723165.1761308,14,23,-184
1739723165.2221308,32,39,-62
1739723165.2681308,8,-31,-206
1739723165.3131306,6,55,-96
1739723165.3591306,-77,19,-11
1739723165.4051306,22,-22,26
1739723165.4511306,-126,4,-117
1739723165.4961307,4,-116,49
1739723165.5421307,-12,-47,57
1739723165.5881307,89,29,-100
1739723165.6331308,27,-19,-90
1739723165.6791308,12,66,-22
1739723165.7251308,6,55,-98
1739723165.7711308,45,-29,-198
1739723165.8161306,34,-45,-100
1739723165.8621306,14,-43,137
1739723165.9081306,35,63,-48
1739723165.9531307,-30,-35,37
1739723165.9991307,5,-18,-108
1739723166.0451307,-95,1,-39
1739723166.0911307,41,-12,-12
1739723166.1361306,-80,-11,79
1739723166.1821306,-24,-44,-137
1739723166.2281306,2,114,-22
1739723166.273131,-27,51,42
1739723166.319131,64,0,50
1739723166.365131,-25,52,-88
1739723166.411131,15,98,-8
1739723166.4561307,-44,-42,-63
1739723166.5021307,-23,4,27
1739723166.5481308,42,68,-68
1739723166.5931306,67,-42,-64
1739723166.6391306,0,-20,-5
1739723166.6851306,78,-30,-218
1739723166.7311306,-32,-108,-97
1739723166.776131,-35,34,-166
1739723166.822131,63,-21,-98
1739723166.8681307,-26,0,-101
1739723166.9131308,-76,-39,-57
1739723166.9591308,-21,6,-89
1739723167.0051308,-34,-34,5
1739723167.0511308,23,-57,41
1739723167.0961306,-14,27,-75
1739723167.1421306,-11,-25,-10
1739723167.1881306,45,14,-65
1739723167.2331307,20,103,-55
1739723167.2791307,-67,-53,-74
1739723167.3251307,107,-75,107
1739723167.3711307,-130,-17,6
1739723167.4161308,-107,-59,-100
1739723167.4621308,-97,-14,-50
1739723167.5081308,78,27,-47
1739723167.5531306,-25,-24,2
1739723167.5991306,-28,37,16
1739723167.6451306,6,16,-83
1739723167.6911306,-10,26,-13
1739723167.7361307,-9,-13,-101
1739723167.7821307,-63,-19,-203
1739723167.8281307,11,19,13
1739723167.8731308,15,-8,21
1739723167.9191308,56,18,-81
1739723167.9651306,7,31,-77
1739723168.0101306,6,-20,2
1739723168.0561306,-11,1,-85
1739723168.102131,-34,9,-2
1739723168.148131,-12,-57,-56
1739723168.1931307,-97,4,-100
1739723168.2391307,55,-4,-109
1739723168.2851307,4,-14,-59
1739723168.3311307,-19,-33,-60
1739723168.3761306,45,82,-71
1739723168.4221306,-15,42,154
1739723168.4681306,-113,-14,122
1739723168.513131,3,-46,-53
1739723168.559131,-5,-40,0
1739723168.605131,-23,25,-15
1739723168.6501307,-67,-27,58
1739723168.6961308,27,-10,-115
1739723168.7421308,-31,-30,-91
1739723168.7881308,-2,6,-77
1739723168.8331306,33,56,-7
1739723168.8791306,-83,85,-79
1739723168.9251306,19,20,-25
1739723168.9701307,-57,47,-50
1739723169.0161307,-135,109,24
1739723169.0621307,76,26,13
1739723169.1081307,-18,47,-87
1739723169.1531308,50,27,-35
1739723169.1991308,3,9,-33
1739723169.2451308,-15,50,-23
1739723169.2901306,-33,-38,-28
1739723169.3361306,-43,-30,-82
1739723169.3821306,15,-26,-49
1739723169.4281306,14,-24,22
1739723169.4731307,64,0,-35
1739723169.5191307,24,-53,-19
1739723169.5651307,73,2,-183
1739723169.6101308,-98,-18,-74
1739723169.6561308,26,67,13
1739723169.7021308,-39,51,62
1739723169.7481308,9,-33,-63
1739723169.7931306,41,-20,-71
1739723169.8391306,-38,-15,70
1739723169.8851306,-9,1,34
1739723169.9301307,19,38,-53
1739723169.9761307,1,-36,128
1739723170.0221307,-31,-12,-94
1739723170.0681307,-11,47,-26
1739723170.1131306,-11,6,10
1739723170.1591306,-46,-27,-20
1739723170.2051306,-5,-20,-101
1739723170.250131,8,-15,-19
1739723170.296131,-30,-27,28
1739723170.342131,-47,-23,-12
1739723170.388131,-17,77,-107
1739723170.4331307,5,41,14
1739723170.4791307,-52,-46,104
1739723170.5251307,-27,5,-125
1739723170.5701306,39,-62,0
1739723170.6161306,35,-3,-117
1739723170.6621306,9,44,-16
1739723170.7081306,-8,-17,15
1739723170.753131,-6,36,-137
1739723170.799131,-22,-6,12
1739723170.8451307,54,6,-75
1739723170.8901308,-89,-30,-15
1739723170.9361308,-30,23,-40
1739723170.9821308,13,25,-1
1739723171.0281308,28,-17,72
1739723171.0731306,-35,11,-35
1739723171.1191306,58,34,-22
1739723171.1651306,-18,-5,-90
1739723171.2101307,-2,12,-194
1739723171.2561307,-4,4,-116
1739723171.3021307,-18,3,-33
1739723171.3481307,-49,-35,-33
1739723171.3931308,20,-29,12
1739723171.4391308,40,17,44
1739723171.4851308,10,-50,109
1739723171.5301306,27,145,-110
1739723171.5761306,26,-31,-78
1739723171.6221306,-63,26,-121
1739723171.6681306,-6,-10,17
1739723171.7131307,-92,73,-134
1739723171.7591307,-64,14,33
1739723171.8051307,7,28,-220
1739723171.8501308,-47,35,-10
1739723171.8961308,-12,-30,-45
1739723171.9421306,12,-5,-30
1739723171.9881306,3,17,-270
1739723172.0331306,-20,-27,-9
1739723172.0791306,-13,68,39
1739723172.125131,34,-51,-86
1739723172.1701307,76,-34,-44
1739723172.2161307,-94,8,-64
1739723172.2621307,-1,-18,0
1739723172.3081307,-18,34,-88
1739723172.3531306,-56,24,61
1739723172.3991306,-2,-11,-46
1739723172.4451306,19,77,-50
1739723172.490131,17,51,-61
1739723172.536131,9,22,43
1739723172.582131,-99,30,-32
1739723172.628131,-41,-11,43
1739723172.6731308,5,62,3
1739723172.7191308,21,-38,66
1739723172.7651308,-41,-47,11
1739723172.8101306,11,-9,-34
1739723172.8561306,0,22,-86
1739723172.9021306,-12,-49,17
1739723172.9481306,-11,41,-60
1739723172.9931307,50,29,20
1739723173.0391307,-63,48,-45
1739723173.0851307,-44,30,-5
1739723173.1301308,7,-55,-9
1739723173.1761308,-49,-39,-97
1739723173.2221308,-9,-5,0
1739723173.2681308,7,0,37
1739723173.3131306,69,-53,-36
1739723173.3591306,-33,-24,-17
1739723173.4051306,5,21,-34
1739723173.4501307,32,-51,-38
1739723173.4961307,-5,5,-34
1739723173.5421307,-16,36,-40
1739723173.5881307,65,4,-132
1739723173.6331308,-103,-15,-67
1739723173.6791308,72,45,-38
1739723173.7251308,1,-71,135
1739723173.7701306,2,-1,-56
1739723173.8161306,14,41,-104
1739723173.8621306,-64,-34,21
1739723173.9081306,-27,-3,-15
1739723173.9531307,35,-19,54
1739723173.9991307,7,3,-56
1739723174.0451307,23,29,-36
1739723174.0901306,-55,45,-110
1739723174.1361306,-27,4,-24
1739723174.1821306,41,-39,-71
1739723174.2281306,22,-4,-18
1739723174.273131,2,77,-128
1739723174.319131,6,31,-82
1739723174.365131,25,16,-88
1739723174.4101307,96,50,-96
1739723174.4561307,20,63,120
1739723174.5021307,-20,16,-158
1739723174.5481308,89,1,40
1739723174.5931306,-7,-7,-27
1739723174.6451306,67,-32,-16
1739723174.6901307,-40,37,-1
1739723174.7361307,25,-20,-88
1739723174.7821307,-24,19,37
1739723174.8281307,-13,4,-65
1739723174.8731308,-51,91,-68
1739723174.9191308,-43,36,27
1739723174.9651306,29,0,-92
1739723175.0101306,-4,-26,-68
1739723175.0561306,-39,-12,15
1739723175.102131,-71,58,-71
1739723175.148131,3,-28,-74
1739723175.1931307,-22,-28,-53
1739723175.2391307,-15,-32,-41
1739723175.2851307,-61,-55,-164
1739723175.3301306,-25,15,-65
1739723175.3761306,-12,25,-3
1739723175.4221306,-42,50,-19
1739723175.4681306,8,24,13
1739723175.513131,-58,-88,24
1739723175.559131,20,62,-5
1739723175.605131,-33,91,-6
1739723175.6501307,18,4,-59
1739723175.6961308,19,-27,-67
1739723175.7421308,-77,92,-8
1739723175.7881308,-34,75,-132
1739723175.8331306,-4,17,-151
1739723175.8791306,71,-13,-23
1739723175.9251306,-7,11,-123
1739723175.9701307,-89,-14,-170
1739723176.0161307,7,31,17
1739723176.0621307,19,-29,16
1739723176.1081307,59,32,-23
1739723176.1531308,21,83,-67
1739723176.1991308,53,60,-81
1739723176.2451308,-10,-45,-153
1739723176.2901306,-108,37,-161
1739723176.3361306,13,11,-27
1739723176.3821306,-31,6,-47
1739723176.4281306,18,-58,90
1739723176.4731307,-33,52,-89
1739723176.5191307,9,18,73
1739723176.5651307,-65,-17,-2
1739723176.6101308,25,-65,-30
1739723176.6561308,117,-3,45
1739723176.7021308,11,21,-93
1739723176.7481308,58,7,-31
1739723176.7931306,-66,25,-69
1739723176.8391306,61,-3,-121
1739723176.8851306,-2,-24,-56
1739723176.9301307,4,8,1
1739723176.9761307,46,18,-93
1739723177.0221307,42,-53,-69
1739723177.0681307,-45,-11,68
1739723177.1131306,-122,-17,74
1739723177.1591306,-23,13,-159
1739723177.2051306,60,56,-53
1739723177.250131,39,36,-145
1739723177.296131,-30,-65,72
1739723177.342131,0,47,27
1739723177.388131,-6,9,36
1739723177.4331307,39,-66,-123
1739723177.4791307,75,-31,-119
1739723177.5251307,21,73,108
1739723177.5701306,65,-12,-51
1739723177.6161306,-25,-13,-73
1739723177.6621306,-9,2,-102
1739723177.7081306,-66,-25,29
1739723177.753131,-15,-24,-9
1739723177.799131,-76,7,49
1739723177.8451307,-33,-89,129
1739723177.8901308,-1,96,-74
1739723177.9361308,4,19,-52
1739723177.9821308,-58,21,-120
1739723178.0281308,-56,32,-74
1739723178.0731306,-22,34,22
1739723178.1191306,58,42,-64
1739723178.1651306,33,88,-20
1739723178.2101307,-39,13,-50
1739723178.2561307,33,-1,-40
1739723178.3021307,-4,9,-46
1739723178.3481307,-76,15,-45
1739723178.3931308,40,13,2
1739723178.4391308,60,-18,26
1739723178.4851308,-14,-16,-68
1739723178.5301306,19,-74,-92
1739723178.5761306,16,59,-72
1739723178.6221306,-15,50,73
1739723178.6671307,16,31,-76
1739723178.7131307,7,49,-21
1739723178.7591307,66,-23,28
1739723178.8051307,-45,6,21
1739723178.8501308,-5,-26,61
1739723178.8961308,-31,6,-53
1739723178.9421306,-14,29,-5
1739723178.9871306,-19,-6,33
1739723179.0331306,-40,-14,-63
1739723179.0791306,-42,-49,-122
1739723179.125131,16,-1,58
1739723179.1701307,-22,6,-77
1739723179.2161307,-5,5,-1
1739723179.2621307,51,19,219
1739723179.3061306,-34,-13,-51
1739723179.352131,-68,29,-182
1739723179.398131,-11,-19,-114
1739723179.4431307,20,85,-63
1739723179.4891307,-31,31,-119
1739723179.5351307,-56,24,-37
1739723179.5811307,29,14,-92
1739723179.6261306,77,54,-22
1739723179.6721306,-3,25,27
1739723179.7181306,-17,67,-39
1739723179.763131,29,50,19
1739723179.809131,36,-31,16
1739723179.855131,-121,-34,11
1739723179.901131,-32,-51,48
1739723179.9461308,27,53,25
1739723179.9921308,49,19,-24
1739723180.0381308,45,-15,-6
1739723180.0831306,-20,14,-79
1739723180.1291306,5,-30,32
1739723180.1751306,-69,-32,-66
1739723180.2211306,23,-3,-10
1739723180.2661307,-55,-33,-110
1739723180.3121307,10,11,-5
1739723180.3581307,11,75,-77
1739723180.4031308,16,-10,-68
1739723180.4491308,8,0,-98
1739723180.4951308,-93,-58,42
1739723180.5411308,15,-22,-60
1739723180.5861306,-62,46,-27
1739723180.6321306,-35,18,33
1739723180.6781306,-10,-15,-52
1739723180.7231307,-21,55,-71
1739723180.7691307,77,7,-22
1739723180.8151307,-98,41,-49
1739723180.8611307,-103,-17,-119
1739723180.9061308,64,-21,-32
1739723180.9521308,-3,-73,-100
1739723180.9981308,39,-6,-14
1739723181.0431306,29,-6,-12
1739723181.0891306,-19,16,5
1739723181.1351306,-20,22,-126
1739723181.1811306,32,-65,-28
1739723181.2261307,51,-44,-108
1739723181.2721307,-59,1,-5
1739723181.3181307,-18,-113,-78
1739723181.3631306,-20,-70,-60
1739723181.4091306,-30,107,-131
1739723181.4551306,-41,-36,-109
1739723181.5011306,-14,-44,-40
1739723181.546131,-52,56,-19
1739723181.592131,11,-40,0
1739723181.638131,-5,-12,-26
1739723181.6831307,40,25,14
1739723181.7291307,21,-40,28
1739723181.7751307,33,-7,22
1739723181.8211308,-17,36,-1
1739723181.8661306,-59,3,-15
1739723181.9121306,-14,78,-57
1739723181.9581306,-26,-9,-5
1739723182.003131,-47,-48,35
1739723182.049131,-50,54,83
1739723182.0951307,2,36,7
1739723182.1411307,-45,-13,-97
1739723182.1861308,19,-66,-122
1739723182.2321308,37,-31,-62
1739723182.2781308,-20,-29,-45
1739723182.3231306,5,64,-22
1739723182.3691306,34,31,26
1739723182.4151306,-90,27,55
1739723182.4611306,36,-35,46
1739723182.5061307,18,47,-17
1739723182.5521307,-53,48,-85
1739723182.5981307,-7,17,3
1739723182.6431308,-24,25,47
1739723182.6891308,-20,76,-169
1739723182.7351308,44,10,-48
1739723182.7811308,5,13,10
1739723182.8261306,-39,-41,-39
1739723182.8721306,-85,53,-19
1739723182.9181306,52,-14,-22
1739723182.9631307,17,94,-225
1739723183.0091307,0,0,-34
1739723183.0551307,33,-1,-62
1739723183.1011307,-77,9,-49
1739723183.1461308,-11,39,-63
1739723183.1921306,54,45,-136
1739723183.2381306,-8,-66,-20
1739723183.2831306,5,-45,-58
1739723183.3291306,-15,-52,-95
1739723183.375131,-10,-11,-5
1739723183.421131,-37,53,127
1739723183.4661307,5,25,-27
1739723183.5121307,-20,6,-83
1739723183.5581307,-49,39,-210
1739723183.6031306,-4,21,-174
1739723183.6491306,-52,-10,-167
1739723183.6951306,-13,-57,-80
1739723183.7411306,-11,-37,-69
1739723183.786131,10,63,-24
1739723183.832131,75,16,-27
1739723183.878131,-47,-45,-120
1739723183.9231308,-56,28,112
1739723183.9691308,23,0,-48
1739723184.0151308,-43,-48,-52
1739723184.0611308,-32,11,-38
1739723184.1061306,-64,34,-55
1739723184.1521306,-7,24,6
1739723184.1981306,35,-31,7
1739723184.2431307,-22,-84,-90
1739723184.2891307,-38,47,72
1739723184.3351307,7,-15,-89
1739723184.3811307,34,4,45
1739723184.4261308,-69,45,-8
1739723184.4721308,2,87,-61
1739723184.5181308,-13,33,-97
1739723184.5631306,-29,22,-34
1739723184.6091306,27,-35,-7
1739723184.661131,-87,35,-110
1739723184.7061307,4,23,-39
1739723184.7521307,-21,35,-78
1739723184.7981308,-104,22,-140
1739723184.8431306,-5,34,-50
1739723184.8891306,-4,-18,-67
1739723184.9351306,-13,-2,12
1739723184.9811306,-6,21,72
1739723185.026131,51,-24,-81
1739723185.072131,0,-23,-45
1739723185.1181307,21,-2,5
1739723185.1651306,-20,-78,-213
1739723185.2101307,-40,43,8
1739723185.2561307,-107,-10,-122
1739723185.3021307,3,5,28
1739723185.3471308,-2,25,-10
1739723185.3931308,100,-24,51
1739723185.4391308,23,-18,-35
1739723185.4851308,43,-9,-65
1739723185.5301306,22,-52,-75
1739723185.5761306,57,-21,-47
1739723185.6221306,26,-80,20
1739723185.6671307,88,15,-35
1739723185.7131307,58,-26,-65
1739723185.7591307,82,35,-137
1739723185.8051307,0,30,-57
1739723185.8501308,55,-15,-65
1739723185.8961308,39,-32,-19
1739723185.9421306,54,8,-41
1739723185.9871306,-42,-24,-106
1739723186.0331306,-22,0,-72
1739723186.0791306,-4,0,-99
1739723186.125131,-5,23,-127
1739723186.1701307,-17,5,-181
1739723186.2161307,-20,-98,-22
1739723186.2621307,-79,56,-202
1739723186.3071306,33,-65,61
1739723186.3531306,-70,-24,-64
1739723186.3991306,87,-46,-69
1739723186.4451306,-12,6,-64
1739723186.490131,31,46,-61
1739723186.536131,-76,73,8
1739723186.582131,67,89,-115
1739723186.6271307,66,-83,-31
1739723186.6731308,8,-45,13
1739723186.7191308,38,9,-141
1739723186.7651308,45,-15,-119
1739723186.8101306,38,46,59
1739723186.8561306,19,5,-149
1739723186.9021306,17,45,-95
1739723186.947131,-99,35,-54
1739723186.9931307,73,-11,-29
1739723187.0391307,21,-79,-39
1739723187.0851307,-58,1,-132
1739723187.1301308,34,-29,77
1739723187.1761308,-47,30,-8
1739723187.2221308,123,-24,-75
1739723187.2671306,-17,34,-24
1739723187.3131306,-8,-62,64
1739723187.3591306,-53,-65,54
1739723187.4051306,14,-24,-19
1739723187.4501307,94,-123,-111
1739723187.4961307,20,34,55
1739723187.5421307,-39,-39,-86
1739723187.5871308,11,50,-53
1739723187.6331308,-24,46,-39
1739723187.6791308,14,-22,-81
1739723187.7241306,14,-88,28
1739723187.7701306,5,45,-111
1739723187.8161306,10,32,102
1739723187.8621306,-17,22,114
1739723187.9071307,-27,24,40
1739723187.9531307,53,16,-19
1739723187.9991307,-23,15,26
1739723188.0451307,18,-31,-149
1739723188.0901306,20,3,-31
1739723188.1361306,31,111,-23
1739723188.1821306,49,54,49
1739723188.227131,14,-32,-77
1739723188.273131,13,48,19
1739723188.319131,9,-17,-75
1739723188.365131,23,7,-77
1739723188.4101307,28,12,71
1739723188.4561307,89,15,-15
1739723188.5021307,71,27,-61
1739723188.5471306,64,37,55
1739723188.5931306,-4,-2,-16
1739723188.6391306,19,-13,97
1739723188.684131,78,48,17
1739723188.730131,0,20,-36
1739723188.776131,-25,-1,-98
1739723188.822131,60,-2,-77
1739723188.8671308,11,5,22
1739723188.9131308,-31,1,-55
1739723188.9591308,145,9,-50
1739723189.0041306,32,-57,-140
1739723189.0501306,-4,13,27
1739723189.0961306,56,24,-56
1739723189.1421306,3,-61,-12
1739723189.1871307,14,35,-63
1739723189.2331307,-15,2,-20
1739723189.2791307,34,-73,-65
1739723189.3241308,71,-24,-63
1739723189.3701308,-15,-44,-83
1739723189.4161308,99,11,-1
1739723189.4621308,88,-40,17
1739723189.5071306,62,23,-67
1739723189.5531306,34,37,-49
1739723189.5991306,37,-4,-47
1739723189.6441307,12,-16,27
1739723189.6901307,-43,38,-72
1739723189.7361307,99,-41,-101
1739723189.7821307,60,7,-135
1739723189.8271308,-16,-22,-49
1739723189.8731308,26,-10,-23
1739723189.9191308,-72,-9,-38
1739723189.9641306,-48,0,-6
1739723190.0101306,-45,87,18
1739723190.0561306,-44,6,-72
1739723190.102131,47,22,-31
1739723190.1471307,38,-87,-95
1739723190.1931307,-26,5,-56
1739723190.2391307,30,0,26
1739723190.2841306,53,57,-21
1739723190.3301306,8,37,-35
1739723190.3761306,-37,-37,-152
1739723190.4221306,47,3,123
1739723190.467131,40,-84,45
1739723190.513131,-25,-4,-90
1739723190.559131,-14,-6,6
1739723190.6041307,0,-59,0
1739723190.6501307,-70,25,-35
1739723190.6961308,-13,-2,-126
1739723190.7421308,50,-32,-80
1739723190.7871306,-5,-61,-90
1739723190.8331306,-43,2,-2
1739723190.8791306,23,23,-35
1739723190.924131,-44,-2,-104
1739723190.9701307,30,10,15
1739723191.0161307,7,-13,63
1739723191.0621307,54,-60,75
1739723191.1071308,-8,3,-110
1739723191.1531308,-59,-4,75
1739723191.1991308,-28,-31,-32
1739723191.2441306,-4,-14,-30
1739723191.2901306,37,-43,-26
1739723191.3361306,-1,-17,-102
1739723191.3821306,-87,37,39
1739723191.4271307,48,-14,-91
1739723191.4731307,9,43,-12
1739723191.5191307,-3,-52,-28
1739723191.5641308,28,-26,39
1739723191.6101308,-21,54,-164
1739723191.6561308,-4,-37,5
1739723191.7021308,82,28,-13
1739723191.7471306,-70,32,-74
1739723191.7931306,16,-2,-134
1739723191.8391306,-75,-18,38
1739723191.8841307,-22,40,81
1739723191.9301307,-63,33,80
1739723191.9761307,1,58,-48
1739723192.0221307,4,2,27
1739723192.0671306,-4,45,5
1739723192.1131306,23,-60,-110
1739723192.1591306,54,25,29
1739723192.2041306,-35,91,-140
1739723192.250131,-84,-40,41
1739723192.296131,-25,-12,-118
1739723192.342131,-24,-9,-72
1739723192.3871307,-8,-31,-56
1739723192.4331307,2,7,-78
1739723192.4791307,25,47,-126
1739723192.5241306,-47,55,3
1739723192.5701306,-91,-26,-38
1739723192.6161306,44,-43,-115
1739723192.6621306,-33,-32,-32
1739723192.707131,-16,46,-71
1739723192.753131,-9,1,51
1739723192.799131,-18,-27,38
1739723192.8441308,78,-34,-101
1739723192.8901308,-112,15,-9
1739723192.9361308,2,-13,29
1739723192.9821308,-6,-95,12
1739723193.0271306,53,72,-153
1739723193.0731306,-18,16,-119
1739723193.1191306,45,-37,26
1739723193.1641307,-24,-34,-34
1739723193.2101307,9,12,-36
1739723193.2561307,-46,34,-85
1739723193.3021307,15,127,-152
1739723193.3471308,2,24,11
1739723193.3931308,-26,36,-15
1739723193.4391308,-31,-14,-77
1739723193.4841306,-35,-5,-57
1739723193.5301306,-10,65,-35
1739723193.5761306,44,-35,-48
1739723193.6221306,16,35,-196
1739723193.6671307,4,-10,-122
1739723193.7131307,9,38,-134
1739723193.7591307,35,8,-74
1739723193.8041308,3,13,-142
1739723193.8501308,-40,3,-109
1739723193.8961308,-29,34,-30
1739723193.9421306,34,-16,-144
1739723193.9871306,21,17,-14
1739723194.0331306,-50,86,-10
1739723194.0791306,-44,-54,23
1739723194.1241307,84,6,-2
1739723194.1701307,-49,5,25
1739723194.2161307,0,-35,61
1739723194.2621307,6,25,-46
1739723194.3071306,-25,52,43
1739723194.3531306,-31,-69,-67
1739723194.3991306,49,62,-120
1739723194.444131,-123,-23,-77
1739723194.490131,-83,-34,-55
1739723194.536131,-25,-22,21
1739723194.582131,57,22,-56
1739723194.6271307,26,51,50
1739723194.6791308,-32,-26,-105
1739723194.7241306,26,-31,-96
1739723194.7701306,69,23,-32
1739723194.8161306,63,4,40
1739723194.8621306,36,4,-130
1739723194.9071307,-14,-1,29
1739723194.9531307,53,16,-38
1739723194.9991307,-4,56,22
1739723195.0441308,6,-22,23
1739723195.0901306,-5,-40,13
1739723195.1361306,27,16,16
1739723195.1821306,23,37,10
1739723195.227131,66,75,-110
1739723195.2721307,-68,41,-81
1739723195.3181307,-42,37,-45
1739723195.3631306,-6,-3,-63
1739723195.4091306,8,-2,32
1739723195.4551306,-13,86,-20
1739723195.500131,20,61,26
1739723195.546131,-67,28,-129
1739723195.592131,-34,-28,1
1739723195.638131,36,12,-82
1739723195.6831307,-30,-29,23
1739723195.7291307,42,50,-4
1739723195.7751307,16,-12,-56
1739723195.8201306,-70,33,-45
1739723195.8661306,-37,7,-115
1739723195.9121306,-26,48,-45
1739723195.9581306,11,-75,-18
1739723196.003131,14,-42,-126
1739723196.049131,0,116,-27
1739723196.0951307,-14,9,-159
1739723196.1401308,-72,-32,-15
1739723196.1861308,-30,31,40
1739723196.2321308,31,-163,6
1739723196.2781308,-64,15,15
1739723196.3231306,12,-2,-34
1739723196.3691306,50,38,-42
1739723196.4151306,9,12,-114
1739723196.4601307,67,14,-72
1739723196.5061307,10,-40,-37
1739723196.5521307,-2,16,45
1739723196.5981307,36,-33,98
1739723196.6431308,-17,15,-5
1739723196.6891308,-54,60,-23
1739723196.7351308,-3,-8,20
1739723196.7801306,14,5,-97
1739723196.8261306,27,-56,-27
1739723196.8721306,86,-48,-87
1739723196.9181306,-37,7,58
1739723196.9631307,-24,64,-137
1739723197.0091307,-27,26,-12
1739723197.0551307,48,24,-169
1739723197.1001308,54,10,-33
1739723197.1461308,-54,-21,-54
1739723197.1921306,-17,52,118
1739723197.2381306,21,38,-175
1739723197.2831306,0,-64,-21
1739723197.3291306,-1,2,-73
1739723197.375131,3,-46,-59
1739723197.4201307,-7,-13,-39
1739723197.4661307,-64,-32,2
1739723197.5121307,-36,11,-101
1739723197.5581307,10,48,-119
1739723197.6031306,-52,-53,6
1739723197.6491306,-7,-5,16
1739723197.6951306,31,44,-119
1739723197.740131,-13,-26,-109
1739723197.786131,-22,37,-68
1739723197.832131,80,-24,-75
1739723197.878131,-38,-19,30
1739723197.9231308,-7,3,-141
1739723197.9691308,31,-15,82
1739723198.0151308,-101,0,-70
1739723198.0601306,12,64,-78
1739723198.1061306,54,49,-25
1739723198.1521306,1,-54,-15
1739723198.1981306,55,82,31
1739723198.2431307,14,9,-19
1739723198.2891307,-52,-8,40
1739723198.3351307,35,55,0
1739723198.3801308,56,38,27
1739723198.4261308,-80,-30,2
1739723198.4721308,31,1,-173
1739723198.5171306,37,8,-77
1739723198.5631306,53,27,-11
1739723198.6091306,-15,-11,-55
1739723198.6551306,-12,-26,-63
1739723198.7001307,-59,-16,-26
1739723198.7461307,132,-76,-17
1739723198.7921307,-55,-42,-118
1739723198.8371308,41,42,24
1739723198.8831308,32,-30,73
1739723198.9291308,0,61,-90
1739723198.9751308,-44,-22,-90
1739723199.0201306,11,44,-20
1739723199.0661306,-32,25,70
1739723199.1121306,23,-12,40
1739723199.1571307,-28,24,-55
1739723199.2031307,33,-7,-118
1739723199.2491307,-39,18,-47
1739723199.2951307,43,-5,-22
1739723199.3401306,-18,-3,-22
1739723199.3861306,43,60,1
1739723199.4321306,32,-10,-54
1739723199.477131,81,-28,24
1739723199.523131,-83,11,-2
1739723199.569131,29,30,7
1739723199.615131,-44,60,-124
1739723199.6601307,61,-29,-140
1739723199.7061307,-53,48,43
1739723199.7521307,-26,-32,-62
1739723199.7971306,44,25,73
1739723199.8431306,18,47,-200
1739723199.8891306,15,-26,-6
1739723199.9351306,-25,-6,65
1739723199.980131,25,-27,11
1739723200.026131,2,69,-54
1739723200.072131,4,40,-30
1739723200.1171308,45,56,-86
1739723200.1631308,-33,-53,-63
1739723200.2091308,13,60,-96
1739723200.2551308,-14,-12,-192
1739723200.3001306,-17,34,-22
1739723200.3461306,15,47,-98
1739723200.3921306,61,7,34
1739723200.4371307,12,-3,-48
1739723200.4831307,40,15,16
1739723200.5291307,-66,-48,15
1739723200.5751307,-9,-31,-44
1739723200.6201308,26,29,-30
1739723200.6661308,49,11,-150
1739723200.7121308,-75,34,-49
1739723200.7571306,35,68,-27
1739723200.8031306,-30,-21,-88
1739723200.8491306,37,61,-33
1739723200.8951306,-57,30,-113
1739723200.9401307,-1,47,1
1739723200.9861307,34,25,-116
1739723201.0321307,-45,48,-45
1739723201.0771308,37,-74,26
1739723201.1231308,34,-37,-46
1739723201.1691308,-18,-44,80
1739723201.2151306,-35,-46,-84
1739723201.2601306,-82,-26,-137
1739723201.3061306,-19,1,37
1739723201.352131,35,31,-88
1739723201.3971307,9,-21,14
1739723201.4431307,-2,-12,-38
1739723201.4891307,36,22,-8
1739723201.5351307,-16,-71,-66
1739723201.5801306,13,35,1
1739723201.6261306,-39,26,83
1739723201.6721306,-35,-13,57
1739723201.717131,-21,43,19
1739723201.763131,-74,-5,-29
1739723201.809131,-54,30,-79
1739723201.855131,-21,-6,-45
1739723201.9001307,-37,-31,-133
1739723201.9461308,-27,-23,-55
1739723201.9921308,-28,-46,13
1739723202.0371306,21,54,-8
1739723202.0831306,11,52,12
1739723202.1291306,37,65,114
1739723202.1751306,12,-71,-52
1739723202.2201307,-24,-59,-248
1739723202.2661307,-48,18,-85
1739723202.3121307,-9,26,-96
1739723202.3571308,-63,-34,0
1739723202.4031308,35,-61,0
1739723202.4491308,-41,41,-148
1739723202.4951308,0,61,-67
1739723202.5401306,66,41,2
1739723202.5861306,20,36,-62
1739723202.6321306,23,-16,32
1739723202.6771307,19,-42,-44
1739723202.7231307,-18,-15,-18
1739723202.7691307,-34,25,-64
1739723202.8151307,-27,0,19
1739723202.8601308,-38,-25,-88
1739723202.9061308,79,5,-122
1739723202.9521308,-50,55,-5
1739723202.9971306,32,7,-60
1739723203.0431306,-42,25,-156
1739723203.0891306,-36,9,-74
1739723203.1351306,17,16,-76
1739723203.1801307,-30,26,-38
1739723203.2261307,76,-55,33
1739723203.2721307,100,21,-26
1739723203.3171306,-33,-23,39
1739723203.3631306,-102,26,21
1739723203.4091306,-34,-40,-48
1739723203.4551306,-11,47,-37
1739723203.500131,44,17,7
1739723203.546131,-38,-41,-42
1739723203.592131,4,13,-148
1739723203.6371307,97,17,-82
1739723203.6831307,-30,51,-41
1739723203.7291307,-67,13,-60
1739723203.7751307,-56,26,32
1739723203.8201306,-25,17,-59
1739723203.8661306,-30,-14,-207
1739723203.9121306,41,-40,-53
1739723203.957131,-18,28,76
1739723204.003131,-95,-11,-89
1739723204.049131,-14,-36,-157
1739723204.0951307,-7,58,-279
1739723204.1401308,-64,-34,-135
1739723204.1861308,9,-15,-89
1739723204.2321308,-31,25,-49
1739723204.2771306,54,12,-93
1739723204.3231306,-72,58,-112
1739723204.3691306,56,-12,-101
1739723204.4151306,41,19,-11
1739723204.4601307,-9,-31,-57
1739723204.5061307,-27,-9,-2
1739723204.5521307,-28,14,-93
1739723204.5971308,-53,-34,-171
1739723204.6491306,-53,33,-8
1739723204.6951306,6,-6,48
1739723204.740131,64,12,17
1739723204.786131,11,67,-76
1739723204.832131,5,5,-71
1739723204.8771307,0,22,-8
1739723204.9231308,9,57,-111
1739723204.9691308,-12,41,-46
1739723205.0151308,-52,10,-12
1739723205.0601306,-10,-60,-73
1739723205.1061306,-16,69,-10
1739723205.1521306,30,48,-48
1739723205.197131,5,58,-135
1739723205.2431307,6,-57,-55
1739723205.2891307,1,11,22
1739723205.3351307,-35,-8,-75
1739723205.3801308,49,50,-6
1739723205.4261308,50,7,-37
1739723205.4721308,-5,83,-78
1739723205.5171306,-21,96,-68
1739723205.5631306,37,-23,53
1739723205.6091306,10,30,-4
1739723205.6551306,-21,74,-20
1739723205.7001307,-1,-17,-41
1739723205.7461307,-2,-10,-189
1739723205.7921307,-22,-6,2
1739723205.8371308,77,-21,-1
1739723205.8831308,-33,85,48
1739723205.9291308,28,47,-93
1739723205.9751308,-21,1,-8
1739723206.0201306,-21,55,-139
1739723206.0661306,-47,14,30
1739723206.1121306,39,-34,35
1739723206.1571307,-67,-25,-4
1739723206.2031307,10,-9,-31
1739723206.2491307,-101,-18,-70
1739723206.2951307,-95,32,18
1739723206.3401306,-36,-19,0
1739723206.3861306,35,23,-71
1739723206.4321306,36,-19,-35
1739723206.477131,-22,-41,-49
1739723206.523131,13,-24,9
1739723206.569131,-41,-16,-63
1739723206.615131,-61,-45,10
1739723206.6601307,-73,44,0
1739723206.7061307,-69,-33,-30
1739723206.7521307,30,0,-45
1739723206.7971306,-25,-56,-69
1739723206.8431306,-8,-23,-59
1739723206.8891306,-47,22,130
1739723206.9351306,2,50,-69
1739723206.980131,24,6,-119
1739723207.026131,19,-37,1
1739723207.072131,-22,37,46
1739723207.1171308,52,-16,-51
1739723207.1631308,22,-34,-99
1739723207.2091308,18,-33,-90
1739723207.2551308,80,-75,-51
1739723207.3001306,-77,20,21
1739723207.3461306,0,22,-58
1739723207.3921306,55,80,-111
1739723207.4371307,15,-65,-63
1739723207.4831307,12,-69,-99
1739723207.5291307,-71,86,-34
1739723207.5751307,78,-17,-5
1739723207.6201308,34,-43,-53
1739723207.6661308,-28,12,38
1739723207.7121308,-4,-20,20
1739723207.7571306,-48,-6,24
1739723207.8031306,67,42,-6
1739723207.8491306,9,20,12
1739723207.8951306,-1,-6,-82
1739723207.9401307,-6,-1,53
1739723207.9861307,54,10,-120
1739723208.0321307,28,30,-40
1739723208.0771308,27,-9,-150
1739723208.1231308,37,-11,-66
1739723208.1691308,55,6,-6
1739723208.2151306,79,23,66
1739723208.2601306,-3,-16,97
1739723208.3061306,3,72,-78
1739723208.352131,78,30,29
1739723208.3971307,-7,40,-34
1739723208.4431307,-31,-34,17
1739723208.4891307,47,-36,-74
1739723208.5341306,43,-55,-70
1739723208.5801306,-3,-4,-98
1739723208.6261306,-19,-47,20
1739723208.6721306,-47,-9,81
1739723208.717131,36,-39,-82
1739723208.763131,17,61,-85
1739723208.809131,6,55,5
1739723208.8541307,0,86,-65
1739723208.9001307,-60,39,-95
1739723208.9461308,-78,11,-93
1739723208.9921308,0,36,9
1739723209.0371306,-4,60,0
1739723209.0831306,2,103,-33
1739723209.1291306,-30,-14,-5
1739723209.174131,-104,53,-113
1739723209.2201307,36,25,-41
1739723209.2661307,112,-29,114
1739723209.3121307,-23,11,-75
1739723209.3571308,89,5,66
1739723209.4031308,8,-8,-26
1739723209.4491308,87,-21,-116
1739723209.4941306,9,-33,-62
1739723209.5401306,-2,2,-16
1739723209.5861306,40,34,93
1739723209.6321306,-14,11,-82
1739723209.6771307,42,35,-77
1739723209.7231307,24,7,37
1739723209.7691307,27,-17,-70
1739723209.8141308,8,-19,84
1739723209.8601308,-48,26,-7
1739723209.9061308,20,1,-96
1739723209.9521308,-41,8,19
1739723209.9971306,21,-14,-54
1739723210.0431306,2,-8,-10
1739723210.0891306,71,-24,-110
1739723210.1341307,-55,-77,-85
1739723210.1801307,-23,-14,-120
1739723210.2261307,-34,-20,21
1739723210.2721307,33,-20,-66
1739723210.3171306,-23,-22,15
1739723210.3631306,16,23,-50
1739723210.4091306,6,94,-89
1739723210.4541306,26,-20,4
1739723210.500131,-27,8,-45
1739723210.546131,49,28,-66
1739723210.592131,60,-30,-80
1739723210.6371307,2,-15,-28
1739723210.6831307,-45,-9,-51
1739723210.7291307,15,25,23
1739723210.7741306,-58,28,55
1739723210.8201306,2,-32,-58
1739723210.8661306,-90,41,-39
1739723210.9121306,-54,-3,-93
1739723210.957131,-31,47,-33
1739723211.003131,-32,3,27
1739723211.049131,24,29,-2
1739723211.0941308,23,50,-37
1739723211.1401308,19,-70,-26
1739723211.1861308,7,33,-111
1739723211.2321308,-16,44,77
1739723211.2771306,15,-12,-114
1739723211.3231306,-25,11,-47
1739723211.3691306,-32,25,-87
1739723211.4141307,-36,6,75
1739723211.4601307,92,-65,68
1739723211.5061307,16,-96,-28
1739723211.5521307,36,-8,-90
1739723211.5971308,92,-43,78
1739723211.6431308,-14,5,-25
1739723211.6891308,-29,0,-5
1739723211.7341306,29,40,39
1739723211.7801306,-2,4,-33
1739723211.8261306,5,23,-21
1739723211.8721306,-9,34,-131
1739723211.9171307,-46,6,-165
1739723211.9631307,3,17,-181
1739723212.0091307,-1,-82,-62
1739723212.0541308,16,27,51
1739723212.1001308,16,-29,-52
1739723212.1461308,28,30,-62
1739723212.1921306,38,3,-42
1739723212.2371306,50,-8,-4
1739723212.2831306,42,-16,-72
1739723212.3291306,-24,-18,-24
1739723212.3741307,-16,7,-132
1739723212.4201307,-116,11,-63
1739723212.4661307,23,9,28
1739723212.5121307,-57,0,-47
1739723212.5571306,-4,19,-66
1739723212.6031306,28,32,-29
1739723212.6491306,54,-35,-7
1739723212.694131,-100,16,46
1739723212.740131,-30,10,-12
1739723212.786131,17,-5,-65
1739723212.832131,51,-57,-9
1739723212.8771307,-58,-26,-43
1739723212.9231308,-40,3,18
1739723212.9691308,71,52,-71
1739723213.0141306,9,-64,7
1739723213.0601306,-20,39,-67
1739723213.1061306,-12,8,80
1739723213.1521306,18,26,-113
1739723213.197131,17,-37,-61
1739723213.2431307,0,-17,-101
1739723213.2891307,-4,1,-61
1739723213.3341308,-20,24,-44
1739723213.3801308,50,21,39
1739723213.4261308,-25,-13,74
1739723213.4721308,-39,-29,-10
1739723213.5171306,7,-8,-17
1739723213.5631306,-12,8,-11
1739723213.6091306,-13,-63,-83
1739723213.6541307,-31,27,-77
1739723213.7001307,112,12,-83
1739723213.7461307,9,12,48
1739723213.7921307,-47,-60,28
1739723213.8371308,-14,9,-105
1739723213.8831308,-20,45,-22
1739723213.9291308,19,67,-87
1739723213.9741306,-14,-36,0
1739723214.0201306,14,-34,-71
1739723214.0661306,73,-5,-13
1739723214.1121306,19,24,-10
1739723214.1571307,-3,4,10
1739723214.2031307,47,34,-13
1739723214.2491307,-27,32,72
1739723214.2941308,36,-74,11
1739723214.3401306,21,-56,-109
1739723214.3861306,33,19,45
1739723214.4321306,1,-15,-109
1739723214.477131,67,-44,-37
1739723214.523131,-26,67,-77
1739723214.569131,-52,-24,-60
1739723214.6141307,-9,-78,26
1739723214.6661308,12,34,-69
1739723214.7121308,49,75,-137
1739723214.7571306,-3,-14,-8
1739723214.8031306,82,64,51
1739723214.8491306,-31,35,-73
1739723214.8941307,-69,-47,8
1739723214.9401307,-13,62,56
1739723214.9861307,25,117,-47
1739723215.0321307,-31,23,-18
1739723215.0771308,41,-42,-31
1739723215.1231308,-2,-35,-27
1739723215.1691308,5,9,-65
1739723215.2141306,-24,37,14
1739723215.2601306,-8,-17,3
1739723215.3061306,62,66,-83
1739723215.352131,90,21,-37
1739723215.3971307,-43,23,22
1739723215.4431307,-57,14,-8
1739723215.4891307,-19,57,0
1739723215.5341306,93,-1,-99
1739723215.5801306,78,-6,-99
1739723215.6261306,13,-20,15
1739723215.6721306,-34,40,-50
1739723215.717131,-67,14,-38
1739723215.763131,5,-20,-43
1739723215.809131,69,-38,51
1739723215.8541307,-17,-17,-33
1739723215.9001307,-48,18,28
1739723215.9461308,34,-16,151
1739723215.9921308,1,-77,19
1739723216.0371306,-13,-43,-77
1739723216.0831306,-9,-48,-27
1739723216.1291306,25,39,-3
1739723216.174131,-81,-18,178
1739723216.2201307,-33,-14,-84
1739723216.2661307,-2,-16,38
1739723216.3121307,38,-54,-1
1739723216.3571308,77,-16,23
1739723216.4031308,-14,48,-6
1739723216.4491308,10,-2,-81
1739723216.4941306,24,4,-73
1739723216.5401306,-4,-34,-63
1739723216.5861306,57,24,21
1739723216.6321306,-34,11,-20
1739723216.6771307,-51,34,-105
1739723216.7231307,95,49,63
1739723216.7691307,23,11,-95
1739723216.8141308,57,-23,-17
1739723216.8601308,18,14,-54
1739723216.9061308,16,-14,31
1739723216.9521308,-19,-5,-61
1739723216.9971306,-9,-35,-159
1739723217.0431306,-24,-26,19
1739723217.0891306,-44,-56,-87
1739723217.1341307,-23,-22,-105
1739723217.1801307,-25,42,-46
1739723217.2261307,-15,21,-116
1739723217.2721307,-27,61,-26
1739723217.3171306,4,-42,-39
1739723217.3631306,-99,62,1
1739723217.4091306,49,34,-34
1739723217.4541306,11,-9,-44
1739723217.500131,13,-26,25
1739723217.546131,49,14,-62
1739723217.592131,21,11,34
1739723217.6371307,-12,37,8
1739723217.6831307,11,30,10
1739723217.7291307,18,-60,13
1739723217.7741306,53,-71,-65
1739723217.8201306,30,11,-44
1739723217.8661306,60,28,-40
1739723217.9121306,45,8,-70
1739723217.957131,16,14,-38
1739723218.003131,85,-6,-28
1739723218.049131,-27,42,-34
1739723218.0941308,-12,46,-94
1739723218.1401308,-97,-46,-39
1739723218.1861308,-30,19,-64
1739723218.2321308,3,12,-44
1739723218.2771306,-5,-25,57
1739723218.3231306,44,48,-98
1739723218.3691306,-47,-88,-15
1739723218.4141307,48,19,-30
1739723218.4601307,54,-17,13
1739723218.5061307,4,115,28
1739723218.5511308,29,8,-56
1739723218.5971308,0,-5,-39
1739723218.6431308,-32,-16,-13
1739723218.6891308,-79,58,20
1739723218.7341306,88,35,-34
1739723218.7801306,-55,-22,-55
1739723218.8261306,37,6,-104
1739723218.8711307,67,23,86
1739723218.9171307,-19,50,0
1739723218.9631307,14,-41,-67
1739723219.0091307,12,22,-18
1739723219.0541308,14,34,-86
1739723219.1001308,36,5,-82
1739723219.1461308,21,-18,-93
1739723219.1911306,1,33,-26
1739723219.2371306,-64,-25,15
1739723219.2831306,26,73,-50
1739723219.3291306,23,-11,11
1739723219.3741307,-64,155,-114
1739723219.4201307,41,96,-42
1739723219.4661307,-33,-39,-118
1739723219.5111306,0,36,-104
1739723219.5571306,102,59,-60
1739723219.6031306,-26,66,28
1739723219.6491306,15,55,5
1739723219.694131,-59,-60,-116
1739723219.740131,16,-38,-44
1739723219.786131,-21,32,-34
1739723219.8311307,67,-26,-10
1739723219.8771307,-74,24,-84
1739723219.9231308,-44,50,-114
1739723219.9691308,12,-27,-74
1739723220.0141306,20,-26,-130
1739723220.0601306,34,-45,-56
1739723220.1061306,-13,41,-43
1739723220.151131,-58,-6,-126
1739723220.197131,-8,83,7
1739723220.2431307,8,20,-54
1739723220.2891307,-11,-33,-30
1739723220.3341308,32,0,6
1739723220.3801308,10,50,71
1739723220.4261308,-15,15,7
1739723220.4711306,26,27,3
1739723220.5171306,-46,4,-62
1739723220.5631306,-6,-56,-98
1739723220.6091306,10,-3,15
1739723220.6541307,13,83,-25
1739723220.7001307,11,-19,-58
1739723220.7461307,-12,64,-46
1739723220.7911308,-34,19,33
1739723220.8371308,-58,24,-133
1739723220.8831308,22,-54,-31
1739723220.9291308,-19,69,-43
1739723220.9741306,-52,-43,26
1739723221.0201306,-47,-1,-42
1739723221.0661306,55,-21,47
1739723221.1111307,10,14,-143
1739723221.1571307,23,27,42
1739723221.2031307,-40,-45,-26
1739723221.2491307,-15,-3,-18
1739723221.2941308,2,70,-139
1739723221.3401306,-95,87,-40
1739723221.3861306,-1,-8,20
1739723221.4311306,-51,-30,-76
1739723221.477131,-3,-41,-84
1739723221.523131,-21,80,39
1739723221.569131,-16,-50,54
1739723221.6141307,12,-5,-31
1739723221.6601307,63,43,-149
1739723221.7061307,-86,53,-28
1739723221.7511306,-24,46,-47
1739723221.7971306,10,-11,-85
1739723221.8431306,66,-86,-23
1739723221.8891306,45,94,15
1739723221.934131,20,3,-77
1739723221.980131,17,-29,-83
1739723222.026131,19,10,-3
1739723222.0711308,67,24,-21
1739723222.1171308,-5,14,48
1739723222.1631308,-10,19,-89
1739723222.2091308,-32,-8,46
1739723222.2541306,38,-15,-33
1739723222.3001306,-17,-32,-36
1739723222.3461306,-2,27,-49
1739723222.3911307,2,-3,-119
1739723222.4371307,19,-39,-37
1739723222.4831307,13,29,76
1739723222.5291307,81,62,-123
1739723222.5741308,18,-43,3
1739723222.6201308,7,-84,110
1739723222.6661308,-72,25,-88
1739723222.7111306,55,14,-87
1739723222.7571306,57,6,-32
1739723222.8031306,38,69,-90
1739723222.8491306,36,-45,-30
1739723222.8941307,-10,28,-14
1739723222.9401307,48,14,-36
1739723222.9861307,55,-12,22
1739723223.0311308,91,-46,-16
1739723223.0771308,13,81,-78
1739723223.1231308,-42,-18,-101
1739723223.1691308,-21,16,-82
1739723223.2141306,78,20,50
1739723223.2601306,58,-36,95
1739723223.3061306,-8,67,-160
1739723223.3511307,-55,-2,-98
1739723223.3971307,-30,-56,19
1739723223.4431307,-14,-68,-19
1739723223.4891307,-19,-32,-41
1739723223.5341306,-4,-3,-44
1739723223.5801306,-5,2,-112
1739723223.6261306,-19,-43,-41
1739723223.671131,15,9,-128
1739723223.717131,13,81,-6
1739723223.763131,-31,72,-2
1739723223.809131,-29,6,97
1739723223.8541307,40,-27,-46
1739723223.9001307,6,-12,-78
1739723223.9461308,-9,42,-110
1739723223.9911306,19,12,-112
1739723224.0371306,-80,27,-21
1739723224.0831306,7,35,62
1739723224.1291306,5,21,-26
1739723224.174131,17,-7,41
1739723224.2201307,18,74,-6
1739723224.2661307,30,-6,-44
1739723224.3111308,17,48,-54
1739723224.3571308,14,-53,-43
1739723224.4031308,21,17,-86
1739723224.4491308,34,11,-62
1739723224.4941306,35,55,92
1739723224.5401306,58,124,-18
1739723224.5861306,30,-15,-108
1739723224.6311307,47,-23,-66
1739723224.6831307,-32,41,0
1739723224.7291307,9,46,-198
1739723224.7741306,43,25,78
1739723224.8201306,49,-23,24
1739723224.8661306,-3,-32,-51
1739723224.911131,40,-4,82
1739723224.957131,-16,17,-88
1739723225.003131,-8,-13,-27
1739723225.049131,70,-20,-50
1739723225.0941308,-48,-35,23
1739723225.1401308,43,56,-82
1739723225.1871307,-30,20,-82
1739723225.2331307,-13,62,-156
1739723225.2781308,62,21,-24
1739723225.3241308,-3,70,66
1739723225.3701308,55,6,8
1739723225.4151306,-13,23,-46
1739723225.4611306,69,-23,-62
1739723225.5071306,63,-22,-44
1739723225.5531306,63,-30,-46
1739723225.5981307,-31,25,-126
1739723225.6441307,-32,-7,-23
1739723225.6901307,22,16,-34
1739723225.7351308,-60,62,-116
1739723225.7811308,34,79,-44
1739723225.8271308,30,21,72
1739723225.8731308,23,-27,73
1739723225.9181306,-26,29,-132
1739723225.9641306,48,-83,13
1739723226.0101306,23,20,-66
1739723226.0551307,-30,-9,-114
1739723226.1011307,52,-10,33
1739723226.1471307,-11,52,-116
1739723226.1931307,25,-11,-3
1739723226.2381306,-62,-3,-61
1739723226.2841306,-19,-6,-39
1739723226.3301306,37,-10,65
1739723226.375131,-8,-18,-150
1739723226.421131,-58,-14,-95
1739723226.467131,-79,21,-128
1739723226.513131,-15,41,38
1739723226.5581307,27,37,-28
1739723226.6041307,12,76,-50
1739723226.6501307,-14,-68,-41
1739723226.6951306,-57,-49,-61
1739723226.7411306,-46,51,-62
1739723226.7871306,-93,-15,-1
1739723226.8331306,-32,1,-13
1739723226.878131,-17,-3,-142
1739723226.924131,-40,-16,-67
1739723226.9701307,12,-22,-132
1739723227.0151308,-32,47,-70
1739723227.0611308,-85,30,-67
1739723227.1071308,-4,19,-2
1739723227.1531308,48,42,-24
1739723227.1981306,-42,21,63
1739723227.2441306,-19,-54,-37
1739723227.2901306,12,58,-16
1739723227.3351307,51,64,-90
1739723227.3811307,-24,-59,-39
1739723227.4271307,-8,46,19
1739723227.4731307,0,1,69
1739723227.5181308,0,104,118
1739723227.5641308,-63,78,-6
1739723227.6101308,-41,7,-9
1739723227.6551306,53,90,-26
1739723227.7011306,27,37,44
1739723227.7471306,49,5,-134
1739723227.7931306,-30,28,-61
1739723227.8381307,28,4,-64
1739723227.8841307,81,-34,-2
1739723227.9301307,-17,61,-18
1739723227.9751308,95,-54,-60
1739723228.0211308,53,17,-88
1739723228.0671306,-22,0,-85
1739723228.1131306,8,-11,-18
1739723228.1581306,-11,43,-68
1739723228.2041306,6,8,-20
1739723228.250131,-16,0,-18
1739723228.2951307,-23,32,-82
1739723228.3411307,-101,23,-30
1739723228.3871307,-37,26,-4
1739723228.4331307,43,50,59
1739723228.4781306,-19,32,7
1739723228.5241306,19,-14,-112
1739723228.5701306,-68,14,-72
1739723228.615131,-6,25,-76
1739723228.661131,49,37,-72
1739723228.707131,25,-15,31
1739723228.7521307,-52,14,-18
1739723228.7981308,-24,1,-66
1739723228.8441308,23,-25,37
1739723228.8901308,47,37,-74
1739723228.9351306,-47,45,-78
1739723228.9811306,72,-19,-94
1739723229.0271306,16,47,-52
1739723229.072131,-31,82,-82
1739723229.1181307,44,-47,-28
1739723229.1641307,25,-8,-120
1739723229.2101307,6,-22,0
1739723229.2551308,-58,-27,-71
1739723229.3011308,-38,-74,33
1739723229.3471308,-19,73,-40
1739723229.3921306,24,33,2
1739723229.4381306,57,-43,-106
1739723229.4841306,-27,-50,-31
1739723229.5301306,90,-11,-130
1739723229.5751307,10,67,31
1739723229.6211307,112,82,-92
1739723229.6671307,-52,50,-115
1739723229.7121308,-19,51,-47
1739723229.7581308,1,28,-90
1739723229.8041308,73,35,-96
1739723229.8501308,-2,-35,-75
1739723229.8951306,-76,112,5
1739723229.9411306,30,99,4
1739723229.9871306,-3,43,-206
1739723230.0321307,30,-7,-2
1739723230.0781307,26,-25,86
1739723230.1241307,-37,-25,-148
1739723230.1701307,-52,23,75
1739723230.2151306,1,32,-77
1739723230.2611306,-16,-42,-96
1739723230.3071306,44,-1,-138
1739723230.352131,51,-73,68
1739723230.398131,-20,6,-45
1739723230.444131,-66,-19,-21
1739723230.490131,64,-78,-126
1739723230.5351307,106,1,34
1739723230.5811307,85,-47,10
1739723230.6271307,-3,-12,-44
1739723230.6721306,60,7,10
1739723230.7181306,13,-79,-34
1739723230.7641306,-41,39,-3
1739723230.8101306,-46,-32,-1
1739723230.855131,-3,-57,4
1739723230.901131,-7,34,-57
1739723230.947131,52,-93,-20
1739723230.9921308,74,-39,-124
1739723231.0381308,-22,117,35
1739723231.0841308,-84,28,-13
1739723231.1301308,-35,15,-144
1739723231.1751306,27,-47,8
1739723231.2211306,-47,7,-69
1739723231.2671306,-17,-36,-13
1739723231.3121307,-18,-9,-59
1739723231.3581307,27,-1,-56
1739723231.4041307,-38,-7,-21
1739723231.4501307,30,40,26
1739723231.4951308,-50,61,-31
1739723231.5411308,-8,-21,-128
1739723231.5871308,23,-20,0
1739723231.6321306,-14,-20,9
1739723231.6781306,56,18,-80
1739723231.7241306,75,-15,-2
1739723231.7701306,-16,11,-173
1739723231.8151307,48,-54,-160
1739723231.8611307,6,21,-156
1739723231.9071307,-76,2,-31
1739723231.9521308,19,-4,-60
1739723231.9981308,10,-17,18
1739723232.0441308,-52,-10,29
1739723232.0901306,20,-40,-100
1739723232.1351306,-43,41,-103
1739723232.1811306,-9,-15,37
1739723232.227131,-37,-23,-43
1739723232.2721307,1,63,-33
1739723232.3181307,-48,53,-108
1739723232.3641307,-79,9,-108
1739723232.4101307,62,-57,-132
1739723232.4551306,-30,0,-27
1739723232.5011306,-79,9,-69
1739723232.5471306,-7,-27,-15
1739723232.592131,-7,-26,1
1739723232.638131,-9,42,5
1739723232.684131,33,9,-52
1739723232.730131,50,26,21
1739723232.7751307,115,-1,-56
1739723232.8211308,-3,4,-39
1739723232.8671308,5,-28,-143
1739723232.9121306,3,9,40
1739723232.9581306,23,1,-18
1739723233.0041306,80,17,-8
1739723233.0501306,38,-43,-136
1739723233.0951307,5,13,20
1739723233.1411307,72,27,-26
1739723233.1871307,27,-49,-6
1739723233.2321308,46,49,4
1739723233.2781308,6,-78,-4
1739723233.3241308,60,-26,-64
1739723233.3701308,-38,22,-1
1739723233.4151306,-43,33,-43
1739723233.4611306,37,-49,-100
1739723233.5071306,-51,35,-47
1739723233.5521307,5,45,-76
1739723233.5981307,-5,-22,-164
1739723233.6441307,-34,-52,-43
1739723233.6901307,-30,16,-125
1739723233.7351308,-1,28,-77
1739723233.7811308,-55,11,-66
1739723233.8271308,53,-28,-61
1739723233.8721306,26,18,-81
1739723233.9181306,-43,-28,-101
1739723233.9641306,16,-29,1
1739723234.0101306,45,-45,-101
1739723234.0551307,-35,-9,-93
1739723234.1011307,-86,71,30
1739723234.1471307,85,-41,-135
1739723234.1921306,-13,-49,25
1739723234.2381306,-100,41,-94
1739723234.2841306,-40,35,-2
1739723234.3301306,12,50,-26
1739723234.375131,47,4,-69
1739723234.421131,91,7,-19
1739723234.467131,54,55,30
1739723234.5121307,20,36,10
1739723234.5581307,-32,25,-99
1739723234.6041307,-9,-31,-81
1739723234.6501307,30,-19,98
1739723234.7011306,14,-28,-51
1739723234.7471306,-37,30,30
1739723234.7921307,-41,-53,-65
1739723234.8381307,-10,4,-8
1739723234.8841307,-2,72,-74
1739723234.9301307,0,-25,-3
1739723234.9751308,17,53,-50
1739723235.0211308,30,30,-139
1739723235.0671306,-34,-3,-153
1739723235.1121306,-15,9,16
1739723235.1581306,-39,20,-60
1739723235.2041306,-36,-32,-24
1739723235.250131,-18,40,-60
1739723235.2951307,66,-35,37
1739723235.3411307,-8,61,-110
1739723235.3871307,2,-15,-47
1739723235.4321306,-58,-13,54
1739723235.4781306,52,37,-35
1739723235.5241306,94,33,-45
1739723235.5701306,-26,42,-56
1739723235.615131,-93,-11,-154
1739723235.661131,138,38,-73
1739723235.707131,80,-83,7
1739723235.7521307,-6,5,22
1739723235.7981308,79,-12,45
1739723235.8431306,-40,-33,-181
1739723235.888131,-18,32,0
1739723235.934131,-40,35,-160
1739723235.980131,-1,-27,15
1739723236.026131,63,-30,-43
1739723236.0711308,30,38,-155
1739723236.1171308,-17,65,-2
1739723236.1631308,-27,18,36
1739723236.2081306,-25,58,-136
1739723236.2541306,13,52,-16
1739723236.3001306,10,-17,9
1739723236.3461306,-5,-42,-155
1739723236.3911307,40,-40,-125
1739723236.4371307,3,80,-70
1739723236.4831307,-8,-48,-39
1739723236.5281308,-4,-6,-115
1739723236.5741308,-35,-16,-103
1739723236.6201308,41,81,-31
1739723236.6661308,-15,-40,-57
1739723236.7111306,58,-62,-75
1739723236.7571306,-5,64,-68
1739723236.8031306,96,42,-95
1739723236.8481307,-40,-14,-139
1739723236.8941307,-45,4,-141
1739723236.9401307,-3,-26,-81
1739723236.9861307,-15,-28,-27
1739723237.0311308,98,67,-11
1739723237.0771308,5,-2,-113
1739723237.1231308,72,-15,0
1739723237.1681306,-23,-26,-35
1739723237.2141306,15,49,-17
1739723237.2601306,47,28,-51
1739723237.3061306,36,-55,-101
1739723237.3511307,-61,39,-68
1739723237.3971307,9,-7,9
1739723237.4431307,31,28,41
1739723237.4881306,82,9,-11
1739723237.5341306,31,-60,0
1739723237.5801306,1,36,-47
1739723237.6261306,-4,-65,-22
1739723237.671131,34,-55,38
1739723237.717131,-24,-20,102
1739723237.763131,47,63,-81
1739723237.8081307,46,-5,-1
1739723237.8541307,54,9,-89
1739723237.9001307,28,-45,-9
1739723237.9461308,14,-53,-123
1739723237.9911306,-15,13,-44
1739723238.0371306,-33,35,-103
1739723238.0831306,2,69,-81
1739723238.128131,-7,-17,-235
1739723238.174131,-141,-13,4
1739723238.2201307,19,47,-153
1739723238.2661307,-1,31,-53
1739723238.3111308,-55,13,-70
1739723238.3571308,-1,-74,29
1739723238.4031308,-28,-52,-69
1739723238.4481306,8,-7,-11
1739723238.4941306,21,-33,108
1739723238.5401306,-34,9,-153
1739723238.5861306,29,-76,29
1739723238.6311307,31,-32,-1
1739723238.6771307,39,-52,29
1739723238.7231307,30,-74,7
1739723238.7681308,-51,0,-54
1739723238.8141308,1,-27,-91
1739723238.8601308,-34,31,-2
1739723238.9051306,0,-15,14
1739723238.9511306,55,55,3
1739723238.9971306,-72,-51,-56
1739723239.0431306,1,-15,-119
1739723239.0881307,23,58,-155
1739723239.1341307,30,71,-19
1739723239.1801307,-7,-24,-16
1739723239.2251308,-4,45,-137
1739723239.2711308,-22,-20,2
1739723239.3171306,20,-4,-97
1739723239.3631306,43,58,-49
1739723239.4081306,-25,4,-52
1739723239.4541306,-92,-42,-10
1739723239.500131,-45,8,-60
1739723239.5451307,-21,-4,-175
1739723239.5911307,-32,-20,8
1739723239.6371307,40,-6,25
1739723239.6831307,18,-3,-181
1739723239.7281306,-35,27,-56
1739723239.7741306,46,29,53
1739723239.8201306,5,2,-51
1739723239.865131,-4,-83,-50
1739723239.911131,-52,62,-42
1739723239.957131,-61,-39,-20
1739723240.003131,-1,-39,-4
1739723240.0481308,-58,5,10
1739723240.0941308,85,20,-157
1739723240.1401308,63,64,-89
1739723240.1851306,-21,-23,80
1739723240.2311306,-37,-50,31
1739723240.2771306,90,46,-82
1739723240.3231306,28,-43,34
1739723240.3681307,52,19,-154
1739723240.4141307,0,57,-54
1739723240.4601307,-81,-65,-19
1739723240.5051308,-16,-9,-37
1739723240.5511308,-7,11,-78
1739723240.5971308,-38,10,33
1739723240.6431308,47,67,-76
1739723240.6881306,-24,-10,-160
1739723240.7341306,-38,22,-35
1739723240.7801306,24,-16,-84
1739723240.8251307,-4,27,-138
1739723240.8711307,2,-13,-30
1739723240.9171307,17,2,0
1739723240.9631307,33,29,-154
1739723241.0081308,0,-7,1
1739723241.0541308,-8,-91,-101
1739723241.1001308,-27,24,-86
1739723241.1451306,-35,-22,-5
1739723241.1911306,-41,-22,43
1739723241.2371306,-34,41,-12
1739723241.2831306,16,-41,-129
1739723241.3281307,18,-13,-13
1739723241.3741307,-82,16,-90
1739723241.4201307,-94,34,-58
1739723241.4651306,67,44,-97
1739723241.5111306,-10,47,22
1739723241.5571306,-7,-38,84
1739723241.6031306,-36,60,-114
1739723241.648131,-8,-48,-119
1739723241.694131,-83,-5,-94
1739723241.740131,27,-29,-105
1739723241.7851307,67,61,27
1739723241.8311307,-5,-42,-16
1739723241.8771307,-105,-5,-95
1739723241.9231308,2,21,13
1739723241.9681306,-7,3,-66
1739723242.0141306,29,-31,-50
1739723242.0601306,-21,73,-73
1739723242.105131,19,20,-62
1739723242.151131,16,23,-12
1739723242.197131,43,25,16
1739723242.2431307,61,5,0
1739723242.2881308,65,-5,8
1739723242.3341308,-8,-50,-84
1739723242.3801308,51,15,-110
1739723242.4251306,-15,-46,-32
1739723242.4711306,52,66,-124
1739723242.5171306,43,1,-52
1739723242.5631306,55,-7,-46
1739723242.6081307,73,-20,-116
1739723242.6541307,21,-28,-30
1739723242.7001307,31,-99,-26
1739723242.7451308,-47,-27,-129
1739723242.7911308,-8,-58,50
1739723242.8371308,6,-8,28
1739723242.8831308,17,4,56
1739723242.9281306,69,-48,-184
1739723242.9741306,-45,4,-39
1739723243.0201306,25,10,-60
1739723243.0651307,23,-40,-36
1739723243.1111307,-92,-30,-63
1739723243.1571307,-33,62,0
1739723243.2031307,1,-38,27
1739723243.2481308,-45,15,83
1739723243.2941308,43,-42,-196
1739723243.3401306,49,-78,-60
1739723243.3851306,20,-25,-96
1739723243.4311306,29,18,-226
1739723243.477131,44,23,-90
1739723243.523131,10,77,-98
1739723243.5681307,-84,66,21
1739723243.6141307,-24,-36,55
1739723243.6601307,-60,-55,37
1739723243.7051306,-40,67,-173
1739723243.7511306,-86,-5,29
1739723243.7971306,3,-34,-34
1739723243.8431306,21,-17,-18
1739723243.888131,-68,-4,-133
1739723243.934131,-12,17,-139
1739723243.980131,21,21,-48
1739723244.0251307,-29,92,-9
1739723244.0711308,57,63,-32
1739723244.1171308,-102,37,0
1739723244.1631308,73,15,-38
1739723244.2081306,0,24,-167
1739723244.2541306,88,56,-24
1739723244.3001306,-53,25,-235
1739723244.3451307,-47,-31,-61
1739723244.3911307,-5,13,-92
1739723244.4371307,-50,-18,61
1739723244.4831307,-4,-10,-102
1739723244.5281308,-72,-41,-75
1739723244.5741308,-35,-40,-58
1739723244.6201308,9,-7,7
1739723244.6651306,-15,54,-35
1739723244.717131,-27,34,0
1739723244.763131,32,23,-81
1739723244.8081307,-85,-17,-52
1739723244.8541307,-11,31,-61
1739723244.9001307,32,25,-23
1739723244.9451306,-46,13,-26
1739723244.9911306,23,19,-83
1739723245.0371306,41,5,-63
1739723245.0831306,-16,17,-8
1739723245.128131,-55,-48,-116
1739723245.174131,7,-84,-19
1739723245.2201307,1,-5,32
1739723245.2651308,0,-52,-13
1739723245.3111308,43,-1,-65
1739723245.3571308,-64,-74,-158
1739723245.4031308,-11,34,-76
1739723245.4481306,12,-14,-57
1739723245.4941306,-46,-38,-74
1739723245.5401306,3,16,-47
1739723245.5851307,55,53,-165
1739723245.6311307,-20,1,-36
1739723245.6771307,-37,18,-60
1739723245.7231307,7,-78,-59
1739723245.7681308,-19,-43,82
1739723245.8141308,114,84,-105
1739723245.8601308,29,-31,-61
1739723245.9051306,5,-18,-37
1739723245.9511306,113,19,-103
1739723245.9971306,18,-13,-151
1739723246.0431306,-7,23,-109
1739723246.0881307,-46,30,-168
1739723246.1341307,0,-70,-33
1739723246.1801307,31,28,-101
1739723246.2251308,-15,80,-48
1739723246.2711308,-35,-50,-104
1739723246.3171306,-71,-10,-114
1739723246.3631306,-52,-36,-126
1739723246.4081306,0,-35,38
1739723246.4541306,44,-65,-71
1739723246.500131,12,87,-103
1739723246.5451307,16,-12,-89
1739723246.5911307,-26,48,-4
1739723246.6371307,1,24,-85
1739723246.6831307,17,-55,-45
1739723246.7281306,-68,-56,16
1739723246.7741306,-47,48,-84
1739723246.8201306,31,-11,-11
1739723246.865131,0,32,-191
1739723246.911131,6,-10,-25
1739723246.957131,-74,2,-159
1739723247.003131,2,-7,-63
1739723247.0481308,-10,32,-48
1739723247.0941308,12,66,-87
1739723247.1401308,-36,-1,-22
1739723247.1851306,22,-30,-23
1739723247.2311306,16,10,-49
1739723247.2771306,-11,-10,-7
1739723247.3231306,-34,33,-165
1739723247.3681307,57,-19,5
1739723247.4141307,26,-47,-87
1739723247.4601307,-61,14,-233
1739723247.5051308,5,-110,-135
1739723247.5511308,-8,40,52
1739723247.5971308,-38,-5,5
1739723247.6431308,-36,36,68
1739723247.6881306,-7,54,32
1739723247.7341306,-82,-26,-21
1739723247.7801306,22,-38,-49
1739723247.8251307,-7,26,-62
1739723247.8711307,20,9,-4
1739723247.9171307,-49,61,-104
1739723247.9631307,-21,8,-119
1739723248.0081308,65,29,46
1739723248.0541308,11,-2,10
1739723248.1001308,-37,10,-31
1739723248.1451306,-16,52,-86
1739723248.1911306,-5,-3,42
1739723248.2371306,-31,-87,41
1739723248.2831306,-101,35,28
1739723248.3281307,-24,42,-34
1739723248.3741307,-41,-6,-115
1739723248.4201307,-65,6,-23
1739723248.4651306,1,0,-31
1739723248.5111306,-56,54,-48
1739723248.5571306,83,-28,-33
1739723248.602131,-48,9,-115
1739723248.648131,54,36,-100
1739723248.694131,15,79,-98
1739723248.740131,-3,34,72
1739723248.7851307,-41,-56,79
1739723248.8311307,52,24,-82
1739723248.8771307,14,40,-87
1739723248.9221306,-9,68,9
1739723248.9681306,-111,9,-133
1739723249.0141306,-7,-2,-53
1739723249.0601306,-63,-49,-1
1739723249.105131,-30,41,-23
1739723249.151131,56,63,-111
1739723249.197131,-22,10,-61
1739723249.2421308,24,-29,14
1739723249.2881308,-36,-6,-43
1739723249.3341308,52,-42,-73
1739723249.3801308,1,22,-121
1739723249.4251306,38,55,-135
1739723249.4711306,-79,45,42
1739723249.5171306,19,14,-105
1739723249.5621307,-17,28,-6
1739723249.6081307,71,-20,-83
1739723249.6541307,-28,-54,-119
1739723249.7001307,15,88,-128
1739723249.7451308,-9,-11,-69
1739723249.7911308,-1,-25,-45
1739723249.8371308,-7,17,-30
1739723249.8821306,8,-35,3
1739723249.9281306,11,-70,-155
1739723249.9741306,-3,-18,-3
1739723250.0201306,-72,21,-58
1739723250.0651307,-4,52,-10
1739723250.1111307,1,42,-50
1739723250.1571307,4,11,-59
1739723250.2021308,40,-58,3
1739723250.2481308,-2,4,-107
1739723250.2941308,31,54,-60
1739723250.3401306,49,-44,-13
1739723250.3851306,-14,-16,3
1739723250.4311306,-21,39,-173
1739723250.477131,62,-42,-180
1739723250.5221307,15,15,-104
1739723250.5681307,5,-2,-92
1739723250.6141307,-36,56,53
1739723250.6601307,79,0,-96
1739723250.7051306,-73,52,-83
1739723250.7511306,-13,0,-13
1739723250.7971306,8,-17,-22
1739723250.842131,16,-116,-66
1739723250.888131,38,10,-156
1739723250.934131,-46,8,-37
1739723250.980131,64,-28,-28
1739723251.0251307,10,28,-21
1739723251.0711308,-12,33,17
1739723251.1171308,-32,74,11
1739723251.1621306,-34,7,5
1739723251.2081306,-101,47,87
1739723251.2541306,-12,-26,-26
1739723251.3001306,-49,34,-53
1739723251.3451307,51,-20,-60
1739723251.3911307,-11,1,-99
1739723251.4371307,-40,-23,-137
1739723251.4821308,-37,-1,-99
1739723251.5281308,3,-18,-36
1739723251.5741308,-41,-12,-131
1739723251.6201308,2,-21,-46
1739723251.6651306,15,49,-58
1739723251.7111306,21,40,-132
1739723251.7571306,-39,-3,-52
1739723251.8021307,44,42,-68
1739723251.8481307,-18,-48,-43
1739723251.8941307,88,-10,-170
1739723251.9401307,75,63,44
1739723251.9851308,-19,12,-28
1739723252.0311308,15,-74,-41
1739723252.0771308,8,18,22
1739723252.1221306,29,-41,-152
1739723252.1681306,10,5,-144
1739723252.2141306,6,26,-150
1739723252.2601306,27,-49,-132
1739723252.3051307,32,5,-82
1739723252.3511307,-22,-37,-3
1739723252.3971307,-40,119,-24
1739723252.4421306,-7,-25,-117
1739723252.4881306,-28,49,-50
1739723252.5341306,-5,5,-118
1739723252.5801306,25,17,-4
1739723252.625131,-12,-57,-97
1739723252.671131,-23,42,16
1739723252.717131,39,-28,-182
1739723252.7621307,-39,17,60
1739723252.8081307,-76,26,-80
1739723252.8541307,50,0,-86
1739723252.9001307,-19,-6,-73
1739723252.9451306,-3,-5,-27
1739723252.9911306,-23,4,-32
1739723253.0371306,-66,142,30
1739723253.082131,12,24,-26
1739723253.128131,28,-8,-46
1739723253.174131,14,-46,7
1739723253.2201307,-19,6,-122
1739723253.2651308,-53,15,-46
1739723253.3111308,-39,40,9
1739723253.3571308,32,9,53
1739723253.4021306,-20,18,-8
1739723253.4481306,-22,37,-104
1739723253.4941306,-73,-33,-14
1739723253.5401306,-2,21,-44
1739723253.5851307,17,-32,-20
1739723253.6311307,31,17,-70
1739723253.6771307,-36,-15,-69
1739723253.7221308,-23,15,-15
1739723253.7681308,3,-17,-59
1739723253.8141308,-23,-55,-39
1739723253.8601308,-11,12,-62
1739723253.9051306,19,-12,39
1739723253.9511306,37,31,-36
1739723253.9971306,-11,21,0
1739723254.0421307,-37,113,-38
1739723254.0881307,-43,8,-190
1739723254.1341307,8,-2,0
1739723254.1801307,-21,-4,7
1739723254.2251308,9,-25,-130
1739723254.2711308,15,104,-136
1739723254.3171306,28,-54,-125
1739723254.3621306,3,54,-84
1739723254.4081306,21,11,38
1739723254.4541306,39,38,-52
1739723254.500131,-101,40,-19
1739723254.5451307,-71,30,-133
1739723254.5911307,12,14,-35
1739723254.6371307,31,-39,68
1739723254.6881306,-12,-9,16
1739723254.7341306,-18,28,9
1739723254.7801306,-46,20,-53
1739723254.8251307,-12,-38,-61
1739723254.8711307,-39,66,-115
1739723254.9171307,-37,15,-63
1739723254.9621308,-20,39,-1
1739723255.0081308,-44,20,68
1739723255.0541308,8,-12,-68
1739723255.1001308,73,-4,-96
1739723255.1451306,41,-20,-43
1739723255.1911306,66,-21,-120
1739723255.2371306,19,8,-43
1739723255.2821307,38,-25,-56
1739723255.3281307,-74,4,-50
1739723255.3741307,-117,73,-107
1739723255.4201307,37,45,-34
1739723255.4651306,4,60,0
1739723255.5111306,49,-29,-38
1739723255.5571306,-89,1,-37
1739723255.602131,-29,-3,39
1739723255.648131,-24,-8,-50
1739723255.694131,38,30,12
1739723255.740131,-64,31,-11
1739723255.7851307,18,71,-53
1739723255.8311307,-9,-25,68
1739723255.8771307,-7,44,-107
1739723255.9221306,65,62,9
1739723255.9681306,-38,-1,-2
1739723256.0141306,-65,0,0
1739723256.0601306,-87,0,-48
1739723256.105131,-14,-40,38
1739723256.151131,-34,-49,4
1739723256.197131,100,35,124
1739723256.2421308,43,-23,-16
1739723256.2881308,23,39,-161
1739723256.3341308,-57,-28,-8
1739723256.3801308,-42,-38,122
1739723256.4251306,103,33,18
1739723256.4711306,-63,27,46
1739723256.5171306,44,-37,-105
1739723256.5621307,15,12,-83
1739723256.6081307,-50,-36,-127
1739723256.6541307,32,-4,-71
1739723256.7001307,-27,-2,24
1739723256.7451308,-60,35,-27
1739723256.7911308,34,-29,-3
1739723256.8371308,-5,-35,-71
1739723256.8821306,-26,-39,-45
1739723256.9281306,63,-30,-55
1739723256.9741306,-21,45,-111
1739723257.0201306,-19,24,-2
1739723257.0651307,20,44,94
1739723257.1111307,-9,-27,-33
1739723257.1571307,33,36,-43
1739723257.2021308,-17,71,-51
1739723257.2481308,-4,-10,46
1739723257.2941308,8,61,-117
1739723257.3401306,3,15,-45
1739723257.3851306,25,-18,-41
1739723257.4311306,34,-14,-95
1739723257.477131,-23,43,-5
1739723257.5221307,14,-6,-23
1739723257.5681307,38,24,15
1739723257.6141307,-9,12,-41
1739723257.6601307,-53,-10,-64
1739723257.7051306,-6,-22,-22
1739723257.7511306,-1,80,-167
1739723257.7971306,31,40,-95
1739723257.842131,11,50,57
1739723257.888131,-4,-28,-103
1739723257.934131,11,-7,-109
1739723257.980131,2,60,-93
1739723258.0251307,80,28,-29
1739723258.0711308,-26,-36,-164
1739723258.1171308,26,2,-63
1739723258.1621306,22,3,53
1739723258.2081306,29,28,-79
1739723258.2541306,78,20,-171
1739723258.3001306,55,76,15
1739723258.3451307,-16,19,20
1739723258.3911307,-68,13,-10
1739723258.4371307,17,-39,-69
1739723258.4821308,5,-8,-63
1739723258.5281308,-24,21,62
1739723258.5741308,16,23,39
1739723258.6201308,21,9,-81
1739723258.6651306,-26,-9,-88
1739723258.7111306,0,87,5
1739723258.7571306,52,60,-69
1739723258.8021307,-37,24,-4
1739723258.8481307,112,54,-47
1739723258.8941307,25,86,71
1739723258.9391308,65,-5,49
1739723258.9851308,-57,-21,148
1739723259.0311308,-35,-1,-96
1739723259.0771308,-4,105,-41
1739723259.1221306,-76,73,-2
1739723259.1681306,-4,-75,14
1739723259.2141306,31,-38,-21
1739723259.2591307,16,-24,-85
1739723259.3051307,-58,81,-52
1739723259.3511307,-47,-60,-128
1739723259.3971307,69,-4,31
1739723259.4421306,-26,28,-111
1739723259.4881306,-6,-56,-34
1739723259.5341306,28,83,-85
1739723259.5791306,48,-27,-37
1739723259.625131,-24,88,-39
1739723259.671131,52,-8,-83
1739723259.717131,4,58,-35
1739723259.7621307,39,26,41
1739723259.8081307,-76,-36,32
1739723259.8541307,64,-16,35
1739723259.8991306,-18,9,-86
1739723259.9451306,13,19,-47
1739723259.9911306,47,-109,-175
1739723260.0371306,0,20,-21
1739723260.082131,-65,-9,-28
1739723260.128131,63,25,-59
1739723260.174131,91,-4,31
1739723260.2191308,60,22,-177
1739723260.2651308,-35,-70,14
1739723260.3111308,54,48,19
1739723260.3571308,43,-20,-29
1739723260.4021306,-16,28,-139
1739723260.4481306,2,-39,-117
1739723260.4941306,-74,3,-31
1739723260.5391307,35,46,-13
1739723260.5851307,-42,11,-147
1739723260.6311307,35,18,61
1739723260.6771307,-92,-1,-25
1739723260.7221308,-26,-40,-28
1739723260.7681308,-1,23,-9
1739723260.8141308,43,98,-149
1739723260.8591306,-11,62,47
1739723260.9051306,17,85,-91
1739723260.9511306,50,22,73
1739723260.9971306,3,1,28
1739723261.0421307,-16,-18,-67
1739723261.0881307,-21,-14,-34
1739723261.1341307,-3,11,-67
1739723261.1791308,8,49,48
1739723261.2251308,-10,-13,-69
1739723261.2711308,25,-47,-41
1739723261.3171306,-2,-4,112
1739723261.3621306,88,26,-92
1739723261.4081306,-41,18,-79
1739723261.4541306,49,-31,22
1739723261.4991307,3,15,32
1739723261.5451307,63,-73,62
1739723261.5911307,-16,9,-87
1739723261.6371307,107,0,-70
1739723261.6821306,8,-1,-52
1739723261.7281306,34,33,4
1739723261.7741306,69,-6,26
1739723261.819131,32,60,-112
1739723261.865131,-17,-156,-39
1739723261.911131,-51,-33,-85
1739723261.957131,22,44,-64
1739723262.0021307,-50,3,53
1739723262.0481308,5,-34,-62
1739723262.0941308,49,28,-86
1739723262.1391306,-24,-18,-89
1739723262.1851306,20,75,-30
1739723262.2311306,-21,-62,3
1739723262.2771306,-38,-76,21
1739723262.322131,55,25,-196
1739723262.3681307,47,-1,-80
1739723262.4141307,17,0,110
1739723262.4591308,83,5,4
1739723262.5051308,27,-27,-222
1739723262.5511308,3,-58,91
1739723262.5971308,-106,-58,-75
1739723262.6421306,137,10,-42
1739723262.6881306,-36,21,-29
1739723262.7341306,24,-3,22
1739723262.7791307,-41,0,-63
1739723262.8251307,-59,18,-21
1739723262.8711307,12,-52,-39
1739723262.9171307,-4,39,-60
1739723262.9611306,8,8,-138
1739723263.0071306,109,32,-146
1739723263.0531306,12,77,40
1739723263.0981307,31,26,38
1739723263.1441307,-10,0,-128
1739723263.1901307,46,63,-126
1739723263.2351308,112,33,-12
1739723263.2811308,6,25,2
1739723263.3271308,41,-2,-86
1739723263.3731308,-47,-11,21
1739723263.4181306,-59,-21,-199
1739723263.4641306,-55,36,-51
1739723263.5101306,35,56,-144
1739723263.5551307,60,30,54
1739723263.6011307,-18,108,-80
1739723263.6471307,-22,27,-7
1739723263.6931307,-100,-39,-49
1739723263.7381306,43,9,-2
1739723263.7841306,24,41,0
1739723263.8301306,-117,3,13
1739723263.875131,13,-16,-64
1739723263.921131,38,-15,-58
1739723263.967131,23,-69,3
1739723264.013131,-20,18,-86
1739723264.0581307,0,-9,21
1739723264.1041307,0,-28,-61
1739723264.1501307,-31,-1,23
1739723264.1951306,-113,-82,-91
1739723264.2411306,-46,49,-182
1739723264.2871306,-31,17,-80
1739723264.3331306,0,2,8
1739723264.378131,13,40,-4
1739723264.424131,-4,-55,-155
1739723264.4701307,-8,-42,-97
1739723264.5151308,-3,33,-106
1739723264.5611308,18,75,-116
1739723264.6071308,82,46,-110
1739723264.6531308,15,21,-58
1739723264.7041306,2,81,66
1739723264.750131,-32,121,-80
1739723264.7951307,62,3,2
1739723264.8411307,40,-6,-84
1739723264.8871307,-57,-11,-23
1739723264.9331307,110,24,4
1739723264.9781306,-20,69,107
1739723265.0241306,-24,80,-79
1739723265.0701306,77,73,-92
1739723265.115131,69,-56,24
1739723265.161131,102,-13,52
1739723265.207131,3,36,-42
1739723265.253131,74,66,12
1739723265.2981308,-25,91,-11
1739723265.3441308,-86,-1,-119
1739723265.3901308,-67,8,-65
1739723265.4351306,55,35,-40
1739723265.4811306,-20,51,-49
1739723265.5271306,2,-50,-49
1739723265.5731306,4,17,92
1739723265.6181307,0,18,-104
1739723265.6641307,120,-26,-129
1739723265.7101307,-23,-6,42
1739723265.7551308,48,-17,-77
1739723265.8011308,-64,-55,50
1739723265.8471308,2,-52,-2
1739723265.8931308,22,-42,-1
1739723265.9381306,153,-5,31
1739723265.9841306,25,-20,-129
1739723266.0301306,-23,-45,-75
1739723266.0751307,95,-5,-129
1739723266.1211307,-3,-61,-20
1739723266.1671307,-4,45,-37
1739723266.2131307,-82,-24,16
1739723266.2591307,-57,0,-28
1739723266.3051307,28,-5,-35
1739723266.3511307,-20,18,-83
1739723266.3971307,34,-14,-47
1739723266.4421306,1,1,-29
1739723266.4881306,-19,-66,-133
1739723266.5341306,8,92,0
1739723266.5791306,-45,-3,-145
1739723266.625131,-30,-19,-149
1739723266.671131,-19,-3,-16
1739723266.717131,-32,29,44
1739723266.7621307,41,-30,47
1739723266.8081307,56,-16,-111
1739723266.8541307,-62,23,72
1739723266.8991306,-46,-77,-78
1739723266.9451306,20,-4,-13
1739723266.9911306,8,-14,-83
1739723267.0371306,-48,-25,-26
1739723267.082131,-80,-51,0
1739723267.128131,26,-71,-121
1739723267.174131,11,69,-36
1739723267.2191308,56,10,-11
1739723267.2651308,-91,18,-60
1739723267.3111308,24,-26,68
1739723267.3571308,10,44,-55
1739723267.4021306,-25,-3,-75
1739723267.4481306,30,22,-15
1739723267.4941306,-44,60,-96
1739723267.5391307,-26,23,-86
1739723267.5851307,-1,39,-44
1739723267.6311307,-44,-20,-101
1739723267.6771307,54,45,5
1739723267.7221308,80,-64,-85
1739723267.7681308,-28,-52,38
1739723267.8141308,-51,12,-74
1739723267.8591306,1,-62,-13
1739723267.9051306,-54,-14,-30
1739723267.9511306,6,4,58
1739723267.9971306,50,-29,-103
1739723268.0421307,-3,-24,-33
1739723268.0881307,-34,-42,-45
1739723268.1341307,11,-11,56
1739723268.1791308,-54,-20,-145
1739723268.2251308,-30,-4,-109
1739723268.2711308,-3,-12,-63
1739723268.3171306,23,-4,-57
1739723268.3621306,-23,17,-131
1739723268.4081306,-18,-17,-5
1739723268.4541306,16,39,-29
1739723268.4991307,-68,-32,-125
1739723268.5451307,-9,-31,84
1739723268.5911307,1,-30,96
1739723268.6371307,7,-53,-71
1739723268.6821306,-79,32,-59
1739723268.7281306,-24,0,-135
1739723268.7741306,79,8,-69
1739723268.819131,-36,-6,-57
1739723268.865131,-5,-58,-71
1739723268.911131,1,-5,-51
1739723268.9561307,31,54,-87
1739723269.0021307,-67,-22,13
1739723269.0481308,27,-107,-62
1739723269.0941308,-51,-15,-155
1739723269.1391306,37,-26,38
1739723269.1851306,6,-7,-101
1739723269.2311306,-44,65,41
1739723269.276131,72,25,-49
1739723269.322131,-32,2,-13
1739723269.3681307,41,40,-17
1739723269.4141307,-9,53,-23
1739723269.4591308,-1,-18,34
1739723269.5051308,-69,-12,-112
1739723269.5511308,-46,-35,1
1739723269.5961306,1,-36,-16
1739723269.6421306,-17,11,109
1739723269.6881306,0,21,2
1739723269.7341306,93,-18,-122
1739723269.7791307,-40,-20,-112
1739723269.8251307,-68,12,53
1739723269.8711307,-23,15,-100
1739723269.9161308,-18,-22,19
1739723269.9621308,-3,0,-52
1739723270.0081308,-49,-30,13
1739723270.0541308,-63,26,-58
1739723270.0991306,-54,-27,-26
1739723270.1451306,-38,79,-32
1739723270.1911306,1,48,-36
1739723270.2361307,73,58,-118
1739723270.2821307,-10,63,-137
1739723270.3281307,-7,-97,72
1739723270.3741307,-42,59,-80
1739723270.4191308,-5,-15,-2
1739723270.4651306,48,-46,9
1739723270.5111306,47,25,2
1739723270.5561306,76,30,18
1739723270.602131,-4,28,-78
1739723270.648131,-152,-24,-79
1739723270.694131,-29,106,-218
1739723270.7391307,20,-5,-50
1739723270.7851307,50,12,-112
1739723270.8311307,-72,-61,-25
1739723270.8761306,70,7,-26
1739723270.9221306,-11,45,50
1739723270.9681306,36,45,-36
1739723271.0141306,19,51,104
1739723271.059131,67,26,-74
1739723271.105131,14,37,-198
1739723271.151131,7,12,-104
1739723271.1961308,-24,-18,-39
1739723271.2421308,-22,-8,51
1739723271.2881308,37,20,4
1739723271.3341308,32,-36,18
1739723271.3791306,-6,59,-74
1739723271.4251306,-29,25,-10
1739723271.4711306,45,-15,-49
1739723271.5161307,0,-1,-50
1739723271.5621307,-1,72,-176
1739723271.6081307,19,9,73
1739723271.6541307,-74,46,-82
1739723271.6991308,-12,68,-2
1739723271.7451308,-39,-4,-11
1739723271.7911308,-26,41,-50
1739723271.8361306,58,-9,-54
1739723271.8821306,28,-66,12
1739723271.9281306,-52,-28,5
1739723271.9741306,33,-28,-152
1739723272.0191307,63,23,-102
1739723272.0651307,-12,67,-73
1739723272.1111307,-32,19,35
1739723272.1561308,-47,-34,-117
1739723272.2021308,-19,53,-9
1739723272.2481308,-45,62,39
1739723272.2941308,9,36,45
1739723272.3391306,-15,27,-47
1739723272.3851306,-2,-53,24
1739723272.4311306,21,-11,-62
1739723272.4761307,-41,-14,-65
1739723272.5221307,13,19,-100
1739723272.5681307,-71,9,-39
1739723272.6141307,-12,-12,-75
1739723272.6591306,-63,0,35
1739723272.7051306,-28,40,-116
1739723272.7511306,-59,20,-15
1739723272.796131,-12,6,-11
1739723272.842131,1,1,-12
1739723272.888131,-8,9,-194
1739723272.934131,-17,17,-147
1739723272.9791307,17,26,44
1739723273.0251307,58,77,-41
1739723273.0711308,43,23,-151
1739723273.1161306,-40,-4,-2
1739723273.1621306,-32,-2,14
1739723273.2081306,11,-15,-59
1739723273.2541306,128,-26,-47
1739723273.299131,-101,-18,0
1739723273.3451307,-9,61,-25
1739723273.3911307,-23,-34,-49
1739723273.4361308,-100,55,38
1739723273.4821308,-5,-15,36
1739723273.5281308,-61,-89,-77
1739723273.5741308,-26,11,-47
1739723273.6191306,-54,52,66
1739723273.6651306,36,47,-73
1739723273.7111306,41,-37,-87
1739723273.7561307,-39,9,54
1739723273.8021307,21,-22,-65
1739723273.8481307,-12,-27,-117
1739723273.8941307,45,-36,29
1739723273.9391308,28,-30,0
1739723273.9851308,-9,57,34
1739723274.0311308,-28,34,-87
1739723274.0761306,-14,-72,72
1739723274.1221306,-47,-10,6
1739723274.1681306,24,40,-43
1739723274.2141306,-49,58,-93
1739723274.2591307,-19,22,-23
1739723274.3051307,-11,24,-87
1739723274.3511307,-11,2,-129
1739723274.3961308,-107,-23,-74
1739723274.4421306,26,-33,10
1739723274.4881306,-12,-33,-113
1739723274.5341306,-4,-10,-33
1739723274.5791306,-18,-105,-137
1739723274.625131,54,80,-33
1739723274.671131,35,62,92
1739723274.7221308,42,17,-61
1739723274.7681308,0,0,90
1739723274.8141308,-70,-49,-45
1739723274.8591306,-20,-32,22
1739723274.9051306,-62,-10,-93
1739723274.9511306,24,-18,-17
1739723274.9961307,46,-53,-45
1739723275.0421307,9,-53,-69
1739723275.0881307,-73,33,-83
1739723275.1341307,3,44,8
1739723275.1791308,-84,70,-120
1739723275.2251308,14,9,-119
1739723275.2711308,-5,-3,-9
1739723275.3161306,2,77,-60
1739723275.3621306,3,44,4
1739723275.4081306,-50,-23,12
1739723275.4541306,18,88,-76
1739723275.4991307,5,-20,-43
1739723275.5451307,10,0,-109
1739723275.5911307,-10,-51,-87
1739723275.6361306,3,7,-129
1739723275.6821306,80,24,-49
1739723275.7281306,-53,53,50
1739723275.7741306,-85,36,14
1739723275.819131,4,-6,40
1739723275.865131,71,28,-119
1739723275.911131,-7,-37,-25
1739723275.9561307,27,64,-64
1739723276.0021307,-4,-14,57
1739723276.0481308,15,-32,-69
1739723276.0941308,6,1,-23
1739723276.1391306,-76,-51,-101
1739723276.1851306,65,-7,-7
1739723276.2311306,-29,71,-60
1739723276.276131,70,65,30
1739723276.322131,-83,27,4
1739723276.3681307,-9,-47,-3
1739723276.4141307,129,-27,-69
1739723276.4591308,-21,0,-71
1739723276.5051308,1,6,-121
1739723276.5511308,42,-12,-4
1739723276.5961306,0,-1,16
1739723276.6421306,5,6,74
1739723276.6881306,25,14,-66
1739723276.7341306,-14,74,6
1739723276.7791307,-29,-17,55
1739723276.8251307,69,0,58
1739723276.8711307,-14,-71,47
1739723276.9161308,3,31,44
1739723276.9621308,97,8,-81
1739723277.0081308,24,11,-103
1739723277.0541308,-56,6,-26
1739723277.0991306,22,-28,59
1739723277.1451306,-3,-2,-121
1739723277.1911306,-11,-51,-147
1739723277.2361307,-114,16,-104
1739723277.2821307,-71,26,0
1739723277.3281307,-30,3,-61
1739723277.3741307,47,-37,-137
1739723277.4191308,33,84,6
1739723277.4651306,-63,33,-8
1739723277.5111306,24,-71,-13
1739723277.5561306,65,80,18
1739723277.602131,-49,51,22
1739723277.648131,87,-29,-13
1739723277.694131,-3,-10,-99
1739723277.7391307,2,-17,-97
1739723277.7851307,46,-49,-49
1739723277.8311307,-60,1,-116
1739723277.8761306,-34,27,178
1739723277.9221306,6,-10,60
1739723277.9681306,19,32,-41
1739723278.013131,-70,1,-54
1739723278.059131,0,-82,-7
1739723278.105131,15,25,0
1739723278.151131,6,21,-91
1739723278.1961308,-81,-2,18
1739723278.2421308,-34,-22,-11
1739723278.2881308,15,-4,-39
1739723278.3341308,-6,-52,-127
1739723278.3791306,106,-27,-125
1739723278.424131,28,-59,-111
1739723278.4701307,18,-10,-73
1739723278.5151308,20,10,-51
1739723278.5611308,26,51,-139
1739723278.6071308,-15,-59,-79
1739723278.6521306,62,-4,-61
1739723278.6981306,71,-8,-113
1739723278.7441306,-25,2,-161
1739723278.7901306,-11,18,32
1739723278.8351307,-76,-7,-53
1739723278.8811307,51,9,70
1739723278.9271307,-8,40,-50
1739723278.9721308,-7,28,-137
1739723279.0181308,-50,47,-76
1739723279.0641308,22,-26,-57
1739723279.1091306,-69,7,-92
1739723279.1551306,49,-23,19
1739723279.2011306,-83,-8,-135
1739723279.2471306,42,21,-123
1739723279.2921307,-14,-30,-53
1739723279.3381307,-38,52,-36
1739723279.3841307,-7,-60,-49
1739723279.4291308,-76,-5,14
1739723279.4751308,-53,39,96
1739723279.5211308,-44,-45,-48
1739723279.5671306,30,-115,-16
1739723279.6121306,-1,69,-117
1739723279.6581306,-42,-48,-191
1739723279.7041306,-34,-39,-73
1739723279.7491307,31,37,74
1739723279.7951307,14,-3,-111
1739723279.8411307,100,-43,-10
1739723279.8871307,8,25,11
1739723279.9321306,-9,21,70
1739723279.9781306,-93,-65,-94
1739723280.0241306,-26,40,-39
1739723280.069131,-89,-27,0
1739723280.115131,28,83,-107
1739723280.161131,-40,-27,4
1739723280.207131,38,22,-19
1739723280.2521307,40,-17,-23
1739723280.2981308,-11,55,-61
1739723280.3441308,-8,-31,-50
1739723280.3891306,30,22,12
1739723280.4351306,-33,27,41
1739723280.4811306,26,76,-96
1739723280.5271306,55,-52,96
1739723280.572131,14,-25,-140
1739723280.6181307,-31,-44,-55
1739723280.6641307,43,-33,1
1739723280.7091308,-34,-37,-95
1739723280.7551308,6,69,-44
1739723280.8011308,-13,15,-14
1739723280.8471308,10,45,-102
1739723280.8921306,-59,0,-36
1739723280.9381306,-1,-20,49
1739723280.9841306,-22,-1,-104
1739723281.0291307,44,4,49
1739723281.0751307,16,-5,7
1739723281.1211307,-65,-29,-41
1739723281.1671307,-28,-8,-32
1739723281.2121308,21,57,60
1739723281.2581308,6,-50,-15
1739723281.3041308,10,25,14
1739723281.3491306,67,23,-36
1739723281.3951306,42,63,-84
1739723281.4411306,0,-16,-7
1739723281.4871306,20,53,-64
1739723281.5321307,53,57,-66
1739723281.5781307,-34,2,-52
1739723281.6241307,31,-32,-119
1739723281.6691308,-117,15,68
1739723281.7151306,136,-38,-21
1739723281.7611306,34,14,108
1739723281.8071306,-6,10,-72
1739723281.852131,23,-10,-47
1739723281.898131,56,0,-60
1739723281.944131,-6,9,-184
1739723281.9891307,-26,2,-71
1739723282.0351307,-37,26,-124
1739723282.0811307,17,12,36
1739723282.1271307,1,55,-16
1739723282.1721306,-57,-23,-31
1739723282.2181306,4,33,-48
1739723282.2641306,53,7,-122
1739723282.309131,-7,-17,-73
1739723282.355131,110,-22,-40
1739723282.401131,66,12,-110
1739723282.447131,-91,0,-41
1739723282.4921308,-95,23,-9
1739723282.5381308,54,-26,-70
1739723282.5841308,-59,-11,56
1739723282.6291306,-53,5,-61
1739723282.6751306,-12,-31,-91
1739723282.7211306,-32,-37,-9
1739723282.7671306,-26,2,-64
1739723282.8121307,32,11,-14
1739723282.8581307,35,-1,45
1739723282.9041307,-88,-33,-13
1739723282.9491308,51,86,-100
1739723282.9951308,59,-11,9
1739723283.0411308,14,-13,-138
1739723283.0871308,0,0,-12
1739723283.1321306,9,0,-32
1739723283.1781306,-84,-34,-53
1739723283.2241306,13,-9,-86
1739723283.2691307,10,-3,-34
1739723283.3151307,-45,-30,29
1739723283.3611307,14,-16,2
1739723283.4071307,48,69,-76
1739723283.4521308,2,5,49
1739723283.4981308,80,38,25
1739723283.5441308,3,27,-73
1739723283.5891306,-22,67,-145
1739723283.6351306,-2,39,-111
1739723283.6811306,4,31,-39
1739723283.727131,-94,47,-40
1739723283.7721307,-35,46,-65
1739723283.8181307,-67,-9,46
1739723283.8641307,-90,5,-118
1739723283.9091306,-8,-31,-49
1739723283.9551306,62,19,-119
1739723284.0011306,-24,39,38
1739723284.0471306,22,3,88
1739723284.092131,31,-21,44
1739723284.138131,-36,-46,68
1739723284.184131,22,-42,-52
1739723284.2291307,-17,-25,10
1739723284.2751307,-13,-17,-109
1739723284.3211308,0,-24,20
1739723284.3671308,-2,28,-1
1739723284.4121306,40,44,-65
1739723284.4581306,17,38,95
1739723284.5041306,59,-12,-25
1739723284.549131,70,31,93
1739723284.5951307,51,-61,20
1739723284.6411307,-167,68,-125
1739723284.6871307,24,-17,-12
1739723284.7381306,40,25,-59
1739723284.7841306,34,71,-41
1739723284.8291306,-40,0,12
1739723284.875131,-54,14,-1
1739723284.921131,-19,2,8
1739723284.967131,22,-72,-4
1739723285.0121307,25,-101,-88
1739723285.0581307,-4,46,0
1739723285.1041307,6,-3,-139
1739723285.1491306,-85,40,-41
1739723285.1951306,-21,-73,-28
1739723285.2411306,-50,103,-9
1739723285.2871306,9,-28,-95
1739723285.332131,-30,8,66
1739723285.378131,0,-47,18
1739723285.424131,-5,42,-43
1739723285.4691308,28,13,1
1739723285.5151308,9,23,-65
1739723285.5611308,16,16,-55
1739723285.6071308,-9,-14,-125
1739723285.6521306,15,13,6
1739723285.6981306,-108,0,-217
1739723285.7441306,-27,26,-142
1739723285.7891307,39,39,52
1739723285.8351307,-81,69,-56
1739723285.8811307,4,-2,-80
1739723285.9271307,54,-9,2
1739723285.9721308,76,-39,-22
1739723286.0181308,-11,-7,-114
1739723286.0641308,57,45,-56
1739723286.1091306,23,11,-66
1739723286.1551306,78,-28,-37
1739723286.2011306,-42,-36,-114
1739723286.2471306,-18,31,115
1739723286.2921307,126,23,6
1739723286.3381307,-29,57,59
1739723286.3841307,0,-70,-60
1739723286.4291308,0,3,-16
1739723286.4751308,-21,-15,-16
1739723286.5211308,24,-26,-62
1739723286.5671306,-90,34,-2
1739723286.6121306,3,17,-18
1739723286.6581306,69,-33,-128
1739723286.7041306,-49,-43,-17
1739723286.7491307,-11,14,-110
1739723286.7951307,-36,0,11
1739723286.8411307,-68,42,-97
1739723286.8871307,-13,-16,-37
1739723286.9321306,-18,-40,-76
1739723286.9781306,-81,1,-47
1739723287.0241306,4,-14,-3
1739723287.069131,66,-7,-42
1739723287.115131,48,45,-162
1739723287.161131,15,-66,-150
1739723287.207131,-4,-51,-42
1739723287.2521307,-79,-76,104
1739723287.2981308,-69,-45,-50
1739723287.3441308,22,-24,-80
1739723287.3891306,-17,-38,50
1739723287.4351306,-28,-42,72
1739723287.4811306,106,39,-87
1739723287.5271306,-46,-51,-162
1739723287.572131,21,4,-59
1739723287.6181307,-3,33,43
1739723287.6641307,-52,-34,10
1739723287.7091308,16,20,-55
1739723287.7551308,-50,-16,-36
1739723287.8011308,51,-37,-86
1739723287.8471308,48,38,-33
1739723287.8921306,-12,64,-26
1739723287.9381306,0,-32,55
1739723287.9841306,19,-54,13
1739723288.0291307,51,59,65
1739723288.0751307,44,38,37
1739723288.1211307,-131,-30,-112
1739723288.1671307,29,-46,-141
1739723288.2121308,8,-48,-63
1739723288.2581308,74,4,-215
1739723288.3041308,69,29,-29
1739723288.3491306,-42,16,-39
1739723288.3951306,-70,-9,-148
1739723288.4411306,43,21,-35
1739723288.4871306,-43,51,19
1739723288.5321307,56,-45,-2
1739723288.5781307,-32,57,-79
1739723288.6241307,-48,49,-48
1739723288.6691308,-42,14,-93
1739723288.7151306,-19,-18,-100
1739723288.7611306,-17,58,-57
1739723288.8071306,65,0,-67
1739723288.852131,25,-7,-19
1739723288.898131,-85,-93,-50
1739723288.944131,2,28,-65
1739723288.9891307,42,48,181
1739723289.0351307,32,28,17
1739723289.0811307,25,17,-75
1739723289.1261306,-9,28,-67
1739723289.1721306,-6,5,-80
1739723289.2181306,8,-90,-160
1739723289.2641306,0,-82,26
1739723289.309131,-34,7,-68
1739723289.355131,-9,30,-9
1739723289.401131,-33,-10,-54
1739723289.4461308,55,33,94
1739723289.4921308,106,-59,-12
1739723289.5381308,-2,24,-67
1739723289.5841308,-38,-5,92
1739723289.6291306,-16,-16,-44
1739723289.6751306,-23,49,-131
1739723289.7211306,-55,31,-45
1739723289.7661307,88,4,25
1739723289.8121307,-77,-31,-94
1739723289.8581307,62,-23,35
1739723289.9041307,-6,17,-168
1739723289.9491308,-14,7,-14
1739723289.9951308,-50,44,-78
1739723290.0411308,69,7,-76
1739723290.0861306,74,5,-138
1739723290.1321306,10,30,-16
1739723290.1781306,15,-74,7
1739723290.2241306,-43,-29,-188
1739723290.2691307,10,-20,27
1739723290.3151307,27,-36,-20
1739723290.3611307,34,-11,21
1739723290.4061308,-60,-39,54
1739723290.4521308,53,-88,-36
1739723290.4981308,22,-18,14
1739723290.5441308,17,44,42
1739723290.5891306,15,24,-157
1739723290.6351306,-135,89,-7
1739723290.6811306,30,61,16
1739723290.7261307,77,29,-35
1739723290.7721307,62,-34,21
1739723290.8181307,-23,21,-161
1739723290.8641307,-4,82,-84
1739723290.9091306,-57,42,-6
1739723290.9551306,-58,-11,-189
1739723291.0011306,-23,-30,-69
1739723291.046131,-73,35,12
1739723291.092131,15,-18,-117
1739723291.138131,-32,-30,-115
1739723291.184131,40,-42,-101
1739723291.2291307,14,-43,-38
1739723291.2751307,46,75,-57
1739723291.3211308,-69,-71,8
1739723291.3661306,36,-3,-83
1739723291.4121306,-37,-43,-73
1739723291.4581306,-8,61,-34
1739723291.5041306,-23,-92,7
1739723291.549131,-5,9,-107
1739723291.5951307,13,58,-101
1739723291.6411307,48,55,54
1739723291.6861308,-63,13,-42
1739723291.7321308,0,1,38
1739723291.7781308,6,37,56
1739723291.8241308,-36,58,-32
1739723291.8691306,-1,28,-85
1739723291.9151306,-61,63,4
1739723291.9611306,-32,57,146
1739723292.0061307,17,-16,5
1739723292.0521307,32,1,23
1739723292.0981307,23,46,-185
1739723292.1441307,36,-81,5
1739723292.1891308,-6,-9,56
1739723292.2351308,-38,-38,18
1739723292.2811308,2,-3,-63
1739723292.3261306,-19,-54,-28
1739723292.3721306,29,-31,-109
1739723292.4181306,-31,-45,44
1739723292.4641306,99,-6,1
1739723292.5091307,-74,-12,-150
1739723292.5551307,34,-28,19
1739723292.6011307,75,45,-61
1739723292.6461308,-46,-5,2
1739723292.6921306,-30,40,34
1739723292.7381306,-34,-51,-68
1739723292.7841306,45,70,-79
1739723292.8291306,-58,-1,30
1739723292.875131,15,7,0
1739723292.921131,-21,1,-80
1739723292.9661307,-28,-48,-72
1739723293.0121307,23,31,98
1739723293.0581307,21,-17,-33
1739723293.1041307,4,-34,1
1739723293.1491306,44,84,1
1739723293.1951306,31,-11,-89
1739723293.2411306,66,-20,-35
1739723293.286131,-14,30,-4
1739723293.332131,-64,14,-102
1739723293.378131,0,-17,-91
1739723293.424131,-41,67,50
1739723293.4691308,-27,-38,-30
1739723293.5151308,45,59,-119
1739723293.5611308,-57,7,-26
1739723293.6061306,34,44,-57
1739723293.6521306,11,103,28
1739723293.6981306,47,-2,-111
1739723293.7441306,42,10,-15
1739723293.7891307,37,-57,-53
1739723293.8351307,59,55,-157
1739723293.8811307,-30,26,-180
1739723293.9261308,23,-58,-115
1739723293.9721308,-52,-33,44
1739723294.0181308,5,-16,-45
1739723294.0641308,84,-20,-17
1739723294.1091306,54,-65,101
1739723294.1551306,77,-52,9
1739723294.2011306,7,42,-39
1739723294.2461307,116,1,-39
1739723294.2921307,0,-4,70
1739723294.3381307,-79,-79,-32
1739723294.3841307,35,-21,61
1739723294.4291308,-13,65,-44
1739723294.4751308,63,25,41
1739723294.5211308,70,20,-59
1739723294.5661306,-3,-30,74
1739723294.6121306,54,29,-31
1739723294.6581306,-54,25,104
1739723294.7041306,38,18,-15
1739723294.7551308,33,40,-1
1739723294.8011308,-32,49,-74
1739723294.8461306,-25,9,-4
1739723294.8921306,30,-7,21
1739723294.9381306,52,-30,-53
1739723294.9841306,-34,6,-42
1739723295.0291307,-20,55,-46
1739723295.0751307,50,-31,17
1739723295.1211307,-50,40,-86
1739723295.1661308,-12,-29,-121
1739723295.2121308,65,-34,-119
1739723295.2581308,17,29,-1
1739723295.3041308,92,17,-45
1739723295.3491306,21,-42,65
1739723295.3951306,-20,-19,-181
1739723295.4411306,-49,-21,-42
1739723295.4861307,-35,-3,-8
1739723295.5321307,33,-42,-191
1739723295.5781307,-5,13,-8
1739723295.6241307,3,-7,0
1739723295.6691308,-44,-10,-94
1739723295.7151306,-56,-28,-102
1739723295.7611306,-16,-1,-47
1739723295.8061306,-11,-25,16
1739723295.852131,-24,-18,-145
1739723295.898131,0,1,14
1739723295.944131,4,21,-25
1739723295.9891307,-5,-16,-33
1739723296.0351307,30,-97,-87
1739723296.0811307,-81,-27,-62
1739723296.1261306,33,27,-7
1739723296.1721306,47,-53,-5
1739723296.2181306,-45,58,-127
1739723296.2641306,86,37,-49
1739723296.309131,18,-43,-67
1739723296.355131,-2,-55,22
1739723296.401131,-17,22,26
1739723296.4461308,-10,57,12
1739723296.4921308,-26,4,-8
1739723296.5381308,21,-46,-179
1739723296.5841308,-57,4,86
1739723296.6291306,-22,37,-2
1739723296.6751306,-21,1,-95
1739723296.7211306,-62,-6,-36
1739723296.7661307,20,-31,-69
1739723296.8121307,-49,52,-134
1739723296.8581307,-50,-9,68
1739723296.9041307,58,-14,-139
1739723296.9491308,-12,1,-30
1739723296.9951308,-27,15,-6
1739723297.0411308,-28,18,-58
1739723297.0861306,16,-12,-113
1739723297.1321306,31,28,-41
1739723297.1781306,30,-6,49
1739723297.2241306,8,63,-25
1739723297.2691307,35,-59,-59
1739723297.3151307,-26,58,-52
1739723297.3611307,-42,-47,58
1739723297.4061308,-32,-59,8
1739723297.4521308,11,67,-43
1739723297.4981308,-66,-36,28
1739723297.5441308,108,14,0
1739723297.5891306,-8,-21,6
1739723297.6351306,79,-14,-121
1739723297.6811306,-41,38,36
1739723297.7261307,-48,22,-72
1739723297.7721307,-20,38,86
1739723297.8181307,40,24,-9
1739723297.8641307,25,-28,-131
1739723297.9091306,-10,-13,132
1739723297.9551306,47,-22,-173
1739723298.0011306,30,14,43
1739723298.046131,-18,-62,80
1739723298.092131,-26,2,94
1739723298.138131,-82,74,7
1739723298.184131,15,9,11
1739723298.2291307,-22,-20,-113
1739723298.2751307,-35,15,-37
1739723298.3211308,10,63,-49
1739723298.3661306,-38,30,5
1739723298.4121306,28,85,-19
1739723298.4581306,-58,-66,-18
1739723298.5041306,5,-10,-11
1739723298.549131,-18,50,-63
1739723298.5951307,-4,-28,-77
1739723298.6411307,-19,-17,-62
1739723298.6861308,53,15,-149
1739723298.7321308,-17,-3,-37
1739723298.7781308,-6,-1,-4
1739723298.8241308,59,-12,47
1739723298.8691306,-9,4,-37
1739723298.9151306,-45,58,48
1739723298.9611306,-20,-72,-74
1739723299.0061307,-86,8,-64
1739723299.0521307,-51,25,39
1739723299.0981307,17,0,-69
1739723299.1431308,3,-56,-8
1739723299.1891308,46,-26,-7
1739723299.2351308,35,9,-23
1739723299.2811308,-4,76,-51
1739723299.3261306,-45,-54,0
1739723299.3721306,21,-21,-127
1739723299.4181306,-4,-97,102
1739723299.4631307,-7,21,-131
1739723299.5091307,7,13,-61
1739723299.5551307,49,-43,-91
1739723299.6011307,34,-15,110
1739723299.6461308,5,56,0
1739723299.6921306,9,-12,-11
1739723299.7381306,-25,41,66
1739723299.7831306,-8,-40,-56
1739723299.8291306,12,-17,51
1739723299.875131,-2,-94,-24
1739723299.921131,81,-111,106
1739723299.9661307,9,61,31
1739723300.0121307,-27,-7,-40
1739723300.0581307,-20,36,-41
1739723300.1031306,53,2,49
1739723300.1491306,91,-32,-52
1739723300.1951306,-2,-32,-136
1739723300.2411306,-28,3,28
1739723300.286131,-92,25,37
1739723300.332131,0,-35,10
1739723300.378131,-7,3,-14
1739723300.4231308,-43,-1,-86
1739723300.4691308,21,-45,-82
1739723300.5151308,-42,73,-2
1739723300.5611308,16,100,-74
1739723300.6061306,27,51,-78
1739723300.6521306,-15,45,-28
1739723300.6981306,-29,-21,-116
1739723300.7431307,-12,-3,3
1739723300.7891307,45,41,-82
1739723300.8351307,8,-18,-6
1739723300.8811307,-8,-10,-18
1739723300.9261308,-7,0,-12
1739723300.9721308,8,11,-158
1739723301.0181308,30,-18,31
1739723301.0631306,47,33,-45
1739723301.1091306,-5,59,-32
1739723301.1551306,-41,11,-144
1739723301.2011306,13,-12,-15
1739723301.2461307,34,0,-53
1739723301.2921307,-44,-1,-146
1739723301.3381307,58,-73,-1
1739723301.3831308,35,-37,-5
1739723301.4291308,51,21,-69
1739723301.4751308,2,14,-52
1739723301.5211308,40,55,89
1739723301.5661306,-25,51,-26
1739723301.6121306,-9,27,10
1739723301.6581306,-12,-56,-58
1739723301.7031307,-28,25,-108
1739723301.7491307,29,-34,1
1739723301.7951307,-64,-56,-74
1739723301.8411307,-26,31,-136
1739723301.8861306,44,-50,-20
1739723301.9321306,-12,-14,-92
1739723301.9781306,-36,34,-25
1739723302.023131,18,20,18
1739723302.069131,37,-8,-52
1739723302.115131,-54,29,-203
1739723302.161131,9,53,1
1739723302.2061307,-21,-41,14
1739723302.2521307,6,-16,-14
1739723302.2981308,0,-62,-114
1739723302.3431306,73,-38,-96
1739723302.3891306,-16,-46,-42
1739723302.4351306,-30,3,-65
1739723302.4811306,71,8,2
1739723302.526131,35,-65,-110
1739723302.572131,45,33,-15
1739723302.6181307,-4,-93,-10
1739723302.6631308,19,122,-53
1739723302.7091308,28,39,-31
1739723302.7551308,-84,-20,-81
1739723302.8011308,11,-93,-152
1739723302.8461306,41,-76,8
1739723302.8921306,-33,-49,-8
1739723302.9381306,4,13,-63
1739723302.9831307,-36,36,-23
1739723303.0291307,-52,-51,-60
1739723303.0751307,88,51,-12
1739723303.1211307,85,9,-34
1739723303.1661308,12,30,-91
1739723303.2121308,22,28,19
1739723303.2581308,-31,-10,83
1739723303.3031306,-4,-30,14
1739723303.3491306,-14,-18,-138
1739723303.3951306,-66,38,69
1739723303.4411306,-20,22,79
1739723303.4861307,-18,-13,51
1739723303.5321307,-46,48,-177
1739723303.5781307,-4,-102,-5
1739723303.6231308,51,-17,196
1739723303.6691308,109,26,-127
1739723303.7151306,-107,80,-44
1739723303.7611306,-20,14,28
1739723303.8061306,-32,5,-137
1739723303.852131,-9,30,-2
1739723303.898131,-23,53,-43
1739723303.9431307,-66,46,-77
1739723303.9891307,-33,53,-4
1739723304.0351307,-17,13,-107
1739723304.0811307,-24,-12,-149
1739723304.1261306,-52,14,-201
1739723304.1721306,17,51,25
1739723304.2181306,32,-34,-89
1739723304.263131,17,18,62
1739723304.309131,73,23,-107
1739723304.355131,-19,26,4
1739723304.401131,-21,-2,-63
1739723304.4461308,57,6,-101
1739723304.4921308,16,66,-95
1739723304.5381308,-73,19,-88
1739723304.5831306,-3,2,-57
1739723304.6291306,-14,-22,-49
1739723304.6751306,86,-42,-63
1739723304.7261307,-75,-30,36
1739723304.7721307,43,-20,-75
1739723304.8181307,11,-29,-151
1739723304.8631306,49,38,-65
1739723304.9091306,37,-3,-109
1739723304.9551306,16,55,-155
1739723305.0011306,20,46,-9
1739723305.046131,-70,-58,-113
1739723305.092131,-14,-36,0
1739723305.138131,6,-20,-15
1739723305.1831307,-4,-18,20
1739723305.2291307,48,-59,-65
1739723305.2751307,-71,-19,0
1739723305.3211308,29,22,-59
1739723305.3661306,-31,53,32
1739723305.4121306,-33,33,34
1739723305.4581306,25,-3,-115
1739723305.503131,40,16,-109
1739723305.549131,-22,-6,-35
1739723305.5951307,42,-44,9
1739723305.6411307,13,64,-21
1739723305.6861308,35,-1,-133
1739723305.7321308,27,0,-33
1739723305.7781308,-44,23,22
1739723305.8231306,-62,-39,-55
1739723305.8691306,-12,-43,-107
1739723305.9151306,32,-9,-89
1739723305.9611306,-7,-26,34
1739723306.0061307,49,16,64
1739723306.0521307,1,-7,1
1739723306.0981307,52,1,-25
1739723306.1431308,-68,-36,-105
1739723306.1891308,-26,21,8
1739723306.2351308,-20,28,-71
1739723306.2811308,10,-13,-29
1739723306.3261306,25,11,29
1739723306.3721306,-97,12,-60
1739723306.4181306,-37,34,-17
1739723306.4631307,-32,20,-2
1739723306.5091307,48,61,-77
1739723306.5551307,-75,19,-245
1739723306.6011307,43,36,-111
1739723306.6461308,0,50,-31
1739723306.6921306,-74,5,-140
1739723306.7381306,-66,-18,-22
1739723306.7831306,-24,70,-17
1739723306.8291306,-8,-9,122
1739723306.875131,62,-8,-41
1739723306.921131,20,-84,78
1739723306.9661307,-53,-22,-125
1739723307.0121307,35,-121,-45
1739723307.0581307,5,-9,-66
1739723307.1031306,-19,-14,-126
1739723307.1491306,53,-49,-58
1739723307.1951306,-40,-40,-100
1739723307.2411306,7,-15,39
1739723307.286131,-40,19,-46
1739723307.332131,13,-39,11
1739723307.378131,138,13,-160
1739723307.4231308,-4,-3,87
1739723307.4691308,50,12,-22
1739723307.5151308,-9,92,-44
1739723307.5611308,-3,-7,-148
1739723307.6061306,58,-24,23
1739723307.6521306,48,6,-46
1739723307.6981306,-110,2,51
1739723307.7431307,-28,-83,24
1739723307.7891307,16,33,-72
1739723307.8361306,-54,7,-28
1739723307.8821306,6,35,-51
1739723307.9271307,35,-38,-82
1739723307.9731307,36,43,-50
1739723308.0191307,20,38,7
1739723308.0651307,-8,-5,-94
1739723308.1101308,-3,-25,40
1739723308.1561308,-9,1,-84
1739723308.2021308,-1,139,-27
1739723308.2471306,26,-9,-136
1739723308.2931306,0,-25,6
1739723308.3391306,-8,-4,12
1739723308.3851306,-37,-88,-156
1739723308.4301307,-114,106,-33
1739723308.4761307,-11,7,-100
1739723308.5221307,-21,-38,-58
1739723308.5671306,-41,-16,-24
1739723308.6131306,6,22,-24
1739723308.6591306,-64,4,-32
1739723308.7051306,11,48,-64
1739723308.750131,36,-59,-162
1739723308.796131,-13,20,-36
1739723308.842131,5,-21,-14
1739723308.8871307,34,-33,-67
1739723308.9331307,-59,7,-72
1739723308.9791307,3,15,45
1739723309.0241306,5,15,-124
1739723309.0701306,-43,-23,25
1739723309.1161306,13,15,-130
1739723309.1621306,13,28,-23
1739723309.207131,3,48,-70
1739723309.253131,-94,66,-4
1739723309.299131,35,-118,-52
1739723309.3441308,56,-43,-10
1739723309.3901308,63,-18,-100
1739723309.4361308,-5,6,-14
1739723309.4821308,43,-4,-164
1739723309.5271306,-19,35,84
1739723309.5731306,-14,-15,-68
1739723309.6191306,77,-10,-41
1739723309.6641307,-45,9,7
1739723309.7101307,12,13,-60
1739723309.7561307,59,-9,-70
1739723309.8021307,4,23,-26
1739723309.8471308,74,0,-96
1739723309.8931308,1,-25,-50
1739723309.9391308,49,-11,-150
1739723309.9841306,-30,8,-75
1739723310.0301306,20,6,2
1739723310.0761306,-1,-5,-94
1739723310.1221306,37,12,-38
1739723310.1671307,-18,48,-2
1739723310.2131307,-39,-13,-55
1739723310.2591307,14,-32,-56
1739723310.3041308,-12,-2,-61
1739723310.3501308,84,38,-122
1739723310.3961308,36,10,-96
1739723310.4421306,45,-9,-78
1739723310.4871306,-77,15,-61
1739723310.5331306,-21,8,-103
1739723310.5791306,9,-21,-72
1739723310.6241307,30,-31,-64
1739723310.6701307,3,15,-15
1739723310.7161307,42,-50,-122
1739723310.7621307,14,29,-21
1739723310.8071306,34,68,3
1739723310.8531306,-10,53,-87
1739723310.8991306,39,53,-42
1739723310.944131,14,64,38
1739723310.990131,15,-1,-90
1739723311.036131,-6,7,-13
1739723311.082131,-41,1,-67
1739723311.1271307,19,24,-71
1739723311.1731308,90,-25,-102
1739723311.2191308,1,7,-21
1739723311.2641306,-18,3,-11
1739723311.3101306,20,12,93
1739723311.3561306,-31,55,-86
1739723311.4021306,37,14,-26
1739723311.447131,30,-38,-124
1739723311.4931307,72,-36,-97
1739723311.5391307,0,1,-115
1739723311.5841308,-32,104,-6
1739723311.6301308,19,20,-47
1739723311.6761308,64,-10,-23
1739723311.7221308,40,-5,-91
1739723311.7671306,-27,-33,-59
1739723311.8131306,28,-9,-57
1739723311.8591306,55,-41,-4
1739723311.9041307,-50,13,-127
1739723311.9501307,-36,3,-43
1739723311.9961307,12,18,-79
1739723312.0421307,2,8,-95
1739723312.0871308,8,-11,26
1739723312.1331308,-54,-9,-67
1739723312.1791308,-96,38,-65
1739723312.2241306,46,-25,-39
1739723312.2701306,-4,-25,-135
1739723312.3161306,62,-59,12
1739723312.3621306,-40,80,90
1739723312.4071307,-16,57,-45
1739723312.4531307,19,-65,26
1739723312.4991307,2,-44,44
1739723312.5441308,-95,41,32
1739723312.5901306,-55,70,-97
1739723312.6361306,-8,-56,-119
1739723312.6821306,6,72,-31
1739723312.727131,12,26,-109
1739723312.773131,-39,18,-2
1739723312.819131,-92,-11,-68
1739723312.8641307,-45,6,-12
1739723312.9101307,10,-33,-9
1739723312.9561307,34,-56,48
1739723313.0021307,21,32,3
1739723313.0471306,-50,89,-24
1739723313.0931306,-13,55,-85
1739723313.1391306,-27,38,14
1739723313.184131,12,-3,1
1739723313.230131,75,-56,-113
1739723313.276131,-25,-37,-26
1739723313.322131,-3,-6,-35
1739723313.3671308,-41,87,-48
1739723313.4131308,18,-25,-15
1739723313.4591308,-20,8,38
1739723313.5041306,-5,56,-27
1739723313.5501306,21,50,-27
1739723313.5961306,-75,31,-20
1739723313.6421306,-19,-23,-98
1739723313.6871307,-108,-71,80
1739723313.7331307,-6,-3,-69
1739723313.7791307,39,-60,17
1739723313.8241308,-59,-31,-68
1739723313.8701308,54,33,-7
1739723313.9161308,15,33,-85
1739723313.9621308,-23,84,-29
1739723314.0071306,38,-18,95
1739723314.0531306,-90,-11,-140
1739723314.0991306,52,11,-105
1739723314.1441307,-19,-7,-34
1739723314.1901307,-4,-122,-21
1739723314.2361307,-27,0,10
1739723314.2821307,-65,-51,70
1739723314.3271308,12,17,29
1739723314.3731308,49,37,-11
1739723314.4191308,18,-1,-55
1739723314.4641306,-66,-42,58
1739723314.5101306,-81,7,-2
1739723314.5561306,57,41,-101
1739723314.602131,44,-24,-99
1739723314.6471307,-5,50,-48
1739723314.6931307,39,-17,-119
1739723314.7441306,121,8,-119
1739723314.7901306,-46,119,-80
1739723314.8361306,35,31,-67
1739723314.8821306,8,61,86
1739723314.9271307,-65,-34,-87
1739723314.9731307,-16,3,-65
1739723315.0191307,-2,43,16
1739723315.0641308,-36,46,82
1739723315.1101308,32,52,-13
1739723315.1561308,-19,26,56
1739723315.2021308,-55,76,-18
1739723315.2471306,31,-46,11
1739723315.2931306,-46,31,-12
1739723315.3391306,1,5,-115
1739723315.3841307,25,-67,-17
1739723315.4301307,-55,-16,-123
1739723315.4761307,40,18,-103
1739723315.5221307,31,-37,-135
1739723315.5671306,31,3,-9
1739723315.6131306,65,64,10
1739723315.6591306,-52,9,-59
1739723315.7041306,-12,43,-96
1739723315.750131,-1,-39,-17
1739723315.796131,-30,-66,-69
1739723315.842131,-3,-37,-41
1739723315.8871307,11,-23,-13
1739723315.9331307,-19,30,-195
1739723315.9791307,15,37,-203
1739723316.0241306,12,40,-56
1739723316.0701306,71,-31,-23
1739723316.1161306,-49,13,-2
1739723316.1621306,-2,20,40
1739723316.207131,11,54,-56
1739723316.253131,83,-70,35
1739723316.299131,-74,14,54
1739723316.3441308,-23,-63,13
1739723316.3901308,-7,-18,62
1739723316.4361308,58,-40,-67
1739723316.4821308,-97,20,-126
1739723316.5271306,-2,46,-78
1739723316.5731306,-29,-22,3
1739723316.6191306,38,-68,-17
1739723316.6641307,-35,18,-76
1739723316.7101307,-13,55,-160
1739723316.7561307,16,3,-62
1739723316.8021307,-94,49,0
1739723316.8471308,22,54,-82
1739723316.8931308,13,19,-76
1739723316.9391308,-85,39,-87
1739723316.9841306,47,27,-8
1739723317.0301306,-47,19,45
1739723317.0761306,36,-15,-78
1739723317.1221306,-5,-9,-11
1739723317.1671307,24,-45,31
1739723317.2131307,31,1,36
1739723317.2591307,17,-10,-30
1739723317.3041308,77,59,-50
1739723317.3501308,72,-11,-42
1739723317.3961308,16,-54,-7
1739723317.4421306,20,69,-170
1739723317.4871306,66,103,-8
1739723317.5331306,52,31,-24
1739723317.5791306,-70,2,-70
1739723317.6241307,-39,48,21
1739723317.6701307,-94,-34,15
1739723317.7161307,-13,5,-86
1739723317.7621307,-46,-19,-55
1739723317.8071306,-49,-3,-33
1739723317.8531306,-3,-8,-66
1739723317.8991306,7,-57,-37
1739723317.944131,-81,-21,-171
1739723317.990131,-73,61,-29
1739723318.036131,-62,14,-77
1739723318.082131,87,35,-128
1739723318.1271307,65,17,-132
1739723318.1731308,9,-7,-26
1739723318.2191308,54,0,-70
1739723318.2641306,5,27,-13
1739723318.3101306,-47,-48,2
1739723318.3561306,-20,28,-80
1739723318.4021306,60,38,29
1739723318.447131,72,34,-48
1739723318.4931307,1,-59,-21
1739723318.5391307,3,-58,71
1739723318.5841308,27,19,28
1739723318.6301308,91,-86,6
1739723318.6761308,2,105,-50
1739723318.7221308,83,36,66
1739723318.7671306,31,22,12
1739723318.8131306,28,77,-50
1739723318.8591306,-29,34,73
1739723318.9041307,-14,38,-28
1739723318.9501307,-34,-21,53
1739723318.9951308,99,2,8
1739723319.0401306,-89,12,-135
1739723319.0861306,-40,42,-134
1739723319.1321306,-26,10,-74
1739723319.1771307,-87,52,-27
1739723319.2231307,-26,-83,-125
1739723319.2691307,70,-31,66
1739723319.3151307,8,-25,35
1739723319.3601308,-9,116,10
1739723319.4061308,4,15,-6
1739723319.4521308,28,-25,10
1739723319.4971306,-26,40,45
1739723319.5431306,22,7,38
1739723319.5891306,24,-44,-53
1739723319.6351306,-23,-6,-83
1739723319.6801307,3,46,18
1739723319.7261307,32,26,-46
1739723319.7721307,-20,20,-78
1739723319.8171306,-73,60,-10
1739723319.8631306,28,-30,-84
1739723319.9091306,14,41,-154
1739723319.9551306,0,-48,-66
1739723320.000131,-53,-44,-106
1739723320.046131,-54,41,7
1739723320.092131,27,-85,21
1739723320.1371307,27,-58,-10
1739723320.1831307,-61,6,35
1739723320.2291307,7,6,-68
1739723320.2751307,36,21,7
1739723320.3201306,-21,36,79
1739723320.3661306,-11,24,-42
1739723320.4121306,66,85,-39
1739723320.457131,-68,-100,-66
1739723320.503131,-60,75,-70
1739723320.549131,-7,-29,3
1739723320.5951307,-27,-6,-48
1739723320.6401308,8,18,-20
1739723320.6861308,-21,-44,-36
1739723320.7321308,-59,41,-4
1739723320.7771306,-6,8,-24
1739723320.8231306,-39,-11,29
1739723320.8691306,39,47,46
1739723320.9151306,10,-3,48
1739723320.9601307,55,-11,-222
1739723321.0061307,-40,61,-7
1739723321.0521307,-40,-60,-51
1739723321.0971308,-41,-13,-75
1739723321.1431308,-38,-17,-69
1739723321.1891308,-63,57,-225
1739723321.2351308,-70,2,-139
1739723321.2801306,-27,46,-87
1739723321.3261306,4,-44,27
1739723321.3721306,-85,19,-101
1739723321.4171307,0,24,89
1739723321.4631307,1,16,1
1739723321.5091307,-33,-33,-145
1739723321.5551307,-11,83,-55
1739723321.6001308,15,-10,4
1739723321.6461308,20,-23,-50
1739723321.6921306,38,-14,-88
1739723321.7371306,35,62,52
1739723321.7831306,-49,46,5
1739723321.8291306,-22,29,-84
1739723321.875131,70,51,11
1739723321.9201307,-12,100,-105
1739723321.9661307,3,56,-17
1739723322.0121307,-33,27,-25
1739723322.0571306,112,-12,-13
1739723322.1031306,-25,15,-141
1739723322.1491306,-69,-9,-34
1739723322.1951306,-59,-19,-30
1739723322.240131,-69,21,-26
1739723322.286131,-32,-37,-49
1739723322.332131,67,31,-27
1739723322.3771307,50,2,-2
1739723322.4231308,3,-30,-16
1739723322.4691308,-25,43,17
1739723322.5151308,19,-37,-192
1739723322.5601306,9,-68,0
1739723322.6061306,-67,-40,-95
1739723322.6521306,46,-69,-23
1739723322.697131,-34,21,-87
1739723322.7431307,4,22,-70
1739723322.7891307,59,-63,14
1739723322.8351307,-4,7,-5
1739723322.8801308,-72,96,-175
1739723322.9261308,-8,-3,-110
1739723322.9721308,-42,3,-56
1739723323.0171306,65,-52,13
1739723323.0631306,-13,1,-20
1739723323.1091306,17,51,-113
1739723323.1551306,-73,51,-78
1739723323.2001307,50,14,95
1739723323.2461307,-16,52,-37
1739723323.2921307,0,30,-95
1739723323.3371308,-40,0,-30
1739723323.3831308,-45,31,68
1739723323.4291308,-49,-80,-55
1739723323.4751308,-68,68,44
1739723323.5201306,26,-20,-21
1739723323.5661306,-23,0,-71
1739723323.6121306,28,-19,-69
1739723323.6571307,-68,40,-94
1739723323.7031307,9,-1,-121
1739723323.7491307,-18,46,62
1739723323.7951307,15,-34,1
1739723323.8401306,38,-3,79
1739723323.8861306,-32,-78,-33
1739723323.9321306,51,-37,-11
1739723323.977131,-12,-8,4
1739723324.023131,28,-43,-125
1739723324.069131,-60,-43,22
1739723324.115131,-33,-37,-99
1739723324.1601307,-4,2,-81
1739723324.2061307,-84,-22,0
1739723324.2521307,-28,17,20
1739723324.2971306,-59,81,-10
1739723324.3431306,47,8,-13
1739723324.3891306,58,31,31
1739723324.4351306,5,-10,18
1739723324.480131,-31,55,-14
1739723324.526131,10,82,-23
1739723324.572131,38,53,-109
1739723324.6171308,-39,58,-137
1739723324.6631308,126,-15,1
1739723324.7091308,34,-24,-73
1739723324.7601306,-19,-35,-113
1739723324.8061306,-58,83,14
1739723324.852131,36,66,-21
1739723324.8971307,16,6,-69
1739723324.9431307,-2,16,-65
1739723324.9891307,18,24,-31
1739723325.0351307,92,28,-145
1739723325.0801306,-24,-39,-40
1739723325.1261306,14,15,-7
1739723325.1721306,22,24,-91
1739723325.217131,3,-16,-8
1739723325.263131,0,18,-99
1739723325.309131,-2,0,-55
1739723325.3561306,-1,41,-25
1739723325.401131,-63,31,74
1739723325.447131,8,35,-77
1739723325.4931307,-130,-91,74
1739723325.5391307,-85,11,72
1739723325.5841308,9,32,58
1739723325.6301308,2,-74,10
1739723325.6761308,39,26,-49
1739723325.7211306,-12,18,-51
1739723325.7671306,-16,17,50
1739723325.8131306,-17,-3,-101
1739723325.8591306,-42,-19,62
1739723325.9041307,30,-7,-35
1739723325.9501307,-11,1,-45
1739723325.9961307,-33,29,-179
1739723326.0411308,-15,-75,-88
1739723326.0871308,-28,-58,-112
1739723326.1331308,97,51,-111
1739723326.1791308,-62,63,16
1739723326.2241306,-1,75,98
1739723326.2701306,-24,41,-39
1739723326.3161306,47,-10,-65
1739723326.3611307,-35,-12,26
1739723326.4071307,9,20,-101
1739723326.4531307,-5,41,-53
1739723326.4991307,-54,-28,-225
1739723326.5441308,12,-117,-107
1739723326.5901306,66,-1,-47
1739723326.6361306,7,-10,8
1739723326.6811306,-22,-8,60
1739723326.727131,-19,-7,32
1739723326.773131,48,-5,-63
1739723326.819131,81,4,-135
1739723326.8641307,33,-21,-77
1739723326.9101307,-16,-87,-58
1739723326.9561307,67,47,-153
1739723327.0011306,-36,21,-16
1739723327.0471306,-8,9,-79
1739723327.0931306,-11,-18,-91
1739723327.1391306,52,19,-45
1739723327.184131,72,23,-3
1739723327.230131,-18,-8,-89
1739723327.276131,-44,21,-16
1739723327.3211308,-63,100,24
1739723327.3671308,27,-10,-95
1739723327.4131308,-56,43,-55
1739723327.4591308,70,-51,-31
1739723327.5041306,-6,91,-87
1739723327.5501306,-31,55,-40
1739723327.5961306,-11,10,12
1739723327.6411307,44,-34,-159
1739723327.6871307,-65,10,4
1739723327.7331307,20,-33,-53
1739723327.7791307,-30,-11,-40
1739723327.8241308,-3,2,-73
1739723327.8701308,51,26,-69
1739723327.9161308,5,-6,-147
1739723327.9611306,-32,12,-83
1739723328.0071306,0,14,-103
1739723328.0531306,-67,21,-26
1739723328.0991306,-100,-44,40
1739723328.1441307,-17,-38,180
1739723328.1901307,14,72,-41
1739723328.2361307,-39,36,-101
1739723328.2811308,-1,2,-131
1739723328.3271308,-20,30,-71
1739723328.3731308,66,7,-35
1739723328.4191308,-42,32,-181
1739723328.4641306,-10,28,-13
1739723328.5101306,49,10,-59
1739723328.5561306,-80,-34,4
1739723328.6011307,-8,4,-117
1739723328.6471307,32,-30,-59
1739723328.6931307,-135,22,-119
1739723328.7391307,12,-6,-41
1739723328.7841306,-25,10,-35
1739723328.8301306,-50,-20,79
1739723328.8761306,-49,95,-173
1739723328.921131,-88,0,-95
1739723328.967131,52,37,-102
1739723329.013131,-20,-24,-31
1739723329.059131,-6,106,-98
1739723329.1041307,-49,21,-209
1739723329.1501307,-30,16,22
1739723329.1961308,33,-4,-55
1739723329.2411306,-3,57,70
1739723329.2871306,78,45,64
1739723329.3331306,-53,3,50
1739723329.378131,10,-7,-85
1739723329.424131,42,-31,-81
1739723329.4701307,9,-45,47
1739723329.5161307,-52,43,-48
1739723329.5611308,-4,19,-2
1739723329.6071308,28,26,-209
1739723329.6531308,-20,-19,-71
1739723329.6981306,37,-73,-45
1739723329.7441306,34,-34,-23
1739723329.7901306,4,-12,-75
1739723329.8361306,-9,-82,-65
1739723329.8811307,-6,9,10
1739723329.9271307,-119,-3,-102
1739723329.9731307,-29,4,-183
1739723330.0181308,-33,25,24
1739723330.0641308,-15,76,-145
1739723330.1101308,-25,7,-99
1739723330.1561308,-15,-59,-43
1739723330.2011306,-62,-17,-6
1739723330.2471306,-2,57,-37
1739723330.2931306,-18,0,-173
1739723330.3381307,12,26,-115
1739723330.3841307,-44,23,-70
1739723330.4301307,3,15,-83
1739723330.4761307,-10,-13,22
1739723330.5211308,-52,-68,-56
1739723330.5671306,20,-78,-5
1739723330.6131306,48,0,-46
1739723330.6581306,17,0,-86
1739723330.7041306,-14,-79,-163
1739723330.750131,-31,-55,-189
1739723330.796131,-59,-50,-63
1739723330.8411307,57,66,32
1739723330.8871307,-40,-7,-21
1739723330.9331307,53,-11,-56
1739723330.9781306,39,28,-86
1739723331.0241306,-39,7,-171
1739723331.0701306,-18,-107,45
1739723331.1161306,-29,4,11
1739723331.161131,38,24,-22
1739723331.207131,57,39,-68
1739723331.253131,-16,29,8
1739723331.2981308,-39,-15,65
1739723331.3441308,101,0,58
1739723331.3901308,-64,-47,-31
1739723331.4361308,0,-37,-35
1739723331.4811306,-7,-54,-19
1739723331.5271306,4,-12,13
1739723331.5731306,3,25,-78
1739723331.6181307,65,-73,29
1739723331.6641307,-1,-25,-45
1739723331.7101307,-62,-70,-89
1739723331.7561307,50,-39,-36
1739723331.8011308,18,14,20
1739723331.8471308,106,-2,-108
1739723331.8931308,-94,-62,-43
1739723331.9381306,-37,56,-18
1739723331.9841306,-45,57,66
1739723332.0301306,26,26,-64
1739723332.0761306,-47,-14,-82
1739723332.1211307,-44,21,-15
1739723332.1671307,58,-37,42
1739723332.2131307,28,127,-114
1739723332.2581308,-100,81,-54
1739723332.3041308,57,-32,-102
1739723332.3501308,7,-6,-62
1739723332.3961308,11,-15,-92
1739723332.4411306,84,21,8
1739723332.4871306,8,-51,-130
1739723332.5331306,-73,69,-11
1739723332.5781307,81,44,42
1739723332.6241307,23,117,-124
1739723332.6701307,-51,20,-59
1739723332.7161307,37,41,-66
1739723332.7611306,17,0,-124
1739723332.8071306,-42,51,103
1739723332.8531306,30,14,-76
1739723332.898131,-12,10,-166
1739723332.944131,46,15,-68
1739723332.990131,18,6,-18
1739723333.036131,-6,27,14
1739723333.0811307,16,39,-175
1739723333.1271307,5,29,-73
1739723333.1731308,56,-55,3
1739723333.2181306,-18,-17,-37
1739723333.2641306,50,-33,-27
1739723333.3101306,-55,41,-49
1739723333.3561306,14,40,-87
1739723333.401131,53,42,-53
1739723333.447131,7,18,-25
1739723333.4931307,-22,49,-57
1739723333.5381308,-1,14,-99
1739723333.5841308,9,-9,34
1739723333.6301308,33,29,132
1739723333.6761308,5,35,-17
1739723333.7211306,-6,59,120
1739723333.7671306,-82,-14,-59
1739723333.8131306,2,-22,-43
1739723333.8581307,-63,-11,-45
1739723333.9041307,-67,10,-66
1739723333.9501307,-55,39,-9
1739723333.9961307,89,-26,-45
1739723334.0411308,33,-40,17
1739723334.0871308,35,39,-53
1739723334.1331308,20,6,-69
1739723334.1781306,-16,29,44
1739723334.2241306,30,-78,-51
1739723334.2701306,7,45,-32
1739723334.3161306,13,27,98
1739723334.3611307,55,13,-31
1739723334.4071307,35,23,82
1739723334.4531307,14,-9,-97
1739723334.4981308,-32,67,-34
1739723334.5441308,-25,-81,-17
1739723334.5901306,4,1,-7
1739723334.6361306,44,-11,-3
1739723334.6811306,-28,4,-101
1739723334.727131,-27,-38,-27
1739723334.7781308,-35,-20,-35
1739723334.8241308,-29,-82,-119
1739723334.8701308,43,-27,-51
1739723334.9161308,-52,-12,-41
1739723334.9601307,-23,-27,-59
1739723335.0061307,74,109,-49
1739723335.0521307,70,28,-75
1739723335.0971308,97,-63,-43
1739723335.1431308,27,-16,34
1739723335.1891308,-45,106,-46
1739723335.2341306,-48,70,16
1739723335.2801306,-27,-1,42
1739723335.3261306,22,63,-8
1739723335.3721306,15,-24,-97
1739723335.4171307,-52,77,-20
1739723335.4631307,-44,39,-64
1739723335.5091307,14,-20,41
1739723335.5541308,-45,33,-92
1739723335.6001308,166,-2,-47
1739723335.6461308,-5,-10,-101
1739723335.6921306,-25,80,4
1739723335.7371306,44,7,-6
1739723335.7831306,-82,9,-7
1739723335.8291306,21,-47,100
1739723335.8741307,52,37,-126
1739723335.9201307,-13,-63,47
1739723335.9661307,-52,-21,-51
1739723336.0121307,43,5,-11
1739723336.0571306,15,-87,-1
1739723336.1031306,-87,-44,-5
1739723336.1491306,-72,42,-143
1739723336.194131,-57,-58,-1
1739723336.240131,-9,120,-6
1739723336.286131,-2,-84,25
1739723336.332131,-68,60,-50
1739723336.3771307,-63,77,-102
1739723336.4231308,32,32,8
1739723336.4691308,21,87,-60
1739723336.5141306,-40,-11,-101
1739723336.5601306,20,-51,-113
1739723336.6061306,81,0,17
1739723336.6521306,9,38,-63
1739723336.697131,-44,35,-88
1739723336.7431307,-71,-15,-124
1739723336.7891307,4,27,-91
1739723336.8341308,-34,-8,16
1739723336.8801308,-46,-8,0
1739723336.9261308,27,-8,-41
1739723336.9721308,-60,14,-42
1739723337.0171306,41,20,102
1739723337.0631306,-72,0,-74
1739723337.1091306,-58,-46,-153
1739723337.1541307,24,64,46
1739723337.2001307,8,37,-131
1739723337.2461307,4,7,-11
1739723337.2921307,71,-17,11
1739723337.3371308,-61,30,-112
1739723337.3831308,52,-15,-133
1739723337.4291308,36,-16,37
1739723337.4741306,-24,-20,-20
1739723337.5201306,14,-5,-33
1739723337.5661306,31,52,17
1739723337.6121306,-3,-43,-163
1739723337.6571307,3,-5,-37
1739723337.7031307,27,31,-119
1739723337.7491307,9,59,-99
1739723337.7941308,-21,32,100
1739723337.8401306,-12,38,-51
1739723337.8861306,-51,58,-31
1739723337.9321306,17,-38,-117
1739723337.977131,-43,40,-115
1739723338.023131,50,-26,-44
1739723338.069131,48,-47,90
1739723338.1141307,46,4,-55
1739723338.1601307,2,22,-135
1739723338.2061307,17,50,7
1739723338.2521307,3,-46,14
1739723338.2971306,37,-51,-89
1739723338.3431306,28,-54,-62
1739723338.3891306,27,7,-39
1739723338.434131,-67,-13,54
1739723338.480131,26,-5,-81
1739723338.526131,22,55,-13
1739723338.572131,17,-17,8
1739723338.6171308,-55,46,-57
1739723338.6631308,-32,-11,42
1739723338.7091308,3,48,-43
1739723338.7541306,66,53,-137
1739723338.8001306,-46,13,-65
1739723338.8461306,14,-46,-10
1739723338.8921306,-33,-4,-10
1739723338.9371307,-2,-39,30
1739723338.9831307,19,50,-107
1739723339.0291307,6,-52,-16
1739723339.0741308,-50,-38,68
1739723339.1201308,57,-23,-141
1739723339.1661308,-18,48,3
1739723339.2111306,-34,8,-127
1739723339.2571306,34,-18,-91
1739723339.3031306,6,19,-61
1739723339.3491306,5,23,-109
1739723339.3941307,-35,-36,-26
1739723339.4401307,27,-10,-7
1739723339.4861307,-3,31,-59
1739723339.5311308,-47,25,-115
1739723339.5771308,-6,29,-3
1739723339.6231308,-31,48,36
1739723339.6691308,8,6,-103
1739723339.7141306,-7,-28,-16
1739723339.7601306,-51,20,84
1739723339.8061306,-13,-37,-34
1739723339.8511307,-24,-41,-129
1739723339.8971307,-21,-6,-129
1739723339.9431307,53,36,-49
1739723339.9891307,-2,37,-3
1739723340.0341306,-1,-31,52
1739723340.0801306,-23,35,60
1739723340.1261306,-51,59,42
1739723340.171131,2,54,53
1739723340.217131,110,67,-75
1739723340.263131,31,20,-27
1739723340.309131,-72,3,-143
1739723340.3541307,1,18,151
1739723340.4001307,-25,-134,11
1739723340.4461308,20,-45,31
1739723340.4911306,40,73,6
1739723340.5371306,-90,28,-17
1739723340.5831306,17,8,-60
1739723340.6291306,-64,45,-38
1739723340.674131,-18,-9,-39
1739723340.7201307,-18,-12,-23
1739723340.7661307,32,16,-100
1739723340.8111308,19,11,-116
1739723340.8571308,-28,31,-48
1739723340.9031308,-2,29,-80
1739723340.9491308,-8,6,0
1739723340.9941306,-46,-6,-1
1739723341.0401306,9,110,-136
1739723341.0861306,53,-2,-48
1739723341.1311307,-33,5,-115
1739723341.1771307,16,-63,-33
1739723341.2231307,18,-25,-37
1739723341.2691307,-32,8,79
1739723341.3141308,33,17,-148
1739723341.3601308,0,-39,5
1739723341.4061308,-27,34,-108
1739723341.4511306,-42,-17,-19
1739723341.4971306,3,-19,19
1739723341.5431306,22,-13,-24
1739723341.5891306,3,-9,33
1739723341.6341307,-42,45,-49
1739723341.6801307,34,23,-76
1739723341.7261307,22,-2,30
1739723341.7711308,61,48,-52
1739723341.8171306,25,-81,-95
1739723341.8631306,-20,18,-23
1739723341.9091306,19,-29,-18
1739723341.9541306,43,-23,-64
1739723342.000131,-64,37,-71
1739723342.046131,-43,-41,-34
1739723342.0911307,-4,-22,-102
1739723342.1371307,-11,1,-86
1739723342.1831307,-11,85,17
1739723342.2291307,5,-6,-86
1739723342.2741306,6,11,-102
1739723342.3201306,38,16,-140
1739723342.3661306,30,26,-16
1739723342.411131,8,-65,-16
1739723342.457131,-39,6,-190
1739723342.503131,23,-21,-44
1739723342.549131,-100,-52,-47
1739723342.5941308,-59,70,-90
1739723342.6401308,-27,-46,-97
1739723342.6861308,27,73,-68
1739723342.7311306,5,-20,-120
1739723342.7771306,-29,107,61
1739723342.8231306,7,49,-66
1739723342.8691306,26,4,-80
1739723342.9141307,-22,-73,59
1739723342.9601307,-8,0,-56
1739723343.0061307,30,-47,42
1739723343.0511308,7,-41,-112
1739723343.0971308,-40,34,-81
1739723343.1431308,-35,-63,-123
1739723343.1891308,-73,-19,-51
1739723343.2341306,77,-5,-94
1739723343.2801306,-11,-55,-31
1739723343.3261306,21,-9,62
1739723343.3711307,-34,8,-33
1739723343.4171307,25,52,-188
1739723343.4631307,-28,-17,-81
1739723343.5091307,-60,34,-59
1739723343.5541308,-84,45,-9
1739723343.6001308,62,-8,-102
1739723343.6461308,39,-43,-60
1739723343.6911306,7,-81,49
1739723343.7371306,-84,16,45
1739723343.7831306,14,-54,-180
1739723343.8291306,-22,-19,-31
1739723343.8741307,51,18,26
1739723343.9201307,-40,10,69
1739723343.9661307,-20,18,-87
1739723344.0111306,-13,-39,27
1739723344.0571306,-56,-59,-9
1739723344.1031306,-63,30,-87
1739723344.1491306,-61,-21,-97
1739723344.194131,-78,44,-117
1739723344.240131,42,22,-166
1739723344.286131,-67,-50,-17
1739723344.3311307,36,47,62
1739723344.3771307,-25,17,-21
1739723344.4231308,-29,-5,-37
1739723344.4691308,0,-29,-109
1739723344.5141306,1,-40,47
1739723344.5601306,-2,8,45
1739723344.6061306,19,0,36
1739723344.651131,-16,-50,-103
1739723344.697131,-36,0,-145
1739723344.7431307,113,30,-100
1739723344.7941308,9,-47,91
1739723344.8401306,0,-4,-168
1739723344.8861306,-55,-10,-91
1739723344.9311306,-37,-5,33
1739723344.977131,2,7,-38
1739723345.023131,-44,-58,45
1739723345.069131,8,-26,-101
1739723345.1141307,-27,-13,-67
1739723345.1601307,5,-20,59
1739723345.2061307,26,25,-114
1739723345.2511306,35,9,-6
1739723345.2971306,10,8,-36
1739723345.3431306,-87,13,-20
1739723345.3891306,71,8,-26
1739723345.434131,-62,5,21
1739723345.480131,-19,-88,-95
1739723345.526131,5,-16,-6
1739723345.5711308,15,2,-44
1739723345.6171308,-3,-22,-15
1739723345.6631308,-70,54,-21
1739723345.7091308,-58,13,13
1739723345.7541306,27,21,-38
1739723345.8001306,-92,-13,-115
1739723345.8461306,-4,19,-18
1739723345.8911307,25,50,-4
1739723345.9371307,35,27,-36
1739723345.9831307,-95,-27,-53
1739723346.0291307,75,-24,-4
1739723346.0741308,12,4,119
1739723346.1201308,-13,15,-16
1739723346.1661308,-24,32,-2
1739723346.2111306,35,38,-32
1739723346.2571306,-18,-2,-114
1739723346.3031306,32,57,-42
1739723346.3491306,-26,-19,-157
1739723346.3941307,69,-13,105
1739723346.4401307,-63,27,26
1739723346.4861307,-18,-18,31
1739723346.5311308,74,20,14
1739723346.5771308,-148,76,-4
1739723346.6231308,23,68,-50
1739723346.6691308,-29,17,39
1739723346.7141306,2,-12,-82
1739723346.7601306,-46,-19,-28
1739723346.8061306,-58,104,-18
1739723346.8511307,49,-70,-80
1739723346.8971307,75,54,1
1739723346.9431307,-104,-21,-138
1739723346.9891307,-21,75,-36
1739723347.0341306,4,5,61
1739723347.0801306,39,6,8
1739723347.1261306,-37,6,27
1739723347.171131,46,-36,-90
1739723347.217131,2,-12,-70
1739723347.263131,-23,66,30
1739723347.309131,-39,-36,-27
1739723347.3541307,-76,77,-142
1739723347.4001307,2,3,-82
1739723347.4461308,24,-49,-92
1739723347.4911306,38,24,-92
1739723347.5371306,29,20,-40
1739723347.5831306,-20,28,5
1739723347.6291306,52,3,85
1739723347.674131,97,-48,18
1739723347.7201307,49,-3,-58
1739723347.7661307,29,-11,-118
1739723347.8111308,75,35,-16
1739723347.8571308,59,15,-8
1739723347.9031308,-22,-40,-5
1739723347.9491308,19,33,-130
1739723347.9941306,2,33,-136
1739723348.0401306,-62,-59,-136
1739723348.0861306,-92,17,25
1739723348.1311307,-15,-6,-27
1739723348.1771307,5,21,-56
1739723348.2231307,11,22,-70
1739723348.2691307,4,7,-10
1739723348.3141308,86,-81,-39
1739723348.3601308,-106,5,-63
1739723348.4061308,-16,-12,-80
1739723348.4511306,-16,62,-26
1739723348.4971306,23,62,-62
1739723348.5431306,-62,-39,-109
1739723348.5891306,15,29,-136
1739723348.6341307,0,-58,-120
1739723348.6801307,-57,-44,-88
1739723348.7261307,-46,-10,4
1739723348.7711308,-3,-55,-88
1739723348.8171306,67,-24,-97
1739723348.8631306,57,37,19
1739723348.9091306,43,9,-73
1739723348.9541306,34,-109,-32
1739723349.000131,-28,-30,-44
1739723349.046131,-41,26,-77
1739723349.0911307,8,-53,-121
1739723349.1371307,6,15,-47
1739723349.1831307,0,85,-23
1739723349.2281306,54,3,-163
1739723349.2741306,45,62,-23
1739723349.3201306,67,27,-111
1739723349.3661306,69,28,-21
1739723349.411131,-61,-23,-4
1739723349.457131,-3,55,-185
1739723349.503131,36,-38,-25
1739723349.5481308,-44,-10,6
1739723349.5941308,-25,33,-29
1739723349.6401308,5,23,-81
1739723349.6861308,-4,-81,-56
1739723349.7311306,76,-42,-121
1739723349.7771306,-7,11,-75
1739723349.8231306,10,50,-125
1739723349.8681307,9,10,-125
1739723349.9141307,8,41,-9
1739723349.9601307,75,-24,-17
1739723350.0061307,0,20,3
1739723350.0511308,31,32,-11
1739723350.0971308,-24,10,-83
1739723350.1431308,46,11,-141
1739723350.1881306,-40,0,-119
1739723350.2341306,53,-54,-65
1739723350.2801306,-38,2,-14
1739723350.3261306,10,16,-39
1739723350.3711307,3,78,-103
1739723350.4171307,-7,-15,8
1739723350.4631307,-55,-22,0
1739723350.5081308,-25,-14,6
1739723350.5541308,-41,18,-71
1739723350.6001308,-36,-28,-52
1739723350.6461308,-7,11,-57
1739723350.6911306,-37,-36,-212
1739723350.7371306,56,-20,1
1739723350.7831306,-12,-12,54
1739723350.8281307,-3,-51,-78
1739723350.8741307,13,19,-29
1739723350.9201307,53,-52,-95
1739723350.9661307,-16,41,-175
1739723351.0111306,32,15,-63
1739723351.0571306,-20,40,-29
1739723351.1031306,-42,85,-15
1739723351.148131,-7,-28,-44
1739723351.194131,-22,53,-49
1739723351.240131,-54,86,-85
1739723351.286131,55,-11,-85
1739723351.3311307,-85,29,12
1739723351.3771307,-3,14,20
1739723351.4231308,0,-1,28
1739723351.4681306,75,-68,-143
1739723351.5141306,-36,21,14
1739723351.5601306,-18,-70,14
1739723351.6061306,61,18,-15
1739723351.651131,71,-12,-71
1739723351.697131,117,52,75
1739723351.7431307,13,-81,-25
1739723351.7881308,41,40,-41
1739723351.8341308,68,-39,5
1739723351.8801308,42,26,-7
1739723351.9261308,0,-3,-9
1739723351.9711306,25,39,-49
1739723352.0171306,-67,-52,44
1739723352.0631306,-74,5,-14
1739723352.1081307,53,58,-95
1739723352.1541307,-3,0,-79
1739723352.2001307,35,-91,-15
1739723352.2461307,-15,-46,-38
1739723352.2911308,13,52,-75
1739723352.3371308,93,-49,-123
1739723352.3831308,18,-4,-53
1739723352.4281306,-24,31,-79
1739723352.4741306,-19,68,-133
1739723352.5201306,-115,65,-98
1739723352.5661306,29,22,-3
1739723352.6111307,-87,-49,58
1739723352.6571307,-89,23,-92
1739723352.7031307,11,-38,-111
1739723352.7481308,-20,-80,-24
1739723352.7941308,15,21,-107
1739723352.8401306,-37,-12,-6
1739723352.8861306,70,10,-153
1739723352.9311306,38,-18,-53
1739723352.977131,12,17,-127
1739723353.023131,-6,-32,-42
1739723353.0681307,56,-30,-51
1739723353.1141307,14,-26,-91
1739723353.1601307,1,9,30
1739723353.2061307,-101,14,-186
1739723353.2511306,-37,-14,136
1739723353.2971306,12,15,-13
1739723353.3431306,10,26,3
1739723353.388131,-16,48,-8
1739723353.434131,-41,-13,-78
1739723353.480131,-96,-55,-4
1739723353.526131,-60,-48,48
1739723353.5711308,1,-27,8
1739723353.6171308,-20,0,56
1739723353.6631308,-20,18,-26
1739723353.7081306,-56,23,10
1739723353.7541306,25,11,59
1739723353.8001306,-74,86,-130
1739723353.8461306,-3,-32,-21
1739723353.8911307,-8,48,-6
1739723353.9371307,-108,-63,56
1739723353.9831307,-28,72,0
1739723354.0281308,21,-11,59
1739723354.0741308,-62,-8,-2
1739723354.1201308,-24,-30,-74
1739723354.1661308,5,-108,-23
1739723354.2111306,50,-9,-73
1739723354.2571306,-25,-55,-131
1739723354.3031306,-98,-22,50
1739723354.3481307,84,-50,-53
1739723354.3941307,46,25,-105
1739723354.4401307,64,34,-9
1739723354.4861307,-45,-26,-95
1739723354.5311308,37,4,3
1739723354.5771308,-17,-23,12
1739723354.6231308,17,-35,25
1739723354.6681306,35,56,82
1739723354.7141306,55,-34,-3
1739723354.7661307,27,-5,-49
1739723354.8111308,77,-49,-63
1739723354.8571308,-7,17,-4
1739723354.9031308,29,16,-81
1739723354.9481306,22,30,-81
1739723354.9941306,-34,-12,-69
1739723355.0401306,10,-60,-1
1739723355.0861306,-29,9,-53
1739723355.1311307,-70,-42,-79
1739723355.1771307,19,14,4
1739723355.2231307,-110,-17,-52
1739723355.2681308,115,-54,37
1739723355.3141308,-34,15,-141
1739723355.3601308,25,-24,39
1739723355.4061308,27,-14,-107
1739723355.4511306,-66,27,-60
1739723355.4971306,-39,-42,-59
1739723355.5431306,-42,-86,-121
1739723355.5881307,-34,57,-58
1739723355.6341307,-21,-12,-93
1739723355.6801307,-33,18,-82
1739723355.7261307,7,4,-87
1739723355.7711308,68,47,-81
1739723355.8171306,27,-5,1
1739723355.8631306,-14,15,98
1739723355.9081306,24,31,-23
1739723355.9541306,9,16,-23
1739723356.000131,-2,-8,-119
1739723356.046131,-43,33,-184
1739723356.0911307,-35,53,2
1739723356.1371307,-12,116,36
1739723356.1831307,-2,-12,-139
1739723356.2281306,21,58,88
1739723356.2741306,-53,10,-17
1739723356.3201306,7,25,97
1739723356.3661306,-13,20,-48
1739723356.411131,97,27,-64
1739723356.457131,57,45,-78
1739723356.503131,-6,64,-91
1739723356.5481308,59,-92,54
1739723356.5941308,-14,23,-39
1739723356.6401308,-65,-4,-87
1739723356.6861308,-22,14,-23
1739723356.7311306,-66,-12,-25
1739723356.7771306,-32,36,-55
1739723356.8231306,34,-11,-58
1739723356.8681307,5,-63,-28
1739723356.9141307,-8,-7,-76
1739723356.9601307,0,-68,-24
1739723357.0061307,2,-79,-124
1739723357.0511308,11,-25,70
1739723357.0971308,11,-5,-20
1739723357.1431308,-22,3,-17
1739723357.1881306,43,54,-144
1739723357.2341306,-32,75,21
1739723357.2801306,19,-17,8
1739723357.3261306,17,6,-78
1739723357.3711307,-45,-20,-15
1739723357.4171307,-15,-102,-1
1739723357.4631307,0,38,-60
1739723357.5081308,-30,30,-87
1739723357.5541308,0,-29,53
1739723357.6001308,-5,-63,-74
1739723357.6461308,-21,-17,53
1739723357.6911306,1,60,19
1739723357.7371306,-30,-13,-41
1739723357.7831306,-38,46,-19
1739723357.8281307,12,13,-30
1739723357.8741307,-4,-65,-120
1739723357.9201307,94,3,-56
1739723357.9661307,34,-22,-94
1739723358.0111306,-16,-36,-104
1739723358.0571306,12,34,-5
1739723358.1031306,29,-5,-48
1739723358.148131,-23,10,71
1739723358.194131,84,-14,-98
1739723358.240131,37,53,-53
1739723358.286131,51,-17,-86
1739723358.3311307,50,-45,34
1739723358.3771307,-20,26,-77
1739723358.4231308,-29,30,-83
1739723358.4681306,-18,13,-113
1739723358.5141306,42,-72,30
1739723358.5601306,-7,-11,-66
1739723358.6061306,28,18,-16
1739723358.651131,17,4,-16
1739723358.697131,28,33,18
1739723358.7431307,-58,-3,-93
1739723358.7881308,2,17,-35
1739723358.8341308,2,17,17
1739723358.8801308,-21,-23,8
1739723358.9261308,-3,-57,-42
1739723358.9711306,19,77,87
1739723359.0171306,19,28,-84
1739723359.0631306,-8,3,-13
1739723359.1081307,-49,34,-5
1739723359.1541307,-13,-10,-88
1739723359.2001307,51,-37,64
1739723359.2461307,18,2,-76
1739723359.2911308,-16,68,-239
1739723359.3371308,26,-1,-176
1739723359.3831308,-57,54,-83
1739723359.4281306,30,32,-52
1739723359.4741306,-27,40,-41
1739723359.5201306,59,63,-74
1739723359.5651307,22,50,-70
1739723359.6111307,-11,-23,-36
1739723359.6571307,-43,61,13
1739723359.7031307,-35,27,13
1739723359.7481308,-15,-28,-93
1739723359.7941308,4,-9,34
1739723359.8401306,-113,-33,-25
1739723359.8851306,-44,-30,-13
1739723359.9311306,-31,38,-125
1739723359.977131,-41,-43,55
1739723360.023131,-57,-22,79
1739723360.0671306,-53,-23,-215
1739723360.1131306,89,14,-136
1739723360.1591306,-26,-10,-39
1739723360.2041306,114,69,16
1739723360.250131,20,46,-112
1739723360.296131,58,10,-142
1739723360.3411307,-32,51,-65
1739723360.3871307,-5,3,-1
1739723360.4331307,-2,18,-78
1739723360.4791307,18,24,-88
1739723360.5241306,127,11,0
1739723360.5701306,10,-33,-108
1739723360.6161306,-19,44,-58
1739723360.661131,-7,13,-48
1739723360.707131,72,73,-2
1739723360.753131,-19,14,-87
1739723360.799131,19,63,-50
1739723360.8441308,-59,103,-82
1739723360.8901308,-22,-31,-103
1739723360.9361308,22,17,-16
1739723360.9811306,31,-33,-56
1739723361.0271306,0,26,-62
1739723361.0731306,64,-10,24
1739723361.1191306,4,7,12
1739723361.1641307,8,63,-86
1739723361.2101307,-7,-17,-99
1739723361.2561307,-6,41,-68
1739723361.3011308,55,-32,-94
1739723361.3471308,-42,43,-29
1739723361.3931308,-93,34,-67
1739723361.4391308,41,10,-172
1739723361.4841306,-34,23,-23
1739723361.5301306,61,108,42
1739723361.5761306,-81,8,-203
1739723361.6211307,1,-27,-77
1739723361.6671307,6,-22,-127
1739723361.7131307,-17,-5,-1
1739723361.7591307,21,-52,-25
1739723361.8041308,54,-19,-90
1739723361.8501308,6,-43,7
1739723361.8961308,70,-9,-130
1739723361.9411306,-55,-12,37
1739723361.9871306,78,82,-20
1739723362.0331306,-107,-40,-11
1739723362.0791306,22,24,-26
1739723362.1241307,-66,-14,89
1739723362.1701307,-67,94,-44
1739723362.2161307,29,8,66
1739723362.2611306,6,61,-118
1739723362.3071306,35,11,-60
1739723362.3531306,18,-27,-67
1739723362.3991306,4,31,6
1739723362.444131,45,-10,-28
1739723362.490131,-37,-22,-45
1739723362.536131,17,-61,-37
1739723362.5811307,-49,58,3
1739723362.6271307,111,0,-46
1739723362.6731308,-27,-24,3
1739723362.7191308,31,0,-88
1739723362.7641306,77,5,-48
1739723362.8101306,5,-71,-47
1739723362.8561306,79,88,-52
1739723362.901131,20,36,34
1739723362.947131,45,37,-134
1739723362.9931307,49,-22,-60
1739723363.0391307,51,30,-36
1739723363.0841308,-22,53,-114
1739723363.1301308,6,-24,-29
1739723363.1761308,21,64,-132
1739723363.2211306,71,34,-46
1739723363.2671306,-38,65,118
1739723363.3131306,41,30,-6
1739723363.3591306,10,-84,45
1739723363.4041307,9,14,-98
1739723363.4501307,12,39,-68
1739723363.4961307,8,-14,-31
1739723363.5411308,14,36,-80
1739723363.5871308,58,2,-152
1739723363.6331308,-25,-68,-127
1739723363.6791308,-60,-6,-19
1739723363.7241306,-23,-3,137
1739723363.7701306,-40,40,22
1739723363.8161306,9,-19,-7
1739723363.8611307,-36,41,54
1739723363.9071307,-69,42,49
1739723363.9531307,-23,65,-53
1739723363.9991307,43,0,-23
1739723364.0441308,75,36,-39
1739723364.0901306,49,-10,25
1739723364.1361306,19,-19,-119
1739723364.1811306,4,-34,-32
1739723364.227131,21,30,-159
1739723364.273131,35,-12,-63
1739723364.319131,34,-26,-73
1739723364.3641307,-15,55,-121
1739723364.4101307,-28,44,-25
1739723364.4561307,13,3,-45
1739723364.5011306,7,-30,36
1739723364.5471306,-22,0,-74
1739723364.5931306,-57,68,-135
1739723364.6391306,34,34,17
1739723364.684131,-86,7,-38
1739723364.730131,29,20,27
1739723364.7811308,33,-2,-41
1739723364.8271308,-56,13,-34
1739723364.8731308,24,5,-85
1739723364.9191308,79,-7,83
1739723364.9641306,-8,83,-137
1739723365.0101306,-24,-12,-129
1739723365.0561306,-21,6,0
1739723365.1011307,11,-19,10
1739723365.1471307,10,48,45
1739723365.1931307,31,-84,35
1739723365.2391307,17,-18,-67
1739723365.2841306,34,15,15
1739723365.3301306,65,36,-85
1739723365.3761306,-16,31,-65
1739723365.421131,66,1,23
1739723365.467131,7,2,-3
1739723365.513131,-77,74,28
1739723365.559131,22,56,-25
1739723365.6041307,62,-8,-51
1739723365.6501307,-12,-53,24
1739723365.6961308,20,57,21
1739723365.7411306,-22,7,-23
1739723365.7871306,55,16,-7
1739723365.8331306,25,-53,0
1739723365.8771307,23,-62,-101
1739723365.9231308,29,0,20
1739723365.9691308,-61,62,-95
1739723366.0151308,-32,10,-101
1739723366.0601306,0,73,-153
1739723366.1061306,71,45,-81
1739723366.1521306,-24,-73,12
1739723366.197131,-43,16,-46
1739723366.2431307,47,17,-50
1739723366.2891307,-16,-34,-18
1739723366.3351307,5,-49,-60
1739723366.3801308,18,28,-51
1739723366.4261308,26,47,-221
1739723366.4721308,-29,-23,28
1739723366.5171306,-48,-28,-18
1739723366.5631306,-27,7,-107
1739723366.6091306,-47,35,-81
1739723366.6551306,-8,-44,-54
1739723366.7001307,-17,-13,70
1739723366.7461307,29,22,-87
1739723366.7921307,15,-52,-83
1739723366.8371308,90,-53,-195
1739723366.8831308,27,-20,-21
1739723366.9291308,91,98,39
1739723366.9751308,-39,50,24
1739723367.0201306,-47,17,-137
1739723367.0661306,112,-43,-47
1739723367.1121306,14,37,57
1739723367.1571307,-16,39,-101
1739723367.2031307,-34,0,46
1739723367.2491307,46,23,-15
1739723367.2951307,-13,-47,-165
1739723367.3401306,-33,-33,-12
1739723367.3861306,86,21,-59
1739723367.4321306,-5,-17,-23
1739723367.477131,65,18,-63
1739723367.523131,55,-42,-293
1739723367.569131,1,3,8
1739723367.615131,34,23,-93
1739723367.6601307,32,26,-43
1739723367.7061307,-55,-45,4
1739723367.7521307,-60,15,-78
1739723367.7971306,-83,9,-82
1739723367.8431306,68,-7,-19
1739723367.8891306,1,-29,-6
1739723367.9351306,-35,-12,-10
1739723367.980131,-77,41,-26
1739723368.026131,-5,-9,-113
1739723368.072131,64,21,66
1739723368.1171308,-3,13,-145
1739723368.1631308,-42,-42,-18
1739723368.2091308,-41,52,-27
1739723368.2551308,-5,-1,-21
1739723368.3001306,10,2,-55
1739723368.3461306,-36,-45,42
1739723368.3921306,-65,2,-71
1739723368.4371307,-19,25,19
1739723368.4831307,17,-2,-139
1739723368.5291307,5,-21,-95
1739723368.5751307,-94,-62,-81
1739723368.6201308,-31,2,-9
1739723368.6661308,75,1,-93
1739723368.7121308,47,-27,-28
1739723368.7571306,-62,53,0
1739723368.8031306,32,11,-115
1739723368.8491306,-74,32,42
1739723368.8951306,-26,107,38
1739723368.9401307,34,0,-87
1739723368.9861307,16,-83,-103
1739723369.0321307,36,-2,-83
1739723369.0771308,32,1,-81
1739723369.1231308,15,60,-54
1739723369.1691308,-53,63,-46
1739723369.2151306,28,33,56
1739723369.2601306,-38,-64,-69
1739723369.3061306,50,37,50
1739723369.352131,-110,-16,72
1739723369.3971307,18,-39,7
1739723369.4431307,52,18,-31
1739723369.4891307,39,-90,-125
1739723369.5341306,2,-17,13
1739723369.5801306,-20,-47,-51
1739723369.6261306,-37,-18,-63
1739723369.6721306,-10,18,-73
1739723369.717131,-28,-64,-77
1739723369.763131,-10,26,-63
1739723369.809131,-63,-39,11
1739723369.8541307,89,-3,-139
1739723369.9001307,-14,-14,28
1739723369.9461308,36,9,22
1739723369.9921308,14,62,-89
1739723370.0371306,48,-22,-39
1739723370.0831306,-64,-10,32
1739723370.1291306,49,-51,104
1739723370.174131,-13,-31,-87
1739723370.2201307,12,-17,-169
1739723370.2661307,-45,-40,-157
1739723370.3121307,-35,43,16
1739723370.3571308,-87,7,-97
1739723370.4031308,-36,-26,-107
1739723370.4491308,-36,-24,62
1739723370.4941306,-6,-54,-55
1739723370.5401306,63,-100,58
1739723370.5861306,-66,8,1
1739723370.6321306,-14,-16,37
1739723370.6771307,14,2,-81
1739723370.7231307,82,-18,-113
1739723370.7691307,73,-49,72
1739723370.8141308,20,-42,4
1739723370.8601308,-105,38,31
1739723370.9061308,-54,62,71
1739723370.9521308,13,-27,10
1739723370.9971306,-88,22,-43
1739723371.0431306,-71,-8,-71
1739723371.0891306,-88,-80,27
1739723371.1341307,-25,12,-137
1739723371.1801307,-33,32,84
1739723371.2261307,87,-53,-6
1739723371.2721307,38,-32,-25
1739723371.3171306,5,29,-34
1739723371.3631306,77,-18,-43
1739723371.4091306,25,-28,-165
1739723371.4541306,-130,105,-75
1739723371.500131,-38,54,-53
1739723371.546131,87,-101,-57
1739723371.592131,-38,-17,-147
1739723371.6371307,-58,-38,84
1739723371.6831307,1,7,-107
1739723371.7291307,-2,-14,72
1739723371.7741306,-29,26,-85
1739723371.8201306,-37,-5,72
1739723371.8661306,-43,47,-35
1739723371.9121306,-60,-49,-13
1739723371.957131,-54,33,8
1739723372.003131,-5,11,-113
1739723372.049131,-50,11,40
1739723372.0941308,-99,43,-16
1739723372.1401308,115,-52,7
1739723372.1861308,93,-25,-11
1739723372.2321308,-20,-23,-95
1739723372.2771306,29,26,-105
1739723372.3231306,84,-46,-71
1739723372.3691306,-22,69,-166
1739723372.4141307,60,-5,47
1739723372.4601307,28,-41,1
1739723372.5061307,3,35,-40
1739723372.5521307,-17,17,-97
1739723372.5971308,-54,7,-25
1739723372.6431308,-54,7,-47
1739723372.6891308,2,30,28
1739723372.7341306,-151,24,-77
1739723372.7801306,-11,6,-8
1739723372.8261306,-57,-50,87
1739723372.8721306,-67,-8,23
1739723372.9171307,109,-3,0
1739723372.9631307,-32,-13,50
1739723373.0091307,42,-52,-139
1739723373.0541308,-47,21,-28
1739723373.1001308,66,-15,-119
1739723373.1461308,-28,-3,12
1739723373.1921306,-8,-60,40
1739723373.2371306,-48,46,36
1739723373.2831306,-20,-20,68
1739723373.3291306,31,-27,-5
1739723373.3741307,-74,11,18
1739723373.4201307,-12,96,-88
1739723373.4661307,13,-15,46
1739723373.5121307,-36,-11,-1
1739723373.5571306,84,-14,-5
1739723373.6031306,-29,52,-50
1739723373.6491306,-114,-47,25
1739723373.694131,-41,-37,-3
1739723373.740131,40,51,-133
1739723373.786131,-35,12,19
1739723373.832131,-66,-5,-60
1739723373.8771307,-60,26,-93
1739723373.9231308,-33,35,5
1739723373.9691308,-40,54,-97
1739723374.0141306,26,-36,-14
1739723374.0601306,85,26,-116
1739723374.1061306,68,-59,-56
1739723374.1521306,-66,-47,-127
1739723374.197131,-66,78,-63
1739723374.2431307,42,3,-116
1739723374.2891307,23,-9,-158
1739723374.3341308,-2,61,11
1739723374.3801308,-11,-84,52
1739723374.4261308,-10,0,-147
1739723374.4721308,49,-1,13
1739723374.5171306,-14,-44,56
1739723374.5631306,-17,-44,-15
1739723374.6091306,36,-20,-115
1739723374.6541307,-136,-17,-36
1739723374.7001307,11,62,120
1739723374.7461307,50,-23,-89
1739723374.7971306,-8,54,-72
1739723374.8431306,2,-60,-57
1739723374.8891306,-22,36,-100
1739723374.934131,13,-3,-83
1739723374.980131,-65,45,62
1739723375.026131,4,1,-157
1739723375.072131,-52,30,-82
1739723375.1171308,44,-13,53
1739723375.1631308,-8,-86,-133
1739723375.2091308,42,-9,13
1739723375.2541306,-31,-19,-6
1739723375.3001306,-4,-20,-131
1739723375.3461306,-98,12,-36
1739723375.3921306,-56,8,-9
1739723375.4371307,0,-17,-4
1739723375.4831307,3,-11,-52
1739723375.5291307,51,-9,-18
1739723375.5741308,25,-16,53
1739723375.6201308,34,0,34
1739723375.6661308,55,-19,-10
1739723375.7121308,12,-21,-25
1739723375.7571306,-16,54,-36
1739723375.8031306,24,93,-199
1739723375.8491306,18,63,-96
1739723375.8941307,-39,73,-77
1739723375.9401307,-25,0,0
1739723375.9861307,-36,-46,-7
1739723376.0321307,61,20,7
1739723376.0771308,-19,-111,-37
1739723376.1231308,14,52,36
1739723376.1691308,-10,-7,-56
1739723376.2141306,33,66,-84
1739723376.2601306,21,-45,-112
1739723376.3061306,-8,-72,-73
1739723376.352131,32,-19,-73
1739723376.3971307,-10,-5,22
1739723376.4431307,43,-88,-169
1739723376.4891307,-37,29,88
1739723376.5341306,26,-22,-17
1739723376.5801306,33,36,-28
1739723376.6261306,36,-2,-98
1739723376.6721306,38,-30,-100
1739723376.717131,-35,29,69
1739723376.763131,26,-75,8
1739723376.809131,25,47,-85
1739723376.8541307,76,-109,-42
1739723376.9001307,17,39,1
1739723376.9461308,22,-105,84
1739723376.9921308,33,48,-3
1739723377.0371306,17,-47,-126
1739723377.0831306,11,-64,-76
1739723377.1291306,-42,-57,-120
1739723377.174131,-6,-26,-100
1739723377.2201307,-59,66,43
1739723377.2661307,-19,-1,19
1739723377.3121307,56,17,22
1739723377.3571308,-4,0,33
1739723377.4031308,14,-20,-12
1739723377.4491308,-25,-12,-98
1739723377.4941306,20,-39,132
1739723377.5401306,-46,-2,-21
1739723377.5861306,7,6,0
1739723377.6321306,-22,-55,-2
1739723377.6771307,54,-11,66
1739723377.7231307,44,-21,-60
1739723377.7691307,2,48,-37
1739723377.8141308,46,39,52
1739723377.8601308,-34,-8,23
1739723377.9061308,81,-3,-150
1739723377.9521308,14,70,-168
1739723377.9971306,31,-33,20
1739723378.0431306,38,-8,68
1739723378.0891306,75,-25,-200
1739723378.1341307,-34,65,-13
1739723378.1801307,-65,61,-85
1739723378.2261307,29,26,-60
1739723378.2721307,31,28,-62
1739723378.3171306,14,15,-68
1739723378.3631306,-33,-6,-221
1739723378.4091306,-12,-61,-190
1739723378.4541306,19,73,52
1739723378.500131,31,-13,10
1739723378.546131,7,-18,20
1739723378.592131,18,-76,66
1739723378.6371307,53,-86,-62
1739723378.6831307,11,-3,22
1739723378.7291307,8,-27,34
1739723378.7741306,-65,31,19
1739723378.8201306,44,68,-18
1739723378.8661306,-102,32,-127
1739723378.9121306,-88,-16,-27
1739723378.957131,-120,-24,-59
1739723379.003131,11,22,-24
1739723379.049131,-29,13,-39
1739723379.0941308,-93,11,-61
1739723379.1401308,-33,-35,-55
1739723379.1861308,67,11,-66
1739723379.2321308,-43,-17,-109
1739723379.2771306,-5,-26,-10
1739723379.3231306,-80,10,-23
1739723379.3691306,-135,-9,-79
1739723379.4141307,51,-39,-116
1739723379.4601307,-19,-33,23
1739723379.5061307,4,-16,56
1739723379.5511308,2,60,-77
1739723379.5971308,-107,11,-47
1739723379.6431308,7,47,-74
1739723379.6891308,-74,41,-81
1739723379.7341306,4,9,34
1739723379.7801306,59,8,88
1739723379.8261306,-7,56,21
1739723379.8711307,-6,70,39
1739723379.9171307,-33,18,21
1739723379.9631307,16,2,26
1739723380.0091307,-35,-8,123
1739723380.0541308,-4,58,-27
1739723380.1001308,-48,2,-37
1739723380.1461308,-41,-25,-17
1739723380.1911306,-8,54,-23
1739723380.2371306,64,26,-34
1739723380.2831306,7,106,59
1739723380.3291306,19,-27,-170
1739723380.3741307,20,73,-43
1739723380.4201307,0,-80,10
1739723380.4661307,4,-71,-59
1739723380.5111306,-42,-35,5
1739723380.5571306,-10,26,35
1739723380.6031306,23,-44,-80
1739723380.6491306,-8,34,-19
1739723380.694131,-48,-26,-15
1739723380.740131,-42,-2,-134
1739723380.786131,21,16,-42
1739723380.8311307,-24,47,-47
1739723380.8771307,-32,-23,-58
1739723380.9231308,-13,31,-66
1739723380.9691308,34,-32,-77
1739723381.0141306,-36,-6,-56
1739723381.0601306,41,32,86
1739723381.1061306,-3,20,52
1739723381.151131,54,72,-67
1739723381.197131,3,-3,-97
1739723381.2431307,-10,-25,64
1739723381.2891307,-31,-104,15
1739723381.3341308,51,2,-75
1739723381.3801308,0,0,-77
1739723381.4261308,-56,-32,-71
1739723381.4711306,-66,-24,-57
1739723381.5171306,-67,-57,-47
1739723381.5631306,19,-59,-21
1739723381.6091306,-25,4,-83
1739723381.6541307,35,-26,-187
1739723381.7001307,-5,37,-103
1739723381.7461307,-39,52,16
1739723381.7911308,-15,-2,-51
1739723381.8371308,25,-14,73
1739723381.8831308,-20,-68,-37
1739723381.9291308,44,17,-89
1739723381.9741306,-69,33,-18
1739723382.0201306,34,-20,-8
1739723382.0661306,14,-40,-56
1739723382.1111307,31,-7,46
1739723382.1571307,8,32,59
1739723382.2031307,10,-21,-24
1739723382.2491307,5,-28,-25
1739723382.2941308,-18,0,36
1739723382.3401306,-50,36,-77
1739723382.3861306,-2,22,-2
1739723382.4311306,-24,15,-97
1739723382.477131,-19,40,-40
1739723382.523131,-80,19,-138
1739723382.569131,37,-7,-53
1739723382.6141307,29,-12,-37
1739723382.6601307,-32,-80,-115
1739723382.7061307,-73,0,-165
1739723382.7511306,0,-3,96
1739723382.7971306,16,-4,-113
1739723382.8431306,21,-19,-97
1739723382.8891306,10,16,11
1739723382.934131,-26,-24,-127
1739723382.980131,29,-47,-35
1739723383.026131,86,-16,107
1739723383.0711308,61,-9,27
1739723383.1171308,22,-9,35
1739723383.1631308,-19,-52,-155
1739723383.2091308,82,-108,-25
1739723383.2541306,-112,36,-32
1739723383.3001306,-43,30,0
1739723383.3461306,0,4,-17
1739723383.3911307,32,20,-3
1739723383.4371307,2,-58,-21
1739723383.4831307,-18,78,124
1739723383.5291307,50,41,-103
1739723383.5741308,45,3,-111
1739723383.6201308,166,-55,67
1739723383.6661308,-1,-110,-75
1739723383.7111306,16,43,-91
1739723383.7571306,111,-22,3
1739723383.8031306,22,-50,73
1739723383.8491306,-23,-94,-81
1739723383.8941307,13,48,-79
1739723383.9401307,-30,-7,-20
1739723383.9861307,-130,27,-106
1739723384.0311308,-18,-36,-27
1739723384.0771308,41,-9,9
1739723384.1231308,-79,80,-24
1739723384.1691308,-10,32,-69
1739723384.2141306,14,9,0
1739723384.2601306,68,-3,5
1739723384.3061306,0,44,0
1739723384.3511307,-5,-12,-101
1739723384.3971307,-91,4,-192
1739723384.4431307,-54,0,-76
1739723384.4891307,-39,-30,8
1739723384.5341306,95,0,-175
1739723384.5801306,50,10,-63
1739723384.6261306,-20,34,84
1739723384.671131,8,10,-41
1739723384.717131,-18,-3,-59
1739723384.763131,-25,-18,-91
1739723384.8141308,14,-28,-21
1739723384.8601308,10,-60,-57
1739723384.9061308,41,-9,25
1739723384.9511306,45,5,19
1739723384.9971306,-50,26,-58
1739723385.0431306,73,-8,-75
1739723385.0891306,0,32,-56
1739723385.1341307,-59,-38,-104
1739723385.1801307,1,-35,-79
1739723385.2261307,-12,12,-20
1739723385.2711308,15,82,-97
1739723385.3171306,43,3,7
1739723385.3631306,13,-24,-53
1739723385.4091306,-22,-35,-79
1739723385.4541306,-27,33,-150
1739723385.500131,3,17,80
1739723385.546131,56,5,51
1739723385.5911307,0,2,62
1739723385.6371307,14,11,15
1739723385.6831307,42,48,49
1739723385.7291307,-11,0,64
1739723385.7741306,100,-17,-17
1739723385.8201306,0,-39,25
1739723385.8661306,48,8,-43
1739723385.911131,12,20,26
1739723385.957131,11,48,8
1739723386.003131,-15,-10,-91
1739723386.049131,-36,1,24
1739723386.0941308,39,41,-129
1739723386.1401308,66,66,0
1739723386.1861308,0,-68,-76
1739723386.2311306,-16,19,-15
1739723386.2771306,2,-1,-46
1739723386.3231306,-68,96,0
1739723386.3691306,-18,0,-73
1739723386.4141307,-110,37,-77
1739723386.4601307,-37,-65,95
1739723386.5061307,47,49,-14
1739723386.5511308,-12,63,169
1739723386.5971308,24,36,-260
1739723386.6431308,0,-15,-17
1739723386.6891308,37,74,-8
1739723386.7341306,76,52,-72
1739723386.7801306,22,-5,60
1739723386.8261306,-87,55,-91
1739723386.8711307,-4,-40,-93
1739723386.9171307,-61,-62,27
1739723386.9631307,-33,35,95
1739723387.0091307,-61,-84,87
1739723387.0541308,-66,-28,-27
1739723387.1001308,1,9,-26
1739723387.1461308,17,61,-104
1739723387.1911306,-5,54,-39
1739723387.2371306,59,17,-86
1739723387.2831306,12,-5,-30
1739723387.3291306,-2,-57,-16
1739723387.3741307,-3,14,-120
1739723387.4201307,-36,-49,-113
1739723387.4661307,-26,33,-155
1739723387.5111306,-76,5,39
1739723387.5571306,-13,10,-61
1739723387.6031306,-28,121,-97
1739723387.6491306,5,-46,-140
1739723387.694131,22,-46,-166
1739723387.740131,-29,-36,-105
1739723387.786131,63,60,-52
1739723387.8311307,31,-11,16
1739723387.8771307,-49,-64,-105
1739723387.9231308,29,2,-126
1739723387.9691308,13,19,-64
1739723388.0141306,6,-14,50
1739723388.0601306,-40,30,-45
1739723388.1061306,16,-49,-44
1739723388.151131,71,-47,-38
1739723388.197131,-44,1,-15
1739723388.2431307,60,-9,-84
1739723388.2891307,25,-10,-14
1739723388.3341308,30,16,30
1739723388.3801308,25,39,-30
1739723388.4261308,-116,136,7
1739723388.4711306,34,-17,-66
1739723388.5171306,20,-6,14
1739723388.5631306,29,29,-72
1739723388.6091306,-90,6,-61
1739723388.6541307,-46,-53,-17
1739723388.7001307,-5,-28,-9
1739723388.7461307,35,-11,112
1739723388.7911308,-22,12,-113
1739723388.8371308,33,18,-76
1739723388.8831308,4,-42,-57
1739723388.9291308,20,-76,143
1739723388.9741306,-66,-37,-161
1739723389.0201306,-10,-45,-23
1739723389.0661306,20,69,40
1739723389.1111307,-3,23,-64
1739723389.1571307,25,11,-68
1739723389.2031307,2,-11,23
1739723389.2491307,40,2,-82
1739723389.2941308,-7,-26,-97
1739723389.3401306,9,22,28
1739723389.3861306,-107,-47,-73
1739723389.4311306,62,-19,-106
1739723389.477131,6,31,-82
1739723389.523131,26,-26,-90
1739723389.5681307,15,-10,-126
1739723389.6141307,9,32,-34
1739723389.6601307,-60,76,58
1739723389.7061307,-9,44,-2
1739723389.7511306,35,29,-152
1739723389.7971306,-3,14,2
1739723389.8431306,30,-3,-84
1739723389.888131,49,18,-126
1739723389.934131,20,-33,-64
1739723389.980131,2,42,-66
1739723390.026131,52,46,-32
1739723390.0711308,-75,73,-148
1739723390.1171308,43,48,62
1739723390.1631308,59,59,-18
1739723390.2081306,-17,27,-42
1739723390.2541306,77,-6,-60
1739723390.3001306,62,-51,-79
1739723390.3461306,63,-4,-111
1739723390.3911307,-26,86,-115
1739723390.4371307,24,-36,-21
1739723390.4831307,-16,-12,-96
1739723390.5281308,92,20,-73
1739723390.5741308,22,-48,-9
1739723390.6201308,62,73,5
1739723390.6661308,55,9,53
1739723390.7111306,16,-67,-99
1739723390.7571306,-68,2,-94
1739723390.8031306,7,31,-59
1739723390.8481307,-10,-58,-126
1739723390.8941307,-64,14,108
1739723390.9401307,-18,62,-129
1739723390.9861307,9,81,-31
1739723391.0311308,-28,-30,-68
1739723391.0771308,56,54,-11
1739723391.1231308,-23,-25,-66
1739723391.1681306,16,-6,-29
1739723391.2141306,10,44,-91
1739723391.2601306,50,-71,-29
1739723391.3061306,-122,40,-42
1739723391.3511307,-4,-49,64
1739723391.3971307,-9,-52,-91
1739723391.4431307,0,-50,53
1739723391.4871306,22,52,0
1739723391.5331306,-44,-53,-24
1739723391.5791306,-97,81,-102
1739723391.6241307,4,1,-61
1739723391.6701307,-35,10,68
1739723391.7161307,29,-6,-149
1739723391.7621307,-34,-122,-139
1739723391.8071306,26,-30,119
1739723391.8531306,20,65,-120
1739723391.8991306,-115,19,-20
1739723391.944131,-24,4,-53
1739723391.990131,-30,14,24
1739723392.036131,10,3,-13
1739723392.082131,-10,-74,63
1739723392.1271307,-79,14,-52
1739723392.1731308,18,43,-14
1739723392.2191308,-39,52,-176
1739723392.2641306,-6,-32,33
1739723392.3101306,85,-31,-31
1739723392.3561306,31,38,-127
1739723392.4021306,77,13,-19
1739723392.447131,-16,13,-57
1739723392.4931307,18,-10,-89
1739723392.5391307,-44,-26,34
1739723392.5841308,-17,-13,-83
1739723392.6301308,33,-6,-147
1739723392.6761308,-5,-28,-87
1739723392.7221308,66,-4,-75
1739723392.7671306,-29,42,-22
1739723392.8131306,38,-22,-5
1739723392.8591306,-21,12,-58
1739723392.9041307,12,-40,-13
1739723392.9501307,13,19,-79
1739723392.9961307,102,-39,37
1739723393.0421307,28,-63,-37
1739723393.0871308,-11,-41,-97
1739723393.1331308,37,-57,-3
1739723393.1791308,-65,3,8
1739723393.2241306,25,-34,29
1739723393.2701306,19,24,-55
1739723393.3161306,-115,-39,6
1739723393.3621306,7,-51,-49
1739723393.4071307,146,-14,-13
1739723393.4531307,-51,6,-18
1739723393.4991307,-24,-14,-36
1739723393.5441308,-59,-38,-110
1739723393.5901306,77,-40,-73
1739723393.6361306,2,68,-64
1739723393.6821306,42,28,-11
1739723393.727131,5,-53,-91
1739723393.773131,-26,4,-32
1739723393.819131,1,-74,-79
1739723393.8641307,0,-41,-95
1739723393.9101307,-64,3,-13
1739723393.9561307,7,-6,-40
1739723394.0021307,61,-11,14
1739723394.0471306,0,-112,4
1739723394.0931306,-21,-23,85
1739723394.1391306,75,-40,-74
1739723394.184131,-42,-17,-31
1739723394.230131,26,-16,-56
1739723394.276131,-35,-49,-27
1739723394.322131,21,14,-54
1739723394.3671308,66,0,-18
1739723394.4131308,-22,-31,-79
1739723394.4591308,10,38,-44
1739723394.5041306,-4,19,-44
1739723394.5501306,-13,25,61
1739723394.5961306,38,8,-24
1739723394.6421306,78,-6,-16
1739723394.6871307,-53,42,25
1739723394.7331307,32,32,-58
1739723394.7791307,10,-2,-94
1739723394.8301306,1,-7,-56
1739723394.8761306,-12,-78,-25
1739723394.9221306,129,30,-10
1739723394.967131,62,-63,106
1739723395.013131,13,54,-32
1739723395.059131,-8,28,-82
1739723395.1041307,29,41,-132
1739723395.1501307,-33,-12,65
1739723395.1961308,112,20,-126
1739723395.2421308,-23,-27,9
1739723395.2881308,21,-33,126
1739723395.3341308,-44,41,19
1739723395.3801308,-13,23,-43
1739723395.4261308,18,57,-54
1739723395.4711306,-29,-58,137
1739723395.5171306,-41,36,11
1739723395.5631306,15,13,0
1739723395.6081307,-109,-40,15
1739723395.6541307,0,12,63
1739723395.7001307,22,99,-66
1739723395.7461307,-9,1,53
1739723395.7911308,-57,-24,25
1739723395.8371308,45,38,-66
1739723395.8831308,31,61,-6
1739723395.9281306,19,2,-142
1739723395.9741306,0,75,54
1739723396.0201306,-102,-1,-1
1739723396.0661306,-6,60,-42
1739723396.1111307,-92,-56,-123
1739723396.1571307,11,-7,86
1739723396.2031307,27,0,-138
1739723396.2481308,-68,-71,-5
1739723396.2941308,6,53,-14
1739723396.3401306,7,57,-48
1739723396.3861306,-44,-8,31
1739723396.4311306,-42,-31,23
1739723396.477131,8,39,-24
1739723396.523131,-36,23,0
1739723396.5681307,-32,0,-153
1739723396.6141307,4,-67,-28
1739723396.6601307,-27,5,-109
1739723396.7061307,67,78,-84
1739723396.7511306,-16,-54,-13
1739723396.7971306,-58,4,45
1739723396.8431306,57,29,-114
1739723396.888131,79,39,-154
1739723396.934131,28,29,-106
1739723396.980131,-31,6,93
1739723397.026131,-64,-53,-133
1739723397.0711308,40,-1,8
1739723397.1171308,-10,-86,72
1739723397.1631308,71,-92,-78
1739723397.2081306,61,57,-154
1739723397.2541306,15,7,-58
1739723397.3001306,-27,9,-95
1739723397.3461306,-81,-36,-69
1739723397.3911307,22,34,-88
1739723397.4371307,-71,-80,-127
1739723397.4831307,6,2,-52
1739723397.5281308,1,-54,-12
1739723397.5741308,84,6,-94
1739723397.6201308,-66,-20,-27
1739723397.6661308,-23,-22,-56
1739723397.7111306,-68,-85,-144
1739723397.7571306,-17,40,50
1739723397.8031306,28,57,7
1739723397.8481307,10,-2,50
1739723397.8941307,2,56,-69
1739723397.9401307,12,40,58
1739723397.9861307,34,17,-1
1739723398.0311308,7,47,-19
1739723398.0771308,-73,-1,4
1739723398.1231308,-35,1,-78
1739723398.1681306,-28,72,-22
1739723398.2141306,81,-16,-5
1739723398.2601306,77,-14,-5
1739723398.3061306,9,49,-77
1739723398.3511307,-48,-48,-66
1739723398.3971307,-5,23,-49
1739723398.4431307,60,2,-45
1739723398.4881306,-73,-11,12
1739723398.5341306,-41,18,-68
1739723398.5801306,24,15,-27
1739723398.6261306,34,5,96
1739723398.671131,45,-11,-5
1739723398.717131,-1,-25,-109
1739723398.763131,-16,9,-16
1739723398.8081307,-29,46,-20
1739723398.8541307,41,-23,23
1739723398.9001307,-32,-11,-137
1739723398.9461308,-31,-35,-83
1739723398.9911306,-2,-29,-37
1739723399.0371306,-4,31,10
1739723399.0831306,-25,57,-75
1739723399.128131,5,-8,-101
1739723399.174131,17,51,-67
1739723399.2201307,23,-40,25
1739723399.2661307,-44,10,56
1739723399.3111308,-57,0,-20
1739723399.3571308,-15,35,-145
1739723399.4031308,47,-10,-25
1739723399.4481306,-49,-1,-60
1739723399.4941306,38,23,0
1739723399.5401306,17,-8,3
1739723399.5851307,60,-51,-7
1739723399.6311307,49,10,25
1739723399.6771307,30,69,-61
1739723399.7231307,67,-2,-121
1739723399.7681308,-81,74,6
1739723399.8141308,39,20,-77
1739723399.8601308,18,18,27
1739723399.9051306,48,-61,-133
1739723399.9511306,-5,3,-153
1739723399.9971306,-3,-16,82
1739723400.0431306,27,-22,-67
1739723400.0881307,56,-48,-111
1739723400.1341307,84,30,9
1739723400.1801307,-45,37,-66
1739723400.2251308,-28,-40,-177
1739723400.2711308,-16,29,-81
1739723400.3171306,-56,12,26
1739723400.3631306,-20,64,3
1739723400.4081306,61,-14,-27
1739723400.4541306,-16,9,44
1739723400.500131,9,10,-97
1739723400.5451307,-5,23,-41
1739723400.5911307,16,35,60
1739723400.6371307,22,7,-61
1739723400.6831307,17,-30,-63
1739723400.7281306,13,-9,60
1739723400.7741306,-59,-32,-66
1739723400.8201306,3,11,-23
1739723400.865131,97,-16,-77
1739723400.911131,31,-43,-17
1739723400.957131,8,28,-3
1739723401.003131,-50,-42,-193
1739723401.0481308,15,78,-15
1739723401.0941308,50,57,85
1739723401.1401308,-3,47,-167
1739723401.1851306,-21,-5,34
1739723401.2311306,-59,-34,-82
1739723401.2771306,-31,-25,30
1739723401.3231306,18,61,-31
1739723401.3681307,-26,49,-34
1739723401.4141307,16,-32,-101
1739723401.4601307,78,33,-119
1739723401.5051308,-68,-40,-86
1739723401.5511308,44,66,-71
1739723401.5971308,24,27,-85
1739723401.6431308,-50,56,-198
1739723401.6881306,4,25,-51
1739723401.7341306,94,30,-191
1739723401.7801306,62,-39,-45
1739723401.8251307,58,86,-75
1739723401.8711307,-12,20,4
1739723401.9171307,-5,-6,-14
1739723401.9631307,10,53,-123
1739723402.0081308,57,5,-41
1739723402.0541308,25,9,7
1739723402.1001308,-22,-33,-78
1739723402.1451306,-12,-82,22
1739723402.1911306,-20,-11,-4
1739723402.2371306,95,46,-17
1739723402.2831306,-12,32,-69
1739723402.3281307,38,-91,-50
1739723402.3741307,15,13,-19
1739723402.4201307,20,106,-87
1739723402.4651306,-57,6,18
1739723402.5111306,-85,13,-170
1739723402.5571306,16,6,-85
1739723402.6031306,61,51,-57
1739723402.648131,-43,16,-31
1739723402.694131,14,-36,-58
1739723402.740131,-40,42,-101
1739723402.7851307,-28,9,46
1739723402.8311307,0,50,5
1739723402.8771307,5,-42,-81
1739723402.9231308,28,16,-69
1739723402.9681306,18,18,142
1739723403.0141306,55,-25,3
1739723403.0601306,52,36,-29
1739723403.105131,46,-28,61
1739723403.151131,-40,0,-48
1739723403.197131,77,25,-133
1739723403.2431307,43,-98,-57
1739723403.2881308,-26,-1,-38
1739723403.3341308,41,-11,-129
1739723403.3801308,39,0,21
1739723403.4251306,50,-18,-31
1739723403.4711306,35,52,33
1739723403.5171306,22,67,-75
1739723403.5631306,5,94,-63
1739723403.6081307,-80,-26,-40
1739723403.6541307,15,-8,-35
1739723403.7001307,3,13,-151
1739723403.7451308,6,86,-60
1739723403.7911308,-34,53,-89
1739723403.8371308,-16,31,49
1739723403.8831308,-25,-36,-67
1739723403.9281306,-29,-27,-164
1739723403.9741306,-27,-28,-72
1739723404.0201306,-12,-43,-28
1739723404.0651307,-57,9,57
1739723404.1111307,76,3,-39
1739723404.1571307,-61,44,-84
1739723404.2031307,-32,-2,-181
1739723404.2481308,8,-51,3
1739723404.2941308,11,7,-169
1739723404.3401306,-10,-55,31
1739723404.3851306,38,127,-2
1739723404.4311306,87,-44,-169
1739723404.477131,70,47,-5
1739723404.523131,-50,-64,14
1739723404.5681307,-1,-59,12
1739723404.6141307,82,47,-112
1739723404.6601307,8,-18,-81
1739723404.7051306,-54,26,19
1739723404.7511306,-7,9,78
1739723404.8031306,40,-76,108
1739723404.8481307,13,7,-106
1739723404.8941307,52,0,-152
1739723404.9401307,-12,14,41
1739723404.9851308,-102,-7,-146
1739723405.0311308,45,66,-160
1739723405.0771308,50,-53,-184
1739723405.1231308,-1,-37,-14
1739723405.1681306,-60,-72,-55
1739723405.2141306,-14,10,19
1739723405.2601306,-25,37,29
1739723405.3051307,22,50,-112
1739723405.3511307,18,16,-80
1739723405.3971307,32,46,-40
1739723405.4431307,0,-60,-104
1739723405.4881306,37,31,-36
1739723405.5341306,-35,16,-15
1739723405.5801306,59,-22,-198
1739723405.625131,10,-15,15
1739723405.671131,-34,-18,-5
1739723405.717131,2,121,-34
1739723405.763131,5,27,22
1739723405.8081307,4,7,-94
1739723405.8541307,21,54,30
1739723405.9001307,-19,79,4
1739723405.9451306,68,45,-48
1739723405.9911306,-19,-39,17
1739723406.0371306,-1,-12,-146
1739723406.0831306,-53,-43,-37
1739723406.128131,15,-10,-96
1739723406.174131,0,46,124
1739723406.2201307,-27,5,-186
1739723406.2651308,41,-1,-74
1739723406.3111308,-28,11,57
1739723406.3571308,-15,27,16
1739723406.4031308,72,10,42
1739723406.4481306,-22,-10,-59
1739723406.4941306,-19,46,-48
1739723406.5401306,24,38,-94
1739723406.5851307,-46,-59,-161
1739723406.6311307,-14,-22,3
1739723406.6771307,-48,23,-121
1739723406.7231307,17,65,-98
1739723406.7681308,-32,12,-57
1739723406.8141308,-22,-2,57
1739723406.8601308,-95,42,-5
1739723406.9051306,-8,50,-43
1739723406.9511306,0,-29,-124
1739723406.9971306,57,33,-28
1739723407.0431306,5,45,-39
1739723407.0881307,-12,-8,-9
1739723407.1341307,8,14,-98
1739723407.1801307,-7,-32,-58
1739723407.2251308,-6,-5,-7
1739723407.2711308,-6,37,-119
1739723407.3171306,-56,-4,81
1739723407.3631306,8,43,-1
1739723407.4081306,-22,24,-179
1739723407.4531307,-29,0,-49
1739723407.4991307,29,81,-91
1739723407.5441308,-48,-24,-105
1739723407.5901306,9,55,79
1739723407.6361306,-37,-22,-130
1739723407.6811306,-2,0,-66
1739723407.727131,-96,-10,81
1739723407.773131,0,52,-70
1739723407.819131,57,44,-40
1739723407.8641307,38,-9,-29
1739723407.9101307,-62,46,-144
1739723407.9561307,-53,-21,-160
1739723408.0011306,-8,48,-15
1739723408.0471306,8,30,31
1739723408.0931306,-63,50,-65
1739723408.1391306,63,-23,4
1739723408.184131,-126,30,-43
1739723408.230131,-14,43,-148
1739723408.276131,-6,5,65
1739723408.3211308,34,-34,90
1739723408.3671308,-57,29,-17
1739723408.4131308,-34,37,-43
1739723408.4591308,-34,-45,-42
1739723408.5041306,-46,-26,-169
1739723408.5501306,74,28,78
1739723408.5961306,-30,-23,-121
1739723408.6411307,-43,-13,13
1739723408.6871307,30,-17,-134
1739723408.7331307,-60,-11,15
1739723408.7791307,-20,36,-119
1739723408.8241308,-26,29,-45
1739723408.8701308,64,-8,-2
1739723408.9161308,29,35,-72
1739723408.9611306,-12,-49,4
1739723409.0071306,31,2,-66
1739723409.0531306,79,15,76
1739723409.0991306,-9,-37,103
1739723409.1441307,54,-39,-66
1739723409.1901307,-72,-49,-130
1739723409.2361307,68,1,64
1739723409.2811308,-18,62,-29
1739723409.3271308,-28,-54,7
1739723409.3731308,-23,-16,-36
1739723409.4181306,-34,20,-69
1739723409.4641306,-41,101,129
1739723409.5101306,-10,8,-93
1739723409.5561306,16,59,-56
1739723409.6011307,15,-18,-126
1739723409.6471307,-50,34,-101
1739723409.6931307,-28,23,-145
1739723409.7381306,-19,38,-15
1739723409.7841306,56,32,-48
1739723409.8301306,1,18,-88
1739723409.8761306,-5,-8,-7
1739723409.921131,-24,31,-15
1739723409.967131,20,-27,-22
1739723410.013131,6,43,65
1739723410.0581307,11,14,8
1739723410.1041307,26,27,-158
1739723410.1501307,-26,41,-104
1739723410.1961308,75,-23,36
1739723410.2411306,25,13,-80
1739723410.2871306,9,43,-131
1739723410.3331306,-56,-8,-70
1739723410.378131,-44,20,-59
1739723410.424131,26,-59,57
1739723410.4701307,-15,-26,-7
1739723410.5161307,3,92,-102
1739723410.5611308,-57,37,32
1739723410.6071308,-20,-23,100
1739723410.6531308,-24,-12,-66
1739723410.6981306,73,-59,65
1739723410.7441306,-13,1,-149
1739723410.7901306,21,77,11
1739723410.8361306,-30,34,-56
1739723410.8811307,-72,-78,22
1739723410.9271307,-29,-66,-106
1739723410.9731307,44,-72,-85
1739723411.0181308,-31,79,-91
1739723411.0641308,42,48,-87
1739723411.1101308,4,-65,-2
1739723411.1561308,15,52,27
1739723411.2011306,47,-63,-115
1739723411.2471306,3,11,-97
1739723411.2931306,-108,-79,46
1739723411.3381307,-18,-13,24
1739723411.3841307,46,-38,-47
1739723411.4301307,7,-16,-69
1739723411.4761307,-12,-53,-70
1739723411.5211308,-51,40,-44
1739723411.5671306,-61,32,-40
1739723411.6131306,-13,-57,-145
1739723411.6581306,-83,20,4
1739723411.7041306,-5,-16,-115
1739723411.750131,1,-40,-223
1739723411.796131,-5,5,10
1739723411.8411307,31,-19,-81
1739723411.8871307,53,6,-47
1739723411.9331307,123,35,-69
1739723411.9781306,66,-6,-163
1739723412.0241306,-46,-49,-26
1739723412.0701306,21,-39,-35
1739723412.1161306,-33,-47,40
1739723412.161131,51,18,-43
1739723412.207131,-57,-24,-82
1739723412.253131,21,-43,-125
1739723412.2981308,10,30,-161
1739723412.3441308,-18,42,-131
1739723412.3901308,36,13,-121
1739723412.4361308,33,-62,27
1739723412.4811306,-16,-52,-131
1739723412.5271306,-1,-25,-22
1739723412.5731306,60,45,-15
1739723412.6181307,34,-17,105
1739723412.6641307,40,-7,-59
1739723412.7101307,-7,3,16
1739723412.7561307,-42,14,-2
1739723412.8011308,-39,36,-38
1739723412.8471308,36,-16,-29
1739723412.8931308,27,-53,-43
1739723412.9381306,-20,10,-48
1739723412.9841306,28,-14,63
1739723413.0301306,-18,-76,-24
1739723413.0761306,-33,-59,-178
1739723413.1211307,-44,-53,50
1739723413.1671307,-16,-30,-139
1739723413.2131307,-18,82,-71
1739723413.2581308,-1,2,-107
1739723413.3041308,-5,-20,32
1739723413.3501308,-73,117,-86
1739723413.3961308,31,-11,-89
1739723413.4411306,-5,-8,-39
1739723413.4871306,-33,-6,42
1739723413.5331306,15,35,-97
1739723413.5781307,44,26,0
1739723413.6241307,-15,-28,-68
1739723413.6701307,41,18,-53
1739723413.7161307,90,-2,-39
1739723413.7611306,78,0,-67
1739723413.8071306,-31,-13,-80
1739723413.8531306,-17,-60,30
1739723413.898131,23,-4,11
1739723413.944131,-42,10,-42
1739723413.990131,50,67,-11
1739723414.036131,-15,84,-16
1739723414.0811307,44,-46,-37
1739723414.1271307,30,-29,-9
1739723414.1731308,23,42,-159
1739723414.2181306,70,23,-108
1739723414.2641306,5,11,-91
1739723414.3101306,68,33,-51
1739723414.3561306,63,-12,-23
1739723414.401131,-40,-21,-43
1739723414.447131,-51,-25,27
1739723414.4931307,17,84,-240
1739723414.5381308,22,-48,68
1739723414.5841308,-16,-77,55
1739723414.6301308,-11,-51,11
1739723414.6761308,-4,-22,-96
1739723414.7211306,16,-12,-90
1739723414.7671306,58,-30,108
1739723414.8181307,49,-46,114
1739723414.8641307,-61,70,-131
1739723414.9101307,27,-8,-42
1739723414.9561307,13,-54,49
1739723415.0011306,-48,98,57
1739723415.0471306,102,43,-16
1739723415.0931306,-9,-64,-78
1739723415.138131,-20,0,-19
1739723415.184131,-32,22,-121
1739723415.230131,10,6,-42
1739723415.276131,-19,28,17
1739723415.3211308,18,-4,-72
1739723415.3671308,-69,0,0
1739723415.4131308,-5,5,63
1739723415.4581306,42,-9,-74
1739723415.5041306,-70,25,39
1739723415.5501306,-20,-3,-111
1739723415.5961306,57,-34,24
1739723415.6411307,-61,60,-98
1739723415.6871307,25,21,-86
1739723415.7331307,64,-53,-5
1739723415.7781308,0,1,-12
1739723415.8241308,30,26,-36
1739723415.8701308,22,-58,-125
1739723415.9161308,-10,-11,1
1739723415.9611306,31,12,-28
1739723416.0071306,-51,48,-84
1739723416.0531306,4,23,60
1739723416.0981307,2,13,-8
1739723416.1441307,26,-57,-74
1739723416.1901307,6,53,-62
1739723416.2361307,10,36,-8
1739723416.2811308,12,-88,-91
1739723416.3271308,30,4,-38
1739723416.3731308,-79,29,-5
1739723416.4181306,-50,34,-33
1739723416.4641306,-70,46,-57
1739723416.5101306,51,-12,26
1739723416.5561306,-2,29,3
1739723416.6011307,-6,-13,-27
1739723416.6471307,48,-5,26
1739723416.6931307,6,8,-46
1739723416.7381306,66,-6,-96
1739723416.7841306,-2,51,-190
1739723416.8301306,-17,90,-56
1739723416.8761306,-8,-9,-166
1739723416.921131,-60,-5,27
1739723416.967131,55,-15,-104
1739723417.013131,77,-2,-172
1739723417.0581307,58,43,42
1739723417.1041307,-59,31,-123
1739723417.1501307,-13,-75,-23
1739723417.1961308,30,6,-78
1739723417.2411306,0,89,12
1739723417.2871306,96,-12,-26
1739723417.3331306,-29,56,-5
1739723417.378131,41,85,50
1739723417.424131,95,-25,6
1739723417.4701307,-119,-17,-71
1739723417.5161307,21,-11,-124
1739723417.5611308,26,70,-38
1739723417.6071308,25,43,-12
1739723417.6531308,51,28,0
1739723417.6981306,-17,33,26
1739723417.7441306,81,61,14
1739723417.7901306,24,70,22
1739723417.8361306,-19,-14,-49
1739723417.8811307,-12,19,-92
1739723417.9271307,-8,8,30
1739723417.9731307,17,-9,-82
1739723418.0181308,11,43,-124
1739723418.0641308,-24,64,50
1739723418.1101308,66,-62,-44
1739723418.1561308,73,-13,-186
1739723418.2011306,-27,-27,-79
1739723418.2471306,-103,31,5
1739723418.2931306,99,-4,-94
1739723418.3381307,-9,14,13
1739723418.3841307,-57,-4,-77
1739723418.4301307,-30,8,65
1739723418.4761307,-25,4,-49
1739723418.5211308,30,-90,53
1739723418.5671306,35,11,-102
1739723418.6131306,-96,30,-91
1739723418.6581306,5,49,-8
1739723418.7041306,-2,-14,31
1739723418.750131,-43,18,49
1739723418.796131,26,60,-56
1739723418.8411307,-46,88,0
1739723418.8871307,-58,57,-15
1739723418.9331307,-52,36,19
1739723418.9781306,-12,40,-42
1739723419.0241306,-36,52,-84
1739723419.0701306,-27,-25,-123
1739723419.1161306,73,-13,5
1739723419.161131,-65,-44,-19
1739723419.207131,73,-38,-119
1739723419.253131,-24,0,-118
1739723419.2981308,136,-70,-77
1739723419.3441308,72,-30,-15
1739723419.3901308,12,-79,1
1739723419.4361308,-58,108,-12
1739723419.4811306,-108,-15,-139
1739723419.5271306,25,0,-122
1739723419.5731306,52,36,116
1739723419.6181307,-36,12,41
1739723419.6641307,-35,16,-57
1739723419.7101307,-21,58,-98
1739723419.7551308,49,-4,-122
1739723419.8011308,13,32,-34
1739723419.8471308,-24,9,84
1739723419.8931308,-46,78,-140
1739723419.9381306,-77,-62,-125
1739723419.9841306,1,0,-20
1739723420.0301306,-50,77,4
1739723420.0751307,49,52,-104
1739723420.1211307,41,0,-10
1739723420.1671307,30,58,-134
1739723420.2131307,33,-10,107
1739723420.2581308,13,73,74
1739723420.3041308,8,-24,1
1739723420.3501308,-6,81,-114
1739723420.3951306,-22,94,-78
1739723420.4411306,-23,47,-40
1739723420.4871306,-26,-32,-39
1739723420.5331306,14,-24,-1
1739723420.5781307,57,70,-114
1739723420.6241307,42,-37,-122
1739723420.6701307,20,-3,-30
1739723420.7151306,53,-2,-22
1739723420.7611306,21,0,-54
1739723420.8071306,48,-73,-45
1739723420.8531306,-14,-32,-171
1739723420.898131,-16,-12,-63
1739723420.944131,63,-25,-94
1739723420.990131,3,40,-182
1739723421.0351307,-99,65,2
1739723421.0811307,47,0,2
1739723421.1271307,-4,74,58
1739723421.1731308,-8,-23,-57
1739723421.2181306,5,-20,-164
1739723421.2641306,9,-31,-29
1739723421.3101306,1,138,-44
1739723421.355131,91,25,-54
1739723421.401131,22,-4,97
1739723421.447131,-56,-10,17
1739723421.4931307,-45,-33,-51
1739723421.5381308,-93,-17,-121
1739723421.5841308,44,3,-85
1739723421.6301308,-49,9,42
1739723421.6751306,-38,21,10
1739723421.7211306,68,33,-19
1739723421.7671306,69,39,-127
1739723421.8131306,-103,33,-84
1739723421.8581307,-13,102,-73
1739723421.9041307,-5,47,-87
1739723421.9501307,45,52,-73
1739723421.9951308,34,-101,-95
1739723422.0411308,-34,55,12
1739723422.0871308,1,-19,-111
1739723422.1331308,2,44,-53
1739723422.1781306,21,-9,-43
1739723422.2241306,-35,-81,-8
1739723422.2701306,-69,-22,-52
1739723422.3151307,-46,-28,-6
1739723422.3611307,9,20,-67
1739723422.4071307,19,-19,-69
1739723422.4531307,-44,-9,-41
1739723422.4981308,-55,-11,-2
1739723422.5441308,-14,21,-95
1739723422.5901306,23,85,23
1739723422.6351306,-49,19,-53
1739723422.6811306,21,-19,-53
1739723422.727131,-28,-1,-97
1739723422.773131,-68,-26,-10
1739723422.8181307,-69,-85,-52
1739723422.8641307,-39,6,-46
1739723422.9101307,10,-15,-55
1739723422.9551306,-31,35,86
1739723423.0011306,-9,48,-77
1739723423.0471306,-65,-57,-6
1739723423.0931306,-19,60,-63
1739723423.138131,-4,-15,-67
1739723423.184131,31,33,-55
1739723423.230131,-38,-10,20
1739723423.2751307,13,63,-21
1739723423.3211308,-9,-18,-185
1739723423.3671308,-31,-3,-157
1739723423.4131308,-38,11,-71
1739723423.4581306,10,122,-105
1739723423.5041306,32,123,7
1739723423.5501306,24,62,-43
1739723423.5951307,21,-38,-11
1739723423.6411307,20,4,-165
1739723423.6871307,35,11,-183
1739723423.7331307,16,49,-43
1739723423.7781308,8,2,-79
1739723423.8241308,20,12,-89
1739723423.8701308,-40,9,18
1739723423.9151306,-5,17,-89
1739723423.9611306,-79,-49,96
1739723424.0071306,-13,74,-26
1739723424.0531306,19,14,-233
1739723424.0981307,-22,16,44
1739723424.1441307,-19,21,-67
1739723424.1901307,-86,-31,-75
1739723424.2351308,-4,4,-145
1739723424.2811308,32,30,34
1739723424.3271308,-50,6,-57
1739723424.3731308,-31,34,-24
1739723424.4181306,-49,-43,-45
1739723424.4641306,-5,48,48
1739723424.5101306,-22,3,-51
1739723424.5551307,29,6,-29
1739723424.6011307,20,-114,-5
1739723424.6471307,28,76,-139
1739723424.6931307,-59,-59,-143
1739723424.7381306,31,4,-57
1739723424.7841306,-12,-39,-145
1739723424.8351307,119,-2,47
1739723424.8811307,-21,10,-2
1739723424.9271307,62,79,-139
1739723424.9731307,-63,52,0
1739723425.0181308,-23,-53,-51
1739723425.0641308,-49,4,-157
1739723425.1101308,19,81,-74
1739723425.1551306,27,5,-103
1739723425.2011306,-58,-12,-23
1739723425.2471306,-3,0,-1
1739723425.2931306,16,45,-2
1739723425.3381307,-15,21,-95
1739723425.3841307,27,3,-103
1739723425.4301307,21,48,-181
1739723425.4751308,27,-14,102
1739723425.5211308,-87,-5,-109
1739723425.5671306,-15,22,74
1739723425.6131306,-36,-13,-123
1739723425.6581306,-116,-19,64
1739723425.7041306,41,27,-102
1739723425.750131,-18,2,-47
1739723425.7951307,-67,-16,-151
1739723425.8411307,-20,14,0
1739723425.8871307,-14,55,-24
1739723425.9331307,-98,96,-22
1739723425.9781306,13,5,-23
1739723426.0241306,24,44,-20
1739723426.0701306,-36,6,-44
1739723426.115131,70,-14,65
1739723426.161131,-17,-32,-115
1739723426.207131,29,41,-93
1739723426.253131,-34,-43,-103
1739723426.2981308,-6,66,116
1739723426.3441308,-21,-5,-14
1739723426.3901308,-23,-14,-90
1739723426.4351306,38,-8,2
1739723426.4811306,-40,-31,-22
1739723426.5271306,21,69,-123
1739723426.5731306,-47,133,-49
1739723426.6181307,45,3,-28
1739723426.6641307,-24,49,-35
1739723426.7101307,27,57,-35
1739723426.7551308,38,19,-120
1739723426.8011308,8,33,-122
1739723426.8471308,8,-8,-52
1739723426.8931308,26,-54,-16
1739723426.9381306,25,-4,93
1739723426.9841306,-60,-11,-71
1739723427.0301306,28,43,-80
1739723427.0751307,-6,-34,45
1739723427.1211307,-16,9,-11
1739723427.1671307,-36,23,-59
1739723427.2131307,-10,-31,47
1739723427.2581308,45,-11,-118
1739723427.3041308,0,8,-70
1739723427.3501308,2,34,-104
1739723427.3951306,-17,-5,-114
1739723427.4411306,-30,23,-63
1739723427.4871306,26,37,-88
1739723427.5331306,-30,23,-74
1739723427.5781307,-3,23,-84
1739723427.6241307,39,-55,-40
1739723427.6701307,3,40,104
1739723427.7151306,37,-2,50
1739723427.7611306,54,-29,-54
1739723427.8071306,44,-72,33
1739723427.8531306,-31,-48,-45
1739723427.898131,18,-37,-86
1739723427.944131,58,56,-10
1739723427.990131,-6,19,-6
1739723428.0351307,-35,49,-38
1739723428.0811307,-69,29,-31
1739723428.1271307,-31,-27,-45
1739723428.1731308,-33,38,-108
1739723428.2181306,72,22,-106
1739723428.2641306,36,23,-228
1739723428.3101306,-55,0,39
1739723428.355131,8,53,42
1739723428.401131,-4,49,0
1739723428.447131,62,-53,26
1739723428.4931307,27,-8,-18
1739723428.5381308,3,-28,35
1739723428.5841308,74,2,8
1739723428.6301308,55,5,-36
1739723428.6751306,-27,-16,-99
1739723428.7211306,18,27,-68
1739723428.7671306,-23,14,-46
1739723428.8131306,23,12,-58
1739723428.8581307,14,-27,-76
1739723428.9041307,6,30,22
1739723428.9501307,-45,40,-16
1739723428.9951308,58,33,-66
1739723429.0411308,16,-5,-140
1739723429.0871308,76,-1,-60
1739723429.1331308,-6,42,80
1739723429.1781306,0,16,-56
1739723429.2241306,-93,-44,-59
1739723429.2701306,7,-16,-94
1739723429.3151307,-23,4,119
1739723429.3611307,27,-32,-100
1739723429.4071307,0,87,-24
1739723429.4531307,13,82,-34
1739723429.4981308,-6,31,19
1739723429.5441308,28,-18,91
1739723429.5901306,-7,-78,0
1739723429.6351306,2,36,-140
1739723429.6811306,-16,0,-134
1739723429.727131,-54,26,-67
1739723429.7721307,-60,11,-35
1739723429.8181307,-26,-2,-73
1739723429.8641307,-25,6,-29
1739723429.9101307,15,-8,18
1739723429.9551306,-9,-15,-80
1739723430.0011306,79,50,-34
1739723430.0471306,-47,19,-111
1739723430.092131,-70,-26,-25
1739723430.138131,30,-18,20
1739723430.184131,54,12,-100
1739723430.230131,11,46,-110
1739723430.2751307,68,-93,-84
1739723430.3211308,-15,27,59
1739723430.3671308,48,-81,-5
1739723430.4121306,-39,-46,-57
1739723430.4581306,7,-20,-24
1739723430.5041306,12,38,-48
1739723430.5501306,81,-5,-34
1739723430.5951307,3,-5,-8
1739723430.6411307,-37,19,35
1739723430.6871307,-7,3,-56
1739723430.7321308,-23,14,-85
1739723430.7781308,-17,2,51
1739723430.8241308,-54,14,-47
1739723430.8701308,7,37,-4
1739723430.9151306,-18,-1,53
1739723430.9611306,17,-10,-58
1739723431.0071306,72,-22,-10
1739723431.0521307,39,-34,-82
1739723431.0981307,7,59,30
1739723431.1441307,-4,41,-50
1739723431.1901307,-28,0,-21
1739723431.2351308,13,46,-62
1739723431.2811308,-49,48,-97
1739723431.3271308,-4,19,15
1739723431.3721306,37,66,-102
1739723431.4181306,-40,-74,19
1739723431.4641306,-10,-13,7
1739723431.5101306,-101,33,-57
1739723431.5551307,-14,-12,-15
1739723431.6011307,-48,23,23
1739723431.6471307,-10,8,-55
1739723431.6921306,28,-24,40
1739723431.7381306,80,21,-134
1739723431.7841306,72,2,-24
1739723431.8301306,1,42,-136
1739723431.875131,43,28,-62
1739723431.921131,-7,-26,-127
1739723431.967131,-61,0,-21
1739723432.0121307,41,65,-6
1739723432.0581307,49,7,-64
1739723432.1041307,-14,43,-47
1739723432.1501307,-20,8,-107
1739723432.1951306,-42,24,-119
1739723432.2411306,-12,-8,47
1739723432.2871306,20,44,112
1739723432.332131,-9,-33,-58
1739723432.378131,-64,36,57
1739723432.424131,21,22,-144
1739723432.4701307,-1,4,-48
1739723432.5151308,-3,12,-11
1739723432.5611308,-63,-1,-23
1739723432.6071308,27,55,-26
1739723432.6521306,33,-17,-48
1739723432.6981306,53,-25,-66
1739723432.7441306,-56,-10,3
1739723432.7901306,28,67,-70
1739723432.8351307,-43,7,7
1739723432.8811307,54,-39,-2
1739723432.9271307,-20,54,-65
1739723432.9721308,-102,-26,-63
1739723433.0181308,-60,-40,-21
1739723433.0641308,-69,-4,-47
1739723433.1101308,6,-12,18
1739723433.1551306,-37,59,-87
1739723433.2011306,-26,-20,-33
1739723433.2471306,-32,-31,-27
1739723433.2921307,-29,-27,-39
1739723433.3381307,0,-51,-53
1739723433.3841307,-3,47,-46
1739723433.4301307,16,41,-136
1739723433.4751308,104,10,-20
1739723433.5211308,34,68,-98
1739723433.5671306,-1,12,41
1739723433.6121306,42,14,-214
1739723433.6581306,18,61,-62
1739723433.7041306,-36,65,-185
1739723433.750131,26,39,-76
1739723433.7951307,-20,87,-13
1739723433.8411307,-12,0,-47
1739723433.8871307,-52,-72,-33
1739723433.9321306,123,-42,-64
1739723433.9781306,-22,0,-19
1739723434.0241306,-12,-45,-69
1739723434.0701306,8,8,-48
1739723434.115131,-26,-30,-25
1739723434.161131,4,33,-76
1739723434.207131,-37,-14,-11
1739723434.2521307,-13,-31,-104
1739723434.2981308,43,-39,84
1739723434.3441308,5,31,-75
1739723434.3901308,-12,-16,-136
1739723434.4351306,62,0,-132
1739723434.4811306,-19,-91,35
1739723434.5271306,25,-11,-110
1739723434.572131,-20,-11,-81
1739723434.6181307,-19,48,-22
1739723434.6641307,-83,-11,-89
1739723434.7101307,30,38,-40
1739723434.7551308,-22,30,-68
1739723434.8011308,52,65,-42
1739723434.852131,-12,-25,-131
1739723434.898131,15,33,-62
1739723434.944131,-3,-20,-123
1739723434.990131,-3,102,-20
1739723435.0351307,-45,-23,-81
1739723435.0811307,8,18,-96
1739723435.1271307,20,89,-30
1739723435.1721306,23,-54,-41
1739723435.2181306,-11,-5,-67
1739723435.2641306,25,-42,-52
1739723435.3101306,-47,17,-59
1739723435.355131,46,78,-104
1739723435.401131,-40,34,53
1739723435.447131,44,24,-48
1739723435.4921308,-18,21,-46
1739723435.5381308,-20,-11,-3
1739723435.5841308,-12,-25,-31
1739723435.6301308,31,51,0
1739723435.6751306,-45,18,-7
1739723435.7211306,10,-3,-28
1739723435.7671306,-8,-3,59
1739723435.8121307,-20,8,19
1739723435.8581307,52,-17,-60
1739723435.9041307,-59,-65,-33
1739723435.9501307,46,5,-94
1739723435.9951308,82,43,-182
1739723436.0411308,6,4,46
1739723436.0871308,-96,28,-191
1739723436.1321306,-12,-35,-89
1739723436.1781306,-57,-34,-155
1739723436.2241306,0,-92,-50
1739723436.2701306,41,28,-84
1739723436.3151307,5,-65,-56
1739723436.3621306,-44,-72,-251
1739723436.4081306,-41,28,17
1739723436.4541306,-67,-14,-25
1739723436.4991307,48,-30,-48
1739723436.5451307,27,-22,-54
1739723436.5911307,-33,83,-77
1739723436.6361306,-52,77,-21
1739723436.6821306,20,-25,-122
1739723436.7281306,-5,47,-73
1739723436.7741306,-21,14,57
1739723436.819131,17,-8,-70
1739723436.865131,6,78,-78
1739723436.911131,-54,46,-141
1739723436.9561307,11,-5,-98
1739723437.0021307,0,0,-42
1739723437.0481308,7,27,-118
1739723437.0941308,-23,-31,-15
1739723437.1391306,0,-1,-78
1739723437.1851306,29,-53,-48
1739723437.2311306,-48,-8,-254
1739723437.276131,43,63,-228
1739723437.322131,-29,-58,7
1739723437.3681307,-5,-28,-54
1739723437.4141307,-15,45,-4
1739723437.4591308,20,24,-24
1739723437.5051308,2,25,-36
1739723437.5511308,-13,51,-73
1739723437.5961306,12,3,-5
1739723437.6421306,42,74,-115
1739723437.6881306,-56,10,-2
1739723437.7341306,-7,56,109
1739723437.7791307,40,22,-66
1739723437.8251307,1,9,-52
1739723437.8711307,-3,-30,-4
1739723437.9161308,-47,-16,-41
1739723437.9621308,11,22,-114
1739723438.0081308,88,-14,-80
1739723438.0541308,-28,7,-125
1739723438.0991306,-53,2,91
1739723438.1451306,0,-2,-80
1739723438.1911306,49,-49,12
1739723438.2361307,9,20,-206
1739723438.2821307,-14,-96,-88
1739723438.3281307,77,-52,-42
1739723438.3741307,4,-9,49
1739723438.4191308,-1,-4,-80
1739723438.4651306,20,-41,26
1739723438.5111306,-72,50,-79
1739723438.5561306,20,55,-93
1739723438.602131,24,-34,-116
1739723438.648131,-11,1,-57
1739723438.694131,37,15,28
1739723438.7391307,-21,-55,-40
1739723438.7851307,9,99,-23
1739723438.8311307,28,-32,40
1739723438.8761306,-45,33,-7
1739723438.9221306,62,-5,-40
1739723438.9681306,42,0,82
1739723439.0141306,47,-62,-94
1739723439.059131,-68,21,-111
1739723439.105131,23,-2,74
1739723439.151131,0,-21,46
1739723439.1961308,-104,44,25
1739723439.2421308,18,-41,-82
1739723439.2881308,-36,84,-53
1739723439.3341308,-43,20,9
1739723439.3791306,8,33,-37
1739723439.4251306,-21,20,-57
1739723439.4711306,-49,56,57
1739723439.5161307,44,22,-78
1739723439.5621307,-39,35,-123
1739723439.6081307,5,-91,42
1739723439.6531308,69,-22,58
1739723439.6991308,-25,19,-27
1739723439.7451308,-17,33,41
1739723439.7911308,51,-5,-18
1739723439.8361306,17,-12,-48
1739723439.8821306,63,14,-68
1739723439.9281306,-66,-25,-76
1739723439.9731307,-8,44,-98
1739723440.0191307,12,-9,-26
1739723440.0651307,-38,-48,5
1739723440.1111307,6,6,-1
1739723440.1561308,70,25,-89
1739723440.2021308,-54,26,-33
1739723440.2481308,-6,39,-131
1739723440.2931306,14,-24,-59
1739723440.3391306,2,15,-37
1739723440.3851306,-91,27,-28
1739723440.4311306,38,65,-25
1739723440.4761307,15,-2,-17
1739723440.5221307,-49,-22,62
1739723440.5681307,9,30,-39
1739723440.6131306,34,95,-22
1739723440.6591306,18,-20,42
1739723440.7051306,79,-64,-141
1739723440.7511306,28,-10,0
1739723440.796131,-69,15,-95
1739723440.842131,36,21,-31
1739723440.888131,-38,-16,-77
1739723440.9331307,-20,26,-63
1739723440.9791307,40,29,-57
1739723441.0251307,-67,-41,-39
1739723441.0711308,107,8,42
1739723441.1161306,21,6,-95
1739723441.1621306,-37,68,-12
1739723441.2081306,-34,18,-63
1739723441.253131,46,42,-7
1739723441.299131,9,-34,56
1739723441.3451307,-21,-37,106
1739723441.3911307,-58,-20,54
1739723441.4361308,33,30,-111
1739723441.4821308,86,-69,-3
1739723441.5281308,7,4,24
1739723441.5731306,-15,43,36
1739723441.6191306,-23,-6,-12
1739723441.6651306,-8,-34,-45
1739723441.7111306,-48,-22,-48
1739723441.7561307,-14,-12,-31
1739723441.8021307,46,11,-121
1739723441.8481307,-73,21,30
1739723441.8931308,-14,41,8
1739723441.9391308,-24,12,-41
1739723441.9851308,10,16,-151
1739723442.0311308,52,-1,-137
1739723442.0761306,-41,11,-36
1739723442.1221306,-19,-31,19
1739723442.1681306,-10,36,-61
1739723442.2131307,11,48,-74
1739723442.2591307,-1,22,-41
1739723442.3051307,83,77,-64
1739723442.3511307,118,34,-67
1739723442.3961308,-73,-40,7
1739723442.4421306,23,7,-89
1739723442.4881306,34,97,-126
1739723442.5331306,49,13,-6
1739723442.5791306,-36,12,6
1739723442.625131,31,-1,-79
1739723442.671131,0,6,-35
1739723442.7161307,34,40,30
1739723442.7621307,54,33,-107
1739723442.8081307,-42,13,-73
1739723442.8531306,25,30,43
1739723442.8991306,-78,12,76
1739723442.9451306,-18,-65,38
1739723442.9911306,16,-14,-93
1739723443.036131,-40,-87,-16
1739723443.082131,-37,-7,-98
1739723443.128131,-26,34,87
1739723443.1731308,-56,-49,-81
1739723443.2191308,49,29,-56
1739723443.2651308,-46,-61,-137
1739723443.3111308,58,-62,-100
1739723443.3561306,46,3,-90
1739723443.4021306,61,59,-98
1739723443.4481306,-7,11,-4
1739723443.4931307,50,55,24
1739723443.5391307,-16,-87,-7
1739723443.5851307,20,18,-70
1739723443.6311307,24,-4,-52
1739723443.6761308,-49,84,0
1739723443.7221308,2,46,-156
1739723443.7681308,-54,36,-81
1739723443.8131306,35,88,-86
1739723443.8591306,55,7,-32
1739723443.9051306,39,47,-68
1739723443.9511306,20,32,-116
1739723443.9961307,-91,11,-20
1739723444.0421307,-107,-7,-149
1739723444.0881307,-64,14,21
1739723444.1331308,40,16,-176
1739723444.1791308,30,8,113
1739723444.2251308,38,47,-136
1739723444.2711308,-36,-36,57
1739723444.3161306,-10,18,-37
1739723444.3621306,-80,-38,51
1739723444.4081306,23,64,-44
1739723444.4531307,-50,-18,-19
1739723444.4991307,23,5,-14
1739723444.5451307,-5,27,-26
1739723444.5911307,15,13,-84
1739723444.6361306,17,12,-44
1739723444.6821306,-4,51,-3
1739723444.7281306,29,2,-14
1739723444.773131,20,-39,30
1739723444.819131,4,9,-30
1739723444.8711307,19,57,-116
1739723444.9161308,-92,-81,-73
1739723444.9621308,-48,13,-97
1739723445.0081308,97,36,-142
1739723445.0531306,-3,2,-32
1739723445.0991306,86,22,46
1739723445.1451306,39,-20,-86
1739723445.1911306,0,46,-144
1739723445.2361307,-66,14,-109
1739723445.2821307,12,-88,20
1739723445.3281307,36,-36,-18
1739723445.3731308,-21,4,-153
1739723445.4191308,59,7,48
1739723445.4651306,89,70,-34
1739723445.5111306,37,74,-40
1739723445.5561306,61,-59,-106
1739723445.602131,-11,24,59
1739723445.648131,-26,96,65
1739723445.6931307,-15,17,-43
1739723445.7391307,11,36,20
1739723445.7851307,5,-32,-50
1739723445.8311307,8,6,-66
1739723445.8761306,-13,92,-74
1739723445.9221306,46,25,-94
1739723445.9681306,-18,21,-146
1739723446.013131,3,93,-2
1739723446.059131,2,21,43
1739723446.105131,35,-23,-170
1739723446.151131,-29,-40,-169
1739723446.1961308,-38,-18,-107
1739723446.2421308,-11,14,-3
1739723446.2881308,-32,77,5
1739723446.3331306,-8,-34,-31
1739723446.3791306,19,32,12
1739723446.4251306,29,0,-108
1739723446.4711306,40,69,-100
1739723446.5161307,73,-77,0
1739723446.5621307,105,-17,74
1739723446.6081307,12,-3,86
1739723446.6531308,50,-39,-112
1739723446.6991308,31,34,-64
1739723446.7451308,5,-8,-152
1739723446.7911308,-57,0,51
1739723446.8361306,-15,25,-29
1739723446.8821306,-47,-59,-27
1739723446.9281306,12,-13,-52
1739723446.9731307,-75,-9,-59
1739723447.0191307,0,41,-12
1739723447.0651307,25,3,-12
1739723447.1111307,-52,44,-11
1739723447.1561308,6,-57,-10
1739723447.2021308,-12,-2,-76
1739723447.2481308,4,17,40
1739723447.2931306,-30,0,-37
1739723447.3391306,-106,-13,-163
1739723447.3851306,77,38,-124
1739723447.4311306,45,32,-42
1739723447.4761307,14,41,-128
1739723447.5221307,20,69,-36
1739723447.5681307,25,0,-16
1739723447.6131306,53,63,-36
1739723447.6591306,94,18,-64
1739723447.7051306,31,22,-98
1739723447.7511306,-5,-26,-20
1739723447.796131,-69,5,-9
1739723447.842131,18,22,-52
1739723447.888131,47,25,-80
1739723447.9331307,6,-30,92
1739723447.9791307,-28,4,1
1739723448.0251307,-38,25,-53
1739723448.0711308,-105,52,-19
1739723448.1161306,85,65,-90
1739723448.1621306,30,-1,-94
1739723448.2081306,28,8,-80
1739723448.253131,80,29,-126
1739723448.299131,-21,42,-33
1739723448.3451307,31,-57,-72
1739723448.3911307,-36,17,-53
1739723448.4361308,-99,-27,-25
1739723448.4821308,-60,72,-3
1739723448.5271306,-21,40,-41
1739723448.572131,-74,8,15
1739723448.6181307,50,-32,-164
1739723448.6641307,6,59,-61
1739723448.7091308,-39,21,-109
1739723448.7551308,-56,-57,-66
1739723448.8011308,30,-55,84
1739723448.8471308,18,31,-25
1739723448.8921306,43,-4,54
1739723448.9381306,-75,-15,-103
1739723448.9841306,3,5,-25
1739723449.0291307,-75,-60,70
1739723449.0751307,-42,7,-99
1739723449.1211307,50,-57,-52
1739723449.1661308,89,-74,-116
1739723449.2121308,11,28,-49
1739723449.2581308,-28,-18,61
1739723449.3041308,36,42,5
1739723449.3491306,-8,-64,-158
1739723449.3951306,-47,-10,5
1739723449.4411306,-17,-36,84
1739723449.4871306,-39,42,-3
1739723449.5321307,1,-3,-36
1739723449.5781307,48,41,-91
1739723449.6241307,35,-29,6
1739723449.6691308,-11,20,-41
1739723449.7151306,36,9,-128
1739723449.7611306,54,42,-129
1739723449.8061306,-91,-38,24
1739723449.852131,-30,28,-1
1739723449.898131,-11,-72,-26
1739723449.944131,-19,-3,-19
1739723449.9891307,-7,-48,-100
1739723450.0351307,-7,7,-27
1739723450.0811307,111,-10,-14
1739723450.1261306,1,7,41
1739723450.1721306,-39,31,-67
1739723450.2181306,17,-24,36
1739723450.2641306,-8,-66,-24
1739723450.309131,-48,-57,-156
1739723450.355131,35,-80,-30
1739723450.401131,67,1,-174
1739723450.4461308,-27,-52,-64
1739723450.4921308,-30,-82,-26
1739723450.5381308,-9,-72,-43
1739723450.5841308,9,-25,-24
1739723450.6291306,-52,-48,-30
1739723450.6751306,-20,-17,-54
1739723450.7211306,58,-15,-12
1739723450.7661307,-30,36,-37
1739723450.8121307,-10,16,-52
1739723450.8581307,-4,-10,-98
1739723450.9041307,82,37,-74
1739723450.9491308,-28,5,-5
1739723450.9951308,56,9,-10
1739723451.0411308,66,42,35
1739723451.0861306,59,-20,-8
1739723451.1321306,-66,-55,-54
1739723451.1781306,-24,25,-100
1739723451.2241306,50,-24,-44
1739723451.2691307,19,61,-5
1739723451.3151307,-1,8,-1
1739723451.3611307,-10,-15,4
1739723451.4061308,-13,-65,0
1739723451.4521308,60,39,-37
1739723451.4981308,-74,4,-126
1739723451.5441308,-27,27,45
1739723451.5891306,-14,22,-7
1739723451.6351306,-32,63,-21
1739723451.6811306,42,-51,-32
1739723451.7261307,-3,12,-136
1739723451.7721307,-15,13,45
1739723451.8181307,-40,23,-32
1739723451.8641307,-64,46,27
1739723451.9091306,97,-7,-58
1739723451.9551306,52,70,-48
1739723452.0011306,-28,-25,73
1739723452.046131,-69,-13,57
1739723452.092131,-90,72,48
1739723452.138131,9,24,-2
1739723452.184131,-38,41,-1
1739723452.2291307,14,29,55
1739723452.2751307,-33,-4,4
1739723452.3211308,-109,24,-70
1739723452.3661306,-31,-17,-2
1739723452.4121306,-83,31,-6
1739723452.4581306,5,-32,-109
1739723452.5041306,17,-65,-135
1739723452.549131,25,-21,-55
1739723452.5951307,-16,-22,-14
1739723452.6411307,3,-19,-33
1739723452.6861308,-31,-3,-119
1739723452.7321308,38,-7,11
1739723452.7781308,1,3,-57
1739723452.8241308,15,80,-39
1739723452.8691306,-3,2,-37
1739723452.9151306,13,-31,-131
1739723452.9611306,65,83,-69
1739723453.0061307,67,-58,-91
1739723453.0521307,-10,71,-6
1739723453.0981307,-49,56,-106
1739723453.1441307,-5,-26,-127
1739723453.1891308,43,14,-303
1739723453.2351308,27,-54,-47
1739723453.2811308,-49,41,-48
1739723453.3261306,19,20,-53
1739723453.3721306,53,-25,-17
1739723453.4181306,54,-19,-17
1739723453.4641306,31,-33,9
1739723453.5091307,50,-49,-1
1739723453.5551307,2,-3,-159
1739723453.6011307,-4,-51,58
1739723453.6461308,89,15,83
1739723453.6921306,57,-80,-55
1739723453.7381306,8,30,-27
1739723453.7841306,-35,27,-173
1739723453.8291306,19,102,-3
1739723453.875131,68,58,-81
1739723453.921131,66,24,-113
1739723453.9661307,33,30,-69
1739723454.0121307,-13,-29,-35
1739723454.0581307,18,-26,7
1739723454.1041307,-7,-30,16
1739723454.1491306,-34,-10,30
1739723454.1951306,51,39,70
1739723454.2411306,49,11,55
1739723454.286131,-16,-89,-97
1739723454.332131,86,0,-103
1739723454.378131,47,40,-21
1739723454.424131,37,9,-189
1739723454.4691308,-8,7,-167
1739723454.5151308,43,54,-61
1739723454.5611308,43,-57,0
1739723454.6061306,-26,-99,-115
1739723454.6521306,-2,10,-39
1739723454.6981306,-25,3,-26
1739723454.7441306,-13,12,-125
1739723454.7891307,-68,-41,-112
1739723454.8411307,-48,-32,-102
1739723454.8861306,8,39,-7
1739723454.9321306,12,5,-7
1739723454.9781306,-28,-42,-175
1739723455.0241306,-84,15,-128
1739723455.069131,13,58,-63
1739723455.115131,58,1,23
1739723455.161131,-10,42,-111
1739723455.2061307,40,4,23
1739723455.2521307,84,-9,39
1739723455.2981308,0,56,-181
1739723455.3441308,-17,27,-87
1739723455.3901308,-75,-43,-46
1739723455.4361308,-82,6,34
1739723455.4821308,25,31,-9
1739723455.5281308,36,-30,-183
1739723455.5731306,-20,0,-26
1739723455.6191306,-43,8,-44
1739723455.6651306,45,-13,-1
1739723455.7101307,6,-26,-5
1739723455.7561307,23,-31,-67
1739723455.8021307,36,17,-69
1739723455.8481307,-30,2,-60
1739723455.8931308,27,43,-113
1739723455.9391308,38,90,-15
1739723455.9851308,12,64,-165
1739723456.0301306,79,-14,-25
1739723456.0761306,-16,53,-8
1739723456.1221306,1,20,-123
1739723456.1681306,-19,-60,-195
1739723456.2131307,5,21,7
1739723456.2591307,35,-21,-53
1739723456.3051307,43,54,2
1739723456.3501308,54,22,32
1739723456.3961308,99,-6,45
1739723456.4421306,26,15,-89
1739723456.4881306,-6,-36,20
1739723456.5331306,-17,-50,8
1739723456.5791306,-82,-50,-60
1739723456.625131,45,20,-60
1739723456.6701307,72,-53,-71
1739723456.7161307,76,-23,-41
1739723456.7621307,-44,12,-74
1739723456.8081307,46,-95,-39
1739723456.8531306,42,14,-95
1739723456.8991306,-21,-29,34
1739723456.9451306,8,-28,-85
1739723456.990131,-68,-39,-36
1739723457.036131,33,-13,-149
1739723457.082131,52,26,-57
1739723457.128131,83,-20,61
1739723457.1731308,47,-70,-63
1739723457.2191308,-14,-40,-135
1739723457.2651308,17,15,-65
1739723457.3101306,10,-19,-123
1739723457.3561306,76,16,-33
1739723457.4021306,-59,-42,-59
1739723457.4481306,-9,-25,-17
1739723457.4931307,-70,-32,-2
1739723457.5391307,19,8,-89
1739723457.5851307,-18,46,90
1739723457.6301308,-27,31,12
1739723457.6761308,39,2,63
1739723457.7221308,-72,-1,24
1739723457.7681308,28,-32,-71
1739723457.8131306,10,24,16
1739723457.8591306,66,22,0
1739723457.9051306,-15,25,-37
1739723457.9501307,27,-61,5
1739723457.9961307,-17,21,67
1739723458.0421307,-55,36,-61
1739723458.0881307,28,-85,-40
1739723458.1331308,-20,16,37
1739723458.1791308,47,33,-86
1739723458.2251308,34,-19,-50
1739723458.2701306,-59,1,-11
1739723458.3161306,119,-39,-86
1739723458.3621306,-32,-13,25
1739723458.4081306,20,-16,20
1739723458.4531307,27,-30,-116
1739723458.4991307,-41,42,-1
1739723458.5451307,38,51,10
1739723458.5901306,-20,-37,-162
1739723458.6361306,18,-22,18
1739723458.6821306,-35,-53,-148
1739723458.7281306,-7,-24,-16
1739723458.773131,31,28,-64
1739723458.819131,-6,-16,4
1739723458.865131,37,15,-148
1739723458.9101307,-9,-3,-65
1739723458.9561307,-56,-2,29
1739723459.0021307,5,53,-80
1739723459.0481308,23,-78,-38
1739723459.0931306,-8,-25,-120
1739723459.1391306,132,0,-98
1739723459.1851306,-22,59,-179
1739723459.230131,24,54,-68
1739723459.276131,6,-8,-42
1739723459.322131,-20,62,-17
1739723459.3681307,-67,49,-131
1739723459.4131308,-90,57,-67
1739723459.4591308,-26,-10,-43
1739723459.5051308,52,22,-70
1739723459.5501306,3,52,-46
1739723459.5961306,-54,36,-33
1739723459.6421306,-5,-34,-32
1739723459.6881306,36,37,-4
1739723459.7331307,-30,19,-31
1739723459.7791307,-26,33,-57
1739723459.8251307,-39,21,41
1739723459.8701308,16,27,-42
1739723459.9161308,-67,5,-117
1739723459.9621308,-42,-100,-90
1739723460.0071306,-3,10,-106
1739723460.0531306,-4,13,-45
1739723460.0991306,29,47,-86
1739723460.1451306,-50,37,-15
1739723460.1901307,-77,-49,-87
1739723460.2361307,29,-47,-44
1739723460.2821307,-35,14,-183
1739723460.3271308,62,18,-110
1739723460.3731308,-17,21,-89
1739723460.4191308,36,-35,-8
1739723460.4651306,17,-6,-28
1739723460.5101306,43,48,16
1739723460.5561306,82,-5,-46
1739723460.602131,7,-16,118
1739723460.6471307,-4,37,-73
1739723460.6931307,49,23,-64
1739723460.7391307,28,12,18
1739723460.7851307,27,49,-54
1739723460.8301306,114,-50,-34
1739723460.8761306,-1,65,-67
1739723460.9221306,-43,-9,75
1739723460.967131,-11,-8,-176
1739723461.013131,-29,-3,-15
1739723461.059131,53,-35,6
1739723461.105131,2,5,-54
1739723461.1501307,55,7,136
1739723461.1961308,-1,77,5
1739723461.2421308,-100,51,-7
1739723461.2871306,-51,9,75
1739723461.3331306,-37,19,41
1739723461.3791306,32,48,4
1739723461.4251306,-49,9,-129
1739723461.4701307,76,36,-10
1739723461.5161307,-3,-6,59
1739723461.5621307,54,-6,-68
1739723461.6071308,-16,-23,-43
1739723461.6531308,-57,-46,1
1739723461.6991308,-32,-10,-59
1739723461.7451308,-35,-13,-59
1739723461.7901306,11,-53,-11
1739723461.8361306,44,-19,-168
1739723461.8821306,39,0,-14
1739723461.9271307,-33,3,-105
1739723461.9731307,-2,-14,47
1739723462.0191307,-24,-33,-1
1739723462.0651307,-9,-54,-48
1739723462.1101308,22,47,-64
1739723462.1561308,26,60,-6
1739723462.2021308,-22,10,-98
1739723462.2471306,53,41,52
1739723462.2931306,-19,-16,-12
1739723462.3391306,-12,21,-24
1739723462.3851306,28,-82,-49
1739723462.4301307,-75,-57,-31
1739723462.4761307,-81,-9,-81
1739723462.5221307,-39,36,-20
1739723462.5671306,61,-22,-28
1739723462.6131306,-43,-17,15
1739723462.6591306,-10,-23,89
1739723462.7051306,-38,-31,-15
1739723462.750131,-57,10,-116
1739723462.796131,-2,19,-91
1739723462.842131,-55,51,-143
1739723462.8871307,-50,11,-10
1739723462.9331307,-64,-72,-100
1739723462.9791307,74,44,-51
1739723463.0251307,-39,7,-117
1739723463.0701306,-69,-13,-30
1739723463.1161306,-18,31,-71
1739723463.1621306,-34,-12,2
1739723463.207131,-21,58,-77
1739723463.253131,45,7,-33
1739723463.299131,-7,-18,-73
1739723463.3451307,20,14,-53
1739723463.3901308,-96,19,-13
1739723463.4361308,-50,3,-55
1739723463.4821308,-39,-15,-249
1739723463.5271306,72,37,8
1739723463.5731306,-4,39,-89
1739723463.6191306,7,15,-41
1739723463.6651306,-107,7,-125
1739723463.7101307,-31,31,-65
1739723463.7561307,26,0,-51
1739723463.8021307,-68,-15,-223
1739723463.8471308,-2,5,34
1739723463.8931308,34,-12,0
1739723463.9391308,30,-9,-34
1739723463.9851308,64,-1,-57
1739723464.0301306,40,-23,-85
1739723464.0761306,50,-29,24
1739723464.1221306,-7,43,-27
1739723464.1671307,-37,-29,-121
1739723464.2131307,51,-29,-131
1739723464.2591307,-45,45,16
1739723464.3051307,26,33,34
1739723464.3501308,19,51,-159
1739723464.3961308,-14,1,44
1739723464.4421306,74,18,30
1739723464.4871306,-6,-58,47
1739723464.5331306,-19,11,-129
1739723464.5791306,47,23,-12
1739723464.625131,32,8,-129
1739723464.6701307,-13,41,-139
1739723464.7161307,0,-53,-39
1739723464.7621307,-16,-4,26
1739723464.8071306,-42,95,40
1739723464.8591306,52,8,-1
1739723464.9051306,73,10,-97
1739723464.9501307,32,8,-145
1739723464.9961307,16,31,-14
1739723465.0421307,-11,-25,-15
1739723465.0871308,-83,-18,19
1739723465.1331308,5,68,-108
1739723465.1791308,-46,61,-124
1739723465.2251308,1,68,-20
1739723465.2701306,26,-34,11
1739723465.3161306,-12,6,0
1739723465.3621306,12,-29,-57
1739723465.4071307,-8,-15,-79
1739723465.4531307,-16,25,-16
1739723465.4991307,-10,-88,-35
1739723465.5431306,39,-7,-57
1739723465.5891306,14,76,-54
1739723465.6351306,-2,102,-88
1739723465.6811306,14,0,-5
1739723465.7261307,-15,55,72
1739723465.7721307,-61,58,-118
1739723465.8181307,-98,0,-24
1739723465.8631306,-16,-89,7
1739723465.9091306,63,-31,-27
1739723465.9551306,-22,-29,-79
1739723466.0011306,-33,-13,-55
1739723466.046131,48,1,-85
1739723466.092131,21,-15,17
1739723466.138131,-56,-35,-181
1739723466.1831307,26,56,-16
1739723466.2291307,8,22,30
1739723466.2751307,28,-34,9
1739723466.3211308,5,-26,-181
1739723466.3661306,-19,-1,-48
1739723466.4121306,-19,11,12
1739723466.4581306,14,-11,-57
1739723466.503131,18,2,-101
1739723466.549131,-24,26,8
1739723466.5951307,-25,33,-78
1739723466.6411307,-1,-53,-49
1739723466.6861308,25,15,52
1739723466.7321308,84,4,41
1739723466.7781308,-9,7,-10
1739723466.8231306,44,-31,-91
1739723466.8691306,-101,-37,-88
1739723466.9151306,-57,-20,38
1739723466.9611306,-13,45,-46
1739723467.0061307,54,52,-32
1739723467.0521307,-11,-57,-45
1739723467.0981307,-1,6,48
1739723467.1431308,4,13,-91
1739723467.1891308,26,41,-4
1739723467.2351308,-47,21,5
1739723467.2811308,-43,42,-161
1739723467.3261306,-47,67,-77
1739723467.3721306,11,-47,12
1739723467.4181306,12,10,-90
1739723467.4631307,-162,-15,-19
1739723467.5091307,-35,-18,-9
1739723467.5551307,-84,29,45
1739723467.6011307,1,-3,-128
1739723467.6461308,-137,29,-69
1739723467.6921306,-49,-10,125
1739723467.7381306,16,1,-12
1739723467.7831306,-10,-31,42
1739723467.8291306,-75,-9,0
1739723467.875131,0,10,-13
1739723467.921131,18,21,-5
1739723467.9661307,-8,56,-1
1739723468.0121307,-65,-29,-184
1739723468.0581307,-32,48,-33
1739723468.1031306,68,50,-143
1739723468.1491306,-105,-79,-22
1739723468.1951306,-24,3,-27
1739723468.2411306,-14,4,-108
1739723468.286131,-16,-18,34
1739723468.332131,62,-14,-42
1739723468.378131,-8,46,-135
1739723468.4231308,-28,17,-11
1739723468.4691308,5,-4,-98
1739723468.5151308,-24,61,-119
1739723468.5611308,-55,-51,9
1739723468.6061306,58,-15,28
1739723468.6521306,34,-19,-64
1739723468.6981306,-81,70,-45
1739723468.7431307,30,-10,-68
1739723468.7891307,-64,-13,-102
1739723468.8351307,-16,57,157
1739723468.8811307,91,-10,-16
1739723468.9261308,35,32,-64
1739723468.9721308,25,-32,24
1739723469.0181308,10,-25,2
1739723469.0631306,53,-57,-60
1739723469.1091306,-37,17,37
1739723469.1551306,14,0,-86
1739723469.2011306,-41,-21,-34
1739723469.2461307,24,-46,12
1739723469.2921307,-72,-34,-40
1739723469.3381307,67,-39,-50
1739723469.3831308,3,17,-158
1739723469.4291308,52,-55,-72
1739723469.4751308,60,-4,-152
1739723469.5211308,-17,-44,-50
1739723469.5661306,-42,-39,-18
1739723469.6121306,113,-12,-48
1739723469.6581306,7,-1,91
1739723469.7031307,-72,54,9
1739723469.7491307,44,20,106
1739723469.7951307,33,-51,-70
1739723469.8401306,-4,23,-49
1739723469.8861306,12,-21,-32
1739723469.9321306,-30,-5,-108
1739723469.9781306,-10,-15,-92
1739723470.023131,-41,19,-17
1739723470.069131,-24,10,-43
1739723470.115131,-55,40,1
1739723470.1601307,-73,8,-17
1739723470.2061307,17,0,-10
1739723470.2521307,31,55,-62
1739723470.2981308,34,70,-138
1739723470.3431306,-2,28,-88
1739723470.3891306,-69,23,57
1739723470.4351306,20,-63,-24
1739723470.480131,-83,-40,17
1739723470.526131,-19,19,-19
1739723470.572131,-55,12,-23
1739723470.6181307,1,13,49
1739723470.6631308,33,48,15
1739723470.7091308,-9,74,15
1739723470.7551308,-91,-16,33
1739723470.8001306,-13,24,-13
1739723470.8461306,26,72,62
1739723470.8921306,5,94,-76
1739723470.9381306,62,23,-158
1739723470.9831307,-69,-43,-79
1739723471.0291307,-9,-9,-15
1739723471.0751307,116,-32,-30
1739723471.1201308,-13,6,-7
1739723471.1661308,-47,82,-60
1739723471.2121308,-1,26,-24
1739723471.2581308,-25,-4,-23
1739723471.3031306,-79,-2,25
1739723471.3491306,-29,17,-57
1739723471.3951306,94,0,-14
1739723471.4401307,89,-39,68
1739723471.4861307,-5,-36,-67
1739723471.5321307,2,-11,-9
1739723471.5781307,-83,-32,29
1739723471.6231308,62,-85,-182
1739723471.6691308,20,-39,-8
1739723471.7151306,-51,-48,13
1739723471.7601306,22,-13,36
1739723471.8061306,-41,29,-1
1739723471.852131,55,-37,-34
1739723471.898131,-13,-41,-29
1739723471.9431307,-14,43,-29
1739723471.9891307,-7,-54,-130
1739723472.0351307,41,-22,0
1739723472.0801306,-39,-3,27
1739723472.1261306,14,38,-22
1739723472.1721306,-10,-21,31
1739723472.2181306,-56,5,-135
1739723472.263131,40,27,62
1739723472.309131,43,65,-24
1739723472.355131,0,75,32
1739723472.4001307,32,14,-112
1739723472.4461308,47,42,-4
1739723472.4921308,6,67,-44
1739723472.5381308,-34,-19,-135
1739723472.5831306,-61,-36,-105
1739723472.6291306,45,-102,-90
1739723472.6751306,95,37,28
1739723472.7201307,17,-77,-49
1739723472.7661307,-7,23,30
1739723472.8121307,11,-33,-43
1739723472.8581307,51,117,-32
1739723472.9031308,27,-74,-69
1739723472.9491308,80,-2,-178
1739723472.9951308,-27,40,-38
1739723473.0401306,-39,-15,51
1739723473.0861306,-30,-2,7
1739723473.1321306,-14,21,-90
1739723473.1781306,72,24,-130
1739723473.2231307,-82,-7,-17
1739723473.2691307,-26,-66,55
1739723473.3151307,-26,9,-148
1739723473.3601308,15,12,-80
1739723473.4061308,-90,6,-35
1739723473.4521308,5,-41,-6
1739723473.4981308,20,-26,-104
1739723473.5431306,10,-2,-76
1739723473.5891306,0,90,31
1739723473.6351306,-32,23,7
1739723473.6801307,10,39,-59
1739723473.7261307,17,36,-27
1739723473.7721307,-52,-55,-4
1739723473.8181307,-64,12,12
1739723473.8631306,9,-50,-18
1739723473.9091306,-63,51,21
1739723473.9551306,-45,17,50
1739723474.000131,-8,29,-45
1739723474.046131,-74,23,-18
1739723474.092131,8,-1,-125
1739723474.138131,-20,-33,-52
1739723474.1831307,-94,-3,-80
1739723474.2291307,-27,-6,12
1739723474.2751307,52,2,-25
1739723474.3201306,-14,19,74
1739723474.3661306,-27,-8,-40
1739723474.4121306,-126,18,-26
1739723474.4581306,-32,0,-40
1739723474.503131,66,32,25
1739723474.549131,65,-25,-155
1739723474.5951307,4,44,15
1739723474.6391306,12,28,31
1739723474.6851306,-51,-1,20
1739723474.7311306,-43,16,82
1739723474.776131,-5,-32,-6
1739723474.822131,-45,26,-40
1739723474.8741307,-43,16,-108
1739723474.9191308,-15,-38,74
1739723474.9651306,44,-74,66
1739723475.0111306,-14,-36,-138
1739723475.0561306,59,17,5
1739723475.102131,12,-5,-145
1739723475.148131,50,-16,-57
1739723475.194131,-21,24,-69
1739723475.2391307,29,10,-31
1739723475.2851307,72,-20,-57
1739723475.3311307,4,25,69
1739723475.3761306,-28,-10,-106
1739723475.4221306,-80,92,-9
1739723475.4681306,7,10,-59
1739723475.5141306,6,-47,-82
1739723475.559131,6,-26,22
1739723475.605131,29,2,-147
1739723475.651131,6,-4,-69
1739723475.6961308,-49,-12,-4
1739723475.7421308,62,69,-13
1739723475.7881308,71,41,-123
1739723475.8341308,3,-28,-89
1739723475.8791306,28,17,-69
1739723475.9251306,-53,-15,78
1739723475.9711306,1,20,9
1739723476.0161307,-64,-17,36
1739723476.0621307,58,60,51
1739723476.1081307,108,55,-33
1739723476.1541307,46,38,31
1739723476.1991308,-3,-33,-28
1739723476.2451308,-22,30,-47
1739723476.2911308,108,-23,-79
1739723476.3361306,21,20,-35
1739723476.3821306,21,20,-15
1739723476.4281306,-65,-13,12
1739723476.4741306,8,-39,22
1739723476.5191307,69,9,-27
1739723476.5651307,-46,-33,-76
1739723476.6111307,55,18,-83
1739723476.6561308,11,-39,-51
1739723476.7021308,25,42,-5
1739723476.7481308,32,-15,-17
1739723476.7941308,89,16,-39
1739723476.8391306,-30,19,-117
1739723476.8851306,2,-23,-20
1739723476.9311306,-1,-67,-30
1739723476.9761307,-66,34,34
1739723477.0221307,7,-63,-66
1739723477.0681307,60,58,0
1739723477.1141307,-2,41,-171
1739723477.1591306,6,78,53
1739723477.2051306,-14,110,-25
1739723477.2511306,16,-3,-9
1739723477.296131,30,61,-19
1739723477.342131,19,32,99
1739723477.388131,-44,-44,-110
1739723477.434131,-45,63,-29
1739723477.4791307,65,0,-121
1739723477.5251307,49,39,-27
1739723477.5711308,12,-3,-51
1739723477.6161306,-2,9,-75
1739723477.6621306,-1,0,66
1739723477.7081306,59,-36,-233
1739723477.7541306,43,-30,20
1739723477.799131,52,-70,-55
1739723477.8451307,-18,-23,-97
1739723477.8911307,34,-44,10
1739723477.9361308,8,0,-53
1739723477.9821308,-155,-62,-55
1739723478.0281308,-9,-38,38
1739723478.0741308,24,-22,-75
1739723478.1191306,-17,27,18
1739723478.1651306,-71,-3,10
1739723478.2111306,42,47,-47
1739723478.2561307,-67,-55,76
1739723478.3021307,-1,-47,90
1739723478.3481307,62,-14,-59
1739723478.3941307,-48,-30,-52
1739723478.4391308,36,-15,-19
1739723478.4851308,-30,-46,-93
1739723478.5311308,11,-39,-61
1739723478.5761306,-22,38,-28
1739723478.6221306,36,-13,71
1739723478.6681306,-45,12,-36
1739723478.7141306,7,-12,5
1739723478.7591307,-48,-24,0
1739723478.8051307,41,26,-87
1739723478.8511307,-64,30,-46
1739723478.8961308,125,-16,3
1739723478.9431307,32,-31,23
1739723478.9891307,-31,-33,-44
1739723479.0351307,1,24,-145
1739723479.0801306,66,18,-39
1739723479.1261306,16,-73,-121
1739723479.1721306,35,-25,-19
1739723479.2181306,28,-12,-93
1739723479.263131,-80,-12,-28
1739723479.309131,80,52,-5
1739723479.355131,27,15,-41
1739723479.4001307,13,7,-89
1739723479.4461308,-48,-24,4
1739723479.4921308,17,-24,13
1739723479.5381308,1,5,-71
1739723479.5831306,48,-34,3
1739723479.6291306,8,35,66
1739723479.6751306,61,-30,-77
1739723479.7201307,-73,-93,-17
1739723479.7661307,-70,9,-102
1739723479.8121307,81,35,91
1739723479.8571308,-22,-63,-137
1739723479.9031308,-40,-5,-32
1739723479.9491308,-42,-25,-28
1739723479.9951308,80,-24,-35
1739723480.0401306,-37,1,-86
1739723480.0861306,11,-35,-89
1739723480.1321306,-78,-21,-16
1739723480.1771307,-51,11,-12
1739723480.2231307,-25,22,-106
1739723480.2691307,-82,-22,0
1739723480.3151307,31,-39,-59
1739723480.3601308,60,-12,-89
1739723480.4061308,-75,-70,-125
1739723480.4521308,16,23,-73
1739723480.4971306,-4,35,-38
1739723480.5431306,27,-60,25
1739723480.5891306,30,-8,-123
1739723480.6351306,-27,-20,-74
1739723480.6801307,-3,-53,13
1739723480.7261307,-57,20,-136
1739723480.7721307,26,-5,-79
1739723480.8171306,3,-7,66
1739723480.8631306,14,74,-15
1739723480.9091306,10,-25,-147
1739723480.9551306,19,45,-47
1739723481.000131,-27,47,64
1739723481.046131,25,54,-35
1739723481.092131,25,-34,-97
1739723481.1371307,-53,97,-50
1739723481.1831307,-34,0,-104
1739723481.2291307,-65,-33,-123
1739723481.2751307,6,-73,-144
1739723481.3201306,-12,16,-174
1739723481.3661306,56,-23,-36
1739723481.4121306,-23,-21,-28
1739723481.457131,64,51,-86
1739723481.503131,-10,73,-33
1739723481.549131,12,46,-11
1739723481.5951307,14,-8,-87
1739723481.6401308,0,4,-162
1739723481.6861308,119,-23,41
1739723481.7321308,89,-33,-34
1739723481.7771306,9,-49,-212
1739723481.8231306,4,-28,-10
1739723481.8691306,-17,37,-86
1739723481.9151306,86,-48,-60
1739723481.9601307,-18,-77,-52
1739723482.0061307,-31,-7,33
1739723482.0521307,2,5,-18
1739723482.0971308,1,28,-34
1739723482.1431308,-8,19,39
1739723482.1891308,24,-58,31
1739723482.2351308,2,23,20
1739723482.2801306,20,51,-72
1739723482.3261306,-55,-3,-43
1739723482.3721306,21,12,-60
1739723482.4171307,15,21,-16
1739723482.4631307,10,48,-30
1739723482.5091307,2,-145,-65
1739723482.5551307,25,-23,-14
1739723482.6001308,-41,42,37
1739723482.6461308,-34,55,-76
1739723482.6921306,41,8,-96
1739723482.7371306,35,-9,16
1739723482.7831306,-4,-42,-11
1739723482.8291306,-29,29,-23
1739723482.875131,-14,-34,-43
1739723482.9201307,-40,88,23
1739723482.9661307,-16,11,7
1739723483.0121307,-45,61,-45
1739723483.0571306,43,53,-16
1739723483.1031306,-4,51,-112
1739723483.1491306,68,-40,-64
1739723483.1951306,-5,-32,-79
1739723483.240131,14,7,-38
1739723483.286131,-56,-21,61
1739723483.332131,99,18,-126
1739723483.3771307,-21,-48,-117
1739723483.4231308,7,-20,-14
1739723483.4691308,22,4,34
1739723483.5151308,23,36,-74
1739723483.5601306,-74,50,-29
1739723483.6061306,-16,-10,10
1739723483.6521306,12,38,-74
1739723483.697131,33,-1,-170
1739723483.7431307,80,22,8
1739723483.7891307,10,-47,-90
1739723483.8351307,62,-28,94
1739723483.8801308,-22,52,-66
1739723483.9261308,25,-66,48
1739723483.9721308,14,101,0
1739723484.0171306,45,-2,-132
1739723484.0631306,-8,11,13
1739723484.1091306,-46,-31,-63
1739723484.1551306,-19,-7,-57
1739723484.2001307,78,-21,-28
1739723484.2461307,-26,-24,-140
1739723484.2921307,52,-16,-135
1739723484.3371308,3,76,-37
1739723484.3831308,9,-43,68
1739723484.4291308,-28,-12,18
1739723484.4751308,-100,-70,-105
1739723484.5201306,32,8,-34
1739723484.5661306,-15,-49,8
1739723484.6121306,4,-9,-90
1739723484.6571307,-38,27,-71
1739723484.7031307,-36,1,83
1739723484.7491307,50,27,6
1739723484.7951307,59,21,-28
1739723484.8401306,-37,-26,25
1739723484.8921306,1,32,-20
1739723484.9371307,122,-56,-56
1739723484.9831307,12,-35,-8
1739723485.0291307,-33,30,-65
1739723485.0751307,9,-21,58
1739723485.1201308,20,-27,169
1739723485.1661308,14,-79,18
1739723485.2121308,-48,55,3
1739723485.2571306,-16,9,-3
1739723485.3031306,-31,40,-51
1739723485.3491306,33,-41,-88
1739723485.3951306,31,-18,78
1739723485.4401307,4,-56,-54
1739723485.4861307,17,0,-8
1739723485.5321307,-76,48,-29
1739723485.5771308,17,76,-14
1739723485.6231308,36,29,-16
1739723485.6691308,3,-32,-8
1739723485.7151306,56,-43,-8
1739723485.7601306,-24,-33,-99
1739723485.8061306,24,5,-140
1739723485.852131,63,18,-72
1739723485.8971307,18,-28,-22
1739723485.9431307,-16,51,-224
1739723485.9891307,15,-44,6
1739723486.0351307,-51,-70,-39
1739723486.0801306,-66,-31,-59
1739723486.1261306,12,38,-158
1739723486.1721306,-25,47,-75
1739723486.217131,75,-16,-26
1739723486.263131,2,5,-114
1739723486.309131,7,23,-82
1739723486.355131,68,-19,118
1739723486.4001307,69,7,-50
1739723486.4461308,10,40,-48
1739723486.4921308,32,-15,-128
1739723486.5371306,-6,17,9
1739723486.5831306,11,54,-38
1739723486.6291306,-48,-8,-11
1739723486.6751306,-8,-25,23
1739723486.7201307,22,16,10
1739723486.7661307,-51,6,-33
1739723486.8121307,47,-56,68
1739723486.8571308,43,67,-70
1739723486.9031308,42,-29,-12
1739723486.9491308,-3,37,46
1739723486.9951308,62,-42,68
1739723487.0401306,-46,-65,-63
1739723487.0861306,9,-8,-116
1739723487.1321306,11,0,-84
1739723487.1771307,-67,-37,-119
1739723487.2231307,146,95,4
1739723487.2691307,-13,-8,-85
1739723487.3151307,-7,-42,-51
1739723487.3601308,-11,-53,-157
1739723487.4061308,-71,-26,43
1739723487.4521308,3,-7,-168
1739723487.4971306,29,12,18
1739723487.5431306,-62,25,31
1739723487.5891306,34,-15,-134
1739723487.6351306,44,-27,-52
1739723487.6801307,-5,25,-80
1739723487.7261307,-14,29,17
1739723487.7721307,-48,-67,55
1739723487.8171306,52,35,8
1739723487.8631306,-57,53,-59
1739723487.9091306,-39,4,21
1739723487.9551306,-5,25,-46
1739723488.000131,7,41,-20
1739723488.046131,19,-31,80
1739723488.092131,35,30,46
1739723488.1371307,2,-11,-6
1739723488.1831307,112,-2,58
1739723488.2291307,-41,-25,27
1739723488.2751307,16,90,-30
1739723488.3201306,-24,-45,45
1739723488.3661306,17,-44,34
1739723488.4121306,57,0,68
1739723488.457131,30,25,54
1739723488.503131,72,0,12
1739723488.549131,8,-79,23
1739723488.5951307,3,-28,-62
1739723488.6401308,7,12,-44
1739723488.6861308,28,4,-16
1739723488.7321308,-4,-22,-87
1739723488.7771306,46,93,-26
1739723488.8231306,72,-11,-26
1739723488.8691306,-72,13,-153
1739723488.9151306,99,24,-84
1739723488.9601307,-60,-32,13
1739723489.0061307,29,33,-28
1739723489.0521307,-36,-43,-147
1739723489.0971308,-33,61,-54
1739723489.1431308,-11,-35,-65
1739723489.1891308,-9,9,24
1739723489.2351308,-60,15,-32
1739723489.2801306,14,-3,9
1739723489.3261306,-62,0,-24
1739723489.3721306,-8,40,-20
1739723489.4171307,-109,-31,-40
1739723489.4631307,-70,-32,-126
1739723489.5091307,30,-49,-65
1739723489.5551307,21,-19,3
1739723489.6001308,15,98,-40
1739723489.6461308,1,-15,-63
1739723489.6921306,21,38,84
1739723489.7371306,-10,-39,40
1739723489.7831306,23,50,-159
1739723489.8291306,-6,33,32
1739723489.875131,-38,43,-4
1739723489.9201307,33,12,-71
1739723489.9661307,-34,-23,-83
1739723490.0121307,-139,-16,-36
1739723490.0571306,-9,11,28
1739723490.102131,-22,54,-60
1739723490.148131,2,36,-91
1739723490.1931307,15,23,-15
1739723490.2391307,27,43,69
1739723490.2851307,16,-14,104
1739723490.3301306,80,13,-11
1739723490.3761306,48,-19,5
1739723490.4221306,0,-11,-81
1739723490.4681306,64,-31,-151
1739723490.513131,29,12,-129
1739723490.559131,-7,25,-55
1739723490.605131,-29,-60,-122
1739723490.6501307,-51,17,-72
1739723490.6961308,-73,54,54
1739723490.7421308,-19,-64,-66
1739723490.7881308,-15,16,-163
1739723490.8331306,8,30,-65
1739723490.8791306,16,-4,-63
1739723490.9251306,-55,40,-121
1739723490.9701307,14,-2,-37
1739723491.0161307,-24,-35,0
1739723491.0621307,-101,-12,-34
1739723491.1081307,19,79,-55
1739723491.1531308,-95,23,-60
1739723491.1991308,77,-4,33
1739723491.2451308,-7,-66,-20
1739723491.2901306,10,-59,-117
1739723491.3361306,-61,-34,16
1739723491.3821306,119,-51,7
1739723491.4281306,-37,59,-52
1739723491.4731307,-6,56,-3
1739723491.5191307,-4,-22,-139
1739723491.5651307,2,23,-13
1739723491.6101308,-6,-38,-42
1739723491.6561308,35,42,-75
1739723491.7021308,6,-26,-39
1739723491.7481308,24,15,15
1739723491.7931306,88,-23,-23
1739723491.8391306,8,-12,16
1739723491.8851306,-31,30,-46
1739723491.9301307,13,-44,-129
1739723491.9761307,-21,28,18
1739723492.0221307,91,-103,-153
1739723492.0681307,11,-7,12
1739723492.1131306,-84,17,22
1739723492.1591306,48,51,-41
1739723492.2051306,-17,-85,0
1739723492.250131,-18,23,-41
1739723492.296131,-46,14,-1
1739723492.342131,57,18,-201
1739723492.388131,23,24,-31
1739723492.4331307,-15,-8,26
1739723492.4791307,20,6,-69
1739723492.5251307,34,-25,-117
1739723492.5701306,27,-32,-33
1739723492.6161306,47,44,62
1739723492.6621306,-50,-30,-6
1739723492.7081306,-11,2,56
1739723492.753131,15,29,-79
1739723492.799131,58,78,57
1739723492.8451307,-16,0,-87
1739723492.8901308,22,81,-145
1739723492.9361308,-145,32,-90
1739723492.9821308,-5,100,-54
1739723493.0281308,90,62,-115
1739723493.0731306,-46,42,-116
1739723493.1191306,87,-90,-25
1739723493.1651306,-27,-34,28
1739723493.2101307,-2,22,-32
1739723493.2561307,0,48,-4
1739723493.3021307,38,19,-31
1739723493.3481307,-19,76,42
1739723493.3931308,-26,-61,-15
1739723493.4391308,45,-19,-47
1739723493.4851308,-56,16,-49
1739723493.5301306,9,51,-44
1739723493.5761306,12,1,-135
1739723493.6221306,38,47,-41
1739723493.6681306,-15,0,-53
1739723493.7131307,32,6,-59
1739723493.7591307,27,-36,-71
1739723493.8051307,-42,30,-78
1739723493.8501308,39,-8,-15
1739723493.8961308,43,28,-11
1739723493.9421306,5,39,-49
1739723493.9881306,-50,88,-44
1739723494.0331306,-9,38,4
1739723494.0791306,-30,19,-30
1739723494.125131,-36,-8,36
1739723494.1701307,-4,-61,56
1739723494.2161307,3,66,-75
1739723494.2621307,-33,38,-46
1739723494.3081307,-25,16,-57
1739723494.3531306,39,-69,3
1739723494.3991306,-54,-110,2
1739723494.4451306,-81,11,-148
1739723494.490131,-12,-43,28
1739723494.536131,13,-42,40
1739723494.582131,3,-44,-42
1739723494.628131,51,8,0
1739723494.6731308,-78,24,-84
1739723494.7191308,28,72,-65
1739723494.7651308,-44,54,-19
1739723494.8101306,-27,-52,70
1739723494.8561306,-45,63,15
1739723494.9081306,38,47,-89
1739723494.9531307,55,63,-91
1739723494.9991307,-60,13,-120
1739723495.0451307,-31,62,-90
1739723495.0901306,-32,42,-145
1739723495.1361306,11,34,-29
1739723495.1821306,-6,-40,-41
1739723495.2281306,65,42,21
1739723495.273131,-69,49,48
1739723495.319131,-5,15,-187
1739723495.365131,54,-5,5
1739723495.4101307,-47,-6,-44
1739723495.4561307,56,12,17
1739723495.5021307,76,38,-33
1739723495.5481308,-77,4,-22
1739723495.5931306,31,49,-47
1739723495.6391306,43,-27,-91
1739723495.6851306,119,-47,101
1739723495.730131,-40,50,94
1739723495.776131,-27,33,-94
1739723495.822131,40,-67,-157
1739723495.8681307,30,-57,7
1739723495.9131308,47,3,51
1739723495.9581306,60,-16,43
1739723496.0041306,2,3,-91
1739723496.049131,55,24,15
1739723496.0951307,-15,45,-36
1739723496.1411307,92,52,17
1739723496.1861308,-18,-70,87
1739723496.2321308,15,100,26
1739723496.2781308,21,-118,-71
1739723496.3241308,-15,-55,-9
1739723496.3691306,60,21,30
1739723496.4151306,39,6,-131
1739723496.4611306,-70,20,0
1739723496.5061307,-18,-7,-89
1739723496.5521307,122,-51,-19
1739723496.5981307,-35,-67,-71
1739723496.6441307,-42,-13,-78
1739723496.6891308,-39,-44,-67
1739723496.7351308,47,-17,-65
1739723496.7811308,-22,6,54
1739723496.8261306,-78,-55,-64
1739723496.8721306,-10,1,-71
1739723496.9181306,16,-52,11
1739723496.9641306,-16,27,-78
1739723497.0091307,-15,67,0
1739723497.0551307,77,-12,-21
1739723497.1011307,-54,18,12
1739723497.1461308,-10,16,86
1739723497.1921306,-65,-76,-71
1739723497.2381306,74,-26,-57
1739723497.2841306,-2,-77,-37
1739723497.3291306,-93,25,0
1739723497.375131,-11,-33,22
1739723497.421131,-8,-19,47
1739723497.4661307,78,-70,-60
1739723497.5121307,-16,-6,-13
1739723497.5581307,44,-3,-2
1739723497.6041307,-20,-3,-111
1739723497.6491306,-15,0,1
1739723497.6951306,-39,-34,-31
1739723497.7411306,55,-39,-42
1739723497.786131,-4,25,-180
1739723497.832131,6,-32,0
1739723497.878131,-25,65,-99
1739723497.924131,21,16,76
1739723497.9691308,4,-32,-150
1739723498.0151308,-55,-31,-61
1739723498.0611308,59,-74,-4
1739723498.1061306,-79,-39,-19
1739723498.1521306,-2,-69,-50
1739723498.1981306,43,-53,18
1739723498.2441306,-32,30,-19
1739723498.2891307,38,43,-29
1739723498.3351307,-8,23,-23
1739723498.3811307,55,26,-21
1739723498.4261308,9,-25,-98
1739723498.4721308,47,5,-52
1739723498.5181308,-31,76,-87
1739723498.5641308,-46,7,-86
1739723498.6091306,-92,53,-33
1739723498.6551306,-2,38,23
1739723498.7011306,88,-25,-40
1739723498.7461307,83,33,-39
1739723498.7921307,-17,-54,-10
1739723498.8381307,-3,-41,-12
1739723498.8841307,14,69,-55
1739723498.9291308,-19,-13,-102
1739723498.9751308,57,-40,-14
1739723499.0211308,-74,32,56
1739723499.0661306,18,-10,171
1739723499.1121306,9,6,-218
1739723499.1581306,15,-38,-44
1739723499.2041306,-65,38,127
1739723499.2491307,-34,5,5
1739723499.2951307,13,-68,-34
1739723499.3411307,16,37,-75
1739723499.3861306,30,-67,-72
1739723499.4321306,-27,-2,-42
1739723499.4781306,11,20,-45
1739723499.5241306,30,20,32
1739723499.569131,24,34,-80
1739723499.615131,-37,-22,-15
1739723499.661131,2,17,-13
1739723499.7061307,10,14,0
1739723499.7521307,22,-90,32
1739723499.7981308,-31,-1,-67
1739723499.8441308,-21,10,-91
1739723499.8891306,-28,37,-59
1739723499.9351306,3,37,-63
1739723499.9811306,5,-24,-108
1739723500.026131,66,-59,-68
1739723500.072131,56,20,28
1739723500.1181307,-44,-3,-75
1739723500.1631308,-19,32,23
1739723500.2091308,93,-44,-18
1739723500.2551308,65,28,-92
1739723500.3011308,92,5,-25
1739723500.3461306,-16,-6,9
1739723500.3921306,-5,49,-110
1739723500.4381306,-1,-33,4
1739723500.4831307,-23,34,-44
1739723500.5291307,-83,74,-4
1739723500.5751307,39,-42,49
1739723500.6211307,92,50,29
1739723500.6661308,-6,-9,-49
1739723500.7121308,-13,30,-83
1739723500.7581308,33,-27,-117
1739723500.8031306,29,59,24
1739723500.8491306,-26,37,-52
1739723500.8951306,-45,0,-30
1739723500.9411306,4,-7,13
1739723500.9861307,-1,-65,17
1739723501.0321307,-29,-109,21
1739723501.0781307,-33,24,-145
1739723501.1231308,20,-122,-9
1739723501.1691308,-39,-30,84
1739723501.2151306,-60,-36,-21
1739723501.2611306,-46,47,-31
1739723501.3061306,-69,30,-45
1739723501.352131,-68,24,-157
1739723501.398131,-43,-47,12
1739723501.4431307,-79,-26,-59
1739723501.4891307,-89,-55,-133
1739723501.5351307,10,4,-139
1739723501.5811307,-15,2,-35
1739723501.6261306,42,-49,7
1739723501.6721306,-15,6,-91
1739723501.7181306,-10,8,-113
1739723501.763131,20,43,-53
1739723501.809131,-24,-32,-155
1739723501.855131,17,23,-21
1739723501.901131,16,27,-143
1739723501.9461308,62,-20,39
1739723501.9921308,-39,82,12
1739723502.0381308,1,64,-5
1739723502.0831306,-21,-5,-39
1739723502.1291306,3,42,-135
1739723502.1751306,3,29,10
1739723502.2211306,45,-2,7
1739723502.2661307,-4,-12,-139
1739723502.3121307,-107,33,-58
1739723502.3581307,69,-50,-105
1739723502.4031308,-7,-42,-77
1739723502.4491308,-55,-27,18
1739723502.4951308,0,0,-81
1739723502.5411308,-55,42,-133
1739723502.5861306,64,-43,-1
1739723502.6321306,-40,-30,-107
1739723502.6781306,-43,-15,-32
1739723502.7231307,24,30,29
1739723502.7691307,-52,48,-67
1739723502.8151307,-30,64,5
1739723502.8611307,91,-29,-111
1739723502.9061308,-32,-31,102
1739723502.9521308,51,-46,-89
1739723502.9981308,45,-23,-25
1739723503.0431306,-14,10,-221
1739723503.0891306,53,20,-45
1739723503.1351306,-31,-52,-14
1739723503.1811306,37,1,-119
1739723503.2261307,-93,-20,-78
1739723503.2721307,66,-31,-37
1739723503.3181307,29,53,-21
1739723503.3631306,-56,44,-82
1739723503.4091306,-10,9,-119
1739723503.4551306,-88,26,-20
1739723503.5011306,-10,-13,-193
1739723503.546131,-18,9,-44
1739723503.592131,-12,77,38
1739723503.638131,-66,26,-58
1739723503.6831307,150,-15,43
1739723503.7291307,0,0,-109
1739723503.7751307,-16,31,8
1739723503.8211308,38,-52,17
1739723503.8661306,-37,-28,48
1739723503.9121306,-6,88,-31
1739723503.9581306,-110,40,46
1739723504.003131,-71,-22,-56
1739723504.049131,34,-49,-45
1739723504.0951307,-28,-12,-106
1739723504.1411307,-43,52,-66
1739723504.1861308,-3,14,-205
1739723504.2321308,-4,31,-71
1739723504.2781308,52,16,-93
1739723504.3231306,-68,-51,-42
1739723504.3691306,-57,-16,-32
1739723504.4151306,-5,23,-63
1739723504.4611306,10,8,37
1739723504.5061307,-65,18,-24
1739723504.5521307,14,17,-67
1739723504.5981307,50,72,-13
1739723504.6431308,31,24,5
1739723504.6891308,14,-36,-87
1739723504.7351308,43,-57,-23
1739723504.7811308,-3,45,0
1739723504.8261306,-21,-19,98
1739723504.878131,9,-41,38
1739723504.9231308,-1,-25,-81
1739723504.9691308,-22,-43,-62
1739723505.0151308,-31,15,44
1739723505.0611308,12,5,-97
1739723505.1061306,25,9,55
1739723505.1521306,36,13,25
1739723505.1981306,13,15,36
1739723505.2431307,-8,-82,-107
1739723505.2891307,4,-89,11
1739723505.3351307,-20,-27,-53
1739723505.3811307,-7,11,-18
1739723505.4261308,-38,61,-94
1739723505.4721308,34,10,71
1739723505.5181308,24,-9,-123
1739723505.5631306,68,-39,-43
1739723505.6091306,42,14,-65
1739723505.6551306,0,1,-153
1739723505.7011306,40,49,-91
1739723505.7461307,32,52,-33
1739723505.7921307,-44,36,54
1739723505.8381307,-11,-17,-97
1739723505.8831308,37,42,-49
1739723505.9291308,6,29,64
1739723505.9751308,-6,54,80
1739723506.0211308,-3,-36,-45
1739723506.0661306,-22,-47,-80
1739723506.1121306,30,-57,-9
1739723506.1581306,-37,5,-112
1739723506.2031307,14,17,-5
1739723506.2491307,-3,-4,14
1739723506.2951307,-53,-9,8
1739723506.3411307,-42,-5,-11
1739723506.3861306,51,17,-122
1739723506.4321306,43,-17,80
1739723506.4781306,17,-117,-16
1739723506.523131,19,-6,-46
1739723506.569131,0,1,9
1739723506.615131,-81,3,-111
1739723506.661131,7,-26,-106
1739723506.7061307,-44,14,-91
1739723506.7521307,-32,-35,-1
1739723506.7981308,24,38,-28
1739723506.8431306,31,-5,-8
1739723506.8891306,7,-34,-44
1739723506.9351306,4,-20,30
1739723506.9811306,-3,-16,-50
1739723507.026131,-89,-13,-1
1739723507.072131,-52,-34,-45
1739723507.1181307,42,14,-98
1739723507.1631308,-30,-11,1
1739723507.2091308,25,-21,-122
1739723507.2551308,-18,43,59
1739723507.3011308,16,-46,-78
1739723507.3461306,62,2,-124
1739723507.3921306,2,-25,-35
1739723507.4381306,-12,53,22
1739723507.4831307,24,40,-188
1739723507.5291307,23,32,30
1739723507.5751307,-51,8,9
1739723507.6211307,-4,33,-106
1739723507.6661308,56,34,-94
1739723507.7121308,-37,-2,-35
1739723507.7581308,-22,30,-119
1739723507.8031306,-8,66,-66
1739723507.8491306,48,-6,-40
1739723507.8951306,-4,-55,-135
1739723507.9411306,17,-22,-18
1739723507.9861307,3,-32,-57
1739723508.0321307,-60,-6,-3
1739723508.0781307,-89,-31,-167
1739723508.1231308,-50,35,-169
1739723508.1691308,45,22,2
1739723508.2151306,-42,2,-11
1739723508.2611306,-7,17,-126
1739723508.3061306,-30,11,-59
1739723508.352131,-66,-7,-111
1739723508.398131,65,-49,-30
1739723508.4431307,-9,-43,-43
1739723508.4891307,-38,-44,-51
1739723508.5351307,-6,-50,129
1739723508.5811307,82,-44,-112
1739723508.6261306,30,39,-140
1739723508.6721306,-25,-53,-53
1739723508.7181306,4,3,-26
1739723508.763131,77,-11,28
1739723508.809131,67,-8,-24
1739723508.855131,15,-46,-78
1739723508.901131,-58,28,-19
1739723508.9461308,61,1,-70
1739723508.9921308,10,-63,-70
1739723509.0381308,-53,105,-41
1739723509.0831306,-80,-4,-63
1739723509.1291306,-43,36,3
1739723509.1751306,83,82,-160
1739723509.2211306,-13,-10,-15
1739723509.2661307,-18,-5,-45
1739723509.3121307,26,25,20
1739723509.3581307,28,-34,-26
1739723509.4031308,-19,23,-47
1739723509.4491308,-79,-7,79
1739723509.4951308,2,1,-72
1739723509.5411308,34,36,-102
1739723509.5861306,3,5,-66
1739723509.6321306,80,-42,-64
1739723509.6781306,47,-17,28
1739723509.7231307,-42,-50,-85
1739723509.7691307,60,-10,-94
1739723509.8151307,-7,86,-103
1739723509.8611307,6,2,-120
1739723509.9061308,-84,45,31
1739723509.9521308,-27,-6,-25
1739723509.9981308,-27,0,-61
1739723510.0431306,-17,2,-171
1739723510.0891306,102,-21,-28
1739723510.1351306,22,-7,-62
1739723510.1801307,13,-19,68
1739723510.2261307,-109,-54,49
1739723510.2721307,-9,68,-17
1739723510.3181307,-92,61,-93
1739723510.3631306,32,-49,-106
1739723510.4091306,-61,76,-171
1739723510.4551306,-11,16,31
1739723510.500131,-6,64,-190
1739723510.546131,-1,-8,-25
1739723510.592131,-4,33,-54
1739723510.638131,68,46,26
1739723510.6831307,2,82,44
1739723510.7291307,-34,12,-73
1739723510.7751307,-56,1,-41
1739723510.8201306,10,10,-2
1739723510.8661306,19,10,-44
1739723510.9121306,21,-29,22
1739723510.9581306,-34,-94,-10
1739723511.003131,-86,46,-27
1739723511.049131,77,2,-38
1739723511.0951307,42,-79,-6
1739723511.1401308,-54,72,-93
1739723511.1861308,-3,-67,91
1739723511.2321308,-20,105,-123
1739723511.2781308,27,-56,-102
1739723511.3231306,-70,37,-63
1739723511.3691306,-44,-41,13
1739723511.4151306,19,-31,-60
1739723511.4601307,-35,-27,-55
1739723511.5061307,67,30,-22
1739723511.5521307,-34,34,-71
1739723511.5981307,70,3,-66
1739723511.6431308,-43,28,-123
1739723511.6891308,-34,44,-160
1739723511.7351308,76,14,-198
1739723511.7801306,-72,73,-135
1739723511.8261306,31,22,26
1739723511.8721306,-26,-65,-49
1739723511.9181306,-16,-32,-93
1739723511.9631307,-84,14,6
1739723512.0091307,-31,42,-16
1739723512.0551307,4,-16,-71
1739723512.1001308,-26,-12,32
1739723512.1461308,44,14,-31
1739723512.1921306,37,-9,31
1739723512.2381306,-9,3,-93
1739723512.2831306,5,-75,26
1739723512.3291306,29,-46,-14
1739723512.375131,-83,33,-20
1739723512.4201307,3,64,-35
1739723512.4661307,-2,-2,-61
1739723512.5121307,76,-55,-45
1739723512.5581307,-22,34,-105
1739723512.6031306,-25,41,-47
1739723512.6491306,121,-19,-103
1739723512.6951306,-34,1,0
1739723512.740131,-77,46,-56
1739723512.786131,-10,-33,-147
1739723512.832131,7,14,170
1739723512.878131,35,-21,-125
1739723512.9231308,-91,-43,-46
1739723512.9691308,-1,26,20
1739723513.0151308,-77,42,34
1739723513.0601306,45,0,0
1739723513.1061306,-5,39,-49
1739723513.1521306,82,-32,51
1739723513.1981306,-20,-33,14
1739723513.2431307,-34,14,-44
1739723513.2891307,3,-32,-47
1739723513.3351307,-50,-30,-6
1739723513.3801308,-17,29,-12
1739723513.4261308,29,25,-119
1739723513.4721308,68,-90,53
1739723513.5181308,30,39,-53
1739723513.5631306,-9,-5,-71
1739723513.6091306,-38,45,-4
1739723513.6551306,24,-39,108
1739723513.7001307,-69,22,36
1739723513.7461307,3,-7,-5
1739723513.7921307,-11,-63,18
1739723513.8381307,15,-75,-67
1739723513.8831308,0,-37,-87
1739723513.9291308,15,-11,-23
1739723513.9751308,15,13,29
1739723514.0201306,53,22,27
1739723514.0661306,70,15,59
1739723514.1121306,58,-17,-83
1739723514.1581306,33,-33,7
1739723514.2031307,-9,-52,-73
1739723514.2491307,-11,24,-23
1739723514.2951307,-3,25,-59
1739723514.3401306,71,9,57
1739723514.3861306,27,0,47
1739723514.4321306,50,17,-25
1739723514.4781306,-71,20,20
1739723514.523131,9,-8,12
1739723514.569131,-9,5,12
1739723514.615131,62,2,-85
1739723514.6601307,-45,-13,24
1739723514.7061307,67,54,-95
1739723514.7521307,-29,4,-105
1739723514.7981308,-33,5,-89
1739723514.8431306,-74,-30,-78
1739723514.8951306,6,39,2
1739723514.9401307,0,95,-82
1739723514.9861307,-15,-12,-51
1739723515.0321307,-27,-42,-91
1739723515.0781307,4,15,-175
1739723515.1231308,-4,-26,58
1739723515.1691308,61,-28,-99
1739723515.2151306,-20,11,-12
1739723515.2601306,58,-8,-35
1739723515.3061306,40,-42,47
1739723515.352131,18,-49,-95
1739723515.398131,18,-6,-39
1739723515.4431307,-19,-44,-97
1739723515.4891307,37,-41,-41
1739723515.5351307,13,17,-67
1739723515.5801306,-83,1,-88
1739723515.6261306,19,20,-19
1739723515.6721306,20,36,-97
1739723515.7181306,52,-61,41
1739723515.763131,-97,-33,-37
1739723515.809131,-40,-34,-12
1739723515.855131,34,-19,-5
1739723515.9001307,-60,14,36
1739723515.9461308,20,-3,54
1739723515.9921308,-40,-1,46
1739723516.0381308,-20,-25,62
1739723516.0831306,20,-3,-51
1739723516.1291306,-31,29,-121
1739723516.1751306,120,-13,23
1739723516.2201307,80,16,-45
1739723516.2661307,-1,-73,-101
1739723516.3121307,20,-39,-153
1739723516.3581307,-71,37,-146
1739723516.4031308,1,-82,-109
1739723516.4491308,25,-4,-63
1739723516.4951308,0,-57,13
1739723516.5401306,4,23,-93
1739723516.5861306,-17,41,-80
1739723516.6321306,-7,94,76
1739723516.6781306,19,-12,-21
1739723516.7231307,5,25,-127
1739723516.7691307,-27,-16,-48
1739723516.8151307,44,20,-75
1739723516.8601308,-60,31,-64
1739723516.9061308,-59,-6,78
1739723516.9521308,-15,-2,-97
1739723516.9981308,41,-30,-63
1739723517.0431306,34,10,21
1739723517.0891306,11,-31,86
1739723517.1351306,19,27,-87
1739723517.1801307,-50,-24,-38
1739723517.2261307,-38,17,-52
1739723517.2721307,-22,-27,0
1739723517.3181307,33,28,-73
1739723517.3631306,31,37,122
1739723517.4091306,-7,-50,-139
1739723517.4551306,23,-2,23
1739723517.500131,-40,43,18
1739723517.546131,34,-53,-65
1739723517.592131,11,28,-141
1739723517.638131,88,-29,-85
1739723517.6831307,41,47,-49
1739723517.7291307,9,30,-85
1739723517.7751307,14,-11,-69
1739723517.8201306,43,-39,-1
1739723517.8661306,-65,-31,42
1739723517.9121306,-16,-42,-55
1739723517.9581306,57,-55,-11
1739723518.003131,-22,-37,-79
1739723518.049131,-31,-31,-83
1739723518.0951307,14,-9,-95
1739723518.1401308,-71,-53,8
1739723518.1861308,58,-4,25
1739723518.2321308,-10,-19,-149
1739723518.2781308,57,-10,11
1739723518.3231306,-36,20,42
1739723518.3691306,-57,-19,-2
1739723518.4151306,-18,3,34
1739723518.4601307,-46,-15,-191
1739723518.5061307,34,52,-23
1739723518.5521307,26,19,-79
1739723518.5981307,-7,13,-89
1739723518.6431308,-1,26,19
1739723518.6891308,-14,-36,36
1739723518.7351308,-106,-18,-94
1739723518.7801306,-22,-3,14
1739723518.8261306,19,-57,-47
1739723518.8721306,76,2,51
1739723518.9181306,-32,-47,-30
1739723518.9631307,-27,35,40
1739723519.0091307,-1,49,-165
1739723519.0551307,-11,-51,-18
1739723519.1001308,-78,14,-48
1739723519.1461308,12,30,-23
1739723519.1921306,27,-12,-57
1739723519.2381306,26,41,-31
1739723519.2831306,9,-12,-1
1739723519.3291306,-15,-14,-51
1739723519.375131,40,23,-3
1739723519.4201307,30,-8,-55
1739723519.4661307,14,21,-57
1739723519.5121307,-9,-15,-109
1739723519.5581307,38,0,-29
1739723519.6031306,-12,36,24
1739723519.6491306,17,76,16
1739723519.6951306,6,-63,-79
1739723519.740131,-51,47,32
1739723519.786131,-24,-75,59
1739723519.832131,60,-4,37
1739723519.878131,-49,-10,-91
1739723519.9231308,24,52,-94
1739723519.9691308,54,-5,-18
1739723520.0151308,-42,60,-104
1739723520.0601306,12,-25,-88
1739723520.1061306,34,50,-14
1739723520.1521306,-4,51,85
1739723520.197131,11,-7,-40
1739723520.2431307,13,0,-38
1739723520.2891307,-21,-27,-33
1739723520.3351307,36,64,-40
1739723520.3801308,-24,65,45
1739723520.4261308,0,-49,-8
1739723520.4721308,-83,9,-25
1739723520.5171306,-11,28,-110
1739723520.5631306,-44,60,-151
1739723520.6091306,-15,-16,-71
1739723520.6551306,12,83,-6
1739723520.7001307,-11,4,-25
1739723520.7461307,-3,0,-132
1739723520.7921307,9,24,107
1739723520.8371308,-20,-23,-95
1739723520.8831308,16,7,-100
1739723520.9291308,61,-48,12
1739723520.9751308,9,-29,-48
1739723521.0191307,-24,12,-21
1739723521.0651307,29,-12,-14
1739723521.1111307,-5,15,19
1739723521.1561308,24,-72,54
1739723521.2021308,-67,32,-83
1739723521.2481308,-22,8,-100
1739723521.2931306,-61,74,-121
1739723521.3391306,-33,-68,-126
1739723521.3851306,-68,0,-39
1739723521.4311306,1,-62,46
1739723521.4761307,11,-5,-60
1739723521.5221307,-63,-30,-97
1739723521.5681307,48,23,-70
1739723521.6131306,51,35,-38
1739723521.6591306,-111,-27,23
1739723521.7051306,-78,0,3
1739723521.7511306,75,-101,-2
1739723521.796131,-3,-32,72
1739723521.842131,65,-18,-98
1739723521.888131,1,15,-59
1739723521.9331307,43,38,-67
1739723521.9791307,40,11,-88
1739723522.0251307,-4,-26,-92
1739723522.0711308,7,20,-110
1739723522.1161306,10,14,87
1739723522.1621306,-27,-44,-33
1739723522.2081306,-28,5,-145
1739723522.253131,-34,48,-99
1739723522.299131,-79,-7,-63
1739723522.3451307,-62,33,-105
1739723522.3911307,10,24,-70
1739723522.4361308,0,26,-132
1739723522.4821308,6,-2,-146
1739723522.5281308,32,-27,-114
1739723522.5731306,31,8,-102
1739723522.6191306,38,11,-50
1739723522.6651306,34,12,85
1739723522.7111306,-39,0,-21
1739723522.7561307,124,20,40
1739723522.8021307,-58,7,-127
1739723522.8481307,47,1,-164
1739723522.8931308,-68,9,-111
1739723522.9391308,0,24,-63
1739723522.9851308,-9,-15,-4
1739723523.0311308,52,-12,-108
1739723523.0761306,33,-27,-18
1739723523.1221306,52,-12,-20
1739723523.1681306,6,23,-53
1739723523.2131307,-2,-24,-186
1739723523.2591307,45,26,-20
1739723523.3051307,90,-84,4
1739723523.3511307,-14,4,-9
1739723523.3961308,9,-37,28
1739723523.4421306,10,65,-107
1739723523.4881306,37,-4,22
1739723523.5331306,-5,7,-53
1739723523.5791306,-50,17,-55
1739723523.625131,-2,-10,-34
1739723523.671131,-43,-19,30
1739723523.7161307,-15,57,-3
1739723523.7621307,-47,57,-67
1739723523.8081307,56,40,-26
1739723523.8531306,-42,38,0
1739723523.8991306,-20,-9,-43
1739723523.9451306,-5,-6,-142
1739723523.9911306,32,-15,-140
1739723524.036131,18,-26,-5
1739723524.082131,-34,-9,-55
1739723524.128131,-3,-10,-28
1739723524.1731308,99,-5,-76
1739723524.2191308,-13,2,-127
1739723524.2651308,-22,-29,53
1739723524.3111308,-15,31,-87
1739723524.3561306,-48,5,-99
1739723524.4021306,45,-15,-166
1739723524.4481306,-22,18,-7
1739723524.4931307,5,31,-27
1739723524.5391307,1,24,-39
1739723524.5851307,94,7,30
1739723524.6311307,-15,13,-65
1739723524.6761308,-37,-16,5
1739723524.7221308,22,-15,36
1739723524.7681308,18,61,44
1739723524.8131306,12,-13,106
1739723524.8591306,-7,58,0
1739723524.911131,8,10,-38
1739723524.9561307,12,28,-16
1739723525.0021307,17,78,-70
1739723525.0481308,20,-14,-154
1739723525.0931306,-29,-52,-63
1739723525.1391306,34,-72,32
1739723525.1851306,-74,-20,-117
1739723525.2311306,-46,12,-77
1739723525.276131,50,51,20
1739723525.3231306,-45,28,3
1739723525.3691306,-41,27,-131
1739723525.4151306,-18,0,-29
1739723525.4601307,-18,68,-19
1739723525.5061307,35,-2,18
1739723525.5521307,-44,10,-57
1739723525.5971308,-51,9,-67
1739723525.6431308,11,44,-8
1739723525.6891308,56,6,-86
1739723525.7351308,-15,-18,29
1739723525.7801306,91,50,-20
1739723525.8261306,48,-64,0
1739723525.8721306,-123,4,-35
1739723525.9171307,-47,42,-19
1739723525.9631307,-18,33,-162
1739723526.0091307,27,45,-18
1739723526.0551307,9,-6,-162
1739723526.1001308,-42,-76,-109
1739723526.1461308,151,-8,-24
1739723526.1921306,57,44,62
1739723526.2371306,-14,98,21
1739723526.2831306,11,46,-34
1739723526.3291306,-59,-2,47
1739723526.375131,64,16,-50
1739723526.4201307,-27,3,71
1739723526.4661307,-83,-12,-83
1739723526.5121307,85,-7,-80
1739723526.5571306,-73,8,-33
1739723526.6031306,1,28,21
1739723526.6491306,-1,32,-7
1739723526.6951306,-49,23,-31
1739723526.740131,5,-81,76
1739723526.786131,27,1,0
1739723526.832131,74,-22,-106
1739723526.8771307,-7,-48,-57
1739723526.9231308,2,-5,-128
1739723526.9691308,8,-28,-36
1739723527.0151308,38,-7,-88
1739723527.0601306,22,4,-70
1739723527.1061306,55,0,106
1739723527.1521306,45,-45,-76
1739723527.197131,65,45,-24
1739723527.2431307,75,-61,64
1739723527.2891307,51,63,-88
1739723527.3351307,0,-65,6
1739723527.3801308,-22,10,-89
1739723527.4261308,19,2,-92
1739723527.4721308,30,-64,-59
1739723527.5171306,-14,30,-2
1739723527.5631306,1,-8,11
1739723527.6091306,-100,61,-162
1739723527.6551306,-25,38,-34
1739723527.7001307,48,-20,11
1739723527.7461307,-25,-17,3
1739723527.7921307,-109,57,-112
1739723527.8371308,25,35,24
1739723527.8831308,-84,26,-124
1739723527.9291308,36,-65,-53
1739723527.9751308,22,62,42
1739723528.0201306,-15,26,-92
1739723528.0661306,-64,3,-88
1739723528.1121306,-33,-85,-47
1739723528.1571307,-51,-49,-68
1739723528.2031307,39,-21,23
1739723528.2491307,54,-25,-64
1739723528.2951307,-15,-27,-67
1739723528.3401306,-43,-38,39
1739723528.3861306,-27,41,0
1739723528.4321306,-36,43,-153
1739723528.477131,30,-40,-32
1739723528.523131,25,42,-86
1739723528.569131,29,-25,33
1739723528.615131,-60,23,-38
1739723528.6601307,-51,19,-64
1739723528.7061307,46,-14,-90
1739723528.7521307,-9,36,-136
1739723528.7971306,-42,-29,-102
1739723528.8431306,6,-43,-62
1739723528.8891306,62,-39,109
1739723528.9351306,9,-33,-74
1739723528.980131,77,-16,-136
1739723529.026131,-72,-30,-109
1739723529.072131,-15,-40,37
1739723529.1171308,-64,50,-87
1739723529.1631308,-45,-13,-35
1739723529.2091308,-52,-18,-57
1739723529.2551308,-26,0,-50
1739723529.3001306,-57,-23,-110
1739723529.3461306,-10,-5,-16
1739723529.3921306,-63,-44,51
1739723529.4371307,15,31,-21
1739723529.4831307,-2,0,-39
1739723529.5291307,7,35,-87
1739723529.5751307,-34,-78,-36
1739723529.6201308,-38,-69,8
1739723529.6661308,-74,-28,-127
1739723529.7121308,21,46,-81
1739723529.7571306,92,22,39
1739723529.8031306,-49,41,-118
1739723529.8491306,0,-19,-38
1739723529.8951306,-31,48,-27
1739723529.9401307,-19,-31,49
1739723529.9861307,-4,75,-100
1739723530.0321307,-44,3,-48
1739723530.0771308,44,0,-78
1739723530.1231308,-28,47,-54
1739723530.1691308,-23,18,-68
1739723530.2141306,46,24,-10
1739723530.2601306,37,86,-114
1739723530.3061306,-54,1,-116
1739723530.352131,-1,-32,-51
1739723530.3971307,-46,12,-218
1739723530.4431307,5,-76,20
1739723530.4891307,69,17,-79
1739723530.5341306,-37,62,31
1739723530.5801306,-54,-30,4
1739723530.6261306,33,-14,146
1739723530.6721306,36,2,40
1739723530.717131,-71,6,-99
1739723530.763131,-90,51,39
1739723530.809131,-34,-68,28
1739723530.8541307,-22,-48,-8
1739723530.9001307,12,-24,-125
1739723530.9461308,-71,10,-45
1739723530.9921308,-11,39,-53
1739723531.0371306,-8,-4,-43
1739723531.0831306,-116,-27,-47
1739723531.1291306,91,-15,32
1739723531.174131,28,18,-77
1739723531.2201307,-93,-46,-42
1739723531.2661307,-32,57,-65
1739723531.3121307,-31,63,-41
1739723531.3571308,-24,-32,-10
1739723531.4031308,30,52,-213
1739723531.4491308,33,-23,-89
1739723531.4941306,-58,26,-4
1739723531.5401306,-26,45,96
1739723531.5861306,-53,-48,-179
1739723531.6321306,-6,-40,18
1739723531.6771307,20,-47,-5
1739723531.7231307,-44,56,-100
1739723531.7691307,-8,0,-47
1739723531.8141308,26,17,-103
1739723531.8601308,9,34,-93
1739723531.9061308,49,-2,21
1739723531.9521308,58,-17,-55
1739723531.9971306,22,-13,-123
1739723532.0431306,6,-24,0
1739723532.0891306,52,-40,-33
1739723532.1341307,27,82,54
1739723532.1801307,75,-16,-49
1739723532.2261307,-37,-2,-84
1739723532.2721307,4,-5,0
1739723532.3171306,-24,0,-80
1739723532.3631306,56,14,-165
1739723532.4091306,-11,-106,16
1739723532.4541306,-68,16,-124
1739723532.500131,-36,-20,-88
1739723532.546131,-25,16,0
1739723532.592131,-7,13,-55
1739723532.6371307,3,-17,-5
1739723532.6831307,-9,-9,-26
1739723532.7291307,28,15,-19
1739723532.7741306,39,-14,-27
1739723532.8201306,8,18,-103
1739723532.8661306,-1,-27,28
1739723532.9121306,-17,29,12
1739723532.957131,40,-61,-71
1739723533.003131,57,30,-53
1739723533.049131,39,-36,-67
1739723533.0941308,53,-1,-83
1739723533.1401308,-18,-22,0
1739723533.1861308,-60,49,-76
1739723533.2321308,-28,35,40
1739723533.2771306,-71,-12,-74
1739723533.3231306,140,-60,-47
1739723533.3691306,39,0,-131
1739723533.4141307,-24,-33,-4
1739723533.4601307,-97,-22,-50
1739723533.5061307,-57,32,2
1739723533.5521307,-71,-24,-118
1739723533.5971308,47,0,-45
1739723533.6431308,-45,-51,4
1739723533.6891308,-45,16,-24
1739723533.7341306,-1,14,-69
1739723533.7801306,-15,-18,-127
1739723533.8261306,-52,-22,-28
1739723533.8721306,-35,-15,-16
1739723533.9171307,12,52,25
1739723533.9631307,83,17,-137
1739723534.0091307,-7,-32,-60
1739723534.0541308,73,-46,-7
1739723534.1001308,2,7,-73
1739723534.1461308,-51,-28,-34
1739723534.1921306,23,-19,-3
1739723534.2371306,-135,50,-50
1739723534.2831306,4,-24,-77
1739723534.3291306,51,9,-119
1739723534.3741307,-3,-6,-107
1739723534.4201307,-5,-79,-76
1739723534.4661307,28,-52,-11
1739723534.5121307,-22,0,-6
1739723534.5571306,7,27,-85
1739723534.6031306,8,108,-20
1739723534.6491306,2,66,-173
1739723534.694131,-51,-54,-4
1739723534.740131,57,-8,-71
1739723534.786131,25,-2,-53
1739723534.832131,64,-1,-47
1739723534.8771307,1,-27,3
1739723534.9291308,9,57,-117
1739723534.9741306,36,40,-185
1739723535.0201306,-9,21,-12
1739723535.0661306,-58,18,48
1739723535.1121306,14,-88,-55
1739723535.1571307,59,-52,-21
1739723535.2031307,-10,5,4
1739723535.2491307,-16,6,0
1739723535.2941308,65,-18,57
1739723535.3401306,39,-44,-47
1739723535.3861306,-4,57,-157
1739723535.4321306,-9,-33,-25
1739723535.477131,2,11,-94
1739723535.523131,59,-40,-30
1739723535.569131,51,-42,-16
1739723535.6141307,10,14,-42
1739723535.6601307,-11,22,-61
1739723535.7061307,54,-1,-84
1739723535.7521307,1,70,-19
1739723535.7971306,91,-23,-72
1739723535.8431306,-27,-67,-108
1739723535.8891306,27,-52,-98
1739723535.934131,-16,-20,41
1739723535.980131,-1,20,-1
1739723536.026131,49,23,4
1739723536.072131,30,-30,-126
1739723536.1171308,-23,83,17
1739723536.1631308,-8,-7,-108
1739723536.2091308,-42,4,7
1739723536.2541306,37,-7,-18
1739723536.3001306,-33,48,-23
1739723536.3461306,4,58,-44
1739723536.3921306,-2,-16,-78
1739723536.4371307,37,-42,-48
1739723536.4821308,44,8,0
1739723536.5281308,19,24,-10
1739723536.5731306,-36,-22,0
1739723536.6191306,-20,50,-33
1739723536.6651306,64,-18,-18
1739723536.7101307,-36,8,-19
1739723536.7561307,0,-4,-64
1739723536.8021307,16,1,5
1739723536.8481307,18,-9,-68
1739723536.8931308,26,1,-58
1739723536.9391308,42,-47,-110
1739723536.9851308,-26,41,-11
1739723537.0301306,-35,46,9
1739723537.0761306,-125,11,-51
1739723537.1221306,-38,49,-81
1739723537.1681306,45,4,-72
1739723537.2131307,21,-47,-94
1739723537.2591307,3,-99,10
1739723537.3051307,-56,-90,-49
1739723537.3501308,-50,45,-79
1739723537.3961308,48,-11,-80
1739723537.4421306,27,-20,78
1739723537.4881306,4,9,-64
1739723537.5331306,47,34,-20
1739723537.5791306,-24,93,-37
1739723537.625131,-17,-70,-100
1739723537.6701307,19,16,-74
1739723537.7161307,46,30,85
1739723537.7621307,18,-32,-36
1739723537.8081307,23,32,75
1739723537.8531306,73,-40,-72
1739723537.8991306,8,-16,-8
1739723537.9451306,-40,59,-21
1739723537.990131,-83,-26,-51
1739723538.036131,-12,0,-92
1739723538.082131,-47,16,-79
1739723538.128131,-35,-62,31
1739723538.1731308,18,12,-80
1739723538.2191308,-59,18,-132
1739723538.2651308,-75,-23,13
1739723538.3101306,60,9,-28
1739723538.3561306,-17,27,-110
1739723538.4021306,-60,23,-81
1739723538.4481306,11,-53,8
1739723538.4931307,-35,142,-67
1739723538.5391307,-63,10,-59
1739723538.5851307,91,-19,-82
1739723538.6301308,-7,23,-7
1739723538.6761308,-64,48,-59
1739723538.7221308,-75,-12,-41
1739723538.7681308,-67,52,-9
1739723538.8131306,-24,55,-87
1739723538.8591306,67,-12,-150
1739723538.9051306,27,0,8
1739723538.9501307,19,79,-44
1739723538.9961307,-46,1,-51
1739723539.0421307,5,5,36
1739723539.0881307,12,9,28
1739723539.1331308,48,-42,-44
1739723539.1791308,-31,-5,75
1739723539.2251308,76,37,46
1739723539.2701306,55,-49,-56
1739723539.3161306,33,44,-14
1739723539.3621306,15,-7,4
1739723539.4081306,21,12,-50
1739723539.4531307,-54,56,7
1739723539.4991307,118,-26,-94
1739723539.5451307,-1,-12,35
1739723539.5901306,5,3,64
1739723539.6361306,41,10,10
1739723539.6821306,-7,27,-95
1739723539.7281306,21,34,4
1739723539.773131,17,25,-44
1739723539.819131,-5,1,-170
1739723539.865131,-49,-28,-13
1739723539.9101307,-44,-70,-11
1739723539.9561307,-13,-16,-79
1739723540.0021307,-47,53,9
1739723540.0471306,-19,7,-61
1739723540.0931306,88,22,-4
1739723540.1391306,-95,55,-49
1739723540.1851306,45,34,-38
1739723540.230131,21,10,-64
1739723540.276131,-25,26,-17
1739723540.322131,23,32,94
1739723540.3671308,-55,76,7
1739723540.4131308,5,27,-26
1739723540.4591308,5,23,-90
1739723540.5051308,44,24,26
1739723540.5501306,-24,-2,-121
1739723540.5961306,-38,92,33
1739723540.6421306,-49,-49,23
1739723540.6871307,-21,74,13
1739723540.7331307,113,63,-46
1739723540.7791307,-60,12,-119
1739723540.8251307,-44,-31,-27
1739723540.8701308,0,-15,26
1739723540.9161308,-38,59,-119
1739723540.9621308,14,-13,-90
1739723541.0071306,10,26,-30
1739723541.0531306,10,12,-72
1739723541.0991306,40,-32,4
1739723541.1451306,-37,-30,-101
1739723541.1901307,39,-20,-40
1739723541.2361307,51,35,-18
1739723541.2821307,59,-19,-48
1739723541.3271308,22,58,-17
1739723541.3731308,54,-49,-14
1739723541.4191308,48,-115,8
1739723541.4651306,9,42,-81
1739723541.5101306,-2,-12,-28
1739723541.5561306,-40,29,61
1739723541.602131,-4,15,-59
1739723541.6471307,-3,-2,-28
1739723541.6931307,-84,-48,-40
1739723541.7391307,2,-143,-168
1739723541.7851307,-39,37,87
1739723541.8301306,61,27,-144
1739723541.8761306,-13,-47,-2
1739723541.9221306,38,-56,-42
1739723541.967131,-6,-9,-114
1739723542.013131,-21,9,-7
1739723542.059131,-59,-55,-28
1739723542.105131,-24,75,-18
1739723542.1501307,77,-100,-87
1739723542.1961308,61,58,-36
1739723542.2421308,-49,-30,-5
1739723542.2871306,7,17,-8
1739723542.3331306,-50,-4,-18
1739723542.3791306,13,28,-99
1739723542.4251306,-11,65,36
1739723542.4701307,-35,57,-12
1739723542.5161307,-29,13,12
1739723542.5621307,-59,57,0
1739723542.6071308,7,-24,-112
1739723542.6531308,-1,10,-63
1739723542.6991308,-95,7,-32
1739723542.7451308,6,-1,-149
1739723542.7901306,-7,3,-83
1739723542.8361306,-46,-13,-28
1739723542.8821306,0,-13,-111
1739723542.9271307,-16,-34,-61
1739723542.9731307,-28,33,-69
1739723543.0191307,-5,47,-51
1739723543.0651307,-32,11,-12
1739723543.1101308,-124,-13,-52
1739723543.1561308,59,66,-81
1739723543.2021308,-1,38,-27
1739723543.2471306,-67,76,0
1739723543.2931306,-19,62,-6
1739723543.3391306,-4,-16,16
1739723543.3851306,-94,-6,126
1739723543.4301307,-41,6,-56
1739723543.4761307,47,-46,-3
1739723543.5221307,0,-7,2
1739723543.5671306,0,-45,-115
1739723543.6131306,36,60,-79
1739723543.6591306,19,-47,40
1739723543.7051306,3,-17,-17
1739723543.750131,-11,4,-61
1739723543.796131,-4,-32,14
1739723543.842131,41,45,-35
1739723543.8871307,74,-54,-37
1739723543.9331307,73,64,19
1739723543.9791307,-24,12,-66
1739723544.0251307,-13,6,-39
1739723544.0701306,-47,-61,-28
1739723544.1161306,76,14,-61
1739723544.1621306,6,57,-53
1739723544.207131,10,20,-27
1739723544.253131,33,-9,-35
1739723544.299131,16,-44,-97
1739723544.3451307,-6,-46,96
1739723544.3901308,10,24,-99
1739723544.4361308,0,-31,70
1739723544.4821308,-48,26,50
1739723544.5271306,96,0,149
1739723544.5731306,-50,-4,10
1739723544.6191306,-28,-44,2
1739723544.6651306,36,-15,-1
1739723544.7101307,-1,-23,-75
1739723544.7561307,-11,-9,4
1739723544.8021307,2,9,-3
1739723544.8471308,22,-37,-85
1739723544.8931308,19,-65,-125
1739723544.9451306,-31,72,-38
1739723544.990131,-52,15,28
1739723545.036131,-44,22,-78
1739723545.082131,-8,-3,-113
1739723545.1271307,38,-19,-91
1739723545.1731308,32,51,-75
1739723545.2191308,-24,0,-109
1739723545.2651308,-11,-70,-46
1739723545.3101306,-31,-84,12
1739723545.3561306,18,65,53
1739723545.4021306,-17,41,32
1739723545.447131,-79,42,72
1739723545.4931307,-65,31,-28
1739723545.5391307,-2,-55,-45
1739723545.5851307,4,92,-63
1739723545.6301308,-26,22,60
1739723545.6761308,-84,-16,-48
1739723545.7221308,-44,26,6
1739723545.7671306,80,-8,-93
1739723545.8131306,10,-25,2
1739723545.8591306,-1,-37,-141
1739723545.9051306,-46,71,-135
1739723545.9501307,58,-17,15
1739723545.9961307,-38,67,-10
1739723546.0421307,-54,-11,-163
1739723546.0871308,-38,53,-24
1739723546.1331308,-5,-16,-25
1739723546.1791308,-23,-47,58
1739723546.2251308,-149,93,-78
1739723546.2701306,12,60,20
1739723546.3161306,25,28,-11
1739723546.3621306,66,-12,3
1739723546.4071307,-55,38,-32
1739723546.4531307,58,-15,53
1739723546.4991307,-2,35,-30
1739723546.5451307,-20,17,56
1739723546.5901306,31,6,13
1739723546.6361306,-59,22,-160
1739723546.6821306,25,40,-33
1739723546.727131,76,-24,-93
1739723546.773131,35,28,-67
1739723546.819131,68,-39,-89
1739723546.865131,15,15,-49
1739723546.9101307,-46,-31,-78
1739723546.9561307,-22,77,-86
1739723547.0021307,54,51,-37
1739723547.0471306,45,8,-7
1739723547.0931306,-65,-84,-56
1739723547.1391306,28,-6,0
1739723547.1851306,77,53,95
1739723547.230131,-27,-4,-87
1739723547.276131,4,-15,-21
1739723547.322131,-83,35,-147
1739723547.3671308,-91,9,-80
1739723547.4131308,23,24,-73
1739723547.4591308,-30,56,54
1739723547.5051308,47,-15,7
1739723547.5501306,31,10,-175
1739723547.5961306,2,-50,36
1739723547.6421306,66,-18,-47
1739723547.6871307,-12,12,-137
1739723547.7331307,-60,26,-22
1739723547.7791307,-3,-34,-121
1739723547.8251307,51,7,-5
1739723547.8701308,-75,-1,-106
1739723547.9161308,41,10,91
1739723547.9621308,-56,68,38
1739723548.0071306,-24,42,-64
1739723548.0531306,-7,-40,-2
1739723548.0991306,-2,8,-59
1739723548.1451306,-19,7,7
1739723548.1901307,1,-43,-32
1739723548.2361307,-57,-21,-145
1739723548.2821307,19,-30,-80
1739723548.3271308,32,-31,-30
1739723548.3731308,11,56,-140
1739723548.4191308,-49,87,-52
1739723548.4651306,-55,32,-65
1739723548.5101306,-2,-33,25
1739723548.5561306,69,8,138
1739723548.602131,-51,-36,-31
1739723548.6471307,30,51,-114
1739723548.6931307,10,93,-48
1739723548.7391307,75,-1,-130
1739723548.7851307,-95,47,-33
1739723548.8301306,26,-28,22
1739723548.8761306,-22,0,-49
1739723548.9221306,14,52,-144
1739723548.967131,50,15,-108
1739723549.013131,-56,-43,-9
1739723549.059131,8,47,-22
1739723549.105131,-28,59,-63
1739723549.1501307,-46,-13,1
1739723549.1961308,15,25,-24
1739723549.2421308,-5,-8,39
1739723549.2871306,40,-107,70
1739723549.3331306,-27,-4,-105
1739723549.3791306,65,10,-12
1739723549.4251306,-16,-12,1
1739723549.4701307,82,37,-224
1739723549.5161307,-54,22,-78
1739723549.5621307,42,-54,65
1739723549.6071308,18,20,-18
1739723549.6531308,-9,-44,-75
1739723549.6991308,-56,-30,45
1739723549.7451308,0,-2,63
1739723549.7901306,-7,-59,-23
1739723549.8361306,-3,46,-120
1739723549.8821306,-41,20,24
1739723549.9271307,-33,41,66
1739723549.9731307,-46,47,-112
1739723550.0191307,-21,-55,-69
1739723550.0651307,-9,14,-16
1739723550.1101308,-11,13,-72
1739723550.1561308,47,10,-41
1739723550.2021308,39,-11,-85
1739723550.2471306,-44,33,-74
1739723550.2931306,-10,-30,-18
1739723550.3391306,-4,-35,-64
1739723550.3841307,29,-19,-88
1739723550.4301307,-34,6,-60
1739723550.4761307,-12,-32,-78
1739723550.5221307,-64,7,-6
1739723550.5671306,-11,69,-84
1739723550.6131306,-2,1,109
1739723550.6591306,-103,10,103
1739723550.7041306,-48,-11,3
1739723550.750131,-33,5,17
1739723550.796131,-4,43,-54
1739723550.842131,-2,-24,-114
1739723550.8871307,29,-69,-76
1739723550.9331307,43,32,-20
1739723550.9791307,21,20,-52
1739723551.0241306,-132,59,-71
1739723551.0701306,14,23,-122
1739723551.1161306,-92,-55,-21
1739723551.1621306,116,14,-4
1739723551.207131,-31,-46,-36
1739723551.253131,19,6,-8
1739723551.299131,59,1,-22
1739723551.3441308,11,52,-51
1739723551.3901308,11,10,-58
1739723551.4361308,-9,24,-146
1739723551.4821308,10,-33,-72
1739723551.5271306,65,25,-41
1739723551.5731306,10,-76,-70
1739723551.6191306,8,-18,-14
1739723551.6641307,-56,-35,-58
1739723551.7101307,-41,82,-37
1739723551.7561307,45,16,10
1739723551.8021307,1,46,9
1739723551.8471308,71,46,-76
1739723551.8931308,-60,9,-53
1739723551.9391308,-50,75,-19
1739723551.9841306,32,24,-109
1739723552.0301306,-11,-15,0
1739723552.0761306,3,39,-17
1739723552.1221306,-90,22,-115
1739723552.1671307,12,-9,46
1739723552.2131307,-55,93,-29
1739723552.2591307,-12,36,11
1739723552.3041308,-41,9,33
1739723552.3501308,77,0,-118
1739723552.3961308,7,-4,-114
1739723552.4421306,-74,0,0
1739723552.4871306,-61,-32,7
1739723552.5331306,45,38,-98
1739723552.5791306,3,-176,-26
1739723552.6241307,-19,-13,-39
1739723552.6701307,44,-35,-93
1739723552.7161307,12,-70,-71
1739723552.7621307,23,-64,13
1739723552.8071306,49,38,40
1739723552.8531306,37,54,-24
1739723552.8991306,-75,62,-14
1739723552.944131,-25,0,0
1739723552.990131,13,55,4
1739723553.036131,23,-7,10
1739723553.082131,54,31,70
1739723553.1271307,-75,86,36
1739723553.1731308,-34,-41,-5
1739723553.2191308,7,20,-143
1739723553.2641306,29,-3,184
1739723553.3101306,2,-19,-11
1739723553.3561306,-54,-74,-63
1739723553.4021306,99,-11,-227
1739723553.447131,79,53,-69
1739723553.4931307,-8,-46,46
1739723553.5391307,8,-59,-49
1739723553.5841308,-57,44,48
1739723553.6301308,56,-21,-45
1739723553.6761308,80,-27,-103
1739723553.7221308,19,24,-11
1739723553.7671306,20,-37,-67
1739723553.8131306,-82,-20,-46
1739723553.8591306,27,-11,-21
1739723553.9041307,-5,-119,0
1739723553.9501307,41,12,-191
1739723553.9961307,2,48,-43
1739723554.0421307,-100,2,-58
1739723554.0871308,15,-3,-13
1739723554.1331308,20,2,-29
1739723554.1791308,-15,-18,-37
1739723554.2241306,29,-12,-29
1739723554.2701306,-53,-17,-24
1739723554.3161306,44,130,33
1739723554.3621306,-54,-135,-116
1739723554.4071307,-1,-23,-171
1739723554.4531307,-10,-11,-12
1739723554.4991307,-107,-79,-32
1739723554.5441308,22,4,-83
1739723554.5901306,63,-12,-9
1739723554.6361306,11,-35,-41
1739723554.6821306,9,-35,-45
1739723554.727131,-26,-14,-52
1739723554.773131,-69,103,-96
1739723554.819131,78,22,-67
1739723554.8641307,-7,48,-28
1739723554.9161308,-37,-18,66
1739723554.9621308,-22,81,64
1739723555.0071306,13,-21,0
1739723555.0531306,18,-3,-61
1739723555.0991306,11,2,-117
1739723555.1441307,24,-50,126
1739723555.1901307,-10,54,-83
1739723555.2361307,-48,-55,-138
1739723555.2821307,-60,95,-109
1739723555.3271308,-9,1,-17
1739723555.3731308,-7,108,14
1739723555.4191308,22,4,88
1739723555.4641306,5,-20,5
1739723555.5101306,-15,14,-129
1739723555.5561306,-69,-1,-24
1739723555.602131,71,70,49
1739723555.6471307,2,11,76
1739723555.6931307,40,-40,9
1739723555.7391307,-10,-5,-41
1739723555.7841306,-46,-88,-113
1739723555.8301306,-22,-102,-32
1739723555.8761306,-56,-7,-12
1739723555.9221306,17,-12,-15
1739723555.967131,-17,13,-91
1739723556.013131,13,-42,7
1739723556.059131,18,-63,-135
1739723556.1041307,-38,5,32
1739723556.1501307,-14,39,20
1739723556.1961308,35,83,-77
1739723556.2421308,122,23,-31
1739723556.2871306,-64,-16,6
1739723556.3331306,37,-42,-105
1739723556.3791306,-35,63,-50
1739723556.424131,35,-37,-7
1739723556.4701307,-40,0,-4
1739723556.5161307,-6,-32,-135
1739723556.5621307,-57,28,-54
1739723556.6071308,-33,26,-135
1739723556.6531308,0,-21,-39
1739723556.6991308,-45,-17,66
1739723556.7441306,0,-13,36
1739723556.7901306,17,43,-155
1739723556.8361306,-16,-28,46
1739723556.8821306,29,-67,19
1739723556.9271307,-82,-6,-38
1739723556.9731307,-20,58,34
1739723557.0191307,-24,-12,-16
1739723557.0641308,-10,26,-157
1739723557.1101308,50,35,-95
1739723557.1561308,1,-48,17
1739723557.2021308,-61,-22,-73
1739723557.2471306,-44,-5,-22
1739723557.2931306,42,-24,-45
1739723557.3391306,-19,-11,-101
1739723557.3841307,22,-55,-87
1739723557.4301307,0,-4,-75
1739723557.4761307,-35,-25,-41
1739723557.5221307,-16,-38,-49
1739723557.5671306,76,-11,-65
1739723557.6131306,18,11,-25
1739723557.6591306,36,36,74
1739723557.7041306,-95,-18,-90
1739723557.750131,-51,0,24
1739723557.796131,-19,-19,-65
1739723557.842131,17,-16,-17
1739723557.8871307,-44,-67,-28
1739723557.9331307,9,-24,-145
1739723557.9791307,22,-12,2
1739723558.0241306,-36,2,-63
1739723558.0701306,-50,-31,-79
1739723558.1161306,-49,30,72
1739723558.1621306,-14,19,-95
1739723558.207131,31,-68,-6
1739723558.253131,2,-14,-53
1739723558.299131,120,-6,26
1739723558.3441308,19,-15,-109
1739723558.3901308,-10,-20,-31
1739723558.4361308,6,-53,80
1739723558.4821308,-34,-6,-85
1739723558.5271306,10,23,-37
1739723558.5731306,-42,9,27
1739723558.6191306,25,-14,-34
1739723558.6641307,1,66,-103
1739723558.7101307,-17,16,-101
1739723558.7561307,-24,32,44
1739723558.8021307,-53,63,108
1739723558.8471308,70,0,-31
1739723558.8931308,1,-31,-4
1739723558.9391308,-11,5,-131
1739723558.9841306,-78,-7,-134
1739723559.0301306,4,106,-63
1739723559.0761306,-16,9,-25
1739723559.1221306,71,34,-49
1739723559.1671307,-24,36,124
1739723559.2131307,2,-59,-20
1739723559.2591307,-22,35,49
1739723559.3041308,81,33,-13
1739723559.3501308,-35,51,-7
1739723559.3961308,32,-4,-43
1739723559.4421306,-1,-13,-187
1739723559.4871306,-43,15,18
1739723559.5331306,21,0,29
1739723559.5791306,-22,82,-9
1739723559.6241307,98,72,-5
1739723559.6701307,1,7,-37
1739723559.7161307,-33,-7,-84
1739723559.7621307,6,-26,-24
1739723559.8071306,-44,24,49
1739723559.8531306,0,0,-68
1739723559.8991306,34,18,-22
1739723559.944131,-5,-73,59
1739723559.990131,-2,22,-58
1739723560.036131,44,-31,84
1739723560.082131,-24,-35,-74
1739723560.1271307,74,-22,84
1739723560.1731308,-3,0,-46
1739723560.2191308,14,-8,-46
1739723560.2641306,121,29,-110
1739723560.3101306,-116,-53,55
1739723560.3561306,0,-35,24
1739723560.401131,7,57,-97
1739723560.447131,46,69,11
1739723560.4931307,5,-1,-24
1739723560.5391307,-25,36,-45
1739723560.5841308,-9,-25,-22
1739723560.6301308,-16,-40,-16
1739723560.6761308,35,44,-24
1739723560.7211306,47,54,12
1739723560.7671306,-40,0,-111
1739723560.8131306,69,8,-62
1739723560.8591306,-27,-18,-59
1739723560.9041307,-8,-74,-95
1739723560.9501307,61,-11,-84
1739723560.9961307,-11,38,-150
1739723561.0411308,-43,-13,-17
1739723561.0871308,16,5,-88
1739723561.1331308,-17,15,-105
1739723561.1791308,-123,-46,-53
1739723561.2241306,20,-14,16
1739723561.2701306,74,-54,-56
1739723561.3161306,0,38,86
1739723561.3611307,-36,10,-47
1739723561.4071307,4,-26,13
1739723561.4531307,32,112,-68
1739723561.4991307,2,-23,-21
1739723561.5441308,-23,-29,-85
1739723561.5901306,-36,9,-30
1739723561.6361306,8,7,55
1739723561.6811306,-17,61,-98
1739723561.727131,-47,16,-190
1739723561.773131,-16,23,-16
1739723561.819131,33,-37,-54
1739723561.8641307,54,-41,-114
1739723561.9101307,-38,22,55
1739723561.9561307,-31,3,-126
1739723562.0011306,-50,81,-140
1739723562.0471306,63,25,23
1739723562.0931306,-60,-78,-106
1739723562.1391306,-17,49,-82
1739723562.184131,116,-6,-24
1739723562.230131,34,56,-48
1739723562.276131,-25,-30,-18
1739723562.3211308,-8,56,-16
1739723562.3671308,119,0,-82
1739723562.4131308,-5,43,7
1739723562.4591308,0,-49,-36
1739723562.5041306,-49,-43,-45
1739723562.5501306,-1,-33,-16
1739723562.5961306,-39,-4,-167
1739723562.6411307,-41,-50,53
1739723562.6871307,-25,-43,-97
1739723562.7331307,88,45,4
1739723562.7791307,-39,-49,-91
1739723562.8241308,16,-42,-142
1739723562.8701308,-10,20,-124
1739723562.9161308,84,-48,28
1739723562.9611306,-25,34,-77
1739723563.0071306,12,22,-46
1739723563.0531306,2,1,-122
1739723563.0991306,1,40,-81
1739723563.1441307,-37,-43,-90
1739723563.1901307,11,-2,-80
1739723563.2361307,-65,50,-1
1739723563.2811308,21,99,19
1739723563.3271308,72,68,17
1739723563.3731308,-56,20,9
1739723563.4191308,-40,-6,-24
1739723563.4641306,56,-37,-44
1739723563.5101306,57,6,-46
1739723563.5561306,-108,67,-87
1739723563.6011307,-56,-29,-216
1739723563.6471307,97,-37,-105
1739723563.6931307,66,7,-43
1739723563.7391307,41,30,-67
1739723563.7841306,44,46,-49
1739723563.8301306,68,8,-5
1739723563.8761306,-53,13,39
1739723563.921131,-24,50,-11
1739723563.967131,32,-35,-122
1739723564.013131,-96,45,-45
1739723564.059131,80,9,-131
1739723564.1041307,25,-28,-48
1739723564.1501307,-16,-31,10
1739723564.1961308,71,-10,-16
1739723564.2411306,-71,-8,12
1739723564.2871306,-78,68,39
1739723564.3331306,-11,77,-31
1739723564.3791306,78,-39,-28
1739723564.424131,25,-96,-62
1739723564.4701307,-19,68,-27
1739723564.5161307,37,38,-13
1739723564.5611308,-62,-14,22
1739723564.6071308,-59,-41,-8
1739723564.6531308,-79,12,-64
1739723564.6991308,-34,7,41
1739723564.7441306,57,-40,-17
1739723564.7901306,50,-3,-85
1739723564.8361306,-48,19,-80
1739723564.8811307,-11,-75,-30
1739723564.9331307,28,10,-183
1739723564.9791307,-69,3,-24
1739723565.0241306,60,7,-120
1739723565.0701306,15,9,0
1739723565.1161306,-10,-118,-14
1739723565.161131,36,48,-137
1739723565.207131,12,0,-29
1739723565.253131,3,-61,72
1739723565.299131,-28,54,-71
1739723565.3441308,9,52,9
1739723565.3911307,9,-70,-120
1739723565.4371307,51,134,-91
1739723565.4831307,31,-4,-103
1739723565.5281308,115,-34,-27
1739723565.5741308,-10,17,-82
1739723565.6201308,-38,-50,-114
1739723565.6651306,-29,36,65
1739723565.7111306,138,0,-83
1739723565.7571306,-23,-59,0
1739723565.8031306,-37,-81,-48
1739723565.8481307,-33,-13,-64
1739723565.8941307,-1,-45,-10
1739723565.9401307,-37,-24,-122
1739723565.9851308,-2,-39,-12
1739723566.0311308,47,62,-101
1739723566.0771308,11,-63,50
1739723566.1231308,-34,-30,-40
1739723566.1681306,19,15,-9
1739723566.2141306,7,-13,70
1739723566.2601306,4,-56,-110
1739723566.3051307,-31,-13,-160
1739723566.3511307,-17,57,-96
1739723566.3971307,24,47,47
1739723566.4431307,23,-6,-7
1739723566.4881306,7,-37,-28
1739723566.5341306,52,-49,-30
1739723566.5801306,7,40,-17
1739723566.625131,4,-8,-50
1739723566.671131,14,-34,-79
1739723566.717131,28,-1,-10
1739723566.763131,20,36,-88
1739723566.8081307,-19,12,-57
1739723566.8541307,0,47,-52
1739723566.9001307,29,6,-137
1739723566.9451306,38,-24,-43
1739723566.9911306,47,-8,-139
1739723567.0371306,-25,-84,-46
1739723567.0831306,56,-34,-62
1739723567.128131,53,14,-8
1739723567.174131,39,-43,-65
1739723567.2201307,-26,-19,0
1739723567.2651308,47,-54,-57
1739723567.3111308,1,49,-42
1739723567.3571308,10,-54,-31
1739723567.4031308,-90,-10,0
1739723567.4481306,-53,-53,-83
1739723567.4941306,22,3,-37
1739723567.5401306,-67,-45,59
1739723567.5851307,66,-13,-69
1739723567.6311307,71,-77,-16
1739723567.6771307,-36,29,-111
1739723567.7231307,-34,-26,-51
1739723567.7681308,22,-101,-49
1739723567.8141308,22,-8,-8
1739723567.8601308,40,-1,-65
1739723567.9051306,-12,-20,-91
1739723567.9511306,21,-26,100
1739723567.9971306,53,-6,18
1739723568.0431306,-26,-15,-93
1739723568.0881307,-97,24,83
1739723568.1341307,17,-27,-27
1739723568.1801307,-61,-15,68
1739723568.2251308,-13,76,41
1739723568.2711308,-16,52,-3
1739723568.3171306,38,-49,22
1739723568.3631306,-56,98,-145
1739723568.4081306,51,-47,-104
1739723568.4541306,26,6,-34
1739723568.500131,-51,18,35
1739723568.5451307,-9,16,-59
1739723568.5911307,-56,61,-53
1739723568.6371307,1,-18,-97
1739723568.6831307,-86,-39,15
1739723568.7281306,37,-5,58
1739723568.7741306,-7,-12,-39
1739723568.8201306,50,38,-57
1739723568.865131,-24,33,-93
1739723568.911131,-63,-5,-29
1739723568.957131,-82,-56,-93
1739723569.003131,24,19,-85
1739723569.0481308,-6,-15,-36
1739723569.0941308,-67,91,-15
1739723569.1401308,-3,3,42
1739723569.1851306,0,-8,34
1739723569.2311306,58,-75,-80
1739723569.2771306,4,21,-51
1739723569.3231306,53,33,-89
1739723569.3681307,-34,70,-163
1739723569.4141307,23,14,23
1739723569.4601307,4,23,72
1739723569.5051308,31,-91,-155
1739723569.5511308,-17,2,40
1739723569.5971308,-35,30,-103
1739723569.6421306,27,21,-133
1739723569.6881306,0,-5,134
1739723569.7341306,-14,20,2
1739723569.7801306,53,-1,-115
1739723569.8251307,-61,7,-50
1739723569.8711307,-31,52,-56
1739723569.9171307,35,56,-43
1739723569.9631307,-27,100,104
1739723570.0081308,-73,-16,-48
1739723570.0541308,81,-27,-61
1739723570.1001308,19,-69,-117
1739723570.1451306,-11,40,-127
1739723570.1911306,68,-41,-85
1739723570.2371306,-41,9,-56
1739723570.2821307,19,23,-5
1739723570.3281307,-11,-17,-12
1739723570.3741307,4,-14,-9
1739723570.4201307,2,23,-57
1739723570.4651306,42,41,-49
1739723570.5111306,-71,69,24
1739723570.5571306,35,12,47
1739723570.602131,-11,-5,-14
1739723570.648131,80,4,-25
1739723570.694131,4,-1,-39
1739723570.740131,-31,7,30
1739723570.7851307,60,1,67
1739723570.8311307,-38,-24,-130
1739723570.8771307,0,3,52
1739723570.9221306,-6,66,-27
1739723570.9681306,72,15,-101
1739723571.0141306,70,-33,19
1739723571.0601306,2,-62,-36
1739723571.105131,95,44,-65
1739723571.151131,93,42,-39
1739723571.197131,45,34,-53
1739723571.2421308,-40,0,-221
1739723571.2881308,6,-14,-87
1739723571.3341308,-41,7,-8
1739723571.3801308,-51,8,14
1739723571.4251306,-14,-10,36
1739723571.4711306,0,-1,2
1739723571.5171306,-25,16,-74
1739723571.5621307,-55,19,2
1739723571.6081307,154,56,-55
1739723571.6541307,26,-76,-123
1739723571.7001307,18,-16,-73
1739723571.7451308,-6,7,0
1739723571.7911308,35,46,-1
1739723571.8371308,-27,16,-6
1739723571.8821306,48,15,-113
1739723571.9281306,-100,29,24
1739723571.9741306,50,13,-53
1739723572.0201306,46,14,-49
1739723572.0651307,-7,39,31
1739723572.1111307,-33,19,34
1739723572.1571307,26,29,-11
1739723572.2021308,74,-20,81
1739723572.2481308,26,42,-37
1739723572.2941308,-5,-10,-37
1739723572.3401306,-27,-5,60
1739723572.3851306,34,77,-67
1739723572.4311306,-63,43,14
1739723572.477131,42,-7,-81
1739723572.5221307,-94,-31,-108
1739723572.5681307,41,-12,41
1739723572.6141307,-21,-56,-157
1739723572.6601307,-62,23,16
1739723572.7051306,-9,5,-31
1739723572.7511306,-68,4,-134
1739723572.7971306,20,-4,-7
1739723572.842131,-50,10,-99
1739723572.888131,-2,43,1
1739723572.934131,1,32,-137
1739723572.980131,-2,-45,-7
1739723573.0251307,-96,-43,-90
1739723573.0711308,-9,52,-121
1739723573.1171308,19,59,-93
1739723573.1621306,13,36,-155
1739723573.2081306,-31,27,-65
1739723573.2541306,26,40,-17
1739723573.3001306,-110,16,-98
1739723573.3451307,-2,33,5
1739723573.3911307,95,-5,-71
1739723573.4371307,37,-32,2
1739723573.4821308,-28,43,52
1739723573.5281308,54,35,-11
1739723573.5741308,8,-51,-103
1739723573.6201308,-23,40,11
1739723573.6651306,-8,23,-79
1739723573.7111306,-11,18,-33
1739723573.7571306,-4,-14,48
1739723573.8021307,29,-71,0
1739723573.8481307,-116,28,12
1739723573.8941307,7,67,-21
1739723573.9401307,24,18,37
1739723573.9851308,16,55,-79
1739723574.0311308,-9,119,-3
1739723574.0771308,-23,3,-10
1739723574.1221306,34,-5,3
1739723574.1681306,1,-6,70
1739723574.2141306,41,-36,-99
1739723574.2601306,52,-31,-97
1739723574.3051307,-9,-55,12
1739723574.3511307,0,48,-5
1739723574.3971307,-4,-35,24
1739723574.4421306,41,6,-85
1739723574.4881306,-4,12,-139
1739723574.5341306,-20,-6,-91
1739723574.5801306,-19,-35,-79
1739723574.625131,-9,0,-63
1739723574.671131,9,-3,-112
1739723574.717131,-130,8,-43
1739723574.7621307,-36,12,-4
1739723574.8081307,23,-26,21
1739723574.8541307,-25,-7,-96
1739723574.9001307,-24,-14,-23
1739723574.9511306,-27,-4,-64
1739723574.9971306,66,-32,-84
1739723575.0421307,33,-67,-39
1739723575.0881307,7,57,34
1739723575.1341307,13,3,-44
1739723575.1801307,53,67,-14
1739723575.2251308,16,53,12
1739723575.2711308,-12,-25,-15
1739723575.3171306,30,-18,-82
1739723575.3621306,41,-12,36
1739723575.4081306,7,2,53
1739723575.4541306,45,93,-132
1739723575.500131,13,-58,-86
1739723575.5451307,-46,38,-41
1739723575.5911307,30,-30,-52
1739723575.6371307,-8,7,-58
1739723575.6821306,62,27,4
1739723575.7281306,-69,-5,-81
1739723575.7741306,69,-3,36
1739723575.8201306,11,4,-112
1739723575.865131,5,-30,26
1739723575.911131,47,-70,-62
1739723575.957131,17,23,-18
1739723576.0021307,-23,16,-107
1739723576.0481308,-11,18,-126
1739723576.0941308,-22,10,115
1739723576.1401308,-23,28,41
1739723576.1851306,-44,-92,-17
1739723576.2311306,9,-33,-22
1739723576.2771306,7,-55,-96
1739723576.322131,16,3,-48
1739723576.3681307,59,48,-68
1739723576.4141307,31,31,-62
1739723576.4601307,4,-30,14
1739723576.5051308,27,-101,-26
1739723576.5511308,6,-46,-28
1739723576.5971308,-2,12,-21
1739723576.6421306,6,57,-9
1739723576.6881306,-90,46,-49
1739723576.7341306,17,-6,36
1739723576.7801306,108,23,-150
1739723576.8251307,-9,13,63
1739723576.8711307,41,-1,28
1739723576.9171307,38,-68,-26
1739723576.9621308,-5,88,-31
1739723577.0081308,70,42,-66
1739723577.0531306,38,23,-54
1739723577.0981307,19,-63,48
1739723577.1441307,-63,3,-163
1739723577.1901307,17,7,-88
1739723577.2361307,23,18,-72
1739723577.2811308,-48,77,-111
1739723577.3271308,-32,19,9
1739723577.3731308,-23,34,-77
1739723577.4181306,-26,6,-181
1739723577.4641306,-26,6,-99
1739723577.5101306,-4,-20,-68
1739723577.5561306,54,-22,60
1739723577.6011307,28,-56,-104
1739723577.6471307,54,-3,10
1739723577.6931307,-17,11,-31
1739723577.7381306,86,49,-62
1739723577.7841306,-23,26,-7
1739723577.8301306,-15,-8,-27
1739723577.8761306,-19,-19,31
1739723577.921131,61,46,-98
1739723577.967131,19,-1,-106
1739723578.013131,65,69,-118
1739723578.0581307,33,0,68
1739723578.1041307,-121,-22,-129
1739723578.1501307,-27,53,-31
1739723578.1961308,-5,72,20
1739723578.2411306,29,-60,-40
1739723578.2871306,-49,-14,39
1739723578.3331306,69,34,-68
1739723578.378131,9,-10,50
1739723578.424131,47,-15,-42
1739723578.4701307,-10,82,-117
1739723578.5161307,-3,-20,19
1739723578.5611308,20,4,12
1739723578.6071308,39,13,-118
1739723578.6531308,-117,-31,-57
1739723578.6981306,-23,-7,-87
1739723578.7441306,-82,30,-73
1739723578.7901306,-30,-22,-93
1739723578.8361306,-23,-53,11
1739723578.8811307,9,91,-10
1739723578.9271307,55,-59,32
1739723578.9731307,-10,11,-25
1739723579.0181308,-16,0,5
1739723579.0641308,60,-10,-120
1739723579.1101308,6,9,-96
1739723579.1561308,-95,5,-25
1739723579.2011306,23,16,-86
1739723579.2471306,-38,-59,35
1739723579.2931306,72,-80,-110
1739723579.3381307,48,26,-78
1739723579.3841307,27,-20,-50
1739723579.4301307,-35,20,-49
1739723579.4761307,-39,28,-12
1739723579.5211308,41,102,-12
1739723579.5671306,-54,-9,-107
1739723579.6131306,-117,-45,-9
1739723579.6581306,6,-12,-34
1739723579.7041306,-9,62,-66
1739723579.750131,83,-17,-134
1739723579.796131,94,46,-72
1739723579.8411307,61,-23,-36
1739723579.8871307,-22,20,-2
1739723579.9331307,37,-13,-56
1739723579.9781306,-41,-7,-79
1739723580.0241306,-45,66,80
1739723580.0701306,-9,13,-100
1739723580.115131,-15,-16,-7
1739723580.161131,-42,-60,111
1739723580.207131,43,-14,-42
1739723580.253131,62,39,-88
1739723580.2981308,-17,-28,-41
1739723580.3441308,-49,55,-3
1739723580.3901308,23,-9,-144
1739723580.4351306,107,-27,-80
1739723580.4811306,9,4,-50
1739723580.5271306,18,-6,-86
1739723580.5731306,-4,-14,-45
1739723580.6181307,-8,11,-102
1739723580.6641307,-24,20,-82
1739723580.7101307,48,28,46
1739723580.7551308,-32,70,-64
1739723580.8011308,10,69,136
1739723580.8471308,-1,0,-72
1739723580.8931308,4,-15,-80
1739723580.9381306,8,71,-116
1739723580.9841306,-12,-25,-80
1739723581.0301306,43,45,-64
1739723581.0751307,58,4,4
1739723581.1211307,13,74,-76
1739723581.1671307,17,49,14
1739723581.2131307,-6,-12,-37
1739723581.2581308,14,44,-22
1739723581.3041308,-19,62,-91
1739723581.3501308,15,0,-92
1739723581.3951306,-20,-13,-45
1739723581.4411306,-83,22,-15
1739723581.4871306,16,64,-8
1739723581.5331306,6,-36,-96
1739723581.5781307,-36,-35,15
1739723581.6241307,30,-65,-48
1739723581.6701307,36,52,-72
1739723581.7151306,76,-44,-34
1739723581.7611306,62,-10,-128
1739723581.8071306,38,54,-66
1739723581.8531306,24,28,6
1739723581.898131,-34,-82,21
1739723581.944131,-68,4,-113
1739723581.990131,76,-18,-76
1739723582.0351307,31,-12,-42
1739723582.0811307,-70,-18,63
1739723582.1271307,25,58,-108
1739723582.1731308,5,-25,-36
1739723582.2181306,25,83,56
1739723582.2641306,22,-5,37
1739723582.3101306,-59,28,0
1739723582.355131,-46,-54,61
1739723582.401131,-52,34,-144
1739723582.447131,-48,12,25
1739723582.4931307,55,49,-60
1739723582.5381308,12,72,1
1739723582.5841308,25,-11,34
1739723582.6301308,22,2,-34
1739723582.6751306,9,-81,-52
1739723582.7211306,0,-7,-10
1739723582.7671306,-44,-10,-32
1739723582.8131306,66,-75,-60
1739723582.8581307,90,-72,-104
1739723582.9041307,-70,-47,-28
1739723582.9501307,-91,17,1
1739723582.9951308,-72,45,-45
1739723583.0411308,76,9,-6
1739723583.0871308,-93,-29,-195
1739723583.1331308,-26,39,15
1739723583.1781306,59,-80,-52
1739723583.2241306,-23,-23,-30
1739723583.2701306,21,32,-79
1739723583.3151307,-24,-31,-78
1739723583.3611307,-9,21,13
1739723583.4071307,80,-108,-34
1739723583.4531307,6,-10,-66
1739723583.4981308,-20,-42,-48
1739723583.5441308,15,17,-43
1739723583.5901306,-6,-58,-64
1739723583.6351306,67,26,-54
1739723583.6811306,-7,54,-143
1739723583.727131,54,-22,-98
1739723583.773131,-39,23,-173
1739723583.8181307,-34,-41,-62
1739723583.8641307,-21,32,69
1739723583.9101307,-114,-33,-80
1739723583.9551306,-60,-14,15
1739723584.0011306,-110,23,25
1739723584.0471306,-38,5,-95
1739723584.0931306,-42,4,-78
1739723584.138131,14,25,-93
1739723584.184131,-107,-16,-14
1739723584.230131,78,30,-31
1739723584.2751307,-17,-15,-14
1739723584.3211308,-41,-24,10
1739723584.3671308,42,20,-91
1739723584.4131308,7,-26,-126
1739723584.4581306,48,12,-105
1739723584.5041306,76,-59,-141
1739723584.5501306,83,-45,8
1739723584.5951307,-26,52,-28
1739723584.6411307,91,46,-139
1739723584.6871307,41,7,9
1739723584.7331307,0,87,51
1739723584.7781308,17,-48,34
1739723584.8241308,15,5,-120
1739723584.8701308,36,32,-155
1739723584.9151306,99,13,-103
1739723584.967131,-44,-34,-94
1739723585.013131,-6,70,13
1739723585.0581307,122,39,-120
1739723585.1041307,-22,14,3
1739723585.1501307,45,-73,-64
1739723585.1951306,20,-14,-24
1739723585.2411306,29,59,-48
1739723585.2871306,-26,-49,-17
1739723585.3331306,31,8,-114
1739723585.378131,-1,28,-47
1739723585.424131,-11,95,-49
1739723585.4701307,-39,-4,-135
1739723585.5151308,0,-60,-170
1739723585.5611308,13,1,12
1739723585.6071308,-45,-39,49
1739723585.6531308,1,18,36
1739723585.6981306,-3,-24,69
1739723585.7441306,119,1,-120
1739723585.7901306,-8,19,-21
1739723585.8351307,67,-47,74
1739723585.8811307,1,76,-29
1739723585.9271307,-2,20,-81
1739723585.9731307,85,-21,-6
1739723586.0181308,12,-7,-30
1739723586.0641308,-81,4,-49
1739723586.1101308,49,-54,-122
1739723586.1551306,21,-39,-50
1739723586.2011306,8,26,-164
1739723586.2471306,30,12,-18
1739723586.2931306,-12,-33,-38
1739723586.3381307,15,21,57
1739723586.3841307,-2,-49,-36
1739723586.4301307,11,54,-68
1739723586.4751308,-68,-48,33
1739723586.5211308,-10,-116,-95
1739723586.5671306,43,-75,-39
1739723586.6131306,36,9,-64
1739723586.6581306,84,9,36
1739723586.7041306,-39,-10,31
1739723586.750131,-16,-10,51
1739723586.7951307,48,48,103
1739723586.8411307,8,57,-23
1739723586.8871307,29,39,-52
1739723586.9331307,-26,43,-53
1739723586.9781306,23,-4,-46
1739723587.0241306,36,-23,-117
1739723587.0701306,34,12,107
1739723587.115131,-15,45,-18
1739723587.161131,51,3,-33
1739723587.207131,71,16,68
1739723587.253131,-28,-50,1
1739723587.2981308,-3,-116,47
1739723587.3441308,-53,72,-80
1739723587.3901308,-31,-11,-81
1739723587.4351306,8,35,-43
1739723587.4811306,-45,-17,144
1739723587.5271306,38,-50,0
1739723587.5731306,48,5,49
1739723587.6181307,30,-14,-105
1739723587.6641307,-47,32,4
1739723587.7101307,94,22,-45
1739723587.7551308,-19,13,-53
1739723587.8011308,-8,7,-57
1739723587.8471308,-98,-18,-6
1739723587.8931308,68,-55,35
1739723587.9381306,-78,29,-20
1739723587.9841306,-51,55,-18
1739723588.0301306,7,-22,9
1739723588.0751307,23,16,-51
1739723588.1211307,-30,-20,68
1739723588.1671307,-46,113,-70
1739723588.2131307,41,-40,-27
1739723588.2581308,42,-59,45
1739723588.3041308,37,-41,-87
1739723588.3501308,-42,4,-115
1739723588.3951306,-85,-18,-18
1739723588.4411306,-44,-13,-127
1739723588.4871306,58,-72,-15
1739723588.5331306,-74,-38,-179
1739723588.5781307,-1,28,-51
1739723588.6241307,17,13,-1
1739723588.6701307,-61,-2,12
1739723588.7151306,55,8,69
1739723588.7611306,-61,7,-4
1739723588.8071306,-72,-33,-106
1739723588.8531306,-40,47,-26
1739723588.898131,-1,-63,-95
1739723588.944131,65,-12,-33
1739723588.990131,-35,87,-5
1739723589.0351307,-57,-41,-96
1739723589.0811307,-23,4,-47
1739723589.1271307,-15,-67,-39
1739723589.1731308,-58,52,72
1739723589.2181306,-6,-34,-83
1739723589.2641306,-49,-31,44
1739723589.3101306,-42,-28,-37
1739723589.355131,-100,-83,-119
1739723589.401131,63,-20,-91
1739723589.447131,-47,36,10
1739723589.4931307,19,-14,-77
1739723589.5381308,14,25,-59
1739723589.5841308,-37,-29,-99
1739723589.6301308,49,42,-111
1739723589.6751306,7,-38,-125
1739723589.7211306,30,-14,37
1739723589.7671306,40,-20,-93
1739723589.8131306,-49,-30,-40
1739723589.8581307,27,59,75
1739723589.9041307,-4,6,-119
1739723589.9501307,-12,10,-77
1739723589.9951308,16,9,-29
1739723590.0411308,18,61,-15
1739723590.0871308,-98,29,-47
1739723590.1331308,-90,27,16
1739723590.1781306,6,141,-191
1739723590.2241306,1,34,36
1739723590.2701306,-9,-10,-7
1739723590.3151307,36,1,8
1739723590.3611307,-13,36,-17
1739723590.4071307,84,-61,-91
1739723590.4521308,-21,-32,-36
1739723590.4981308,8,62,98
1739723590.5441308,15,89,67
1739723590.5901306,-16,-72,52
1739723590.6351306,70,17,7
1739723590.6811306,79,56,79
1739723590.727131,-16,-72,14
1739723590.7721307,-55,-16,12
1739723590.8181307,-96,-56,-37
1739723590.8641307,48,-14,62
1739723590.9101307,42,49,62
1739723590.9551306,-9,36,-8
1739723591.0011306,-20,-25,-81
1739723591.0471306,8,-1,-123
1739723591.092131,-76,-34,-116
1739723591.138131,5,76,34
1739723591.184131,15,98,-19
1739723591.230131,-32,-82,54
1739723591.2751307,-6,11,-59
1739723591.3211308,37,38,98
1739723591.3671308,53,49,-49
1739723591.4121306,35,16,-35
1739723591.4581306,-73,-48,-19
1739723591.5041306,-34,12,26
1739723591.5501306,-27,-19,-33
1739723591.5951307,74,23,-75
1739723591.6411307,-81,20,-151
1739723591.6871307,-92,-9,-60
1739723591.7321308,4,-1,5
1739723591.7781308,-13,-6,-105
1739723591.8241308,-32,25,-14
1739723591.8701308,17,0,-33
1739723591.9151306,67,-12,-109
1739723591.9611306,32,41,-57
1739723592.0071306,0,-5,50
1739723592.0521307,-83,-13,-108
1739723592.0981307,26,-76,-65
1739723592.1441307,-28,35,-6
1739723592.1901307,36,-43,81
1739723592.2351308,-32,-1,-83
1739723592.2811308,-16,0,16
1739723592.3271308,24,-29,-29
1739723592.3721306,-19,5,-33
1739723592.4181306,2,38,19
1739723592.4641306,-34,22,-46
1739723592.5101306,20,-18,-7
1739723592.5551307,83,-86,-163
1739723592.6011307,23,22,-81
1739723592.6471307,23,0,-69
1739723592.6921306,62,-17,-37
1739723592.7381306,32,-55,-113
1739723592.7841306,-25,-8,0
1739723592.8301306,31,-8,-87
1739723592.875131,-13,-8,-59
1739723592.921131,71,46,21
1739723592.967131,-22,-60,-88
1739723593.0121307,-17,-109,42
1739723593.0581307,33,-59,0
1739723593.1041307,25,46,-27
1739723593.1501307,-31,-66,-74
1739723593.1951306,33,32,-51
1739723593.2411306,47,48,47
1739723593.2871306,-1,-51,-35
1739723593.332131,6,-83,35
1739723593.378131,-48,26,-50
1739723593.424131,15,15,-2
1739723593.4701307,68,4,-30
1739723593.5151308,19,-8,-63
1739723593.5611308,-33,30,44
1739723593.6071308,12,-15,-71
1739723593.6521306,-58,26,-102
1739723593.6981306,-15,37,-36
1739723593.7441306,-51,-77,-65
1739723593.7901306,-24,-14,21
1739723593.8351307,-17,41,-94
1739723593.8811307,-31,121,-158
1739723593.9271307,54,-55,4
1739723593.9721308,12,-2,-2
1739723594.0181308,18,-16,-30
1739723594.0641308,30,21,-118
1739723594.1101308,-46,10,25
1739723594.1551306,-15,-41,-15
1739723594.2011306,-42,0,31
1739723594.2471306,24,-39,-40
1739723594.2921307,10,-88,-43
1739723594.3381307,-3,41,-64
1739723594.3841307,-32,70,-40
1739723594.4301307,30,75,-6
1739723594.4751308,-35,16,-45
1739723594.5211308,-43,-7,-73
1739723594.5671306,-12,-13,-49
1739723594.6121306,39,70,-26
1739723594.6581306,13,-21,-88
1739723594.7041306,81,-17,-42
1739723594.750131,23,-47,30
1739723594.7951307,15,46,-76
1739723594.8411307,108,25,22
1739723594.8871307,-39,-8,63
1739723594.9321306,22,-39,-128
1739723594.9841306,-22,-37,-35
1739723595.0301306,36,-19,-134
1739723595.0751307,-124,-38,17
1739723595.1211307,5,25,-34
1739723595.1671307,-58,62,15
1739723595.2121308,114,-24,-38
1739723595.2581308,23,38,-62
1739723595.3041308,4,21,-114
1739723595.3501308,0,34,-40
1739723595.3951306,0,30,-198
1739723595.4411306,-103,14,-57
1739723595.4871306,-1,-29,-72
1739723595.5321307,61,21,-82
1739723595.5781307,-42,-11,-185
1739723595.6241307,-4,-4,15
1739723595.6701307,21,-10,-10
1739723595.7151306,7,45,-102
1739723595.7611306,11,14,-72
1739723595.8071306,57,0,46
1739723595.852131,-44,80,27
1739723595.898131,24,52,-158
1739723595.944131,-5,75,-65
1739723595.990131,-33,32,9
1739723596.0351307,-53,66,-113
1739723596.0811307,-79,21,3
1739723596.1271307,43,-65,-18
1739723596.1721306,-63,41,9
1739723596.2181306,25,-41,-14
1739723596.2641306,-25,-10,-73
1739723596.3101306,13,82,-85
1739723596.355131,-67,-54,33
1739723596.401131,-35,0,-177
1739723596.447131,-18,-62,-43
1739723596.4921308,-23,-114,23
1739723596.5381308,-65,11,-71
1739723596.5841308,-10,9,-41
1739723596.6301308,-12,-59,-68
1739723596.6751306,13,-43,-112
1739723596.7211306,-38,37,-155
1739723596.7671306,-35,-3,0
1739723596.8121307,83,42,-24
1739723596.8581307,-33,-27,43
1739723596.9041307,-65,-1,-107
1739723596.9501307,3,5,-64
1739723596.9951308,11,48,12
1739723597.0411308,15,0,6
1739723597.0871308,44,-28,-62
1739723597.1321306,75,-48,-78
1739723597.1781306,-83,-110,-77
1739723597.2241306,-13,-19,-79
1739723597.2701306,-48,34,-45
1739723597.3151307,-83,-2,49
1739723597.3611307,-23,6,79
1739723597.4071307,-41,-30,-107
1739723597.4521308,56,18,-22
1739723597.4981308,-20,33,-157
1739723597.5441308,100,-11,-48
1739723597.5901306,1,32,-130
1739723597.6351306,5,-40,104
1739723597.6811306,-54,49,-133
1739723597.727131,-4,-2,27
1739723597.7721307,-109,95,-55
1739723597.8181307,62,13,-78
1739723597.8641307,-33,-19,-141
1739723597.9101307,60,7,0
1739723597.9551306,37,96,-94
1739723598.0011306,-23,-53,21
1739723598.0471306,33,69,-60
1739723598.092131,-46,36,-71
1739723598.138131,54,-20,-90
1739723598.184131,11,67,-100
1739723598.230131,-51,-14,-63
1739723598.2751307,32,89,-48
1739723598.3211308,9,36,-2
1739723598.3671308,-47,-39,111
1739723598.4121306,49,-25,-40
1739723598.4581306,-35,-3,-31
1739723598.5041306,22,-75,-194
1739723598.5501306,-18,-14,-209
1739723598.5951307,41,-60,88
1739723598.6411307,-27,-53,-93
1739723598.6871307,0,18,-84
1739723598.7321308,10,30,-16
1739723598.7781308,18,-6,-42
1739723598.8241308,45,45,44
1739723598.8701308,-58,-31,-139
1739723598.9151306,-116,64,-61
1739723598.9611306,31,25,16
1739723599.0071306,-38,26,-171
1739723599.0521307,5,-44,-91
1739723599.0981307,-25,16,81
1739723599.1441307,92,-11,8
1739723599.1901307,-10,11,-79
1739723599.2351308,11,38,46
1739723599.2811308,10,20,-10
1739723599.3271308,123,-5,-92
1739723599.3721306,14,-25,-22
1739723599.4181306,-14,1,-157
1739723599.4641306,-4,31,-58
1739723599.5101306,-9,64,-82
1739723599.5551307,71,44,-62
1739723599.6011307,-17,-32,-93
1739723599.6471307,-42,58,-31
1739723599.6921306,-100,-4,-23
1739723599.7381306,-32,34,-113
1739723599.7841306,-4,-44,0
1739723599.8301306,-74,-69,7
1739723599.875131,-5,86,-104
1739723599.921131,64,84,-90
1739723599.967131,41,-14,-48
1739723600.0121307,5,17,-50
1739723600.0581307,33,-96,-95
1739723600.1041307,-74,-22,17
1739723600.1501307,-20,-46,65
1739723600.1951306,-43,4,-13
1739723600.2411306,-21,15,-129
1739723600.2871306,-9,-17,-43
1739723600.332131,-109,22,25
1739723600.378131,-18,29,-109
1739723600.424131,5,-2,-64
1739723600.4691308,26,46,17
1739723600.5151308,86,-17,-30
1739723600.5611308,-56,21,15
1739723600.6071308,-12,-6,-144
1739723600.6521306,-33,-46,-18
1739723600.6981306,-10,62,-73
1739723600.7441306,-57,40,-77
1739723600.7891307,30,59,-53
1739723600.8351307,43,-91,-28
1739723600.8811307,38,-23,-134
1739723600.9271307,15,31,-1
1739723600.9721308,-14,-65,-28
1739723601.0181308,124,-19,-8
1739723601.0641308,11,83,37
1739723601.1091306,-101,6,-125
1739723601.1551306,-50,91,-15
1739723601.2011306,15,21,41
1739723601.2471306,-58,-27,-99
1739723601.2921307,-31,58,13
1739723601.3381307,-72,44,-83
1739723601.3841307,1,9,29
1739723601.4291308,-11,42,-131
1739723601.4751308,3,-36,-38
1739723601.5211308,78,-40,-142
1739723601.5671306,-30,31,-13
1739723601.6121306,-40,19,-75
1739723601.6581306,-41,-12,-33
1739723601.7041306,4,68,-174
1739723601.7491307,0,0,35
1739723601.7951307,5,-48,-18
1739723601.8411307,103,47,-7
1739723601.8871307,13,-17,-53
1739723601.9321306,2,3,2
1739723601.9781306,51,19,81
1739723602.0241306,11,16,38
1739723602.069131,10,-41,30
1739723602.115131,-34,13,-99
1739723602.161131,48,-8,-31
1739723602.207131,-46,0,-30
1739723602.2521307,-22,-3,-79
1739723602.2981308,46,-29,-75
1739723602.3441308,-31,43,-89
1739723602.3891306,-16,-12,-34
1739723602.4351306,-35,8,-28
1739723602.4811306,1,5,-77
1739723602.5271306,20,-49,-39
1739723602.572131,45,57,-143
1739723602.6181307,6,10,-123
1739723602.6641307,-38,-12,24
1739723602.7091308,0,28,-97
1739723602.7551308,-49,87,-63
1739723602.8011308,36,20,-143
1739723602.8471308,28,31,-175
1739723602.8921306,97,42,-23
1739723602.9381306,-42,15,-42
1739723602.9841306,57,32,-31
1739723603.0291307,32,41,1
1739723603.0751307,32,8,-165
1739723603.1211307,11,4,-23
1739723603.1671307,-102,17,-24
1739723603.2121308,-48,-25,-26
1739723603.2581308,10,-27,-123
1739723603.3041308,-33,-7,-107
1739723603.3491306,-7,15,-3
1739723603.3951306,-3,39,-115
1739723603.4411306,-55,17,-40
1739723603.4871306,60,40,3
1739723603.5321307,-7,5,6
1739723603.5781307,42,4,-39
1739723603.6241307,-10,70,-85
1739723603.6681306,4,-74,-108
1739723603.7141306,17,-95,-240
1739723603.7601306,-23,-17,-72
1739723603.8051307,116,69,-73
1739723603.8511307,44,-51,-71
1739723603.8971307,-10,-78,-10
1739723603.9431307,40,19,-93
1739723603.9881306,1,9,-13
1739723604.0341306,22,-6,-99
1739723604.0801306,-34,70,-107
1739723604.125131,-5,-107,-72
1739723604.171131,22,29,-49
1739723604.217131,4,39,-15
1739723604.263131,45,35,61
1739723604.3081307,28,-29,10
1739723604.3541307,-24,56,23
1739723604.4001307,-48,38,-25
1739723604.4451306,8,-53,-164
1739723604.4911306,-33,-5,-8
1739723604.5371306,26,-7,-15
1739723604.5831306,-29,29,61
1739723604.628131,-46,83,0
1739723604.674131,-92,15,38
1739723604.7201307,39,46,-13
1739723604.7651308,14,19,29
1739723604.8111308,19,-69,-58
1739723604.8571308,53,82,-35
1739723604.9031308,-26,33,29
1739723604.9541306,31,23,-79
1739723605.000131,-3,4,44
1739723605.0451307,3,56,-33
1739723605.0911307,31,0,-29
1739723605.1371307,104,22,-35
1739723605.1831307,2,-29,-40
1739723605.2281306,-15,-57,0
1739723605.2741306,0,36,-53
1739723605.3201306,12,-17,2
1739723605.365131,-10,34,30
1739723605.411131,-31,-17,-129
1739723605.457131,14,5,-29
1739723605.503131,43,10,1
1739723605.5481308,-111,-93,-50
1739723605.5941308,-72,-10,56
1739723605.6401308,54,37,-37
1739723605.6851306,-1,14,-103
1739723605.7311306,44,28,-185
1739723605.7771306,-46,-21,-16
1739723605.8231306,30,134,9
1739723605.8681307,50,76,9
1739723605.9141307,62,-58,-79
1739723605.9601307,15,15,-51
1739723606.0051308,-52,8,0
1739723606.0511308,81,-79,-95
1739723606.0971308,26,21,33
1739723606.1431308,-60,7,-66
1739723606.1881306,-67,62,0
1739723606.2341306,-18,-7,2
1739723606.2801306,62,56,55
1739723606.3251307,30,-18,-53
1739723606.3711307,-16,45,34
1739723606.4171307,30,150,-51
1739723606.4631307,-2,-18,-75
1739723606.5081308,-19,15,94
1739723606.5541308,23,50,41
1739723606.6001308,82,-45,5
1739723606.6451306,5,31,-145
1739723606.6911306,35,24,25
1739723606.7371306,101,-22,-85
1739723606.7831306,86,46,-31
1739723606.8281307,53,-5,49
1739723606.8741307,-18,19,-42
1739723606.9201307,5,-48,-59
1739723606.9651306,94,28,-75
1739723607.0111306,42,-10,-17
1739723607.0571306,-42,-26,-69
1739723607.1031306,33,30,-103
1739723607.148131,-31,-11,-31
1739723607.194131,-50,-14,34
1739723607.240131,28,-93,-123
1739723607.2851307,0,6,-10
1739723607.3311307,69,63,-27
1739723607.3771307,-6,-9,-19
1739723607.4231308,-16,-30,-57
1739723607.4681306,17,-42,-27
1739723607.5141306,33,-3,-105
1739723607.5601306,-20,66,-50
1739723607.605131,-43,-44,-101
1739723607.651131,-40,-8,78
1739723607.697131,-44,17,24
1739723607.7431307,0,62,-30
1739723607.7881308,13,-5,-83
1739723607.8341308,22,24,8
1739723607.8801308,23,-5,-53
1739723607.9251306,44,8,50
1739723607.9711306,-45,48,-16
1739723608.0171306,-59,-9,-165
1739723608.0631306,23,6,-43
1739723608.1081307,65,27,-75
1739723608.1541307,3,64,-6
1739723608.2001307,82,-53,13
1739723608.2451308,42,9,26
1739723608.2911308,-31,35,57
1739723608.3371308,88,33,6
1739723608.3831308,-3,-12,-82
1739723608.4281306,60,9,-50
1739723608.4751308,-20,29,93
1739723608.5211308,-42,17,-172
1739723608.5671306,-17,-95,-114
1739723608.6121306,30,-14,-12
1739723608.6581306,-36,-53,54
1739723608.7041306,-26,43,9
1739723608.7491307,-52,69,-41
1739723608.7951307,-35,36,-61
1739723608.8411307,-7,19,-41
1739723608.8871307,-20,40,-55
1739723608.9321306,32,2,-58
1739723608.9781306,-33,-13,-88
1739723609.0241306,-55,-94,-26
1739723609.069131,-88,-2,135
1739723609.115131,26,-31,-82
1739723609.161131,-3,0,-16
1739723609.207131,27,-2,-110
1739723609.2521307,-14,2,-37
1739723609.2981308,-25,0,41
1739723609.3441308,29,29,-30
1739723609.3891306,6,13,71
1739723609.4351306,31,20,8
1739723609.4811306,-1,-19,-156
1739723609.5271306,74,58,-40
1739723609.572131,59,-6,-38
1739723609.6181307,15,-62,22
1739723609.6641307,48,-33,22
1739723609.7091308,145,-12,10
1739723609.7551308,-18,-40,-74
1739723609.8011308,1,-17,-80
1739723609.8471308,-27,83,-19
1739723609.8921306,91,-48,-44
1739723609.9381306,35,0,-42
1739723609.9841306,-19,88,-71
1739723610.0291307,-55,43,-27
1739723610.0751307,-89,-16,1
1739723610.1211307,-40,-10,37
1739723610.1671307,60,-31,20
1739723610.2121308,16,43,-58
1739723610.2581308,30,-6,-102
1739723610.3041308,27,58,56
1739723610.3491306,-48,8,-5
1739723610.3951306,1,52,-160
1739723610.4411306,43,-30,-158
1739723610.4861307,60,-35,-16
1739723610.5321307,-10,-64,30
1739723610.5781307,-37,47,-99
1739723610.6241307,41,-16,34
1739723610.6691308,55,-53,-94
1739723610.7151306,-46,-19,37
1739723610.7611306,0,-19,-120
1739723610.8061306,-18,-9,93
1739723610.852131,-41,-34,-57
1739723610.898131,10,2,24
1739723610.944131,-3,-30,10
1739723610.9891307,-12,6,-61
1739723611.0351307,-28,29,43
1739723611.0811307,-16,6,-79
1739723611.1261306,63,-58,-8
1739723611.1721306,46,46,-108
1739723611.2181306,39,7,38
1739723611.2641306,-60,18,-15
1739723611.309131,67,41,-100
1739723611.355131,-68,44,-45
1739723611.401131,0,-17,-174
1739723611.4461308,56,-101,-4
1739723611.4921308,-47,42,-25
1739723611.5381308,96,-47,16
1739723611.5841308,-81,-27,-115
1739723611.6291306,-28,-22,-17
1739723611.6751306,12,44,-32
1739723611.7211306,-6,-58,-34
1739723611.7661307,48,-33,6
1739723611.8121307,-40,23,-51
1739723611.8581307,-13,38,15
1739723611.9041307,-6,-44,-100
1739723611.9491308,84,-12,-20
1739723611.9951308,35,14,96
1739723612.0411308,-52,-34,-91
1739723612.0861306,23,-35,-22
1739723612.1321306,28,-18,-4
1739723612.1781306,45,-26,-76
1739723612.2241306,68,26,-18
1739723612.2691307,19,-12,-26
1739723612.3151307,45,-59,-106
1739723612.3611307,48,-19,-48
1739723612.4061308,83,-17,-136
1739723612.4521308,-67,70,-39
1739723612.4981308,-34,26,-7
1739723612.5441308,-3,-20,-5
1739723612.5891306,-27,-4,47
1739723612.6351306,-32,-23,-75
1739723612.6811306,-59,-5,13
1739723612.7261307,14,-41,-26
1739723612.7721307,47,24,-2
1739723612.8181307,-59,-3,-31
1739723612.8641307,0,-27,-78
1739723612.9091306,-32,11,-137
1739723612.9551306,-14,8,39
1739723613.0011306,36,52,-86
1739723613.046131,-18,-16,-99
1739723613.092131,40,55,-102
1739723613.138131,53,-46,42
1739723613.184131,68,-9,-30
1739723613.2291307,-35,42,33
1739723613.2751307,-66,17,-13
1739723613.3211308,-2,-55,-30
1739723613.3661306,20,-26,0
1739723613.4121306,17,-32,30
1739723613.4581306,-30,2,-59
1739723613.5041306,-24,-39,-51
1739723613.549131,38,-17,84
1739723613.5951307,-28,17,-81
1739723613.6411307,-18,0,-139
1739723613.6861308,49,0,-32
1739723613.7321308,22,32,-180
1739723613.7781308,-15,27,13
1739723613.8241308,36,40,-104
1739723613.8691306,-37,57,-61
1739723613.9151306,45,38,10
1739723613.9611306,-18,17,1
1739723614.0061307,18,-8,-58
1739723614.0521307,-71,48,-61
1739723614.0981307,53,-66,-8
1739723614.1441307,60,62,-62
1739723614.1891308,45,24,-58
1739723614.2351308,-82,40,-37
1739723614.2811308,-57,4,-67
1739723614.3261306,23,-71,-60
1739723614.3721306,46,-153,-62
1739723614.4181306,-1,-41,-130
1739723614.4641306,4,11,53
1739723614.5091307,-89,-18,1
1739723614.5551307,-22,5,35
1739723614.6011307,-40,53,-41
1739723614.6461308,-3,-30,-26
1739723614.6921306,25,5,46
1739723614.7381306,0,48,-89
1739723614.7841306,-23,12,-95
1739723614.8291306,86,9,-56
1739723614.875131,48,0,-118
1739723614.921131,-1,-2,-58
1739723614.9721308,-32,44,-65
1739723615.0181308,-16,-10,-11
1739723615.0641308,-2,2,-15
1739723615.1091306,20,22,-118
1739723615.1551306,18,-12,-6
1739723615.2011306,-28,-32,19
1739723615.2461307,-35,14,39
1739723615.2921307,10,-6,-62
1739723615.3381307,-24,8,-125
1739723615.3841307,-6,-8,9
1739723615.4291308,0,10,-170
1739723615.4751308,-7,-24,-58
1739723615.5211308,-7,7,77
1739723615.5661306,33,40,-26
1739723615.6121306,85,21,-28
1739723615.6581306,6,19,-140
1739723615.7041306,4,23,-98
1739723615.7491307,11,12,-16
1739723615.7951307,38,-76,-58
1739723615.8411307,14,-50,66
1739723615.8861306,0,-63,-38
1739723615.9321306,-22,44,-47
1739723615.9781306,-55,68,0
1739723616.0241306,53,19,30
1739723616.069131,81,-35,16
1739723616.115131,-26,-6,-31
1739723616.161131,-44,84,-5
1739723616.2061307,43,-85,-44
1739723616.2521307,50,62,-74
1739723616.2981308,-54,-20,-55
1739723616.3441308,-8,-15,-217
1739723616.3891306,9,-91,-88
1739723616.4351306,-45,-15,39
1739723616.4811306,2,13,-67
1739723616.526131,17,15,-9
1739723616.572131,8,-34,-37
1739723616.6181307,-30,76,-130
1739723616.6641307,-30,-28,92
1739723616.7091308,53,-7,-115
1739723616.7551308,86,-88,-113
1739723616.8011308,-4,-67,-139
1739723616.8461306,25,48,39
1739723616.8921306,36,30,-9
1739723616.9381306,26,-25,-125
1739723616.9841306,85,13,-83
1739723617.0291307,71,12,-87
1739723617.0751307,-68,31,-72
1739723617.1211307,-26,53,12
1739723617.1661308,-26,28,-84
1739723617.2121308,27,52,-11
1739723617.2581308,-29,-2,-68
1739723617.3041308,-29,0,-54
1739723617.3491306,-6,15,-107
1739723617.3951306,53,-38,-59
1739723617.4411306,59,46,-5
1739723617.4861307,48,-6,-161
1739723617.5321307,29,55,0
1739723617.5781307,-15,-12,102
1739723617.6241307,-5,-54,7
1739723617.6691308,3,39,-55
1739723617.7151306,-43,11,-39
1739723617.7611306,-7,13,-25
1739723617.8061306,54,25,80
1739723617.852131,-35,48,-40
1739723617.898131,20,39,-127
1739723617.944131,-50,55,-18
1739723617.9891307,11,10,-27
1739723618.0351307,-43,-9,-28
1739723618.0811307,26,36,-95
1739723618.1261306,36,48,-59
1739723618.1721306,4,-32,-239
1739723618.2181306,-3,-49,8
1739723618.2641306,5,25,4
1739723618.309131,-18,-107,-97
1739723618.355131,-20,-58,-65
1739723618.401131,-80,-66,-8
1739723618.4461308,-77,-14,-16
1739723618.4921308,12,70,10
1739723618.5381308,-5,29,46
1739723618.5841308,147,11,-65
1739723618.628131,12,46,-75
1739723618.674131,-53,-42,-8
1739723618.7201307,-71,79,-94
1739723618.7651308,11,2,46
1739723618.8111308,-13,-53,-111
1739723618.8571308,8,-53,-135
1739723618.9021306,-114,-18,-92
1739723618.9481306,-46,-25,-62
1739723618.9941306,-79,-3,4
1739723619.0401306,-8,37,102
1739723619.0851307,44,47,-33
1739723619.1311307,30,-3,37
1739723619.1771307,-43,-40,-45
1739723619.2221308,-3,12,-159
1739723619.2681308,68,85,-35
1739723619.3141308,22,-1,-169
1739723619.3601308,-26,-63,66
1739723619.4051306,-15,49,-55
1739723619.4511306,44,-74,-1
1739723619.4971306,35,26,64
1739723619.5421307,42,-30,-27
1739723619.5881307,48,-53,-41
1739723619.6341307,7,-10,0
1739723619.6801307,20,-38,-18
1739723619.7251308,-1,12,7
1739723619.7711308,-7,13,-75
1739723619.8171306,-37,-53,-2
1739723619.8621306,-51,-6,-20
1739723619.9081306,-32,13,-123
1739723619.9541306,-23,26,-141
1739723620.000131,5,57,-121
1739723620.0451307,20,32,41
1739723620.0911307,69,-59,-125
1739723620.1371307,-13,28,22
1739723620.1821306,7,27,5
1739723620.2281306,-39,-16,-8
1739723620.2741306,-22,-25,0
1739723620.3201306,-22,-49,30
1739723620.365131,38,5,-9
1739723620.411131,-3,-10,-175
1739723620.457131,-46,-13,-64
1739723620.5021307,-40,-22,-14
1739723620.5481308,-36,-47,62
1739723620.5941308,-59,129,-115
1739723620.6391306,-43,-30,-37
1739723620.6851306,67,22,16
1739723620.7311306,-1,26,-21
1739723620.7771306,0,-29,10
1739723620.822131,7,-34,-57
1739723620.8681307,-43,21,8
1739723620.9141307,4,9,-125
1739723620.9591308,11,36,-19
1739723621.0051308,7,-44,56
1739723621.0511308,20,20,-123
1739723621.0971308,-58,4,-87
1739723621.1421306,-23,-5,-87
1739723621.1881306,3,5,-125
1739723621.2341306,-15,-18,-63
1739723621.2791307,-67,23,-64
1739723621.3251307,11,4,-35
1739723621.3711307,-32,-25,-22
1739723621.4171307,3,33,1
1739723621.4621308,9,14,-49
1739723621.5081308,-16,10,-59
1739723621.5541308,27,13,-93
1739723621.5991306,-11,-29,6
1739723621.6451306,-3,-18,-241
1739723621.6911306,34,-88,45
1739723621.7371306,-20,13,-97
1739723621.7821307,19,-20,132
1739723621.8281307,70,24,-69
1739723621.8741307,42,-30,68
1739723621.9191308,30,-54,-5
1739723621.9651306,-20,-23,-6
1739723622.0111306,2,74,-77
1739723622.0571306,1,34,-89
1739723622.102131,-16,-65,-93
1739723622.148131,-43,47,-68
1739723622.194131,31,53,-31
1739723622.2391307,30,15,-27
1739723622.2851307,38,58,20
1739723622.3311307,-34,-17,2
1739723622.3771307,-111,31,-4
1739723622.4221306,-30,-18,0
1739723622.4681306,19,-4,70
1739723622.5141306,49,111,-76
1739723622.559131,23,-19,-63
1739723622.605131,25,-29,-79
1739723622.651131,-28,29,-119
1739723622.697131,18,23,-30
1739723622.7421308,-9,-15,-89
1739723622.7881308,33,4,49
1739723622.8341308,-73,-10,-54
1739723622.8791306,8,-10,-69
1739723622.9251306,-30,-42,-119
1739723622.9711306,15,-54,-161
1739723623.0171306,-9,34,42
1739723623.0621307,-14,-41,-5
1739723623.1081307,13,9,-59
1739723623.1541307,-47,22,-6
1739723623.1991308,26,-48,39
1739723623.2451308,-60,44,-76
1739723623.2911308,-10,1,-27
1739723623.3371308,66,-97,15
1739723623.3821306,19,41,-8
1739723623.4281306,69,-31,47
1739723623.4741306,66,-50,17
1739723623.5191307,-99,-65,0
1739723623.5651307,70,79,-173
1739723623.6111307,-56,33,-153
1739723623.6571307,23,24,-27
1739723623.7021308,-103,23,58
1739723623.7481308,25,13,11
1739723623.7941308,20,0,-69
1739723623.8391306,-28,39,50
1739723623.8851306,-6,-22,-63
1739723623.9311306,-24,18,-38
1739723623.977131,-59,12,-12
1739723624.0221307,-22,5,-73
1739723624.0681307,68,69,-33
1739723624.1141307,-16,4,-163
1739723624.1591306,34,2,-1
1739723624.2051306,9,6,1
1739723624.2511306,91,-59,-15
1739723624.2971306,-64,31,-32
1739723624.342131,-55,-7,-42
1739723624.388131,29,-16,-1
1739723624.434131,-60,10,-34
1739723624.4791307,-78,-40,-67
1739723624.5251307,54,25,-10
1739723624.5711308,-23,-72,-85
1739723624.6171308,-73,38,4
1739723624.6621306,-18,5,-12
1739723624.7081306,-29,25,2
1739723624.7541306,5,-38,1
1739723624.799131,31,63,-104
1739723624.8451307,-52,-109,-45
1739723624.8911307,4,33,-44
1739723624.9371307,-80,0,42
1739723624.9881306,-6,-32,-145
1739723625.0341306,-14,-8,4
1739723625.0791306,-9,19,-87
1739723625.125131,90,-77,25
1739723625.171131,11,58,-38
1739723625.217131,-41,-10,30
1739723625.2621307,-56,6,-111
1739723625.3081307,-22,-5,7
1739723625.3541307,26,-37,-21
1739723625.3991306,27,-4,22
1739723625.4451306,25,-4,50
1739723625.490131,-105,39,31
1739723625.5351307,-46,21,-93
1739723625.5811307,9,-5,-39
1739723625.6271307,-3,23,-42
1739723625.6731308,-21,-2,-75
1739723625.7181306,-47,39,4
1739723625.7641306,-9,33,-4
1739723625.8101306,-52,76,50
1739723625.855131,33,20,-165
1739723625.901131,32,-36,-103
1739723625.947131,-29,47,-95
1739723625.9931307,16,27,-175
1739723626.0381308,-14,-32,19
1739723626.0841308,2,-6,-25
1739723626.1301308,-6,18,-31
1739723626.1751306,-19,24,21
1739723626.2211306,15,8,-71
1739723626.2671306,-23,-2,-11
1739723626.3131306,2,-8,-15
1739723626.3581307,-112,-37,11
1739723626.4041307,5,88,-171
1739723626.4501307,-68,57,-15
1739723626.4951308,-113,-19,-39
1739723626.5411308,-5,29,0
1739723626.5871308,-13,-38,-45
1739723626.6331308,-27,66,23
1739723626.6781306,-16,-27,-26
1739723626.7241306,13,39,-99
1739723626.7701306,-68,28,-61
1739723626.8151307,-87,8,-99
1739723626.8611307,-66,47,6
1739723626.9071307,-69,90,-23
1739723626.9531307,19,-41,-43
1739723626.9981308,111,58,-117
1739723627.0441308,4,15,-51
1739723627.0901306,7,4,-57
1739723627.1351306,5,55,-61
1739723627.1811306,-21,15,-151
1739723627.227131,16,-28,44
1739723627.273131,-68,-18,-147
1739723627.3181307,69,-26,17
1739723627.3641307,-54,25,36
1739723627.4101307,2,3,70
1739723627.4551306,2,11,18
1739723627.5011306,-58,72,-145
1739723627.5471306,-68,-48,-89
1739723627.5931306,60,66,-41
1739723627.638131,22,36,-21
1739723627.684131,-36,-15,-43
1739723627.730131,53,65,32
1739723627.7751307,37,-19,-29
1739723627.8211308,-84,0,0
1739723627.8671308,-3,-47,27
1739723627.9131308,42,61,-8
1739723627.9581306,-18,29,-42
1739723628.0041306,-53,1,-102
1739723628.0501306,17,7,-33
1739723628.0951307,-6,5,-33
1739723628.1411307,6,-22,76
1739723628.1871307,-51,-36,-186
1739723628.2331307,-36,32,-84
1739723628.2781308,22,26,-219
1739723628.3241308,-50,28,-46
1739723628.3701308,80,33,-95
1739723628.4151306,17,7,78
1739723628.4611306,-7,-42,51
1739723628.5071306,80,69,-72
1739723628.5531306,7,-36,-123
1739723628.5981307,-8,52,-137
1739723628.6441307,90,-5,1
1739723628.6901307,8,79,-89
1739723628.7351308,-53,73,10
1739723628.7811308,-12,16,-90
1739723628.8271308,-61,-21,-82
1739723628.8731308,43,-30,-26
1739723628.9181306,-80,21,-11
1739723628.9641306,20,-20,10
1739723629.0101306,-25,24,-29
1739723629.0551307,-118,34,29
1739723629.1011307,-25,-2,-190
1739723629.1471307,0,18,-106
1739723629.1931307,-15,10,-27
1739723629.2381306,49,42,63
1739723629.2841306,31,91,-17
1739723629.3301306,44,-22,-18
1739723629.375131,-38,63,1
1739723629.421131,29,-32,0
1739723629.467131,-70,-17,-19
1739723629.513131,8,-43,-36
1739723629.5581307,-13,24,-37
1739723629.6041307,12,26,171
1739723629.6501307,65,53,-29
1739723629.6951306,33,-16,30
1739723629.7411306,-35,60,79
1739723629.7871306,-14,30,41
1739723629.8331306,64,72,-31
1739723629.878131,-52,41,-53
1739723629.924131,-19,-24,-46
1739723629.9701307,-10,28,-25
1739723630.0151308,20,0,-68
1739723630.0611308,23,30,-93
1739723630.1071308,8,-30,-44
1739723630.1531308,19,65,-71
1739723630.1981306,-18,19,15
1739723630.2441306,4,3,21
1739723630.2901306,-14,2,11
1739723630.3351307,-57,-96,-18
1739723630.3811307,2,-21,-106
1739723630.4271307,-15,-34,18
1739723630.4721308,-40,19,-23
1739723630.5181308,50,-13,-56
1739723630.5641308,-54,-26,-16
1739723630.6101308,-11,46,19
1739723630.6551306,-53,15,-99
1739723630.7011306,-6,-10,-48
1739723630.7471306,-24,-5,-13
1739723630.7921307,-12,26,-7
1739723630.8381307,35,6,-116
1739723630.8841307,-51,35,55
1739723630.9301307,-12,42,-141
1739723630.9751308,-43,-44,66
1739723631.0211308,-39,61,-71
1739723631.0671306,67,-67,-138
1739723631.1121306,20,60,-89
1739723631.1581306,-19,31,-51
1739723631.2041306,51,-54,30
1739723631.250131,5,11,-170
1739723631.2951307,-65,15,-114
1739723631.3411307,36,22,-9
1739723631.3871307,-2,-28,-76
1739723631.4321306,-40,104,107
1739723631.4781306,-66,-16,42
1739723631.5241306,-23,-15,-60
1739723631.5701306,-10,54,69
1739723631.615131,-15,37,89
1739723631.661131,49,-6,34
1739723631.707131,27,17,-76
1739723631.7521307,-20,-52,-66
1739723631.7981308,1,13,-47
1739723631.8441308,17,17,-71
1739723631.8901308,46,-27,26
1739723631.9351306,42,-46,-4
1739723631.9811306,-17,-38,-118
1739723632.0271306,-23,20,29
1739723632.072131,-17,-85,14
1739723632.1181307,-7,60,-93
1739723632.1641307,17,21,-27
1739723632.2101307,-16,4,-46
1739723632.2551308,41,66,-51
1739723632.3011308,61,3,-130
1739723632.3471308,-33,-69,-94
1739723632.3921306,-1,56,-139
1739723632.4381306,-22,-40,-38
1739723632.4841306,-17,-39,-112
1739723632.5301306,-76,-49,-114
1739723632.5751307,42,-38,-114
1739723632.6211307,-3,-12,-120
1739723632.6671307,-27,-50,30
1739723632.7121308,-68,-39,134
1739723632.7581308,-45,-34,-78
1739723632.8041308,-5,57,-59
1739723632.8501308,-28,-6,-90
1739723632.8951306,7,33,1
1739723632.9411306,63,-58,-114
1739723632.9871306,52,-74,-120
1739723633.0321307,-36,-3,-51
1739723633.0781307,-14,2,-104
1739723633.1241307,-57,2,-17
1739723633.1701307,-24,-19,-56
1739723633.2151306,24,-9,0
1739723633.2611306,-20,-33,-46
1739723633.3071306,-18,5,13
1739723633.352131,-70,34,-161
1739723633.398131,51,29,0
1739723633.444131,-10,-17,-120
1739723633.490131,-10,-33,-106
1739723633.5351307,-16,-6,-112
1739723633.5811307,-2,-53,32
1739723633.6271307,67,61,-5
1739723633.6721306,18,11,-84
1739723633.7181306,-63,1,11
1739723633.7641306,0,-63,0
1739723633.8101306,-37,61,-183
1739723633.855131,92,-5,0
1739723633.901131,-52,-18,89
1739723633.947131,46,48,-15
1739723633.9921308,-3,-4,-118
1739723634.0381308,8,-10,-48
1739723634.0841308,-35,38,-67
1739723634.1301308,20,-4,-64
1739723634.1751306,21,-20,-124
1739723634.2211306,4,23,-12
1739723634.2671306,-17,49,-7
1739723634.3121307,-93,-48,-11
1739723634.3581307,25,-60,-22
1739723634.4041307,-41,67,-31
1739723634.4501307,15,90,-84
1739723634.4951308,10,-13,-4
1739723634.5411308,20,33,-90
1739723634.5871308,4,1,-2
1739723634.6321306,33,43,39
1739723634.6781306,78,-17,-70
1739723634.7241306,-18,80,19
1739723634.7701306,38,-12,35
1739723634.8151307,-110,57,-56
1739723634.8611307,31,0,-78
1739723634.9071307,20,43,-34
1739723634.9521308,72,42,-56
1739723635.0041306,13,-15,-92
1739723635.0501306,18,-40,-170
1739723635.0951307,-6,33,-60
1739723635.1411307,1,44,33
1739723635.1871307,54,31,18
1739723635.2321308,15,23,-90
1739723635.2781308,-1,-27,-94
1739723635.3241308,-83,-25,3
1739723635.3701308,-22,36,-84
1739723635.4151306,15,5,-104
1739723635.4611306,-38,77,23
1739723635.5071306,-7,11,-63
1739723635.5521307,-110,-47,-26
1739723635.5981307,-5,-12,-20
1739723635.6441307,-17,45,-31
1739723635.6901307,19,57,5
1739723635.7351308,10,52,-75
1739723635.7811308,-40,63,-33
1739723635.8271308,35,-53,14
1739723635.8721306,-18,17,-131
1739723635.9181306,16,51,57
1739723635.9641306,104,-3,-20
1739723636.0101306,44,-1,-120
1739723636.0551307,-27,-12,-40
1739723636.1011307,-107,-39,-1
1739723636.1471307,-22,78,71
1739723636.1921306,-3,33,-55
1739723636.2381306,42,-50,0
1739723636.2841306,-75,-81,0
1739723636.3301306,-35,-9,93
1739723636.375131,-40,-40,53
1739723636.421131,3,-3,-20
1739723636.467131,-124,-8,-5
1739723636.5121307,27,3,-66
1739723636.5581307,45,-83,-34
1739723636.6041307,-20,21,-21
1739723636.6501307,30,8,-34
1739723636.6951306,-35,-39,57
1739723636.7411306,59,48,-74
1739723636.7871306,5,-8,6
1739723636.832131,-135,-51,-47
1739723636.878131,-5,19,-137
1739723636.924131,12,48,-29
1739723636.9701307,84,36,-104
1739723637.0151308,45,-22,-10
1739723637.0611308,-84,26,-65
1739723637.1071308,18,51,13
1739723637.1521306,-33,-94,-4
1739723637.1981306,41,-44,-56
1739723637.2441306,33,65,-49
1739723637.2901306,103,14,24
1739723637.3351307,41,-16,-2
1739723637.3811307,55,-44,-72
1739723637.4271307,-119,13,1
1739723637.4721308,39,-74,56
1739723637.5181308,3,42,-62
1739723637.5641308,-27,27,-7
1739723637.6101308,6,-16,-48
1739723637.6551306,-96,7,-5
1739723637.7011306,-77,23,41
1739723637.7471306,-64,29,23
1739723637.7921307,-30,94,-31
1739723637.8381307,6,-18,7
1739723637.8841307,-23,18,-139
1739723637.9301307,55,81,-56
1739723637.9751308,-77,71,-5
1739723638.0211308,-44,23,-41
1739723638.0671306,-12,79,22
1739723638.1121306,6,39,-56
1739723638.1581306,43,0,-46
1739723638.2041306,-45,-15,-9
1739723638.250131,61,58,-90
1739723638.2951307,29,-36,-120
1739723638.3411307,17,-58,-116
1739723638.3871307,-19,17,-7
1739723638.4321306,-12,-63,-71
1739723638.4781306,-3,-24,-69
1739723638.5241306,40,41,-92
1739723638.5701306,71,-12,-8
1739723638.615131,-3,-10,-53
1739723638.661131,-25,28,-55
1739723638.707131,32,16,-110
1739723638.7521307,-2,0,31
1739723638.7981308,34,99,-104
1739723638.8441308,52,19,62
1739723638.8901308,10,-27,-28
1739723638.9351306,-19,7,-67
1739723638.9811306,87,-66,-194
1739723639.0271306,19,71,0
1739723639.072131,-45,-27,-145
1739723639.1181307,9,28,-28
1739723639.1641307,-63,10,-121
1739723639.2101307,33,2,44
1739723639.2551308,31,51,-4
1739723639.3011308,-29,27,51
1739723639.3471308,-53,-50,-29
1739723639.3921306,9,-55,-26
1739723639.4381306,40,27,-34
1739723639.4841306,-9,-33,77
1739723639.5301306,-79,56,-113
1739723639.5751307,-70,40,-7
1739723639.6211307,30,19,28
1739723639.6671307,4,27,-52
1739723639.7121308,-54,-75,63
1739723639.7581308,-29,1,-100
1739723639.8041308,46,-3,9
1739723639.8501308,15,17,-138
1739723639.8951306,21,-1,-103
1739723639.9411306,-30,-1,37
1739723639.9871306,14,23,-86
1739723640.0321307,-67,17,-70
1739723640.0781307,-30,33,-102
1739723640.1241307,-25,75,13
1739723640.1701307,-23,7,-122
1739723640.2151306,49,20,-96
1739723640.2611306,-26,10,37
1739723640.3071306,-6,11,-85
1739723640.352131,-42,-83,-145
1739723640.398131,1,-33,-71
1739723640.444131,-64,21,-83
1739723640.4891307,-9,36,-120
1739723640.5351307,134,-33,33
1739723640.5811307,57,42,-57
1739723640.6271307,-69,4,25
1739723640.6721306,-26,67,-68
1739723640.7181306,19,31,-31
1739723640.7641306,16,-20,-63
1739723640.809131,-36,-3,-90
1739723640.855131,-1,0,-207
1739723640.901131,22,-96,17
1739723640.947131,-15,-10,-40
1739723640.9921308,-41,-8,-110
1739723641.0381308,-23,72,-84
1739723641.0841308,21,79,-26
1739723641.1291306,-53,0,-198
1739723641.1751306,1,-49,-171
1739723641.2211306,34,36,-51
1739723641.2671306,-42,-38,-93
1739723641.3121307,65,-56,-41
1739723641.3581307,30,-46,-109
1739723641.4041307,24,46,-71
1739723641.4491308,-32,-32,66
1739723641.4951308,-12,-31,-151
1739723641.5411308,30,27,-63
1739723641.5871308,-58,-17,0
1739723641.6321306,-1,-93,-159
1739723641.6781306,31,4,-173
1739723641.7241306,9,97,0
1739723641.7691307,62,0,-73
1739723641.8151307,0,36,86
1739723641.8611307,-21,-23,-35
1739723641.9071307,-19,-1,-14
1739723641.9521308,40,11,-99
1739723641.9981308,53,66,77
1739723642.0441308,12,-84,-191
1739723642.0891306,6,2,-47
1739723642.1351306,91,-18,-121
1739723642.1811306,90,-9,-99
1739723642.227131,8,55,-63
1739723642.2721307,6,-58,132
1739723642.3181307,36,16,-29
1739723642.3641307,-24,46,-30
1739723642.4091306,-4,-4,-12
1739723642.4551306,3,-27,-45
1739723642.5011306,-3,-2,34
1739723642.5471306,-21,15,-105
1739723642.592131,30,53,51
1739723642.638131,-22,0,-22
1739723642.684131,-33,5,-72
1739723642.7291307,1,42,-67
1739723642.7751307,-20,15,-91
1739723642.8211308,44,-51,-107
1739723642.8671308,-30,-16,-117
1739723642.9121306,-21,23,-48
1739723642.9581306,52,-2,-101
1739723643.0041306,-7,19,80
1739723643.049131,-43,-9,16
1739723643.0951307,21,-41,145
1739723643.1411307,15,5,-157
1739723643.1871307,18,2,60
1739723643.2321308,34,38,-51
1739723643.2781308,-20,-44,-51
1739723643.3241308,9,61,-20
1739723643.3691306,31,19,-15
1739723643.4151306,24,1,-89
1739723643.4611306,8,16,12
1739723643.5071306,82,-75,29
1739723643.5521307,-76,55,0
1739723643.5981307,-63,-32,22
1739723643.6441307,38,-2,-91
1739723643.6891308,-65,63,-18
1739723643.7351308,54,-12,43
1739723643.7811308,4,-36,29
1739723643.8271308,0,4,-123
1739723643.8721306,-34,-5,-26
1739723643.9181306,20,49,-90
1739723643.9641306,-63,-10,-32
1739723644.0091307,33,-30,-3
1739723644.0551307,12,-9,-73
1739723644.1011307,49,-29,-139
1739723644.1471307,27,113,-112
1739723644.1921306,-71,0,-20
1739723644.2381306,58,117,26
1739723644.2841306,30,15,-103
1739723644.3291306,38,25,-29
1739723644.375131,-45,-25,-97
1739723644.421131,-45,0,-56
1739723644.467131,3,-3,-31
1739723644.5121307,17,-5,-45
1739723644.5581307,-5,-26,45
1739723644.6041307,12,12,10
1739723644.6491306,23,-1,-65
1739723644.6951306,31,104,78
1739723644.7411306,-6,-64,77
1739723644.7871306,40,23,-13
1739723644.832131,-15,22,-2
1739723644.878131,-58,94,18
1739723644.924131,1,15,-47
1739723644.9691308,-83,-43,-113
1739723645.0211308,-46,6,-68
1739723645.0671306,-30,-18,-52
1739723645.1121306,30,110,-10
1739723645.1581306,74,42,3
1739723645.2041306,3,0,1
1739723645.2491307,-126,37,-52
1739723645.2951307,-43,0,-122
1739723645.3411307,15,5,52
1739723645.3871307,-41,37,-128
1739723645.4321306,-35,0,-58
1739723645.4781306,-30,19,-82
1739723645.5241306,-18,-18,-67
1739723645.569131,-21,-13,-77
1739723645.615131,0,12,-151
1739723645.661131,20,24,-65
1739723645.707131,-66,11,-54
1739723645.7521307,-14,28,-38
1739723645.7981308,61,14,-32
1739723645.8441308,32,-22,-8
1739723645.8891306,-45,74,61
1739723645.9351306,28,-58,140
1739723645.9811306,-38,-8,-101
1739723646.0271306,42,49,-116
1739723646.072131,6,69,-107
1739723646.1181307,0,-77,-68
1739723646.1641307,112,3,50
1739723646.2091308,-51,83,-13
1739723646.2551308,9,-39,-110
1739723646.3011308,78,-13,12
1739723646.3471308,-78,-2,43
1739723646.3921306,-11,36,-119
1739723646.4381306,-94,48,-71
1739723646.4841306,96,8,26
1739723646.5291307,-3,0,-20
1739723646.5751307,-29,13,-71
1739723646.6211307,-1,-35,70
1739723646.6671307,-86,32,0
1739723646.7121308,34,-10,-100
1739723646.7581308,16,15,79
1739723646.8041308,-31,49,-29
1739723646.8491306,-11,-13,-36
1739723646.8951306,34,-1,52
1739723646.9411306,1,-1,-98
1739723646.9871306,29,-91,-50
1739723647.0321307,-65,-8,-97
1739723647.0781307,-48,32,-17
1739723647.1241307,24,62,-138
1739723647.1691308,-37,61,0
1739723647.2151306,-15,73,3
1739723647.2611306,-38,-29,-59
1739723647.3071306,1,7,67
1739723647.352131,30,13,-82
1739723647.398131,29,72,34
1739723647.444131,-80,21,-169
1739723647.4891307,-5,-24,-42
1739723647.5351307,51,19,-100
1739723647.5811307,-32,15,-13
1739723647.6271307,40,86,-91
1739723647.6721306,-84,-39,-71
1739723647.7181306,9,57,7
1739723647.7641306,-24,150,-71
1739723647.809131,39,-4,-110
1739723647.855131,-58,-37,-90
1739723647.901131,-47,-21,-17
1739723647.947131,11,69,-95
1739723647.9921308,-4,-28,-54
1739723648.0381308,12,62,-89
1739723648.0841308,34,-71,-26
1739723648.1291306,-28,8,39
1739723648.1751306,9,-69,-32
1739723648.2211306,87,-62,-40
1739723648.2671306,64,5,-18
1739723648.3121307,55,33,22
1739723648.3581307,42,17,-114
1739723648.4041307,-23,40,13
1739723648.4491308,30,140,-136
1739723648.4951308,2,0,63
1739723648.5411308,-45,21,-57
1739723648.5871308,-6,-28,-102
1739723648.6321306,36,4,-30
1739723648.6781306,56,-9,-94
1739723648.7241306,25,26,-100
1739723648.7691307,14,-2,-52
1739723648.8151307,86,60,-94
1739723648.8611307,0,85,-47
1739723648.9071307,33,-73,-24
1739723648.9521308,-13,63,-23
1739723648.9981308,-49,-29,-75
1739723649.0441308,-91,-3,-31
1739723649.0891306,0,8,-82
1739723649.1351306,-19,-46,-5
1739723649.1811306,-12,-23,-111
1739723649.227131,-28,10,9
1739723649.2721307,-41,-6,-43
1739723649.3181307,-54,-8,-53
1739723649.3641307,74,26,-26
1739723649.4091306,40,3,-50
1739723649.4551306,-1,4,-28
1739723649.5011306,105,45,36
1739723649.5471306,-45,33,-90
1739723649.592131,2,15,81
1739723649.638131,97,-6,-78
1739723649.684131,42,43,-56
1739723649.7291307,-14,-13,-108
1739723649.7751307,37,-4,51
1739723649.8211308,3,-20,1
1739723649.8671308,25,8,-23
1739723649.9121306,-9,35,-286
1739723649.9581306,33,27,-58
1739723650.0041306,4,32,-22
1739723650.0481308,-64,-53,-76
1739723650.0941308,-12,-29,34
1739723650.1401308,-25,34,-181
1739723650.1851306,9,63,90
1739723650.2311306,46,-10,25
1739723650.2771306,27,-15,25
1739723650.3231306,-6,5,-169
1739723650.3681307,-38,-31,-95
1739723650.4141307,-26,55,-92
1739723650.4601307,21,-18,-147
1739723650.5051308,57,39,-18
1739723650.5511308,0,-31,19
1739723650.5971308,20,0,-23
1739723650.6421306,54,-36,-83
1739723650.6881306,-38,32,92
1739723650.7341306,42,-12,1
1739723650.7801306,52,70,-16
1739723650.8251307,-76,43,-62
1739723650.8711307,-103,19,68
1739723650.9171307,41,29,-65
1739723650.9621308,-37,22,-58
1739723651.0081308,-13,-92,-101
1739723651.0541308,37,30,-19
1739723651.1001308,19,-18,-25
1739723651.1451306,-9,0,-151
1739723651.1911306,41,88,-52
1739723651.2371306,29,5,-97
1739723651.2821307,24,3,-41
1739723651.3281307,-26,40,-84
1739723651.3741307,64,0,-41
1739723651.4201307,-98,-12,-90
1739723651.4651306,-29,12,20
1739723651.5111306,-47,50,-30
1739723651.5571306,-42,19,-108
1739723651.602131,5,-26,-67
1739723651.648131,-36,5,-72
1739723651.694131,-10,-21,-31
1739723651.740131,-49,1,-151
1739723651.7851307,-11,12,-32
1739723651.8311307,-41,25,-24
1739723651.8771307,-25,26,-44
1739723651.9221306,118,-9,-31
1739723651.9681306,-9,0,-35
1739723652.0141306,36,-47,-125
1739723652.0601306,42,9,-57
1739723652.105131,-13,-12,-6
1739723652.151131,-1,34,14
1739723652.197131,64,-15,-3
1739723652.2421308,93,37,-59
1739723652.2881308,-51,57,-18
1739723652.3341308,19,29,-25
1739723652.3801308,-10,1,18
1739723652.4251306,-49,-63,-14
1739723652.4711306,15,-19,-105
1739723652.5171306,-40,16,-88
1739723652.5621307,-31,13,-28
1739723652.6081307,77,-50,57
1739723652.6541307,-64,7,2
1739723652.7001307,-55,-34,-78
1739723652.7451308,-2,-26,0
1739723652.7911308,-75,3,-8
1739723652.8371308,9,-63,-51
1739723652.8821306,30,-24,-51
1739723652.9281306,-13,-39,9
1739723652.9741306,34,38,-33
1739723653.0201306,25,30,90
1739723653.0651307,-39,-83,-91
1739723653.1111307,-36,18,-10
1739723653.1571307,-91,2,-119
1739723653.2021308,-53,59,10
1739723653.2481308,63,-56,29
1739723653.2941308,-23,22,-105
1739723653.3401306,49,-66,-15
1739723653.3851306,2,-23,-73
1739723653.4311306,-51,1,-93
1739723653.477131,-57,13,-66
1739723653.5221307,20,-12,-53
1739723653.5681307,-15,22,14
1739723653.6141307,-32,5,-8
1739723653.6601307,-31,-24,98
1739723653.7051306,-68,-1,-40
1739723653.7511306,-41,23,-20
1739723653.7971306,59,2,-133
1739723653.842131,-59,50,-44
1739723653.888131,-82,21,-52
1739723653.934131,-40,43,0
1739723653.980131,-62,-18,-68
1739723654.0251307,39,-17,-109
1739723654.0711308,-46,54,-94
1739723654.1171308,0,-19,-89
1739723654.1621306,19,10,-147
1739723654.2081306,4,31,-10
1739723654.2541306,-32,-38,-99
1739723654.3001306,37,-47,2
1739723654.3451307,-44,13,-101
1739723654.3911307,-78,37,-11
1739723654.4371307,30,43,-44
1739723654.4821308,-32,-24,-107
1739723654.5281308,56,-55,122
1739723654.5741308,-26,48,5
1739723654.6201308,108,-35,-30
1739723654.6651306,-14,-51,63
1739723654.7111306,-47,-80,-27
1739723654.7571306,-80,-34,27
1739723654.8021307,-1,30,-56
1739723654.8481307,55,25,52
1739723654.8941307,68,-42,-26
1739723654.9401307,-81,8,25
1739723654.9911306,47,34,-54
1739723655.0371306,38,-66,-44
1739723655.082131,-57,44,-13
1739723655.128131,45,47,-162
1739723655.174131,-63,-28,-33
1739723655.2201307,-10,-39,-33
1739723655.2651308,-5,15,-104
1739723655.3111308,-13,4,9
1739723655.3571308,37,26,-68
1739723655.4041307,11,40,-26
1739723655.4491308,14,-39,-8
1739723655.4951308,-31,4,-3
1739723655.5411308,0,-39,-24
1739723655.5861306,64,31,-66
1739723655.6321306,63,-4,-44
1739723655.6781306,-51,-4,29
1739723655.7241306,12,30,-52
1739723655.7691307,-64,-8,-67
1739723655.8151307,-56,-20,51
1739723655.8611307,44,-30,70
1739723655.9061308,-10,-37,-98
1739723655.9521308,-4,-30,9
1739723655.9981308,48,-21,-18
1739723656.0441308,32,81,-20
1739723656.0891306,-19,43,-164
1739723656.1351306,15,15,20
1739723656.1811306,-1,26,-94
1739723656.2261307,-91,12,-51
1739723656.2721307,-30,25,-55
1739723656.3181307,-47,42,-55
1739723656.3641307,-35,80,-28
1739723656.4091306,-44,27,-64
1739723656.4551306,-85,24,63
1739723656.5011306,-49,54,-109
1739723656.546131,-64,-53,-52
1739723656.592131,28,1,-112
1739723656.638131,1,-25,-6
1739723656.684131,39,66,-115
1739723656.7291307,-9,-3,69
1739723656.7751307,-39,-103,-41
1739723656.8211308,36,-7,-134
1739723656.8661306,-30,23,-27
1739723656.9121306,-63,-65,-37
1739723656.9581306,0,38,-88
1739723657.0041306,56,-71,-92
1739723657.049131,92,51,-30
1739723657.0951307,6,-11,-42
1739723657.1411307,23,-52,-22
1739723657.1861308,-31,-17,-18
1739723657.2321308,13,34,-16
1739723657.2781308,-32,-10,-162
1739723657.3241308,-31,-47,-38
1739723657.3691306,-24,-12,-34
1739723657.4151306,-27,58,-52
1739723657.4611306,52,45,-87
1739723657.5061307,86,45,-59
1739723657.5521307,9,-15,-7
1739723657.5981307,4,-21,-106
1739723657.6441307,-1,-11,-28
1739723657.6891308,13,19,25
1739723657.7351308,63,27,-69
1739723657.7811308,-58,-16,-52
1739723657.8261306,29,-37,-83
1739723657.8721306,9,39,-84
1739723657.9181306,-3,7,-98
1739723657.9641306,28,22,-75
1739723658.0091307,-71,-71,-84
1739723658.0551307,-73,-48,-48
1739723658.1011307,-40,11,-70
1739723658.1461308,-5,26,-74
1739723658.1921306,-10,-52,-95
1739723658.2381306,33,13,-111
1739723658.2841306,1,0,-54
1739723658.3291306,-68,46,-74
1739723658.375131,10,-11,-101
1739723658.421131,-98,-62,-4
1739723658.4661307,-122,-10,-4
1739723658.5121307,-7,36,-46
1739723658.5581307,-57,-20,52
1739723658.6041307,26,35,37
1739723658.6491306,-79,-49,-100
1739723658.6951306,-11,83,38
1739723658.7411306,35,-42,-83
1739723658.786131,-49,-34,-118
1739723658.832131,64,-16,-91
1739723658.878131,40,37,21
1739723658.924131,20,-33,-182
1739723658.9691308,0,35,-96
1739723659.0151308,6,-11,-84
1739723659.0611308,-71,-48,-100
1739723659.1061306,0,-18,-32
1739723659.1521306,1,16,-38
1739723659.1981306,-10,14,-70
1739723659.2441306,-33,-22,0
1739723659.2891307,92,-90,81
1739723659.3351307,-10,41,42
1739723659.3811307,16,-24,-65
1739723659.4261308,36,-10,37
1739723659.4721308,11,33,-19
1739723659.5181308,31,-41,-26
1739723659.5641308,-13,-32,-69
1739723659.6091306,12,-32,32
1739723659.6551306,34,-13,84
1739723659.7011306,-30,88,-14
1739723659.7461307,-62,28,-28
1739723659.7921307,2,9,-113
1739723659.8381307,3,-19,-35
1739723659.8841307,6,7,-129
1739723659.9291308,-4,61,-209
1739723659.9751308,52,-21,-67
1739723660.0211308,-31,31,-149
1739723660.0661306,-105,133,104
1739723660.1121306,18,17,-9
1739723660.1581306,24,-17,-11
1739723660.2041306,19,65,-245
1739723660.2491307,60,14,-35
1739723660.2951307,53,47,-21
1739723660.3411307,17,13,170
1739723660.3861306,23,87,3
1739723660.4321306,-99,0,-43
1739723660.4781306,-45,-31,0
1739723660.523131,-36,-39,12
1739723660.569131,20,6,-15
1739723660.615131,5,15,32
1739723660.661131,17,13,-27
1739723660.7061307,-53,29,56
1739723660.7521307,-2,-59,-55
1739723660.7981308,9,-55,0
1739723660.8431306,52,23,-27
1739723660.8891306,12,-33,-73
1739723660.9351306,-16,-4,-65
1739723660.9811306,-78,15,12
1739723661.026131,-93,8,148
1739723661.072131,-61,103,52
1739723661.1181307,3,-56,-131
1739723661.1631308,-19,2,-133
1739723661.2091308,-15,55,-103
1739723661.2551308,-37,8,16
1739723661.3011308,42,15,-43
1739723661.3461306,46,55,-93
1739723661.3921306,61,8,-83
1739723661.4381306,16,17,-9
1739723661.4831307,-19,31,-197
1739723661.5291307,8,6,-19
1739723661.5751307,-51,-29,-94
1739723661.6211307,-52,12,-22
1739723661.6661308,-2,-2,34
1739723661.7121308,33,-8,-139
1739723661.7581308,52,-8,25
1739723661.8031306,8,47,-45
1739723661.8491306,7,4,-5
1739723661.8951306,7,-40,-39
1739723661.9411306,40,-2,43
1739723661.9861307,12,3,-73
1739723662.0321307,77,-36,23
1739723662.0781307,30,-63,4
1739723662.1231308,26,3,92
1739723662.1691308,23,-3,16
1739723662.2151306,70,-5,-9
1739723662.2611306,5,31,-71
1739723662.3061306,4,25,-117
1739723662.352131,-46,-14,-31
1739723662.398131,-20,-35,14
1739723662.4431307,-50,22,-79
1739723662.4891307,-39,-39,-139
1739723662.5351307,19,21,22
1739723662.5811307,-4,81,-97
1739723662.6261306,-20,-27,-153
1739723662.6721306,-89,-15,-5
1739723662.7181306,-16,8,46
1739723662.763131,8,35,-43
1739723662.809131,43,-12,-121
1739723662.855131,-121,-22,-55
1739723662.901131,-64,86,-57
1739723662.9461308,-15,41,-29
1739723662.9921308,151,1,-121
1739723663.0381308,-15,18,-121
1739723663.0831306,23,-47,7
1739723663.1291306,-28,63,50
1739723663.1751306,54,0,-35
1739723663.2211306,54,-52,-147
1739723663.2661307,-9,70,-26
1739723663.3121307,-37,-23,-139
1739723663.3581307,13,34,-12
1739723663.4031308,-24,-12,-109
1739723663.4491308,-88,-55,6
1739723663.4951308,-33,92,2
1739723663.5411308,0,-7,-7
1739723663.5861306,10,32,30
1739723663.6321306,-36,24,-129
1739723663.6781306,87,95,-153
1739723663.7231307,2,0,-17
1739723663.7691307,26,46,-9
1739723663.8151307,41,21,-189
1739723663.8611307,16,-28,-11
1739723663.9061308,72,2,-27
1739723663.9521308,-2,-5,-27
1739723663.9981308,32,18,-93
1739723664.0431306,38,19,-35
1739723664.0891306,22,-18,-17
1739723664.1351306,103,5,-203
1739723664.1811306,-17,27,-64
1739723664.2261307,-43,-7,-86
1739723664.2721307,-12,-41,86
1739723664.3181307,20,-26,27
1739723664.3631306,-4,6,-127
1739723664.4091306,-32,112,28
1739723664.4551306,27,40,77
1739723664.5011306,43,49,-19
1739723664.546131,22,-4,61
1739723664.592131,69,49,83
1739723664.638131,-19,66,-175
1739723664.6831307,24,-27,7
1739723664.7291307,-12,-63,-37
1739723664.7751307,29,-22,-45
1739723664.8211308,11,-25,-91
1739723664.8661306,0,50,-35
1739723664.9121306,39,-96,-163
1739723664.9581306,-13,-4,-105
1739723665.0091307,3,29,-99
1739723665.0551307,5,9,-85
1739723665.1011307,98,-55,103
1739723665.1461308,-16,6,-75
1739723665.1921306,-38,1,-18
1739723665.2381306,-67,19,-14
1739723665.2831306,-58,23,-106
1739723665.3291306,-62,0,-46
1739723665.375131,-65,5,30
1739723665.421131,60,4,-19
1739723665.4661307,3,-32,3
1739723665.5121307,-20,-11,-83
1739723665.5581307,-6,96,-89
1739723665.6031306,-7,53,5
1739723665.6491306,0,-21,-51
1739723665.6951306,36,32,49
1739723665.7411306,-30,-14,-113
1739723665.786131,-80,-6,-82
1739723665.832131,-57,-1,-86
1739723665.878131,-16,24,-9
1739723665.9231308,87,44,39
1739723665.9691308,33,10,-51
1739723666.0151308,-116,-4,-20
1739723666.059131,8,51,-23
1739723666.105131,-65,-28,-48
1739723666.151131,-104,4,-42
1739723666.197131,5,47,-83
1739723666.2421308,0,-41,51
1739723666.2881308,67,-70,-141
1739723666.3341308,-39,1,-175
1739723666.3791306,60,-13,-5
1739723666.4251306,33,-1,-203
1739723666.4711306,25,36,42
1739723666.5171306,-23,52,-147
1739723666.5621307,50,-25,-35
1739723666.6081307,0,1,-75
1739723666.6541307,-56,8,-111
1739723666.6991308,16,-21,-157
1739723666.7451308,-29,70,0
1739723666.7911308,-69,64,12
1739723666.8371308,-2,2,-181
1739723666.8821306,-52,-41,-3
1739723666.9281306,-2,-103,-31
1739723666.9741306,-98,11,36
1739723667.0191307,58,105,-56
1739723667.0651307,-7,34,-79
1739723667.1111307,-1,-56,32
1739723667.1571307,35,7,-71
1739723667.2021308,-15,-58,14
1739723667.2481308,50,0,88
1739723667.2941308,60,-15,-78
1739723667.3391306,75,-10,18
1739723667.3851306,-7,8,-87
1739723667.4311306,-23,49,58
1739723667.477131,33,-15,-56
1739723667.5221307,-31,26,-210
1739723667.5681307,35,16,-14
1739723667.6141307,-36,24,-21
1739723667.6591306,20,-47,-163
1739723667.7051306,130,-20,-76
1739723667.7511306,44,-3,14
1739723667.7971306,78,9,100
1739723667.842131,0,-44,-71
1739723667.888131,18,1,0
1739723667.934131,-1,12,-71
1739723667.9791307,13,-14,-135
1739723668.0251307,47,44,-34
1739723668.0711308,-51,22,-70
1739723668.1171308,-23,48,-93
1739723668.1621306,-97,157,-49
1739723668.2081306,-15,24,-85
1739723668.2541306,4,25,-72
1739723668.299131,0,-27,-78
1739723668.3451307,-14,48,31
1739723668.3911307,-110,-88,-27
1739723668.4371307,86,-62,76
1739723668.4821308,80,7,-29
1739723668.5281308,-88,36,-145
1739723668.5741308,-27,57,37
1739723668.6191306,16,11,-88
1739723668.6651306,-59,-53,-4
1739723668.7111306,29,53,-33
1739723668.7571306,-9,36,-190
1739723668.8021307,-82,-17,83
1739723668.8481307,-56,9,-37
1739723668.8941307,-20,17,-168
1739723668.9391308,-25,-2,-138
1739723668.9851308,-87,-67,9
1739723669.0311308,-1,16,-1
1739723669.0771308,-9,-1,43
1739723669.1221306,-16,63,-3
1739723669.1681306,-23,-23,11
1739723669.2141306,-43,-36,-64
1739723669.2591307,68,-12,-30
1739723669.3051307,42,0,-52
1739723669.3511307,25,46,-85
1739723669.3971307,-3,49,9
1739723669.4421306,-35,13,25
1739723669.4881306,56,0,-9
1739723669.5341306,13,-27,-130
1739723669.5791306,6,43,11
1739723669.625131,-25,11,0
1739723669.671131,-18,16,-11
1739723669.717131,5,-39,12
1739723669.7621307,36,0,-61
1739723669.8081307,9,11,65
1739723669.8541307,-12,2,27
1739723669.8991306,-60,55,109
1739723669.9451306,-53,0,-46
1739723669.9911306,-38,-28,-92
1739723670.0371306,19,58,41
1739723670.082131,31,-19,-68
1739723670.128131,-79,4,-64
1739723670.174131,-4,5,-78
1739723670.2191308,-45,-59,0
1739723670.2651308,15,6,-104
1739723670.3111308,-21,-26,12
1739723670.3571308,-14,29,-84
1739723670.4021306,9,-3,13
1739723670.4481306,8,11,9
1739723670.4941306,-58,-65,-68
1739723670.5391307,51,40,-75
1739723670.5851307,-1,-69,-38
1739723670.6311307,-41,96,87
1739723670.6761308,-13,30,-84
1739723670.7221308,-23,32,-61
1739723670.7681308,-46,-21,-79
1739723670.8141308,-72,4,23
1739723670.8591306,18,80,-134
1739723670.9051306,48,8,-30
1739723670.9511306,10,30,-30
1739723670.9961307,84,12,26
1739723671.0421307,-28,24,41
1739723671.0881307,15,62,-14
1739723671.1341307,1,-7,39
1739723671.1791308,-18,11,-146
1739723671.2251308,31,61,-26
1739723671.2711308,24,58,-18
1739723671.3161306,-47,7,15
1739723671.3621306,-35,7,107
1739723671.4081306,-14,-27,-53
1739723671.4541306,49,1,-36
1739723671.4991307,-36,10,23
1739723671.5451307,-55,31,35
1739723671.5911307,-5,45,-51
1739723671.6361306,-77,3,-65
1739723671.6821306,-36,-17,-3
1739723671.7281306,16,-32,-44
1739723671.7741306,34,22,46
1739723671.819131,-9,9,37
1739723671.865131,58,-1,-78
1739723671.911131,-17,35,-95
1739723671.9561307,0,28,23
1739723672.0021307,92,-40,34
1739723672.0481308,-43,11,65
1739723672.0941308,69,33,96
1739723672.1391306,-51,36,-185
1739723672.1851306,-25,-19,25
1739723672.2311306,-52,-18,29
1739723672.276131,38,28,-16
1739723672.322131,28,-19,56
1739723672.3681307,57,24,34
1739723672.4141307,6,-6,-138
1739723672.4591308,-28,65,-11
1739723672.5051308,51,5,67
1739723672.5511308,2,68,7
1739723672.5961306,2,34,-116
1739723672.6421306,0,44,73
1739723672.6881306,10,61,-133
1739723672.7341306,9,-53,-24
1739723672.7791307,-71,-35,144
1739723672.8251307,-31,-26,20
1739723672.8711307,-15,-16,-92
1739723672.9161308,-39,38,33
1739723672.9621308,-21,-1,-50
1739723673.0081308,26,-47,-80
1739723673.0541308,17,-14,50
1739723673.0991306,12,-35,16
1739723673.1451306,-141,-69,-31
1739723673.1911306,-20,35,-23
1739723673.2361307,-47,-11,-29
1739723673.2821307,-23,-60,-62
1739723673.3281307,15,88,51
1739723673.3741307,0,-11,-24
1739723673.4191308,36,0,-84
1739723673.4651306,-49,28,-35
1739723673.5111306,-35,42,-123
1739723673.5561306,-22,13,-95
1739723673.602131,63,11,84
1739723673.648131,27,15,14
1739723673.694131,25,-47,-4
1739723673.7391307,29,1,-90
1739723673.7851307,8,-99,-108
1739723673.8311307,95,-46,-126
1739723673.8761306,39,19,-70
1739723673.9221306,-13,50,-52
1739723673.9681306,10,63,-150
1739723674.0141306,9,51,51
1739723674.059131,44,17,-36
1739723674.105131,16,-5,-16
1739723674.151131,-10,-62,47
1739723674.1961308,-17,19,-3
1739723674.2421308,10,6,175
1739723674.2881308,13,-13,48
1739723674.3341308,0,30,-129
1739723674.3791306,41,-50,-90
1739723674.4251306,-78,91,-21
1739723674.4711306,-6,-40,75
1739723674.5161307,94,-22,68
1739723674.5621307,-37,20,-111
1739723674.6081307,-35,-9,-113
1739723674.6541307,12,16,-94
1739723674.6991308,30,-12,-76
1739723674.7451308,-2,30,-85
1739723674.7911308,8,-59,-34
1739723674.8361306,17,5,-60
1739723674.8821306,-54,21,-97
1739723674.9281306,71,-31,-168
1739723674.9741306,-33,19,-67
1739723675.0251307,-4,-8,-120
1739723675.0711308,13,5,-30
1739723675.1161306,-63,52,11
1739723675.1621306,18,1,-68
1739723675.2081306,-54,37,-39
1739723675.2541306,-11,-47,53
1739723675.299131,-24,48,-93
1739723675.3451307,-32,41,-205
1739723675.3911307,10,-8,124
1739723675.4361308,29,43,-130
1739723675.4821308,33,-8,38
1739723675.5281308,5,-5,28
1739723675.5741308,0,36,65
1739723675.6191306,-67,13,-87
1739723675.6651306,-1,10,-236
1739723675.7111306,-107,45,-249
1739723675.7561307,92,-5,-32
1739723675.8021307,-38,16,-239
1739723675.8481307,100,34,-4
1739723675.8941307,24,40,-60
1739723675.9391308,-30,67,-61
1739723675.9851308,21,-14,-28
1739723676.0311308,-32,25,1
1739723676.0761306,37,-23,-82
1739723676.1221306,27,-43,-26
1739723676.1681306,165,-60,-94
1739723676.2141306,32,-16,-8
1739723676.2591307,-20,114,-2
1739723676.3051307,95,-53,-11
1739723676.3511307,2,44,-46
1739723676.3961308,-17,43,-83
1739723676.4421306,33,2,-55
1739723676.4881306,12,-82,-173
1739723676.5341306,-28,-18,-37
1739723676.5791306,-3,-93,-203
1739723676.625131,0,-7,-49
1739723676.671131,24,-33,-55
1739723676.7161307,39,-29,-29
1739723676.7621307,32,23,26
1739723676.8081307,-8,-23,-67
1739723676.8541307,-14,14,-95
1739723676.8991306,-30,43,-72
1739723676.9451306,32,2,50
1739723676.9911306,-1,-57,41
1739723677.036131,-30,78,-40
1739723677.082131,24,-49,9
1739723677.128131,28,0,-41
1739723677.174131,14,27,34
1739723677.2191308,-8,-32,-15
1739723677.2651308,16,64,-73
1739723677.3111308,21,-14,5
1739723677.3561306,0,-9,80
1739723677.4021306,-16,65,-8
1739723677.4481306,20,-46,53
1739723677.4941306,49,26,-41
1739723677.5391307,-2,8,-21
1739723677.5851307,-15,-47,-143
1739723677.6311307,22,44,58
1739723677.6761308,45,112,-145
1739723677.7221308,-105,-6,-32
1739723677.7681308,-33,-48,76
1739723677.8141308,20,-1,-47
1739723677.8591306,37,38,-123
1739723677.9051306,19,41,-31
1739723677.9511306,3,104,-72
1739723677.9961307,-29,37,-56
1739723678.0421307,-30,-30,-113
1739723678.0881307,37,-57,5
1739723678.1341307,12,78,-58
1739723678.1791308,79,35,63
1739723678.2251308,-11,0,26
1739723678.2711308,77,13,-81
1739723678.3161306,12,-13,-91
1739723678.3621306,-13,22,-50
1739723678.4081306,147,-25,-59
1739723678.4541306,52,-11,13
1739723678.4991307,-43,-1,-10
1739723678.5451307,-5,-16,-71
1739723678.5911307,-93,17,26
1739723678.6361306,6,43,-53
1739723678.6821306,4,29,-53
1739723678.7281306,-20,-32,-101
1739723678.7741306,42,-22,51
1739723678.819131,-67,15,-32
1739723678.865131,29,-80,23
1739723678.911131,7,-26,-67
1739723678.9561307,2,-33,51
1739723679.0021307,-27,-53,-25
1739723679.0481308,-46,-37,-62
1739723679.0941308,8,6,-71
1739723679.1391306,33,20,-7
1739723679.1851306,16,68,-69
1739723679.2311306,-12,12,-16
1739723679.276131,-1,-8,-35
1739723679.322131,-67,-4,-104
1739723679.3681307,36,-47,-85
1739723679.4141307,14,36,-93
1739723679.4591308,122,4,-155
1739723679.5051308,41,41,-75
1739723679.5511308,6,-34,-85
1739723679.5961306,1,-15,84
1739723679.6421306,7,21,-93
1739723679.6881306,41,39,134
1739723679.7341306,6,-20,-7
1739723679.7791307,-39,65,12
1739723679.8251307,-1,44,92
1739723679.8711307,-16,-42,-95
1739723679.9161308,-94,49,-76
1739723679.9621308,-21,40,-169
1739723680.0081308,27,-33,-29
1739723680.0541308,-64,16,-84
1739723680.0991306,-29,17,32
1739723680.1451306,-23,89,-62
1739723680.1911306,-24,-1,-24
1739723680.2361307,-7,-34,-43
1739723680.2821307,-53,22,-40
1739723680.3281307,-29,17,-107
1739723680.3741307,-63,-45,-58
1739723680.4191308,-52,5,-4
1739723680.4651306,-18,-10,-69
1739723680.5111306,35,115,-12
1739723680.5561306,11,-27,-57
1739723680.602131,-11,-5,2
1739723680.648131,62,74,-22
1739723680.6931307,90,-56,-1
1739723680.7391307,31,-68,-31
1739723680.7851307,41,29,-73
1739723680.8311307,35,32,-16
1739723680.8761306,-25,14,-115
1739723680.9221306,-13,62,24
1739723680.9681306,-26,-59,-171
1739723681.013131,-2,0,-89
1739723681.059131,-52,30,-84
1739723681.105131,44,59,-173
1739723681.151131,-27,-14,-83
1739723681.1961308,-11,-84,-121
1739723681.2421308,38,-25,-69
1739723681.2881308,-71,13,18
1739723681.3331306,30,23,10
1739723681.3791306,75,40,25
1739723681.4251306,-63,26,-72
1739723681.4711306,59,6,-73
1739723681.5161307,-27,22,-44
1739723681.5621307,-32,-20,66
1739723681.6081307,6,-10,-95
1739723681.6531308,-24,-55,-57
1739723681.6991308,-56,8,18
1739723681.7451308,-25,60,64
1739723681.7911308,41,-54,21
1739723681.8361306,36,-37,-23
1739723681.8821306,0,16,-135
1739723681.9281306,65,-6,20
1739723681.9731307,-45,60,-137
1739723682.0191307,43,-7,-31
1739723682.0651307,-30,-41,-25
1739723682.1111307,-24,18,-45
1739723682.1561308,-12,-20,44
1739723682.2021308,19,7,-79
1739723682.2481308,-25,-18,44
1739723682.2931306,-27,-7,82
1739723682.3391306,-9,15,-109
1739723682.3851306,0,-12,-11
1739723682.4311306,-51,15,-27
1739723682.4761307,8,80,-29
1739723682.5221307,0,-30,-151
1739723682.5681307,20,-9,-105
1739723682.6131306,32,-25,-36
1739723682.6591306,-75,35,78
1739723682.7051306,-51,-32,-4
1739723682.7511306,-17,-17,-31
1739723682.796131,22,-21,-45
1739723682.842131,-5,13,-187
1739723682.888131,26,21,-3
1739723682.9331307,-24,-47,-50
1739723682.9791307,-7,-99,-39
1739723683.0251307,-11,-39,0
1739723683.0711308,10,0,92
1739723683.1161306,-11,-5,-2
1739723683.1621306,-9,-11,-53
1739723683.2081306,0,-13,-1
1739723683.253131,-55,-6,-130
1739723683.299131,68,17,31
1739723683.3451307,43,23,-53
1739723683.3911307,24,32,11
1739723683.4361308,24,66,19
1739723683.4821308,7,25,-105
1739723683.5281308,0,-27,28
1739723683.5731306,12,-63,70
1739723683.6191306,-83,-54,-72
1739723683.6651306,-48,2,-50
1739723683.7111306,105,-5,-199
1739723683.7561307,26,21,49
1739723683.8021307,73,-63,-39
1739723683.8481307,-60,0,-109
1739723683.8931308,-115,1,-142
1739723683.9391308,19,-10,-31
1739723683.9851308,-7,43,-97
1739723684.0311308,78,-6,-7
1739723684.0761306,-32,0,-121
1739723684.1221306,-10,-29,-25
1739723684.1681306,-15,6,-91
1739723684.2131307,75,70,-145
1739723684.2591307,11,24,-31
1739723684.3051307,-68,-36,-70
1739723684.3511307,-18,-24,6
1739723684.3961308,-43,17,120
1739723684.4421306,44,-30,-107
1739723684.4881306,12,24,-145
1739723684.5331306,16,15,-19
1739723684.5791306,25,7,66
1739723684.625131,43,33,-103
1739723684.671131,36,26,40
1739723684.7161307,-13,-4,-77
1739723684.7621307,-25,48,0
1739723684.8081307,2,-9,-69
1739723684.8531306,-17,23,-10
1739723684.8991306,4,17,-25
1739723684.9451306,-43,23,-40
1739723684.9911306,58,8,-105
1739723685.0421307,-4,12,-83
1739723685.0881307,-32,9,98
1739723685.1331308,-49,20,-42
1739723685.1791308,-24,70,-113
1739723685.2251308,3,21,-25
1739723685.2711308,-43,65,16
1739723685.3161306,-11,105,-47
1739723685.3621306,-38,-29,-65
1739723685.4081306,-19,74,-92
1739723685.4531307,-21,110,12
1739723685.4991307,56,-16,-75
1739723685.5451307,51,13,-45
1739723685.5911307,3,19,76
1739723685.6361306,-41,67,-98
1739723685.6821306,54,-6,-73
1739723685.7281306,0,-39,-127
1739723685.773131,6,-16,-7
1739723685.819131,0,-49,29
1739723685.865131,-1,-45,-119
1739723685.911131,-39,-89,-45
1739723685.9561307,86,-29,-103
1739723686.0021307,-50,-2,-64
1739723686.0481308,-26,3,-30
1739723686.0931306,-64,7,48
1739723686.1391306,55,3,23
1739723686.1851306,30,-38,19
1739723686.2311306,-1,113,-21
1739723686.276131,148,-25,25
1739723686.322131,30,5,-119
1739723686.3681307,11,-96,-49
1739723686.4131308,4,-48,-63
1739723686.4591308,63,14,-117
1739723686.5051308,56,-89,0
1739723686.5511308,-11,-29,-47
1739723686.5961306,-23,-22,50
1739723686.6421306,-32,35,-53
1739723686.6881306,-65,-1,-49
1739723686.7331307,3,-11,32
1739723686.7791307,-4,-49,-3
1739723686.8251307,-105,-37,-71
1739723686.8711307,-25,17,-147
1739723686.9161308,6,-5,62
1739723686.9621308,28,-6,-19
1739723687.0081308,52,-16,-99
1739723687.0531306,-6,-17,-101
1739723687.0991306,10,21,-19
1739723687.1451306,25,-36,-56
1739723687.1911306,9,-50,-139
1739723687.2361307,-35,5,20
1739723687.2821307,-5,18,-181
1739723687.3281307,47,-52,-6
1739723687.3731308,76,-20,10
1739723687.4191308,53,12,-42
1739723687.4651306,-30,58,-161
1739723687.5111306,-14,-36,-91
1739723687.5561306,36,-5,-26
1739723687.602131,-10,-24,-61
1739723687.648131,-73,9,-111
1739723687.6931307,-16,54,-25
1739723687.7391307,-90,0,47
1739723687.7851307,9,-13,-79
1739723687.8311307,-38,-117,-75
1739723687.8761306,38,37,-12
1739723687.9221306,25,21,-161
1739723687.9681306,-39,13,-19
1739723688.013131,32,-27,-79
1739723688.059131,-27,-36,40
1739723688.105131,27,44,7
1739723688.151131,-39,-68,-94
1739723688.1961308,6,28,37
1739723688.2421308,2,1,-4
1739723688.2881308,-8,19,-28
1739723688.3331306,-110,30,-16
1739723688.3791306,-38,46,-56
1739723688.4251306,47,50,-126
1739723688.4711306,-9,13,-170
1739723688.5161307,-1,-8,-54
1739723688.5621307,-39,3,-45
1739723688.6081307,-45,25,-27
1739723688.6531308,39,5,2
1739723688.6991308,39,-41,-90
1739723688.7451308,-15,-16,47
1739723688.7911308,61,-7,-78
1739723688.8361306,53,-30,58
1739723688.8821306,-32,7,-142
1739723688.9281306,55,17,-104
1739723688.9731307,33,29,-1
1739723689.0191307,-25,58,-103
1739723689.0651307,-15,-24,4
1739723689.1111307,11,-6,69
1739723689.1561308,92,-18,-40
1739723689.2021308,-71,17,-5
1739723689.2481308,-79,-6,-23
1739723689.2931306,48,-14,-10
1739723689.3391306,-61,16,0
1739723689.3851306,-40,-28,-11
1739723689.4311306,0,-29,100
1739723689.4761307,33,-5,-74
1739723689.5221307,49,-19,-20
1739723689.5681307,39,46,0
1739723689.6131306,-62,14,-45
1739723689.6591306,24,16,-70
1739723689.7051306,-13,36,9
1739723689.7511306,4,74,-63
1739723689.796131,17,-16,-48
1739723689.842131,-6,-62,-102
1739723689.888131,33,45,-206
1739723689.9331307,61,26,-62
1739723689.9791307,-10,26,-25
1739723690.0251307,51,3,72
1739723690.0711308,-29,25,-33
1739723690.1161306,-16,-32,-46
1739723690.1621306,-60,-7,-63
1739723690.2081306,28,-34,12
1739723690.253131,26,-23,-64
1739723690.299131,-36,-57,12
1739723690.3451307,52,-64,-146
1739723690.3911307,-34,46,-121
1739723690.4361308,17,84,-111
1739723690.4821308,-10,13,-35
1739723690.5281308,77,-62,-20
1739723690.5731306,67,3,-12
1739723690.6191306,18,-10,-92
1739723690.6651306,89,-8,-88
1739723690.7101307,10,22,-96
1739723690.7561307,2,-13,-26
1739723690.8021307,14,23,-116
1739723690.8481307,33,26,-45
1739723690.8931308,-13,83,-136
1739723690.9391308,-11,-51,0
1739723690.9851308,70,49,-9
1739723691.0301306,58,75,-107
1739723691.0761306,-15,0,-2
1739723691.1221306,11,20,-109
1739723691.1681306,-8,-7,17
1739723691.2131307,-1,44,-19
1739723691.2591307,37,6,-59
1739723691.3051307,23,-4,-38
1739723691.3501308,39,-41,-41
1739723691.3961308,-9,46,-66
1739723691.4421306,-6,-89,25
1739723691.4881306,-47,-25,-81
1739723691.5331306,21,47,-39
1739723691.5791306,11,-63,-27
1739723691.625131,-13,-53,-67
1739723691.6701307,10,12,-109
1739723691.7161307,95,51,-69
1739723691.7621307,-84,34,-90
1739723691.8081307,-34,5,-8
1739723691.8531306,-13,48,-36
1739723691.8991306,-29,-14,38
1739723691.9451306,63,3,35
1739723691.990131,-54,69,-2
1739723692.036131,4,-34,-93
1739723692.082131,-36,85,-85
1739723692.128131,-45,41,8
1739723692.1731308,27,32,104
1739723692.2191308,-5,2,42
1739723692.2651308,-64,49,-67
1739723692.3101306,-51,-35,-4
1739723692.3561306,-20,31,0
1739723692.4021306,-30,33,-119
1739723692.4481306,-6,-32,-59
1739723692.4931307,10,14,-21
1739723692.5391307,-20,70,22
1739723692.5851307,29,-7,92
1739723692.6301308,-27,-24,-69
1739723692.6761308,-31,-12,-36
1739723692.7221308,-1,-57,15
1739723692.7681308,-15,-12,-141
1739723692.8131306,-12,-7,-75
1739723692.8591306,-13,71,-138
1739723692.9051306,9,57,-22
1739723692.9501307,15,17,-49
1739723692.9961307,95,37,-81
1739723693.0421307,-6,19,-219
1739723693.0881307,1,-17,39
1739723693.1331308,50,-2,-13
1739723693.1791308,8,-24,-49
1739723693.2251308,-45,49,60
1739723693.2701306,-9,-17,-21
1739723693.3161306,-10,68,-74
1739723693.3621306,0,-57,5
1739723693.4081306,-43,-62,-29
1739723693.4531307,4,45,-62
1739723693.4991307,13,-3,-73
1739723693.5451307,-24,20,10
1739723693.5901306,-2,-16,-127
1739723693.6361306,-79,-44,-41
1739723693.6821306,-26,-29,-65
1739723693.7281306,-23,-39,-95
1739723693.773131,5,55,-64
1739723693.819131,9,-4,26
1739723693.865131,20,25,18
1739723693.9101307,39,15,-18
1739723693.9561307,-76,-75,-69
1739723694.0021307,39,-17,117
1739723694.0481308,-59,-25,-79
1739723694.0931306,36,-10,-85
1739723694.1391306,149,22,-19
1739723694.1851306,29,-70,-75
1739723694.230131,-53,51,-48
1739723694.276131,-36,-7,14
1739723694.322131,-51,-12,8
1739723694.3681307,-28,57,-10
1739723694.4131308,38,60,-70
1739723694.4591308,38,-39,-41
1739723694.5051308,17,-44,7
1739723694.5501306,-73,-19,-115
1739723694.5961306,-19,11,-131
1739723694.6421306,-1,-19,-19
1739723694.6881306,30,51,30
1739723694.7331307,16,3,-65
1739723694.7791307,-8,64,8
1739723694.8251307,-7,-1,-9
1739723694.8701308,31,59,-12
1739723694.9161308,-35,13,60
1739723694.9621308,-25,-41,-117
1739723695.0081308,-26,-8,16
1739723695.059131,-18,27,-47
1739723695.105131,0,8,-61
1739723695.1501307,-42,-18,-79
1739723695.1961308,0,1,-193
1739723695.2421308,-33,23,-123
1739723695.2881308,20,-1,-113
1739723695.3331306,-21,74,-84
1739723695.3791306,33,4,1
1739723695.4251306,12,95,36
1739723695.4701307,30,53,-39
1739723695.5161307,-15,-2,-99
1739723695.5621307,-52,-18,-22
1739723695.6081307,37,34,-22
1739723695.6531308,-51,-27,-69
1739723695.6991308,-1,59,-38
1739723695.7451308,-26,40,-125
1739723695.7901306,5,-16,-69
1739723695.8361306,43,-22,49
1739723695.8821306,-44,84,62
1739723695.9291308,-56,51,6
1739723695.9741306,-38,58,-128
1739723696.0201306,-20,55,-54
1739723696.0661306,0,-29,-9
1739723696.1121306,-104,-26,38
1739723696.1571307,111,36,-87
1739723696.2031307,-36,7,-94
1739723696.2491307,67,5,-83
1739723696.2941308,-12,4,-141
1739723696.3401306,-87,1,-82
1739723696.3861306,11,32,-17
1739723696.4321306,-58,-42,-78
1739723696.477131,65,5,-37
1739723696.523131,21,8,-107
1739723696.569131,-24,16,-124
1739723696.6141307,11,-77,37
1739723696.6601307,84,22,-11
1739723696.7061307,-9,37,72
1739723696.7521307,-62,7,-28
1739723696.7971306,-20,-34,-35
1739723696.8431306,55,-32,-73
1739723696.8891306,2,32,-131
1739723696.934131,-11,0,-73
1739723696.980131,32,25,-39
1739723697.026131,-63,36,-36
1739723697.072131,-1,-37,-95
1739723697.1171308,33,-3,9
1739723697.1631308,78,-4,-23
1739723697.2091308,-25,-41,-11
1739723697.2541306,132,102,-85
1739723697.3001306,4,-34,-95
1739723697.3461306,-38,69,-2
1739723697.3921306,-15,-4,-145
1739723697.4371307,-28,45,104
1739723697.4831307,-20,-58,35
1739723697.5291307,31,-5,-123
1739723697.5741308,-16,-10,-63
1739723697.6201308,45,33,-115
1739723697.6661308,-1,0,-27
1739723697.7121308,47,-57,-123
1739723697.7571306,11,22,-65
1739723697.8031306,-64,57,2
1739723697.8491306,-26,-57,0
1739723697.8941307,21,-6,-157
1739723697.9401307,-31,-40,92
1739723697.9861307,51,1,-53
1739723698.0321307,-32,11,-62
1739723698.0771308,-1,-39,-41
1739723698.1231308,-25,-7,-96
1739723698.1691308,-3,-61,-23
1739723698.2141306,-69,25,42
1739723698.2601306,50,12,-89
1739723698.3061306,67,1,-79
1739723698.352131,40,-27,168
1739723698.3971307,-33,66,-54
1739723698.4431307,7,-22,-107
1739723698.4891307,-76,-45,-10
1739723698.5341306,-7,29,-55
1739723698.5801306,66,15,-15
1739723698.6261306,16,-5,1
1739723698.6721306,36,46,-21
1739723698.717131,-15,-59,-73
1739723698.763131,39,13,-33
1739723698.809131,-33,33,34
1739723698.8541307,-10,-39,-41
1739723698.9001307,50,-55,19
1739723698.9461308,-23,-59,-101
1739723698.9921308,-67,43,-18
1739723699.0371306,-34,-37,-132
1739723699.0831306,5,15,34
1739723699.1291306,19,-36,-83
1739723699.174131,-30,-48,26
1739723699.2201307,-17,27,4
1739723699.2661307,56,-68,-45
1739723699.3121307,4,-17,108
1739723699.3571308,-6,59,54
1739723699.4031308,15,-11,-47
1739723699.4491308,37,12,-247
1739723699.4941306,61,20,-223
1739723699.5401306,-113,-53,-118
1739723699.5861306,5,76,-30
1739723699.6321306,-53,39,34
1739723699.6771307,6,2,-3
1739723699.7231307,100,-4,-91
1739723699.7691307,15,-5,-15
1739723699.8141308,21,-1,-173
1739723699.8601308,0,56,-47
1739723699.9061308,40,-64,1
1739723699.9521308,8,4,-119
1739723699.9971306,0,0,-213
1739723700.0431306,29,7,-65
1739723700.0891306,25,6,-51
1739723700.1341307,18,11,23
1739723700.1801307,-24,32,-20
1739723700.2261307,-43,-10,-50
1739723700.2721307,-81,-52,-8
1739723700.3171306,54,9,-85
1739723700.3631306,-79,-10,-32
1739723700.4091306,5,0,28
1739723700.4541306,-37,36,38
1739723700.500131,28,-23,-87
1739723700.546131,-31,23,-20
1739723700.592131,68,-52,-87
1739723700.6371307,-29,-40,-39
1739723700.6831307,65,19,7
1739723700.7291307,-28,-8,-16
1739723700.7741306,-24,40,-103
1739723700.8201306,-59,74,38
1739723700.8661306,-53,49,-112
1739723700.911131,-2,-8,36
1739723700.957131,0,10,-71
1739723701.003131,-33,-64,-69
1739723701.049131,13,56,-133
1739723701.0941308,40,-11,-113
1739723701.1401308,23,-45,-123
1739723701.1861308,6,15,-161
1739723701.2311306,-35,-13,-105
1739723701.2771306,70,-12,-107
1739723701.3231306,-16,2,-97
1739723701.3691306,-14,-70,-125
1739723701.4141307,-55,-9,-129
1739723701.4601307,52,74,-102
1739723701.5061307,23,43,-64
1739723701.5511308,57,5,-92
1739723701.5971308,-47,-25,-27
1739723701.6431308,20,-50,-47
1739723701.6891308,11,46,-115
1739723701.7341306,-57,86,2
1739723701.7801306,60,10,18
1739723701.8261306,-82,-1,-165
1739723701.8711307,-83,68,36
1739723701.9171307,-45,51,-135
1739723701.9631307,15,-40,-11
1739723702.0091307,-54,4,-129
1739723702.0541308,17,42,20
1739723702.1001308,26,63,40
1739723702.1461308,-16,-19,-43
1739723702.1911306,-1,35,126
1739723702.2371306,-18,16,-101
1739723702.2831306,87,-36,-62
1739723702.3291306,44,-90,68
1739723702.3741307,-33,14,-85
1739723702.4201307,-10,29,-10
1739723702.4661307,28,-136,-65
1739723702.5111306,-15,48,-45
1739723702.5571306,23,-40,-125
1739723702.6031306,-27,-50,-75
1739723702.6491306,30,-39,46
1739723702.694131,74,-38,-18
1739723702.740131,60,1,-6
1739723702.786131,15,-69,-63
1739723702.8311307,-20,-6,13
1739723702.8771307,20,26,20
1739723702.9231308,52,20,24
1739723702.9691308,64,8,-88
1739723703.0141306,33,9,-26
1739723703.0601306,-3,44,-61
1739723703.1061306,22,23,-62
1739723703.151131,10,74,-76
1739723703.197131,36,-22,-83
1739723703.2431307,-74,9,17
1739723703.2891307,11,23,-115
1739723703.3341308,52,-25,-61
1739723703.3801308,-24,68,-74
1739723703.4261308,31,55,-88
1739723703.4711306,17,5,-81
1739723703.5171306,-31,0,-5
1739723703.5631306,125,-25,-75
1739723703.6091306,11,32,28
1739723703.6541307,-33,48,-2
1739723703.7001307,-34,-5,50
1739723703.7461307,-12,-23,-23
1739723703.7911308,-119,96,12
1739723703.8371308,-14,38,66
1739723703.8831308,-73,8,-74
1739723703.9291308,-22,38,-59
1739723703.9741306,-33,68,-113
1739723704.0201306,-35,-108,66
1739723704.0661306,71,-16,-53
1739723704.1111307,-5,17,-55
1739723704.1571307,61,10,1
1739723704.2031307,-19,-34,-2
1739723704.2491307,32,27,-71
1739723704.2941308,1,-55,-29
1739723704.3401306,-67,-12,68
1739723704.3861306,24,-11,-19
1739723704.4311306,21,41,-3
1739723704.477131,5,-20,21
1739723704.523131,8,-53,-27
1739723704.569131,31,0,-33
1739723704.6141307,-71,44,14
1739723704.6601307,53,-27,47
1739723704.7061307,4,76,-45
1739723704.7511306,0,60,-143
1739723704.7971306,73,0,-67
1739723704.8431306,42,29,-77
1739723704.8891306,-15,-71,-32
1739723704.934131,38,-33,7
1739723704.980131,-29,4,88
1739723705.0311308,-86,-55,-92
1739723705.0771308,-54,3,-86
1739723705.1231308,7,-32,-83
1739723705.1691308,37,74,-79
1739723705.2141306,18,21,-73
1739723705.2601306,8,-40,-39
1739723705.3061306,4,55,-71
1739723705.3511307,0,-57,8
1739723705.3971307,-16,35,-63
1739723705.4431307,-24,-49,8
1739723705.4891307,-44,-52,-26
1739723705.5341306,-13,26,-49
1739723705.5801306,6,65,-21
1739723705.6261306,34,18,-73
1739723705.671131,18,33,13
1739723705.717131,-51,-45,-86
1739723705.763131,-29,67,-57
1739723705.809131,-57,35,-2
1739723705.8541307,26,21,-45
1739723705.9001307,3,1,-45
1739723705.9461308,82,51,-217
1739723705.9911306,-33,33,-4
1739723706.0371306,-8,23,-87
1739723706.0831306,-57,-14,-104
1739723706.1291306,-20,23,-93
1739723706.174131,30,-5,1
1739723706.2201307,27,-13,-25
1739723706.2661307,-16,-24,52
1739723706.3111308,-37,32,16
1739723706.3571308,-23,42,-111
1739723706.4031308,37,-15,-73
1739723706.4491308,49,101,-13
1739723706.4941306,-108,-42,-11
1739723706.5401306,-54,-22,-27
1739723706.5851307,-6,-3,-76
1739723706.6301308,13,40,67
1739723706.6761308,72,6,-89
1739723706.7221308,-36,26,-94
1739723706.7671306,-18,25,-54
1739723706.8131306,31,23,24
1739723706.8591306,7,2,-74
1739723706.9051306,-52,63,-55
1739723706.9501307,44,33,-38
1739723706.9961307,-8,-1,-164
1739723707.0421307,74,4,24
1739723707.0871308,0,0,21
1739723707.1331308,58,2,-78
1739723707.1791308,38,-4,62
1739723707.2251308,-46,-50,-67
1739723707.2701306,-47,6,39
1739723707.3161306,-19,41,-68
1739723707.3621306,21,-22,-56
1739723707.4071307,-118,18,23
1739723707.4531307,-60,-8,-10
1739723707.4991307,13,-47,97
1739723707.5451307,42,7,-124
1739723707.5901306,-44,33,-23
1739723707.6361306,-27,12,15
1739723707.6821306,79,43,-58
1739723707.727131,-62,-80,-98
1739723707.773131,-46,25,-55
1739723707.819131,7,37,-82
1739723707.865131,-13,42,-98
1739723707.9101307,7,16,-54
1739723707.9561307,-27,-6,-96
1739723708.0021307,10,-27,32
1739723708.0471306,7,-26,-66
1739723708.0931306,63,3,4
1739723708.1391306,87,75,-8
1739723708.1851306,-64,-29,-20
1739723708.230131,-52,22,-85
1739723708.276131,-12,40,-81
1739723708.322131,11,-1,81
1739723708.3671308,7,23,-7
1739723708.4131308,51,18,-38
1739723708.4591308,50,-2,-118
1739723708.5051308,31,-44,-60
1739723708.5501306,-24,18,35
1739723708.5961306,-66,9,-91
1739723708.6421306,-30,-16,-46
1739723708.6871307,26,-33,0
1739723708.7331307,71,116,-123
1739723708.7791307,-39,-37,-64
1739723708.8251307,66,-29,-14
1739723708.8701308,-74,10,29
1739723708.9161308,-79,-6,143
1739723708.9621308,14,28,-82
1739723709.0071306,-2,-35,53
1739723709.0531306,16,23,34
1739723709.0991306,34,-3,-28
1739723709.1451306,-59,-13,-27
1739723709.1901307,-22,-58,-26
1739723709.2361307,0,36,-108
1739723709.2821307,31,43,-62
1739723709.3271308,-80,7,33
1739723709.3731308,62,-13,-30
1739723709.4191308,-30,-18,-13
1739723709.4651306,35,34,31
1739723709.5101306,17,-32,-114
1739723709.5561306,-33,-36,31
1739723709.602131,102,80,-173
1739723709.6471307,-1,44,-73
1739723709.6931307,11,-17,-86
1739723709.7391307,0,-27,54
1739723709.7851307,-41,39,-11
1739723709.8301306,-67,-8,-128
1739723709.8761306,2,-7,0
1739723709.9221306,38,-25,8
1739723709.967131,-16,-30,64
1739723710.013131,43,-68,-54
1739723710.059131,27,-43,-70
1739723710.105131,-33,36,-67
1739723710.1501307,-48,68,-17
1739723710.1961308,3,-18,2
1739723710.2421308,-72,-55,-102
1739723710.2871306,7,-51,-18
1739723710.3331306,-35,-34,48
1739723710.3791306,-65,-21,-102
1739723710.424131,11,45,-135
1739723710.4701307,49,19,-57
1739723710.5161307,59,31,-17
1739723710.5621307,-5,-49,-40
1739723710.6071308,-39,35,-130
1739723710.6531308,5,-77,26
1739723710.6991308,58,-74,-8
1739723710.7441306,-7,24,65
1739723710.7901306,-30,18,-6
1739723710.8361306,18,75,-27
1739723710.8821306,-10,-34,-4
1739723710.9271307,15,-67,28
1739723710.9731307,-39,-36,82
1739723711.0191307,23,31,11
1739723711.0641308,-50,-45,56
1739723711.1101308,7,35,-55
1739723711.1561308,-31,-24,86
1739723711.2021308,-42,29,53
1739723711.2471306,-50,30,53
1739723711.2931306,20,-26,-152
1739723711.3391306,2,19,-27
1739723711.3841307,-32,57,-63
1739723711.4301307,-22,42,-63
1739723711.4761307,-7,-1,-122
1739723711.5221307,-35,-6,-122
1739723711.5671306,-17,2,-52
1739723711.6131306,1,-6,-30
1739723711.6591306,-22,23,11
1739723711.7041306,-4,-3,55
1739723711.750131,91,37,11
1739723711.796131,17,-15,-138
1739723711.842131,-52,-29,28
1739723711.8871307,121,49,-26
1739723711.9331307,-20,52,-69
1739723711.9791307,-71,66,-85
1739723712.0241306,33,-43,-80
1739723712.0701306,2,-21,-2
1739723712.1161306,-36,31,-72
1739723712.1621306,35,-3,-18
1739723712.207131,-8,15,-33
1739723712.253131,63,-31,-38
1739723712.299131,57,-56,-38
1739723712.3441308,19,-119,-46
1739723712.3901308,-59,39,-7
1739723712.4361308,-55,41,-47
1739723712.4821308,-51,14,-97
1739723712.5271306,59,14,-127
1739723712.5731306,-10,26,-21
1739723712.6191306,4,-58,-50
1739723712.6641307,68,88,-143
1739723712.7101307,18,65,-83
1739723712.7561307,121,-48,-100
1739723712.8021307,25,33,-27
1739723712.8471308,-49,-6,77
1739723712.8931308,-5,-19,-200
1739723712.9391308,10,40,-24
1739723712.9841306,-52,0,-126
1739723713.0301306,11,40,48
1739723713.0761306,36,71,116
1739723713.1221306,-37,28,-165
1739723713.1671307,-38,24,-49
1739723713.2131307,55,-4,-82
1739723713.2591307,-26,28,35
1739723713.3041308,6,-12,-20
1739723713.3501308,3,39,15
1739723713.3961308,53,-4,-34
1739723713.4421306,-60,60,-87
1739723713.4871306,35,-6,-88
1739723713.5331306,94,-40,-18
1739723713.5791306,60,-1,-16
1739723713.6241307,73,55,5
1739723713.6701307,-37,10,-173
1739723713.7161307,54,23,28
1739723713.7621307,102,68,-83
1739723713.8071306,19,45,-128
1739723713.8531306,-28,-8,6
1739723713.8991306,71,6,-19
1739723713.944131,-94,75,30
1739723713.990131,-16,16,66
1739723714.036131,-21,50,-81
1739723714.082131,-27,24,-22
1739723714.1271307,-12,-2,-49
1739723714.1731308,-32,49,-47
1739723714.2191308,-7,53,4
1739723714.2641306,-10,21,4
1739723714.3101306,-32,57,-16
1739723714.3561306,-32,5,-29
1739723714.4021306,-68,49,-82
1739723714.447131,0,3,-91
1739723714.4931307,-71,-46,-137
1739723714.5391307,-47,27,-124
1739723714.5841308,57,-95,15
1739723714.6301308,14,62,-10
1739723714.6761308,-6,-8,-45
1739723714.7221308,-25,30,-181
1739723714.7671306,36,12,-107
1739723714.8131306,69,17,-15
1739723714.8591306,56,78,-31
1739723714.9041307,-8,66,-141
1739723714.9501307,-17,-52,60
1739723714.9961307,94,9,-193
1739723715.0471306,-30,15,-71
1739723715.0931306,20,2,-71
1739723715.1391306,-19,-5,-107
1739723715.184131,85,0,4
1739723715.230131,24,-42,-53
1739723715.276131,-90,12,-63
1739723715.322131,-48,10,-87
1739723715.3671308,-43,30,-53
1739723715.4131308,-86,-7,-92
1739723715.4591308,18,5,-27
1739723715.5041306,-30,98,45
1739723715.5501306,45,88,1
1739723715.5961306,-20,0,-83
1739723715.6421306,-33,-57,-30
1739723715.6871307,-69,35,-67
1739723715.7331307,-2,-2,-13
1739723715.7791307,-52,16,-61
1739723715.8241308,8,-19,-41
1739723715.8701308,0,-19,-97
1739723715.9161308,18,-17,-53
1739723715.9621308,-67,31,4
1739723716.0071306,61,-53,-11
1739723716.0531306,41,45,52
1739723716.0991306,-34,-2,-193
1739723716.1441307,-28,65,-99
1739723716.1901307,46,35,4
1739723716.2361307,-54,49,72
1739723716.2821307,75,16,86
1739723716.3271308,10,51,-57
1739723716.3731308,6,104,-63
1739723716.4191308,-28,26,-121
1739723716.4641306,-60,0,48
1739723716.5101306,-1,-32,-129
1739723716.5561306,-21,-6,-43
1739723716.602131,-34,-10,-79
1739723716.6471307,35,-105,52
1739723716.6931307,-8,25,-25
1739723716.7391307,27,-38,-95
1739723716.7841306,-9,56,51
1739723716.8301306,-53,35,-59
1739723716.8761306,-7,3,-21
1739723716.9221306,5,-84,-62
1739723716.967131,-3,-24,-40
1739723717.013131,-71,-32,-32
1739723717.059131,6,-4,-7
1739723717.1041307,5,-20,-67
1739723717.1501307,30,-28,-19
1739723717.1961308,2,15,-71
1739723717.2421308,-41,1,-91
1739723717.2871306,9,42,-19
1739723717.3331306,-22,2,-10
1739723717.3791306,-16,67,-96
1739723717.424131,-3,39,-81
1739723717.4701307,-98,44,-116
1739723717.5161307,26,46,-157
1739723717.5621307,-28,-53,-91
1739723717.6071308,35,-12,-83
1739723717.6531308,13,24,19
1739723717.6991308,-76,-7,-100
1739723717.7441306,-73,8,-16
1739723717.7901306,-15,-69,0
1739723717.8361306,-61,-66,-38
1739723717.8821306,52,-56,-137
1739723717.9271307,-24,-1,34
1739723717.9731307,-2,0,-97
1739723718.0191307,38,-6,29
1739723718.0641308,35,0,-8
1739723718.1101308,34,-32,-34
1739723718.1561308,-12,50,-59
1739723718.2021308,24,18,-26
1739723718.2471306,86,65,22
1739723718.2931306,-13,-19,-112
1739723718.3391306,-33,15,-75
1739723718.3841307,9,-16,-8
1739723718.4301307,102,-12,-36
1739723718.4761307,11,0,-62
1739723718.5221307,31,13,56
1739723718.5671306,-25,30,-66
1739723718.6131306,-87,34,-137
1739723718.6591306,-15,-57,-74
1739723718.7041306,73,-43,-88
1739723718.750131,-16,12,-33
1739723718.796131,-58,2,-33
1739723718.842131,5,1,-126
1739723718.8871307,-26,-27,0
1739723718.9331307,3,-72,-124
1739723718.9791307,-24,-27,1
1739723719.0241306,22,55,70
1739723719.0701306,20,-28,-24
1739723719.1161306,-45,4,-17
1739723719.1621306,15,3,-72
1739723719.207131,-25,8,-51
1739723719.253131,-16,29,-67
1739723719.299131,37,-6,-124
1739723719.3441308,-100,-53,-29
1739723719.3901308,34,10,-62
1739723719.4361308,11,24,-46
1739723719.4821308,48,61,-82
1739723719.5271306,-28,26,29
1739723719.5731306,-38,60,33
1739723719.6191306,-27,-18,-27
1739723719.6641307,83,51,-22
1739723719.7101307,62,20,-156
1739723719.7561307,54,43,-154
1739723719.8021307,-63,44,71
1739723719.8471308,56,13,-58
1739723719.8931308,-62,8,-53
1739723719.9391308,31,-26,-142
1739723719.9841306,-20,-42,-132
1739723720.0301306,-8,-15,-84
1739723720.0761306,102,-33,32
1739723720.1221306,-88,13,-41
1739723720.1671307,36,-10,-36
1739723720.2131307,22,28,-40
1739723720.2591307,4,25,-72
1739723720.3041308,29,5,-102
1739723720.3501308,23,44,1
1739723720.3961308,16,3,-62
1739723720.4421306,40,25,-98
1739723720.4871306,4,27,31
1739723720.5331306,-59,64,-109
1739723720.5791306,-13,-49,-92
1739723720.6241307,-14,28,-113
1739723720.6701307,-15,61,-23
1739723720.7161307,-13,-15,-110
1739723720.7611306,9,-39,-44
1739723720.8071306,-3,63,-89
1739723720.8531306,63,-43,14
1739723720.8991306,88,-39,-76
1739723720.944131,14,-25,-4
1739723720.990131,-13,24,-121
1739723721.036131,88,-4,10
1739723721.0811307,42,-32,-74
1739723721.1271307,20,16,28
1739723721.1731308,11,-29,-32
1739723721.2191308,60,57,-10
1739723721.2641306,19,-26,42
1739723721.3101306,-12,-29,-63
1739723721.3561306,32,-10,-90
1739723721.401131,-25,-5,-133
1739723721.447131,12,-15,-100
1739723721.4931307,-47,-29,19
1739723721.5391307,-70,21,3
1739723721.5841308,14,-96,20
1739723721.6301308,-26,18,-85
1739723721.6761308,17,19,-148
1739723721.7211306,54,52,-84
1739723721.7671306,-18,19,-81
1739723721.8131306,-48,19,-7
1739723721.8591306,31,110,-86
1739723721.9041307,46,-1,8
1739723721.9501307,2,-9,34
1739723721.9961307,-34,-19,-11
1739723722.0411308,-24,-59,58
1739723722.0871308,-28,16,-105
1739723722.1331308,-59,4,-119
1739723722.1791308,-39,-37,-113
1739723722.2241306,31,31,16
1739723722.2701306,-38,18,-167
1739723722.3161306,-9,25,13
1739723722.3611307,19,31,14
1739723722.4071307,30,15,48
1739723722.4531307,38,-15,-88
1739723722.4991307,-17,-34,25
1739723722.5441308,-40,8,-59
1739723722.5901306,37,20,-30
1739723722.6361306,24,-67,-64
1739723722.6811306,-16,51,-137
1739723722.727131,31,-14,-8
1739723722.773131,-16,45,-55
1739723722.819131,17,-13,-166
1739723722.8641307,-21,-52,0
1739723722.9101307,34,12,28
1739723722.9561307,-25,-2,-49
1739723723.0011306,9,0,-50
1739723723.0471306,5,-9,-56
1739723723.0931306,49,-51,8
1739723723.1391306,-39,44,-61
1739723723.184131,-61,46,-87
1739723723.230131,-4,-63,-35
1739723723.276131,-6,0,-174
1739723723.3211308,-33,19,-17
1739723723.3671308,7,25,-32
1739723723.4131308,-49,30,-53
1739723723.4591308,23,-24,-64
1739723723.5041306,40,15,174
1739723723.5501306,-25,-27,-41
1739723723.5961306,82,19,-142
1739723723.6411307,-75,18,-15
1739723723.6871307,-23,-3,-9
1739723723.7331307,-87,-49,-9
1739723723.7791307,82,-1,-42
1739723723.8241308,61,-33,-28
1739723723.8701308,-48,6,-71
1739723723.9161308,14,88,-131
1739723723.9611306,48,-49,-94
1739723724.0071306,1,-5,-8
1739723724.0531306,60,61,-36
1739723724.0991306,3,-3,-58
1739723724.1441307,38,-13,-58
1739723724.1901307,29,-5,-44
1739723724.2361307,1,105,-55
1739723724.2811308,-81,-32,-69
1739723724.3271308,0,-11,-68
1739723724.3731308,4,31,-113
1739723724.4191308,-39,12,-151
1739723724.4641306,-71,17,55
1739723724.5101306,3,-17,-130
1739723724.5561306,-44,19,-95
1739723724.6011307,11,-31,-124
1739723724.6471307,-32,-7,-45
1739723724.6931307,12,-59,-116
1739723724.7391307,-34,21,-147
1739723724.7841306,-12,52,57
1739723724.8301306,-23,-17,-174
1739723724.8761306,-8,-42,-100
1739723724.921131,26,-63,-78
1739723724.967131,45,21,-102
1739723725.013131,-48,-3,-6
1739723725.0641308,-64,137,-139
1739723725.1101308,-31,25,22
1739723725.1561308,-16,18,112
1739723725.2011306,-61,11,-44
1739723725.2471306,-72,35,46
1739723725.2931306,-63,-21,-48
1739723725.3391306,-17,-81,19
1739723725.3841307,-34,-21,-36
1739723725.4301307,15,44,-101
1739723725.4761307,-2,26,-64
1739723725.5211308,-6,-50,-129
1739723725.5671306,62,48,30
1739723725.6131306,23,18,-29
1739723725.6591306,-13,22,-84
1739723725.7041306,30,-13,-61
1739723725.750131,3,0,-71
1739723725.796131,68,-11,5
1739723725.8411307,-59,4,56
1739723725.8871307,-77,52,32
1739723725.9331307,36,-14,-11
1739723725.9791307,27,84,-84
1739723726.0241306,-71,-58,2
1739723726.0701306,71,41,-85
1739723726.1161306,11,36,18
1739723726.161131,37,-6,-87
1739723726.207131,43,17,-11
1739723726.253131,5,23,-40
1739723726.299131,15,9,-23
1739723726.3441308,-42,8,-68
1739723726.3901308,20,12,-41
1739723726.4361308,43,-46,-5
1739723726.4811306,21,-40,-107
1739723726.5271306,0,26,-103
1739723726.5731306,-44,-46,-135
1739723726.6191306,-103,40,-168
1739723726.6641307,-87,-43,-131
1739723726.7101307,77,26,-77
1739723726.7561307,-30,17,38
1739723726.8011308,44,-38,57
1739723726.8471308,5,9,12
1739723726.8931308,-36,-43,108
1739723726.9391308,21,-14,3
1739723726.9841306,-44,-46,-91
1739723727.0301306,-7,96,-68
1739723727.0761306,6,61,-32
1739723727.1211307,11,-57,-25
1739723727.1671307,81,39,63
1739723727.2131307,5,-44,-227
1739723727.2591307,-53,24,-64
1739723727.3041308,34,77,6
1739723727.3501308,17,-17,92
1739723727.3961308,2,21,-30
1739723727.4411306,39,22,-57
1739723727.4871306,-1,71,-16
1739723727.5331306,9,-65,-33
1739723727.5791306,-120,27,-114
1739723727.6241307,-68,-6,-62
1739723727.6701307,43,-70,45
1739723727.7161307,-107,55,88
1739723727.7611306,3,0,-65
1739723727.8071306,64,46,-21
1739723727.8531306,-26,-47,-53
1739723727.8991306,-47,13,-94
1739723727.944131,51,68,74
1739723727.990131,89,-23,-77
1739723728.036131,38,109,-85
1739723728.0811307,-20,-9,-31
1739723728.1271307,10,24,-47
1739723728.1731308,-65,20,52
1739723728.2191308,39,1,-37
1739723728.2641306,-30,39,-97
1739723728.3101306,115,-37,23
1739723728.3561306,-9,50,-52
1739723728.401131,-13,46,-10
1739723728.447131,10,-59,-53
1739723728.4931307,11,44,2
1739723728.5391307,4,-9,-67
1739723728.5841308,12,2,1
1739723728.6301308,44,-16,-97
1739723728.6761308,38,0,-13
1739723728.7211306,29,31,-2
1739723728.7671306,-95,79,-40
1739723728.8131306,-68,35,98
1739723728.8591306,-7,-30,-89
1739723728.9041307,18,13,-61
1739723728.9501307,-41,-2,-96
1739723728.9961307,-29,65,-106
1739723729.0411308,-8,3,78
1739723729.0871308,32,-14,-95
1739723729.1331308,-60,-35,-24
1739723729.1791308,-44,7,-64
1739723729.2241306,5,-26,-105
1739723729.2701306,34,-26,-77
1739723729.3161306,-36,19,52
1739723729.3611307,-44,-44,-30
1739723729.4071307,39,-9,-59
1739723729.4531307,77,5,-63
1739723729.4991307,19,-30,0
1739723729.5441308,30,88,-28
1739723729.5901306,45,17,-33
1739723729.6361306,-22,15,-42
1739723729.6811306,-12,14,48
1739723729.727131,59,-32,-163
1739723729.773131,0,20,-71
1739723729.819131,-29,-24,142
1739723729.8641307,1,-17,42
1739723729.9101307,-4,-6,0
1739723729.9561307,41,29,31
1739723730.0011306,-23,36,-70
1739723730.0471306,-79,14,-10
1739723730.0931306,-49,58,-116
1739723730.1391306,60,-28,-125
1739723730.184131,-34,60,-146
1739723730.230131,12,46,-51
1739723730.276131,36,8,35
1739723730.3211308,90,1,19
1739723730.3671308,-1,-16,-137
1739723730.4131308,77,14,5
1739723730.4591308,-5,39,-63
1739723730.5041306,17,-24,-19
1739723730.5501306,37,6,-1
1739723730.5961306,19,-83,-13
1739723730.6411307,35,6,-83
1739723730.6871307,-10,-76,-33
1739723730.7331307,99,12,79
1739723730.7781308,-42,-81,143
1739723730.8241308,-5,12,-167
1739723730.8701308,16,-25,23
1739723730.9161308,-48,21,38
1739723730.9611306,15,21,-26
1739723731.0071306,25,30,-22
1739723731.0531306,47,43,16
1739723731.0981307,8,16,-67
1739723731.1441307,0,-69,-119
1739723731.1901307,-1,-6,-89
1739723731.2361307,-61,15,-40
1739723731.2811308,-30,-46,-91
1739723731.3271308,30,-11,-105
1739723731.3731308,-12,-21,-57
1739723731.4181306,-3,61,-97
1739723731.4641306,2,-46,-45
1739723731.5101306,15,19,24
1739723731.5561306,49,-108,-7
1739723731.6011307,99,36,-39
1739723731.6471307,12,40,8
1739723731.6931307,36,-12,-49
1739723731.7381306,33,-6,-111
1739723731.7841306,25,10,-53
1739723731.8301306,16,-7,-21
1739723731.8761306,-19,23,-48
1739723731.921131,-51,-35,-41
1739723731.967131,-55,-24,-81
1739723732.013131,-29,53,-34
1739723732.0581307,75,42,-18
1739723732.1041307,-37,-15,51
1739723732.1501307,-7,-38,3
1739723732.1961308,-90,-16,-103
1739723732.2411306,11,-2,17
1739723732.2871306,-114,62,2
1739723732.3331306,111,-85,-81
1739723732.378131,-46,19,-22
1739723732.424131,-47,27,-124
1739723732.4701307,52,22,74
1739723732.5161307,35,-6,-15
1739723732.5611308,19,23,-63
1739723732.6071308,15,-3,-77
1739723732.6531308,-24,56,-124
1739723732.697131,10,28,-56
1739723732.7431307,36,14,-32
1739723732.7891307,-17,-50,47
1739723732.8341308,-27,-51,31
1739723732.8801308,-3,-36,-109
1739723732.9261308,-21,9,-36
1739723732.9721308,76,62,-60
1739723733.0171306,-72,49,58
1739723733.0631306,40,102,-4
1739723733.1091306,-13,-65,-79
1739723733.1541307,-36,-7,-55
1739723733.2001307,-51,-13,66
1739723733.2461307,0,-4,-51
1739723733.2921307,73,4,-143
1739723733.3371308,45,-18,-101
1739723733.3831308,-44,9,-74
1739723733.4291308,40,1,-191
1739723733.4741306,-24,-9,-29
1739723733.5201306,5,-80,29
1739723733.5661306,2,-15,54
1739723733.6121306,-14,38,-42
1739723733.6571307,59,12,27
1739723733.7031307,2,-41,-77
1739723733.7491307,33,-22,-27
1739723733.7941308,51,-15,-9
1739723733.8401306,10,18,-17
1739723733.8861306,1,7,-53
1739723733.9321306,30,-38,43
1739723733.977131,77,-19,55
1739723734.023131,-29,-79,-85
1739723734.069131,34,2,17
1739723734.1141307,101,66,-11
1739723734.1601307,-6,57,-64
1739723734.2061307,-14,-22,-41
1739723734.2521307,-26,-1,30
1739723734.2971306,-15,26,-63
1739723734.3431306,43,-4,-13
1739723734.3891306,14,1,40
1739723734.434131,-34,60,-40
1739723734.480131,-56,7,-4
1739723734.526131,27,5,96
1739723734.572131,-50,-55,-95
1739723734.6171308,-64,5,-74
1739723734.6631308,135,73,13
1739723734.7091308,-102,-39,-20
1739723734.7541306,-3,0,0
1739723734.8001306,0,-15,-55
1739723734.8461306,70,-40,-87
1739723734.8921306,17,5,70
1739723734.9371307,-28,28,18
1739723734.9831307,-12,-7,-151
1739723735.0291307,-40,-29,-77
1739723735.0801306,-103,54,-108
1739723735.1261306,43,29,-75
1739723735.1721306,-72,6,-4
1739723735.217131,-30,-4,-32
1739723735.263131,10,67,24
1739723735.309131,-42,6,44
1739723735.3541307,0,50,2
1739723735.4001307,-44,4,-118
1739723735.4461308,-59,15,-52
1739723735.4921308,2,29,-119
1739723735.5371306,12,-6,-76
1739723735.5831306,-55,71,-73
1739723735.6291306,69,-42,-74
1739723735.674131,-11,1,-25
1739723735.7201307,-89,-51,57
1739723735.7661307,43,-36,0
1739723735.8121307,46,4,-52
1739723735.8571308,-71,86,-7
1739723735.9031308,-33,-34,-105
1739723735.9491308,7,-46,-34
1739723735.9941306,0,22,49
1739723736.0401306,4,0,-40
1739723736.0861306,8,-30,-64
1739723736.1321306,-40,-26,17
1739723736.1771307,-10,-29,-70
1739723736.2231307,19,-46,-46
1739723736.2691307,-26,36,-103
1739723736.3141308,-9,15,-37
1739723736.3601308,23,-12,22
1739723736.4061308,60,-18,-48
1739723736.4521308,-30,-75,-47
1739723736.4971306,77,-65,-40
1739723736.5431306,-43,6,27
1739723736.5891306,-28,6,-15
1739723736.6341307,-53,81,47
1739723736.6801307,48,0,-22
1739723736.7261307,-55,-8,-53
1739723736.7721307,-7,74,-69
1739723736.8171306,-16,71,45
1739723736.8631306,31,11,64
1739723736.9091306,-36,36,-27
1739723736.9541306,-56,59,11
1739723737.000131,9,55,-24
1739723737.046131,-57,-6,-19
1739723737.092131,4,41,71
1739723737.1371307,-10,48,-39
1739723737.1831307,-26,-45,-70
1739723737.2291307,7,-32,38
1739723737.2741306,7,21,31
1739723737.3201306,39,-7,16
1739723737.3661306,52,-13,90
1739723737.4121306,-66,7,-127
1739723737.457131,14,-13,-154
1739723737.5041306,-15,34,-5
1739723737.5501306,-18,67,-49
1739723737.5961306,43,-32,-152
1739723737.6411307,11,46,-23
1739723737.6871307,-70,8,-139
1739723737.7331307,-14,-8,-1
1739723737.7781308,46,-105,34
1739723737.8241308,24,-49,-70
1739723737.8701308,0,-2,0
1739723737.9161308,-22,5,-91
1739723737.9611306,35,93,-23
1739723738.0071306,23,36,-28
1739723738.0531306,-9,13,5
1739723738.0981307,-129,19,-71
1739723738.1441307,-8,-23,-112
1739723738.1901307,-30,29,0
1739723738.2361307,0,4,35
1739723738.2811308,14,11,-52
1739723738.3271308,-84,-52,-25
1739723738.3731308,-70,-18,-115
1739723738.4181306,-73,2,3
1739723738.4641306,86,73,-156
1739723738.5101306,61,-10,36
1739723738.5561306,-13,-13,-9
1739723738.6011307,-17,-24,-80
1739723738.6471307,-7,-72,6
1739723738.6931307,-100,6,33
1739723738.7381306,7,-12,26
1739723738.7841306,-20,21,-31
1739723738.8301306,-16,-40,-5
1739723738.8761306,10,6,-138
1739723738.921131,-12,-3,-106
1739723738.967131,-36,-23,-35
1739723739.013131,-3,-6,-94
1739723739.0581307,0,-29,25
1739723739.1041307,-9,21,-3
1739723739.1501307,50,32,-204
1739723739.1961308,24,-67,-10
1739723739.2411306,101,-31,-60
1739723739.2871306,17,-24,-114
1739723739.3331306,-13,2,1
1739723739.378131,5,88,-106
1739723739.424131,57,11,-36
1739723739.4701307,19,-89,-132
1739723739.5161307,30,7,-76
1739723739.5611308,1,-59,-13
1739723739.6071308,-16,37,-34
1739723739.6531308,19,37,-48
1739723739.6981306,16,-2,-76
1739723739.7441306,-21,29,-94
1739723739.7901306,-26,-29,-83
1739723739.8361306,-37,7,-140
1739723739.8811307,-55,10,-47
1739723739.9271307,-27,-16,-115
1739723739.9731307,-51,-3,-21
1739723740.0181308,-41,-34,-69
1739723740.0641308,11,18,-54
1739723740.1101308,21,-24,-60
1739723740.1561308,3,5,-120
1739723740.2011306,6,-14,27
1739723740.2471306,43,-15,-90
1739723740.2931306,-65,-33,3
1739723740.3381307,33,-1,52
1739723740.3841307,-78,69,-45
1739723740.4301307,20,19,2
1739723740.4761307,8,-6,-36
1739723740.5211308,-6,-30,49
1739723740.5671306,1,9,-82
1739723740.6131306,13,-21,-58
1739723740.6581306,-24,50,-81
1739723740.7041306,37,8,56
1739723740.750131,4,13,-48
1739723740.7951307,-67,-51,-59
1739723740.8411307,61,-7,-98
1739723740.8871307,-8,31,-79
1739723740.9331307,-4,6,-98
1739723740.9781306,66,-2,-14
1739723741.0241306,29,-17,8
1739723741.0701306,21,57,-81
1739723741.115131,71,31,-92
1739723741.161131,27,34,-82
1739723741.207131,94,-14,32
1739723741.253131,-10,-104,-56
1739723741.2981308,-71,0,-73
1739723741.3441308,36,0,-48
1739723741.3901308,-18,-60,-2
1739723741.4351306,2,15,13
1739723741.4811306,15,-27,-62
1739723741.5271306,78,50,62
1739723741.5731306,-30,-4,65
1739723741.6181307,-74,11,-69
1739723741.6641307,-43,-50,-44
1739723741.7101307,-22,44,-7
1739723741.7551308,32,29,-75
1739723741.8011308,-69,3,1
1739723741.8471308,20,-8,-60
1739723741.8931308,-2,4,-33
1739723741.9381306,-64,74,-123
1739723741.9841306,-5,-14,-26
1739723742.0301306,13,6,-100
1739723742.0751307,66,88,-55
1739723742.1211307,-48,-33,48
1739723742.1671307,-90,46,6
1739723742.2131307,65,5,53
1739723742.2581308,82,11,-75
1739723742.3041308,-58,78,-42
1739723742.3501308,-12,40,-73
1739723742.3951306,52,26,-22
1739723742.4411306,68,51,14
1739723742.4871306,-16,4,-13
1739723742.5331306,-1,-9,0
1739723742.5781307,-36,15,-33
1739723742.6241307,-41,83,-23
1739723742.6701307,21,37,24
1739723742.7151306,27,-25,-131
1739723742.7611306,-41,73,-6
1739723742.8071306,4,39,12
1739723742.8531306,7,25,-59
1739723742.898131,-47,35,-169
1739723742.944131,-40,0,64
1739723742.990131,4,25,-7
1739723743.0351307,-7,55,-81
1739723743.0811307,66,-10,-33
1739723743.1271307,-84,-32,-16
1739723743.1731308,44,21,37
1739723743.2181306,10,22,70
1739723743.2641306,-55,49,-42
1739723743.3101306,9,-22,9
1739723743.355131,-54,-36,-179
1739723743.401131,24,6,-115
1739723743.447131,-9,40,-6
1739723743.4931307,74,28,-55
1739723743.5381308,-16,-38,-83
1739723743.5841308,-17,-18,84
1739723743.6301308,-87,58,0
1739723743.6751306,-73,48,-68
1739723743.7211306,67,33,-33
1739723743.7671306,36,-5,-49
1739723743.8131306,-23,-21,-48
1739723743.8581307,35,-22,-17
1739723743.9041307,-39,34,-52
1739723743.9501307,14,60,68
1739723743.9951308,76,32,1
1739723744.0411308,-21,-32,-93
1739723744.0871308,20,21,35
1739723744.1331308,-4,89,4
1739723744.1781306,-13,-21,-141
1739723744.2241306,-31,-22,-155
1739723744.2701306,4,-82,-99
1739723744.3151307,-54,16,-85
1739723744.3611307,13,-37,-153
1739723744.4071307,-15,-22,-93
1739723744.4531307,2,15,-59
1739723744.4981308,-44,61,-18
1739723744.5441308,-8,64,116
1739723744.5901306,-17,2,-41
1739723744.6351306,14,44,-105
1739723744.6811306,-25,12,-95
1739723744.727131,32,49,-95
1739723744.773131,1,-13,-49
1739723744.8181307,-17,26,-26
1739723744.8641307,24,0,-87
1739723744.9101307,7,25,-103
1739723744.9551306,-14,-106,17
1739723745.0011306,58,-16,-89
1739723745.0471306,24,-1,-85
1739723745.0981307,-8,-46,-31
1739723745.1441307,48,-91,77
1739723745.1901307,-44,31,38
1739723745.2351308,50,12,-5
1739723745.2811308,63,30,-43
1739723745.3271308,-35,-27,26
1739723745.3731308,-27,12,42
1739723745.4181306,-73,110,-28
1739723745.4641306,-4,-22,52
1739723745.5101306,-9,23,72
1739723745.5551307,80,21,-115
1739723745.6011307,26,14,3
1739723745.6471307,35,-5,-95
1739723745.6931307,42,1,-125
1739723745.7381306,-30,-42,-29
1739723745.7841306,-22,-60,-57
1739723745.8301306,-5,-18,-19
1739723745.875131,-5,-2,60
1739723745.921131,-17,-71,100
1739723745.967131,-12,36,-115
1739723746.013131,1,-47,-19
1739723746.0581307,11,-77,-165
1739723746.1041307,-93,61,60
1739723746.1501307,22,-76,-17
1739723746.1951306,4,-8,-51
1739723746.2411306,-56,11,7
1739723746.2871306,78,0,-37
1739723746.3331306,4,-22,64
1739723746.378131,-49,-30,16
1739723746.424131,69,23,-71
1739723746.4701307,-73,31,-105
1739723746.5151308,-56,79,76
1739723746.5611308,-15,6,6
1739723746.6071308,-19,-86,14
1739723746.6531308,96,39,59
1739723746.6981306,-44,61,132
1739723746.7441306,62,4,35
1739723746.7901306,10,18,-47
1739723746.8351307,-27,4,-75
1739723746.8811307,-49,-5,-18
1739723746.9271307,12,-67,-24
1739723746.9731307,65,-29,33
1739723747.0181308,13,12,-91
1739723747.0641308,72,67,-83
1739723747.1101308,-22,9,-41
1739723747.1551306,0,24,-87
1739723747.2011306,16,-46,-109
1739723747.2471306,64,30,47
1739723747.2931306,14,21,-77
1739723747.3381307,-27,-43,-54
1739723747.3841307,-22,21,-111
1739723747.4301307,57,47,-69
1739723747.4751308,27,54,-55
1739723747.5211308,5,47,-107
1739723747.5671306,25,-1,120
1739723747.6131306,-39,85,4
1739723747.6581306,-32,13,-102
1739723747.7041306,-28,24,-30
1739723747.750131,29,-21,-55
1739723747.7951307,6,-26,-47
1739723747.8411307,87,-67,-95
1739723747.8871307,-80,-20,42
1739723747.9331307,36,59,-43
1739723747.9781306,9,18,-45
1739723748.0241306,39,26,-123
1739723748.0701306,-32,37,-10
1739723748.115131,1,-11,-127
1739723748.161131,12,36,-55
1739723748.207131,4,27,76
1739723748.253131,-23,44,-84
1739723748.2981308,-6,51,-23
1739723748.3441308,-81,-18,28
1739723748.3901308,-21,-58,-36
1739723748.4351306,2,-5,-79
1739723748.4811306,-54,16,4
1739723748.5271306,-21,57,-43
1739723748.5731306,-20,128,13
1739723748.6181307,12,24,-29
1739723748.6631308,-13,-35,-52
1739723748.7091308,-15,-10,-95
1739723748.7541306,-39,-8,-74
1739723748.8001306,-17,-18,-84
1739723748.8461306,-51,48,-64
1739723748.8911307,108,51,-101
1739723748.9371307,-13,-37,48
1739723748.9831307,-5,-36,30
1739723749.0291307,8,22,90
1739723749.0741308,66,-45,-103
1739723749.1201308,-14,20,2
1739723749.1661308,-12,-29,-113
1739723749.2111306,-8,13,-11
1739723749.2571306,86,53,-19
1739723749.3031306,31,25,-127
1739723749.3491306,70,-7,-55
1739723749.3941307,9,-8,-19
1739723749.4401307,-14,22,-97
1739723749.4861307,4,-32,6
1739723749.5311308,21,-77,-103
1739723749.5771308,-25,3,62
1739723749.6231308,-15,30,-85
1739723749.6691308,62,2,9
1739723749.7141306,15,-35,-135
1739723749.7601306,-41,55,-81
1739723749.8061306,4,-78,-50
1739723749.8511307,-69,-14,-68
1739723749.8971307,-5,2,-83
1739723749.9431307,39,24,-57
1739723749.9891307,-23,-33,-6
1739723750.0341306,-61,-7,-104
1739723750.0801306,-30,-2,-22
1739723750.1261306,68,-58,-115
1739723750.171131,47,-119,-19
1739723750.217131,-16,85,32
1739723750.263131,44,5,-137
1739723750.309131,10,24,-105
1739723750.3541307,31,29,-51
1739723750.4001307,30,-7,11
1739723750.4461308,42,-56,-133
1739723750.4911306,-32,73,-27
1739723750.5371306,35,55,-85
1739723750.5831306,45,-26,15
1739723750.6291306,22,-4,-55
1739723750.674131,42,-19,15
1739723750.7201307,22,-8,110
1739723750.7661307,24,14,9
1739723750.8111308,-27,24,-4
1739723750.8571308,-23,-45,-35
1739723750.9031308,-15,-31,-113
1739723750.9481306,-15,-6,-75
1739723750.9941306,41,11,1
1739723751.0401306,-13,-49,-99
1739723751.0861306,-5,-66,8
1739723751.1311307,-5,4,-37
1739723751.1771307,-20,-27,-17
1739723751.2231307,-93,9,-162
1739723751.2681308,-5,-32,-111
1739723751.3141308,-23,-35,22
1739723751.3601308,27,-37,-44
1739723751.4061308,-23,68,14
1739723751.4511306,28,-31,-156
1739723751.4971306,-19,-20,-145
1739723751.5431306,50,87,-52
1739723751.5881307,-6,31,-4
1739723751.6341307,-27,-14,-20
1739723751.6801307,1,78,-135
1739723751.7261307,-18,4,91
1739723751.7711308,-65,24,101
1739723751.8171306,-5,-14,77
1739723751.8631306,-18,15,-1
1739723751.9081306,89,0,-60
1739723751.9541306,-22,33,-208
1739723752.000131,89,-51,-2
1739723752.046131,14,-47,30
1739723752.0911307,-40,58,45
1739723752.1371307,21,8,-20
1739723752.1831307,28,-76,-62
1739723752.2281306,52,-49,-52
1739723752.2741306,-6,39,-59
1739723752.3201306,-5,-50,-130
1739723752.3661306,28,-23,-220
1739723752.411131,-7,67,-4
1739723752.457131,9,17,-118
1739723752.503131,-39,4,-78
1739723752.5481308,27,5,-146
1739723752.5941308,-29,57,-63
1739723752.6401308,25,-11,-78
1739723752.6861308,-85,86,-146
1739723752.7311306,15,29,-114
1739723752.7771306,24,-97,35
1739723752.8231306,-14,62,-20
1739723752.8681307,83,-13,18
1739723752.9141307,-22,60,-50
1739723752.9601307,-36,-26,-41
1739723753.0061307,-31,-18,-182
1739723753.0511308,98,54,20
1739723753.0971308,6,8,-22
1739723753.1431308,-50,38,-15
1739723753.1881306,-13,1,79
1739723753.2341306,-106,28,0
1739723753.2801306,70,-24,-76
1739723753.3261306,38,-9,-36
1739723753.3711307,0,46,-10
1739723753.4171307,-59,21,-81
1739723753.4631307,-44,1,41
1739723753.5081308,70,-7,-70
1739723753.5541308,-40,87,-18
1739723753.6001308,57,23,-192
1739723753.6461308,24,34,-116
1739723753.6911306,11,-47,11
1739723753.7371306,1,38,-156
1739723753.7831306,3,-46,-31
1739723753.8281307,87,-13,-122
1739723753.8741307,68,-8,60
1739723753.9201307,55,127,84
1739723753.9661307,-44,-12,-27
1739723754.0111306,-34,-11,-105
1739723754.0571306,39,41,-26
1739723754.1031306,-112,-9,-89
1739723754.148131,8,-1,-92
1739723754.194131,-8,-58,-55
1739723754.240131,-6,37,-58
1739723754.286131,20,8,-22
1739723754.3311307,-10,-13,-65
1739723754.3771307,-7,15,24
1739723754.4231308,-54,42,7
1739723754.4681306,-38,-37,-15
1739723754.5141306,-69,-28,-43
1739723754.5601306,30,112,-116
1739723754.6061306,-15,14,-16
1739723754.651131,-121,9,-9
1739723754.697131,-7,3,-28
1739723754.7431307,-22,52,20
1739723754.7881308,-66,0,-59
1739723754.8341308,30,17,-200
1739723754.8801308,3,33,-32
1739723754.9261308,-4,12,4
1739723754.9711306,38,42,-10
1739723755.0171306,40,3,-26
1739723755.0681307,53,38,-30
1739723755.1141307,-124,108,-154
1739723755.1601307,28,-2,119
1739723755.2061307,-21,3,-90
1739723755.2511306,7,4,-14
1739723755.2971306,30,17,-66
1739723755.3431306,60,-48,-34
1739723755.388131,-33,7,-43
1739723755.434131,27,-37,-115
1739723755.480131,-104,107,-59
1739723755.5241306,52,-21,-98
1739723755.5701306,-46,-24,-41
1739723755.6161306,-17,31,-154
1739723755.6621306,-58,-40,-95
1739723755.707131,23,-12,0
1739723755.753131,10,-1,-20
1739723755.799131,-45,45,39
1739723755.8441308,16,62,62
1739723755.8901308,95,19,-90
1739723755.9361308,-26,22,-37
1739723755.9821308,-37,18,-121
1739723756.0271306,91,74,-98
1739723756.0731306,32,-16,24
1739723756.1191306,-93,-39,-109
1739723756.1641307,-86,-72,-95
1739723756.2101307,-47,21,-155
1739723756.2561307,74,-36,-20
1739723756.3021307,-75,21,51
1739723756.3471308,17,-13,52
1739723756.3931308,21,12,-20
1739723756.4391308,-17,69,-14
1739723756.4841306,-14,-12,79
1739723756.5301306,-51,8,-23
1739723756.5761306,8,-18,-136
1739723756.6221306,16,7,-96
1739723756.6671307,-13,42,-150
1739723756.7131307,-19,-22,-25
1739723756.7591307,39,-27,-72
1739723756.8041308,-39,30,33
1739723756.8501308,18,37,-106
1739723756.8961308,117,-16,-202
1739723756.9421306,-20,-78,-205
1739723756.9871306,-67,7,119
1739723757.0331306,10,50,-148
1739723757.0791306,-56,14,-97
1739723757.1241307,62,-61,2
1739723757.1701307,-69,-83,-31
1739723757.2161307,56,-17,4
1739723757.2621307,42,-9,116
1739723757.3071306,20,-3,14
1739723757.3531306,42,-7,-64
1739723757.3991306,-30,-26,-47
1739723757.444131,-30,-36,-80
1739723757.490131,45,37,-199
1739723757.536131,-2,89,-53
1739723757.582131,-9,5,-149
1739723757.6271307,-21,-36,-14
1739723757.6731308,-1,-16,128
1739723757.7191308,-4,-71,-13
1739723757.7641306,-54,-12,-42
1739723757.8101306,-34,-26,4
1739723757.8561306,12,-4,9
1739723757.9021306,62,-75,29
1739723757.947131,22,-59,-121
1739723757.9931307,60,-59,-45
1739723758.0391307,85,-40,-3
1739723758.0841308,-2,-18,-7
1739723758.1301308,-20,-74,7
1739723758.1761308,60,12,-115
1739723758.2221308,-5,27,-87
1739723758.2671306,-24,-55,-6
1739723758.3131306,-79,58,-28
1739723758.3591306,10,24,-133
1739723758.4041307,36,-6,-41
1739723758.4501307,67,52,81
1739723758.4961307,83,33,-33
1739723758.5421307,70,3,-173
1739723758.5871308,30,-32,-25
1739723758.6331308,32,15,-91
1739723758.6791308,7,-42,-95
1739723758.7241306,-24,50,-103
1739723758.7701306,-22,92,0
1739723758.8161306,-36,-15,0
1739723758.8621306,-9,40,-33
1739723758.9071307,-18,-24,-171
1739723758.9531307,-2,-22,-11
1739723758.9991307,-85,-41,16
1739723759.0441308,22,45,48
1739723759.0901306,84,3,-39
1739723759.1361306,-3,-23,-45
1739723759.1821306,17,21,82
1739723759.227131,42,-24,-21
1739723759.273131,71,0,22
1739723759.319131,39,23,-21
1739723759.3641307,0,-62,30
1739723759.4101307,-47,34,-183
1739723759.4561307,-9,4,-45
1739723759.5021307,71,0,-33
1739723759.5471306,-43,21,-49
1739723759.5931306,0,4,70
1739723759.6391306,8,56,-59
1739723759.684131,-89,7,-47
1739723759.730131,-29,19,47
1739723759.776131,-37,57,-39
1739723759.822131,25,13,-37
1739723759.8671308,-3,31,-69
1739723759.9131308,15,-12,-93
1739723759.9591308,26,43,-75
1739723760.0041306,14,-54,-28
1739723760.0501306,-27,7,-59
1739723760.0961306,-13,-9,-141
1739723760.1421306,48,-6,78
1739723760.1871307,-11,56,-109
1739723760.2331307,61,28,-55
1739723760.2791307,-31,6,48
1739723760.3241308,-31,17,-25
1739723760.3701308,-38,-52,-79
1739723760.4161308,-79,48,-99
1739723760.4621308,-68,-9,-47
1739723760.5071306,1,-42,-71
1739723760.5531306,-57,61,-55
1739723760.5991306,-21,68,-119
1739723760.6441307,33,-19,-81
1739723760.6901307,16,20,-59
1739723760.7361307,-5,31,6
1739723760.7821307,-89,0,-9
1739723760.8271308,73,57,16
1739723760.8731308,65,-20,-139
1739723760.9191308,-62,-12,-57
1739723760.9641306,-21,-6,-71
1739723761.0101306,35,25,0
1739723761.0561306,-7,40,-59
1739723761.1011307,-25,-79,-63
1739723761.1471307,-22,-16,14
1739723761.1931307,-14,60,-69
1739723761.2391307,15,-38,-69
1739723761.2841306,-103,-2,40
1739723761.3301306,78,15,3
1739723761.3761306,33,36,-33
1739723761.421131,-13,-8,-51
1739723761.467131,-40,23,31
1739723761.513131,83,-13,18
1739723761.559131,0,-56,-127
1739723761.6041307,100,27,-79
1739723761.6501307,-72,-23,58
1739723761.6961308,-37,8,31
1739723761.7411306,5,4,-37
1739723761.7871306,-36,26,-75
1739723761.8331306,26,31,-47
1739723761.8791306,-13,45,-109
1739723761.924131,71,22,-1
1739723761.9701307,74,1,-87
1739723762.0161307,-45,-94,-80
1739723762.0611308,0,39,-135
1739723762.1071308,2,-6,-27
1739723762.1531308,0,7,-183
1739723762.1991308,2,-67,-107
1739723762.2441306,113,26,-25
1739723762.2901306,31,110,-103
1739723762.3361306,-71,61,-23
1739723762.3811307,53,-20,-81
1739723762.4271307,24,14,18
1739723762.4731307,14,-36,40
1739723762.5191307,-16,58,-43
1739723762.5641308,60,-13,2
1739723762.6101308,-4,-39,70
1739723762.6561308,17,47,-83
1739723762.7011306,-65,-21,-34
1739723762.7471306,22,-51,-73
1739723762.7931306,10,89,-48
1739723762.8391306,-11,26,-4
1739723762.8841307,72,-1,-171
1739723762.9301307,90,-14,-107
1739723762.9761307,47,65,15
1739723763.0211308,16,-35,40
1739723763.0671306,-66,1,-141
1739723763.1131306,105,26,-107
1739723763.1591306,13,88,-11
1739723763.2041306,25,-3,52
1739723763.250131,22,4,-139
1739723763.296131,-44,53,36
1739723763.3411307,32,-18,-53
1739723763.3871307,-35,39,-44
1739723763.4331307,48,53,-91
1739723763.4791307,26,-19,-29
1739723763.5241306,-23,36,-135
1739723763.5701306,-11,52,-8
1739723763.6161306,-6,15,-87
1739723763.661131,133,-2,-87
1739723763.707131,-55,-63,-87
1739723763.753131,-14,-23,-113
1739723763.799131,-2,-30,11
1739723763.8441308,-11,9,-65
1739723763.8901308,-35,25,-28
1739723763.9361308,-59,45,-73
1739723763.9811306,-31,-100,-107
1739723764.0271306,88,-27,-45
1739723764.0731306,-6,-17,-57
1739723764.1191306,44,-25,110
1739723764.1641307,5,8,-79
1739723764.2101307,35,-44,-95
1739723764.2561307,20,-25,-145
1739723764.3011308,30,-1,-143
1739723764.3471308,-83,-9,-77
1739723764.3931308,4,127,-75
1739723764.4391308,33,-19,-103
1739723764.4841306,-37,-28,53
1739723764.5301306,-10,53,-53
1739723764.5761306,-60,27,0
1739723764.6211307,-14,52,-59
1739723764.6671307,-16,-54,14
1739723764.7131307,-49,-30,28
1739723764.7591307,21,-80,80
1739723764.8041308,-69,33,64
1739723764.8501308,-22,50,60
1739723764.8961308,-19,17,-31
1739723764.9411306,73,51,7
1739723764.9871306,-26,36,-34
1739723765.0331306,95,-44,-133
1739723765.0841308,-74,54,-82
1739723765.1301308,11,-35,-1
1739723765.1761308,-112,62,-22
1739723765.2211306,29,-29,55
1739723765.2671306,-2,26,-80
1739723765.3131306,-37,2,-30
1739723765.3591306,-62,-41,13
1739723765.4041307,18,13,-141
1739723765.4501307,21,-6,-93
1739723765.4961307,-3,103,38
1739723765.5411308,60,37,29
1739723765.5871308,-41,36,18
1739723765.6331308,7,-6,33
1739723765.6791308,0,-63,119
1739723765.7241306,-14,-73,-5
1739723765.7701306,34,-12,69
1739723765.8161306,0,14,-95
1739723765.8611307,-52,-19,0
1739723765.9071307,44,27,-93
1739723765.9531307,-4,-52,-125
1739723765.9991307,-27,38,-14
1739723766.0441308,44,-40,-45
1739723766.0901306,93,-33,-83
1739723766.1361306,15,-19,67
1739723766.1811306,45,-5,-3
1739723766.227131,-56,-28,26
1739723766.273131,71,19,-1
1739723766.319131,53,-6,-55
1739723766.3641307,0,-33,-163
1739723766.4101307,-5,-2,-111
1739723766.4561307,-79,-49,48
1739723766.5011306,20,2,-61
1739723766.5471306,-34,-21,-91
1739723766.5931306,4,90,-46
1739723766.6391306,25,-45,19
1739723766.684131,-4,4,92
1739723766.730131,3,11,-81
1739723766.776131,-67,42,2
1739723766.8211308,34,63,-6
1739723766.8671308,-2,42,28
1739723766.9131308,-20,31,-80
1739723766.9591308,-45,-48,-4
1739723767.0041306,33,-69,-23
1739723767.0501306,18,-22,-63
1739723767.0961306,1,30,88
1739723767.1411307,-65,-25,-112
1739723767.1871307,3,21,-47
1739723767.2331307,7,21,172
1739723767.2791307,53,-19,17
1739723767.3241308,37,-8,-83
1739723767.3701308,-115,-53,14
1739723767.4161308,87,-26,103
1739723767.4611306,41,-37,1
1739723767.5071306,7,49,-73
1739723767.5531306,16,76,3
1739723767.5991306,16,-56,-33
1739723767.6441307,-69,24,-70
1739723767.6901307,-40,-53,26
1739723767.7361307,-32,11,0
1739723767.7811308,-32,13,-54
1739723767.8271308,-5,-65,-25
1739723767.8731308,-50,50,-150
1739723767.9191308,-6,57,-141
1739723767.9641306,-47,64,-68
1739723768.0101306,-56,10,84
1739723768.0561306,-35,-41,8
1739723768.1011307,15,-43,19
1739723768.1471307,-4,37,-109
1739723768.1931307,19,3,29
1739723768.2391307,15,-23,25
1739723768.2841306,15,38,-47
1739723768.3301306,25,28,-87
1739723768.3761306,-14,-29,-73
1739723768.421131,-14,61,8
1739723768.467131,-26,-25,-34
1739723768.513131,71,-28,-17
1739723768.559131,45,-28,-97
1739723768.6041307,-66,67,-14
1739723768.6501307,79,52,11
1739723768.6961308,-26,-11,-219
1739723768.7411306,60,-46,-25
1739723768.7871306,51,2,-113
1739723768.8331306,24,-52,-45
1739723768.8791306,83,87,-135
1739723768.924131,-31,2,2
1739723768.9701307,47,37,-143
1739723769.0161307,63,8,-131
1739723769.0611308,-33,31,-12
1739723769.1071308,16,-34,-7
1739723769.1531308,21,-19,-117
1739723769.1991308,18,43,-63
1739723769.2441306,55,48,-95
1739723769.2901306,-54,-102,-135
1739723769.3361306,-30,-8,-39
1739723769.3811307,27,-71,-83
1739723769.4271307,-9,9,-47
1739723769.4731307,44,29,-75
1739723769.5191307,-107,53,-45
1739723769.5641308,22,61,-85
1739723769.6101308,-34,-89,-43
1739723769.6561308,56,2,48
1739723769.7011306,-23,-7,30
1739723769.7471306,-36,54,-101
1739723769.7931306,-27,34,-93
1739723769.8391306,43,-13,92
1739723769.8841307,-37,-32,8
1739723769.9301307,17,104,-71
1739723769.9761307,13,43,-43
1739723770.0211308,0,-42,-62
1739723770.0671306,25,67,-145
1739723770.1131306,53,75,-5
1739723770.1591306,-52,3,-115
1739723770.2041306,-22,-28,-80
1739723770.250131,7,30,-41
1739723770.296131,-28,13,-83
1739723770.3411307,7,-23,-75
1739723770.3871307,-11,41,-77
1739723770.4331307,-55,9,-187
1739723770.4791307,-47,5,-33
1739723770.5241306,91,-3,-14
1739723770.5701306,-5,14,-27
1739723770.6161306,12,59,-29
1739723770.661131,33,42,43
1739723770.707131,-15,2,-105
1739723770.753131,-20,38,7
1739723770.799131,-3,3,-3
1739723770.8441308,5,36,-169
1739723770.8901308,-53,59,-91
1739723770.9361308,34,-45,-58
1739723770.9811306,35,1,100
1739723771.0271306,30,17,23
1739723771.0731306,-15,-10,-46
1739723771.1181307,12,-59,11
1739723771.1641307,66,16,-77
1739723771.2101307,-9,-50,-139
1739723771.2561307,39,38,19
1739723771.3011308,-63,23,42
1739723771.3471308,-10,-54,-159
1739723771.3931308,36,-3,-125
1739723771.4381306,39,-18,-55
1739723771.4841306,48,105,-63
1739723771.5301306,-41,71,-19
1739723771.5761306,16,15,-25
1739723771.6211307,-31,-16,-177
1739723771.6671307,15,-72,-93
1739723771.7131307,13,10,-33
1739723771.7581308,-62,-29,54
1739723771.8041308,-93,28,-54
1739723771.8501308,52,1,-89
1739723771.8961308,-66,-4,-95
1739723771.9411306,10,26,-4
1739723771.9871306,9,32,-56
1739723772.0331306,61,2,4
1739723772.0781307,13,74,16
1739723772.1241307,-64,9,6
1739723772.1701307,-33,33,-49
1739723772.2161307,-48,1,50
1739723772.2611306,57,-33,0
1739723772.3071306,0,-8,2
1739723772.3531306,-62,52,52
1739723772.398131,9,-26,-17
1739723772.444131,50,58,58
1739723772.490131,5,-20,-78
1739723772.536131,-76,4,-21
1739723772.5811307,8,35,-12
1739723772.6271307,26,97,-74
1739723772.6731308,-36,-7,35
1739723772.7181306,-13,-31,10
1739723772.7641306,17,35,-112
1739723772.8101306,4,-64,-20
1739723772.8561306,-54,-4,-46
1739723772.901131,133,23,-51
1739723772.947131,0,14,-53
1739723772.9931307,-25,14,-37
1739723773.0381308,-75,15,-171
1739723773.0841308,3,-27,-6
1739723773.1301308,49,28,91
1739723773.1761308,-48,-21,-130
1739723773.2211306,62,-14,-34
1739723773.2671306,8,-14,-148
1739723773.3131306,-56,31,-3
1739723773.3581307,-12,-57,-114
1739723773.4041307,-18,41,35
1739723773.4501307,-11,36,-23
1739723773.4961307,44,31,-42
1739723773.5411308,44,-15,-2
1739723773.5871308,-15,-55,-44
1739723773.6331308,27,74,-136
1739723773.6781306,-37,90,-5
1739723773.7241306,-49,11,-75
1739723773.7701306,68,-56,-82
1739723773.8161306,14,-37,62
1739723773.8611307,-1,-31,11
1739723773.9071307,-38,14,-115
1739723773.9531307,-83,-20,47
1739723773.9981308,41,30,-30
1739723774.0441308,-11,72,-70
1739723774.0901306,11,38,-138
1739723774.1361306,16,-13,22
1739723774.1811306,-55,0,-117
1739723774.227131,56,-36,10
1739723774.273131,3,1,0
1739723774.3181307,-13,38,-53
1739723774.3641307,-21,-11,-118
1739723774.4101307,-94,-16,-1
1739723774.4561307,-5,25,-5
1739723774.5011306,29,-17,20
1739723774.5471306,-58,-46,-37
1739723774.5931306,-71,0,15
1739723774.638131,-29,-53,58
1739723774.684131,45,25,-22
1739723774.730131,-34,5,-33
1739723774.776131,0,66,-46
1739723774.8211308,7,-1,-36
1739723774.8671308,11,-8,-20
1739723774.9131308,-10,-62,-32
1739723774.9581306,20,-95,56
1739723775.0041306,-14,52,-5
1739723775.0501306,-12,-25,17
1739723775.1011307,-67,1,5
1739723775.1471307,16,-23,52
1739723775.1931307,-22,-70,-64
1739723775.2381306,63,-20,-12
1739723775.2841306,-26,46,-43
1739723775.3301306,49,20,-68
1739723775.3761306,-1,113,15
1739723775.421131,-5,-30,-46
1739723775.467131,-32,-9,-48
1739723775.513131,-10,28,-39
1739723775.5581307,-26,-6,-4
1739723775.6041307,-8,-81,8
1739723775.6501307,38,11,7
1739723775.6961308,-12,43,-55
1739723775.7411306,-33,24,-48
1739723775.7871306,-30,30,-150
1739723775.8331306,47,-84,-38
1739723775.878131,29,30,-81
1739723775.924131,-62,75,-86
1739723775.9701307,-28,-9,-156
1739723776.0161307,63,29,-71
1739723776.0611308,-25,-79,-158
1739723776.1071308,38,3,-161
1739723776.1531308,36,-9,1
1739723776.1981306,-63,-36,68
1739723776.2441306,-57,-27,-6
1739723776.2901306,0,59,-13
1739723776.3361306,20,54,47
1739723776.3811307,69,-46,-134
1739723776.4271307,34,50,-63
1739723776.4731307,-19,12,22
1739723776.5181308,-36,20,-100
1739723776.5641308,-75,-20,48
1739723776.6101308,2,-10,-98
1739723776.6561308,7,-29,10
1739723776.7011306,-55,24,-57
1739723776.7471306,63,-7,22
1739723776.7931306,-72,-40,-4
1739723776.8381307,-41,18,-127
1739723776.8841307,-53,-6,-197
1739723776.9301307,28,-2,-88
1739723776.9761307,-5,33,-139
1739723777.0211308,31,19,-26
1739723777.0671306,-6,-24,110
1739723777.1131306,-14,14,-57
1739723777.1581306,-102,12,-41
1739723777.2041306,0,76,-81
1739723777.250131,44,-26,24
1739723777.296131,-38,-57,-46
1739723777.3411307,-29,14,79
1739723777.3871307,7,87,-52
1739723777.4331307,-44,14,27
1739723777.4781306,-68,-26,-59
1739723777.5241306,-64,-53,-35
1739723777.5701306,40,-9,-58
1739723777.6161306,-46,0,0
1739723777.661131,17,0,-76
1739723777.707131,13,18,-30
1739723777.753131,58,41,-54
1739723777.7981308,-6,51,25
1739723777.8441308,50,8,48
1739723777.8901308,0,38,-41
1739723777.9361308,12,8,51
1739723777.9811306,33,-22,-22
1739723778.0271306,-18,39,-100
1739723778.0731306,33,2,11
1739723778.1181307,12,-55,-101
1739723778.1641307,10,14,-173
1739723778.2101307,6,-24,-87
1739723778.2561307,21,-16,62
1739723778.3011308,-10,5,26
1739723778.3471308,-18,15,78
1739723778.3931308,-75,-9,-143
1739723778.4381306,63,-20,0
1739723778.4841306,16,-35,1
1739723778.5301306,-13,52,12
1739723778.5761306,12,18,-99
1739723778.6211307,23,36,2
1739723778.6671307,-18,-10,-63
1739723778.7131307,-20,-50,-19
1739723778.7581308,-21,-56,19
1739723778.8041308,28,29,-135
1739723778.8501308,-41,50,-109
1739723778.8961308,16,-13,0
1739723778.9411306,8,0,-105
1739723778.9871306,-29,-65,-69
1739723779.0331306,-49,-13,-139
1739723779.0771308,39,8,-29
1739723779.1231308,49,47,-171
1739723779.1691308,35,-5,33
1739723779.2141306,16,13,-147
1739723779.2601306,-16,-32,-139
1739723779.3061306,14,52,128
1739723779.352131,-102,12,58
1739723779.3971307,-15,-26,-57
1739723779.4431307,6,-89,-35
1739723779.4891307,38,-51,9
1739723779.5341306,-39,-41,-181
1739723779.5801306,74,-28,-75
1739723779.6261306,-17,12,-24
1739723779.6721306,30,37,-2
1739723779.717131,9,8,-93
1739723779.763131,15,74,120
1739723779.809131,50,-12,41
1739723779.8541307,66,62,-145
1739723779.9001307,43,70,-153
1739723779.9461308,-61,-25,-61
1739723779.9921308,3,-29,-83
1739723780.0371306,-26,-45,-67
1739723780.0831306,-9,-28,-19
1739723780.1291306,-87,-22,-63
1739723780.174131,-2,0,-3
1739723780.2201307,12,12,-2
1739723780.2661307,42,-41,-75
1739723780.3111308,-32,19,-20
1739723780.3571308,-12,-7,-63
1739723780.4031308,14,30,28
1739723780.4491308,31,-4,-45
1739723780.4941306,78,-71,89
1739723780.5401306,41,-31,35
1739723780.5861306,-20,-34,-55
1739723780.6321306,98,37,-205
1739723780.6771307,103,-61,-123
1739723780.7231307,73,-46,35
1739723780.7691307,57,-46,-19
1739723780.8141308,0,2,-49
1739723780.8601308,54,-51,-29
1739723780.9061308,13,6,-7
1739723780.9511306,56,11,-67
1739723780.9971306,-22,-48,5
1739723781.0431306,74,12,-187
1739723781.0891306,13,1,-31
1739723781.1341307,74,83,-5
1739723781.1801307,1,-31,19
1739723781.2261307,44,-6,-167
1739723781.2711308,70,5,-71
1739723781.3171306,-32,-54,-54
1739723781.3631306,10,-71,-37
1739723781.4091306,28,34,-19
1739723781.4541306,-21,-20,-26
1739723781.500131,2,-27,-29
1739723781.546131,-20,11,50
1739723781.5911307,72,-20,-109
1739723781.6371307,-20,39,22
1739723781.6831307,-24,66,72
1739723781.7291307,51,-14,-73
1739723781.7741306,40,-59,-75
1739723781.8201306,4,-1,-11
1739723781.8661306,32,-3,-117
1739723781.911131,-45,6,-140
1739723781.957131,-10,48,-25
1739723782.003131,-17,2,0
1739723782.049131,-61,31,-44
1739723782.0941308,50,44,-55
1739723782.1401308,-22,0,32
1739723782.1861308,14,11,-77
1739723782.2311306,-5,-6,-31
1739723782.2771306,-13,40,118
1739723782.3231306,-24,48,54
1739723782.3691306,-65,24,30
1739723782.4141307,-21,55,-89
1739723782.4601307,37,-43,35
1739723782.5061307,25,10,-13
1739723782.5511308,29,-68,5
1739723782.5971308,-18,25,56
1739723782.6431308,7,-38,-59
1739723782.6891308,-4,63,-18
1739723782.7341306,28,-25,-107
1739723782.7801306,-33,-6,-68
1739723782.8261306,-32,-16,-14
1739723782.8711307,-6,-44,6
1739723782.9171307,-26,-41,-58
1739723782.9631307,39,-29,-37
1739723783.0091307,21,-36,90
1739723783.0541308,19,-22,58
1739723783.1001308,56,-84,86
1739723783.1461308,7,-52,2
1739723783.1911306,8,-54,-131
1739723783.2371306,16,-5,-77
1739723783.2831306,3,60,-11
1739723783.3291306,62,57,9
1739723783.3741307,-54,52,102
1739723783.4201307,-8,-5,-83
1739723783.4661307,-74,-23,-5
1739723783.5111306,82,-64,-22
1739723783.5571306,-62,27,-109
1739723783.6031306,-14,12,23
1739723783.6491306,-42,-53,-13
1739723783.694131,-60,67,43
1739723783.740131,54,19,-12
1739723783.786131,44,5,-30
1739723783.8311307,35,39,-122
1739723783.8771307,-43,-8,9
1739723783.9231308,52,-49,-106
1739723783.9691308,-11,-45,-49
1739723784.0141306,-12,12,-136
1739723784.0601306,2,66,33
1739723784.1061306,-16,26,-98
1739723784.151131,17,-13,-124
1739723784.197131,-41,6,-71
1739723784.2431307,-34,2,-47
1739723784.2891307,13,14,-30
1739723784.3341308,34,35,-174
1739723784.3801308,0,-17,-8
1739723784.4261308,24,-14,-148
1739723784.4711306,90,48,-98
1739723784.5171306,-19,-14,45
1739723784.5631306,43,7,0
1739723784.6091306,-116,12,-117
1739723784.6541307,-39,52,-7
1739723784.7001307,28,-25,-94
1739723784.7461307,7,55,-79
1739723784.7911308,49,8,-34
1739723784.8371308,-7,-18,-102
1739723784.8831308,-6,29,-166
1739723784.9291308,43,-7,0
1739723784.9741306,44,25,-62
1739723785.0201306,-53,-77,-188
1739723785.0661306,38,20,-12
1739723785.1171308,-44,12,-200
1739723785.1631308,-7,59,-25
1739723785.2091308,73,-40,22
1739723785.2541306,40,18,14
1739723785.3001306,4,-5,-4
1739723785.3461306,-49,-3,0
1739723785.3911307,-70,14,19
1739723785.4381306,-12,13,-162
1739723785.4841306,6,3,5
1739723785.5301306,1,-29,-84
1739723785.5751307,-20,-21,90
1739723785.6211307,-8,-97,17
1739723785.6671307,1,38,-106
1739723785.7131307,-50,-26,-58
1739723785.7581308,-68,16,-36
1739723785.8041308,12,-24,-20
1739723785.8501308,-61,47,-42
1739723785.8951306,18,-23,-68
1739723785.9411306,-13,28,1
1739723785.9871306,22,-15,61
1739723786.0331306,11,-23,-94
1739723786.0781307,11,0,-28
1739723786.1241307,23,83,30
1739723786.1701307,-53,48,-50
1739723786.2151306,9,-26,15
1739723786.2611306,28,34,32
1739723786.3071306,-4,24,-88
1739723786.3531306,42,33,-62
1739723786.398131,-11,-63,-68
1739723786.444131,-3,0,-28
1739723786.490131,-37,3,85
1739723786.5351307,17,39,-22
1739723786.5811307,-45,19,-156
1739723786.6271307,-106,4,-66
1739723786.6731308,-28,26,21
1739723786.7181306,50,10,39
1739723786.7641306,7,54,-84
1739723786.8101306,71,-8,-60
1739723786.855131,-56,-27,-54
1739723786.901131,50,40,-70
1739723786.947131,-59,59,-10
1739723786.9931307,-92,56,-13
1739723787.0381308,62,-5,-136
1739723787.0841308,-31,-5,89
1739723787.1301308,20,-27,-68
1739723787.1751306,32,4,-58
1739723787.2211306,-45,36,42
1739723787.2671306,17,21,71
1739723787.3131306,34,20,0
1739723787.3581307,51,-40,0
1739723787.4041307,11,66,-58
1739723787.4501307,-40,-12,17
1739723787.4951308,-27,-84,5
1739723787.5411308,-46,29,-110
1739723787.5871308,27,9,-84
1739723787.6331308,39,-48,27
1739723787.6781306,-41,18,-6
1739723787.7241306,-14,-84,0
1739723787.7701306,45,3,5
1739723787.8151307,39,48,-40
1739723787.8611307,20,33,-74
1739723787.9071307,-31,31,49
1739723787.9531307,-9,5,-64
1739723787.9981308,21,67,-84
1739723788.0441308,-26,40,15
1739723788.0901306,18,-22,-44
1739723788.1351306,9,28,28
1739723788.1811306,49,61,37
1739723788.227131,-26,-21,-74
1739723788.273131,14,3,-34
1739723788.3181307,0,26,-21
1739723788.3641307,-17,39,-93
1739723788.4101307,-87,-36,-77
1739723788.4551306,-49,64,-147
1739723788.5011306,40,-23,76
1739723788.5471306,18,13,-66
1739723788.5931306,-1,62,9
1739723788.638131,-7,7,49
1739723788.684131,-55,42,-37
1739723788.730131,3,-15,86
1739723788.7751307,20,21,-4
1739723788.8211308,-4,-58,-34
1739723788.8671308,-12,5,-50
1739723788.9131308,51,-19,-20
1739723788.9581306,-24,-33,-8
1739723789.0041306,29,-29,-86
1739723789.0501306,31,33,-15
1739723789.0951307,44,43,-60
1739723789.1411307,-37,-17,31
1739723789.1871307,-40,54,-45
1739723789.2331307,5,27,-28
1739723789.2781308,-133,-39,-5
1739723789.3241308,14,64,7
1739723789.3701308,43,39,-15
1739723789.4151306,-28,-27,-69
1739723789.4611306,-5,19,-113
1739723789.5071306,-13,-57,35
1739723789.5531306,-6,53,0
1739723789.5981307,-17,-71,-35
1739723789.6441307,-8,-52,-131
1739723789.6901307,26,-104,19
1739723789.7351308,57,39,19
1739723789.7811308,-1,28,32
1739723789.8271308,-43,-8,12
1739723789.8731308,-31,3,-49
1739723789.9181306,84,47,30
1739723789.9641306,10,16,-169
1739723790.0101306,3,39,34
1739723790.0551307,65,52,-131
1739723790.1011307,50,59,-83
1739723790.1471307,-30,-55,-123
1739723790.1931307,101,18,57
1739723790.2381306,-5,-20,-73
1739723790.2841306,10,-41,-49
1739723790.3301306,-11,50,-30
1739723790.375131,-52,-88,42
1739723790.421131,41,-66,-25
1739723790.467131,17,-78,-1
1739723790.513131,0,64,56
1739723790.5581307,49,-3,59
1739723790.6041307,-78,2,-92
1739723790.6501307,-63,60,-96
1739723790.6951306,-17,-24,8
1739723790.7411306,25,-25,-41
1739723790.7871306,-83,-14,-76
1739723790.832131,-28,10,32
1739723790.878131,34,-8,-45
1739723790.924131,-1,85,45
1739723790.9701307,-1,2,-109
1739723791.0151308,58,7,-111
1739723791.0611308,-69,-85,-188
1739723791.1071308,-22,-42,60
1739723791.1521306,-19,69,106
1739723791.1981306,83,92,-57
1739723791.2441306,16,-5,-79
1739723791.2901306,2,-56,54
1739723791.3351307,16,-3,-31
1739723791.3811307,42,21,-113
1739723791.4271307,-41,-6,-123
1739723791.4721308,-43,34,16
1739723791.5181308,-47,-44,-94
1739723791.5641308,-46,29,46
1739723791.6101308,34,-3,-107
1739723791.6551306,14,-31,-47
1739723791.7011306,71,9,-47
1739723791.7471306,15,17,-103
1739723791.7921307,54,-19,-11
1739723791.8381307,-80,3,-10
1739723791.8841307,-46,-14,-64
1739723791.9301307,-87,33,-88
1739723791.9751308,4,27,17
1739723792.0211308,94,-23,9
1739723792.0671306,12,-2,29
1739723792.1121306,-43,-4,-24
1739723792.1581306,1,7,9
1739723792.2041306,-2,-16,-25
1739723792.250131,91,8,19
1739723792.2951307,23,-12,7
1739723792.3411307,38,-1,-89
1739723792.3871307,36,-10,-59
1739723792.4321306,-35,51,-56
1739723792.4781306,46,77,-99
1739723792.5241306,-2,2,-19
1739723792.5701306,-51,48,-76
1739723792.615131,34,6,25
1739723792.661131,-25,58,10
1739723792.707131,-26,-37,72
1739723792.7521307,-41,-8,-107
1739723792.7981308,-9,-23,-51
1739723792.8441308,10,22,23
1739723792.8901308,-69,3,-76
1739723792.9351306,31,45,-83
1739723792.9811306,0,0,44
1739723793.0271306,-62,-48,-40
1739723793.072131,32,-28,-39
1739723793.1181307,-87,-78,76
1739723793.1641307,19,-86,-105
1739723793.2101307,-6,-8,-17
1739723793.2551308,-3,-32,-133
1739723793.3011308,37,22,-89
1739723793.3471308,-52,64,-90
1739723793.3921306,0,-19,0
1739723793.4381306,25,-33,-97
1739723793.4841306,14,52,34
1739723793.5301306,-37,-41,28
1739723793.5751307,-48,17,28
1739723793.6211307,-78,6,-78
1739723793.6671307,-4,-6,8
1739723793.7121308,-29,-81,-57
1739723793.7581308,8,20,44
1739723793.8041308,54,-47,-89
1739723793.8501308,21,-1,-37
1739723793.8951306,-57,-6,-146
1739723793.9411306,-50,-15,-88
1739723793.9871306,-17,30,-40
1739723794.0321307,-57,-46,-160
1739723794.0781307,27,-2,25
1739723794.1241307,61,79,9
1739723794.1701307,26,32,-15
1739723794.2151306,5,61,-33
1739723794.2611306,-33,35,-92
1739723794.3071306,-4,-50,-85
1739723794.352131,10,-2,68
1739723794.398131,-24,102,82
1739723794.444131,7,59,-103
1739723794.490131,-35,61,-38
1739723794.5351307,25,14,-119
1739723794.5811307,0,60,-123
1739723794.6271307,16,-17,45
1739723794.6721306,62,-9,-89
1739723794.7181306,31,-24,-77
1739723794.7641306,47,53,15
1739723794.8101306,23,38,-11
1739723794.855131,-33,-18,70
1739723794.901131,10,6,-23
1739723794.947131,-9,-96,-63
1739723794.9921308,60,27,-15
1739723795.0381308,49,6,-103
1739723795.0841308,-89,33,-16
1739723795.1351306,26,32,-47
1739723795.1811306,9,53,26
1739723795.227131,41,-55,-127
1739723795.2721307,11,0,-35
1739723795.3181307,13,12,-103
1739723795.3641307,-39,-108,-4
1739723795.4101307,-1,2,-87
1739723795.4551306,8,-26,-45
1739723795.5011306,130,36,89
1739723795.5471306,-29,-10,36
1739723795.5911307,-34,33,-68
1739723795.6371307,-41,-17,20
1739723795.6831307,98,63,-13
1739723795.7281306,47,-3,-131
1739723795.7741306,-16,-47,-7
1739723795.8201306,-28,20,-6
1739723795.8661306,-12,-132,-79
1739723795.911131,-3,22,12
1739723795.957131,8,31,2
1739723796.003131,-10,-80,-87
1739723796.0481308,-62,-3,0
1739723796.0941308,52,10,-35
1739723796.1401308,-17,-14,-8
1739723796.1861308,-52,7,-48
1739723796.2311306,-47,63,38
1739723796.2771306,0,-41,35
1739723796.3231306,-64,-47,-107
1739723796.3681307,-30,-22,-6
1739723796.4141307,-37,-39,-123
1739723796.4601307,-8,19,-18
1739723796.5061307,69,-49,-123
1739723796.5511308,32,-42,117
1739723796.5971308,52,-37,-57
1739723796.6431308,79,-10,-97
1739723796.6881306,-20,-103,-151
1739723796.7341306,-97,-63,-87
1739723796.7801306,-49,-15,-141
1739723796.8261306,0,-17,-61
1739723796.8711307,8,63,-28
1739723796.9171307,80,26,-27
1739723796.9631307,25,44,-10
1739723797.0081308,-12,-7,104
1739723797.0541308,42,27,-68
1739723797.1001308,8,0,68
1739723797.1461308,-33,-3,-41
1739723797.1911306,-1,20,-129
1739723797.2371306,-37,-55,-139
1739723797.2831306,-4,-8,-45
1739723797.3281307,-105,-9,-84
1739723797.3741307,23,20,-79
1739723797.4201307,33,-16,-21
1739723797.4661307,-17,-56,-71
1739723797.5111306,-75,-52,-127
1739723797.5571306,-2,44,-36
1739723797.6031306,126,19,-93
1739723797.648131,-56,49,-104
1739723797.694131,14,101,-30
1739723797.740131,0,18,-53
1739723797.786131,59,-22,-89
1739723797.8311307,-81,-24,-117
1739723797.8771307,-1,-33,-27
1739723797.9231308,60,23,-41
1739723797.9681306,-70,33,-88
1739723798.0141306,5,-5,-167
1739723798.0601306,1,32,-56
1739723798.1061306,27,-17,-11
1739723798.151131,-76,19,-54
1739723798.197131,-12,3,-43
1739723798.2431307,30,-52,-17
1739723798.2881308,-17,10,-81
1739723798.3341308,5,0,-43
1739723798.3801308,59,-7,-25
1739723798.4261308,44,49,12
1739723798.4711306,-1,12,-12
1739723798.5171306,36,-12,-15
1739723798.5631306,3,29,-14
1739723798.6081307,7,53,-48
1739723798.6541307,3,-1,-17
1739723798.7001307,65,-19,-81
1739723798.7461307,50,26,-85
1739723798.7911308,-37,-37,-29
1739723798.8371308,-43,26,24
1739723798.8831308,-15,34,-72
1739723798.9281306,75,32,1
1739723798.9741306,-8,33,-87
1739723799.0201306,-42,59,-18
1739723799.0661306,-36,-23,-79
1739723799.1111307,9,-14,33
1739723799.1571307,-39,24,36
1739723799.2031307,85,-62,-73
1739723799.2481308,-18,43,-34
1739723799.2941308,52,-19,-61
1739723799.3401306,-88,-46,-116
1739723799.3861306,81,38,-87
1739723799.4311306,-62,43,64
1739723799.477131,75,12,23
1739723799.523131,-50,54,-32
1739723799.5681307,-7,29,0
1739723799.6141307,-50,64,30
1739723799.6601307,-49,-17,-12
1739723799.7061307,42,72,47
1739723799.7511306,89,-5,-47
1739723799.7971306,-55,-2,-64
1739723799.8431306,70,-37,81
1739723799.888131,98,-48,43
1739723799.934131,8,31,-2
1739723799.980131,-19,25,-108
1739723800.026131,-47,15,28
1739723800.0711308,47,11,-61
1739723800.1171308,-6,11,-39
1739723800.1631308,-10,-23,-45
1739723800.2081306,-21,13,-18
1739723800.2541306,61,17,-127
1739723800.3001306,18,66,40
1739723800.3461306,85,-36,-109
1739723800.3911307,92,36,-91
1739723800.4371307,10,-8,-1
1739723800.4831307,28,30,-23
1739723800.5281308,23,-20,-45
1739723800.5741308,30,52,-7
1739723800.6201308,3,-21,-111
1739723800.6661308,79,34,-55
1739723800.7111306,20,35,-23
1739723800.7571306,56,-9,-55
1739723800.8031306,12,20,-1
1739723800.8481307,-92,135,8
1739723800.8941307,-91,52,-46
1739723800.9401307,28,-15,-15
1739723800.9851308,1,-130,-49
1739723801.0311308,-26,-51,-81
1739723801.0771308,81,32,-93
1739723801.1231308,-3,24,140
1739723801.1681306,46,-12,-117
1739723801.2141306,-80,-27,-62
1739723801.2601306,60,0,-199
1739723801.3051307,-28,20,-187
1739723801.3511307,31,90,26
1739723801.3971307,-34,5,-24
1739723801.4431307,1,7,-55
1739723801.4881306,10,-10,7
1739723801.5341306,-26,-23,-155
1739723801.5801306,-80,52,-62
1739723801.625131,41,-17,-27
1739723801.671131,-47,-50,11
1739723801.717131,31,-44,-103
1739723801.763131,-25,115,-56
1739723801.8081307,62,93,32
1739723801.8541307,-64,-15,-75
1739723801.9001307,-11,-3,136
1739723801.9451306,-14,42,-24
1739723801.9911306,27,-43,-47
1739723802.0371306,-32,-6,-167
1739723802.0831306,-84,0,-34
1739723802.128131,40,-15,6
1739723802.174131,0,60,-45
1739723802.2201307,59,-50,24
1739723802.2651308,-13,-4,15
1739723802.3111308,-60,61,-27
1739723802.3571308,-25,-27,-106
1739723802.4031308,70,76,-115
1739723802.4481306,-82,-37,85
1739723802.4941306,-26,4,-94
1739723802.5401306,41,-9,-52
1739723802.5851307,-36,-19,-15
1739723802.6311307,70,-42,24
1739723802.6771307,17,60,13
1739723802.7231307,-42,18,-94
1739723802.7681308,-10,31,-131
1739723802.8141308,22,14,-154
1739723802.8601308,24,-49,-22
1739723802.9051306,-83,-22,13
1739723802.9511306,-79,-39,-79
1739723802.9971306,-16,-47,-6
1739723803.0431306,-38,36,-33
1739723803.0881307,-13,-63,-40
1739723803.1341307,36,-93,-12
1739723803.1801307,26,-41,-90
1739723803.2251308,11,-29,-24
1739723803.2711308,112,31,165
1739723803.3171306,44,-29,-6
1739723803.3631306,-18,-8,-94
1739723803.4081306,21,-4,-208
1739723803.4541306,73,33,-34
1739723803.500131,-24,42,87
1739723803.5451307,113,-24,-114
1739723803.5911307,-70,10,-63
1739723803.6371307,-7,23,-37
1739723803.6831307,-14,40,-61
1739723803.7281306,93,38,-146
1739723803.7741306,12,-2,-8
1739723803.8201306,-81,0,-57
1739723803.865131,26,24,-94
1739723803.911131,39,-11,-18
1739723803.957131,-49,-3,-85
1739723804.003131,-79,24,-11
1739723804.0481308,49,24,20
1739723804.0941308,-18,-16,-17
1739723804.1401308,18,-42,12
1739723804.1851306,58,-48,-44
1739723804.2311306,-64,29,41
1739723804.2771306,-10,23,-54
1739723804.3231306,-12,-31,45
1739723804.3681307,60,73,-72
1739723804.4141307,7,-26,-110
1739723804.4601307,70,29,-8
1739723804.5051308,57,13,-96
1739723804.5511308,10,47,-140
1739723804.5971308,49,-10,-44
1739723804.6431308,56,-9,-40
1739723804.6871307,70,-11,-60
1739723804.7331307,30,7,-90
1739723804.7791307,-14,62,-106
1739723804.8241308,-38,-124,4
1739723804.8701308,3,25,57
1739723804.9161308,-24,2,-83
1739723804.9611306,7,51,-87
1739723805.0071306,43,17,10
1739723805.0531306,27,-55,-32
1739723805.1041307,27,14,14
1739723805.1501307,-33,61,-79
1739723805.1961308,6,138,43
1739723805.2411306,-2,63,-80
1739723805.2871306,-126,-18,7
1739723805.3331306,16,9,-152
1739723805.3791306,-7,-26,3
1739723805.424131,-14,-55,-3
1739723805.4701307,6,23,-66
1739723805.5161307,-13,2,-13
1739723805.5611308,8,6,-70
1739723805.6071308,-2,0,21
1739723805.6531308,-58,31,-23
1739723805.6991308,13,8,75
1739723805.7441306,-62,53,-16
1739723805.7901306,-61,-3,-89
1739723805.8361306,0,3,-126
1739723805.8811307,48,-50,-74
1739723805.9271307,-7,-5,-83
1739723805.9731307,-37,56,-71
1739723806.0191307,-12,-75,-70
1739723806.0641308,19,-56,-184
1739723806.1101308,-35,-42,-2
1739723806.1561308,5,25,-193
1739723806.2011306,15,-59,-4
1739723806.2471306,118,-31,-88
1739723806.2931306,-36,84,-21
1739723806.3391306,-92,22,-161
1739723806.3841307,70,27,4
1739723806.4301307,-82,79,-107
1739723806.4761307,63,20,-156
1739723806.5211308,-3,-16,0
1739723806.5671306,-14,-10,-174
1739723806.6131306,-12,18,-160
1739723806.6591306,7,25,-37
1739723806.7041306,24,105,-35
1739723806.750131,1,-1,76
1739723806.796131,80,-43,-64
1739723806.8411307,22,-24,-88
1739723806.8871307,-48,86,-157
1739723806.9331307,-7,63,-113
1739723806.9791307,1,46,-266
1739723807.0241306,-26,-5,-90
1739723807.0701306,31,-17,-36
1739723807.1161306,-10,29,0
1739723807.161131,62,-14,-156
1739723807.207131,46,55,-84
1739723807.253131,-17,35,-77
1739723807.299131,-92,34,-15
1739723807.3441308,-5,-52,-66
1739723807.3901308,-28,-45,-56
1739723807.4361308,-31,-4,-17
1739723807.4811306,-7,7,-82
1739723807.5271306,14,-37,-84
1739723807.5731306,26,32,-14
1739723807.6191306,15,98,-98
1739723807.6641307,51,42,66
1739723807.7101307,-69,61,-47
1739723807.7561307,-43,-38,23
1739723807.8011308,50,42,-30
1739723807.8471308,94,60,-60
1739723807.8931308,51,44,-39
1739723807.9391308,-33,11,-39
1739723807.9841306,-2,-27,38
1739723808.0301306,70,-27,-40
1739723808.0761306,16,0,0
1739723808.1211307,26,-15,-127
1739723808.1671307,-17,8,-10
1739723808.2131307,28,-49,25
1739723808.2591307,77,0,103
1739723808.3041308,5,-24,-109
1739723808.3501308,13,26,-39
1739723808.3961308,26,-29,-25
1739723808.4411306,34,4,-139
1739723808.4871306,72,-24,-9
1739723808.5331306,-61,-18,-92
1739723808.5791306,26,-21,9
1739723808.6241307,57,11,-119
1739723808.6701307,-20,-42,-79
1739723808.7161307,57,-36,-17
1739723808.7611306,-26,50,-197
1739723808.8071306,-44,81,-22
1739723808.8531306,78,2,-25
1739723808.8991306,19,75,22
1739723808.944131,28,-33,-13
1739723808.990131,36,-6,-83
1739723809.036131,17,-36,-103
1739723809.0811307,-4,-14,-29
1739723809.1271307,-21,7,20
1739723809.1731308,4,58,-149
1739723809.2191308,7,5,-107
1739723809.2641306,-40,-78,68
1739723809.3101306,-10,24,-7
1739723809.3561306,-8,34,-93
1739723809.401131,33,-81,-140
1739723809.447131,-50,12,-33
1739723809.4931307,25,25,-43
1739723809.5391307,-11,28,-25
1739723809.5841308,92,44,-47
1739723809.6301308,36,-16,-27
1739723809.6761308,43,-25,-25
1739723809.7211306,-27,-9,-10
1739723809.7671306,-21,-32,16
1739723809.8131306,-2,-2,4
1739723809.8591306,-44,79,0
1739723809.9041307,-72,-28,46
1739723809.9501307,-25,-23,-33
1739723809.9961307,34,-72,64
1739723810.0411308,-62,55,30
1739723810.0871308,17,47,-42
1739723810.1331308,-12,-25,-43
1739723810.1791308,80,48,-71
1739723810.2241306,-77,31,-4
1739723810.2701306,55,46,-45
1739723810.3161306,70,-29,5
1739723810.3611307,-85,-66,-181
1739723810.4071307,-27,24,34
1739723810.4531307,54,36,110
1739723810.4991307,-26,-9,-10
1739723810.5451307,17,-62,32
1739723810.5911307,-40,28,-141
1739723810.6371307,-13,10,-99
1739723810.6831307,81,36,1
1739723810.7281306,-48,41,-32
1739723810.7741306,60,29,-99
1739723810.8201306,-22,-29,18
1739723810.865131,3,3,-11
1739723810.911131,7,31,-81
1739723810.957131,-33,-32,-52
1739723811.003131,-43,-38,-44
1739723811.0481308,-15,0,-113
1739723811.0941308,5,7,-53
1739723811.1401308,52,64,-27
1739723811.1851306,-24,-9,-28
1739723811.2311306,-66,22,-6
1739723811.2771306,9,22,-63
1739723811.322131,95,-10,-139
1739723811.3681307,-22,7,14
1739723811.4141307,63,6,-55
1739723811.4601307,-34,35,12
1739723811.5051308,-13,-69,-93
1739723811.5511308,-22,47,-32
1739723811.5971308,26,42,-39
1739723811.6421306,74,0,-95
1739723811.6881306,1,46,0
1739723811.7341306,0,32,44
1739723811.7801306,-36,-31,-79
1739723811.8251307,21,-20,-67
1739723811.8711307,25,-31,-7
1739723811.9171307,50,0,-43
1739723811.9621308,-65,30,54
1739723812.0081308,-17,10,-22
1739723812.0541308,-9,27,-36
1739723812.1001308,-59,-40,0
1739723812.1451306,8,-10,71
1739723812.1911306,58,-56,-21
1739723812.2371306,84,-2,-21
1739723812.2821307,94,12,7
1739723812.3281307,12,28,-89
1739723812.3741307,-71,26,52
1739723812.4201307,7,12,-103
1739723812.4651306,-14,-8,-34
1739723812.5111306,64,12,-75
1739723812.5571306,23,18,20
1739723812.602131,39,36,-135
1739723812.648131,23,63,-84
1739723812.694131,-4,-24,95
1739723812.740131,-93,18,-92
1739723812.7851307,91,-11,47
1739723812.8311307,102,-32,-19
1739723812.8771307,-61,82,-44
1739723812.9221306,23,-6,-31
1739723812.9681306,22,4,-71
1739723813.0141306,-66,20,-58
1739723813.0601306,3,9,-73
1739723813.105131,33,-16,31
1739723813.151131,-2,-30,-77
1739723813.197131,-31,-16,14
1739723813.2421308,-4,59,5
1739723813.2881308,43,5,3
1739723813.3341308,-11,-70,-26
1739723813.3801308,89,-52,-22
1739723813.4251306,-7,27,-47
1739723813.4711306,8,-8,-50
1739723813.5171306,-3,12,-60
1739723813.5621307,56,11,-110
1739723813.6081307,-50,-46,4
1739723813.6541307,-15,-59,-2
1739723813.7001307,26,4,-10
1739723813.7451308,49,-30,18
1739723813.7911308,22,29,-95
1739723813.8371308,5,0,-12
1739723813.8821306,-7,0,-64
1739723813.9281306,44,13,-7
1739723813.9741306,31,-15,14
1739723814.0201306,-61,4,57
1739723814.0651307,-41,-29,77
1739723814.1111307,-27,22,-31
1739723814.1571307,-17,-42,108
1739723814.2021308,-36,35,9
1739723814.2481308,17,-44,-2
1739723814.2941308,28,-39,0
1739723814.3401306,-34,-5,-21
1739723814.3851306,7,83,-9
1739723814.4311306,-76,-17,-61
1739723814.477131,36,28,-21
1739723814.5221307,7,23,-75
1739723814.5681307,16,17,7
1739723814.6141307,76,105,-135
1739723814.6601307,-87,31,-57
1739723814.7051306,82,9,-80
1739723814.7511306,-60,-32,47
1739723814.7971306,1,58,39
1739723814.842131,-28,-61,-42
1739723814.888131,16,-50,-48
1739723814.934131,-21,0,-48
1739723814.980131,115,0,-42
1739723815.0251307,25,8,21
1739723815.0711308,-69,-12,-13
1739723815.1221306,32,3,-92
1739723815.1681306,-58,-60,-72
1739723815.2141306,42,1,-21
1739723815.2601306,19,-34,-4
1739723815.3051307,0,0,-54
1739723815.3511307,-3,10,-5
1739723815.3971307,32,57,-13
1739723815.4421306,-70,20,-89
1739723815.4881306,-6,41,31
1739723815.5341306,-65,13,-15
1739723815.5801306,-1,-4,-12
1739723815.625131,-17,-18,-168
1739723815.671131,-3,-14,71
1739723815.717131,40,16,-54
1739723815.7621307,-43,14,-95
1739723815.8081307,40,-29,44
1739723815.8541307,103,-36,-26
1739723815.9001307,-26,3,-86
1739723815.9451306,22,2,-8
1739723815.9911306,0,-13,-56
1739723816.0371306,18,-26,-14
1739723816.082131,-26,20,-77
1739723816.128131,41,-19,-36
1739723816.174131,15,-29,-64
1739723816.2201307,-14,4,-88
1739723816.2651308,-74,73,29
1739723816.3111308,-30,-34,-138
1739723816.3571308,4,51,-83
1739723816.4021306,15,5,-22
1739723816.4481306,78,67,-36
1739723816.4941306,-13,-83,-66
1739723816.5401306,113,-12,76
1739723816.5851307,80,24,-58
1739723816.6311307,29,-62,120
1739723816.6771307,0,-11,-34
1739723816.7221308,-21,2,-5
1739723816.7681308,-20,-24,-126
1739723816.8141308,-45,41,-7
1739723816.8601308,-49,-9,-47
1739723816.9051306,5,39,-29
1739723816.9511306,-5,-4,-78
1739723816.9971306,26,10,-66
1739723817.0421307,-40,0,27
1739723817.0881307,28,-5,50
1739723817.1341307,-55,-17,113
1739723817.1801307,28,32,-124
1739723817.2251308,-59,85,-61
1739723817.2711308,-2,12,-42
1739723817.3171306,41,-7,-68
1739723817.3621306,-59,-28,59
1739723817.4081306,27,32,2
1739723817.4541306,-42,34,-77
1739723817.500131,-59,-14,-55
1739723817.5451307,17,5,-12
1739723817.5911307,13,-2,-8
1739723817.6371307,63,-7,-38
1739723817.6821306,-34,5,-53
1739723817.7281306,-22,7,-17
1739723817.7741306,51,44,-32
1739723817.8201306,9,8,-136
1739723817.865131,-14,30,-79
1739723817.911131,-100,-95,115
1739723817.957131,16,40,-40
1739723818.0021307,12,83,-59
1739723818.0481308,5,-28,0
1739723818.0941308,4,51,-75
1739723818.1401308,60,23,-68
1739723818.1851306,-60,-4,-115
1739723818.2311306,11,-45,-136
1739723818.2771306,-25,52,-13
1739723818.322131,-38,-7,-181
1739723818.3681307,-39,10,153
1739723818.4141307,-35,11,-1
1739723818.4601307,116,24,-212
1739723818.5051308,71,-15,22
1739723818.5511308,25,-12,-30
1739723818.5971308,0,-67,-58
1739723818.6421306,68,22,-86
1739723818.6881306,103,20,6
1739723818.7341306,-68,-47,-127
1739723818.7801306,56,1,-62
1739723818.8251307,38,12,30
1739723818.8711307,-23,41,-39
1739723818.9171307,57,-74,32
1739723818.9621308,-8,-23,-80
1739723819.0081308,22,2,-82
1739723819.0541308,3,43,-125
1739723819.1001308,0,54,-9
1739723819.1451306,-30,1,-109
1739723819.1911306,62,55,-84
1739723819.2371306,-32,-46,-43
1739723819.2821307,72,3,-206
1739723819.3281307,30,35,-36
1739723819.3741307,-20,45,-39
1739723819.4201307,41,34,-28
1739723819.4651306,34,79,-125
1739723819.5111306,-16,59,-101
1739723819.5571306,-12,-15,-75
1739723819.602131,74,25,0
1739723819.648131,16,17,-24
1739723819.694131,-67,-55,-40
1739723819.740131,-28,-22,-153
1739723819.7851307,31,19,-12
1739723819.8311307,11,-2,-94
1739723819.8771307,75,59,-22
1739723819.9221306,-13,12,-65
1739723819.9681306,27,54,-50
1739723820.0141306,-33,93,21
1739723820.0601306,-30,73,-47
1739723820.105131,-9,23,0
1739723820.151131,-33,1,-49
1739723820.197131,-39,-27,-137
1739723820.2421308,4,33,-147
1739723820.2881308,16,-13,-44
1739723820.3341308,43,17,-8
1739723820.3801308,-119,32,-31
1739723820.4251306,5,33,-91
1739723820.4711306,-16,2,-53
1739723820.5171306,16,3,0
1739723820.5621307,39,87,-55
1739723820.6081307,-72,24,-49
1739723820.6541307,-1,-23,46
1739723820.7001307,-47,51,-19
1739723820.7451308,-47,-28,-90
1739723820.7911308,53,4,87
1739723820.8371308,75,19,-62
1739723820.8821306,17,9,0
1739723820.9281306,-69,-37,-56
1739723820.9741306,-59,-66,-23
1739723821.0191307,-22,-9,49
1739723821.0651307,4,-30,59
1739723821.1111307,-95,38,7
1739723821.1571307,9,24,-14
1739723821.2021308,-105,64,61
1739723821.2481308,-13,-87,-6
1739723821.2941308,-23,-18,-24
1739723821.3391306,-2,-58,-164
1739723821.3851306,43,33,-18
1739723821.4311306,-85,-30,-68
1739723821.477131,-10,-92,56
1739723821.5221307,3,-76,-135
1739723821.5681307,30,56,84
1739723821.6141307,-59,-61,-211
1739723821.6591306,-40,14,98
1739723821.7051306,3,15,-35
1739723821.7511306,-46,-54,70
1739723821.7971306,-22,-1,-55
1739723821.842131,-77,-86,32
1739723821.888131,-86,27,-54
1739723821.934131,0,-1,-35
1739723821.9791307,-163,15,68
1739723822.0251307,-43,-75,-10
1739723822.0711308,0,72,-42
1739723822.1171308,-73,-30,-60
1739723822.1621306,-61,0,86
1739723822.2081306,-46,19,-72
1739723822.2541306,20,-36,-67
1739723822.299131,1,-7,-69
1739723822.3451307,-72,-30,98
1739723822.3911307,-84,61,0
1739723822.4371307,68,66,-181
1739723822.4821308,-17,71,4
1739723822.5281308,-82,-37,-123
1739723822.5741308,6,-4,-55
1739723822.6191306,16,-7,20
1739723822.6651306,-75,10,-112
1739723822.7111306,-16,36,-16
1739723822.7571306,-6,-14,12
1739723822.8021307,87,-30,-49
1739723822.8481307,-21,19,-85
1739723822.8941307,-43,-18,-63
1739723822.9391308,72,-90,85
1739723822.9851308,12,-2,-25
1739723823.0311308,-33,43,48
1739723823.0771308,17,-9,-69
1739723823.1221306,12,-21,-9
1739723823.1681306,33,-16,-45
1739723823.2141306,28,-2,-1
1739723823.2591307,25,38,-121
1739723823.3051307,-66,24,28
1739723823.3511307,19,69,-61
1739723823.3971307,-7,19,-61
1739723823.4421306,-59,-10,10
1739723823.4881306,17,76,44
1739723823.5341306,-20,-60,88
1739723823.5791306,-33,51,-58
1739723823.625131,-24,-11,50
1739723823.671131,-64,-62,1
1739723823.717131,-1,10,-111
1739723823.7621307,-47,29,6
1739723823.8081307,3,54,-89
1739723823.8541307,-48,-48,-83
1739723823.8991306,24,18,-93
1739723823.9451306,77,83,-103
1739723823.9911306,-2,-30,-5
1739723824.0371306,24,-67,-17
1739723824.082131,-19,53,-64
1739723824.128131,118,-18,-163
1739723824.174131,-28,-10,28
1739723824.2191308,52,42,-127
1739723824.2651308,33,9,-39
1739723824.3111308,-34,21,30
1739723824.3571308,-49,-27,-6
1739723824.4021306,21,47,106
1739723824.4481306,19,-5,35
1739723824.4941306,71,13,-73
1739723824.5391307,-28,6,24
1739723824.5851307,-81,-7,-10
1739723824.6311307,-8,-30,-195
1739723824.6771307,-8,9,-77
1739723824.7221308,-41,22,0
1739723824.7681308,17,-44,17
1739723824.8141308,-9,49,82
1739723824.8591306,-16,-51,15
1739723824.9051306,-34,73,4
1739723824.9511306,-12,-7,-12
1739723824.9971306,25,24,-19
1739723825.0421307,-26,5,-52
1739723825.0881307,-14,4,-145
1739723825.1391306,-15,38,-110
1739723825.1851306,43,62,140
1739723825.2311306,6,-22,-65
1739723825.2771306,26,-12,-93
1739723825.322131,84,-4,-133
1739723825.3681307,-17,-18,-22
1739723825.4141307,31,62,12
1739723825.4611306,-12,86,-66
1739723825.5061307,2,34,12
1739723825.5521307,30,-25,-103
1739723825.5981307,-60,59,0
1739723825.6431308,-24,-74,-47
1739723825.6891308,6,-34,-63
1739723825.7351308,-4,-4,-79
1739723825.7811308,-23,-7,-8
1739723825.8261306,54,-8,0
1739723825.8721306,-67,-15,68
1739723825.9181306,1,-31,-57
1739723825.9631307,5,23,-19
1739723826.0091307,9,-1,-127
1739723826.0551307,-2,87,-88
1739723826.1011307,99,-23,-107
1739723826.1461308,-39,30,4
1739723826.1921306,42,-41,-87
1739723826.2381306,-57,-38,-62
1739723826.2831306,46,11,-89
1739723826.3291306,53,18,207
1739723826.375131,-61,13,-18
1739723826.421131,-21,-42,-117
1739723826.4661307,12,54,34
1739723826.5121307,-54,7,0
1739723826.5581307,62,-1,-107
1739723826.6031306,-94,11,-96
1739723826.6491306,53,-21,-83
1739723826.6951306,8,-10,-189
1739723826.7411306,-28,-8,-78
1739723826.786131,-11,-31,-59
1739723826.832131,29,-21,-133
1739723826.878131,15,38,-31
1739723826.9231308,-6,-54,-41
1739723826.9691308,19,74,-123
1739723827.0151308,10,40,-59
1739723827.0611308,57,-58,-27
1739723827.1061306,30,-13,-61
1739723827.1521306,-90,13,-60
1739723827.1981306,3,-1,128
1739723827.2431307,-41,-2,-59
1739723827.2891307,81,-8,-35
1739723827.3351307,-44,8,-88
1739723827.3811307,-83,5,8
1739723827.4261308,7,-34,63
1739723827.4721308,11,54,40
1739723827.5181308,85,-34,27
1739723827.5631306,64,91,-22
1739723827.6091306,24,83,16
1739723827.6551306,-22,-5,-48
1739723827.7011306,-73,-28,2
1739723827.7461307,-16,59,-50
1739723827.7921307,63,-18,39
1739723827.8381307,29,-47,-53
1739723827.8831308,40,-43,-95
1739723827.9291308,-75,13,-24
1739723827.9751308,79,-9,59
1739723828.0211308,16,-37,-119
1739723828.0661306,4,-48,7
1739723828.1121306,30,-15,5
1739723828.1581306,54,40,-59
1739723828.2031307,7,12,-59
1739723828.2491307,-54,38,-96
1739723828.2951307,6,-24,-163
1739723828.3411307,49,39,-27
1739723828.3861306,18,-19,29
1739723828.4321306,77,71,-111
1739723828.4781306,-46,-22,-74
1739723828.523131,-81,-51,-68
1739723828.569131,0,-49,-139
1739723828.615131,11,-14,-161
1739723828.661131,89,6,-19
1739723828.7061307,-4,-12,-75
1739723828.7521307,-86,-2,2
1739723828.7981308,33,21,-229
1739723828.8431306,15,40,21
1739723828.8891306,-44,-24,-54
1739723828.9351306,28,9,-69
1739723828.9811306,-45,31,-90
1739723829.026131,-18,49,0
1739723829.072131,-21,29,-34
1739723829.1181307,-13,42,30
1739723829.1631308,-6,25,-52
1739723829.2091308,41,-27,73
1739723829.2551308,8,6,-23
1739723829.3011308,9,-38,-109
1739723829.3461306,45,-84,3
1739723829.3921306,49,81,-45
1739723829.4381306,2,11,-29
1739723829.4831307,0,64,-149
1739723829.5291307,-55,-21,-72
1739723829.5751307,41,-37,-99
1739723829.6211307,7,-12,-65
1739723829.6661308,-12,0,-12
1739723829.7121308,3,-13,19
1739723829.7581308,79,-30,-89
1739723829.8031306,-12,-45,18
1739723829.8491306,34,55,-63
1739723829.8951306,6,27,-75
1739723829.9411306,-5,-38,-53
1739723829.9861307,-43,61,-112
1739723830.0321307,-33,-26,0
1739723830.0781307,-15,-55,44
1739723830.1231308,-61,2,-86
1739723830.1691308,-8,-20,-63
1739723830.2151306,-18,-38,-131
1739723830.2611306,20,-36,-111
1739723830.3061306,44,15,23
1739723830.352131,-5,37,-151
1739723830.398131,-11,-55,-81
1739723830.4431307,11,-14,-5
1739723830.4891307,-34,19,102
1739723830.5351307,26,22,47
1739723830.5811307,-15,-10,-8
1739723830.6261306,-59,7,-46
1739723830.6721306,67,-17,35
1739723830.7181306,5,-62,-129
1739723830.763131,49,53,47
1739723830.809131,9,32,-13
1739723830.855131,-15,30,-5
1739723830.901131,-37,-35,-26
1739723830.9461308,4,-19,20
1739723830.9921308,-27,-35,40
1739723831.0381308,-2,79,-9
1739723831.0831306,45,0,93
1739723831.1291306,-3,28,-11
1739723831.1751306,-36,11,-100
1739723831.2201307,-50,39,-130
1739723831.2661307,-47,6,-14
1739723831.3121307,8,-14,-47
1739723831.3581307,-26,10,42
1739723831.4031308,8,-60,-10
1739723831.4491308,-18,-16,-12
1739723831.4951308,38,4,-81
1739723831.5401306,-32,-25,-196
1739723831.5861306,-51,5,46
1739723831.6321306,-23,34,-16
1739723831.6781306,1,-61,-72
1739723831.7231307,66,32,-89
1739723831.7691307,5,-9,84
1739723831.8151307,-5,31,-93
1739723831.8601308,-26,70,-148
1739723831.9061308,4,21,7
1739723831.9521308,34,37,-119
1739723831.9981308,-52,26,-12
1739723832.0431306,-21,33,-58
1739723832.0891306,-49,47,-66
1739723832.1351306,73,-13,-3
1739723832.1801307,43,42,-21
1739723832.2261307,10,-18,-223
1739723832.2721307,13,-27,-15
1739723832.3181307,56,44,69
1739723832.3631306,11,6,-185
1739723832.4091306,-15,-61,-187
1739723832.4551306,-51,-19,-90
1739723832.500131,16,21,-137
1739723832.546131,26,28,-83
1739723832.592131,-30,-20,-84
1739723832.638131,-16,8,2
1739723832.6831307,-39,-61,-38
1739723832.7291307,-28,40,0
1739723832.7751307,54,48,-36
1739723832.8201306,84,48,14
1739723832.8661306,-34,25,-95
1739723832.9121306,7,37,-5
1739723832.9581306,3,21,31
1739723833.003131,-39,-5,-190
1739723833.049131,76,0,-29
1739723833.0951307,28,56,-78
1739723833.1401308,55,7,-92
1739723833.1861308,-30,32,-33
1739723833.2321308,-80,-3,-25
1739723833.2781308,12,2,-88
1739723833.3231306,-22,-66,42
1739723833.3691306,-102,-5,9
1739723833.4151306,-81,-27,-67
1739723833.4601307,-11,25,-115
1739723833.5061307,29,48,-16
1739723833.5521307,-13,-11,-158
1739723833.5981307,71,-13,-36
1739723833.6431308,-34,-16,-135
1739723833.6891308,89,-16,-122
1739723833.7351308,11,-91,0
1739723833.7801306,5,-22,-110
1739723833.8261306,84,126,-84
1739723833.8721306,-36,84,-81
1739723833.9181306,-81,-5,-17
1739723833.9631307,-103,25,-123
1739723834.0091307,76,-22,-24
1739723834.0551307,16,19,-98
1739723834.1001308,-5,4,-15
1739723834.1461308,29,11,8
1739723834.1921306,-32,-42,-1
1739723834.2381306,-18,41,47
1739723834.2831306,-2,48,0
1739723834.3291306,-38,54,-13
1739723834.375131,0,107,-52
1739723834.4201307,7,-54,12
1739723834.4661307,3,-48,12
1739723834.5121307,-51,-33,-51
1739723834.5581307,-38,13,-59
1739723834.6031306,-40,-25,-190
1739723834.6491306,-35,-22,13
1739723834.6951306,-67,34,49
1739723834.740131,40,-6,-2
1739723834.786131,-8,23,-152
1739723834.832131,-67,32,23
1739723834.878131,-7,-20,-48
1739723834.9231308,-8,49,-50
1739723834.9691308,-48,-54,-55
1739723835.0151308,76,57,-86
1739723835.0601306,-35,-38,49
1739723835.1061306,37,-10,0
1739723835.1581306,56,34,100
1739723835.2031307,-12,-82,-25
1739723835.2491307,6,-3,30
1739723835.2951307,-52,42,11
1739723835.3401306,34,21,-68
1739723835.3861306,-28,40,-25
1739723835.4321306,-39,32,-3
1739723835.4781306,-8,-32,-123
1739723835.523131,-18,41,-39
1739723835.569131,11,-22,-14
1739723835.615131,-59,-4,-37
1739723835.6601307,-8,35,-98
1739723835.7061307,-79,-1,-227
1739723835.7521307,21,71,-124
1739723835.7981308,10,-59,-58
1739723835.8431306,26,-3,68
1739723835.8891306,-71,-57,-73
1739723835.9351306,-21,69,-16
1739723835.980131,-3,4,-5
1739723836.026131,-29,-10,0
1739723836.072131,134,12,48
1739723836.1161306,-32,69,-116
1739723836.1621306,-17,-10,71
1739723836.2081306,-15,4,-59
1739723836.2541306,-2,40,-90
1739723836.299131,36,-16,16
1739723836.3451307,-9,-62,-23
1739723836.3911307,31,15,-102
1739723836.4361308,21,97,10
1739723836.4821308,49,-16,-44
1739723836.5281308,24,-6,-34
1739723836.5741308,-59,22,-121
1739723836.6191306,56,32,-124
1739723836.6651306,-25,-5,-39
1739723836.7111306,-26,-71,-39
1739723836.7561307,44,31,-64
1739723836.8021307,-175,42,-117
1739723836.8481307,-59,63,-75
1739723836.8941307,-23,-5,35
1739723836.9391308,-15,-8,35
1739723836.9851308,56,-78,-23
1739723837.0311308,-18,67,26
1739723837.0761306,13,-11,56
1739723837.1221306,3,21,34
1739723837.1681306,91,-32,-72
1739723837.2141306,31,45,-118
1739723837.2591307,22,39,0
1739723837.3051307,0,-33,-125
1739723837.3511307,103,6,-74
1739723837.3961308,12,-6,-42
1739723837.4421306,23,18,-20
1739723837.4881306,0,-1,29
1739723837.5341306,18,-5,2
1739723837.5791306,33,29,-76
1739723837.625131,-21,-34,-113
1739723837.671131,85,0,6
1739723837.7161307,-17,-8,-69
1739723837.7621307,39,-37,-102
1739723837.8081307,-74,41,5
1739723837.8541307,34,9,-120
1739723837.8991306,-18,14,15
1739723837.9451306,-65,-7,-53
1739723837.9911306,-22,-17,19
1739723838.036131,-41,-35,37
1739723838.082131,1,-23,-13
1739723838.128131,-59,-58,-15
1739723838.174131,33,-15,-42
1739723838.2191308,-7,-50,21
1739723838.2651308,7,-10,-50
1739723838.3111308,-64,56,-117
1739723838.3561306,-83,24,-11
1739723838.4021306,-53,9,-11
1739723838.4481306,-25,-63,-77
1739723838.4941306,-24,50,-72
1739723838.5391307,40,4,-66
1739723838.5851307,6,9,103
1739723838.6311307,61,-2,-72
1739723838.6761308,20,21,-134
1739723838.7221308,-30,24,-152
1739723838.7681308,2,13,45
1739723838.8141308,22,-30,36
1739723838.8591306,-48,-38,-105
1739723838.9051306,-84,42,-51
1739723838.9511306,38,63,2
1739723838.9961307,47,-30,24
1739723839.0421307,8,-32,-130
1739723839.0881307,-44,-12,-75
1739723839.1341307,-54,-102,-9
1739723839.1791308,20,1,-134
1739723839.2251308,-42,68,118
1739723839.2711308,-16,4,-42
1739723839.3161306,-30,6,-159
1739723839.3621306,65,-38,41
1739723839.4081306,-27,0,-57
1739723839.4541306,48,-44,-77
1739723839.4991307,43,34,-39
1739723839.5451307,56,0,-127
1739723839.5911307,5,35,-14
1739723839.6361306,119,2,133
1739723839.6821306,-83,14,-136
1739723839.7281306,-10,56,-6
1739723839.7741306,64,69,-201
1739723839.819131,-86,9,-138
1739723839.865131,23,24,-77
1739723839.911131,49,-20,31
1739723839.9561307,36,-28,-23
1739723840.0021307,15,-3,-53
1739723840.0481308,5,7,-59
1739723840.0941308,-28,4,18
1739723840.1391306,30,15,-35
1739723840.1851306,2,-23,-97
1739723840.2311306,42,28,-47
1739723840.276131,-53,2,-30
1739723840.322131,-29,-69,88
1739723840.3681307,-13,-39,84
1739723840.4141307,30,0,-27
1739723840.4591308,-6,-14,-2
1739723840.5051308,-12,-3,86
1739723840.5511308,-18,69,-36
1739723840.5961306,19,-26,-115
1739723840.6421306,2,-70,-107
1739723840.6881306,57,58,89
1739723840.7331307,-23,23,-44
1739723840.7791307,21,-18,-147
1739723840.8251307,-14,-51,-163
1739723840.8711307,-1,-8,-113
1739723840.9161308,-20,23,30
1739723840.9621308,19,31,37
1739723841.0081308,-33,13,-68
1739723841.0541308,75,17,43
1739723841.0991306,-5,49,-18
1739723841.1451306,-32,47,12
1739723841.1911306,-3,103,-4
1739723841.2361307,-52,-21,4
1739723841.2821307,7,49,20
1739723841.3281307,25,-33,-55
1739723841.3731308,8,0,-101
1739723841.4191308,33,19,116
1739723841.4651306,18,-27,-41
1739723841.5111306,35,51,-109
1739723841.5561306,-30,-18,-149
1739723841.602131,-18,1,-30
1739723841.648131,-11,-72,-91
1739723841.6931307,15,-5,29
1739723841.7391307,-69,1,34
1739723841.7851307,-68,50,-32
1739723841.8311307,-9,-15,42
1739723841.8761306,-49,13,94
1739723841.9221306,25,-4,31
1739723841.9681306,12,14,-101
1739723842.013131,-50,-17,0
1739723842.059131,30,-11,-1
1739723842.105131,-49,-1,-46
1739723842.151131,76,69,31
1739723842.1961308,61,-48,-115
1739723842.2421308,-8,-40,11
1739723842.2881308,-52,-21,-126
1739723842.3331306,60,25,31
1739723842.3791306,-7,21,72
1739723842.4251306,-33,-30,-57
1739723842.4711306,-17,40,-64
1739723842.5161307,-37,-39,-109
1739723842.5621307,64,-55,23
1739723842.6081307,13,-21,56
1739723842.6531308,74,-2,110
1739723842.6991308,-1,0,-151
1739723842.7451308,38,-14,-23
1739723842.7911308,-8,-54,57
1739723842.8361306,-76,106,-58
1739723842.8821306,-9,-5,114
1739723842.9281306,46,55,-29
1739723842.9731307,23,-4,-33
1739723843.0191307,0,32,-113
1739723843.0651307,-37,11,-10
1739723843.1111307,9,26,-111
1739723843.1561308,38,24,88
1739723843.2021308,8,77,8
1739723843.2481308,0,85,-92
1739723843.2931306,0,-49,-113
1739723843.3391306,11,50,-97
1739723843.3851306,28,-23,-109
1739723843.4311306,88,13,-81
1739723843.4761307,9,-18,-27
1739723843.5221307,5,-28,33
1739723843.5681307,-63,-110,-65
1739723843.6131306,56,-25,125
1739723843.6591306,-87,18,-76
1739723843.7051306,-21,9,-97
1739723843.7511306,-24,3,-72
1739723843.796131,32,17,-99
1739723843.842131,-65,-11,-8
1739723843.888131,-17,69,58
1739723843.9331307,-19,-26,2
1739723843.9791307,70,52,-47
1739723844.0251307,55,64,-41
1739723844.0711308,95,-23,-61
1739723844.1161306,-23,64,-48
1739723844.1621306,20,17,-25
1739723844.2081306,-30,6,96
1739723844.253131,-54,-21,4
1739723844.299131,11,-4,-51
1739723844.3451307,-79,33,6
1739723844.3911307,-8,-1,-39
1739723844.4361308,-5,18,26
1739723844.4821308,54,-21,29
1739723844.5281308,56,50,-3
1739723844.5731306,-47,8,-30
1739723844.6191306,8,73,35
1739723844.6651306,40,8,-5
1739723844.7111306,-71,-16,16
1739723844.7561307,-14,50,-129
1739723844.8021307,-5,-58,-102
1739723844.8481307,33,29,-45
1739723844.8931308,-24,-13,-42
1739723844.9391308,8,-14,-55
1739723844.9851308,-5,47,-53
1739723845.0311308,-21,73,-79
1739723845.0761306,-36,-66,-50
1739723845.1221306,-35,61,33
1739723845.1731308,90,61,-67
1739723845.2191308,70,-6,-107
1739723845.2651308,34,-20,-27
1739723845.3111308,54,6,-25
1739723845.3561306,-16,-57,-149
1739723845.4021306,-103,-16,-82
1739723845.4481306,-1,-6,72
1739723845.4931307,-23,7,-45
1739723845.5391307,-92,88,56
1739723845.5851307,-51,90,94
1739723845.6311307,68,-65,-73
1739723845.6761308,-40,-31,-83
1739723845.7221308,-33,-12,-63
1739723845.7681308,10,-26,-59
1739723845.8131306,80,14,-91
1739723845.8591306,-13,10,-87
1739723845.9051306,78,77,-50
1739723845.9511306,24,-14,-28
1739723845.9961307,-13,-3,-120
1739723846.0421307,-9,23,-116
1739723846.0881307,5,-98,-26
1739723846.1331308,-17,-59,-8
1739723846.1791308,-7,-62,10
1739723846.2251308,-15,12,-126
1739723846.2711308,-40,-90,-94
1739723846.3161306,-24,21,-5
1739723846.3621306,0,20,0
1739723846.4081306,-47,39,-106
1739723846.4531307,-64,-30,13
1739723846.4991307,33,-72,0
1739723846.5451307,71,-19,-140
1739723846.5911307,-7,13,-23
1739723846.6361306,-18,-10,-138
1739723846.6821306,4,3,-30
1739723846.7281306,28,42,-7
1739723846.773131,-1,-21,-24
1739723846.819131,39,60,-125
1739723846.865131,-53,2,33
1739723846.911131,-2,-14,-36
1739723846.9561307,-2,-28,8
1739723847.0021307,-57,42,23
1739723847.0481308,49,6,-62
1739723847.0931306,-61,53,-167
1739723847.1391306,88,-18,84
1739723847.1851306,-38,-9,-25
1739723847.2311306,-29,-37,3
1739723847.276131,-90,-22,-85
1739723847.322131,-15,-49,-86
1739723847.3681307,-34,124,-89
1739723847.4131308,-91,-17,23
1739723847.4591308,-77,-7,-23
1739723847.5051308,16,-80,-32
1739723847.5511308,9,124,-13
1739723847.5961306,-10,102,-217
1739723847.6421306,-21,-14,-6
1739723847.6881306,-87,31,29
1739723847.7331307,17,-44,-6
1739723847.7791307,-3,10,-56
1739723847.8251307,37,32,-25
1739723847.8711307,17,-47,-90
1739723847.9161308,60,11,22
1739723847.9621308,-30,3,-78
1739723848.0081308,-25,78,-67
1739723848.0531306,26,-23,24
1739723848.0991306,-6,-8,0
1739723848.1451306,46,41,-64
1739723848.1911306,31,62,-142
1739723848.2361307,-68,4,-65
1739723848.2821307,36,22,-12
1739723848.3281307,-60,5,-67
1739723848.3731308,18,-3,133
1739723848.4191308,53,-45,-30
1739723848.4651306,74,0,-44
1739723848.5111306,-122,52,69
1739723848.5561306,-31,12,-35
1739723848.602131,-18,6,79
1739723848.648131,0,-23,-18
1739723848.6931307,-96,24,-85
1739723848.7391307,8,-40,-106
1739723848.7851307,-85,-63,-36
1739723848.8311307,-38,104,-59
1739723848.8761306,-18,-22,-140
1739723848.9221306,36,-14,-42
1739723848.9681306,56,-29,-34
1739723849.013131,-44,34,-49
1739723849.059131,-4,30,39
1739723849.105131,28,100,37
1739723849.151131,60,13,-84
1739723849.1961308,-74,-4,-1
1739723849.2421308,58,-15,52
1739723849.2881308,28,-29,-144
1739723849.3331306,-1,0,-120
1739723849.3791306,21,25,-30
1739723849.4251306,-9,-5,-25
1739723849.4711306,24,30,-106
1739723849.5161307,59,-92,-142
1739723849.5621307,-19,-30,-70
1739723849.6081307,14,54,-77
1739723849.6531308,90,-16,94
1739723849.6991308,17,-3,-42
1739723849.7451308,-51,41,-63
1739723849.7911308,-33,-40,-102
1739723849.8361306,-81,44,-33
1739723849.8821306,34,-54,-174
1739723849.9281306,-24,-64,48
1739723849.9731307,11,48,33
1739723850.0191307,6,-14,-4
1739723850.0651307,-35,39,11
1739723850.1111307,53,-35,-52
1739723850.1561308,32,41,5
1739723850.2021308,100,-100,-54
1739723850.2481308,24,73,-49
1739723850.2931306,40,54,-122
1739723850.3391306,-17,10,-67
1739723850.3851306,-70,38,-29
1739723850.4311306,47,-46,-12
1739723850.4761307,-14,-41,101
1739723850.5221307,-3,-14,65
1739723850.5681307,4,-42,12
1739723850.6131306,64,-34,-80
1739723850.6591306,-43,-37,-9
1739723850.7051306,-29,40,-53
1739723850.7511306,74,23,-44
1739723850.796131,-1,-67,-144
1739723850.842131,0,-27,-148
1739723850.888131,42,3,-34
1739723850.9331307,46,1,-6
1739723850.9791307,-3,-26,34
1739723851.0251307,-1,-67,50
1739723851.0711308,73,29,90
1739723851.1161306,-32,81,-81
1739723851.1621306,-43,-4,113
1739723851.2081306,30,-13,-10
1739723851.253131,3,-29,-110
1739723851.299131,46,-66,-6
1739723851.3451307,30,-29,-16
1739723851.3901308,-34,75,-113
1739723851.4361308,-2,-71,-94
1739723851.4821308,57,5,32
1739723851.5281308,-21,11,0
1739723851.5731306,-50,31,141
1739723851.6191306,-57,16,-41
1739723851.6651306,48,-28,-76
1739723851.7101307,20,-26,-26
1739723851.7561307,-2,30,-105
1739723851.8021307,42,14,-166
1739723851.8481307,37,6,-108
1739723851.8931308,-2,-85,-68
1739723851.9391308,13,-35,90
1739723851.9851308,41,4,-26
1739723852.0301306,57,34,-22
1739723852.0761306,-80,-29,-145
1739723852.1221306,-52,-7,9
1739723852.1681306,18,-38,-12
1739723852.2131307,24,40,-179
1739723852.2591307,65,-32,-12
1739723852.3051307,10,-38,-22
1739723852.3501308,29,19,-4
1739723852.3961308,34,27,-148
1739723852.4421306,20,-52,-6
1739723852.4881306,-7,-14,-101
1739723852.5331306,6,106,-44
1739723852.5791306,-4,-22,11
1739723852.625131,-13,24,-14
1739723852.6701307,-21,13,-43
1739723852.7161307,-71,26,-72
1739723852.7621307,-23,13,32
1739723852.8081307,18,-54,5
1739723852.8531306,106,-42,23
1739723852.8991306,-9,-5,14
1739723852.9451306,-33,-14,-23
1739723852.990131,-43,-43,-175
1739723853.036131,22,29,9
1739723853.082131,51,-8,-65
1739723853.128131,48,-28,7
1739723853.1731308,9,35,-65
1739723853.2191308,-27,12,-143
1739723853.2651308,-31,57,-36
1739723853.3101306,0,-17,32
1739723853.3561306,59,7,-47
1739723853.4021306,-19,-28,-53
1739723853.4481306,53,62,95
1739723853.4931307,-15,8,-12
1739723853.5391307,70,52,71
1739723853.5851307,-11,-17,-55
1739723853.6301308,-43,-41,-65
1739723853.6761308,20,-10,-103
1739723853.7221308,19,-48,-121
1739723853.7681308,65,6,-23
1739723853.8131306,7,71,-163
1739723853.8591306,29,58,-65
1739723853.9051306,1,24,-75
1739723853.9501307,-12,40,-157
1739723853.9961307,23,-38,-55
1739723854.0421307,10,-18,-199
1739723854.0881307,-23,7,-91
1739723854.1331308,-53,-53,-81
1739723854.1791308,-52,-5,-36
1739723854.2251308,49,55,-25
1739723854.2701306,-26,-15,-177
1739723854.3161306,-46,83,-26
1739723854.3621306,-27,20,-73
1739723854.4081306,-1,-63,-145
1739723854.4531307,-58,-77,-45
1739723854.4991307,31,5,-39
1739723854.5451307,54,-3,11
1739723854.5901306,72,0,9
1739723854.6361306,21,61,62
1739723854.6821306,19,49,-93
1739723854.7281306,6,-28,-3
1739723854.773131,75,21,-25
1739723854.819131,38,-26,-53
1739723854.865131,47,-22,-43
1739723854.9101307,38,55,-85
1739723854.9561307,-71,26,24
1739723855.0021307,-66,-31,-9
1739723855.0481308,-19,25,-72
1739723855.0931306,-28,32,-6
1739723855.1451306,-24,46,14
1739723855.1901307,-17,-16,-49
1739723855.2361307,70,-67,-35
1739723855.2821307,57,19,-171
1739723855.3281307,0,36,-105
1739723855.3731308,33,-44,-77
1739723855.4191308,-4,-30,-17
1739723855.4651306,-62,-6,16
1739723855.5101306,12,30,-18
1739723855.5561306,-12,-7,112
1739723855.602131,87,17,-49
1739723855.648131,-50,9,-20
1739723855.6931307,12,68,26
1739723855.7391307,57,-37,-155
1739723855.7851307,85,-10,92
1739723855.8301306,-12,-9,-41
1739723855.8761306,-28,8,8
1739723855.9221306,46,-38,43
1739723855.9681306,26,2,-127
1739723856.013131,-18,-6,13
1739723856.059131,40,-12,19
1739723856.105131,-135,33,44
1739723856.1501307,-72,5,58
1739723856.1961308,-76,109,-2
1739723856.2421308,-47,31,28
1739723856.2881308,-15,10,-163
1739723856.3331306,-52,-31,-91
1739723856.3791306,2,-37,-55
1739723856.4251306,36,-16,-159
1739723856.4701307,43,-4,-87
1739723856.5161307,74,11,-36
1739723856.5621307,-7,11,-87
1739723856.6081307,-26,3,14
1739723856.6531308,-35,-12,-53
1739723856.6991308,-15,-2,-89
1739723856.7451308,-43,-59,-31
1739723856.7901306,28,-65,-11
1739723856.8361306,-55,-27,-25
1739723856.8821306,-53,-11,-31
1739723856.9281306,22,-38,-121
1739723856.9731307,8,-77,-33
1739723857.0191307,5,25,-89
1739723857.0651307,-1,12,-139
1739723857.1101308,22,55,66
1739723857.1561308,9,-60,-129
1739723857.2021308,-19,-16,-30
1739723857.2481308,70,-17,-37
1739723857.2931306,-47,-26,134
1739723857.3391306,101,-52,-89
1739723857.3851306,-61,-42,28
1739723857.4301307,-23,-3,-20
1739723857.4761307,19,-72,-47
1739723857.5221307,14,131,40
1739723857.5681307,-3,12,-67
1739723857.6131306,9,-4,-153
1739723857.6591306,-22,29,-56
1739723857.7051306,-19,0,-39
1739723857.750131,40,-10,-131
1739723857.796131,0,14,-63
1739723857.842131,-78,-48,-77
1739723857.888131,3,-6,-45
1739723857.9331307,-57,-38,1
1739723857.9791307,46,-1,-111
1739723858.0251307,31,20,-62
1739723858.0701306,29,24,-100
1739723858.1161306,32,58,-34
1739723858.1621306,78,-100,65
1739723858.2081306,-36,-35,-25
1739723858.253131,-79,-12,-39
1739723858.299131,19,-1,-41
1739723858.3451307,-35,-87,-79
1739723858.3901308,50,-112,-39
1739723858.4361308,-17,-27,-125
1739723858.4821308,-7,-67,-79
1739723858.5281308,55,18,0
1739723858.5731306,-29,9,-143
1739723858.6191306,5,-70,-95
1739723858.6651306,89,34,-88
1739723858.7101307,-22,76,-62
1739723858.7561307,26,32,-36
1739723858.8021307,14,4,-91
1739723858.8481307,-26,-65,-99
1739723858.8931308,29,5,-127
1739723858.9391308,-67,-24,-111
1739723858.9851308,-39,-14,-140
1739723859.0301306,10,-82,-100
1739723859.0761306,-121,89,-127
1739723859.1221306,13,23,59
1739723859.1681306,-25,-40,38
1739723859.2131307,71,72,-59
1739723859.2591307,20,-24,-68
1739723859.3051307,20,5,-84
1739723859.3501308,22,-28,-72
1739723859.3961308,-12,58,-132
1739723859.4421306,23,-6,-137
1739723859.4881306,55,4,-102
1739723859.5331306,-6,6,19
1739723859.5791306,-21,9,21
1739723859.625131,66,42,-29
1739723859.6701307,32,-29,-22
1739723859.7161307,27,-21,-28
1739723859.7621307,-46,-32,-44
1739723859.8081307,20,-26,-2
1739723859.8531306,-1,-12,-28
1739723859.8991306,-13,24,-124
1739723859.9451306,78,8,10
1739723859.990131,130,-21,-78
1739723860.036131,39,-6,-138
1739723860.082131,24,-93,8
1739723860.128131,35,10,-8
1739723860.1731308,-43,-16,-32
1739723860.2191308,-35,-28,-5
1739723860.2651308,27,-19,48
1739723860.3101306,-51,17,-87
1739723860.3561306,13,-73,-46
1739723860.4021306,8,55,-127
1739723860.4481306,-6,43,-7
1739723860.4931307,-32,-18,-74
1739723860.5391307,-45,69,-97
1739723860.5851307,-42,-6,77
1739723860.6301308,24,-36,42
1739723860.6761308,34,0,4
1739723860.7221308,95,10,-178
1739723860.7681308,19,-13,4
1739723860.8131306,-61,25,-27
1739723860.8591306,-16,0,-65
1739723860.9051306,17,17,-6
1739723860.9501307,-32,-99,-143
1739723860.9961307,21,17,-70
1739723861.0421307,68,16,-46
1739723861.0881307,42,66,-72
1739723861.1331308,41,16,44
1739723861.1791308,10,-6,-20
1739723861.2251308,-84,-65,-47
1739723861.2701306,-40,28,-11
1739723861.3161306,-18,69,11
1739723861.3621306,-25,19,-75
1739723861.4071307,29,1,8
1739723861.4531307,-6,-2,-86
1739723861.4991307,-55,10,-93
1739723861.5451307,2,60,-48
1739723861.5901306,-12,-45,-27
1739723861.6361306,-50,-11,-31
1739723861.6821306,-31,18,-63
1739723861.727131,-56,129,-185
1739723861.773131,21,4,-38
1739723861.819131,12,24,-66
1739723861.865131,-3,-28,27
1739723861.9101307,-10,-58,-31
1739723861.9561307,3,-37,-72
1739723862.0021307,-44,1,-125
1739723862.0471306,75,84,-38
1739723862.0931306,38,-3,-30
1739723862.1391306,-48,31,-113
1739723862.1851306,21,15,-2
1739723862.2291307,13,38,75
1739723862.2751307,-10,-35,-68
1739723862.3211308,-37,-15,-19
1739723862.3661306,63,31,10
1739723862.4121306,45,31,0
1739723862.4581306,10,-48,60
1739723862.503131,17,11,-36
1739723862.549131,21,21,28
1739723862.5951307,35,-64,6
1739723862.6411307,-28,1,13
1739723862.6861308,12,83,58
1739723862.7321308,36,33,-46
1739723862.7781308,-9,-25,-160
1739723862.8231306,-44,-26,-65
1739723862.8691306,82,-39,-96
1739723862.9151306,-16,24,7
1739723862.9611306,-4,-16,-66
1739723863.0061307,20,47,-4
1739723863.0521307,36,-5,10
1739723863.0981307,-2,-53,-109
1739723863.1431308,-8,-15,3
1739723863.1891308,-28,-27,49
1739723863.2351308,-108,-7,-67
1739723863.2811308,-27,4,-3
1739723863.3261306,-53,-60,-157
1739723863.3721306,-71,10,-3
1739723863.4181306,-9,-9,13
1739723863.4631307,49,25,2
1739723863.5091307,95,-9,-86
1739723863.5551307,-35,31,33
1739723863.6011307,-16,14,-259
1739723863.6461308,-88,97,-127
1739723863.6921306,19,71,-20
1739723863.7381306,102,15,-14
1739723863.7831306,98,-12,-120
1739723863.8291306,8,-56,-94
1739723863.875131,25,30,58
1739723863.921131,15,-69,-214
1739723863.9661307,-54,-21,17
1739723864.0121307,3,-1,18
1739723864.0581307,-69,30,167
1739723864.1031306,28,6,-82
1739723864.1491306,-70,20,63
1739723864.1951306,-32,36,-3
1739723864.2411306,48,15,96
1739723864.286131,-11,11,-76
1739723864.332131,-4,-44,69
1739723864.378131,9,-24,26
1739723864.4231308,-33,-4,-87
1739723864.4691308,-35,-34,-41
1739723864.5151308,-18,43,0
1739723864.5611308,-60,71,-132
1739723864.6061306,-9,-11,-57
1739723864.6521306,6,0,-73
1739723864.6981306,-100,50,-112
1739723864.7431307,1,11,-119
1739723864.7891307,29,26,-31
1739723864.8351307,15,34,20
1739723864.8811307,113,24,-57
1739723864.9261308,-86,56,-58
1739723864.9721308,-44,14,-20
1739723865.0181308,-69,-21,-30
1739723865.0631306,19,73,-111
1739723865.1091306,-82,-27,96
1739723865.161131,22,-44,-139
1739723865.2061307,-19,-6,-35
1739723865.2521307,-22,-1,86
1739723865.2981308,-54,-27,-95
1739723865.3431306,-17,6,24
1739723865.3891306,-52,45,-46
1739723865.4351306,-15,-6,-91
1739723865.4811306,69,-3,-23
1739723865.526131,16,-17,-127
1739723865.572131,3,-9,-121
1739723865.6181307,87,-43,-115
1739723865.6631308,40,36,-5
1739723865.7091308,-39,46,92
1739723865.7551308,-49,7,-12
1739723865.8011308,31,45,-65
1739723865.8461306,30,7,-53
1739723865.8921306,-13,-25,-67
1739723865.9381306,-24,54,-105
1739723865.9831307,-19,35,4
1739723866.0291307,18,57,20
1739723866.0751307,-56,-3,-36
1739723866.1211307,-28,-7,-135
1739723866.1661308,35,23,-14
1739723866.2121308,-56,-21,-62
1739723866.2581308,3,-5,-67
1739723866.3031306,35,9,-35
1739723866.3491306,34,-28,-33
1739723866.3951306,0,-25,-145
1739723866.4411306,-53,15,6
1739723866.4861307,110,-18,-69
1739723866.5331306,27,38,-11
1739723866.5791306,24,8,21
1739723866.625131,14,-55,-169
1739723866.6701307,-16,-14,-55
1739723866.7161307,6,-34,-101
1739723866.7621307,-65,53,58
1739723866.8071306,42,-27,-87
1739723866.8531306,-37,33,-64
1739723866.8991306,28,11,-107
1739723866.9451306,19,76,44
1739723866.990131,5,-3,7
1739723867.036131,-48,-10,-115
1739723867.082131,2,-37,-105
1739723867.1271307,27,-4,-155
1739723867.1731308,-4,-8,-27
1739723867.2191308,21,11,80
1739723867.2651308,52,24,-69
1739723867.3101306,-21,15,4
1739723867.3561306,0,28,-22
1739723867.4021306,-90,-34,-24
1739723867.447131,1,34,-34
1739723867.4931307,51,79,-97
1739723867.5391307,-69,18,-54
1739723867.5851307,-35,27,-225
1739723867.6301308,31,-5,-79
1739723867.6761308,11,-30,-61
1739723867.7221308,-17,-40,-57
1739723867.7671306,35,-20,65
1739723867.8131306,129,15,-81
1739723867.8591306,37,-44,-101
1739723867.9051306,-25,-29,-7
1739723867.9501307,2,-37,-47
1739723867.9961307,82,12,-113
1739723868.0421307,-29,-12,40
1739723868.0871308,30,-2,-21
1739723868.1331308,1,-59,-137
1739723868.1791308,25,-8,80
1739723868.2251308,-56,52,-18
1739723868.2701306,-27,-29,-29
1739723868.3161306,-16,-24,-125
1739723868.3621306,67,-67,-79
1739723868.4071307,-10,58,-52
1739723868.4531307,-44,16,24
1739723868.4991307,-67,33,30
1739723868.5451307,42,70,-2
1739723868.5901306,-27,-45,-39
1739723868.6361306,33,19,-85
1739723868.6821306,7,49,-26
1739723868.727131,-68,23,20
1739723868.773131,31,11,-15
1739723868.819131,-50,-22,-105
1739723868.865131,81,2,-81
1739723868.9101307,-45,1,-192
1739723868.9561307,-49,-56,6
1739723869.0021307,128,-16,-81
1739723869.0471306,-43,-12,-65
1739723869.0931306,-71,5,-96
1739723869.1391306,57,64,106
1739723869.1851306,15,22,-77
1739723869.230131,-134,-3,-76
1739723869.276131,-77,75,-30
1739723869.322131,7,-30,90
1739723869.3671308,23,24,-23
1739723869.4131308,-45,-14,8
1739723869.4591308,-53,-29,-100
1739723869.5051308,20,-7,-27
1739723869.5501306,73,-23,-23
1739723869.5961306,-29,42,142
1739723869.6421306,113,-21,-75
1739723869.6871307,-36,27,-4
1739723869.7331307,-40,-15,-157
1739723869.7791307,-47,20,46
1739723869.8251307,-79,39,-118
1739723869.8701308,-21,-48,-95
1739723869.9161308,84,20,-155
1739723869.9621308,26,6,-13
1739723870.0071306,-32,14,-24
1739723870.0531306,-10,-3,-35
1739723870.0991306,45,-70,-63
1739723870.1451306,-37,-47,-125
1739723870.1901307,-2,24,12
1739723870.2361307,47,57,13
1739723870.2821307,-13,16,8
1739723870.3271308,-126,-62,-65
1739723870.3731308,76,19,-15
1739723870.4191308,16,11,5
1739723870.4651306,-63,17,-119
1739723870.5101306,77,-54,-61
1739723870.5561306,-23,-10,-35
1739723870.602131,4,29,-95
1739723870.6471307,-76,13,-87
1739723870.6931307,-9,3,-39
1739723870.7391307,-49,47,0
1739723870.7851307,30,64,13
1739723870.8301306,12,20,-39
1739723870.8761306,-22,75,-16
1739723870.9221306,-51,-17,14
1739723870.967131,6,-46,-81
1739723871.013131,-15,6,-43
1739723871.059131,68,73,57
1739723871.105131,-27,-21,-44
1739723871.1501307,-122,92,14
1739723871.1961308,0,24,4
1739723871.2421308,-30,-47,-85
1739723871.2871306,0,-2,-19
1739723871.3331306,14,30,50
1739723871.3791306,-34,53,18
1739723871.424131,44,36,-105
1739723871.4701307,-11,-9,-67
1739723871.5161307,-26,64,-102
1739723871.5621307,-45,28,-157
1739723871.6071308,-7,-30,-68
1739723871.6531308,47,21,-30
1739723871.6991308,51,-20,-106
1739723871.7441306,1,32,-124
1739723871.7901306,-6,29,21
1739723871.8361306,19,-76,12
1739723871.8821306,11,-4,11
1739723871.9271307,-114,70,-99
1739723871.9731307,13,20,-56
1739723872.0191307,-3,65,-1
1739723872.0641308,-46,-61,38
1739723872.1101308,34,0,11
1739723872.1561308,-54,-65,-74
1739723872.2021308,-19,27,69
1739723872.2471306,-26,-5,-54
1739723872.2931306,55,-37,-12
1739723872.3391306,39,-30,-70
1739723872.3841307,-5,12,17
1739723872.4301307,-22,-5,0
1739723872.4761307,-49,-14,-23
1739723872.5221307,-59,-12,-134
1739723872.5671306,45,-6,-120
1739723872.6131306,-26,-76,54
1739723872.6591306,52,40,22
1739723872.7041306,26,-37,-84
1739723872.750131,94,10,0
1739723872.796131,-52,4,55
1739723872.842131,-16,-107,-72
1739723872.8871307,-12,-21,-52
1739723872.9331307,-11,-3,-48
1739723872.9791307,-21,27,35
1739723873.0241306,5,9,-32
1739723873.0701306,59,19,-82
1739723873.1161306,0,-21,-110
1739723873.1621306,-49,85,27
1739723873.207131,53,46,-56
1739723873.253131,-5,39,-191
1739723873.299131,32,-43,-32
1739723873.3441308,16,-51,6
1739723873.3901308,34,-12,-114
1739723873.4361308,133,-58,-32
1739723873.4821308,13,34,97
1739723873.5271306,19,-58,4
1739723873.5731306,-10,-23,-62
1739723873.6191306,93,-50,-76
1739723873.6641307,17,-5,-66
1739723873.7101307,11,12,87
1739723873.7561307,-68,42,-109
1739723873.8021307,3,-7,-124
1739723873.8471308,22,-6,75
1739723873.8931308,20,53,57
1739723873.9391308,-3,2,-68
1739723873.9841306,10,-34,-118
1739723874.0301306,24,-3,86
1739723874.0761306,-28,-33,21
1739723874.1221306,-24,23,81
1739723874.1671307,0,0,-118
1739723874.2131307,-19,87,0
1739723874.2591307,-1,56,46
1739723874.3041308,-38,13,-139
1739723874.3501308,53,2,66
1739723874.3961308,-25,35,-5
1739723874.4421306,24,49,-38
1739723874.4871306,57,96,66
1739723874.5331306,31,-9,-108
1739723874.5791306,7,29,-12
1739723874.6241307,38,-77,59
1739723874.6701307,-23,17,-101
1739723874.7161307,-62,-38,-11
1739723874.7621307,-41,64,-196
1739723874.8071306,22,-18,-84
1739723874.8531306,-11,3,-70
1739723874.8991306,0,-35,-160
1739723874.944131,24,-22,-12
1739723874.990131,-61,-34,11
1739723875.036131,78,-40,64
1739723875.082131,24,-30,-90
1739723875.1271307,44,9,-44
1739723875.1791308,-88,5,-51
1739723875.2241306,52,8,-160
1739723875.2701306,-28,24,-13
1739723875.3161306,40,36,70
1739723875.3621306,-9,-9,-35
1739723875.4071307,-3,42,-5
1739723875.4531307,-99,-75,119
1739723875.4991307,66,4,-52
1739723875.5441308,4,-90,-44
1739723875.5901306,30,11,-250
1739723875.6361306,99,24,-40
1739723875.6821306,-9,59,-63
1739723875.727131,70,48,-68
1739723875.773131,-1,-12,-40
1739723875.819131,-73,24,-95
1739723875.8641307,-7,15,-50
1739723875.9101307,-49,23,-51
1739723875.9561307,13,16,30
1739723876.0021307,64,17,-2
1739723876.0471306,19,45,0
1739723876.0931306,-15,-23,-70
1739723876.1391306,6,37,-28
1739723876.184131,42,4,104
1739723876.230131,-102,-22,-63
1739723876.276131,-4,-18,35
1739723876.322131,-26,15,83
1739723876.3671308,3,-4,15
1739723876.4131308,-59,-7,15
1739723876.4591308,-32,-13,35
1739723876.5041306,-32,14,-6
1739723876.5501306,43,76,-64
1739723876.5961306,-25,-22,-16
1739723876.6421306,-140,9,29
1739723876.6871307,-84,58,3
1739723876.7331307,3,-32,-76
1739723876.7791307,18,8,-58
1739723876.8241308,46,10,-46
1739723876.8701308,-7,2,-60
1739723876.9161308,18,-18,133
1739723876.9621308,26,63,-28
1739723877.0071306,-102,117,-208
1739723877.0531306,45,29,12
1739723877.0991306,49,73,-32
1739723877.1441307,-52,29,-79
1739723877.1901307,-81,-64,-75
1739723877.2361307,42,-35,74
1739723877.2821307,100,-37,-148
1739723877.3271308,26,34,-26
1739723877.3731308,-4,-40,-7
1739723877.4191308,4,23,-84
1739723877.4641306,-31,-38,-31
1739723877.5101306,-3,63,-60
1739723877.5561306,-6,-50,15
1739723877.602131,-23,-21,-25
1739723877.6471307,-30,-43,-75
1739723877.6921306,-61,5,-49
1739723877.7381306,49,-2,-18
1739723877.7831306,-32,-4,-115
1739723877.8291306,-47,6,39
1739723877.875131,-4,-20,-53
1739723877.9201307,12,-2,-124
1739723877.9661307,-1,-59,-105
1739723878.0121307,54,-8,-56
1739723878.0581307,7,43,-92
1739723878.1031306,-17,1,-13
1739723878.1491306,24,-63,-22
1739723878.1951306,-70,60,-9
1739723878.240131,-102,-51,-101
1739723878.286131,22,53,66
1739723878.332131,-3,34,-109
1739723878.378131,11,20,-100
1739723878.4231308,-54,-43,57
1739723878.4691308,23,-26,-20
1739723878.5151308,-22,39,3
1739723878.5601306,8,-18,-20
1739723878.6061306,55,72,76
1739723878.6521306,-3,6,-76
1739723878.6981306,26,-37,-54
1739723878.7431307,-34,-28,-55
1739723878.7891307,52,-75,-156
1739723878.8351307,13,-11,-64
1739723878.8801308,18,82,74
1739723878.9261308,8,113,64
1739723878.9721308,-53,-78,-43
1739723879.0181308,-24,9,5
1739723879.0631306,21,-40,-99
1739723879.1091306,21,-28,39
1739723879.1551306,43,70,82
1739723879.2001307,7,-52,-67
1739723879.2461307,36,-34,61
1739723879.2921307,8,-20,-81
1739723879.3381307,-25,-21,-51
1739723879.3831308,-3,-12,-79
1739723879.4291308,49,1,-16
1739723879.4751308,-2,-2,-90
1739723879.5201306,-2,24,63
1739723879.5661306,-40,29,-125
1739723879.6121306,-55,-49,-133
1739723879.6581306,22,93,50
1739723879.7031307,0,40,-33
1739723879.7491307,-22,-15,-61
1739723879.7951307,-75,-18,-61
1739723879.8401306,69,24,-12
1739723879.8861306,-9,43,-88
1739723879.9321306,84,-37,-22
1739723879.9781306,12,89,-118
1739723880.023131,-86,-14,7
1739723880.069131,-11,60,-2
1739723880.115131,-2,8,-79
1739723880.1601307,20,-3,-63
1739723880.2061307,33,-13,-27
1739723880.2521307,-29,-53,-65
1739723880.2981308,-60,-44,-58
1739723880.3431306,66,-63,-129
1739723880.3891306,-17,-20,-2
1739723880.4351306,-43,32,60
1739723880.480131,65,-32,-71
1739723880.526131,-10,-3,-161
1739723880.572131,23,2,-63
1739723880.6171308,-47,5,-28
1739723880.6631308,-2,24,-77
1739723880.7091308,-28,-43,-82
1739723880.7551308,-8,-48,-64
1739723880.8001306,67,101,17
1739723880.8461306,-11,-7,0
1739723880.8921306,-54,-70,-6
1739723880.9371307,23,87,17
1739723880.9831307,49,-12,-83
1739723881.0291307,16,-57,-107
1739723881.0751307,-27,18,-113
1739723881.1201308,43,0,85
1739723881.1661308,-34,-4,-46
1739723881.2121308,-19,-8,-70
1739723881.2571306,-54,58,-14
1739723881.3031306,76,3,-93
1739723881.3491306,-74,-24,-68
1739723881.3951306,-3,16,-69
1739723881.4401307,16,9,-91
1739723881.4861307,38,-6,-103
1739723881.5321307,71,44,-151
1739723881.5771308,66,20,-33
1739723881.6231308,-33,-34,-103
1739723881.6691308,10,71,53
1739723881.7151306,-49,-50,-160
1739723881.7601306,8,6,-35
1739723881.8061306,-48,-14,106
1739723881.852131,100,32,-71
1739723881.8971307,-3,44,-81
1739723881.9431307,-28,109,-82
1739723881.9891307,14,12,21
1739723882.0351307,14,-17,-53
1739723882.0801306,-45,50,-38
1739723882.1261306,-18,12,-59
1739723882.1721306,51,41,-127
1739723882.217131,-23,-38,-114
1739723882.263131,22,6,-9
1739723882.309131,-16,1,-101
1739723882.355131,16,-88,-85
1739723882.4001307,-70,42,94
1739723882.4461308,54,61,11
1739723882.4921308,19,5,11
1739723882.5371306,-29,6,-24
1739723882.5831306,41,-29,-21
1739723882.6291306,-61,-18,-64
1739723882.6751306,-4,24,-49
1739723882.7201307,-40,-3,-44
1739723882.7661307,47,0,-119
1739723882.8121307,-8,11,-107
1739723882.8571308,28,10,-83
1739723882.9031308,39,-42,-15
1739723882.9491308,-25,48,4
1739723882.9951308,-15,50,-81
1739723883.0401306,6,25,-89
1739723883.0861306,16,-63,-115
1739723883.1321306,-27,46,-29
1739723883.1771307,19,-40,0
1739723883.2231307,-11,-37,-177
1739723883.2691307,-24,-13,-215
1739723883.3151307,-11,35,-1
1739723883.3601308,9,-54,-135
1739723883.4061308,78,-7,-47
1739723883.4521308,-19,61,-47
1739723883.4971306,-88,-95,-140
1739723883.5431306,-42,54,-123
1739723883.5891306,-11,46,-141
1739723883.6351306,43,-53,64
1739723883.6801307,13,-24,46
1739723883.7261307,23,-53,-72
1739723883.7721307,-38,-26,0
1739723883.8171306,44,10,20
1739723883.8631306,12,-58,-12
1739723883.9091306,89,-62,-9
1739723883.9551306,-26,-16,-57
1739723884.000131,-81,26,-149
1739723884.046131,-15,5,-29
1739723884.092131,18,22,-91
1739723884.1371307,-35,48,-87
1739723884.1831307,-67,-20,-1
1739723884.2291307,-29,-36,-36
1739723884.2751307,79,42,-63
1739723884.3201306,-42,41,-27
1739723884.3661306,-72,31,-61
1739723884.4121306,27,29,-81
1739723884.457131,-29,4,-179
1739723884.503131,-91,79,-49
1739723884.549131,38,-22,19
1739723884.5951307,16,78,-37
1739723884.6401308,39,55,-11
1739723884.6861308,12,-20,-15
1739723884.7321308,35,-24,4
1739723884.7771306,16,110,-37
1739723884.8231306,-17,48,-9
1739723884.8691306,-31,3,10
1739723884.9151306,11,18,25
1739723884.9601307,-45,22,-6
1739723885.0061307,-32,24,12
1739723885.0521307,121,-36,-83
1739723885.0971308,-79,-48,-20
1739723885.1431308,-48,25,-72
1739723885.1951306,-3,-46,60
1739723885.240131,6,41,-9
1739723885.286131,33,0,-15
1739723885.332131,-21,33,-175
1739723885.3771307,-4,-20,24
1739723885.4231308,32,9,27
1739723885.4691308,6,-104,37
1739723885.5151308,39,87,-33
1739723885.5601306,28,-4,-9
1739723885.6061306,-13,-11,-81
1739723885.6521306,59,-43,-151
1739723885.697131,32,-7,49
1739723885.7431307,49,13,23
1739723885.7891307,6,7,-39
1739723885.8351307,-32,24,34
1739723885.8801308,68,4,15
1739723885.9261308,-35,23,-100
1739723885.9721308,-30,-41,-60
1739723886.0171306,-9,35,-133
1739723886.0631306,-64,13,-148
1739723886.1091306,45,-68,-23
1739723886.1551306,-5,49,-119
1739723886.2001307,62,5,-21
1739723886.2461307,10,65,-109
1739723886.2921307,-5,-12,-25
1739723886.3371308,-73,40,-24
1739723886.3831308,30,-5,17
1739723886.4291308,30,94,-161
1739723886.4751308,14,-45,80
1739723886.5201306,10,-1,-43
1739723886.5661306,75,72,-77
1739723886.6121306,-10,9,-107
1739723886.6571307,121,-44,-111
1739723886.7031307,30,19,-33
1739723886.7491307,-16,10,-30
1739723886.7951307,-22,37,-42
1739723886.8401306,23,-28,17
1739723886.8861306,59,-17,-83
1739723886.9321306,-35,-20,138
1739723886.977131,65,27,-23
1739723887.023131,22,-6,-77
1739723887.069131,124,-13,13
1739723887.115131,-38,86,14
1739723887.1601307,-44,-27,-70
1739723887.2061307,3,19,-49
1739723887.2521307,48,-50,-57
1739723887.2971306,32,-2,-17
1739723887.3431306,53,79,-49
1739723887.3891306,13,-29,-179
1739723887.4351306,2,-66,-53
1739723887.480131,59,92,-17
1739723887.526131,-12,-51,-59
1739723887.572131,-26,-5,-72
1739723887.6171308,-32,-36,-6
1739723887.6631308,42,42,37
1739723887.7091308,32,-27,-122
1739723887.7551308,38,-1,0
1739723887.8001306,-45,-41,-34
1739723887.8461306,14,-23,9
1739723887.8921306,-34,22,172
1739723887.9371307,13,-15,-132
1739723887.9831307,-9,21,-1
1739723888.0291307,-18,36,-63
1739723888.0751307,35,23,0
1739723888.1201308,0,-27,-16
1739723888.1661308,-35,1,-45
1739723888.2121308,64,61,-152
1739723888.2571306,61,17,-82
1739723888.3031306,65,-20,0
1739723888.3491306,59,-33,-118
1739723888.3951306,-1,6,-38
1739723888.4401307,-14,-57,-70
1739723888.4861307,68,-32,-26
1739723888.5321307,-10,-56,-96
1739723888.5771308,-82,-1,51
1739723888.6231308,-42,-19,-37
1739723888.6691308,32,15,-14
1739723888.7151306,-35,-22,-35
1739723888.7601306,12,24,-30
1739723888.8061306,-30,-69,-65
1739723888.852131,-24,11,23
1739723888.8971307,28,36,-30
1739723888.9431307,-5,-38,25
1739723888.9891307,15,42,-112
1739723889.0351307,32,33,30
1739723889.0801306,0,-39,-92
1739723889.1261306,15,-55,92
1739723889.1721306,-59,48,-57
1739723889.217131,-22,-28,0
1739723889.263131,69,40,36
1739723889.309131,1,9,-134
1739723889.355131,76,-50,-118
1739723889.4001307,-11,3,-51
1739723889.4461308,-54,-57,-109
1739723889.4921308,-26,15,0
1739723889.5371306,35,41,-22
1739723889.5831306,-55,-37,95
1739723889.6291306,-3,16,-48
1739723889.6751306,48,21,14
1739723889.7201307,-47,-20,3
1739723889.7661307,-10,0,67
1739723889.8121307,47,-29,-96
1739723889.8571308,0,61,-52
1739723889.9031308,-62,-56,3
1739723889.9491308,107,7,50
1739723889.9951308,28,-19,45
1739723890.0401306,-65,-38,-39
1739723890.0861306,-2,8,-114
1739723890.1321306,-148,65,-63
1739723890.1771307,-6,-20,-78
1739723890.2231307,41,70,-56
1739723890.2691307,47,45,-48
1739723890.3151307,-40,-1,-69
1739723890.3601308,69,28,-58
1739723890.4061308,72,-8,-96
1739723890.4521308,-87,7,-37
1739723890.4971306,19,33,34
1739723890.5431306,26,81,2
1739723890.5891306,-66,70,5
1739723890.6351306,69,-14,-72
1739723890.6801307,5,-24,-29
1739723890.7261307,-15,30,-60
1739723890.7721307,-46,28,11
1739723890.8171306,94,6,-70
1739723890.8631306,-32,24,7
1739723890.9091306,110,16,-154
1739723890.9551306,-14,54,-2
1739723891.000131,-50,-30,65
1739723891.046131,-69,-90,-21
1739723891.092131,65,81,-106
1739723891.1371307,-43,-35,-105
1739723891.1831307,-36,-44,-43
1739723891.2291307,-25,-37,-3
1739723891.2741306,1,54,-14
1739723891.3201306,39,18,30
1739723891.3661306,-71,38,37
1739723891.4121306,114,-67,-128
1739723891.457131,-85,-31,-53
1739723891.503131,-18,57,-104
1739723891.549131,59,56,14
1739723891.5941308,-53,-35,-77
1739723891.6401308,0,-33,-62
1739723891.6861308,-59,8,-35
1739723891.7321308,13,-11,-122
1739723891.7771306,-36,100,-122
1739723891.8231306,93,-56,-76
1739723891.8691306,15,19,-44
1739723891.9141307,-30,66,-10
1739723891.9601307,-96,6,-49
1739723892.0061307,10,-35,-77
1739723892.0521307,61,59,-92
1739723892.0971308,-63,39,-23
1739723892.1431308,28,-73,-39
1739723892.1891308,-2,-4,1
1739723892.2341306,-37,65,-68
1739723892.2801306,-116,5,-54
1739723892.3261306,-4,0,-101
1739723892.3721306,12,64,-1
1739723892.4171307,-9,-36,-163
1739723892.4631307,1,42,-39
1739723892.5091307,2,-45,-55
1739723892.5541308,-28,12,-13
1739723892.6001308,49,45,28
1739723892.6461308,-19,93,-1
1739723892.6921306,33,-40,-85
1739723892.7371306,-25,-19,-71
1739723892.7831306,-93,8,34
1739723892.8291306,1,1,-17
1739723892.8741307,-7,35,50
1739723892.9201307,-14,123,-13
1739723892.9661307,-35,-48,80
1739723893.0121307,-37,-5,-60
1739723893.0571306,31,-25,3
1739723893.1031306,66,22,-95
1739723893.1491306,41,56,-73
1739723893.194131,-37,-36,-48
1739723893.240131,55,60,-137
1739723893.286131,-34,25,-34
1739723893.332131,37,27,-21
1739723893.3771307,-16,-57,10
1739723893.4231308,18,-29,-57
1739723893.4691308,59,3,-95
1739723893.5141306,-68,52,-54
1739723893.5601306,-11,-13,46
1739723893.6061306,-31,-49,-6
1739723893.6521306,15,34,41
1739723893.697131,-29,20,-26
1739723893.7431307,-68,-13,-80
1739723893.7891307,73,-33,-31
1739723893.8341308,2,-148,36
1739723893.8801308,20,11,-91
1739723893.9261308,28,-31,-75
1739723893.9721308,0,-71,-11
1739723894.0171306,28,12,-27
1739723894.0631306,-27,22,-14
1739723894.1091306,22,-14,-49
1739723894.1541307,-27,24,64
1739723894.2001307,-17,6,-67
1739723894.2461307,-10,9,-17
1739723894.2921307,-78,-30,-61
1739723894.3371308,-14,22,24
1739723894.3831308,88,34,23
1739723894.4291308,4,90,-89
1739723894.4741306,-29,-33,80
1739723894.5201306,-28,-35,-43
1739723894.5661306,5,25,-63
1739723894.6121306,53,8,1
1739723894.6571307,80,33,-205
1739723894.7031307,88,-10,-47
1739723894.7491307,29,11,-129
1739723894.7941308,-40,52,18
1739723894.8401306,-12,-92,-89
1739723894.8861306,11,-87,-145
1739723894.9321306,73,52,21
1739723894.977131,-53,9,-179
1739723895.023131,6,-64,-19
1739723895.069131,105,-15,31
1739723895.1141307,-63,79,40
1739723895.1601307,-1,2,-83
1739723895.2121308,-18,42,34
1739723895.2571306,-8,55,-51
1739723895.3031306,0,3,-93
1739723895.3491306,64,17,39
1739723895.3941307,70,-5,3
1739723895.4401307,39,42,-65
1739723895.4861307,-15,20,-47
1739723895.5321307,-49,61,-1
1739723895.5771308,-10,13,-49
1739723895.6231308,1,-9,-43
1739723895.6691308,27,-85,-135
1739723895.7141306,19,-25,-139
1739723895.7601306,0,18,-33
1739723895.8061306,-17,40,-54
1739723895.852131,-121,47,24
1739723895.8971307,55,46,-135
1739723895.9431307,-5,-40,-35
1739723895.9891307,25,-89,-23
1739723896.0341306,4,35,-89
1739723896.0801306,21,-16,-139
1739723896.1261306,-24,31,108
1739723896.1721306,-62,-8,-75
1739723896.217131,42,-1,-33
1739723896.263131,3,25,38
1739723896.309131,17,-5,-39
1739723896.3541307,-18,22,-42
1739723896.4001307,-15,26,-99
1739723896.4461308,3,7,-129
1739723896.4921308,52,91,13
1739723896.5371306,-42,66,-110
1739723896.5831306,86,14,98
1739723896.6291306,14,10,80
1739723896.674131,23,55,22
1739723896.7201307,-56,68,-58
1739723896.7661307,-62,-4,20
1739723896.8121307,-4,41,-89
1739723896.8571308,31,29,-17
1739723896.9031308,-63,-80,-44
1739723896.9491308,38,45,27
1739723896.9941306,-12,1,-29
1739723897.0401306,-30,-6,-61
1739723897.0861306,-153,49,2
1739723897.1321306,10,48,42
1739723897.1771307,-43,-29,-58
1739723897.2231307,51,65,0
1739723897.2691307,-68,-47,-63
1739723897.3141308,-1,-2,-97
1739723897.3601308,-34,-52,-53
1739723897.4061308,12,6,-53
1739723897.4521308,24,-14,-21
1739723897.4971306,-1,36,94
1739723897.5431306,9,10,-73
1739723897.5891306,68,0,-107
1739723897.6341307,-14,-11,-145
1739723897.6801307,-1,54,-129
1739723897.7261307,57,20,5
1739723897.7721307,-60,107,-52
1739723897.8171306,-56,-9,-67
1739723897.8631306,-71,-15,42
1739723897.9091306,27,68,-133
1739723897.9541306,-55,-19,0
1739723898.000131,-70,32,-108
1739723898.046131,25,-1,-81
1739723898.092131,72,-61,-25
1739723898.1371307,-22,21,18
1739723898.1831307,16,-9,27
1739723898.2291307,-11,11,82
1739723898.2741306,24,-40,-215
1739723898.3201306,5,1,-49
1739723898.3661306,-31,-51,-163
1739723898.4121306,62,-19,15
1739723898.457131,-23,11,-54
1739723898.503131,-50,-10,-28
1739723898.549131,67,-40,-105
1739723898.5941308,27,-14,-39
1739723898.6401308,73,-19,-205
1739723898.6861308,14,-73,-63
1739723898.7321308,34,37,-25
1739723898.7771306,17,-39,-87
1739723898.8231306,71,-45,1
1739723898.8691306,-62,-10,-74
1739723898.9141307,-22,27,84
1739723898.9601307,8,39,-13
1739723899.0061307,-71,22,6
1739723899.0521307,6,11,98
1739723899.0971308,-65,-20,-94
1739723899.1431308,-2,52,-129
1739723899.1891308,61,-11,5
1739723899.2341306,-13,18,-187
1739723899.2801306,76,-6,3
1739723899.3261306,-2,-6,-41
1739723899.3721306,16,-5,-33
1739723899.4171307,-59,20,-24
1739723899.4631307,96,20,23
1739723899.5091307,21,61,-127
1739723899.5541308,-69,9,-42
1739723899.6001308,35,57,3
1739723899.6461308,-17,16,-40
1739723899.6921306,-33,20,-119
1739723899.7371306,19,-56,17
1739723899.7831306,-18,26,-111
1739723899.8291306,39,-77,-5
1739723899.8741307,8,-8,-145
1739723899.9201307,-32,-10,-113
1739723899.9661307,-37,-46,-139
1739723900.0121307,41,-43,-149
1739723900.0571306,32,-66,7
1739723900.1031306,1,28,38
1739723900.1491306,-52,-23,-160
1739723900.194131,30,-88,-25
1739723900.240131,9,-75,-35
1739723900.286131,35,7,0
1739723900.332131,37,49,134
1739723900.3771307,-28,-11,0
1739723900.4231308,10,8,-9
1739723900.4691308,17,58,-47
1739723900.5141306,-85,-49,-238
1739723900.5601306,-17,-49,-125
1739723900.6061306,67,-28,-37
1739723900.6521306,5,-21,45
1739723900.697131,9,0,56
1739723900.7431307,89,56,25
1739723900.7891307,-6,-14,48
1739723900.8341308,25,-28,17
1739723900.8801308,-97,94,-96
1739723900.9261308,-20,-4,62
1739723900.9721308,-59,7,-104
1739723901.0171306,-40,15,58
1739723901.0631306,-38,27,6
1739723901.1091306,5,37,-147
1739723901.1541307,-53,-3,24
1739723901.2001307,61,11,-155
1739723901.2461307,26,12,-129
1739723901.2921307,66,18,-25
1739723901.3371308,1,26,-113
1739723901.3831308,19,-13,25
1739723901.4291308,-6,65,-30
1739723901.4741306,81,-14,-81
1739723901.5201306,36,97,-5
1739723901.5661306,-60,-55,-58
1739723901.6111307,39,-14,-99
1739723901.6571307,14,-7,-99
1739723901.7031307,-38,25,-174
1739723901.7491307,58,-8,-25
1739723901.7941308,-13,30,-75
1739723901.8401306,7,-22,28
1739723901.8861306,50,-8,-169
1739723901.9311306,4,-5,90
1739723901.977131,-47,-22,-36
1739723902.023131,25,-10,-151
1739723902.069131,34,-48,-17
1739723902.1141307,0,102,-75
1739723902.1601307,-37,-5,-10
1739723902.2061307,-78,-14,156
1739723902.2511306,-14,52,-151
1739723902.2971306,53,46,-91
1739723902.3431306,-39,-9,68
1739723902.3891306,60,37,63
1739723902.434131,29,56,-71
1739723902.480131,15,-27,-73
1739723902.526131,34,-5,-153
1739723902.5711308,-38,27,-16
1739723902.6171308,-31,66,-77
1739723902.6631308,85,42,-43
1739723902.7091308,18,39,-39
1739723902.7541306,-5,59,-23
1739723902.8001306,-22,-14,-24
1739723902.8461306,-12,13,-175
1739723902.8911307,47,31,-87
1739723902.9371307,-16,-16,48
1739723902.9831307,-70,-59,38
1739723903.0291307,20,7,-45
1739723903.0741308,37,-40,-32
1739723903.1201308,34,92,-77
1739723903.1661308,-3,2,14
1739723903.2111306,35,-14,9
1739723903.2571306,66,22,1
1739723903.3031306,-36,-14,-157
1739723903.3491306,18,-5,60
1739723903.3941307,19,-56,-34
1739723903.4401307,12,-1,-7
1739723903.4861307,-43,33,-69
1739723903.5311308,-17,6,-103
1739723903.5771308,12,-16,40
1739723903.6231308,17,-9,-133
1739723903.6691308,-91,-4,-148
1739723903.7141306,5,-38,-8
1739723903.7601306,-43,8,-52
1739723903.8061306,-19,-26,-108
1739723903.8511307,-5,-8,146
1739723903.8971307,-10,-1,26
1739723903.9431307,-73,24,-24
1739723903.9891307,-10,57,-67
1739723904.0341306,73,44,85
1739723904.0801306,-8,53,-23
1739723904.1261306,-5,65,-77
1739723904.171131,-39,31,-59
1739723904.217131,51,57,-77
1739723904.263131,10,38,-71
1739723904.309131,-50,43,-53
1739723904.3541307,10,-4,-37
1739723904.4001307,-60,14,101
1739723904.4461308,31,-57,-118
1739723904.4911306,10,-6,-43
1739723904.5371306,-52,41,-75
1739723904.5831306,72,-65,-91
1739723904.6291306,-78,-26,-86
1739723904.674131,-8,-80,-30
1739723904.7201307,56,91,-30
1739723904.7661307,-24,53,-95
1739723904.8111308,-13,-21,141
1739723904.8571308,17,62,80
1739723904.9031308,-64,-44,19
1739723904.9491308,57,-45,-45
1739723904.9941306,18,9,-120
1739723905.0401306,-51,61,-56
1739723905.0861306,17,29,22
1739723905.1311307,-10,-15,-37
1739723905.1831307,13,-27,-76
1739723905.2291307,0,-37,5
1739723905.2741306,22,-60,65
1739723905.3201306,-41,5,-73
1739723905.3661306,17,-27,41
1739723905.411131,13,16,38
1739723905.457131,-74,-41,-111
1739723905.503131,-8,-28,-103
1739723905.549131,26,-3,-58
1739723905.5941308,-82,88,-76
1739723905.6401308,1,-69,-11
1739723905.6861308,17,-55,-99
1739723905.7311306,-17,34,2
1739723905.7771306,23,33,-76
1739723905.8231306,-33,77,-62
1739723905.8691306,-50,27,45
1739723905.9141307,41,-12,8
1739723905.9601307,-2,-14,-45
1739723906.0061307,-4,-30,11
1739723906.0511308,-1,20,-184
1739723906.0971308,30,-47,5
1739723906.1431308,-62,3,37
1739723906.1891308,-24,9,-103
1739723906.2341306,12,38,28
1739723906.2801306,17,3,24
1739723906.3261306,-5,6,-80
1739723906.3711307,32,53,-58
1739723906.4171307,-27,-55,-23
1739723906.4631307,-4,-14,-99
1739723906.5091307,21,132,-194
1739723906.5541308,-32,44,-42
1739723906.6001308,-10,13,-26
1739723906.6461308,2,-33,-45
1739723906.6911306,-105,-14,-47
1739723906.7371306,-53,62,-86
1739723906.7831306,86,22,-130
1739723906.8291306,15,14,6
1739723906.8741307,71,28,-34
1739723906.9201307,33,59,8
1739723906.9661307,-10,86,-64
1739723907.0111306,9,0,-112
1739723907.0571306,-33,-10,-51
1739723907.1031306,9,18,38
1739723907.1491306,64,-40,-82
1739723907.194131,58,-21,-10
1739723907.240131,21,-56,39
1739723907.286131,25,31,-78
1739723907.3311307,-6,-30,-33
1739723907.3771307,3,15,42
1739723907.4231308,47,-27,103
1739723907.4691308,78,-24,-134
1739723907.5141306,-33,-10,-19
1739723907.5601306,11,6,-38
1739723907.6071308,31,-53,-40
1739723907.6531308,10,-59,-51
1739723907.6981306,-14,24,-70
1739723907.7441306,-24,68,-126
1739723907.7901306,-60,18,33
1739723907.8351307,20,-74,-5
1739723907.8811307,111,67,-2
1739723907.9271307,28,38,18
1739723907.9731307,40,6,22
1739723908.0181308,-20,-16,-71
1739723908.0641308,16,56,-104
1739723908.1101308,-77,-30,-67
1739723908.1551306,49,27,-130
1739723908.2011306,-26,-3,45
1739723908.2471306,6,13,-84
1739723908.2931306,-34,-16,-73
1739723908.3381307,-24,55,-154
1739723908.3841307,-12,-3,15
1739723908.4301307,-15,18,-46
1739723908.4751308,5,-38,-43
1739723908.5211308,-86,-55,-127
1739723908.5671306,-24,-1,-9
1739723908.6131306,72,80,-50
1739723908.6581306,-23,-23,-137
1739723908.7041306,62,-21,-48
1739723908.750131,-15,6,-79
1739723908.7951307,39,14,-174
1739723908.8411307,45,56,-102
1739723908.8871307,-104,-40,-133
1739723908.9331307,-30,58,-120
1739723908.9781306,-2,-18,99
1739723909.0241306,42,38,-76
1739723909.0701306,-6,29,-46
1739723909.115131,-16,28,-90
1739723909.161131,0,-7,-16
1739723909.207131,-8,-14,-136
1739723909.253131,-37,19,-47
1739723909.2981308,2,-63,-89
1739723909.3441308,68,-83,-36
1739723909.3901308,26,6,-90
1739723909.4351306,28,-5,-70
1739723909.4811306,16,-61,125
1739723909.5271306,-5,61,-80
1739723909.5731306,-65,-24,0
1739723909.6181307,50,-62,-64
1739723909.6641307,-57,-21,-121
1739723909.7101307,-25,-80,11
1739723909.7551308,-43,20,-63
1739723909.8011308,9,-26,-2
1739723909.8471308,-7,35,-86
1739723909.8931308,-42,12,37
1739723909.9381306,-20,69,5
1739723909.9841306,-15,2,5
1739723910.0301306,-10,-82,57
1739723910.0751307,-51,-5,-57
1739723910.1211307,69,14,-130
1739723910.1671307,0,-4,-228
1739723910.2131307,-5,6,73
1739723910.2581308,-44,-57,-1
1739723910.3041308,-33,63,-49
1739723910.3501308,-34,-12,-103
1739723910.3951306,24,10,-42
1739723910.4411306,-12,82,93
1739723910.4871306,4,35,-148
1739723910.5331306,16,54,-52
1739723910.5781307,11,0,-152
1739723910.6241307,133,11,-50
1739723910.6701307,-58,-45,35
1739723910.7151306,28,-75,-106
1739723910.7611306,36,21,-102
1739723910.8071306,82,-40,138
1739723910.8531306,0,0,77
1739723910.898131,44,68,96
1739723910.944131,118,72,16
1739723910.990131,-50,57,15
1739723911.0351307,3,3,-46
1739723911.0811307,-99,23,-91
1739723911.1271307,43,-43,30
1739723911.1731308,43,-13,20
1739723911.2181306,-24,39,-208
1739723911.2641306,2,58,26
1739723911.3101306,-11,21,-28
1739723911.355131,42,36,-58
1739723911.401131,-45,5,33
1739723911.447131,-24,-1,-5
1739723911.4921308,4,7,20
1739723911.5381308,31,-11,-80
1739723911.5841308,78,23,12
1739723911.6301308,-15,4,89
1739723911.6751306,-107,29,9
1739723911.7211306,-42,-57,-31
1739723911.7671306,20,-34,-26
1739723911.8121307,-63,-4,-101
1739723911.8581307,-52,84,23
1739723911.9041307,-80,61,57
1739723911.9501307,4,31,-52
1739723911.9951308,30,-90,-66
1739723912.0411308,-3,-10,-19
1739723912.0871308,47,-58,-10
1739723912.1321306,28,36,-10
1739723912.1781306,14,22,-94
1739723912.2241306,-36,41,74
1739723912.2701306,28,6,12
1739723912.3151307,-36,41,-74
1739723912.3611307,23,-1,-78
1739723912.4071307,58,4,-40
1739723912.4521308,-24,-88,-133
1739723912.4981308,53,-55,-160
1739723912.5441308,-23,-11,-41
1739723912.5901306,-51,-18,-147
1739723912.6351306,-12,58,-98
1739723912.6811306,-35,-36,85
1739723912.727131,-5,-24,-132
1739723912.7721307,29,56,-20
1739723912.8181307,22,35,116
1739723912.8641307,22,35,26
1739723912.9101307,-1,78,-54
1739723912.9551306,-6,39,91
1739723913.0011306,42,-19,-58
1739723913.0471306,7,43,-84
1739723913.092131,-25,-37,-68
1739723913.138131,19,3,-58
1739723913.184131,39,-42,-84
1739723913.230131,-52,-55,-27
1739723913.2751307,6,86,10
1739723913.3211308,16,-12,95
1739723913.3671308,17,-22,45
1739723913.4121306,9,24,-104
1739723913.4581306,-28,58,-60
1739723913.5041306,-33,-40,-5
1739723913.5501306,-52,13,-134
1739723913.5951307,-35,-24,-63
1739723913.6411307,-76,43,-72
1739723913.6871307,-22,53,-60
1739723913.7321308,12,54,-10
1739723913.7781308,-46,40,-58
1739723913.8241308,49,17,20
1739723913.8701308,-56,44,27
1739723913.9151306,5,55,-96
1739723913.9611306,74,36,4
1739723914.0071306,-59,-22,-29
1739723914.0521307,84,42,-100
1739723914.0981307,103,48,21
1739723914.1441307,-24,-24,-116
1739723914.1901307,59,4,-69
1739723914.2351308,-24,22,49
1739723914.2811308,-74,21,52
1739723914.3271308,-4,-11,28
1739723914.3721306,-64,-9,-174
1739723914.4181306,83,-35,-35
1739723914.4641306,-30,-11,-50
1739723914.5101306,-44,6,16
1739723914.5551307,-4,74,-55
1739723914.6011307,9,13,-25
1739723914.6471307,36,-39,-122
1739723914.6921306,3,22,-44
1739723914.7381306,4,20,-14
1739723914.7841306,-19,59,29
1739723914.8301306,-84,44,-70
1739723914.875131,-22,53,15
1739723914.921131,-28,-30,-47
1739723914.967131,32,-24,-176
1739723915.0121307,64,12,37
1739723915.0581307,3,-20,-196
1739723915.1041307,68,13,-81
1739723915.1501307,-21,-13,-14
1739723915.2011306,18,-8,11
1739723915.2471306,-40,5,-44
1739723915.2921307,21,-45,37
1739723915.3381307,43,-8,-21
1739723915.3841307,11,53,67
1739723915.4301307,-16,76,-7
1739723915.4751308,16,-10,35
1739723915.5211308,-44,-60,35
1739723915.5671306,57,32,-22
1739723915.6121306,-51,37,-40
1739723915.6581306,56,40,-51
1739723915.7041306,-14,2,-17
1739723915.750131,23,55,-61
1739723915.7951307,24,63,-109
1739723915.8411307,-53,13,71
1739723915.8871307,-5,45,-42
1739723915.9321306,-12,-33,-31
1739723915.9781306,32,5,-18
1739723916.0241306,79,-4,-104
1739723916.0701306,28,-35,-66
1739723916.115131,-12,-17,87
1739723916.161131,38,-91,-34
1739723916.207131,-64,1,41
1739723916.2521307,-30,42,-14
1739723916.2981308,-84,-53,-91
1739723916.3441308,0,-33,-33
1739723916.3901308,31,0,-28
1739723916.4351306,6,39,-4
1739723916.4811306,61,70,104
1739723916.5271306,24,8,-58
1739723916.572131,-29,-49,61
1739723916.6181307,4,-33,-21
1739723916.6641307,26,-22,-74
1739723916.7101307,-13,-9,-151
1739723916.7551308,-60,16,-3
1739723916.8011308,32,9,22
1739723916.8471308,-6,-30,-63
1739723916.8921306,47,27,12
1739723916.9381306,43,28,-114
1739723916.9841306,-7,-26,-81
1739723917.0301306,-80,-26,-13
1739723917.0751307,-74,-53,-23
1739723917.1211307,-12,-47,-79
1739723917.1671307,-34,-30,55
1739723917.2121308,-18,55,-27
1739723917.2581308,7,29,-42
1739723917.3041308,-11,-84,-95
1739723917.3501308,-37,23,65
1739723917.3951306,-3,-8,-17
1739723917.4411306,-20,-44,-106
1739723917.4871306,20,-34,39
1739723917.5321307,-48,-54,-126
1739723917.5781307,27,-12,-28
1739723917.6241307,-79,35,-54
1739723917.6701307,0,42,2
1739723917.7151306,-40,13,-61
1739723917.7611306,20,-50,-2
1739723917.8071306,-5,-10,63
1739723917.852131,-12,-5,67
1739723917.898131,49,55,123
1739723917.944131,2,-49,-80
1739723917.990131,61,-27,-150
1739723918.0351307,-52,-1,19
1739723918.0811307,7,-66,-56
1739723918.1271307,10,-32,-91
1739723918.1721306,17,-11,65
1739723918.2181306,-19,16,25
1739723918.2641306,-2,24,-88
1739723918.3101306,13,30,-111
1739723918.355131,-57,44,46
1739723918.401131,49,45,-35
1739723918.447131,20,19,56
1739723918.4921308,-13,52,-81
1739723918.5381308,4,-27,-47
1739723918.5841308,11,-4,-59
1739723918.6301308,-31,30,-155
1739723918.6751306,59,-47,-165
1739723918.7211306,7,-22,-21
1739723918.7661307,6,-22,-87
1739723918.8111308,7,23,-21
1739723918.8571308,-59,-31,-110
1739723918.9031308,-17,10,0
1739723918.9481306,49,0,-153
1739723918.9941306,-54,-70,-102
1739723919.0401306,-5,18,-27
1739723919.0861306,-36,-24,-6
1739723919.1311307,-68,-29,10
1739723919.1771307,-53,23,150
1739723919.2231307,61,31,-23
1739723919.2681308,-14,-69,84
1739723919.3141308,-25,-23,-63
1739723919.3601308,-1,4,-183
1739723919.4061308,11,-18,-25
1739723919.4511306,-55,-67,-112
1739723919.4971306,25,0,-61
1739723919.5431306,6,-22,24
1739723919.5881307,-122,17,-146
1739723919.6341307,-7,19,-6
1739723919.6801307,33,-23,-53
1739723919.7261307,-31,6,-127
1739723919.7711308,-33,16,70
1739723919.8171306,39,-12,-15
1739723919.8631306,82,16,-89
1739723919.9081306,40,8,3
1739723919.9541306,66,-50,-59
1739723920.000131,0,3,-181
1739723920.046131,-107,7,-52
1739723920.0911307,-22,43,28
1739723920.1371307,58,64,-75
1739723920.1831307,-21,-10,-14
1739723920.2281306,-17,-24,32
1739723920.2741306,-47,34,14
1739723920.3201306,1,38,-15
1739723920.3661306,-2,-59,-169
1739723920.411131,-19,12,6
1739723920.457131,-23,11,-12
1739723920.503131,-3,-53,0
1739723920.5481308,-38,37,-107
1739723920.5941308,-73,1,-115
1739723920.6401308,32,56,-16
1739723920.6861308,-68,-35,-61
1739723920.7311306,38,61,-149
1739723920.7771306,-69,-11,-41
1739723920.8231306,-68,8,-87
1739723920.8681307,7,59,66
1739723920.9141307,56,-30,-119
1739723920.9601307,-95,17,-52
1739723921.0061307,64,-56,-59
1739723921.0511308,-30,-69,-237
1739723921.0971308,-59,-14,-77
1739723921.1431308,13,-1,-87
1739723921.1881306,-11,-10,-81
1739723921.2341306,-19,-23,-61
1739723921.2801306,-4,-50,-123
1739723921.3261306,105,-2,-29
1739723921.3711307,3,41,-125
1739723921.4171307,25,-42,-175
1739723921.4631307,4,23,102
1739723921.5081308,-41,-25,16
1739723921.5541308,-69,-47,-54
1739723921.6001308,17,31,-77
1739723921.6451306,17,-23,-117
1739723921.6911306,8,-62,32
1739723921.7371306,32,-17,-67
1739723921.7831306,-1,-9,-61
1739723921.8281307,52,35,-81
1739723921.8741307,-3,-93,-63
1739723921.9201307,3,-100,-117
1739723921.9651306,29,18,13
1739723922.0111306,-54,0,0
1739723922.0571306,19,78,-101
1739723922.1031306,74,3,-65
1739723922.148131,23,18,-97
1739723922.194131,13,-23,-43
1739723922.240131,39,-69,87
1739723922.2851307,31,58,-47
1739723922.3311307,-37,4,-20
1739723922.3771307,-36,27,-20
1739723922.4231308,3,3,-45
1739723922.4681306,22,10,1
1739723922.5141306,27,87,-31
1739723922.5601306,-59,137,40
1739723922.605131,59,-41,-39
1739723922.651131,-63,156,-137
1739723922.697131,-71,-51,-52
1739723922.7431307,-17,6,-97
1739723922.7881308,25,-24,-15
1739723922.8341308,4,25,-71
1739723922.8801308,-57,-35,-184
1739723922.9251306,-16,10,-93
1739723922.9711306,-62,-58,42
1739723923.0171306,31,13,-29
1739723923.0631306,-74,48,62
1739723923.1081307,72,36,-13
1739723923.1541307,-106,79,2
1739723923.2001307,50,35,-73
1739723923.2451308,-14,-1,-95
1739723923.2911308,-28,-17,-124
1739723923.3371308,8,-60,-26
1739723923.3831308,-21,-26,-58
1739723923.4281306,-59,-25,0
1739723923.4741306,5,57,-79
1739723923.5201306,18,7,70
1739723923.5651307,-22,-60,-4
1739723923.6111307,9,-68,-52
1739723923.6571307,54,22,-49
1739723923.7031307,-129,70,-44
1739723923.7481308,138,77,-87
1739723923.7941308,-23,-9,-48
1739723923.8401306,-13,36,-123
1739723923.8851306,-53,19,-42
1739723923.9311306,-48,89,-47
1739723923.977131,13,14,57
1739723924.023131,-29,-51,-40
1739723924.0681307,-7,5,24
1739723924.1141307,18,7,-109
1739723924.1601307,0,-5,-171
1739723924.2051306,-42,46,-68
1739723924.2511306,-54,-39,-58
1739723924.2971306,23,18,-21
1739723924.3431306,23,77,-9
1739723924.388131,2,7,-59
1739723924.434131,-24,-27,-50
1739723924.480131,0,22,-39
1739723924.5251307,-61,38,-68
1739723924.5711308,16,-35,71
1739723924.6171308,14,-37,11
1739723924.6631308,-58,-11,-6
1739723924.7081306,7,-20,-133
1739723924.7541306,-83,37,-64
1739723924.8001306,-36,0,-80
1739723924.8451307,-13,16,-127
1739723924.8911307,-35,-16,-40
1739723924.9371307,-15,40,-38
1739723924.9831307,15,-75,-147
1739723925.0281308,-73,14,-40
1739723925.0741308,-16,-37,-31
1739723925.1201308,-36,-10,56
1739723925.1651306,-70,44,-46
1739723925.217131,-16,-24,-111
1739723925.263131,39,83,-71
1739723925.3081307,-27,-33,-61
1739723925.3541307,-24,23,-102
1739723925.4001307,-14,18,-40
1739723925.4451306,-30,80,-118
1739723925.4911306,81,-82,-111
1739723925.5371306,22,31,60
1739723925.5831306,-43,0,-26
1739723925.6291306,69,-54,-70
1739723925.6751306,-22,49,89
1739723925.7211306,17,-13,-14
1739723925.7671306,56,4,-76
1739723925.8121307,-17,20,59
1739723925.8581307,-55,37,-83
1739723925.9041307,37,13,-36
1739723925.9491308,19,63,-50
1739723925.9951308,28,18,0
1739723926.0411308,-4,6,0
1739723926.0871308,-45,-41,25
1739723926.1321306,-62,-83,81
1739723926.1781306,-36,75,91
1739723926.2241306,-8,-28,-32
1739723926.2691307,-41,-27,-97
1739723926.3151307,11,-50,-150
1739723926.3611307,56,131,-42
1739723926.4071307,-61,-44,-87
1739723926.4521308,0,3,-16
1739723926.4981308,-166,-42,-119
1739723926.5441308,91,-10,28
1739723926.5891306,-2,-103,58
1739723926.6351306,-33,-14,-103
1739723926.6811306,-42,4,-121
1739723926.727131,-70,-63,7
1739723926.7721307,-44,-39,-39
1739723926.8181307,17,37,3
1739723926.8641307,1,-75,-130
1739723926.9091306,19,7,60
1739723926.9551306,50,47,16
1739723927.0011306,-5,-54,-12
1739723927.0471306,-48,-81,-5
1739723927.092131,91,-8,-174
1739723927.138131,68,-28,-130
1739723927.184131,24,20,-104
1739723927.2291307,40,-57,16
1739723927.2751307,-12,11,-15
1739723927.3211308,24,-119,-62
1739723927.3671308,34,-56,80
1739723927.4121306,77,-39,-52
1739723927.4581306,41,-20,12
1739723927.5041306,25,20,-26
1739723927.549131,24,-14,44
1739723927.5951307,-5,-32,28
1739723927.6411307,72,-75,-18
1739723927.6871307,15,-3,-118
1739723927.7321308,55,-7,-50
1739723927.7781308,-15,-15,-22
1739723927.8241308,59,-53,-114
1739723927.8691306,33,-5,-42
1739723927.9151306,49,-9,-98
1739723927.9611306,71,-9,-32
1739723928.0071306,26,-1,-78
1739723928.0521307,-82,-36,-125
1739723928.0981307,40,12,16
1739723928.1441307,-77,-30,-27
1739723928.1891308,57,-19,6
1739723928.2351308,-6,-6,-94
1739723928.2811308,55,-30,-36
1739723928.3271308,0,-21,-44
1739723928.3721306,38,-6,-28
1739723928.4181306,-17,-6,-220
1739723928.4641306,-24,-44,-151
1739723928.5091307,70,48,54
1739723928.5551307,-64,-12,-179
1739723928.6011307,22,9,-24
1739723928.6471307,23,75,-48
1739723928.6921306,54,26,-42
1739723928.7381306,-69,8,-117
1739723928.7841306,16,-37,56
1739723928.8291306,50,-54,-18
1739723928.875131,-12,-5,7
1739723928.921131,1,11,-62
1739723928.967131,-24,-15,53
1739723929.0121307,0,-11,-35
1739723929.0581307,-28,-17,-23
1739723929.1041307,-20,-20,-17
1739723929.1491306,46,50,-136
1739723929.1951306,69,-28,-40
1739723929.2411306,-30,30,-111
1739723929.2871306,40,-36,-88
1739723929.332131,8,-16,-2
1739723929.378131,-51,21,-31
1739723929.424131,45,62,-12
1739723929.4691308,41,-41,18
1739723929.5151308,-41,34,-83
1739723929.5611308,-19,31,-1
1739723929.6071308,-9,1,-39
1739723929.6521306,-70,31,-33
1739723929.6981306,18,-33,-44
1739723929.7441306,-4,-32,-63
1739723929.7891307,70,34,48
1739723929.8351307,-44,32,-107
1739723929.8811307,37,-26,-96
1739723929.9271307,28,-6,48
1739723929.9721308,-16,8,61
1739723930.0181308,-6,41,98
1739723930.0641308,-12,-61,-85
1739723930.1091306,27,-27,-96
1739723930.1551306,-14,-21,73
1739723930.2011306,88,-25,12
1739723930.2471306,68,4,104
1739723930.2921307,-27,-9,-31
1739723930.3381307,38,-3,-146
1739723930.3841307,23,14,-2
1739723930.4291308,34,41,-46
1739723930.4751308,-70,60,-91
1739723930.5211308,25,-38,-86
1739723930.5671306,2,46,8
1739723930.6121306,7,33,6
1739723930.6581306,109,67,24
1739723930.7041306,-76,-101,39
1739723930.7491307,0,18,-116
1739723930.7951307,71,28,-44
1739723930.8411307,-14,86,-76
1739723930.8871307,0,0,73
1739723930.9321306,-29,20,-73
1739723930.9781306,-9,17,-21
1739723931.0241306,53,-40,-14
1739723931.069131,57,-16,-92
1739723931.115131,65,-76,-100
1739723931.161131,-30,-87,-37
1739723931.207131,-29,-21,-43
1739723931.2521307,13,-14,-52
1739723931.2981308,20,-18,-142
1739723931.3441308,-11,-53,5
1739723931.3891306,33,1,-12
1739723931.4351306,-8,25,-62
1739723931.4811306,35,27,-48
1739723931.526131,34,9,-76
1739723931.572131,14,26,-96
1739723931.6181307,-18,83,-38
1739723931.6641307,11,4,-64
1739723931.7091308,-13,3,-84
1739723931.7551308,-35,-36,-81
1739723931.8011308,35,29,-14
1739723931.8461306,52,8,60
1739723931.8921306,-94,45,-67
1739723931.9381306,47,45,-38
1739723931.9841306,44,40,20
1739723932.0291307,27,46,-14
1739723932.0751307,-53,9,-149
1739723932.1211307,-39,9,-89
1739723932.1661308,-8,-1,9
1739723932.2121308,63,13,-46
1739723932.2581308,30,64,-28
1739723932.3041308,7,-14,97
1739723932.3491306,-48,71,18
1739723932.3951306,-76,58,81
1739723932.4411306,-45,24,-57
1739723932.4861307,-73,-17,-199
1739723932.5321307,12,-33,10
1739723932.5781307,-38,-3,49
1739723932.6241307,-19,8,-77
1739723932.6691308,-23,134,-146
1739723932.7151306,-62,-59,41
1739723932.7611306,60,9,30
1739723932.8061306,-57,25,-139
1739723932.852131,17,17,42
1739723932.898131,-20,43,27
1739723932.944131,-14,28,79
1739723932.9891307,109,25,60
1739723933.0351307,-71,96,9
1739723933.0811307,27,66,-85
1739723933.1261306,76,0,62
1739723933.1721306,-34,24,3
1739723933.2181306,2,33,-42
1739723933.2641306,-8,59,-144
1739723933.309131,-97,-21,-17
1739723933.355131,-29,-41,-77
1739723933.401131,-24,-19,-16
1739723933.4461308,22,-36,-87
1739723933.4921308,-12,-17,-41
1739723933.5381308,-5,-8,-59
1739723933.5841308,0,-37,-22
1739723933.6291306,-70,-15,-72
1739723933.6751306,-11,31,-19
1739723933.7211306,-43,20,-30
1739723933.7661307,-16,-20,54
1739723933.8121307,60,62,-23
1739723933.8581307,21,-12,-9
1739723933.9041307,32,25,-27
1739723933.9491308,38,-32,29
1739723933.9951308,-44,44,-84
1739723934.0411308,21,0,82
1739723934.0861306,-39,39,-185
1739723934.1321306,34,-5,-27
1739723934.1781306,22,-6,-157
1739723934.2241306,8,-93,42
1739723934.2691307,-13,-25,48
1739723934.3151307,-67,23,-112
1739723934.3611307,27,78,-43
1739723934.4061308,41,62,33
1739723934.4521308,24,41,-87
1739723934.4981308,84,51,65
1739723934.5441308,-54,13,-70
1739723934.5891306,114,-24,-37
1739723934.6351306,47,1,-5
1739723934.6811306,-21,-82,14
1739723934.7261307,-79,-4,38
1739723934.7721307,-94,73,56
1739723934.8181307,15,-55,-48
1739723934.8641307,45,-2,-29
1739723934.9091306,27,-39,-181
1739723934.9551306,4,-3,0
1739723935.0011306,-8,11,30
1739723935.046131,-10,0,-193
1739723935.092131,-61,-22,-34
1739723935.138131,16,86,57
1739723935.184131,17,-57,122
1739723935.2351308,-83,65,-66
1739723935.2811308,26,-49,-35
1739723935.3261306,-16,0,10
1739723935.3721306,20,-19,-123
1739723935.4181306,0,-3,-139
1739723935.4641306,-21,-70,54
1739723935.5091307,24,97,29
1739723935.5551307,-9,-40,-112
1739723935.6011307,2,-47,-24
1739723935.6461308,6,9,-57
1739723935.6921306,-7,-78,-64
1739723935.7381306,33,-39,-107
1739723935.7821307,-15,66,-3
1739723935.8281307,-27,5,24
1739723935.8741307,112,-42,-31
1739723935.9201307,-42,70,-53
1739723935.9651306,-32,44,30
1739723936.0111306,-40,-29,-90
1739723936.0571306,-4,26,-89
1739723936.102131,-5,-28,-54
1739723936.148131,-21,17,28
1739723936.194131,-26,-31,-78
1739723936.240131,102,-9,-55
1739723936.2851307,16,-63,-118
1739723936.3311307,43,-43,-9
1739723936.3771307,18,54,-141
1739723936.4221306,53,-43,-73
1739723936.4681306,-11,-24,-121
1739723936.5141306,9,-28,-33
1739723936.5601306,-14,-46,-88
1739723936.605131,5,-23,8
1739723936.651131,-19,108,-59
1739723936.697131,-35,-7,-59
1739723936.7421308,-31,-36,8
1739723936.7881308,-12,14,-43
1739723936.8341308,-10,-50,0
1739723936.8801308,50,8,-11
1739723936.9251306,32,-34,10
1739723936.9711306,52,10,-29
1739723937.0171306,-31,35,5
1739723937.0621307,-42,-1,-135
1739723937.1081307,10,-21,14
1739723937.1541307,30,-20,-71
1739723937.2001307,41,-27,-20
1739723937.2451308,-81,-19,56
1739723937.2911308,-42,-14,-6
1739723937.3371308,-5,-13,-44
1739723937.3821306,11,-29,-64
1739723937.4281306,-75,6,-31
1739723937.4741306,18,-18,14
1739723937.5201306,-29,-20,-153
1739723937.5651307,22,24,29
1739723937.6111307,36,12,-107
1739723937.6571307,-68,2,56
1739723937.7021308,-20,11,15
1739723937.7481308,-8,25,15
1739723937.7941308,-55,-24,-54
1739723937.8401306,59,27,-97
1739723937.8851306,-2,-96,-218
1739723937.9311306,14,-4,6
1739723937.977131,26,7,-49
1739723938.0221307,-3,-78,-84
1739723938.0681307,-7,74,-105
1739723938.1141307,-32,13,-105
1739723938.1601307,30,53,-103
1739723938.2051306,8,24,-11
1739723938.2511306,5,56,69
1739723938.2971306,-89,7,-112
1739723938.342131,39,16,-67
1739723938.388131,-18,28,-109
1739723938.434131,-68,43,-43
1739723938.480131,13,-57,-30
1739723938.5251307,13,48,-71
1739723938.5711308,0,-23,120
1739723938.6171308,-100,-25,-108
1739723938.6621306,-44,58,-37
1739723938.7081306,-58,14,0
1739723938.7541306,-53,35,-101
1739723938.8001306,80,-42,22
1739723938.8451307,-22,97,-93
1739723938.8911307,18,-31,88
1739723938.9371307,33,-39,-2
1739723938.9821308,-30,-103,-92
1739723939.0281308,18,7,-25
1739723939.0741308,-28,40,-49
1739723939.1201308,80,-10,37
1739723939.1651306,78,-23,42
1739723939.2111306,-72,16,-45
1739723939.2571306,26,55,-49
1739723939.3021307,48,36,-15
1739723939.3481307,44,-109,-42
1739723939.3941307,-1,-16,-80
1739723939.4401307,-13,22,-21
1739723939.4851308,0,109,-61
1739723939.5311308,-39,-20,-118
1739723939.5771308,14,39,-159
1739723939.6221306,-53,52,41
1739723939.6681306,-19,5,7
1739723939.7141306,52,78,-45
1739723939.7601306,92,-95,-74
1739723939.8051307,10,-63,64
1739723939.8511307,-18,-76,-114
1739723939.8971307,-23,-41,-10
1739723939.9421306,2,20,23
1739723939.9881306,71,1,-68
1739723940.0341306,25,5,-33
1739723940.0801306,-31,23,-87
1739723940.125131,-89,69,27
1739723940.171131,0,-8,-58
1739723940.217131,19,91,9
1739723940.2621307,8,-1,-33
1739723940.3081307,-71,-7,-10
1739723940.3541307,46,-35,-26
1739723940.4001307,-4,8,29
1739723940.4451306,6,45,27
1739723940.4911306,-12,-33,-168
1739723940.5371306,-48,59,-41
1739723940.582131,39,63,-49
1739723940.628131,-41,34,-35
1739723940.674131,-52,31,28
1739723940.7201307,17,18,-35
1739723940.7651308,-47,7,-59
1739723940.8111308,-5,32,-55
1739723940.8571308,9,18,-48
1739723940.9021306,-59,-5,-87
1739723940.9481306,61,-73,41
1739723940.9941306,-57,4,-13
1739723941.0401306,9,-12,-180
1739723941.0851307,70,50,-98
1739723941.1311307,18,41,4
1739723941.1771307,10,12,82
1739723941.2221308,44,38,-94
1739723941.2681308,9,-24,35
1739723941.3141308,31,0,-68
1739723941.3601308,57,-27,2
1739723941.4051306,-46,25,-72
1739723941.4511306,-34,74,-156
1739723941.4971306,-43,-10,-126
1739723941.5421307,38,-4,-84
1739723941.5881307,-67,40,-36
1739723941.6341307,30,-6,-9
1739723941.6791308,-30,-18,-150
1739723941.7251308,15,47,-140
1739723941.7711308,106,20,-108
1739723941.8171306,24,-23,41
1739723941.8621306,32,6,67
1739723941.9081306,5,4,21
1739723941.9541306,36,-8,-75
1739723941.9991307,22,-31,83
1739723942.0451307,-25,6,-118
1739723942.0911307,-54,-26,-53
1739723942.1371307,-8,14,-112
1739723942.1821306,95,-1,27
1739723942.2281306,27,25,-37
1739723942.2741306,-86,65,-2
1739723942.319131,26,9,7
1739723942.365131,16,-16,-9
1739723942.411131,-37,-51,-50
1739723942.457131,-49,-37,-116
1739723942.5021307,-54,-16,24
1739723942.5481308,-5,-11,-120
1739723942.5941308,27,31,-82
1739723942.6391306,-4,29,6
1739723942.6851306,-12,0,-34
1739723942.7311306,-29,63,40
1739723942.7771306,60,-10,-38
1739723942.822131,36,50,-140
1739723942.8681307,3,-56,-133
1739723942.9141307,73,41,-142
1739723942.9591308,25,-13,-57
1739723943.0051308,-68,58,-148
1739723943.0511308,-117,23,-32
1739723943.0971308,17,-10,-76
1739723943.1421306,68,-49,-87
1739723943.1881306,-12,-5,-68
1739723943.2341306,-53,19,83
1739723943.2791307,-8,25,-28
1739723943.3251307,-60,32,3
1739723943.3711307,-89,22,-151
1739723943.4171307,2,-19,-58
1739723943.4621308,23,-1,96
1739723943.5081308,-64,47,-107
1739723943.5541308,-32,-2,-151
1739723943.5991306,53,2,-108
1739723943.6451306,0,-57,-32
1739723943.6911306,1,-25,25
1739723943.7371306,9,-58,-63
1739723943.7821307,44,84,-102
1739723943.8281307,52,63,-16
1739723943.8741307,-28,-18,-48
1739723943.9191308,4,27,0
1739723943.9651306,-11,-9,7
1739723944.0111306,79,5,-48
1739723944.0571306,-37,-26,-9
1739723944.102131,18,-3,-136
1739723944.148131,24,24,-48
1739723944.194131,-17,-42,-27
1739723944.2391307,0,42,-124
1739723944.2851307,2,62,-104
1739723944.3311307,-41,-13,13
1739723944.375131,-42,-9,-57
1739723944.421131,-44,52,11
1739723944.467131,-1,16,45
1739723944.513131,-74,0,-27
1739723944.5581307,24,69,32
1739723944.6041307,104,48,-92
1739723944.6501307,43,32,-66
1739723944.6951306,-17,4,7
1739723944.7411306,-38,31,-60
1739723944.7871306,69,-12,32
1739723944.8331306,10,-91,18
1739723944.878131,40,23,0
1739723944.924131,-38,11,-67
1739723944.9701307,79,-19,-60
1739723945.0151308,-135,-3,-58
1739723945.0611308,44,24,56
1739723945.1071308,-18,-28,-88
1739723945.1531308,6,5,17
1739723945.1981306,12,34,-33
1739723945.250131,-6,-64,-80
1739723945.2951307,68,14,9
1739723945.3411307,11,-47,-90
1739723945.3871307,75,52,3
1739723945.4331307,-12,19,-80
1739723945.4781306,-14,-53,-14
1739723945.5241306,67,-99,-70
1739723945.5701306,26,-15,-120
1739723945.615131,7,-7,-42
1739723945.661131,17,54,-40
1739723945.707131,16,-40,-7
1739723945.753131,18,18,9
1739723945.7981308,-20,-21,-22
1739723945.8441308,55,-13,-37
1739723945.8901308,-35,-7,7
1739723945.9351306,66,-17,-44
1739723945.9811306,-44,44,-105
1739723946.0271306,122,-25,-62
1739723946.0731306,6,9,-102
1739723946.1181307,-22,11,147
1739723946.1641307,21,-13,-58
1739723946.2101307,-3,75,-114
1739723946.2551308,-21,14,-67
1739723946.3011308,-9,41,-77
1739723946.3471308,34,-13,-48
1739723946.3931308,32,58,-79
1739723946.4381306,-42,-21,-41
1739723946.4841306,40,48,-25
1739723946.5301306,-65,33,-5
1739723946.5751307,37,39,2
1739723946.6211307,-56,-7,-11
1739723946.6671307,-23,-19,-106
1739723946.7131307,-81,-16,-55
1739723946.7581308,-78,26,3
1739723946.8041308,-4,16,45
1739723946.8501308,-4,-26,22
1739723946.8951306,-32,18,-73
1739723946.9411306,23,21,-188
1739723946.9871306,0,38,-49
1739723947.0331306,24,20,-100
1739723947.0781307,-53,35,-111
1739723947.1241307,88,-8,82
1739723947.1701307,50,69,-8
1739723947.2151306,21,-40,48
1739723947.2611306,63,88,76
1739723947.3071306,-8,-48,65
1739723947.3531306,46,-7,38
1739723947.398131,-41,-7,-37
1739723947.444131,51,-117,20
1739723947.490131,-12,-15,-3
1739723947.5351307,-38,11,11
1739723947.5811307,44,-4,-44
1739723947.6271307,-36,13,-47
1739723947.6731308,14,-33,-44
1739723947.7181306,-5,79,-22
1739723947.7641306,-19,30,123
1739723947.8101306,-17,16,23
1739723947.855131,53,-30,-40
1739723947.901131,69,61,162
1739723947.947131,-24,-28,-181
1739723947.9931307,7,-14,165
1739723948.0381308,56,-8,52
1739723948.0841308,-52,89,-94
1739723948.1301308,-63,-6,-19
1739723948.1751306,-3,-30,-11
1739723948.2211306,15,-45,-17
1739723948.2671306,62,-4,-202
1739723948.3131306,55,-30,-46
1739723948.3581307,-71,-19,-9
1739723948.4041307,3,-11,-35
1739723948.4501307,0,78,-188
1739723948.4951308,38,6,8
1739723948.5411308,-37,5,-135
1739723948.5871308,8,-36,-5
1739723948.6331308,44,64,70
1739723948.6781306,10,10,-100
1739723948.7241306,26,10,-80
1739723948.7701306,54,-54,-34
1739723948.8151307,-23,-38,-153
1739723948.8611307,42,26,-46
1739723948.9071307,1,-13,19
1739723948.9531307,1,-43,17
1739723948.9981308,0,-41,-91
1739723949.0441308,70,18,-168
1739723949.0901306,-18,-48,-63
1739723949.1351306,46,36,-114
1739723949.1821306,72,-41,-120
1739723949.2281306,30,9,28
1739723949.2741306,-67,-34,-55
1739723949.319131,19,-56,-21
1739723949.365131,23,-1,-134
1739723949.411131,-105,13,-89
1739723949.457131,-39,37,-208
1739723949.5021307,9,-54,-109
1739723949.5481308,37,-40,27
1739723949.5941308,-17,1,-9
1739723949.6391306,8,41,68
1739723949.6851306,-3,20,20
1739723949.7311306,-61,10,-45
1739723949.7771306,52,65,-50
1739723949.822131,51,1,-68
1739723949.8681307,41,-75,-79
1739723949.9141307,6,9,-16
1739723949.9591308,-146,66,-71
1739723950.0051308,-53,9,5
1739723950.0511308,28,-63,-221
1739723950.0971308,-70,-56,-45
1739723950.1421306,5,37,-66
1739723950.1881306,-49,51,24
1739723950.2341306,53,87,66
1739723950.2791307,-106,-7,-35
1739723950.3251307,-125,40,118
1739723950.3711307,-18,-48,55
1739723950.4171307,-21,33,-54
1739723950.4621308,13,30,-42
1739723950.5081308,-25,49,-34
1739723950.5541308,21,-40,15
1739723950.5991306,74,-10,32
1739723950.6451306,-95,69,0
1739723950.6911306,-30,44,-126
1739723950.7371306,101,12,-84
1739723950.7821307,-9,35,-68
1739723950.8281307,-48,-2,-43
1739723950.8741307,64,-6,-46
1739723950.9191308,-19,-6,-57
1739723950.9651306,0,-11,-25
1739723951.0111306,21,47,-124
1739723951.0571306,-23,37,-6
1739723951.102131,-14,38,-30
1739723951.148131,29,123,16
1739723951.194131,71,2,-76
1739723951.2391307,-28,-1,1
1739723951.2851307,10,-66,49
1739723951.3311307,-3,32,-82
1739723951.3771307,62,7,106
1739723951.4221306,-36,55,0
1739723951.4681306,-46,-2,13
1739723951.5141306,27,0,72
1739723951.559131,-56,-27,71
1739723951.605131,-44,56,61
1739723951.651131,-62,1,-1
1739723951.6961308,53,16,14
1739723951.7421308,-78,44,3
1739723951.7881308,44,-19,-16
1739723951.8341308,-7,-24,5
1739723951.8791306,-113,-32,-63
1739723951.9251306,35,19,-8
1739723951.9711306,26,-34,-62
1739723952.0161307,0,-19,-122
1739723952.0621307,-9,3,-45
1739723952.1081307,-1,-14,-106
1739723952.1541307,28,20,10
1739723952.1991308,-34,30,27
1739723952.2451308,18,-7,-50
1739723952.2911308,-31,-23,-71
1739723952.3361306,-18,24,-75
1739723952.3821306,-71,21,-143
1739723952.4281306,-10,9,-31
1739723952.4741306,54,10,-140
1739723952.5191307,66,-24,-136
1739723952.5651307,-100,31,-93
1739723952.6111307,43,-11,-68
1739723952.6561308,52,7,-96
1739723952.7021308,12,-16,-62
1739723952.7481308,4,-3,14
1739723952.7941308,56,-5,-2
1739723952.8391306,-19,-10,-65
1739723952.8851306,85,30,146
1739723952.9311306,77,-47,-34
1739723952.9761307,-15,34,61
1739723953.0221307,5,41,34
1739723953.0681307,27,-57,-122
1739723953.1141307,-43,-9,-19
1739723953.1591306,-22,-32,-185
1739723953.2051306,74,34,-166
1739723953.2511306,-79,-6,-183
1739723953.296131,-58,12,-149
1739723953.342131,-64,49,-25
1739723953.388131,-6,25,-62
1739723953.434131,-34,43,-25
1739723953.4791307,-35,77,-15
1739723953.5251307,-26,-13,-45
1739723953.5711308,27,-1,-48
1739723953.6161306,-69,-23,-85
1739723953.6621306,15,-15,58
1739723953.7081306,20,13,-16
1739723953.7541306,-51,5,79
1739723953.799131,-2,0,-15
1739723953.8451307,-7,-26,-181
1739723953.8911307,-2,-37,-59
1739723953.9361308,-26,-31,-103
1739723953.9821308,-24,-74,-29
1739723954.0281308,39,-26,-56
1739723954.0741308,4,-62,37
1739723954.1191306,44,-67,-88
1739723954.1651306,-34,-75,23
1739723954.2111306,16,24,-54
1739723954.2561307,-22,9,27
1739723954.3021307,31,32,-8
1739723954.3481307,-25,-37,-74
1739723954.3941307,8,27,-112
1739723954.4391308,27,-41,-161
1739723954.4851308,-70,3,-84
1739723954.5311308,31,-28,36
1739723954.5761306,-54,16,37
1739723954.6221306,-4,43,-183
1739723954.6681306,-52,0,-55
1739723954.7141306,10,11,-133
1739723954.7591307,-31,-24,-24
1739723954.8051307,-4,-17,-97
1739723954.8511307,-52,42,63
1739723954.8961308,-73,55,-37
1739723954.9421306,-10,-16,22
1739723954.9881306,-2,69,-87
1739723955.0341306,15,45,61
1739723955.0791306,9,-11,-12
1739723955.125131,77,-34,-45
1739723955.171131,-44,-46,-46
1739723955.2221308,33,-14,-8
1739723955.2681308,4,10,38
1739723955.3141308,-22,-15,34
1739723955.3591306,-76,13,30
1739723955.4051306,5,69,6
1739723955.4511306,-143,-2,-67
1739723955.4961307,25,1,-33
1739723955.5421307,-24,-30,-95
1739723955.5881307,-42,-33,52
1739723955.6341307,-130,96,0
1739723955.6791308,0,-15,-45
1739723955.7251308,40,-8,-83
1739723955.7711308,-33,83,11
1739723955.8161306,4,-7,-115
1739723955.8621306,-1,6,42
1739723955.9081306,-60,28,-60
1739723955.9541306,-33,22,-60
1739723955.9991307,70,-24,23
1739723956.0451307,-25,5,-40
1739723956.0911307,58,8,-53
1739723956.1361306,-17,22,-4
1739723956.1821306,29,32,-43
1739723956.2281306,-16,24,-89
1739723956.2741306,-10,-50,-71
1739723956.319131,-87,40,-153
1739723956.365131,-60,12,4
1739723956.411131,26,-6,-27
1739723956.4561307,69,12,-25
1739723956.5021307,-30,-29,-91
1739723956.5481308,-104,-21,-130
1739723956.5941308,25,-42,124
1739723956.6391306,26,-32,-115
1739723956.6851306,36,-50,-53
1739723956.7311306,4,33,-39
1739723956.776131,-15,-25,14
1739723956.822131,43,-10,-95
1739723956.8681307,6,-1,-125
1739723956.9141307,-43,9,-104
1739723956.9591308,45,-11,-71
1739723957.0051308,-59,70,-44
1739723957.0511308,46,25,-9
1739723957.0961306,-30,103,-47
1739723957.1421306,-17,-37,-44
1739723957.1881306,21,-40,-195
1739723957.2341306,23,18,-141
1739723957.2791307,71,-32,-79
1739723957.3251307,45,30,0
1739723957.3711307,-44,-1,-80
1739723957.4161308,-29,82,-105
1739723957.4621308,-42,62,-111
1739723957.5081308,-15,4,-30
1739723957.5541308,-2,-22,14
1739723957.5991306,-2,70,-39
1739723957.6451306,-53,-9,-70
1739723957.6911306,2,35,-71
1739723957.7361307,-29,-21,-49
1739723957.7821307,30,24,-43
1739723957.8281307,-6,-18,-35
1739723957.8741307,29,30,5
1739723957.9191308,-7,-28,38
1739723957.9651306,16,-47,-127
1739723958.0111306,-51,-24,-10
1739723958.0561306,-27,-37,-30
1739723958.102131,34,25,-27
1739723958.148131,-18,-16,-10
1739723958.194131,8,41,7
1739723958.2391307,-35,4,-153
1739723958.2851307,33,-39,37
1739723958.3311307,15,62,16
1739723958.3761306,-8,71,-10
1739723958.4221306,-40,90,52
1739723958.4681306,-50,35,-18
1739723958.5141306,62,-45,11
1739723958.559131,-17,-39,-10
1739723958.605131,32,54,-81
1739723958.651131,-86,-76,32
1739723958.6961308,42,-5,45
1739723958.7421308,-20,10,-91
1739723958.7881308,3,41,-137
1739723958.8341308,35,19,7
1739723958.8791306,78,7,-7
1739723958.9251306,32,-17,35
1739723958.9711306,-50,27,122
1739723959.0161307,46,-21,-95
1739723959.0621307,20,-66,-63
1739723959.1081307,-30,58,-39
1739723959.1541307,-3,-25,-63
1739723959.1991308,-17,-41,72
1739723959.2451308,57,14,-73
1739723959.2911308,21,-25,-55
1739723959.3361306,-12,27,-27
1739723959.3821306,40,-61,-55
1739723959.4281306,0,-48,-51
1739723959.4741306,4,-46,-61
1739723959.5191307,-26,-3,-121
1739723959.5651307,65,31,-127
1739723959.6111307,62,-6,-147
1739723959.6561308,18,-2,132
1739723959.7021308,7,55,-129
1739723959.7481308,54,20,-113
1739723959.7941308,9,49,-69
1739723959.8391306,14,-31,-107
1739723959.8851306,14,8,-1
1739723959.9311306,78,-6,5
1739723959.9761307,-39,4,42
1739723960.0221307,11,6,-1
1739723960.0681307,1,38,-129
1739723960.1141307,-10,-23,-131
1739723960.1591306,6,-11,-81
1739723960.2051306,31,-63,-113
1739723960.2511306,-62,7,-70
1739723960.296131,-27,-31,-5
1739723960.3411307,8,33,-57
1739723960.3871307,43,22,-31
1739723960.4321306,-41,15,-147
1739723960.4781306,88,12,-113
1739723960.5241306,-61,18,24
1739723960.5701306,-12,46,48
1739723960.615131,-74,10,42
1739723960.661131,58,119,-120
1739723960.707131,-11,0,-49
1739723960.7521307,-6,-28,-37
1739723960.7981308,-49,-28,-95
1739723960.8441308,46,3,-21
1739723960.8901308,61,-37,-135
1739723960.9351306,-65,63,-12
1739723960.9811306,-22,-54,-79
1739723961.0271306,17,-21,-127
1739723961.072131,-15,-15,-5
1739723961.1181307,8,-30,-11
1739723961.1641307,-20,-8,-65
1739723961.2101307,-68,41,-104
1739723961.2551308,-58,-55,-43
1739723961.3011308,31,-7,49
1739723961.3471308,71,-36,-57
1739723961.3921306,70,12,-37
1739723961.4381306,-6,21,4
1739723961.4841306,1,-19,-29
1739723961.5301306,-129,-27,-71
1739723961.5751307,7,-1,-107
1739723961.6211307,48,47,-78
1739723961.6671307,-1,-43,65
1739723961.7121308,-4,49,-56
1739723961.7581308,-53,29,-134
1739723961.8041308,-7,-4,-4
1739723961.8491306,67,-56,-47
1739723961.8951306,0,2,-131
1739723961.9411306,34,-31,-215
1739723961.9871306,18,15,96
1739723962.0321307,21,57,-50
1739723962.0781307,56,-44,-51
1739723962.1241307,-92,36,20
1739723962.1691308,5,65,24
1739723962.2151306,86,10,31
1739723962.2611306,9,-36,49
1739723962.3071306,-6,-38,31
1739723962.352131,13,-33,-117
1739723962.398131,-53,57,-46
1739723962.444131,15,22,-12
1739723962.4891307,54,0,-13
1739723962.5351307,-48,-8,-15
1739723962.5811307,-40,-7,-109
1739723962.6271307,42,12,-21
1739723962.6721306,-31,28,-34
1739723962.7181306,63,39,-123
1739723962.7641306,-2,60,-152
1739723962.809131,71,36,20
1739723962.855131,70,2,39
1739723962.901131,17,-5,-57
1739723962.947131,-63,59,-132
1739723962.9921308,57,4,-117
1739723963.0381308,-72,8,-46
1739723963.0841308,-65,-30,82
1739723963.1291306,42,-28,-21
1739723963.1751306,104,-35,-109
1739723963.2211306,28,78,-28
1739723963.2671306,4,-7,-139
1739723963.3121307,-62,-79,3
1739723963.3581307,-1,-67,-69
1739723963.4041307,17,-61,-13
1739723963.4491308,-41,-88,-97
1739723963.4951308,46,-11,-155
1739723963.5411308,38,49,-43
1739723963.5871308,-29,-31,-77
1739723963.6321306,-6,4,-16
1739723963.6781306,-82,57,-26
1739723963.7241306,23,-8,-5
1739723963.7691307,-38,23,-96
1739723963.8151307,98,10,-17
1739723963.8611307,-11,25,-62
1739723963.9071307,51,21,61
1739723963.9521308,-86,56,28
1739723963.9981308,49,-6,129
1739723964.0441308,6,-58,-71
1739723964.0891306,-59,42,-72
1739723964.1351306,-41,17,-102
1739723964.1811306,-44,52,-62
1739723964.227131,-13,-21,-39
1739723964.2721307,-17,-34,-9
1739723964.3181307,-36,-86,-1
1739723964.3641307,-63,-44,0
1739723964.4091306,59,-67,-79
1739723964.4551306,-23,41,-8
1739723964.5011306,38,-40,7
1739723964.5471306,67,-56,-25
1739723964.592131,44,-27,-109
1739723964.638131,-10,19,4
1739723964.684131,37,-18,-57
1739723964.7291307,-42,-7,-69
1739723964.7751307,18,-90,-11
1739723964.8211308,-121,-8,48
1739723964.8671308,-37,-48,34
1739723964.9121306,35,-9,23
1739723964.9581306,-44,-9,58
1739723965.0041306,7,-52,-167
1739723965.049131,-34,-8,-87
1739723965.0951307,-13,26,70
1739723965.1411307,-69,17,20
1739723965.1871307,8,-54,-45
1739723965.2381306,12,-8,-33
1739723965.2841306,23,37,-66
1739723965.3291306,-48,-6,-43
1739723965.375131,-35,12,-87
1739723965.421131,-49,-2,-65
1739723965.467131,21,7,40
1739723965.5121307,-5,-52,-69
1739723965.5581307,-55,59,4
1739723965.6041307,-42,140,-66
1739723965.6491306,-59,-29,-1
1739723965.6951306,9,-1,-50
1739723965.7411306,-16,-71,-7
1739723965.7871306,20,45,-27
1739723965.832131,-6,6,-81
1739723965.878131,49,-108,57
1739723965.924131,-34,3,-75
1739723965.9691308,5,51,-35
1739723966.0151308,-26,21,1
1739723966.0611308,-42,-11,-65
1739723966.1071308,3,31,81
1739723966.1521306,10,34,-27
1739723966.197131,-3,44,-83
1739723966.2431307,78,0,0
1739723966.2881308,-29,-61,-68
1739723966.3341308,27,-67,-42
1739723966.3801308,-58,-63,-172
1739723966.4251306,-10,-13,-98
1739723966.4711306,-20,77,-13
1739723966.5171306,-11,13,77
1739723966.5631306,-96,-36,-139
1739723966.6081307,5,79,57
1739723966.6541307,31,40,-36
1739723966.7001307,75,-51,-20
1739723966.7451308,-85,63,45
1739723966.7911308,-86,-56,27
1739723966.8371308,70,-10,8
1739723966.8831308,-2,40,93
1739723966.9281306,35,19,2
1739723966.9741306,-83,-24,35
1739723967.0201306,-2,18,-70
1739723967.0651307,24,35,-70
1739723967.1111307,39,-8,-68
1739723967.1571307,-39,17,81
1739723967.2031307,-33,-2,-5
1739723967.2481308,-16,-67,-24
1739723967.2941308,6,-42,18
1739723967.3401306,-10,-80,0
1739723967.3851306,1,78,-129
1739723967.4311306,12,14,-14
1739723967.477131,89,2,-14
1739723967.523131,-12,80,-53
1739723967.5681307,-36,19,3
1739723967.6141307,-26,-51,-42
1739723967.6601307,-16,22,-51
1739723967.7051306,-27,-33,-48
1739723967.7511306,42,-30,-106
1739723967.7971306,74,-15,-14
1739723967.8431306,-58,-39,21
1739723967.888131,13,12,-106
1739723967.934131,-91,20,-63
1739723967.980131,15,10,6
1739723968.0251307,-5,-32,-136
1739723968.0711308,-68,-3,-73
1739723968.1171308,0,52,27
1739723968.1631308,-11,-19,-38
1739723968.2081306,-116,-60,5
1739723968.2541306,38,6,-18
1739723968.3001306,-20,-6,-59
1739723968.3451307,44,40,-84
1739723968.3911307,-15,42,-149
1739723968.4371307,31,-108,0
1739723968.4831307,-29,-47,11
1739723968.5281308,9,-2,-170
1739723968.5741308,-12,-9,33
1739723968.6201308,68,29,-206
1739723968.6651306,127,-26,55
1739723968.7111306,-29,34,23
1739723968.7571306,-50,-13,-22
1739723968.8031306,64,-59,-14
1739723968.8481307,-18,-38,36
1739723968.8941307,-2,-12,-112
1739723968.9401307,-85,-38,-86
1739723968.9851308,41,-24,18
1739723969.0311308,45,-4,-160
1739723969.0771308,18,47,-2
1739723969.1231308,-61,68,-66
1739723969.1681306,50,-28,-2
1739723969.2141306,37,17,-106
1739723969.2601306,-25,51,-60
1739723969.3051307,-74,4,-73
1739723969.3511307,-60,18,-81
1739723969.3971307,-30,10,-142
1739723969.4431307,-35,-57,-77
1739723969.4881306,6,43,-90
1739723969.5341306,-25,33,-21
1739723969.5801306,-39,138,-21
1739723969.625131,36,-38,-96
1739723969.671131,-40,-1,-57
1739723969.717131,-7,-10,59
1739723969.763131,0,24,-60
1739723969.8081307,7,17,-156
1739723969.8541307,-8,39,-62
1739723969.9001307,10,-4,-104
1739723969.9451306,-38,-46,-9
1739723969.9911306,14,105,-52
1739723970.0371306,11,2,-68
1739723970.0831306,-99,-18,-195
1739723970.128131,-63,-4,-3
1739723970.174131,15,16,-58
1739723970.2201307,26,-22,-6
1739723970.2651308,-72,15,-49
1739723970.3111308,71,60,-196
1739723970.3571308,3,17,-10
1739723970.4031308,9,-44,1
1739723970.4481306,0,-45,55
1739723970.4941306,-50,-16,-51
1739723970.5401306,44,38,-132
1739723970.5851307,46,-23,-82
1739723970.6311307,-27,-7,-71
1739723970.6771307,-33,-26,-15
1739723970.7231307,13,20,126
1739723970.7681308,23,-14,-8
1739723970.8141308,-93,22,-103
1739723970.8601308,42,-85,4
1739723970.9051306,-57,-21,-17
1739723970.9511306,60,-23,-28
1739723970.9971306,26,67,38
1739723971.0421307,29,34,-26
1739723971.0881307,-4,10,-120
1739723971.1341307,-41,5,-127
1739723971.1801307,80,21,-36
1739723971.2251308,52,97,-82
1739723971.2711308,9,-24,-38
1739723971.3171306,7,17,-76
1739723971.3631306,-15,-9,-21
1739723971.4081306,35,49,-106
1739723971.4541306,-68,45,61
1739723971.500131,-23,-40,0
1739723971.5451307,25,30,70
1739723971.5911307,22,-18,-96
1739723971.6371307,0,-6,49
1739723971.6821306,-4,-4,-39
1739723971.7281306,31,48,-64
1739723971.7741306,5,5,-12
1739723971.8201306,55,75,-96
1739723971.865131,-49,-50,-95
1739723971.911131,-42,-13,-23
1739723971.957131,-18,-14,-73
1739723972.0021307,-46,44,-162
1739723972.0481308,-9,17,-118
1739723972.0941308,26,6,-124
1739723972.1401308,-63,23,4
1739723972.1851306,74,23,-98
1739723972.2311306,-18,-19,45
1739723972.2771306,2,-2,-64
1739723972.322131,-62,-17,47
1739723972.3681307,9,31,-148
1739723972.4141307,-13,35,0
1739723972.4601307,29,45,-28
1739723972.5051308,-8,-16,-39
1739723972.5511308,25,0,-240
1739723972.5971308,-24,-5,1
1739723972.6421306,-21,80,-228
1739723972.6881306,26,-17,1
1739723972.7341306,1,-8,-40
1739723972.7801306,9,85,-50
1739723972.8251307,26,-3,22
1739723972.8711307,20,55,-114
1739723972.9171307,25,-77,-13
1739723972.9621308,14,-122,-11
1739723973.0081308,-1,-35,-67
1739723973.0541308,-4,40,-68
1739723973.1001308,-30,-4,21
1739723973.1451306,-10,9,-93
1739723973.1911306,127,-34,-86
1739723973.2371306,84,18,-66
1739723973.2821307,27,-57,-44
1739723973.3281307,-20,41,-106
1739723973.3741307,48,-19,-88
1739723973.4201307,72,-24,-32
1739723973.4651306,3,1,-76
1739723973.5111306,23,65,-136
1739723973.5571306,79,-2,-56
1739723973.602131,44,22,-116
1739723973.648131,-39,-7,21
1739723973.694131,-28,31,-35
1739723973.740131,11,18,-80
1739723973.7851307,-16,28,39
1739723973.8311307,5,15,-26
1739723973.8771307,20,27,-22
1739723973.9221306,22,21,-26
1739723973.9681306,-16,28,-1
1739723974.0141306,49,-17,-192
1739723974.0601306,46,-4,-92
1739723974.105131,-19,-58,-75
1739723974.151131,50,86,-98
1739723974.197131,-4,-34,0
1739723974.2421308,-7,-42,-91
1739723974.2881308,30,-21,-80
1739723974.3341308,20,37,-42
1739723974.3801308,-41,5,-95
1739723974.4251306,41,4,-2
1739723974.4711306,83,31,-94
1739723974.5171306,-66,3,39
1739723974.5621307,-21,20,-84
1739723974.6081307,-20,10,-32
1739723974.6541307,-86,-9,-17
1739723974.7001307,-65,67,-76
1739723974.7451308,6,25,-12
1739723974.7911308,0,-11,-3
1739723974.8371308,-15,7,-66
1739723974.8821306,4,31,-24
1739723974.9281306,-3,-7,-61
1739723974.9741306,-3,-14,-7
1739723975.0201306,21,-75,-33
1739723975.0651307,48,6,-58
1739723975.1111307,-4,11,-64
1739723975.1571307,-15,31,-60
1739723975.2021308,-19,-43,-43
1739723975.2541306,-14,89,-20
1739723975.3001306,-23,4,-44
1739723975.3451307,-63,-7,-63
1739723975.3911307,-19,21,-112
1739723975.4371307,32,-3,-91
1739723975.4821308,13,-42,-95
1739723975.5281308,50,50,-178
1739723975.5741308,-1,-21,71
1739723975.6201308,-64,90,-32
1739723975.6651306,64,-24,-7
1739723975.7111306,-33,-35,-121
1739723975.7571306,13,47,40
1739723975.8021307,-40,-30,-7
1739723975.8481307,-17,-86,-81
1739723975.8941307,-3,-7,-79
1739723975.9401307,-14,24,-130
1739723975.9851308,7,-24,73
1739723976.0311308,-50,26,-58
1739723976.0771308,68,-40,-22
1739723976.1221306,-11,-27,-67
1739723976.1681306,7,-42,-3
1739723976.2141306,-28,0,-117
1739723976.2601306,-8,-50,-47
1739723976.3051307,-6,-46,-73
1739723976.3511307,-3,-22,-145
1739723976.3971307,-8,45,-78
1739723976.4421306,3,59,-68
1739723976.4881306,-14,-77,31
1739723976.5341306,24,57,-122
1739723976.5801306,16,-21,-158
1739723976.625131,43,18,-92
1739723976.671131,-33,20,-29
1739723976.717131,-78,-45,-129
1739723976.7621307,-11,-25,69
1739723976.8081307,-33,32,-57
1739723976.8541307,1,44,32
1739723976.9001307,-11,-11,-45
1739723976.9451306,-39,-5,-67
1739723976.9911306,13,20,-32
1739723977.0371306,4,45,-66
1739723977.082131,-39,5,-55
1739723977.128131,91,26,-124
1739723977.174131,-24,-46,-111
1739723977.2201307,-63,7,-65
1739723977.2651308,41,59,8
1739723977.3111308,-48,-18,27
1739723977.3571308,0,12,-32
1739723977.4021306,0,-3,85
1739723977.4481306,22,-36,-30
1739723977.4941306,-6,4,-91
1739723977.5401306,-8,35,-1
1739723977.5851307,-12,122,-27
1739723977.6311307,-48,48,-103
1739723977.6771307,40,-12,44
1739723977.7221308,-6,-24,0
1739723977.7681308,10,26,104
1739723977.8141308,52,55,-76
1739723977.8601308,-14,-1,-55
1739723977.9051306,-20,-20,55
1739723977.9511306,-78,-41,-45
1739723977.9971306,77,15,0
1739723978.0421307,72,-24,-132
1739723978.0881307,-35,6,-92
1739723978.1341307,-14,-1,-139
1739723978.1801307,-11,21,38
1739723978.2251308,13,48,-109
1739723978.2711308,9,69,-87
1739723978.3171306,-49,22,-74
1739723978.3621306,-11,3,-83
1739723978.4081306,6,51,46
1739723978.4541306,51,-11,-217
1739723978.500131,2,-17,-13
1739723978.5451307,-43,5,-98
1739723978.5911307,8,-1,-101
1739723978.6371307,7,-44,-73
1739723978.6821306,5,33,18
1739723978.7281306,-9,-9,32
1739723978.7741306,0,-4,16
1739723978.8201306,-14,-35,-175
1739723978.865131,65,17,-31
1739723978.911131,15,62,-35
1739723978.957131,34,66,3
1739723979.0021307,-16,1,-48
1739723979.0481308,15,-15,-37
1739723979.0941308,21,1,-35
1739723979.1401308,-63,20,-20
1739723979.1851306,41,-12,-81
1739723979.2311306,31,62,-15
1739723979.2771306,-93,-8,-16
1739723979.322131,42,22,-91
1739723979.3681307,-34,-30,-14
1739723979.4141307,20,51,-31
1739723979.4601307,41,-10,-61
1739723979.5051308,-67,99,-50
1739723979.5511308,34,41,-47
1739723979.5971308,-42,44,-58
1739723979.6421306,104,48,-83
1739723979.6881306,-4,10,-47
1739723979.7341306,51,-13,-55
1739723979.7801306,26,28,-157
1739723979.8251307,84,-19,-73
1739723979.8711307,-14,-3,-25
1739723979.9171307,-27,23,-7
1739723979.9621308,-20,-50,0
1739723980.0081308,-14,-51,-101
1739723980.0541308,-48,-17,-129
1739723980.1001308,34,55,5
1739723980.1451306,20,-38,-59
1739723980.1911306,-13,-7,-71
1739723980.2371306,21,59,32
1739723980.2821307,-27,94,23
1739723980.3281307,61,17,-71
1739723980.3741307,5,-25,-93
1739723980.4201307,-37,33,-40
1739723980.4651306,10,67,-60
1739723980.5111306,2,-11,-77
1739723980.5571306,54,-18,47
1739723980.602131,54,-32,-81
1739723980.648131,-54,-3,-106
1739723980.694131,-34,20,-86
1739723980.740131,76,-93,27
1739723980.7851307,5,47,34
1739723980.8311307,-1,44,-66
1739723980.8771307,-61,16,74
1739723980.9221306,33,23,130
1739723980.9681306,-43,-13,-106
1739723981.0141306,10,30,14
1739723981.0601306,-53,33,-22
1739723981.105131,-84,-5,-24
1739723981.151131,-49,46,-110
1739723981.197131,-4,-46,-103
1739723981.2421308,41,-54,17
1739723981.2881308,27,26,-31
1739723981.3341308,32,31,106
1739723981.3801308,-12,-86,-97
1739723981.4251306,-16,-85,-15
1739723981.4711306,25,-34,-25
1739723981.5171306,97,5,-121
1739723981.5621307,-20,38,-6
1739723981.6081307,-8,7,-6
1739723981.6541307,-46,-59,14
1739723981.7001307,33,62,-89
1739723981.7451308,-59,-41,48
1739723981.7911308,3,-5,-89
1739723981.8371308,46,20,55
1739723981.8821306,43,-30,-39
1739723981.9281306,-43,-11,-46
1739723981.9741306,-12,-15,2
1739723982.0191307,-58,64,-78
1739723982.0651307,5,37,5
1739723982.1111307,-56,0,-50
1739723982.1571307,27,62,-85
1739723982.2021308,-30,30,-62
1739723982.2481308,-51,-20,-147
1739723982.2941308,-52,-32,122
1739723982.3391306,-11,-41,0
1739723982.3851306,25,-87,-127
1739723982.4311306,5,1,1
1739723982.477131,-26,31,32
1739723982.5221307,30,-79,-95
1739723982.5681307,14,-6,-65
1739723982.6141307,23,0,-85
1739723982.6591306,-68,-43,64
1739723982.7051306,-53,-70,-46
1739723982.7511306,43,46,-13
1739723982.7971306,-21,-13,-145
1739723982.842131,-15,38,-15
1739723982.888131,15,-32,-147
1739723982.934131,53,25,-55
1739723982.9791307,8,35,-149
1739723983.0251307,32,-15,-31
1739723983.0711308,7,81,-34
1739723983.1171308,-9,-64,11
1739723983.1621306,-3,-59,-9
1739723983.2081306,-27,56,-108
1739723983.2541306,-98,-16,-31
1739723983.299131,-85,-9,27
1739723983.3451307,0,-29,-3
1739723983.3911307,-66,-38,40
1739723983.4371307,-3,56,-50
1739723983.4821308,55,20,-35
1739723983.5281308,-20,-10,3
1739723983.5741308,-24,-68,3
1739723983.6191306,-15,26,-86
1739723983.6651306,-21,-16,58
1739723983.7111306,-73,46,-68
1739723983.7571306,31,-35,45
1739723983.8021307,34,-56,-29
1739723983.8481307,25,26,2
1739723983.8941307,-19,-48,-103
1739723983.9391308,-2,95,-52
1739723983.9851308,-21,-2,14
1739723984.0311308,21,25,-89
1739723984.0771308,-22,17,-28
1739723984.1221306,-12,35,-121
1739723984.1681306,9,-32,47
1739723984.2141306,24,33,-109
1739723984.2591307,-108,44,-8
1739723984.3051307,21,-20,71
1739723984.3511307,44,-45,-103
1739723984.3971307,10,4,-203
1739723984.4421306,35,9,-127
1739723984.4881306,3,31,-8
1739723984.5341306,-18,-57,-15
1739723984.5791306,50,49,-83
1739723984.625131,-77,-61,-53
1739723984.671131,-6,49,-66
1739723984.717131,60,72,44
1739723984.7621307,-41,-43,0
1739723984.8081307,35,-9,-79
1739723984.8541307,-5,-16,7
1739723984.8991306,15,-17,19
1739723984.9451306,1,-3,7
1739723984.9911306,-67,-14,-91
1739723985.0371306,-39,-15,-147
1739723985.082131,-15,-31,47
1739723985.128131,5,25,-111
1739723985.174131,-47,14,-108
1739723985.2191308,0,30,-43
1739723985.2711308,-29,12,-46
1739723985.3171306,73,-37,9
1739723985.3621306,-9,39,-118
1739723985.4081306,-43,26,-139
1739723985.4541306,0,4,-97
1739723985.4991307,-30,-43,-7
1739723985.5451307,67,53,46
1739723985.5911307,66,0,13
1739723985.6371307,14,30,6
1739723985.6821306,7,43,-100
1739723985.7281306,-5,-22,25
1739723985.7741306,30,-27,3
1739723985.819131,-44,-23,-169
1739723985.865131,50,-17,-105
1739723985.911131,59,36,17
1739723985.957131,-87,0,18
1739723986.0021307,-66,21,-110
1739723986.0481308,38,-14,21
1739723986.0941308,0,56,30
1739723986.1391306,-29,32,-22
1739723986.1851306,15,56,-26
1739723986.2311306,-6,-14,-83
1739723986.2771306,-13,-17,26
1739723986.322131,73,-69,7
1739723986.3681307,18,-29,-3
1739723986.4141307,14,-1,-1
1739723986.4591308,24,8,94
1739723986.5051308,24,6,-11
1739723986.5511308,23,23,-39
1739723986.5971308,6,51,-191
1739723986.6421306,0,12,-75
1739723986.6881306,-85,6,-149
1739723986.7341306,-12,-5,-183
1739723986.7791307,-7,-26,-73
1739723986.8251307,-45,36,18
1739723986.8711307,26,36,-21
1739723986.9171307,42,52,-29
1739723986.9621308,-22,-30,-52
1739723987.0081308,-85,37,-34
1739723987.0541308,-36,12,-155
1739723987.0991306,17,-73,-91
1739723987.1451306,4,-21,-47
1739723987.1911306,-3,16,-157
1739723987.2371306,-40,-13,-8
1739723987.2821307,0,-21,-32
1739723987.3281307,-121,42,-76
1739723987.3741307,-44,-15,-10
1739723987.4191308,8,27,-3
1739723987.4651306,-45,68,-42
1739723987.5111306,23,-26,116
1739723987.5571306,-3,0,-107
1739723987.602131,-14,-5,-131
1739723987.648131,-25,19,-113
1739723987.694131,22,57,-121
1739723987.7391307,-8,41,28
1739723987.7851307,58,6,-42
1739723987.8311307,-33,-40,-73
1739723987.8771307,44,56,60
1739723987.9221306,6,-16,-176
1739723987.9681306,-130,23,39
1739723988.0141306,13,-8,4
1739723988.059131,-28,64,-143
1739723988.105131,40,-14,22
1739723988.151131,-9,0,-15
1739723988.197131,39,39,53
1739723988.2421308,11,12,-98
1739723988.2881308,-41,-49,-91
1739723988.3341308,-29,-17,1
1739723988.3791306,-32,12,-64
1739723988.4251306,27,-14,-92
1739723988.4711306,18,-17,-24
1739723988.5171306,-23,-22,-21
1739723988.5621307,16,-2,4
1739723988.6081307,-75,-5,-119
1739723988.6541307,-10,41,17
1739723988.6991308,-90,-61,-61
1739723988.7451308,-61,7,-23
1739723988.7911308,-58,31,-89
1739723988.8371308,-36,-16,7
1739723988.8821306,-49,-36,-89
1739723988.9281306,-29,50,-43
1739723988.9741306,23,31,-14
1739723989.0191307,39,2,-40
1739723989.0651307,-7,-60,-142
1739723989.1111307,-65,-8,-11
1739723989.1571307,59,62,-32
1739723989.2021308,-70,-42,-33
1739723989.2481308,-23,-74,-9
1739723989.2941308,57,18,-74
1739723989.3391306,12,-6,-8
1739723989.3851306,2,13,0
1739723989.4311306,3,88,-1
1739723989.477131,58,-5,-192
1739723989.5221307,-22,15,7
1739723989.5681307,18,-2,-16
1739723989.6141307,-32,1,-127
1739723989.6591306,5,19,-88
1739723989.7051306,-29,-67,31
1739723989.7511306,-25,-23,-111
1739723989.7971306,-73,-5,-7
1739723989.842131,-66,-42,-57
1739723989.888131,-26,9,-37
1739723989.934131,-38,87,82
1739723989.9791307,-16,70,-44
1739723990.0251307,-20,-32,-65
1739723990.0711308,39,2,-28
1739723990.1171308,-60,-87,19
1739723990.1621306,-11,-9,-63
1739723990.2081306,-27,7,-59
1739723990.2541306,-9,53,-84
1739723990.299131,121,10,-50
1739723990.3451307,-57,-25,115
1739723990.3911307,6,-7,-132
1739723990.4371307,-94,1,-3
1739723990.4821308,14,-127,-47
1739723990.5281308,2,11,-30
1739723990.5741308,-42,-33,-17
1739723990.6191306,48,56,-62
1739723990.6651306,-17,4,-5
1739723990.7111306,-30,32,-68
1739723990.7571306,77,32,-94
1739723990.8021307,-44,-13,-43
1739723990.8481307,89,-14,-44
1739723990.8941307,19,1,-24
1739723990.9391308,29,30,-16
1739723990.9851308,25,14,-196
1739723991.0311308,35,45,6
1739723991.0771308,2,-51,-7
1739723991.1221306,-14,70,86
1739723991.1681306,51,43,-214
1739723991.2141306,-62,46,61
1739723991.2581308,-3,32,-20
1739723991.3041308,-48,-32,43
1739723991.3501308,32,5,-36
1739723991.3951306,-29,34,-14
1739723991.4411306,19,51,-154
1739723991.4871306,37,-42,-56
1739723991.5331306,-32,91,-104
1739723991.5781307,-21,2,-35
1739723991.6241307,46,42,-80
1739723991.6701307,73,-18,42
1739723991.7151306,-8,25,-42
1739723991.7611306,74,66,0
1739723991.8071306,-28,15,-99
1739723991.852131,-14,26,12
1739723991.898131,-49,52,-73
1739723991.944131,44,-6,-94
1739723991.990131,42,-3,-16
1739723992.0351307,15,78,-118
1739723992.0811307,21,1,2
1739723992.1271307,-10,57,-34
1739723992.1721306,-36,14,-41
1739723992.2181306,46,-19,-22
1739723992.2641306,-57,41,-107
1739723992.3101306,-2,-28,-37
1739723992.355131,31,-75,0
1739723992.401131,-77,-51,21
1739723992.447131,40,41,-70
1739723992.4921308,58,36,-66
1739723992.5381308,-24,43,-196
1739723992.5841308,122,-14,62
1739723992.6301308,123,56,-124
1739723992.6751306,-1,2,-30
1739723992.7211306,-100,-13,-47
1739723992.7671306,-20,41,-90
1739723992.8121307,32,25,98
1739723992.8581307,41,18,-176
1739723992.9041307,8,-16,-7
1739723992.9501307,108,1,48
1739723992.9951308,101,-20,36
1739723993.0411308,47,-17,20
1739723993.0871308,-26,-31,-129
1739723993.1321306,-20,55,-66
1739723993.1781306,27,-61,70
1739723993.2241306,0,-63,13
1739723993.2701306,26,-4,62
1739723993.3151307,-30,74,34
1739723993.3611307,40,41,-34
1739723993.4071307,-7,33,-154
1739723993.4521308,26,40,-190
1739723993.4981308,53,29,-82
1739723993.5441308,-76,-32,41
1739723993.5901306,-21,33,-123
1739723993.6351306,50,-19,-64
1739723993.6811306,-43,37,-21
1739723993.727131,36,61,-160
1739723993.7721307,22,-54,-112
1739723993.8181307,41,-26,-106
1739723993.8641307,2,9,-154
1739723993.9101307,18,-94,-44
1739723993.9551306,51,25,-18
1739723994.0011306,-22,-6,-37
1739723994.0471306,62,24,-70
1739723994.092131,78,100,26
1739723994.138131,11,-12,54
1739723994.184131,30,-5,40
1739723994.230131,-38,63,33
1739723994.2751307,50,-50,-4
1739723994.3211308,81,-2,-62
1739723994.3671308,-40,41,-48
1739723994.4121306,-11,35,-8
1739723994.4581306,39,-12,-2
1739723994.5041306,-108,32,-5
1739723994.5501306,38,-84,-156
1739723994.5951307,78,3,-44
1739723994.6411307,-46,76,-17
1739723994.6871307,43,18,24
1739723994.7321308,99,11,-88
1739723994.7781308,-7,1,-8
1739723994.8241308,9,-30,-58
1739723994.8701308,20,25,-98
1739723994.9151306,78,3,-89
1739723994.9611306,-91,-5,10
1739723995.0071306,1,-25,-95
1739723995.0521307,71,45,-53
1739723995.0981307,81,45,23
1739723995.1441307,98,-12,-25
1739723995.1901307,44,-3,52
1739723995.2351308,-28,-17,10
1739723995.2871306,2,7,20
1739723995.332131,-29,-51,-143
1739723995.378131,19,-11,-85
1739723995.424131,60,8,-27
1739723995.4701307,-20,-4,-105
1739723995.5151308,-63,24,-38
1739723995.5611308,19,-13,-83
1739723995.6071308,-24,-48,-16
1739723995.6521306,-55,51,-32
1739723995.6981306,28,-35,-51
1739723995.7441306,48,-55,-139
1739723995.7901306,-3,46,-137
1739723995.8351307,-4,14,32
1739723995.8811307,-9,23,-61
1739723995.9271307,-8,-16,-43
1739723995.9721308,52,9,-83
1739723996.0181308,-35,-9,-73
1739723996.0651307,-45,5,-20
1739723996.1111307,15,5,-15
1739723996.1561308,-84,33,-6
1739723996.2021308,9,16,-81
1739723996.2481308,-25,21,-93
1739723996.2941308,10,-18,5
1739723996.3391306,17,-29,-21
1739723996.3851306,-28,46,-149
1739723996.4311306,68,39,21
1739723996.4761307,-2,-28,0
1739723996.5221307,-1,18,-121
1739723996.5681307,-28,-3,-107
1739723996.6141307,66,21,39
1739723996.6591306,104,-13,-27
1739723996.7051306,13,-8,-139
1739723996.7511306,-31,4,-41
1739723996.796131,67,1,-37
1739723996.842131,31,77,67
1739723996.888131,31,33,60
1739723996.934131,13,67,7
1739723996.9791307,-23,80,-41
1739723997.0251307,-35,-58,-187
1739723997.0711308,26,6,-49
1739723997.1161306,-51,23,28
1739723997.1621306,-21,51,72
1739723997.2081306,-49,-40,-36
1739723997.2541306,-41,8,10
1739723997.299131,15,-4,-145
1739723997.3451307,-20,31,-43
1739723997.3911307,60,-51,-123
1739723997.4361308,30,-44,-55
1739723997.4821308,28,-38,38
1739723997.5281308,-13,18,-143
1739723997.5741308,-31,63,-121
1739723997.6191306,-112,-75,30
1739723997.6651306,-28,12,7
1739723997.7111306,-22,12,-33
1739723997.7561307,15,1,-93
1739723997.8021307,-28,0,-83
1739723997.8481307,-40,-45,-159
1739723997.8941307,-30,-18,-28
1739723997.9391308,30,-37,-123
1739723997.9851308,-13,20,-53
1739723998.0311308,-4,-17,-77
1739723998.0761306,-70,3,-177
1739723998.1221306,79,57,-39
1739723998.1681306,4,47,11
1739723998.2141306,34,5,-19
1739723998.2591307,11,52,61
1739723998.3051307,53,2,-95
1739723998.3511307,31,-14,-121
1739723998.3961308,-12,87,-45
1739723998.4421306,-114,-56,-54
1739723998.4881306,-51,-39,-76
1739723998.5341306,-52,-46,-122
1739723998.5791306,9,72,-139
1739723998.625131,-75,-10,-81
1739723998.671131,-50,45,-33
1739723998.7161307,-55,5,-55
1739723998.7621307,-101,-18,-142
1739723998.8081307,30,84,-51
1739723998.8541307,13,-12,-21
1739723998.8991306,-16,-51,-88
1739723998.9451306,-36,10,-199
1739723998.9911306,31,34,73
1739723999.036131,1,70,-31
1739723999.082131,58,-7,-149
1739723999.128131,43,-49,-19
1739723999.174131,15,2,-81
1739723999.2191308,-6,-30,-111
1739723999.2651308,-19,-52,-42
1739723999.3111308,-65,20,-28
1739723999.3561306,-38,27,0
1739723999.4021306,16,11,33
1739723999.4481306,29,-59,44
1739723999.4941306,-7,66,55
1739723999.5391307,-12,27,-51
1739723999.5851307,-53,-9,54
1739723999.6311307,9,31,66
1739723999.6761308,-74,-41,-74
1739723999.7221308,29,66,-39
1739723999.7681308,-51,55,-87
1739723999.8141308,8,-22,1
1739723999.8591306,6,-5,-39
1739723999.9051306,-30,28,-41
1739723999.9511306,20,41,-87
1739723999.9961307,115,-16,-41
1739724000.0421307,56,40,-29
1739724000.0881307,-2,-28,-36
1739724000.1341307,-37,-10,-60
1739724000.1791308,28,-33,-93
1739724000.2251308,114,-72,-49
1739724000.2711308,80,9,59
1739724000.3161306,-5,33,122
1739724000.3621306,23,0,1
1739724000.4081306,-56,75,-66
1739724000.4541306,16,28,-139
1739724000.4991307,65,15,-21
1739724000.5451307,176,-18,-55
1739724000.5911307,-10,27,26
1739724000.6361306,-3,34,-27
1739724000.6821306,-22,11,12
1739724000.7281306,23,33,-11
1739724000.7741306,-54,77,-41
1739724000.819131,1,-15,-91
1739724000.865131,-45,-11,-56
1739724000.911131,25,18,-13
1739724000.9561307,37,0,-73
1739724001.0021307,-17,-41,-36
1739724001.0481308,-60,58,-76
1739724001.0941308,-42,-31,38
1739724001.1391306,17,-71,-11
1739724001.1851306,29,30,-25
1739724001.2311306,-11,-11,-147
1739724001.276131,92,-39,-29
1739724001.322131,2,62,2
1739724001.3681307,-34,6,-137
1739724001.4141307,-26,5,-48
1739724001.4591308,30,62,-165
1739724001.5051308,81,23,-1
1739724001.5511308,14,-23,-85
1739724001.5961306,-9,-68,95
1739724001.6421306,45,30,-177
1739724001.6881306,20,-25,0
1739724001.7341306,-122,12,-124
1739724001.7791307,-31,8,-12
1739724001.8251307,-14,-37,-65
1739724001.8711307,48,80,-33
1739724001.9161308,53,75,-103
1739724001.9621308,-2,42,-85
1739724002.0081308,-4,-107,30
1739724002.0531306,10,59,-87
1739724002.0991306,36,-19,-49
1739724002.1451306,39,-42,86
1739724002.1911306,-39,-26,-94
1739724002.2361307,-43,54,-101
1739724002.2821307,-77,-37,-64
1739724002.3281307,16,13,5
1739724002.3731308,6,51,-53
1739724002.4191308,53,-33,0
1739724002.4651306,20,12,-15
1739724002.5111306,28,25,-27
1739724002.5561306,26,58,-39
1739724002.602131,50,35,29
1739724002.648131,23,-40,0
1739724002.6931307,-3,93,-59
1739724002.7391307,-3,34,50
1739724002.7851307,-129,-78,-50
1739724002.8311307,76,34,-101
1739724002.8761306,17,-29,-47
1739724002.9221306,94,68,-43
1739724002.9681306,18,-17,-63
1739724003.013131,20,3,-49
1739724003.059131,-50,-50,-15
1739724003.105131,-40,-7,-131
1739724003.151131,29,-4,82
1739724003.1961308,51,-86,-91
1739724003.2421308,95,-10,26
1739724003.2881308,-12,65,-18
1739724003.3331306,54,75,42
1739724003.3791306,-11,-82,-49
1739724003.4251306,0,58,120
1739724003.4711306,35,-50,-55
1739724003.5161307,-56,-21,60
1739724003.5621307,42,18,48
1739724003.6081307,-17,74,-46
1739724003.6531308,87,18,-93
1739724003.6991308,14,-12,-85
1739724003.7451308,-20,-6,0
1739724003.7911308,27,-8,-99
1739724003.8361306,-62,20,-36
1739724003.8821306,32,-15,-57
1739724003.9281306,-43,-94,-65
1739724003.9731307,38,-14,-115
1739724004.0191307,-13,-98,-41
1739724004.0651307,-8,63,-111
1739724004.1111307,-29,-47,0
1739724004.1561308,-2,-10,-77
1739724004.2021308,-8,-9,-55
1739724004.2481308,10,36,12
1739724004.2931306,-11,72,80
1739724004.3391306,57,10,-31
1739724004.3851306,37,-38,-39
1739724004.4311306,17,-2,-35
1739724004.4761307,9,28,28
1739724004.5221307,-5,-42,17
1739724004.5681307,2,29,-32
1739724004.6131306,16,-31,-75
1739724004.6591306,-53,-44,-27
1739724004.7051306,0,102,-68
1739724004.7511306,43,-40,-41
1739724004.796131,42,2,33
1739724004.842131,-22,63,-26
1739724004.888131,-8,53,-60
1739724004.9331307,34,1,0
1739724004.9791307,-12,-73,-71
1739724005.0251307,-66,8,40
1739724005.0711308,-12,-25,-153
1739724005.1161306,-2,24,8
1739724005.1621306,33,5,-137
1739724005.2081306,-71,102,-50
1739724005.2591307,23,4,108
1739724005.3051307,-28,60,-113
1739724005.3511307,30,12,65
1739724005.3961308,7,103,52
1739724005.4421306,10,-36,-25
1739724005.4881306,39,2,-65
1739724005.5331306,24,-4,-35
1739724005.5791306,-51,24,54
1739724005.625131,-128,47,-54
1739724005.671131,-3,-63,-131
1739724005.7161307,-101,-18,-50
1739724005.7621307,59,2,-89
1739724005.8081307,-73,41,-104
1739724005.8531306,50,37,55
1739724005.8991306,24,8,7
1739724005.9451306,110,-8,-111
1739724005.9911306,0,-5,34
1739724006.036131,34,56,-39
1739724006.082131,-47,6,-176
1739724006.128131,-49,22,-124
1739724006.1731308,-2,8,-25
1739724006.2191308,34,11,-73
1739724006.2651308,9,6,-103
1739724006.3111308,5,-76,-36
1739724006.3561306,-4,-38,0
1739724006.4021306,38,21,-83
1739724006.4481306,-46,-2,-56
1739724006.4931307,-73,-72,-36
1739724006.5391307,-6,43,67
1739724006.5851307,36,-21,-9
1739724006.6311307,72,12,44
1739724006.6761308,-45,-7,-123
1739724006.7211306,23,50,-169
1739724006.7671306,-27,36,-79
1739724006.8121307,22,83,-77
1739724006.8581307,11,89,-69
1739724006.9041307,17,30,-105
1739724006.9491308,-58,-17,-84
1739724006.9951308,-31,36,1
1739724007.0411308,14,68,-94
1739724007.0871308,-6,-6,-170
1739724007.1321306,30,22,-26
1739724007.1781306,-76,32,17
1739724007.2241306,-29,3,2
1739724007.2691307,50,-4,-73
1739724007.3151307,-85,21,-94
1739724007.3611307,58,-24,-19
1739724007.4071307,-39,7,-71
1739724007.4521308,66,41,-36
1739724007.4981308,28,-1,-96
1739724007.5441308,-110,-41,-253
1739724007.5891306,6,99,-104
1739724007.6351306,-38,-32,91
1739724007.6811306,-27,-102,3
1739724007.727131,-88,-47,3
1739724007.7721307,-5,-38,67
1739724007.8181307,0,20,40
1739724007.8641307,-32,32,-64
1739724007.9091306,-63,82,-208
1739724007.9551306,-6,-6,-94
1739724008.0011306,63,-45,-58
1739724008.0471306,-74,108,-21
1739724008.092131,28,8,22
1739724008.138131,-29,66,-16
1739724008.184131,-2,70,-94
1739724008.2291307,-46,-45,-31
1739724008.2751307,21,31,-134
1739724008.3211308,-27,17,-132
1739724008.3671308,-82,-16,-67
1739724008.4121306,2,17,-24
1739724008.4581306,-75,-25,35
1739724008.5041306,-12,45,-98
1739724008.549131,-37,51,-57
1739724008.5951307,113,-4,-40
1739724008.6411307,-51,-38,13
1739724008.6871307,16,-27,-90
1739724008.7321308,-38,-26,-43
1739724008.7781308,40,-26,2
1739724008.8241308,4,1,-64
1739724008.8691306,-13,-41,41
1739724008.9151306,-56,73,-19
1739724008.9611306,34,21,-4
1739724009.0071306,46,42,88
1739724009.0521307,-21,8,-138
1739724009.0981307,14,-51,-72
1739724009.1441307,-56,-48,15
1739724009.1891308,60,56,122
1739724009.2351308,58,10,-30
1739724009.2811308,8,-2,-40
1739724009.3271308,-42,-1,-17
1739724009.3721306,13,-14,-76
1739724009.4181306,-8,-46,91
1739724009.4641306,21,33,-128
1739724009.5091307,88,-89,-62
1739724009.5551307,-42,74,-100
1739724009.6011307,62,-41,-148
1739724009.6471307,-78,92,-11
1739724009.6921306,-33,40,-137
1739724009.7381306,10,12,-80
1739724009.7841306,-69,9,-21
1739724009.8291306,-25,49,-158
1739724009.875131,-88,31,-77
1739724009.921131,-45,-23,-23
1739724009.967131,-37,19,-35
1739724010.0121307,-40,-13,113
1739724010.0581307,-16,72,12
1739724010.1041307,-122,35,-36
1739724010.1491306,10,-33,-79
1739724010.1951306,-47,-26,49
1739724010.2411306,62,39,22
1739724010.2871306,-18,92,2
1739724010.332131,-23,3,-96
1739724010.378131,80,-24,-127
1739724010.424131,38,-39,35
1739724010.4691308,53,-1,-183
1739724010.5151308,49,-28,-95
1739724010.5611308,32,-38,11
1739724010.6071308,12,-130,-59
1739724010.6521306,-87,-2,-49
1739724010.6981306,-5,68,-52
1739724010.7441306,-29,20,-30
1739724010.7891307,22,12,-34
1739724010.8351307,65,0,-186
1739724010.8811307,39,13,-84
1739724010.9271307,3,-55,-101
1739724010.9721308,1,-15,43
1739724011.0181308,46,-23,-48
1739724011.0641308,-12,-19,87
1739724011.1091306,-47,-85,-63
1739724011.1551306,14,-1,-46
1739724011.2011306,-7,-40,-11
1739724011.2471306,-1,-16,-85
1739724011.2921307,22,-18,0
1739724011.3381307,27,-10,18
1739724011.3841307,22,53,46
1739724011.4291308,-25,49,-85
1739724011.4751308,-19,32,-95
1739724011.5211308,-8,-20,57
1739724011.5671306,-20,-14,-33
1739724011.6121306,18,3,4
1739724011.6581306,-24,-13,99
1739724011.7041306,20,-19,-100
1739724011.7491307,-25,-13,-135
1739724011.7951307,122,54,12
1739724011.8411307,86,-80,-78
1739724011.8861306,55,-10,-56
1739724011.9321306,24,47,-61
1739724011.9781306,11,42,-89
1739724012.0241306,-7,9,-124
1739724012.069131,-3,-26,24
1739724012.115131,28,-16,-72
1739724012.161131,-10,1,83
1739724012.2061307,59,-7,-166
1739724012.2521307,-49,-14,54
1739724012.2981308,-106,13,-79
1739724012.3441308,83,-6,-116
1739724012.3891306,-87,98,-53
1739724012.4351306,-53,-28,28
1739724012.4811306,-58,82,-79
1739724012.526131,37,-40,-34
1739724012.572131,-2,34,-41
1739724012.6181307,-7,59,-23
1739724012.6641307,63,-4,-4
1739724012.7091308,6,47,-73
1739724012.7551308,62,-15,74
1739724012.8011308,21,26,32
1739724012.8461306,-59,-34,-40
1739724012.8921306,37,-55,25
1739724012.9381306,-131,50,-126
1739724012.9841306,141,-11,-77
1739724013.0291307,-65,0,-56
1739724013.0751307,-22,40,36
1739724013.1211307,-1,39,-50
1739724013.1661308,67,-8,68
1739724013.2121308,-59,47,7
1739724013.2581308,-16,3,0
1739724013.3041308,3,50,-116
1739724013.3491306,-74,-8,13
1739724013.3951306,131,-28,1
1739724013.4411306,0,18,-109
1739724013.4861307,40,29,-47
1739724013.5321307,41,26,-141
1739724013.5781307,11,-6,-95
1739724013.6241307,-56,-21,-20
1739724013.6691308,-67,47,-60
1739724013.7151306,68,-30,0
1739724013.7611306,52,31,-61
1739724013.8061306,5,-21,42
1739724013.852131,-69,19,-100
1739724013.898131,-64,-51,38
1739724013.944131,-34,-71,-43
1739724013.9891307,-12,23,28
1739724014.0351307,-11,-19,-61
1739724014.0811307,-9,39,38
1739724014.1261306,-77,-61,36
1739724014.1721306,-30,20,-69
1739724014.2181306,-21,-16,-11
1739724014.2641306,50,29,-5
1739724014.309131,-39,47,-10
1739724014.355131,-138,0,28
1739724014.401131,44,18,-119
1739724014.4461308,-16,-7,-1
1739724014.4921308,5,0,2
1739724014.5381308,31,44,-68
1739724014.5841308,44,16,-6
1739724014.6291306,-19,30,-39
1739724014.6751306,-47,3,-45
1739724014.7211306,24,-62,-31
1739724014.7661307,-18,-55,96
1739724014.8121307,-45,2,34
1739724014.8581307,40,-14,-203
1739724014.9041307,5,9,8
1739724014.9491308,-15,16,-43
1739724014.9951308,90,0,-113
1739724015.0411308,-49,-36,-111
1739724015.0861306,28,-59,49
1739724015.1321306,-73,-15,-69
1739724015.1781306,-19,58,-28
1739724015.2241306,-9,28,28
1739724015.2751307,-4,-65,-51
1739724015.3211308,-50,-41,-37
1739724015.3661306,-24,-7,-3
1739724015.4121306,29,-22,-93
1739724015.4581306,27,8,-57
1739724015.5041306,21,59,-12
1739724015.549131,-34,22,-117
1739724015.5951307,10,-62,-137
1739724015.6411307,-35,-34,36
1739724015.6861308,11,-52,-119
1739724015.7321308,-55,19,-29
1739724015.7781308,-61,6,-89
1739724015.8241308,32,58,-55
1739724015.8691306,-33,-59,-79
1739724015.9151306,16,-17,-61
1739724015.9611306,35,1,17
1739724016.0061307,59,-28,-133
1739724016.0521307,45,66,-63
1739724016.0981307,-56,31,-36
1739724016.1441307,35,-43,-79
1739724016.1891308,10,-18,-33
1739724016.2351308,-9,-26,-169
1739724016.2811308,55,61,69
1739724016.3261306,43,0,-17
1739724016.3721306,-7,49,-149
1739724016.4181306,-7,41,116
1739724016.4641306,0,50,28
1739724016.5091307,-22,33,-46
1739724016.5551307,16,-9,9
1739724016.6011307,1,36,-159
1739724016.6461308,-17,44,-88
1739724016.6921306,-27,-1,42
1739724016.7381306,42,32,-57
1739724016.7841306,-59,25,48
1739724016.8291306,-70,31,14
1739724016.875131,76,-25,-33
1739724016.921131,54,29,-73
1739724016.9661307,-38,-4,-90
1739724017.0121307,-38,6,36
1739724017.0581307,-88,-56,-44
1739724017.1041307,-36,24,-68
1739724017.1491306,21,-64,11
1739724017.1951306,24,29,-135
1739724017.2411306,32,70,-63
1739724017.286131,-38,-34,-34
1739724017.332131,22,55,-45
1739724017.378131,-17,-59,-18
1739724017.424131,31,-55,-73
1739724017.4691308,59,12,-65
1739724017.5151308,-6,-46,-55
1739724017.5611308,31,18,-55
1739724017.6061306,11,12,48
1739724017.6521306,-43,41,-34
1739724017.6981306,35,-41,-81
1739724017.7441306,-33,-10,-59
1739724017.7891307,-94,76,-90
1739724017.8351307,20,-35,-57
1739724017.8811307,33,3,-11
1739724017.9261308,-50,30,-12
1739724017.9721308,44,8,41
1739724018.0181308,25,-16,3
1739724018.0641308,18,57,-119
1739724018.1091306,23,111,51
1739724018.1551306,49,1,-83
1739724018.2011306,53,-49,2
1739724018.2461307,-87,12,-31
1739724018.2921307,51,23,-153
1739724018.3381307,99,-7,-94
1739724018.3841307,-72,38,-17
1739724018.4291308,-60,7,7
1739724018.4751308,-40,-14,-75
1739724018.5211308,-20,30,-23
1739724018.5661306,53,132,-47
1739724018.6121306,-102,58,-33
1739724018.6581306,0,-14,-1
1739724018.7041306,9,27,12
1739724018.7491307,-22,-85,-13
1739724018.7951307,23,-65,59
1739724018.8411307,16,20,-171
1739724018.8861306,-37,-23,-19
1739724018.9321306,46,32,-43
1739724018.9781306,28,-18,-45
1739724019.0241306,1,26,2
1739724019.069131,24,-3,35
1739724019.115131,70,15,-121
1739724019.161131,58,-17,66
1739724019.2061307,18,2,-2
1739724019.2521307,-78,-46,50
1739724019.2981308,11,-7,50
1739724019.3441308,9,89,41
1739724019.3891306,14,-15,-13
1739724019.4351306,44,20,-12
1739724019.4811306,105,34,35
1739724019.526131,-29,-5,-80
1739724019.572131,25,-36,8
1739724019.6181307,130,23,-88
1739724019.6641307,34,-43,-34
1739724019.7091308,-80,-21,-130
1739724019.7551308,-16,-8,-22
1739724019.8011308,-39,-77,-86
1739724019.8461306,38,50,-141
1739724019.8921306,-2,-33,-46
1739724019.9381306,28,-25,-106
1739724019.9841306,135,19,-3
1739724020.0291307,19,75,-53
1739724020.0751307,78,-14,57
1739724020.1211307,-6,-9,-66
1739724020.1661308,30,-13,-73
1739724020.2121308,35,-56,21
1739724020.2581308,5,62,-47
1739724020.3041308,-34,-25,42
1739724020.3491306,41,11,-27
1739724020.3951306,4,32,-85
1739724020.4411306,10,35,-11
1739724020.4861307,38,48,-71
1739724020.5321307,110,15,13
1739724020.5781307,-11,26,36
1739724020.6241307,2,-26,-74
1739724020.6691308,-27,16,-88
1739724020.7151306,79,-54,-121
1739724020.7611306,59,-6,-93
1739724020.8061306,15,14,-56
1739724020.852131,15,23,-31
1739724020.898131,69,-8,-57
1739724020.944131,13,91,47
1739724020.9891307,-13,43,-39
1739724021.0351307,8,108,9
1739724021.0811307,80,0,-80
1739724021.1261306,-3,12,9
1739724021.1721306,-44,-53,-26
1739724021.2181306,-17,6,53
1739724021.2641306,-12,-21,-68
1739724021.309131,70,-28,0
1739724021.355131,-23,-54,-182
1739724021.401131,16,8,-118
1739724021.4461308,0,54,-56
1739724021.4921308,23,5,-60
1739724021.5381308,-24,57,-1
1739724021.5841308,-58,49,-7
1739724021.6291306,-39,65,-17
1739724021.6751306,-65,-20,-7
1739724021.7211306,-29,17,-83
1739724021.7661307,1,3,-66
1739724021.8121307,36,-4,14
1739724021.8581307,47,44,30
1739724021.9041307,6,-32,-64
1739724021.9491308,-23,2,-153
1739724021.9951308,-20,-4,37
1739724022.0411308,13,60,3
1739724022.0861306,45,-24,4
1739724022.1321306,-21,41,-59
1739724022.1781306,10,-10,-126
1739724022.2231307,-13,60,-85
1739724022.2691307,-29,62,-17
1739724022.3151307,30,2,-76
1739724022.3611307,28,99,-69
1739724022.4061308,-48,-55,-116
1739724022.4521308,-2,-22,-132
1739724022.4981308,-11,-15,129
1739724022.5431306,-40,19,-95
1739724022.5891306,2,-43,-34
1739724022.6351306,-10,21,-37
1739724022.6811306,-4,65,67
1739724022.7261307,18,35,-134
1739724022.7721307,-116,25,1
1739724022.8181307,15,70,-51
1739724022.8631306,14,-14,-134
1739724022.9091306,25,71,51
1739724022.9551306,5,-37,26
1739724023.0011306,-15,-53,-110
1739724023.046131,-58,-7,-7
1739724023.092131,28,14,-62
1739724023.138131,-10,-23,1
1739724023.1831307,12,0,-42
1739724023.2291307,-62,42,109
1739724023.2751307,-46,-41,-145
1739724023.3211308,-52,55,-89
1739724023.3661306,59,-38,-14
1739724023.4121306,91,38,-160
1739724023.4581306,-68,5,-31
1739724023.503131,31,70,-90
1739724023.549131,-25,29,-5
1739724023.5951307,6,25,-68
1739724023.6411307,27,-1,-192
1739724023.6861308,49,-41,-72
1739724023.7321308,-24,29,-83
1739724023.7781308,-9,-29,-31
1739724023.8231306,-20,53,51
1739724023.8691306,-68,-26,-41
1739724023.9151306,-37,-40,-107
1739724023.9611306,35,31,78
1739724024.0061307,39,-12,38
1739724024.0521307,-44,33,-55
1739724024.0981307,16,11,-140
1739724024.1431308,36,92,-52
1739724024.1891308,-45,11,-45
1739724024.2351308,1,-17,-140
1739724024.2811308,-2,8,-186
1739724024.3261306,-35,-6,-131
1739724024.3721306,-1,52,-84
1739724024.4181306,-6,71,-81
1739724024.4631307,2,-13,-20
1739724024.5091307,-19,56,45
1739724024.5551307,18,-57,-38
1739724024.6011307,-92,30,-45
1739724024.6461308,-39,-52,31
1739724024.6921306,-34,87,-123
1739724024.7381306,127,-57,-26
1739724024.7831306,-24,-58,-34
1739724024.8291306,69,-17,48
1739724024.875131,-44,-39,-53
1739724024.921131,-41,-3,-137
1739724024.9661307,7,-52,-64
1739724025.0121307,73,-91,4
1739724025.0581307,-47,40,-19
1739724025.1031306,85,17,22
1739724025.1491306,21,65,-8
1739724025.1951306,57,-28,44
1739724025.2411306,39,-92,-52
1739724025.2921307,-1,20,-120
1739724025.3381307,15,48,-60
1739724025.3831308,135,-64,-44
1739724025.4291308,47,-61,-34
1739724025.4751308,-15,64,2
1739724025.5211308,48,-6,-116
1739724025.5661306,6,23,-80
1739724025.6121306,20,39,-42
1739724025.6581306,-28,0,-33
1739724025.7031307,-58,-27,-67
1739724025.7491307,-58,-49,-41
1739724025.7951307,-18,0,-43
1739724025.8411307,-41,39,-131
1739724025.8861306,69,-44,-2
1739724025.9321306,8,-18,-32
1739724025.9781306,24,8,-10
1739724026.023131,26,38,0
1739724026.069131,-7,-8,-69
1739724026.115131,17,-13,93
1739724026.161131,40,-56,-32
1739724026.2061307,52,-23,20
1739724026.2521307,-51,-8,-103
1739724026.2981308,-92,15,-47
1739724026.3431306,65,-15,-48
1739724026.3891306,-65,-6,-143
1739724026.4351306,14,-33,-138
1739724026.4811306,-27,-23,-43
1739724026.526131,-14,-35,1
1739724026.572131,9,89,-54
1739724026.6181307,-63,-27,-31
1739724026.6631308,32,-19,-110
1739724026.7091308,10,-6,-40
1739724026.7551308,-61,-8,39
1739724026.8011308,-34,0,-22
1739724026.8461306,29,-64,-121
1739724026.8921306,-19,-7,-36
1739724026.9381306,20,-24,0
1739724026.9831307,24,-19,7
1739724027.0291307,60,5,-58
1739724027.0751307,36,12,20
1739724027.1211307,26,58,-54
1739724027.1661308,-54,-29,-10
1739724027.2121308,-1,100,-36
1739724027.2581308,-20,-61,-20
1739724027.3031306,3,27,23
1739724027.3491306,41,-21,-10
1739724027.3951306,-4,26,75
1739724027.4411306,28,34,-108
1739724027.4861307,-12,41,101
1739724027.5321307,99,-44,-22
1739724027.5781307,-62,-14,-114
1739724027.6231308,65,-4,-86
1739724027.6691308,-91,-4,-110
1739724027.7151306,-32,44,-42
1739724027.7611306,-53,3,-53
1739724027.8061306,40,16,-68
1739724027.852131,27,-3,-114
1739724027.898131,-94,-23,-76
1739724027.9431307,116,-2,42
1739724027.9891307,0,34,-65
1739724028.0351307,-45,-77,-188
1739724028.0811307,-82,28,29
1739724028.1261306,-17,46,-103
1739724028.1721306,11,13,29
1739724028.2181306,-22,21,129
1739724028.263131,60,-13,7
1739724028.309131,-7,-5,-134
1739724028.355131,4,-8,63
1739724028.401131,10,17,-19
1739724028.4461308,-10,-39,-50
1739724028.4921308,-33,-63,14
1739724028.5381308,-12,-8,-10
1739724028.5831306,-51,0,-98
1739724028.6291306,5,-19,-144
1739724028.6751306,-59,-50,16
1739724028.7211306,71,8,-35
1739724028.7661307,2,6,35
1739724028.8121307,-58,-54,-130
1739724028.8581307,13,-1,3
1739724028.9031308,0,1,-68
1739724028.9491308,-49,-15,-32
1739724028.9951308,17,-64,-52
1739724029.0411308,20,-30,-104
1739724029.0861306,-7,-53,-12
1739724029.1321306,22,32,-95
1739724029.1781306,-35,45,-106
1739724029.2231307,-49,59,-56
1739724029.2691307,87,66,-79
1739724029.3151307,-6,-13,-118
1739724029.3611307,-42,-26,26
1739724029.4061308,-25,46,-129
1739724029.4521308,-17,41,-29
1739724029.4981308,-11,-18,-210
1739724029.5431306,-58,-8,-16
1739724029.5891306,52,14,-89
1739724029.6351306,-66,-39,-58
1739724029.6811306,-12,4,6
1739724029.7261307,37,28,-81
1739724029.7721307,-18,17,-66
1739724029.8181307,42,33,-59
1739724029.8631306,8,-61,138
1739724029.9091306,-47,-48,92
1739724029.9551306,-47,-66,14
1739724030.0011306,53,-3,-31
1739724030.046131,-6,80,-13
1739724030.092131,-30,8,16
1739724030.138131,-72,7,-164
1739724030.1831307,-35,-29,-68
1739724030.2291307,-5,11,-1
1739724030.2751307,0,-36,-52
1739724030.3211308,-89,-44,30
1739724030.3661306,44,-26,102
1739724030.4121306,20,3,-72
1739724030.4581306,40,63,5
1739724030.503131,70,31,-133
1739724030.549131,-24,-56,-122
1739724030.5951307,-34,19,-50
1739724030.6411307,-20,36,-91
1739724030.6861308,-97,83,-61
1739724030.7321308,16,-29,-18
1739724030.7781308,-36,8,-17
1739724030.8231306,2,29,-41
1739724030.8691306,92,14,-12
1739724030.9151306,-65,0,-41
1739724030.9611306,20,-90,8
1739724031.0061307,-21,26,13
1739724031.0521307,11,10,-96
1739724031.0981307,-38,8,-9
1739724031.1431308,-2,-34,-54
1739724031.1891308,-20,85,0
1739724031.2351308,35,-49,-70
1739724031.2811308,-13,-15,-34
1739724031.3261306,-22,-44,-96
1739724031.3721306,15,12,-198
1739724031.4181306,-30,22,-23
1739724031.4631307,-68,53,45
1739724031.5091307,33,-9,-6
1739724031.5551307,-84,89,-13
1739724031.6011307,-15,10,21
1739724031.6461308,54,-46,-32
1739724031.6921306,-26,9,-65
1739724031.7381306,-61,15,-73
1739724031.7831306,18,-75,-14
1739724031.8291306,110,-71,-124
1739724031.875131,-44,4,-194
1739724031.921131,28,-121,22
1739724031.9661307,-6,-8,-54
1739724032.0121307,2,-29,68
1739724032.0581307,12,2,-23
1739724032.1031306,70,-26,-21
1739724032.1491306,85,25,-5
1739724032.1951306,8,37,-85
1739724032.240131,49,56,-45
1739724032.286131,0,-77,-59
1739724032.332131,57,-24,-99
1739724032.378131,35,35,-39
1739724032.4231308,8,-4,-11
1739724032.4691308,9,-80,73
1739724032.5151308,34,1,-109
1739724032.5601306,-40,67,-80
1739724032.6061306,3,11,0
1739724032.6521306,17,-23,-49
1739724032.6981306,5,25,-21
1739724032.7431307,-26,2,-64
1739724032.7891307,43,40,-99
1739724032.8351307,31,-13,-15
1739724032.8801308,7,-3,-89
1739724032.9261308,-59,37,-68
1739724032.9721308,38,1,-21
1739724033.0181308,0,-13,28
1739724033.0631306,23,73,-14
1739724033.1091306,14,0,-55
1739724033.1551306,-19,10,-66
1739724033.2001307,33,9,9
1739724033.2461307,-18,34,8
1739724033.2921307,-21,-18,20
1739724033.3381307,-14,-27,-95
1739724033.3831308,-7,-2,-6
1739724033.4291308,-25,-130,47
1739724033.4751308,113,17,-179
1739724033.5201306,0,12,22
1739724033.5661306,-2,16,-18
1739724033.6121306,20,3,45
1739724033.6581306,-1,-6,-119
1739724033.7031307,31,40,-17
1739724033.7491307,11,42,-64
1739724033.7951307,0,30,56
1739724033.8401306,-27,-51,-14
1739724033.8861306,59,-73,81
1739724033.9321306,67,51,-49
1739724033.9781306,51,-98,-131
1739724034.023131,56,-34,41
1739724034.069131,28,-12,-27
1739724034.115131,-5,0,-61
1739724034.1601307,-20,30,-62
1739724034.2061307,-76,50,-66
1739724034.2521307,-32,-65,-42
1739724034.2981308,-51,-6,-28
1739724034.3431306,64,-41,113
1739724034.3891306,39,19,47
1739724034.4351306,-15,7,-42
1739724034.480131,-17,18,-80
1739724034.526131,-1,16,-85
1739724034.572131,31,98,-95
1739724034.6181307,6,67,-31
1739724034.6631308,9,37,138
1739724034.7091308,27,-44,21
1739724034.7551308,-49,8,82
1739724034.8001306,16,8,43
1739724034.8461306,7,-12,50
1739724034.8921306,-5,16,-37
1739724034.9381306,-26,27,-54
1739724034.9831307,-13,-29,-4
1739724035.0291307,-48,-4,94
1739724035.0751307,34,-41,-67
1739724035.1201308,38,-34,-141
1739724035.1661308,-9,3,-16
1739724035.2121308,-21,2,-91
1739724035.2581308,-1,84,43
1739724035.309131,71,19,-31
1739724035.355131,-64,16,-89
1739724035.4001307,-30,32,-29
1739724035.4461308,29,34,-123
1739724035.4921308,-3,22,-59
1739724035.5381308,-41,-26,-145
1739724035.5831306,-62,12,-66
1739724035.6291306,-24,43,-27
1739724035.6751306,0,78,67
1739724035.7201307,-19,67,-87
1739724035.7661307,-43,39,52
1739724035.8121307,-42,-15,-117
1739724035.8581307,-94,19,-51
1739724035.9031308,28,57,79
1739724035.9491308,63,-35,-65
1739724035.9951308,26,-87,38
1739724036.0401306,37,-42,-181
1739724036.0861306,31,68,-27
1739724036.1321306,-67,-10,-26
1739724036.1781306,102,-24,-59
1739724036.2231307,31,16,-19
1739724036.2691307,0,-15,-59
1739724036.3151307,16,11,-91
1739724036.3601308,-28,31,-75
1739724036.4061308,-43,-85,-20
1739724036.4521308,-11,84,-17
1739724036.4981308,17,-6,-19
1739724036.5431306,36,94,38
1739724036.5891306,-15,56,54
1739724036.6351306,-109,11,30
1739724036.6801307,-47,6,-145
1739724036.7261307,82,52,-105
1739724036.7721307,2,7,38
1739724036.8181307,3,39,-93
1739724036.8631306,-23,2,-55
1739724036.9091306,59,20,-55
1739724036.9551306,-6,-111,-25
1739724037.000131,-22,-2,-52
1739724037.046131,40,29,-49
1739724037.092131,57,-50,47
1739724037.138131,34,-41,-27
1739724037.1831307,55,-28,-109
1739724037.2291307,26,89,-53
1739724037.2751307,-45,4,-64
1739724037.3201306,40,45,-99
1739724037.3661306,18,0,-71
1739724037.4121306,-35,-2,-18
1739724037.4581306,37,39,-19
1739724037.503131,61,-24,-33
1739724037.549131,-12,53,-32
1739724037.5951307,12,32,-97
1739724037.6421306,3,0,-91
1739724037.6871307,-15,14,-33
1739724037.7331307,-27,43,20
1739724037.7791307,83,-6,-151
1739724037.8241308,-35,-95,-53
1739724037.8701308,-54,16,-24
1739724037.9161308,-55,-20,54
1739724037.9621308,-45,-13,-59
1739724038.0071306,-41,-8,-59
1739724038.0531306,6,-10,2
1739724038.0991306,23,-51,18
1739724038.1441307,47,-22,-113
1739724038.1901307,-5,-27,-67
1739724038.2361307,36,-95,-63
1739724038.2821307,-43,-40,32
1739724038.3271308,17,37,-31
1739724038.3731308,-87,60,-67
1739724038.4191308,75,-9,28
1739724038.4641306,-16,-12,58
1739724038.5101306,-80,-3,43
1739724038.5561306,22,-45,-69
1739724038.602131,-26,15,-225
1739724038.6471307,39,21,-41
1739724038.6931307,14,44,-1
1739724038.7391307,34,-4,-29
1739724038.7841306,-6,-22,-85
1739724038.8301306,11,-73,62
1739724038.8761306,-44,11,30
1739724038.9221306,23,99,41
1739724038.967131,-3,-52,0
1739724039.013131,69,33,29
1739724039.059131,-56,-34,-26
1739724039.1041307,13,2,-57
1739724039.1501307,30,-23,-109
1739724039.1961308,-20,12,-30
1739724039.2421308,-34,-4,-48
1739724039.2871306,87,17,-21
1739724039.3331306,22,39,-41
1739724039.3791306,22,-52,-17
1739724039.424131,7,1,-81
1739724039.4701307,79,-13,-13
1739724039.5161307,70,-38,33
1739724039.5621307,21,31,-7
1739724039.6071308,41,-48,65
1739724039.6531308,36,27,-37
1739724039.6991308,-42,-13,-72
1739724039.7441306,52,55,-93
1739724039.7901306,2,-37,74
1739724039.8361306,4,25,-105
1739724039.8821306,-44,29,-93
1739724039.9271307,-58,65,-15
1739724039.9731307,-8,-34,-135
1739724040.0191307,22,55,-87
1739724040.0641308,54,85,-39
1739724040.1101308,1,-13,-32
1739724040.1561308,71,-82,-25
1739724040.2021308,-23,99,-23
1739724040.2471306,-39,21,-8
1739724040.2931306,-30,58,-36
1739724040.3391306,10,-4,-99
1739724040.3841307,32,38,-21
1739724040.4301307,18,11,23
1739724040.4761307,95,26,61
1739724040.5221307,24,27,-19
1739724040.5671306,-3,-14,-73
1739724040.6131306,2,44,-149
1739724040.6591306,0,3,-9
1739724040.7041306,32,-17,-37
1739724040.750131,-14,82,10
1739724040.796131,29,-83,99
1739724040.842131,10,18,-1
1739724040.8871307,-18,24,-70
1739724040.9331307,-42,-25,-95
1739724040.9791307,-19,-67,-104
1739724041.0241306,132,17,24
1739724041.0701306,-47,-7,-57
1739724041.1161306,-2,-54,108
1739724041.1621306,-20,-24,-145
1739724041.207131,45,-45,13
1739724041.253131,-13,-3,-129
1739724041.299131,33,-9,-45
1739724041.3441308,66,-21,63
1739724041.3901308,-52,-77,34
1739724041.4361308,71,-30,57
1739724041.4821308,-33,-8,-151
1739724041.5271306,-13,19,53
1739724041.5731306,49,1,24
1739724041.6191306,69,-66,2
1739724041.6641307,27,50,90
1739724041.7101307,-41,23,55
1739724041.7561307,14,-6,-28
1739724041.8021307,-59,11,-34
1739724041.8471308,48,-21,-42
1739724041.8931308,-19,-28,-47
1739724041.9391308,38,57,4
1739724041.9841306,-48,18,-41
1739724042.0301306,19,13,14
1739724042.0761306,42,-9,-13
1739724042.1211307,-58,50,11
1739724042.1671307,44,41,-23
1739724042.2131307,-51,21,7
1739724042.2591307,61,16,-99
1739724042.3041308,-35,-56,24
1739724042.3501308,14,-22,14
1739724042.3961308,-102,0,-29
1739724042.4411306,28,25,39
1739724042.4871306,73,-45,36
1739724042.5331306,22,-39,14
1739724042.5791306,-54,46,19
1739724042.6241307,-87,-83,-10
1739724042.6701307,-26,10,-25
1739724042.7161307,41,14,5
1739724042.7611306,-56,3,-95
1739724042.8071306,-18,-15,4
1739724042.8531306,14,13,-161
1739724042.8991306,-43,38,65
1739724042.944131,-135,32,29
1739724042.990131,176,-30,6
1739724043.036131,-21,-29,-41
1739724043.0811307,8,-51,0
1739724043.1271307,52,-5,-19
1739724043.1731308,-38,10,-52
1739724043.2191308,7,-16,-81
1739724043.2641306,-26,43,-67
1739724043.3101306,7,59,-103
1739724043.3561306,22,27,-47
1739724043.401131,-47,-7,-88
1739724043.447131,35,13,63
1739724043.4931307,-18,-18,-97
1739724043.5391307,10,-32,-105
1739724043.5841308,50,-6,-89
1739724043.6301308,77,14,-39
1739724043.6761308,-27,55,-50
1739724043.7211306,-15,54,-66
1739724043.7671306,-45,72,-64
1739724043.8131306,49,-53,25
1739724043.8591306,40,53,7
1739724043.9041307,26,-58,0
1739724043.9501307,54,-17,-65
1739724043.9961307,-9,136,-16
1739724044.0411308,69,5,-181
1739724044.0871308,110,-51,-22
1739724044.1331308,-31,14,-74
1739724044.1791308,-3,-28,-228
1739724044.2241306,-23,-46,-57
1739724044.2701306,-9,-15,90
1739724044.3161306,15,-2,-96
1739724044.3611307,-19,10,-53
1739724044.4071307,-47,-91,-6
1739724044.4531307,-63,-43,-30
1739724044.4991307,16,-17,-66
1739724044.5441308,-10,-64,-17
1739724044.5901306,20,41,42
1739724044.6361306,-49,-4,-51
1739724044.6811306,-2,-28,0
1739724044.727131,-68,-50,-71
1739724044.773131,48,-101,26
1739724044.819131,51,0,102
1739724044.8641307,80,-11,-192
1739724044.9101307,12,26,-36
1739724044.9561307,-57,37,7
1739724045.0011306,-3,83,51
1739724045.0471306,-13,-75,-88
1739724045.0931306,-4,-60,-136
1739724045.1391306,-3,44,33
1739724045.184131,21,-86,-2
1739724045.230131,-68,-50,3
1739724045.276131,-10,3,-3
1739724045.3271308,22,-23,-56
1739724045.3731308,-23,67,-27
1739724045.4191308,71,33,-28
1739724045.4641306,14,115,-24
1739724045.5101306,4,27,-82
1739724045.5561306,-2,0,5
1739724045.6011307,39,0,-66
1739724045.6471307,56,71,-60
1739724045.6931307,5,41,-104
1739724045.7391307,20,11,-24
1739724045.7841306,-55,53,3
1739724045.8301306,-7,2,1
1739724045.8761306,-93,-63,-23
1739724045.921131,-15,-35,-98
1739724045.967131,22,47,-1
1739724046.013131,42,-14,-136
1739724046.059131,-44,-70,-16
1739724046.1041307,-50,3,15
1739724046.1501307,-49,-31,17
1739724046.1961308,-44,39,-113
1739724046.2411306,24,47,-31
1739724046.2871306,-9,31,-57
1739724046.3331306,36,-17,-94
1739724046.3791306,62,-63,-8
1739724046.424131,-57,61,-1
1739724046.4701307,-49,-12,5
1739724046.5161307,-17,-37,-28
1739724046.5611308,3,0,0
1739724046.6071308,62,18,-78
1739724046.6531308,36,5,-32
1739724046.6991308,3,11,-40
1739724046.7441306,-33,-51,21
1739724046.7901306,-6,20,-61
1739724046.8361306,-34,-85,-86
1739724046.8811307,8,21,-36
1739724046.9271307,-45,-19,-37
1739724046.9731307,18,-5,0
1739724047.0191307,-55,45,-59
1739724047.0641308,-10,-7,-148
1739724047.1101308,8,0,-86
1739724047.1561308,-29,-17,-54
1739724047.2011306,103,-58,-48
1739724047.2471306,3,31,-21
1739724047.2931306,9,-38,-10
1739724047.3391306,36,29,-78
1739724047.3841307,17,32,-82
1739724047.4301307,50,-71,-94
1739724047.4761307,-36,-22,-105
1739724047.5211308,7,-36,-108
1739724047.5671306,-8,1,-124
1739724047.6131306,-30,11,7
1739724047.6591306,3,60,-34
1739724047.7041306,82,19,-110
1739724047.750131,102,-68,-16
1739724047.796131,4,-35,-46
1739724047.8411307,9,22,-146
1739724047.8871307,-64,30,-133
1739724047.9331307,58,-52,-170
1739724047.9791307,105,-20,30
1739724048.0241306,-54,12,57
1739724048.0701306,-34,26,29
1739724048.1161306,25,2,-114
1739724048.161131,19,37,-4
1739724048.207131,8,39,74
1739724048.253131,117,-6,-70
1739724048.2971306,30,-51,124
1739724048.3431306,7,5,-18
1739724048.3891306,-5,22,0
1739724048.4351306,-40,-18,27
1739724048.480131,-31,-5,-73
1739724048.526131,-50,5,107
1739724048.572131,12,77,32
1739724048.6171308,37,-25,50
1739724048.6631308,69,9,-56
1739724048.7091308,69,21,-14
1739724048.7551308,57,4,12
1739724048.8001306,-10,-15,-100
1739724048.8461306,-2,-75,-236
1739724048.8921306,35,82,12
1739724048.9371307,7,-52,-100
1739724048.9831307,70,29,38
1739724049.0291307,-17,12,1
1739724049.0751307,-50,72,39
1739724049.1201308,-42,-1,-59
1739724049.1661308,0,-87,-96
1739724049.2121308,-57,57,-30
1739724049.2571306,-20,-4,-41
1739724049.3031306,-2,-16,-142
1739724049.3491306,-27,-11,53
1739724049.3951306,11,34,-44
1739724049.4401307,52,-27,-132
1739724049.4861307,57,-38,-40
1739724049.5321307,-10,45,-158
1739724049.5771308,-31,-69,-134
1739724049.6231308,2,17,-66
1739724049.6691308,42,-6,-50
1739724049.7151306,-3,6,0
1739724049.7601306,5,29,-53
1739724049.8061306,-39,-8,-65
1739724049.852131,-138,-1,-103
1739724049.8971307,14,-58,23
1739724049.9431307,4,19,15
1739724049.9891307,-22,27,-106
1739724050.0351307,-25,116,-84
1739724050.0801306,-26,27,43
1739724050.1261306,19,-50,-132
1739724050.1721306,5,-83,-30
1739724050.217131,-16,17,-44
1739724050.263131,68,93,121
1739724050.309131,-24,-59,-8
1739724050.355131,-18,-23,0
1739724050.4001307,-54,84,-59
1739724050.4461308,7,56,-78
1739724050.4921308,-83,2,-184
1739724050.5371306,71,-41,-1
1739724050.5831306,-5,48,-186
1739724050.6291306,-18,-7,-200
1739724050.6751306,-40,24,68
1739724050.7201307,-65,-62,-64
1739724050.7661307,-51,2,24
1739724050.8121307,30,-30,-182
1739724050.8571308,17,-50,51
1739724050.9031308,-69,-3,34
1739724050.9491308,-97,14,-25
1739724050.9951308,-43,5,67
1739724051.0401306,-30,-11,107
1739724051.0861306,-48,8,55
1739724051.1321306,82,11,-59
1739724051.1771307,-22,39,-65
1739724051.2231307,-2,-85,-24
1739724051.2691307,28,2,-10
1739724051.3151307,56,-28,-136
1739724051.3601308,-5,-18,-30
1739724051.4061308,-76,25,-33
1739724051.4521308,37,-4,22
1739724051.4971306,-24,67,-155
1739724051.5431306,-11,-15,-42
1739724051.5891306,-7,-31,29
1739724051.6351306,-17,22,-30
1739724051.6801307,1,3,-38
1739724051.7261307,20,11,80
1739724051.7721307,26,-50,-4
1739724051.8171306,56,-20,-16
1739724051.8631306,0,36,-72
1739724051.9091306,-43,39,25
1739724051.9551306,112,20,-18
1739724052.000131,2,-19,-1
1739724052.046131,26,-29,-20
1739724052.092131,-115,-7,-46
1739724052.1371307,4,22,-76
1739724052.1831307,-97,-1,-14
1739724052.2291307,-7,16,4
1739724052.2741306,-17,29,-12
1739724052.3201306,25,-65,37
1739724052.3661306,-39,-1,-88
1739724052.4121306,67,58,-9
1739724052.457131,21,-24,75
1739724052.503131,-3,-25,-12
1739724052.549131,-22,-11,-128
1739724052.5941308,-49,-66,18
1739724052.6401308,-18,-11,-64
1739724052.6861308,-94,-28,-126
1739724052.7321308,-9,-85,-110
1739724052.7771306,-39,4,-16
1739724052.8231306,-3,-13,3
1739724052.8691306,12,-50,-43
1739724052.9141307,-2,61,-150
1739724052.9601307,55,57,-82
1739724053.0061307,72,63,-6
1739724053.0521307,92,-1,25
1739724053.0971308,72,-47,-58
1739724053.1431308,-112,96,-62
1739724053.1891308,44,83,-4
1739724053.2341306,-59,7,-146
1739724053.2801306,13,-1,45
1739724053.3261306,26,28,64
1739724053.3721306,20,-23,-22
1739724053.4171307,29,4,0
1739724053.4631307,-12,26,-20
1739724053.5091307,-7,-11,-90
1739724053.5541308,-32,111,-121
1739724053.6001308,21,-48,-37
1739724053.6461308,-88,0,8
1739724053.6921306,19,33,3
1739724053.7371306,0,-37,-175
1739724053.7831306,43,-16,-87
1739724053.8291306,15,22,-33
1739724053.8741307,-73,41,32
1739724053.9201307,31,18,13
1739724053.9661307,-73,-7,94
1739724054.0121307,-51,36,-67
1739724054.0571306,-50,-24,78
1739724054.1031306,5,-23,-7
1739724054.1491306,-33,137,-103
1739724054.194131,-15,26,-71
1739724054.240131,-7,27,-38
1739724054.286131,3,27,36
1739724054.332131,-92,11,-150
1739724054.3771307,54,-30,-21
1739724054.4231308,29,-51,-55
1739724054.4691308,-28,35,38
1739724054.5141306,31,-37,-141
1739724054.5601306,57,-22,31
1739724054.6061306,18,-90,7
1739724054.6521306,81,-57,17
1739724054.697131,8,6,-45
1739724054.7431307,49,28,-113
1739724054.7891307,-28,7,-97
1739724054.8341308,-10,-40,57
1739724054.8801308,65,-53,-41
1739724054.9261308,-4,85,78
1739724054.9721308,7,87,-26
1739724055.0171306,-8,1,-93
1739724055.0631306,-23,-6,60
1739724055.1091306,-46,-57,31
1739724055.1541307,27,-36,-121
1739724055.2001307,-44,21,-84
1739724055.2461307,12,18,58
1739724055.2971306,12,-32,25
1739724055.3431306,-4,-30,-21
1739724055.3891306,60,-16,11
1739724055.434131,39,25,-38
1739724055.480131,33,-21,98
1739724055.526131,-16,18,-109
1739724055.572131,62,14,-131
1739724055.6171308,27,25,0
1739724055.6641307,-3,15,28
1739724055.7101307,6,54,42
1739724055.7561307,-88,-41,-237
1739724055.8011308,29,-41,-45
1739724055.8471308,29,29,-42
1739724055.8931308,-17,47,-60
1739724055.9381306,-32,-42,-117
1739724055.9841306,20,-30,-87
1739724056.0301306,-2,-64,-109
1739724056.0761306,-15,13,-79
1739724056.1211307,9,-17,13
1739724056.1671307,-74,-8,5
1739724056.2131307,68,-46,-25
1739724056.2581308,-57,64,100
1739724056.3041308,45,-54,-127
1739724056.3501308,-51,29,-47
1739724056.3961308,-73,-14,-173
1739724056.4411306,-32,-42,-153
1739724056.4871306,-16,-10,94
1739724056.5331306,71,-39,-73
1739724056.5781307,48,-16,32
1739724056.6241307,-39,13,38
1739724056.6701307,-3,31,24
1739724056.7161307,-1,-46,-47
1739724056.7611306,-64,59,-23
1739724056.8071306,29,7,-113
1739724056.8531306,-21,27,-123
1739724056.898131,-15,25,26
1739724056.944131,26,-29,-41
1739724056.990131,-59,34,-33
1739724057.036131,1,37,-91
1739724057.0811307,-79,49,-11
1739724057.1271307,63,8,-17
1739724057.1731308,45,-52,6
1739724057.2181306,31,-86,82
1739724057.2641306,17,89,92
1739724057.3101306,3,0,-19
1739724057.3561306,14,-32,-75
1739724057.401131,17,-68,-57
1739724057.447131,-22,40,-21
1739724057.4931307,-36,-9,5
1739724057.5381308,-27,12,-27
1739724057.5841308,23,39,-41
1739724057.6301308,-45,-2,-99
1739724057.6761308,-39,28,60
1739724057.7211306,32,-30,-3
1739724057.7671306,-14,116,-22
1739724057.8131306,13,-7,-143
1739724057.8581307,-16,26,-133
1739724057.9041307,42,-27,-41
1739724057.9501307,-16,26,-37
1739724057.9961307,-7,23,-3
1739724058.0411308,-18,58,-133
1739724058.0871308,23,27,-39
1739724058.1331308,162,-3,-44
1739724058.1781306,-14,-52,24
1739724058.2241306,-114,4,-37
1739724058.2701306,35,41,-95
1739724058.3161306,32,-33,-61
1739724058.3611307,-11,41,-141
1739724058.4071307,-7,-20,106
1739724058.4531307,-34,-50,-31
1739724058.4981308,-32,48,-53
1739724058.5441308,-3,-72,-27
1739724058.5901306,-36,30,-27
1739724058.6361306,82,44,4
1739724058.6811306,6,31,-41
1739724058.727131,-39,-38,42
1739724058.773131,21,37,-87
1739724058.8181307,-22,-32,-77
1739724058.8641307,79,30,37
1739724058.9101307,70,7,-105
1739724058.9561307,-30,-19,-26
1739724059.0011306,-51,54,-25
1739724059.0471306,2,19,-83
1739724059.0931306,-17,66,-147
1739724059.138131,22,-50,-77
1739724059.184131,7,-55,-7
1739724059.230131,-12,62,-19
1739724059.276131,-37,-24,-85
1739724059.3211308,-30,30,0
1739724059.3671308,9,-48,-97
1739724059.4131308,-7,-94,-77
1739724059.4581306,-69,0,-66
1739724059.5041306,-6,-70,-33
1739724059.5501306,7,-64,-29
1739724059.5961306,-7,37,-45
1739724059.6411307,46,-39,-29
1739724059.6871307,2,48,-25
1739724059.7331307,79,-33,-1
1739724059.7781308,37,21,-81
1739724059.8241308,55,63,-43
1739724059.8701308,-27,-25,-57
1739724059.9161308,85,-19,45
1739724059.9611306,-64,-49,34
1739724060.0071306,-27,-11,48
1739724060.0531306,-38,43,-77
1739724060.0981307,38,-30,49
1739724060.1441307,22,49,-57
1739724060.1901307,38,-28,98
1739724060.2361307,1,46,-165
1739724060.2811308,-12,43,38
1739724060.3271308,49,-56,-61
1739724060.3731308,-25,2,-6
1739724060.4181306,1,-11,-71
1739724060.4641306,-15,1,4
1739724060.5101306,34,25,-55
1739724060.5561306,14,-53,-117
1739724060.6011307,14,24,-183
1739724060.6471307,5,35,-33
1739724060.6931307,13,-2,-13
1739724060.7381306,82,29,-11
1739724060.7841306,105,14,-29
1739724060.8301306,-19,-75,66
1739724060.8761306,-8,11,-47
1739724060.921131,-48,82,18
1739724060.967131,64,-4,-27
1739724061.013131,65,1,-67
1739724061.0581307,-9,53,-99
1739724061.1041307,-24,-54,-105
1739724061.1501307,-64,34,-46
1739724061.1961308,-55,25,-68
1739724061.2411306,8,-12,-33
1739724061.2871306,18,0,-21
1739724061.3331306,-57,-34,-89
1739724061.378131,-11,57,-26
1739724061.424131,1,38,0
1739724061.4701307,-2,-49,-89
1739724061.5161307,-15,-53,-83
1739724061.5611308,49,-53,-27
1739724061.6071308,-19,32,-159
1739724061.6531308,54,-28,83
1739724061.6981306,16,52,26
1739724061.7441306,-23,0,12
1739724061.7901306,33,-9,19
1739724061.8361306,-4,54,14
1739724061.8811307,25,23,-63
1739724061.9271307,-13,13,-34
1739724061.9731307,66,-19,-65
1739724062.0181308,0,42,-102
1739724062.0641308,64,-1,-35
1739724062.1101308,-9,43,-14
1739724062.1561308,-16,-13,-51
1739724062.2011306,-85,-46,64
1739724062.2471306,28,46,-30
1739724062.2931306,0,-71,-29
1739724062.3381307,-57,2,-119
1739724062.3841307,29,24,-41
1739724062.4301307,28,-16,-137
1739724062.4751308,-54,-42,-79
1739724062.5211308,54,-80,-29
1739724062.5671306,-25,-1,-39
1739724062.6131306,-31,-1,-8
1739724062.6581306,-67,-30,-135
1739724062.7041306,22,3,-113
1739724062.750131,5,-9,-75
1739724062.7951307,48,-67,-9
1739724062.8411307,-10,-23,-15
1739724062.8871307,-41,65,-8
1739724062.9331307,-37,30,-62
1739724062.9781306,-9,9,-22
1739724063.0241306,3,29,-101
1739724063.0701306,-103,-26,-99
1739724063.115131,68,47,9
1739724063.161131,26,-44,-17
1739724063.207131,48,-11,-5
1739724063.253131,-36,-10,-26
1739724063.2981308,4,45,-59
1739724063.3441308,25,39,-151
1739724063.3901308,7,61,-50
1739724063.4351306,31,10,-37
1739724063.4811306,14,36,38
1739724063.5271306,39,69,-117
1739724063.5731306,-15,54,-15
1739724063.6181307,10,16,-73
1739724063.6641307,1,-4,24
1739724063.7101307,-17,-24,30
1739724063.7551308,16,36,-15
1739724063.8011308,40,-91,72
1739724063.8471308,0,27,-35
1739724063.8931308,-50,16,8
1739724063.9381306,16,-60,48
1739724063.9841306,63,46,-89
1739724064.0301306,15,-50,-39
1739724064.0751307,10,-15,-121
1739724064.1211307,58,65,36
1739724064.1671307,4,80,-104
1739724064.2131307,51,-31,-81
1739724064.2581308,39,-35,32
1739724064.3041308,-80,32,-40
1739724064.3501308,-45,-53,-52
1739724064.3951306,96,4,79
1739724064.4411306,-54,49,10
1739724064.4871306,18,-19,-95
1739724064.5331306,-58,45,116
1739724064.5781307,46,-10,-77
1739724064.6241307,0,-23,-27
1739724064.6701307,39,65,-19
1739724064.7151306,94,50,-11
1739724064.7611306,-54,-34,-2
1739724064.8071306,40,-5,-15
1739724064.8531306,63,-13,-33
1739724064.898131,-35,22,-113
1739724064.944131,-14,58,-91
1739724064.990131,-19,1,-97
1739724065.0351307,38,57,-75
1739724065.0811307,2,39,-59
1739724065.1271307,-19,-79,88
1739724065.1731308,-2,0,-69
1739724065.2181306,-17,88,23
1739724065.2641306,27,36,-151
1739724065.3151307,39,-64,-159
1739724065.3611307,68,-6,47
1739724065.4071307,-13,3,-61
1739724065.4531307,-15,68,-29
1739724065.4981308,14,18,24
1739724065.5441308,-19,20,-17
1739724065.5901306,34,37,-73
1739724065.6351306,32,3,-77
1739724065.6811306,4,-40,26
1739724065.727131,-12,60,-65
1739724065.773131,8,-27,72
1739724065.8171306,2,-26,-131
1739724065.8631306,-40,17,-103
1739724065.9091306,30,-11,86
1739724065.9541306,-2,38,-44
1739724066.000131,-53,79,-131
1739724066.046131,21,-21,-57
1739724066.0911307,-6,20,48
1739724066.1371307,-15,48,-175
1739724066.1831307,-25,-38,38
1739724066.2291307,32,-13,-29
1739724066.2741306,66,-75,-43
1739724066.3201306,71,67,23
1739724066.3661306,-47,56,-74
1739724066.411131,12,-50,25
1739724066.457131,-8,-26,-111
1739724066.503131,47,6,-15
1739724066.549131,49,-23,51
1739724066.5941308,27,24,-55
1739724066.6401308,-54,5,38
1739724066.6861308,-88,59,60
1739724066.7311306,53,-6,-105
1739724066.7771306,-42,4,-52
1739724066.8231306,97,24,-39
1739724066.8691306,-37,1,-153
1739724066.9141307,28,0,-1
1739724066.9601307,10,41,-91
1739724067.0061307,81,-31,71
1739724067.0511308,13,0,21
1739724067.0971308,-28,15,42
1739724067.1431308,-66,62,-138
1739724067.1891308,70,53,47
1739724067.2341306,-48,-61,-20
1739724067.2801306,15,-27,-7
1739724067.3261306,60,40,-5
1739724067.3711307,25,-30,35
1739724067.4171307,-64,-15,-68
1739724067.4631307,-26,29,-147
1739724067.5091307,-11,3,-67
1739724067.5541308,5,-44,4
1739724067.6001308,59,30,-83
1739724067.6461308,8,-2,-15
1739724067.6911306,-22,-20,68
1739724067.7371306,76,20,-51
1739724067.7831306,95,16,-63
1739724067.8291306,13,-109,-102
1739724067.8741307,-3,32,19
1739724067.9201307,-7,-40,-62
1739724067.9661307,11,18,-141
1739724068.0111306,82,21,-11
1739724068.0571306,44,40,-95
1739724068.1031306,-61,39,-8
1739724068.1491306,39,-30,-41
1739724068.194131,31,22,-15
1739724068.240131,23,51,-47
1739724068.286131,-15,-11,-24
1739724068.3311307,-18,-71,20
1739724068.3771307,3,-29,-3
1739724068.4231308,-11,7,-109
1739724068.4691308,35,49,-117
1739724068.5141306,-5,83,-139
1739724068.5601306,47,-95,-43
1739724068.6061306,-78,-3,94
1739724068.651131,35,48,-97
1739724068.697131,-26,0,36
1739724068.7431307,48,26,102
1739724068.7891307,14,-2,-149
1739724068.8341308,33,21,-1
1739724068.8801308,69,-13,-47
1739724068.9261308,9,53,-57
1739724068.9711306,-61,11,34
1739724069.0171306,-19,-28,-93
1739724069.0631306,-39,39,-71
1739724069.1091306,25,-28,2
1739724069.1541307,-113,-3,32
1739724069.2001307,-25,100,9
1739724069.2461307,14,41,17
1739724069.2911308,-3,-9,98
1739724069.3371308,-59,25,-79
1739724069.3831308,67,-70,-129
1739724069.4291308,2,39,-1
1739724069.4741306,-35,-11,84
1739724069.5201306,69,-38,-56
1739724069.5661306,-11,-36,-45
1739724069.6111307,-13,-6,-77
1739724069.6571307,27,-25,-93
1739724069.7031307,16,41,-29
1739724069.7491307,-4,-46,-39
1739724069.7941308,59,-34,5
1739724069.8401306,-38,10,-95
1739724069.8861306,-8,-104,74
1739724069.9311306,36,41,-19
1739724069.977131,-35,34,-30
1739724070.023131,-91,-7,44
1739724070.069131,76,36,77
1739724070.1141307,-59,69,-10
1739724070.1601307,12,-36,-31
1739724070.2061307,24,15,-161
1739724070.2511306,-29,0,-10
1739724070.2971306,-28,7,-44
1739724070.3431306,-11,-19,50
1739724070.3891306,-81,-51,-2
1739724070.434131,28,18,89
1739724070.480131,50,-59,-101
1739724070.526131,53,-41,-131
1739724070.5711308,-20,18,-80
1739724070.6171308,3,-3,-5
1739724070.6631308,12,50,26
1739724070.7091308,20,-41,-125
1739724070.7541306,-22,10,-151
1739724070.8001306,1,-39,69
1739724070.8461306,26,-20,7
1739724070.8911307,-85,-56,42
1739724070.9371307,-42,45,-105
1739724070.9831307,-51,87,-28
1739724071.0291307,5,-29,-147
1739724071.0741308,21,21,11
1739724071.1201308,10,10,-103
1739724071.1661308,43,-66,-37
1739724071.2111306,-6,0,6
1739724071.2571306,-99,46,-32
1739724071.3031306,-78,-59,0
1739724071.3491306,-56,31,-10
1739724071.3941307,63,-35,-25
1739724071.4401307,42,22,-57
1739724071.4861307,23,11,-23
1739724071.5311308,-50,-4,-86
1739724071.5771308,-34,38,-74
1739724071.6231308,89,4,55
1739724071.6691308,-7,2,-2
1739724071.7141306,-10,15,-2
1739724071.7601306,-22,12,-105
1739724071.8061306,-39,-6,-78
1739724071.8511307,69,-49,-99
1739724071.8971307,-109,-7,14
1739724071.9431307,30,-39,-27
1739724071.9891307,-20,32,2
1739724072.0341306,-13,17,54
1739724072.0801306,0,-9,-43
1739724072.1261306,38,-2,39
1739724072.171131,42,-38,-93
1739724072.217131,50,-9,-87
1739724072.263131,-40,47,-104
1739724072.3081307,1,-75,30
1739724072.3541307,-20,14,-127
1739724072.4001307,14,26,-13
1739724072.4461308,30,-71,-119
1739724072.4911306,-51,-26,-81
1739724072.5371306,10,26,-58
1739724072.5831306,14,-37,-66
1739724072.628131,19,-9,60
1739724072.674131,-30,29,-69
1739724072.7201307,-19,24,-177
1739724072.7661307,-45,21,-2
1739724072.8111308,14,-83,-148
1739724072.8571308,10,-8,8
1739724072.9031308,-49,-21,-97
1739724072.9481306,-11,37,-58
1739724072.9941306,30,-4,-20
1739724073.0401306,28,42,14
1739724073.0861306,53,15,88
1739724073.1311307,-78,50,-15
1739724073.1771307,0,-71,29
1739724073.2231307,-26,28,-112
1739724073.2681308,-45,89,-88
1739724073.3141308,97,1,-40
1739724073.3601308,50,7,-26
1739724073.4061308,43,63,-12
1739724073.4511306,60,-27,41
1739724073.4971306,112,-92,-27
1739724073.5431306,34,9,34
1739724073.5881307,-52,-18,-31
1739724073.6341307,-69,-52,-23
1739724073.6801307,17,64,-44
1739724073.7261307,-19,-89,-42
1739724073.7711308,-18,10,-9
1739724073.8171306,-55,-12,-45
1739724073.8631306,24,-8,-34
1739724073.9081306,-24,-96,-31
1739724073.9541306,-94,4,-47
1739724074.000131,61,18,-72
1739724074.046131,8,-4,-76
1739724074.0911307,-76,29,107
1739724074.1371307,-47,7,-83
1739724074.1831307,14,60,-22
1739724074.2281306,-24,13,61
1739724074.2741306,-69,-24,-59
1739724074.3201306,6,-34,47
1739724074.3661306,29,-61,-28
1739724074.4101307,48,-25,-68
1739724074.4561307,50,-9,-10
1739724074.5021307,52,-39,18
1739724074.5471306,18,-33,-68
1739724074.5931306,17,-27,69
1739724074.6391306,-14,-1,-54
1739724074.684131,-33,3,-41
1739724074.730131,74,41,-34
1739724074.776131,-43,-6,-50
1739724074.822131,-2,31,-92
1739724074.8671308,-94,-50,-23
1739724074.9131308,-45,22,-72
1739724074.9591308,15,0,-48
1739724075.0041306,-8,-1,-18
1739724075.0501306,-64,33,-32
1739724075.0961306,-20,0,-66
1739724075.1421306,49,131,-24
1739724075.1871307,-28,-32,-1
1739724075.2331307,-87,90,-72
1739724075.2791307,0,-62,39
1739724075.3301306,-14,-84,21
1739724075.3761306,-3,2,-10
1739724075.4221306,68,35,-38
1739724075.467131,2,23,-16
1739724075.513131,-5,46,-136
1739724075.559131,-12,26,68
1739724075.6041307,39,46,-40
1739724075.6501307,65,-36,-133
1739724075.6961308,0,-34,-53
1739724075.7421308,-22,-79,55
1739724075.7871306,-9,18,-128
1739724075.8331306,43,-29,-21
1739724075.8791306,-6,-1,-166
1739724075.924131,7,-45,-137
1739724075.9701307,65,-8,-91
1739724076.0161307,34,-6,-115
1739724076.0621307,-11,6,-56
1739724076.1071308,-38,-27,-84
1739724076.1531308,-13,57,-6
1739724076.1991308,4,-38,-29
1739724076.2441306,50,6,-57
1739724076.2901306,-16,-52,41
1739724076.3361306,-1,3,-72
1739724076.3821306,-68,17,-80
1739724076.4271307,12,-39,-119
1739724076.4731307,-57,-10,-67
1739724076.5191307,2,20,-136
1739724076.5641308,53,-18,-29
1739724076.6101308,31,3,-196
1739724076.6561308,-2,29,-16
1739724076.7021308,-40,-31,-7
1739724076.7471306,29,-60,-47
1739724076.7931306,64,23,-64
1739724076.8391306,24,26,8
1739724076.8841307,-52,63,-16
1739724076.9301307,-71,38,56
1739724076.9761307,-39,54,-52
1739724077.0221307,44,43,122
1739724077.0671306,-75,12,-152
1739724077.1131306,18,10,-138
1739724077.1591306,-44,18,-32
1739724077.2041306,30,-136,-27
1739724077.250131,-52,11,-134
1739724077.296131,9,50,68
1739724077.342131,61,3,-6
1739724077.3871307,37,-17,63
1739724077.4331307,-61,53,-184
1739724077.4791307,-2,30,-70
1739724077.5241306,62,-20,-88
1739724077.5701306,20,46,-38
1739724077.6161306,86,-28,-39
1739724077.6621306,-2,42,-72
1739724077.707131,-10,-86,-19
1739724077.753131,-29,20,-78
1739724077.799131,-44,-3,69
1739724077.8441308,-80,2,-141
1739724077.8901308,1,-31,-33
1739724077.9361308,-75,91,-14
1739724077.9821308,-5,-10,-73
1739724078.0271306,11,2,-168
1739724078.0731306,46,-8,-42
1739724078.1191306,-41,21,-23
1739724078.1641307,44,-22,-6
1739724078.2111306,-4,-42,-47
1739724078.2571306,-46,44,-10
1739724078.3031306,-11,3,-204
1739724078.3481307,2,-33,-129
1739724078.3941307,-27,-60,-29
1739724078.4401307,-99,-2,-85
1739724078.4861307,0,-53,-99
1739724078.5311308,42,12,-62
1739724078.5771308,19,-75,-75
1739724078.6231308,32,-53,7
1739724078.6681306,-36,28,-126
1739724078.7141306,45,17,14
1739724078.7601306,-38,-128,73
1739724078.8061306,-15,23,-14
1739724078.8511307,-15,-8,-72
1739724078.8971307,-68,-33,-132
1739724078.9431307,-18,-5,-120
1739724078.9881306,14,13,-132
1739724079.0341306,31,-17,-107
1739724079.0801306,7,22,-24
1739724079.1261306,-4,-19,73
1739724079.171131,-39,-26,55
1739724079.217131,-15,55,-104
1739724079.263131,-77,-26,-73
1739724079.3081307,26,-7,-7
1739724079.3541307,12,-8,-34
1739724079.4001307,61,34,-72
1739724079.4461308,-23,-14,-159
1739724079.4911306,47,18,2
1739724079.5371306,-6,59,-116
1739724079.5831306,-45,52,-66
1739724079.628131,5,23,60
1739724079.674131,-11,7,-4
1739724079.7201307,-25,35,138
1739724079.7661307,-23,41,-38
1739724079.8111308,59,-16,8
1739724079.8571308,10,63,-36
1739724079.9031308,-37,24,7
1739724079.9481306,3,108,-22
1739724079.9941306,73,-62,-76
1739724080.0401306,-13,21,3
1739724080.0861306,42,41,-36
1739724080.1311307,-82,30,39
1739724080.1771307,-32,95,-80
1739724080.2231307,39,11,-12
1739724080.2681308,-29,-27,-59
1739724080.3141308,21,-25,-20
1739724080.3601308,-1,-55,-89
1739724080.4061308,16,10,-144
1739724080.4511306,-12,82,-30
1739724080.4971306,24,77,-10
1739724080.5431306,11,93,78
1739724080.5881307,0,58,-80
1739724080.6341307,-9,23,-15
1739724080.6801307,-19,-14,9
1739724080.7261307,51,29,-112
1739724080.7711308,81,-53,38
1739724080.8171306,-30,-35,-105
1739724080.8631306,-26,-36,29
1739724080.9081306,30,44,-40
1739724080.9541306,-159,10,35
1739724081.000131,-53,38,-175
1739724081.046131,49,-49,-52
1739724081.0911307,-5,-18,104
1739724081.1371307,14,-41,-102
1739724081.1831307,-63,19,-9
1739724081.2281306,-71,47,-21
1739724081.2741306,31,-6,20
1739724081.3201306,40,-32,-34
1739724081.3661306,110,12,-20
1739724081.411131,26,0,-60
1739724081.457131,84,-13,-18
1739724081.503131,-4,-48,-54
1739724081.5481308,-53,38,-183
1739724081.5941308,27,49,8
1739724081.6401308,60,32,-4
1739724081.6861308,-15,66,83
1739724081.7311306,40,41,-22
1739724081.7771306,6,-68,-74
1739724081.8231306,19,-13,-30
1739724081.8681307,12,-40,-64
1739724081.9141307,-17,56,-21
1739724081.9601307,-38,26,-45
1739724082.0061307,-21,36,-157
1739724082.0511308,-63,22,17
1739724082.0971308,-16,46,-90
1739724082.1431308,-30,29,-133
1739724082.1881306,38,-4,-52
1739724082.2341306,-46,-35,-23
1739724082.2801306,-35,3,-21
1739724082.3251307,-82,36,-49
1739724082.3711307,50,-19,-52
1739724082.4171307,3,60,-36
1739724082.4631307,-49,-57,73
1739724082.5081308,-19,40,21
1739724082.5541308,-21,-44,-21
1739724082.6001308,23,-37,-78
1739724082.6451306,-22,14,-19
1739724082.6911306,-42,33,-27
1739724082.7371306,-26,0,-121
1739724082.7831306,-125,25,42
1739724082.8281307,36,31,-161
1739724082.8741307,48,2,30
1739724082.9201307,-43,-32,-83
1739724082.9651306,-18,78,-65
1739724083.0111306,-43,10,-175
1739724083.0571306,-62,51,29
1739724083.1031306,-4,13,-143
1739724083.148131,1,15,-15
1739724083.194131,-41,-10,18
1739724083.240131,-24,10,-145
1739724083.2851307,-103,-55,-36
1739724083.3311307,-92,-28,-57
1739724083.3771307,42,-1,26
1739724083.4231308,-2,26,-129
1739724083.4681306,-23,-41,8
1739724083.5141306,12,99,-37
1739724083.5601306,-40,31,-105
1739724083.605131,29,46,0
1739724083.651131,-45,6,-79
1739724083.697131,-1,21,68
1739724083.7431307,0,13,-51
1739724083.7881308,-157,44,-11
1739724083.8341308,-54,35,-41
1739724083.8801308,-19,19,-67
1739724083.9251306,-8,28,-21
1739724083.9711306,4,-56,-12
1739724084.0171306,-24,32,-27
1739724084.0631306,2,23,-35
1739724084.1081307,36,-4,-17
1739724084.1541307,15,-13,-151
1739724084.2001307,-59,-7,-52
1739724084.2451308,2,0,-93
1739724084.2911308,-50,94,-27
1739724084.3371308,-17,-12,-14
1739724084.3831308,30,-20,-75
1739724084.4281306,-57,39,0
1739724084.4741306,50,-6,-67
1739724084.5201306,4,-23,42
1739724084.5651307,10,14,28
1739724084.6111307,-15,20,110
1739724084.6571307,-69,10,-100
1739724084.7031307,-8,5,14
1739724084.7481308,-4,6,80
1739724084.7941308,96,-67,-79
1739724084.8401306,28,-10,-111
1739724084.8851306,39,39,31
1739724084.9311306,-29,-21,-28
1739724084.977131,-5,-4,-121
1739724085.023131,3,-43,74
1739724085.0681307,0,-69,-5
1739724085.1141307,-76,-15,-146
1739724085.1601307,28,8,-25
1739724085.2051306,13,99,-41
1739724085.2511306,-81,44,-141
1739724085.2971306,49,14,-15
1739724085.3481307,26,57,-41
1739724085.3941307,72,-42,-25
1739724085.4401307,-14,0,0
1739724085.4851308,25,-44,27
1739724085.5311308,-23,1,28
1739724085.5771308,-61,37,30
1739724085.6231308,-49,5,114
1739724085.6681306,-32,50,-68
1739724085.7141306,-56,67,-38
1739724085.7601306,7,59,-89
1739724085.8051307,30,-39,20
1739724085.8511307,24,-6,-4
1739724085.8971307,-90,-44,-99
1739724085.9431307,0,12,63
1739724085.9881306,-22,97,-26
1739724086.0341306,-19,-44,-64
1739724086.0801306,24,7,-31
1739724086.125131,-74,-12,-68
1739724086.171131,48,-6,49
1739724086.217131,-10,-39,-8
1739724086.263131,-40,-14,44
1739724086.3081307,-13,7,42
1739724086.3541307,26,77,-91
1739724086.4001307,75,-62,-109
1739724086.4451306,-94,112,-88
1739724086.4911306,0,10,-19
1739724086.5371306,-52,-14,-72
1739724086.5831306,4,26,23
1739724086.628131,-27,-8,-2
1739724086.674131,-101,62,-57
1739724086.7201307,-67,7,-91
1739724086.7651308,6,-36,-167
1739724086.8111308,-31,-23,102
1739724086.8571308,44,-103,15
1739724086.9031308,35,-49,-57
1739724086.9481306,-53,-6,12
1739724086.9941306,66,9,-61
1739724087.0401306,13,32,-9
1739724087.0851307,23,11,72
1739724087.1311307,44,14,-39
1739724087.1771307,-15,-5,-79
1739724087.2231307,36,-59,11
1739724087.2681308,-25,0,22
1739724087.3141308,-17,-55,-45
1739724087.3601308,12,36,-59
1739724087.4051306,-11,-46,-13
1739724087.4511306,53,27,6
1739724087.4971306,-93,13,46
1739724087.5431306,1,9,-61
1739724087.5881307,36,-68,-119
1739724087.6341307,8,57,-27
1739724087.6801307,-2,-16,30
1739724087.7251308,-53,6,72
1739724087.7711308,-45,-59,-24
1739724087.8171306,-37,20,-56
1739724087.8631306,-2,60,-125
1739724087.9081306,-25,19,-83
1739724087.9541306,-29,-23,-76
1739724088.000131,76,-54,-101
1739724088.0451307,-2,-24,-96
1739724088.0911307,39,-32,-57
1739724088.1371307,-13,-13,-77
1739724088.1831307,-17,34,7
1739724088.2281306,-1,-40,-125
1739724088.2741306,-8,-36,36
1739724088.3201306,-61,23,22
1739724088.365131,7,19,-57
1739724088.411131,14,44,-34
1739724088.457131,-1,-12,-21
1739724088.503131,1,7,-95
1739724088.5481308,-4,-20,-147
1739724088.5941308,-45,-43,-38
1739724088.6401308,-19,-40,-100
1739724088.6851306,58,75,107
1739724088.7311306,-14,-3,-111
1739724088.7771306,-88,-67,0
1739724088.8231306,58,22,-94
1739724088.8681307,16,-36,92
1739724088.9141307,-53,-38,-22
1739724088.9601307,-70,-14,-26
1739724089.0051308,-6,-32,-175
1739724089.0511308,-32,-35,-69
1739724089.0971308,22,-3,-137
1739724089.1431308,81,80,19
1739724089.1881306,41,21,-35
1739724089.2341306,28,30,-26
1739724089.2801306,-61,43,12
1739724089.3251307,21,47,-75
1739724089.3701308,22,-5,13
1739724089.4161308,41,-26,19
1739724089.4611306,11,-2,-1
1739724089.5071306,59,-26,21
1739724089.5531306,11,85,-143
1739724089.5991306,33,56,-28
1739724089.6441307,-26,-42,-51
1739724089.6901307,0,38,2
1739724089.7361307,10,-16,-35
1739724089.7811308,-54,-28,-53
1739724089.8271308,11,-4,-39
1739724089.8731308,-29,-33,-147
1739724089.9191308,-91,33,-108
1739724089.9641306,-60,-43,74
1739724090.0101306,-14,-57,0
1739724090.0561306,-14,-11,-123
1739724090.1011307,-2,36,-205
1739724090.1471307,43,28,-35
1739724090.1931307,-43,27,-2
1739724090.2391307,-19,-6,-21
1739724090.2841306,-2,56,-62
1739724090.3301306,-19,32,-72
1739724090.3761306,50,3,13
1739724090.421131,41,8,7
1739724090.467131,1,11,52
1739724090.513131,-89,15,-67
1739724090.559131,57,77,-99
1739724090.6041307,-23,23,70
1739724090.6501307,17,30,60
1739724090.6961308,47,8,0
1739724090.7411306,96,78,-159
1739724090.7871306,-45,41,-71
1739724090.8331306,38,53,84
1739724090.8791306,-42,-14,4
1739724090.924131,-32,10,-21
1739724090.9701307,57,19,-25
1739724091.0161307,23,-32,-87
1739724091.0611308,-14,26,52
1739724091.1071308,-16,2,30
1739724091.1531308,-10,17,-26
1739724091.1991308,37,-31,5
1739724091.2441306,-32,-4,-39
1739724091.2901306,51,-6,-73
1739724091.3361306,13,-1,-19
1739724091.3811307,34,43,-141
1739724091.4271307,-51,-41,30
1739724091.4731307,24,29,5
1739724091.5191307,6,-23,42
1739724091.5641308,-6,43,-17
1739724091.6101308,-9,-40,-34
1739724091.6561308,-49,3,34
1739724091.7011306,-45,9,82
1739724091.7471306,38,13,47
1739724091.7931306,-27,3,-81
1739724091.8391306,2,-7,-45
1739724091.8841307,63,64,87
1739724091.9301307,-5,17,-39
1739724091.9761307,3,0,-7
1739724092.0211308,-56,-63,-63
1739724092.0671306,12,59,-47
1739724092.1131306,16,25,42
1739724092.1591306,-112,20,-83
1739724092.2041306,12,47,-49
1739724092.250131,-47,73,65
1739724092.296131,66,21,-83
1739724092.3411307,-69,-59,-65
1739724092.3871307,-79,109,39
1739724092.4331307,-5,52,-87
1739724092.4781306,66,-26,-2
1739724092.5241306,17,0,36
1739724092.5701306,-39,-13,-36
1739724092.6161306,67,-61,-34
1739724092.661131,-1,34,-37
1739724092.707131,-34,-81,-86
1739724092.753131,51,70,-119
1739724092.7981308,12,8,23
1739724092.8441308,-11,37,-5
1739724092.8901308,19,72,59
1739724092.9361308,14,-4,-37
1739724092.9811306,130,-14,-75
1739724093.0271306,1,43,-139
1739724093.0731306,-22,10,38
1739724093.1181307,25,15,-115
1739724093.1641307,-8,-20,-117
1739724093.2101307,-47,-89,-36
1739724093.2561307,-37,8,54
1739724093.3011308,-35,54,43
1739724093.3471308,-19,24,-133
1739724093.3931308,-11,-25,-70
1739724093.4381306,0,79,45
1739724093.4841306,-56,-13,-41
1739724093.5301306,-4,-3,0
1739724093.5761306,8,28,-43
1739724093.6211307,13,55,-71
1739724093.6671307,-21,-27,-157
1739724093.7131307,-56,-53,0
1739724093.7581308,-30,12,5
1739724093.8041308,-57,-5,50
1739724093.8501308,3,-42,-54
1739724093.8961308,1,-14,-55
1739724093.9411306,17,-78,-92
1739724093.9871306,44,72,23
1739724094.0331306,-48,-20,-85
1739724094.0781307,1,-40,2
1739724094.1241307,45,47,-15
1739724094.1701307,103,10,66
1739724094.2161307,-42,48,-109
1739724094.2611306,65,17,-31
1739724094.3071306,53,-35,-25
1739724094.3531306,8,47,15
1739724094.398131,33,1,-75
1739724094.444131,-8,-32,12
1739724094.490131,30,-3,-27
1739724094.536131,28,-22,-39
1739724094.5811307,64,40,-115
1739724094.6271307,-39,-60,-32
1739724094.6731308,1,3,-27
1739724094.7181306,-36,-14,-46
1739724094.7641306,-24,-36,-62
1739724094.8101306,3,47,-29
1739724094.8561306,90,-39,-38
1739724094.901131,42,-25,0
1739724094.947131,-2,-22,-53
1739724094.9931307,-97,41,-49
1739724095.0381308,-56,34,-3
1739724095.0841308,69,51,-3
1739724095.1301308,-36,15,-37
1739724095.1761308,-26,10,28
1739724095.2211306,-40,-19,-42
1739724095.2671306,60,7,-27
1739724095.3131306,-43,-39,-96
1739724095.3641307,15,-30,-18
1739724095.4101307,13,21,-25
1739724095.4561307,29,1,24
1739724095.5011306,35,-16,-16
1739724095.5471306,32,-69,-38
1739724095.5931306,32,-55,0
1739724095.638131,39,2,-65
1739724095.684131,21,-14,-87
1739724095.7291307,-26,27,-71
1739724095.7741306,-39,2,-67
1739724095.8201306,-52,-31,98
1739724095.8661306,-7,24,120
1739724095.9121306,-54,31,-69
1739724095.957131,-17,-42,2
1739724096.003131,-3,-9,-139
1739724096.049131,-52,9,-87
1739724096.0941308,5,6,-117
1739724096.1401308,101,7,-7
1739724096.1861308,85,-64,-68
1739724096.2321308,20,-36,52
1739724096.2771306,-66,17,-11
1739724096.3231306,3,61,-121
1739724096.3691306,-12,-22,-81
1739724096.4141307,33,81,-11
1739724096.4601307,38,-4,-6
1739724096.5061307,70,10,-82
1739724096.5521307,28,-41,0
1739724096.5971308,-7,7,-37
1739724096.6431308,-24,-1,-117
1739724096.6891308,-105,60,-3
1739724096.7341306,69,14,-46
1739724096.7801306,-55,-59,-37
1739724096.8261306,8,10,-113
1739724096.8721306,-31,-40,-45
1739724096.9171307,27,-17,50
1739724096.9631307,6,-27,-167
1739724097.0091307,53,18,-48
1739724097.0541308,65,-20,-54
1739724097.1001308,5,48,-55
1739724097.1461308,-35,-43,22
1739724097.1921306,-17,-7,-63
1739724097.2371306,9,70,-199
1739724097.2831306,-12,42,59
1739724097.3291306,-82,4,26
1739724097.3741307,16,-1,-1
1739724097.4201307,56,-27,60
1739724097.4661307,-18,27,-61
1739724097.5121307,-20,31,23
1739724097.5571306,-130,-10,36
1739724097.6031306,41,36,-53
1739724097.6491306,-22,27,45
1739724097.694131,12,-6,-23
1739724097.740131,-39,-22,-126
1739724097.786131,19,-108,16
1739724097.832131,13,-12,-39
1739724097.8771307,74,37,-79
1739724097.9231308,-55,-10,-116
1739724097.9691308,51,-19,-79
1739724098.0141306,-23,-30,-10
1739724098.0601306,108,18,-89
1739724098.1061306,-18,92,-71
1739724098.1521306,-52,-14,-24
1739724098.197131,-29,5,-81
1739724098.2431307,-37,3,48
1739724098.2891307,16,62,33
1739724098.3341308,61,-18,-87
1739724098.3801308,-19,87,-33
1739724098.4261308,13,20,-83
1739724098.4721308,-7,0,2
1739724098.5171306,69,-13,-43
1739724098.5631306,45,16,-63
1739724098.6091306,13,20,125
1739724098.6541307,28,12,-55
1739724098.7001307,-7,55,-75
1739724098.7461307,16,-57,-2
1739724098.7921307,101,-31,-5
1739724098.8371308,-15,-41,34
1739724098.8831308,-72,3,-40
1739724098.9291308,47,52,-31
1739724098.9741306,-92,-17,-30
1739724099.0201306,-59,7,-14
1739724099.0661306,-40,61,-85
1739724099.1121306,19,1,17
1739724099.1571307,-45,-7,-62
1739724099.2031307,2,17,0
1739724099.2491307,-50,-16,120
1739724099.2941308,98,26,-19
1739724099.3401306,57,-28,44
1739724099.3861306,22,-38,-111
1739724099.4321306,-8,-40,-98
1739724099.477131,4,-70,-124
1739724099.523131,66,44,-51
1739724099.569131,0,1,-35
1739724099.6141307,51,-27,-145
1739724099.6601307,-49,22,-109
1739724099.7061307,36,110,85
1739724099.7521307,-85,5,-66
1739724099.7971306,37,-11,-73
1739724099.8431306,-52,34,-6
1739724099.8891306,71,19,-95
1739724099.934131,-19,-77,-172
1739724099.980131,-28,27,-137
1739724100.026131,28,10,-31
1739724100.072131,36,13,57
1739724100.1171308,-69,-75,-18
1739724100.1631308,69,-15,-75
1739724100.2091308,-117,11,-200
1739724100.2541306,-20,-32,58
1739724100.3001306,14,30,-5
1739724100.3461306,-30,-19,0
1739724100.3921306,30,-4,-3
1739724100.4371307,42,23,-179
1739724100.4831307,24,-70,30
1739724100.5291307,-37,18,0
1739724100.5741308,-54,-32,-56
1739724100.6201308,-61,9,-148
1739724100.6661308,-69,60,-44
1739724100.7121308,-8,-5,-34
1739724100.7571306,-59,-7,-130
1739724100.8031306,43,14,-37
1739724100.8491306,-21,-28,-70
1739724100.8941307,-83,-21,-90
1739724100.9401307,-21,-8,-32
1739724100.9861307,87,-37,9
1739724101.0321307,-8,-18,-92
1739724101.0771308,-27,-56,-77
1739724101.1231308,22,63,-80
1739724101.1691308,15,-29,-21
1739724101.2141306,17,-27,157
1739724101.2601306,13,38,-24
1739724101.3061306,-37,42,85
1739724101.3511307,67,-47,12
1739724101.3971307,-26,-17,-81
1739724101.4431307,134,74,-86
1739724101.4891307,-16,98,-114
1739724101.5341306,-18,46,27
1739724101.5801306,-65,126,-27
1739724101.6261306,98,-8,-22
1739724101.6721306,46,-38,-58
1739724101.717131,40,11,-48
1739724101.763131,-36,12,-147
1739724101.809131,-42,47,-147
1739724101.8541307,1,-75,-28
1739724101.9001307,-15,40,105
1739724101.9461308,-61,94,-21
1739724101.9921308,-33,-11,-89
1739724102.0371306,9,22,-24
1739724102.0831306,52,5,-42
1739724102.1291306,-26,31,-180
1739724102.174131,-9,-26,-5
1739724102.2201307,24,-24,16
1739724102.2661307,20,31,-74
1739724102.3121307,10,-4,81
1739724102.3571308,85,11,0
1739724102.4031308,-48,-17,-127
1739724102.4491308,-61,-55,-5
1739724102.4941306,83,-79,16
1739724102.5401306,109,-99,-126
1739724102.5861306,37,17,4
1739724102.6311307,4,9,-128
1739724102.6771307,41,17,28
1739724102.7231307,-16,26,-116
1739724102.7691307,53,-114,-122
1739724102.8141308,47,14,-98
1739724102.8601308,18,-9,-12
1739724102.9061308,13,-16,5
1739724102.9511306,-61,41,0
1739724102.9971306,25,67,30
1739724103.0431306,-24,-82,75
1739724103.0891306,84,-10,-14
1739724103.1341307,67,-15,76
1739724103.1801307,33,16,-84
1739724103.2261307,-25,-24,-5
1739724103.2711308,-79,-7,-53
1739724103.3171306,-14,-3,3
1739724103.3631306,-54,12,-3
1739724103.4091306,35,50,-4
1739724103.4541306,-8,33,-192
1739724103.500131,1,3,-42
1739724103.546131,70,-21,-70
1739724103.5911307,45,-28,-110
1739724103.6371307,39,-47,-15
1739724103.6831307,-110,50,-148
1739724103.7291307,56,-41,-61
1739724103.7741306,-12,44,88
1739724103.8201306,82,-62,-7
1739724103.8661306,45,-27,-109
1739724103.911131,21,-16,-29
1739724103.957131,26,24,-2
1739724104.003131,-72,66,-50
1739724104.049131,38,60,-128
1739724104.0941308,2,20,20
1739724104.1401308,-56,-13,-40
1739724104.1861308,48,70,-32
1739724104.2311306,16,-74,-75
1739724104.2771306,21,-34,43
1739724104.3231306,-28,6,-20
1739724104.3691306,57,-11,-84
1739724104.4141307,33,10,-34
1739724104.4601307,95,-56,-164
1739724104.5061307,80,-28,-62
1739724104.5511308,46,-26,-104
1739724104.5971308,25,-25,-70
1739724104.6431308,-38,0,27
1739724104.6891308,-34,14,-89
1739724104.7341306,35,-31,-50
1739724104.7801306,9,0,-16
1739724104.8261306,-23,42,-90
1739724104.8711307,-48,0,-82
1739724104.9171307,-23,22,20
1739724104.9631307,-5,-13,-144
1739724105.0091307,28,25,-80
1739724105.0541308,-34,0,-16
1739724105.1001308,-24,-21,-7
1739724105.1461308,2,14,-26
1739724105.1911306,4,-34,-178
1739724105.2371306,8,28,-50
1739724105.2831306,-74,-47,-91
1739724105.3341308,-49,21,-128
1739724105.3801308,-20,-37,-18
1739724105.4261308,-80,-31,-27
1739724105.4711306,22,45,-66
1739724105.5171306,-55,20,-63
1739724105.5631306,29,-12,-124
1739724105.6091306,54,23,-32
1739724105.6541307,2,13,-100
1739724105.7001307,-56,0,63
1739724105.7461307,149,-4,-116
1739724105.7911308,8,31,-24
1739724105.8371308,-45,4,-145
1739724105.8831308,-48,-47,-27
1739724105.9291308,68,-6,14
1739724105.9741306,-2,-4,-94
1739724106.0201306,-84,-12,-39
1739724106.0661306,4,39,-84
1739724106.1111307,-51,24,-39
1739724106.1571307,16,14,48
1739724106.2031307,-41,-13,-39
1739724106.2491307,27,-62,57
1739724106.2941308,52,-70,-141
1739724106.3401306,18,-38,-35
1739724106.3861306,9,3,-56
1739724106.4311306,-63,42,-64
1739724106.477131,29,70,-78
1739724106.523131,-53,39,-12
1739724106.569131,-35,-56,-59
1739724106.6141307,-48,2,31
1739724106.6601307,-35,42,-20
1739724106.7061307,2,39,58
1739724106.7511306,54,108,-128
1739724106.7971306,-11,39,30
1739724106.8431306,4,-7,41
1739724106.8891306,54,21,18
1739724106.934131,50,7,-62
1739724106.980131,39,-14,-114
1739724107.026131,59,13,18
1739724107.0711308,-110,-26,-137
1739724107.1171308,3,78,74
1739724107.1631308,34,-107,77
1739724107.2091308,-80,51,-100
1739724107.2541306,84,4,42
1739724107.3001306,35,33,-74
1739724107.3461306,-29,19,-28
1739724107.3911307,-8,-17,-174
1739724107.4371307,4,32,-28
1739724107.4831307,-20,-20,-7
1739724107.5291307,-19,-11,-5
1739724107.5741308,14,74,-42
1739724107.6201308,17,18,32
1739724107.6661308,54,72,20
1739724107.7111306,-23,-41,-49
1739724107.7571306,58,78,-142
1739724107.8031306,-74,-35,-73
1739724107.8491306,-33,-76,-25
1739724107.8941307,-88,-1,-190
1739724107.9401307,-93,56,-2
1739724107.9861307,-26,-18,29
1739724108.0311308,33,21,-56
1739724108.0771308,61,-31,-95
1739724108.1231308,-62,-20,22
1739724108.1691308,-24,-19,-36
1739724108.2141306,36,59,-46
1739724108.2601306,-57,-95,-51
1739724108.3061306,-44,-16,-142
1739724108.3511307,29,-23,53
1739724108.3971307,-20,-13,-54
1739724108.4431307,-7,40,12
1739724108.4891307,-70,-39,14
1739724108.5341306,-6,17,-90
1739724108.5801306,-19,-41,33
1739724108.6261306,27,3,-64
1739724108.671131,-32,23,-95
1739724108.717131,-43,-47,-88
1739724108.763131,62,25,-34
1739724108.809131,23,-29,74
1739724108.8541307,-18,-38,-67
1739724108.9001307,85,12,-70
1739724108.9461308,-19,-39,-39
1739724108.9911306,-27,-32,98
1739724109.0371306,22,48,56
1739724109.0831306,-31,-6,9
1739724109.1291306,52,-8,-177
1739724109.174131,-36,23,-45
1739724109.2201307,168,-121,12
1739724109.2661307,-63,-6,-13
1739724109.3111308,-26,83,-83
1739724109.3571308,1,124,-17
1739724109.4031308,-1,8,-93
1739724109.4491308,48,14,0
1739724109.4941306,59,-34,72
1739724109.5401306,87,53,-155
1739724109.5861306,-83,-25,-93
1739724109.6311307,26,30,11
1739724109.6771307,9,-60,-15
1739724109.7231307,-7,-64,72
1739724109.7691307,19,5,-49
1739724109.8141308,2,21,-55
1739724109.8601308,16,-2,-123
1739724109.9061308,-1,-22,-69
1739724109.9511306,38,-56,7
1739724109.9971306,55,-29,-35
1739724110.0431306,-34,-4,-48
1739724110.0891306,46,-50,-95
1739724110.1341307,24,-56,-45
1739724110.1801307,12,-30,-123
1739724110.2261307,62,14,-103
1739724110.2711308,58,-24,-15
1739724110.3171306,-63,-39,-16
1739724110.3631306,15,4,-143
1739724110.4091306,44,-24,-19
1739724110.4541306,5,47,80
1739724110.500131,42,6,-45
1739724110.546131,-30,17,30
1739724110.5911307,5,-15,-67
1739724110.6371307,-6,-64,-55
1739724110.6831307,67,-65,-41
1739724110.7291307,-46,31,-10
1739724110.7741306,88,0,-69
1739724110.8201306,-26,9,-69
1739724110.8661306,41,-12,-13
1739724110.911131,-64,-1,36
1739724110.957131,42,-36,-123
1739724111.003131,-9,5,24
1739724111.049131,-1,-14,-115
1739724111.0941308,33,-11,-65
1739724111.1401308,-15,22,-52
1739724111.1861308,36,-7,-63
1739724111.2311306,74,-54,3
1739724111.2771306,-14,-5,-26
1739724111.3231306,53,-51,-61
1739724111.3691306,11,18,33
1739724111.4141307,-5,6,-93
1739724111.4601307,25,-28,-153
1739724111.5061307,36,-9,1
1739724111.5511308,-48,-103,-34
1739724111.5971308,130,-13,-155
1739724111.6431308,15,-12,-129
1739724111.6891308,60,-56,-31
1739724111.7341306,-60,-13,-38
1739724111.7801306,84,-39,-41
1739724111.8261306,35,56,-127
1739724111.8711307,40,-4,-9
1739724111.9171307,-4,-24,64
1739724111.9631307,-3,-10,-123
1739724112.0091307,-16,-39,-77
1739724112.0541308,139,15,91
1739724112.1001308,-40,67,-50
1739724112.1461308,-31,-13,-58
1739724112.1911306,99,-4,-143
1739724112.2371306,13,4,-145
1739724112.2831306,-36,46,-123
1739724112.3291306,-21,91,-18
1739724112.3741307,25,69,-21
1739724112.4201307,-37,3,-54
1739724112.4661307,-23,6,-25
1739724112.5111306,-27,-10,42
1739724112.5571306,25,41,-141
1739724112.6031306,-27,5,-41
1739724112.648131,-60,55,-16
1739724112.694131,-22,24,54
1739724112.740131,1,11,-2
1739724112.786131,-96,-19,-12
1739724112.8311307,-45,-27,-139
1739724112.8771307,59,-1,-71
1739724112.9231308,15,-53,-75
1739724112.9681306,-8,45,-95
1739724113.0141306,7,-80,16
1739724113.0601306,56,31,-110
1739724113.1061306,61,6,-130
1739724113.151131,30,-34,-39
1739724113.197131,8,21,-33
1739724113.2431307,26,-10,24
1739724113.2881308,-12,41,-67
1739724113.3341308,39,7,-106
1739724113.3801308,-29,-31,36
1739724113.4261308,55,-6,-162
1739724113.4711306,-34,-91,-16
1739724113.5171306,-6,20,17
1739724113.5631306,-28,9,-107
1739724113.6081307,31,-8,-104
1739724113.6541307,4,-25,-4
1739724113.7001307,-84,26,-27
1739724113.7461307,-35,34,-61
1739724113.7911308,-85,14,-53
1739724113.8371308,-23,14,65
1739724113.8831308,-71,30,13
1739724113.9281306,44,14,-66
1739724113.9741306,-40,-20,27
1739724114.0201306,28,12,-152
1739724114.0661306,14,-20,-114
1739724114.1111307,0,14,-106
1739724114.1571307,77,14,-56
1739724114.2031307,46,-26,48
1739724114.2481308,7,37,-40
1739724114.2941308,-35,70,-65
1739724114.3401306,79,50,2
1739724114.3861306,-5,34,6
1739724114.4311306,-14,-37,21
1739724114.477131,-60,33,-17
1739724114.523131,7,-48,-41
1739724114.5681307,9,-16,64
1739724114.6141307,52,-23,-90
1739724114.6601307,36,47,-192
1739724114.7061307,5,-11,-182
1739724114.7511306,-1,52,-96
1739724114.7971306,18,58,-78
1739724114.8431306,84,-39,22
1739724114.888131,-5,24,20
1739724114.934131,-67,-43,-55
1739724114.980131,-53,44,-77
1739724115.026131,96,-24,68
1739724115.0711308,69,0,-74
1739724115.1171308,-3,20,-30
1739724115.1631308,7,19,-122
1739724115.2081306,50,26,-36
1739724115.2541306,-41,-10,-85
1739724115.3001306,-53,38,49
1739724115.3511307,-60,-48,-185
1739724115.3971307,32,-39,-7
1739724115.4431307,41,-28,-39
1739724115.4881306,-32,-21,-105
1739724115.5341306,-41,27,-75
1739724115.5801306,36,-9,-113
1739724115.6261306,-90,-29,8
1739724115.671131,14,75,17
1739724115.717131,-16,-3,-63
1739724115.763131,-68,48,-1
1739724115.8081307,-62,47,-15
1739724115.8541307,-62,51,-67
1739724115.9001307,7,61,-46
1739724115.9461308,4,-7,-31
1739724115.9911306,1,59,-164
1739724116.0371306,-20,-2,-119
1739724116.0831306,8,45,-95
1739724116.128131,-14,46,-73
1739724116.174131,-29,-11,-137
1739724116.2201307,5,17,-52
1739724116.2661307,39,-11,2
1739724116.3111308,-1,4,5
1739724116.3571308,16,58,-11
1739724116.4031308,-54,-16,109
1739724116.4481306,38,-37,50
1739724116.4941306,12,26,-69
1739724116.5401306,19,21,0
1739724116.5861306,25,-16,-15
1739724116.6311307,68,54,-75
1739724116.6771307,-53,26,-101
1739724116.7231307,-37,-60,60
1739724116.7681308,-34,-71,-56
1739724116.8141308,28,40,3
1739724116.8601308,94,-40,19
1739724116.9061308,-4,-4,-53
1739724116.9511306,-23,37,28
1739724116.9971306,82,-29,-127
1739724117.0431306,-81,26,-38
1739724117.0881307,-41,4,-36
1739724117.1341307,41,15,19
1739724117.1801307,5,-13,-91
1739724117.2261307,11,4,-43
1739724117.2711308,-21,-6,-25
1739724117.3171306,63,107,134
1739724117.3631306,-21,10,-119
1739724117.4081306,2,-9,-85
1739724117.4541306,23,-30,-79
1739724117.500131,26,-8,-157
1739724117.546131,35,-15,-97
1739724117.5911307,-58,63,28
1739724117.6371307,9,-34,27
1739724117.6831307,-71,-62,40
1739724117.7281306,-29,-17,-35
1739724117.7741306,32,50,-43
1739724117.8201306,2,17,16
1739724117.8661306,32,48,-171
1739724117.911131,-15,-39,-41
1739724117.957131,0,5,-109
1739724118.003131,10,47,-35
1739724118.0481308,97,-65,-29
1739724118.0941308,16,-41,-39
1739724118.1401308,-5,55,78
1739724118.1861308,7,25,52
1739724118.2311306,134,11,-49
1739724118.2771306,57,-23,-125
1739724118.3231306,-54,-1,-15
1739724118.3681307,-27,21,24
1739724118.4141307,-54,-32,-80
1739724118.4601307,-48,-5,-69
1739724118.5061307,5,59,-181
1739724118.5511308,72,-42,19
1739724118.5971308,56,7,63
1739724118.6431308,-33,-25,-38
1739724118.6881306,7,-12,-49
1739724118.7341306,-41,-12,-53
1739724118.7801306,-4,16,4
1739724118.8261306,-38,48,28
1739724118.8711307,-57,5,-48
1739724118.9171307,-21,85,-13
1739724118.9631307,-11,51,-6
1739724119.0081308,-13,-45,-49
1739724119.0541308,-61,25,-34
1739724119.1001308,53,13,37
1739724119.1461308,-41,25,-40
1739724119.1911306,-55,71,56
1739724119.2371306,20,-23,15
1739724119.2831306,-19,8,-147
1739724119.3281307,30,42,25
1739724119.3741307,-22,0,-59
1739724119.4201307,47,16,9
1739724119.4661307,-93,-23,6
1739724119.5111306,-2,-16,-139
1739724119.5571306,4,51,-43
1739724119.6031306,67,-51,-5
1739724119.648131,18,-55,-69
1739724119.694131,62,-28,31
1739724119.740131,-61,-41,-56
1739724119.786131,36,-53,0
1739724119.8311307,-20,64,-47
1739724119.8771307,65,-51,3
1739724119.9231308,26,51,-55
1739724119.9681306,50,-31,-29
1739724120.0141306,-31,-10,-49
1739724120.0601306,39,55,-31
1739724120.1061306,-80,-5,-145
1739724120.151131,-51,-37,-103
1739724120.197131,-92,81,-105
1739724120.2431307,-7,4,-5
1739724120.2871306,-5,55,18
1739724120.3331306,16,-4,16
1739724120.3791306,-19,6,68
1739724120.424131,-36,34,-61
1739724120.4701307,41,43,-81
1739724120.5161307,-12,15,-41
1739724120.5621307,39,47,-37
1739724120.6071308,-4,-7,-25
1739724120.6531308,60,20,7
1739724120.6991308,60,-30,17
1739724120.7441306,22,51,58
1739724120.7901306,61,-34,15
1739724120.8361306,18,44,-127
1739724120.8821306,3,60,2
1739724120.9271307,-37,-34,32
1739724120.9731307,63,-26,11
1739724121.0191307,-47,-5,-124
1739724121.0641308,-59,-58,-60
1739724121.1101308,-32,-9,14
1739724121.1561308,-12,-11,18
1739724121.2021308,-19,16,-32
1739724121.2471306,-21,12,-44
1739724121.2931306,-22,77,90
1739724121.3391306,71,-11,21
1739724121.3841307,35,-77,17
1739724121.4301307,62,73,-103
1739724121.4761307,-15,-61,-109
1739724121.5221307,7,7,56
1739724121.5671306,-114,32,-22
1739724121.6131306,51,-17,-113
1739724121.6591306,14,-8,-9
1739724121.7041306,18,29,-45
1739724121.750131,-73,-56,4
1739724121.796131,-85,-26,-56
1739724121.842131,-118,-10,16
1739724121.8871307,-25,-24,-12
1739724121.9331307,-4,10,20
1739724121.9791307,-39,2,-45
1739724122.0241306,38,29,74
1739724122.0701306,-78,46,-107
1739724122.1161306,13,37,-97
1739724122.1621306,10,-59,-63
1739724122.207131,-22,-1,-129
1739724122.253131,-22,79,-32
1739724122.299131,35,27,20
1739724122.3441308,12,-20,17
1739724122.3901308,51,-2,21
1739724122.4361308,54,-7,152
1739724122.4821308,41,17,43
1739724122.5271306,51,50,-23
1739724122.5731306,-49,54,-89
1739724122.6191306,-6,81,-4
1739724122.6641307,62,-22,-55
1739724122.7101307,6,-36,-55
1739724122.7561307,-33,-35,72
1739724122.8011308,96,28,-71
1739724122.8471308,-15,28,-229
1739724122.8931308,25,2,-107
1739724122.9391308,5,-29,-37
1739724122.9841306,16,64,-55
1739724123.0301306,72,-4,-151
1739724123.0761306,2,29,10
1739724123.1211307,-6,2,-61
1739724123.1671307,-26,-13,112
1739724123.2131307,53,-49,-7
1739724123.2591307,53,33,-165
1739724123.3041308,4,5,48
1739724123.3501308,1,0,74
1739724123.3961308,-31,78,4
1739724123.4411306,48,-35,-95
1739724123.4871306,15,58,-68
1739724123.5331306,-24,-4,-187
1739724123.5791306,39,35,-103
1739724123.6241307,111,-68,-65
1739724123.6701307,27,36,-9
1739724123.7161307,-32,32,-67
1739724123.7611306,27,-14,50
1739724123.8071306,90,3,35
1739724123.8531306,27,-16,7
1739724123.8991306,-3,8,-19
1739724123.944131,-49,-29,-48
1739724123.990131,-10,15,-75
1739724124.036131,26,47,5
1739724124.0811307,-49,-13,60
1739724124.1271307,116,-14,-3
1739724124.1731308,-7,-28,-44
1739724124.2191308,-20,-22,-54
1739724124.2641306,52,23,35
1739724124.3101306,18,7,-13
1739724124.3561306,-2,-22,-59
1739724124.401131,-17,-31,16
1739724124.447131,-28,-3,12
1739724124.4931307,16,42,13
1739724124.5391307,24,-24,-87
1739724124.5841308,44,12,25
1739724124.6301308,39,66,63
1739724124.6761308,-74,14,20
1739724124.7211306,-69,8,-91
1739724124.7671306,-52,-17,-43
1739724124.8131306,1,6,-37
1739724124.8591306,-16,-38,-2
1739724124.9041307,38,-3,-63
1739724124.9501307,20,44,-15
1739724124.9961307,49,53,-31
1739724125.0411308,-9,39,62
1739724125.0871308,-23,5,-111
1739724125.1331308,17,-27,58
1739724125.1791308,-58,-20,-72
1739724125.2241306,-20,-23,-28
1739724125.2701306,36,41,-121
1739724125.3161306,92,-76,-47
1739724125.3671308,-18,-34,-7
1739724125.4131308,10,-35,18
1739724125.4591308,5,18,-5
1739724125.5041306,27,21,-53
1739724125.5501306,35,36,27
1739724125.5961306,-67,-22,-149
1739724125.6431308,-80,-18,-101
1739724125.6881306,-1,-52,-74
1739724125.7341306,55,105,-57
1739724125.7801306,-110,-29,-36
1739724125.8251307,-50,-84,-62
1739724125.8711307,-13,-10,46
1739724125.9171307,19,-46,-6
1739724125.9631307,2,34,-25
1739724126.0081308,-6,-65,-138
1739724126.0541308,-72,52,-7
1739724126.1001308,-2,-17,-28
1739724126.1451306,94,19,-62
1739724126.1911306,-18,11,-65
1739724126.2371306,-13,-14,-43
1739724126.2831306,-17,-13,-103
1739724126.3281307,39,4,-62
1739724126.3741307,-53,-58,-111
1739724126.4201307,43,-11,-17
1739724126.4651306,75,-33,-83
1739724126.5111306,-51,-29,32
1739724126.5571306,10,84,-53
1739724126.6031306,5,36,-9
1739724126.648131,24,-8,-80
1739724126.694131,3,-26,-111
1739724126.740131,29,45,-10
1739724126.7851307,10,-61,-87
1739724126.8311307,-31,-18,-55
1739724126.8771307,33,-40,-153
1739724126.9231308,1,35,-189
1739724126.9681306,111,-27,6
1739724127.0141306,33,45,64
1739724127.0601306,10,23,-67
1739724127.105131,-54,-96,-51
1739724127.151131,4,0,-83
1739724127.197131,27,-11,-60
1739724127.2431307,-14,-38,-54
1739724127.2881308,27,50,-75
1739724127.3341308,58,58,-37
1739724127.3801308,-41,-7,-53
1739724127.4251306,18,15,-41
1739724127.4711306,-21,36,-77
1739724127.5171306,-14,15,46
1739724127.5631306,1,-22,-23
1739724127.6081307,79,38,-73
1739724127.6541307,-22,32,-25
1739724127.7001307,-30,0,18
1739724127.7451308,-40,-5,-61
1739724127.7911308,-43,-6,52
1739724127.8371308,-6,-55,-15
1739724127.8831308,-16,-18,79
1739724127.9281306,-111,-38,-21
1739724127.9741306,74,-17,136
1739724128.0201306,-27,-30,23
1739724128.0651307,-35,-78,-4
1739724128.1111307,2,-34,19
1739724128.1571307,-25,-11,25
1739724128.2031307,25,75,-74
1739724128.2481308,31,14,-6
1739724128.2941308,-43,55,-64
1739724128.3401306,45,-28,-212
1739724128.3851306,88,53,-94
1739724128.4311306,-20,10,-98
1739724128.477131,-47,-45,-75
1739724128.523131,-27,87,-44
1739724128.5681307,-35,-6,-73
1739724128.6141307,-4,-34,-83
1739724128.6601307,-7,0,-84
1739724128.7051306,-42,-1,-57
1739724128.7511306,37,49,0
1739724128.7971306,-93,25,-13
1739724128.8431306,-98,-61,67
1739724128.888131,-25,-26,-3
1739724128.934131,-50,16,-137
1739724128.980131,-80,51,-67
1739724129.0251307,-2,-77,-61
1739724129.0711308,46,76,-62
1739724129.1171308,-1,-69,-33
1739724129.1631308,-11,21,47
1739724129.2081306,-65,-25,33
1739724129.2541306,30,-8,-38
1739724129.3001306,22,-7,-188
1739724129.3451307,-53,10,-73
1739724129.3911307,-6,-80,29
1739724129.4371307,72,-9,54
1739724129.4831307,20,-35,44
1739724129.5281308,15,-47,-66
1739724129.5741308,19,0,-32
1739724129.6201308,-15,52,-100
1739724129.6651306,23,-80,-40
1739724129.7111306,88,27,6
1739724129.7571306,7,-26,-32
1739724129.8031306,40,11,-256
1739724129.8481307,-138,18,37
1739724129.8941307,-14,-3,-78
1739724129.9401307,-11,41,-43
1739724129.9851308,51,21,-26
1739724130.0311308,-55,-48,31
1739724130.0771308,31,-24,-22
1739724130.1231308,14,68,-13
1739724130.1681306,24,-30,-26
1739724130.2141306,26,33,41
1739724130.2601306,72,-13,-90
1739724130.3051307,24,3,-10
1739724130.3511307,-35,-35,-112
1739724130.3971307,-6,-68,-84
1739724130.4431307,11,59,113
1739724130.4881306,-66,42,3
1739724130.5341306,-50,-11,-85
1739724130.5801306,6,35,-15
1739724130.625131,-17,-33,47
1739724130.671131,8,-16,44
1739724130.717131,39,9,-80
1739724130.763131,14,-47,158
1739724130.8081307,-43,63,-69
1739724130.8541307,-18,22,15
1739724130.9001307,-27,0,-28
1739724130.9451306,50,36,49
1739724130.9911306,-44,-16,-132
1739724131.0371306,13,-52,-32
1739724131.0831306,-101,-35,-46
1739724131.128131,5,39,-144
1739724131.174131,4,43,-23
1739724131.2201307,53,-59,0
1739724131.2651308,8,15,-124
1739724131.3111308,-28,-55,61
1739724131.3571308,-5,34,-90
1739724131.4031308,-27,3,-28
1739724131.4481306,-11,-31,-56
1739724131.4941306,26,-3,-88
1739724131.5401306,-72,47,-15
1739724131.5851307,-28,27,29
1739724131.6311307,4,-1,-78
1739724131.6771307,-49,24,3
1739724131.7231307,-3,52,-36
1739724131.7681308,76,71,-84
1739724131.8141308,56,37,-86
1739724131.8601308,-25,-48,-116
1739724131.9051306,44,24,-70
1739724131.9511306,-8,45,-84
1739724131.9971306,26,31,-160
1739724132.0431306,-35,-10,-59
1739724132.0881307,20,7,-88
1739724132.1341307,12,45,-54
1739724132.1801307,86,-24,49
1739724132.2251308,41,66,-130
1739724132.2711308,-32,85,-54
1739724132.3171306,-28,-16,19
1739724132.3631306,-53,-92,-71
1739724132.4081306,43,1,-236
1739724132.4541306,41,-33,-7
1739724132.500131,-38,-49,-161
1739724132.5451307,1,25,-96
1739724132.5911307,1,6,87
1739724132.6371307,44,5,-140
1739724132.6821306,-60,-31,-21
1739724132.7281306,10,-39,-55
1739724132.7741306,-4,27,-20
1739724132.8201306,-43,23,-13
1739724132.865131,12,10,-110
1739724132.911131,-26,-50,-35
1739724132.957131,20,11,-46
1739724133.0021307,-16,10,-126
1739724133.0481308,31,22,20
1739724133.0941308,20,-2,-46
1739724133.1401308,-16,-67,-59
1739724133.1851306,-72,-62,-107
1739724133.2311306,-53,-63,-99
1739724133.2771306,-60,69,-33
1739724133.322131,35,-27,6
1739724133.3681307,17,34,10
1739724133.4141307,-38,-15,-96
1739724133.4601307,16,-37,-35
1739724133.5051308,4,11,-40
1739724133.5511308,-5,-44,61
1739724133.5971308,-34,12,-53
1739724133.6421306,51,-79,-64
1739724133.6881306,52,76,60
1739724133.7341306,18,9,-28
1739724133.7801306,5,39,-6
1739724133.8251307,33,-11,8
1739724133.8711307,-14,11,-83
1739724133.9171307,-121,-2,41
1739724133.9621308,-80,84,-17
1739724134.0081308,-13,35,-35
1739724134.0541308,-32,0,21
1739724134.1001308,-16,48,-87
1739724134.1451306,0,-125,-146
1739724134.1911306,-90,-66,-61
1739724134.2371306,-32,15,-115
1739724134.2821307,-52,-49,-91
1739724134.3281307,2,-57,-80
1739724134.3741307,35,34,18
1739724134.4201307,-17,40,143
1739724134.4651306,5,77,-266
1739724134.5111306,-16,-5,-17
1739724134.5571306,-2,66,-120
1739724134.602131,31,22,32
1739724134.648131,13,22,142
1739724134.694131,-4,32,-104
1739724134.740131,25,-16,72
1739724134.7851307,42,31,-100
1739724134.8311307,28,28,62
1739724134.8771307,33,-29,-6
1739724134.9221306,-72,53,-69
1739724134.9681306,-33,22,-81
1739724135.0141306,-48,72,41
1739724135.0601306,-28,-74,6
1739724135.105131,6,-58,12
1739724135.151131,45,-36,-128
1739724135.197131,-28,21,-135
1739724135.2421308,-17,44,55
1739724135.2881308,-87,0,-101
1739724135.3341308,43,-54,-96
1739724135.3851306,50,50,-90
1739724135.4311306,68,3,-76
1739724135.477131,0,7,-28
1739724135.5221307,-20,-62,-22
1739724135.5681307,92,47,-126
1739724135.6141307,8,-32,30
1739724135.6601307,8,53,-47
1739724135.7051306,77,6,20
1739724135.7511306,-28,3,-19
1739724135.7971306,8,21,-21
1739724135.842131,7,-20,-16
1739724135.888131,107,5,-36
1739724135.934131,-5,79,-121
1739724135.980131,-78,27,-43
1739724136.0251307,3,-5,-6
1739724136.0711308,-23,-16,-41
1739724136.1171308,14,-61,-78
1739724136.1621306,-19,12,87
1739724136.2081306,-59,-30,-1
1739724136.2541306,-67,52,-91
1739724136.2981308,36,-37,34
1739724136.3441308,-58,67,-47
1739724136.3901308,6,67,13
1739724136.4361308,92,89,-94
1739724136.4811306,36,29,-24
1739724136.5271306,-6,-10,-2
1739724136.5731306,93,6,-9
1739724136.6181307,64,4,5
1739724136.6641307,102,-49,10
1739724136.7101307,117,-81,-156
1739724136.7561307,16,-37,64
1739724136.8011308,-14,62,-102
1739724136.8471308,-30,21,-23
1739724136.8931308,18,-27,36
1739724136.9381306,-15,3,-106
1739724136.9841306,35,9,35
1739724137.0301306,0,-83,-100
1739724137.0761306,60,-33,-80
1739724137.1211307,-3,32,-51
1739724137.1671307,-44,9,19
1739724137.2131307,23,25,-95
1739724137.2581308,44,38,-59
1739724137.3041308,16,38,-113
1739724137.3501308,13,-17,-6
1739724137.3961308,-85,-64,-32
1739724137.4411306,50,21,-111
1739724137.4871306,-19,-33,-72
1739724137.5331306,47,-3,-20
1739724137.5781307,17,46,-56
1739724137.6241307,55,-35,76
1739724137.6701307,-98,-47,-143
1739724137.7161307,-13,3,0
1739724137.7611306,-41,-22,-27
1739724137.8071306,-75,-16,11
1739724137.8531306,-113,68,-33
1739724137.898131,46,-18,20
1739724137.944131,29,42,-17
1739724137.990131,-22,55,-41
1739724138.036131,12,32,-4
1739724138.0811307,-92,25,-63
1739724138.1271307,25,-24,6
1739724138.1731308,-21,26,-124
1739724138.2181306,-8,7,-158
1739724138.2641306,12,6,-12
1739724138.3101306,-24,-32,-49
1739724138.3561306,41,33,-62
1739724138.401131,-18,-27,-14
1739724138.447131,-1,-14,-30
1739724138.4931307,0,66,9
1739724138.5381308,3,-27,43
1739724138.5841308,-6,83,-128
1739724138.6301308,-57,6,-123
1739724138.6761308,-17,54,-43
1739724138.7211306,1,9,-16
1739724138.7671306,24,-2,34
1739724138.8131306,31,-4,-120
1739724138.8581307,11,24,2
1739724138.9041307,24,35,-10
1739724138.9501307,13,8,-6
1739724138.9961307,-41,-64,-111
1739724139.0411308,55,-4,52
1739724139.0871308,-2,4,-92
1739724139.1331308,17,28,16
1739724139.1781306,29,-54,-10
1739724139.2241306,20,33,-72
1739724139.2701306,-35,-16,-117
1739724139.3161306,18,58,68
1739724139.3611307,48,-8,-60
1739724139.4071307,58,25,-46
1739724139.4531307,-20,-38,-35
1739724139.4981308,-81,-27,-71
1739724139.5441308,-27,87,95
1739724139.5901306,-18,-2,-165
1739724139.6361306,-10,93,-139
1739724139.6811306,-6,-38,-82
1739724139.727131,-43,-64,27
1739724139.773131,17,26,-20
1739724139.8181307,14,-77,-90
1739724139.8641307,-28,-13,-23
1739724139.9101307,43,6,-94
1739724139.9561307,-47,-83,-76
1739724140.0011306,-15,-7,-47
1739724140.0471306,64,36,-14
1739724140.0931306,27,24,54
1739724140.138131,-27,17,17
1739724140.184131,19,9,48
1739724140.230131,35,13,-62
1739724140.276131,-48,5,-67
1739724140.3211308,-55,18,-109
1739724140.3671308,67,12,-144
1739724140.4131308,-20,18,45
1739724140.4581306,-10,-9,59
1739724140.5041306,-30,-11,35
1739724140.5501306,80,20,-28
1739724140.5961306,66,-41,-16
1739724140.6411307,8,45,-162
1739724140.6871307,48,-65,28
1739724140.7331307,-8,-64,-176
1739724140.7781308,-78,71,-40
1739724140.8241308,-22,44,-64
1739724140.8701308,-16,111,-8
1739724140.9161308,25,120,-102
1739724140.9611306,44,96,-26
1739724141.0071306,-15,-12,15
1739724141.0531306,-24,46,72
1739724141.0981307,-4,25,4
1739724141.1441307,-96,16,-120
1739724141.1901307,-35,4,-92
1739724141.2361307,-9,52,-178
1739724141.2811308,28,-7,-45
1739724141.3271308,-18,-36,-41
1739724141.3731308,125,-5,95
1739724141.4181306,-87,55,50
1739724141.4641306,-86,98,-48
1739724141.5101306,-11,-12,-50
1739724141.5561306,14,-7,-13
1739724141.6011307,54,-44,23
1739724141.6471307,-88,-17,32
1739724141.6931307,-36,-19,-42
1739724141.7381306,-9,42,-42
1739724141.7841306,28,31,-86
1739724141.8301306,-67,-8,-54
1739724141.8761306,69,18,17
1739724141.921131,-70,-53,31
1739724141.967131,81,56,-82
1739724142.013131,-67,12,25
1739724142.0581307,11,-45,-77
1739724142.1041307,38,-18,-124
1739724142.1501307,-37,29,-136
1739724142.1961308,-50,6,-112
1739724142.2411306,-60,-24,-118
1739724142.2871306,-1,48,-153
1739724142.3331306,13,24,-15
1739724142.378131,30,18,-51
1739724142.424131,17,-8,-18
1739724142.4701307,-18,-54,-104
1739724142.5161307,-29,25,61
1739724142.5611308,-20,10,-85
1739724142.6071308,35,88,-134
1739724142.6531308,31,52,12
1739724142.6981306,-29,23,-91
1739724142.7441306,-4,-2,1
1739724142.7901306,-33,26,-5
1739724142.8351307,-38,14,-69
1739724142.8811307,7,4,-14
1739724142.9271307,-50,-31,-57
1739724142.9731307,-1,-14,17
1739724143.0181308,-62,-13,-41
1739724143.0641308,-84,36,24
1739724143.1101308,-59,-6,-187
1739724143.1551306,16,-39,-49
1739724143.2011306,-2,14,-40
1739724143.2471306,18,58,-132
1739724143.2931306,-15,-11,-1
1739724143.3381307,35,21,-4
1739724143.3841307,16,-8,149
1739724143.4301307,-2,32,-18
1739724143.4751308,-13,-9,-91
1739724143.5211308,-41,41,-14
1739724143.5671306,-55,-62,29
1739724143.6131306,-81,-55,21
1739724143.6581306,2,-35,-253
1739724143.7041306,34,-9,-220
1739724143.750131,0,-7,29
1739724143.7951307,-45,-74,-31
1739724143.8411307,-14,-71,-11
1739724143.8871307,-93,-26,3
1739724143.9331307,36,-57,-13
1739724143.9781306,-67,8,-151
1739724144.0241306,-21,-62,-141
1739724144.0701306,40,29,-44
1739724144.115131,57,-66,-98
1739724144.161131,-17,36,-170
1739724144.207131,7,-13,49
1739724144.253131,48,-39,-76
1739724144.2981308,-31,-7,-33
1739724144.3441308,6,-19,-11
1739724144.3901308,-13,1,-103
1739724144.4351306,-10,31,-140
1739724144.4811306,26,27,56
1739724144.5271306,40,61,-32
1739724144.5731306,30,44,-62
1739724144.6181307,5,-33,-93
1739724144.6641307,77,12,-34
1739724144.7101307,-43,4,-3
1739724144.7551308,-15,-9,5
1739724144.8011308,-10,-34,-5
1739724144.8471308,-14,-21,-43
1739724144.8931308,-26,0,-11
1739724144.9381306,16,64,-4
1739724144.9841306,-51,92,-20
1739724145.0301306,-53,-28,11
1739724145.0751307,50,42,-24
1739724145.1211307,-20,0,-13
1739724145.1671307,75,-32,-118
1739724145.2131307,-112,6,-37
1739724145.2581308,86,-29,-76
1739724145.3041308,-34,12,63
1739724145.3501308,4,27,31
1739724145.401131,-27,89,-143
1739724145.447131,82,22,-162
1739724145.4931307,23,-32,21
1739724145.5381308,-74,18,-49
1739724145.5841308,25,21,-130
1739724145.6301308,18,29,44
1739724145.6751306,24,-7,36
1739724145.7211306,-1,36,55
1739724145.7671306,2,11,-46
1739724145.8131306,-33,3,-57
1739724145.8581307,27,-44,-64
1739724145.9041307,2,-39,-50
1739724145.9501307,-62,-13,79
1739724145.9951308,7,3,-100
1739724146.0411308,-3,-67,-41
1739724146.0871308,41,-18,-23
1739724146.1331308,34,58,-137
1739724146.1781306,-35,-10,80
1739724146.2241306,5,-11,-23
1739724146.2701306,45,-30,-99
1739724146.3151307,51,18,-71
1739724146.3611307,54,9,-35
1739724146.4071307,27,-68,-85
1739724146.4531307,-30,13,-83
1739724146.4981308,5,-25,-137
1739724146.5441308,64,-77,-165
1739724146.5901306,24,-36,50
1739724146.6351306,56,41,53
1739724146.6811306,-67,-5,-82
1739724146.727131,54,25,-45
1739724146.773131,-24,13,0
1739724146.8181307,-41,-44,70
1739724146.8641307,-3,-14,-63
1739724146.9101307,-35,-41,-153
1739724146.9551306,-74,-36,-98
1739724147.0011306,-2,30,-43
1739724147.0471306,-44,-1,-68
1739724147.0931306,-24,-22,-30
1739724147.138131,-6,-6,-27
1739724147.184131,57,51,-109
1739724147.230131,-18,46,-51
1739724147.2751307,-77,25,10
1739724147.3211308,13,-61,116
1739724147.3671308,-23,26,-71
1739724147.4131308,-56,-68,-32
1739724147.4581306,13,-16,-207
1739724147.5041306,-47,37,-146
1739724147.5501306,-96,69,32
1739724147.5951307,-43,-46,-22
1739724147.6411307,41,1,-125
1739724147.6871307,21,57,60
1739724147.7331307,98,30,-33
1739724147.7781308,8,37,-27
1739724147.8241308,-17,0,104
1739724147.8701308,6,75,-14
1739724147.9151306,12,-44,-49
1739724147.9611306,14,-14,89
1739724148.0071306,31,14,-75
1739724148.0531306,-15,-53,-29
1739724148.0981307,-15,-3,-8
1739724148.1441307,79,26,-111
1739724148.1901307,28,18,-55
1739724148.2351308,-19,14,168
1739724148.2811308,-8,-66,-97
1739724148.3271308,-23,29,-56
1739724148.3731308,-42,5,-118
1739724148.4181306,-37,-20,-67
1739724148.4641306,37,-71,-1
1739724148.5101306,-13,-85,-109
1739724148.5551307,-117,-13,-34
1739724148.6011307,46,34,-91
1739724148.6471307,32,-67,-3
1739724148.6931307,12,16,-39
1739724148.7381306,-72,8,-26
1739724148.7841306,-22,24,88
1739724148.8301306,-42,87,56
1739724148.875131,-44,37,-88
1739724148.921131,12,-66,-165
1739724148.967131,-4,-54,-97
1739724149.013131,-20,-46,-1
1739724149.0581307,-16,52,106
1739724149.1041307,-32,20,12
1739724149.1501307,32,22,42
1739724149.1951306,11,-4,37
1739724149.2411306,105,-25,-163
1739724149.2871306,0,-29,-95
1739724149.3331306,84,0,47
1739724149.378131,-43,-19,0
1739724149.424131,8,69,-84
1739724149.4701307,35,-2,-85
1739724149.5151308,-27,15,34
1739724149.5611308,44,-52,-17
1739724149.6071308,-22,38,-8
1739724149.6531308,34,-65,-11
1739724149.6981306,51,16,-237
1739724149.7441306,8,-52,-159
1739724149.7901306,-58,17,8
1739724149.8351307,-6,43,74
1739724149.8811307,80,8,-163
1739724149.9271307,-38,34,-56
1739724149.9731307,59,-48,-81
1739724150.0181308,-82,31,-62
1739724150.0641308,34,76,-43
1739724150.1101308,-61,43,38
1739724150.1551306,38,31,-39
1739724150.2011306,-12,-5,-149
1739724150.2471306,10,14,-69
1739724150.2931306,-37,-28,-54
1739724150.3381307,58,-26,-13
1739724150.3841307,-59,75,21
1739724150.4301307,-15,25,32
1739724150.4751308,69,-15,-5
1739724150.5211308,27,-18,18
1739724150.5671306,-31,-45,-88
1739724150.6131306,-28,15,-36
1739724150.6581306,18,-3,-61
1739724150.7041306,57,21,-81
1739724150.750131,-2,-45,-100
1739724150.7951307,-33,3,-89
1739724150.8411307,32,-21,-79
1739724150.8871307,-37,3,44
1739724150.9331307,5,-25,24
1739724150.9781306,4,88,-195
1739724151.0241306,-30,27,-61
1739724151.0701306,47,-32,-95
1739724151.115131,-18,0,-83
1739724151.161131,20,-2,9
1739724151.207131,-40,32,96
1739724151.253131,-14,-5,-18
1739724151.2981308,93,-32,-75
1739724151.3441308,-17,60,-65
1739724151.3901308,53,37,107
1739724151.4351306,3,98,-89
1739724151.4811306,26,8,-57
1739724151.5271306,7,-15,-33
1739724151.5731306,-2,-6,-75
1739724151.6181307,0,34,15
1739724151.6641307,-64,19,40
1739724151.7101307,8,33,-95
1739724151.7551308,33,-31,-40
1739724151.8011308,2,68,-68
1739724151.8471308,125,15,-42
1739724151.8931308,8,-24,61
1739724151.9381306,-52,16,81
1739724151.9841306,54,-4,-58
1739724152.0301306,-41,6,-114
1739724152.0751307,28,109,16
1739724152.1211307,-85,12,-15
1739724152.1671307,-45,-82,3
1739724152.2131307,72,-62,-153
1739724152.2581308,31,-46,-25
1739724152.3041308,30,9,-22
1739724152.3501308,-28,-15,-23
1739724152.3951306,-3,-15,-136
1739724152.4411306,-14,-2,1
1739724152.4871306,-59,-7,-134
1739724152.5331306,42,-37,1
1739724152.5781307,-41,74,-166
1739724152.6241307,19,103,44
1739724152.6701307,89,-3,-112
1739724152.7151306,50,29,-74
1739724152.7611306,6,74,-62
1739724152.8071306,-43,38,-44
1739724152.852131,0,9,-70
1739724152.898131,10,44,6
1739724152.944131,31,-29,-75
1739724152.990131,-59,-73,-90
1739724153.0351307,-69,63,-110
1739724153.0811307,-74,31,-20
1739724153.1271307,-53,-11,-126
1739724153.1721306,-42,36,-74
1739724153.2181306,32,-76,3
1739724153.2641306,14,81,-26
1739724153.3101306,25,36,-64
1739724153.355131,-34,13,-128
1739724153.401131,-20,-126,-17
1739724153.447131,25,5,-17
1739724153.4921308,12,59,-124
1739724153.5381308,29,-65,-3
1739724153.5841308,-61,5,-56
1739724153.6301308,34,-8,-166
1739724153.6751306,20,44,-12
1739724153.7211306,12,-25,-90
1739724153.7671306,23,0,-38
1739724153.8121307,6,-8,-17
1739724153.8581307,13,-11,73
1739724153.9041307,-43,-10,-45
1739724153.9501307,-39,144,-48
1739724153.9951308,-11,-32,-41
1739724154.0411308,18,31,-68
1739724154.0871308,18,28,30
1739724154.1321306,-26,33,8
1739724154.1781306,-82,72,-110
1739724154.2241306,-43,71,-68
1739724154.2701306,-59,-6,5
1739724154.3151307,4,41,-112
1739724154.3611307,-26,0,-72
1739724154.4071307,115,12,50
1739724154.4521308,-3,0,-64
1739724154.4981308,3,-27,-114
1739724154.5441308,-27,77,-6
1739724154.5901306,42,47,-104
1739724154.6351306,-19,-14,1
1739724154.6811306,-37,4,-97
1739724154.727131,-39,-26,-57
1739724154.7721307,-6,12,75
1739724154.8181307,4,-15,-62
1739724154.8641307,3,13,93
1739724154.9101307,-25,51,39
1739724154.9551306,137,-12,-4
1739724155.0011306,101,40,-90
1739724155.0471306,-4,-72,-88
1739724155.092131,-13,13,-94
1739724155.138131,30,2,-24
1739724155.184131,-5,-20,-76
1739724155.230131,-14,-79,4
1739724155.2751307,43,6,-32
1739724155.3211308,-43,-120,-32
1739724155.3721306,19,-35,36
1739724155.4181306,43,-6,116
1739724155.4641306,47,-3,46
1739724155.5101306,92,-2,-6
1739724155.5551307,72,13,-36
1739724155.6011307,-7,33,-9
1739724155.6471307,52,36,103
1739724155.6921306,-44,21,31
1739724155.7381306,20,33,1
1739724155.7841306,20,3,0
1739724155.8301306,-40,-64,-44
1739724155.875131,-29,-3,-65
1739724155.921131,-29,-19,-146
1739724155.967131,4,67,-105
1739724156.0121307,21,-3,-68
1739724156.0581307,-4,-30,-74
1739724156.1041307,22,37,-7
1739724156.1501307,67,40,76
1739724156.1951306,-27,47,45
1739724156.2411306,-113,-13,-29
1739724156.2871306,17,-23,-30
1739724156.332131,-17,44,-51
1739724156.378131,92,-36,-112
1739724156.424131,0,0,33
1739724156.4701307,1,-25,22
1739724156.5151308,30,-30,-2
1739724156.5611308,13,-18,-70
1739724156.6071308,-3,-2,21
1739724156.6521306,72,53,54
1739724156.6981306,47,-58,-40
1739724156.7441306,-31,56,-19
1739724156.7901306,-36,-36,-37
1739724156.8351307,-25,9,-49
1739724156.8811307,-78,-36,-97
1739724156.9271307,-37,10,15
1739724156.9721308,14,12,-80
1739724157.0181308,62,-60,4
1739724157.0641308,38,43,-106
1739724157.1101308,103,-53,-82
1739724157.1551306,88,27,-62
1739724157.2011306,-42,45,-67
1739724157.2471306,77,-1,-20
1739724157.2921307,40,-78,-70
1739724157.3381307,-8,67,-9
1739724157.3841307,-11,5,-126
1739724157.4301307,55,-35,8
1739724157.4751308,66,24,-48
1739724157.5211308,43,0,120
1739724157.5671306,-5,-14,-49
1739724157.6121306,-45,-29,25
1739724157.6581306,9,35,-50
1739724157.7041306,5,-15,-26
1739724157.750131,-11,19,18
1739724157.7951307,88,11,-6
1739724157.8411307,-75,39,-11
1739724157.8871307,9,53,30
1739724157.9321306,29,0,-82
1739724157.9781306,3,-9,-188
1739724158.0241306,77,49,90
1739724158.0701306,-114,-47,-89
1739724158.115131,11,20,34
1739724158.161131,21,23,-64
1739724158.207131,1,-65,-93
1739724158.2521307,-18,30,-49
1739724158.2981308,-48,-87,-141
1739724158.3441308,87,64,6
1739724158.3901308,4,33,-24
1739724158.4351306,-41,57,-33
1739724158.4811306,-37,-10,-43
1739724158.5271306,-97,-9,-13
1739724158.572131,-55,-10,-17
1739724158.6181307,1,26,-36
1739724158.6641307,-9,-48,65
1739724158.7101307,15,-14,-6
1739724158.7551308,-38,32,-7
1739724158.8011308,82,24,52
1739724158.8471308,-61,-46,-7
1739724158.8921306,-41,25,69
1739724158.9381306,89,-86,-66
1739724158.9841306,5,-15,-13
1739724159.0301306,25,3,-22
1739724159.0751307,-27,53,-168
1739724159.1211307,-37,-46,-25
1739724159.1671307,-7,-64,-49
1739724159.2121308,11,-10,-30
1739724159.2581308,29,34,-26
1739724159.3041308,-22,-85,-77
1739724159.3501308,44,30,40
1739724159.3951306,-25,-66,37
1739724159.4411306,-43,7,71
1739724159.4871306,3,-45,105
1739724159.5321307,-71,-44,-89
1739724159.5781307,25,17,-50
1739724159.6241307,-87,24,-9
1739724159.6701307,42,-56,-31
1739724159.7151306,-5,8,52
1739724159.7611306,28,28,-42
1739724159.8071306,8,-18,2
1739724159.852131,-27,27,-39
1739724159.898131,43,69,-88
1739724159.944131,93,-22,-128
1739724159.990131,-24,-6,-127
1739724160.0351307,28,-8,42
1739724160.0811307,20,-2,96
1739724160.1271307,-18,28,-32
1739724160.1721306,-10,17,87
1739724160.2181306,90,23,-108
1739724160.2641306,7,-26,-22
1739724160.3101306,34,10,-96
1739724160.355131,11,34,-80
1739724160.401131,39,33,-50
1739724160.447131,0,42,43
1739724160.4921308,87,7,36
1739724160.5381308,-11,17,14
1739724160.5841308,-12,19,-91
1739724160.6301308,41,-5,37
1739724160.6751306,81,56,-63
1739724160.7211306,20,-49,-37
1739724160.7671306,-38,-46,-81
1739724160.8121307,-32,-47,-18
1739724160.8581307,-12,37,-85
1739724160.9041307,15,-91,29
1739724160.9501307,59,-4,-91
1739724160.9951308,-66,19,-2
1739724161.0411308,10,-6,-5
1739724161.0871308,-5,63,-82
1739724161.1321306,-46,4,-120
1739724161.1781306,-45,108,-32
1739724161.2241306,-31,3,14
1739724161.2701306,-40,34,-68
1739724161.3151307,6,89,74
1739724161.3611307,10,12,13
1739724161.4071307,26,37,22
1739724161.4521308,27,-3,-19
1739724161.4981308,40,41,-39
1739724161.5441308,13,20,-237
1739724161.5901306,-40,-2,-6
1739724161.6351306,25,73,-81
1739724161.6811306,-12,15,-61
1739724161.727131,16,50,0
1739724161.7721307,-45,5,-44
1739724161.8181307,-51,-63,-16
1739724161.8631306,57,-35,-95
1739724161.9081306,-7,-30,-71
1739724161.9541306,47,20,-93
1739724162.000131,11,0,0
1739724162.046131,-62,-1,8
1739724162.0911307,-30,-19,10
1739724162.1371307,-27,9,-33
1739724162.1831307,8,17,22
1739724162.2281306,-43,-13,6
1739724162.2741306,-65,-61,-28
1739724162.3201306,11,-32,28
1739724162.3661306,-23,-29,18
1739724162.411131,57,-10,70
1739724162.457131,4,16,-61
1739724162.503131,58,-23,-113
1739724162.5481308,-34,-16,-107
1739724162.5941308,32,-9,-139
1739724162.6401308,69,-35,-141
1739724162.6861308,-124,-48,18
1739724162.7311306,-12,-72,-37
1739724162.7771306,2,41,-31
1739724162.8231306,28,43,-119
1739724162.8681307,16,-19,-103
1739724162.9141307,14,-24,24
1739724162.9601307,13,18,-91
1739724163.0051308,-36,28,-117
1739724163.0511308,-85,9,-123
1739724163.0971308,11,22,-73
1739724163.1431308,-5,6,14
1739724163.1881306,-2,119,59
1739724163.2341306,-100,2,-54
1739724163.2801306,-122,56,14
1739724163.3251307,56,-56,-215
1739724163.3711307,-18,0,28
1739724163.4171307,45,18,-149
1739724163.4631307,5,7,38
1739724163.5081308,-1,-41,-71
1739724163.5541308,14,8,-95
1739724163.6001308,64,-28,-129
1739724163.6451306,26,7,25
1739724163.6911306,28,-6,-71
1739724163.7371306,6,47,-89
1739724163.7831306,-32,52,-63
1739724163.8281307,28,81,-181
1739724163.8741307,-18,-57,-70
1739724163.9201307,28,28,47
1739724163.9651306,-77,75,-12
1739724164.0111306,-30,-71,-156
1739724164.0571306,6,47,1
1739724164.1031306,16,42,9
1739724164.148131,37,33,-31
1739724164.194131,42,-54,-135
1739724164.240131,41,-48,5
1739724164.2851307,9,-10,184
1739724164.3311307,18,-75,-57
1739724164.3771307,-19,94,15
1739724164.4231308,-103,24,-8
1739724164.4681306,-7,-30,-75
1739724164.5141306,-21,2,-223
1739724164.5601306,49,-34,-77
1739724164.605131,5,47,-85
1739724164.651131,-24,-4,10
1739724164.697131,41,3,25
1739724164.7431307,-3,2,-47
1739724164.7881308,-5,-10,-103
1739724164.8341308,-19,-43,24
1739724164.8801308,53,-2,-5
1739724164.9251306,-80,15,52
1739724164.9711306,-25,21,2
1739724165.0171306,-43,-44,58
1739724165.0631306,25,-10,-35
1739724165.1081307,6,0,-121
1739724165.1541307,18,3,-35
1739724165.2001307,-26,23,-34
1739724165.2451308,16,20,-83
1739724165.2911308,31,26,82
1739724165.3371308,-13,-11,0
1739724165.388131,-24,16,-8
1739724165.434131,24,-56,33
1739724165.480131,-52,34,0
1739724165.5251307,-4,30,-23
1739724165.5711308,48,-65,-45
1739724165.6171308,13,-24,-83
1739724165.661131,7,43,-18
1739724165.707131,-37,34,-86
1739724165.753131,-23,-16,8
1739724165.799131,-34,-7,-52
1739724165.8441308,-98,-39,-24
1739724165.8901308,37,-23,57
1739724165.9361308,-35,-12,58
1739724165.9811306,-60,0,16
1739724166.0271306,-37,-36,80
1739724166.0731306,-7,0,-165
1739724166.1191306,30,-12,-69
1739724166.1641307,-109,-52,-72
1739724166.2101307,33,-39,-127
1739724166.2561307,10,6,-103
1739724166.3011308,-38,8,-72
1739724166.3471308,40,-29,-73
1739724166.3931308,-133,-47,-166
1739724166.4391308,-23,-22,48
1739724166.4841306,64,14,-85
1739724166.5301306,-96,-23,-94
1739724166.5761306,15,-2,59
1739724166.6211307,-14,19,-14
1739724166.6671307,72,21,-89
1739724166.7131307,-40,53,-156
1739724166.7591307,19,74,-173
1739724166.8041308,31,52,-45
1739724166.8501308,-36,117,-78
1739724166.8961308,-4,-50,16
1739724166.9411306,51,-13,-63
1739724166.9871306,-63,-100,-42
1739724167.0331306,-21,-36,-65
1739724167.0791306,-2,-43,-93
1739724167.1241307,-15,17,20
1739724167.1701307,-29,9,-130
1739724167.2161307,18,60,-51
1739724167.2611306,0,-49,-147
1739724167.3071306,15,-27,-29
1739724167.3531306,15,-45,-43
1739724167.3991306,25,-46,-29
1739724167.444131,26,-3,-1
1739724167.490131,-22,69,42
1739724167.536131,-42,31,-50
1739724167.5811307,-49,42,-22
1739724167.6271307,-38,-30,-118
1739724167.6731308,-25,67,-66
1739724167.7191308,18,-69,-53
1739724167.7641306,-66,27,-96
1739724167.8101306,4,7,-101
1739724167.8561306,-8,-26,-1
1739724167.901131,-1,14,58
1739724167.947131,-39,12,-68
1739724167.9931307,56,-17,9
1739724168.0391307,80,49,-27
1739724168.0841308,-47,-53,-81
1739724168.1301308,-4,42,-60
1739724168.1761308,20,58,-80
1739724168.2211306,72,0,47
1739724168.2671306,21,-53,-1
1739724168.3131306,-5,-18,-55
1739724168.3591306,10,35,-177
1739724168.4041307,-78,6,-132
1739724168.4501307,-9,1,-71
1739724168.4961307,43,31,-69
1739724168.5411308,22,11,-97
1739724168.5871308,22,-41,-127
1739724168.6331308,48,-6,-67
1739724168.6791308,36,9,61
1739724168.7241306,82,38,-109
1739724168.7701306,-51,6,28
1739724168.8161306,-28,-1,-36
1739724168.8611307,-59,-26,-84
1739724168.9071307,68,-29,31
1739724168.9531307,-59,-24,-64
1739724168.9991307,85,-19,-159
1739724169.0441308,22,-108,-57
1739724169.0901306,0,-77,1
1739724169.1361306,-35,6,76
1739724169.1811306,25,5,-3
1739724169.227131,74,-56,-75
1739724169.273131,55,-65,113
1739724169.319131,-15,-11,24
1739724169.3641307,-35,62,-14
1739724169.4101307,61,-32,-43
1739724169.4561307,-14,-23,-30
1739724169.5011306,17,-11,-49
1739724169.5471306,48,8,-71
1739724169.5931306,-53,5,-90
1739724169.6391306,-44,-46,-98
1739724169.684131,-24,-82,-51
1739724169.730131,64,34,-111
1739724169.776131,-9,-18,0
1739724169.8211308,-16,-31,-63
1739724169.8671308,84,-30,-129
1739724169.9131308,-22,-8,-163
1739724169.9591308,6,61,24
1739724170.0041306,55,45,-171
1739724170.0501306,-33,-71,-69
1739724170.0961306,5,-94,-33
1739724170.1411307,5,59,-10
1739724170.1871307,-20,20,-70
1739724170.2331307,55,-61,-173
1739724170.2791307,-2,4,46
1739724170.3241308,118,30,-65
1739724170.3701308,15,10,-37
1739724170.4161308,50,68,-61
1739724170.4611306,32,-47,-33
1739724170.5071306,28,0,13
1739724170.5531306,-18,4,-125
1739724170.5991306,0,-21,-31
1739724170.6441307,-16,-29,-49
1739724170.6901307,-9,-54,-60
1739724170.7361307,8,23,-18
1739724170.7811308,-2,-10,-70
1739724170.8271308,4,102,-121
1739724170.8731308,-2,-40,14
1739724170.9191308,-7,35,-151
1739724170.9641306,2,15,-2
1739724171.0101306,-32,-67,-19
1739724171.0561306,62,26,100
1739724171.1011307,42,-4,-94
1739724171.1471307,-10,33,-94
1739724171.1931307,-28,31,-101
1739724171.2391307,52,94,-48
1739724171.2841306,-32,-35,73
1739724171.3301306,1,50,-56
1739724171.3761306,25,69,-22
1739724171.421131,-18,-53,59
1739724171.467131,127,13,-26
1739724171.513131,12,-58,48
1739724171.559131,10,-10,-26
1739724171.6041307,4,84,-57
1739724171.6501307,9,-16,4
1739724171.6961308,4,1,-106
1739724171.7411306,36,21,-80
1739724171.7871306,-80,-92,-45
1739724171.8331306,29,-80,-156
1739724171.8791306,-72,-14,11
1739724171.924131,23,33,-46
1739724171.9701307,-29,21,-65
1739724172.0161307,-85,26,-15
1739724172.0611308,10,61,-62
1739724172.1071308,-10,-23,43
1739724172.1531308,-17,4,-9
1739724172.1991308,-31,23,-75
1739724172.2441306,-21,1,53
1739724172.2901306,43,-16,0
1739724172.3361306,37,3,-70
1739724172.3811307,8,-26,113
1739724172.4271307,-38,-2,-53
1739724172.4731307,22,-5,-132
1739724172.5191307,-4,50,-13
1739724172.5641308,22,27,-112
1739724172.6101308,-54,0,-11
1739724172.6561308,21,-47,-23
1739724172.7011306,3,6,-66
1739724172.7471306,-53,-30,-35
1739724172.7931306,9,69,70
1739724172.8391306,57,-2,-54
1739724172.8841307,46,12,-96
1739724172.9301307,0,-46,-44
1739724172.9761307,6,-54,89
1739724173.0211308,-41,4,-35
1739724173.0671306,-27,27,-96
1739724173.1131306,-42,-28,-5
1739724173.1581306,71,5,-52
1739724173.2041306,32,38,-34
1739724173.250131,-23,14,-128
1739724173.296131,10,71,-15
1739724173.3411307,-45,-68,-114
1739724173.3871307,-21,-36,-58
1739724173.4331307,-29,5,-140
1739724173.4781306,5,-37,-118
1739724173.5241306,9,-8,-94
1739724173.5701306,-3,38,-146
1739724173.6161306,-3,-56,7
1739724173.661131,-13,-12,23
1739724173.707131,37,23,-90
1739724173.753131,-27,75,-26
1739724173.7981308,8,21,-116
1739724173.8441308,23,-19,-152
1739724173.8901308,-26,23,39
1739724173.9361308,26,-16,-128
1739724173.9811306,-37,-23,-46
1739724174.0271306,-117,-29,12
1739724174.0731306,-24,95,-149
1739724174.1181307,-57,1,-49
1739724174.1641307,-13,39,29
1739724174.2101307,-46,71,-47
1739724174.2561307,-120,54,-129
1739724174.3011308,-110,1,-77
1739724174.3471308,-28,0,-153
1739724174.3931308,35,36,56
1739724174.4381306,9,17,61
1739724174.4841306,-9,-28,-68
1739724174.5301306,18,-23,-74
1739724174.5761306,-28,81,55
1739724174.6211307,-17,-11,-117
1739724174.6671307,-103,-9,-5
1739724174.7131307,-40,50,-111
1739724174.7581308,5,23,-28
1739724174.8041308,-72,1,-97
1739724174.8501308,-46,17,-33
1739724174.8961308,92,-45,-18
1739724174.9411306,0,0,39
1739724174.9871306,3,64,-116
1739724175.0331306,-17,-25,95
1739724175.0781307,-6,16,19
1739724175.1241307,0,-11,89
1739724175.1701307,-23,24,-25
1739724175.2161307,6,33,-160
1739724175.2611306,-40,0,-145
1739724175.3071306,-63,43,-115
1739724175.3531306,11,-48,-22
1739724175.4041307,65,4,-20
1739724175.4501307,-28,45,51
1739724175.4961307,-20,-16,25
1739724175.5411308,-58,-26,-103
1739724175.5871308,-4,22,35
1739724175.6331308,-19,28,-35
1739724175.6781306,37,-25,-96
1739724175.7241306,65,-60,-28
1739724175.7701306,37,-4,38
1739724175.8161306,97,63,-114
1739724175.8611307,82,97,74
1739724175.9071307,8,11,-140
1739724175.9531307,71,-15,-54
1739724175.9981308,24,83,-50
1739724176.0441308,29,-64,-54
1739724176.0901306,-42,-38,-135
1739724176.1361306,-56,34,29
1739724176.1811306,31,-34,-112
1739724176.227131,12,8,-96
1739724176.273131,-5,18,77
1739724176.3181307,55,-87,-30
1739724176.3641307,47,-1,-94
1739724176.4101307,17,16,-126
1739724176.4561307,30,0,-34
1739724176.5011306,28,10,10
1739724176.5471306,64,-46,-66
1739724176.5931306,45,-16,-24
1739724176.638131,47,50,-74
1739724176.684131,127,17,0
1739724176.730131,-1,-18,-54
1739724176.776131,41,31,-16
1739724176.8211308,-29,-21,-39
1739724176.8671308,24,-5,0
1739724176.9131308,-15,92,0
1739724176.9581306,2,-21,-32
1739724177.0041306,-69,102,-59
1739724177.0501306,22,19,12
1739724177.0961306,-32,31,-71
1739724177.1411307,-41,14,-107
1739724177.1871307,-30,19,-141
1739724177.2331307,8,23,-8
1739724177.2781308,0,-37,-22
1739724177.3241308,-55,64,27
1739724177.3701308,4,-74,20
1739724177.4161308,8,11,8
1739724177.4611306,27,-18,66
1739724177.5071306,-84,15,-17
1739724177.5531306,-44,29,-77
1739724177.5981307,-43,27,13
1739724177.6441307,-7,-50,-41
1739724177.6901307,89,37,-124
1739724177.7361307,-30,51,-14
1739724177.7811308,-99,27,-11
1739724177.8271308,26,61,0
1739724177.8731308,111,47,-28
1739724177.9181306,83,-18,66
1739724177.9641306,84,44,32
1739724178.0101306,-12,-19,81
1739724178.0561306,8,47,-64
1739724178.1011307,48,30,-18
1739724178.1471307,111,-21,-34
1739724178.1931307,-15,-27,-87
1739724178.2381306,25,1,-90
1739724178.2841306,-18,30,-58
1739724178.3301306,-4,34,-102
1739724178.3761306,-11,-49,-25
1739724178.421131,-43,56,-108
1739724178.467131,-20,17,-92
1739724178.513131,-49,55,-130
1739724178.5581307,-94,-87,-1
1739724178.6041307,-82,37,-13
1739724178.6501307,-13,3,13
1739724178.6961308,84,-9,83
1739724178.7411306,-39,-11,-23
1739724178.7871306,-24,-16,-79
1739724178.8331306,24,-19,-89
1739724178.878131,22,-2,-52
1739724178.924131,2,20,-70
1739724178.9701307,47,2,6
1739724179.0161307,75,13,-2
1739724179.0611308,3,27,6
1739724179.1071308,-6,-4,29
1739724179.1531308,0,-61,-73
1739724179.1981306,7,41,4
1739724179.2441306,-8,-76,-39
1739724179.2901306,49,4,10
1739724179.3361306,46,-26,-6
1739724179.3811307,-42,29,-56
1739724179.4271307,-143,16,-149
1739724179.4731307,11,69,-50
1739724179.5181308,-26,-22,71
1739724179.5641308,5,-96,-133
1739724179.6101308,1,30,-34
1739724179.6561308,-44,-40,43
1739724179.7011306,14,12,-48
1739724179.7471306,-3,-16,-45
1739724179.7931306,37,70,-64
1739724179.8381307,43,-48,1
1739724179.8841307,-112,-18,-147
1739724179.9301307,20,-21,55
1739724179.9761307,-58,14,-29
1739724180.0211308,-64,-51,-35
1739724180.0671306,22,-21,40
1739724180.1131306,-6,-4,-11
1739724180.1581306,60,41,18
1739724180.2041306,-3,4,-72
1739724180.250131,19,3,-46
1739724180.296131,30,-6,28
1739724180.3411307,-47,79,-156
1739724180.3871307,-85,11,-7
1739724180.4331307,14,-8,-70
1739724180.4781306,29,-48,-98
1739724180.5241306,-16,0,3
1739724180.5701306,72,27,12
1739724180.6161306,13,-103,-133
1739724180.661131,0,26,-18
1739724180.707131,17,18,-40
1739724180.753131,56,-27,4
1739724180.7981308,28,-1,-88
1739724180.8441308,-73,-4,-43
1739724180.8901308,21,21,48
1739724180.9361308,-26,-19,-71
1739724180.9811306,-44,1,-90
1739724181.0271306,-62,-18,13
1739724181.0731306,58,46,20
1739724181.1181307,-63,56,46
1739724181.1641307,-29,22,-94
1739724181.2101307,34,-40,-121
1739724181.2561307,-46,18,52
1739724181.3011308,-12,12,54
1739724181.3471308,-24,15,-76
1739724181.3931308,21,51,-72
1739724181.4381306,-2,-2,-77
1739724181.4841306,-96,-14,-65
1739724181.5301306,-9,75,-60
1739724181.5761306,86,40,-44
1739724181.6211307,-2,-18,-111
1739724181.6671307,-14,-19,127
1739724181.7131307,-11,-27,-107
1739724181.7581308,-78,39,-27
1739724181.8041308,-7,21,-33
1739724181.8501308,22,43,-6
1739724181.8961308,47,36,-30
1739724181.9411306,11,50,-56
1739724181.9871306,-10,-64,-88
1739724182.0331306,7,11,-18
1739724182.0781307,10,77,-86
1739724182.1241307,10,-10,4
1739724182.1701307,-38,-30,-50
1739724182.2161307,3,-23,-17
1739724182.2611306,-48,39,-46
1739724182.3071306,6,1,-81
1739724182.3531306,-26,11,-161
1739724182.398131,59,-32,-86
1739724182.444131,-5,-12,-117
1739724182.490131,-8,87,-79
1739724182.536131,-38,48,-31
1739724182.5811307,-91,9,33
1739724182.6271307,-42,47,-105
1739724182.6731308,52,-61,140
1739724182.7181306,65,-20,52
1739724182.7641306,26,-10,-20
1739724182.8101306,-94,-34,-75
1739724182.855131,19,-51,16
1739724182.901131,1,1,-43
1739724182.947131,28,-74,16
1739724182.9931307,12,26,0
1739724183.0381308,47,22,11
1739724183.0841308,-55,-6,-26
1739724183.1301308,-25,41,32
1739724183.1751306,45,-30,-135
1739724183.2211306,19,-31,-127
1739724183.2671306,24,-7,56
1739724183.3131306,-55,22,-34
1739724183.3581307,-37,22,-2
1739724183.4041307,-49,-29,-48
1739724183.4501307,-54,-16,-24
1739724183.4951308,-63,11,-20
1739724183.5411308,-37,54,36
1739724183.5871308,6,47,-155
1739724183.6331308,-78,57,-178
1739724183.6781306,14,-22,1
1739724183.7241306,49,-49,-119
1739724183.7701306,-108,-28,-36
1739724183.8151307,12,63,59
1739724183.8611307,-58,-22,-108
1739724183.9071307,-13,3,0
1739724183.9531307,9,77,-39
1739724183.9981308,3,33,-37
1739724184.0441308,-1,2,-127
1739724184.0901306,-17,-33,-55
1739724184.1351306,9,-86,-72
1739724184.1811306,26,-10,90
1739724184.227131,-10,-23,-14
1739724184.273131,9,35,112
1739724184.3181307,-12,-3,-12
1739724184.3641307,-86,-53,-50
1739724184.4101307,22,-43,-57
1739724184.4551306,-59,59,-133
1739724184.5011306,-30,-37,-78
1739724184.5471306,-45,59,-45
1739724184.5931306,57,0,-35
1739724184.638131,34,10,39
1739724184.684131,34,10,-107
1739724184.730131,88,62,-41
1739724184.7751307,23,35,-41
1739724184.8211308,5,-62,-39
1739724184.8671308,-62,33,-16
1739724184.9131308,23,5,13
1739724184.9581306,-6,65,-21
1739724185.0041306,-10,35,34
1739724185.0501306,1,50,-31
1739724185.0951307,-23,91,-8
1739724185.1411307,-7,93,-18
1739724185.1871307,8,-2,-33
1739724185.2331307,2,-7,-37
1739724185.2781308,-32,-19,-28
1739724185.3241308,1,-29,-3
1739724185.3701308,33,24,-145
1739724185.421131,32,30,-63
1739724185.467131,26,81,-77
1739724185.513131,-24,18,14
1739724185.5581307,20,-23,-59
1739724185.6041307,-8,19,-143
1739724185.6501307,14,-57,-9
1739724185.6951306,23,-9,-125
1739724185.7411306,-60,-4,22
1739724185.7871306,54,-29,-103
1739724185.8331306,-63,-25,44
1739724185.878131,-39,-83,-36
1739724185.924131,3,-15,-147
1739724185.9701307,3,-65,-2
1739724186.0151308,27,17,19
1739724186.0611308,-13,9,-117
1739724186.1071308,-27,-27,-87
1739724186.1531308,-78,56,0
1739724186.1981306,97,-77,-95
1739724186.2441306,-26,-15,120
1739724186.2901306,-43,-19,-85
1739724186.3351307,-5,-25,-19
1739724186.3811307,-35,35,-23
1739724186.4271307,6,-51,-13
1739724186.4731307,-44,-4,-53
1739724186.5181308,-43,23,-39
1739724186.5641308,-110,16,-7
1739724186.6101308,12,21,-6
1739724186.6551306,-36,-7,23
1739724186.7011306,-7,-5,-93
1739724186.7471306,-41,-3,-67
1739724186.7931306,52,-82,6
1739724186.8381307,-5,2,-119
1739724186.8841307,7,-21,-69
1739724186.9301307,-2,-7,28
1739724186.9751308,48,36,-15
1739724187.0211308,23,-8,-15
1739724187.0671306,33,-23,88
1739724187.1131306,-26,-80,-37
1739724187.1581306,-19,-69,51
1739724187.2041306,33,-16,-89
1739724187.250131,60,43,-111
1739724187.2951307,-29,-15,-6
1739724187.3411307,6,-9,-9
1739724187.3871307,-27,-16,-105
1739724187.4331307,10,6,-8
1739724187.4781306,-7,-20,-25
1739724187.5241306,-97,19,-22
1739724187.5701306,44,109,-72
1739724187.615131,-41,16,-121
1739724187.661131,-16,40,-46
1739724187.707131,14,36,18
1739724187.753131,0,6,2
1739724187.7981308,27,-6,-111
1739724187.8441308,19,-25,-63
1739724187.8901308,-6,-53,-59
1739724187.9351306,-5,0,-37
1739724187.9811306,-26,47,-24
1739724188.0271306,-72,-57,42
1739724188.0731306,73,-2,-49
1739724188.1181307,44,59,45
1739724188.1641307,-33,-25,-52
1739724188.2101307,-48,19,108
1739724188.2551308,50,24,-139
1739724188.3011308,-15,40,6
1739724188.3471308,-65,27,-42
1739724188.3931308,6,-1,-53
1739724188.4381306,27,2,-55
1739724188.4841306,1,1,26
1739724188.5301306,-49,7,-109
1739724188.5751307,59,19,-31
1739724188.6211307,-44,65,-10
1739724188.6671307,85,52,5
1739724188.7131307,38,82,-65
1739724188.7581308,45,41,29
1739724188.8041308,89,-15,-31
1739724188.8501308,55,35,-51
1739724188.8951306,5,47,-99
1739724188.9411306,5,5,-83
1739724188.9871306,26,9,-79
1739724189.0331306,31,-16,-15
1739724189.0781307,5,21,-69
1739724189.1241307,-33,-15,56
1739724189.1701307,-18,-69,-39
1739724189.2151306,-105,-3,-34
1739724189.2611306,0,14,0
1739724189.3071306,-69,-29,-128
1739724189.3531306,-18,-25,-52
1739724189.398131,36,-21,-79
1739724189.444131,-24,34,-93
1739724189.490131,65,-38,-17
1739724189.5351307,41,1,25
1739724189.5811307,13,76,92
1739724189.6271307,60,65,-31
1739724189.6731308,28,26,-145
1739724189.7181306,4,-57,30
1739724189.7641306,-28,-56,32
1739724189.8101306,-26,-56,-70
1739724189.855131,-33,-69,12
1739724189.901131,32,-53,0
1739724189.947131,24,-30,-55
1739724189.9931307,0,74,46
1739724190.0381308,-1,-14,-21
1739724190.0841308,14,-48,-79
1739724190.1301308,52,50,-85
1739724190.1751306,32,-49,-59
1739724190.2211306,-4,18,26
1739724190.2671306,-22,58,-128
1739724190.3131306,74,-69,123
1739724190.3581307,13,-42,45
1739724190.4041307,30,20,-41
1739724190.4501307,22,-53,-21
1739724190.4951308,19,26,-83
1739724190.5411308,-15,28,-113
1739724190.5871308,-16,42,36
1739724190.6331308,-24,55,-98
1739724190.6781306,44,-30,-69
1739724190.7241306,25,-20,-39
1739724190.7701306,-1,-33,-37
1739724190.8151307,-15,0,-137
1739724190.8611307,26,53,28
1739724190.9071307,21,15,-39
1739724190.9531307,-41,0,-84
1739724190.9981308,11,-24,33
1739724191.0441308,-6,-16,30
1739724191.0901306,41,25,-163
1739724191.1351306,-22,-62,17
1739724191.1811306,41,-84,-127
1739724191.227131,-20,12,88
1739724191.273131,2,-57,-27
1739724191.3181307,-42,49,-22
1739724191.3641307,20,25,0
1739724191.4101307,46,-30,-27
1739724191.4551306,29,-8,15
1739724191.5011306,-22,-18,38
1739724191.5471306,48,84,-9
1739724191.5931306,26,-42,-111
1739724191.638131,29,111,-97
1739724191.684131,52,-57,-79
1739724191.730131,-36,48,-88
1739724191.7751307,-34,-5,16
1739724191.8211308,40,27,19
1739724191.8671308,19,-17,47
1739724191.9131308,71,-17,-39
1739724191.9581306,-79,45,-2
1739724192.0041306,8,33,-63
1739724192.0501306,-27,27,18
1739724192.0951307,-23,47,20
1739724192.1411307,23,15,-87
1739724192.1871307,36,72,-31
1739724192.2331307,41,-2,-86
1739724192.2781308,-8,-10,-24
1739724192.3241308,-13,51,0
1739724192.3701308,-26,2,-178
1739724192.4151306,41,-45,-98
1739724192.4611306,-50,-41,-60
1739724192.5071306,-30,-25,-62
1739724192.5531306,24,-13,26
1739724192.5981307,26,0,-186
1739724192.6441307,-73,-18,55
1739724192.6901307,27,67,0
1739724192.7351308,-41,36,-83
1739724192.7811308,-38,-10,-96
1739724192.8271308,0,-4,-78
1739724192.8731308,1,7,-112
1739724192.9181306,10,2,-6
1739724192.9641306,40,-15,-132
1739724193.0101306,17,32,-29
1739724193.0551307,13,26,-114
1739724193.1011307,46,-50,-78
1739724193.1471307,-35,-23,-91
1739724193.1921306,81,-12,-110
1739724193.2381306,-71,90,-67
1739724193.2841306,-4,-30,-114
1739724193.3281307,-40,-28,-11
1739724193.3741307,5,95,-75
1739724193.4201307,-33,30,137
1739724193.4661307,-53,32,-5
1739724193.5111306,-7,29,-154
1739724193.5571306,-114,27,-67
1739724193.6031306,26,-34,72
1739724193.648131,17,-7,-30
1739724193.694131,74,19,-30
1739724193.740131,9,-40,-86
1739724193.786131,-77,-50,-141
1739724193.8311307,26,17,8
1739724193.8771307,26,-30,4
1739724193.9231308,-34,7,43
1739724193.9681306,38,-31,2
1739724194.0141306,72,-19,140
1739724194.0601306,76,15,-66
1739724194.1061306,-72,42,13
1739724194.151131,-11,-23,31
1739724194.197131,-25,11,-61
1739724194.2431307,27,-38,10
1739724194.2881308,-44,-3,105
1739724194.3341308,-51,4,-39
1739724194.3801308,65,-58,-44
1739724194.4261308,20,-35,44
1739724194.4711306,-21,64,-141
1739724194.5171306,-13,11,55
1739724194.5631306,-30,-5,-47
1739724194.6081307,16,-12,-106
1739724194.6541307,8,-52,-54
1739724194.7001307,-34,-27,43
1739724194.7461307,-70,-41,-83
1739724194.7911308,-26,21,3
1739724194.8371308,-23,-54,-30
1739724194.8831308,56,0,-114
1739724194.9281306,126,-17,32
1739724194.9741306,-29,-19,-140
1739724195.0201306,0,0,-150
1739724195.0661306,-26,-44,-148
1739724195.1111307,-32,-9,-13
1739724195.1571307,42,-90,106
1739724195.2031307,-51,15,-107
1739724195.2481308,55,-11,36
1739724195.2941308,-49,-23,35
1739724195.3401306,-5,24,-130
1739724195.3861306,52,-21,20
1739724195.4371307,18,42,-102
1739724195.4831307,94,-4,-46
1739724195.5281308,-44,39,-81
1739724195.5741308,-119,-15,-121
1739724195.6201308,-37,12,-107
1739724195.6661308,-6,-26,-62
1739724195.7111306,-48,11,-29
1739724195.7571306,-31,53,-43
1739724195.8031306,-13,-23,-74
1739724195.8481307,-22,-84,-14
1739724195.8941307,31,-6,-102
1739724195.9401307,27,-48,-54
1739724195.9861307,-120,41,-71
1739724196.0311308,-17,56,-105
1739724196.0771308,-29,-64,29
1739724196.1231308,-22,-70,-11
1739724196.1681306,1,34,-28
1739724196.2141306,18,-55,52
1739724196.2601306,61,-68,-40
1739724196.3061306,-35,-47,-53
1739724196.3511307,33,-36,76
1739724196.3971307,-46,-35,-29
1739724196.4431307,26,51,20
1739724196.4881306,-77,-26,-75
1739724196.5341306,-38,54,-21
1739724196.5801306,18,-3,-20
1739724196.6261306,-39,24,-75
1739724196.671131,112,23,20
1739724196.717131,42,-23,12
1739724196.763131,-34,-23,49
1739724196.8081307,-104,56,-7
1739724196.8541307,-42,-2,31
1739724196.9001307,22,13,16
1739724196.9461308,50,12,54
1739724196.9911306,17,-17,-36
1739724197.0371306,15,-34,41
1739724197.0841308,31,18,-74
1739724197.1301308,-14,35,-100
1739724197.1751306,99,32,22
1739724197.2211306,-106,-75,-141
1739724197.2671306,21,11,24
1739724197.3121307,14,54,-103
1739724197.3581307,17,62,63
1739724197.4041307,-59,-52,103
1739724197.4501307,-76,-8,53
1739724197.4951308,63,59,-36
1739724197.5411308,-55,-2,-69
1739724197.5871308,34,72,21
1739724197.6321306,-48,-31,43
1739724197.6781306,-19,8,-137
1739724197.7241306,51,12,-46
1739724197.7701306,17,8,-118
1739724197.8151307,5,0,85
1739724197.8611307,-21,50,-41
1739724197.9071307,63,10,-46
1739724197.9521308,13,50,-83
1739724197.9981308,-23,4,-13
1739724198.0441308,8,111,-62
1739724198.0901306,111,-29,26
1739724198.1351306,-59,22,3
1739724198.1811306,-37,-8,-55
1739724198.227131,66,-54,62
1739724198.2721307,-31,69,-11
1739724198.3181307,-15,-59,-20
1739724198.3641307,7,47,-77
1739724198.4101307,-16,25,61
1739724198.4551306,-13,35,-155
1739724198.5011306,19,50,-19
1739724198.5471306,0,10,-78
1739724198.592131,-28,-100,-70
1739724198.638131,11,28,-37
1739724198.684131,-80,41,-55
1739724198.730131,65,61,-96
1739724198.7751307,11,-18,0
1739724198.8211308,-19,-24,9
1739724198.8671308,-38,4,-23
1739724198.9121306,13,-76,-108
1739724198.9581306,-13,-19,-84
1739724199.0041306,72,-19,4
1739724199.0501306,-9,23,-75
1739724199.0951307,-30,-67,-42
1739724199.1411307,53,46,-32
1739724199.1871307,33,28,52
1739724199.2321308,19,-21,-112
1739724199.2781308,52,-31,-146
1739724199.3241308,34,22,52
1739724199.3701308,-92,36,151
1739724199.4151306,20,-25,-28
1739724199.4611306,-56,-40,73
1739724199.5071306,-30,15,-57
1739724199.5521307,1,-27,0
1739724199.5981307,1,-11,-52
1739724199.6441307,-26,-16,-61
1739724199.6901307,37,21,-16
1739724199.7351308,-40,-4,-37
1739724199.7811308,-17,-49,-49
1739724199.8271308,60,-40,-102
1739724199.8721306,-6,-24,-31
1739724199.9181306,-22,-14,31
1739724199.9641306,-9,11,-99
1739724200.0101306,-19,32,35
1739724200.0551307,72,-27,-16
1739724200.1011307,44,-5,28
1739724200.1471307,51,54,-34
1739724200.1921306,27,4,-36
1739724200.2381306,-1,-39,-38
1739724200.2841306,31,-28,-16
1739724200.3301306,-43,99,-43
1739724200.375131,-5,-14,-54
1739724200.421131,0,102,29
1739724200.467131,0,-53,-56
1739724200.5121307,55,7,2
1739724200.5581307,13,-20,-94
1739724200.6041307,69,48,-28
1739724200.6501307,27,47,-52
1739724200.6951306,-9,-24,115
1739724200.7411306,-40,12,35
1739724200.7871306,-14,-31,-26
1739724200.832131,39,25,-80
1739724200.878131,34,-11,26
1739724200.924131,-43,18,-13
1739724200.9701307,58,25,-82
1739724201.0151308,-11,3,23
1739724201.0611308,19,-15,14
1739724201.1071308,36,-43,12
1739724201.1521306,-90,54,91
1739724201.1981306,25,17,-82
1739724201.2441306,0,12,31
1739724201.2901306,-41,20,-27
1739724201.3351307,24,-7,22
1739724201.3811307,-22,85,-143
1739724201.4271307,-34,-53,-37
1739724201.4721308,41,0,62
1739724201.5181308,-18,50,-83
1739724201.5641308,69,56,-104
1739724201.6101308,29,12,28
1739724201.6551306,-51,-29,-29
1739724201.7011306,-38,30,7
1739724201.7471306,16,8,-24
1739724201.7921307,-18,-59,-51
1739724201.8381307,-32,19,-87
1739724201.8841307,-6,-6,-184
1739724201.9301307,23,-15,-116
1739724201.9751308,0,30,-39
1739724202.0211308,52,-6,-16
1739724202.0671306,-75,46,-27
1739724202.1121306,-3,-42,-79
1739724202.1581306,1,1,-6
1739724202.2041306,21,-65,-16
1739724202.250131,5,25,-78
1739724202.2951307,-25,41,-72
1739724202.3411307,-12,51,82
1739724202.3871307,12,26,28
1739724202.4321306,9,-28,31
1739724202.4781306,13,6,-44
1739724202.5241306,-3,20,14
1739724202.5701306,-36,-37,49
1739724202.615131,-75,60,27
1739724202.661131,107,-15,-168
1739724202.707131,-68,15,3
1739724202.7521307,7,-9,-48
1739724202.7981308,-77,-40,21
1739724202.8441308,77,49,0
1739724202.8901308,-36,-57,-27
1739724202.9351306,19,23,-92
1739724202.9811306,64,-5,38
1739724203.0271306,88,26,-39
1739724203.072131,71,16,-73
1739724203.1181307,40,-74,-69
1739724203.1641307,18,-25,-103
1739724203.2091308,31,40,-47
1739724203.2551308,82,28,-81
1739724203.3011308,9,39,-15
1739724203.3471308,-25,-16,-42
1739724203.3921306,29,-12,-19
1739724203.4381306,-64,-17,-102
1739724203.4841306,32,26,-81
1739724203.5291307,-2,12,22
1739724203.5751307,0,22,22
1739724203.6211307,9,23,-77
1739724203.6671307,12,65,-49
1739724203.7121308,-32,35,-6
1739724203.7581308,5,-31,-12
1739724203.8041308,-38,14,6
1739724203.8491306,62,79,-21
1739724203.8951306,7,1,-85
1739724203.9411306,-72,18,100
1739724203.9871306,35,34,-43
1739724204.0321307,-10,-40,-91
1739724204.0781307,2,9,-5
1739724204.1241307,29,38,-121
1739724204.1691308,21,-33,-19
1739724204.2151306,2,0,3
1739724204.2611306,-52,36,-34
1739724204.3071306,-36,-37,-127
1739724204.352131,-35,-79,10
1739724204.398131,0,-51,-77
1739724204.444131,83,-70,139
1739724204.4891307,-75,24,-138
1739724204.5351307,19,-15,-15
1739724204.5811307,11,22,-77
1739724204.6271307,6,11,36
1739724204.6721306,-51,4,-124
1739724204.7181306,117,65,-163
1739724204.7641306,61,39,-11
1739724204.809131,-54,30,-42
1739724204.855131,-109,-20,-112
1739724204.901131,1,-11,-103
1739724204.947131,76,-6,-121
1739724204.9921308,52,-21,3
1739724205.0381308,-100,-31,-78
1739724205.0841308,36,11,-159
1739724205.1291306,-34,30,14
1739724205.1751306,0,-67,-14
1739724205.2211306,0,52,-37
1739724205.2671306,-8,-4,-125
1739724205.3121307,23,37,-81
1739724205.3581307,14,34,78
1739724205.4091306,-62,-32,-38
1739724205.4551306,-73,24,-40
1739724205.5011306,-18,12,-63
1739724205.5471306,-35,42,-58
1739724205.592131,-71,-23,-94
1739724205.638131,0,-7,8
1739724205.684131,16,14,37
1739724205.7291307,10,31,66
1739724205.7751307,-5,44,-125
1739724205.8211308,-70,70,-58
1739724205.8671308,-20,-42,-65
1739724205.9121306,39,-19,-27
1739724205.9581306,-16,-53,-71
1739724206.0041306,4,-25,-165
1739724206.049131,-40,-93,-62
1739724206.0951307,69,8,-101
1739724206.1411307,-17,-69,-32
1739724206.1871307,-17,5,-18
1739724206.2321308,36,-57,-23
1739724206.2781308,92,29,-109
1739724206.3241308,-24,-20,-24
1739724206.3691306,-2,52,30
1739724206.4151306,35,22,-85
1739724206.4611306,32,82,-21
1739724206.5071306,14,34,-97
1739724206.5521307,32,-32,-51
1739724206.5981307,50,30,15
1739724206.6441307,-22,1,-199
1739724206.6891308,-20,1,70
1739724206.7351308,32,-3,-25
1739724206.7811308,-9,39,-123
1739724206.8271308,-31,-31,32
1739724206.8721306,17,42,-99
1739724206.9181306,0,36,16
1739724206.9641306,-32,-37,-127
1739724207.0091307,7,3,-81
1739724207.0551307,104,28,-21
1739724207.1011307,-25,61,-19
1739724207.1471307,-64,15,-24
1739724207.1921306,-35,-29,-46
1739724207.2381306,-11,-48,-96
1739724207.2841306,-8,13,-73
1739724207.3291306,18,-9,-79
1739724207.375131,-34,11,-60
1739724207.421131,-70,72,-144
1739724207.467131,64,-52,-17
1739724207.5121307,-18,-117,45
1739724207.5581307,-27,9,8
1739724207.6041307,42,-21,-61
1739724207.6491306,-2,20,42
1739724207.6951306,-38,32,142
1739724207.7411306,45,55,-39
1739724207.7871306,-58,-4,-110
1739724207.832131,-17,-9,-34
1739724207.878131,-7,-28,4
1739724207.924131,-36,16,-60
1739724207.9691308,-6,-4,10
1739724208.0151308,10,-1,58
1739724208.0611308,94,-8,-125
1739724208.1071308,-53,22,-93
1739724208.1521306,-28,-38,-93
1739724208.1981306,22,-45,-71
1739724208.2441306,-4,46,-53
1739724208.2891307,23,55,-57
1739724208.3351307,-4,-6,-49
1739724208.3811307,46,-18,-101
1739724208.4271307,-56,-53,-74
1739724208.4721308,-16,-13,-51
1739724208.5181308,-40,24,-54
1739724208.5641308,16,-21,64
1739724208.6091306,-17,58,-149
1739724208.6551306,-3,-101,-155
1739724208.7011306,12,2,-57
1739724208.7471306,-138,0,86
1739724208.7911308,52,-113,-25
1739724208.8371308,-50,19,-171
1739724208.8831308,-16,-17,60
1739724208.9281306,34,-6,-11
1739724208.9741306,-45,4,-42
1739724209.0201306,-9,59,43
1739724209.0651307,-47,29,22
1739724209.1111307,99,-22,11
1739724209.1571307,23,25,-41
1739724209.2031307,-36,33,86
1739724209.2481308,9,-33,-2
1739724209.2941308,18,-7,-71
1739724209.3401306,-74,3,-28
1739724209.3851306,31,20,-117
1739724209.4311306,39,74,-49
1739724209.477131,75,-33,-59
1739724209.523131,-6,-20,62
1739724209.5681307,-49,3,-85
1739724209.6141307,-123,15,-72
1739724209.6601307,-10,29,74
1739724209.7051306,30,-44,-27
1739724209.7511306,58,47,-63
1739724209.7971306,-4,46,-19
1739724209.8431306,16,34,-19
1739724209.888131,81,0,-81
1739724209.934131,-25,-12,-84
1739724209.980131,80,7,-47
1739724210.0251307,-42,-2,-102
1739724210.0711308,-5,0,-37
1739724210.1171308,-52,56,-23
1739724210.1631308,-30,17,-135
1739724210.2081306,-69,43,-177
1739724210.2541306,-48,-51,-86
1739724210.3001306,3,-29,70
1739724210.3451307,42,-5,-87
1739724210.3911307,-22,32,-155
1739724210.4371307,-47,57,-139
1739724210.4831307,-11,57,-39
1739724210.5281308,1,-9,48
1739724210.5741308,-50,2,-12
1739724210.6201308,-95,-6,-44
1739724210.6651306,-30,67,-105
1739724210.7111306,26,27,-101
1739724210.7571306,89,-21,71
1739724210.8031306,15,-32,-15
1739724210.8481307,14,-79,-50
1739724210.8941307,-9,-70,78
1739724210.9401307,-11,43,-49
1739724210.9851308,50,-20,-73
1739724211.0311308,-61,5,-16
1739724211.0771308,34,-21,-109
1739724211.1231308,-93,-8,76
1739724211.1681306,6,-7,-79
1739724211.2141306,44,65,-153
1739724211.2601306,38,-4,13
1739724211.3051307,-23,-44,-127
1739724211.3511307,-31,7,10
1739724211.3971307,70,-23,-83
1739724211.4431307,-79,5,-62
1739724211.4881306,-9,55,-105
1739724211.5341306,-19,26,-20
1739724211.5801306,26,-24,-31
1739724211.625131,-17,-67,-96
1739724211.671131,-46,-90,-38
1739724211.717131,-29,-33,-28
1739724211.763131,47,-68,-57
1739724211.8081307,-45,-50,-54
1739724211.8541307,-25,23,66
1739724211.9001307,1,3,-77
1739724211.9451306,63,-54,-47
1739724211.9911306,-20,28,-71
1739724212.0371306,-11,5,2
1739724212.0831306,-9,19,-2
1739724212.128131,-41,10,36
1739724212.174131,-22,36,-97
1739724212.2201307,30,14,-89
1739724212.2651308,27,-32,-101
1739724212.3111308,29,6,-75
1739724212.3571308,27,25,-103
1739724212.4031308,78,59,-69
1739724212.4481306,5,-35,-4
1739724212.4941306,2,-25,44
1739724212.5401306,-63,27,-34
1739724212.5851307,-9,-12,-195
1739724212.6311307,-57,-44,-184
1739724212.6771307,-2,-34,-83
1739724212.7231307,17,-17,-81
1739724212.7681308,-37,22,8
1739724212.8141308,17,22,-7
1739724212.8601308,23,53,-27
1739724212.9051306,18,26,-51
1739724212.9511306,13,-46,-49
1739724212.9971306,15,-14,-61
1739724213.0431306,28,-38,-45
1739724213.0881307,0,62,54
1739724213.1341307,104,-14,-69
1739724213.1801307,-2,28,-117
1739724213.2251308,-15,58,-67
1739724213.2711308,-4,16,-37
1739724213.3171306,-53,6,-50
1739724213.3621306,49,18,-97
1739724213.4081306,28,-28,-1
1739724213.4541306,-49,100,-117
1739724213.500131,-29,39,-113
1739724213.5451307,-34,34,50
1739724213.5911307,-25,-14,50
1739724213.6371307,6,15,-93
1739724213.6821306,-57,46,-94
1739724213.7281306,124,28,79
1739724213.7741306,-39,-30,-20
1739724213.8201306,19,-33,-5
1739724213.865131,0,-9,-117
1739724213.911131,5,-86,-40
1739724213.957131,-29,43,-24
1739724214.0021307,-5,-14,-45
1739724214.0481308,-31,-9,-40
1739724214.0941308,-3,-26,-17
1739724214.1401308,94,-49,-39
1739724214.1851306,1,15,-97
1739724214.2311306,25,55,-111
1739724214.2771306,39,-19,3
1739724214.322131,-13,3,-69
1739724214.3681307,-14,47,40
1739724214.4141307,10,14,9
1739724214.4601307,-65,61,18
1739724214.5051308,50,8,25
1739724214.5511308,-73,-23,0
1739724214.5971308,63,0,-67
1739724214.6421306,-8,-20,-92
1739724214.6881306,63,4,110
1739724214.7341306,76,45,38
1739724214.7801306,-12,-23,-29
1739724214.8251307,-38,18,-156
1739724214.8711307,45,-1,-60
1739724214.9171307,-63,25,-5
1739724214.9621308,-8,-20,81
1739724215.0081308,37,19,0
1739724215.0541308,-58,34,-86
1739724215.1001308,-32,33,-78
1739724215.1451306,-44,33,53
1739724215.1911306,-48,35,-97
1739724215.2371306,9,43,-50
1739724215.2821307,-22,-66,-52
1739724215.3281307,4,45,-55
1739724215.3741307,42,23,-146
1739724215.4251306,42,3,-18
1739724215.4711306,-76,66,-9
1739724215.5171306,32,18,-134
1739724215.5621307,20,3,-22
1739724215.6081307,28,61,-110
1739724215.6531308,11,-24,-2
1739724215.6981306,-76,-12,-23
1739724215.7441306,-55,30,-107
1739724215.7901306,18,-17,-16
1739724215.8361306,0,18,-41
1739724215.8811307,28,37,-94
1739724215.9271307,5,-25,40
1739724215.9731307,35,-21,-64
1739724216.0181308,-26,39,-7
1739724216.0641308,-20,8,-21
1739724216.1101308,-6,-14,-26
1739724216.1561308,62,-2,96
1739724216.2011306,-53,-41,12
1739724216.2471306,112,17,-40
1739724216.2931306,6,-13,46
1739724216.3381307,-1,16,55
1739724216.3841307,8,21,-27
1739724216.4301307,32,-54,-6
1739724216.4761307,-27,-94,-116
1739724216.5211308,23,45,-23
1739724216.5671306,-36,-31,-78
1739724216.6131306,101,10,-118
1739724216.6581306,-14,55,23
1739724216.7041306,45,-82,-102
1739724216.750131,29,-6,123
1739724216.796131,-59,36,75
1739724216.8411307,2,-51,-164
1739724216.8871307,-2,-16,-28
1739724216.9331307,25,-42,-72
1739724216.9781306,20,5,-96
1739724217.0241306,24,-17,-88
1739724217.0701306,27,-10,-70
1739724217.1161306,3,9,-106
1739724217.161131,-31,-19,-19
1739724217.207131,-67,55,-119
1739724217.253131,-49,13,-25
1739724217.2981308,-4,-42,-136
1739724217.3441308,-29,-19,-96
1739724217.3901308,-3,-28,-128
1739724217.4361308,-36,-43,-34
1739724217.4811306,-50,29,-25
1739724217.5271306,14,58,-3
1739724217.5731306,68,0,-106
1739724217.6181307,-5,107,-99
1739724217.6641307,-17,-1,-49
1739724217.7101307,9,27,-21
1739724217.7561307,-2,18,-3
1739724217.8011308,29,-40,-96
1739724217.8471308,31,26,69
1739724217.8931308,27,-38,-184
1739724217.9381306,16,-12,-116
1739724217.9841306,-117,-66,-5
1739724218.0301306,-24,-66,-88
1739724218.0761306,45,-6,8
1739724218.1211307,-25,-72,-98
1739724218.1671307,-12,5,-74
1739724218.2131307,-33,-3,-83
1739724218.2581308,25,-42,0
1739724218.3041308,-34,-49,93
1739724218.3501308,48,89,5
1739724218.3961308,22,-35,-204
1739724218.4411306,26,-34,-24
1739724218.4871306,43,61,-75
1739724218.5331306,65,30,-28
1739724218.5781307,33,64,15
1739724218.6241307,-63,2,-139
1739724218.6701307,-35,14,77
1739724218.7161307,-58,26,-197
1739724218.7611306,-4,-10,60
1739724218.8071306,29,-62,16
1739724218.8531306,-61,-70,30
1739724218.898131,22,-27,-40
1739724218.944131,43,51,-103
1739724218.990131,63,11,-41
1739724219.036131,0,-13,115
1739724219.0811307,56,-95,-74
1739724219.1271307,4,77,-30
1739724219.1731308,-14,57,-25
1739724219.2181306,4,-13,-4
1739724219.2641306,28,-66,-26
1739724219.3101306,-24,99,13
1739724219.3561306,-24,2,-109
1739724219.401131,-113,-32,-137
1739724219.447131,-18,20,-31
1739724219.4931307,-31,-37,-117
1739724219.5381308,-77,-20,19
1739724219.5841308,59,-23,-66
1739724219.6301308,-2,-40,-164
1739724219.6761308,24,19,-82
1739724219.7211306,4,63,-93
1739724219.7671306,29,-24,-78
1739724219.8131306,-46,107,83
1739724219.8581307,-9,21,-35
1739724219.9041307,42,0,-94
1739724219.9501307,28,20,-164
1739724219.9961307,-23,18,-93
1739724220.0411308,37,52,-21
1739724220.0871308,102,34,-92
1739724220.1331308,4,-9,-18
1739724220.1781306,-47,-33,-31
1739724220.2241306,-14,0,-5
1739724220.2701306,18,-43,-54
1739724220.3161306,-71,6,-139
1739724220.3611307,1,5,-78
1739724220.4071307,-32,19,65
1739724220.4531307,36,16,-30
1739724220.4981308,-8,-1,-46
1739724220.5441308,117,73,26
1739724220.5901306,-12,-54,-46
1739724220.6361306,15,-7,-38
1739724220.6811306,-53,-14,-112
1739724220.727131,-40,-42,-125
1739724220.773131,29,22,22
1739724220.8181307,25,37,-4
1739724220.8641307,-37,8,-91
1739724220.9101307,-66,-17,-75
1739724220.9561307,18,7,31
1739724221.0011306,5,-18,-38
1739724221.0471306,-20,-13,-154
1739724221.0931306,-36,-3,-4
1739724221.138131,-30,11,-34
1739724221.184131,-79,67,-74
1739724221.230131,18,-6,-13
1739724221.276131,-33,-10,-90
1739724221.3211308,10,-13,-4
1739724221.3671308,-15,-23,-124
1739724221.4131308,-11,-94,-14
1739724221.4581306,-9,23,67
1739724221.5041306,-38,43,75
1739724221.5501306,-39,-53,16
1739724221.5961306,44,-73,-24
1739724221.6411307,-22,-35,-138
1739724221.6871307,-60,18,-86
1739724221.7331307,19,-6,-43
1739724221.7781308,-9,108,-145
1739724221.8241308,97,-46,-12
1739724221.8701308,-26,44,5
1739724221.9161308,18,-17,60
1739724221.9611306,-49,-51,-34
1739724222.0071306,-23,-20,-56
1739724222.0531306,95,11,-109
1739724222.0981307,-155,-16,0
1739724222.1441307,-21,-6,-92
1739724222.1901307,-20,-16,-12
1739724222.2361307,128,33,5
1739724222.2811308,-61,20,41
1739724222.3271308,17,-37,-168
1739724222.3731308,66,-36,-122
1739724222.4181306,63,-8,-12
1739724222.4641306,-62,-8,-110
1739724222.5101306,9,29,-41
1739724222.5561306,0,-65,-16
1739724222.6011307,55,-4,-14
1739724222.6471307,26,-17,-134
1739724222.6931307,-35,-6,-142
1739724222.7381306,-82,-23,98
1739724222.7841306,-36,-49,-58
1739724222.8301306,-2,-38,-52
1739724222.875131,15,16,-53
1739724222.921131,9,-60,0
1739724222.967131,18,-69,-64
1739724223.013131,40,0,47
1739724223.0581307,28,91,-17
1739724223.1041307,27,-24,-40
1739724223.1501307,-90,-3,11
1739724223.1961308,-14,31,-26
1739724223.2411306,-35,-26,-154
1739724223.2871306,-31,-30,-48
1739724223.3331306,-39,2,-36
1739724223.378131,-19,3,-38
1739724223.424131,-79,59,-36
1739724223.4701307,43,-1,-48
1739724223.5151308,-9,-32,87
1739724223.5611308,2,-41,-63
1739724223.6071308,17,-35,-22
1739724223.6531308,-44,-54,-143
1739724223.6981306,-20,-38,-79
1739724223.7431307,-63,29,-77
1739724223.7891307,-46,-19,-47
1739724223.8341308,-30,0,-75
1739724223.8801308,23,73,-62
1739724223.9261308,-16,50,-65
1739724223.9711306,-43,24,75
1739724224.0171306,-40,18,0
1739724224.0631306,56,-16,9
1739724224.1091306,79,31,-45
1739724224.1541307,5,-4,-146
1739724224.2001307,-57,-62,85
1739724224.2461307,-37,48,-103
1739724224.2911308,-3,10,27
1739724224.3371308,-16,-15,-32
1739724224.3831308,-7,0,57
1739724224.4291308,-52,21,-33
1739724224.4741306,-89,-15,-141
1739724224.5201306,19,-27,-46
1739724224.5661306,-15,35,1
1739724224.6111307,0,-35,4
1739724224.6571307,64,-32,-96
1739724224.7031307,-6,22,-79
1739724224.7491307,25,-25,-24
1739724224.7941308,-1,-4,-52
1739724224.8401306,-122,9,66
1739724224.8861306,47,-39,-127
1739724224.9311306,29,50,77
1739724224.977131,-28,95,-163
1739724225.023131,-32,-67,-212
1739724225.069131,37,52,-35
1739724225.1141307,-50,27,-96
1739724225.1601307,44,23,-70
1739724225.2061307,-89,0,37
1739724225.2511306,17,10,-92
1739724225.2971306,-3,-34,-68
1739724225.3431306,-26,-23,-16
1739724225.3891306,60,71,-118
1739724225.4401307,-38,3,-149
1739724225.4861307,12,-32,-18
1739724225.5311308,2,33,-34
1739724225.5771308,48,-58,-50
1739724225.6231308,91,-33,0
1739724225.6691308,70,74,-6
1739724225.7141306,112,90,-38
1739724225.7601306,-5,6,41
1739724225.8061306,58,-31,61
1739724225.8511307,-39,32,115
1739724225.8971307,-50,4,-19
1739724225.9431307,-32,7,-27
1739724225.9891307,69,10,4
1739724226.0341306,24,1,-88
1739724226.0801306,23,-21,-116
1739724226.1261306,-27,-36,81
1739724226.171131,33,8,-14
1739724226.217131,33,-42,-70
1739724226.263131,26,0,-40
1739724226.309131,84,16,20
1739724226.3541307,-8,43,-116
1739724226.4001307,-23,-22,-84
1739724226.4461308,-21,10,16
1739724226.4911306,-27,87,-16
1739724226.5371306,-96,20,-24
1739724226.5831306,37,-27,-91
1739724226.6291306,47,10,-37
1739724226.674131,-31,-3,-77
1739724226.7201307,-95,-54,-109
1739724226.7661307,-109,40,-173
1739724226.8111308,-32,5,-103
1739724226.8571308,-49,-33,-119
1739724226.9031308,-1,-29,-91
1739724226.9491308,-27,-22,-99
1739724226.9941306,29,-3,-23
1739724227.0401306,23,-5,-89
1739724227.0861306,30,-18,-1
1739724227.1311307,-74,60,-24
1739724227.1771307,18,0,-197
1739724227.2231307,11,32,10
1739724227.2691307,28,43,-83
1739724227.3141308,24,0,-57
1739724227.3601308,-123,-73,-74
1739724227.4061308,-33,70,-76
1739724227.4511306,20,-17,11
1739724227.4971306,-30,-62,-1
1739724227.5431306,9,31,-42
1739724227.5891306,21,70,-32
1739724227.6341307,-19,-20,-59
1739724227.6801307,-67,49,-82
1739724227.7261307,-40,-46,-95
1739724227.7711308,-36,-7,-43
1739724227.8171306,36,-89,37
1739724227.8631306,19,-27,66
1739724227.9091306,20,11,-73
1739724227.9541306,5,13,12
1739724228.000131,17,-23,-47
1739724228.046131,-22,46,-74
1739724228.0911307,2,-47,7
1739724228.1371307,-36,8,-18
1739724228.1831307,6,19,-55
1739724228.2291307,11,-6,-27
1739724228.2741306,-63,67,-80
1739724228.3201306,-37,-57,-115
1739724228.3661306,-9,-60,-31
1739724228.411131,-30,-31,-37
1739724228.457131,66,34,-61
1739724228.503131,-22,1,-20
1739724228.549131,13,70,-207
1739724228.5941308,11,14,-35
1739724228.6401308,38,74,-34
1739724228.6861308,-30,23,-2
1739724228.7311306,14,-10,-117
1739724228.7771306,2,25,-8
1739724228.8231306,-62,-8,-69
1739724228.8691306,-8,-32,-83
1739724228.9141307,-8,55,-34
1739724228.9601307,-31,15,-85
1739724229.0061307,-14,45,-90
1739724229.0531306,-71,38,-162
1739724229.0981307,31,-22,-15
1739724229.1441307,54,-53,31
1739724229.1901307,6,-33,-1
1739724229.2351308,-16,-13,-45
1739724229.2811308,10,-102,-21
1739724229.3271308,0,68,-22
1739724229.3731308,-9,85,-72
1739724229.4181306,-45,15,-72
1739724229.4641306,-53,-53,-117
1739724229.5101306,30,22,-93
1739724229.5551307,-9,-5,-43
1739724229.6011307,-13,-3,-43
1739724229.6471307,25,-46,-51
1739724229.6931307,-37,50,-54
1739724229.7381306,6,-46,-33
1739724229.7841306,33,44,-44
1739724229.8301306,7,0,-101
1739724229.875131,-23,-76,-63
1739724229.921131,-5,72,2
1739724229.967131,-51,19,-80
1739724230.013131,26,41,52
1739724230.0581307,-43,-4,12
1739724230.1041307,46,-38,-101
1739724230.1501307,107,-32,-83
1739724230.1951306,-15,-17,-17
1739724230.2411306,75,9,-155
1739724230.2871306,-2,-16,-97
1739724230.3331306,-61,20,-14
1739724230.378131,-4,-10,9
1739724230.424131,37,8,-52
1739724230.4701307,2,33,-76
1739724230.5151308,-26,-12,43
1739724230.5611308,-72,-5,-18
1739724230.6071308,43,-25,-71
1739724230.6531308,-88,-59,-153
1739724230.6981306,-11,69,-126
1739724230.7441306,26,-54,-137
1739724230.7901306,56,94,-28
1739724230.8351307,39,33,12
1739724230.8811307,-27,-18,-51
1739724230.9271307,-45,-58,51
1739724230.9731307,-16,-31,33
1739724231.0181308,59,25,-52
1739724231.0641308,18,42,80
1739724231.1101308,-14,-10,-49
1739724231.1551306,-48,-12,-111
1739724231.2011306,50,-50,35
1739724231.2471306,51,-62,-99
1739724231.2931306,26,-50,21
1739724231.3381307,-11,-19,-101
1739724231.3841307,91,-61,-7
1739724231.4301307,5,30,-22
1739724231.4751308,4,36,46
1739724231.5211308,21,-5,86
1739724231.5671306,-28,23,-8
1739724231.6131306,-8,-10,-93
1739724231.6581306,-45,0,-115
1739724231.7041306,51,10,12
1739724231.750131,-17,54,-4
1739724231.7951307,-37,56,-96
1739724231.8411307,21,-25,-85
1739724231.8871307,-14,23,-97
1739724231.9331307,-44,3,-62
1739724231.9781306,-98,-40,-125
1739724232.0241306,-29,0,-53
1739724232.0701306,-32,41,0
1739724232.115131,4,5,-105
1739724232.161131,-11,-62,-63
1739724232.207131,56,-13,-107
1739724232.253131,-92,24,6
1739724232.2981308,22,5,-63
1739724232.3441308,-51,2,36
1739724232.3901308,-63,15,-123
1739724232.4351306,-64,9,-6
1739724232.4811306,-90,-63,44
1739724232.5271306,-147,-33,-46
1739724232.5731306,3,-59,73
1739724232.6181307,25,31,-93
1739724232.6641307,16,56,-125
1739724232.7101307,-27,75,-38
1739724232.7551308,34,92,-12
1739724232.8011308,-50,-25,48
1739724232.8471308,-43,49,-83
1739724232.8931308,-59,38,-50
1739724232.9381306,36,36,14
1739724232.9841306,14,-12,-7
1739724233.0301306,-44,81,-120
1739724233.0751307,25,-63,46
1739724233.1211307,10,77,-5
1739724233.1671307,36,-88,14
1739724233.2131307,-81,67,-77
1739724233.2581308,-3,2,-99
1739724233.3041308,7,-18,-65
1739724233.3501308,-36,-2,36
1739724233.3951306,74,-38,-15
1739724233.4411306,-26,-5,16
1739724233.4871306,-44,64,124
1739724233.5321307,70,-64,-163
1739724233.5781307,-9,-35,-89
1739724233.6241307,11,41,-155
1739724233.6701307,-46,-19,-12
1739724233.7151306,12,114,-89
1739724233.7611306,-52,-40,-82
1739724233.8071306,-18,-40,-58
1739724233.852131,-83,-10,-20
1739724233.898131,34,29,-73
1739724233.944131,-43,23,46
1739724233.990131,48,-21,-125
1739724234.0351307,47,37,-97
1739724234.0811307,-40,71,-37
1739724234.1271307,0,69,31
1739724234.1721306,-82,51,-151
1739724234.2181306,39,5,3
1739724234.2641306,80,24,11
1739724234.3101306,-47,-43,-66
1739724234.355131,13,-73,50
1739724234.401131,24,82,-67
1739724234.447131,-3,39,-33
1739724234.4921308,-15,-12,-8
1739724234.5381308,-20,17,-37
1739724234.5841308,-77,47,-29
1739724234.6301308,-11,44,-119
1739724234.6751306,-75,-23,0
1739724234.7211306,85,-17,-20
1739724234.7671306,-49,42,51
1739724234.8121307,22,108,-159
1739724234.8581307,-32,51,7
1739724234.9041307,72,60,-117
1739724234.9501307,79,3,-35
1739724234.9951308,60,63,-19
1739724235.0411308,-35,-83,-34
1739724235.0871308,-10,33,-105
1739724235.1321306,-31,41,-126
1739724235.1781306,-56,-37,1
1739724235.2241306,43,75,-52
1739724235.2701306,-71,96,-3
1739724235.3151307,14,46,-76
1739724235.3611307,22,43,-150
1739724235.4071307,-21,24,-54
1739724235.4581306,-60,1,-3
1739724235.5041306,-75,-61,-101
1739724235.5501306,136,-30,-144
1739724235.5951307,-10,-25,-34
1739724235.6411307,36,82,36
1739724235.6871307,70,-8,114
1739724235.7321308,4,0,-22
1739724235.7781308,19,-73,10
1739724235.8241308,1,-65,17
1739724235.8701308,-63,10,-23
1739724235.9151306,-38,66,-87
1739724235.9611306,7,83,15
1739724236.0071306,7,9,-94
1739724236.0521307,17,4,-20
1739724236.0981307,-5,-8,47
1739724236.1441307,-74,-79,-58
1739724236.1901307,-24,61,-31
1739724236.2351308,-16,7,1
1739724236.2811308,-12,87,-93
1739724236.3271308,12,-18,-50
1739724236.3721306,11,69,-107
1739724236.4181306,-38,-28,-46
1739724236.4641306,-41,42,-29
1739724236.5101306,-40,52,-17
1739724236.5551307,30,28,-22
1739724236.6011307,-98,32,-1
1739724236.6471307,-68,29,-101
1739724236.6921306,83,5,-64
1739724236.7381306,-25,-60,4
1739724236.7841306,-3,-50,-22
1739724236.8301306,-13,29,-53
1739724236.875131,23,27,-90
1739724236.921131,-49,-21,3
1739724236.967131,-8,-14,-15
1739724237.0121307,-49,-23,-59
1739724237.0581307,66,-1,-74
1739724237.1041307,40,80,-102
1739724237.1501307,-80,-6,-45
1739724237.1951306,-9,-7,33
1739724237.2411306,1,25,35
1739724237.2871306,-14,-17,2
1739724237.332131,-41,-54,6
1739724237.378131,-88,-47,-29
1739724237.424131,-1,10,1
1739724237.4701307,-20,4,13
1739724237.5151308,5,17,-29
1739724237.5611308,-10,-30,-132
1739724237.6071308,-56,28,-109
1739724237.6521306,27,13,-3
1739724237.6981306,-42,58,33
1739724237.7441306,3,-1,-136
1739724237.7901306,75,27,-56
1739724237.8351307,-23,-56,-46
1739724237.8811307,-29,51,-41
1739724237.9271307,-5,-6,4
1739724237.9721308,-27,-44,-84
1739724238.0181308,-41,50,-123
1739724238.0641308,-15,13,-73
1739724238.1101308,-70,66,-23
1739724238.1551306,-36,4,-41
1739724238.2011306,-75,-51,-153
1739724238.2471306,-56,-47,-107
1739724238.2921307,0,90,-145
1739724238.3381307,-55,-17,9
1739724238.3841307,21,53,-79
1739724238.4301307,-27,-10,41
1739724238.4751308,-14,59,-35
1739724238.5211308,-55,20,-49
1739724238.5671306,60,-69,20
1739724238.6121306,0,-8,-120
1739724238.6581306,-3,50,65
1739724238.7041306,46,59,-70
1739724238.750131,-66,31,-31
1739724238.7951307,32,70,10
1739724238.8411307,34,14,-80
1739724238.8871307,44,69,12
1739724238.9321306,94,58,-74
1739724238.9781306,-45,-22,-51
1739724239.0241306,48,-34,-102
1739724239.0701306,-4,4,-157
1739724239.115131,-25,14,-125
1739724239.161131,-32,-15,-29
1739724239.207131,98,87,-90
1739724239.2521307,-50,-47,-113
1739724239.2981308,-13,29,39
1739724239.3441308,-36,48,-17
1739724239.3901308,66,-20,-46
1739724239.4351306,11,51,-139
1739724239.4811306,46,-1,38
1739724239.5271306,-6,22,67
1739724239.572131,4,21,-152
1739724239.6181307,41,-11,6
1739724239.6641307,-41,72,-17
1739724239.7081306,-11,35,-41
1739724239.7541306,6,-49,-132
1739724239.8001306,-52,60,-101
1739724239.8461306,11,49,53
1739724239.8911307,-79,0,-106
1739724239.9371307,29,-6,-22
1739724239.9831307,-49,-41,-41
1739724240.0281308,88,32,-72
1739724240.0741308,99,-25,5
1739724240.1201308,49,44,-64
1739724240.1661308,51,-117,-20
1739724240.2111306,29,-6,-114
1739724240.2571306,52,-20,-95
1739724240.3031306,33,-46,-69
1739724240.3481307,-68,-5,-78
1739724240.3941307,-36,3,-48
1739724240.4401307,36,98,-105
1739724240.4861307,-57,56,-2
1739724240.5311308,16,-16,64
1739724240.5771308,61,11,1
1739724240.6231308,-23,0,26
1739724240.6681306,-8,-80,-193
1739724240.7141306,5,-43,13
1739724240.7601306,-81,-4,-52
1739724240.8061306,24,43,-73
1739724240.8511307,4,21,136
1739724240.8971307,-33,33,-50
1739724240.9431307,-38,44,-93
1739724240.9881306,-97,20,8
1739724241.0341306,-73,-33,-93
1739724241.0801306,-33,-1,-73
1739724241.1261306,2,-11,-21
1739724241.171131,-54,-49,-157
1739724241.217131,2,13,-3
1739724241.263131,-8,-6,-93
1739724241.3081307,-54,15,-40
1739724241.3541307,115,31,-37
1739724241.4001307,11,47,22
1739724241.4461308,-10,18,-43
1739724241.4911306,-29,26,-31
1739724241.5371306,-14,-2,-121
1739724241.5831306,4,77,-115
1739724241.628131,-40,-53,-23
1739724241.674131,-16,15,-85
1739724241.7201307,-23,11,-129
1739724241.7661307,32,38,-25
1739724241.8111308,19,9,-111
1739724241.8571308,16,65,-77
1739724241.9031308,68,-46,30
1739724241.9481306,-49,-51,-40
1739724241.9941306,49,38,-57
1739724242.0401306,38,108,-81
1739724242.0861306,-33,59,-25
1739724242.1311307,-2,-53,-133
1739724242.1771307,36,52,-125
1739724242.2231307,23,3,-133
1739724242.2681308,-9,27,-83
1739724242.3141308,-24,16,-69
1739724242.3601308,-32,13,-10
1739724242.4061308,-73,-45,-106
1739724242.4511306,46,47,-33
1739724242.4971306,44,-27,-81
1739724242.5431306,-3,8,-67
1739724242.5881307,-8,13,28
1739724242.6341307,-15,-43,-29
1739724242.6801307,-28,83,14
1739724242.7261307,1,56,48
1739724242.7711308,76,-2,-87
1739724242.8171306,-31,13,-95
1739724242.8631306,39,-9,-23
1739724242.9081306,54,-5,49
1739724242.9541306,-38,26,-4
1739724243.000131,-35,72,66
1739724243.046131,-12,-27,-89
1739724243.0911307,32,6,-19
1739724243.1371307,-10,-1,-6
1739724243.1831307,-15,15,-46
1739724243.2281306,-33,-35,-57
1739724243.2741306,-78,-10,-148
1739724243.3201306,3,-61,-211
1739724243.3661306,-2,-26,-69
1739724243.411131,66,-70,-61
1739724243.457131,129,-8,-75
1739724243.503131,80,77,-71
1739724243.5481308,-24,26,26
1739724243.5941308,0,-35,39
1739724243.6401308,-63,-38,46
1739724243.6851306,-50,5,-116
1739724243.7311306,11,-2,-1
1739724243.7771306,-45,-4,-72
1739724243.8231306,-4,22,-63
1739724243.8681307,52,-52,-33
1739724243.9141307,9,-36,-27
1739724243.9601307,-20,48,-12
1739724244.0051308,22,47,-141
1739724244.0511308,-2,32,-149
1739724244.0971308,13,22,-97
1739724244.1431308,82,47,-15
1739724244.1881306,10,16,62
1739724244.2341306,-37,-15,-96
1739724244.2801306,-4,48,19
1739724244.3251307,58,-25,-137
1739724244.3711307,22,-7,31
1739724244.4171307,39,-31,43
1739724244.4631307,-66,19,-62
1739724244.5081308,0,-29,2
1739724244.5541308,61,39,-81
1739724244.6001308,13,56,7
1739724244.6451306,-27,21,50
1739724244.6911306,-23,6,-14
1739724244.7371306,40,-21,96
1739724244.7831306,10,65,-21
1739724244.8281307,94,-65,-111
1739724244.8741307,-57,-8,-62
1739724244.9201307,-63,-6,-44
1739724244.9651306,6,-7,-73
1739724245.0111306,-51,11,70
1739724245.0571306,107,-58,57
1739724245.1031306,-14,-7,-2
1739724245.148131,-7,57,-109
1739724245.194131,-2,-30,-171
1739724245.240131,-30,-35,10
1739724245.2851307,-8,49,-6
1739724245.3311307,-21,-10,-137
1739724245.3771307,-12,-56,-37
1739724245.4231308,15,18,-77
1739724245.4741306,-84,-40,-96
1739724245.5201306,21,19,-121
1739724245.5651307,-23,28,-27
1739724245.6111307,13,-14,26
1739724245.6571307,-54,15,-125
1739724245.7031307,19,19,-37
1739724245.7481308,-10,35,-135
1739724245.7941308,16,2,-33
1739724245.8401306,5,49,-31
1739724245.8851306,23,-17,-179
1739724245.9311306,-47,43,40
1739724245.977131,76,-13,-23
1739724246.023131,13,38,-103
1739724246.069131,-73,-28,80
1739724246.115131,-4,-61,-67
1739724246.161131,-15,84,30
1739724246.207131,26,-72,0
1739724246.2521307,-49,35,-72
1739724246.2981308,-10,65,-24
1739724246.3441308,2,-73,-35
1739724246.3891306,-20,16,-137
1739724246.4351306,0,-24,-145
1739724246.4811306,69,-6,-62
1739724246.5271306,21,-40,-51
1739724246.572131,-40,32,40
1739724246.6181307,18,58,-15
1739724246.6641307,-14,-44,14
1739724246.7091308,-7,57,-107
1739724246.7551308,13,-3,-47
1739724246.8011308,-65,-29,22
1739724246.8471308,-25,-16,-2
1739724246.8921306,44,-7,-51
1739724246.9381306,-40,72,-171
1739724246.9841306,-39,-8,34
1739724247.0291307,9,57,-155
1739724247.0751307,0,-41,0
1739724247.1211307,56,-4,-227
1739724247.1671307,59,21,67
1739724247.2121308,-7,2,-35
1739724247.2581308,35,-57,-108
1739724247.3041308,0,18,-129
1739724247.3491306,32,30,-77
1739724247.3951306,-47,67,-19
1739724247.4411306,3,-31,30
1739724247.4871306,10,14,-61
1739724247.5321307,-9,79,-199
1739724247.5781307,22,13,-65
1739724247.6241307,1,-15,-97
1739724247.6691308,51,4,-33
1739724247.7151306,6,11,40
1739724247.7611306,-1,8,-77
1739724247.8071306,-54,38,-163
1739724247.852131,-86,-41,92
1739724247.898131,2,21,15
1739724247.944131,-8,51,-109
1739724247.9891307,28,15,-23
1739724248.0351307,-43,-64,10
1739724248.0811307,-58,-34,32
1739724248.1271307,-33,80,-56
1739724248.1721306,-58,36,-82
1739724248.2181306,39,54,-47
1739724248.2641306,47,21,-173
1739724248.309131,5,7,-35
1739724248.355131,61,37,-23
1739724248.401131,113,-6,41
1739724248.447131,-98,60,-84
1739724248.4921308,4,-43,64
1739724248.5381308,0,1,-25
1739724248.5841308,-14,-19,-32
1739724248.6291306,-21,10,-40
1739724248.6751306,11,-16,-145
1739724248.7211306,84,43,-165
1739724248.7671306,-23,-85,-78
1739724248.8121307,7,71,-61
1739724248.8581307,12,-26,-9
1739724248.9041307,-59,-44,-86
1739724248.9491308,24,-98,31
1739724248.9951308,19,20,-67
1739724249.0411308,2,-63,-5
1739724249.0871308,-43,103,21
1739724249.1321306,42,-2,-15
1739724249.1781306,-43,103,-111
1739724249.2241306,3,-15,-35
1739724249.2691307,-33,5,-123
1739724249.3151307,-82,-18,14
1739724249.3611307,3,7,-41
1739724249.4071307,19,1,-73
1739724249.4521308,73,36,-39
1739724249.4981308,15,-30,-57
1739724249.5441308,48,83,3
1739724249.5891306,-43,-64,-28
1739724249.6351306,-36,0,-54
1739724249.6811306,-13,23,96
1739724249.727131,-4,34,-75
1739724249.7721307,-37,44,-15
1739724249.8181307,57,-17,-51
1739724249.8641307,51,42,-3
1739724249.9091306,-67,-5,42
1739724249.9551306,29,117,-83
1739724250.0011306,-42,-20,-36
1739724250.0471306,2,62,-45
1739724250.092131,-17,60,-47
1739724250.138131,-78,115,0
1739724250.184131,52,-22,-103
1739724250.2291307,-113,44,2
1739724250.2751307,-19,-31,-85
1739724250.3211308,-31,-49,-97
1739724250.3671308,-29,25,-57
1739724250.4121306,35,-49,84
1739724250.4581306,-12,0,-94
1739724250.5041306,9,-18,10
1739724250.549131,54,48,-14
1739724250.5951307,-95,46,-1
1739724250.6411307,98,31,42
1739724250.6871307,47,-34,-12
1739724250.7321308,6,57,-14
1739724250.7781308,19,-31,-20
1739724250.8241308,16,52,68
1739724250.8691306,33,24,-30
1739724250.9151306,-11,-33,-126
1739724250.9611306,26,17,6
1739724251.0071306,-82,0,-183
1739724251.0521307,-16,17,-30
1739724251.0981307,0,22,-27
1739724251.1441307,-15,15,-138
1739724251.1891308,101,-66,-15
1739724251.2351308,-45,51,-92
1739724251.2811308,2,-31,78
1739724251.3271308,-57,20,-34
1739724251.3721306,-43,93,-10
1739724251.4181306,3,-7,-149
1739724251.4641306,-55,38,0
1739724251.5091307,-4,60,-69
1739724251.5551307,-23,36,-81
1739724251.6011307,46,0,52
1739724251.6471307,-75,-35,17
1739724251.6921306,25,53,-94
1739724251.7381306,43,-21,-146
1739724251.7841306,103,-24,-78
1739724251.8291306,-22,44,-77
1739724251.875131,-9,-6,29
1739724251.921131,77,9,-34
1739724251.967131,15,-6,-54
1739724252.0121307,-24,24,-111
1739724252.0581307,39,-41,-44
1739724252.1041307,-3,-48,18
1739724252.1491306,64,0,-110
1739724252.1951306,-17,-3,-35
1739724252.2411306,-58,38,-25
1739724252.2871306,36,66,0
1739724252.332131,-40,-20,-3
1739724252.378131,-20,-30,-90
1739724252.424131,87,10,0
1739724252.4691308,28,19,35
1739724252.5151308,27,49,-123
1739724252.5611308,-15,17,-37
1739724252.6071308,51,-44,-24
1739724252.6521306,-32,-29,39
1739724252.6981306,11,-12,-122
1739724252.7441306,-56,28,-128
1739724252.7891307,47,10,-44
1739724252.8351307,29,-42,70
1739724252.8811307,-8,4,3
1739724252.9271307,-30,3,-11
1739724252.9721308,0,-81,-42
1739724253.0181308,30,75,-108
1739724253.0641308,4,47,65
1739724253.1091306,-30,-1,65
1739724253.1551306,-6,-24,53
1739724253.2011306,-24,16,-43
1739724253.2471306,11,16,53
1739724253.2921307,-9,11,-43
1739724253.3381307,-42,20,-49
1739724253.3841307,-24,12,-108
1739724253.4291308,47,-18,-64
1739724253.4751308,-77,32,-256
1739724253.5211308,49,47,-12
1739724253.5661306,31,22,-42
1739724253.6121306,-3,-101,-122
1739724253.6581306,-39,-29,-54
1739724253.7041306,33,12,-142
1739724253.7491307,-40,86,-50
1739724253.7951307,19,48,-41
1739724253.8411307,2,48,7
1739724253.8861306,11,10,-74
1739724253.9321306,0,-15,24
1739724253.9781306,-23,-60,-178
1739724254.0241306,25,-27,-58
1739724254.069131,25,47,7
1739724254.115131,29,-8,-140
1739724254.161131,-10,41,-45
1739724254.2061307,37,-99,-30
1739724254.2521307,-4,24,27
1739724254.2981308,-49,31,-73
1739724254.3441308,-36,-50,-16
1739724254.3891306,58,94,-64
1739724254.4351306,36,-17,-40
1739724254.4811306,-8,23,-17
1739724254.526131,-115,40,99
1739724254.572131,-13,-7,-116
1739724254.6181307,38,-19,-24
1739724254.6641307,23,15,-57
1739724254.7091308,-2,8,31
1739724254.7551308,-49,-56,16
1739724254.8011308,-79,-38,22
1739724254.8461306,3,-63,-2
1739724254.8921306,-30,-15,20
1739724254.9381306,-51,73,39
1739724254.9841306,-55,-93,-84
1739724255.0291307,-62,48,-35
1739724255.0751307,-87,-1,-82
1739724255.1211307,-80,85,-7
1739724255.1661308,-80,-26,-10
1739724255.2121308,-2,20,-113
1739724255.2581308,88,-36,24
1739724255.3041308,7,79,23
1739724255.3491306,-16,-103,-98
1739724255.3951306,31,-3,-13
1739724255.4461308,-7,11,21
1739724255.4921308,7,10,-13
1739724255.5381308,-55,-18,-64
1739724255.5841308,-63,-17,-20
1739724255.6291306,-66,-25,-80
1739724255.674131,46,-15,-13
1739724255.7201307,-64,-25,-10
1739724255.7651308,-24,41,11
1739724255.8111308,57,-30,-204
1739724255.8571308,56,53,-73
1739724255.9021306,36,-50,26
1739724255.9481306,-55,53,-45
1739724255.9941306,-73,-4,74
1739724256.0401306,-30,3,-80
1739724256.0851307,-16,-12,118
1739724256.1311307,-24,-31,-16
1739724256.1771307,34,-74,-18
1739724256.2221308,29,48,-23
1739724256.2681308,103,10,-3
1739724256.3141308,25,66,-51
1739724256.3601308,-8,3,-70
1739724256.4051306,-44,29,2
1739724256.4511306,72,15,-143
1739724256.4971306,-35,55,51
1739724256.5421307,-6,19,1
1739724256.5881307,-18,-16,-62
1739724256.6341307,16,-72,-12
1739724256.6801307,-10,20,-29
1739724256.7251308,16,61,71
1739724256.7711308,48,17,3
1739724256.8171306,52,35,-109
1739724256.8621306,84,40,21
1739724256.9081306,-38,2,-42
1739724256.9541306,81,-24,-95
1739724257.000131,69,-23,7
1739724257.0451307,-18,43,-5
1739724257.0911307,30,25,-19
1739724257.1371307,-15,10,59
1739724257.1821306,-78,2,-26
1739724257.2281306,-2,-41,-10
1739724257.2741306,-5,3,2
1739724257.3201306,60,8,-8
1739724257.365131,-29,-12,-27
1739724257.411131,-1,-11,-11
1739724257.457131,109,-11,-36
1739724257.5021307,53,34,37
1739724257.5481308,-32,89,-80
1739724257.5941308,-41,45,-52
1739724257.6401308,-78,-2,57
1739724257.6851306,-6,-19,1
1739724257.7311306,40,-23,-44
1739724257.7771306,36,16,-140
1739724257.822131,-28,0,-55
1739724257.8681307,-12,-21,69
1739724257.9141307,-143,67,47
1739724257.9601307,38,-7,68
1739724258.0051308,-13,-27,-266
1739724258.0511308,-19,-49,-93
1739724258.0971308,26,-40,91
1739724258.1421306,10,29,-132
1739724258.1881306,67,53,104
1739724258.2341306,36,64,-96
1739724258.2801306,12,-1,-138
1739724258.3251307,-46,-44,-21
1739724258.3711307,57,3,-146
1739724258.4171307,-19,-33,-15
1739724258.4621308,-4,24,-192
1739724258.5081308,83,-28,0
1739724258.5541308,0,0,-176
1739724258.6001308,77,-37,-50
1739724258.6451306,18,-21,-98
1739724258.6911306,-1,-26,-78
1739724258.7371306,-38,58,-41
1739724258.7821307,18,-25,-66
1739724258.8281307,126,-11,-100
1739724258.8741307,-103,-60,-35
1739724258.9201307,14,-38,-64
1739724258.9651306,-33,27,-25
1739724259.0111306,45,57,-2
1739724259.0571306,-52,13,-125
1739724259.102131,7,19,-100
1739724259.148131,-4,-62,-56
1739724259.194131,1,0,-22
1739724259.240131,81,-55,64
1739724259.2851307,-30,-58,-73
1739724259.3311307,-40,-16,-61
1739724259.3771307,-49,47,-43
1739724259.4221306,25,-76,-102
1739724259.4681306,67,4,-86
1739724259.5141306,-15,-11,-13
1739724259.5601306,-50,17,-39
1739724259.605131,76,-25,-20
1739724259.651131,41,118,2
1739724259.697131,3,-13,-90
1739724259.7421308,-32,-25,25
1739724259.7881308,-38,42,-63
1739724259.8341308,20,-65,-84
1739724259.8801308,3,-33,-94
1739724259.9251306,-4,-4,49
1739724259.9711306,-12,37,26
1739724260.0171306,-56,2,-93
1739724260.0621307,-1,-20,-88
1739724260.1081307,-21,-12,31
1739724260.1541307,-20,12,-93
1739724260.2001307,11,2,-38
1739724260.2451308,-23,26,-5
1739724260.2911308,-21,-30,9
1739724260.3371308,18,16,-74
1739724260.3821306,-37,-9,-73
1739724260.4281306,-5,-52,49
1739724260.4741306,56,-9,-112
1739724260.5201306,1,32,-42
1739724260.5651307,-75,64,-57
1739724260.6111307,-23,8,-155
1739724260.6571307,-20,20,-121
1739724260.7021308,105,4,40
1739724260.7481308,43,7,-62
1739724260.7941308,-22,28,73
1739724260.8401306,-4,12,-5
1739724260.8851306,-58,-26,19
1739724260.9311306,-29,93,37
1739724260.977131,-70,-9,37
1739724261.0221307,-10,-9,-46
1739724261.0681307,-11,29,-129
1739724261.1141307,-18,-17,-90
1739724261.1601307,7,15,47
1739724261.2051306,29,27,152
1739724261.2511306,51,-40,62
1739724261.2971306,-10,121,-43
1739724261.342131,-8,-18,-14
1739724261.388131,12,18,-122
1739724261.434131,-5,-40,-92
1739724261.480131,-56,84,85
1739724261.5251307,47,-82,-50
1739724261.5711308,27,49,5
1739724261.6171308,-18,-71,-62
1739724261.6621306,-50,-31,39
1739724261.7081306,-14,-35,38
1739724261.7541306,-44,22,-91
1739724261.8001306,-4,4,41
1739724261.8451307,70,56,64
1739724261.8911307,50,-32,-162
1739724261.9371307,-4,42,-39
1739724261.9821308,-4,24,-7
1739724262.0281308,19,36,-24
1739724262.0741308,29,143,-41
1739724262.1201308,82,-19,-38
1739724262.1651306,5,15,-9
1739724262.2111306,1,7,8
1739724262.2571306,85,-76,-150
1739724262.3021307,42,13,14
1739724262.3481307,-99,-60,-81
1739724262.3941307,79,41,4
1739724262.4401307,52,28,106
1739724262.4851308,-83,45,-9
1739724262.5311308,0,-77,-46
1739724262.5771308,-57,-67,-49
1739724262.6221306,33,6,-4
1739724262.6681306,-10,113,-11
1739724262.7141306,52,-6,76
1739724262.7601306,37,36,-78
1739724262.8051307,-34,-1,-15
1739724262.8511307,-14,17,-105
1739724262.8971307,35,40,-78
1739724262.9421306,23,5,-2
1739724262.9881306,-50,-57,39
1739724263.0341306,-20,-2,-119
1739724263.0801306,1,-29,121
1739724263.125131,31,-56,-52
1739724263.171131,-27,-4,37
1739724263.217131,-17,-13,19
1739724263.2621307,0,0,-108
1739724263.3081307,2,82,-66
1739724263.3541307,-33,-31,-3
1739724263.4001307,4,11,44
1739724263.4451306,39,-71,-154
1739724263.4911306,-13,9,-33
1739724263.5371306,-31,-15,-97
1739724263.582131,56,-25,-150
1739724263.628131,-24,52,-83
1739724263.674131,-48,21,27
1739724263.7191308,33,24,-6
1739724263.7651308,44,29,16
1739724263.8111308,45,-17,-138
1739724263.8571308,13,56,18
1739724263.9021306,-17,-13,-59
1739724263.9481306,65,-16,-74
1739724263.9941306,34,-59,-40
1739724264.0391307,-7,0,-48
1739724264.0851307,0,-17,-22
1739724264.1311307,-38,20,-23
1739724264.1771307,-33,80,-72
1739724264.2221308,20,11,48
1739724264.2681308,-30,19,-65
1739724264.3141308,62,27,-90
1739724264.3591306,98,-43,-112
1739724264.4051306,-100,54,-28
1739724264.4511306,35,-71,42
1739724264.4971306,5,-55,40
1739724264.5421307,-37,-14,-129
1739724264.5881307,-41,2,-39
1739724264.6341307,19,0,-23
1739724264.6791308,-61,49,23
1739724264.7251308,-46,-57,-127
1739724264.7711308,-82,-17,-123
1739724264.8171306,36,27,-149
1739724264.8621306,37,-36,28
1739724264.9081306,-15,58,-91
1739724264.9541306,52,-29,-95
1739724264.9991307,-5,3,-17
1739724265.0451307,-29,-34,18
1739724265.0911307,-33,-13,-81
1739724265.1371307,8,15,-89
1739724265.1821306,-20,36,-89
1739724265.2281306,13,57,-33
1739724265.2741306,25,20,32
1739724265.3181307,6,52,-7
1739724265.3641307,33,0,-53
1739724265.4101307,4,10,18
1739724265.4611306,9,5,15
1739724265.5071306,-51,79,-121
1739724265.5531306,-43,62,-101
1739724265.5981307,-45,-28,32
1739724265.6441307,30,14,19
1739724265.6901307,-44,14,22
1739724265.7351308,-27,-10,-77
1739724265.7811308,13,-36,-55
1739724265.8271308,1,-17,-99
1739724265.8731308,-3,-103,-68
1739724265.9181306,0,-31,52
1739724265.9641306,-26,-4,54
1739724266.0101306,-42,-20,0
1739724266.0551307,17,20,-39
1739724266.1011307,-69,-9,38
1739724266.1471307,10,-40,-10
1739724266.1931307,0,28,17
1739724266.2381306,-38,-39,-56
1739724266.2841306,-55,44,-113
1739724266.3301306,-4,16,-81
1739724266.375131,-2,18,-15
1739724266.421131,-16,-3,48
1739724266.467131,18,14,118
1739724266.513131,-65,83,-10
1739724266.5581307,51,-1,73
1739724266.6041307,50,-8,-63
1739724266.6501307,-12,49,-53
1739724266.6951306,-46,18,18
1739724266.7411306,-84,53,-64
1739724266.7871306,-6,30,-1
1739724266.8331306,-15,65,-43
1739724266.878131,18,-2,13
1739724266.924131,52,30,-21
1739724266.9701307,126,-7,-61
1739724267.0151308,-13,-29,-86
1739724267.0611308,-59,-26,74
1739724267.1071308,-73,6,100
1739724267.1531308,-29,5,-43
1739724267.1981306,23,-29,-39
1739724267.2441306,52,-24,1
1739724267.2901306,-9,-50,-108
1739724267.3351307,-81,28,-95
1739724267.3811307,-2,92,-47
1739724267.4271307,56,14,-17
1739724267.4731307,-14,49,1
1739724267.5181308,52,32,-121
1739724267.5641308,-8,-22,-155
1739724267.6101308,39,60,1
1739724267.6551306,-1,46,25
1739724267.7011306,44,15,-73
1739724267.7471306,8,47,49
1739724267.7931306,-16,11,30
1739724267.8381307,43,-39,-35
1739724267.8841307,38,92,-53
1739724267.9301307,0,30,15
1739724267.9751308,-40,14,54
1739724268.0211308,84,25,15
1739724268.0671306,-26,49,-107
1739724268.1131306,-9,42,-71
1739724268.1581306,-105,-27,-10
1739724268.2041306,-39,29,66
1739724268.250131,-50,58,-111
1739724268.2951307,24,16,-115
1739724268.3411307,2,57,-135
1739724268.3871307,-9,22,-87
1739724268.4331307,-72,-37,-110
1739724268.4781306,-6,11,-7
1739724268.5241306,36,-83,-55
1739724268.5701306,9,27,3
1739724268.615131,-12,-23,-44
1739724268.661131,53,58,-71
1739724268.707131,-60,-38,-108
1739724268.753131,15,-11,-35
1739724268.7981308,-61,4,54
1739724268.8441308,-1,-62,42
1739724268.8901308,113,-56,50
1739724268.9351306,47,18,-71
1739724268.9811306,12,71,1
1739724269.0271306,29,3,-121
1739724269.0731306,-21,22,19
1739724269.1181307,-31,-66,-50
1739724269.1641307,-23,22,-53
1739724269.2101307,23,-12,28
1739724269.2551308,16,-7,34
1739724269.3011308,-14,-2,-39
1739724269.3471308,102,62,-25
1739724269.3931308,-97,10,-38
1739724269.4381306,44,8,-49
1739724269.4841306,-47,9,-111
1739724269.5301306,-33,-31,32
1739724269.5751307,-63,28,-28
1739724269.6211307,6,57,-79
1739724269.6671307,-61,-25,-69
1739724269.7131307,52,33,-117
1739724269.7581308,67,38,-21
1739724269.8041308,-46,54,96
1739724269.8501308,0,-1,-43
1739724269.8951306,60,5,-193
1739724269.9411306,-27,43,20
1739724269.9871306,-25,-69,-95
1739724270.0331306,-53,11,-51
1739724270.0781307,-16,74,-55
1739724270.1241307,-41,-4,-30
1739724270.1701307,43,-23,-49
1739724270.2151306,94,110,7
1739724270.2611306,-9,35,-20
1739724270.3071306,26,7,-93
1739724270.3531306,56,-51,-119
1739724270.398131,85,5,59
1739724270.444131,-52,61,-10
1739724270.490131,-44,48,-68
1739724270.5351307,98,-4,-13
1739724270.5811307,-14,-59,-63
1739724270.6271307,34,-8,156
1739724270.6731308,34,-30,-71
1739724270.7181306,82,-8,-25
1739724270.7641306,41,41,-71
1739724270.8101306,-86,65,46
1739724270.855131,-20,-33,3
1739724270.901131,89,-30,-51
1739724270.947131,56,24,-117
1739724270.9931307,-81,38,0
1739724271.0381308,14,6,-1
1739724271.0841308,-22,-46,-43
1739724271.1301308,0,-25,-11
1739724271.1751306,-20,-4,-123
1739724271.2211306,41,-25,-91
1739724271.2671306,47,-10,-29
1739724271.3131306,51,-1,-55
1739724271.3581307,25,23,88
1739724271.4041307,-41,6,50
1739724271.4501307,-5,-54,-53
1739724271.4951308,57,0,-29
1739724271.5411308,-4,-48,20
1739724271.5871308,-18,-59,-97
1739724271.6331308,-8,-36,92
1739724271.6781306,20,1,-61
1739724271.7241306,22,1,-51
1739724271.7701306,-48,-30,-115
1739724271.8151307,-37,58,90
1739724271.8611307,41,66,-6
1739724271.9071307,-70,-31,-173
1739724271.9531307,-17,114,-108
1739724271.9981308,5,-7,-99
1739724272.0441308,14,-16,-27
1739724272.0901306,64,-66,39
1739724272.1351306,109,-16,-49
1739724272.1811306,31,129,-98
1739724272.227131,-6,22,-83
1739724272.273131,-42,22,-28
1739724272.3181307,-10,-36,21
1739724272.3641307,71,-7,63
1739724272.4101307,54,0,7
1739724272.4551306,4,108,-18
1739724272.5011306,20,38,2
1739724272.5471306,-13,-3,-105
1739724272.5931306,9,11,40
1739724272.638131,107,6,-83
1739724272.6831307,-31,-41,-173
1739724272.7291307,3,-41,-33
1739724272.7741306,-76,50,-24
1739724272.8201306,0,56,-129
1739724272.8661306,-35,17,24
1739724272.911131,6,1,-53
1739724272.957131,-22,-34,-13
1739724273.003131,-92,48,-48
1739724273.049131,43,-25,35
1739724273.0941308,56,-35,116
1739724273.1401308,9,53,-131
1739724273.1861308,76,-33,-33
1739724273.2311306,-60,-12,-85
1739724273.2771306,14,-18,47
1739724273.3231306,1,-39,-23
1739724273.3691306,25,13,-21
1739724273.4141307,33,-48,-117
1739724273.4601307,6,-31,-33
1739724273.5061307,61,11,-115
1739724273.5511308,-1,70,-58
1739724273.5971308,-86,9,-141
1739724273.6431308,-15,0,-35
1739724273.6881306,-64,-8,-183
1739724273.7341306,-11,37,54
1739724273.7801306,110,-24,-37
1739724273.8261306,-24,4,18
1739724273.8711307,5,35,64
1739724273.9171307,-59,-55,-23
1739724273.9631307,15,-22,-5
1739724274.0081308,-16,3,-53
1739724274.0541308,28,61,28
1739724274.1001308,-63,-4,-57
1739724274.1461308,-11,-43,67
1739724274.1911306,-22,21,-159
1739724274.2371306,12,-13,-9
1739724274.2831306,-29,0,-35
1739724274.3281307,2,8,-133
1739724274.3741307,-25,74,-71
1739724274.4201307,-10,58,-82
1739724274.4661307,41,-6,36
1739724274.5111306,14,44,146
1739724274.5571306,-18,-31,44
1739724274.6031306,23,9,-109
1739724274.648131,-19,-7,-23
1739724274.694131,58,35,-147
1739724274.740131,16,0,-39
1739724274.786131,59,-7,-7
1739724274.8311307,-13,-7,-5
1739724274.8771307,-39,-17,226
1739724274.9231308,24,19,-33
1739724274.9681306,-50,11,-49
1739724275.0141306,32,-32,-47
1739724275.0601306,-39,1,-46
1739724275.1061306,-7,39,92
1739724275.151131,-33,-87,-8
1739724275.197131,-1,-34,-167
1739724275.2431307,47,23,31
1739724275.2881308,-38,-55,-38
1739724275.3341308,-19,66,-8
1739724275.3801308,-24,-26,-49
1739724275.4261308,6,0,-5
1739724275.477131,-31,-13,-18
1739724275.523131,48,12,-41
1739724275.5681307,-52,2,-64
1739724275.6141307,-6,-6,-131
1739724275.6601307,35,-18,-101
1739724275.7061307,-37,-29,-60
1739724275.7511306,-54,-21,24
1739724275.7971306,69,20,-37
1739724275.8431306,60,-27,-99
1739724275.888131,-5,-50,52
1739724275.9351306,-41,-28,0
1739724275.9811306,15,-34,11
1739724276.0271306,-32,-19,-119
1739724276.072131,-10,51,-69
1739724276.1181307,34,-22,-119
1739724276.1641307,6,33,30
1739724276.2101307,-45,-38,-16
1739724276.2551308,37,46,-71
1739724276.3011308,0,-6,-241
1739724276.3471308,77,-4,37
1739724276.3921306,16,10,162
1739724276.4381306,-6,18,-33
1739724276.4841306,84,-18,-37
1739724276.5301306,-41,30,-155
1739724276.5751307,-4,-3,-25
1739724276.6211307,-26,-19,-165
1739724276.6671307,58,40,30
1739724276.7121308,87,36,-35
1739724276.7581308,1,-56,-107
1739724276.8041308,2,21,-45
1739724276.8501308,24,23,-111
1739724276.8951306,0,14,-81
1739724276.9411306,-7,28,-49
1739724276.9871306,62,68,37
1739724277.0321307,27,-15,-75
1739724277.0781307,-15,41,-91
1739724277.1241307,-11,41,-75
1739724277.1701307,34,8,-7
1739724277.2151306,31,24,-17
1739724277.2611306,29,-20,-91
1739724277.3071306,-93,4,-100
1739724277.352131,-48,41,-36
1739724277.398131,7,-21,-57
1739724277.444131,-27,-2,-15
1739724277.490131,-46,-12,-93
1739724277.5351307,34,-36,-39
1739724277.5811307,96,-40,-223
1739724277.6271307,32,19,84
1739724277.6721306,-39,-68,106
1739724277.7181306,-37,40,-47
1739724277.7641306,-4,48,-207
1739724277.8101306,-25,10,-113
1739724277.855131,121,-25,-77
1739724277.901131,5,-5,-89
1739724277.947131,-51,69,-56
1739724277.9921308,20,0,2
1739724278.0381308,-41,36,-8
1739724278.0841308,-43,32,-4
1739724278.1301308,-54,42,-130
1739724278.1751306,-91,-53,-33
1739724278.2211306,5,-19,54
1739724278.2671306,51,-62,-47
1739724278.3121307,-25,8,-73
1739724278.3581307,11,-86,0
1739724278.4041307,-18,38,6
1739724278.4501307,-103,1,-76
1739724278.4951308,13,-36,-5
1739724278.5411308,-40,38,-64
1739724278.5871308,41,59,23
1739724278.6321306,64,47,27
1739724278.6781306,19,5,-89
1739724278.7241306,-26,-8,-84
1739724278.7701306,54,40,-87
1739724278.8151307,-69,71,24
1739724278.8611307,-17,-7,38
1739724278.9071307,-7,10,48
1739724278.9521308,-3,-48,7
1739724278.9981308,103,-10,-93
1739724279.0441308,27,29,-71
1739724279.0901306,-2,-18,-65
1739724279.1351306,83,5,-13
1739724279.1811306,-38,26,-42
1739724279.227131,52,20,-5
1739724279.2721307,15,66,-213
1739724279.3181307,5,-5,15
1739724279.3641307,-68,-25,-198
1739724279.4101307,46,-54,-75
1739724279.4551306,2,23,36
1739724279.5011306,108,-92,21
1739724279.5471306,8,-48,-37
1739724279.592131,30,2,58
1739724279.638131,-3,70,-10
1739724279.684131,-45,-14,-79
1739724279.730131,25,-70,-77
1739724279.7751307,17,18,-73
1739724279.8211308,-61,30,-64
1739724279.8671308,48,-26,-99
1739724279.9121306,5,-92,-24
1739724279.9581306,26,-27,-43
1739724280.0041306,-10,29,30
1739724280.0501306,-18,96,-95
1739724280.0951307,-48,31,64
1739724280.1411307,-58,96,11
1739724280.1871307,-19,4,-35
1739724280.2321308,49,-78,-43
1739724280.2781308,24,36,-95
1739724280.3241308,34,-37,-71
1739724280.3701308,-14,29,-201
1739724280.4151306,-7,4,-45
1739724280.4611306,-57,-12,-45
1739724280.5071306,-47,49,-15
1739724280.5521307,65,41,-69
1739724280.5981307,-3,-61,34
1739724280.6441307,-58,17,60
1739724280.6901307,34,-4,-87
1739724280.7351308,-77,-14,24
1739724280.7811308,56,52,-169
1739724280.8271308,-113,32,68
1739724280.8721306,31,18,51
1739724280.9181306,32,46,-117
1739724280.9641306,-6,36,18
1739724281.0101306,-36,-59,24
1739724281.0551307,-20,-115,-14
1739724281.1011307,53,36,-107
1739724281.1471307,15,38,23
1739724281.1921306,-11,5,-23
1739724281.2381306,-87,-7,-251
1739724281.2841306,-22,0,-85
1739724281.3301306,22,11,-51
1739724281.375131,33,40,-81
1739724281.421131,-86,77,-66
1739724281.467131,11,32,18
1739724281.5121307,37,-5,10
1739724281.5581307,76,-34,-144
1739724281.6041307,6,19,11
1739724281.6501307,22,25,53
1739724281.6951306,20,7,-8
1739724281.7411306,25,1,-42
1739724281.7871306,31,-56,-6
1739724281.832131,63,55,-70
1739724281.878131,28,71,-130
1739724281.924131,43,-17,-44
1739724281.9701307,7,-35,-92
1739724282.0151308,4,-21,-74
1739724282.0611308,89,22,2
1739724282.1071308,-5,38,-80
1739724282.1521306,20,13,48
1739724282.1981306,-32,11,-35
1739724282.2441306,-13,21,-76
1739724282.2901306,-84,-16,-69
1739724282.3351307,-26,-22,-11
1739724282.3811307,-27,49,-86
1739724282.4271307,42,-25,0
1739724282.4721308,-59,-28,-5
1739724282.5181308,-36,62,29
1739724282.5641308,-57,10,47
1739724282.6101308,100,-11,-70
1739724282.6551306,61,29,50
1739724282.7011306,-15,96,-35
1739724282.7471306,60,-34,9
1739724282.7921307,50,4,-96
1739724282.8381307,32,-17,69
1739724282.8841307,-20,-102,11
1739724282.9301307,34,-3,50
1739724282.9751308,0,30,-134
1739724283.0211308,49,-108,-36
1739724283.0671306,-73,-11,-55
1739724283.1121306,71,34,32
1739724283.1581306,-1,-16,11
1739724283.2041306,-23,28,-19
1739724283.250131,-24,-26,-53
1739724283.2951307,32,91,-126
1739724283.3411307,-25,24,-31
1739724283.3871307,38,28,-8
1739724283.4321306,37,-13,-58
1739724283.4781306,-26,34,-190
1739724283.5241306,46,-11,6
1739724283.5701306,28,13,66
1739724283.615131,6,37,60
1739724283.661131,-2,-6,11
1739724283.707131,25,-33,-182
1739724283.7521307,72,26,28
1739724283.7981308,-48,-22,-37
1739724283.8441308,-22,42,43
1739724283.8891306,8,-11,22
1739724283.9351306,22,3,-76
1739724283.9811306,-6,-58,-3
1739724284.0271306,-32,-41,39
1739724284.072131,12,-46,12
1739724284.1181307,-10,-62,-28
1739724284.1641307,15,-12,-66
1739724284.2091308,-39,-8,-15
1739724284.2551308,-12,29,-6
1739724284.3011308,13,42,-70
1739724284.3471308,-24,-4,-276
1739724284.3921306,66,45,44
1739724284.4381306,-54,37,-87
1739724284.4841306,-31,-15,-53
1739724284.5291307,-12,-1,-11
1739724284.5751307,6,17,-34
1739724284.6211307,36,-3,-20
1739724284.6671307,0,74,27
1739724284.7121308,31,-38,-120
1739724284.7581308,30,-8,-82
1739724284.8041308,-110,-1,-67
1739724284.8491306,-75,-45,33
1739724284.8951306,42,-5,46
1739724284.9411306,-7,22,-27
1739724284.9871306,-29,-15,-138
1739724285.0321307,-62,20,-47
1739724285.0781307,-26,-56,-73
1739724285.1241307,32,-40,-26
1739724285.1691308,59,19,-70
1739724285.2151306,4,-43,6
1739724285.2611306,28,17,-62
1739724285.3071306,-43,-12,13
1739724285.352131,-61,-48,-125
1739724285.398131,23,-49,-72
1739724285.444131,15,0,-16
1739724285.4951308,0,0,73
1739724285.5411308,-9,-30,69
1739724285.5871308,-26,-59,-72
1739724285.6321306,5,11,-40
1739724285.6781306,18,-19,-80
1739724285.7241306,84,35,61
1739724285.7691307,0,29,-34
1739724285.8151307,-21,67,-156
1739724285.8611307,27,26,-12
1739724285.9071307,29,30,-89
1739724285.9521308,-1,-17,-42
1739724285.9981308,40,80,61
1739724286.0441308,0,36,-80
1739724286.0881307,42,-34,-20
1739724286.1341307,-44,-1,10
1739724286.1801307,-68,-2,-100
1739724286.2251308,-32,14,4
1739724286.2711308,49,21,-164
1739724286.3171306,-19,43,-62
1739724286.3631306,-6,15,-126
1739724286.4081306,-4,-3,-12
1739724286.4541306,135,-20,85
1739724286.500131,97,91,-126
1739724286.5451307,31,7,17
1739724286.5911307,-19,25,-78
1739724286.6371307,-44,-25,-56
1739724286.6831307,-35,0,-30
1739724286.7281306,-19,-5,-108
1739724286.7741306,26,0,-91
1739724286.8201306,-69,22,26
1739724286.865131,72,5,-79
1739724286.911131,77,-88,-20
1739724286.957131,33,33,-45
1739724287.003131,-6,14,-22
1739724287.0481308,-14,31,-192
1739724287.0941308,22,41,9
1739724287.1401308,-33,38,30
1739724287.1851306,6,39,63
1739724287.2311306,-29,36,47
1739724287.2771306,-25,-27,-72
1739724287.3231306,8,-51,-154
1739724287.3681307,-2,39,-91
1739724287.4141307,38,-40,-15
1739724287.4601307,15,-39,-26
1739724287.5051308,-17,19,7
1739724287.5511308,-53,-39,-58
1739724287.5971308,60,17,-10
1739724287.6431308,37,30,-28
1739724287.6881306,-49,-38,-57
1739724287.7341306,83,-8,-162
1739724287.7801306,-54,100,83
1739724287.8251307,46,-25,46
1739724287.8711307,10,8,43
1739724287.9171307,-40,32,-113
1739724287.9631307,50,22,-14
1739724288.0081308,-13,19,13
1739724288.0541308,-15,7,-34
1739724288.1001308,5,9,-55
1739724288.1451306,112,-24,2
1739724288.1911306,30,-34,4
1739724288.2371306,-81,-72,-42
1739724288.2831306,-11,47,-103
1739724288.3281307,-52,53,1
1739724288.3741307,54,-48,0
1739724288.4201307,-52,21,-15
1739724288.4651306,60,-59,-94
1739724288.5111306,8,5,-160
1739724288.5571306,-27,46,68
1739724288.6031306,44,55,49
1739724288.648131,59,26,-68
1739724288.694131,26,-23,-56
1739724288.740131,13,66,-76
1739724288.7851307,-53,84,-97
1739724288.8311307,28,19,-90
1739724288.8771307,-76,20,-129
1739724288.9231308,32,10,-62
1739724288.9681306,17,62,-60
1739724289.0141306,-14,11,-51
1739724289.0601306,58,26,-40
1739724289.105131,31,-24,-40
1739724289.151131,-48,-46,-46
1739724289.197131,-3,26,-86
1739724289.2431307,-33,-37,-120
1739724289.2881308,-12,31,93
1739724289.3341308,-49,-15,5
1739724289.3801308,-40,24,79
1739724289.4251306,47,-4,-84
1739724289.4711306,-57,32,-39
1739724289.5171306,2,19,13
1739724289.5631306,74,-22,-4
1739724289.6081307,-43,-34,31
1739724289.6541307,-5,-2,-42
1739724289.7001307,56,-8,-22
1739724289.7451308,-93,108,15
1739724289.7911308,-27,-74,0
1739724289.8371308,48,53,-52
1739724289.8831308,39,-35,47
1739724289.9281306,-77,3,-115
1739724289.9741306,49,-3,26
1739724290.0201306,52,-40,24
1739724290.0651307,-64,79,-84
1739724290.1111307,-25,26,-181
1739724290.1571307,-8,49,-15
1739724290.2031307,-36,-24,16
1739724290.2481308,29,4,-106
1739724290.2941308,-44,30,-59
1739724290.3401306,-4,60,27
1739724290.3851306,1,-21,0
1739724290.4311306,23,-7,-128
1739724290.477131,-33,-61,-26
1739724290.523131,-25,-44,-30
1739724290.5681307,-50,23,-33
1739724290.6141307,12,-32,-6
1739724290.6601307,-10,21,25
1739724290.7051306,-14,-108,-16
1739724290.7511306,58,38,-22
1739724290.7971306,1,25,-40
1739724290.8431306,-31,37,-88
1739724290.888131,11,-22,103
1739724290.934131,20,-2,-82
1739724290.980131,66,35,-40
1739724291.0251307,-68,-2,49
1739724291.0711308,-44,-15,-154
1739724291.1171308,-17,33,-24
1739724291.1631308,11,36,-62
1739724291.2081306,-6,-21,-38
1739724291.2541306,40,60,-76
1739724291.3001306,6,22,0
1739724291.3451307,-53,52,-38
1739724291.3911307,-1,13,-84
1739724291.4371307,26,-19,4
1739724291.4831307,-13,-61,-136
1739724291.5281308,-30,113,29
1739724291.5741308,-59,22,-82
1739724291.6201308,123,43,-120
1739724291.6651306,-1,-12,-84
1739724291.7111306,-70,-7,-36
1739724291.7571306,0,28,-36
1739724291.8031306,8,-17,59
1739724291.8481307,-9,111,77
1739724291.8941307,9,-104,18
1739724291.9401307,-65,21,0
1739724291.9851308,-29,-25,-26
1739724292.0311308,5,33,1
1739724292.0771308,108,-3,27
1739724292.1231308,-43,-38,46
1739724292.1681306,30,-36,-88
1739724292.2141306,42,-39,-79
1739724292.2601306,-28,61,41
1739724292.3051307,8,45,7
1739724292.3511307,-23,-18,-24
1739724292.3971307,-14,-114,-50
1739724292.4431307,-76,9,-7
1739724292.4881306,-62,-14,-169
1739724292.5341306,-4,64,-6
1739724292.5801306,-69,-5,46
1739724292.625131,-84,8,2
1739724292.671131,50,95,-64
1739724292.717131,-74,-53,-10
1739724292.763131,30,22,64
1739724292.8081307,-20,26,2
1739724292.8541307,46,17,-19
1739724292.9001307,75,14,-59
1739724292.9451306,-25,12,-133
1739724292.9911306,-22,-93,87
1739724293.0371306,-7,32,22
1739724293.0831306,50,81,-98
1739724293.128131,-31,-23,-71
1739724293.174131,47,-5,-1
1739724293.2201307,-17,-19,-125
1739724293.2651308,-13,15,-117
1739724293.3111308,-72,-67,31
1739724293.3571308,-35,-45,-43
1739724293.4031308,-98,-85,-55
1739724293.4481306,-2,66,20
1739724293.4941306,50,0,-109
1739724293.5401306,-78,-33,-28
1739724293.5851307,4,-17,-133
1739724293.6311307,-4,32,-7
1739724293.6771307,-15,61,-79
1739724293.7231307,-22,-42,28
1739724293.7681308,0,-69,-93
1739724293.8141308,-11,-33,46
1739724293.8601308,-10,0,-14
1739724293.9051306,-47,-84,-103
1739724293.9511306,60,7,-137
1739724293.9971306,-45,69,-75
1739724294.0421307,-29,21,-22
1739724294.0881307,-103,5,-32
1739724294.1341307,-2,38,-37
1739724294.1801307,7,19,28
1739724294.2251308,17,-12,-71
1739724294.2711308,19,-31,32
1739724294.3171306,-59,70,-30
1739724294.3621306,72,68,-85
1739724294.4081306,13,-12,-41
1739724294.4541306,-21,48,34
1739724294.500131,10,14,-27
1739724294.5451307,-41,-30,-57
1739724294.5911307,-33,21,0
1739724294.6371307,-40,-83,-42
1739724294.6821306,13,83,-27
1739724294.7281306,7,27,-107
1739724294.7741306,-21,-30,-18
1739724294.8201306,120,-65,-33
1739724294.865131,26,-9,-27
1739724294.911131,21,23,78
1739724294.957131,-42,0,-46
1739724295.0021307,-39,44,0
1739724295.0481308,14,14,-63
1739724295.0941308,-11,103,-87
1739724295.1401308,-42,-4,-99
1739724295.1851306,32,-42,-127
1739724295.2311306,-49,125,110
1739724295.2771306,-49,65,-20
1739724295.322131,-19,-35,18
1739724295.3681307,-29,11,-14
1739724295.4141307,-7,-38,74
1739724295.4601307,-34,19,-18
1739724295.5111306,75,-75,-73
1739724295.5571306,49,-20,-115
1739724295.602131,51,6,-125
1739724295.648131,-22,72,-88
1739724295.694131,-19,-11,-46
1739724295.740131,-83,-50,-72
1739724295.7851307,7,21,54
1739724295.8311307,9,41,-57
1739724295.8771307,-14,15,50
1739724295.9221306,-48,15,-45
1739724295.9681306,81,71,10
1739724296.0141306,-57,90,-107
1739724296.0601306,29,-9,62
1739724296.105131,-3,-15,0
1739724296.151131,22,-24,-119
1739724296.197131,7,-139,-33
1739724296.2421308,-7,-56,-163
1739724296.2881308,-8,33,-207
1739724296.3341308,77,-19,104
1739724296.3801308,25,39,-131
1739724296.4251306,-21,28,-95
1739724296.4711306,-80,-63,-88
1739724296.5171306,-36,15,-197
1739724296.5621307,-41,-14,-86
1739724296.6081307,58,8,-11
1739724296.6541307,22,-47,-81
1739724296.7001307,112,90,-29
1739724296.7451308,-63,-30,28
1739724296.7911308,45,-53,-17
1739724296.8371308,-2,38,-39
1739724296.8821306,-38,16,-84
1739724296.9281306,0,-8,-109
1739724296.9741306,-10,-5,12
1739724297.0201306,-16,74,-39
1739724297.0651307,-18,36,-79
1739724297.1111307,110,10,105
1739724297.1571307,-23,-50,-63
1739724297.2021308,48,11,-43
1739724297.2481308,7,-67,44
1739724297.2941308,80,-46,-75
1739724297.3401306,23,-72,18
1739724297.3851306,52,-7,-99
1739724297.4311306,-70,-4,-167
1739724297.477131,-37,22,52
1739724297.5221307,-37,66,0
1739724297.5681307,-29,-51,-51
1739724297.6141307,-31,-1,86
1739724297.6601307,-57,0,-19
1739724297.7051306,-9,-46,-33
1739724297.7511306,-73,-39,-97
1739724297.7971306,-49,-42,-33
1739724297.842131,-16,9,28
1739724297.888131,37,18,-101
1739724297.934131,87,-20,-3
1739724297.980131,-6,-38,-29
1739724298.0251307,15,74,-26
1739724298.0711308,-29,35,22
1739724298.1171308,4,5,38
1739724298.1621306,-5,-52,-17
1739724298.2081306,-40,4,-127
1739724298.2541306,2,25,-12
1739724298.3001306,60,19,37
1739724298.3451307,-3,-115,-101
1739724298.3911307,16,28,-57
1739724298.4371307,63,-4,35
1739724298.4821308,0,-57,3
1739724298.5281308,-22,38,-41
1739724298.5741308,-22,14,-65
1739724298.6201308,28,37,-39
1739724298.6651306,-36,-1,-163
1739724298.7111306,-31,-13,-76
1739724298.7571306,-11,47,74
1739724298.8021307,-13,1,8
1739724298.8481307,45,63,-115
1739724298.8941307,18,-2,-27
1739724298.9401307,2,70,58
1739724298.9851308,66,57,-131
1739724299.0311308,49,-14,-67
1739724299.0771308,-31,-68,-133
1739724299.1221306,6,-43,-45
1739724299.1681306,6,51,67
1739724299.2141306,10,53,63
1739724299.2601306,-88,19,23
1739724299.3051307,45,39,66
1739724299.3511307,-11,29,94
1739724299.3971307,-12,33,-141
1739724299.4421306,52,8,-41
1739724299.4881306,26,15,0
1739724299.5341306,109,38,-17
1739724299.5801306,8,15,-33
1739724299.625131,14,68,-45
1739724299.671131,-6,12,-43
1739724299.717131,10,-6,-9
1739724299.7621307,76,-49,135
1739724299.8081307,35,2,-135
1739724299.8541307,-93,9,52
1739724299.9001307,-60,14,-98
1739724299.9451306,-35,-35,-35
1739724299.9911306,-90,35,-63
1739724300.0371306,40,17,68
1739724300.082131,-41,-20,-9
1739724300.128131,-17,-25,-32
1739724300.174131,34,4,-26
1739724300.2201307,-95,60,-91
1739724300.2651308,65,11,26
1739724300.3111308,35,30,-116
1739724300.3571308,-47,41,-63
1739724300.4021306,-39,48,5
1739724300.4481306,32,34,-62
1739724300.4941306,98,-25,82
1739724300.5401306,-46,1,-41
1739724300.5851307,15,38,-24
1739724300.6311307,-19,-9,-39
1739724300.6771307,-50,61,-53
1739724300.7221308,-63,8,-7
1739724300.7681308,48,29,-4
1739724300.8141308,39,62,66
1739724300.8601308,-17,-9,-81
1739724300.9051306,50,-3,8
1739724300.9511306,106,5,44
1739724300.9971306,-15,21,-158
1739724301.0421307,-23,-76,37
1739724301.0881307,-8,-40,-86
1739724301.1341307,-80,-81,-71
1739724301.1801307,15,-32,-80
1739724301.2251308,-5,-54,-49
1739724301.2711308,-41,-10,-91
1739724301.3171306,36,50,-76
1739724301.3621306,-32,57,-42
1739724301.4081306,59,5,-52
1739724301.4541306,5,-15,-44
1739724301.500131,-42,18,-17
1739724301.5451307,-117,-49,-69
1739724301.5911307,31,83,-34
1739724301.6371307,-12,-7,-49
1739724301.6821306,-67,-70,-23
1739724301.7281306,-47,45,9
1739724301.7741306,9,9,-62
1739724301.8201306,23,43,-102
1739724301.865131,-46,34,57
1739724301.911131,23,1,89
1739724301.957131,-120,1,35
1739724302.0021307,51,2,-54
1739724302.0481308,-30,117,-38
1739724302.0941308,-28,14,9
1739724302.1401308,14,14,-106
1739724302.1851306,-18,15,-65
1739724302.2311306,-34,-25,-85
1739724302.2771306,37,-51,-44
1739724302.322131,13,62,46
1739724302.3681307,133,14,-32
1739724302.4141307,-64,-20,55
1739724302.4601307,-37,3,-47
1739724302.5051308,-5,-52,19
1739724302.5511308,33,2,-4
1739724302.5971308,-15,29,59
1739724302.6421306,-9,29,8
1739724302.6881306,21,27,-48
1739724302.7341306,-43,-48,15
1739724302.7801306,64,15,-62
1739724302.8251307,-4,-26,-13
1739724302.8711307,-24,0,-199
1739724302.9171307,-8,-8,-43
1739724302.9621308,-60,16,19
1739724303.0081308,-40,12,-147
1739724303.0541308,-28,18,-55
1739724303.1001308,-23,40,-24
1739724303.1451306,93,0,82
1739724303.1911306,-66,-4,1
1739724303.2371306,5,28,-122
1739724303.2821307,7,-12,-57
1739724303.3281307,-64,0,-56
1739724303.3741307,12,29,-12
1739724303.4201307,-42,-41,-33
1739724303.4651306,-76,20,-102
1739724303.5111306,7,4,-96
1739724303.5571306,25,-20,-63
1739724303.602131,11,7,-6
1739724303.648131,58,33,8
1739724303.694131,30,-23,87
1739724303.740131,-12,50,54
1739724303.7851307,-59,-28,-51
1739724303.8311307,43,-58,-1
1739724303.8771307,-16,-26,59
1739724303.9221306,-8,17,-48
1739724303.9681306,-1,103,42
1739724304.0141306,64,-48,-149
1739724304.059131,-62,41,-36
1739724304.105131,32,74,-134
1739724304.151131,86,32,-66
1739724304.197131,18,-28,-75
1739724304.2421308,-48,-21,57
1739724304.2881308,-5,-105,-31
1739724304.3341308,-34,34,-86
1739724304.3791306,42,107,-186
1739724304.4251306,-15,1,-54
1739724304.4711306,64,14,-84
1739724304.5171306,4,12,-124
1739724304.5621307,23,-12,-19
1739724304.6081307,-43,46,6
1739724304.6541307,39,-13,-180
1739724304.6991308,32,10,-52
1739724304.7451308,4,31,-124
1739724304.7911308,0,38,-68
1739724304.8371308,-17,66,-62
1739724304.8821306,103,-23,78
1739724304.9281306,-25,68,-20
1739724304.9741306,37,-71,2
1739724305.0191307,-36,11,37
1739724305.0651307,-80,1,-99
1739724305.1111307,5,-15,21
1739724305.1571307,-33,3,21
1739724305.2021308,-26,50,8
1739724305.2481308,-18,56,-38
1739724305.2941308,-26,111,-28
1739724305.3391306,-31,-9,-27
1739724305.3851306,-7,-32,-1
1739724305.4311306,115,2,-64
1739724305.4821308,-48,20,-51
1739724305.5281308,-1,82,-56
1739724305.5741308,-18,13,-77
1739724305.6191306,-5,48,-6
1739724305.6651306,-28,12,15
1739724305.7111306,58,16,-10
1739724305.7571306,67,-62,-46
1739724305.8021307,-21,4,-66
1739724305.8481307,-59,-11,-63
1739724305.8941307,0,14,-60
1739724305.9391308,-2,-22,-212
1739724305.9851308,6,33,-74
1739724306.0311308,-1,-28,90
1739724306.0771308,4,35,-45
1739724306.1221306,-22,-67,-127
1739724306.1681306,20,-61,-77
1739724306.2141306,0,1,-31
1739724306.2591307,107,-23,-55
1739724306.3051307,41,4,-29
1739724306.3511307,-37,87,-25
1739724306.3971307,-23,1,-8
1739724306.4421306,-55,22,36
1739724306.4881306,111,3,-5
1739724306.5341306,11,108,-39
1739724306.5791306,98,9,-47
1739724306.625131,-33,49,-27
1739724306.671131,-22,-24,-98
1739724306.717131,82,-13,-67
1739724306.7621307,-77,27,-52
1739724306.8081307,-46,-22,-147
1739724306.8541307,16,-26,-119
1739724306.8991306,-6,-97,-46
1739724306.9451306,-28,-40,-101
1739724306.9911306,68,43,-7
1739724307.0371306,-102,-80,-49
1739724307.082131,60,89,-19
1739724307.128131,13,19,14
1739724307.174131,7,-18,26
1739724307.2191308,-103,27,-35
1739724307.2651308,-2,11,94
1739724307.3111308,-6,57,-89
1739724307.3571308,-41,-11,-59
1739724307.4021306,11,-16,-10
1739724307.4481306,0,-33,122
1739724307.4941306,19,6,34
1739724307.5391307,-27,-16,-14
1739724307.5851307,-12,-104,-142
1739724307.6311307,38,8,-29
1739724307.6771307,11,45,-31
1739724307.7221308,49,21,17
1739724307.7681308,-19,-31,-113
1739724307.8141308,8,11,-143
1739724307.8591306,-54,13,46
1739724307.9051306,87,-60,-47
1739724307.9511306,-39,66,124
1739724307.9971306,65,21,-35
1739724308.0421307,-27,50,-51
1739724308.0881307,91,58,-45
1739724308.1341307,-8,-3,-87
1739724308.1791308,11,-17,48
1739724308.2251308,24,16,17
1739724308.2711308,-68,21,-53
1739724308.3171306,-22,-21,-27
1739724308.3621306,11,-55,-10
1739724308.4081306,66,-50,-75
1739724308.4541306,-8,-21,14
1739724308.4991307,49,-15,-19
1739724308.5451307,-8,-3,-67
1739724308.5911307,48,-5,-65
1739724308.6371307,-12,-3,46
1739724308.6821306,-52,-27,-231
1739724308.7281306,30,71,-9
1739724308.7741306,46,47,17
1739724308.819131,16,14,-75
1739724308.865131,45,13,102
1739724308.911131,-9,-90,-117
1739724308.957131,48,3,-69
1739724309.0021307,-50,7,32
1739724309.0481308,76,-16,-95
1739724309.0941308,-76,29,-96
1739724309.1391306,35,40,11
1739724309.1851306,53,0,-15
1739724309.2311306,100,-45,-23
1739724309.2771306,32,-124,-151
1739724309.322131,45,-59,-19
1739724309.3681307,-4,14,-47
1739724309.4141307,114,14,-3
1739724309.4591308,-1,55,38
1739724309.5051308,38,51,66
1739724309.5511308,73,-33,-49
1739724309.5971308,-2,-5,-79
1739724309.6421306,-45,-27,-23
1739724309.6881306,17,11,-27
1739724309.7341306,-4,67,20
1739724309.7791307,-17,14,-47
1739724309.8251307,-59,-5,35
1739724309.8711307,-31,-10,-33
1739724309.9171307,20,-4,-91
1739724309.9621308,-50,-8,-27
1739724310.0081308,69,40,-55
1739724310.0541308,-1,-21,-61
1739724310.0991306,0,-28,-137
1739724310.1451306,28,48,-83
1739724310.1911306,-50,-65,-195
1739724310.2371306,-69,-26,-114
1739724310.2821307,19,40,-71
1739724310.3281307,-21,24,-69
1739724310.3741307,-49,10,-58
1739724310.4191308,-62,20,-82
1739724310.4651306,24,29,-63
1739724310.5111306,39,-21,-13
1739724310.5571306,-6,12,40
1739724310.602131,-13,-13,-19
1739724310.648131,16,-10,-53
1739724310.694131,-24,40,-37
1739724310.7391307,42,29,-7
1739724310.7851307,-66,-19,-63
1739724310.8311307,-61,50,1
1739724310.8771307,85,5,-63
1739724310.9221306,-44,12,-78
1739724310.9681306,35,-58,-16
1739724311.0141306,-28,-4,-135
1739724311.059131,-44,52,-81
1739724311.105131,-31,-13,-36
1739724311.151131,36,10,51
1739724311.197131,15,24,-91
1739724311.2421308,32,-70,-78
1739724311.2881308,2,19,-211
1739724311.3341308,-47,10,-133
1739724311.3791306,-1,2,106
1739724311.4251306,101,0,37
1739724311.4711306,-19,9,-29
1739724311.5171306,4,61,-49
1739724311.5621307,-15,-35,54
1739724311.6081307,-90,15,-153
1739724311.6541307,162,23,-15
1739724311.6991308,23,0,-107
1739724311.7451308,-82,16,-2
1739724311.7911308,-91,27,86
1739724311.8371308,-59,-13,6
1739724311.8821306,26,-64,-71
1739724311.9281306,-42,38,32
1739724311.9741306,-2,14,-1
1739724312.0191307,63,-17,-7
1739724312.0651307,40,15,21
1739724312.1111307,26,69,121
1739724312.1571307,23,41,-135
1739724312.2011306,19,-51,-93
1739724312.2471306,28,49,-121
1739724312.2931306,-35,43,122
1739724312.3381307,-6,0,-67
1739724312.3841307,53,2,113
1739724312.4301307,24,37,-239
1739724312.4751308,1,13,-31
1739724312.5211308,25,3,35
1739724312.5671306,0,-53,-43
1739724312.6131306,-46,40,-78
1739724312.6581306,-38,32,68
1739724312.7041306,-15,5,-36
1739724312.750131,2,43,-27
1739724312.7951307,35,28,-25
1739724312.8411307,-37,32,-181
1739724312.8871307,11,55,-52
1739724312.9331307,-36,21,-26
1739724312.9781306,4,-75,-79
1739724313.0241306,20,22,-149
1739724313.0701306,15,74,-50
1739724313.115131,-14,45,-54
1739724313.161131,-72,31,24
1739724313.207131,15,-30,64
1739724313.253131,-2,-44,49
1739724313.2981308,110,20,-29
1739724313.3441308,-22,4,-81
1739724313.3901308,22,1,-93
1739724313.4351306,-58,-13,-70
1739724313.4811306,54,-32,-87
1739724313.5271306,-34,-55,-9
1739724313.5731306,-52,45,-18
1739724313.6181307,14,0,-9
1739724313.6641307,-37,33,-84
1739724313.7101307,-38,-31,-69
1739724313.7551308,24,23,13
1739724313.8011308,-47,-4,-66
1739724313.8471308,-19,0,-57
1739724313.8931308,-9,-48,72
1739724313.9381306,-47,14,-18
1739724313.9841306,67,-48,-17
1739724314.0301306,0,5,-159
1739724314.0751307,2,58,64
1739724314.1211307,40,40,91
1739724314.1671307,8,21,-21
1739724314.2121308,-32,27,-80
1739724314.2581308,5,-85,-215
1739724314.3041308,-38,-51,-81
1739724314.3501308,-37,52,-64
1739724314.3951306,-12,49,-110
1739724314.4411306,0,30,18
1739724314.4871306,2,56,-104
1739724314.5321307,-17,-21,-5
1739724314.5781307,-33,51,-30
1739724314.6241307,-2,-12,-1
1739724314.6701307,32,2,-117
1739724314.7151306,-45,-60,6
1739724314.7611306,30,47,-2
1739724314.8071306,-35,35,30
1739724314.852131,49,-108,-103
1739724314.898131,5,-45,-115
1739724314.944131,16,-58,127
1739724314.990131,58,-75,-35
1739724315.0351307,38,64,12
1739724315.0811307,-63,-22,-20
1739724315.1271307,-29,-6,36
1739724315.1721306,41,68,-22
1739724315.2181306,54,0,-7
1739724315.2641306,13,-1,-73
1739724315.3101306,16,42,26
1739724315.355131,-43,40,26
1739724315.401131,19,-49,5
1739724315.447131,-74,-51,-131
1739724315.4981308,-4,86,34
1739724315.5441308,11,-2,68
1739724315.5901306,16,-36,1
1739724315.6351306,61,30,-117
1739724315.6811306,62,-2,-181
1739724315.727131,-1,-16,11
1739724315.7721307,79,-7,-59
1739724315.8181307,-21,12,-40
1739724315.8641307,-49,-24,-8
1739724315.9101307,-48,49,-76
1739724315.9551306,-69,-40,-122
1739724316.0011306,54,-137,117
1739724316.0471306,53,54,-75
1739724316.092131,-51,21,-44
1739724316.138131,-25,-32,-2
1739724316.184131,4,83,-71
1739724316.230131,66,-9,29
1739724316.2751307,-46,-18,-38
1739724316.3211308,77,64,-15
1739724316.3671308,43,-5,-5
1739724316.4121306,-77,118,-96
1739724316.4581306,2,37,-38
1739724316.5041306,18,-18,-83
1739724316.5501306,101,46,-17
1739724316.5951307,45,65,-63
1739724316.6411307,-21,-31,-68
1739724316.6871307,25,-19,-43
1739724316.7321308,-25,-2,56
1739724316.7781308,64,43,-71
1739724316.8241308,-1,-59,-55
1739724316.8701308,-14,-15,10
1739724316.9151306,-2,88,0
1739724316.9611306,21,50,-57
1739724317.0071306,-11,-1,-147
1739724317.0521307,-19,-5,-133
1739724317.0981307,-72,-13,-176
1739724317.1441307,-98,8,-14
1739724317.1901307,-76,-67,-112
1739724317.2351308,37,12,15
1739724317.2811308,-17,-63,-5
1739724317.3271308,21,54,-111
1739724317.3721306,-15,-23,-11
1739724317.4181306,-23,-18,-57
1739724317.4641306,-37,17,4
1739724317.5101306,-4,-18,-117
1739724317.5551307,-14,-11,0
1739724317.6011307,49,-14,-1
1739724317.6471307,-4,-93,-125
1739724317.6921306,11,43,-13
1739724317.7381306,89,-24,-1
1739724317.7841306,44,75,0
1739724317.8301306,9,29,34
1739724317.875131,-25,62,-157
1739724317.921131,69,-68,17
1739724317.967131,20,-73,-73
1739724318.0121307,-42,4,-84
1739724318.0581307,40,42,0
1739724318.1041307,50,-60,-21
1739724318.1501307,38,-49,-125
1739724318.1951306,25,5,-3
1739724318.2411306,-91,-9,-82
1739724318.2871306,5,1,-133
1739724318.332131,47,-21,-83
1739724318.378131,-58,-5,-93
1739724318.424131,97,-22,-70
1739724318.4701307,17,-38,127
1739724318.5151308,24,-27,-48
1739724318.5611308,-7,20,55
1739724318.6071308,-68,1,-78
1739724318.6521306,-59,-31,-112
1739724318.6981306,0,-15,3
1739724318.7441306,4,-5,-48
1739724318.7901306,-78,-3,-27
1739724318.8351307,26,13,-14
1739724318.8811307,5,-53,-43
1739724318.9271307,13,0,-62
1739724318.9721308,41,-35,83
1739724319.0181308,53,44,-34
1739724319.0641308,28,-21,29
1739724319.1101308,40,-5,72
1739724319.1551306,-13,8,12
1739724319.2011306,-3,-17,13
1739724319.2471306,47,25,-104
1739724319.2921307,21,-35,-64
1739724319.3381307,-66,-41,-132
1739724319.3841307,-30,33,-44
1739724319.4301307,90,-9,-104
1739724319.4751308,13,79,35
1739724319.5211308,-10,-82,33
1739724319.5671306,35,18,99
1739724319.6121306,38,10,-116
1739724319.6581306,-3,-68,-68
1739724319.7041306,13,83,-104
1739724319.750131,3,-31,17
1739724319.7951307,41,23,-64
1739724319.8411307,-89,10,-45
1739724319.8871307,-20,-11,27
1739724319.9321306,-3,-28,6
1739724319.9781306,-21,12,0
1739724320.0241306,48,-17,-48
1739724320.0701306,45,51,-26
1739724320.115131,-14,-69,-52
1739724320.161131,-45,18,-147
1739724320.207131,37,-24,28
1739724320.2521307,-54,-33,-100
1739724320.2981308,-18,9,-11
1739724320.3441308,-9,47,-90
1739724320.3901308,-11,27,93
1739724320.4351306,13,0,-170
1739724320.4811306,-15,39,73
1739724320.5271306,9,17,-126
1739724320.572131,-33,15,-27
1739724320.6181307,29,-50,42
1739724320.6641307,-6,61,-107
1739724320.7101307,-57,-43,-24
1739724320.7551308,23,-3,6
1739724320.8011308,-21,-79,-168
1739724320.8471308,-11,-10,11
1739724320.8921306,-97,-21,-62
1739724320.9381306,-4,56,-92
1739724320.9841306,-12,-40,-12
1739724321.0301306,-44,-61,-4
1739724321.0751307,37,-8,-20
1739724321.1211307,24,-11,-88
1739724321.1671307,-14,-9,-78
1739724321.2121308,39,-23,0
1739724321.2581308,-46,-30,52
1739724321.3041308,-31,-42,-196
1739724321.3501308,-74,6,-63
1739724321.3951306,-47,12,-1
1739724321.4411306,-63,36,17
1739724321.4871306,-44,-54,-28
1739724321.5321307,101,-6,36
1739724321.5781307,-14,3,-87
1739724321.6241307,9,63,-16
1739724321.6701307,19,34,53
1739724321.7151306,-18,1,-37
1739724321.7611306,-39,38,-57
1739724321.8071306,-51,53,-113
1739724321.852131,-21,-4,7
1739724321.898131,-81,-2,-41
1739724321.944131,-20,50,-95
1739724321.990131,39,-10,-24
1739724322.0351307,15,-6,-34
1739724322.0811307,-62,6,-93
1739724322.1271307,0,-4,-16
1739724322.1721306,20,78,12
1739724322.2181306,-22,-24,-35
1739724322.2641306,72,34,-40
1739724322.3101306,20,18,-2
1739724322.355131,31,-24,-72
1739724322.401131,-10,-14,-46
1739724322.447131,32,-38,-92
1739724322.4921308,29,29,19
1739724322.5381308,-48,-32,-72
1739724322.5841308,-6,-38,-42
1739724322.6301308,89,-68,0
1739724322.6751306,51,14,-64
1739724322.7211306,110,-13,46
1739724322.7671306,-86,28,35
1739724322.8121307,-40,-29,9
1739724322.8581307,33,-24,-62
1739724322.9041307,77,-52,-10
1739724322.9501307,16,-75,-36
1739724322.9951308,-49,0,-27
1739724323.0411308,13,18,-36
1739724323.0871308,-42,3,-61
1739724323.1321306,-63,-40,-97
1739724323.1781306,47,-11,60
1739724323.2241306,-15,75,31
1739724323.2701306,-33,21,21
1739724323.3151307,41,56,-10
1739724323.3611307,59,-67,-74
1739724323.4071307,28,39,-26
1739724323.4521308,21,-7,-84
1739724323.4981308,-35,53,-49
1739724323.5441308,-54,-9,95
1739724323.5901306,-7,38,71
1739724323.6351306,80,-17,-20
1739724323.6811306,50,25,30
1739724323.727131,10,-16,-58
1739724323.7721307,-16,61,13
1739724323.8181307,-6,-30,66
1739724323.8641307,74,42,84
1739724323.9101307,-22,-77,18
1739724323.9551306,-20,48,-169
1739724324.0011306,0,44,-81
1739724324.0471306,12,61,-13
1739724324.092131,-36,84,-23
1739724324.138131,-22,-57,-76
1739724324.184131,0,4,61
1739724324.2291307,55,-72,-48
1739724324.2751307,43,55,-53
1739724324.3211308,-72,13,-55
1739724324.3671308,-7,-4,-92
1739724324.4121306,0,-45,-35
1739724324.4581306,40,4,-35
1739724324.5041306,-25,-22,16
1739724324.549131,-58,9,-84
1739724324.5951307,37,52,-25
1739724324.6411307,53,30,7
1739724324.6871307,28,43,-83
1739724324.7321308,51,-6,-25
1739724324.7781308,20,-11,-122
1739724324.8241308,73,-38,-74
1739724324.8691306,-40,-69,-5
1739724324.9151306,3,31,-8
1739724324.9611306,-93,-1,-48
1739724325.0071306,88,39,-132
1739724325.0521307,-55,-61,-156
1739724325.0981307,-21,60,-39
1739724325.1441307,-30,19,53
1739724325.1891308,-27,-21,-66
1739724325.2351308,-17,-30,-44
1739724325.2811308,11,-47,-158
1739724325.3271308,114,64,-84
1739724325.3721306,62,-22,21
1739724325.4181306,8,55,-2
1739724325.4641306,17,66,-46
1739724325.5151308,-87,3,-13
1739724325.5611308,50,-3,-116
1739724325.6071308,-25,0,-27
1739724325.6521306,-61,28,-23
1739724325.6981306,-25,22,-113
1739724325.7441306,65,122,-106
1739724325.7891307,6,-90,-38
1739724325.8351307,-39,-75,-31
1739724325.8811307,51,21,-118
1739724325.9271307,-23,-58,-63
1739724325.9721308,-7,-18,-57
1739724326.0181308,21,-33,-156
1739724326.0641308,-31,-13,-67
1739724326.1091306,25,-11,45
1739724326.1551306,-67,-28,-135
1739724326.2011306,65,-13,5
1739724326.2471306,50,51,-143
1739724326.2921307,-54,-23,-92
1739724326.3381307,-4,12,-71
1739724326.3841307,-5,-34,-15
1739724326.4291308,-36,-7,-40
1739724326.4751308,-45,10,12
1739724326.5211308,18,18,-49
1739724326.5671306,-64,56,-64
1739724326.6121306,12,-42,-49
1739724326.6581306,-38,-7,24
1739724326.7041306,-42,38,14
1739724326.7491307,-21,-10,-69
1739724326.7951307,-20,-63,20
1739724326.8411307,77,-34,-115
1739724326.8871307,56,10,-7
1739724326.9321306,-32,-23,-115
1739724326.9781306,3,23,70
1739724327.0241306,-66,22,50
1739724327.069131,8,-21,-43
1739724327.115131,-7,-4,-53
1739724327.161131,16,-52,-79
1739724327.207131,20,6,-85
1739724327.2521307,22,-55,23
1739724327.2981308,49,3,-11
1739724327.3441308,85,-142,-83
1739724327.3891306,16,56,-113
1739724327.4351306,11,-16,20
1739724327.4811306,-41,40,-137
1739724327.5271306,-60,8,-205
1739724327.572131,-22,10,-163
1739724327.6181307,-30,-80,-47
1739724327.6641307,29,13,-93
1739724327.7091308,-37,-7,-35
1739724327.7551308,22,-39,0
1739724327.8011308,-25,-58,-29
1739724327.8471308,64,-7,-31
1739724327.8921306,39,8,-165
1739724327.9381306,6,35,-19
1739724327.9841306,-43,24,-35
1739724328.0291307,30,27,-39
1739724328.0751307,-29,-32,-37
1739724328.1211307,0,-22,-23
1739724328.1671307,47,5,-73
1739724328.2121308,-3,-16,-69
1739724328.2581308,4,-83,42
1739724328.3041308,-78,19,-101
1739724328.3491306,-16,-25,44
1739724328.3951306,-36,19,-30
1739724328.4411306,-21,-9,-45
1739724328.4871306,14,-101,-69
1739724328.5321307,0,-34,-135
1739724328.5781307,-79,-50,-25
1739724328.6241307,-72,39,-31
1739724328.6691308,99,83,-77
1739724328.7151306,-55,43,2
1739724328.7611306,29,13,-47
1739724328.8071306,12,-95,-93
1739724328.852131,-25,30,68
1739724328.898131,-95,-7,-94
1739724328.944131,24,-21,-91
1739724328.9891307,-5,-56,-93
1739724329.0351307,32,38,-55
1739724329.0811307,-7,22,-79
1739724329.1271307,-50,39,-54
1739724329.1721306,-11,47,-9
1739724329.2181306,-62,83,-3
1739724329.2641306,-9,-54,-69
1739724329.309131,-38,39,-101
1739724329.355131,-49,4,-63
1739724329.401131,51,23,13
1739724329.447131,31,19,86
1739724329.4921308,89,-58,9
1739724329.5381308,-25,-34,-83
1739724329.5841308,-63,-49,-36
1739724329.6291306,-11,-38,-39
1739724329.6751306,77,24,27
1739724329.7211306,20,-76,-75
1739724329.7671306,21,49,-63
1739724329.8121307,12,48,-19
1739724329.8581307,-64,-41,-13
1739724329.9041307,82,-20,-3
1739724329.9491308,-3,50,70
1739724329.9951308,-15,-36,26
1739724330.0411308,-64,-18,-10
1739724330.0871308,-21,24,36
1739724330.1321306,137,-38,-11
1739724330.1781306,19,-34,-97
1739724330.2241306,-77,49,86
1739724330.2691307,39,-78,-72
1739724330.3151307,-35,2,-41
1739724330.3611307,36,29,-43
1739724330.4071307,-34,1,-47
1739724330.4521308,3,73,-101
1739724330.4981308,-56,18,-33
1739724330.5441308,63,5,3
1739724330.5891306,-9,45,35
1739724330.6351306,18,15,-97
1739724330.6811306,33,19,-157
1739724330.727131,-20,-40,-48
1739724330.7721307,53,68,7
1739724330.8181307,-14,-4,-33
1739724330.8641307,-12,-2,-21
1739724330.9091306,-40,-22,-8
1739724330.9551306,-15,26,108
1739724331.0011306,-3,61,-129
1739724331.0471306,-6,-3,58
1739724331.092131,6,-20,-10
1739724331.138131,64,-20,-81
1739724331.184131,-11,1,-35
1739724331.2291307,-71,-18,-1
1739724331.2751307,-19,36,-18
1739724331.3211308,42,-81,41
1739724331.3671308,-30,-32,71
1739724331.4121306,76,-40,-11
1739724331.4581306,3,45,-102
1739724331.5041306,18,-61,-23
1739724331.549131,6,41,-66
1739724331.5951307,33,-52,-105
1739724331.6411307,-5,-2,-87
1739724331.6871307,-86,-50,-65
1739724331.7321308,24,-21,-59
1739724331.7781308,-1,-4,-1
1739724331.8241308,33,-48,-43
1739724331.8691306,52,-22,-93
1739724331.9151306,-83,-22,-36
1739724331.9611306,-46,24,-34
1739724332.0071306,-14,7,-125
1739724332.0521307,54,0,16
1739724332.0981307,-42,-56,19
1739724332.1441307,49,-51,-13
1739724332.1891308,-7,-29,21
1739724332.2351308,-2,-68,-55
1739724332.2811308,47,-46,-9
1739724332.3271308,-16,-38,-115
1739724332.3721306,-41,-60,-55
1739724332.4181306,14,29,-79
1739724332.4641306,-37,0,-63
1739724332.5091307,-54,48,-109
1739724332.5551307,6,26,-19
1739724332.6011307,-16,6,-57
1739724332.6471307,21,14,-53
1739724332.6921306,-60,12,57
1739724332.7381306,29,-10,26
1739724332.7841306,-24,49,-61
1739724332.8291306,-81,81,-171
1739724332.875131,-41,15,-47
1739724332.921131,-34,22,-161
1739724332.967131,51,52,0
1739724333.0121307,-32,66,28
1739724333.0581307,34,-54,-59
1739724333.1041307,4,63,36
1739724333.1491306,-44,22,0
1739724333.1951306,68,7,11
1739724333.2411306,-57,-11,86
1739724333.2871306,2,25,-27
1739724333.332131,-15,27,-65
1739724333.378131,-33,-35,-69
1739724333.424131,-47,-32,-65
1739724333.4691308,4,-32,-173
1739724333.5151308,34,-24,-65
1739724333.5611308,-53,-28,-97
1739724333.6071308,20,54,90
1739724333.6521306,43,3,-33
1739724333.6981306,-40,-3,66
1739724333.7441306,31,43,-59
1739724333.7891307,-42,16,-58
1739724333.8351307,10,-50,1
1739724333.8811307,45,5,55
1739724333.9271307,-30,-8,140
1739724333.9721308,36,-24,-67
1739724334.0181308,32,73,-75
1739724334.0641308,66,27,-55
1739724334.1091306,-18,17,-16
1739724334.1551306,81,-12,-145
1739724334.2011306,15,58,-14
1739724334.2461307,3,11,-93
1739724334.2921307,-30,-16,18
1739724334.3381307,52,26,32
1739724334.3841307,35,-44,57
1739724334.4291308,26,-11,50
1739724334.4751308,-38,-11,98
1739724334.5211308,48,5,13
1739724334.5661306,56,6,-87
1739724334.6121306,17,-50,61
1739724334.6581306,13,32,78
1739724334.7041306,0,14,-20
1739724334.7491307,90,-42,-107
1739724334.7951307,-26,4,2
1739724334.8411307,-16,5,-45
1739724334.8861306,-100,11,-16
1739724334.9321306,-38,68,-20
1739724334.9781306,-63,-18,-97
1739724335.0241306,-38,45,48
1739724335.069131,18,96,-101
1739724335.115131,-30,61,63
1739724335.161131,-80,17,-51
1739724335.2061307,1,78,-36
1739724335.2521307,4,19,-14
1739724335.2981308,4,3,-128
1739724335.3441308,0,5,-50
1739724335.3891306,37,-52,-46
1739724335.4351306,25,59,-29
1739724335.4811306,32,26,26
1739724335.5321307,24,-55,-134
1739724335.5781307,24,-13,96
1739724335.6241307,12,-74,26
1739724335.6691308,30,19,52
1739724335.7151306,12,65,9
1739724335.7611306,-6,-10,-190
1739724335.8061306,-24,50,-27
1739724335.852131,-83,36,-113
1739724335.898131,-14,23,-37
1739724335.944131,-29,4,-122
1739724335.9891307,-38,-23,17
1739724336.0351307,-33,-11,-49
1739724336.0811307,0,20,-58
1739724336.1261306,-18,5,-53
1739724336.1721306,-38,23,33
1739724336.2181306,-3,-2,1
1739724336.2641306,-48,1,-13
1739724336.309131,-27,-59,-16
1739724336.355131,11,-16,-124
1739724336.401131,26,9,-18
1739724336.4461308,-41,12,-15
1739724336.4921308,-26,60,-9
1739724336.5381308,-60,-55,21
1739724336.5841308,50,-39,-56
1739724336.6291306,-21,12,-86
1739724336.6751306,-10,21,1
1739724336.7211306,-21,42,-62
1739724336.7661307,-80,40,-15
1739724336.8121307,69,43,0
1739724336.8581307,-41,-31,47
1739724336.9041307,20,-9,-174
1739724336.9491308,-16,-25,-15
1739724336.9951308,-9,27,41
1739724337.0411308,33,-12,-58
1739724337.0861306,44,15,42
1739724337.1321306,-18,-45,47
1739724337.1781306,46,55,-88
1739724337.2241306,-86,-103,-59
1739724337.2691307,24,-5,49
1739724337.3151307,57,-21,5
1739724337.3611307,-5,43,-94
1739724337.4061308,6,38,-60
1739724337.4521308,-12,-46,-87
1739724337.4981308,1,-11,65
1739724337.5441308,25,-21,-88
1739724337.5891306,-3,30,-16
1739724337.6351306,50,15,-104
1739724337.6811306,-34,33,-66
1739724337.7261307,102,94,-36
1739724337.7721307,-1,-47,-103
1739724337.8181307,-14,20,4
1739724337.8641307,23,41,-28
1739724337.9091306,14,-1,2
1739724337.9551306,29,-19,-46
1739724338.0011306,-25,-36,-61
1739724338.046131,-16,118,-58
1739724338.092131,4,63,-70
1739724338.138131,-47,-48,-165
1739724338.184131,-15,25,-17
1739724338.2291307,-41,-33,-33
1739724338.2751307,-77,-13,-9
1739724338.3211308,32,-32,129
1739724338.3661306,30,59,-128
1739724338.4121306,36,38,-122
1739724338.4581306,-27,42,-9
1739724338.5041306,29,-13,-76
1739724338.549131,-14,55,-118
1739724338.5951307,30,75,-42
1739724338.6411307,53,21,-22
1739724338.6861308,95,17,-24
1739724338.7321308,43,69,-22
1739724338.7781308,-12,-2,-1
1739724338.8241308,39,62,-56
1739724338.8691306,-41,-14,-33
1739724338.9151306,28,79,-30
1739724338.9611306,-40,60,-128
1739724339.0061307,34,30,72
1739724339.0521307,46,17,-90
1739724339.0981307,28,-3,-62
1739724339.1441307,110,49,64
1739724339.1891308,20,52,32
1739724339.2351308,54,30,-52
1739724339.2811308,2,-7,21
1739724339.3261306,-12,-48,-103
1739724339.3721306,17,46,6
1739724339.4181306,78,34,-14
1739724339.4641306,61,-39,0
1739724339.5091307,17,-14,-38
1739724339.5551307,-50,0,-67
1739724339.6011307,-13,5,-168
1739724339.6461308,-40,14,-83
1739724339.6921306,0,18,-18
1739724339.7381306,-32,-60,-63
1739724339.7841306,1,1,-78
1739724339.8291306,110,-6,-130
1739724339.875131,43,23,-74
1739724339.921131,8,-25,-80
1739724339.9661307,-17,25,-27
1739724340.0121307,-4,16,19
1739724340.0581307,0,42,-104
1739724340.1041307,19,-41,12
1739724340.1491306,40,38,-10
1739724340.1951306,89,23,-84
1739724340.2411306,7,-11,50
1739724340.286131,7,7,-50
1739724340.332131,47,-9,-174
1739724340.378131,31,-1,-80
1739724340.424131,-43,66,17
1739724340.4691308,39,104,-70
1739724340.5151308,-73,27,-15
1739724340.5611308,-13,1,61
1739724340.6061306,-20,12,-140
1739724340.6521306,14,-64,33
1739724340.6981306,47,43,-8
1739724340.7441306,-18,35,67
1739724340.7891307,33,-8,-26
1739724340.8351307,-24,46,45
1739724340.8811307,75,-52,-92
1739724340.9261308,-26,18,111
1739724340.9721308,-26,-44,-19
1739724341.0181308,-46,-115,-120
1739724341.0641308,70,-7,-40
1739724341.1091306,-15,-19,-1
1739724341.1551306,-45,36,15
1739724341.2011306,-33,-1,-17
1739724341.2461307,31,-32,22
1739724341.2921307,-30,3,-29
1739724341.3381307,15,74,-63
1739724341.3841307,55,-30,38
1739724341.4291308,-34,85,-129
1739724341.4751308,34,60,-124
1739724341.5211308,63,72,-60
1739724341.5661306,36,-1,-16
1739724341.6121306,1,11,-92
1739724341.6581306,-12,3,-80
1739724341.7041306,-13,-62,88
1739724341.7491307,15,56,-108
1739724341.7951307,-58,-49,-49
1739724341.8411307,17,58,-142
1739724341.8861306,6,3,-116
1739724341.9321306,-51,-102,39
1739724341.9781306,4,25,-99
1739724342.0241306,36,-14,4
1739724342.069131,-38,-11,-49
1739724342.1161306,3,15,-19
1739724342.1621306,58,60,-19
1739724342.2081306,27,75,-67
1739724342.253131,80,-37,-100
1739724342.299131,-62,-75,-28
1739724342.3451307,-5,-44,111
1739724342.3901308,-34,-21,-87
1739724342.4361308,60,-27,-66
1739724342.4821308,-24,0,29
1739724342.5281308,21,-57,-84
1739724342.5731306,61,68,-126
1739724342.6191306,-48,-22,37
1739724342.6651306,84,-47,-10
1739724342.7101307,-10,0,41
1739724342.7561307,-46,-22,-109
1739724342.8021307,-31,45,-107
1739724342.8481307,-47,6,65
1739724342.8931308,-30,37,-120
1739724342.9391308,-132,-64,-85
1739724342.9851308,33,-32,-98
1739724343.0301306,-69,-12,77
1739724343.0761306,17,0,-64
1739724343.1221306,4,15,-72
1739724343.1681306,-33,45,-43
1739724343.2131307,18,-30,-120
1739724343.2591307,-73,7,-119
1739724343.3051307,41,68,-58
1739724343.3501308,-4,-42,-9
1739724343.3961308,-68,1,13
1739724343.4421306,4,-7,-96
1739724343.4881306,-37,-75,87
1739724343.5331306,-56,21,-133
1739724343.5791306,-21,26,23
1739724343.625131,1,-19,-9
1739724343.6701307,11,-78,-167
1739724343.7161307,9,1,-32
1739724343.7621307,-1,8,-76
1739724343.8081307,55,83,-6
1739724343.8531306,57,102,-8
1739724343.8991306,-23,6,55
1739724343.9451306,-22,14,-8
1739724343.990131,29,49,-66
1739724344.036131,17,-14,-158
1739724344.082131,33,48,24
1739724344.1271307,43,-15,-22
1739724344.1731308,77,60,-52
1739724344.2191308,24,-2,-152
1739724344.2651308,34,-50,11
1739724344.3101306,38,-24,-9
1739724344.3561306,85,-21,-26
1739724344.4021306,10,-22,-21
1739724344.447131,-41,-9,-45
1739724344.4931307,16,-10,21
1739724344.5391307,-36,-26,51
1739724344.5851307,24,36,-150
1739724344.6301308,24,-46,-139
1739724344.6761308,-20,-70,-161
1739724344.7221308,2,41,-20
1739724344.7671306,-38,17,-108
1739724344.8131306,-68,-58,39
1739724344.8591306,-58,13,0
1739724344.9051306,-74,39,-11
1739724344.9501307,-17,-17,21
1739724344.9961307,-30,56,-74
1739724345.0421307,-16,-41,-49
1739724345.0871308,-51,-54,-89
1739724345.1331308,-35,43,-58
1739724345.1791308,-27,85,56
1739724345.2251308,15,-32,-123
1739724345.2701306,-38,-19,-37
1739724345.3161306,5,25,-14
1739724345.3621306,17,50,-8
1739724345.4071307,82,72,-222
1739724345.4531307,44,13,-148
1739724345.4991307,26,9,-124
1739724345.5501306,89,-23,0
1739724345.5961306,-41,-54,-159
1739724345.6421306,41,1,-126
1739724345.6871307,45,26,-96
1739724345.7331307,-40,-6,-29
1739724345.7791307,-28,15,-4
1739724345.8251307,-28,-29,-159
1739724345.8701308,-18,13,49
1739724345.9161308,14,38,6
1739724345.9621308,-80,-4,69
1739724346.0071306,58,-4,-90
1739724346.0531306,102,-34,-79
1739724346.0991306,-44,21,54
1739724346.1451306,42,-50,55
1739724346.1901307,-25,29,74
1739724346.2361307,-13,30,-62
1739724346.2821307,12,-43,-27
1739724346.3271308,33,23,-196
1739724346.3731308,-21,47,14
1739724346.4191308,-48,15,-146
1739724346.4651306,27,23,0
1739724346.5101306,45,45,-2
1739724346.5561306,-26,0,-150
1739724346.602131,48,-8,-9
1739724346.6471307,38,-9,49
1739724346.6931307,-62,17,-16
1739724346.7391307,44,-8,-118
1739724346.7851307,89,-20,17
1739724346.8301306,-21,23,-20
1739724346.8761306,-8,-25,-9
1739724346.9221306,-61,-36,-99
1739724346.967131,-32,-65,-5
1739724347.013131,29,-57,-107
1739724347.059131,-25,-35,33
1739724347.105131,15,63,-160
1739724347.1501307,37,20,-24
1739724347.1961308,71,-40,55
1739724347.2421308,34,13,-50
1739724347.2871306,-13,-55,-145
1739724347.3331306,-1,-24,-7
1739724347.3791306,8,-21,27
1739724347.4251306,15,-38,-27
1739724347.4701307,6,0,46
1739724347.5161307,17,20,-30
1739724347.5621307,0,36,28
1739724347.6071308,12,-4,62
1739724347.6531308,84,-87,-46
1739724347.6991308,6,59,12
1739724347.7451308,22,13,-132
1739724347.7901306,-55,129,-84
1739724347.8361306,46,51,-190
1739724347.8821306,44,-45,-8
1739724347.9271307,-89,5,81
1739724347.9731307,-20,-27,23
1739724348.0191307,-65,32,41
1739724348.0651307,-5,-16,-57
1739724348.1101308,-7,-10,-67
1739724348.1561308,-14,-19,-117
1739724348.2021308,21,44,-118
1739724348.2471306,48,121,-90
1739724348.2931306,-19,-31,-35
1739724348.3391306,71,-2,-140
1739724348.3851306,-32,-1,47
1739724348.4301307,-34,41,-89
1739724348.4761307,-3,-50,-51
1739724348.5221307,11,-58,-27
1739724348.5671306,2,86,-28
1739724348.6131306,60,54,58
1739724348.6591306,52,-5,76
1739724348.7051306,48,15,66
1739724348.750131,14,76,-46
1739724348.796131,-38,63,-29
1739724348.842131,28,17,30
1739724348.8871307,-15,-33,-53
1739724348.9331307,-3,46,-118
1739724348.9791307,16,116,-14
1739724349.0251307,11,-14,-30
1739724349.0701306,-7,6,-45
1739724349.1161306,59,6,-20
1739724349.1621306,2,-23,-104
1739724349.207131,-40,17,-35
1739724349.253131,-19,9,111
1739724349.299131,-8,-50,-110
1739724349.3451307,-43,68,-65
1739724349.3901308,47,45,-4
1739724349.4361308,5,-39,111
1739724349.4821308,0,52,41
1739724349.5271306,-23,50,-43
1739724349.5731306,24,-7,-78
1739724349.6191306,-18,39,-7
1739724349.6651306,10,-28,90
1739724349.7101307,19,-16,-34
1739724349.7561307,31,27,-62
1739724349.8021307,42,15,-22
1739724349.8471308,-30,15,-145
1739724349.8931308,-47,-72,-21
1739724349.9391308,42,-2,-14
1739724349.9851308,-34,-47,-95
1739724350.0301306,-40,-27,0
1739724350.0761306,-51,4,19
1739724350.1221306,-60,-19,-9
1739724350.1671307,-14,17,71
1739724350.2131307,29,-21,42
1739724350.2591307,19,64,-114
1739724350.3051307,68,-21,-158
1739724350.3501308,-11,33,27
1739724350.3961308,3,80,-38
1739724350.4421306,50,91,-46
1739724350.4871306,97,22,-24
1739724350.5331306,-55,-36,-62
1739724350.5791306,12,6,-54
1739724350.625131,-50,97,-6
1739724350.6701307,0,27,32
1739724350.7161307,53,22,-4
1739724350.7621307,-20,-6,-2
1739724350.8071306,23,7,-182
1739724350.8531306,14,31,-12
1739724350.8991306,24,51,-36
1739724350.9451306,8,-3,16
1739724350.990131,-41,-29,-111
1739724351.036131,34,-26,-74
1739724351.082131,-78,35,-77
1739724351.1271307,-77,29,3
1739724351.1731308,-6,-48,-112
1739724351.2191308,-21,-14,-5
1739724351.2651308,-56,-1,-5
1739724351.3101306,-27,-14,35
1739724351.3561306,53,47,6
1739724351.4021306,24,13,-56
1739724351.447131,-25,24,7
1739724351.4931307,-47,64,-27
1739724351.5391307,-106,0,-1
1739724351.5851307,-66,14,17
1739724351.6301308,-47,-32,-1
1739724351.6761308,-59,-55,-21
1739724351.7221308,-1,0,-132
1739724351.7671306,-6,42,-151
1739724351.8131306,27,-21,-28
1739724351.8591306,-14,-27,71
1739724351.9051306,33,83,-98
1739724351.9501307,-1,-43,-28
1739724351.9961307,8,-7,-38
1739724352.0421307,111,39,44
1739724352.0871308,44,47,-27
1739724352.1331308,5,-9,24
1739724352.1791308,-65,-28,-129
1739724352.2251308,41,-33,-24
1739724352.2701306,40,-54,-66
1739724352.3161306,-61,-8,-52
1739724352.3621306,7,37,-80
1739724352.4071307,-13,-38,-20
1739724352.4531307,24,1,-62
1739724352.4991307,-21,-12,-20
1739724352.5451307,58,-19,-92
1739724352.5901306,12,-13,15
1739724352.6361306,-1,-32,-40
1739724352.6821306,-85,6,-108
1739724352.727131,29,-26,-94
1739724352.773131,9,12,65
1739724352.819131,-82,-8,10
1739724352.865131,13,16,-126
1739724352.9101307,-18,78,-122
1739724352.9561307,51,11,-14
1739724353.0021307,75,8,-52
1739724353.0471306,-30,28,-57
1739724353.0931306,-37,97,-121
1739724353.1391306,0,20,-61
1739724353.184131,23,-31,48
1739724353.230131,-53,51,-101
1739724353.276131,-1,2,0
1739724353.322131,8,1,-37
1739724353.3671308,-17,3,36
1739724353.4131308,-51,-34,10
1739724353.4591308,26,-49,-31
1739724353.5051308,-31,-18,-63
1739724353.5501306,65,57,-40
1739724353.5961306,41,38,74
1739724353.6421306,-33,-16,-49
1739724353.6871307,-31,91,-229
1739724353.7331307,-15,-53,-19
1739724353.7791307,4,3,-41
1739724353.8251307,45,-85,55
1739724353.8701308,-9,-28,-33
1739724353.9161308,-4,-36,-25
1739724353.9621308,18,22,0
1739724354.0071306,-9,-2,18
1739724354.0531306,-79,63,-40
1739724354.0991306,-52,-54,-19
1739724354.1451306,35,32,-127
1739724354.1901307,7,59,0
1739724354.2361307,66,25,-49
1739724354.2801306,14,66,-12
1739724354.3261306,12,2,-69
1739724354.3721306,-7,-74,-15
1739724354.4181306,81,-12,27
1739724354.4631307,-22,8,66
1739724354.5091307,-14,23,-106
1739724354.5551307,19,32,24
1739724354.6001308,18,-83,-49
1739724354.6461308,-15,-9,-49
1739724354.6921306,-19,-45,-71
1739724354.7381306,17,16,-67
1739724354.7831306,12,45,-91
1739724354.8291306,64,25,57
1739724354.875131,-24,-50,-159
1739724354.9201307,-13,33,-74
1739724354.9661307,-12,25,-38
1739724355.0121307,11,12,4
1739724355.0581307,-52,29,26
1739724355.1031306,-10,-76,-45
1739724355.1491306,-73,-24,-177
1739724355.1951306,-55,2,56
1739724355.240131,15,-10,37
1739724355.286131,-4,10,0
1739724355.332131,18,62,42
1739724355.378131,-57,57,-72
1739724355.4231308,24,47,-41
1739724355.4691308,56,-20,41
1739724355.5201306,-12,9,16
1739724355.5661306,39,-6,-125
1739724355.6121306,7,-27,-25
1739724355.6581306,100,2,19
1739724355.7031307,51,13,-85
1739724355.7491307,-19,-33,-135
1739724355.7951307,-12,21,-24
1739724355.8401306,0,-9,-23
1739724355.8861306,-15,49,-121
1739724355.9321306,93,-30,-47
1739724355.9781306,-47,14,-84
1739724356.023131,17,-44,15
1739724356.069131,14,42,-47
1739724356.115131,37,-52,21
1739724356.1601307,19,40,44
1739724356.2061307,60,-38,0
1739724356.2521307,3,49,-141
1739724356.2981308,40,2,-9
1739724356.3431306,3,45,-48
1739724356.3891306,13,-52,-67
1739724356.4351306,-3,60,64
1739724356.480131,-41,44,-84
1739724356.526131,80,-14,-125
1739724356.572131,0,-23,-73
1739724356.6181307,6,-73,-71
1739724356.6631308,4,1,-89
1739724356.7091308,-40,-95,-191
1739724356.7551308,-16,-17,-75
1739724356.8001306,71,-9,21
1739724356.8461306,17,-42,-11
1739724356.8921306,1,-1,110
1739724356.9381306,12,2,-27
1739724356.9831307,23,-5,-79
1739724357.0291307,47,-23,-133
1739724357.0751307,-84,-9,26
1739724357.1201308,26,-37,-57
1739724357.1661308,41,-8,-73
1739724357.2121308,-9,55,-30
1739724357.2581308,-5,-20,-107
1739724357.3031306,19,10,19
1739724357.3491306,-5,38,-137
1739724357.3951306,-67,1,-80
1739724357.4401307,72,81,-7
1739724357.4861307,-40,-37,-52
1739724357.5321307,-28,-32,14
1739724357.5791306,30,13,41
1739724357.6241307,-16,-21,46
1739724357.6701307,-26,84,-76
1739724357.7161307,-61,7,-32
1739724357.7621307,-11,31,-93
1739724357.8071306,34,54,-47
1739724357.8531306,0,-25,22
1739724357.8991306,5,-15,19
1739724357.944131,-31,31,-32
1739724357.990131,-25,-36,-14
1739724358.036131,-4,-46,-145
1739724358.082131,40,-3,-1
1739724358.1271307,-48,84,40
1739724358.1731308,-86,-49,54
1739724358.2191308,-11,0,-20
1739724358.2641306,-20,2,-103
1739724358.3101306,-39,33,-4
1739724358.3561306,-19,76,-128
1739724358.4021306,37,2,-99
1739724358.447131,34,-48,-59
1739724358.4931307,32,39,27
1739724358.5391307,22,-31,1
1739724358.5841308,33,-60,-3
1739724358.6301308,-11,-54,-10
1739724358.6761308,26,-66,-145
1739724358.7221308,-16,33,-105
1739724358.7671306,-28,0,-143
1739724358.8131306,56,121,-13
1739724358.8591306,-17,25,60
1739724358.9041307,23,-59,16
1739724358.9501307,16,16,-163
1739724358.9961307,-82,42,6
1739724359.0421307,49,-17,-43
1739724359.0871308,0,1,-11
1739724359.1331308,21,28,9
1739724359.1791308,5,53,-57
1739724359.2241306,4,-3,48
1739724359.2701306,-8,20,-81
1739724359.3161306,-3,2,102
1739724359.3621306,108,-8,-83
1739724359.4071307,21,26,-95
1739724359.4531307,-9,-38,-163
1739724359.4991307,64,-75,13
1739724359.5441308,24,33,-61
1739724359.5901306,3,-55,42
1739724359.6361306,-72,15,-10
1739724359.6821306,30,-68,-65
1739724359.727131,14,-46,-91
1739724359.773131,-27,-34,104
1739724359.819131,-30,63,-165
1739724359.8641307,34,50,-81
1739724359.9101307,10,19,56
1739724359.9561307,1,-39,16
1739724360.0021307,42,10,-103
1739724360.0471306,59,-18,-77
1739724360.0931306,-92,42,-46
1739724360.1391306,-35,45,-54
1739724360.184131,63,3,-103
1739724360.230131,77,-40,15
1739724360.276131,-28,-2,-10
1739724360.322131,-23,4,-22
1739724360.3671308,31,-12,-131
1739724360.4131308,10,-26,-65
1739724360.4591308,-66,0,-6
1739724360.5041306,7,-17,-131
1739724360.5501306,10,37,-51
1739724360.5961306,41,64,-41
1739724360.6421306,41,-55,-25
1739724360.6871307,31,-12,-39
1739724360.7331307,13,-14,-115
1739724360.7791307,-1,-10,-37
1739724360.8241308,35,-42,-167
1739724360.8701308,-97,-27,-14
1739724360.9161308,3,27,-19
1739724360.9621308,4,45,96
1739724361.0071306,8,-48,-23
1739724361.0531306,0,78,50
1739724361.0991306,63,5,15
1739724361.1441307,-25,46,-47
1739724361.1901307,13,127,-147
1739724361.2361307,41,22,67
1739724361.2821307,-11,1,46
1739724361.3271308,18,-24,-161
1739724361.3731308,-27,135,-119
1739724361.4191308,-11,-32,-84
1739724361.4641306,-23,10,-82
1739724361.5101306,-59,27,-38
1739724361.5561306,58,-72,-27
1739724361.602131,25,7,-113
1739724361.6471307,30,-3,-128
1739724361.6931307,68,11,-26
1739724361.7391307,39,26,6
1739724361.7841306,7,1,-28
1739724361.8301306,-31,-34,-130
1739724361.8761306,-28,12,-162
1739724361.9221306,-32,21,-1
1739724361.967131,-89,-8,-31
1739724362.013131,16,-50,-2
1739724362.059131,38,58,-156
1739724362.1041307,97,20,-46
1739724362.1501307,-9,-52,-102
1739724362.1961308,-18,19,4
1739724362.2421308,34,34,-138
1739724362.2871306,-43,-33,53
1739724362.3331306,54,26,-120
1739724362.3791306,-19,-47,-42
1739724362.424131,3,-27,-120
1739724362.4701307,46,-49,-26
1739724362.5161307,-6,24,-86
1739724362.5621307,24,-59,-18
1739724362.6071308,-64,1,-1
1739724362.6531308,-8,10,-30
1739724362.6991308,23,76,-21
1739724362.7441306,-38,-13,-34
1739724362.7901306,41,12,63
1739724362.8361306,18,-36,-86
1739724362.8821306,-11,13,-19
1739724362.9271307,96,41,-91
1739724362.9731307,5,61,-95
1739724363.0191307,9,-22,-60
1739724363.0641308,61,-3,-138
1739724363.1101308,-62,50,5
1739724363.1561308,-42,-17,-84
1739724363.2021308,42,44,97
1739724363.2471306,-51,12,-128
1739724363.2931306,61,-22,-16
1739724363.3391306,-20,36,39
1739724363.3841307,67,-31,-94
1739724363.4301307,-91,-124,-16
1739724363.4761307,-54,5,-29
1739724363.5221307,13,65,43
1739724363.5671306,-36,25,-61
1739724363.6131306,-2,-14,-64
1739724363.6591306,37,-3,-18
1739724363.7041306,0,8,-60
1739724363.750131,-38,21,-25
1739724363.796131,44,90,3
1739724363.842131,33,31,-162
1739724363.8871307,-15,-93,14
1739724363.9331307,6,1,4
1739724363.9791307,-6,2,7
1739724364.0241306,-42,66,-7
1739724364.0701306,-15,11,0
1739724364.1161306,-20,48,35
1739724364.1621306,-4,22,-85
1739724364.207131,44,0,-8
1739724364.253131,11,45,-62
1739724364.299131,26,87,-66
1739724364.3441308,-22,38,-7
1739724364.3901308,24,-79,-134
1739724364.4361308,2,27,-150
1739724364.4811306,28,-3,-120
1739724364.5271306,50,7,-146
1739724364.5731306,-60,9,15
1739724364.6191306,3,-29,-162
1739724364.6641307,14,4,-114
1739724364.7101307,18,48,11
1739724364.7561307,-15,-5,-83
1739724364.8011308,-16,9,1
1739724364.8471308,-27,-20,107
1739724364.8931308,9,-76,-96
1739724364.9391308,0,-9,-74
1739724364.9841306,58,-3,-6
1739724365.0301306,8,-94,-30
1739724365.0761306,55,44,-48
1739724365.1211307,-86,20,0
1739724365.1671307,-62,-23,-5
1739724365.2131307,-6,-2,-122
1739724365.2591307,6,-47,-118
1739724365.3041308,31,-34,130
1739724365.3501308,-14,-5,-89
1739724365.3961308,21,0,-82
1739724365.4411306,-24,18,-39
1739724365.4871306,-24,56,-101
1739724365.5391307,-8,-6,-7
1739724365.5841308,-27,-34,-105
1739724365.6301308,-53,-8,-197
1739724365.6761308,-20,30,-11
1739724365.7211306,-35,13,-29
1739724365.7671306,35,2,22
1739724365.8131306,20,84,-103
1739724365.8591306,35,-4,44
1739724365.9041307,28,-41,-58
1739724365.9501307,-12,27,-181
1739724365.9961307,14,28,-36
1739724366.0411308,9,13,-76
1739724366.0871308,-86,48,-89
1739724366.1331308,-21,-8,1
1739724366.1791308,-70,-32,-91
1739724366.2241306,32,-64,-24
1739724366.2701306,-23,-6,147
1739724366.3161306,-9,81,-193
1739724366.3611307,25,-11,-80
1739724366.4071307,-11,-26,-50
1739724366.4531307,-1,14,-102
1739724366.4991307,-47,34,43
1739724366.5441308,47,35,68
1739724366.5901306,97,-78,58
1739724366.6361306,-20,70,-103
1739724366.6811306,107,92,-54
1739724366.727131,-23,40,-49
1739724366.773131,14,-36,16
1739724366.819131,30,-17,-10
1739724366.8641307,-32,-10,-21
1739724366.9101307,0,76,19
1739724366.9561307,27,19,52
1739724367.0011306,14,-18,-212
1739724367.0471306,-67,24,-123
1739724367.0931306,37,-24,14
1739724367.1391306,18,68,-75
1739724367.184131,81,-8,-126
1739724367.230131,28,-59,-64
1739724367.276131,-73,21,-53
1739724367.3211308,23,80,-117
1739724367.3671308,45,-45,186
1739724367.4131308,83,-8,-116
1739724367.4591308,-65,-2,-45
1739724367.5041306,-54,-15,69
1739724367.5501306,5,0,-4
1739724367.5961306,-59,35,-93
1739724367.6411307,-6,-58,-72
1739724367.6871307,-24,-38,-108
1739724367.7331307,1,-47,52
1739724367.7791307,-76,13,-15
1739724367.8241308,-13,103,-131
1739724367.8701308,-15,-3,-31
1739724367.9161308,36,4,-92
1739724367.9611306,107,-29,-34
1739724368.0071306,78,-66,-2
1739724368.0531306,39,38,-36
1739724368.0991306,-50,28,-97
1739724368.1441307,72,43,-98
1739724368.1901307,-23,-6,-85
1739724368.2361307,17,-22,-150
1739724368.2811308,21,-23,-18
1739724368.3271308,30,-40,-20
1739724368.3731308,84,70,-6
1739724368.4191308,5,-21,18
1739724368.4641306,23,-25,-214
1739724368.5101306,1,44,-35
1739724368.5561306,-73,39,7
1739724368.6011307,41,38,-52
1739724368.6471307,3,-5,-86
1739724368.6931307,21,-9,-60
1739724368.7371306,42,26,4
1739724368.7831306,7,63,-45
1739724368.8291306,0,1,-26
1739724368.875131,25,-25,-52
1739724368.9201307,-19,-27,-136
1739724368.9661307,62,-18,-6
1739724369.0121307,9,-1,-2
1739724369.0571306,6,13,-136
1739724369.1031306,28,0,26
1739724369.1491306,17,-20,-30
1739724369.1951306,18,34,-108
1739724369.240131,0,-8,-56
1739724369.286131,53,35,-56
1739724369.332131,-15,17,-13
1739724369.3771307,-15,-23,-147
1739724369.4231308,-41,-49,-38
1739724369.4691308,3,-49,116
1739724369.5151308,62,4,18
1739724369.5601306,10,49,-47
1739724369.6061306,3,13,-126
1739724369.6521306,22,0,-50
1739724369.697131,73,-7,-106
1739724369.7431307,108,-21,2
1739724369.7891307,33,-50,54
1739724369.8351307,25,11,12
1739724369.8801308,-27,36,-127
1739724369.9261308,2,-33,50
1739724369.9721308,5,49,-146
1739724370.0171306,50,55,-130
1739724370.0631306,-58,63,-31
1739724370.1091306,-15,1,-39
1739724370.1551306,0,42,59
1739724370.2001307,-20,34,67
1739724370.2461307,-46,0,-5
1739724370.2921307,-9,-62,41
1739724370.3371308,-67,-36,-93
1739724370.3831308,0,-47,-96
1739724370.4291308,14,22,63
1739724370.4751308,4,31,-102
1739724370.5201306,-40,-47,-47
1739724370.5661306,10,-6,50
1739724370.6121306,83,-85,-136
1739724370.6571307,-55,-33,-11
1739724370.7031307,-68,-22,-55
1739724370.7491307,67,41,-26
1739724370.7951307,-27,-80,43
1739724370.8401306,25,49,-58
1739724370.8861306,18,14,-20
1739724370.9321306,-8,12,33
1739724370.977131,-14,15,49
1739724371.023131,-17,-59,-21
1739724371.069131,-82,21,5
1739724371.115131,23,27,-96
1739724371.1601307,47,23,-56
1739724371.2061307,17,0,-132
1739724371.2521307,22,82,-86
1739724371.2971306,-57,-17,-99
1739724371.3431306,-59,-1,-71
1739724371.3891306,4,-25,70
1739724371.4351306,85,-33,60
1739724371.480131,-7,71,19
1739724371.526131,-13,81,-1
1739724371.572131,50,-7,20
1739724371.6171308,50,117,-14
1739724371.6631308,7,7,24
1739724371.7091308,2,19,-32
1739724371.7551308,30,-60,-132
1739724371.8001306,-48,44,-121
1739724371.8461306,97,-32,-72
1739724371.8921306,67,33,54
1739724371.9371307,-19,15,65
1739724371.9831307,22,0,2
1739724372.0291307,26,-21,-58
1739724372.0751307,23,-31,-12
1739724372.1201308,69,-53,-104
1739724372.1661308,20,30,139
1739724372.2121308,21,-7,-58
1739724372.2571306,-48,66,-39
1739724372.3031306,-50,-34,-47
1739724372.3491306,-7,0,-5
1739724372.3951306,-74,137,55
1739724372.4401307,49,-29,0
1739724372.4861307,-51,-70,-5
1739724372.5321307,-1,-41,-64
1739724372.5771308,67,11,-14
1739724372.6231308,72,-2,-32
1739724372.6691308,0,1,23
1739724372.7151306,26,-39,-6
1739724372.7601306,-26,4,-31
1739724372.8061306,31,-26,-144
1739724372.852131,-5,-56,-28
1739724372.8971307,15,-30,26
1739724372.9431307,35,-4,-92
1739724372.9891307,48,-63,42
1739724373.0351307,-10,-16,5
1739724373.0801306,-37,-65,25
1739724373.1261306,27,-5,-88
1739724373.1721306,-154,-10,-65
1739724373.217131,-74,-28,-145
1739724373.263131,-53,81,11
1739724373.309131,64,7,-156
1739724373.355131,90,21,-16
1739724373.4001307,-9,16,85
1739724373.4461308,47,-2,-148
1739724373.4921308,27,-3,-51
1739724373.5371306,11,13,-289
1739724373.5831306,14,50,140
1739724373.6291306,14,-14,-56
1739724373.6751306,-83,15,29
1739724373.7201307,-22,-16,-96
1739724373.7661307,40,26,4
1739724373.8121307,-17,-75,-3
1739724373.8571308,-99,13,11
1739724373.9031308,-15,-55,-74
1739724373.9491308,48,-91,-52
1739724373.9951308,-1,-53,-10
1739724374.0401306,-60,-23,-124
1739724374.0861306,24,31,-64
1739724374.1321306,-50,-42,-47
1739724374.1771307,-6,-2,-124
1739724374.2231307,90,37,-62
1739724374.2691307,19,8,-76
1739724374.3141308,-73,-32,-33
1739724374.3601308,25,-60,-27
1739724374.4061308,-78,-60,-29
1739724374.4521308,42,-4,17
1739724374.4971306,79,-25,-26
1739724374.5431306,45,-20,-11
1739724374.5891306,-36,-44,-101
1739724374.6341307,-71,70,-41
1739724374.6801307,16,-22,-57
1739724374.7261307,54,-28,-127
1739724374.7721307,1,-13,-87
1739724374.8171306,-51,-30,-54
1739724374.8631306,-22,-87,2
1739724374.9091306,-34,-92,10
1739724374.9541306,-46,36,-47
1739724375.000131,-8,59,43
1739724375.046131,44,-27,-47
1739724375.092131,12,10,28
1739724375.1371307,-10,-122,-97
1739724375.1831307,25,7,-121
1739724375.2291307,-39,-15,-77
1739724375.2741306,-61,-79,-46
1739724375.3201306,-37,49,-20
1739724375.3661306,-13,49,42
1739724375.4121306,-5,-56,-79
1739724375.457131,-29,52,64
1739724375.503131,15,-24,72
1739724375.5541308,94,-2,-25
1739724375.6001308,69,-4,-25
1739724375.6461308,51,7,-35
1739724375.6921306,20,38,40
1739724375.7371306,-43,12,140
1739724375.7831306,-108,84,-209
1739724375.8291306,-151,27,0
1739724375.8741307,51,84,-21
1739724375.9201307,41,-11,-15
1739724375.9661307,-15,-32,-85
1739724376.0121307,-8,-5,-105
1739724376.0571306,40,-17,50
1739724376.1041307,-66,-66,-65
1739724376.1501307,-66,-61,-21
1739724376.1961308,-70,-8,-3
1739724376.2411306,-34,21,-109
1739724376.2871306,24,-18,34
1739724376.3331306,11,14,96
1739724376.378131,9,-45,46
1739724376.424131,23,-24,2
1739724376.4701307,4,-20,-15
1739724376.5161307,-68,24,-33
1739724376.5611308,-22,41,56
1739724376.6071308,10,57,-45
1739724376.6531308,-43,31,-59
1739724376.6981306,56,16,-49
1739724376.7441306,-34,-70,-131
1739724376.7901306,-79,6,42
1739724376.8361306,-18,-29,-37
1739724376.8811307,23,-21,-3
1739724376.9271307,29,43,-35
1739724376.9731307,37,26,-55
1739724377.0181308,-84,60,-115
1739724377.0641308,16,-10,-1
1739724377.1101308,-10,0,-61
1739724377.1561308,-29,109,-123
1739724377.2011306,-7,-56,-59
1739724377.2471306,-8,-50,-37
1739724377.2931306,-44,-75,-65
1739724377.3381307,77,18,7
1739724377.3841307,-32,-64,92
1739724377.4301307,11,-40,-51
1739724377.4761307,-41,-115,-88
1739724377.5211308,-50,-22,-40
1739724377.5671306,-28,62,-83
1739724377.6131306,-57,-11,56
1739724377.6581306,-17,23,-53
1739724377.7041306,45,19,-25
1739724377.750131,96,-34,-111
1739724377.796131,31,9,-69
1739724377.8411307,106,2,-75
1739724377.8871307,7,45,90
1739724377.9331307,5,-57,42
1739724377.9781306,4,19,112
1739724378.0241306,51,-13,-209
1739724378.0701306,-79,31,-28
1739724378.1161306,40,84,-189
1739724378.161131,-50,85,-16
1739724378.207131,66,74,-101
1739724378.253131,-5,24,-35
1739724378.2981308,136,17,13
1739724378.3441308,51,-25,39
1739724378.3901308,29,55,-31
1739724378.4361308,27,37,-27
1739724378.4811306,-67,-4,-110
1739724378.5271306,42,-57,-181
1739724378.5731306,-19,41,-86
1739724378.6181307,62,-65,-23
1739724378.6641307,-21,-43,-61
1739724378.7101307,-15,-43,-133
1739724378.7561307,18,-32,-93
1739724378.8011308,-42,-39,-24
1739724378.8471308,-1,-4,-3
1739724378.8931308,30,-36,-15
1739724378.9381306,80,42,-137
1739724378.9841306,-54,-36,32
1739724379.0301306,-10,-12,-181
1739724379.0761306,2,7,46
1739724379.1211307,-69,38,-128
1739724379.1671307,-34,-39,-45
1739724379.2131307,32,87,96
1739724379.2581308,9,107,-127
1739724379.3041308,-49,16,46
1739724379.3501308,3,-9,-113
1739724379.3961308,56,20,-45
1739724379.4411306,39,36,-11
1739724379.4871306,-12,-9,-87
1739724379.5331306,-33,17,-2
1739724379.5781307,1,48,66
1739724379.6241307,-5,-42,-97
1739724379.6701307,100,-106,-43
1739724379.7161307,-13,55,-94
1739724379.7611306,-58,29,-28
1739724379.8071306,-26,24,-120
1739724379.8531306,-62,74,-6
1739724379.898131,16,131,74
1739724379.944131,-43,-27,-30
1739724379.990131,61,30,-11
1739724380.036131,-24,32,64
1739724380.0811307,29,-7,124
1739724380.1271307,-54,-15,-130
1739724380.1731308,34,-22,-45
1739724380.2181306,-37,81,-72
1739724380.2641306,41,40,-51
1739724380.3101306,43,16,-47
1739724380.3561306,11,13,3
1739724380.401131,-43,56,-2
1739724380.447131,46,92,-23
1739724380.4931307,62,8,-93
1739724380.5381308,-22,-29,-2
1739724380.5841308,-57,11,-110
1739724380.6301308,-72,14,42
1739724380.6761308,-22,-51,-46
1739724380.7211306,14,79,-75
1739724380.7671306,-66,-6,70
1739724380.8131306,40,4,-61
1739724380.8581307,47,-29,-3
1739724380.9041307,-74,5,-124
1739724380.9501307,-1,-4,-103
1739724380.9961307,2,58,64
1739724381.0411308,-49,0,-154
1739724381.0871308,9,-27,-11
1739724381.1331308,40,10,81
1739724381.1781306,84,18,-37
1739724381.2241306,51,-9,-7
1739724381.2701306,50,23,-39
1739724381.3161306,-30,69,-94
1739724381.3611307,-24,-36,4
1739724381.4071307,-26,110,16
1739724381.4531307,41,38,61
1739724381.4981308,49,-21,-159
1739724381.5441308,72,25,-125
1739724381.5901306,36,0,-75
1739724381.6361306,-45,-16,56
1739724381.6811306,89,-63,21
1739724381.727131,28,-27,55
1739724381.773131,-28,-8,-128
1739724381.8181307,73,-38,31
1739724381.8641307,71,-49,-77
1739724381.9101307,-41,-13,0
1739724381.9561307,7,7,-1
1739724382.0011306,-51,6,-140
1739724382.0471306,15,-70,25
1739724382.0931306,122,18,-57
1739724382.138131,98,39,-85
1739724382.184131,65,-53,-11
1739724382.230131,18,52,10
1739724382.276131,38,-22,-93
1739724382.3211308,-17,43,-94
1739724382.3671308,8,91,-213
1739724382.4131308,-69,8,-50
1739724382.4581306,35,2,-151
1739724382.5041306,-99,9,-20
1739724382.5501306,-44,-4,24
1739724382.5961306,-23,-18,26
1739724382.6411307,12,18,15
1739724382.6871307,11,39,-103
1739724382.7331307,5,59,-89
1739724382.7781308,-11,-48,-129
1739724382.8241308,-69,-66,124
1739724382.8701308,-29,12,26
1739724382.9161308,-39,55,-54
1739724382.9611306,-13,-68,3
1739724383.0071306,23,-3,-157
1739724383.0531306,25,-9,-85
1739724383.0981307,44,-17,-67
1739724383.1441307,-36,-33,-20
1739724383.1901307,3,-87,-33
1739724383.2361307,-13,-25,-147
1739724383.2811308,-51,-8,-50
1739724383.3271308,22,17,55
1739724383.3731308,-25,26,-131
1739724383.4181306,-37,3,14
1739724383.4641306,15,-30,-141
1739724383.5101306,-26,-38,38
1739724383.5561306,-10,35,-99
1739724383.6011307,-10,10,38
1739724383.6471307,-60,9,-22
1739724383.6931307,-50,-60,0
1739724383.7381306,3,-13,20
1739724383.7841306,21,-59,-139
1739724383.8301306,-4,6,-31
1739724383.8761306,-20,-29,-67
1739724383.921131,52,39,-35
1739724383.967131,46,15,-101
1739724384.013131,-7,10,-27
1739724384.0581307,-41,7,-36
1739724384.1041307,-45,10,-56
1739724384.1501307,-7,72,-33
1739724384.1961308,26,-29,-93
1739724384.2411306,-76,21,164
1739724384.2871306,-2,42,-5
1739724384.3331306,85,40,-11
1739724384.378131,30,37,-33
1739724384.424131,38,14,-103
1739724384.4701307,11,89,56
1739724384.5151308,52,57,-93
1739724384.5611308,-5,2,-227
1739724384.6071308,-11,25,-2
1739724384.6531308,2,13,-21
1739724384.6981306,-4,36,-51
1739724384.7441306,-30,61,-129
1739724384.7901306,38,32,49
1739724384.8351307,12,34,-135
1739724384.8811307,-22,18,-97
1739724384.9271307,6,-5,-181
1739724384.9731307,6,-5,-145
1739724385.0181308,-8,38,40
1739724385.0641308,3,35,-9
1739724385.1101308,39,2,49
1739724385.1551306,-24,-30,-58
1739724385.2011306,-61,-17,-44
1739724385.2471306,31,67,0
1739724385.2931306,75,-24,37
1739724385.3381307,-32,-3,30
1739724385.3841307,40,60,-145
1739724385.4301307,-22,-43,150
1739724385.4751308,-19,-57,-52
1739724385.5211308,-39,-39,-92
1739724385.5731306,-12,37,-133
1739724385.6181307,16,18,-107
1739724385.6641307,5,-63,-22
1739724385.7101307,-35,7,-107
1739724385.7551308,-37,53,-68
1739724385.8011308,43,22,-49
1739724385.8471308,-53,-58,-92
1739724385.8931308,-28,60,-140
1739724385.9381306,33,8,-107
1739724385.9841306,32,-4,-29
1739724386.0301306,55,-62,-95
1739724386.0751307,-7,69,-59
1739724386.1211307,-99,11,-10
1739724386.1671307,-56,-112,-96
1739724386.2131307,-37,47,16
1739724386.2571306,-34,-51,-28
1739724386.3031306,-46,20,-158
1739724386.3491306,11,-76,-95
1739724386.3941307,-46,14,30
1739724386.4401307,-30,-2,-104
1739724386.4861307,-92,44,-136
1739724386.5311308,19,50,51
1739724386.5771308,35,-16,-93
1739724386.6231308,-18,33,-81
1739724386.6691308,37,-22,-19
1739724386.7141306,-53,77,13
1739724386.7601306,-12,-90,-80
1739724386.8061306,15,8,-165
1739724386.8511307,-51,32,18
1739724386.8971307,-49,24,-42
1739724386.9431307,19,24,-163
1739724386.9891307,8,57,-3
1739724387.0341306,-102,-25,-154
1739724387.0801306,-27,48,-33
1739724387.1261306,38,-30,-95
1739724387.171131,12,85,-21
1739724387.217131,15,2,-31
1739724387.263131,24,-33,-83
1739724387.309131,-10,15,-29
1739724387.3541307,-20,56,-1
1739724387.4001307,-18,-25,-60
1739724387.4461308,-38,-3,-12
1739724387.4911306,-2,0,12
1739724387.5371306,21,-37,-39
1739724387.5831306,-29,52,23
1739724387.6291306,-48,-4,-6
1739724387.674131,11,53,-41
1739724387.7201307,58,101,-59
1739724387.7661307,15,8,-1
1739724387.8111308,3,-13,-87
1739724387.8571308,25,51,-43
1739724387.9031308,12,12,-147
1739724387.9491308,4,-27,19
1739724387.9941306,-60,-101,16
1739724388.0401306,62,-22,-71
1739724388.0861306,-57,19,-28
1739724388.1311307,-51,-8,-16
1739724388.1771307,52,23,-77
1739724388.2231307,-56,33,-6
1739724388.2691307,44,-35,-59
1739724388.3141308,34,55,-63
1739724388.3601308,25,29,21
1739724388.4061308,21,-29,35
1739724388.4511306,16,68,32
1739724388.4971306,123,66,3
1739724388.5431306,21,20,5
1739724388.5891306,-9,-38,24
1739724388.6341307,31,3,-3
1739724388.6801307,-35,5,-18
1739724388.7261307,-18,-5,-68
1739724388.7711308,0,-49,-133
1739724388.8171306,69,21,-133
1739724388.8631306,24,9,-9
1739724388.9091306,22,60,79
1739724388.9541306,-19,46,-28
1739724389.000131,-58,-45,-42
1739724389.046131,12,33,-85
1739724389.0911307,42,-3,-27
1739724389.1371307,29,-13,-65
1739724389.1831307,46,11,0
1739724389.2291307,-26,38,-54
1739724389.2741306,34,38,-123
1739724389.3201306,-48,-40,-66
1739724389.3661306,-15,9,32
1739724389.411131,-28,-24,70
1739724389.457131,-11,-76,-32
1739724389.503131,32,-24,-107
1739724389.549131,45,29,-25
1739724389.5941308,1,-43,5
1739724389.6401308,56,8,-39
1739724389.6861308,-4,-24,-53
1739724389.7311306,-19,-15,0
1739724389.7771306,-11,-84,144
1739724389.8231306,0,-17,70
1739724389.8691306,-71,-52,34
1739724389.9141307,19,26,-71
1739724389.9601307,-7,10,-75
1739724390.0061307,-32,65,-60
1739724390.0511308,-59,47,-18
1739724390.0971308,-13,-13,-101
1739724390.1431308,-44,1,-68
1739724390.1891308,-25,32,24
1739724390.2341306,56,-10,-135
1739724390.2801306,69,63,-145
1739724390.3261306,-55,-15,-40
1739724390.3711307,0,-77,18
1739724390.4171307,-15,23,-167
1739724390.4631307,-3,-18,32
1739724390.5091307,2,45,-39
1739724390.5541308,53,-24,-19
1739724390.6001308,6,-71,-70
1739724390.6461308,4,49,19
1739724390.6911306,44,-25,42
1739724390.7371306,-24,-30,-44
1739724390.7831306,-55,53,50
1739724390.8291306,4,65,-35
1739724390.8741307,-10,-22,-115
1739724390.9201307,38,-50,-85
1739724390.9661307,-28,36,-95
1739724391.0111306,69,69,0
1739724391.0571306,-26,20,-63
1739724391.1031306,6,-23,-23
1739724391.1491306,25,-15,98
1739724391.194131,-46,-42,-62
1739724391.240131,-125,69,-74
1739724391.286131,-55,61,-104
1739724391.3311307,-7,18,-12
1739724391.3771307,-61,-93,-189
1739724391.4231308,2,60,36
1739724391.4691308,-5,0,-16
1739724391.5141306,75,29,-55
1739724391.5601306,89,33,-3
1739724391.6061306,14,28,-95
1739724391.651131,7,-7,-19
1739724391.697131,25,17,-49
1739724391.7431307,-3,14,-18
1739724391.7891307,11,-66,-49
1739724391.8341308,0,-4,-119
1739724391.8801308,-12,5,-50
1739724391.9261308,-88,-51,20
1739724391.9711306,18,-36,-37
1739724392.0171306,-3,-26,0
1739724392.0631306,-5,16,-30
1739724392.1091306,-6,32,-109
1739724392.1541307,50,69,7
1739724392.2001307,-29,14,60
1739724392.2461307,-1,40,20
1739724392.2911308,-31,49,-46
1739724392.3371308,81,32,57
1739724392.3831308,-2,-22,-31
1739724392.4291308,-9,-38,-89
1739724392.4741306,-8,0,-2
1739724392.5201306,-18,-21,-89
1739724392.5661306,-13,73,14
1739724392.6111307,-15,-17,56
1739724392.6571307,-27,30,26
1739724392.7031307,3,84,-39
1739724392.7491307,41,-14,91
1739724392.7941308,-32,37,-121
1739724392.8401306,33,45,-33
1739724392.8861306,-54,59,-142
1739724392.9311306,55,45,85
1739724392.977131,-2,-2,-69
1739724393.023131,95,-23,-9
1739724393.069131,-19,-17,-119
1739724393.1141307,-53,25,-132
1739724393.1601307,13,-58,-45
1739724393.2061307,-22,-31,40
1739724393.2511306,-45,52,42
1739724393.2971306,-87,-6,66
1739724393.3431306,9,47,-165
1739724393.3891306,-32,-32,140
1739724393.434131,3,33,-73
1739724393.480131,-64,-43,-142
1739724393.526131,1,102,-135
1739724393.5711308,-49,6,-4
1739724393.6171308,13,26,-41
1739724393.6631308,94,-51,-31
1739724393.7091308,-21,-57,-42
1739724393.7541306,-5,22,-73
1739724393.8001306,-9,-38,-82
1739724393.8461306,5,1,-45
1739724393.8911307,-20,-3,-153
1739724393.9371307,19,28,21
1739724393.9831307,-62,66,20
1739724394.0291307,-89,8,-92
1739724394.0741308,-40,60,-67
1739724394.1201308,-46,-72,28
1739724394.1661308,66,-4,-153
1739724394.2111306,54,53,-111
1739724394.2571306,-57,-80,-52
1739724394.3031306,-24,16,44
1739724394.3471308,-48,22,-8
1739724394.3931308,-18,-27,-50
1739724394.4391308,42,18,-131
1739724394.4851308,-27,50,-28
1739724394.5301306,4,15,-21
1739724394.5761306,92,15,27
1739724394.6221306,5,23,-59
1739724394.6671307,81,22,-41
1739724394.7131307,-47,-14,-54
1739724394.7591307,-29,-16,-146
1739724394.8041308,-23,-53,-38
1739724394.8501308,25,-39,-69
1739724394.8961308,-12,-23,2
1739724394.9421306,-3,-40,-70
1739724394.9871306,30,55,-37
1739724395.0331306,-17,53,-145
1739724395.0791306,84,54,-81
1739724395.1241307,8,-3,-29
1739724395.1701307,-5,-74,90
1739724395.2161307,-8,-28,66
1739724395.2621307,16,12,-63
1739724395.3071306,80,-32,-187
1739724395.3531306,-64,-27,-24
1739724395.3991306,-21,11,-94
1739724395.444131,-1,4,-131
1739724395.490131,24,-27,-27
1739724395.536131,40,10,-17
1739724395.5871308,-5,6,-16
1739724395.6331308,16,-6,-161
1739724395.6791308,15,-40,-137
1739724395.7241306,-49,-10,-32
1739724395.7701306,64,56,-55
1739724395.8161306,-28,12,0
1739724395.8621306,-43,-9,-10
1739724395.9071307,19,-34,23
1739724395.9531307,-2,40,19
1739724395.9991307,36,-4,-93
1739724396.0441308,42,-51,81
1739724396.0901306,11,31,-115
1739724396.1361306,-3,4,-93
1739724396.1821306,-10,39,116
1739724396.227131,-46,64,-170
1739724396.273131,42,-75,-35
1739724396.319131,-10,-116,-44
1739724396.3641307,-8,12,-16
1739724396.4101307,-96,3,6
1739724396.4561307,-97,-38,-70
1739724396.5021307,10,-50,74
1739724396.5471306,15,28,93
1739724396.5931306,48,-11,-83
1739724396.6391306,27,51,-31
1739724396.684131,-7,-12,-58
1739724396.730131,-53,71,-57
1739724396.776131,6,0,30
1739724396.822131,-42,62,-91
1739724396.8671308,-73,-12,-38
1739724396.9131308,61,-85,28
1739724396.9591308,-58,-43,-62
1739724397.0041306,14,58,63
1739724397.0501306,-12,43,-39
1739724397.0961306,61,20,-175
1739724397.1421306,59,20,97
1739724397.1871307,-20,-49,-6
1739724397.2331307,19,-59,-159
1739724397.2791307,45,72,-35
1739724397.3241308,16,-22,60
1739724397.3701308,-50,60,0
1739724397.4161308,-34,-48,-201
1739724397.4621308,-48,15,66
1739724397.5071306,29,-63,-69
1739724397.5531306,13,25,-97
1739724397.5991306,10,81,-51
1739724397.6441307,-88,-61,-44
1739724397.6901307,6,-23,-54
1739724397.7361307,-64,18,-63
1739724397.7821307,39,70,107
1739724397.8271308,5,31,-209
1739724397.8731308,-95,35,27
1739724397.9191308,36,-45,34
1739724397.9641306,-17,50,33
1739724398.0101306,-60,20,-169
1739724398.0561306,-37,26,-33
1739724398.102131,-13,49,-75
1739724398.1471307,27,63,-47
1739724398.1931307,-1,-51,-60
1739724398.2391307,6,-7,-75
1739724398.2841306,-70,24,6
1739724398.3301306,-84,68,-71
1739724398.3761306,28,-9,-87
1739724398.4221306,-12,-5,-65
1739724398.467131,18,-26,-32
1739724398.513131,26,79,-27
1739724398.559131,-77,33,26
1739724398.6041307,32,-28,-25
1739724398.6501307,-63,-55,-76
1739724398.6961308,79,2,-113
1739724398.7421308,-39,2,-18
1739724398.7871306,13,2,-61
1739724398.8331306,74,35,-89
1739724398.8791306,18,20,-19
1739724398.924131,2,21,-71
1739724398.9701307,-1,-16,100
1739724399.0161307,24,37,-57
1739724399.0621307,39,-20,-21
1739724399.1071308,29,21,49
1739724399.1531308,-10,15,92
1739724399.1991308,-40,78,0
1739724399.2441306,-82,2,22
1739724399.2901306,-49,-16,-24
1739724399.3361306,83,-22,-45
1739724399.3821306,-115,-58,-70
1739724399.4271307,-76,-46,4
1739724399.4731307,53,-60,-51
1739724399.5191307,46,-31,-59
1739724399.5641308,16,58,-21
1739724399.6101308,17,-14,50
1739724399.6561308,-2,-30,-77
1739724399.7021308,6,35,-141
1739724399.7471306,-7,-18,-20
1739724399.7931306,61,-36,-49
1739724399.8391306,-51,34,-134
1739724399.8841307,-46,36,-80
1739724399.9301307,-53,-40,-44
1739724399.9761307,0,32,-107
1739724400.0221307,66,9,-67
1739724400.0671306,-10,21,34
1739724400.1131306,-89,50,34
1739724400.1591306,-9,-36,46
1739724400.2041306,-7,-38,-105
1739724400.250131,7,-13,-137
1739724400.296131,7,3,46
1739724400.342131,33,27,33
1739724400.3871307,25,-13,-31
1739724400.4331307,55,-16,-17
1739724400.4791307,72,17,-125
1739724400.5241306,46,-9,-121
1739724400.5701306,-4,-10,46
1739724400.6161306,-11,1,-61
1739724400.6621306,49,0,27
1739724400.707131,35,46,-23
1739724400.753131,114,9,-75
1739724400.799131,-48,-70,-24
1739724400.8441308,-5,26,92
1739724400.8901308,-49,12,-50
1739724400.9361308,22,17,-85
1739724400.9821308,55,20,-25
1739724401.0271306,18,-2,-25
1739724401.0731306,97,0,41
1739724401.1191306,28,63,-133
1739724401.1641307,58,-6,0
1739724401.2101307,-15,-61,-106
1739724401.2561307,15,-124,-70
1739724401.3021307,29,3,-137
1739724401.3471308,-24,64,36
1739724401.3931308,70,33,-99
1739724401.4391308,-17,27,-69
1739724401.4841306,-10,39,17
1739724401.5301306,-5,-18,36
1739724401.5761306,0,34,-118
1739724401.6221306,49,5,-177
1739724401.6671307,61,-81,46
1739724401.7131307,29,9,-48
1739724401.7591307,34,-6,-116
1739724401.8041308,12,-8,-36
1739724401.8501308,49,27,-30
1739724401.8961308,-7,-42,-68
1739724401.9421306,-72,1,-181
1739724401.9871306,0,-8,43
1739724402.0331306,25,27,-60
1739724402.0791306,62,18,-174
1739724402.1241307,-31,8,-11
1739724402.1701307,-44,20,1
1739724402.2161307,74,33,-54
1739724402.2621307,-78,-92,-15
1739724402.3071306,7,103,-174
1739724402.3531306,-55,-17,-79
1739724402.3991306,-20,-9,-31
1739724402.444131,29,25,-26
1739724402.490131,6,0,-2
1739724402.536131,22,58,-144
1739724402.582131,-16,-27,-47
1739724402.6271307,31,-38,-52
1739724402.6731308,16,10,22
1739724402.7191308,-31,-10,13
1739724402.7641306,-44,-21,-87
1739724402.8101306,27,25,20
1739724402.8561306,-35,7,-109
1739724402.9021306,19,8,-126
1739724402.947131,28,33,0
1739724402.9931307,55,49,70
1739724403.0391307,-2,-6,-104
1739724403.0841308,-48,-24,-39
1739724403.1301308,-15,-13,-126
1739724403.1761308,-9,2,-42
1739724403.2221308,-81,-7,-91
1739724403.2671306,35,-20,-62
1739724403.3131306,-5,28,-18
1739724403.3591306,0,-33,-27
1739724403.4041307,-46,86,18
1739724403.4501307,-90,-40,-93
1739724403.4961307,-45,-38,-75
1739724403.5421307,7,31,0
1739724403.5871308,-22,40,-15
1739724403.6331308,57,46,-48
1739724403.6791308,16,-70,-44
1739724403.7241306,39,46,-74
1739724403.7701306,-24,36,-33
1739724403.8161306,-6,60,-21
1739724403.8621306,0,-45,-12
1739724403.9071307,-21,56,-135
1739724403.9531307,89,-49,-110
1739724403.9991307,102,8,-88
1739724404.0441308,-1,34,-47
1739724404.0901306,-77,17,113
1739724404.1361306,91,21,-228
1739724404.1821306,-7,48,-65
1739724404.227131,-4,-70,-20
1739724404.273131,-46,-28,-67
1739724404.319131,-78,-43,21
1739724404.3641307,-43,-37,-37
1739724404.4101307,39,54,-18
1739724404.4561307,41,72,-110
1739724404.5021307,-9,71,117
1739724404.5471306,41,-14,-170
1739724404.5931306,11,-56,37
1739724404.6391306,116,33,-92
1739724404.684131,-27,-56,81
1739724404.730131,22,34,-82
1739724404.776131,-22,-23,-23
1739724404.8211308,29,-26,-94
1739724404.8671308,20,-53,-4
1739724404.9131308,44,28,-50
1739724404.9591308,43,40,15
1739724405.0041306,30,-21,-22
1739724405.0501306,-17,15,-3
1739724405.0961306,40,-21,-50
1739724405.1411307,16,26,-24
1739724405.1871307,-26,-55,69
1739724405.2331307,-17,-40,-96
1739724405.2791307,20,-40,-122
1739724405.3241308,-27,-48,-34
1739724405.3701308,4,-37,-108
1739724405.4161308,-38,-71,-102
1739724405.4611306,-45,34,25
1739724405.5071306,-44,-45,13
1739724405.559131,44,-4,-84
1739724405.6041307,-12,-44,-44
1739724405.6501307,-51,-15,-82
1739724405.6961308,-10,61,-40
1739724405.7411306,31,5,89
1739724405.7871306,46,47,-50
1739724405.8331306,11,2,16
1739724405.8791306,32,-44,70
1739724405.924131,-64,54,-103
1739724405.9701307,-87,36,-7
1739724406.0161307,30,13,-72
1739724406.0611308,-19,3,-41
1739724406.1071308,14,-6,-16
1739724406.1531308,-60,45,43
1739724406.1991308,40,16,4
1739724406.2441306,0,-33,-122
1739724406.2901306,62,8,-50
1739724406.3361306,-36,-88,83
1739724406.3811307,17,-14,12
1739724406.4271307,7,27,-76
1739724406.4731307,-29,28,-63
1739724406.5191307,-2,-28,17
1739724406.5641308,81,0,-36
1739724406.6101308,-13,-78,17
1739724406.6561308,19,-14,-72
1739724406.7011306,27,3,-238
1739724406.7471306,34,-4,22
1739724406.7931306,-39,-34,17
1739724406.8391306,24,-104,59
1739724406.8841307,-32,0,-2
1739724406.9301307,0,24,45
1739724406.9761307,15,2,-158
1739724407.0211308,-46,66,33
1739724407.0671306,-33,-56,-65
1739724407.1131306,-28,-66,9
1739724407.1591306,-48,-2,-19
1739724407.2041306,7,-35,-64
1739724407.250131,22,15,-154
1739724407.296131,51,113,10
1739724407.3411307,-5,24,4
1739724407.3871307,0,48,-58
1739724407.4331307,-39,7,35
1739724407.4791307,7,29,-150
1739724407.5241306,10,-28,97
1739724407.5701306,-21,-19,9
1739724407.6161306,-16,57,32
1739724407.661131,5,-57,49
1739724407.707131,2,-5,-18
1739724407.753131,-27,-16,-83
1739724407.799131,21,-15,24
1739724407.8441308,-41,-15,-19
1739724407.8901308,-34,17,-113
1739724407.9361308,5,43,2
1739724407.9811306,91,39,-2
1739724408.0271306,34,-72,-52
1739724408.0731306,-43,-19,-85
1739724408.1191306,-39,7,-133
1739724408.1641307,-10,19,-72
1739724408.2101307,23,25,40
1739724408.2561307,0,34,36
1739724408.3011308,-46,-2,-87
1739724408.3471308,-96,-68,-17
1739724408.3931308,34,-92,-133
1739724408.4391308,6,39,-172
1739724408.4841306,-78,-19,-99
1739724408.5301306,19,-34,6
1739724408.5761306,46,-29,-20
1739724408.6211307,-61,4,-93
1739724408.6671307,-121,31,57
1739724408.7131307,60,-12,-38
1739724408.7591307,-36,85,5
1739724408.8041308,80,32,-72
1739724408.8501308,17,-38,-34
1739724408.8961308,26,-2,-26
1739724408.9411306,41,46,-42
1739724408.9871306,-12,-21,-3
1739724409.0331306,-51,-8,-125
1739724409.0791306,-48,-44,-51
1739724409.1241307,-40,19,-129
1739724409.1701307,5,7,4
1739724409.2161307,-87,-9,5
1739724409.2611306,31,23,26
1739724409.3071306,-21,4,11
1739724409.3531306,24,-11,16
1739724409.3991306,-6,-48,-58
1739724409.444131,-5,26,-26
1739724409.490131,54,-3,-54
1739724409.536131,-62,-29,-91
1739724409.5811307,-24,-67,-33
1739724409.6271307,9,9,-152
1739724409.6731308,60,-68,-77
1739724409.7191308,-34,37,-74
1739724409.7641306,0,24,-80
1739724409.8101306,18,-48,-27
1739724409.8561306,21,-56,-163
1739724409.901131,-36,-27,-91
1739724409.947131,50,-67,-5
1739724409.9931307,-78,-44,-77
1739724410.0391307,-64,-25,-155
1739724410.0841308,15,46,-114
1739724410.1301308,-54,-7,-49
1739724410.1761308,-11,27,-16
1739724410.2211306,85,0,10
1739724410.2671306,8,61,-118
1739724410.3131306,-7,10,6
1739724410.3591306,-47,50,-86
1739724410.4041307,52,15,12
1739724410.4501307,-3,-36,-17
1739724410.4961307,-5,92,-74
1739724410.5411308,-23,10,-5
1739724410.5871308,36,10,-156
1739724410.6331308,-30,61,-57
1739724410.6791308,-55,-15,-169
1739724410.7241306,17,0,-50
1739724410.7701306,-7,44,-45
1739724410.8161306,0,-8,-136
1739724410.8611307,52,5,-38
1739724410.9071307,0,22,13
1739724410.9531307,-1,36,-121
1739724410.9991307,26,5,-26
1739724411.0441308,-54,-36,-37
1739724411.0901306,-24,-40,49
1739724411.1361306,95,39,-38
1739724411.1811306,79,-44,-138
1739724411.227131,110,48,-30
1739724411.273131,35,40,-56
1739724411.319131,40,-36,36
1739724411.3641307,8,1,63
1739724411.4101307,4,-21,-126
1739724411.4561307,-56,-11,-31
1739724411.5011306,-11,-24,-82
1739724411.5471306,-15,-45,-22
1739724411.5931306,13,-26,-24
1739724411.6391306,56,-1,-10
1739724411.684131,-53,-48,-119
1739724411.730131,-110,-53,-79
1739724411.776131,-41,-5,-39
1739724411.8211308,-17,-89,-74
1739724411.8671308,79,-32,-26
1739724411.9131308,77,-7,-36
1739724411.9591308,46,43,9
1739724412.0041306,-20,34,-114
1739724412.0501306,10,19,-112
1739724412.0961306,-32,13,-87
1739724412.1411307,-32,101,-111
1739724412.1871307,46,31,-2
1739724412.2331307,49,47,-102
1739724412.2791307,4,-69,-184
1739724412.3241308,17,8,-12
1739724412.3701308,-4,16,3
1739724412.4161308,56,10,-6
1739724412.4611306,17,2,-98
1739724412.5071306,-66,36,-51
1739724412.5531306,-65,-31,71
1739724412.5991306,-60,37,-65
1739724412.6441307,79,-1,-168
1739724412.6901307,-51,48,-7
1739724412.7361307,-6,-8,-37
1739724412.7811308,-85,50,-45
1739724412.8271308,-27,32,-29
1739724412.8731308,-67,70,-19
1739724412.9191308,11,-18,15
1739724412.9641306,13,-22,43
1739724413.0101306,-30,44,-62
1739724413.0561306,-84,-21,-95
1739724413.1011307,-31,33,107
1739724413.1471307,-12,19,27
1739724413.1931307,-1,-51,-49
1739724413.2391307,92,-6,-82
1739724413.2841306,69,41,-110
1739724413.3301306,-54,-42,-67
1739724413.3761306,27,-21,-86
1739724413.421131,6,15,-82
1739724413.467131,-2,60,12
1739724413.513131,-9,53,-16
1739724413.559131,42,-31,-66
1739724413.6041307,-5,10,-76
1739724413.6501307,-35,-31,15
1739724413.6961308,51,-15,8
1739724413.7411306,37,-38,-46
1739724413.7871306,-46,36,49
1739724413.8331306,106,32,6
1739724413.8791306,10,-70,45
1739724413.924131,-20,106,54
1739724413.9701307,-104,4,-7
1739724414.0161307,18,18,56
1739724414.0611308,-57,11,-13
1739724414.1071308,-34,-1,-9
1739724414.1531308,-7,52,62
1739724414.1991308,-21,9,-167
1739724414.2441306,21,28,28
1739724414.2901306,78,-34,-84
1739724414.3361306,-29,-16,7
1739724414.3811307,41,-16,0
1739724414.4271307,57,-36,134
1739724414.4731307,-16,-25,-132
1739724414.5191307,30,33,129
1739724414.5641308,-10,-32,15
1739724414.6101308,21,6,40
1739724414.6561308,-28,14,-133
1739724414.7011306,37,113,-53
1739724414.7471306,61,72,-17
1739724414.7931306,4,-27,78
1739724414.8381307,-53,53,39
1739724414.8841307,7,5,-23
1739724414.9301307,-24,-20,4
1739724414.9761307,18,-46,-105
1739724415.0211308,5,27,-117
1739724415.0671306,-5,54,31
1739724415.1131306,21,-28,-143
1739724415.1581306,-65,10,12
1739724415.2041306,10,102,-35
1739724415.250131,-9,-58,-95
1739724415.296131,72,11,-125
1739724415.3411307,25,-21,-37
1739724415.3871307,-13,3,16
1739724415.4331307,142,79,-7
1739724415.4781306,22,14,40
1739724415.5241306,122,-53,86
1739724415.5761306,30,-28,-57
1739724415.6211307,19,49,39
1739724415.6671307,-43,-34,-173
1739724415.7131307,44,39,-45
1739724415.7581308,-33,26,-77
1739724415.8041308,-94,-63,116
1739724415.8501308,0,31,1
1739724415.8961308,69,4,-93
1739724415.9411306,-48,-23,104
1739724415.9871306,-68,15,86
1739724416.0331306,-6,42,-153
1739724416.0781307,70,-80,-21
1739724416.1241307,-11,7,-161
1739724416.1691308,9,92,-121
1739724416.2141306,-67,31,-81
1739724416.2601306,70,-122,-94
1739724416.3061306,-13,7,-69
1739724416.352131,24,-47,-65
1739724416.3971307,40,-32,-69
1739724416.4431307,29,45,67
1739724416.4891307,29,49,-21
1739724416.5341306,31,-19,-53
1739724416.5801306,36,-12,-55
1739724416.6261306,7,-11,-7
1739724416.6721306,-18,0,-75
1739724416.717131,12,10,-45
1739724416.763131,20,-32,-15
1739724416.809131,0,54,-41
1739724416.8541307,-61,57,-40
1739724416.9001307,31,5,-49
1739724416.9461308,-14,-51,14
1739724416.9921308,54,33,7
1739724417.0371306,11,51,-25
1739724417.0831306,-19,47,-30
1739724417.1291306,14,20,-53
1739724417.174131,-91,72,-34
1739724417.2201307,26,-51,-35
1739724417.2661307,-48,-4,-18
1739724417.3121307,57,-18,-35
1739724417.3571308,-77,-38,62
1739724417.4031308,16,-30,-63
1739724417.4491308,-41,76,-34
1739724417.4941306,-93,14,-106
1739724417.5401306,-26,22,-143
1739724417.5861306,-26,1,-38
1739724417.6321306,50,-11,-151
1739724417.6771307,111,106,21
1739724417.7231307,-18,15,-88
1739724417.7691307,-27,-14,0
1739724417.8141308,41,48,89
1739724417.8601308,4,-51,44
1739724417.9061308,76,-6,-25
1739724417.9521308,31,-42,31
1739724417.9971306,62,-32,71
1739724418.0431306,-22,18,-89
1739724418.0891306,-1,30,-45
1739724418.1341307,15,68,-103
1739724418.1801307,44,12,-17
1739724418.2261307,-28,-70,-129
1739724418.2721307,79,-22,-91
1739724418.3171306,-38,-3,-82
1739724418.3631306,-4,-6,-85
1739724418.4091306,-30,-8,-81
1739724418.4541306,83,20,43
1739724418.500131,-3,-10,-1
1739724418.546131,40,-54,-137
1739724418.592131,-34,13,-97
1739724418.6371307,56,-28,-85
1739724418.6831307,2,-5,-83
1739724418.7291307,-94,0,-28
1739724418.7741306,-19,-19,-67
1739724418.8201306,15,28,-57
1739724418.8661306,-75,-54,-154
1739724418.9121306,29,57,-99
1739724418.957131,76,51,-27
1739724419.003131,-19,-21,-11
1739724419.049131,16,52,-24
1739724419.0941308,23,11,-185
1739724419.1401308,34,43,12
1739724419.1861308,27,-23,3
1739724419.2321308,-89,38,-76
1739724419.2771306,34,0,-61
1739724419.3231306,48,-37,-61
1739724419.3691306,14,-42,108
1739724419.4141307,62,50,20
1739724419.4601307,-14,-59,-69
1739724419.5061307,-12,-36,-3
1739724419.5521307,-13,-53,-23
1739724419.5971308,19,-4,-131
1739724419.6431308,26,-34,-5
1739724419.6891308,39,82,-14
1739724419.7341306,-18,2,11
1739724419.7801306,-12,-33,-143
1739724419.8261306,-18,-57,-113
1739724419.8721306,-19,-49,-61
1739724419.9171307,8,53,-62
1739724419.9631307,-21,-49,-151
1739724420.0091307,55,35,-103
1739724420.0541308,1,29,18
1739724420.1001308,42,30,-8
1739724420.1461308,1,-27,27
1739724420.1921306,-54,-12,-153
1739724420.2371306,70,3,19
1739724420.2831306,-24,-38,-183
1739724420.3291306,-46,4,-109
1739724420.3741307,-31,59,-28
1739724420.4201307,-24,-20,-39
1739724420.4661307,-7,-26,-65
1739724420.5121307,-9,-4,0
1739724420.5571306,-19,-47,-65
1739724420.6031306,34,26,-71
1739724420.6491306,-52,28,-42
1739724420.694131,-72,14,-134
1739724420.740131,-11,-30,0
1739724420.786131,-44,34,38
1739724420.832131,6,51,82
1739724420.8771307,54,-16,-69
1739724420.9231308,121,-12,1
1739724420.9691308,5,73,-114
1739724421.0141306,-38,71,-36
1739724421.0601306,-21,-47,-7
1739724421.1061306,-34,-11,-48
1739724421.1521306,11,-32,1
1739724421.197131,47,55,7
1739724421.2431307,-16,45,-78
1739724421.2891307,44,0,-71
1739724421.3341308,-11,35,116
1739724421.3801308,22,3,7
1739724421.4261308,-6,4,18
1739724421.4721308,5,-45,-31
1739724421.5171306,-13,-9,-145
1739724421.5631306,47,-51,-57
1739724421.6091306,-27,16,-68
1739724421.6541307,43,-35,-17
1739724421.7001307,24,-13,-17
1739724421.7461307,81,-80,-31
1739724421.7921307,70,-2,27
1739724421.8371308,39,-48,-43
1739724421.8831308,12,-16,-81
1739724421.9291308,80,95,106
1739724421.9741306,-10,31,-52
1739724422.0201306,11,-46,71
1739724422.0661306,3,73,-34
1739724422.1121306,57,-26,-105
1739724422.1571307,-11,15,42
1739724422.2031307,57,-8,-69
1739724422.2491307,20,2,-73
1739724422.2941308,80,18,35
1739724422.3401306,-40,-39,-151
1739724422.3861306,64,50,-63
1739724422.4321306,23,-23,-135
1739724422.477131,19,16,5
1739724422.523131,29,59,-161
1739724422.569131,55,-26,-61
1739724422.6141307,7,13,-57
1739724422.6601307,10,45,158
1739724422.7061307,41,42,-61
1739724422.7521307,-21,-1,-36
1739724422.7971306,2,35,-44
1739724422.8431306,-39,37,-38
1739724422.8891306,5,120,-168
1739724422.934131,6,-21,-195
1739724422.980131,115,13,-25
1739724423.026131,-63,39,-90
1739724423.072131,49,-4,111
1739724423.1171308,-38,55,-140
1739724423.1631308,34,-36,-91
1739724423.2091308,-70,5,-20
1739724423.2541306,-38,-57,7
1739724423.3001306,23,15,-45
1739724423.3461306,-3,0,-41
1739724423.3921306,-61,-49,-2
1739724423.4371307,4,-13,39
1739724423.4831307,20,8,19
1739724423.5291307,36,-36,-35
1739724423.5741308,-12,23,68
1739724423.6201308,-1,-18,76
1739724423.6661308,50,79,77
1739724423.7121308,-20,-3,-109
1739724423.7571306,-18,-87,-103
1739724423.8031306,-42,-47,-110
1739724423.8491306,-19,-55,-10
1739724423.8941307,-91,-34,72
1739724423.9401307,-30,-8,-40
1739724423.9861307,16,82,-127
1739724424.0321307,10,-3,7
1739724424.0771308,-58,-3,-80
1739724424.1231308,13,10,-155
1739724424.1691308,-2,20,-29
1739724424.2141306,-39,73,12
1739724424.2601306,-46,1,6
1739724424.3061306,42,58,-67
1739724424.352131,-14,-21,-2
1739724424.3971307,24,-9,-95
1739724424.4431307,-77,49,-54
1739724424.4891307,17,8,99
1739724424.5341306,0,30,1
1739724424.5801306,-19,49,-63
1739724424.6261306,0,86,-155
1739724424.6721306,20,-8,-5
1739724424.717131,-41,-83,-78
1739724424.763131,51,65,-97
1739724424.809131,10,-54,-183
1739724424.8541307,21,4,-99
1739724424.9001307,80,-34,-113
1739724424.9461308,-15,-13,8
1739724424.9911306,14,101,33
1739724425.0371306,-4,0,-113
1739724425.0831306,-78,-44,-42
1739724425.1291306,-11,49,100
1739724425.174131,52,-11,-55
1739724425.2201307,20,12,15
1739724425.2661307,11,71,-49
1739724425.3111308,17,24,-41
1739724425.3571308,-47,30,-62
1739724425.4031308,-16,-53,-106
1739724425.4491308,38,42,-129
1739724425.4941306,31,3,-97
1739724425.5401306,10,-26,-79
1739724425.5911307,-64,15,-62
1739724425.6371307,55,1,-71
1739724425.6831307,8,11,-87
1739724425.7291307,-51,30,-70
1739724425.7741306,43,8,-63
1739724425.8201306,-22,-25,18
1739724425.8661306,93,-85,-19
1739724425.911131,-86,-1,96
1739724425.957131,4,41,-71
1739724426.003131,18,-26,-29
1739724426.049131,42,20,-165
1739724426.0941308,-19,25,86
1739724426.1401308,-39,3,-126
1739724426.1861308,-82,61,-70
1739724426.2311306,17,44,-13
1739724426.2771306,-1,0,-17
1739724426.3231306,-28,-30,-52
1739724426.3691306,18,16,-111
1739724426.4141307,42,-49,-87
1739724426.4601307,-54,20,-68
1739724426.5061307,0,-11,-43
1739724426.5511308,16,18,-171
1739724426.5971308,-46,80,-6
1739724426.6431308,28,-33,41
1739724426.6891308,-40,43,-56
1739724426.7341306,5,45,-17
1739724426.7801306,39,-16,161
1739724426.8261306,10,41,-41
1739724426.8711307,-19,7,-85
1739724426.9171307,2,-23,18
1739724426.9631307,-34,-1,0
1739724427.0091307,-62,-45,-34
1739724427.0541308,9,75,-191
1739724427.1001308,38,-28,21
1739724427.1461308,-35,49,-16
1739724427.1911306,-46,-22,-32
1739724427.2371306,34,-3,13
1739724427.2831306,54,77,-43
1739724427.3291306,-15,3,-97
1739724427.3741307,-111,-29,-94
1739724427.4201307,-85,-15,-18
1739724427.4661307,-9,6,50
1739724427.5111306,-33,-18,-107
1739724427.5571306,-1,46,-38
1739724427.6031306,-93,10,-31
1739724427.6491306,0,-23,-117
1739724427.694131,30,63,-61
1739724427.740131,59,0,-79
1739724427.786131,-63,7,-69
1739724427.8311307,44,54,-82
1739724427.8771307,-36,21,-62
1739724427.9231308,4,73,-70
1739724427.9691308,63,28,8
1739724428.0141306,58,-3,32
1739724428.0601306,4,37,-36
1739724428.1061306,40,58,-68
1739724428.151131,93,-2,-50
1739724428.197131,52,-2,-116
1739724428.2431307,-79,-39,-41
1739724428.2891307,70,100,-98
1739724428.3341308,-17,24,22
1739724428.3801308,-2,44,-30
1739724428.4261308,-53,77,-23
1739724428.4711306,11,-18,-56
1739724428.5171306,-38,41,-126
1739724428.5631306,23,-17,-16
1739724428.6091306,100,0,-124
1739724428.6541307,10,-66,10
1739724428.7001307,-16,25,-110
1739724428.7461307,-64,-11,-25
1739724428.7911308,15,-30,63
1739724428.8371308,-12,-13,6
1739724428.8831308,23,36,-110
1739724428.9291308,-44,-17,-86
1739724428.9741306,2,27,5
1739724429.0201306,-38,46,-78
1739724429.0661306,16,25,-15
1739724429.1111307,-6,3,43
1739724429.1571307,39,34,27
1739724429.2031307,-57,-46,-84
1739724429.2491307,-22,46,-98
1739724429.2941308,-17,-23,-120
1739724429.3401306,-14,59,-14
1739724429.3861306,-26,62,-66
1739724429.4311306,-7,74,-114
1739724429.477131,13,-7,-48
1739724429.523131,21,-7,-18
1739724429.569131,45,30,-6
1739724429.6141307,-24,156,-51
1739724429.6601307,16,34,-6
1739724429.7061307,-46,-112,-154
1739724429.7511306,52,-46,21
1739724429.7971306,19,8,8
1739724429.8431306,19,-81,-88
1739724429.8891306,1,-81,105
1739724429.934131,-39,-11,-29
1739724429.980131,19,-16,-74
1739724430.026131,49,-13,28
1739724430.0711308,-135,10,-44
1739724430.1171308,32,39,-42
1739724430.1631308,-38,27,-23
1739724430.2091308,65,10,-106
1739724430.2541306,76,-40,-18
1739724430.3001306,-60,57,3
1739724430.3461306,-69,-4,-43
1739724430.3911307,8,-13,67
1739724430.4371307,4,-5,51
1739724430.4831307,2,-71,-16
1739724430.5291307,29,9,-34
1739724430.5741308,46,-5,-50
1739724430.6201308,13,30,-48
1739724430.6661308,27,-17,-12
1739724430.7111306,69,-25,0
1739724430.7571306,-7,24,63
1739724430.8031306,81,20,64
1739724430.8491306,-22,-5,-7
1739724430.8941307,2,-33,27
1739724430.9401307,-25,-54,-55
1739724430.9861307,2,31,-36
1739724431.0311308,-5,-20,-42
1739724431.0771308,94,-77,30
1739724431.1231308,-33,-72,83
1739724431.1691308,28,7,16
1739724431.2141306,-46,8,-85
1739724431.2601306,-21,-77,-52
1739724431.3061306,37,20,-58
1739724431.3511307,77,17,26
1739724431.3971307,-8,54,7
1739724431.4431307,27,17,-102
1739724431.4891307,15,-8,-60
1739724431.5341306,-24,-10,-33
1739724431.5801306,6,79,-57
1739724431.6261306,34,47,-42
1739724431.671131,-131,4,-31
1739724431.717131,70,-41,-206
1739724431.763131,-70,5,-53
1739724431.809131,24,54,-99
1739724431.8541307,6,7,-116
1739724431.9001307,-27,22,-3
1739724431.9461308,19,62,29
1739724431.9911306,7,-3,4
1739724432.0371306,-67,3,-115
1739724432.0831306,48,-23,20
1739724432.1291306,-7,-48,106
1739724432.174131,43,12,30
1739724432.2201307,11,19,-28
1739724432.2661307,15,-72,-32
1739724432.3111308,31,37,-10
1739724432.3571308,-41,57,185
1739724432.4031308,-28,46,-19
1739724432.4491308,116,71,-78
1739724432.4941306,-46,26,-109
1739724432.5401306,34,27,-88
1739724432.5861306,-26,-64,32
1739724432.6311307,3,-111,65
1739724432.6771307,3,29,-96
1739724432.7231307,12,-28,-25
1739724432.7691307,1,8,-46
1739724432.8141308,-47,-35,-37
1739724432.8601308,22,-56,-85
1739724432.9061308,6,-12,-42
1739724432.9511306,-116,-41,89
1739724432.9971306,74,-83,-4
1739724433.0431306,-30,65,-18
1739724433.0891306,-7,27,-108
1739724433.1341307,-8,-2,-68
1739724433.1801307,-63,-17,13
1739724433.2261307,-46,-27,-31
1739724433.2711308,-33,9,-40
1739724433.3171306,-78,21,-81
1739724433.3631306,-15,5,-17
1739724433.4091306,15,0,-64
1739724433.4541306,34,17,38
1739724433.500131,-53,-17,-96
1739724433.546131,15,0,-26
1739724433.5911307,38,-27,-47
1739724433.6371307,-8,-53,-63
1739724433.6831307,-44,-54,61
1739724433.7291307,-37,-42,-35
1739724433.7741306,49,28,-32
1739724433.8201306,37,5,-10
1739724433.8661306,4,-28,3
1739724433.911131,4,74,-90
1739724433.957131,6,-10,41
1739724434.003131,-34,41,43
1739724434.049131,129,1,-24
1739724434.0941308,-57,95,-174
1739724434.1401308,3,-16,-98
1739724434.1861308,31,77,-40
1739724434.2311306,44,-66,47
1739724434.2771306,-24,-6,79
1739724434.3231306,-2,66,31
1739724434.3691306,-42,39,-127
1739724434.4141307,28,-7,-102
1739724434.4601307,41,6,-90
1739724434.5061307,4,-3,4
1739724434.5511308,-4,0,37
1739724434.5971308,55,21,-138
1739724434.6431308,-31,26,-37
1739724434.6881306,41,-20,-46
1739724434.7341306,12,10,-70
1739724434.7801306,52,79,-50
1739724434.8261306,0,50,-98
1739724434.8711307,43,0,-112
1739724434.9171307,-28,61,32
1739724434.9631307,-37,-81,-134
1739724435.0081308,-72,17,-18
1739724435.0541308,-6,22,-37
1739724435.1001308,9,45,0
1739724435.1461308,-2,-34,-30
1739724435.1911306,5,-100,-108
1739724435.2371306,-38,-65,-92
1739724435.2831306,22,24,-164
1739724435.3281307,54,0,-92
1739724435.3741307,-69,-17,-100
1739724435.4201307,68,-114,3
1739724435.4661307,-97,74,-10
1739724435.5111306,25,107,-55
1739724435.5571306,28,49,-38
1739724435.6081307,41,14,-97
1739724435.6541307,-95,-31,15
1739724435.7001307,-35,11,39
1739724435.7461307,-68,52,-97
1739724435.7911308,-40,25,21
1739724435.8371308,-24,-10,-87
1739724435.8831308,-16,-13,61
1739724435.9281306,-5,64,-71
1739724435.9741306,-67,-3,-23
1739724436.0201306,43,34,-38
1739724436.0661306,4,-59,-98
1739724436.1111307,3,-1,-78
1739724436.1571307,16,-20,-76
1739724436.2031307,86,6,-82
1739724436.2481308,-21,44,-51
1739724436.2941308,-15,19,-67
1739724436.3401306,-17,-47,12
1739724436.3861306,-80,35,-45
1739724436.4311306,-36,3,-129
1739724436.477131,-46,6,3
1739724436.523131,91,74,-42
1739724436.5681307,3,-33,16
1739724436.6141307,2,62,-148
1739724436.6601307,-19,-1,75
1739724436.7061307,-56,13,0
1739724436.7511306,-34,-16,-80
1739724436.7971306,56,49,-54
1739724436.8431306,25,13,-94
1739724436.888131,-83,15,-57
1739724436.934131,-34,0,17
1739724436.980131,23,9,-4
1739724437.026131,-23,1,-134
1739724437.0711308,-48,-22,-51
1739724437.1171308,-19,-63,-90
1739724437.1631308,-1,10,-48
1739724437.2081306,-7,-12,-28
1739724437.2541306,3,-41,-126
1739724437.3001306,-15,-17,13
1739724437.3461306,45,7,-206
1739724437.3911307,59,-20,-34
1739724437.4371307,-42,66,-47
1739724437.4831307,-114,-19,-45
1739724437.5281308,-16,3,13
1739724437.5741308,-48,-36,69
1739724437.6201308,-19,-9,-94
1739724437.6661308,35,81,-15
1739724437.7111306,40,-42,-16
1739724437.7571306,8,-15,16
1739724437.8031306,-60,-37,9
1739724437.8481307,91,-53,-98
1739724437.8941307,-79,-3,-113
1739724437.9401307,-62,71,-87
1739724437.9861307,-14,49,101
1739724438.0311308,-1,16,-5
1739724438.0771308,-3,-38,-118
1739724438.1231308,-75,24,29
1739724438.1681306,-27,16,-9
1739724438.2141306,0,-37,26
1739724438.2601306,-3,-8,-78
1739724438.3061306,-25,22,19
1739724438.3511307,50,7,-28
1739724438.3971307,-60,-63,19
1739724438.4431307,-49,-24,-47
1739724438.4881306,8,33,-1
1739724438.5341306,32,-82,12
1739724438.5801306,-52,-16,11
1739724438.6261306,5,57,-132
1739724438.671131,-28,26,-1
1739724438.717131,15,58,-71
1739724438.763131,-72,-12,23
1739724438.8081307,-32,-10,-21
1739724438.8541307,50,-43,-34
1739724438.9001307,59,-5,-40
1739724438.9461308,59,-6,72
1739724438.9911306,57,-80,56
1739724439.0371306,7,-49,44
1739724439.0831306,-3,-56,-52
1739724439.128131,119,-13,48
1739724439.174131,-28,6,-121
1739724439.2201307,-73,68,-21
1739724439.2661307,19,-1,-88
1739724439.3111308,-80,4,-29
1739724439.3571308,-62,71,-25
1739724439.4031308,9,15,-136
1739724439.4481306,23,80,-15
1739724439.4941306,16,-40,0
1739724439.5401306,46,5,33
1739724439.5861306,-34,-10,73
1739724439.6311307,-28,56,25
1739724439.6771307,49,-5,-102
1739724439.7231307,13,-34,-58
1739724439.7681308,100,-3,-13
1739724439.8141308,114,-21,-94
1739724439.8601308,15,-31,-162
1739724439.9061308,-24,32,37
1739724439.9511306,-79,47,-50
1739724439.9971306,0,9,-108
1739724440.0431306,-6,-18,6
1739724440.0881307,-64,11,11
1739724440.1341307,-44,11,-160
1739724440.1801307,26,0,-166
1739724440.2261307,-56,-46,65
1739724440.2711308,-50,-64,-52
1739724440.3171306,-8,26,-154
1739724440.3631306,-46,-33,63
1739724440.4081306,-26,-51,91
1739724440.4541306,-25,46,37
1739724440.500131,-131,2,-15
1739724440.546131,-10,6,3
1739724440.5911307,-14,-39,20
1739724440.6371307,-18,9,-42
1739724440.6831307,-16,15,-57
1739724440.7281306,-31,40,-64
1739724440.7741306,-35,-52,-127
1739724440.8201306,49,-13,-15
1739724440.8661306,93,-8,-111
1739724440.911131,-29,44,-2
1739724440.957131,-69,-2,10
1739724441.003131,-3,-2,-27
1739724441.0481308,-109,13,-90
1739724441.0941308,14,6,88
1739724441.1401308,21,-10,-55
1739724441.1861308,52,-91,-5
1739724441.230131,-28,52,-24
1739724441.276131,-62,57,-14
1739724441.322131,-10,-34,-71
1739724441.3671308,-17,-23,-2
1739724441.4131308,54,21,-53
1739724441.4591308,78,-23,-87
1739724441.5041306,27,33,142
1739724441.5501306,-30,30,-56
1739724441.5961306,-3,-32,-71
1739724441.6421306,-29,-22,16
1739724441.6871307,9,17,-19
1739724441.7331307,-33,-14,54
1739724441.7791307,68,34,-141
1739724441.8241308,58,22,-15
1739724441.8701308,46,44,-49
1739724441.9161308,26,51,-2
1739724441.9621308,-70,-8,72
1739724442.0071306,30,3,76
1739724442.0531306,19,60,-135
1739724442.0991306,32,13,-57
1739724442.1441307,26,-77,-63
1739724442.1901307,37,4,-15
1739724442.2361307,22,-7,-27
1739724442.2821307,-4,-28,-7
1739724442.3271308,42,42,61
1739724442.3731308,-21,-13,6
1739724442.4191308,56,29,76
1739724442.4641306,57,9,-77
1739724442.5101306,-49,36,-103
1739724442.5561306,-117,7,-30
1739724442.602131,62,-5,-27
1739724442.6471307,56,-25,10
1739724442.6931307,20,12,42
1739724442.7391307,-21,-15,-18
1739724442.7841306,93,1,-143
1739724442.8301306,-82,45,-103
1739724442.8761306,-20,-47,-4
1739724442.9221306,-44,-7,-97
1739724442.967131,-34,21,30
1739724443.013131,66,-28,-65
1739724443.059131,23,22,-45
1739724443.1041307,27,25,-7
1739724443.1501307,-46,64,18
1739724443.1961308,10,5,-99
1739724443.2421308,-11,-9,-31
1739724443.2871306,66,28,-37
1739724443.3331306,-38,-31,-117
1739724443.3791306,10,13,-25
1739724443.424131,5,7,-107
1739724443.4701307,11,53,-35
1739724443.5161307,-10,-24,0
1739724443.5621307,54,-5,-5
1739724443.6071308,-38,-1,-101
1739724443.6531308,5,-43,-87
1739724443.6991308,45,0,-75
1739724443.7441306,16,-10,-75
1739724443.7901306,35,45,-63
1739724443.8361306,31,-67,-77
1739724443.8821306,55,-26,-15
1739724443.9271307,41,20,-49
1739724443.9731307,47,-8,-11
1739724444.0191307,4,-8,-21
1739724444.0641308,26,-30,-51
1739724444.1101308,-31,-39,-99
1739724444.1561308,93,13,-9
1739724444.2021308,-74,44,-27
1739724444.2471306,61,69,-91
1739724444.2931306,1,0,-37
1739724444.3391306,13,69,-87
1739724444.3841307,-76,-42,-38
1739724444.4301307,31,-35,-41
1739724444.4761307,64,-46,-93
1739724444.5221307,-46,30,16
1739724444.5671306,35,-20,-39
1739724444.6131306,35,61,-30
1739724444.6591306,-15,-15,2
1739724444.7041306,6,-60,-145
1739724444.750131,-14,15,-1
1739724444.796131,-10,-29,-89
1739724444.842131,47,-61,1
1739724444.8871307,4,-11,-45
1739724444.9331307,57,-28,5
1739724444.9791307,-13,-23,-107
1739724445.0241306,-32,28,-68
1739724445.0701306,65,62,-57
1739724445.1161306,-85,93,58
1739724445.161131,71,37,-157
1739724445.207131,-11,-9,-101
1739724445.253131,-16,3,-18
1739724445.299131,-10,27,-89
1739724445.3441308,9,25,-149
1739724445.3901308,-27,2,-145
1739724445.4361308,-65,72,-26
1739724445.4811306,-10,-52,-66
1739724445.5271306,-30,-8,-104
1739724445.5731306,7,-59,-3
1739724445.6241307,-50,40,10
1739724445.6701307,-54,-8,28
1739724445.7161307,-19,3,-96
1739724445.7611306,-50,6,-66
1739724445.8071306,-53,-20,-30
1739724445.8531306,-50,-28,62
1739724445.8991306,86,-14,-73
1739724445.944131,-9,73,-33
1739724445.990131,-43,9,-66
1739724446.036131,30,17,-109
1739724446.0811307,-29,12,-124
1739724446.1271307,-27,-34,-64
1739724446.1731308,-12,-24,104
1739724446.2191308,-35,51,-58
1739724446.2641306,11,25,-47
1739724446.3101306,43,-18,0
1739724446.3561306,42,-52,-65
1739724446.401131,46,-7,113
1739724446.447131,17,0,11
1739724446.4931307,-100,-44,110
1739724446.5391307,9,29,-79
1739724446.5841308,-1,2,-225
1739724446.6301308,28,37,-29
1739724446.6761308,33,3,39
1739724446.7211306,-56,-8,-130
1739724446.7671306,-19,-15,-44
1739724446.8131306,-37,-19,20
1739724446.8591306,39,46,-55
1739724446.9041307,114,104,-15
1739724446.9501307,1,-21,-63
1739724446.9961307,2,47,-75
1739724447.0411308,-59,-39,36
1739724447.0871308,33,5,35
1739724447.1331308,41,-1,-63
1739724447.1791308,3,43,-219
1739724447.2241306,-15,-21,-137
1739724447.2701306,-19,57,42
1739724447.3161306,-28,-24,-153
1739724447.3611307,34,-3,21
1739724447.4071307,4,55,-25
1739724447.4531307,4,71,12
1739724447.4991307,-6,-56,-19
1739724447.5441308,-29,-14,54
1739724447.5901306,6,-27,-157
1739724447.6361306,-31,79,48
1739724447.6811306,-75,8,-68
1739724447.727131,44,42,-57
1739724447.773131,-117,16,-104
1739724447.819131,0,20,-53
1739724447.8641307,-26,-44,-36
1739724447.9101307,16,-8,-99
1739724447.9561307,-34,39,-81
1739724448.0011306,14,-34,-57
1739724448.0471306,-59,27,0
1739724448.0931306,-41,-17,-116
1739724448.1391306,14,-1,62
1739724448.184131,-58,0,38
1739724448.230131,-16,-31,102
1739724448.276131,11,-14,54
1739724448.3211308,-5,8,3
1739724448.3671308,40,64,53
1739724448.4131308,10,81,-29
1739724448.4591308,-38,89,-27
1739724448.5041306,14,-8,-41
1739724448.5501306,-13,93,-27
1739724448.5961306,-23,10,-11
1739724448.6411307,6,-31,-72
1739724448.6871307,36,-10,-30
1739724448.7331307,-38,13,-19
1739724448.7791307,107,-24,-94
1739724448.8241308,-96,16,-128
1739724448.8701308,10,-5,-32
1739724448.9161308,-54,-46,-11
1739724448.9611306,24,-5,-70
1739724449.0071306,35,27,-88
1739724449.0531306,2,-9,47
1739724449.0991306,17,48,72
1739724449.1441307,99,49,-74
1739724449.1901307,-21,28,92
1739724449.2361307,-5,0,69
1739724449.2811308,-15,28,34
1739724449.3271308,-13,-11,-39
1739724449.3731308,-98,16,-66
1739724449.4191308,-58,-70,-45
1739724449.4641306,-10,-24,31
1739724449.5101306,-54,18,5
1739724449.5561306,63,54,-48
1739724449.6011307,-72,18,85
1739724449.6471307,-44,60,29
1739724449.6931307,-50,0,-51
1739724449.7391307,-54,-144,-71
1739724449.7841306,-2,-38,-104
1739724449.8301306,34,-72,-14
1739724449.8761306,6,21,-6
1739724449.921131,-45,-85,-13
1739724449.967131,20,-1,-136
1739724450.013131,33,-42,56
1739724450.059131,64,62,-44
1739724450.1041307,27,-19,62
1739724450.1501307,5,-81,-51
1739724450.1961308,-16,-27,15
1739724450.2411306,95,-2,22
1739724450.2871306,21,-61,-11
1739724450.3331306,-90,-53,-51
1739724450.3791306,3,0,57
1739724450.424131,64,56,-4
1739724450.4701307,-12,-46,-63
1739724450.5161307,82,31,34
1739724450.5611308,-63,-33,-31
1739724450.6071308,10,-96,-31
1739724450.6531308,-68,18,-17
1739724450.6991308,45,-19,2
1739724450.7441306,26,39,36
1739724450.7901306,54,19,16
1739724450.8361306,0,-3,-212
1739724450.8811307,73,21,-40
1739724450.9271307,-25,8,-108
1739724450.9731307,3,-37,-32
1739724451.0191307,-72,94,-79
1739724451.0641308,-62,39,47
1739724451.1101308,-26,66,-100
1739724451.1561308,-72,-26,-21
1739724451.2011306,8,-25,10
1739724451.2471306,18,-19,103
1739724451.2931306,-3,86,-11
1739724451.3391306,17,-10,12
1739724451.3841307,-41,-7,61
1739724451.4301307,-39,39,13
1739724451.4761307,14,4,45
1739724451.5211308,56,-44,-18
1739724451.5671306,24,29,-15
1739724451.6131306,-45,-29,-120
1739724451.6591306,21,68,-43
1739724451.7041306,94,50,-70
1739724451.750131,-84,33,-65
1739724451.796131,-41,37,-17
1739724451.8411307,4,29,-7
1739724451.8871307,30,-37,-110
1739724451.9331307,-89,49,-11
1739724451.9791307,85,10,-38
1739724452.0241306,-43,23,-59
1739724452.0701306,54,-7,36
1739724452.1161306,-81,57,-27
1739724452.161131,-31,50,5
1739724452.207131,0,-7,-98
1739724452.253131,102,-52,-2
1739724452.299131,-51,-36,-155
1739724452.3441308,22,-2,54
1739724452.3901308,13,-62,-98
1739724452.4361308,29,9,-38
1739724452.4811306,79,0,-90
1739724452.5271306,71,-15,22
1739724452.5731306,15,10,-28
1739724452.6191306,-16,19,55
1739724452.6641307,46,-55,35
1739724452.7101307,-10,-4,33
1739724452.7561307,5,29,-98
1739724452.8011308,-75,102,-29
1739724452.8471308,45,-6,-74
1739724452.8931308,-53,-50,-31
1739724452.9391308,58,75,-22
1739724452.9841306,24,-13,-96
1739724453.0301306,-33,-4,-75
1739724453.0761306,67,60,-28
1739724453.1211307,38,-6,82
1739724453.1671307,-15,1,-55
1739724453.2131307,46,16,-6
1739724453.2591307,15,-64,50
1739724453.3041308,-45,19,47
1739724453.3501308,38,-26,-42
1739724453.3961308,-29,-40,79
1739724453.4411306,-49,12,89
1739724453.4871306,36,-82,46
1739724453.5331306,75,-15,-4
1739724453.5791306,25,7,-26
1739724453.6241307,40,-28,-120
1739724453.6701307,21,-91,-35
1739724453.7161307,-10,-10,-156
1739724453.7611306,7,5,-148
1739724453.8071306,49,49,44
1739724453.8531306,76,13,-40
1739724453.8991306,-15,7,77
1739724453.944131,-37,-37,-43
1739724453.990131,-5,26,38
1739724454.036131,-21,-35,1
1739724454.0811307,-77,-10,-83
1739724454.1271307,-74,18,79
1739724454.1731308,21,-37,-29
1739724454.2191308,-15,-11,-117
1739724454.2641306,-12,-5,-47
1739724454.3101306,6,67,-94
1739724454.3561306,49,92,-52
1739724454.401131,-21,-64,7
1739724454.447131,-106,72,-46
1739724454.4931307,-52,-48,-7
1739724454.5391307,-17,6,42
1739724454.5841308,-2,14,-4
1739724454.6301308,-12,-48,-65
1739724454.6761308,19,52,-6
1739724454.7211306,12,63,-86
1739724454.7671306,-37,-65,7
1739724454.8131306,63,-24,-14
1739724454.8591306,16,-30,-146
1739724454.9041307,-6,-26,35
1739724454.9501307,1,38,-88
1739724454.9961307,12,-4,-50
1739724455.0411308,-40,13,-1
1739724455.0871308,-27,10,-27
1739724455.1331308,10,-7,-66
1739724455.1781306,-18,-53,-53
1739724455.2241306,-6,44,39
1739724455.2701306,124,27,9
1739724455.3161306,-52,1,45
1739724455.3611307,-12,-28,-27
1739724455.4071307,-55,-58,-141
1739724455.4531307,18,-26,-10
1739724455.4981308,21,-22,-38
1739724455.5441308,-72,0,43
1739724455.5961306,47,31,-26
1739724455.6411307,-2,40,-130
1739724455.6871307,23,3,-26
1739724455.7331307,36,-50,56
1739724455.7781308,42,42,44
1739724455.8241308,-114,17,17
1739724455.8701308,-5,-36,-57
1739724455.9161308,57,-18,-66
1739724455.9611306,0,-49,-79
1739724456.0071306,-77,-10,-33
1739724456.0531306,4,43,-82
1739724456.0981307,53,69,-88
1739724456.1441307,6,19,-74
1739724456.1901307,57,29,-78
1739724456.2361307,-47,-39,-61
1739724456.2811308,50,63,-114
1739724456.3271308,18,58,82
1739724456.3731308,17,-42,-133
1739724456.4181306,-8,38,-148
1739724456.4641306,111,42,10
1739724456.5101306,12,63,-54
1739724456.5561306,-36,-23,-69
1739724456.6011307,22,44,6
1739724456.6471307,-38,-27,-31
1739724456.6931307,10,0,-68
1739724456.7381306,-52,38,-8
1739724456.7841306,-72,-6,19
1739724456.8301306,1,-19,-37
1739724456.8761306,13,-86,-111
1739724456.921131,-12,-9,-222
1739724456.967131,-12,0,11
1739724457.013131,65,24,-78
1739724457.0581307,-107,-31,-75
1739724457.1041307,-30,0,-67
1739724457.1501307,-37,-15,-113
1739724457.1961308,-129,8,-95
1739724457.2411306,-61,13,9
1739724457.2871306,4,17,-130
1739724457.3331306,-4,62,-40
1739724457.378131,13,-86,-35
1739724457.424131,29,91,-146
1739724457.4701307,35,-1,-186
1739724457.5161307,-9,95,-8
1739724457.5611308,41,46,62
1739724457.6071308,-17,-17,-163
1739724457.6531308,14,-8,7
1739724457.6981306,48,59,-54
1739724457.7441306,50,-76,7
1739724457.7901306,-38,38,-92
1739724457.8361306,2,79,-76
1739724457.8811307,6,-8,-86
1739724457.9271307,-7,7,-38
1739724457.9731307,-88,-28,-63
1739724458.0181308,6,92,8
1739724458.0641308,3,29,38
1739724458.1101308,24,42,-68
1739724458.1561308,-55,52,52
1739724458.2011306,-16,42,-32
1739724458.2471306,-58,-4,-88
1739724458.2931306,85,21,-42
1739724458.3381307,-31,-57,-65
1739724458.3841307,-35,76,-28
1739724458.4301307,-44,-6,-114
1739724458.4761307,-76,-49,23
1739724458.5211308,-42,-50,-89
1739724458.5671306,19,55,-54
1739724458.6131306,-63,10,-24
1739724458.6581306,-3,-35,-85
1739724458.7041306,18,-51,-23
1739724458.750131,-14,-2,-84
1739724458.796131,-62,16,6
1739724458.8411307,-35,6,-70
1739724458.8871307,94,-58,0
1739724458.9331307,-52,-45,95
1739724458.9781306,73,-62,-29
1739724459.0241306,51,-1,-30
1739724459.0701306,-61,-42,-46
1739724459.1161306,-44,0,-56
1739724459.161131,38,-95,-73
1739724459.207131,-64,-26,18
1739724459.253131,-60,1,-24
1739724459.2981308,52,-48,-73
1739724459.3441308,-59,50,-70
1739724459.3901308,50,86,-12
1739724459.4361308,-73,-35,-72
1739724459.4811306,-25,11,14
1739724459.5271306,72,18,3
1739724459.5731306,32,64,48
1739724459.6181307,37,-15,-106
1739724459.6641307,-16,12,30
1739724459.7101307,-21,28,38
1739724459.7561307,-72,-5,-72
1739724459.8011308,-7,0,-130
1739724459.8471308,-52,37,-142
1739724459.8931308,23,28,-56
1739724459.9381306,46,24,51
1739724459.9841306,16,-26,0
1739724460.0301306,19,-22,-54
1739724460.0761306,54,-31,88
1739724460.1211307,9,-35,-170
1739724460.1671307,29,-17,52
1739724460.2131307,-13,3,111
1739724460.2581308,0,44,-66
1739724460.3041308,2,-33,-12
1739724460.3501308,42,38,-124
1739724460.3961308,-46,46,-81
1739724460.4411306,-73,30,-79
1739724460.4871306,0,-8,-30
1739724460.5331306,24,60,-30
1739724460.5781307,-40,13,-65
1739724460.6241307,-12,45,15
1739724460.6701307,-68,-77,-51
1739724460.7161307,25,29,-16
1739724460.7611306,20,42,-66
1739724460.8071306,0,40,-102
1739724460.8531306,41,4,-82
1739724460.898131,-11,53,-138
1739724460.944131,5,-37,-142
1739724460.990131,24,-11,-74
1739724461.036131,22,-81,-56
1739724461.0811307,61,22,56
1739724461.1271307,26,35,10
1739724461.1731308,28,-29,10
1739724461.2181306,-59,-34,-47
1739724461.2641306,7,33,-44
1739724461.3101306,-14,17,-71
1739724461.3561306,-2,46,9
1739724461.401131,-16,-13,-21
1739724461.447131,32,-23,-8
1739724461.4931307,-54,-56,-87
1739724461.5381308,12,-64,-10
1739724461.5841308,-18,-11,-65
1739724461.6301308,3,61,-102
1739724461.6761308,64,-1,0
1739724461.7211306,-79,-22,-5
1739724461.7671306,-38,-25,-37
1739724461.8131306,-19,-25,-75
1739724461.8581307,60,115,20
1739724461.9041307,-47,-75,-157
1739724461.9501307,-25,38,-13
1739724461.9961307,27,-91,-170
1739724462.0411308,25,74,60
1739724462.0871308,-17,15,-55
1739724462.1331308,39,-50,10
1739724462.1781306,57,43,-80
1739724462.2241306,60,34,116
1739724462.2701306,36,-22,-20
1739724462.3161306,24,7,-172
1739724462.3611307,-29,-8,-41
1739724462.4071307,-50,-28,33
1739724462.4531307,8,-33,-8
1739724462.4981308,21,6,-60
1739724462.5441308,-71,-42,63
1739724462.5901306,0,-1,-44
1739724462.6361306,-16,-55,-29
1739724462.6811306,20,38,-142
1739724462.727131,20,-6,34
1739724462.773131,-6,-8,-53
1739724462.8181307,-38,-29,-75
1739724462.8641307,-31,-56,-21
1739724462.9101307,-34,-52,-59
1739724462.9561307,-24,14,-37
1739724463.0011306,-31,1,-7
1739724463.0471306,15,-48,-140
1739724463.0931306,33,29,74
1739724463.138131,25,1,0
1739724463.184131,90,-10,-52
1739724463.230131,31,27,-42
1739724463.276131,-31,-12,-59
1739724463.3211308,87,-46,100
1739724463.3671308,32,-11,-138
1739724463.4131308,-8,2,71
1739724463.4581306,-48,-42,47
1739724463.5041306,-19,-27,-41
1739724463.5501306,-8,-38,-138
1739724463.5961306,26,31,-134
1739724463.6411307,53,-97,-152
1739724463.6871307,48,-11,-74
1739724463.7331307,31,49,90
1739724463.7781308,-65,-39,81
1739724463.8241308,22,42,30
1739724463.8701308,10,-46,-176
1739724463.9161308,-17,1,85
1739724463.9611306,-6,-32,-63
1739724464.0071306,-41,13,-35
1739724464.0531306,-4,18,-107
1739724464.0981307,-8,-34,21
1739724464.1441307,4,-25,72
1739724464.1901307,14,20,-24
1739724464.2361307,32,-27,-66
1739724464.2811308,-15,-112,-75
1739724464.3271308,-29,-40,-105
1739724464.3731308,31,3,-20
1739724464.4181306,37,24,-68
1739724464.4641306,-26,60,-61
1739724464.5101306,8,-9,-86
1739724464.5561306,19,10,-94
1739724464.6011307,10,59,8
1739724464.6471307,34,37,58
1739724464.6931307,-13,51,-149
1739724464.7381306,62,16,-148
1739724464.7841306,-37,49,-53
1739724464.8301306,-17,-91,-3
1739724464.8761306,95,5,-96
1739724464.921131,-81,-16,-49
1739724464.967131,1,-17,-77
1739724465.013131,8,41,-24
1739724465.0581307,-52,1,57
1739724465.1041307,-46,92,37
1739724465.1501307,14,-30,-8
1739724465.1951306,30,65,-4
1739724465.2411306,-66,0,-3
1739724465.2871306,20,-44,0
1739724465.3331306,-73,-64,0
1739724465.378131,62,-58,-92
1739724465.424131,-46,22,-47
1739724465.4701307,0,3,-54
1739724465.5151308,-74,-4,-51
1739724465.5611308,-72,-6,35
1739724465.6131306,47,-37,-58
1739724465.6581306,5,73,-55
1739724465.7041306,-22,86,-103
1739724465.750131,31,-21,-56
1739724465.7951307,-69,4,-29
1739724465.8411307,48,-13,-92
1739724465.8871307,-30,-6,-1
1739724465.9331307,17,26,86
1739724465.9781306,65,-42,-86
1739724466.0241306,39,78,-78
1739724466.0701306,-48,-6,-93
1739724466.115131,-11,-12,-173
1739724466.161131,-87,9,17
1739724466.207131,26,35,14
1739724466.253131,-21,7,-11
1739724466.2981308,-19,49,-25
1739724466.3441308,54,87,-10
1739724466.3901308,-84,-49,-29
1739724466.4351306,37,-42,132
1739724466.4811306,-15,3,91
1739724466.5271306,-7,-66,-61
1739724466.5731306,-19,-19,51
1739724466.6181307,-23,-15,-95
1739724466.6641307,-30,-28,-119
1739724466.7101307,24,-77,-40
1739724466.7551308,-14,-53,-67
1739724466.8011308,-70,-71,-25
1739724466.8471308,-7,-18,-37
1739724466.8931308,4,-3,-24
1739724466.9381306,6,-9,-70
1739724466.9841306,48,9,-78
1739724467.0301306,39,-42,-36
1739724467.0751307,-67,74,-109
1739724467.1211307,-59,43,-39
1739724467.1671307,16,-18,4
1739724467.2131307,9,103,-44
1739724467.2581308,34,29,16
1739724467.3041308,-53,30,53
1739724467.3501308,-34,-52,13
1739724467.3951306,66,32,-32
1739724467.4411306,-8,64,7
1739724467.4871306,17,2,-6
1739724467.5331306,-8,62,-81
1739724467.5781307,-3,-36,-91
1739724467.6241307,-61,47,-123
1739724467.6701307,43,-22,-40
1739724467.7151306,86,32,-132
1739724467.7611306,41,2,-24
1739724467.8071306,4,17,41
1739724467.8531306,-5,10,-14
1739724467.898131,-59,-56,-21
1739724467.944131,-12,-33,-80
1739724467.990131,33,-21,30
1739724468.0351307,55,-38,-139
1739724468.0811307,79,-17,-97
1739724468.1271307,-92,15,-28
1739724468.1731308,47,30,-1
1739724468.2181306,-45,33,14
1739724468.2641306,18,-26,-99
1739724468.3101306,94,36,-73
1739724468.355131,29,-21,-83
1739724468.401131,-42,-5,-137
1739724468.447131,75,75,17
1739724468.4931307,49,-67,-141
1739724468.5381308,6,71,-57
1739724468.5841308,101,-17,-125
1739724468.6301308,-140,-19,-40
1739724468.6751306,31,-61,-167
1739724468.7211306,58,-32,-47
1739724468.7671306,-34,22,-75
1739724468.8131306,4,-1,54
1739724468.8581307,-59,11,40
1739724468.9041307,90,-58,-117
1739724468.9501307,29,-17,51
1739724468.9951308,4,37,-7
1739724469.0411308,-27,6,-52
1739724469.0871308,-25,26,-39
1739724469.1331308,-40,19,18
1739724469.1781306,44,-8,-119
1739724469.2241306,30,-5,-67
1739724469.2701306,-19,-17,-62
1739724469.3151307,-84,23,-107
1739724469.3611307,-26,-31,-30
1739724469.4071307,-32,16,30
1739724469.4531307,7,-22,-71
1739724469.4981308,-8,18,-5
1739724469.5441308,28,55,-61
1739724469.5901306,26,-38,4
1739724469.6351306,-20,-1,-151
1739724469.6811306,22,-20,-61
1739724469.727131,47,38,-101
1739724469.773131,-39,-39,-197
1739724469.8181307,-31,107,-12
1739724469.8641307,-36,37,-47
1739724469.9101307,-63,-31,-123
1739724469.9551306,0,96,26
1739724470.0011306,-111,9,-80
1739724470.0471306,13,-24,-9
1739724470.0931306,-32,-16,-119
1739724470.138131,-29,36,2
1739724470.184131,34,-34,1
1739724470.230131,13,-9,-69
1739724470.2751307,17,20,-31
1739724470.3211308,4,7,32
1739724470.3671308,-22,-78,-89
1739724470.4131308,-11,-21,84
1739724470.4581306,-37,31,-71
1739724470.5041306,-55,-19,0
1739724470.5501306,6,-30,0
1739724470.5951307,-45,51,-81
1739724470.6411307,-31,34,22
1739724470.6871307,0,-37,-97
1739724470.7331307,35,-22,-21
1739724470.7781308,3,-15,-137
1739724470.8241308,79,47,-101
1739724470.8701308,8,-51,-175
1739724470.9151306,-36,47,-64
1739724470.9611306,-58,17,-26
1739724471.0071306,12,-76,-59
1739724471.0531306,-56,44,-8
1739724471.0981307,-32,-52,-74
1739724471.1441307,-42,21,-60
1739724471.1901307,21,2,-23
1739724471.2351308,-98,-22,-78
1739724471.2811308,-55,10,-96
1739724471.3271308,-19,-39,-147
1739724471.3731308,9,3,-27
1739724471.4181306,69,50,0
1739724471.4641306,11,-70,-143
1739724471.5101306,12,13,-115
1739724471.5551307,-43,-11,-60
1739724471.6011307,32,-11,-97
1739724471.648131,38,-4,-7
1739724471.694131,-33,-14,-127
1739724471.7391307,-24,-8,16
1739724471.7851307,-50,-6,-28
1739724471.8311307,-34,-52,-71
1739724471.8771307,-39,-67,-24
1739724471.9221306,0,-9,20
1739724471.9681306,-26,-26,24
1739724472.0141306,0,-51,-27
1739724472.059131,-17,-3,-37
1739724472.105131,29,71,-35
1739724472.151131,-33,-12,-97
1739724472.197131,4,49,-11
1739724472.2421308,24,34,-19
1739724472.2881308,-73,-22,-115
1739724472.3341308,-3,48,-13
1739724472.3791306,56,7,84
1739724472.4251306,28,-26,-77
1739724472.4711306,-45,52,20
1739724472.5171306,-53,-35,-57
1739724472.5621307,-8,-49,-77
1739724472.6081307,-10,41,-167
1739724472.6541307,-51,-49,-119
1739724472.6991308,-74,4,-3
1739724472.7451308,-16,82,-35
1739724472.7911308,7,-54,-67
1739724472.8371308,11,-10,-3
1739724472.8821306,29,21,-81
1739724472.9281306,22,-42,-71
1739724472.9741306,-50,18,-105
1739724473.0191307,-35,25,26
1739724473.0651307,6,3,-79
1739724473.1111307,-79,10,-77
1739724473.1571307,-123,-101,-3
1739724473.2021308,-54,-45,-1
1739724473.2481308,34,-44,-55
1739724473.2941308,11,-24,28
1739724473.3391306,26,76,42
1739724473.3851306,113,-16,-45
1739724473.4311306,-27,2,-67
1739724473.477131,-79,23,-63
1739724473.5221307,51,36,-107
1739724473.5681307,8,-46,3
1739724473.6141307,24,53,-8
1739724473.6591306,16,-69,-16
1739724473.7051306,-6,-41,-31
1739724473.7511306,70,-18,114
1739724473.7971306,-61,-48,-49
1739724473.842131,0,-46,60
1739724473.888131,7,20,48
1739724473.934131,17,62,64
1739724473.9791307,16,-73,-129
1739724474.0251307,52,40,-65
1739724474.0711308,-15,-22,-165
1739724474.1171308,-8,92,-131
1739724474.1621306,-60,-8,-15
1739724474.2081306,3,29,-121
1739724474.2541306,37,32,-31
1739724474.299131,-20,-7,-85
1739724474.3451307,35,6,-63
1739724474.3911307,-8,-33,52
1739724474.4371307,-65,36,54
1739724474.4821308,-7,28,-117
1739724474.5281308,-77,8,102
1739724474.5741308,62,14,-47
1739724474.6191306,19,-43,-68
1739724474.6651306,-36,-8,-101
1739724474.7111306,-42,-7,-64
1739724474.7571306,-25,-10,-67
1739724474.8021307,23,5,-95
1739724474.8481307,-23,58,-99
1739724474.8941307,14,13,-23
1739724474.9391308,2,-1,44
1739724474.9851308,-14,19,-149
1739724475.0311308,38,66,-21
1739724475.0771308,75,-41,74
1739724475.1221306,-32,0,-20
1739724475.1681306,24,44,-119
1739724475.2141306,-16,-33,-18
1739724475.2591307,-33,59,11
1739724475.3051307,-24,-27,-128
1739724475.3511307,12,41,-135
1739724475.3961308,-26,0,-117
1739724475.4421306,5,67,29
1739724475.4881306,-23,-41,-14
1739724475.5341306,-2,-28,6
1739724475.5791306,-92,-28,-81
1739724475.6311307,-87,11,-50
1739724475.6761308,56,-26,-81
1739724475.7221308,-30,23,-81
1739724475.7681308,55,73,1
1739724475.8141308,12,43,11
1739724475.8591306,-41,83,-7
1739724475.9051306,-95,-36,20
1739724475.9511306,-26,37,65
1739724475.9961307,-43,8,-75
1739724476.0421307,30,-31,-81
1739724476.0881307,-12,-58,72
1739724476.1341307,-8,-26,54
1739724476.1791308,39,52,31
1739724476.2251308,-57,8,-113
1739724476.2711308,-30,-10,10
1739724476.3161306,79,51,-67
1739724476.3621306,-1,4,-31
1739724476.4081306,-111,8,-44
1739724476.4541306,10,17,51
1739724476.4991307,24,-28,-109
1739724476.5451307,6,72,-21
1739724476.5911307,-29,-45,-158
1739724476.6361306,7,-66,0
1739724476.6821306,-56,19,59
1739724476.7281306,22,86,-25
1739724476.7741306,-27,28,-39
1739724476.819131,35,-18,38
1739724476.865131,-7,30,-57
1739724476.911131,18,20,-105
1739724476.9561307,-37,-17,-20
1739724477.0021307,-11,6,-13
1739724477.0481308,-43,83,-39
1739724477.0941308,32,-11,11
1739724477.1391306,34,-34,-79
1739724477.1851306,73,53,0
1739724477.2311306,-22,70,-75
1739724477.276131,26,-29,-52
1739724477.322131,-32,-6,-95
1739724477.3681307,3,9,-143
1739724477.4141307,-13,-21,2
1739724477.4591308,-12,41,13
1739724477.5051308,38,-58,10
1739724477.5511308,11,33,3
1739724477.5961306,-33,32,16
1739724477.6421306,-14,-27,-181
1739724477.6881306,-38,-5,-34
1739724477.7341306,29,-13,-63
1739724477.7791307,20,-1,-83
1739724477.8251307,5,5,-41
1739724477.8711307,-54,0,-76
1739724477.9161308,56,17,-27
1739724477.9621308,-21,9,36
1739724478.0081308,-10,-8,-47
1739724478.0541308,72,86,-49
1739724478.0991306,18,44,149
1739724478.1451306,59,45,-27
1739724478.1911306,29,-67,-149
1739724478.2361307,-32,38,-167
1739724478.2821307,1,39,-141
1739724478.3281307,32,41,0
1739724478.3741307,36,-4,-37
1739724478.4191308,-59,-10,54
1739724478.4651306,-31,4,26
1739724478.5111306,25,29,-117
1739724478.5561306,6,-33,-117
1739724478.602131,-37,-17,0
1739724478.648131,3,23,1
1739724478.694131,-20,13,-30
1739724478.7391307,-12,69,-11
1739724478.7851307,-16,-23,-129
1739724478.8311307,-42,-51,-140
1739724478.8761306,49,31,-45
1739724478.9221306,-83,-17,-78
1739724478.9681306,-81,-18,-24
1739724479.0141306,77,27,41
1739724479.059131,22,-29,39
1739724479.105131,-89,29,40
1739724479.151131,28,-2,-13
1739724479.1961308,0,-5,16
1739724479.2421308,-58,-4,-150
1739724479.2881308,-38,-7,20
1739724479.3341308,-67,31,-2
1739724479.3791306,71,-71,-159
1739724479.4251306,-10,22,-25
1739724479.4711306,71,32,-7
1739724479.5161307,-35,35,202
1739724479.5621307,71,54,-15
1739724479.6081307,78,-6,61
1739724479.6541307,33,-47,38
1739724479.6991308,59,2,-35
1739724479.7451308,29,-23,-113
1739724479.7911308,53,9,-43
1739724479.8361306,0,34,27
1739724479.8821306,40,19,-37
1739724479.9281306,116,-100,-4
1739724479.9741306,26,-54,86
1739724480.0191307,-20,64,23
1739724480.0651307,3,-40,-231
1739724480.1111307,-5,-17,-83
1739724480.1561308,-11,32,-95
1739724480.2021308,-83,-14,-26
1739724480.2481308,40,59,-77
1739724480.2941308,-40,-7,-123
1739724480.3391306,-33,79,59
1739724480.3851306,43,6,15
1739724480.4311306,-47,-18,-103
1739724480.4761307,-46,42,-23
1739724480.5221307,22,82,-83
1739724480.5681307,2,72,63
1739724480.6141307,30,-5,-65
1739724480.6591306,-64,71,-13
1739724480.7051306,-16,-33,62
1739724480.7511306,-36,41,-127
1739724480.796131,-5,-40,-42
1739724480.842131,-25,-69,26
1739724480.888131,-9,6,-135
1739724480.934131,-13,-15,-62
1739724480.9791307,23,28,-29
1739724481.0251307,16,-34,-95
1739724481.0711308,-13,-41,86
1739724481.1161306,-30,-28,-70
1739724481.1621306,-88,23,6
1739724481.2081306,-6,18,-59
1739724481.2541306,58,19,-5
1739724481.299131,-22,0,-143
1739724481.3451307,-87,13,54
1739724481.3911307,45,-48,-16
1739724481.4361308,-13,49,27
1739724481.4821308,15,2,-31
1739724481.5281308,-33,28,-18
1739724481.5741308,-29,-12,82
1739724481.6191306,21,50,81
1739724481.6651306,1,-41,-70
1739724481.7111306,0,16,-137
1739724481.7561307,-17,-21,-48
1739724481.8021307,41,-22,3
1739724481.8481307,-81,59,-78
1739724481.8941307,39,52,-51
1739724481.9391308,30,69,-45
1739724481.9851308,-16,19,24
1739724482.0311308,-7,-88,2
1739724482.0761306,0,-6,-57
1739724482.1221306,76,-7,149
1739724482.1681306,29,29,77
1739724482.2141306,16,12,-69
1739724482.2591307,43,72,-139
1739724482.3051307,-92,17,34
1739724482.3511307,-21,-39,22
1739724482.3961308,76,-29,-65
1739724482.4421306,50,59,-183
1739724482.4881306,-70,42,-80
1739724482.5341306,27,-85,-103
1739724482.5791306,-65,57,10
1739724482.625131,-29,6,-63
1739724482.671131,36,35,-67
1739724482.7161307,33,49,-15
1739724482.7621307,8,21,-177
1739724482.8081307,10,-1,-53
1739724482.8541307,-54,24,14
1739724482.8991306,-46,46,-41
1739724482.9451306,-37,-39,-86
1739724482.9911306,-89,6,-30
1739724483.036131,102,55,55
1739724483.082131,-40,21,82
1739724483.128131,-22,-33,0
1739724483.174131,56,19,35
1739724483.2191308,-103,-12,4
1739724483.2651308,55,-65,-67
1739724483.3111308,-9,-60,-106
1739724483.3561306,1,-45,-92
1739724483.4021306,-40,-5,44
1739724483.4481306,-11,-38,-70
1739724483.4941306,94,32,-31
1739724483.5391307,50,-37,-43
1739724483.5851307,0,-27,-74
1739724483.6311307,45,32,-61
1739724483.6761308,148,13,73
1739724483.7221308,-54,24,-82
1739724483.7681308,21,6,-89
1739724483.8141308,52,-51,-135
1739724483.8591306,-6,-52,-10
1739724483.9051306,-20,-53,-74
1739724483.9511306,-19,31,17
1739724483.9961307,59,23,-17
1739724484.0421307,-60,69,-69
1739724484.0881307,-15,-84,-104
1739724484.1341307,1,19,67
1739724484.1791308,0,-61,-22
1739724484.2251308,0,-8,-24
1739724484.2711308,-38,41,66
1739724484.3161306,79,25,-51
1739724484.3621306,-84,0,-104
1739724484.4081306,1,7,-47
1739724484.4541306,-4,116,3
1739724484.4991307,40,-8,-49
1739724484.5451307,-70,42,-76
1739724484.5911307,-8,93,-17
1739724484.6361306,61,-22,-39
1739724484.6821306,51,-17,9
1739724484.7281306,24,-53,28
1739724484.7741306,33,25,-35
1739724484.819131,-11,3,38
1739724484.865131,46,-33,11
1739724484.911131,-34,-6,16
1739724484.9561307,0,9,30
1739724485.0021307,-4,20,-11
1739724485.0481308,-20,-33,-50
1739724485.0941308,-20,15,-85
1739724485.1391306,38,-34,-197
1739724485.1851306,36,-12,-7
1739724485.2311306,-44,19,-98
1739724485.276131,38,-26,-36
1739724485.322131,0,24,-48
1739724485.3681307,-49,26,-33
1739724485.4131308,0,3,-40
1739724485.4591308,-28,-32,0
1739724485.5051308,-23,-17,-65
1739724485.5511308,-26,-100,-116
1739724485.5961306,37,-39,91
1739724485.648131,-2,41,-68
1739724485.6931307,8,16,-48
1739724485.7391307,-49,-11,-8
1739724485.7851307,-39,53,-40
1739724485.8311307,29,17,-126
1739724485.8761306,-7,-29,-72
1739724485.9221306,44,29,-33
1739724485.9681306,29,-49,-68
1739724486.013131,53,-12,-94
1739724486.059131,-16,58,23
1739724486.105131,21,-58,-52
1739724486.151131,-82,-7,-106
1739724486.1961308,1,-52,-94
1739724486.2421308,-18,13,-92
1739724486.2881308,-81,-34,-69
1739724486.3331306,-28,40,-114
1739724486.3791306,-83,-39,-122
1739724486.4251306,-21,7,-82
1739724486.4711306,-85,61,85
1739724486.5161307,49,0,-74
1739724486.5621307,19,-16,-142
1739724486.6081307,8,-35,-156
1739724486.6531308,1,-17,-20
1739724486.6991308,36,-74,-134
1739724486.7451308,-16,-29,-29
1739724486.7911308,-55,8,-63
1739724486.8361306,22,38,12
1739724486.8821306,-62,23,21
1739724486.9281306,45,-73,6
1739724486.9731307,-5,-46,-110
1739724487.0191307,-50,-6,-85
1739724487.0651307,6,-25,41
1739724487.1111307,-19,7,-67
1739724487.1561308,-14,47,77
1739724487.2021308,-30,-6,-17
1739724487.2481308,-20,43,-83
1739724487.2931306,-22,-29,-17
1739724487.3391306,25,-15,-94
1739724487.3851306,-19,-59,25
1739724487.4311306,-15,9,-19
1739724487.4761307,-22,13,75
1739724487.5221307,-8,42,-70
1739724487.5681307,-53,-20,-113
1739724487.6131306,1,46,0
1739724487.6591306,-21,-46,-204
1739724487.7051306,-3,-11,-60
1739724487.7511306,-25,-11,-134
1739724487.796131,49,-18,77
1739724487.842131,31,-62,-97
1739724487.888131,6,0,-28
1739724487.9331307,-14,44,-56
1739724487.9791307,-85,78,-100
1739724488.0251307,-71,6,-66
1739724488.0711308,37,28,-44
1739724488.1161306,28,-33,-84
1739724488.1621306,-13,31,17
1739724488.2081306,13,-31,59
1739724488.253131,0,-44,-1
1739724488.299131,27,-12,113
1739724488.3451307,86,45,19
1739724488.3911307,-64,21,3
1739724488.4361308,0,-28,-34
1739724488.4821308,6,1,17
1739724488.5281308,4,31,-47
1739724488.5731306,16,-13,9
1739724488.6191306,-11,-74,0
1739724488.6651306,-20,-28,63
1739724488.7111306,-13,-23,-82
1739724488.7561307,-28,32,-110
1739724488.8021307,-34,34,3
1739724488.8481307,48,-69,-66
1739724488.8931308,-38,35,-29
1739724488.9391308,-4,72,21
1739724488.9851308,41,-52,-46
1739724489.0311308,87,-28,-10
1739724489.0761306,15,44,-84
1739724489.1221306,83,63,-101
1739724489.1681306,81,35,-114
1739724489.2131307,-51,-32,-142
1739724489.2591307,-114,-15,-21
1739724489.3051307,44,-20,-84
1739724489.3511307,-32,-14,35
1739724489.3961308,25,86,-61
1739724489.4421306,70,78,-111
1739724489.4881306,20,-68,-6
1739724489.5331306,-38,2,-50
1739724489.5791306,51,-2,13
1739724489.625131,-4,28,-1
1739724489.671131,-66,-15,-85
1739724489.7161307,35,21,65
1739724489.7621307,14,-42,90
1739724489.8081307,37,26,-24
1739724489.8531306,27,-31,114
1739724489.8991306,44,-12,-46
1739724489.9451306,-45,-19,-79
1739724489.9911306,-25,-10,-118
1739724490.036131,91,-1,-90
1739724490.082131,-9,-12,37
1739724490.128131,17,30,-56
1739724490.1731308,-46,-7,-21
1739724490.2191308,35,45,-54
1739724490.2651308,-41,35,-99
1739724490.3111308,9,51,53
1739724490.3561306,48,58,-94
1739724490.4021306,48,10,-18
1739724490.4481306,53,17,-70
1739724490.4931307,38,-46,-14
1739724490.5391307,75,43,62
1739724490.5851307,-39,0,27
1739724490.6311307,52,-45,-8
1739724490.6761308,-32,32,-53
1739724490.7221308,-51,14,-79
1739724490.7681308,-17,-1,-210
1739724490.8131306,19,-1,-114
1739724490.8591306,2,-23,30
1739724490.9051306,45,-4,-66
1739724490.9511306,-56,-88,-26
1739724490.9961307,30,23,-166
1739724491.0421307,9,-126,-120
1739724491.0881307,-25,-10,39
1739724491.1331308,-41,15,3
1739724491.1791308,11,61,-87
1739724491.2251308,71,10,-152
1739724491.2711308,39,38,43
1739724491.3161306,38,-110,32
1739724491.3621306,-51,20,-37
1739724491.4081306,37,36,91
1739724491.4531307,-16,11,-77
1739724491.4991307,59,35,-92
1739724491.5451307,10,9,-38
1739724491.5911307,-26,26,5
1739724491.6361306,-72,28,-33
1739724491.6821306,-54,-14,25
1739724491.7281306,60,81,-106
1739724491.773131,7,17,59
1739724491.819131,-25,20,-37
1739724491.865131,-55,0,89
1739724491.911131,-49,26,-51
1739724491.9561307,-31,24,-7
1739724492.0021307,-10,2,113
1739724492.0481308,-140,-31,-71
1739724492.0931306,-63,-51,-77
1739724492.1391306,1,-3,-98
1739724492.1851306,-80,-18,-21
1739724492.2311306,-108,-9,5
1739724492.276131,9,-5,48
1739724492.322131,-30,30,-57
1739724492.3681307,4,-71,-4
1739724492.4131308,126,73,86
1739724492.4591308,-43,-1,-125
1739724492.5051308,-71,40,-99
1739724492.5511308,94,-22,0
1739724492.5961306,20,-36,-98
1739724492.6421306,-34,-68,-26
1739724492.6881306,-5,22,-45
1739724492.7331307,-48,36,-73
1739724492.7791307,-25,46,-161
1739724492.8251307,7,-7,-130
1739724492.8711307,-2,-30,70
1739724492.9161308,80,7,10
1739724492.9621308,27,15,46
1739724493.0081308,-8,-20,-48
1739724493.0531306,34,9,-78
1739724493.0991306,-79,-6,5
1739724493.1451306,-6,-36,-68
1739724493.1911306,32,81,-75
1739724493.2361307,20,8,62
1739724493.2821307,-12,5,-99
1739724493.3281307,40,-70,86
1739724493.3731308,30,29,-92
1739724493.4191308,-35,-30,-35
1739724493.4651306,68,-46,-58
1739724493.5111306,60,51,4
1739724493.5561306,-10,0,45
1739724493.602131,68,30,32
1739724493.648131,-4,-58,-24
1739724493.6931307,-53,-8,-141
1739724493.7391307,-66,-57,-77
1739724493.7851307,-18,9,-11
1739724493.8311307,71,-8,28
1739724493.8761306,71,10,-102
1739724493.9221306,-86,33,-63
1739724493.9681306,17,-28,-36
1739724494.013131,9,-7,-80
1739724494.059131,-42,-19,-37
1739724494.105131,66,40,-34
1739724494.151131,58,35,-184
1739724494.1961308,8,91,-4
1739724494.2421308,-6,-56,-11
1739724494.2881308,26,13,38
1739724494.3331306,29,-47,-68
1739724494.3791306,-12,13,61
1739724494.4251306,13,2,48
1739724494.4711306,-8,68,-131
1739724494.5161307,1,11,33
1739724494.5621307,53,-21,-16
1739724494.6081307,-11,-38,-123
1739724494.6531308,32,45,22
1739724494.6991308,-59,-34,-117
1739724494.7451308,-14,19,23
1739724494.7911308,-49,-12,-29
1739724494.8361306,-18,-31,-63
1739724494.8821306,61,32,-102
1739724494.9281306,27,25,-50
1739724494.9731307,3,-39,31
1739724495.0191307,83,-42,-100
1739724495.0651307,-26,64,-24
1739724495.1111307,-132,93,-87
1739724495.1561308,-12,37,38
1739724495.2021308,10,43,6
1739724495.2481308,-29,26,-17
1739724495.2931306,27,-93,41
1739724495.3391306,23,0,-8
1739724495.3851306,68,16,-94
1739724495.4301307,31,0,-78
1739724495.4761307,11,31,20
1739724495.5221307,66,44,-130
1739724495.5681307,49,-41,-132
1739724495.6131306,-65,13,-17
1739724495.6651306,100,-31,-148
1739724495.7101307,82,-15,66
1739724495.7561307,0,5,14
1739724495.8021307,17,32,67
1739724495.8481307,11,-24,-47
1739724495.8931308,13,53,-99
1739724495.9391308,47,-45,-119
1739724495.9851308,86,35,-33
1739724496.0301306,65,72,33
1739724496.0761306,-4,-64,-145
1739724496.1221306,-57,-66,-96
1739724496.1681306,-3,-18,-75
1739724496.2131307,85,-64,-13
1739724496.2591307,11,-18,-37
1739724496.3051307,-22,-9,-50
1739724496.3501308,82,11,13
1739724496.3961308,38,69,-103
1739724496.4421306,17,76,-117
1739724496.4881306,-45,11,-157
1739724496.5331306,-15,-11,-24
1739724496.5791306,-47,-67,-116
1739724496.625131,12,-28,-127
1739724496.6701307,-19,29,6
1739724496.7161307,52,9,59
1739724496.7621307,24,-27,72
1739724496.8081307,29,-21,-89
1739724496.8531306,28,17,5
1739724496.8991306,20,36,-1
1739724496.9451306,33,-17,3
1739724496.990131,-26,16,34
1739724497.036131,44,-6,-43
1739724497.082131,-51,-68,-90
1739724497.128131,31,-13,23
1739724497.1731308,-18,-1,38
1739724497.2191308,41,56,-137
1739724497.2651308,66,20,-75
1739724497.3101306,-65,-17,-18
1739724497.3561306,3,1,-39
1739724497.4021306,-66,-23,-32
1739724497.4481306,-48,-23,-102
1739724497.4931307,6,-49,-3
1739724497.5391307,-29,56,16
1739724497.5851307,50,-11,0
1739724497.6301308,90,110,-7
1739724497.6761308,22,-83,-129
1739724497.7221308,53,7,132
1739724497.7681308,-45,-21,-34
1739724497.8131306,22,-4,27
1739724497.8591306,-17,-11,-40
1739724497.9051306,35,5,-19
1739724497.9501307,-12,69,-79
1739724497.9961307,81,7,-31
1739724498.0421307,-17,1,-73
1739724498.0881307,53,-23,-21
1739724498.1331308,24,66,-35
1739724498.1791308,22,-30,18
1739724498.2251308,-47,-43,38
1739724498.2691307,-39,51,39
1739724498.3151307,66,36,-53
1739724498.3611307,-32,-52,-139
1739724498.4061308,-51,-10,-8
1739724498.4521308,-42,-23,-30
1739724498.4981308,2,23,-119
1739724498.5441308,-69,-11,-34
1739724498.5891306,17,4,-45
1739724498.6351306,14,18,58
1739724498.6811306,-11,-16,-77
1739724498.7261307,-19,-41,-36
1739724498.7721307,34,45,-79
1739724498.8181307,-47,-65,-32
1739724498.8641307,52,39,3
1739724498.9091306,27,-61,-85
1739724498.9551306,70,-14,-25
1739724499.0011306,27,-21,33
1739724499.046131,-15,-21,-16
1739724499.092131,72,84,19
1739724499.138131,-74,48,-96
1739724499.184131,134,63,-17
1739724499.2291307,124,11,-83
1739724499.2751307,14,16,-51
1739724499.3211308,-29,-18,-113
1739724499.3661306,4,-7,1
1739724499.4121306,72,-57,-65
1739724499.4581306,8,-9,96
1739724499.5041306,-10,-50,6
1739724499.549131,15,73,-57
1739724499.5951307,18,36,-17
1739724499.6411307,56,63,-99
1739724499.6861308,-20,-33,-2
1739724499.7321308,-90,69,-64
1739724499.7781308,-25,50,98
1739724499.8241308,14,18,-15
1739724499.8691306,59,-19,-77
1739724499.9151306,-3,36,-19
1739724499.9611306,10,11,116
1739724500.0061307,-18,19,-59
1739724500.0521307,85,33,-97
1739724500.0981307,-40,-25,-92
1739724500.1441307,80,33,-11
1739724500.1891308,-66,-53,24
1739724500.2351308,-5,-38,-50
1739724500.2811308,-1,58,9
1739724500.3261306,-52,24,-43
1739724500.3721306,-51,28,-11
1739724500.4181306,53,1,-12
1739724500.4641306,-1,60,-79
1739724500.5091307,13,59,-96
1739724500.5551307,-51,-16,51
1739724500.6011307,113,26,-26
1739724500.6461308,22,-16,-62
1739724500.6921306,31,-9,34
1739724500.7381306,-33,-54,-13
1739724500.7841306,31,-21,-14
1739724500.8291306,-38,-3,3
1739724500.875131,36,35,-114
1739724500.921131,-12,-28,9
1739724500.9661307,-24,10,-93
1739724501.0121307,-16,-13,-83
1739724501.0581307,46,14,-62
1739724501.1041307,-74,64,0
1739724501.1491306,-21,94,-51
1739724501.1951306,1,-7,-14
1739724501.2411306,-66,-19,1
1739724501.286131,50,3,-50
1739724501.332131,-3,22,-133
1739724501.378131,-34,-12,-99
1739724501.424131,71,-85,-40
1739724501.4691308,18,10,-54
1739724501.5151308,-12,5,39
1739724501.5611308,43,-10,-122
1739724501.6061306,17,-1,-16
1739724501.6521306,9,13,10
1739724501.6981306,-16,-13,19
1739724501.7441306,-86,-35,-87
1739724501.7891307,40,-42,2
1739724501.8351307,0,56,13
1739724501.8811307,27,-2,-30
1739724501.9261308,-17,-73,-72
1739724501.9721308,-19,67,81
1739724502.0181308,77,3,-12
1739724502.0641308,26,-29,8
1739724502.1091306,-5,32,-55
1739724502.1551306,-24,-8,-7
1739724502.2011306,36,-60,-136
1739724502.2461307,-23,1,-121
1739724502.2921307,27,9,56
1739724502.3381307,-17,101,126
1739724502.3841307,-17,-11,29
1739724502.4291308,-55,10,-83
1739724502.4751308,-85,125,-41
1739724502.5211308,9,-43,-11
1739724502.5661306,5,33,46
1739724502.6121306,-19,-91,-67
1739724502.6581306,-21,-11,-17
1739724502.7041306,-54,-6,-49
1739724502.7491307,19,44,-55
1739724502.7951307,-94,-65,-217
1739724502.8411307,-31,-26,9
1739724502.8861306,-25,-26,-9
1739724502.9321306,8,-33,-72
1739724502.9781306,29,45,40
1739724503.0241306,12,63,-98
1739724503.069131,-20,-73,49
1739724503.115131,27,3,-92
1739724503.161131,91,-18,-48
1739724503.2061307,-54,22,-61
1739724503.2521307,16,18,-44
1739724503.2981308,-38,23,-81
1739724503.3441308,-6,12,-33
1739724503.3891306,-29,26,-3
1739724503.4351306,2,21,110
1739724503.4811306,29,29,-48
1739724503.526131,-29,26,-23
1739724503.572131,43,-68,-70
1739724503.6181307,-17,-69,-71
1739724503.6641307,-34,-10,-85
1739724503.7091308,0,-7,21
1739724503.7551308,-14,69,-42
1739724503.8011308,-47,-41,36
1739724503.8461306,-14,-5,57
1739724503.8921306,39,-38,-85
1739724503.9381306,-4,20,-65
1739724503.9841306,59,-16,-149
1739724504.0291307,19,-14,-53
1739724504.0751307,-108,-28,38
1739724504.1211307,35,3,-41
1739724504.1661308,111,22,-37
1739724504.2121308,15,0,-29
1739724504.2581308,11,29,-35
1739724504.3041308,-25,6,-79
1739724504.3491306,-27,-10,-157
1739724504.3951306,-98,-22,-90
1739724504.4411306,-14,-7,-18
1739724504.4861307,-44,-9,38
1739724504.5321307,-66,0,-174
1739724504.5781307,0,-4,-85
1739724504.6241307,-22,94,-53
1739724504.6691308,59,33,-65
1739724504.7151306,-36,-2,-6
1739724504.7611306,45,-1,7
1739724504.8061306,43,-24,-89
1739724504.852131,55,9,41
1739724504.898131,-52,-6,112
1739724504.944131,-89,6,-130
1739724504.9891307,14,-10,-57
1739724505.0351307,-37,2,2
1739724505.0811307,64,10,29
1739724505.1261306,41,-66,76
1739724505.1721306,-13,3,-111
1739724505.2181306,2,-29,-6
1739724505.2641306,55,121,-115
1739724505.309131,-1,-73,-41
1739724505.355131,-81,-42,-150
1739724505.401131,49,26,-121
1739724505.4461308,1,23,-51
1739724505.4921308,-11,51,-79
1739724505.5381308,-108,25,64
1739724505.5831306,37,-74,-91
1739724505.6351306,-39,-106,-25
1739724505.6811306,-61,-19,-2
1739724505.7261307,-67,11,-32
1739724505.7721307,-77,54,-76
1739724505.8181307,-58,71,-20
1739724505.8631306,31,-15,-257
1739724505.9091306,47,0,-3
1739724505.9551306,-51,34,-61
1739724506.0011306,-90,27,52
1739724506.046131,-23,-43,-113
1739724506.092131,21,-24,-73
1739724506.138131,-5,-20,-91
1739724506.1831307,-25,59,49
1739724506.2291307,21,-16,22
1739724506.2751307,16,17,7
1739724506.3211308,54,-35,-41
1739724506.3661306,0,-33,-43
1739724506.4121306,-48,66,-21
1739724506.4581306,96,14,-85
1739724506.503131,4,40,-151
1739724506.549131,-5,-36,-97
1739724506.5951307,56,65,-67
1739724506.6411307,-19,5,36
1739724506.6861308,0,3,8
1739724506.7321308,55,-21,41
1739724506.7781308,29,-41,29
1739724506.8231306,36,39,-127
1739724506.8691306,111,2,69
1739724506.9151306,-10,42,-117
1739724506.9611306,-17,-12,-63
1739724507.0061307,-11,31,-11
1739724507.0521307,66,40,104
1739724507.0981307,27,0,-51
1739724507.1431308,2,-107,-16
1739724507.1891308,-19,59,-18
1739724507.2351308,-70,2,-131
1739724507.2811308,24,-3,-93
1739724507.3261306,55,-73,83
1739724507.3721306,72,14,-39
1739724507.4181306,17,52,-59
1739724507.4631307,-82,24,-34
1739724507.5091307,38,85,-159
1739724507.5551307,91,6,35
1739724507.6011307,20,-2,-11
1739724507.6461308,80,37,-153
1739724507.6921306,-6,18,-73
1739724507.7381306,1,-19,-4
1739724507.7831306,-9,-40,-89
1739724507.8291306,85,33,-51
1739724507.875131,-45,33,8
1739724507.921131,-20,-27,26
1739724507.9661307,-83,12,-18
1739724508.0121307,-57,-14,-74
1739724508.0581307,119,4,-73
1739724508.1031306,-7,30,-79
1739724508.1491306,-25,-41,74
1739724508.1951306,53,31,-25
1739724508.2411306,-58,73,-40
1739724508.286131,4,-31,-93
1739724508.332131,22,36,-83
1739724508.378131,15,-22,-23
1739724508.4231308,-42,23,-50
1739724508.4691308,14,-58,-103
1739724508.5151308,7,-37,40
1739724508.5611308,-30,68,-107
1739724508.6061306,89,80,-125
1739724508.6521306,6,63,3
1739724508.6981306,31,-43,5
1739724508.7431307,-24,50,4
1739724508.7891307,-80,-18,-140
1739724508.8351307,-30,-48,-98
1739724508.8811307,-49,28,-34
1739724508.9261308,-57,1,-78
1739724508.9721308,57,5,-71
1739724509.0181308,35,83,-99
1739724509.0631306,-63,27,8
1739724509.1091306,-34,-32,34
1739724509.1551306,7,-3,-3
1739724509.2011306,-38,9,12
1739724509.2461307,27,17,-89
1739724509.2921307,-89,-7,-76
1739724509.3381307,18,-76,-3
1739724509.3831308,0,-2,-147
1739724509.4291308,-8,-16,68
1739724509.4751308,-21,-37,-82
1739724509.5211308,115,6,0
1739724509.5661306,-73,-43,0
1739724509.6121306,-16,-5,-36
1739724509.6581306,41,100,-101
1739724509.7031307,35,25,-99
1739724509.7491307,82,-80,-115
1739724509.7951307,-49,78,-120
1739724509.8411307,33,-15,-143
1739724509.8861306,43,-50,37
1739724509.9321306,-22,-27,-4
1739724509.9781306,-29,28,-162
1739724510.023131,-38,-54,-16
1739724510.069131,55,29,-45
1739724510.115131,3,9,38
1739724510.161131,13,45,-205
1739724510.2061307,-44,83,-50
1739724510.2521307,0,-53,-19
1739724510.2981308,50,88,21
1739724510.3431306,50,29,-13
1739724510.3891306,36,1,-85
1739724510.4351306,-44,29,-12
1739724510.4811306,-11,15,-44
1739724510.526131,46,-46,-67
1739724510.572131,3,-3,-71
1739724510.6181307,-6,56,120
1739724510.6631308,-38,-64,-38
1739724510.7091308,-32,52,-94
1739724510.7551308,33,-49,-181
1739724510.8011308,-98,8,14
1739724510.8461306,-50,-41,-98
1739724510.8921306,16,4,100
1739724510.9381306,-16,-87,-17
1739724510.9831307,14,34,-157
1739724511.0291307,64,73,-111
1739724511.0751307,-58,-38,-2
1739724511.1211307,20,8,-1
1739724511.1661308,67,-10,-143
1739724511.2121308,59,-35,-215
1739724511.2581308,35,11,-45
1739724511.3031306,44,-18,-45
1739724511.3491306,71,14,-1
1739724511.3951306,19,-28,-35
1739724511.4411306,24,-65,-3
1739724511.4861307,-14,-39,-37
1739724511.5321307,7,-3,-53
1739724511.5781307,-112,-82,-87
1739724511.6231308,-40,3,-142
1739724511.6691308,-57,46,-98
1739724511.7151306,-20,-17,66
1739724511.7611306,-5,-28,-59
1739724511.8061306,-3,20,-75
1739724511.852131,-81,16,4
1739724511.898131,69,36,-7
1739724511.9431307,26,-15,-23
1739724511.9891307,-51,-4,40
1739724512.0351307,4,31,-34
1739724512.0811307,19,0,-67
1739724512.1261306,54,57,-23
1739724512.1721306,27,0,0
1739724512.2181306,32,-31,-65
1739724512.263131,-30,20,-112
1739724512.309131,32,-31,45
1739724512.355131,-49,-15,12
1739724512.401131,10,69,-47
1739724512.4461308,-34,18,-10
1739724512.4921308,-7,-18,3
1739724512.5381308,-64,-5,31
1739724512.5831306,41,80,-91
1739724512.6291306,-36,49,-44
1739724512.6751306,-67,33,-44
1739724512.7211306,-33,10,-56
1739724512.7661307,-15,-19,-74
1739724512.8121307,-59,10,-74
1739724512.8581307,54,39,-49
1739724512.9031308,28,-9,-43
1739724512.9491308,-58,1,-80
1739724512.9951308,-4,-58,-32
1739724513.0411308,19,50,-61
1739724513.0861306,48,62,-127
1739724513.1321306,4,-5,85
1739724513.1781306,-42,-9,-64
1739724513.2231307,38,-38,-41
1739724513.2691307,-1,74,28
1739724513.3151307,13,49,-11
1739724513.3611307,26,-27,-31
1739724513.4061308,1,-95,-40
1739724513.4521308,29,27,-34
1739724513.4981308,81,33,4
1739724513.5431306,62,-6,-70
1739724513.5891306,33,-67,-41
1739724513.6351306,-65,-9,-17
1739724513.6811306,55,73,-28
1739724513.7261307,-33,-38,-83
1739724513.7721307,-19,27,-106
1739724513.8181307,-32,18,-23
1739724513.8631306,2,-31,23
1739724513.9091306,-4,46,-36
1739724513.9551306,35,57,-36
1739724514.0011306,-55,-10,19
1739724514.046131,-12,-9,-9
1739724514.092131,20,44,0
1739724514.138131,-29,-46,-49
1739724514.1831307,-47,54,-126
1739724514.2291307,21,2,-134
1739724514.2751307,18,-58,-115
1739724514.3211308,62,-12,-30
1739724514.3661306,-16,21,25
1739724514.4121306,-9,-42,27
1739724514.4581306,95,22,22
1739724514.503131,-58,20,-47
1739724514.549131,25,1,-48
1739724514.5951307,30,-79,-113
1739724514.6411307,-57,-92,33
1739724514.6861308,35,3,-70
1739724514.7321308,27,-17,8
1739724514.7781308,-111,-10,-151
1739724514.8231306,-17,3,-84
1739724514.8691306,-46,-7,-175
1739724514.9151306,43,6,0
1739724514.9611306,-17,-45,-37
1739724515.0061307,7,51,108
1739724515.0521307,15,-68,45
1739724515.0981307,-19,-15,-71
1739724515.1431308,28,93,-130
1739724515.1891308,-21,-19,-125
1739724515.2351308,-53,54,-59
1739724515.2811308,-56,40,-175
1739724515.3261306,10,47,32
1739724515.3721306,-14,-27,41
1739724515.4181306,33,0,102
1739724515.4631307,41,-16,-86
1739724515.5091307,-8,38,76
1739724515.5551307,6,63,-54
1739724515.6001308,-21,-71,0
1739724515.6521306,51,-19,-38
1739724515.6981306,-8,-26,-31
1739724515.7431307,5,69,-6
1739724515.7891307,21,-16,-164
1739724515.8351307,5,73,64
1739724515.8801308,13,6,-68
1739724515.9261308,-23,56,2
1739724515.9721308,38,12,-80
1739724516.0181308,83,47,-70
1739724516.0631306,0,-61,-45
1739724516.1091306,-4,16,4
1739724516.1551306,76,108,-8
1739724516.2001307,39,58,4
1739724516.2461307,-3,58,-28
1739724516.2921307,-11,2,-33
1739724516.3381307,-91,31,1
1739724516.3831308,-97,-39,-101
1739724516.4291308,-9,30,-81
1739724516.4751308,-4,62,-3
1739724516.5201306,22,-4,52
1739724516.5661306,-4,0,-62
1739724516.6121306,17,-66,-18
1739724516.6581306,40,10,-4
1739724516.7031307,-21,-37,-43
1739724516.7491307,-84,75,-57
1739724516.7951307,-84,-48,-11
1739724516.8401306,-58,-30,-61
1739724516.8861306,-9,-42,-63
1739724516.9321306,38,-28,14
1739724516.9781306,-79,6,-15
1739724517.023131,-39,-19,-3
1739724517.069131,-60,-4,-83
1739724517.115131,68,16,28
1739724517.1601307,-26,14,-45
1739724517.2061307,-31,-16,-25
1739724517.2521307,-30,14,-79
1739724517.2981308,1,7,34
1739724517.3431306,-6,18,-90
1739724517.3891306,39,-14,20
1739724517.4351306,11,3,-48
1739724517.480131,-39,31,-76
1739724517.526131,1,17,-10
1739724517.572131,-22,13,-35
1739724517.6181307,3,-43,-61
1739724517.6631308,-74,-6,103
1739724517.7091308,60,-32,-60
1739724517.7551308,1,-13,-88
1739724517.8001306,3,-63,43
1739724517.8461306,4,19,-40
1739724517.8921306,7,59,78
1739724517.9381306,-43,-21,23
1739724517.9831307,48,-39,10
1739724518.0291307,-49,12,-79
1739724518.0751307,30,-83,2
1739724518.1201308,62,-86,30
1739724518.1661308,36,15,-16
1739724518.2121308,-13,0,5
1739724518.2581308,69,20,-72
1739724518.3031306,-62,-17,-37
1739724518.3491306,21,66,109
1739724518.3951306,-52,-64,-84
1739724518.4401307,18,56,-118
1739724518.4861307,-2,4,-84
1739724518.5321307,-31,0,9
1739724518.5781307,-51,-28,-112
1739724518.6231308,15,-1,8
1739724518.6691308,-10,-34,-78
1739724518.7151306,-54,44,-57
1739724518.7601306,-16,-67,-94
1739724518.8061306,-57,-15,31
1739724518.852131,-75,-40,-2
1739724518.898131,11,-29,-8
1739724518.9431307,-25,17,50
1739724518.9891307,-27,34,-44
1739724519.0351307,12,13,-126
1739724519.0801306,-9,-19,-78
1739724519.1261306,-10,2,-48
1739724519.1721306,-9,-58,-52
1739724519.2181306,26,23,-31
1739724519.263131,18,74,-91
1739724519.309131,44,-12,-4
1739724519.355131,6,-7,37
1739724519.4001307,-8,-4,-88
1739724519.4461308,4,-27,-14
1739724519.4921308,17,34,-40
1739724519.5381308,-25,58,23
1739724519.5831306,-14,67,13
1739724519.6291306,48,-29,-128
1739724519.6751306,14,38,36
1739724519.7201307,58,-11,-74
1739724519.7661307,-13,33,-47
1739724519.8121307,6,9,-118
1739724519.8581307,-78,36,-71
1739724519.9031308,-16,49,-77
1739724519.9491308,-9,4,-65
1739724519.9951308,7,9,46
1739724520.0401306,-17,31,-83
1739724520.0861306,-37,-22,97
1739724520.1321306,0,20,-80
1739724520.1781306,-3,-16,-138
1739724520.2231307,40,40,-190
1739724520.2691307,40,44,50
1739724520.3151307,-1,-22,-84
1739724520.3601308,-30,-48,-33
1739724520.4061308,-41,-15,-41
1739724520.4521308,-30,-28,-31
1739724520.4981308,12,-30,0
1739724520.5431306,50,-13,-56
1739724520.5891306,-18,63,25
1739724520.6351306,37,-26,-36
1739724520.6801307,23,-39,6
1739724520.7261307,-1,-36,-18
1739724520.7721307,-64,-74,19
1739724520.8181307,39,-26,-100
1739724520.8631306,38,-4,2
1739724520.9091306,-35,79,-108
1739724520.9551306,-20,23,-30
1739724521.000131,0,-8,5
1739724521.046131,48,-3,12
1739724521.092131,-7,10,-64
1739724521.138131,54,21,8
1739724521.1831307,-59,3,-45
1739724521.2291307,7,-15,-86
1739724521.2751307,-64,17,-15
1739724521.3201306,27,-15,101
1739724521.3661306,-25,102,22
1739724521.4121306,23,-39,105
1739724521.4581306,22,38,30
1739724521.503131,-35,-44,-103
1739724521.549131,-20,-3,27
1739724521.5951307,8,-77,-59
1739724521.6401308,51,3,-32
1739724521.6861308,35,33,-58
1739724521.7321308,53,23,44
1739724521.7781308,91,28,-68
1739724521.8231306,27,-49,2
1739724521.8691306,41,-1,-50
1739724521.9151306,129,-21,-128
1739724521.9601307,-45,77,-104
1739724522.0061307,-2,-6,-68
1739724522.0521307,25,-45,-24
1739724522.0981307,-53,52,-25
1739724522.1431308,-32,-30,9
1739724522.1891308,-49,80,-39
1739724522.2351308,-65,-11,-11
1739724522.2801306,2,25,0
1739724522.3261306,41,-20,-40
1739724522.3721306,10,123,96
1739724522.4181306,110,-15,-172
1739724522.4631307,-46,-5,19
1739724522.5091307,55,-17,-2
1739724522.5551307,-20,-11,-1
1739724522.6001308,39,18,-150
1739724522.6461308,7,-11,30
1739724522.6921306,25,-37,0
1739724522.7381306,-63,-29,1
1739724522.7831306,30,-21,36
1739724522.8291306,75,70,-40
1739724522.875131,71,-36,16
1739724522.9201307,-4,-22,22
1739724522.9661307,-19,15,-7
1739724523.0121307,-39,-7,45
1739724523.0581307,1,-67,77
1739724523.1031306,-38,69,-1
1739724523.1491306,-5,36,-26
1739724523.1951306,7,-13,-82
1739724523.240131,-22,21,15
1739724523.286131,26,-46,-2
1739724523.332131,19,-76,16
1739724523.378131,-93,-44,39
1739724523.4231308,0,-25,-40
1739724523.4691308,89,-16,-232
1739724523.5151308,34,21,34
1739724523.5601306,23,-47,-77
1739724523.6061306,19,4,-78
1739724523.6521306,-90,27,-24
1739724523.6981306,-9,34,61
1739724523.7431307,25,0,99
1739724523.7891307,6,-48,-26
1739724523.8351307,-8,74,-54
1739724523.8801308,-62,-8,-56
1739724523.9261308,-16,47,-30
1739724523.9721308,18,56,-12
1739724524.0181308,-54,46,-29
1739724524.0631306,-100,-27,-69
1739724524.1091306,68,-6,-88
1739724524.1551306,-86,73,-128
1739724524.2001307,-23,-11,-78
1739724524.2461307,-56,40,7
1739724524.2921307,-25,10,13
1739724524.3381307,0,22,-28
1739724524.3821306,84,67,-66
1739724524.4281306,27,23,0
1739724524.4741306,99,-21,0
1739724524.5191307,2,13,-108
1739724524.5651307,-39,13,-20
1739724524.6111307,49,-25,-88
1739724524.6561308,-1,0,-176
1739724524.7021308,24,-70,-22
1739724524.7481308,-2,24,-132
1739724524.7941308,3,33,11
1739724524.8391306,-60,0,-78
1739724524.8851306,-6,20,75
1739724524.9311306,-7,28,15
1739724524.9761307,-54,-30,-43
1739724525.0221307,17,46,-50
1739724525.0681307,42,-15,115
1739724525.1141307,-77,12,-42
1739724525.1591306,-75,-1,4
1739724525.2051306,-16,-8,-144
1739724525.2511306,60,-45,25
1739724525.296131,-43,-10,-100
1739724525.342131,11,-1,-48
1739724525.388131,-29,-26,-74
1739724525.434131,-51,44,-9
1739724525.4791307,79,-63,0
1739724525.5251307,-10,34,-63
1739724525.5711308,-80,-3,-26
1739724525.6161306,58,-20,5
1739724525.6681306,49,-9,-44
1739724525.7131307,13,-2,-74
1739724525.7591307,10,-18,107
1739724525.8051307,-4,42,-54
1739724525.8511307,-28,-7,-34
1739724525.8961308,-34,24,-15
1739724525.9421306,20,-26,-46
1739724525.9881306,59,-39,-8
1739724526.0331306,25,7,18
1739724526.0791306,9,-5,-156
1739724526.125131,-15,-5,-17
1739724526.171131,47,40,12
1739724526.2161307,22,-42,146
1739724526.2621307,-105,28,87
1739724526.3081307,-5,90,-11
1739724526.3531306,-60,-8,-1
1739724526.3991306,-72,15,105
1739724526.4451306,-32,22,-106
1739724526.4911306,-58,-12,-52
1739724526.536131,25,46,-73
1739724526.582131,2,68,-1
1739724526.628131,18,-46,-122
1739724526.6731308,17,76,-46
1739724526.7191308,32,0,6
1739724526.7651308,23,14,24
1739724526.8111308,-93,61,-87
1739724526.8561306,0,-7,-10
1739724526.9021306,3,9,-78
1739724526.9481306,-48,70,-5
1739724526.9931307,-9,79,3
1739724527.0391307,-5,-12,21
1739724527.0851307,32,-2,-98
1739724527.1311307,21,4,18
1739724527.1761308,-13,-96,-94
1739724527.2221308,66,2,-4
1739724527.2681308,13,31,-32
1739724527.3131306,3,-13,-58
1739724527.3591306,-25,54,-185
1739724527.4051306,-57,-22,-35
1739724527.4511306,-45,7,0
1739724527.4961307,-93,63,73
1739724527.5421307,10,-11,79
1739724527.5881307,-10,42,44
1739724527.6331308,-21,35,0
1739724527.6791308,-37,-20,-51
1739724527.7251308,-60,-4,1
1739724527.7711308,-21,3,23
1739724527.8161306,-46,-3,-17
1739724527.8621306,11,27,-58
1739724527.9081306,-89,35,-90
1739724527.9531307,5,1,50
1739724527.9991307,5,-23,-83
1739724528.0451307,7,-69,13
1739724528.0911307,-36,-84,25
1739724528.1361306,101,46,90
1739724528.1821306,15,-18,-128
1739724528.2281306,-2,42,-102
1739724528.273131,-4,22,-128
1739724528.319131,23,10,-66
1739724528.365131,103,51,-102
1739724528.411131,-52,-26,-23
1739724528.4561307,-41,35,23
1739724528.5021307,18,46,40
1739724528.5481308,-63,9,-227
1739724528.5931306,-10,-86,-45
1739724528.6391306,-11,-22,-69
1739724528.6851306,29,9,-26
1739724528.7311306,-88,-27,39
1739724528.776131,-7,-38,-23
1739724528.822131,27,35,-20
1739724528.8681307,-3,32,-98
1739724528.9131308,-52,46,59
1739724528.9591308,-103,-16,-145
1739724529.0051308,4,47,-90
1739724529.0511308,28,-3,-54
1739724529.0961306,34,19,24
1739724529.1421306,-12,19,31
1739724529.1881306,27,-71,-34
1739724529.2331307,-16,17,-93
1739724529.2791307,12,-2,-4
1739724529.3251307,-79,64,-119
1739724529.3711307,-71,39,-79
1739724529.4161308,38,-52,-12
1739724529.4621308,-1,28,-10
1739724529.5081308,15,8,-26
1739724529.5531306,-22,-1,-117
1739724529.5991306,-55,34,-31
1739724529.6451306,-20,45,-40
1739724529.6911306,-22,-53,-63
1739724529.7361307,172,58,-8
1739724529.7821307,0,-41,-95
1739724529.8281307,43,6,-102
1739724529.8731308,-44,69,-145
1739724529.9191308,37,-46,-40
1739724529.9651306,48,-4,-56
1739724530.0111306,5,7,-10
1739724530.0561306,60,21,-72
1739724530.102131,-68,19,-66
1739724530.148131,21,-74,46
1739724530.1931307,30,21,-71
1739724530.2391307,-20,17,-97
1739724530.2851307,-11,29,-49
1739724530.3311307,-10,-30,0
1739724530.3761306,21,32,-41
1739724530.4221306,-17,7,-49
1739724530.4681306,-5,86,-97
1739724530.513131,12,-38,78
1739724530.559131,-74,27,-157
1739724530.605131,95,-42,-3
1739724530.651131,12,17,5
1739724530.6961308,24,24,17
1739724530.7421308,0,3,-81
1739724530.7881308,-19,-13,-73
1739724530.8331306,-34,-26,2
1739724530.8791306,-25,-43,-77
1739724530.9251306,-48,-57,0
1739724530.9711306,-8,38,-123
1739724531.0161307,-124,-53,-58
1739724531.0621307,2,-5,-45
1739724531.1081307,-15,85,-121
1739724531.1531308,14,12,59
1739724531.1991308,20,-36,-117
1739724531.2451308,17,-16,16
1739724531.2911308,42,14,-3
1739724531.3361306,-24,-59,-174
1739724531.3821306,-31,-38,-96
1739724531.4281306,48,36,-13
1739724531.4731307,-19,-47,-112
1739724531.5191307,4,21,-3
1739724531.5651307,11,9,-151
1739724531.6111307,37,27,-41
1739724531.6561308,54,13,115
1739724531.7021308,-39,-70,-170
1739724531.7481308,-43,61,118
1739724531.7931306,-48,-27,18
1739724531.8391306,-1,12,26
1739724531.8851306,23,32,-17
1739724531.9311306,-103,62,-100
1739724531.9761307,-38,97,-167
1739724532.0221307,34,-82,-119
1739724532.0681307,-60,-56,28
1739724532.1131306,88,41,-53
1739724532.1591306,52,-29,-155
1739724532.2051306,-115,-9,36
1739724532.2511306,-83,32,42
1739724532.296131,-26,18,-79
1739724532.342131,127,-27,0
1739724532.388131,-19,-23,76
1739724532.4331307,0,0,-37
1739724532.4791307,-10,-58,-138
1739724532.5251307,-21,29,-93
1739724532.5711308,78,41,51
1739724532.6161306,-34,22,-53
1739724532.6621306,48,-4,-97
1739724532.7081306,-8,22,-95
1739724532.753131,-8,-8,-77
1739724532.799131,54,-57,-52
1739724532.8451307,-31,-16,-203
1739724532.8911307,-14,-7,-22
1739724532.9361308,-2,-44,-87
1739724532.9821308,-10,22,-101
1739724533.0281308,54,-37,-93
1739724533.0731306,42,-60,-99
1739724533.1191306,-2,-4,-35
1739724533.1651306,67,-20,-89
1739724533.2111306,-72,-5,-110
1739724533.2561307,22,22,-59
1739724533.3021307,-1,54,-71
1739724533.3481307,-44,93,123
1739724533.3931308,44,40,-47
1739724533.4391308,78,-63,-36
1739724533.4851308,11,-16,-6
1739724533.5311308,3,-25,-10
1739724533.5761306,-23,-17,-56
1739724533.6221306,-67,-21,-66
1739724533.6681306,-31,12,-133
1739724533.7131307,0,20,-67
1739724533.7591307,-70,46,-141
1739724533.8051307,-39,-66,-76
1739724533.8511307,40,36,-9
1739724533.8961308,0,-32,-54
1739724533.9421306,-52,-29,-2
1739724533.9881306,-27,83,-71
1739724534.0331306,84,-64,8
1739724534.0791306,15,57,-3
1739724534.125131,71,-21,-91
1739724534.171131,-20,-34,-50
1739724534.2161307,-13,36,-85
1739724534.2621307,-79,-9,-34
1739724534.3081307,34,16,-5
1739724534.3531306,-16,-34,-129
1739724534.3991306,37,34,-83
1739724534.4451306,-25,-16,0
1739724534.4911306,-53,31,-109
1739724534.536131,-53,53,-25
1739724534.582131,-41,38,-35
1739724534.628131,-36,-51,-113
1739724534.6731308,-106,19,-153
1739724534.7191308,-35,-65,-52
1739724534.7651308,-3,35,85
1739724534.8111308,-24,18,-139
1739724534.8561306,2,-30,18
1739724534.9021306,0,13,-35
1739724534.9481306,-73,-20,-58
1739724534.9931307,113,-23,-63
1739724535.0391307,-6,-57,-122
1739724535.0851307,18,-55,34
1739724535.1311307,-50,67,49
1739724535.1761308,-21,-22,64
1739724535.2221308,48,-106,-92
1739724535.2681308,-32,-7,10
1739724535.3131306,-39,36,-9
1739724535.3591306,2,0,-139
1739724535.4051306,-47,34,75
1739724535.4511306,-3,0,44
1739724535.4961307,10,-8,48
1739724535.5421307,-16,-58,20
1739724535.5881307,26,12,-65
1739724535.6331308,18,-29,64
1739724535.6851306,-27,13,-77
1739724535.7311306,-95,5,-171
1739724535.776131,56,-14,-97
1739724535.822131,19,-43,24
1739724535.8681307,21,-17,-34
1739724535.9131308,-23,-14,-89
1739724535.9591308,-61,4,-71
1739724536.0051308,-105,4,-125
1739724536.0501306,-37,88,-145
1739724536.0961306,-6,41,-59
1739724536.1421306,25,27,-135
1739724536.1881306,-6,19,-47
1739724536.2331307,25,-18,-2
1739724536.2791307,-16,22,53
1739724536.3251307,12,70,-109
1739724536.3701308,-9,61,-59
1739724536.4161308,7,-16,-34
1739724536.4621308,28,45,21
1739724536.5081308,24,19,-77
1739724536.5531306,-64,1,56
1739724536.5991306,12,24,-49
1739724536.6451306,27,-42,-168
1739724536.6901307,-67,88,-163
1739724536.7361307,-7,5,-81
1739724536.7821307,-70,-82,-108
1739724536.8281307,-79,-70,-24
1739724536.8731308,110,69,-129
1739724536.9191308,23,31,-1
1739724536.9651306,-2,-27,-155
1739724537.0101306,6,48,-77
1739724537.0561306,47,-17,22
1739724537.102131,34,13,-35
1739724537.148131,8,-63,62
1739724537.1931307,-2,-38,-14
1739724537.2391307,78,-15,-9
1739724537.2851307,-36,-6,-52
1739724537.3301306,-28,-10,-44
1739724537.3761306,-14,-4,28
1739724537.4221306,-4,-35,-106
1739724537.4681306,67,26,71
1739724537.513131,-130,46,58
1739724537.559131,41,6,-165
1739724537.605131,16,46,-55
1739724537.6501307,-26,20,-53
1739724537.6961308,15,10,-11
1739724537.7421308,-44,-7,10
1739724537.7881308,55,-27,42
1739724537.8331306,77,-17,-83
1739724537.8791306,0,56,1
1739724537.9251306,-58,-32,-28
1739724537.9701307,2,59,-63
1739724538.0161307,-20,-11,-70
1739724538.0621307,37,29,-43
1739724538.1081307,-27,84,-119
1739724538.1531308,54,11,37
1739724538.1991308,26,-9,28
1739724538.2451308,65,-28,13
1739724538.2901306,-44,47,-45
1739724538.3361306,-5,0,64
1739724538.3821306,-15,13,-99
1739724538.4281306,-18,51,-67
1739724538.4731307,-26,-2,20
1739724538.5191307,19,54,-111
1739724538.5651307,-39,-64,-22
1739724538.6101308,-42,49,-135
1739724538.6561308,-60,-50,-156
1739724538.7021308,-58,1,4
1739724538.7481308,-10,73,37
1739724538.7931306,32,-82,-36
1739724538.8391306,58,-9,-73
1739724538.8851306,-16,14,27
1739724538.9301307,-101,-37,-60
1739724538.9761307,-8,64,-113
1739724539.0221307,15,26,-17
1739724539.0681307,-88,-6,-38
1739724539.1131306,-13,129,-71
1739724539.1591306,20,-56,88
1739724539.2051306,-78,0,-54
1739724539.250131,-56,-24,-108
1739724539.296131,-114,25,16
1739724539.342131,-9,0,66
1739724539.388131,19,-19,4
1739724539.4331307,23,-49,-46
1739724539.4791307,-13,62,-89
1739724539.5251307,11,4,38
1739724539.5701306,-25,2,-29
1739724539.6161306,-4,-63,-38
1739724539.6621306,-17,28,-41
1739724539.7081306,-3,-23,-104
1739724539.753131,10,18,-71
1739724539.799131,13,-23,-231
1739724539.8451307,-13,-99,-106
1739724539.8901308,85,24,-59
1739724539.9361308,-20,-4,-69
1739724539.9821308,-34,-51,-44
1739724540.0281308,66,43,-117
1739724540.0731306,-79,33,-93
1739724540.1191306,22,-7,-37
1739724540.1651306,38,14,-51
1739724540.2101307,-6,-3,-69
1739724540.2561307,24,13,-65
1739724540.3021307,18,-8,84
1739724540.3481307,-17,33,-55
1739724540.3931308,47,60,-61
1739724540.4391308,43,-20,29
1739724540.4851308,1,15,-3
1739724540.5301306,-57,62,54
1739724540.5761306,55,5,-101
1739724540.6221306,-11,-64,66
1739724540.6681306,-3,12,-131
1739724540.7131307,26,-31,-65
1739724540.7591307,-52,-4,-14
1739724540.8051307,45,34,-65
1739724540.8501308,-19,37,-85
1739724540.8961308,-24,0,-12
1739724540.9421306,-64,-74,-94
1739724540.9881306,26,-3,-75
1739724541.0331306,5,83,-144
1739724541.0791306,38,-30,-9
1739724541.125131,81,3,21
1739724541.1701307,-91,-19,24
1739724541.2161307,11,85,-17
1739724541.2621307,-22,-31,-83
1739724541.3081307,56,-25,-139
1739724541.3531306,4,85,-103
1739724541.3991306,0,-2,-57
1739724541.4451306,-55,34,-44
1739724541.490131,45,34,-103
1739724541.536131,-79,10,20
1739724541.582131,37,-66,-125
1739724541.628131,9,7,-55
1739724541.6731308,-13,7,-119
1739724541.7191308,-50,0,-115
1739724541.7651308,-11,4,-44
1739724541.8101306,21,52,-1
1739724541.8561306,-1,-28,-88
1739724541.9021306,33,-45,14
1739724541.9481306,12,-36,-148
1739724541.9931307,13,103,-32
1739724542.0391307,22,-28,-28
1739724542.0851307,-17,87,-44
1739724542.1301308,-25,-19,-39
1739724542.1761308,94,-36,-80
1739724542.2221308,-24,25,-37
1739724542.2681308,-21,11,-80
1739724542.3131306,33,27,-24
1739724542.3591306,-9,-46,45
1739724542.4051306,39,10,46
1739724542.4501307,19,26,-118
1739724542.4961307,-32,14,35
1739724542.5421307,-133,10,5
1739724542.5881307,21,58,50
1739724542.6331308,-44,-25,-37
1739724542.6791308,-23,-13,-121
1739724542.7251308,-38,93,-88
1739724542.7701306,57,1,28
1739724542.8161306,-64,25,-192
1739724542.8621306,28,-13,-100
1739724542.9081306,5,10,-66
1739724542.9531307,63,-48,157
1739724542.9991307,-50,-7,-13
1739724543.0451307,47,-20,129
1739724543.0901306,24,22,56
1739724543.1361306,-46,25,17
1739724543.1821306,10,-7,-48
1739724543.2281306,0,24,34
1739724543.273131,-55,30,-110
1739724543.319131,3,45,-30
1739724543.365131,-21,9,-58
1739724543.4101307,-40,-60,-19
1739724543.4561307,-56,-4,-145
1739724543.5021307,22,-10,-40
1739724543.5481308,-10,-30,-9
1739724543.5931306,1,9,-14
1739724543.6391306,12,23,-38
1739724543.6851306,-37,65,-64
1739724543.730131,8,-11,-54
1739724543.776131,10,-11,-90
1739724543.822131,-2,22,-172
1739724543.8681307,31,25,-22
1739724543.9131308,-72,0,17
1739724543.9591308,-9,6,-104
1739724544.0051308,-37,29,-53
1739724544.0501306,35,29,-122
1739724544.0961306,31,1,-42
1739724544.1421306,-59,-18,-145
1739724544.1881306,25,0,14
1739724544.2331307,-2,-28,23
1739724544.2791307,-59,10,-21
1739724544.3251307,58,21,-34
1739724544.3701308,27,9,0
1739724544.4161308,16,127,78
1739724544.4621308,-82,26,-51
1739724544.5081308,-15,-49,-13
1739724544.5531306,34,-61,12
1739724544.5991306,-36,24,37
1739724544.6451306,-19,33,37
1739724544.6901307,-17,-67,-98
1739724544.7361307,13,6,-114
1739724544.7821307,3,25,79
1739724544.8281307,-44,17,-41
1739724544.8731308,51,112,-118
1739724544.9191308,-98,-29,49
1739724544.9651306,40,-56,12
1739724545.0101306,97,-22,-8
1739724545.0561306,61,-41,4
1739724545.102131,-36,-58,-31
1739724545.148131,81,23,60
1739724545.1931307,-11,29,-72
1739724545.2391307,18,-1,-48
1739724545.2851307,11,1,-150
1739724545.3301306,37,26,-104
1739724545.3761306,-4,-67,25
1739724545.4221306,-36,41,-42
1739724545.4681306,-60,20,37
1739724545.513131,-38,24,-80
1739724545.559131,-11,35,6
1739724545.605131,24,15,-54
1739724545.6501307,45,5,29
1739724545.7021308,-110,45,-76
1739724545.7481308,-41,6,-16
1739724545.7931306,93,-47,7
1739724545.8391306,116,34,-86
1739724545.8851306,-3,-55,63
1739724545.9301307,-14,26,-78
1739724545.9761307,57,-1,-58
1739724546.0221307,25,1,-54
1739724546.0671306,93,7,-18
1739724546.1131306,5,55,50
1739724546.1591306,60,-10,49
1739724546.2031307,-16,48,56
1739724546.2491307,12,18,-74
1739724546.2951307,-14,-2,-10
1739724546.3411307,-44,40,-92
1739724546.3861306,11,80,-16
1739724546.4321306,39,30,-20
1739724546.4781306,52,49,-58
1739724546.523131,-25,3,0
1739724546.569131,-13,64,-60
1739724546.615131,-59,91,12
1739724546.661131,7,10,-90
1739724546.7061307,-97,32,6
1739724546.7521307,11,-77,-191
1739724546.7981308,-2,17,-76
1739724546.8431306,-24,24,-32
1739724546.8891306,4,-1,35
1739724546.9351306,-1,1,13
1739724546.9811306,-25,-15,45
1739724547.026131,-24,40,8
1739724547.072131,41,36,4
1739724547.1181307,7,-42,-33
1739724547.1631308,-41,28,-4
1739724547.2091308,-70,-84,-39
1739724547.2551308,-3,-63,-77
1739724547.3011308,-27,39,-102
1739724547.3461306,-1,-26,-65
1739724547.3921306,-49,-69,53
1739724547.4381306,-3,-60,-17
1739724547.4831307,-103,-11,-63
1739724547.5291307,-38,26,-138
1739724547.5751307,71,2,-94
1739724547.6211307,21,10,-136
1739724547.6661308,-38,17,79
1739724547.7121308,10,73,-20
1739724547.7581308,69,28,80
1739724547.8031306,94,87,148
1739724547.8491306,28,-59,-75
1739724547.8951306,-53,10,-1
1739724547.9411306,88,11,20
1739724547.9861307,-88,77,12
1739724548.0321307,39,-24,-180
1739724548.0781307,22,-34,19
1739724548.1231308,7,-13,-3
1739724548.1691308,35,25,-78
1739724548.2151306,-26,-10,65
1739724548.2611306,30,65,-178
1739724548.3061306,-6,22,16
1739724548.352131,62,-61,-40
1739724548.398131,73,32,-86
1739724548.4431307,15,-14,-172
1739724548.4891307,-42,23,77
1739724548.5351307,73,30,-16
1739724548.5811307,-35,10,-33
1739724548.6261306,-35,12,-29
1739724548.6721306,57,0,-66
1739724548.7181306,-16,17,-48
1739724548.763131,22,-60,-49
1739724548.809131,20,22,-8
1739724548.855131,10,17,-52
1739724548.901131,-58,18,-3
1739724548.9461308,-39,-16,-67
1739724548.9921308,18,-34,-95
1739724549.0381308,-11,-41,-7
1739724549.0831306,-42,-25,-21
1739724549.1291306,12,-62,-47
1739724549.1751306,-49,-42,189
1739724549.2211306,-16,23,-32
1739724549.2661307,-6,24,-118
1739724549.3121307,2,15,0
1739724549.3581307,-38,51,-28
1739724549.4031308,68,12,-232
1739724549.4491308,0,-19,-219
1739724549.4951308,103,26,-36
1739724549.5411308,-63,34,9
1739724549.5861306,8,-27,-59
1739724549.6321306,-43,5,-41
1739724549.6781306,-2,16,-4
1739724549.7231307,-3,6,-102
1739724549.7691307,53,26,90
1739724549.8151307,-65,29,17
1739724549.8611307,54,-31,-78
1739724549.9061308,-58,68,-116
1739724549.9521308,54,-59,-49
1739724549.9981308,-15,55,2
1739724550.0431306,-47,33,-122
1739724550.0891306,-44,27,85
1739724550.1351306,-8,-10,-67
1739724550.1811306,-12,-8,-75
1739724550.2261307,9,-43,-47
1739724550.2721307,5,33,-90
1739724550.3181307,-68,79,-50
1739724550.3631306,44,-4,-2
1739724550.4091306,101,34,-42
1739724550.4551306,-5,26,28
1739724550.5011306,21,12,-208
1739724550.546131,-74,75,31
1739724550.592131,-79,8,-121
1739724550.638131,-62,-2,19
1739724550.6831307,58,43,56
1739724550.7291307,23,56,-130
1739724550.7751307,64,-36,-122
1739724550.8211308,-66,17,-101
1739724550.8661306,-5,-44,53
1739724550.9121306,24,42,40
1739724550.9581306,-47,63,-64
1739724551.003131,27,84,-124
1739724551.049131,76,20,12
1739724551.0951307,-57,3,-49
1739724551.1411307,14,-34,-160
1739724551.1861308,13,-40,-54
1739724551.2321308,51,-53,-4
1739724551.2781308,21,-40,64
1739724551.3231306,-28,18,-51
1739724551.3691306,-24,0,-177
1739724551.4151306,77,88,-69
1739724551.4611306,67,6,3
1739724551.5061307,2,19,-157
1739724551.5521307,-6,-30,-131
1739724551.5981307,-16,49,-211
1739724551.6431308,-27,-18,98
1739724551.6891308,63,-43,15
1739724551.7351308,-7,28,90
1739724551.7811308,-7,0,68
1739724551.8261306,74,-40,-71
1739724551.8721306,-60,-88,-40
1739724551.9181306,-31,12,-4
1739724551.9631307,32,21,-137
1739724552.0091307,-24,21,90
1739724552.0551307,-38,24,-99
1739724552.1011307,44,-32,-21
1739724552.1461308,-16,23,-161
1739724552.1921306,-26,-31,-10
1739724552.2381306,57,31,-231
1739724552.2831306,-64,-36,-12
1739724552.3291306,-92,-3,-78
1739724552.375131,50,-14,-3
1739724552.421131,60,21,-11
1739724552.4661307,49,-1,-7
1739724552.5121307,-52,-1,-24
1739724552.5581307,51,-103,136
1739724552.6031306,25,-41,-41
1739724552.6491306,-1,-12,-135
1739724552.6951306,-101,-71,-104
1739724552.7411306,5,-43,-61
1739724552.786131,12,47,-65
1739724552.832131,-40,-32,34
1739724552.878131,-44,0,-90
1739724552.9231308,60,-5,-31
1739724552.9691308,-40,73,-18
1739724553.0151308,21,40,-1
1739724553.0611308,0,1,100
1739724553.1061306,52,-18,-83
1739724553.1521306,32,25,-55
1739724553.1981306,-4,-7,-29
1739724553.2431307,-36,2,10
1739724553.2891307,-16,7,-17
1739724553.3351307,14,-14,-39
1739724553.3811307,77,-61,-39
1739724553.4261308,-50,-21,18
1739724553.4721308,-16,-75,-189
1739724553.5181308,-10,0,-81
1739724553.5631306,-43,13,40
1739724553.6091306,-16,-3,58
1739724553.6551306,59,25,97
1739724553.7011306,-60,-62,-78
1739724553.7461307,-4,24,-101
1739724553.7921307,46,-32,-83
1739724553.8381307,60,15,-109
1739724553.8831308,80,-65,-167
1739724553.9291308,-40,-82,-95
1739724553.9751308,-20,-41,-73
1739724554.0211308,22,8,-49
1739724554.0661306,39,15,-121
1739724554.1121306,36,3,2
1739724554.1581306,-30,23,-79
1739724554.2031307,66,40,27
1739724554.2491307,-15,-14,-6
1739724554.2951307,9,61,-203
1739724554.3411307,0,-77,-38
1739724554.3861306,-66,-9,98
1739724554.4321306,50,-8,-45
1739724554.4781306,-24,-31,32
1739724554.523131,51,-51,13
1739724554.569131,-99,41,15
1739724554.615131,7,-15,-68
1739724554.661131,83,59,-59
1739724554.7061307,-21,27,-79
1739724554.7521307,28,-3,-23
1739724554.7981308,79,3,-15
1739724554.8431306,39,1,-17
1739724554.8891306,43,30,-25
1739724554.9351306,103,26,-85
1739724554.9811306,33,-71,-71
1739724555.026131,24,74,108
1739724555.072131,11,-72,-99
1739724555.1181307,0,-25,-39
1739724555.1631308,9,36,-27
1739724555.2091308,-6,40,-107
1739724555.2551308,0,36,102
1739724555.299131,60,5,-1
1739724555.3451307,85,-14,-8
1739724555.3911307,17,-3,-37
1739724555.4371307,11,2,-137
1739724555.4821308,-23,-36,-17
1739724555.5281308,58,20,22
1739724555.5741308,-34,2,-3
1739724555.6191306,-19,-8,-5
1739724555.671131,39,49,38
1739724555.717131,21,-11,-69
1739724555.7621307,52,-42,-22
1739724555.8081307,-47,-32,-17
1739724555.8541307,-35,43,98
1739724555.8991306,-50,8,-55
1739724555.9451306,38,-26,100
1739724555.9911306,-60,65,-57
1739724556.036131,-10,80,-20
1739724556.082131,-18,8,-55
1739724556.128131,27,16,-30
1739724556.174131,41,45,-4
1739724556.2191308,78,1,-16
1739724556.2651308,43,-59,-24
1739724556.3111308,-82,35,-9
1739724556.3561306,-64,-47,5
1739724556.4021306,25,-30,-59
1739724556.4481306,52,32,-18
1739724556.4941306,33,-54,-19
1739724556.5391307,5,-53,13
1739724556.5851307,-5,-10,-155
1739724556.6311307,-48,-12,-73
1739724556.6761308,32,30,-40
1739724556.7221308,-18,-48,59
1739724556.7681308,-18,1,-45
1739724556.8141308,0,-36,-107
1739724556.8591306,-4,-13,13
1739724556.9051306,9,-12,74
1739724556.9511306,8,12,-103
1739724556.9961307,44,-93,-10
1739724557.0421307,40,9,100
1739724557.0881307,15,19,-75
1739724557.1341307,-3,-47,-47
1739724557.1791308,44,23,66
1739724557.2251308,7,34,-167
1739724557.2711308,27,57,-87
1739724557.3161306,-32,23,-39
1739724557.3621306,-33,27,-39
1739724557.4081306,-65,5,-51
1739724557.4541306,24,27,-22
1739724557.4991307,74,24,-71
1739724557.5451307,-20,-34,-49
1739724557.5911307,73,9,-143
1739724557.6361306,-7,0,-163
1739724557.6821306,-20,42,-87
1739724557.7281306,14,17,-25
1739724557.7741306,-16,-6,-110
1739724557.819131,-47,-20,-195
1739724557.865131,65,13,8
1739724557.911131,39,18,-115
1739724557.9561307,13,-37,-115
1739724558.0021307,48,-23,90
1739724558.0481308,79,-82,-60
1739724558.0941308,-79,25,-139
1739724558.1391306,-10,7,-115
1739724558.1851306,-33,-9,48
1739724558.2311306,-11,46,-47
1739724558.276131,13,14,-27
1739724558.322131,-10,5,-111
1739724558.3681307,-86,29,-73
1739724558.4141307,11,-55,-19
1739724558.4591308,25,-24,-91
1739724558.5051308,-2,-5,18
1739724558.5511308,-34,45,84
1739724558.5961306,-19,88,55
1739724558.6421306,39,36,-127
1739724558.6881306,0,55,37
1739724558.7341306,-40,49,-161
1739724558.7791307,7,-95,38
1739724558.8251307,44,24,-153
1739724558.8711307,-14,45,8
1739724558.9161308,29,-4,12
1739724558.9621308,-7,54,-89
1739724559.0081308,6,-33,3
1739724559.0541308,-10,44,-55
1739724559.0991306,-11,0,-47
1739724559.1451306,-92,107,-9
1739724559.1911306,-46,9,-53
1739724559.2361307,-23,1,-27
1739724559.2821307,-35,-45,44
1739724559.3281307,-22,0,62
1739724559.3741307,-42,3,-69
1739724559.4191308,-38,-16,-23
1739724559.4651306,-1,-4,-13
1739724559.5111306,-56,-18,32
1739724559.5561306,3,15,-43
1739724559.602131,-27,-8,-63
1739724559.648131,-53,-77,-71
1739724559.694131,-8,-46,-31
1739724559.7391307,19,-38,-9
1739724559.7851307,-19,-3,18
1739724559.8311307,-54,6,34
1739724559.8761306,-42,43,8
1739724559.9221306,21,90,19
1739724559.9681306,-49,31,-147
1739724560.0141306,76,50,-117
1739724560.059131,24,28,-53
1739724560.1061306,61,21,-41
1739724560.1521306,50,58,-36
1739724560.1981306,-3,-26,-31
1739724560.2431307,-38,41,-137
1739724560.2891307,13,37,-113
1739724560.3351307,13,8,-33
1739724560.3801308,0,-89,-129
1739724560.4261308,7,-19,-27
1739724560.4721308,48,46,-79
1739724560.5181308,68,72,-81
1739724560.5631306,-70,45,-6
1739724560.6091306,-4,-32,-133
1739724560.6551306,42,16,-123
1739724560.7001307,-37,38,-10
1739724560.7461307,-19,5,-47
1739724560.7921307,87,78,-29
1739724560.8381307,7,144,-79
1739724560.8831308,23,116,-83
1739724560.9291308,28,47,-59
1739724560.9751308,-70,-49,-72
1739724561.0201306,71,-78,-29
1739724561.0661306,-36,-10,-64
1739724561.1121306,-38,-52,78
1739724561.1581306,-21,13,-29
1739724561.2031307,37,-42,-71
1739724561.2491307,-17,55,-11
1739724561.2951307,37,1,11
1739724561.3401306,-16,25,-49
1739724561.3861306,-75,31,-142
1739724561.4321306,-73,4,-58
1739724561.4781306,-43,7,-219
1739724561.523131,83,-17,-31
1739724561.569131,59,9,-109
1739724561.615131,-42,-25,-94
1739724561.6601307,-3,34,-139
1739724561.7061307,-32,22,-93
1739724561.7521307,-8,-54,-8
1739724561.7981308,27,3,-73
1739724561.8431306,-8,48,27
1739724561.8891306,-74,-35,-92
1739724561.9351306,79,34,-33
1739724561.980131,-9,12,-93
1739724562.026131,50,18,-1
1739724562.072131,-12,-34,0
1739724562.1181307,-37,-50,-72
1739724562.1631308,106,19,-91
1739724562.2091308,18,-82,18
1739724562.2551308,-16,127,-85
1739724562.3001306,-118,-6,-14
1739724562.3461306,-42,15,-70
1739724562.3921306,-1,-18,-131
1739724562.4381306,-74,-23,-20
1739724562.4831307,22,50,-93
1739724562.5291307,-148,-29,-18
1739724562.5751307,-92,29,-84
1739724562.6201308,11,1,-67
1739724562.6661308,-62,-8,-98
1739724562.7121308,-66,-9,46
1739724562.7581308,28,47,-3
1739724562.8031306,42,42,-27
1739724562.8491306,-68,-9,-94
1739724562.8951306,-25,5,-111
1739724562.9401307,-37,34,-6
1739724562.9861307,50,-3,-45
1739724563.0321307,22,-8,-93
1739724563.0781307,32,-27,-47
1739724563.1231308,14,-12,3
1739724563.1691308,-1,-16,100
1739724563.2151306,-3,-46,-199
1739724563.2601306,28,19,13
1739724563.3061306,29,-19,-71
1739724563.352131,43,54,-25
1739724563.398131,42,20,-173
1739724563.4431307,4,-53,2
1739724563.4891307,40,20,-109
1739724563.5351307,-52,28,-28
1739724563.5801306,-43,-19,-58
1739724563.6261306,54,-13,-79
1739724563.6721306,-43,-11,-96
1739724563.7181306,76,10,65
1739724563.763131,112,-31,-125
1739724563.809131,24,-65,-59
1739724563.855131,-62,-4,46
1739724563.9001307,9,91,-21
1739724563.9461308,-52,-7,-28
1739724563.9921308,-15,-92,-78
1739724564.0381308,2,25,-51
1739724564.0831306,-49,-49,-18
1739724564.1291306,-7,-76,-44
1739724564.1751306,-80,-53,-22
1739724564.2201307,41,-18,-15
1739724564.2661307,5,3,46
1739724564.3121307,48,66,-119
1739724564.3581307,-40,27,-143
1739724564.4031308,70,20,-33
1739724564.4491308,100,14,-17
1739724564.4951308,-15,7,-25
1739724564.5401306,56,15,-105
1739724564.5861306,-32,20,-1
1739724564.6321306,-7,53,-9
1739724564.6781306,-14,-80,-38
1739724564.7231307,-23,27,15
1739724564.7691307,-21,9,-31
1739724564.8151307,62,41,-53
1739724564.8601308,-2,16,-21
1739724564.9061308,6,87,-35
1739724564.9521308,-41,-68,-90
1739724564.9971306,23,-22,10
1739724565.0431306,16,-54,-145
1739724565.0891306,3,-51,-80
1739724565.1351306,-26,52,53
1739724565.1801307,-67,11,-54
1739724565.2261307,36,65,-45
1739724565.2721307,-82,-8,-60
1739724565.3181307,25,0,-109
1739724565.3631306,-64,46,-99
1739724565.4091306,-32,-30,50
1739724565.4551306,19,-21,-20
1739724565.500131,-16,-10,-43
1739724565.546131,-41,28,-19
1739724565.592131,74,-65,-26
1739724565.638131,50,39,-15
1739724565.6891308,-56,53,-45
1739724565.7351308,-68,-8,-41
1739724565.7801306,27,55,69
1739724565.8261306,65,4,-66
1739724565.8721306,-102,-6,-27
1739724565.9181306,-53,-22,-75
1739724565.9631307,-10,49,75
1739724566.0091307,102,-6,22
1739724566.0551307,4,-2,-21
1739724566.1001308,-67,-45,-63
1739724566.1461308,-16,-32,-66
1739724566.1921306,57,4,-111
1739724566.2371306,82,-5,-74
1739724566.2831306,-42,-30,-33
1739724566.3291306,-46,20,-21
1739724566.375131,26,17,-43
1739724566.4201307,-18,-6,-34
1739724566.4661307,-13,6,-61
1739724566.5121307,-31,-41,-92
1739724566.5571306,83,-44,-134
1739724566.6031306,56,16,-9
1739724566.6491306,-41,10,-57
1739724566.6951306,76,-84,0
1739724566.740131,7,-22,-32
1739724566.786131,-40,20,-3
1739724566.832131,-5,9,1
1739724566.8771307,34,-58,-70
1739724566.9231308,47,55,-13
1739724566.9691308,-26,72,-15
1739724567.0151308,18,-32,-4
1739724567.0601306,0,-23,-44
1739724567.1061306,32,47,-19
1739724567.1521306,-25,-47,32
1739724567.197131,-71,-17,-60
1739724567.2431307,28,-85,-168
1739724567.2891307,52,-8,1
1739724567.3351307,-11,81,-145
1739724567.3801308,39,-16,35
1739724567.4261308,16,-4,-89
1739724567.4721308,58,67,-107
1739724567.5171306,-67,-68,114
1739724567.5631306,-7,-44,52
1739724567.6091306,-5,0,24
1739724567.6551306,-48,25,-36
1739724567.7001307,-32,22,-87
1739724567.7461307,-50,43,-36
1739724567.7921307,38,17,-75
1739724567.8371308,-4,-72,34
1739724567.8831308,50,-38,-65
1739724567.9291308,-18,51,-111
1739724567.9751308,-54,102,-27
1739724568.0201306,0,18,23
1739724568.0661306,30,71,35
1739724568.1121306,45,84,17
1739724568.1571307,55,63,-101
1739724568.2031307,-81,66,134
1739724568.2491307,58,-11,-43
1739724568.2951307,-8,70,-75
1739724568.3401306,-18,-3,-85
1739724568.3861306,104,-7,-109
1739724568.4321306,25,-18,-73
1739724568.477131,14,12,-11
1739724568.523131,0,-37,-107
1739724568.569131,7,38,-79
1739724568.615131,-30,98,-111
1739724568.6601307,85,33,-51
1739724568.7061307,-20,17,-73
1739724568.7521307,67,3,-9
1739724568.7971306,60,-4,-165
1739724568.8431306,4,-80,-90
1739724568.8891306,32,22,37
1739724568.9351306,25,12,-31
1739724568.980131,-63,-20,-26
1739724569.026131,-21,-45,-46
1739724569.072131,-32,48,-123
1739724569.1171308,-72,-9,94
1739724569.1631308,-62,-62,-90
1739724569.2091308,48,-12,-155
1739724569.2551308,-66,22,49
1739724569.3001306,-61,63,-109
1739724569.3461306,-19,37,-105
1739724569.3921306,-51,31,-3
1739724569.4371307,-31,-72,-70
1739724569.4831307,-39,2,-71
1739724569.5291307,-32,23,-59
1739724569.5751307,32,-36,-132
1739724569.6201308,61,-20,-60
1739724569.6661308,-78,77,-17
1739724569.7121308,-58,20,-35
1739724569.7571306,12,-57,-168
1739724569.8031306,98,-8,-15
1739724569.8491306,-63,13,21
1739724569.8951306,-71,92,-63
1739724569.9401307,-65,9,-63
1739724569.9861307,-10,-37,112
1739724570.0321307,1,8,15
1739724570.0771308,-57,87,33
1739724570.1231308,-48,24,-147
1739724570.1691308,0,33,-87
1739724570.2151306,0,-13,-59
1739724570.2601306,8,-7,-83
1739724570.3061306,-14,-29,-61
1739724570.352131,-91,70,9
1739724570.3971307,37,10,-89
1739724570.4431307,9,2,-31
1739724570.4891307,53,-70,-8
1739724570.5351307,-8,25,61
1739724570.5801306,89,-20,-36
1739724570.6261306,-28,25,-181
1739724570.6721306,-42,-6,-33
1739724570.717131,-41,-41,-2
1739724570.7621307,-19,1,66
1739724570.8081307,100,-43,-167
1739724570.8531306,-29,39,-17
1739724570.8991306,-6,15,-109
1739724570.9451306,2,36,9
1739724570.9911306,-30,-7,-65
1739724571.036131,-15,6,-47
1739724571.082131,18,13,-15
1739724571.128131,-31,31,9
1739724571.1731308,2,30,-7
1739724571.2191308,0,5,37
1739724571.2651308,-8,17,-53
1739724571.3111308,31,0,-109
1739724571.3561306,25,0,-103
1739724571.4021306,-44,18,69
1739724571.4481306,21,11,-31
1739724571.4931307,52,19,-75
1739724571.5391307,-45,-22,-36
1739724571.5851307,18,25,-39
1739724571.6311307,39,32,-147
1739724571.6761308,5,-14,-52
1739724571.7221308,-16,44,-49
1739724571.7681308,52,-34,-65
1739724571.8131306,49,27,-38
1739724571.8591306,30,102,-50
1739724571.9051306,-1,37,-122
1739724571.9511306,-32,-11,-49
1739724571.9961307,32,-1,-44
1739724572.0421307,-13,6,-76
1739724572.0881307,-57,-13,-202
1739724572.1331308,15,12,-180
1739724572.1791308,-46,52,0
1739724572.2251308,61,33,-106
1739724572.2711308,-57,12,21
1739724572.3161306,52,12,-42
1739724572.3621306,65,9,-50
1739724572.4081306,42,20,18
1739724572.4531307,20,-8,-60
1739724572.4991307,-16,51,-104
1739724572.5451307,-20,25,21
1739724572.5911307,15,4,73
1739724572.6361306,4,24,-4
1739724572.6821306,57,-20,-57
1739724572.7281306,-17,-24,-47
1739724572.773131,-19,62,-90
1739724572.819131,14,-11,-23
1739724572.865131,29,-24,-65
1739724572.911131,-10,-61,-93
1739724572.9561307,-49,-94,-257
1739724573.0021307,6,86,-38
1739724573.0481308,-67,10,-86
1739724573.0931306,13,0,-120
1739724573.1391306,-2,-11,-102
1739724573.1851306,-40,44,24
1739724573.2311306,9,56,-8
1739724573.276131,-4,75,-114
1739724573.322131,18,42,34
1739724573.3681307,-1,-61,-51
1739724573.4131308,22,-40,-57
1739724573.4591308,23,38,14
1739724573.5051308,-24,-1,45
1739724573.5511308,32,13,8
1739724573.5961306,36,71,66
1739724573.6421306,-32,-34,-47
1739724573.6881306,19,-16,-56
1739724573.7331307,23,-22,-72
1739724573.7791307,29,88,-34
1739724573.8251307,62,15,16
1739724573.8711307,14,-28,-164
1739724573.9161308,0,72,-22
1739724573.9621308,10,-9,9
1739724574.0081308,-59,88,64
1739724574.0531306,22,-40,21
1739724574.0991306,27,1,-102
1739724574.1451306,-15,37,-45
1739724574.1911306,-39,33,-59
1739724574.2361307,28,13,-182
1739724574.2821307,-74,17,-154
1739724574.3281307,73,-13,-150
1739724574.3731308,41,-11,-90
1739724574.4191308,30,-24,3
1739724574.4651306,105,-5,15
1739724574.5111306,-12,15,-34
1739724574.5561306,57,13,41
1739724574.602131,-75,7,93
1739724574.648131,-125,-10,-60
1739724574.6931307,41,113,-56
1739724574.7391307,3,53,-132
1739724574.7851307,66,55,-70
1739724574.8311307,15,-5,-64
1739724574.8761306,36,-26,3
1739724574.9221306,-39,-25,-10
1739724574.9681306,25,-35,-20
1739724575.013131,76,-9,-9
1739724575.059131,-45,10,-12
1739724575.105131,41,5,-180
1739724575.151131,-47,12,38
1739724575.1961308,51,-25,43
1739724575.2421308,-60,53,28
1739724575.2881308,34,-36,-1
1739724575.3331306,-122,1,-34
1739724575.3791306,13,-41,-83
1739724575.4251306,-11,64,60
1739724575.4711306,6,14,16
1739724575.5161307,-70,-32,77
1739724575.5621307,31,34,-50
1739724575.6081307,-4,-29,11
1739724575.6531308,41,-25,-39
1739724575.7051306,-68,70,-8
1739724575.7511306,-4,-9,17
1739724575.796131,-51,5,15
1739724575.842131,25,26,14
1739724575.888131,26,-34,-41
1739724575.9331307,-24,-2,-54
1739724575.9791307,21,-78,-85
1739724576.0251307,-33,-15,-113
1739724576.0711308,-88,17,-40
1739724576.1171308,-25,65,50
1739724576.1631308,8,21,-48
1739724576.2091308,6,-8,-11
1739724576.2541306,-21,36,-46
1739724576.3001306,47,35,153
1739724576.3461306,6,-30,15
1739724576.3921306,74,-69,-129
1739724576.4371307,29,6,-52
1739724576.4831307,-11,-16,-41
1739724576.5291307,47,-53,-125
1739724576.5741308,-2,-11,-23
1739724576.6201308,-9,36,-108
1739724576.6661308,-85,36,-87
1739724576.7121308,-101,11,-57
1739724576.7571306,65,-25,-74
1739724576.8031306,-9,-72,63
1739724576.8491306,-25,-15,71
1739724576.8941307,3,98,0
1739724576.9401307,-15,-23,-15
1739724576.9861307,15,6,-66
1739724577.0321307,-31,14,-35
1739724577.0771308,-14,53,28
1739724577.1231308,45,90,-14
1739724577.1691308,-5,-40,-9
1739724577.2141306,12,-38,-61
1739724577.2601306,-35,-44,-3
1739724577.3061306,65,-55,-20
1739724577.352131,56,-41,-54
1739724577.3971307,14,51,-24
1739724577.4431307,-17,89,-98
1739724577.4891307,39,3,40
1739724577.5341306,17,2,-48
1739724577.5801306,34,-3,22
1739724577.6261306,-1,8,-70
1739724577.6721306,-51,31,7
1739724577.717131,2,19,68
1739724577.763131,6,-33,-91
1739724577.809131,-28,-36,59
1739724577.8541307,29,3,-56
1739724577.9001307,-2,0,-128
1739724577.9461308,-3,-50,-63
1739724577.9921308,20,14,-132
1739724578.0371306,17,10,-162
1739724578.0831306,23,30,-92
1739724578.1291306,58,-15,-32
1739724578.174131,2,-29,-71
1739724578.2201307,-15,67,12
1739724578.2661307,-37,-72,33
1739724578.3121307,-7,34,-8
1739724578.3571308,-9,-40,-9
1739724578.4031308,8,21,-2
1739724578.4491308,20,-6,-78
1739724578.4941306,-6,74,-94
1739724578.5401306,101,14,23
1739724578.5861306,35,17,-32
1739724578.6321306,-63,-40,-1
1739724578.6771307,17,-63,-4
1739724578.7231307,-8,-30,-72
1739724578.7691307,-17,11,-24
1739724578.8141308,-47,33,-121
1739724578.8601308,29,-21,-82
1739724578.9061308,57,17,7
1739724578.9521308,-68,-3,-33
1739724578.9971306,82,28,-18
1739724579.0431306,59,81,-48
1739724579.0891306,-67,-17,-6
1739724579.1341307,-60,-10,-113
1739724579.1801307,9,71,71
1739724579.2261307,17,-87,-112
1739724579.2721307,63,63,-34
1739724579.3171306,53,-19,-36
1739724579.3631306,24,52,-188
1739724579.4091306,-27,-51,31
1739724579.4541306,49,-54,-24
1739724579.500131,-62,24,-107
1739724579.546131,-95,-14,-43
1739724579.592131,-8,-10,7
1739724579.6371307,-32,54,0
1739724579.6831307,22,71,-156
1739724579.7291307,-32,26,-118
1739724579.7741306,-87,12,-27
1739724579.8201306,-48,-29,-31
1739724579.8661306,9,63,14
1739724579.9121306,-51,11,-65
1739724579.957131,-26,80,70
1739724580.003131,-12,0,-31
1739724580.049131,-12,20,-4
1739724580.0941308,-16,27,12
1739724580.1401308,53,8,-16
1739724580.1861308,2,-8,-75
1739724580.2321308,66,46,-90
1739724580.2771306,-14,-27,-155
1739724580.3231306,66,14,-46
1739724580.3691306,-50,74,-14
1739724580.4141307,10,16,12
1739724580.4601307,-105,-14,-138
1739724580.5061307,36,-40,-39
1739724580.5521307,51,27,-48
1739724580.5971308,-44,-34,-131
1739724580.6431308,21,-51,75
1739724580.6891308,-45,8,-62
1739724580.7341306,4,-63,-116
1739724580.7801306,-21,-13,-9
1739724580.8261306,-93,8,-169
1739724580.8721306,-60,48,-106
1739724580.9171307,-19,65,-51
1739724580.9631307,-35,9,-80
1739724581.0091307,14,-38,-31
1739724581.0541308,41,30,0
1739724581.1001308,10,-9,55
1739724581.1461308,49,-72,-114
1739724581.1921306,87,-19,-88
1739724581.2371306,81,28,-47
1739724581.2831306,4,-32,-2
1739724581.3291306,88,-6,-2
1739724581.3741307,-61,-45,92
1739724581.4201307,15,3,-29
1739724581.4661307,62,51,35
1739724581.5121307,-11,-16,42
1739724581.5571306,66,69,-95
1739724581.6031306,-6,44,-121
1739724581.6491306,-21,33,-93
1739724581.694131,14,45,37
1739724581.740131,-6,76,-25
1739724581.786131,-4,-32,-40
1739724581.832131,40,21,-43
1739724581.8771307,-13,-26,64
1739724581.9231308,7,9,-71
1739724581.9691308,-11,30,-7
1739724582.0141306,6,81,-49
1739724582.0601306,48,-4,93
1739724582.1061306,36,19,47
1739724582.1521306,-1,-63,6
1739724582.197131,30,-5,-141
1739724582.2431307,-27,14,40
1739724582.2891307,21,-44,-83
1739724582.3341308,82,44,3
1739724582.3801308,-7,40,-57
1739724582.4261308,36,-37,-18
1739724582.4721308,49,-26,-89
1739724582.5171306,-2,48,-1
1739724582.5631306,-54,27,-125
1739724582.6091306,-42,-3,56
1739724582.6541307,-1,36,122
1739724582.7001307,-28,48,-97
1739724582.7461307,3,-25,4
1739724582.7921307,-3,62,-21
1739724582.8371308,-14,-30,26
1739724582.8831308,-17,57,29
1739724582.9291308,20,-10,-5
1739724582.9741306,-61,88,-101
1739724583.0201306,96,18,37
1739724583.0661306,-32,78,22
1739724583.1121306,39,0,11
1739724583.1571307,23,0,-45
1739724583.2031307,48,-4,19
1739724583.2491307,32,23,37
1739724583.2941308,-97,-17,-20
1739724583.3401306,-41,41,-18
1739724583.3861306,56,51,33
1739724583.4321306,6,17,-81
1739724583.477131,-108,23,-159
1739724583.523131,28,-57,110
1739724583.569131,77,-44,-21
1739724583.6141307,30,23,-111
1739724583.6601307,44,16,-55
1739724583.7061307,41,27,-89
1739724583.7521307,-8,52,32
1739724583.7971306,-54,0,36
1739724583.8431306,-41,-16,-110
1739724583.8891306,4,-29,-57
1739724583.934131,31,33,-73
1739724583.980131,6,-49,13
1739724584.026131,-4,48,40
1739724584.072131,42,16,69
1739724584.1171308,-10,-12,0
1739724584.1631308,29,35,-93
1739724584.2091308,0,11,-55
1739724584.2541306,105,-3,-15
1739724584.3001306,-24,5,-28
1739724584.3461306,98,2,35
1739724584.3921306,-1,-4,-23
1739724584.4371307,-104,53,-26
1739724584.4831307,-31,-62,-55
1739724584.5291307,-6,0,8
1739724584.5741308,-13,27,-197
1739724584.6201308,32,-23,-11
1739724584.6661308,-90,20,-207
1739724584.7121308,-13,-16,64
1739724584.7571306,59,0,-21
1739724584.8031306,29,39,-135
1739724584.8491306,-25,23,-75
1739724584.8941307,3,47,72
1739724584.9401307,-59,10,38
1739724584.9861307,-64,-8,-99
1739724585.0321307,-18,27,8
1739724585.0771308,-14,-1,28
1739724585.1231308,87,27,-67
1739724585.1691308,84,-6,-41
1739724585.2141306,21,-42,-31
1739724585.2601306,7,-19,-67
1739724585.3061306,-70,-25,94
1739724585.352131,-32,46,86
1739724585.3971307,32,69,-49
1739724585.4431307,-16,-31,-8
1739724585.4891307,46,44,21
1739724585.5341306,-26,-111,-71
1739724585.5801306,-13,9,-37
1739724585.6261306,45,-4,-27
1739724585.6721306,-1,6,-61
1739724585.7221308,-42,2,-127
1739724585.7681308,63,77,-32
1739724585.8131306,4,13,-111
1739724585.8591306,25,-30,0
1739724585.9051306,120,31,3
1739724585.9501307,-25,17,-66
1739724585.9961307,-55,16,-58
1739724586.0421307,-68,4,16
1739724586.0881307,-56,-46,-131
1739724586.1331308,-15,73,-42
1739724586.1791308,10,-15,-53
1739724586.2251308,-71,-29,-76
1739724586.2701306,10,31,-79
1739724586.3161306,-2,-61,150
1739724586.3621306,-26,-69,-95
1739724586.4071307,-19,-37,-157
1739724586.4531307,26,58,-61
1739724586.4991307,-7,-34,7
1739724586.5451307,41,-12,-85
1739724586.5901306,28,62,-57
1739724586.6361306,-32,6,0
1739724586.6821306,5,-51,-183
1739724586.727131,49,54,83
1739724586.773131,38,-13,29
1739724586.819131,-39,1,-42
1739724586.865131,-24,-9,-82
1739724586.9101307,0,-109,-45
1739724586.9561307,-57,46,28
1739724587.0021307,-76,55,10
1739724587.0471306,-36,2,-8
1739724587.0931306,12,-15,19
1739724587.1391306,-77,0,-60
1739724587.1851306,-52,45,-66
1739724587.230131,-20,-29,28
1739724587.276131,4,0,-107
1739724587.322131,50,12,-35
1739724587.3671308,-107,7,-58
1739724587.4131308,-34,46,42
1739724587.4591308,48,38,-37
1739724587.5051308,-18,61,-16
1739724587.5501306,29,76,-65
1739724587.5961306,24,28,-19
1739724587.6421306,0,32,-39
1739724587.6871307,-44,39,-26
1739724587.7331307,-64,18,0
1739724587.7791307,-67,-52,28
1739724587.8251307,26,-29,-131
1739724587.8701308,46,-30,17
1739724587.9161308,-17,-43,60
1739724587.9621308,-28,-4,118
1739724588.0071306,83,0,-25
1739724588.0531306,0,22,-85
1739724588.0991306,81,2,25
1739724588.1451306,1,21,-165
1739724588.1901307,-13,10,12
1739724588.2361307,-80,17,-32
1739724588.2821307,-11,-46,-61
1739724588.3271308,-18,21,-101
1739724588.3731308,34,-7,-61
1739724588.4191308,10,25,33
1739724588.4651306,72,-12,-83
1739724588.5101306,-63,-24,2
1739724588.5561306,27,-19,39
1739724588.602131,-61,58,8
1739724588.6471307,18,-30,-15
1739724588.6931307,10,27,-59
1739724588.7391307,-79,13,-28
1739724588.7851307,34,69,-107
1739724588.8301306,111,-2,-87
1739724588.8761306,9,-17,-27
1739724588.9221306,-18,23,14
1739724588.967131,46,46,61
1739724589.013131,-61,58,-38
1739724589.059131,-55,-21,-92
1739724589.105131,42,-14,29
1739724589.1501307,29,56,-49
1739724589.1961308,30,-37,-61
1739724589.2421308,33,-45,-31
1739724589.2871306,-94,54,-133
1739724589.3331306,-33,-46,-90
1739724589.3791306,-10,-60,94
1739724589.4251306,-3,32,-193
1739724589.4701307,-27,88,-68
1739724589.5161307,11,9,92
1739724589.5621307,55,60,-73
1739724589.6071308,-9,-42,-179
1739724589.6531308,-62,-88,-20
1739724589.6991308,60,-57,11
1739724589.7451308,-31,-68,-18
1739724589.7901306,20,48,-105
1739724589.8361306,50,50,-123
1739724589.8821306,-4,20,-51
1739724589.9271307,24,22,-229
1739724589.9731307,57,-17,-15
1739724590.0191307,10,-13,-43
1739724590.0651307,-40,67,-54
1739724590.1101308,-2,32,18
1739724590.1561308,-69,-38,34
1739724590.2021308,5,-19,-71
1739724590.2471306,-3,30,-63
1739724590.2931306,-40,-32,66
1739724590.3391306,39,15,114
1739724590.3851306,-120,-28,-2
1739724590.4301307,-18,55,-95
1739724590.4761307,33,-27,15
1739724590.5221307,18,16,-127
1739724590.5671306,-41,57,-48
1739724590.6131306,33,-51,-45
1739724590.6591306,90,53,21
1739724590.7051306,-56,-34,-103
1739724590.750131,-27,-21,14
1739724590.796131,-22,-87,-33
1739724590.842131,-30,52,-36
1739724590.8871307,-8,24,-37
1739724590.9331307,56,-45,57
1739724590.9791307,-50,-15,-75
1739724591.0251307,50,-80,-135
1739724591.0701306,63,-25,-57
1739724591.1161306,2,33,-71
1739724591.1621306,51,-10,-25
1739724591.207131,-27,32,-33
1739724591.253131,-41,-25,-7
1739724591.299131,-1,8,-73
1739724591.3451307,-40,0,-44
1739724591.3901308,-59,-12,-48
1739724591.4361308,25,-24,42
1739724591.4821308,-51,11,-87
1739724591.5271306,31,31,-73
1739724591.5731306,4,-39,64
1739724591.6191306,-36,6,124
1739724591.6651306,19,-6,-83
1739724591.7101307,53,22,-61
1739724591.7561307,-45,-11,-61
1739724591.8021307,3,49,-165
1739724591.8471308,-30,-20,-33
1739724591.8931308,39,-29,19
1739724591.9391308,2,-81,7
1739724591.9851308,48,-106,-121
1739724592.0301306,-46,-23,-3
1739724592.0761306,-20,33,-24
1739724592.1221306,11,-33,-29
1739724592.1671307,63,-11,33
1739724592.2131307,-35,-30,-41
1739724592.2591307,46,82,-75
1739724592.3051307,22,0,52
1739724592.3501308,-46,-79,-47
1739724592.3961308,85,76,-10
1739724592.4421306,-90,-72,-41
1739724592.4871306,-38,-22,21
1739724592.5331306,-58,-22,-28
1739724592.5791306,26,10,-117
1739724592.625131,53,-16,-21
1739724592.6701307,-65,12,-8
1739724592.7161307,-4,-20,-33
1739724592.7621307,-8,58,-24
1739724592.8071306,45,40,82
1739724592.8531306,-26,-37,-46
1739724592.8991306,-102,-17,-120
1739724592.9451306,72,26,-103
1739724592.990131,77,-50,-67
1739724593.036131,18,54,8
1739724593.082131,33,41,86
1739724593.1271307,8,19,-31
1739724593.1731308,10,47,-113
1739724593.2191308,77,26,-67
1739724593.2651308,-45,9,-18
1739724593.3101306,-8,44,56
1739724593.3561306,-94,28,-26
1739724593.4021306,-11,59,-77
1739724593.447131,-52,-1,-32
1739724593.4931307,-12,-24,-95
1739724593.5391307,-15,47,48
1739724593.5851307,-9,46,-96
1739724593.6301308,-8,8,-22
1739724593.6761308,0,-49,3
1739724593.7221308,-4,6,-45
1739724593.7671306,-9,-32,15
1739724593.8131306,12,7,-35
1739724593.8591306,-24,59,-237
1739724593.9051306,10,11,24
1739724593.9501307,14,-16,-69
1739724593.9961307,46,-20,-21
1739724594.0421307,9,-41,5
1739724594.0871308,35,77,-62
1739724594.1331308,30,5,-19
1739724594.1791308,11,25,-57
1739724594.2251308,-32,-98,-23
1739724594.2701306,9,-59,17
1739724594.3161306,-9,26,-20
1739724594.3621306,-66,4,-26
1739724594.4071307,41,-13,-67
1739724594.4531307,-34,14,-32
1739724594.4991307,-36,38,36
1739724594.5451307,9,-39,-143
1739724594.5901306,-9,42,-76
1739724594.6361306,-36,-50,-23
1739724594.6821306,-66,34,4
1739724594.727131,43,-3,-95
1739724594.773131,-111,-8,-76
1739724594.819131,59,11,-31
1739724594.865131,-6,14,-39
1739724594.9101307,21,-82,-11
1739724594.9561307,-52,9,-96
1739724595.0021307,0,-17,-13
1739724595.0471306,-44,-37,108
1739724595.0931306,89,-19,-67
1739724595.1391306,-32,-8,-82
1739724595.1851306,97,55,-69
1739724595.230131,-1,4,-35
1739724595.276131,72,-3,-1
1739724595.322131,-30,-89,-14
1739724595.3671308,7,-71,82
1739724595.4131308,-41,41,-24
1739724595.4591308,-37,2,-30
1739724595.5051308,-104,113,-71
1739724595.5501306,18,18,37
1739724595.5961306,-44,-53,-92
1739724595.6421306,-63,30,-99
1739724595.6871307,69,65,-7
1739724595.7391307,30,-33,-149
1739724595.7851307,2,-33,50
1739724595.8301306,-29,-20,-20
1739724595.8761306,46,48,-45
1739724595.9221306,3,-27,-18
1739724595.967131,-41,-48,96
1739724596.013131,36,-57,-45
1739724596.059131,22,-6,-31
1739724596.105131,-102,-9,-86
1739724596.1501307,-94,-8,18
1739724596.1961308,87,65,7
1739724596.2421308,73,2,91
1739724596.2871306,-60,28,-142
1739724596.3331306,-103,-19,-92
1739724596.3791306,5,-49,0
1739724596.424131,-30,-4,-108
1739724596.4701307,13,-24,-7
1739724596.5161307,-47,3,-215
1739724596.5621307,37,11,-83
1739724596.6071308,4,19,37
1739724596.6531308,-38,48,18
1739724596.6991308,46,-32,9
1739724596.7441306,31,-19,29
1739724596.7901306,-21,1,-26
1739724596.8361306,34,-13,-75
1739724596.8821306,-5,8,-33
1739724596.9271307,-46,23,0
1739724596.9731307,-41,31,-80
1739724597.0191307,27,68,-65
1739724597.0641308,35,-15,-21
1739724597.1101308,-46,25,92
1739724597.1561308,-28,-2,-28
1739724597.2021308,-54,25,-102
1739724597.2471306,-30,-6,-105
1739724597.2931306,65,33,-87
1739724597.3391306,-65,8,22
1739724597.3841307,37,-26,10
1739724597.4301307,-117,44,8
1739724597.4761307,11,-44,-70
1739724597.5221307,-2,-11,6
1739724597.5671306,7,32,-43
1739724597.6131306,-44,-32,28
1739724597.6591306,21,-50,-130
1739724597.7041306,-28,56,-83
1739724597.750131,0,0,38
1739724597.796131,14,74,-91
1739724597.842131,-26,53,23
1739724597.8871307,75,33,-153
1739724597.9331307,-64,-89,-122
1739724597.9791307,49,36,-4
1739724598.0241306,26,46,-68
1739724598.0701306,-36,-88,-79
1739724598.1161306,73,82,18
1739724598.1621306,45,64,32
1739724598.207131,-55,-15,-41
1739724598.253131,2,-37,-29
1739724598.299131,20,-30,-41
1739724598.3441308,-18,-11,7
1739724598.3901308,22,52,-46
1739724598.4361308,61,-77,-144
1739724598.4821308,-11,12,133
1739724598.5271306,-22,-63,61
1739724598.5731306,-38,-6,11
1739724598.6191306,-24,53,-54
1739724598.6641307,-11,-14,-25
1739724598.7101307,-68,-2,-113
1739724598.7561307,-67,3,-55
1739724598.8021307,-29,12,-86
1739724598.8471308,65,-27,-66
1739724598.8931308,52,-8,-50
1739724598.9391308,-50,-35,-103
1739724598.9841306,-2,-2,-202
1739724599.0301306,-2,0,43
1739724599.0761306,-26,-55,-29
1739724599.1221306,12,-5,-64
1739724599.1671307,-56,26,39
1739724599.2131307,-75,37,-49
1739724599.2591307,-27,60,78
1739724599.3041308,3,47,0
1739724599.3501308,51,86,-46
1739724599.3961308,36,-5,-106
1739724599.4421306,-36,-30,-73
1739724599.4871306,40,77,32
1739724599.5331306,-14,-32,-3
1739724599.5791306,9,5,4
1739724599.6241307,-26,100,-14
1739724599.6701307,-96,28,-47
1739724599.7161307,0,-3,-44
1739724599.7621307,-8,42,-90
1739724599.8071306,-57,-12,-19
1739724599.8531306,21,30,16
1739724599.8991306,-35,62,30
1739724599.944131,73,8,-12
1739724599.990131,-21,57,-60
1739724600.036131,23,120,-38
1739724600.082131,-25,41,21
1739724600.1271307,58,41,64
1739724600.1731308,-13,37,-46
1739724600.2191308,5,39,-92
1739724600.2641306,110,20,-62
1739724600.3101306,39,35,-18
1739724600.3561306,49,54,-52
1739724600.4021306,-39,-52,-21
1739724600.447131,-10,-30,-59
1739724600.4931307,22,14,8
1739724600.5391307,-58,46,155
1739724600.5841308,49,6,-28
1739724600.6301308,-14,-38,115
1739724600.6761308,45,0,-146
1739724600.7221308,5,39,-38
1739724600.7671306,-60,-8,-85
1739724600.8131306,-4,56,-104
1739724600.8591306,-29,64,-58
1739724600.9041307,-14,-84,-61
1739724600.9501307,28,16,52
1739724600.9961307,17,-14,-126
1739724601.0421307,6,55,-90
1739724601.0871308,1,17,14
1739724601.1331308,-48,-67,67
1739724601.1801307,71,111,84
1739724601.2261307,-27,-25,-31
1739724601.2711308,-99,-15,-39
1739724601.3171306,20,72,8
1739724601.3631306,31,7,-134
1739724601.4081306,103,-26,-64
1739724601.4541306,-39,30,5
1739724601.500131,46,16,-18
1739724601.546131,-29,-24,-3
1739724601.5911307,83,-21,-14
1739724601.6371307,19,-26,-84
1739724601.6831307,30,-3,26
1739724601.7281306,26,48,28
1739724601.7741306,-37,30,-50
1739724601.8201306,-80,21,-71
1739724601.8661306,-31,4,-25
1739724601.911131,32,-29,-44
1739724601.957131,-44,-39,79
1739724602.003131,-35,14,-45
1739724602.0481308,-60,-10,-201
1739724602.0941308,-41,6,71
1739724602.1401308,-49,-41,13
1739724602.1861308,77,6,-90
1739724602.2311306,-78,-59,-11
1739724602.2771306,48,68,32
1739724602.3231306,-9,6,-126
1739724602.3681307,37,29,-4
1739724602.4141307,-29,30,-20
1739724602.4601307,-41,-14,-113
1739724602.5061307,24,-8,46
1739724602.5511308,-40,49,-47
1739724602.5971308,-59,-20,-3
1739724602.6431308,-26,-9,29
1739724602.6881306,-92,78,-71
1739724602.7341306,0,-11,-44
1739724602.7801306,-70,49,-67
1739724602.8261306,45,4,-50
1739724602.8711307,-10,-12,-9
1739724602.9171307,-99,69,27
1739724602.9631307,-9,32,-102
1739724603.0081308,29,9,-58
1739724603.0541308,-14,51,0
1739724603.1001308,25,8,-92
1739724603.1461308,36,-33,-31
1739724603.1911306,-67,30,-64
1739724603.2371306,-17,42,74
1739724603.2831306,30,42,-116
1739724603.3281307,-30,-33,-123
1739724603.3741307,-4,-7,-72
1739724603.4201307,-82,58,22
1739724603.4661307,47,-24,-54
1739724603.5111306,-13,-14,-29
1739724603.5571306,49,64,-94
1739724603.6031306,60,-13,40
1739724603.648131,5,9,-48
1739724603.694131,-33,-14,-143
1739724603.740131,6,-67,-35
1739724603.786131,27,10,4
1739724603.8311307,83,32,58
1739724603.8771307,26,22,-102
1739724603.9231308,-89,3,-11
1739724603.9681306,-33,39,20
1739724604.0141306,-17,7,7
1739724604.0601306,56,-39,-68
1739724604.1061306,118,20,-40
1739724604.151131,-34,-29,15
1739724604.197131,87,32,-6
1739724604.2431307,15,5,-98
1739724604.2881308,-36,-7,-146
1739724604.3341308,-20,52,20
1739724604.3801308,154,46,-104
1739724604.4261308,-16,-91,-35
1739724604.4711306,-1,12,-72
1739724604.5171306,-23,-45,-3
1739724604.5631306,-35,2,0
1739724604.6081307,-33,-70,-131
1739724604.6541307,5,11,-108
1739724604.7001307,-80,-57,9
1739724604.7461307,23,38,-120
1739724604.7911308,-54,27,79
1739724604.8371308,-37,10,-13
1739724604.8831308,-21,-23,79
1739724604.9281306,-67,70,33
1739724604.9741306,-88,-6,-111
1739724605.0201306,-59,-22,23
1739724605.0661306,34,-11,8
1739724605.1111307,-61,94,-52
1739724605.1571307,3,11,-52
1739724605.2031307,94,15,-56
1739724605.2481308,8,-7,22
1739724605.2941308,20,-68,19
1739724605.3401306,-5,30,-64
1739724605.3861306,64,-11,70
1739724605.4311306,79,2,-64
1739724605.477131,75,-28,-52
1739724605.523131,-19,-25,-7
1739724605.5681307,36,45,8
1739724605.6141307,51,42,-80
1739724605.6601307,16,14,-68
1739724605.7111306,13,39,-100
1739724605.7571306,-39,-50,-45
1739724605.8031306,-13,6,-19
1739724605.8481307,29,-23,-88
1739724605.8941307,-20,43,-106
1739724605.9401307,41,-18,-54
1739724605.9861307,19,28,-98
1739724606.0311308,17,66,-28
1739724606.0771308,10,19,36
1739724606.1231308,14,-10,41
1739724606.1681306,-59,-24,-129
1739724606.2141306,-20,45,-107
1739724606.2601306,-1,8,-70
1739724606.3061306,-18,-1,-49
1739724606.3511307,-87,42,-183
1739724606.3971307,-10,-38,13
1739724606.4431307,8,-29,4
1739724606.4881306,31,29,-16
1739724606.5341306,62,-37,-40
1739724606.5801306,-46,17,25
1739724606.625131,39,-2,-186
1739724606.671131,41,23,37
1739724606.717131,-25,57,-8
1739724606.763131,32,-80,-196
1739724606.8081307,-30,78,-14
1739724606.8541307,10,37,-142
1739724606.9001307,30,-10,-46
1739724606.9451306,-20,56,-48
1739724606.9911306,95,34,-210
1739724607.0371306,72,-41,7
1739724607.0831306,22,-29,-49
1739724607.128131,-34,-9,-9
1739724607.174131,28,-36,-39
1739724607.2201307,43,39,-14
1739724607.2651308,23,11,-132
1739724607.3111308,0,39,-2
1739724607.3571308,56,-10,-138
1739724607.4031308,-25,36,-62
1739724607.4481306,19,-43,-33
1739724607.4941306,0,15,8
1739724607.5401306,-52,54,0
1739724607.5851307,-52,27,-38
1739724607.6311307,-30,20,-56
1739724607.6771307,-2,-30,-73
1739724607.7231307,83,-18,-96
1739724607.7681308,-30,-34,-47
1739724607.8141308,-25,29,-22
1739724607.8601308,-12,-33,-59
1739724607.9051306,8,48,-2
1739724607.9511306,-57,42,14
1739724607.9971306,28,42,40
1739724608.0431306,17,6,10
1739724608.0881307,26,48,-98
1739724608.1341307,-81,-47,-65
1739724608.1801307,1,-21,-35
1739724608.2251308,50,14,-158
1739724608.2711308,-42,-6,-9
1739724608.3171306,-63,61,-78
1739724608.3631306,-2,17,-38
1739724608.4081306,-25,13,36
1739724608.4541306,53,0,-126
1739724608.500131,8,-12,55
1739724608.5451307,-16,-10,-89
1739724608.5911307,-25,62,-52
1739724608.6371307,-95,-19,-58
1739724608.6831307,0,0,-56
1739724608.7281306,53,35,-48
1739724608.7741306,-19,30,-34
1739724608.8201306,-47,42,-56
1739724608.865131,86,-42,-61
1739724608.911131,-9,5,-56
1739724608.957131,-10,73,-64
1739724609.003131,12,-2,-51
1739724609.0481308,-40,-39,-43
1739724609.0941308,-32,-1,-82
1739724609.1401308,-49,-18,-37
1739724609.1851306,-23,-47,-39
1739724609.2311306,14,23,-124
1739724609.2771306,67,39,82
1739724609.3231306,44,42,-22
1739724609.3681307,-40,48,-38
1739724609.4141307,-61,36,-95
1739724609.4601307,7,9,-22
1739724609.5051308,-44,47,-58
1739724609.5511308,-38,26,41
1739724609.5971308,-24,-29,0
1739724609.6431308,46,-10,-120
1739724609.6881306,-102,-31,-25
1739724609.7341306,50,-68,-72
1739724609.7801306,24,26,64
1739724609.8251307,-14,-36,-7
1739724609.8711307,1,-43,4
1739724609.9171307,9,9,34
1739724609.9631307,-9,2,-65
1739724610.0081308,-22,-29,-77
1739724610.0541308,53,-52,-12
1739724610.1001308,-46,27,-11
1739724610.1451306,0,-23,-24
1739724610.1911306,-7,-20,29
1739724610.2371306,32,15,-4
1739724610.2831306,65,-23,-154
1739724610.3281307,-17,-19,-147
1739724610.3741307,-10,-40,-5
1739724610.4201307,53,-20,-16
1739724610.4651306,-37,-14,5
1739724610.5111306,-27,11,-75
1739724610.5571306,-14,29,-59
1739724610.6031306,61,-23,-28
1739724610.648131,21,64,-30
1739724610.694131,-15,7,-177
1739724610.740131,-8,0,59
1739724610.7851307,-34,-34,-55
1739724610.8311307,64,15,4
1739724610.8771307,24,-12,4
1739724610.9231308,83,-85,-90
1739724610.9681306,-48,19,-129
1739724611.0141306,21,30,14
1739724611.0601306,-7,-72,-63
1739724611.105131,-9,-74,-31
1739724611.151131,-40,-4,-77
1739724611.197131,5,1,-108
1739724611.2431307,-48,-5,7
1739724611.2881308,11,-49,114
1739724611.3341308,28,-65,-84
1739724611.3801308,-60,-6,21
1739724611.4251306,1,-55,13
1739724611.4711306,-37,-14,-5
1739724611.5171306,1,13,-88
1739724611.5631306,-54,74,-49
1739724611.6081307,23,8,62
1739724611.6541307,33,27,-34
1739724611.7001307,35,-23,42
1739724611.7451308,-38,24,-163
1739724611.7911308,0,1,35
1739724611.8371308,-32,48,-119
1739724611.8831308,-12,-68,-79
1739724611.9281306,-2,-54,-60
1739724611.9741306,114,72,40
1739724612.0201306,37,-27,-22
1739724612.0651307,-75,-21,-9
1739724612.1111307,38,41,50
1739724612.1571307,19,-34,-98
1739724612.2031307,-76,-47,101
1739724612.2481308,-13,-48,-17
1739724612.2941308,24,-26,-40
1739724612.3401306,-52,-5,15
1739724612.3851306,35,-113,0
1739724612.4311306,-114,-25,-49
1739724612.477131,93,55,24
1739724612.523131,27,62,-54
1739724612.5681307,-30,56,-87
1739724612.6141307,6,25,48
1739724612.6601307,7,41,0
1739724612.7051306,-38,-56,27
1739724612.7511306,-99,-18,-73
1739724612.7971306,88,-9,-162
1739724612.8431306,-7,60,28
1739724612.888131,35,3,-170
1739724612.934131,-4,0,-21
1739724612.980131,0,0,-100
1739724613.0251307,18,-8,-54
1739724613.0711308,61,11,-14
1739724613.1171308,47,6,-44
1739724613.1631308,-41,-26,7
1739724613.2081306,35,41,-56
1739724613.2541306,-27,3,37
1739724613.3001306,-53,3,-27
1739724613.3451307,3,-19,45
1739724613.3911307,54,-40,66
1739724613.4371307,-6,26,62
1739724613.4831307,-75,-73,63
1739724613.5281308,14,-66,1
1739724613.5741308,-38,74,-19
1739724613.6201308,-25,9,17
1739724613.6651306,-45,-23,-29
1739724613.7111306,-38,28,13
1739724613.7571306,38,-9,-20
1739724613.8031306,-30,22,-17
1739724613.8481307,-71,-70,0
1739724613.8941307,-41,91,-173
1739724613.9401307,-25,1,-101
1739724613.9851308,26,-10,-114
1739724614.0311308,-64,-34,-17
1739724614.0771308,-7,60,58
1739724614.1231308,2,-13,-58
1739724614.1681306,-40,28,25
1739724614.2141306,-11,-26,-29
1739724614.2601306,-36,20,85
1739724614.3051307,4,16,-114
1739724614.3511307,-15,-55,13
1739724614.3971307,-41,17,10
1739724614.4431307,-35,-15,-42
1739724614.4881306,-22,-38,-54
1739724614.5341306,45,54,-74
1739724614.5801306,-24,53,53
1739724614.625131,0,-3,1
1739724614.671131,-8,18,-30
1739724614.717131,-61,70,-7
1739724614.763131,66,-11,26
1739724614.8081307,-1,-14,35
1739724614.8541307,-14,-4,-61
1739724614.9001307,50,-38,42
1739724614.9451306,44,2,-126
1739724614.9911306,10,3,-34
1739724615.0371306,-34,-29,-56
1739724615.0831306,96,-38,35
1739724615.128131,-48,18,-84
1739724615.174131,-80,54,-52
1739724615.2201307,-105,-15,-9
1739724615.2651308,36,-9,-114
1739724615.3111308,-57,-25,49
1739724615.3571308,-38,23,4
1739724615.4031308,-88,-29,44
1739724615.4481306,-18,-2,-60
1739724615.4941306,-55,-24,2
1739724615.5401306,-51,30,-46
1739724615.5851307,12,-12,-39
1739724615.6311307,33,4,-115
1739724615.6771307,57,-30,29
1739724615.7281306,-5,9,-52
1739724615.7741306,40,-10,21
1739724615.8201306,-26,24,-92
1739724615.865131,-23,-44,-84
1739724615.911131,41,-28,-85
1739724615.957131,-46,50,72
1739724616.003131,-42,16,-42
1739724616.0481308,19,11,-59
1739724616.0941308,69,-47,-1
1739724616.1401308,-27,-18,-76
1739724616.1851306,15,39,-36
1739724616.2311306,-34,49,-62
1739724616.2771306,-26,-58,-137
1739724616.3231306,131,33,-11
1739724616.3681307,46,49,80
1739724616.4141307,61,6,-45
1739724616.4601307,3,28,64
1739724616.5051308,-6,-1,11
1739724616.5511308,27,37,-96
1739724616.5971308,-10,23,-46
1739724616.6421306,-80,-10,-38
1739724616.6881306,-35,109,-150
1739724616.7341306,20,-49,-150
1739724616.7801306,-9,-45,-90
1739724616.8251307,-67,4,-138
1739724616.8711307,13,-12,-93
1739724616.9171307,0,41,-26
1739724616.9621308,-65,7,-148
1739724617.0081308,55,7,-1
1739724617.0541308,0,-70,-165
1739724617.1001308,15,11,63
1739724617.1451306,-41,-45,-76
1739724617.1911306,65,-82,-34
1739724617.2371306,74,-15,-115
1739724617.2821307,26,97,12
1739724617.3281307,16,69,-103
1739724617.3741307,8,-32,12
1739724617.4201307,28,-22,-148
1739724617.4651306,67,-16,-36
1739724617.5111306,-75,11,-37
1739724617.5571306,-49,-48,-45
1739724617.602131,78,-5,70
1739724617.648131,1,17,-43
1739724617.694131,57,-60,-23
1739724617.740131,-23,14,-39
1739724617.7851307,-55,-42,-89
1739724617.8311307,-69,41,13
1739724617.8771307,34,14,-15
1739724617.9221306,-5,-15,-101
1739724617.9681306,21,52,-119
1739724618.0141306,-26,17,-54
1739724618.0601306,-39,30,-3
1739724618.105131,-23,37,-49
1739724618.151131,17,16,-5
1739724618.197131,8,-3,40
1739724618.2421308,-8,-13,-127
1739724618.2881308,-47,-23,64
1739724618.3341308,-29,30,68
1739724618.3801308,50,64,-83
1739724618.4251306,-40,-29,48
1739724618.4711306,37,-28,24
1739724618.5171306,0,-5,-77
1739724618.5621307,2,-64,-18
1739724618.6081307,-72,-31,-77
1739724618.6541307,-53,-44,-53
1739724618.7001307,-46,29,-24
1739724618.7451308,-24,51,-30
1739724618.7911308,-7,-18,34
1739724618.8371308,25,38,-71
1739724618.8821306,58,23,-165
1739724618.9281306,109,-60,-105
1739724618.9741306,1,-26,0
1739724619.0201306,44,-2,12
1739724619.0651307,89,10,94
1739724619.1111307,6,26,-19
1739724619.1571307,29,-1,4
1739724619.2021308,-24,56,-25
1739724619.2481308,9,-100,-48
1739724619.2941308,-7,-49,-119
1739724619.3401306,15,1,46
1739724619.3851306,-84,0,60
1739724619.4311306,-6,-65,-30
1739724619.477131,-42,24,-119
1739724619.5221307,-50,-84,-62
1739724619.5681307,-10,27,-53
1739724619.6141307,34,65,-85
1739724619.6601307,-5,36,-23
1739724619.7051306,13,0,-57
1739724619.7511306,31,13,-39
1739724619.7971306,-32,18,64
1739724619.842131,-81,13,-33
1739724619.888131,47,-56,-75
1739724619.934131,6,-1,-183
1739724619.980131,49,24,-117
1739724620.0251307,-74,-23,-225
1739724620.0711308,27,-24,23
1739724620.1171308,-21,-25,36
1739724620.1621306,10,79,-87
1739724620.2081306,95,-29,-47
1739724620.2541306,44,73,-73
1739724620.3001306,-43,41,42
1739724620.3451307,8,7,-39
1739724620.3911307,-24,-4,10
1739724620.4371307,-23,-18,-175
1739724620.4821308,-52,-6,-99
1739724620.5281308,48,56,-73
1739724620.5741308,0,126,4
1739724620.6201308,7,27,-7
1739724620.6651306,-36,-106,-13
1739724620.7111306,-48,-19,54
1739724620.7571306,70,0,-43
1739724620.8021307,8,-21,-209
1739724620.8481307,3,-69,-21
1739724620.8941307,-80,41,-57
1739724620.9401307,-2,2,64
1739724620.9851308,42,39,-3
1739724621.0311308,-37,-60,-131
1739724621.0771308,12,-78,17
1739724621.1221306,40,68,0
1739724621.1681306,-39,19,9
1739724621.2141306,16,93,-56
1739724621.2601306,74,36,-151
1739724621.3051307,-3,-15,-43
1739724621.3511307,77,12,-109
1739724621.3971307,-31,-40,43
1739724621.4421306,-42,33,-137
1739724621.4881306,44,57,-69
1739724621.5341306,92,3,-29
1739724621.5801306,47,-14,-103
1739724621.625131,-79,-35,-139
1739724621.671131,27,26,-161
1739724621.717131,65,-4,-57
1739724621.7621307,54,-50,-17
1739724621.8081307,52,2,-41
1739724621.8541307,28,12,-53
1739724621.9001307,19,-38,-69
1739724621.9451306,73,12,94
1739724621.9911306,0,-23,-9
1739724622.0371306,-56,15,88
1739724622.082131,-20,31,-4
1739724622.128131,-72,-100,0
1739724622.174131,48,60,-69
1739724622.2201307,53,16,6
1739724622.2651308,109,50,-183
1739724622.3111308,20,-22,-45
1739724622.3571308,-34,-35,-139
1739724622.4021306,-49,-44,14
1739724622.4481306,-28,-8,-111
1739724622.4941306,-26,-12,-29
1739724622.5401306,-61,-22,-2
1739724622.5851307,-21,67,-73
1739724622.6311307,19,28,-9
1739724622.6771307,-76,0,38
1739724622.7221308,5,3,-69
1739724622.7681308,-37,32,-22
1739724622.8141308,-18,53,-29
1739724622.8601308,22,-14,-35
1739724622.9051306,-32,-2,-83
1739724622.9511306,-90,18,-30
1739724622.9971306,28,34,-15
1739724623.0421307,20,56,-15
1739724623.0881307,-29,-22,40
1739724623.1341307,-79,-16,-53
1739724623.1801307,3,-101,-105
1739724623.2251308,57,20,-69
1739724623.2711308,26,-123,-61
1739724623.3171306,-64,50,-48
1739724623.3621306,0,-7,-21
1739724623.4081306,-14,19,-43
1739724623.4541306,-8,52,-41
1739724623.500131,35,67,-171
1739724623.5451307,-24,-11,-79
1739724623.5911307,-39,2,-42
1739724623.6371307,-30,-4,-69
1739724623.6821306,104,-44,-89
1739724623.7281306,-1,38,-155
1739724623.7741306,22,-36,106
1739724623.8201306,66,-11,-85
1739724623.865131,-8,-26,-93
1739724623.911131,-113,-21,60
1739724623.957131,-59,44,-115
1739724624.0021307,-37,-45,-11
1739724624.0481308,-51,35,62
1739724624.0941308,-18,27,92
1739724624.1401308,12,1,-13
1739724624.1851306,23,-10,-43
1739724624.2311306,-108,-95,-108
1739724624.2771306,-36,-28,-62
1739724624.322131,23,-64,69
1739724624.3681307,1,-77,-141
1739724624.4141307,-42,2,-78
1739724624.4601307,-4,-22,44
1739724624.5051308,-13,0,-83
1739724624.5511308,-55,49,-162
1739724624.5971308,42,-29,-33
1739724624.6421306,-25,-47,36
1739724624.6881306,-26,15,-60
1739724624.7341306,14,-36,-71
1739724624.7801306,72,29,63
1739724624.8251307,-80,21,66
1739724624.8711307,-30,-12,64
1739724624.9171307,-9,6,10
1739724624.9621308,6,75,-19
1739724625.0081308,-18,-25,-20
1739724625.0541308,-5,8,66
1739724625.1001308,-64,-34,-80
1739724625.1451306,26,48,-21
1739724625.1911306,12,21,-71
1739724625.2371306,41,-55,-27
1739724625.2821307,77,32,-105
1739724625.3281307,15,35,35
1739724625.3741307,-69,-70,-40
1739724625.4201307,19,38,-81
1739724625.4651306,2,-11,54
1739724625.5111306,16,-10,-33
1739724625.5571306,98,-15,-59
1739724625.602131,-3,-16,-111
1739724625.648131,-18,83,-113
1739724625.694131,5,-17,0
1739724625.7451308,5,-25,-3
1739724625.7911308,105,-30,27
1739724625.8371308,1,52,-7
1739724625.8821306,-40,0,-213
1739724625.9281306,-64,20,-12
1739724625.9741306,0,11,-109
1739724626.0191307,-4,56,45
1739724626.0651307,-29,8,-66
1739724626.1111307,-102,-30,8
1739724626.1571307,8,-3,-57
1739724626.2021308,-16,1,-115
1739724626.2481308,-43,43,-66
1739724626.2941308,-6,-38,-2
1739724626.3401306,7,13,-35
1739724626.3851306,79,6,59
1739724626.4311306,50,54,-227
1739724626.477131,44,-36,-13
1739724626.5221307,-39,38,29
1739724626.5681307,-17,-49,-38
1739724626.6141307,14,15,-101
1739724626.6601307,25,-50,102
1739724626.7051306,-8,-36,94
1739724626.7511306,23,6,-81
1739724626.7971306,-72,1,-8
1739724626.842131,32,23,21
1739724626.888131,-59,3,-97
1739724626.934131,-63,11,-51
1739724626.9791307,-31,38,-21
1739724627.0251307,40,-12,-22
1739724627.0711308,-29,39,-61
1739724627.1171308,-47,66,-9
1739724627.1621306,5,-25,-124
1739724627.2081306,42,-43,6
1739724627.2541306,-13,32,101
1739724627.299131,-55,64,-115
1739724627.3451307,-11,88,-61
1739724627.3911307,31,-26,78
1739724627.4371307,-9,59,-77
1739724627.4821308,60,54,7
1739724627.5281308,-71,74,-67
1739724627.5741308,-40,-33,-2
1739724627.6191306,-36,-7,-97
1739724627.6651306,98,-16,-34
1739724627.7111306,42,-7,-5
1739724627.7571306,-3,-16,82
1739724627.8011308,-51,-23,-36
1739724627.8471308,19,-22,-58
1739724627.8931308,29,62,5
1739724627.9381306,70,49,-51
1739724627.9841306,-47,39,-113
1739724628.0301306,-27,-25,-58
1739724628.0751307,-66,24,-195
1739724628.1211307,-79,7,-60
1739724628.1671307,0,41,-117
1739724628.2131307,71,32,67
1739724628.2581308,16,-37,-102
1739724628.3041308,72,-73,-142
1739724628.3501308,79,-31,78
1739724628.3951306,-22,85,15
1739724628.4411306,29,28,-17
1739724628.4871306,6,17,-21
1739724628.5331306,-7,-24,22
1739724628.5781307,4,15,11
1739724628.6241307,-65,60,43
1739724628.6701307,63,-77,48
1739724628.7151306,17,33,59
1739724628.7611306,6,22,-101
1739724628.8071306,-63,39,-105
1739724628.8531306,-41,-15,-171
1739724628.898131,-35,3,-29
1739724628.944131,92,-32,-12
1739724628.990131,54,-65,-26
1739724629.0351307,8,44,-17
1739724629.0811307,35,34,-33
1739724629.1271307,-43,10,-5
1739724629.1731308,-34,47,-107
1739724629.2181306,-11,-77,-30
1739724629.2641306,-74,-2,-45
1739724629.3101306,-44,-6,-7
1739724629.355131,26,23,-83
1739724629.401131,-12,-33,-28
1739724629.447131,-30,-11,-97
1739724629.4931307,-33,3,66
1739724629.5381308,-73,74,-61
1739724629.5841308,-38,-3,116
1739724629.6301308,-3,32,-169
1739724629.6751306,-9,-24,-110
1739724629.7211306,34,-39,16
1739724629.7671306,44,-3,-33
1739724629.8131306,-47,41,-207
1739724629.8581307,41,-55,-14
1739724629.9041307,25,13,-105
1739724629.9501307,5,-24,0
1739724629.9951308,26,53,0
1739724630.0411308,73,36,29
1739724630.0871308,7,12,-47
1739724630.1331308,-20,-10,12
1739724630.1781306,11,-52,44
1739724630.2241306,19,3,-129
1739724630.2701306,-96,21,-141
1739724630.3151307,-34,-39,6
1739724630.3611307,-3,29,21
1739724630.4071307,-19,-21,-106
1739724630.4531307,-34,-62,-88
1739724630.4981308,16,-4,-93
1739724630.5441308,2,17,39
1739724630.5901306,28,24,-27
1739724630.6351306,0,-63,94
1739724630.6811306,12,-11,52
1739724630.727131,65,-29,-13
1739724630.773131,-10,0,-91
1739724630.8181307,24,-8,0
1739724630.8641307,-68,-26,-150
1739724630.9101307,23,12,-53
1739724630.9551306,4,-5,10
1739724631.0011306,-4,20,-81
1739724631.0471306,-16,-58,-6
1739724631.0931306,17,-22,-129
1739724631.138131,-94,-28,-120
1739724631.184131,-15,-44,-88
1739724631.230131,-56,-7,-100
1739724631.2751307,-5,30,-55
1739724631.3211308,26,24,89
1739724631.3671308,4,-39,-64
1739724631.4131308,9,-73,-82
1739724631.4581306,-10,106,-43
1739724631.5041306,66,19,7
1739724631.5501306,-23,11,-8
1739724631.5951307,0,-53,38
1739724631.6411307,2,-9,-121
1739724631.6871307,39,7,-21
1739724631.7331307,59,0,-31
1739724631.7781308,46,44,-11
1739724631.8241308,24,22,-51
1739724631.8701308,-9,8,28
1739724631.9151306,-56,-31,-52
1739724631.9611306,8,23,-109
1739724632.0071306,-26,27,-55
1739724632.0531306,-26,-5,-84
1739724632.0981307,-9,-86,-116
1739724632.1441307,-21,-49,40
1739724632.1901307,66,107,51
1739724632.2351308,-35,34,-65
1739724632.2811308,12,15,-43
1739724632.3271308,23,62,-3
1739724632.3731308,73,-18,0
1739724632.4181306,14,-4,3
1739724632.4641306,55,-16,59
1739724632.5101306,-79,65,-4
1739724632.5551307,-20,49,-5
1739724632.6011307,-12,-130,-92
1739724632.6471307,48,24,109
1739724632.6931307,-9,38,-79
1739724632.7381306,-2,50,75
1739724632.7841306,-44,27,-29
1739724632.8301306,59,35,-109
1739724632.875131,-13,-58,92
1739724632.921131,-27,1,-38
1739724632.967131,33,39,39
1739724633.013131,-38,52,-19
1739724633.0581307,95,27,-61
1739724633.1041307,-53,-47,-12
1739724633.1501307,-11,6,16
1739724633.1951306,-54,87,-151
1739724633.2411306,-18,-11,90
1739724633.2871306,29,-58,-120
1739724633.3331306,-24,48,85
1739724633.378131,-15,38,55
1739724633.424131,-33,-43,28
1739724633.4701307,41,126,-21
1739724633.5151308,61,-60,-44
1739724633.5611308,-27,-28,-92
1739724633.6071308,-23,-112,-94
1739724633.6531308,-30,-64,-70
1739724633.6981306,-44,-12,-129
1739724633.7441306,27,-46,-148
1739724633.7901306,18,-31,-42
1739724633.8351307,-46,-91,66
1739724633.8811307,20,73,-15
1739724633.9271307,74,-5,56
1739724633.9731307,4,-68,40
1739724634.0181308,-63,-24,22
1739724634.0641308,45,5,-67
1739724634.1101308,89,-19,-11
1739724634.1551306,-7,40,-9
1739724634.2011306,-81,-23,-46
1739724634.2471306,-44,-38,-101
1739724634.2931306,-11,-18,-87
1739724634.3381307,-82,53,12
1739724634.3841307,53,64,59
1739724634.4301307,62,-25,-27
1739724634.4751308,57,-22,-17
1739724634.5211308,95,13,-141
1739724634.5671306,-17,-41,0
1739724634.6131306,-76,4,-55
1739724634.6581306,21,-64,-5
1739724634.7041306,-24,7,-21
1739724634.750131,-68,44,50
1739724634.7951307,-3,46,-36
1739724634.8411307,-8,66,-104
1739724634.8871307,-82,69,-78
1739724634.9331307,6,5,32
1739724634.9781306,-18,-45,11
1739724635.0241306,13,-9,-1
1739724635.0701306,6,-21,-41
1739724635.115131,0,-8,-115
1739724635.161131,30,-19,-25
1739724635.207131,36,33,-52
1739724635.253131,-17,-33,-87
1739724635.2981308,-31,-6,-83
1739724635.3441308,53,-40,81
1739724635.3901308,-7,-12,-71
1739724635.4351306,52,-48,-123
1739724635.4811306,31,-17,-43
1739724635.5271306,-27,13,-52
1739724635.5731306,-74,49,-42
1739724635.6181307,46,-34,1
1739724635.6641307,70,15,-73
1739724635.7101307,-13,31,-48
1739724635.7611306,13,11,-145
1739724635.8071306,-44,-3,30
1739724635.8531306,15,2,-53
1739724635.898131,-18,49,3
1739724635.944131,0,-4,-87
1739724635.990131,-23,11,-125
1739724636.0351307,3,-47,0
1739724636.0811307,29,40,-85
1739724636.1271307,23,-16,-1
1739724636.1731308,-7,-54,-82
1739724636.2181306,8,-35,54
1739724636.2641306,66,-31,-53
1739724636.3101306,94,15,99
1739724636.355131,-60,26,-80
1739724636.401131,-114,19,-60
1739724636.447131,2,-3,-153
1739724636.4931307,30,-11,-9
1739724636.5381308,43,13,-45
1739724636.5841308,-6,-8,6
1739724636.6301308,-80,-65,-34
1739724636.6751306,57,-26,-133
1739724636.7211306,0,-6,-26
1739724636.7671306,-36,-10,-6
1739724636.8131306,28,-12,-179
1739724636.8581307,-66,46,3
1739724636.9041307,-25,11,-124
1739724636.9501307,95,-21,16
1739724636.9951308,-52,81,-54
1739724637.0411308,-16,-1,69
1739724637.0871308,-15,-44,59
1739724637.1321306,39,9,44
1739724637.1781306,-16,77,-8
1739724637.2241306,-1,-22,-41
1739724637.2701306,-32,54,2
1739724637.3151307,67,-17,-100
1739724637.3611307,-1,-28,37
1739724637.4071307,-32,20,-63
1739724637.4521308,-57,94,28
1739724637.4981308,-25,5,55
1739724637.5441308,35,7,16
1739724637.5901306,-14,-34,13
1739724637.6351306,-14,-30,-73
1739724637.6811306,-23,61,-26
1739724637.727131,16,49,68
1739724637.7721307,63,7,134
1739724637.8181307,-47,-43,-141
1739724637.8641307,61,35,-56
1739724637.9101307,-68,-56,-73
1739724637.9551306,-9,38,-142
1739724638.0011306,-47,-108,-49
1739724638.0471306,-36,26,45
1739724638.092131,2,61,-82
1739724638.138131,-43,35,-39
1739724638.184131,-32,48,-68
1739724638.230131,6,0,-150
1739724638.2751307,-2,16,-52
1739724638.3211308,4,55,86
1739724638.3671308,0,36,-34
1739724638.4121306,15,-24,14
1739724638.4581306,40,23,58
1739724638.5041306,-11,89,7
1739724638.5501306,27,38,-66
1739724638.5951307,66,-13,-22
1739724638.6411307,-3,2,-64
1739724638.6871307,-34,-12,-5
1739724638.7321308,16,22,-106
1739724638.7781308,0,-6,17
1739724638.8241308,13,9,-58
1739724638.8701308,46,-34,-2
1739724638.9151306,51,-15,69
1739724638.9611306,8,45,36
1739724639.0071306,51,2,-40
1739724639.0521307,33,-45,-152
1739724639.0981307,25,61,-106
1739724639.1441307,1,13,-42
1739724639.1901307,-70,-4,-75
1739724639.2351308,-32,55,-26
1739724639.2811308,94,13,-54
1739724639.3271308,-6,-9,47
1739724639.3721306,31,69,20
1739724639.4181306,-31,61,32
1739724639.4641306,-2,-35,159
1739724639.5101306,-13,43,-72
1739724639.5551307,32,14,-24
1739724639.6011307,51,-21,59
1739724639.6471307,3,58,6
1739724639.6921306,-122,-3,-34
1739724639.7381306,23,10,36
1739724639.7841306,3,50,22
1739724639.8301306,23,-15,-56
1739724639.875131,104,19,-72
1739724639.921131,35,6,61
1739724639.967131,-50,48,62
1739724640.0121307,-78,22,-126
1739724640.0581307,8,24,-26
1739724640.1041307,-97,33,58
1739724640.1501307,-16,-61,-19
1739724640.1951306,-16,28,14
1739724640.2411306,-36,-3,-42
1739724640.2871306,-23,42,24
1739724640.332131,21,0,61
1739724640.378131,-4,105,-70
1739724640.424131,10,-38,75
1739724640.4701307,-55,7,-138
1739724640.5151308,17,70,44
1739724640.5611308,70,51,10
1739724640.6071308,33,69,-38
1739724640.6521306,-16,-7,1
1739724640.6981306,22,56,-78
1739724640.7441306,0,-53,25
1739724640.7901306,-12,-4,-29
1739724640.8351307,-69,10,-182
1739724640.8811307,39,-25,-90
1739724640.9271307,49,-46,-110
1739724640.9721308,-30,49,-38
1739724641.0181308,14,50,-164
1739724641.0641308,66,14,-76
1739724641.1101308,-14,-3,-60
1739724641.1551306,65,2,-106
1739724641.2011306,14,26,-38
1739724641.2471306,-20,18,-46
1739724641.2921307,13,40,-40
1739724641.3381307,33,10,-88
1739724641.3841307,14,-61,-17
1739724641.4301307,34,15,-18
1739724641.4751308,38,14,125
1739724641.5211308,24,82,-100
1739724641.5671306,38,49,-54
1739724641.6121306,-44,-62,-55
1739724641.6581306,2,-3,-38
1739724641.7041306,-28,58,-59
1739724641.750131,-9,-26,-34
1739724641.7951307,-71,-102,-63
1739724641.8411307,-65,-17,-70
1739724641.8871307,-27,40,68
1739724641.9321306,-39,-51,-141
1739724641.9781306,-3,4,13
1739724642.0241306,40,-7,8
1739724642.0701306,5,-57,20
1739724642.115131,-34,28,5
1739724642.161131,1,-22,15
1739724642.207131,62,-4,-146
1739724642.2521307,7,9,-20
1739724642.2981308,53,32,-34
1739724642.3441308,1,-21,-80
1739724642.3901308,-52,19,-51
1739724642.4351306,1,15,-52
1739724642.4811306,8,-2,-88
1739724642.5271306,70,28,-67
1739724642.572131,-4,-73,-22
1739724642.6181307,3,16,-96
1739724642.6641307,-40,63,-2
1739724642.7101307,2,-22,12
1739724642.7551308,-46,-18,-114
1739724642.8011308,-17,43,-98
1739724642.8471308,-14,-25,-88
1739724642.8921306,-28,-50,-110
1739724642.9381306,15,0,-11
1739724642.9841306,17,-91,-47
1739724643.0301306,36,30,125
1739724643.0751307,14,62,-21
1739724643.1211307,-19,28,20
1739724643.1671307,-18,53,-184
1739724643.2121308,29,14,-168
1739724643.2581308,10,11,-72
1739724643.3041308,33,76,-139
1739724643.3501308,-14,-19,14
1739724643.3951306,20,-18,-46
1739724643.4411306,16,37,-33
1739724643.4871306,-65,-39,90
1739724643.5321307,8,37,-49
1739724643.5781307,27,-99,-24
1739724643.6241307,-3,16,19
1739724643.6701307,-75,27,-7
1739724643.7151306,-86,33,-51
1739724643.7611306,0,2,-150
1739724643.8071306,37,-14,-54
1739724643.852131,23,-4,-116
1739724643.898131,-4,2,-22
1739724643.944131,-35,88,15
1739724643.990131,9,17,17
1739724644.0351307,-83,-26,-98
1739724644.0811307,-43,12,-53
1739724644.1271307,-74,55,-59
1739724644.1721306,-17,-27,-27
1739724644.2181306,5,65,-70
1739724644.2641306,-67,-44,-9
1739724644.3101306,-27,15,-45
1739724644.355131,10,55,0
1739724644.401131,-9,4,-82
1739724644.447131,1,-77,-164
1739724644.4921308,68,13,-132
1739724644.5381308,29,-17,88
1739724644.5841308,0,-41,-98
1739724644.6301308,5,5,-36
1739724644.6751306,-1,36,-7
1739724644.7211306,40,-35,4
1739724644.7671306,-3,0,-38
1739724644.8121307,-91,-26,-21
1739724644.8581307,32,3,18
1739724644.9041307,35,-31,-66
1739724644.9501307,-8,2,1
1739724644.9951308,-17,-51,-74
1739724645.0411308,-36,-12,-127
1739724645.0871308,3,5,6
1739724645.1321306,38,-3,-42
1739724645.1781306,22,-12,24
1739724645.2241306,1,3,45
1739724645.2701306,-11,6,39
1739724645.3151307,-55,-23,-3
1739724645.3611307,52,-62,-50
1739724645.4071307,21,12,-4
1739724645.4521308,41,-53,-94
1739724645.4981308,32,57,48
1739724645.5441308,-53,-14,-17
1739724645.5901306,0,-22,-19
1739724645.6351306,5,12,-14
1739724645.6811306,-46,-6,-53
1739724645.727131,22,-11,-39
1739724645.7781308,89,29,18
1739724645.8241308,-23,30,-22
1739724645.8701308,34,56,-122
1739724645.9151306,-5,7,-42
1739724645.9611306,11,-28,-55
1739724646.0071306,15,38,-134
1739724646.0521307,70,24,-146
1739724646.0981307,49,-51,21
1739724646.1441307,-101,69,-160
1739724646.1901307,43,-57,-63
1739724646.2351308,-48,-4,-81
1739724646.2811308,-15,33,-62
1739724646.3271308,-10,-68,23
1739724646.3721306,-7,34,-106
1739724646.4181306,-5,-77,-23
1739724646.4641306,-10,148,-16
1739724646.5101306,42,46,-48
1739724646.5551307,-1,65,-98
1739724646.6011307,77,28,-78
1739724646.6471307,-28,-13,-93
1739724646.6921306,34,19,6
1739724646.7381306,13,7,-168
1739724646.7841306,27,-18,-34
1739724646.8301306,-14,47,-78
1739724646.875131,0,-9,-67
1739724646.921131,33,-21,20
1739724646.967131,-43,2,-91
1739724647.0121307,31,-77,77
1739724647.0581307,-30,30,-102
1739724647.1041307,-9,64,-36
1739724647.1491306,-54,47,-61
1739724647.1951306,-11,-16,-55
1739724647.2411306,54,-68,-42
1739724647.2871306,12,-31,-97
1739724647.332131,-60,-33,-19
1739724647.378131,-84,21,123
1739724647.424131,60,-15,46
1739724647.4691308,-17,-23,-51
1739724647.5151308,28,22,-102
1739724647.5611308,-4,-5,-66
1739724647.6071308,4,62,6
1739724647.6521306,-92,-59,-69
1739724647.6981306,39,-52,-95
1739724647.7441306,-9,65,46
1739724647.7891307,-56,78,-106
1739724647.8351307,14,-31,-47
1739724647.8811307,56,-43,-13
1739724647.9271307,-46,1,11
1739724647.9721308,12,43,-96
1739724648.0181308,54,64,-118
1739724648.0641308,3,45,19
1739724648.1091306,23,-105,-37
1739724648.1551306,8,22,-98
1739724648.2011306,-22,-34,51
1739724648.2471306,-46,51,-48
1739724648.2921307,106,14,50
1739724648.3381307,-46,61,-118
1739724648.3841307,22,-6,-22
1739724648.4291308,-42,18,-63
1739724648.4751308,-37,-20,-51
1739724648.5211308,33,-51,-37
1739724648.5671306,-31,32,-3
1739724648.6121306,17,48,-106
1739724648.6581306,66,43,-144
1739724648.7041306,52,18,-2
1739724648.7491307,19,30,110
1739724648.7951307,-40,-12,-107
1739724648.8411307,-66,-28,-87
1739724648.8871307,-8,76,-79
1739724648.9321306,13,5,-42
1739724648.9781306,-33,70,21
1739724649.0241306,-44,-6,9
1739724649.069131,-28,-31,-127
1739724649.115131,4,89,103
1739724649.161131,-12,20,-7
1739724649.207131,12,27,-100
1739724649.2521307,-51,11,-17
1739724649.2981308,14,23,-96
1739724649.3441308,-45,67,25
1739724649.3891306,9,64,-28
1739724649.4351306,-22,79,-22
1739724649.4811306,88,-105,9
1739724649.5271306,-15,69,0
1739724649.572131,-14,55,-76
1739724649.6181307,71,37,-48
1739724649.6641307,70,-7,-20
1739724649.7091308,-40,58,-22
1739724649.7551308,16,-6,-44
1739724649.8011308,-92,-2,-41
1739724649.8471308,13,13,-142
1739724649.8921306,45,6,-122
1739724649.9381306,-52,-43,91
1739724649.9841306,22,-6,-72
1739724650.0291307,-58,-11,-81
1739724650.0751307,4,69,-20
1739724650.1211307,-16,-9,-13
1739724650.1671307,-56,-95,-63
1739724650.2121308,-36,16,11
1739724650.2581308,11,13,-60
1739724650.3041308,46,-72,-101
1739724650.3491306,-27,11,-150
1739724650.3951306,1,-77,-5
1739724650.4411306,-49,-53,-11
1739724650.4871306,30,-4,17
1739724650.5321307,-39,64,54
1739724650.5781307,96,-8,-9
1739724650.6241307,-38,59,-44
1739724650.6691308,-41,71,38
1739724650.7151306,42,-81,-82
1739724650.7611306,-91,-17,149
1739724650.8071306,21,-49,39
1739724650.852131,-7,43,-40
1739724650.898131,-28,-32,69
1739724650.944131,-99,7,-46
1739724650.9891307,-1,11,-32
1739724651.0351307,-9,1,-174
1739724651.0811307,65,38,10
1739724651.1271307,8,21,-130
1739724651.1721306,-54,1,10
1739724651.2181306,27,63,19
1739724651.2641306,-5,45,-82
1739724651.309131,27,-26,44
1739724651.355131,-34,-7,78
1739724651.401131,50,-11,14
1739724651.447131,30,45,43
1739724651.4921308,19,-17,8
1739724651.5381308,-47,-16,-3
1739724651.5841308,34,-70,-111
1739724651.6291306,-23,10,-142
1739724651.6751306,3,40,-2
1739724651.7211306,-15,13,-108
1739724651.7671306,-31,-57,-75
1739724651.8121307,-51,-15,-25
1739724651.8581307,-18,53,-74
1739724651.9041307,40,83,-106
1739724651.9491308,45,65,35
1739724651.9951308,-63,-52,-92
1739724652.0411308,-41,68,-84
1739724652.0871308,-62,-63,64
1739724652.1321306,-7,-18,14
1739724652.1781306,-48,-35,-126
1739724652.2241306,-21,-15,-226
1739724652.2691307,25,10,5
1739724652.3151307,-15,67,70
1739724652.3611307,27,68,74
1739724652.4071307,40,45,-38
1739724652.4521308,-6,-2,-86
1739724652.4981308,59,-38,-178
1739724652.5441308,15,-30,-44
1739724652.5891306,-51,71,-72
1739724652.6351306,-26,29,48
1739724652.6811306,-47,58,-92
1739724652.727131,60,47,-38
1739724652.7721307,5,10,-46
1739724652.8181307,-35,41,-24
1739724652.8641307,17,-77,-59
1739724652.9091306,-20,-41,140
1739724652.9551306,-10,-12,-34
1739724653.0011306,-35,-14,-64
1739724653.0471306,-68,22,-50
1739724653.092131,-8,46,-74
1739724653.138131,-58,31,78
1739724653.184131,3,31,-56
1739724653.2291307,70,23,29
1739724653.2751307,110,24,77
1739724653.3211308,-45,13,-57
1739724653.3671308,-60,0,-87
1739724653.4121306,-60,26,-80
1739724653.4581306,8,-11,-61
1739724653.5041306,-44,57,-13
1739724653.549131,11,-21,0
1739724653.5951307,-33,62,-19
1739724653.6411307,101,1,-9
1739724653.6871307,-10,-31,-133
1739724653.7321308,-64,49,64
1739724653.7781308,-10,0,-47
1739724653.8241308,-10,45,-33
1739724653.8691306,-6,-44,152
1739724653.9151306,-10,-31,-58
1739724653.9611306,-8,53,-121
1739724654.0071306,-8,21,-127
1739724654.0521307,-11,-21,-51
1739724654.0981307,-83,3,-61
1739724654.1441307,-27,-45,76
1739724654.1891308,84,-5,-35
1739724654.2351308,-20,-1,-83
1739724654.2811308,51,-60,-12
1739724654.3271308,-16,19,-35
1739724654.3721306,-3,-50,-84
1739724654.4181306,-35,32,-53
1739724654.4631307,40,57,-95
1739724654.5081308,9,-81,20
1739724654.5541308,-46,-5,-50
1739724654.6001308,-76,-5,86
1739724654.6451306,57,4,-71
1739724654.6911306,12,59,-25
1739724654.7371306,-96,50,2
1739724654.7831306,-77,-77,18
1739724654.8281307,-65,15,0
1739724654.8741307,16,-7,-11
1739724654.9201307,57,1,-149
1739724654.9651306,-33,-27,-12
1739724655.0111306,-81,-45,84
1739724655.0571306,-30,56,-129
1739724655.1031306,20,-42,-51
1739724655.148131,-59,42,-79
1739724655.194131,48,22,-111
1739724655.240131,1,5,-5
1739724655.2851307,-11,96,-37
1739724655.3311307,-31,-24,38
1739724655.3771307,24,-40,-31
1739724655.4231308,-15,44,-137
1739724655.4681306,-98,-2,-117
1739724655.5141306,56,-68,3
1739724655.5601306,-40,16,-79
1739724655.605131,-48,-6,-47
1739724655.651131,6,23,-257
1739724655.697131,-22,-4,-107
1739724655.7481308,-45,3,20
1739724655.7941308,50,-2,-117
1739724655.8401306,-8,-35,-85
1739724655.8851306,-54,-29,140
1739724655.9311306,-9,32,-53
1739724655.977131,-15,32,-53
1739724656.023131,-42,-13,-123
1739724656.0681307,-39,13,17
1739724656.1141307,-38,25,3
1739724656.1601307,65,29,-89
1739724656.2051306,-20,-5,-38
1739724656.2511306,-2,18,-43
1739724656.2971306,-2,-46,-30
1739724656.3431306,2,23,-23
1739724656.388131,57,6,-91
1739724656.434131,-32,-65,-104
1739724656.480131,-13,-56,-34
1739724656.5251307,-16,-30,-55
1739724656.5711308,80,78,49
1739724656.6171308,-41,42,-125
1739724656.6631308,13,-82,-91
1739724656.7081306,-50,53,-57
1739724656.7541306,2,-5,-143
1739724656.8001306,-15,35,-93
1739724656.8451307,-57,11,-108
1739724656.8911307,-5,42,-61
1739724656.9371307,-32,-2,40
1739724656.9831307,-13,-22,-105
1739724657.0281308,98,23,23
1739724657.0741308,-109,-43,62
1739724657.1201308,14,-42,48
1739724657.1651306,12,57,-43
1739724657.2111306,15,1,3
1739724657.2571306,-50,23,20
1739724657.3021307,0,72,30
1739724657.3481307,-3,-34,-123
1739724657.3941307,25,-10,-37
1739724657.4401307,-47,-23,-53
1739724657.4851308,41,-62,60
1739724657.5311308,-9,14,-73
1739724657.5771308,30,-112,26
1739724657.6221306,-76,-48,-99
1739724657.6681306,26,10,20
1739724657.7141306,13,0,-87
1739724657.7601306,3,47,-157
1739724657.8051307,14,31,-3
1739724657.8511307,21,29,-193
1739724657.8971307,52,-75,14
1739724657.9421306,-94,-10,-88
1739724657.9881306,-36,59,21
1739724658.0341306,-61,47,120
1739724658.0801306,-4,-3,24
1739724658.125131,-44,-39,-59
1739724658.171131,75,10,-83
1739724658.217131,-33,6,-85
1739724658.2621307,-21,71,94
1739724658.3081307,39,21,-103
1739724658.3541307,-24,85,-45
1739724658.4001307,-11,-19,-81
1739724658.4451306,-21,15,0
1739724658.4911306,25,-39,-29
1739724658.5371306,22,-69,-44
1739724658.582131,3,30,-75
1739724658.628131,43,2,-67
1739724658.674131,-18,28,-13
1739724658.7201307,44,1,-13
1739724658.7651308,-24,-2,-55
1739724658.8111308,-48,-8,-137
1739724658.8571308,2,91,-47
1739724658.9021306,38,16,-17
1739724658.9481306,18,-7,-39
1739724658.9941306,-82,-4,18
1739724659.0401306,-37,15,-27
1739724659.0851307,30,29,-35
1739724659.1311307,-14,-41,30
1739724659.1771307,-9,-87,-48
1739724659.2221308,-29,2,22
1739724659.2681308,-3,15,78
1739724659.3141308,6,56,25
1739724659.3601308,-15,10,-79
1739724659.4051306,45,4,-19
1739724659.4511306,69,-1,-47
1739724659.4971306,63,28,-11
1739724659.5421307,-33,-21,2
1739724659.5881307,-70,27,11
1739724659.6341307,40,16,-99
1739724659.6801307,-16,-91,-4
1739724659.7251308,-69,65,-113
1739724659.7711308,35,-48,-34
1739724659.8171306,11,-26,-125
1739724659.8621306,-53,-22,-71
1739724659.9081306,-28,52,-125
1739724659.9541306,6,-70,18
1739724660.000131,38,28,-41
1739724660.0451307,-118,52,-71
1739724660.0911307,-66,-9,80
1739724660.1371307,-52,-6,76
1739724660.1821306,80,55,21
1739724660.2281306,-8,24,-79
1739724660.2741306,-71,-46,-94
1739724660.3201306,64,-4,-71
1739724660.365131,22,50,-75
1739724660.411131,-74,26,-64
1739724660.457131,-30,26,13
1739724660.5021307,1,54,-1
1739724660.5481308,12,-11,-125
1739724660.5941308,-50,22,-61
1739724660.6401308,45,63,31
1739724660.6851306,-7,12,38
1739724660.7311306,-37,40,-117
1739724660.7771306,15,12,-141
1739724660.822131,38,-3,-133
1739724660.8681307,-9,32,0
1739724660.9141307,34,-7,-9
1739724660.9601307,68,-105,46
1739724661.0051308,36,-3,-103
1739724661.0511308,-38,-92,-4
1739724661.0971308,-41,-18,-64
1739724661.1421306,-63,78,-33
1739724661.1881306,-52,115,-17
1739724661.2341306,94,55,29
1739724661.2801306,-39,1,30
1739724661.3251307,-35,4,-12
1739724661.3711307,-68,24,-13
1739724661.4171307,9,-57,-26
1739724661.4621308,110,-14,-197
1739724661.5081308,28,48,-35
1739724661.5541308,-1,-105,-6
1739724661.6001308,-23,7,-6
1739724661.6451306,57,62,55
1739724661.6911306,0,52,-91
1739724661.7371306,-50,-41,16
1739724661.7821307,-44,30,-11
1739724661.8281307,-81,-14,-36
1739724661.8741307,-35,-51,-64
1739724661.9201307,56,-11,-51
1739724661.9651306,-48,50,-65
1739724662.0111306,12,48,-19
1739724662.0571306,-30,19,-99
1739724662.102131,50,-37,-12
1739724662.148131,-56,-12,-69
1739724662.194131,7,-28,-32
1739724662.240131,-71,-27,-245
1739724662.2851307,42,82,-39
1739724662.3311307,29,-58,-52
1739724662.3771307,9,2,-59
1739724662.4221306,-29,8,-57
1739724662.4681306,-67,65,-203
1739724662.5141306,135,36,-69
1739724662.5601306,-3,67,-109
1739724662.605131,-31,-88,-22
1739724662.651131,-56,-36,86
1739724662.697131,45,10,-73
1739724662.7421308,55,-79,-139
1739724662.7881308,-44,82,-85
1739724662.8341308,-25,44,-81
1739724662.8801308,84,-11,44
1739724662.9251306,5,36,-33
1739724662.9711306,132,20,-110
1739724663.0171306,17,35,-179
1739724663.0621307,-16,-33,-10
1739724663.1081307,52,15,-24
1739724663.1541307,5,10,-45
1739724663.2001307,50,119,-57
1739724663.2451308,-22,-38,22
1739724663.2911308,-49,6,-11
1739724663.3371308,31,-50,2
1739724663.3821306,-38,-31,-14
1739724663.4281306,22,-55,-97
1739724663.4741306,-4,-55,12
1739724663.5201306,5,32,33
1739724663.5651307,-63,-17,118
1739724663.6111307,0,9,-115
1739724663.6571307,37,-17,-43
1739724663.7021308,-21,7,40
1739724663.7481308,9,-49,-61
1739724663.7941308,16,-14,-65
1739724663.8401306,39,-21,-141
1739724663.8851306,-40,24,-87
1739724663.9311306,-47,-25,4
1739724663.977131,27,-24,-19
1739724664.0221307,76,13,-55
1739724664.0681307,-62,-8,-84
1739724664.1141307,44,-3,37
1739724664.1601307,14,31,-49
1739724664.2051306,21,-18,42
1739724664.2511306,32,-11,-19
1739724664.2971306,-42,52,-50
1739724664.342131,26,-10,19
1739724664.388131,-30,30,42
1739724664.434131,-72,8,-22
1739724664.480131,-44,-40,-18
1739724664.5251307,-58,43,6
1739724664.5711308,-17,49,0
1739724664.6171308,31,-35,31
1739724664.6621306,44,9,33
1739724664.7081306,9,41,7
1739724664.7541306,-37,-14,-55
1739724664.8001306,-19,-61,-41
1739724664.8451307,-57,17,-20
1739724664.8911307,-71,-2,72
1739724664.9371307,63,-41,-125
1739724664.9821308,-34,2,-27
1739724665.0281308,19,-12,-9
1739724665.0741308,-6,60,-71
1739724665.1201308,-38,-5,6
1739724665.1651306,-14,21,38
1739724665.2111306,-32,-66,-91
1739724665.2571306,-54,17,-79
1739724665.3021307,-35,-25,-75
1739724665.3481307,9,49,70
1739724665.3941307,-5,38,-55
1739724665.4401307,-80,6,-55
1739724665.4851308,-16,17,-43
1739724665.5311308,-75,-19,-15
1739724665.5771308,-48,36,76
1739724665.6221306,45,-65,3
1739724665.6681306,-16,40,-53
1739724665.7141306,29,-13,20
1739724665.7651308,-45,-5,-67
1739724665.8111308,23,-11,16
1739724665.8571308,27,15,128
1739724665.9021306,16,9,-75
1739724665.9481306,-11,51,-123
1739724665.9941306,-60,-48,27
1739724666.0401306,-5,-33,-89
1739724666.0851307,-41,29,23
1739724666.1311307,-2,-17,-37
1739724666.1771307,-12,-23,-49
1739724666.2221308,-123,53,19
1739724666.2681308,17,21,-61
1739724666.3141308,-40,65,-3
1739724666.3601308,-18,-28,-65
1739724666.4051306,14,8,32
1739724666.4511306,20,37,68
1739724666.4971306,-26,62,25
1739724666.5421307,-48,-26,-91
1739724666.5881307,122,-56,-22
1739724666.6341307,2,1,-103
1739724666.6801307,33,20,-53
1739724666.7251308,-94,-86,35
1739724666.7711308,39,-1,-61
1739724666.8171306,57,-13,26
1739724666.8621306,-30,26,-83
1739724666.9081306,-4,31,-18
1739724666.9541306,-10,6,-65
1739724666.9991307,-28,36,-47
1739724667.0451307,-21,-31,-107
1739724667.0911307,48,-54,-49
1739724667.1371307,16,-62,-57
1739724667.1821306,2,-27,-35
1739724667.2281306,-8,10,-77
1739724667.2741306,22,44,32
1739724667.319131,47,-106,-73
1739724667.365131,7,-7,15
1739724667.411131,-115,-1,13
1739724667.457131,26,14,32
1739724667.5021307,-44,77,-104
1739724667.5481308,-60,-25,-49
1739724667.5941308,-26,41,-34
1739724667.6391306,-42,-90,-91
1739724667.6851306,9,23,-79
1739724667.7311306,1,-31,-13
1739724667.7771306,74,-19,-19
1739724667.822131,-69,0,-76
1739724667.8681307,16,-18,-51
1739724667.9141307,-1,28,-97
1739724667.9591308,-57,61,-156
1739724668.0051308,-31,-35,-57
1739724668.0511308,-21,-22,-119
1739724668.0971308,-97,16,-72
1739724668.1421306,14,59,-129
1739724668.1881306,0,11,12
1739724668.2341306,-1,-25,-115
1739724668.2791307,-59,-18,-185
1739724668.3251307,-36,-41,42
1739724668.3711307,-26,-66,20
1739724668.4171307,-58,-2,0
1739724668.4621308,-16,23,-19
1739724668.5081308,71,-72,-57
1739724668.5541308,-17,-23,4
1739724668.5991306,30,-12,43
1739724668.6451306,51,-26,-135
1739724668.6911306,16,8,16
1739724668.7371306,12,31,-105
1739724668.7821307,-5,-16,-41
1739724668.8281307,-48,0,-46
1739724668.8741307,-38,-32,2
1739724668.9191308,-32,-12,-103
1739724668.9651306,-15,69,-63
1739724669.0111306,-82,58,-135
1739724669.0571306,-53,-18,-8
1739724669.102131,-124,33,-61
1739724669.148131,41,-26,12
1739724669.194131,-30,0,-11
1739724669.2391307,71,10,-111
1739724669.2851307,-23,-24,6
1739724669.3311307,44,-10,-101
1739724669.3771307,89,69,51
1739724669.4221306,-27,-25,-99
1739724669.4681306,37,-55,29
1739724669.5141306,-78,33,12
1739724669.559131,-57,13,50
1739724669.605131,-10,0,58
1739724669.651131,-23,33,106
1739724669.697131,-2,18,6
1739724669.7421308,-21,-29,-117
1739724669.7881308,-2,-9,-73
1739724669.8341308,1,21,-33
1739724669.8791306,-31,6,-137
1739724669.9251306,-12,18,-22
1739724669.9711306,5,45,76
1739724670.0171306,40,85,7
1739724670.0621307,-56,77,-24
1739724670.1081307,-13,-30,76
1739724670.1541307,-38,24,-76
1739724670.1991308,-15,13,-91
1739724670.2451308,-16,13,78
1739724670.2911308,13,-25,-183
1739724670.3371308,-2,-60,2
1739724670.3821306,-28,84,-14
1739724670.4281306,17,32,37
1739724670.4741306,-65,12,-152
1739724670.5191307,5,71,-33
1739724670.5651307,40,15,-69
1739724670.6111307,12,-73,-13
1739724670.6571307,-75,10,-124
1739724670.7021308,50,-6,19
1739724670.7481308,72,15,-67
1739724670.7941308,-33,10,64
1739724670.8391306,-1,2,-17
1739724670.8851306,2,25,3
1739724670.9311306,-5,98,33
1739724670.977131,-56,53,38
1739724671.0221307,-74,30,-42
1739724671.0681307,17,-78,-135
1739724671.1141307,22,78,-41
1739724671.1591306,37,101,27
1739724671.2051306,66,17,-19
1739724671.2511306,40,-69,-37
1739724671.2971306,2,37,-27
1739724671.342131,7,-25,1
1739724671.388131,-13,10,-97
1739724671.434131,53,4,15
1739724671.4791307,58,-3,45
1739724671.5251307,-69,38,96
1739724671.5711308,57,42,-101
1739724671.6171308,-25,41,-64
1739724671.6621306,43,-19,79
1739724671.7081306,-4,-34,-30
1739724671.7541306,-61,-27,-12
1739724671.799131,11,15,-93
1739724671.8451307,38,57,23
1739724671.8911307,54,18,-27
1739724671.9371307,-32,-36,-72
1739724671.9821308,54,-76,-65
1739724672.0281308,81,-88,-138
1739724672.0741308,-27,7,-89
1739724672.1191306,-23,-21,21
1739724672.1651306,52,-8,-14
1739724672.2111306,-26,29,21
1739724672.2571306,66,-35,-16
1739724672.3021307,5,13,-40
1739724672.3481307,12,-7,46
1739724672.3941307,0,7,-151
1739724672.4391308,-15,47,-79
1739724672.4851308,-28,0,-88
1739724672.5311308,60,18,-7
1739724672.5771308,-17,15,-42
1739724672.6221306,-32,-10,14
1739724672.6681306,4,-35,3
1739724672.7141306,53,-50,-47
1739724672.7591307,-99,-16,-38
1739724672.8051307,47,-26,26
1739724672.8511307,16,22,-148
1739724672.8971307,9,-17,-147
1739724672.9421306,-114,23,64
1739724672.9881306,-7,32,-58
1739724673.0341306,20,-4,-55
1739724673.0791306,5,-19,8
1739724673.125131,-91,-19,-62
1739724673.171131,-16,0,-54
1739724673.217131,18,-46,-67
1739724673.2621307,4,19,-131
1739724673.3081307,28,-8,23
1739724673.3541307,-28,59,-168
1739724673.3991306,52,46,16
1739724673.4451306,33,37,-74
1739724673.4911306,4,-7,67
1739724673.5371306,-16,-3,-57
1739724673.582131,1,15,14
1739724673.628131,-5,12,-110
1739724673.674131,-29,43,-144
1739724673.7191308,0,62,-62
1739724673.7651308,10,-7,30
1739724673.8111308,-2,50,9
1739724673.8571308,16,59,2
1739724673.9021306,37,-27,-38
1739724673.9481306,-61,40,-13
1739724673.9941306,75,-25,-76
1739724674.0391307,-88,81,-41
1739724674.0851307,-19,-89,-33
1739724674.1311307,10,-31,-84
1739724674.1771307,25,66,-12
1739724674.2221308,1,-29,-29
1739724674.2681308,-90,55,-81
1739724674.3141308,-56,53,37
1739724674.3591306,-32,-31,-89
1739724674.4051306,-2,0,7
1739724674.4511306,39,69,-4
1739724674.4971306,81,-22,42
1739724674.5421307,-13,6,-50
1739724674.5881307,-8,88,28
1739724674.6341307,-7,-26,-101
1739724674.6791308,-5,70,-98
1739724674.7251308,55,12,-64
1739724674.7711308,-78,-74,-61
1739724674.8171306,-27,-53,1
1739724674.8621306,-12,-40,35
1739724674.9081306,-5,16,-88
1739724674.9541306,20,-6,-76
1739724674.9991307,37,11,-34
1739724675.0451307,-8,30,-7
1739724675.0911307,-27,43,-115
1739724675.1371307,-58,-11,-87
1739724675.1821306,-27,43,-53
1739724675.2281306,66,-37,-10
1739724675.2741306,32,-13,-104
1739724675.319131,10,57,-74
1739724675.365131,0,-7,-52
1739724675.411131,57,34,24
1739724675.457131,40,-37,-46
1739724675.5021307,-10,26,-51
1739724675.5481308,78,-6,6
1739724675.5941308,-17,75,1
1739724675.6391306,-25,-19,0
1739724675.6851306,-43,8,-99
1739724675.7311306,-47,-14,-55
1739724675.7821307,-10,22,75
1739724675.8281307,-10,-4,-1
1739724675.8741307,-44,40,-17
1739724675.9191308,-29,-29,51
1739724675.9651306,-8,-30,-166
1739724676.0111306,-59,-21,15
1739724676.0571306,18,-88,34
1739724676.102131,-50,13,55
1739724676.148131,-63,-31,-43
1739724676.194131,-42,-16,-79
1739724676.2381306,-13,-6,-5
1739724676.2841306,42,0,14
1739724676.3301306,-4,64,-143
1739724676.375131,6,3,17
1739724676.421131,-52,11,-73
1739724676.467131,-10,2,-88
1739724676.513131,75,17,-100
1739724676.5581307,-12,-8,21
1739724676.6041307,47,-26,6
1739724676.6501307,2,39,-48
1739724676.6951306,-3,-64,-102
1739724676.7411306,-8,22,33
1739724676.7871306,40,-3,-58
1739724676.8331306,-39,-24,-29
1739724676.878131,-28,49,-57
1739724676.924131,0,-23,79
1739724676.9701307,-41,-78,-103
1739724677.0151308,62,-2,-20
1739724677.0611308,9,15,-58
1739724677.1071308,2,23,-62
1739724677.1531308,-24,19,-5
1739724677.1981306,-34,50,-59
1739724677.2441306,-23,33,-166
1739724677.2901306,-41,42,-73
1739724677.3351307,-37,2,-94
1739724677.3811307,-61,74,3
1739724677.4271307,81,-1,-76
1739724677.4721308,-16,35,-53
1739724677.5181308,-55,-11,-79
1739724677.5641308,-49,17,-77
1739724677.6101308,-19,35,43
1739724677.6551306,-10,52,-64
1739724677.7011306,-42,-40,-39
1739724677.7471306,41,27,33
1739724677.7921307,55,-9,-16
1739724677.8381307,-1,-29,-120
1739724677.8841307,5,-64,-38
1739724677.9301307,-32,-13,-16
1739724677.9751308,-7,9,-88
1739724678.0211308,-45,41,-78
1739724678.0671306,-17,94,-166
1739724678.1121306,4,14,-180
1739724678.1581306,-30,6,74
1739724678.2041306,-56,16,-66
1739724678.250131,-15,-7,77
1739724678.2951307,-10,-19,-24
1739724678.3411307,-9,37,0
1739724678.3871307,3,-32,-30
1739724678.4321306,-59,-16,-7
1739724678.4781306,-5,44,-62
1739724678.5241306,-33,7,-96
1739724678.5701306,100,-8,-149
1739724678.615131,-9,-21,-9
1739724678.661131,-2,29,34
1739724678.707131,46,-12,-31
1739724678.7521307,46,-14,-98
1739724678.7981308,36,-86,-66
1739724678.8441308,30,40,-126
1739724678.8901308,-7,-59,49
1739724678.9351306,-55,-56,-70
1739724678.9811306,-21,10,-70
1739724679.0271306,8,-38,7
1739724679.072131,-25,-20,-68
1739724679.1181307,-12,-67,-7
1739724679.1641307,-34,55,176
1739724679.2101307,111,-25,19
1739724679.2551308,20,21,-40
1739724679.3011308,-27,-4,28
1739724679.3471308,-125,-76,88
1739724679.3921306,-77,-49,-126
1739724679.4381306,-24,-4,-122
1739724679.4841306,35,40,30
1739724679.5301306,-127,11,-48
1739724679.5751307,-15,-55,111
1739724679.6211307,-85,10,-20
1739724679.6671307,20,-67,-35
1739724679.7121308,-45,-59,-65
1739724679.7581308,80,-43,-163
1739724679.8041308,-43,37,134
1739724679.8501308,-26,-2,-92
1739724679.8951306,13,70,-14
1739724679.9411306,17,13,-50
1739724679.9871306,43,-26,-85
1739724680.0321307,-26,-42,-81
1739724680.0781307,59,-61,-109
1739724680.1241307,0,-22,-55
1739724680.1701307,-35,3,38
1739724680.2151306,-68,87,60
1739724680.2611306,14,-33,-73
1739724680.3071306,-71,-19,-86
1739724680.352131,2,-30,-126
1739724680.398131,64,-22,-82
1739724680.444131,-23,45,-90
1739724680.490131,-25,-73,-90
1739724680.5351307,-3,88,-153
1739724680.5811307,-44,6,27
1739724680.6271307,-6,-78,-2
1739724680.6721306,45,-41,-144
1739724680.7181306,-3,46,-26
1739724680.7641306,23,20,-53
1739724680.8101306,-19,-9,-82
1739724680.855131,20,70,69
1739724680.901131,13,-37,38
1739724680.947131,24,-62,6
1739724680.9921308,-45,8,-133
1739724681.0381308,-11,0,9
1739724681.0841308,-55,11,9
1739724681.1301308,-19,-27,73
1739724681.1751306,3,43,-134
1739724681.2211306,126,-6,-36
1739724681.2671306,13,19,-66
1739724681.3121307,47,-20,76
1739724681.3581307,16,-14,0
1739724681.4041307,19,18,37
1739724681.4501307,-24,-47,-82
1739724681.4951308,115,-38,-86
1739724681.5411308,78,-26,-54
1739724681.5871308,-22,25,-146
1739724681.6321306,-10,28,-54
1739724681.6781306,-27,32,-16
1739724681.7241306,23,14,58
1739724681.7701306,45,-29,-104
1739724681.8151307,49,-20,-14
1739724681.8611307,102,53,-92
1739724681.9071307,-63,-17,9
1739724681.9521308,25,3,-54
1739724681.9981308,11,-31,25
1739724682.0441308,8,-73,-37
1739724682.0901306,0,-1,-142
1739724682.1351306,-52,-3,7
1739724682.1811306,-3,8,-112
1739724682.227131,12,-5,61
1739724682.2721307,11,13,-30
1739724682.3181307,34,-39,18
1739724682.3641307,58,-4,24
1739724682.4101307,-13,32,21
1739724682.4551306,8,-7,-140
1739724682.5011306,3,-31,-32
1739724682.5471306,-73,-50,33
1739724682.592131,4,-69,-92
1739724682.638131,-43,-48,-97
1739724682.684131,24,-32,-144
1739724682.730131,87,10,26
1739724682.7751307,13,11,-24
1739724682.8211308,144,12,-12
1739724682.8671308,38,79,-6
1739724682.9121306,-4,48,-98
1739724682.9581306,29,64,-50
1739724683.0041306,-133,-82,-41
1739724683.0501306,76,15,-54
1739724683.0951307,-85,5,-11
1739724683.1411307,18,56,10
1739724683.1871307,-3,40,10
1739724683.2321308,0,-13,-15
1739724683.2781308,28,28,-110
1739724683.3241308,17,6,36
1739724683.3701308,-22,-39,1
1739724683.4151306,-25,39,-33
1739724683.4611306,-40,-2,-33
1739724683.5071306,-21,-57,21
1739724683.5521307,-27,-17,11
1739724683.5981307,-31,-29,23
1739724683.6441307,21,0,46
1739724683.6901307,56,20,-56
1739724683.7351308,-18,59,28
1739724683.7811308,1,-19,-41
1739724683.8271308,13,-57,-35
1739724683.8721306,63,-33,-16
1739724683.9181306,93,-97,-90
1739724683.9641306,-12,-34,107
1739724684.0101306,-24,27,-51
1739724684.0551307,7,-113,-109
1739724684.1011307,-17,3,-25
1739724684.1471307,-31,36,-47
1739724684.1921306,1,27,-74
1739724684.2381306,32,-43,50
1739724684.2841306,-36,-4,75
1739724684.3281307,8,57,16
1739724684.3741307,-13,12,5
1739724684.4201307,0,-41,123
1739724684.4661307,-97,14,-73
1739724684.5111306,14,47,42
1739724684.5571306,24,-14,-38
1739724684.6031306,29,40,32
1739724684.648131,-43,10,-27
1739724684.694131,23,-48,-65
1739724684.740131,6,0,-88
1739724684.786131,-15,37,-172
1739724684.8311307,42,-2,-82
1739724684.8771307,-103,-16,19
1739724684.9231308,33,7,-10
1739724684.9681306,62,-43,-204
1739724685.0141306,-21,7,3
1739724685.0601306,-90,31,17
1739724685.1061306,33,64,0
1739724685.151131,144,-12,-52
1739724685.197131,-4,-38,-63
1739724685.2431307,-2,-58,11
1739724685.2881308,19,-18,43
1739724685.3341308,-1,34,-164
1739724685.3801308,71,37,94
1739724685.4261308,-11,4,-34
1739724685.4711306,6,79,58
1739724685.5171306,33,-63,-1
1739724685.5631306,1,21,-22
1739724685.6081307,0,18,-54
1739724685.6541307,72,77,-42
1739724685.7001307,-7,34,-16
1739724685.7461307,10,-37,-91
1739724685.7971306,78,47,-50
1739724685.8431306,-42,52,-2
1739724685.888131,-49,7,-19
1739724685.934131,-88,93,-28
1739724685.980131,-72,26,-13
1739724686.026131,10,-1,-40
1739724686.0711308,-37,2,-131
1739724686.1171308,0,-41,-41
1739724686.1631308,29,-24,-144
1739724686.2081306,2,-9,-90
1739724686.2541306,-27,-21,43
1739724686.3001306,-26,27,17
1739724686.3461306,-20,-3,-79
1739724686.3911307,26,-10,-186
1739724686.4371307,-27,95,33
1739724686.4831307,9,-15,-76
1739724686.5281308,-29,-3,13
1739724686.5741308,-51,17,39
1739724686.6201308,13,29,12
1739724686.6661308,57,-22,8
1739724686.7111306,-54,23,85
1739724686.7571306,44,-15,-44
1739724686.8031306,-23,1,67
1739724686.8481307,32,-7,-80
1739724686.8941307,-96,-32,-93
1739724686.9401307,-3,14,-164
1739724686.9861307,17,8,12
1739724687.0311308,18,-14,-54
1739724687.0771308,-63,3,-71
1739724687.1231308,-33,-56,31
1739724687.1681306,-61,2,-25
1739724687.2141306,41,3,30
1739724687.2601306,17,0,-148
1739724687.3061306,19,8,-82
1739724687.3511307,31,-29,-28
1739724687.3971307,-55,0,-89
1739724687.4431307,-19,19,-51
1739724687.4881306,-16,-7,5
1739724687.5341306,4,29,-48
1739724687.5801306,-5,-24,-23
1739724687.625131,94,22,-48
1739724687.671131,5,41,6
1739724687.717131,19,10,4
1739724687.763131,-37,-20,-13
1739724687.8081307,-2,-40,-46
1739724687.8541307,-3,-38,14
1739724687.9001307,-34,-60,-52
1739724687.9451306,13,0,14
1739724687.9911306,38,-17,-4
1739724688.0371306,22,-28,8
1739724688.0831306,121,26,-62
1739724688.128131,18,32,-77
1739724688.174131,37,-11,-62
1739724688.2201307,10,7,-64
1739724688.2651308,-4,6,67
1739724688.3111308,2,31,67
1739724688.3571308,-1,-55,-62
1739724688.4031308,21,28,-77
1739724688.4481306,-28,43,-47
1739724688.4941306,-77,-30,-192
1739724688.5401306,24,6,27
1739724688.5851307,44,1,-17
1739724688.6321306,-84,10,-10
1739724688.6781306,60,10,-136
1739724688.7241306,64,-2,-84
1739724688.7691307,-2,42,-111
1739724688.8151307,45,29,-15
1739724688.8611307,-53,-7,-8
1739724688.9071307,-8,14,-15
1739724688.9521308,3,-33,14
1739724688.9981308,-51,29,51
1739724689.0441308,65,-5,-44
1739724689.0891306,17,20,-61
1739724689.1351306,33,-7,-16
1739724689.1811306,4,43,-27
1739724689.227131,21,16,119
1739724689.2721307,11,17,7
1739724689.3181307,42,-50,-24
1739724689.3641307,31,-15,-66
1739724689.4091306,-12,18,-102
1739724689.4551306,23,60,-151
1739724689.5011306,-15,-31,-80
1739724689.5471306,4,13,-176
1739724689.592131,16,28,-24
1739724689.638131,-29,72,-106
1739724689.684131,1,-50,29
1739724689.7291307,-62,30,-12
1739724689.7751307,1,16,-54
1739724689.8211308,30,-7,-86
1739724689.8671308,88,-101,-41
1739724689.9121306,-97,73,-48
1739724689.9581306,46,-35,-13
1739724690.0041306,-55,-20,25
1739724690.049131,69,-64,-11
1739724690.0951307,-4,-11,-78
1739724690.1411307,-64,-36,-23
1739724690.1871307,-53,-15,-61
1739724690.2321308,19,-24,-30
1739724690.2781308,-70,24,-21
1739724690.3241308,-9,14,-62
1739724690.3691306,34,150,128
1739724690.4151306,-21,71,-76
1739724690.4611306,-2,-36,9
1739724690.5071306,-84,27,82
1739724690.5521307,47,43,-9
1739724690.5981307,-70,24,5
1739724690.6441307,-113,101,7
1739724690.6891308,-20,-13,-57
1739724690.7351308,60,24,-26
1739724690.7811308,31,0,-5
1739724690.8271308,-8,-12,-62
1739724690.8721306,24,56,-99
1739724690.9181306,-2,24,-147
1739724690.9641306,38,53,-27
1739724691.0091307,33,11,-65
1739724691.0551307,36,-15,1
1739724691.1011307,28,-10,-1
1739724691.1471307,31,14,37
1739724691.1921306,37,13,-103
1739724691.2381306,30,48,-17
1739724691.2841306,36,-33,-22
1739724691.3291306,7,-17,-37
1739724691.375131,26,50,-147
1739724691.421131,-32,32,-37
1739724691.467131,4,27,-31
1739724691.5121307,0,-27,4
1739724691.5581307,28,16,25
1739724691.6041307,67,3,-13
1739724691.6491306,-63,46,-14
1739724691.6951306,-33,16,-137
1739724691.7411306,-21,0,-63
1739724691.7871306,-19,31,-42
1739724691.832131,42,13,7
1739724691.878131,-55,-75,-5
1739724691.924131,20,-30,75
1739724691.9691308,-26,41,-100
1739724692.0151308,40,65,0
1739724692.0611308,39,21,33
1739724692.1071308,10,13,44
1739724692.1521306,-63,-45,22
1739724692.1981306,-8,46,52
1739724692.2441306,-110,5,-58
1739724692.2891307,4,13,-19
1739724692.3351307,-27,-43,-187
1739724692.3811307,105,-49,-53
1739724692.4271307,26,14,9
1739724692.4721308,-7,24,-50
1739724692.5181308,10,-55,-93
1739724692.5641308,46,-11,25
1739724692.6091306,15,-7,-85
1739724692.6551306,21,-6,9
1739724692.7011306,-18,-39,10
1739724692.7471306,-4,56,-27
1739724692.7921307,29,-87,9
1739724692.8381307,-23,-27,-85
1739724692.8841307,-14,4,-59
1739724692.9291308,35,-2,0
1739724692.9751308,38,-23,-101
1739724693.0211308,-57,-9,-113
1739724693.0671306,-66,70,-86
1739724693.1121306,7,-37,-17
1739724693.1581306,11,-69,-33
1739724693.2041306,-49,45,-24
1739724693.2491307,-29,-57,-54
1739724693.2951307,32,-9,-189
1739724693.3411307,46,-5,-45
1739724693.3871307,9,5,-19
1739724693.4321306,-34,-38,-60
1739724693.4781306,-4,26,11
1739724693.5241306,-13,-54,118
1739724693.569131,11,-29,60
1739724693.615131,-9,15,-51
1739724693.661131,7,-17,-87
1739724693.707131,-43,14,-153
1739724693.7521307,-9,-57,-4
1739724693.7981308,68,52,94
1739724693.8441308,2,41,16
1739724693.8891306,-89,40,-61
1739724693.9351306,-17,-20,6
1739724693.9811306,10,-4,100
1739724694.0271306,-23,1,-35
1739724694.072131,-62,1,-69
1739724694.1181307,20,47,-35
1739724694.1641307,93,-21,50
1739724694.2091308,2,-4,-45
1739724694.2551308,55,13,-11
1739724694.3011308,18,-43,-55
1739724694.3471308,-1,-27,-47
1739724694.3921306,23,-29,-6
1739724694.4381306,-11,11,-9
1739724694.4841306,-43,77,-171
1739724694.5291307,-36,31,-85
1739724694.5751307,-13,-25,-35
1739724694.6211307,30,-2,-3
1739724694.6671307,-21,5,112
1739724694.7121308,37,79,16
1739724694.7581308,8,-15,-37
1739724694.8041308,-53,-47,10
1739724694.8491306,23,-8,-119
1739724694.8951306,-35,58,76
1739724694.9411306,-23,19,-6
1739724694.9871306,-30,13,-75
1739724695.0321307,-60,3,-38
1739724695.0781307,14,-29,-105
1739724695.1241307,21,-74,-23
1739724695.1691308,51,-38,5
1739724695.2151306,134,-27,-43
1739724695.2611306,-26,99,-54
1739724695.3071306,-13,60,-18
1739724695.352131,-7,-42,21
1739724695.398131,65,-3,-44
1739724695.444131,7,55,-50
1739724695.4891307,-13,55,0
1739724695.5351307,-57,26,69
1739724695.5811307,-19,18,-97
1739724695.6271307,-48,-15,-119
1739724695.6721306,-55,30,5
1739724695.7181306,111,45,-43
1739724695.7641306,-12,-11,-57
1739724695.8151307,-8,25,-27
1739724695.8611307,48,-7,-149
1739724695.9071307,-43,7,-105
1739724695.9521308,43,-20,20
1739724695.9981308,-39,-58,-239
1739724696.0441308,9,-27,78
1739724696.0891306,-7,-60,0
1739724696.1351306,-20,17,-63
1739724696.1811306,-10,88,-77
1739724696.227131,14,89,13
1739724696.2721307,-50,29,-75
1739724696.3181307,-7,-54,-21
1739724696.3641307,-48,-12,6
1739724696.4091306,-18,-41,2
1739724696.4551306,-6,-114,76
1739724696.5011306,31,2,-103
1739724696.5471306,-19,39,-121
1739724696.592131,-68,-4,46
1739724696.638131,77,31,91
1739724696.684131,3,7,-21
1739724696.7291307,4,-5,-49
1739724696.7751307,-22,-10,-9
1739724696.8211308,11,-47,17
1739724696.8671308,-71,-8,2
1739724696.9121306,21,40,-111
1739724696.9581306,-5,28,-179
1739724697.0041306,-2,-42,-117
1739724697.049131,8,-83,-15
1739724697.0951307,8,15,-21
1739724697.1411307,-41,-8,-51
1739724697.1871307,-39,-3,-7
1739724697.2321308,39,-67,-61
1739724697.2781308,14,12,-81
1739724697.3241308,-55,24,84
1739724697.3691306,-26,10,-51
1739724697.4151306,-28,59,6
1739724697.4611306,0,-10,66
1739724697.5061307,-110,2,-23
1739724697.5521307,-87,17,36
1739724697.5981307,-48,-42,-74
1739724697.6441307,-22,51,92
1739724697.6891308,2,-43,-32
1739724697.7351308,35,-23,-39
1739724697.7811308,22,-66,-83
1739724697.8261306,2,19,5
1739724697.8721306,-12,25,25
1739724697.9181306,-60,120,-33
1739724697.9641306,-21,8,-119
1739724698.0091307,-24,-76,-112
1739724698.0551307,-64,22,70
1739724698.1011307,21,-28,-49
1739724698.1461308,-5,72,11
1739724698.1921306,47,12,-41
1739724698.2381306,66,-4,64
1739724698.2841306,-80,-13,-45
1739724698.3291306,-29,74,-119
1739724698.375131,-106,-67,-112
1739724698.421131,-45,13,-77
1739724698.4661307,-13,-128,-64
1739724698.5121307,-13,-31,-169
1739724698.5581307,-38,-4,-56
1739724698.6041307,17,-18,-45
1739724698.6491306,30,-6,19
1739724698.6951306,5,35,43
1739724698.7411306,126,-16,-109
1739724698.786131,38,63,-75
1739724698.832131,-75,-20,48
1739724698.878131,-96,32,11
1739724698.924131,54,-12,-7
1739724698.9691308,-34,-71,-6
1739724699.0151308,50,-10,-71
1739724699.0611308,-55,2,-103
1739724699.1061306,-19,15,-61
1739724699.1521306,58,34,30
1739724699.1981306,-22,-6,-121
1739724699.2441306,-26,30,-129
1739724699.2891307,-29,2,-109
1739724699.3351307,3,38,-79
1739724699.3811307,-43,-48,-26
1739724699.4261308,76,41,-75
1739724699.4721308,47,-42,-81
1739724699.5181308,9,-68,-53
1739724699.5641308,-13,104,-185
1739724699.6091306,85,9,-49
1739724699.6551306,17,26,-107
1739724699.7011306,61,-27,-46
1739724699.7461307,-5,4,44
1739724699.7921307,-18,-14,-23
1739724699.8381307,-14,-9,28
1739724699.8841307,-13,45,17
1739724699.9291308,-17,38,-191
1739724699.9751308,-43,36,-19
1739724700.0211308,-6,-38,20
1739724700.0661306,-114,-62,-62
1739724700.1121306,52,20,-25
1739724700.1581306,12,-43,-2
1739724700.2041306,56,-49,42
1739724700.2491307,-13,34,42
1739724700.2951307,41,-23,-35
1739724700.3411307,-39,44,66
1739724700.3861306,-20,-35,52
1739724700.4321306,-17,-21,-97
1739724700.4781306,-13,-60,-55
1739724700.5241306,81,-20,15
1739724700.569131,-109,3,-42
1739724700.615131,36,-73,-21
1739724700.661131,-55,9,52
1739724700.7061307,73,-33,-23
1739724700.7521307,54,22,-61
1739724700.7981308,-30,7,-14
1739724700.842131,-92,13,-34
1739724700.888131,-56,11,-28
1739724700.934131,-45,-66,-24
1739724700.980131,-11,32,-24
1739724701.0251307,40,37,-51
1739724701.0711308,-44,-30,-20
1739724701.1171308,20,-18,-37
1739724701.1621306,4,-31,-21
1739724701.2081306,18,-22,-177
1739724701.2541306,10,-11,36
1739724701.3001306,-31,42,16
1739724701.3451307,22,-34,-47
1739724701.3911307,27,12,-115
1739724701.4371307,-17,15,10
1739724701.4821308,74,15,-61
1739724701.5281308,43,-17,-137
1739724701.5741308,-134,30,110
1739724701.6201308,14,-76,23
1739724701.6651306,-12,0,-46
1739724701.7111306,-3,-24,-119
1739724701.7571306,-65,46,34
1739724701.8021307,-108,-12,-90
1739724701.8481307,-59,7,-22
1739724701.8941307,99,32,-129
1739724701.9401307,65,-19,-115
1739724701.9851308,-106,-30,-24
1739724702.0311308,-54,-7,-68
1739724702.0771308,46,23,7
1739724702.1221306,16,55,39
1739724702.1681306,48,47,7
1739724702.2141306,12,-89,-65
1739724702.2601306,-18,-19,-147
1739724702.3051307,17,18,35
1739724702.3511307,-29,-9,-70
1739724702.3971307,65,-23,135
1739724702.4421306,30,66,-41
1739724702.4881306,0,2,-61
1739724702.5341306,-12,40,-119
1739724702.5801306,21,-70,-43
1739724702.625131,-48,-20,-86
1739724702.671131,-42,-88,1
1739724702.717131,93,28,-49
1739724702.7621307,-63,-35,40
1739724702.8081307,46,41,-27
1739724702.8541307,41,0,49
1739724702.9001307,31,26,79
1739724702.9451306,34,21,-75
1739724702.9911306,49,39,37
1739724703.0371306,-46,-10,40
1739724703.082131,-27,37,-52
1739724703.128131,-36,28,56
1739724703.174131,54,28,49
1739724703.2201307,-36,-2,34
1739724703.2651308,27,18,59
1739724703.3111308,-48,-10,-70
1739724703.3571308,-36,22,8
1739724703.4021306,54,-14,57
1739724703.4481306,-39,-20,-86
1739724703.4941306,12,17,-69
1739724703.5401306,21,6,-53
1739724703.5851307,-40,1,-76
1739724703.6311307,-13,6,8
1739724703.6771307,-16,-14,-6
1739724703.7221308,64,-69,-33
1739724703.7681308,58,-44,-79
1739724703.8141308,-5,42,-131
1739724703.8601308,22,-2,51
1739724703.9051306,33,68,-59
1739724703.9511306,50,26,-21
1739724703.9971306,-71,-26,-80
1739724704.0421307,14,-45,-39
1739724704.0881307,4,-13,-165
1739724704.1341307,-54,-29,106
1739724704.1801307,82,107,9
1739724704.2251308,45,-15,-165
1739724704.2711308,0,-4,20
1739724704.3171306,149,-28,-29
1739724704.3621306,-18,0,-8
1739724704.4081306,35,-59,-7
1739724704.4541306,-1,-30,38
1739724704.500131,-12,-66,-22
1739724704.5451307,40,-7,-71
1739724704.5911307,15,33,-79
1739724704.6371307,-10,22,54
1739724704.6821306,-30,-3,-60
1739724704.7281306,51,8,-67
1739724704.7741306,-9,-60,-58
1739724704.8201306,-18,0,-62
1739724704.865131,-3,-62,-83
1739724704.911131,60,86,55
1739724704.957131,66,-11,-51
1739724705.0021307,15,13,-21
1739724705.0481308,2,69,-87
1739724705.0941308,-36,-56,-52
1739724705.1401308,-7,-12,-5
1739724705.1851306,27,0,-67
1739724705.2311306,-50,0,-82
1739724705.2771306,-37,42,-26
1739724705.322131,42,21,-55
1739724705.3681307,6,-5,-11
1739724705.4141307,1,-27,-97
1739724705.4601307,14,51,-140
1739724705.5051308,-2,56,-54
1739724705.5511308,-27,-21,-88
1739724705.5971308,-7,-32,-142
1739724705.6421306,85,2,-142
1739724705.6881306,13,37,-58
1739724705.7341306,5,-53,-40
1739724705.7851307,-30,-11,-112
1739724705.8311307,52,18,-60
1739724705.8771307,11,1,-30
1739724705.9221306,136,-9,-104
1739724705.9681306,40,-11,-86
1739724706.0141306,81,9,86
1739724706.0601306,64,24,-106
1739724706.105131,28,-1,-44
1739724706.1521306,-3,2,63
1739724706.1981306,-2,0,-40
1739724706.2441306,-29,9,45
1739724706.2891307,-73,36,-153
1739724706.3351307,-35,4,3
1739724706.3811307,47,13,-74
1739724706.4261308,-2,-2,-124
1739724706.4721308,97,44,56
1739724706.5181308,16,87,-4
1739724706.5641308,-25,-19,-15
1739724706.6091306,6,21,-26
1739724706.6551306,38,-11,-4
1739724706.7011306,-27,41,-25
1739724706.7461307,33,4,42
1739724706.7921307,34,-15,-28
1739724706.8381307,20,26,-12
1739724706.8841307,-52,-41,-77
1739724706.9291308,39,37,-62
1739724706.9751308,12,-27,-34
1739724707.0211308,62,22,-132
1739724707.0661306,19,26,-1
1739724707.1121306,38,0,-140
1739724707.1581306,21,14,10
1739724707.2041306,-24,-43,-78
1739724707.2491307,23,-66,-34
1739724707.2951307,-29,39,-10
1739724707.3411307,21,-15,-42
1739724707.3861306,-39,0,66
1739724707.4321306,-1,-27,129
1739724707.4781306,38,3,13
1739724707.5241306,15,-16,67
1739724707.569131,22,-29,1
1739724707.615131,-27,-13,9
1739724707.661131,-106,-28,-103
1739724707.7061307,-80,44,83
1739724707.7521307,25,-42,-44
1739724707.7981308,36,45,53
1739724707.8431306,-60,-27,101
1739724707.8891306,-28,-39,-3
1739724707.9351306,-55,3,5
1739724707.9811306,51,-32,-14
1739724708.026131,36,116,20
1739724708.072131,-53,11,-99
1739724708.1181307,11,37,-30
1739724708.1631308,-39,1,-77
1739724708.2091308,46,-2,14
1739724708.2551308,44,83,-74
1739724708.3011308,-66,-37,-43
1739724708.3461306,-57,33,-131
1739724708.3921306,13,49,-46
1739724708.4381306,-30,49,-39
1739724708.4831307,18,34,73
1739724708.5291307,-54,-29,-90
1739724708.5751307,1,-45,-26
1739724708.6211307,25,16,-48
1739724708.6661308,28,44,-37
1739724708.7121308,21,-12,-22
1739724708.7581308,7,-3,-86
1739724708.8031306,29,2,-154
1739724708.8491306,17,12,2
1739724708.8951306,-18,55,-41
1739724708.9411306,29,44,56
1739724708.9861307,-61,39,-139
1739724709.0321307,41,-23,-108
1739724709.0781307,76,19,-122
1739724709.1231308,6,63,-24
1739724709.1691308,-34,0,-77
1739724709.2151306,-53,17,-121
1739724709.2611306,-30,-39,39
1739724709.3061306,-64,-5,-129
1739724709.352131,7,37,-6
1739724709.398131,-31,0,37
1739724709.4431307,21,4,-14
1739724709.4891307,20,-16,-24
1739724709.5351307,41,33,-180
1739724709.5811307,-48,22,-23
1739724709.6261306,27,40,64
1739724709.6721306,-9,-86,-83
1739724709.7181306,4,65,-120
1739724709.763131,1,0,53
1739724709.809131,-38,22,0
1739724709.855131,-6,90,16
1739724709.901131,34,52,8
1739724709.9461308,-31,-25,-167
1739724709.9921308,-5,72,4
1739724710.0381308,25,36,-40
1739724710.0831306,-23,-27,-65
1739724710.1291306,63,-34,-40
1739724710.1751306,37,-25,101
1739724710.2211306,-52,23,41
1739724710.2661307,-57,68,-100
1739724710.3121307,26,-3,1
1739724710.3581307,39,71,-78
1739724710.4031308,-22,54,-50
1739724710.4491308,-36,-36,-182
1739724710.4951308,-30,-1,-15
1739724710.5411308,-16,29,-100
1739724710.5861306,-25,49,-22
1739724710.6321306,-70,96,28
1739724710.6781306,5,-31,-96
1739724710.7231307,-26,57,19
1739724710.7691307,-101,-26,-1
1739724710.8151307,-8,-46,-79
1739724710.8611307,-9,8,43
1739724710.9061308,-26,27,-190
1739724710.9521308,-37,-18,-77
1739724710.9981308,-19,49,14
1739724711.0431306,-19,4,51
1739724711.0891306,11,12,-28
1739724711.1351306,8,-22,-32
1739724711.1811306,-45,-54,3
1739724711.2261307,-20,67,-84
1739724711.2721307,-73,80,-23
1739724711.3181307,85,2,-28
1739724711.3631306,49,3,102
1739724711.4091306,4,-9,-84
1739724711.4551306,-43,10,-34
1739724711.5011306,-61,-50,-34
1739724711.546131,31,-41,0
1739724711.592131,-6,97,-74
1739724711.638131,9,46,72
1739724711.6831307,-92,-36,-61
1739724711.7291307,-12,19,-68
1739724711.7751307,-83,3,-70
1739724711.8211308,-85,-50,-7
1739724711.8661306,-49,46,-76
1739724711.9121306,32,-48,-35
1739724711.9581306,-28,52,-76
1739724712.003131,25,11,-78
1739724712.049131,-45,-77,-62
1739724712.0951307,60,73,3
1739724712.1411307,-54,8,6
1739724712.1861308,-9,53,-152
1739724712.2321308,38,40,75
1739724712.2781308,-20,74,-80
1739724712.3231306,0,-11,-26
1739724712.3691306,-14,5,-46
1739724712.4151306,22,-63,-28
1739724712.4611306,-105,-5,-112
1739724712.5061307,16,44,55
1739724712.5521307,6,-26,0
1739724712.5981307,33,17,29
1739724712.6431308,-41,33,24
1739724712.6891308,13,-12,-48
1739724712.7351308,-32,45,-108
1739724712.7811308,9,-4,-72
1739724712.8261306,42,-24,-116
1739724712.8721306,-63,-2,-102
1739724712.9181306,-33,57,-64
1739724712.9631307,18,-61,-198
1739724713.0091307,68,-32,-63
1739724713.0551307,-39,-11,-8
1739724713.1011307,4,24,105
1739724713.1461308,1,32,99
1739724713.1921306,2,-102,-103
1739724713.2381306,-28,92,-142
1739724713.2831306,-65,79,30
1739724713.3291306,4,22,66
1739724713.375131,-62,-34,-35
1739724713.421131,24,29,-50
1739724713.4661307,1,13,-20
1739724713.5121307,-32,-14,-76
1739724713.5581307,-15,37,-108
1739724713.6031306,2,36,40
1739724713.6491306,20,29,-8
1739724713.6951306,22,16,-30
1739724713.7411306,-3,40,-82
1739724713.786131,17,0,-92
1739724713.832131,-21,37,-34
1739724713.878131,8,17,-16
1739724713.9231308,-19,-25,-114
1739724713.9691308,33,-2,17
1739724714.0151308,-71,-49,-15
1739724714.0611308,-53,39,21
1739724714.1061306,3,41,-114
1739724714.1521306,37,-101,-82
1739724714.1981306,2,-21,97
1739724714.2431307,-22,-1,-55
1739724714.2891307,-19,83,-83
1739724714.3351307,-4,-6,-76
1739724714.3811307,-40,-44,-55
1739724714.4261308,13,35,-114
1739724714.4721308,4,-5,-54
1739724714.5181308,8,-5,12
1739724714.5631306,-32,54,-105
1739724714.6091306,-2,-36,-42
1739724714.6551306,-4,-78,-40
1739724714.7011306,-12,-34,-158
1739724714.7461307,8,-103,-10
1739724714.7921307,-41,78,-139
1739724714.8381307,35,70,-186
1739724714.8831308,-40,-18,9
1739724714.9291308,46,63,-24
1739724714.9751308,-20,-3,-33
1739724715.0211308,2,-13,-156
1739724715.0661306,43,37,-88
1739724715.1121306,-39,-24,-101
1739724715.1581306,12,33,0
1739724715.2031307,-89,-29,-99
1739724715.2491307,14,37,-174
1739724715.2951307,-21,1,23
1739724715.3411307,-56,-39,-43
1739724715.3861306,2,21,4
1739724715.4321306,1,60,95
1739724715.4781306,-6,-6,-46
1739724715.523131,-31,3,-29
1739724715.569131,-21,-17,-37
1739724715.615131,5,33,-30
1739724715.661131,-18,-9,-11
1739724715.7061307,-72,102,-30
1739724715.7521307,-46,-14,31
1739724715.8031306,-9,16,-70
1739724715.8491306,58,-38,22
1739724715.8951306,46,-2,30
1739724715.9411306,-6,-70,35
1739724715.9861307,31,41,-86
1739724716.0321307,65,134,-70
1739724716.0781307,21,-7,29
1739724716.1231308,-76,58,-20
1739724716.1691308,61,0,-86
1739724716.2151306,-41,44,-50
1739724716.2611306,-2,-6,-56
1739724716.3051307,-1,40,36
1739724716.3511307,-44,26,-33
1739724716.3971307,9,15,54
1739724716.4421306,-50,-7,-21
1739724716.4881306,14,-72,-83
1739724716.5341306,-47,42,-34
1739724716.5791306,-41,-20,-25
1739724716.625131,-40,24,-66
1739724716.671131,32,54,-34
1739724716.717131,56,-50,-7
1739724716.7621307,54,-6,-124
1739724716.8081307,-39,12,-37
1739724716.8541307,51,39,4
1739724716.8991306,-5,35,-30
1739724716.9451306,-19,10,-12
1739724716.9911306,4,27,-80
1739724717.0371306,53,35,46
1739724717.082131,12,-2,-54
1739724717.128131,-78,29,8
1739724717.174131,11,78,124
1739724717.2191308,48,-1,-56
1739724717.2651308,-66,59,-88
1739724717.3111308,106,6,-45
1739724717.3571308,-4,-27,-40
1739724717.4021306,26,-25,-59
1739724717.4481306,-47,-27,-82
1739724717.4941306,-8,27,-14
1739724717.5391307,90,59,20
1739724717.5851307,5,34,74
1739724717.6311307,-69,-51,67
1739724717.6771307,59,1,-23
1739724717.7221308,-53,36,-64
1739724717.7681308,58,17,-59
1739724717.8141308,11,74,-68
1739724717.8591306,10,84,-28
1739724717.9051306,-48,-37,-20
1739724717.9511306,-67,5,-90
1739724717.9961307,8,36,103
1739724718.0421307,58,61,49
1739724718.0881307,-59,3,-138
1739724718.1341307,8,-4,101
1739724718.1791308,30,-19,53
1739724718.2251308,-31,13,-10
1739724718.2711308,13,27,-12
1739724718.3161306,-31,14,58
1739724718.3621306,14,-38,-15
1739724718.4081306,-5,2,-52
1739724718.4541306,-109,-21,-70
1739724718.4991307,20,49,-63
1739724718.5451307,-45,10,-60
1739724718.5911307,2,-24,-54
1739724718.6361306,-67,47,-104
1739724718.6821306,24,-73,95
1739724718.7281306,-52,-9,-39
1739724718.7741306,14,33,-2
1739724718.819131,31,4,-126
1739724718.865131,61,68,6
1739724718.911131,-38,-66,57
1739724718.9561307,-1,-20,-110
1739724719.0021307,60,-18,88
1739724719.0481308,34,26,-112
1739724719.0941308,-27,-31,-167
1739724719.1391306,-29,37,-128
1739724719.1851306,48,-3,22
1739724719.2311306,-27,-29,97
1739724719.276131,-49,115,-69
1739724719.322131,-84,55,-9
1739724719.3681307,44,-7,-20
1739724719.4141307,-32,68,-75
1739724719.4591308,45,-23,42
1739724719.5051308,-58,-79,-79
1739724719.5511308,-61,-49,-77
1739724719.5961306,40,-43,-66
1739724719.6421306,37,13,-146
1739724719.6881306,72,15,-108
1739724719.7341306,-1,6,77
1739724719.7791307,-85,-22,-129
1739724719.8251307,4,-7,19
1739724719.8711307,8,19,112
1739724719.9161308,-2,26,-40
1739724719.9621308,89,74,-112
1739724720.0081308,-15,-58,-45
1739724720.0541308,0,114,-122
1739724720.0991306,-21,-25,13
1739724720.1451306,4,-11,-180
1739724720.1911306,-92,-9,45
1739724720.2361307,-19,-25,-35
1739724720.2821307,-42,-2,-121
1739724720.3281307,35,70,-134
1739724720.3741307,40,17,34
1739724720.4191308,31,-58,-31
1739724720.4651306,30,-12,-30
1739724720.5111306,-35,44,-8
1739724720.5561306,17,0,-36
1739724720.602131,7,41,144
1739724720.648131,1,31,-122
1739724720.694131,33,-91,-11
1739724720.7391307,22,-14,-38
1739724720.7851307,50,-13,46
1739724720.8311307,-28,-11,-13
1739724720.8761306,-20,-33,-123
1739724720.9221306,7,9,0
1739724720.9681306,-66,27,-97
1739724721.0141306,-23,-19,47
1739724721.059131,56,18,-164
1739724721.105131,-86,-13,11
1739724721.151131,17,45,-110
1739724721.1961308,-27,1,-51
1739724721.2421308,-54,-1,13
1739724721.2881308,50,-10,-116
1739724721.3341308,-62,-77,-83
1739724721.3791306,-30,-5,33
1739724721.4251306,31,68,38
1739724721.4711306,100,-73,22
1739724721.5161307,34,-109,69
1739724721.5621307,-10,-8,-57
1739724721.6081307,-35,14,7
1739724721.6541307,-11,40,-26
1739724721.6991308,-76,22,43
1739724721.7451308,-33,70,-100
1739724721.7911308,12,17,-68
1739724721.8361306,9,11,-120
1739724721.8821306,109,-27,-8
1739724721.9281306,-37,14,25
1739724721.9741306,57,46,30
1739724722.0191307,24,52,-2
1739724722.0651307,52,16,70
1739724722.1111307,-1,-69,79
1739724722.1561308,36,-41,-28
1739724722.2021308,-57,-93,-5
1739724722.2481308,20,88,-64
1739724722.2941308,-71,-54,-103
1739724722.3391306,-10,-34,-103
1739724722.3851306,1,58,-160
1739724722.4311306,18,17,-30
1739724722.4761307,-23,2,45
1739724722.5221307,-54,-6,-34
1739724722.5681307,-76,-9,-6
1739724722.6141307,-8,53,-46
1739724722.6591306,0,73,-70
1739724722.7051306,36,28,-106
1739724722.7511306,-86,-8,-81
1739724722.796131,9,70,12
1739724722.842131,4,18,-20
1739724722.888131,161,5,96
1739724722.934131,-8,-1,107
1739724722.9791307,61,37,-22
1739724723.0251307,45,-24,-159
1739724723.0711308,21,11,26
1739724723.1161306,-32,24,-22
1739724723.1621306,-51,-84,23
1739724723.2081306,15,3,-118
1739724723.2541306,108,25,-122
1739724723.299131,62,-38,23
1739724723.3451307,41,45,36
1739724723.3911307,-66,35,-4
1739724723.4361308,0,20,-92
1739724723.4821308,57,66,-20
1739724723.5281308,-15,4,75
1739724723.5741308,9,35,-128
1739724723.6191306,30,-16,-35
1739724723.6651306,0,-24,47
1739724723.7111306,-18,-38,-149
1739724723.7561307,-51,5,-37
1739724723.8021307,-25,35,2
1739724723.8481307,35,3,-80
1739724723.8941307,4,53,-70
1739724723.9391308,66,-14,-56
1739724723.9851308,-39,42,-16
1739724724.0311308,66,26,78
1739724724.0761306,54,30,38
1739724724.1221306,-10,-42,-75
1739724724.1681306,33,40,-160
1739724724.2141306,-7,-58,-157
1739724724.2591307,28,-2,44
1739724724.3051307,-2,-12,-149
1739724724.3511307,48,31,58
1739724724.3961308,95,70,-22
1739724724.4421306,22,58,8
1739724724.4881306,4,-45,-139
1739724724.5341306,-67,-49,-81
1739724724.5791306,-8,-70,-43
1739724724.625131,13,-17,-132
1739724724.671131,-103,12,55
1739724724.7161307,118,-13,-56
1739724724.7621307,-45,10,-81
1739724724.8081307,-27,45,-45
1739724724.8541307,37,33,-66
1739724724.8991306,68,-15,-106
1739724724.9451306,51,-66,-96
1739724724.9911306,2,45,-88
1739724725.036131,-36,-6,-89
1739724725.082131,-64,-1,-183
1739724725.128131,74,-15,-34
1739724725.174131,40,23,-132
1739724725.2191308,-22,-7,-203
1739724725.2651308,-4,-14,35
1739724725.3111308,-14,32,28
1739724725.3561306,31,0,-76
1739724725.4021306,-40,-9,-41
1739724725.4481306,74,-37,-112
1739724725.4941306,-66,-15,107
1739724725.5391307,57,1,0
1739724725.5851307,49,13,-46
1739724725.6311307,15,8,-72
1739724725.6761308,41,-24,21
1739724725.7221308,-16,67,-30
1739724725.7681308,54,-4,0
1739724725.819131,9,14,-56
1739724725.865131,12,-26,-68
1739724725.911131,-68,20,-32
1739724725.9561307,25,6,4
1739724726.0021307,43,-59,38
1739724726.0481308,-55,13,65
1739724726.0941308,-31,3,-24
1739724726.1391306,40,39,-78
1739724726.1851306,68,2,-102
1739724726.2311306,-5,38,-44
1739724726.276131,3,33,-39
1739724726.322131,-20,43,-75
1739724726.3681307,-46,1,-119
1739724726.4141307,-13,30,-89
1739724726.4591308,47,31,12
1739724726.5051308,49,-3,-58
1739724726.5511308,-30,-17,-86
1739724726.5961306,-35,-1,-106
1739724726.6421306,86,-1,115
1739724726.6881306,-10,-24,-148
1739724726.7341306,37,-107,8
1739724726.7791307,35,-11,-126
1739724726.8251307,1,-17,4
1739724726.8711307,47,25,-79
1739724726.9161308,-9,-61,-108
1739724726.9621308,-5,24,-45
1739724727.0081308,63,-14,-18
1739724727.0541308,3,20,75
1739724727.0991306,59,29,-99
1739724727.1451306,-39,-34,-116
1739724727.1911306,3,77,27
1739724727.2361307,-28,-19,-54
1739724727.2821307,-29,-41,-58
1739724727.3281307,8,-59,-72
1739724727.3741307,-62,2,-80
1739724727.4191308,-111,56,-83
1739724727.4651306,89,-12,-124
1739724727.5111306,14,3,-70
1739724727.5561306,45,27,-68
1739724727.602131,-83,-42,-43
1739724727.648131,-15,55,-3
1739724727.694131,8,11,-25
1739724727.7391307,4,-29,66
1739724727.7851307,14,-23,20
1739724727.8311307,-51,29,-17
1739724727.8761306,57,30,-18
1739724727.9221306,15,-78,-182
1739724727.9681306,11,-11,-134
1739724728.013131,-28,3,-125
1739724728.059131,12,-29,-72
1739724728.105131,39,-15,-84
1739724728.151131,26,44,-74
1739724728.1961308,41,-41,-42
1739724728.2421308,-4,-30,100
1739724728.2881308,35,-49,-40
1739724728.3331306,36,-25,46
1739724728.3791306,-63,-5,-27
1739724728.4251306,-10,-58,-60
1739724728.4711306,-50,-10,21
1739724728.5161307,-56,-119,-87
1739724728.5621307,60,-30,-164
1739724728.6081307,-15,-32,-85
1739724728.6531308,24,56,-18
1739724728.6991308,14,5,-80
1739724728.7451308,30,2,-10
1739724728.7911308,32,38,4
1739724728.8361306,39,-41,6
1739724728.8821306,-92,11,15
1739724728.9281306,16,49,-121
1739724728.9731307,47,87,43
1739724729.0191307,-12,-12,115
1739724729.0651307,-64,97,83
1739724729.1111307,-23,39,3
1739724729.1561308,11,-33,-119
1739724729.2021308,34,-13,-92
1739724729.2481308,42,31,-2
1739724729.2931306,-74,-8,-15
1739724729.3391306,-102,-3,-65
1739724729.3851306,74,-9,-60
1739724729.4311306,-29,15,-7
1739724729.4761307,11,69,-150
1739724729.5221307,-78,-2,47
1739724729.5681307,-34,32,-99
1739724729.6131306,-55,9,-13
1739724729.6591306,0,-45,-81
1739724729.7061307,-14,-70,-75
1739724729.7521307,-34,-45,111
1739724729.7971306,-64,-1,-41
1739724729.8431306,-42,62,55
1739724729.8891306,101,-1,-156
1739724729.9351306,35,-23,-109
1739724729.980131,-14,-6,-127
1739724730.026131,-14,-74,-79
1739724730.072131,16,-46,-91
1739724730.1171308,-7,4,-61
1739724730.1631308,37,-53,-80
1739724730.2091308,-39,-64,-39
1739724730.2551308,-5,36,20
1739724730.3001306,31,8,-90
1739724730.3461306,-21,51,-4
1739724730.3921306,-59,37,-49
1739724730.4371307,59,40,-90
1739724730.4831307,18,121,-10
1739724730.5291307,-25,-29,-37
1739724730.5751307,-26,23,-39
1739724730.6201308,-7,50,89
1739724730.6661308,-30,-15,19
1739724730.7121308,-36,-8,33
1739724730.7571306,96,-12,-24
1739724730.8031306,1,-29,-4
1739724730.8491306,-34,-7,-89
1739724730.8951306,-19,45,-93
1739724730.9401307,-71,6,-136
1739724730.9861307,51,43,15
1739724731.0321307,36,15,177
1739724731.0771308,8,-83,-92
1739724731.1231308,64,20,-41
1739724731.1691308,63,8,-1
1739724731.2151306,-5,-16,-135
1739724731.2601306,-34,32,-99
1739724731.3061306,45,-23,-57
1739724731.352131,44,-7,-3
1739724731.3971307,39,-21,9
1739724731.4431307,1,23,-73
1739724731.4891307,-29,85,-33
1739724731.5351307,-34,-49,-88
1739724731.5801306,-17,15,-25
1739724731.6261306,36,-3,-57
1739724731.6721306,34,-49,-117
1739724731.717131,21,8,132
1739724731.763131,-3,42,60
1739724731.809131,36,19,52
1739724731.855131,-99,13,-44
1739724731.9001307,-11,0,-41
1739724731.9461308,-55,17,-137
1739724731.9921308,33,4,-49
1739724732.0371306,-12,56,-1
1739724732.0831306,-43,-24,14
1739724732.1291306,-26,-3,-48
1739724732.1751306,42,-5,83
1739724732.2201307,129,42,17
1739724732.2661307,59,46,-69
1739724732.3121307,-112,-70,-2
1739724732.3571308,-36,-44,-129
1739724732.4031308,-44,-38,-76
1739724732.4491308,28,-16,-31
1739724732.4951308,21,10,29
1739724732.5401306,22,30,-57
1739724732.5861306,63,14,-55
1739724732.6321306,98,26,-31
1739724732.6771307,-7,-18,62
1739724732.7231307,39,9,-11
1739724732.7691307,-67,114,-20
1739724732.8151307,-2,56,-105
1739724732.8601308,32,54,-153
1739724732.9061308,-74,-66,-100
1739724732.9521308,47,13,-13
1739724732.9971306,90,-5,-21
1739724733.0431306,75,-53,-133
1739724733.0891306,22,26,-63
1739724733.1351306,48,21,35
1739724733.1801307,-4,30,56
1739724733.2261307,22,-38,88
1739724733.2721307,-57,37,-4
1739724733.3171306,-39,52,-40
1739724733.3631306,59,50,-117
1739724733.4091306,2,43,-25
1739724733.4551306,-26,19,44
1739724733.500131,22,-1,-231
1739724733.546131,-12,-42,-104
1739724733.592131,26,-2,11
1739724733.6371307,-29,3,-123
1739724733.6831307,-6,-2,-16
1739724733.7291307,101,-34,33
1739724733.7751307,-87,19,-36
1739724733.8201306,32,-10,9
1739724733.8661306,-9,12,10
1739724733.9121306,13,-25,-121
1739724733.957131,-11,6,-93
1739724734.003131,-60,33,140
1739724734.049131,11,9,-21
1739724734.0951307,-55,15,-54
1739724734.1401308,-14,-14,-105
1739724734.1861308,40,-41,-123
1739724734.2321308,-48,-4,-146
1739724734.2771306,1,5,28
1739724734.3231306,-22,21,102
1739724734.3691306,-7,-18,162
1739724734.4151306,24,-4,-133
1739724734.4601307,4,-9,-31
1739724734.5061307,10,-7,54
1739724734.5521307,21,40,108
1739724734.5971308,-58,-9,-22
1739724734.6431308,-101,78,-62
1739724734.6891308,-25,13,-95
1739724734.7351308,-88,27,-72
1739724734.7801306,12,17,-41
1739724734.8261306,-14,89,-49
1739724734.8721306,-27,37,-143
1739724734.9171307,8,-7,-15
1739724734.9631307,-61,37,26
1739724735.0091307,-44,-12,-181
1739724735.0551307,2,45,6
1739724735.1001308,38,-47,-107
1739724735.1461308,-52,-13,-10
1739724735.1921306,-43,44,-30
1739724735.2371306,-23,51,-6
1739724735.2831306,18,28,-49
1739724735.3291306,-4,-12,-27
1739724735.375131,24,54,-97
1739724735.4201307,43,43,-39
1739724735.4661307,-14,93,-29
1739724735.5121307,25,-17,-77
1739724735.5571306,24,-37,0
1739724735.6031306,37,-21,-93
1739724735.6491306,-50,0,-40
1739724735.6951306,56,18,-143
1739724735.740131,12,-15,-29
1739724735.786131,-49,-24,-113
1739724735.8371308,-22,35,-87
1739724735.8831308,-57,11,-48
1739724735.9291308,15,-33,7
1739724735.9751308,88,0,-15
1739724736.0201306,-34,84,114
1739724736.0661306,67,-16,-95
1739724736.1121306,-16,43,-30
1739724736.1571307,89,-18,-21
1739724736.2031307,-30,-15,-64
1739724736.2491307,74,-9,57
1739724736.2951307,37,49,-49
1739724736.3401306,20,28,19
1739724736.3861306,4,17,-107
1739724736.4321306,57,6,85
1739724736.477131,22,30,21
1739724736.523131,-42,-34,52
1739724736.569131,66,-38,-47
1739724736.615131,37,-37,75
1739724736.6601307,4,-35,-151
1739724736.7061307,20,8,-83
1739724736.7521307,-16,19,40
1739724736.7971306,-7,-20,-17
1739724736.8431306,-38,-14,124
1739724736.8891306,-18,27,-45
1739724736.9351306,-9,-22,-35
1739724736.980131,-80,-3,-31
1739724737.026131,-20,0,-33
1739724737.072131,-31,-56,-107
1739724737.1171308,-12,-1,-97
1739724737.1631308,-35,-64,-24
1739724737.2091308,14,-14,-53
1739724737.2551308,20,-41,-92
1739724737.3001306,-14,91,-75
1739724737.3461306,49,-32,-30
1739724737.3921306,5,16,13
1739724737.4371307,-83,-57,23
1739724737.4831307,-67,-98,-58
1739724737.5291307,18,-75,-28
1739724737.5751307,-14,-69,80
1739724737.6201308,0,59,-1
1739724737.6661308,0,-34,-4
1739724737.7121308,13,-52,-46
1739724737.7571306,-28,-12,16
1739724737.8031306,22,96,9
1739724737.8491306,56,16,-117
1739724737.8951306,-36,0,-119
1739724737.9401307,-80,30,-127
1739724737.9861307,0,42,-95
1739724738.0321307,53,81,9
1739724738.0771308,-3,14,-57
1739724738.1231308,31,12,-73
1739724738.1691308,-97,85,21
1739724738.2141306,55,-30,-105
1739724738.2601306,-12,-6,-45
1739724738.3061306,16,-81,-86
1739724738.352131,-2,18,1
1739724738.3971307,48,29,-57
1739724738.4431307,31,6,-19
1739724738.4891307,2,-12,0
1739724738.5341306,-42,29,35
1739724738.5801306,-4,-39,-10
1739724738.6261306,19,0,-43
1739724738.6721306,-17,10,-41
1739724738.717131,-1,3,-31
1739724738.763131,-2,29,87
1739724738.809131,94,19,18
1739724738.8541307,74,-16,-56
1739724738.9001307,77,46,-87
1739724738.9461308,-12,31,-3
1739724738.9921308,-30,-42,-6
1739724739.0371306,-19,-59,-104
1739724739.0831306,14,-6,-10
1739724739.1291306,-30,-16,-91
1739724739.174131,-6,-1,-99
1739724739.2201307,-13,-19,-30
1739724739.2661307,-34,-36,-64
1739724739.3121307,88,88,-129
1739724739.3571308,-12,-3,-111
1739724739.4031308,6,0,-23
1739724739.4491308,-45,-63,-144
1739724739.4941306,-1,11,56
1739724739.5401306,-42,33,-99
1739724739.5861306,74,-4,-73
1739724739.6321306,-21,38,-99
1739724739.6771307,-5,-17,46
1739724739.7231307,77,4,-213
1739724739.7691307,-40,65,-57
1739724739.8141308,17,48,0
1739724739.8601308,-14,17,-5
1739724739.9061308,-17,8,-21
1739724739.9521308,-23,-16,-64
1739724739.9971306,-35,39,-31
1739724740.0431306,-44,-5,-61
1739724740.0891306,10,-46,-40
1739724740.1341307,85,48,17
1739724740.1801307,53,35,-31
1739724740.2261307,-52,-1,-141
1739724740.2721307,45,10,15
1739724740.3171306,58,61,-123
1739724740.3631306,-15,45,-143
1739724740.4091306,18,23,-115
1739724740.4541306,-15,41,-47
1739724740.500131,-41,47,13
1739724740.546131,-10,33,27
1739724740.592131,24,23,66
1739724740.6371307,-57,-24,-18
1739724740.6831307,-6,-41,-12
1739724740.7291307,49,72,-103
1739724740.7741306,-17,10,-39
1739724740.8201306,-28,-12,-49
1739724740.8661306,-69,37,-63
1739724740.9121306,-43,45,140
1739724740.957131,-9,-19,-27
1739724741.003131,-13,11,11
1739724741.049131,55,-19,-42
1739724741.0941308,64,23,-87
1739724741.1401308,10,62,-25
1739724741.1861308,109,37,-13
1739724741.2321308,1,23,3
1739724741.2771306,7,15,-95
1739724741.3231306,-28,33,43
1739724741.3691306,25,69,-99
1739724741.4141307,-4,27,-13
1739724741.4601307,71,33,-81
1739724741.5061307,-7,43,-81
1739724741.5521307,-21,52,-11
1739724741.5971308,-44,59,33
1739724741.6431308,-138,3,-181
1739724741.6891308,-23,-16,4
1739724741.7341306,37,48,-107
1739724741.7801306,30,53,3
1739724741.8261306,-19,-55,-36
1739724741.8721306,-39,-55,48
1739724741.9171307,-54,68,-45
1739724741.9631307,53,-33,12
1739724742.0091307,-128,-68,2
1739724742.0541308,44,22,64
1739724742.1001308,-29,46,9
1739724742.1461308,27,7,-149
1739724742.1921306,16,30,-29
1739724742.2371306,44,64,-163
1739724742.2831306,3,8,-37
1739724742.3291306,-62,28,-153
1739724742.3741307,19,-24,-93
1739724742.4201307,-83,-16,40
1739724742.4661307,2,-52,-68
1739724742.5121307,46,-38,6
1739724742.5571306,-57,7,64
1739724742.6031306,15,-31,-77
1739724742.6491306,-3,13,68
1739724742.694131,16,-5,-183
1739724742.740131,-18,-51,-70
1739724742.786131,-17,5,-185
1739724742.832131,37,-19,-53
1739724742.8771307,12,19,-55
1739724742.9231308,10,27,-21
1739724742.9691308,-11,14,-67
1739724743.0141306,-46,-14,72
1739724743.0601306,-6,-6,-28
1739724743.1061306,3,-31,78
1739724743.1521306,-15,-34,36
1739724743.197131,26,-10,20
1739724743.2431307,4,23,-101
1739724743.2891307,-6,32,-17
1739724743.3341308,38,-41,-67
1739724743.3801308,32,-10,28
1739724743.4261308,33,-55,-172
1739724743.4721308,-30,29,-61
1739724743.5171306,2,-43,-18
1739724743.5631306,-27,15,-63
1739724743.6091306,-48,-10,54
1739724743.6541307,-40,-74,-8
1739724743.7001307,15,-62,-28
1739724743.7461307,-3,15,-143
1739724743.7921307,61,9,-23
1739724743.8371308,45,11,-35
1739724743.8831308,-53,72,45
1739724743.9291308,-45,-59,-86
1739724743.9741306,-92,26,-33
1739724744.0201306,16,-73,-26
1739724744.0661306,-70,-1,-117
1739724744.1121306,27,7,-71
1739724744.1571307,-36,-9,-27
1739724744.2031307,11,14,106
1739724744.2491307,5,-32,-76
1739724744.2941308,3,4,18
1739724744.3401306,-5,-27,-34
1739724744.3861306,0,14,33
1739724744.4321306,6,-1,-9
1739724744.477131,43,4,-33
1739724744.523131,-36,22,0
1739724744.569131,-81,38,-135
1739724744.6141307,-40,-4,-64
1739724744.6601307,-34,100,-15
1739724744.7061307,103,70,-169
1739724744.7521307,25,16,0
1739724744.7971306,-77,50,11
1739724744.8431306,-3,-24,-71
1739724744.8891306,-98,0,-8
1739724744.934131,54,-12,31
1739724744.980131,-70,-4,0
1739724745.026131,8,59,33
1739724745.072131,63,34,-177
1739724745.1171308,-65,-15,-88
1739724745.1631308,-47,-28,-24
1739724745.2091308,-56,23,-155
1739724745.2541306,16,21,-91
1739724745.3001306,-18,67,-129
1739724745.3461306,-4,26,-33
1739724745.3921306,15,-29,-91
1739724745.4371307,36,52,-53
1739724745.4831307,54,-50,-41
1739724745.5291307,-7,42,23
1739724745.5741308,-6,-10,-51
1739724745.6201308,132,-40,21
1739724745.6661308,14,31,29
1739724745.7121308,90,94,-97
1739724745.7571306,-20,-73,-66
1739724745.8031306,-21,-19,0
1739724745.8541307,6,17,-61
1739724745.9001307,-18,65,4
1739724745.9461308,45,15,-75
1739724745.9921308,-12,-36,-79
1739724746.0371306,-3,-26,12
1739724746.0831306,-48,-28,-45
1739724746.1291306,20,-20,-67
1739724746.174131,-75,0,-93
1739724746.2201307,-7,-36,37
1739724746.2661307,47,45,-49
1739724746.3121307,-53,9,34
1739724746.3571308,35,-15,-91
1739724746.4031308,-100,-91,50
1739724746.4491308,-28,7,-40
1739724746.4941306,-10,6,10
1739724746.5401306,-29,-39,5
1739724746.5861306,-61,-77,89
1739724746.6321306,44,41,-39
1739724746.6771307,54,71,-56
1739724746.7231307,27,-44,-55
1739724746.7691307,22,-20,-15
1739724746.8141308,-7,58,-135
1739724746.8601308,9,-11,-179
1739724746.9061308,16,1,-35
1739724746.9521308,-88,-66,-73
1739724746.9971306,29,-6,0
1739724747.0431306,53,-78,-123
1739724747.0891306,-27,1,52
1739724747.1341307,-6,26,-99
1739724747.1801307,77,-10,-49
1739724747.2261307,70,5,15
1739724747.2721307,1,-13,-87
1739724747.3171306,24,-65,74
1739724747.3631306,-60,25,-43
1739724747.4091306,-48,-35,-49
1739724747.4541306,13,-11,-127
1739724747.500131,-39,-36,-59
1739724747.546131,-17,65,-62
1739724747.592131,-87,-34,-16
1739724747.6371307,-26,59,-22
1739724747.6831307,-24,0,62
1739724747.7291307,-73,-16,16
1739724747.7741306,0,-39,-29
1739724747.8201306,-54,-17,118
1739724747.8661306,36,116,-78
1739724747.9121306,10,13,-77
1739724747.957131,43,57,-29
1739724748.003131,-23,-11,-43
1739724748.049131,-65,-53,18
1739724748.0941308,-34,-15,-56
1739724748.1401308,-42,-44,-71
1739724748.1861308,-22,89,-25
1739724748.2311306,53,-26,-87
1739724748.2771306,44,-58,-89
1739724748.3231306,-21,9,24
1739724748.3691306,-8,24,76
1739724748.4141307,-12,20,-179
1739724748.4601307,24,16,-91
1739724748.5061307,8,-26,18
1739724748.5511308,-25,-5,-95
1739724748.5971308,5,0,0
1739724748.6431308,32,31,-91
1739724748.6891308,25,45,-141
1739724748.7341306,-63,-88,-56
1739724748.7801306,5,42,51
1739724748.8261306,-8,23,-101
1739724748.8711307,-52,-49,-34
1739724748.9171307,-50,23,-117
1739724748.9631307,-42,35,-49
1739724749.0091307,-72,-47,60
1739724749.0541308,-37,44,-13
1739724749.1001308,3,-35,2
1739724749.1461308,27,-21,-149
1739724749.1911306,66,17,-9
1739724749.2371306,-27,16,-27
1739724749.2831306,-43,2,-27
1739724749.3291306,3,12,-81
1739724749.3741307,-103,18,35
1739724749.4201307,11,48,-1
1739724749.4661307,8,34,-19
1739724749.5111306,-29,42,11
1739724749.5571306,42,-52,174
1739724749.6031306,-56,34,11
1739724749.6491306,73,36,37
1739724749.694131,-45,-93,24
1739724749.740131,89,-30,72
1739724749.786131,20,-9,14
1739724749.8311307,66,-15,-54
1739724749.8771307,-4,24,-101
1739724749.9231308,13,-19,22
1739724749.9691308,0,26,25
1739724750.0141306,23,16,-7
1739724750.0601306,-3,0,34
1739724750.1061306,-86,-10,-38
1739724750.151131,-53,49,52
1739724750.197131,16,19,-63
1739724750.2431307,20,56,43
1739724750.2891307,-15,-22,-82
1739724750.3341308,3,57,-149
1739724750.3801308,73,9,-15
1739724750.4261308,11,-57,-74
1739724750.4711306,61,6,55
1739724750.5171306,22,32,-187
1739724750.5631306,32,-12,-73
1739724750.6091306,-40,24,-2
1739724750.6541307,-42,32,142
1739724750.7001307,147,-25,33
1739724750.7461307,4,0,-111
1739724750.7911308,24,-8,5
1739724750.8371308,-118,-34,-134
1739724750.8831308,-73,12,-4
1739724750.9291308,-6,53,-41
1739724750.9741306,17,46,67
1739724751.0201306,64,-72,68
1739724751.0661306,18,101,-51
1739724751.1111307,-26,28,63
1739724751.1571307,63,-1,31
1739724751.2031307,-117,-25,-133
1739724751.2491307,57,-28,-1
1739724751.2941308,14,63,-97
1739724751.3401306,-15,5,-49
1739724751.3861306,-17,13,-77
1739724751.4311306,-23,15,76
1739724751.477131,97,-1,11
1739724751.523131,29,-23,24
1739724751.569131,65,-31,-26
1739724751.6141307,-55,12,-131
1739724751.6601307,15,4,-49
1739724751.7061307,25,-25,-28
1739724751.7511306,37,-54,4
1739724751.7971306,-86,-39,56
1739724751.8431306,-30,-6,8
1739724751.8891306,-9,-21,-52
1739724751.934131,-49,-21,-12
1739724751.980131,27,-19,12
1739724752.026131,30,-47,12
1739724752.0711308,11,4,-115
1739724752.1171308,63,15,30
1739724752.1631308,-3,17,-31
1739724752.2091308,5,-30,0
1739724752.2541306,33,-27,-22
1739724752.3001306,30,-79,46
1739724752.3461306,-36,-5,-65
1739724752.3911307,-19,2,-31
1739724752.4371307,-27,-58,-84
1739724752.4831307,44,-14,-140
1739724752.5291307,2,18,-207
1739724752.5741308,-131,-64,-46
1739724752.6201308,14,-36,-112
1739724752.6661308,-66,36,5
1739724752.7111306,-102,32,-27
1739724752.7571306,-49,12,-223
1739724752.8031306,24,28,-59
1739724752.8491306,-41,10,20
1739724752.8941307,-10,24,37
1739724752.9401307,3,39,-113
1739724752.9861307,-71,89,-67
1739724753.0311308,10,-17,-125
1739724753.0771308,59,2,-49
1739724753.1231308,-21,-28,-136
1739724753.1691308,-37,-23,-80
1739724753.2141306,-31,-28,-78
1739724753.2601306,-101,14,-89
1739724753.3061306,-4,31,-51
1739724753.3511307,-9,-63,-10
1739724753.3971307,-10,19,-125
1739724753.4431307,-58,-110,-90
1739724753.4891307,29,47,-21
1739724753.5341306,17,36,65
1739724753.5801306,51,-25,-139
1739724753.6261306,-18,-47,-76
1739724753.671131,-42,-40,0
1739724753.717131,0,-27,-72
1739724753.763131,-86,-4,0
1739724753.809131,-6,0,20
1739724753.8541307,-23,-25,-86
1739724753.9001307,11,43,-21
1739724753.9461308,98,24,19
1739724753.9911306,18,-9,18
1739724754.0371306,9,-20,70
1739724754.0831306,-49,-61,12
1739724754.1291306,-47,37,-83
1739724754.174131,-24,30,-41
1739724754.2201307,-41,-18,-6
1739724754.2661307,2,-39,-2
1739724754.3111308,86,-43,11
1739724754.3571308,-53,50,-50
1739724754.4031308,-79,-17,-9
1739724754.4491308,4,-2,-28
1739724754.4941306,-45,15,40
1739724754.5401306,25,0,-112
1739724754.5861306,2,-8,35
1739724754.6311307,24,25,18
1739724754.6771307,-45,2,51
1739724754.7231307,14,-6,-88
1739724754.7691307,-8,-51,-149
1739724754.8141308,-4,63,-110
1739724754.8601308,0,-24,49
1739724754.9061308,1,22,-96
1739724754.9511306,-41,43,106
1739724754.9971306,-38,-7,-58
1739724755.0431306,-26,-6,-66
1739724755.0891306,-23,-20,-62
1739724755.1341307,-36,0,2
1739724755.1801307,16,22,-84
1739724755.2261307,-56,56,32
1739724755.2711308,92,61,-66
1739724755.3171306,-12,27,-156
1739724755.3631306,36,91,-16
1739724755.4091306,-8,-43,-59
1739724755.4541306,-11,-7,95
1739724755.500131,32,0,15
1739724755.546131,63,-17,39
1739724755.5911307,-13,47,-72
1739724755.6371307,-41,-129,-57
1739724755.6831307,-75,-17,-90
1739724755.7291307,-42,-11,-8
1739724755.7741306,-33,38,-34
1739724755.8261306,-5,-23,-17
1739724755.8711307,14,98,-96
1739724755.9171307,-16,-1,-94
1739724755.9631307,43,-22,29
1739724756.0091307,28,27,-72
1739724756.0541308,81,8,-52
1739724756.1001308,22,-1,79
1739724756.1461308,28,-7,-26
1739724756.1911306,-55,-54,-8
1739724756.2371306,-18,32,-22
1739724756.2831306,-35,2,-86
1739724756.3291306,61,3,-36
1739724756.3741307,1,-20,-35
1739724756.4201307,-25,-88,-101
1739724756.4661307,37,-24,71
1739724756.5111306,18,25,-104
1739724756.5571306,-19,42,-90
1739724756.6031306,-27,-56,-172
1739724756.6491306,-8,33,-106
1739724756.694131,29,5,21
1739724756.740131,50,-1,53
1739724756.786131,84,-8,-44
1739724756.8301306,-31,3,-45
1739724756.8761306,-1,1,33
1739724756.9221306,-97,55,-37
1739724756.967131,29,-1,-2
1739724757.013131,-6,-45,-130
1739724757.059131,-45,-41,4
1739724757.105131,-40,22,-18
1739724757.1501307,36,20,-72
1739724757.1961308,-96,26,-136
1739724757.2421308,25,-1,-24
1739724757.2871306,55,32,27
1739724757.3331306,-36,57,-94
1739724757.3791306,-2,-9,-206
1739724757.4251306,-15,45,-114
1739724757.4701307,-56,56,16
1739724757.5161307,-26,18,56
1739724757.5621307,14,6,-31
1739724757.6071308,96,-33,-19
1739724757.6531308,-26,-12,-48
1739724757.6991308,-12,23,4
1739724757.7451308,-20,38,-2
1739724757.7901306,7,-14,43
1739724757.8361306,-32,-64,-66
1739724757.8821306,-19,30,32
1739724757.9271307,-43,23,-224
1739724757.9731307,52,42,-93
1739724758.0191307,14,36,-15
1739724758.0651307,-21,-46,16
1739724758.1101308,4,116,0
1739724758.1561308,-19,-8,45
1739724758.2021308,-8,-19,-32
1739724758.2471306,-89,24,-124
1739724758.2931306,-28,6,-6
1739724758.3391306,-70,-18,-60
1739724758.3841307,-64,1,-6
1739724758.4301307,40,-16,-88
1739724758.4761307,83,69,34
1739724758.5221307,-10,27,-98
1739724758.5671306,-39,125,-48
1739724758.6131306,71,-32,-82
1739724758.6591306,-11,-56,9
1739724758.7041306,-77,2,-30
1739724758.750131,3,-29,-25
1739724758.796131,-61,-23,-95
1739724758.842131,-39,-21,0
1739724758.8871307,-4,-9,-80
1739724758.9331307,-22,-38,33
1739724758.9791307,10,3,19
1739724759.0241306,0,2,-74
1739724759.0701306,13,29,7
1739724759.1161306,25,-12,95
1739724759.1621306,38,-29,-6
1739724759.207131,1,-17,0
1739724759.253131,25,56,-53
1739724759.299131,-14,-18,-36
1739724759.3441308,62,14,-128
1739724759.3901308,43,24,19
1739724759.4361308,29,-1,33
1739724759.4821308,-10,-9,95
1739724759.5271306,-78,-35,-60
1739724759.5731306,7,29,-122
1739724759.6191306,13,-46,-31
1739724759.6641307,-5,-75,-34
1739724759.7101307,113,-52,-75
1739724759.7561307,1,12,-24
1739724759.8021307,-40,-1,-44
1739724759.8471308,-48,91,-40
1739724759.8931308,-15,-69,-63
1739724759.9391308,-89,-7,-52
1739724759.9841306,0,12,0
1739724760.0301306,-13,-13,-46
1739724760.0761306,21,53,-25
1739724760.1221306,57,-53,-9
1739724760.1671307,0,5,-78
1739724760.2131307,-30,76,-142
1739724760.2591307,20,0,79
1739724760.3041308,27,-39,27
1739724760.3501308,-41,-7,-24
1739724760.3961308,43,-2,-105
1739724760.4421306,51,-1,-25
1739724760.4871306,-6,-89,15
1739724760.5331306,-47,-9,50
1739724760.5791306,-81,65,-78
1739724760.6241307,-18,-31,-96
1739724760.6701307,-48,-51,5
1739724760.7161307,-58,-72,-36
1739724760.7621307,39,-69,-62
1739724760.8071306,33,-28,-72
1739724760.8531306,52,-16,-130
1739724760.8991306,33,80,-138
1739724760.944131,-25,53,-6
1739724760.990131,9,16,-96
1739724761.036131,32,-49,19
1739724761.082131,-14,-45,-71
1739724761.1271307,50,52,82
1739724761.1731308,-2,32,-24
1739724761.2191308,19,-28,-62
1739724761.2641306,-34,-81,-75
1739724761.3101306,-22,-14,73
1739724761.3561306,-68,-8,-16
1739724761.4021306,-22,-11,-140
1739724761.447131,-62,0,13
1739724761.4931307,12,59,-64
1739724761.5391307,-3,-26,85
1739724761.5841308,-15,-28,-17
1739724761.6301308,17,-24,0
1739724761.6761308,-24,99,-30
1739724761.7221308,26,-1,-86
1739724761.7671306,4,-42,-63
1739724761.8131306,9,41,-22
1739724761.8591306,-16,-7,-3
1739724761.9041307,58,-2,-138
1739724761.9501307,5,-20,39
1739724761.9961307,-24,24,-20
1739724762.0421307,-27,-24,0
1739724762.0871308,-105,8,-68
1739724762.1331308,-35,-34,-120
1739724762.1791308,58,-15,-48
1739724762.2241306,49,-22,-23
1739724762.2701306,-20,-113,49
1739724762.3161306,-19,12,-126
1739724762.3621306,-44,32,-96
1739724762.4071307,20,-33,-114
1739724762.4531307,-28,25,-36
1739724762.4991307,-22,48,-68
1739724762.5441308,74,-30,-58
1739724762.5901306,-72,-46,5
1739724762.6361306,-53,-92,-51
1739724762.6821306,-10,29,-124
1739724762.727131,-8,-47,-41
1739724762.773131,-6,25,-116
1739724762.819131,-19,16,-52
1739724762.8641307,-88,-38,87
1739724762.9101307,69,42,-40
1739724762.9561307,22,-1,28
1739724763.0021307,40,-11,-120
1739724763.0471306,40,69,86
1739724763.0931306,-13,40,-24
1739724763.1391306,-76,30,17
1739724763.184131,-56,-35,-67
1739724763.230131,-54,-3,9
1739724763.276131,-40,30,11
1739724763.322131,-15,14,77
1739724763.3671308,34,-8,66
1739724763.4131308,-41,14,-25
1739724763.4591308,-3,12,-114
1739724763.5041306,28,-54,52
1739724763.5501306,-70,21,-37
1739724763.5961306,-20,-47,9
1739724763.6421306,1,-25,-152
1739724763.6871307,10,-39,-66
1739724763.7331307,21,52,-6
1739724763.7791307,-42,-48,-31
1739724763.8241308,5,47,-60
1739724763.8701308,4,-11,-50
1739724763.9161308,-30,35,-4
1739724763.9621308,101,14,-108
1739724764.0071306,65,34,-22
1739724764.0531306,10,31,82
1739724764.0991306,34,-14,76
1739724764.1441307,-104,-35,1
1739724764.1901307,-100,31,41
1739724764.2361307,-33,-21,-51
1739724764.2821307,12,27,-30
1739724764.3271308,22,-14,-50
1739724764.3731308,46,65,-12
1739724764.4191308,-35,50,-1
1739724764.4641306,14,27,60
1739724764.5101306,-32,-5,47
1739724764.5561306,-30,31,-5
1739724764.602131,-40,30,-47
1739724764.6471307,27,40,34
1739724764.6931307,-27,45,-82
1739724764.7391307,37,13,28
1739724764.7841306,35,-31,-100
1739724764.8301306,72,28,-2
1739724764.8761306,-8,36,-60
1739724764.9221306,16,-3,-14
1739724764.967131,15,47,12
1739724765.013131,59,4,-98
1739724765.059131,-62,-37,-111
1739724765.1041307,-25,49,6
1739724765.1501307,42,21,12
1739724765.1961308,-26,35,-144
1739724765.2421308,62,28,-156
1739724765.2871306,11,45,40
1739724765.3331306,63,-22,0
1739724765.3791306,-29,-21,15
1739724765.424131,-36,60,0
1739724765.4701307,28,66,-46
1739724765.5161307,-113,-28,-77
1739724765.5621307,72,24,32
1739724765.6071308,-26,-45,21
1739724765.6531308,53,45,-134
1739724765.6991308,18,-16,-126
1739724765.7441306,35,-25,18
1739724765.7901306,47,41,-68
1739724765.842131,-29,-33,-17
1739724765.8871307,7,9,24
1739724765.9331307,-1,4,21
1739724765.9791307,-20,-35,-65
1739724766.0241306,-46,20,-79
1739724766.0701306,-14,-14,-49
1739724766.1161306,-35,52,-47
1739724766.1621306,101,10,-18
1739724766.207131,-26,-79,-61
1739724766.253131,-31,13,71
1739724766.299131,38,61,-44
1739724766.3441308,-46,24,-97
1739724766.3901308,76,17,-148
1739724766.4361308,-61,13,7
1739724766.4821308,-16,65,-56
1739724766.5271306,-5,-66,-1
1739724766.5731306,-3,2,-52
1739724766.6191306,-10,30,63
1739724766.6641307,59,44,-64
1739724766.7101307,-5,-30,-1
1739724766.7561307,63,8,-64
1739724766.8021307,-14,32,-46
1739724766.8471308,7,7,-146
1739724766.8931308,-8,-10,-150
1739724766.9391308,-25,-23,-37
1739724766.9841306,25,72,-176
1739724767.0301306,-9,10,-124
1739724767.0761306,-7,12,-14
1739724767.1221306,13,1,-38
1739724767.1671307,-50,28,-37
1739724767.2131307,30,22,98
1739724767.2591307,13,-19,-46
1739724767.3041308,78,-43,-24
1739724767.3501308,-80,-74,95
1739724767.3961308,-7,86,-60
1739724767.4421306,18,-38,-73
1739724767.4871306,40,-17,-36
1739724767.5331306,-106,-11,-75
1739724767.5791306,-97,43,1
1739724767.6241307,35,-19,-66
1739724767.6701307,-4,26,-56
1739724767.7161307,-14,35,-62
1739724767.7621307,-3,41,6
1739724767.8071306,17,-21,-11
1739724767.8531306,28,63,-34
1739724767.8991306,5,90,-112
1739724767.944131,27,3,-144
1739724767.990131,53,6,-44
1739724768.036131,3,-26,-61
1739724768.082131,78,-46,27
1739724768.1271307,13,74,-14
1739724768.1731308,-20,-80,-13
1739724768.2191308,0,-13,-63
1739724768.2641306,-26,0,-34
1739724768.3101306,-134,-13,0
1739724768.3561306,31,16,-24
1739724768.4021306,30,58,-30
1739724768.447131,46,69,-70
1739724768.4931307,67,10,4
1739724768.5391307,24,34,-42
1739724768.5841308,30,-40,-109
1739724768.6301308,-3,-20,-47
1739724768.6761308,-16,-4,-135
1739724768.7211306,42,-43,-83
1739724768.7671306,50,-47,-7
1739724768.8131306,-25,45,-90
1739724768.8591306,-21,-33,-37
1739724768.9041307,-83,-30,-49
1739724768.9501307,-55,9,-153
1739724768.9961307,17,-19,77
1739724769.0411308,-21,-63,-55
1739724769.0871308,29,52,-50
1739724769.1331308,-48,-10,-13
1739724769.1791308,-17,-20,-71
1739724769.2241306,-58,-7,13
1739724769.2701306,-61,-31,-151
1739724769.3161306,-11,46,-4
1739724769.3611307,-26,19,-28
1739724769.4071307,18,-16,-12
1739724769.4531307,16,-82,-85
1739724769.4991307,15,-23,43
1739724769.5441308,-8,-8,-111
1739724769.5901306,-6,24,16
1739724769.6361306,51,53,-136
1739724769.6811306,-5,-66,73
1739724769.727131,0,3,-196
1739724769.773131,4,-51,-93
1739724769.819131,97,74,-2
1739724769.8641307,5,53,2
1739724769.9101307,59,-1,-74
1739724769.9561307,-18,-46,-75
1739724770.0011306,-6,-40,-75
1739724770.0471306,4,-41,85
1739724770.0931306,-49,-34,-87
1739724770.1391306,-71,11,-85
1739724770.184131,15,9,-70
1739724770.230131,11,83,-34
1739724770.276131,-18,33,10
1739724770.3211308,82,-41,-32
1739724770.3671308,-85,14,15
1739724770.4131308,-2,0,-50
1739724770.4591308,55,6,0
1739724770.5041306,-28,27,45
1739724770.5501306,40,-77,-71
1739724770.5961306,-70,33,-141
1739724770.6411307,2,41,-26
1739724770.6871307,62,-16,12
1739724770.7331307,-9,-96,-7
1739724770.7791307,50,69,-150
1739724770.8241308,26,20,-30
1739724770.8701308,-6,0,-82
1739724770.9161308,-35,7,-35
1739724770.9611306,59,40,-24
1739724771.0071306,-30,19,-66
1739724771.0531306,-34,27,34
1739724771.0991306,15,-29,-113
1739724771.1441307,-45,12,-71
1739724771.1901307,9,15,-62
1739724771.2361307,18,31,2
1739724771.2811308,-52,-36,-9
1739724771.3271308,-28,-1,-5
1739724771.3731308,8,-7,41
1739724771.4191308,7,11,-12
1739724771.4641306,-102,-81,13
1739724771.5101306,45,-27,39
1739724771.5561306,-43,16,-125
1739724771.6011307,8,-15,-21
1739724771.6471307,-37,14,-89
1739724771.6931307,49,1,-142
1739724771.7391307,30,-46,3
1739724771.7841306,43,15,10
1739724771.8301306,44,35,-66
1739724771.8761306,-90,75,-34
1739724771.921131,10,59,-64
1739724771.967131,-30,69,-6
1739724772.013131,-32,31,-44
1739724772.059131,24,-8,-92
1739724772.1041307,0,-28,59
1739724772.1501307,24,30,-40
1739724772.1961308,41,-25,23
1739724772.2411306,25,86,-94
1739724772.2871306,-4,32,-152
1739724772.3331306,39,0,-90
1739724772.3791306,-49,-24,-83
1739724772.424131,-26,23,42
1739724772.4701307,-51,18,-76
1739724772.5161307,29,-68,19
1739724772.5611308,16,-15,-63
1739724772.6071308,39,7,-40
1739724772.6531308,52,-2,0
1739724772.6991308,47,-23,-57
1739724772.7441306,64,-54,-161
1739724772.7901306,-43,92,-110
1739724772.8361306,20,32,-42
1739724772.8811307,48,31,-132
1739724772.9271307,-41,5,4
1739724772.9731307,69,2,94
1739724773.0191307,-2,0,-9
1739724773.0641308,-77,46,-24
1739724773.1101308,70,20,-18
1739724773.1561308,-67,51,-120
1739724773.2011306,26,-18,27
1739724773.2471306,-21,39,50
1739724773.2931306,89,35,-74
1739724773.3391306,3,-19,-89
1739724773.3841307,15,-57,-99
1739724773.4301307,-22,-9,-113
1739724773.4761307,6,-5,-45
1739724773.5211308,19,-64,-75
1739724773.5671306,-96,63,-66
1739724773.6131306,-4,55,-116
1739724773.6591306,-70,144,-56
1739724773.7041306,40,21,34
1739724773.750131,-34,102,-86
1739724773.796131,-13,46,-38
1739724773.8411307,-77,-52,-97
1739724773.8871307,6,67,4
1739724773.9331307,32,68,-94
1739724773.9791307,-15,38,-72
1739724774.0241306,4,29,64
1739724774.0701306,49,51,14
1739724774.1161306,11,-59,45
1739724774.161131,51,-33,4
1739724774.207131,-86,-10,-87
1739724774.253131,-80,0,-35
1739724774.299131,-13,0,1
1739724774.3441308,10,27,-8
1739724774.3901308,31,54,-158
1739724774.4361308,-17,2,-13
1739724774.4811306,43,41,-44
1739724774.5271306,18,-36,-20
1739724774.5731306,31,-10,-180
1739724774.6191306,50,0,28
1739724774.6641307,35,-105,-54
1739724774.7101307,-32,-89,-73
1739724774.7561307,9,9,-98
1739724774.8011308,19,28,35
1739724774.8471308,12,-18,-68
1739724774.8931308,28,40,61
1739724774.9391308,-11,10,-47
1739724774.9841306,-27,39,-67
1739724775.0301306,12,65,-64
1739724775.0761306,-22,21,-65
1739724775.1211307,-19,1,-35
1739724775.1671307,-49,12,11
1739724775.2131307,-34,29,-155
1739724775.2591307,-34,63,-168
1739724775.3041308,-73,40,-121
1739724775.3501308,39,53,-34
1739724775.3961308,-38,30,-114
1739724775.4411306,14,-111,-37
1739724775.4871306,31,-20,36
1739724775.5331306,-51,-54,-137
1739724775.5791306,13,-21,-43
1739724775.6241307,-34,21,-9
1739724775.6701307,50,21,0
1739724775.7161307,-25,39,-26
1739724775.7611306,10,23,-70
1739724775.8071306,-20,-9,93
1739724775.8591306,95,-72,40
1739724775.9041307,-35,40,85
1739724775.9501307,33,12,34
1739724775.9961307,24,21,-78
1739724776.0411308,58,-5,-11
1739724776.0871308,-22,-40,-41
1739724776.1331308,-39,41,-20
1739724776.1791308,79,-71,-8
1739724776.2241306,-52,-51,23
1739724776.2701306,-19,1,-28
1739724776.3161306,-143,7,-16
1739724776.3611307,0,20,36
1739724776.4071307,-37,56,-112
1739724776.4531307,20,56,-118
1739724776.4991307,26,-10,22
1739724776.5441308,0,30,-78
1739724776.5901306,126,-114,-90
1739724776.6361306,-5,14,-14
1739724776.6811306,59,38,-100
1739724776.727131,13,37,28
1739724776.773131,30,-8,36
1739724776.819131,-24,109,-174
1739724776.8641307,59,-36,56
1739724776.9101307,-31,-23,-141
1739724776.9561307,1,-21,69
1739724777.0011306,4,81,-84
1739724777.0471306,68,-12,-98
1739724777.0931306,-14,-8,-83
1739724777.1391306,-6,62,26
1739724777.184131,-92,-2,-183
1739724777.230131,-27,-63,69
1739724777.276131,-16,-12,55
1739724777.3211308,19,50,-48
1739724777.3671308,-2,-10,-31
1739724777.4131308,19,83,-144
1739724777.4591308,7,-63,-133
1739724777.5041306,-2,-38,33
1739724777.5501306,51,0,-10
1739724777.5961306,-7,12,-84
1739724777.6411307,-33,5,-97
1739724777.6871307,-11,16,-86
1739724777.7331307,26,-12,-42
1739724777.7791307,7,-21,-143
1739724777.8241308,57,-28,-22
1739724777.8701308,-82,1,-31
1739724777.9161308,34,-12,-48
1739724777.9611306,-3,-62,61
1739724778.0071306,-34,-73,-75
1739724778.0531306,-26,-73,67
1739724778.0991306,-25,3,15
1739724778.1441307,95,46,-42
1739724778.1901307,-106,-9,-49
1739724778.2361307,-54,0,11
1739724778.2811308,-17,0,-35
1739724778.3271308,22,-50,-71
1739724778.3731308,62,-14,-40
1739724778.4191308,-6,-10,79
1739724778.4641306,-53,12,-11
1739724778.5101306,-17,12,19
1739724778.5561306,-69,-67,-47
1739724778.6011307,-60,101,15
1739724778.6471307,0,-5,51
1739724778.6931307,20,-10,18
1739724778.7381306,1,26,-62
1739724778.7841306,-53,-19,-113
1739724778.8301306,-69,16,28
1739724778.8761306,-91,-23,-75
1739724778.921131,-82,0,-86
1739724778.967131,-75,53,-92
1739724779.013131,-35,38,-142
1739724779.0581307,47,44,-82
1739724779.1041307,20,31,26
1739724779.1501307,-34,56,-146
1739724779.1961308,26,-2,112
1739724779.2411306,85,-58,-73
1739724779.2871306,41,41,-112
1739724779.3331306,33,-35,-57
1739724779.378131,11,-60,17
1739724779.424131,-15,-21,-45
1739724779.4701307,21,-27,-45
1739724779.5161307,71,7,80
1739724779.5611308,8,22,76
1739724779.6071308,-6,0,122
1739724779.6531308,105,-33,-33
1739724779.6981306,-40,-13,-57
1739724779.7441306,37,10,-84
1739724779.7901306,66,17,9
1739724779.8361306,96,15,-25
1739724779.8811307,-1,51,-18
1739724779.9271307,24,19,-25
1739724779.9731307,0,23,-43
1739724780.0181308,-39,-25,-75
1739724780.0641308,-65,-20,128
1739724780.1101308,-62,-16,4
1739724780.1561308,-28,0,-69
1739724780.2011306,70,19,-40
1739724780.2471306,-20,24,-5
1739724780.2931306,-17,7,-35
1739724780.3381307,-1,0,-117
1739724780.3841307,-8,57,-25
1739724780.4301307,-90,23,-69
1739724780.4761307,-30,-16,-4
1739724780.5211308,-27,-35,-36
1739724780.5671306,1,96,7
1739724780.6131306,-22,35,-1
1739724780.6581306,55,8,-55
1739724780.7041306,83,-25,11
1739724780.750131,19,-33,-179
1739724780.796131,26,33,-43
1739724780.8411307,-31,6,-45
1739724780.8871307,24,29,-47
1739724780.9331307,-26,24,-61
1739724780.9781306,56,-5,-19
1739724781.0241306,-8,61,-93
1739724781.0701306,-11,9,-93
1739724781.1161306,-95,-91,-77
1739724781.161131,-7,11,62
1739724781.207131,-20,72,59
1739724781.253131,-66,0,-31
1739724781.2981308,7,0,46
1739724781.3441308,0,19,54
1739724781.3901308,19,-37,-16
1739724781.4361308,-13,14,-149
1739724781.4811306,-21,-21,-47
1739724781.5271306,72,-4,-57
1739724781.5731306,50,21,-113
1739724781.6181307,16,72,-129
1739724781.6641307,0,-11,38
1739724781.7101307,-42,-2,-51
1739724781.7561307,-89,-34,-52
1739724781.8011308,55,45,0
1739724781.8471308,-35,13,30
1739724781.8931308,-29,15,-137
1739724781.9381306,1,-19,-41
1739724781.9841306,20,42,-117
1739724782.0301306,-49,22,-147
1739724782.0761306,-11,24,-2
1739724782.1211307,-42,50,40
1739724782.1671307,60,4,-83
1739724782.2131307,-58,-65,30
1739724782.2581308,-38,6,-103
1739724782.3041308,12,-21,-19
1739724782.3501308,-45,-8,110
1739724782.3961308,-19,35,-32
1739724782.4411306,-52,-24,-4
1739724782.4871306,3,19,-59
1739724782.5331306,-14,-32,-13
1739724782.5781307,81,31,-39
1739724782.6241307,-15,24,18
1739724782.6701307,1,27,44
1739724782.7161307,12,77,66
1739724782.7611306,-26,-35,-8
1739724782.8071306,-10,-30,86
1739724782.8531306,105,32,-103
1739724782.898131,-49,62,62
1739724782.9431307,15,29,-101
1739724782.9891307,-12,-30,-69
1739724783.0341306,58,16,-81
1739724783.0801306,18,-28,7
1739724783.1261306,15,-9,-127
1739724783.1721306,38,-23,91
1739724783.217131,-45,-2,-42
1739724783.263131,24,-22,33
1739724783.309131,-30,7,32
1739724783.3541307,37,62,122
1739724783.4001307,-6,38,-42
1739724783.4461308,-10,44,-66
1739724783.4921308,-17,-2,-105
1739724783.5371306,-1,0,-75
1739724783.5831306,-48,6,-151
1739724783.6291306,-39,-6,-111
1739724783.674131,-64,19,58
1739724783.7201307,-9,64,-14
1739724783.7661307,36,14,-29
1739724783.8121307,54,83,-42
1739724783.8571308,47,19,4
1739724783.9031308,-64,41,62
1739724783.9491308,52,39,-147
1739724783.9941306,-38,-22,-19
1739724784.0401306,-5,-44,-29
1739724784.0861306,-19,-49,-187
1739724784.1321306,11,27,-56
1739724784.1771307,-17,-42,-17
1739724784.2231307,-25,63,-12
1739724784.2691307,28,50,132
1739724784.3141308,-84,80,92
1739724784.3601308,66,-20,-119
1739724784.4061308,3,-3,-3
1739724784.4521308,4,-63,37
1739724784.4971306,42,-35,-37
1739724784.5431306,-31,29,0
1739724784.5891306,18,51,-37
1739724784.6341307,-25,-7,-36
1739724784.6801307,-23,37,-16
1739724784.7261307,-56,17,-62
1739724784.7721307,23,-14,17
1739724784.8171306,1,19,-75
1739724784.8631306,40,0,-65
1739724784.9091306,-6,-56,-89
1739724784.9541306,-36,-21,-19
1739724785.000131,-89,102,-56
1739724785.046131,36,-71,-25
1739724785.092131,16,55,-69
1739724785.1371307,12,-23,-63
1739724785.1831307,-5,-40,-77
1739724785.2291307,67,-14,-59
1739724785.2741306,-17,-2,-8
1739724785.3201306,50,31,-21
1739724785.3661306,-20,29,-105
1739724785.4121306,70,-10,-107
1739724785.457131,-41,-22,-95
1739724785.503131,-20,57,1
1739724785.549131,35,6,-91
1739724785.5941308,-26,-87,-102
1739724785.6401308,45,53,0
1739724785.6861308,47,3,0
1739724785.7321308,-19,55,-47
1739724785.7771306,-9,46,-37
1739724785.8231306,12,67,80
1739724785.8741307,6,23,-47
1739724785.9201307,52,63,31
1739724785.9661307,-53,-68,-90
1739724786.0121307,11,-63,-67
1739724786.0571306,-28,-9,-81
1739724786.1031306,25,0,-49
1739724786.1491306,-13,4,-241
1739724786.194131,41,0,-145
1739724786.240131,58,34,9
1739724786.286131,-76,-46,-14
1739724786.332131,3,61,-53
1739724786.3771307,48,-53,-4
1739724786.4231308,-21,15,-14
1739724786.4691308,71,82,-83
1739724786.5141306,12,33,-115
1739724786.5601306,-9,-26,-22
1739724786.6061306,24,28,98
1739724786.6521306,-13,-20,-92
1739724786.697131,64,94,67
1739724786.7441306,-12,28,-5
1739724786.7901306,25,0,25
1739724786.8361306,-19,11,60
1739724786.8811307,-59,55,-74
1739724786.9271307,-20,-76,-26
1739724786.9731307,69,-38,-57
1739724787.0181308,75,15,23
1739724787.0641308,-63,-65,-16
1739724787.1101308,33,-20,61
1739724787.1561308,125,113,7
1739724787.2011306,-29,51,-59
1739724787.2471306,26,-16,-63
1739724787.2931306,-89,-18,-64
1739724787.3381307,-28,-1,-30
1739724787.3841307,71,36,-51
1739724787.4301307,38,-53,-31
1739724787.4761307,-78,-82,-110
1739724787.5211308,-26,33,-9
1739724787.5671306,-20,-49,46
1739724787.6131306,0,36,-121
1739724787.6581306,20,-54,-109
1739724787.7041306,32,-10,-45
1739724787.750131,-34,35,-55
1739724787.796131,69,-72,-131
1739724787.8411307,-1,18,48
1739724787.8871307,52,23,55
1739724787.9331307,24,-48,-7
1739724787.9781306,-45,10,-101
1739724788.0241306,14,-7,-45
1739724788.0701306,-31,-35,38
1739724788.1161306,39,37,-49
1739724788.161131,2,-77,-72
1739724788.207131,72,-44,-29
1739724788.253131,40,33,-35
1739724788.2981308,-41,2,-79
1739724788.3441308,-107,47,70
1739724788.3901308,94,-20,-101
1739724788.4361308,4,-43,-36
1739724788.4811306,-60,31,-99
1739724788.5271306,-17,-72,-110
1739724788.5731306,-8,-16,-41
1739724788.6181307,30,18,-67
1739724788.6641307,-27,-55,0
1739724788.7101307,104,-11,38
1739724788.7551308,-95,14,-79
1739724788.8011308,-2,-13,-127
1739724788.8471308,53,46,15
1739724788.8931308,0,30,-95
1739724788.9381306,-70,-44,-4
1739724788.9841306,20,22,-79
1739724789.0301306,91,9,-91
1739724789.0751307,-18,21,-109
1739724789.1211307,32,72,-49
1739724789.1671307,68,-42,-8
1739724789.2131307,-37,-19,-141
1739724789.2581308,-32,67,-155
1739724789.3041308,0,17,-145
1739724789.3501308,-30,-9,-18
1739724789.3951306,4,-9,6
1739724789.4411306,-10,-10,-61
1739724789.4871306,-18,37,-27
1739724789.5331306,0,-45,-30
1739724789.5781307,11,-71,-52
1739724789.6241307,28,-44,-54
1739724789.6701307,17,45,-95
1739724789.7151306,-48,-40,124
1739724789.7611306,0,29,90
1739724789.8071306,-136,30,-99
1739724789.8531306,20,68,17
1739724789.898131,-56,-45,22
1739724789.944131,-68,-2,-47
1739724789.990131,-10,-11,-43
1739724790.0351307,-16,23,-25
1739724790.0811307,-25,94,29
1739724790.1271307,-33,14,-181
1739724790.1731308,12,-10,-20
1739724790.2181306,61,11,-133
1739724790.2641306,-55,15,85
1739724790.3101306,-72,61,113
1739724790.355131,55,-23,-76
1739724790.401131,-26,58,-77
1739724790.447131,-50,27,7
1739724790.4931307,-11,-25,20
1739724790.5381308,38,23,5
1739724790.5841308,9,-28,-114
1739724790.6301308,11,-70,10
1739724790.6751306,-16,-43,-157
1739724790.7211306,-37,81,-7
1739724790.7671306,13,40,-93
1739724790.8131306,69,-25,16
1739724790.8581307,21,-35,-48
1739724790.9041307,37,49,127
1739724790.9501307,27,-25,-86
1739724790.9951308,12,26,-39
1739724791.0411308,49,-64,-94
1739724791.0871308,-5,-35,-12
1739724791.1331308,18,26,-33
1739724791.1781306,9,-28,114
1739724791.2241306,43,-24,-42
1739724791.2701306,-2,29,-65
1739724791.3151307,19,1,-51
1739724791.3611307,-59,-34,-88
1739724791.4071307,25,9,-143
1739724791.4531307,-72,-14,-55
1739724791.4981308,-10,25,-43
1739724791.5441308,-18,-45,-36
1739724791.5901306,9,92,-31
1739724791.6351306,51,10,7
1739724791.6811306,35,0,-31
1739724791.727131,-4,23,19
1739724791.773131,29,3,40
1739724791.8181307,-68,-14,-35
1739724791.8641307,49,-30,62
1739724791.9101307,23,17,-27
1739724791.9551306,-29,-104,-136
1739724792.0011306,22,-17,-48
1739724792.0471306,-25,-20,-40
1739724792.0931306,55,-73,-4
1739724792.138131,-10,-75,14
1739724792.184131,14,-12,-93
1739724792.230131,-93,-27,-6
1739724792.2751307,32,-119,-24
1739724792.3211308,-4,33,-55
1739724792.3671308,53,12,-99
1739724792.4131308,-1,-48,-38
1739724792.4581306,18,22,-49
1739724792.5041306,-31,12,-89
1739724792.5501306,-53,-31,34
1739724792.5951307,70,-51,-68
1739724792.6411307,27,-25,-4
1739724792.6871307,18,58,-55
1739724792.7331307,10,-4,68
1739724792.7781308,28,-85,-114
1739724792.8241308,-31,90,1
1739724792.8701308,-60,-4,94
1739724792.9151306,4,-6,-41
1739724792.9611306,39,52,33
1739724793.0071306,-14,-43,-36
1739724793.0531306,25,9,-89
1739724793.0981307,8,-48,-10
1739724793.1441307,-46,25,-93
1739724793.1901307,-31,38,-5
1739724793.2351308,49,10,-45
1739724793.2811308,-18,29,-113
1739724793.3271308,-29,44,-35
1739724793.3731308,-6,23,-113
1739724793.4181306,-20,-8,66
1739724793.4641306,6,-18,-55
1739724793.5101306,-33,-64,72
1739724793.5551307,-48,-77,-62
1739724793.6011307,-152,-1,-89
1739724793.6471307,-65,20,-21
1739724793.6931307,-20,-81,-143
1739724793.7381306,-12,-3,-15
1739724793.7841306,-30,0,-51
1739724793.8301306,8,-11,-83
1739724793.875131,-14,66,-16
1739724793.921131,18,-13,-91
1739724793.967131,-16,-4,38
1739724794.013131,-97,81,-90
1739724794.0581307,-22,-53,-103
1739724794.1041307,-98,23,-92
1739724794.1501307,7,-35,-95
1739724794.1951306,-57,13,-72
1739724794.2411306,-19,-32,-31
1739724794.2871306,6,23,-37
1739724794.3331306,-67,15,-109
1739724794.378131,25,-4,-71
1739724794.424131,30,6,9
1739724794.4701307,19,69,-12
1739724794.5151308,-64,-11,36
1739724794.5611308,1,17,-11
1739724794.6071308,-27,-19,-32
1739724794.6531308,-19,-60,-31
1739724794.6981306,-62,71,-34
1739724794.7441306,28,-46,-7
1739724794.7901306,52,23,-119
1739724794.8351307,-13,-18,-137
1739724794.8811307,-79,-54,-60
1739724794.9271307,-14,-54,2
1739724794.9731307,27,-26,-51
1739724795.0181308,-12,20,-119
1739724795.0641308,23,-16,-61
1739724795.1101308,37,-5,1
1739724795.1551306,-2,16,-28
1739724795.2011306,-20,-19,26
1739724795.2471306,70,0,-97
1739724795.2931306,-34,37,-62
1739724795.3381307,-58,2,-84
1739724795.3841307,15,41,76
1739724795.4301307,-11,42,-89
1739724795.4751308,-4,38,-95
1739724795.5211308,-22,-15,-16
1739724795.5671306,14,33,-67
1739724795.6131306,-80,66,-106
1739724795.6581306,-10,-18,18
1739724795.7041306,-50,36,-34
1739724795.750131,31,-30,-55
1739724795.7951307,-49,-30,-94
1739724795.8411307,63,50,-161
1739724795.8931308,36,30,-71
1739724795.9381306,-26,-21,8
1739724795.9841306,21,30,72
1739724796.0301306,-63,-39,82
1739724796.0751307,0,80,42
1739724796.1211307,-46,-44,-40
1739724796.1671307,47,27,-195
1739724796.2131307,50,0,-33
1739724796.2581308,9,23,40
1739724796.3041308,-70,7,4
1739724796.3501308,36,58,27
1739724796.3951306,0,-11,-25
1739724796.4411306,2,13,56
1739724796.4871306,-34,39,-94
1739724796.5331306,48,11,37
1739724796.5781307,24,12,-129
1739724796.6241307,64,-22,-1
1739724796.6701307,-19,-10,128
1739724796.7151306,64,-66,-81
1739724796.7611306,16,5,21
1739724796.8071306,-3,-38,43
1739724796.8531306,41,81,-119
1739724796.898131,-12,-24,-81
1739724796.944131,-16,-10,-73
1739724796.990131,23,40,-109
1739724797.0351307,24,-4,7
1739724797.0811307,-37,28,-82
1739724797.1271307,-42,4,10
1739724797.1731308,1,25,-33
1739724797.2181306,-4,-4,16
1739724797.2641306,139,20,-59
1739724797.3101306,-23,-25,6
1739724797.355131,98,-96,-23
1739724797.401131,-54,-46,0
1739724797.447131,13,-57,-137
1739724797.4931307,41,1,-11
1739724797.5381308,50,23,-169
1739724797.5841308,48,71,31
1739724797.6301308,79,-29,-25
1739724797.6751306,40,-43,16
1739724797.7211306,-41,8,-12
1739724797.7671306,-77,-20,-80
1739724797.8131306,-17,18,-127
1739724797.8581307,-61,12,48
1739724797.9041307,10,-4,-57
1739724797.9501307,-25,-30,-14
1739724797.9951308,-58,66,-125
1739724798.0411308,-33,14,-63
1739724798.0871308,41,4,10
1739724798.1331308,-39,48,-207
1739724798.1781306,-59,-60,38
1739724798.2241306,1,31,3
1739724798.2701306,68,56,-73
1739724798.3151307,-23,19,-81
1739724798.3611307,-12,30,120
1739724798.4061308,-22,-41,46
1739724798.4511306,24,-10,22
1739724798.4971306,-48,-10,-96
1739724798.5431306,-27,41,-23
1739724798.5881307,12,33,91
1739724798.6341307,-9,48,-53
1739724798.6801307,10,-3,-39
1739724798.7261307,-17,2,0
1739724798.7711308,-35,-21,-38
1739724798.8171306,-11,84,31
1739724798.8631306,26,-6,25
1739724798.9081306,-32,25,74
1739724798.9541306,-67,-31,54
1739724799.000131,-4,-44,56
1739724799.046131,-30,-37,-100
1739724799.0911307,-20,-15,8
1739724799.1371307,19,45,-135
1739724799.1831307,-24,75,-123
1739724799.2281306,-66,0,14
1739724799.2741306,-16,22,-157
1739724799.3201306,34,-48,-45
1739724799.3661306,-70,31,132
1739724799.411131,23,40,15
1739724799.457131,42,31,-131
1739724799.503131,-38,-4,36
1739724799.5481308,-5,-28,76
1739724799.5941308,9,3,50
1739724799.6401308,-32,-7,-72
1739724799.6861308,-48,28,-7
1739724799.7311306,-14,32,-95
1739724799.7771306,-30,29,34
1739724799.8231306,-81,42,2
1739724799.8681307,-59,2,-64
1739724799.9141307,43,3,-147
1739724799.9601307,-12,34,-135
1739724800.0061307,-93,6,-72
1739724800.0511308,80,27,5
1739724800.0971308,-38,76,5
1739724800.1431308,-2,-10,-113
1739724800.1881306,40,23,-73
1739724800.2341306,-70,25,-14
1739724800.2801306,98,-6,-89
1739724800.3261306,-76,-53,24
1739724800.3711307,-115,8,-24
1739724800.4171307,11,-21,-133
1739724800.4631307,3,67,13
1739724800.5081308,46,-79,-50
1739724800.5541308,53,-35,-59
1739724800.6001308,24,-50,-70
1739724800.6461308,-10,-8,-42
1739724800.6911306,-34,59,37
1739724800.7371306,60,58,1
1739724800.7831306,18,-46,-80
1739724800.8281307,-13,-74,112
1739724800.8741307,-43,4,-72
1739724800.9201307,-33,45,-95
1739724800.9661307,-81,-18,-94
1739724801.0111306,15,13,11
1739724801.0571306,-23,5,-171
1739724801.1031306,-60,-43,-30
1739724801.148131,46,25,-41
1739724801.194131,15,-99,60
1739724801.240131,-17,91,-35
1739724801.286131,57,55,79
1739724801.3311307,47,77,-43
1739724801.3771307,9,41,-57
1739724801.4231308,66,-40,-109
1739724801.4681306,10,25,-139
1739724801.5141306,26,-16,-1
1739724801.5601306,-11,78,23
1739724801.6061306,-64,-1,10
1739724801.651131,51,37,1
1739724801.697131,11,5,-85
1739724801.7431307,88,-41,-75
1739724801.7881308,21,-36,-99
1739724801.8341308,-47,90,-287
1739724801.8801308,-111,54,-103
1739724801.9261308,-26,20,29
1739724801.9711306,37,-22,-46
1739724802.0171306,83,-1,-105
1739724802.0631306,-56,-4,-108
1739724802.1081307,-71,15,-40
1739724802.1541307,102,-48,-103
1739724802.2001307,-27,-32,-6
1739724802.2461307,30,35,-71
1739724802.2911308,-27,10,-35
1739724802.3371308,-92,0,-99
1739724802.3831308,55,16,0
1739724802.4281306,-39,9,-4
1739724802.4741306,-61,54,-137
1739724802.5201306,31,7,-67
1739724802.5661306,-86,35,41
1739724802.6111307,-36,-38,-46
1739724802.6571307,-8,32,-93
1739724802.7031307,-30,-18,70
1739724802.7481308,-22,98,-11
1739724802.7941308,-12,-51,16
1739724802.8401306,74,-53,50
1739724802.8861306,-57,6,7
1739724802.9311306,66,-43,-137
1739724802.977131,33,2,-69
1739724803.023131,-14,-18,10
1739724803.0681307,-57,2,-213
1739724803.1141307,-13,1,-97
1739724803.1601307,92,20,60
1739724803.2061307,0,-14,4
1739724803.2511306,-35,46,148
1739724803.2971306,-53,43,-5
1739724803.3431306,-44,59,-197
1739724803.388131,32,19,0
1739724803.434131,65,55,-27
1739724803.480131,-42,69,-4
1739724803.526131,26,-33,-98
1739724803.5711308,13,16,-190
1739724803.6171308,-1,-25,5
1739724803.6631308,60,-127,29
1739724803.7081306,-57,-27,105
1739724803.7541306,30,-5,-40
1739724803.8001306,-15,5,31
1739724803.8461306,35,5,-64
1739724803.8911307,-63,-26,9
1739724803.9371307,42,-50,23
1739724803.9831307,-48,39,-112
1739724804.0281308,-58,-44,-99
1739724804.0741308,-124,30,-71
1739724804.1201308,14,33,-128
1739724804.1661308,-19,7,17
1739724804.2111306,-40,27,-46
1739724804.2571306,-35,50,34
1739724804.3031306,40,-12,-24
1739724804.3481307,0,0,-118
1739724804.3941307,28,33,-118
1739724804.4401307,50,-48,-31
1739724804.4861307,29,-75,-25
1739724804.5311308,-32,-52,-95
1739724804.5771308,4,20,-16
1739724804.6231308,36,-49,-39
1739724804.6681306,80,-16,15
1739724804.7141306,25,49,-150
1739724804.7601306,35,15,-16
1739724804.8061306,-63,-24,-65
1739724804.8511307,35,41,-38
1739724804.8971307,-21,52,-48
1739724804.9431307,-3,7,-46
1739724804.9881306,-2,27,-150
1739724805.0341306,-6,-11,-47
1739724805.0801306,18,24,-96
1739724805.1261306,3,60,-26
1739724805.171131,-26,0,-94
1739724805.217131,5,40,-188
1739724805.263131,2,20,-52
1739724805.3081307,115,-80,21
1739724805.3541307,-9,39,-86
1739724805.4001307,37,-36,-123
1739724805.4461308,8,30,-58
1739724805.4911306,52,98,-20
1739724805.5371306,5,-106,-17
1739724805.5831306,-22,33,54
1739724805.628131,-100,41,-76
1739724805.674131,40,-2,-40
1739724805.7201307,-26,30,-68
1739724805.7661307,-29,-29,-89
1739724805.8111308,-15,17,-66
1739724805.8631306,-41,12,-43
1739724805.9081306,26,-48,-35
1739724805.9541306,-9,8,-108
1739724806.000131,-11,50,-2
1739724806.046131,40,-47,-94
1739724806.0911307,-31,-31,5
1739724806.1371307,-45,4,-108
1739724806.1831307,49,-71,-70
1739724806.2281306,4,-41,-19
1739724806.2741306,49,15,-96
1739724806.3201306,-3,14,-14
1739724806.3661306,39,13,-32
1739724806.411131,76,60,-28
1739724806.457131,33,-28,51
1739724806.503131,-35,-33,-124
1739724806.5481308,-33,9,-51
1739724806.5941308,28,-50,-34
1739724806.6401308,-11,-30,-13
1739724806.6861308,20,-8,-68
1739724806.7311306,70,-54,-90
1739724806.7771306,63,-30,-10
1739724806.8231306,-13,10,-29
1739724806.8681307,27,16,-6
1739724806.9141307,-75,-35,-37
1739724806.9601307,12,-93,-44
1739724807.0061307,-103,-19,-105
1739724807.0511308,52,31,-32
1739724807.0971308,99,52,-40
1739724807.1431308,-11,58,-2
1739724807.1881306,-33,15,11
1739724807.2341306,-62,67,-37
1739724807.2801306,-80,1,-53
1739724807.3261306,-10,0,43
1739724807.3711307,23,4,-72
1739724807.4171307,48,59,-38
1739724807.4631307,93,-25,-74
1739724807.5081308,61,-36,-30
1739724807.5541308,-47,58,-78
1739724807.6001308,-13,2,-82
1739724807.6461308,-45,50,-18
1739724807.6911306,37,57,-4
1739724807.7371306,-67,2,-89
1739724807.7831306,-27,-20,-68
1739724807.8281307,-30,-9,-102
1739724807.8741307,16,-9,35
1739724807.9201307,-15,12,-82
1739724807.9661307,30,-44,-93
1739724808.0111306,0,-18,-65
1739724808.0571306,-64,-8,-49
1739724808.1031306,12,-9,9
1739724808.148131,-60,-8,-178
1739724808.194131,6,58,32
1739724808.240131,-54,114,-32
1739724808.286131,-4,38,-128
1739724808.3311307,-14,-5,11
1739724808.3771307,-47,-27,3
1739724808.4231308,-28,26,18
1739724808.4681306,12,-7,-180
1739724808.5141306,21,-37,-135
1739724808.5601306,8,34,-66
1739724808.6061306,-44,-15,109
1739724808.651131,-34,-40,-85
1739724808.697131,-15,-21,-31
1739724808.7431307,54,76,72
1739724808.7881308,57,50,-16
1739724808.8341308,-1,-42,-13
1739724808.8801308,54,-4,-82
1739724808.9261308,5,0,125
1739724808.9711306,38,-8,-144
1739724809.0171306,-17,13,-132
1739724809.0631306,20,-43,33
1739724809.1081307,-30,70,-6
1739724809.1541307,-41,11,-114
1739724809.2001307,59,-68,-33
1739724809.2451308,-54,62,-6
1739724809.2911308,52,-3,92
1739724809.3371308,59,-27,-87
1739724809.3831308,-73,-35,3
1739724809.4281306,-5,-26,141
1739724809.4741306,-53,14,-61
1739724809.5201306,149,44,-20
1739724809.5651307,-36,27,-180
1739724809.6111307,36,36,112
1739724809.6571307,1,7,-114
1739724809.7031307,22,30,-66
1739724809.7481308,47,7,-44
1739724809.7941308,42,25,-68
1739724809.8401306,-10,38,-32
1739724809.8851306,24,-58,43
1739724809.9311306,57,3,-94
1739724809.977131,-54,36,58
1739724810.023131,-69,53,80
1739724810.0681307,-55,-32,17
1739724810.1141307,-28,27,-116
1739724810.1601307,-99,21,-90
1739724810.2051306,-30,38,-84
1739724810.2511306,-26,38,-92
1739724810.2971306,-3,-37,-61
1739724810.3431306,16,-11,-54
1739724810.388131,-14,-7,85
1739724810.434131,32,-97,-111
1739724810.480131,-36,-2,36
1739724810.5251307,-49,49,-48
1739724810.5711308,-18,27,16
1739724810.6171308,-31,-28,-71
1739724810.6631308,1,-30,3
1739724810.7081306,-89,45,-40
1739724810.7541306,20,-5,-15
1739724810.8001306,-50,-43,-158
1739724810.8451307,-36,-8,10
1739724810.8911307,-46,-11,-128
1739724810.9371307,-28,-16,-164
1739724810.9831307,-24,-46,-106
1739724811.0281308,-36,22,0
1739724811.0741308,-56,23,-30
1739724811.1201308,17,12,-100
1739724811.1651306,-4,-1,-106
1739724811.2111306,-34,-10,12
1739724811.2571306,6,64,8
1739724811.3031306,-73,122,2
1739724811.3481307,55,-30,-65
1739724811.3941307,-5,0,-28
1739724811.4401307,-24,-4,6
1739724811.4851308,-36,20,-134
1739724811.5311308,-100,-14,60
1739724811.5771308,90,-6,25
1739724811.6231308,28,-15,-15
1739724811.6681306,2,42,-120
1739724811.7141306,-55,47,-60
1739724811.7601306,95,82,-126
1739724811.8051307,-1,81,-60
1739724811.8511307,12,28,-104
1739724811.8971307,-15,-65,-105
1739724811.9431307,-18,7,4
1739724811.9881306,22,15,-37
1739724812.0341306,-98,-11,-146
1739724812.0801306,-25,-30,71
1739724812.125131,-25,-24,-8
1739724812.171131,66,-59,-63
1739724812.217131,-56,23,-100
1739724812.263131,42,-8,-169
1739724812.3081307,-60,-16,-27
1739724812.3541307,47,-26,-102
1739724812.4001307,3,4,-32
1739724812.4451306,95,8,-76
1739724812.4911306,-12,33,-20
1739724812.5371306,-41,15,63
1739724812.5831306,3,18,16
1739724812.628131,6,-2,-64
1739724812.674131,-41,5,-32
1739724812.7201307,-53,17,-86
1739724812.7651308,-57,-21,-77
1739724812.8111308,-27,-64,37
1739724812.8581307,13,-66,-9
1739724812.9041307,-25,42,-68
1739724812.9491308,19,84,166
1739724812.9951308,-23,46,-74
1739724813.0411308,-45,-33,-102
1739724813.0871308,-34,32,-72
1739724813.1321306,-47,-19,-4
1739724813.1781306,-20,-2,-78
1739724813.2241306,-23,-28,-9
1739724813.2691307,-59,-31,-116
1739724813.3151307,-54,-3,-60
1739724813.3611307,32,59,-84
1739724813.4071307,-57,15,68
1739724813.4521308,27,-67,97
1739724813.4981308,-20,20,-78
1739724813.5441308,25,-39,-51
1739724813.5891306,15,-32,25
1739724813.6351306,-100,24,-94
1739724813.6811306,-145,3,-234
1739724813.727131,-7,5,-78
1739724813.7721307,-37,40,-146
1739724813.8181307,33,53,-72
1739724813.8641307,38,-42,-87
1739724813.9091306,-90,-5,-62
1739724813.9551306,-5,-38,39
1739724814.0011306,133,-26,13
1739724814.0471306,48,-50,69
1739724814.092131,1,34,-80
1739724814.138131,-25,-64,-106
1739724814.184131,-29,47,43
1739724814.2291307,19,103,1
1739724814.2751307,-51,-77,-94
1739724814.3211308,72,44,-16
1739724814.3671308,-10,-19,93
1739724814.4121306,-3,19,-102
1739724814.4581306,-6,45,44
1739724814.5041306,-33,1,-74
1739724814.549131,27,-7,-7
1739724814.5951307,-36,4,-66
1739724814.6411307,22,51,-113
1739724814.6871307,0,-50,-22
1739724814.7321308,42,-68,-63
1739724814.7781308,-53,-11,-58
1739724814.8241308,-66,-20,-46
1739724814.8691306,-14,51,13
1739724814.9151306,-17,-15,-218
1739724814.9611306,-44,-19,-40
1739724815.0071306,38,-25,-25
1739724815.0521307,-45,-15,-66
1739724815.0981307,-20,-21,-104
1739724815.1441307,25,21,15
1739724815.1891308,-59,0,10
1739724815.2351308,67,-37,1
1739724815.2811308,64,59,-14
1739724815.3271308,0,-8,107
1739724815.3721306,-47,-23,-29
1739724815.4181306,41,-24,19
1739724815.4641306,-8,-41,-105
1739724815.5091307,-62,62,-78
1739724815.5551307,20,-41,-11
1739724815.6011307,-19,56,-42
1739724815.6471307,-41,19,-2
1739724815.6921306,-23,-71,-29
1739724815.7381306,-17,8,-54
1739724815.7841306,-53,55,84
1739724815.8291306,53,48,-12
1739724815.8811307,-93,87,80
1739724815.9271307,-7,-37,-47
1739724815.9721308,-32,18,-98
1739724816.0181308,12,-48,-75
1739724816.0641308,83,-60,5
1739724816.1091306,35,22,47
1739724816.1551306,83,2,-164
1739724816.2011306,40,33,36
1739724816.2471306,2,-45,45
1739724816.2921307,37,85,-38
1739724816.3381307,5,-26,-89
1739724816.3841307,-80,-48,-37
1739724816.4291308,-65,-26,-23
1739724816.4751308,15,13,0
1739724816.5211308,32,33,-46
1739724816.5671306,54,37,-60
1739724816.6121306,50,-5,-92
1739724816.6581306,-79,-59,-103
1739724816.7041306,-62,35,-41
1739724816.7491307,120,-9,52
1739724816.7951307,-44,38,-80
1739724816.8411307,-19,-24,35
1739724816.8871307,4,-15,-21
1739724816.9321306,23,56,-78
1739724816.9781306,-72,27,23
1739724817.0241306,42,-7,78
1739724817.069131,-25,9,-23
1739724817.115131,-59,-28,-167
1739724817.161131,-25,-21,-41
1739724817.207131,-31,5,-93
1739724817.2521307,-10,-12,-43
1739724817.2981308,-21,3,-33
1739724817.3441308,123,41,30
1739724817.3891306,-44,-56,-45
1739724817.4351306,-49,6,-57
1739724817.4811306,-83,48,-127
1739724817.5271306,66,-18,-4
1739724817.572131,-74,-13,-51
1739724817.6181307,28,28,-52
1739724817.6641307,43,3,-74
1739724817.7091308,-3,2,-62
1739724817.7551308,2,23,4
1739724817.8011308,28,26,30
1739724817.8471308,3,17,-32
1739724817.8921306,46,-7,72
1739724817.9381306,-53,-32,31
1739724817.9841306,25,8,-32
1739724818.0291307,20,-14,-70
1739724818.0751307,22,28,-36
1739724818.1211307,-26,25,37
1739724818.1671307,-45,20,-5
1739724818.2121308,-11,-20,-7
1739724818.2581308,-67,-19,-29
1739724818.3041308,-17,2,-57
1739724818.3491306,46,-49,-56
1739724818.3951306,34,-16,-10
1739724818.4411306,-25,-63,63
1739724818.4871306,-40,36,-70
1739724818.5321307,32,30,-4
1739724818.5781307,17,49,-20
1739724818.6241307,10,-53,-3
1739724818.6691308,3,-80,-91
1739724818.7151306,-58,0,-30
1739724818.7611306,-21,50,10
1739724818.8071306,-45,-21,-49
1739724818.852131,48,-7,-84
1739724818.898131,-38,30,-96
1739724818.944131,19,94,-68
1739724818.9891307,-101,-69,-8
1739724819.0351307,1,30,-70
1739724819.0811307,-3,1,36
1739724819.1261306,-26,32,124
1739724819.1721306,-41,2,-72
1739724819.2181306,-14,-13,-56
1739724819.2641306,-25,48,2
1739724819.309131,-42,-7,-95
1739724819.355131,46,-20,-51
1739724819.401131,-21,-32,35
1739724819.4461308,-4,-57,7
1739724819.4921308,0,8,-44
1739724819.5381308,-15,15,-54
1739724819.5841308,20,-7,-77
1739724819.6291306,58,38,-22
1739724819.6751306,37,-35,-99
1739724819.7211306,-63,14,-68
1739724819.7661307,-35,4,-132
1739724819.8121307,9,84,32
1739724819.8581307,14,34,32
1739724819.9041307,-3,7,108
1739724819.9491308,-44,35,-54
1739724819.9951308,-19,-60,-83
1739724820.0411308,-13,12,-174
1739724820.0861306,40,-9,18
1739724820.1321306,-58,-2,81
1739724820.1781306,-38,-59,-99
1739724820.2241306,1,-24,-39
1739724820.2691307,-12,-4,-60
1739724820.3151307,0,-44,-158
1739724820.3611307,-44,-7,19
1739724820.4061308,-24,-17,-3
1739724820.4521308,-29,-35,1
1739724820.4981308,-36,39,-140
1739724820.5441308,3,5,-24
1739724820.5891306,-16,-4,-112
1739724820.6351306,53,5,-10
1739724820.6811306,-49,-38,-113
1739724820.7261307,-7,4,41
1739724820.7721307,1,11,-72
1739724820.8181307,60,19,-12
1739724820.8641307,-21,-26,-55
1739724820.9091306,-50,-52,-87
1739724820.9551306,68,-6,-68
1739724821.0011306,-38,25,-16
1739724821.046131,-70,29,45
1739724821.092131,80,-10,0
1739724821.138131,41,92,-65
1739724821.184131,-24,-49,2
1739724821.2291307,67,98,-63
1739724821.2751307,-46,74,-97
1739724821.3211308,34,-82,28
1739724821.3661306,0,7,42
1739724821.4121306,51,59,-37
1739724821.4581306,-42,-42,-28
1739724821.5041306,31,40,-67
1739724821.549131,85,49,-61
1739724821.5951307,80,38,-19
1739724821.6411307,-45,6,-95
1739724821.6861308,-34,73,-51
1739724821.7321308,-25,9,-10
1739724821.7781308,9,-105,-89
1739724821.8241308,60,69,-9
1739724821.8691306,43,-33,-53
1739724821.9151306,20,37,-25
1739724821.9611306,-49,-22,-104
1739724822.0061307,-54,-90,-118
1739724822.0521307,38,-12,-51
1739724822.0981307,-20,-56,-28
1739724822.1441307,-31,-23,46
1739724822.1891308,24,22,-149
1739724822.2351308,-115,19,-70
1739724822.2811308,-53,42,6
1739724822.3261306,-81,-29,-38
1739724822.3721306,4,-5,-47
1739724822.4181306,-31,-21,88
1739724822.4641306,-26,25,56
1739724822.5091307,14,69,-23
1739724822.5551307,-4,28,-65
1739724822.6011307,36,-4,-7
1739724822.6461308,-6,-4,8
1739724822.6921306,-14,74,-21
1739724822.7381306,18,-55,-53
1739724822.7841306,-24,35,-81
1739724822.8291306,14,21,7
1739724822.875131,17,3,-59
1739724822.921131,74,60,-137
1739724822.9661307,56,-43,-133
1739724823.0121307,-1,-38,-36
1739724823.0581307,10,29,-81
1739724823.1041307,-29,9,-55
1739724823.1491306,17,9,33
1739724823.1951306,1,13,-23
1739724823.2411306,4,78,-41
1739724823.286131,-32,-14,-249
1739724823.332131,-10,-19,42
1739724823.378131,-80,36,-189
1739724823.424131,16,-4,-45
1739724823.4691308,-44,-9,-139
1739724823.5151308,-35,50,-85
1739724823.5611308,-8,-19,12
1739724823.6061306,-33,-34,-40
1739724823.6521306,5,-37,-58
1739724823.6981306,-78,-47,-80
1739724823.7441306,-1,-49,-173
1739724823.7891307,51,17,-29
1739724823.8351307,-30,28,-7
1739724823.8811307,-77,6,-13
1739724823.9261308,-44,-1,-27
1739724823.9721308,70,-16,-41
1739724824.0181308,56,65,-101
1739724824.0641308,27,-26,-115
1739724824.1091306,18,-9,78
1739724824.1551306,27,-30,-95
1739724824.2011306,27,6,-85
1739724824.2461307,-78,-43,-82
1739724824.2921307,91,49,-65
1739724824.3381307,-76,33,-49
1739724824.3841307,-151,-73,-76
1739724824.4291308,34,-86,60
1739724824.4751308,-15,42,-29
1739724824.5211308,69,14,-25
1739724824.5661306,37,-32,-83
1739724824.6121306,116,66,-33
1739724824.6581306,45,15,1
1739724824.7041306,22,-52,-127
1739724824.7491307,14,-1,17
1739724824.7951307,16,-19,-63
1739724824.8411307,22,66,-61
1739724824.8861306,39,56,-79
1739724824.9321306,46,-9,-111
1739724824.9781306,31,-24,-159
1739724825.0241306,-44,-2,-105
1739724825.069131,21,56,-69
1739724825.115131,-53,-74,-10
1739724825.161131,13,5,19
1739724825.2061307,6,65,-3
1739724825.2521307,-1,-42,154
1739724825.2981308,-6,-2,-55
1739724825.3441308,-7,6,-25
1739724825.3891306,-55,2,22
1739724825.4351306,-28,-11,-84
1739724825.4811306,72,-18,-91
1739724825.526131,-51,-68,-96
1739724825.572131,45,-29,-73
1739724825.6181307,-118,29,36
1739724825.6641307,-83,4,-54
1739724825.7091308,7,5,-49
1739724825.7551308,-50,64,-43
1739724825.8011308,-93,-60,62
1739724825.8461306,-80,29,42
1739724825.898131,-55,6,-199
1739724825.944131,57,0,-165
1739724825.9891307,-23,11,16
1739724826.0351307,54,-43,-153
1739724826.0811307,31,12,-41
1739724826.1261306,-18,26,-15
1739724826.1721306,-62,-54,-108
1739724826.2181306,40,78,-23
1739724826.2641306,3,59,-65
1739724826.309131,16,27,-85
1739724826.355131,-7,48,-105
1739724826.401131,-28,-11,52
1739724826.4461308,48,31,-101
1739724826.4921308,26,-56,-70
1739724826.5381308,46,-21,-33
1739724826.5841308,-3,4,-29
1739724826.6291306,-27,61,-69
1739724826.6751306,29,44,-115
1739724826.7211306,-78,41,-99
1739724826.7661307,56,-18,-125
1739724826.8121307,-48,-5,-59
1739724826.8581307,55,54,-75
1739724826.9041307,-44,7,-99
1739724826.9491308,-26,-14,-103
1739724826.9951308,-89,2,67
1739724827.0411308,0,-17,-105
1739724827.0861306,88,3,18
1739724827.1321306,27,-19,-55
1739724827.1781306,-56,-11,32
1739724827.2241306,22,-21,-29
1739724827.2691307,60,89,-15
1739724827.3151307,-55,72,-143
1739724827.3611307,-44,-15,20
1739724827.4061308,-94,82,-101
1739724827.4521308,-55,14,-22
1739724827.4981308,-54,-12,32
1739724827.5441308,-4,-12,8
1739724827.5891306,42,21,-63
1739724827.6351306,-10,28,-79
1739724827.6811306,-119,13,20
1739724827.7261307,-3,-26,30
1739724827.7721307,22,76,-39
1739724827.8181307,-24,-41,16
1739724827.8641307,63,0,-95
1739724827.9091306,-17,-22,2
1739724827.9551306,-61,11,-80
1739724828.0011306,-71,-19,24
1739724828.046131,-61,5,-113
1739724828.092131,-14,-8,2
1739724828.138131,-16,-54,-101
1739724828.184131,-10,30,-113
1739724828.2291307,2,87,-57
1739724828.2751307,-11,14,38
1739724828.3211308,1,39,-17
1739724828.3661306,-88,-14,10
1739724828.4121306,-55,-22,-76
1739724828.4581306,-65,7,-38
1739724828.5041306,82,76,-7
1739724828.549131,43,-69,-54
1739724828.5951307,-67,47,-57
1739724828.6411307,55,1,-95
1739724828.6861308,67,5,118
1739724828.7321308,-56,31,15
1739724828.7781308,41,-27,-41
1739724828.8241308,-16,-14,-77
1739724828.8691306,44,-1,-101
1739724828.9151306,0,2,-47
1739724828.9611306,-24,-6,90
1739724829.0061307,1,14,-21
1739724829.0521307,78,29,-179
1739724829.0981307,11,-26,-18
1739724829.1441307,77,-80,-54
1739724829.1891308,-30,25,-53
1739724829.2351308,-7,6,-137
1739724829.2811308,-69,53,46
1739724829.3261306,-108,39,-135
1739724829.3721306,-13,14,-9
1739724829.4181306,32,36,-77
1739724829.4631307,35,40,3
1739724829.5091307,-54,-12,46
1739724829.5551307,-6,36,86
1739724829.6011307,-16,-6,-18
1739724829.6461308,48,-59,-31
1739724829.6921306,-23,21,-37
1739724829.7381306,-5,-32,76
1739724829.7831306,28,38,-185
1739724829.8291306,54,37,47
1739724829.875131,-18,28,108
1739724829.921131,11,125,-151
1739724829.9661307,-86,-2,-58
1739724830.0121307,-65,53,-149
1739724830.0581307,-66,29,46
1739724830.1031306,-21,3,-16
1739724830.1491306,92,-15,-59
1739724830.1951306,55,-39,-103
1739724830.2411306,-28,29,-153
1739724830.286131,17,49,-37
1739724830.332131,-80,-11,2
1739724830.378131,83,-29,-119
1739724830.4231308,102,-62,-123
1739724830.4691308,27,16,7
1739724830.5151308,44,-43,-51
1739724830.5611308,56,-3,-7
1739724830.6061306,29,-36,-67
1739724830.6521306,1,17,-9
1739724830.6981306,29,40,95
1739724830.7431307,51,43,-29
1739724830.7891307,1,-37,8
1739724830.8351307,44,-19,-21
1739724830.8811307,27,-38,-93
1739724830.9261308,-58,24,2
1739724830.9721308,-33,53,-10
1739724831.0181308,-29,51,-55
1739724831.0631306,92,-11,61
1739724831.1091306,-5,-38,88
1739724831.1551306,-11,46,-133
1739724831.2011306,35,56,-7
1739724831.2461307,-26,29,-175
1739724831.2921307,-13,-34,-73
1739724831.3381307,13,15,-67
1739724831.3831308,8,-7,-39
1739724831.4291308,-6,-42,-35
1739724831.4751308,-7,2,-41
1739724831.5211308,-10,0,-67
1739724831.5661306,-16,-54,-12
1739724831.6121306,-42,-16,-22
1739724831.6581306,-27,3,-2
1739724831.7031307,45,51,7
1739724831.7491307,-15,-38,-32
1739724831.7951307,26,-10,-91
1739724831.8411307,7,55,-41
1739724831.8861306,-31,3,-133
1739724831.9321306,30,-8,-93
1739724831.9781306,7,13,50
1739724832.023131,-11,-80,-29
1739724832.069131,2,-9,36
1739724832.115131,-22,41,-42
1739724832.161131,124,33,53
1739724832.2061307,37,52,17
1739724832.2521307,32,68,7
1739724832.2981308,-13,-20,-111
1739724832.3431306,4,-19,-13
1739724832.3891306,-2,68,-99
1739724832.4351306,-9,-30,46
1739724832.4811306,-6,-4,12
1739724832.526131,4,-41,-17
1739724832.572131,83,40,-15
1739724832.6181307,-20,21,46
1739724832.6631308,30,-6,-9
1739724832.7091308,70,68,-65
1739724832.7551308,-13,-38,-76
1739724832.8011308,-30,-9,-4
1739724832.8461306,21,-28,-131
1739724832.8921306,3,-23,-21
1739724832.9381306,-5,14,24
1739724832.9831307,-25,5,-66
1739724833.0291307,76,-58,61
1739724833.0751307,-87,44,-86
1739724833.1211307,14,-43,-7
1739724833.1661308,25,4,-63
1739724833.2121308,-58,-86,114
1739724833.2581308,9,7,-143
1739724833.3031306,-81,7,-54
1739724833.3491306,-64,-9,-114
1739724833.3951306,64,-62,35
1739724833.4411306,46,23,-59
1739724833.4861307,-18,-84,48
1739724833.5321307,-13,0,-16
1739724833.5781307,-11,-24,20
1739724833.6231308,-108,-79,-78
1739724833.6691308,18,77,-31
1739724833.7151306,5,91,-39
1739724833.7611306,71,-30,-13
1739724833.8061306,-22,39,-165
1739724833.852131,-4,26,-133
1739724833.898131,50,-7,-97
1739724833.9431307,-54,74,-88
1739724833.9891307,5,5,5
1739724834.0351307,15,-23,23
1739724834.0811307,33,4,-73
1739724834.1261306,-29,-29,-64
1739724834.1721306,-53,-32,-56
1739724834.2181306,-15,42,54
1739724834.263131,19,-31,-103
1739724834.309131,71,12,-193
1739724834.355131,15,11,-105
1739724834.401131,15,1,11
1739724834.4461308,-101,-34,-8
1739724834.4921308,34,20,-49
1739724834.5381308,-46,24,-113
1739724834.5831306,12,31,0
1739724834.6291306,-18,40,-95
1739724834.6751306,-72,39,40
1739724834.7211306,-3,100,-19
1739724834.7661307,-22,-47,-79
1739724834.8121307,43,-33,-31
1739724834.8581307,65,10,-113
1739724834.9031308,-6,-42,-73
1739724834.9491308,-2,-72,38
1739724834.9951308,98,-19,-177
1739724835.0411308,53,19,-51
1739724835.0861306,90,29,43
1739724835.1321306,55,51,-93
1739724835.1781306,-10,30,-57
1739724835.2231307,21,-30,70
1739724835.2691307,-54,22,-133
1739724835.3151307,-13,-30,-92
1739724835.3611307,21,45,1
1739724835.4061308,-19,-22,6
1739724835.4521308,0,-60,-12
1739724835.4981308,16,-48,40
1739724835.5431306,24,-3,-9
1739724835.5891306,0,-38,-16
1739724835.6351306,-30,74,-69
1739724835.6811306,-27,-32,66
1739724835.7261307,6,22,-105
1739724835.7721307,73,0,-73
1739724835.8181307,-17,7,27
1739724835.8631306,48,-16,-58
1739724835.9151306,56,28,0
1739724835.9611306,84,32,-111
1739724836.0061307,-120,68,-9
1739724836.0521307,-59,44,-157
1739724836.0981307,-3,51,94
1739724836.1431308,30,-27,-24
1739724836.1891308,24,21,-17
1739724836.2351308,27,-33,-38
1739724836.2811308,31,59,21
1739724836.3261306,-5,19,-197
1739724836.3721306,59,-24,-121
1739724836.4181306,-54,-43,-23
1739724836.4631307,-39,20,150
1739724836.5091307,-86,81,-43
1739724836.5551307,5,42,-211
1739724836.6011307,-20,22,-67
1739724836.6461308,73,3,-39
1739724836.6921306,14,-42,-91
1739724836.7381306,-29,20,-73
1739724836.7831306,-40,-52,-18
1739724836.8291306,5,8,-93
1739724836.875131,1,-36,62
1739724836.921131,-52,-13,-75
1739724836.9661307,-21,10,25
1739724837.0121307,-33,-106,-98
1739724837.0581307,-36,-10,34
1739724837.1031306,12,-42,-84
1739724837.1491306,14,-58,-154
1739724837.1951306,21,17,-99
1739724837.2411306,43,44,-53
1739724837.286131,-41,-82,-257
1739724837.332131,17,-24,26
1739724837.378131,-13,-75,-106
1739724837.4231308,-9,51,51
1739724837.4691308,0,-54,-104
1739724837.5151308,-15,1,-61
1739724837.5611308,62,70,89
1739724837.6061306,65,85,-115
1739724837.6521306,-35,-32,-4
1739724837.6981306,-17,51,-89
1739724837.7431307,35,-77,-4
1739724837.7891307,-94,-1,-53
1739724837.8351307,-61,61,-77
1739724837.8811307,39,-37,-28
1739724837.9261308,-45,-37,-103
1739724837.9721308,-40,-46,-60
1739724838.0181308,47,41,1
1739724838.0631306,-18,40,-21
1739724838.1091306,-109,59,1
1739724838.1551306,-27,-35,-70
1739724838.2011306,14,-15,-40
1739724838.2461307,75,14,5
1739724838.2921307,-40,38,-53
1739724838.3381307,-62,35,-85
1739724838.3831308,55,5,-93
1739724838.4291308,9,17,15
1739724838.4751308,-34,-45,-24
1739724838.5211308,-57,48,-73
1739724838.5661306,-49,46,-107
1739724838.6121306,23,-66,-42
1739724838.6581306,32,26,-67
1739724838.7031307,-19,43,43
1739724838.7491307,40,82,-149
1739724838.7951307,-64,-7,-78
1739724838.8411307,-7,-20,-86
1739724838.8861306,61,-42,-31
1739724838.9321306,3,11,11
1739724838.9781306,30,80,0
1739724839.023131,-4,104,53
1739724839.069131,53,18,-81
1739724839.115131,-50,-4,-42
1739724839.161131,-2,-18,-85
1739724839.2061307,24,-2,-109
1739724839.2521307,40,26,-155
1739724839.2981308,45,0,-157
1739724839.3431306,38,-54,-20
1739724839.3891306,86,29,-75
1739724839.4351306,34,-20,-21
1739724839.480131,-7,14,-13
1739724839.526131,-87,20,-20
1739724839.572131,-16,-2,-101
1739724839.6181307,18,-11,-4
1739724839.6631308,19,3,-63
1739724839.7091308,-120,-44,-78
1739724839.7551308,0,-21,58
1739724839.8001306,23,-26,-57
1739724839.8461306,2,21,-75
1739724839.8921306,68,22,15
1739724839.9381306,-15,46,65
1739724839.9821308,-37,5,-41
1739724840.0281308,-78,81,-25
1739724840.0741308,28,-12,-51
1739724840.1191306,-30,32,-181
1739724840.1651306,31,7,-189
1739724840.2111306,61,-31,-12
1739724840.2561307,-20,-11,14
1739724840.3021307,24,-51,118
1739724840.3481307,18,-11,-79
1739724840.3941307,-7,-70,-20
1739724840.4391308,34,-42,-123
1739724840.4851308,-92,-50,-166
1739724840.5311308,-23,43,0
1739724840.5761306,-11,8,-199
1739724840.6221306,-65,-61,-22
1739724840.6681306,-29,59,20
1739724840.7141306,14,-15,-63
1739724840.7591307,-13,-36,-45
1739724840.8051307,-20,-5,-133
1739724840.8511307,-27,10,-89
1739724840.8961308,15,-24,24
1739724840.9421306,-17,-24,-91
1739724840.9881306,42,-15,56
1739724841.0341306,-29,45,-31
1739724841.0791306,78,-52,5
1739724841.125131,44,-7,-33
1739724841.171131,22,24,15
1739724841.2161307,64,-16,-99
1739724841.2621307,-3,0,126
1739724841.3081307,20,-48,-67
1739724841.3541307,45,-83,27
1739724841.3991306,-30,-15,-53
1739724841.4451306,30,-14,-101
1739724841.4911306,40,24,-17
1739724841.536131,-63,-33,-56
1739724841.582131,-35,-30,-7
1739724841.628131,47,-20,70
1739724841.674131,-55,-27,-39
1739724841.7191308,27,-19,-49
1739724841.7651308,-71,-30,44
1739724841.8111308,7,-8,-59
1739724841.8561306,-43,54,-3
1739724841.9021306,-1,-76,-27
1739724841.9481306,30,-33,-5
1739724841.9941306,-22,-104,-97
1739724842.0391307,-48,-1,80
1739724842.0851307,2,-28,-13
1739724842.1311307,110,8,20
1739724842.1761308,60,-24,-52
1739724842.2221308,-52,-35,11
1739724842.2681308,14,86,134
1739724842.3141308,32,23,-59
1739724842.3591306,-19,-23,-37
1739724842.4051306,30,75,-135
1739724842.4511306,55,6,-6
1739724842.4961307,80,31,-60
1739724842.5421307,-62,-87,0
1739724842.5881307,-2,23,-179
1739724842.6341307,58,-16,46
1739724842.6791308,27,43,-45
1739724842.7251308,67,-27,-8
1739724842.7711308,-35,46,-39
1739724842.8161306,-14,-1,26
1739724842.8621306,-47,49,17
1739724842.9081306,30,-21,-169
1739724842.9541306,49,4,-85
1739724842.9991307,86,-16,-45
1739724843.0451307,21,-26,82
1739724843.0911307,-28,82,-153
1739724843.1361306,52,34,-47
1739724843.1821306,-9,-33,-34
1739724843.2281306,48,31,-131
1739724843.2741306,27,-37,-16
1739724843.319131,-59,7,-117
1739724843.365131,22,-21,-115
1739724843.411131,-30,-16,-65
1739724843.4561307,27,-25,26
1739724843.5021307,71,3,8
1739724843.5481308,-37,-24,-39
1739724843.5941308,1,4,26
1739724843.6391306,-79,-110,22
1739724843.6851306,57,2,-113
1739724843.7311306,-81,-26,-55
1739724843.776131,-12,-17,-115
1739724843.822131,50,36,72
1739724843.8681307,33,-35,-102
1739724843.9141307,-29,14,-67
1739724843.9591308,22,68,-37
1739724844.0051308,-106,-10,-25
1739724844.0511308,-26,-42,-12
1739724844.0961306,8,-18,-94
1739724844.1421306,-86,0,-93
1739724844.1881306,-24,-2,-21
1739724844.2341306,-89,-23,-57
1739724844.2791307,58,-50,38
1739724844.3251307,-11,49,49
1739724844.3711307,18,28,-97
1739724844.4161308,39,11,14
1739724844.4621308,2,-2,46
1739724844.5081308,-80,1,-73
1739724844.5541308,46,-62,-48
1739724844.5991306,-72,78,-43
1739724844.6451306,73,41,-35
1739724844.6911306,37,-23,-99
1739724844.7361307,14,-48,-104
1739724844.7821307,-9,55,-87
1739724844.8281307,-53,-35,2
1739724844.8741307,-17,57,-111
1739724844.9191308,-44,-15,-67
1739724844.9651306,49,54,-19
1739724845.0111306,-50,-11,-51
1739724845.0561306,124,27,-46
1739724845.102131,-68,26,-109
1739724845.148131,56,-12,-44
1739724845.194131,-1,-37,12
1739724845.2391307,3,68,-37
1739724845.2851307,-19,19,9
1739724845.3311307,57,86,-103
1739724845.3761306,-21,14,-7
1739724845.4221306,-76,38,95
1739724845.4681306,-62,-7,-57
1739724845.5141306,-86,2,-141
1739724845.559131,-71,18,21
1739724845.605131,-119,-24,-116
1739724845.651131,-9,7,-23
1739724845.6961308,-26,-6,-127
1739724845.7421308,-52,-93,12
1739724845.7881308,-98,-3,-45
1739724845.8341308,-8,33,-19
1739724845.8791306,43,-28,-20
1739724845.9311306,-51,9,-7
1739724845.9761307,-14,-47,50
1739724846.0221307,64,-15,16
1739724846.0681307,33,59,-97
1739724846.1141307,-5,-37,92
1739724846.1591306,20,-7,-107
1739724846.2051306,-68,-4,-27
1739724846.2511306,67,1,-24
1739724846.296131,-69,8,-89
1739724846.3431306,89,12,-20
1739724846.3891306,-14,-5,3
1739724846.4351306,78,79,51
1739724846.480131,58,-2,-68
1739724846.526131,66,21,-48
1739724846.572131,5,-28,-46
1739724846.6181307,-74,-46,1
1739724846.6631308,-5,19,-23
1739724846.7091308,-26,0,-19
1739724846.7551308,19,-28,12
1739724846.8001306,13,-38,138
1739724846.8461306,2,42,13
1739724846.8921306,-69,56,-21
1739724846.9381306,-40,-12,100
1739724846.9831307,26,-9,-77
1739724847.0291307,-79,-30,32
1739724847.0751307,20,36,-37
1739724847.1201308,50,-14,84
1739724847.1661308,51,10,88
1739724847.2121308,65,43,0
1739724847.2581308,-39,54,-57
1739724847.3031306,-33,60,15
1739724847.3491306,90,18,-109
1739724847.3951306,-60,-3,6
1739724847.4401307,-58,25,-153
1739724847.4861307,-49,45,-69
1739724847.5321307,3,10,-83
1739724847.5781307,30,-45,-38
1739724847.6231308,-15,-37,46
1739724847.6691308,15,16,-61
1739724847.7151306,-25,4,36
1739724847.7601306,-19,-83,-64
1739724847.8061306,31,1,46
1739724847.852131,-64,-2,0
1739724847.898131,-37,-36,-79
1739724847.9431307,43,-37,56
1739724847.9891307,-10,-18,-20
1739724848.0351307,-17,-38,8
1739724848.0801306,-9,-22,22
1739724848.1261306,-39,-29,-70
1739724848.1721306,-7,-34,-10
1739724848.2181306,13,19,-49
1739724848.263131,-48,-4,14
1739724848.309131,-35,1,1
1739724848.355131,-34,-54,-146
1739724848.4001307,46,-16,100
1739724848.4461308,30,27,5
1739724848.4921308,-12,35,-53
1739724848.5381308,24,-3,-27
1739724848.5831306,-12,-47,50
1739724848.6291306,59,14,-57
1739724848.6751306,-62,-9,-77
1739724848.7201307,-65,56,-11
1739724848.7661307,-27,45,-27
1739724848.8121307,80,-56,-15
1739724848.8581307,9,-67,-68
1739724848.9031308,-6,36,-69
1739724848.9491308,-20,22,-121
1739724848.9951308,95,5,5
1739724849.0401306,-12,-6,-77
1739724849.0861306,-27,7,88
1739724849.1321306,-154,-57,-128
1739724849.1781306,21,47,107
1739724849.2231307,-49,-28,-24
1739724849.2691307,46,-7,-39
1739724849.3151307,-38,-49,-116
1739724849.3601308,-3,-26,46
1739724849.4061308,-36,0,-78
1739724849.4521308,66,40,-97
1739724849.4981308,-42,30,66
1739724849.5431306,-17,58,-29
1739724849.5891306,-4,78,-119
1739724849.6351306,-29,7,-96
1739724849.6801307,-7,58,-35
1739724849.7261307,-29,1,-52
1739724849.7721307,75,-40,-47
1739724849.8171306,-50,-6,-20
1739724849.8631306,73,42,-45
1739724849.9091306,74,-6,-113
1739724849.9551306,52,27,-49
1739724850.000131,-40,-3,26
1739724850.046131,-1,54,-9
1739724850.092131,30,-52,-139
1739724850.1371307,-33,143,-41
1739724850.1831307,11,59,-59
1739724850.2291307,71,0,5
1739724850.2751307,6,23,-101
1739724850.3201306,-3,-30,-161
1739724850.3661306,56,-19,-59
1739724850.4121306,-8,-6,-61
1739724850.457131,5,45,-61
1739724850.503131,2,-9,-101
1739724850.549131,-22,-11,-60
1739724850.5951307,31,0,-53
1739724850.6401308,77,40,127
1739724850.6861308,-41,4,2
1739724850.7321308,20,21,-23
1739724850.7771306,-29,53,61
1739724850.8231306,10,-19,22
1739724850.8691306,-7,-26,-48
1739724850.9151306,65,-42,20
1739724850.9601307,-45,20,-44
1739724851.0061307,-77,5,-28
1739724851.0521307,-16,-20,-40
1739724851.0971308,86,-15,-89
1739724851.1431308,-35,11,-33
1739724851.1891308,11,-31,114
1739724851.2351308,-32,-7,-24
1739724851.2801306,-52,-54,0
1739724851.3261306,19,85,-65
1739724851.3721306,62,-11,-45
1739724851.4171307,-10,-52,-88
1739724851.4631307,-35,15,-97
1739724851.5091307,28,-50,-42
1739724851.5551307,-28,-59,-150
1739724851.6001308,30,-20,-65
1739724851.6461308,-18,-14,4
1739724851.6921306,13,5,-21
1739724851.7371306,-14,-4,-113
1739724851.7831306,-21,11,68
1739724851.8291306,-23,15,-59
1739724851.875131,40,33,-3
1739724851.9201307,46,-16,-63
1739724851.9661307,54,-7,29
1739724852.0121307,-71,3,-52
1739724852.0571306,-1,2,0
1739724852.1031306,18,-9,-19
1739724852.1491306,20,40,-25
1739724852.1951306,33,20,-117
1739724852.240131,21,61,-45
1739724852.286131,-28,31,-17
1739724852.332131,108,-3,-5
1739724852.3771307,-34,25,-6
1739724852.4231308,-28,26,-101
1739724852.4691308,-5,6,-177
1739724852.5151308,-61,-75,66
1739724852.5601306,58,26,17
1739724852.6061306,-24,-50,2
1739724852.6521306,-34,-14,76
1739724852.697131,-29,1,-9
1739724852.7431307,1,70,-61
1739724852.7891307,23,-43,-49
1739724852.8351307,36,59,-63
1739724852.8801308,25,-47,-2
1739724852.9261308,7,35,-175
1739724852.9721308,-93,6,-97
1739724853.0171306,-40,78,-191
1739724853.0631306,-62,-95,-117
1739724853.1091306,-27,-71,58
1739724853.1551306,63,14,-39
1739724853.2001307,15,27,-131
1739724853.2461307,-31,-21,-14
1739724853.2921307,24,-85,-58
1739724853.3371308,-29,-36,-42
1739724853.3831308,-60,0,-27
1739724853.4291308,2,-103,-74
1739724853.4751308,-19,50,-207
1739724853.5201306,36,22,-7
1739724853.5661306,34,-20,9
1739724853.6121306,51,87,61
1739724853.6571307,-15,48,-153
1739724853.7031307,-16,68,-28
1739724853.7491307,-74,31,-28
1739724853.7951307,103,-41,-51
1739724853.8401306,1,70,-143
1739724853.8861306,84,82,-9
1739724853.9321306,-12,-62,-39
1739724853.977131,44,29,-89
1739724854.023131,41,10,-7
1739724854.069131,43,15,13
1739724854.115131,-18,-54,-38
1739724854.1601307,0,-49,-113
1739724854.2061307,-56,-8,-64
1739724854.2521307,-17,-36,-101
1739724854.2971306,36,22,-7
1739724854.3431306,25,54,-1
1739724854.3891306,-112,45,-46
1739724854.4351306,11,49,-71
1739724854.480131,-23,-21,16
1739724854.526131,5,-67,-78
1739724854.572131,39,88,89
1739724854.6171308,76,28,-193
1739724854.6631308,43,54,21
1739724854.7091308,-33,1,14
1739724854.7551308,34,64,-79
1739724854.8001306,73,48,77
1739724854.8461306,-36,-41,-128
1739724854.8921306,-1,-30,-22
1739724854.9371307,53,7,-155
1739724854.9831307,-45,62,-94
1739724855.0291307,-50,36,-12
1739724855.0751307,-13,-26,-68
1739724855.1201308,10,27,-51
1739724855.1661308,-48,-2,-120
1739724855.2121308,3,-41,106
1739724855.2571306,19,-81,58
1739724855.3031306,-15,-40,-54
1739724855.3491306,48,-3,21
1739724855.3951306,21,13,73
1739724855.4401307,65,6,37
1739724855.4861307,38,30,-135
1739724855.5321307,4,33,5
1739724855.5771308,54,-11,3
1739724855.6231308,-16,-19,-129
1739724855.6691308,-4,-7,-13
1739724855.7151306,-26,-12,19
1739724855.7601306,-24,34,-41
1739724855.8061306,20,-45,6
1739724855.852131,-15,15,71
1739724855.9031308,32,-21,-48
1739724855.9491308,-20,24,-35
1739724855.9951308,-56,75,-69
1739724856.0401306,-9,7,-29
1739724856.0861306,7,-34,-73
1739724856.1321306,1,-22,-143
1739724856.1771307,24,-13,-24
1739724856.2231307,38,-7,-91
1739724856.2691307,-37,50,-81
1739724856.3151307,-31,21,-49
1739724856.3601308,46,-59,-25
1739724856.4061308,-68,-5,-175
1739724856.4521308,-23,9,-22
1739724856.4961307,44,9,17
1739724856.5421307,6,-24,-125
1739724856.5881307,10,-5,-93
1739724856.6331308,-66,73,42
1739724856.6791308,-5,-28,-105
1739724856.7251308,-16,30,41
1739724856.7711308,-62,-58,-92
1739724856.8161306,1,32,60
1739724856.8621306,-51,4,-127
1739724856.9081306,-67,-28,133
1739724856.9531307,-11,-29,-48
1739724856.9991307,-4,25,-77
1739724857.0451307,70,-3,-197
1739724857.0911307,83,13,-19
1739724857.1361306,-41,-30,29
1739724857.1821306,37,7,-62
1739724857.2281306,-36,25,-134
1739724857.273131,64,-14,-4
1739724857.319131,-45,16,-56
1739724857.365131,-12,-8,-37
1739724857.411131,-86,-14,-174
1739724857.4561307,5,-32,91
1739724857.5021307,0,-6,-140
1739724857.5481308,-23,-28,-91
1739724857.5931306,-71,-20,-110
1739724857.6391306,-15,99,-34
1739724857.6851306,-50,-17,-61
1739724857.7311306,-4,-43,-55
1739724857.776131,-56,-41,-31
1739724857.822131,-22,-6,55
1739724857.8681307,18,36,-28
1739724857.9131308,-81,-40,13
1739724857.9591308,74,33,10
1739724858.0051308,-71,-73,-17
1739724858.0511308,-55,4,-57
1739724858.0961306,32,-10,-12
1739724858.1421306,-40,-87,-15
1739724858.1881306,-63,12,21
1739724858.2331307,6,34,-74
1739724858.2791307,-18,-43,0
1739724858.3251307,-10,34,-76
1739724858.3711307,-69,90,6
1739724858.4161308,31,97,-118
1739724858.4621308,-89,15,-70
1739724858.5081308,9,-34,-29
1739724858.5531306,-32,-18,-94
1739724858.5991306,-16,-11,-104
1739724858.6451306,65,17,-60
1739724858.6911306,-79,16,123
1739724858.7361307,-20,31,-50
1739724858.7821307,23,-23,25
1739724858.8281307,18,-16,-144
1739724858.8731308,-54,79,0
1739724858.9191308,24,21,-84
1739724858.9651306,13,8,103
1739724859.0111306,54,36,-38
1739724859.0561306,7,14,-50
1739724859.102131,110,37,-76
1739724859.148131,-21,-35,-134
1739724859.1931307,-52,-15,-22
1739724859.2391307,-16,-87,-47
1739724859.2851307,0,-12,47
1739724859.3311307,32,-45,-13
1739724859.3761306,-59,19,2
1739724859.4221306,-64,40,-84
1739724859.4681306,-55,-25,-80
1739724859.513131,-29,2,-76
1739724859.559131,43,-28,-137
1739724859.605131,135,8,53
1739724859.651131,28,65,-56
1739724859.6961308,23,47,73
1739724859.7421308,-54,37,-72
1739724859.7881308,-62,-59,-130
1739724859.8331306,-62,21,-178
1739724859.8791306,-68,56,-32
1739724859.9251306,-2,21,-62
1739724859.9701307,-78,18,-28
1739724860.0161307,-77,74,2
1739724860.0621307,2,8,-130
1739724860.1081307,-40,14,-100
1739724860.1531308,35,-3,-104
1739724860.1991308,-69,-34,21
1739724860.2451308,23,-77,51
1739724860.2901306,-71,10,-72
1739724860.3361306,42,-54,-3
1739724860.3821306,26,44,-152
1739724860.4281306,116,-45,-43
1739724860.4731307,-109,0,26
1739724860.5191307,-9,-1,25
1739724860.5651307,33,-17,57
1739724860.6101308,-54,21,-102
1739724860.6561308,-12,7,-10
1739724860.7021308,28,3,-9
1739724860.7481308,100,-40,103
1739724860.7931306,22,56,-149
1739724860.8391306,-55,43,-24
1739724860.8851306,-62,-33,-42
1739724860.9301307,-9,23,-6
1739724860.9761307,-111,-24,-42
1739724861.0221307,-15,-19,-130
1739724861.0681307,-50,-5,-74
1739724861.1131306,0,14,26
1739724861.1591306,36,27,35
1739724861.2051306,-69,22,14
1739724861.250131,-23,50,-70
1739724861.296131,41,-80,-29
1739724861.342131,-45,-31,-118
1739724861.388131,80,-21,-23
1739724861.4331307,55,62,-62
1739724861.4791307,31,-41,15
1739724861.5251307,13,52,-24
1739724861.5701306,-5,7,0
1739724861.6161306,0,-12,-13
1739724861.6621306,-19,21,93
1739724861.7081306,1,26,4
1739724861.753131,6,30,-18
1739724861.799131,46,36,-44
1739724861.8451307,38,27,-96
1739724861.8901308,15,10,8
1739724861.9361308,-8,33,2
1739724861.9821308,-20,-57,-49
1739724862.0281308,32,21,34
1739724862.0731306,28,37,8
1739724862.1191306,-5,-41,143
1739724862.1651306,-39,-24,55
1739724862.2101307,-9,21,0
1739724862.2561307,44,40,-42
1739724862.3021307,-47,18,-54
1739724862.3481307,-16,-1,-98
1739724862.3931308,30,-12,40
1739724862.4391308,50,57,-40
1739724862.4851308,-17,50,-92
1739724862.5301306,54,49,-20
1739724862.5761306,-23,-30,-38
1739724862.6221306,-27,19,-116
1739724862.6681306,1,33,-42
1739724862.7131307,-21,13,-18
1739724862.7591307,44,-78,-2
1739724862.8051307,16,3,-38
1739724862.8501308,-7,22,-41
1739724862.8961308,2,15,-54
1739724862.9421306,34,18,13
1739724862.9881306,-78,53,-57
1739724863.0331306,15,0,9
1739724863.0791306,10,5,-94
1739724863.125131,39,-8,73
1739724863.1701307,-13,82,-157
1739724863.2161307,-49,-2,31
1739724863.2621307,-82,-29,0
1739724863.3081307,89,-21,-78
1739724863.3531306,78,6,-86
1739724863.3991306,-5,-110,-88
1739724863.4451306,-40,-26,-30
1739724863.490131,26,45,43
1739724863.536131,3,-54,30
1739724863.582131,59,-45,42
1739724863.628131,-8,6,-178
1739724863.6731308,29,78,37
1739724863.7191308,-29,31,151
1739724863.7651308,30,14,-66
1739724863.8101306,-42,-16,-46
1739724863.8561306,-27,-13,-82
1739724863.9021306,-22,-30,115
1739724863.9481306,-33,-24,-116
1739724863.9931307,-11,24,-1
1739724864.0391307,21,-10,-24
1739724864.0851307,-24,-37,107
1739724864.1301308,-19,24,-5
1739724864.1761308,-38,-3,-106
1739724864.2221308,20,-5,-106
1739724864.2681308,0,-4,-220
1739724864.3131306,-30,15,-21
1739724864.3591306,-65,-7,-11
1739724864.4051306,0,-75,-24
1739724864.4501307,-39,0,-112
1739724864.4961307,91,35,-78
1739724864.5421307,-68,55,-51
1739724864.5881307,25,-88,-110
1739724864.6331308,20,-37,-164
1739724864.6791308,-52,-84,18
1739724864.7251308,-10,-68,26
1739724864.7701306,117,40,-56
1739724864.8161306,15,31,-125
1739724864.8621306,32,10,121
1739724864.9081306,-40,-23,-37
1739724864.9531307,75,-3,-128
1739724864.9991307,18,1,-56
1739724865.0451307,30,0,-44
1739724865.0901306,102,-27,-70
1739724865.1361306,5,81,1
1739724865.1821306,-52,-20,-1
1739724865.2281306,-38,49,53
1739724865.273131,3,0,-78
1739724865.319131,24,-54,-32
1739724865.365131,41,54,-132
1739724865.4101307,33,6,68
1739724865.4561307,2,-45,10
1739724865.5021307,-4,0,-11
1739724865.5481308,-17,90,-120
1739724865.5931306,-21,-6,-5
1739724865.6391306,38,-22,-94
1739724865.6851306,56,7,26
1739724865.730131,5,-3,-26
1739724865.776131,-16,-22,-11
1739724865.822131,-31,29,-93
1739724865.8681307,8,-7,4
1739724865.9191308,15,-27,-122
1739724865.9651306,-32,39,-53
1739724866.0101306,-11,84,47
1739724866.0561306,-18,34,5
1739724866.102131,-23,5,85
1739724866.148131,51,11,-130
1739724866.1931307,12,35,14
1739724866.2391307,-61,-62,15
1739724866.2851307,11,-2,-6
1739724866.3301306,-14,70,29
1739724866.3761306,27,-21,-92
1739724866.4221306,41,38,-88
1739724866.4681306,-15,46,-86
1739724866.513131,-34,87,-29
1739724866.559131,1,13,4
1739724866.605131,13,19,-96
1739724866.6501307,-92,-8,-85
1739724866.6961308,-1,-38,-80
1739724866.7421308,-14,0,5
1739724866.7881308,-53,12,27
1739724866.8331306,-23,15,-180
1739724866.8791306,-81,65,25
1739724866.9251306,-26,-45,-69
1739724866.9701307,1,17,47
1739724867.0161307,27,48,-8
1739724867.0621307,-18,33,-74
1739724867.1081307,-4,33,-70
1739724867.1531308,83,45,0
1739724867.1991308,73,7,-52
1739724867.2451308,-65,6,19
1739724867.2901306,34,73,0
1739724867.3361306,15,-33,37
1739724867.3821306,27,16,-24
1739724867.4281306,39,-38,-28
1739724867.4731307,-60,0,-113
1739724867.5191307,-17,-42,-91
1739724867.5651307,-29,17,-11
1739724867.6101308,0,-9,1
1739724867.6561308,-37,-73,-79
1739724867.7021308,10,41,-36
1739724867.7481308,15,9,0
1739724867.7931306,37,20,-76
1739724867.8391306,13,-23,-19
1739724867.8851306,-12,-18,9
1739724867.9301307,-55,-115,-101
1739724867.9761307,-64,77,34
1739724868.0221307,66,36,66
1739724868.0681307,-38,28,74
1739724868.1131306,30,77,-2
1739724868.1591306,46,-6,-80
1739724868.2051306,-15,14,-82
1739724868.250131,-11,-80,53
1739724868.296131,53,-41,20
1739724868.342131,-17,-26,-39
1739724868.388131,-16,-46,65
1739724868.4331307,-35,-35,25
1739724868.4791307,-32,77,-30
1739724868.5251307,46,33,-74
1739724868.5701306,-34,79,-134
1739724868.6161306,-132,74,-42
1739724868.6621306,35,18,-20
1739724868.7081306,-34,-12,-17
1739724868.753131,-47,65,6
1739724868.799131,-10,30,38
1739724868.8451307,44,-5,-74
1739724868.8901308,6,-47,19
1739724868.9361308,4,33,6
1739724868.9821308,39,-36,13
1739724869.0281308,-51,8,-35
1739724869.0731306,-30,41,-26
1739724869.1191306,-22,39,-50
1739724869.1651306,-2,-78,-61
1739724869.2101307,16,37,54
1739724869.2561307,-15,-25,-71
1739724869.3021307,-11,12,13
1739724869.3481307,-34,31,27
1739724869.3931308,-43,-34,-41
1739724869.4391308,27,18,-12
1739724869.4851308,47,-33,-44
1739724869.5301306,-66,40,-100
1739724869.5761306,42,25,-4
1739724869.6221306,18,34,-80
1739724869.6681306,42,39,-70
1739724869.7131307,28,-9,-52
1739724869.7591307,9,0,7
1739724869.8051307,15,18,-80
1739724869.8501308,36,-11,47
1739724869.8961308,4,76,-24
1739724869.9421306,-88,-3,-126
1739724869.9871306,-43,-32,-142
1739724870.0331306,-3,-21,-29
1739724870.0791306,-10,41,0
1739724870.125131,-113,50,-124
1739724870.1701307,-4,-15,-65
1739724870.2161307,10,-16,-55
1739724870.2621307,-18,-53,27
1739724870.3071306,10,-6,-48
1739724870.3531306,34,-19,-70
1739724870.3991306,-28,40,-120
1739724870.4451306,-30,-6,-34
1739724870.490131,34,-19,-216
1739724870.536131,27,-25,67
1739724870.582131,-23,8,-56
1739724870.6271307,17,0,-54
1739724870.6731308,-40,-44,-93
1739724870.7191308,26,-1,-68
1739724870.7651308,36,-1,-56
1739724870.8101306,-28,-14,-41
1739724870.8561306,42,41,-94
1739724870.9021306,63,6,-82
1739724870.947131,-16,-53,59
1739724870.9931307,-11,-23,-25
1739724871.0391307,-6,-55,11
1739724871.0851307,71,11,-30
1739724871.1301308,-46,39,-16
1739724871.1761308,2,-10,-36
1739724871.2221308,43,-36,27
1739724871.2671306,84,-47,-39
1739724871.3131306,-66,-45,69
1739724871.3591306,-59,8,-92
1739724871.4051306,12,-30,-52
1739724871.4501307,57,39,77
1739724871.4961307,40,20,-38
1739724871.5421307,109,29,-28
1739724871.5871308,-36,43,-148
1739724871.6331308,29,34,-44
1739724871.6791308,2,15,-6
1739724871.7251308,1,-12,-26
1739724871.7701306,57,-16,85
1739724871.8161306,-12,-5,-62
1739724871.8621306,-93,-3,-18
1739724871.9071307,-119,-6,-12
1739724871.9531307,-58,-31,-80
1739724871.9991307,16,-38,-61
1739724872.0451307,-3,85,51
1739724872.0901306,-6,1,-32
1739724872.1361306,-118,110,-62
1739724872.1821306,-4,9,-76
1739724872.227131,-38,18,22
1739724872.273131,-8,21,0
1739724872.319131,-6,-67,-114
1739724872.365131,24,17,-65
1739724872.4101307,-59,15,-38
1739724872.4561307,-75,70,-86
1739724872.5021307,-32,-86,18
1739724872.5471306,-74,-14,-110
1739724872.5931306,-28,50,-104
1739724872.6391306,-10,73,-50
1739724872.6851306,34,0,-1
1739724872.730131,58,12,-173
1739724872.776131,6,60,-31
1739724872.822131,20,18,143
1739724872.8671308,-21,22,-106
1739724872.9131308,-15,35,131
1739724872.9591308,-65,-3,-34
1739724873.0051308,-10,-23,-90
1739724873.0501306,-101,-45,-100
1739724873.0961306,82,5,55
1739724873.1421306,-33,44,23
1739724873.1871307,-3,23,-51
1739724873.2331307,-65,-45,0
1739724873.2791307,-50,-37,4
1739724873.3251307,-25,28,-220
1739724873.3701308,-52,-21,-50
1739724873.4161308,42,8,-47
1739724873.4621308,67,-4,-62
1739724873.5071306,29,-1,-78
1739724873.5531306,11,-9,14
1739724873.5991306,-13,28,-79
1739724873.6451306,-3,-10,-88
1739724873.6901307,-18,58,69
1739724873.7361307,1,58,-115
1739724873.7821307,-3,62,-74
1739724873.8271308,-73,-35,17
1739724873.8731308,60,-57,-96
1739724873.9191308,-78,27,-18
1739724873.9651306,-21,-26,-29
1739724874.0101306,1,39,-6
1739724874.0561306,-32,37,-107
1739724874.102131,-5,-120,-72
1739724874.1471307,69,0,-32
1739724874.1931307,-12,-14,-7
1739724874.2391307,20,-47,-6
1739724874.2851307,-46,40,21
1739724874.3301306,-42,27,-87
1739724874.3761306,40,70,-92
1739724874.4221306,48,-49,59
1739724874.467131,-18,-59,51
1739724874.513131,-23,59,32
1739724874.559131,38,-14,-128
1739724874.605131,-28,-51,-51
1739724874.6501307,7,15,90
1739724874.6961308,-23,-66,-31
1739724874.7421308,50,71,-34
1739724874.7871306,14,-11,-52
1739724874.8331306,-25,-27,19
1739724874.8791306,-10,-8,-1
1739724874.9251306,-8,-44,-105
1739724874.9701307,25,-34,-142
1739724875.0161307,15,-29,-74
1739724875.0621307,29,6,-82
1739724875.1071308,14,35,-36
1739724875.1531308,-55,-26,-23
1739724875.1991308,66,75,-56
1739724875.2451308,22,41,-10
1739724875.2901306,-26,-7,-41
1739724875.3361306,82,-1,-78
1739724875.3821306,44,26,84
1739724875.4271307,-56,-14,5
1739724875.4731307,27,18,-68
1739724875.5191307,93,15,-74
1739724875.5651307,20,-57,39
1739724875.6101308,-65,-28,-9
1739724875.6561308,1,78,-90
1739724875.7021308,-24,-3,-145
1739724875.7471306,4,-5,-26
1739724875.7931306,18,33,-38
1739724875.8391306,-9,10,19
1739724875.8851306,-117,-31,-109
1739724875.9361308,14,-19,-32
1739724875.9821308,17,53,-84
1739724876.0271306,40,-10,-102
1739724876.0731306,24,28,-148
1739724876.1191306,-17,-26,-51
1739724876.1651306,-46,-52,3
1739724876.2101307,-50,78,-57
1739724876.2561307,2,29,-12
1739724876.3021307,-61,4,-97
1739724876.3471308,-11,-30,-29
1739724876.3931308,19,1,-156
1739724876.4391308,-45,4,-51
1739724876.4851308,-31,-29,63
1739724876.5301306,71,-38,-4
1739724876.5761306,-103,18,25
1739724876.6221306,-5,-26,-149
1739724876.6671307,-26,-3,15
1739724876.7131307,43,4,-18
1739724876.7591307,27,10,-82
1739724876.8051307,29,-40,-82
1739724876.8501308,-3,-34,77
1739724876.8961308,-20,26,-116
1739724876.9421306,26,-22,40
1739724876.9871306,-10,-10,-9
1739724877.0331306,12,27,-156
1739724877.0791306,10,-49,-11
1739724877.125131,-15,48,-200
1739724877.1701307,92,-47,-16
1739724877.2161307,-23,9,-37
1739724877.2621307,-3,64,-108
1739724877.3071306,-58,-4,11
1739724877.3531306,-10,-3,-9
1739724877.3991306,1,23,-84
1739724877.4451306,-2,-80,-7
1739724877.490131,-7,16,32
1739724877.536131,79,8,-80
1739724877.582131,-24,-19,-83
1739724877.6271307,-26,-9,-91
1739724877.6731308,-57,-42,-71
1739724877.7191308,-49,-36,49
1739724877.7651308,17,17,-28
1739724877.8101306,58,27,-22
1739724877.8561306,-84,-46,-1
1739724877.9021306,44,-7,-22
1739724877.947131,-44,-44,-22
1739724877.9931307,-3,92,-54
1739724878.0391307,-25,11,-52
1739724878.0851307,-25,-32,-12
1739724878.1301308,67,25,85
1739724878.1761308,54,0,-23
1739724878.2221308,-31,38,6
1739724878.2671306,74,-33,5
1739724878.3131306,18,66,49
1739724878.3591306,-5,39,-94
1739724878.4051306,53,-48,31
1739724878.4501307,16,50,-5
1739724878.4961307,-55,-37,2
1739724878.5421307,-58,-9,-116
1739724878.5871308,-42,74,-102
1739724878.6331308,-46,-61,37
1739724878.6791308,30,27,-186
1739724878.7251308,-69,7,-120
1739724878.7701306,11,-30,-15
1739724878.8161306,43,-52,-102
1739724878.8621306,-26,-16,25
1739724878.9071307,33,-21,-16
1739724878.9531307,-95,12,-10
1739724878.9991307,17,-8,21
1739724879.0451307,0,-4,-2
1739724879.0901306,13,2,-86
1739724879.1361306,40,-2,14
1739724879.1821306,21,13,14
1739724879.227131,-40,27,-18
1739724879.273131,-38,43,-96
1739724879.319131,-46,-8,-55
1739724879.365131,57,17,88
1739724879.4101307,-47,1,47
1739724879.4561307,68,27,-116
1739724879.5021307,25,6,0
1739724879.5471306,-2,68,70
1739724879.5931306,-56,80,-22
1739724879.6391306,-98,-56,-77
1739724879.6851306,56,-5,-88
1739724879.730131,-3,-22,-108
1739724879.776131,18,-5,-136
1739724879.822131,18,-3,-108
1739724879.8671308,37,-36,-118
1739724879.9131308,-144,-40,41
1739724879.9591308,-37,7,21
1739724880.0051308,-7,58,-78
1739724880.0501306,50,55,-110
1739724880.0961306,17,29,-6
1739724880.1421306,-17,94,-13
1739724880.1871307,-52,32,-57
1739724880.2331307,39,-2,-82
1739724880.2791307,0,-33,-8
1739724880.3241308,16,31,82
1739724880.3701308,12,-19,0
1739724880.4161308,25,-12,-214
1739724880.4621308,74,4,14
1739724880.5071306,17,23,-16
1739724880.5531306,-68,-13,-3
1739724880.5991306,-43,11,-117
1739724880.6441307,-2,64,-53
1739724880.6901307,-38,-125,-64
1739724880.7361307,4,-67,-54
1739724880.7821307,-1,-18,-68
1739724880.8271308,73,-50,-16
1739724880.8731308,-65,-12,-23
1739724880.9191308,33,36,-17
1739724880.9641306,-8,18,-71
1739724881.0101306,-18,48,-97
1739724881.0561306,36,88,27
1739724881.102131,-22,67,-45
1739724881.1471307,-26,-29,63
1739724881.1931307,14,-31,34
1739724881.2391307,-36,21,119
1739724881.2841306,-30,9,-143
1739724881.3301306,41,76,-61
1739724881.3761306,84,-30,-132
1739724881.4221306,7,77,-69
1739724881.467131,26,32,70
1739724881.513131,54,27,108
1739724881.559131,17,-1,-90
1739724881.6041307,61,67,-52
1739724881.6501307,2,17,-120
1739724881.6961308,-39,15,-77
1739724881.7421308,29,-8,-78
1739724881.7871306,-59,10,53
1739724881.8331306,-60,24,-20
1739724881.8791306,54,-31,42
1739724881.924131,-14,-50,-112
1739724881.9701307,-68,27,-49
1739724882.0161307,-43,64,-145
1739724882.0621307,66,25,-84
1739724882.1071308,-60,-54,-17
1739724882.1531308,-40,25,-127
1739724882.1991308,-24,33,-57
1739724882.2441306,9,13,-72
1739724882.2901306,-45,-38,15
1739724882.3361306,21,7,-110
1739724882.3821306,-24,-1,73
1739724882.4271307,30,-62,-28
1739724882.4731307,79,18,-62
1739724882.5191307,0,-3,-110
1739724882.5641308,45,-48,-66
1739724882.6101308,-42,-50,-47
1739724882.6561308,109,60,-8
1739724882.7021308,72,18,-138
1739724882.7471306,-53,-31,121
1739724882.7931306,-56,80,67
1739724882.8391306,13,-28,-37
1739724882.8841307,82,-19,31
1739724882.9301307,-36,115,22
1739724882.9761307,30,-12,-66
1739724883.0221307,-28,27,-96
1739724883.0671306,-4,-54,-17
1739724883.1131306,31,52,-8
1739724883.1591306,-60,34,-27
1739724883.2041306,13,5,-98
1739724883.250131,-42,-15,69
1739724883.296131,113,10,6
1739724883.342131,0,3,-88
1739724883.3871307,-6,32,-50
1739724883.4331307,-14,-100,-87
1739724883.4791307,47,-39,-90
1739724883.5241306,16,115,-32
1739724883.5701306,134,-57,-98
1739724883.6161306,11,3,-54
1739724883.6621306,22,-10,106
1739724883.707131,-15,102,127
1739724883.753131,-25,-31,-127
1739724883.799131,25,4,16
1739724883.8441308,61,53,-10
1739724883.8901308,45,106,-66
1739724883.9361308,34,34,-80
1739724883.9821308,31,94,4
1739724884.0271306,17,45,-120
1739724884.0731306,21,45,-38
1739724884.1191306,28,-31,-20
1739724884.1641307,0,-36,-176
1739724884.2101307,5,-8,-16
1739724884.2561307,20,-29,42
1739724884.3021307,31,-8,-42
1739724884.3471308,7,-15,-26
1739724884.3931308,55,-51,-20
1739724884.4391308,-44,-36,-112
1739724884.4841306,-16,102,-91
1739724884.5301306,27,-4,103
1739724884.5761306,-6,-71,72
1739724884.6221306,25,23,51
1739724884.6671307,7,-22,-4
1739724884.7131307,-15,27,35
1739724884.7591307,47,-11,-72
1739724884.8041308,-44,66,-83
1739724884.8501308,19,-15,72
1739724884.8961308,-42,13,-11
1739724884.9421306,6,53,3
1739724884.9871306,-17,-20,50
1739724885.0331306,-60,20,41
1739724885.0791306,-19,-14,-50
1739724885.1241307,-59,34,-45
1739724885.1701307,106,0,-42
1739724885.2161307,5,67,-184
1739724885.2621307,-38,64,-27
1739724885.3071306,-7,42,-49
1739724885.3531306,-74,2,-52
1739724885.3991306,48,-83,-30
1739724885.444131,47,-9,-10
1739724885.490131,31,-18,-54
1739724885.536131,52,-31,-40
1739724885.582131,-9,-2,-52
1739724885.6271307,2,-29,18
1739724885.6731308,0,12,-136
1739724885.7191308,28,54,7
1739724885.7641306,-91,-4,-24
1739724885.8101306,-6,22,-87
1739724885.8561306,-75,-86,-72
1739724885.9021306,-50,-21,-30
1739724885.9531307,91,-24,47
1739724885.9991307,45,32,-33
1739724886.0441308,-7,27,-14
1739724886.0901306,15,68,35
1739724886.1361306,31,-21,-105
1739724886.1821306,-24,8,76
1739724886.227131,-10,-77,-118
1739724886.273131,-54,-19,32
1739724886.319131,0,87,-32
1739724886.3661306,-60,23,88
1739724886.411131,-48,25,90
1739724886.457131,92,-24,-19
1739724886.503131,-48,-53,-154
1739724886.5481308,-19,-35,-43
1739724886.5941308,100,24,14
1739724886.6401308,46,-8,-45
1739724886.6861308,-51,47,44
1739724886.7311306,-2,-7,1
1739724886.7771306,8,0,9
1739724886.8231306,-14,25,-64
1739724886.8681307,-40,0,-83
1739724886.9141307,-5,-41,-123
1739724886.9601307,-10,25,-36
1739724887.0061307,37,20,-80
1739724887.0511308,40,-1,-94
1739724887.0971308,-9,5,-94
1739724887.1431308,16,-5,-70
1739724887.1881306,0,69,-56
1739724887.2341306,-3,111,-90
1739724887.2801306,75,0,-90
1739724887.3261306,-4,29,58
1739724887.3711307,13,8,-130
1739724887.4171307,-68,77,96
1739724887.4631307,-29,63,-116
1739724887.5081308,-29,-23,13
1739724887.5541308,-7,14,-136
1739724887.6001308,-79,-42,-43
1739724887.6461308,1,-30,-91
1739724887.6911306,-39,-28,-95
1739724887.7371306,-18,0,-17
1739724887.7831306,-25,1,-73
1739724887.8281307,2,-51,71
1739724887.8741307,42,86,34
1739724887.9201307,41,-38,-162
1739724887.9661307,0,46,-118
1739724888.0111306,27,0,20
1739724888.0571306,-26,23,-7
1739724888.1031306,20,-6,-15
1739724888.148131,48,34,34
1739724888.194131,-37,4,54
1739724888.240131,-55,2,-64
1739724888.286131,-32,-44,57
1739724888.3311307,52,-67,35
1739724888.3771307,12,23,-98
1739724888.4231308,-13,-33,25
1739724888.4681306,48,-16,-91
1739724888.5141306,-96,27,-144
1739724888.5601306,47,14,-46
1739724888.6061306,-64,28,-9
1739724888.651131,-40,27,-37
1739724888.697131,11,-39,-73
1739724888.7431307,-3,14,-2
1739724888.7881308,-30,29,-81
1739724888.8341308,25,-24,6
1739724888.8801308,6,-40,-10
1739724888.9261308,39,10,-68
1739724888.9711306,15,56,18
1739724889.0171306,-13,46,51
1739724889.0631306,53,1,-32
1739724889.1081307,-57,-21,-96
1739724889.1541307,110,55,-74
1739724889.2001307,-89,68,-10
1739724889.2461307,7,-18,-188
1739724889.2911308,-60,-21,18
1739724889.3371308,16,-38,-3
1739724889.3831308,23,-69,7
1739724889.4281306,-76,41,17
1739724889.4741306,-72,37,-85
1739724889.5201306,-88,-9,-37
1739724889.5661306,-8,0,-137
1739724889.6111307,25,-13,-68
1739724889.6571307,5,-66,9
1739724889.7031307,14,19,7
1739724889.7481308,-2,34,-102
1739724889.7941308,-99,-47,-28
1739724889.8401306,33,-57,-52
1739724889.8861306,-61,-59,-20
1739724889.9311306,103,78,47
1739724889.977131,-109,41,32
1739724890.023131,-53,-1,-24
1739724890.0681307,109,-56,-137
1739724890.1141307,52,48,63
1739724890.1601307,-25,26,-72
1739724890.2061307,-14,-65,57
1739724890.2511306,-21,-55,68
1739724890.2971306,0,-50,29
1739724890.3431306,-11,14,-162
1739724890.388131,-14,-21,-60
1739724890.434131,44,-40,-44
1739724890.480131,14,-74,38
1739724890.5251307,64,83,-109
1739724890.5711308,15,17,-75
1739724890.6171308,40,34,-23
1739724890.6631308,23,-30,-165
1739724890.7081306,-49,20,-43
1739724890.7541306,-52,32,-55
1739724890.8001306,-7,50,-113
1739724890.8451307,-47,14,-69
1739724890.8911307,23,18,-143
1739724890.9371307,16,-63,-143
1739724890.9831307,-46,40,42
1739724891.0281308,-66,-66,18
1739724891.0741308,35,-32,-143
1739724891.1201308,-15,-38,-46
1739724891.1651306,-22,23,64
1739724891.2111306,-31,-35,-120
1739724891.2571306,44,24,-79
1739724891.3031306,-46,1,-38
1739724891.3481307,34,-46,-71
1739724891.3941307,-49,18,-38
1739724891.4401307,-1,12,62
1739724891.4851308,-24,79,17
1739724891.5311308,-70,33,-2
1739724891.5771308,-69,17,-78
1739724891.6231308,37,2,144
1739724891.6681306,17,15,-85
1739724891.7141306,-14,-48,-15
1739724891.7601306,77,-40,-51
1739724891.8051307,62,-15,-101
1739724891.8511307,20,-15,-81
1739724891.8971307,-74,79,-93
1739724891.9431307,9,-75,100
1739724891.9881306,-15,-41,-14
1739724892.0341306,24,-51,-2
1739724892.0801306,14,19,124
1739724892.125131,-22,-63,-41
1739724892.171131,3,35,-79
1739724892.217131,-30,-52,-41
1739724892.263131,48,-6,-153
1739724892.3081307,22,-11,-53
1739724892.3541307,-4,-8,-125
1739724892.4001307,21,49,-37
1739724892.4451306,-71,-21,-52
1739724892.4911306,28,70,-79
1739724892.5371306,51,47,43
1739724892.5831306,-76,-9,42
1739724892.628131,25,0,23
1739724892.674131,-59,17,-139
1739724892.7201307,32,-23,-39
1739724892.7651308,28,-19,2
1739724892.8111308,27,-45,-103
1739724892.8571308,19,10,-143
1739724892.9031308,0,-10,-49
1739724892.9481306,-35,66,-71
1739724892.9941306,77,13,-13
1739724893.0401306,-94,-13,-20
1739724893.0851307,-10,-17,-59
1739724893.1311307,-3,60,-13
1739724893.1771307,-63,-24,-38
1739724893.2231307,14,41,41
1739724893.2681308,-96,-14,-34
1739724893.3141308,-76,-49,-20
1739724893.3601308,23,10,-35
1739724893.4051306,54,39,-17
1739724893.4511306,49,1,53
1739724893.4971306,44,36,-59
1739724893.5431306,-9,-36,-191
1739724893.5881307,11,-43,-74
1739724893.6341307,-1,0,58
1739724893.6801307,-25,15,-77
1739724893.7251308,19,-37,-37
1739724893.7711308,2,44,-121
1739724893.8171306,59,46,-113
1739724893.8631306,-3,-91,-96
1739724893.9081306,23,-27,-12
1739724893.9541306,-56,39,-13
1739724894.000131,-11,61,-51
1739724894.0451307,-38,28,7
1739724894.0911307,-1,3,-59
1739724894.1371307,-80,72,-107
1739724894.1831307,0,-19,-57
1739724894.2281306,-2,23,-59
1739724894.2741306,-6,35,-55
1739724894.3201306,4,26,-97
1739724894.365131,-95,9,-43
1739724894.411131,44,-61,18
1739724894.457131,8,122,-13
1739724894.503131,-76,1,-157
1739724894.5481308,50,-12,-69
1739724894.5941308,-81,10,3
1739724894.6401308,-49,-23,-22
1739724894.6851306,47,-1,46
1739724894.7311306,1,27,-91
1739724894.7771306,31,54,-77
1739724894.8231306,28,39,-81
1739724894.8681307,73,-28,128
1739724894.9141307,75,-1,-127
1739724894.9601307,72,-70,2
1739724895.0051308,7,51,-93
1739724895.0511308,30,-14,-59
1739724895.0971308,-38,-5,-30
1739724895.1431308,-3,-27,-129
1739724895.1881306,-35,48,11
1739724895.2341306,69,0,-47
1739724895.2801306,24,32,-161
1739724895.3251307,39,-26,4
1739724895.3711307,32,-102,-156
1739724895.4171307,-3,-26,-79
1739724895.4631307,8,29,59
1739724895.5081308,-32,-14,-30
1739724895.5541308,0,45,-31
1739724895.6001308,-24,92,1
1739724895.6451306,5,56,71
1739724895.6911306,4,38,-13
1739724895.7371306,-30,-8,0
1739724895.7831306,10,29,3
1739724895.8281307,-43,15,-21
1739724895.8741307,21,-29,10
1739724895.9201307,59,7,-19
1739724895.9711306,-15,-26,-70
1739724896.0171306,-10,-19,-123
1739724896.0631306,-20,-11,-85
1739724896.1081307,-42,-48,-36
1739724896.1541307,-57,5,-15
1739724896.2001307,-13,-35,14
1739724896.2451308,-78,-48,-66
1739724896.2911308,57,-44,-109
1739724896.3371308,11,-77,-28
1739724896.3831308,-44,45,-131
1739724896.4281306,-55,14,-6
1739724896.4741306,2,-19,-62
1739724896.5201306,-38,-3,-50
1739724896.5651307,-46,38,-21
1739724896.6111307,-66,44,-48
1739724896.6571307,104,41,-57
1739724896.7031307,-51,2,-44
1739724896.7481308,-61,24,-97
1739724896.7941308,-24,39,-25
1739724896.8401306,6,-3,-59
1739724896.8851306,-1,6,78
1739724896.9311306,-41,3,18
1739724896.977131,11,9,66
1739724897.0211308,-62,-2,-60
1739724897.0671306,13,-37,-89
1739724897.1131306,-2,-48,82
1739724897.1591306,59,92,15
1739724897.2041306,1,-44,-105
1739724897.250131,48,28,47
1739724897.296131,22,70,-57
1739724897.3411307,44,-7,-127
1739724897.3871307,35,47,-89
1739724897.4331307,-106,-19,-223
1739724897.4791307,10,23,-33
1739724897.5241306,30,34,13
1739724897.5701306,-2,0,-27
1739724897.6161306,-115,6,-62
1739724897.661131,-28,-17,-8
1739724897.707131,-24,-21,-36
1739724897.753131,147,45,-91
1739724897.799131,-9,-42,36
1739724897.8441308,-50,26,-26
1739724897.8901308,16,-17,-85
1739724897.9361308,-65,10,54
1739724897.9811306,-3,-71,-78
1739724898.0271306,-25,-34,-75
1739724898.0731306,13,14,-75
1739724898.1191306,6,-14,44
1739724898.1641307,18,-50,-30
1739724898.2101307,-29,102,-105
1739724898.2561307,-18,-5,-19
1739724898.3011308,14,13,-85
1739724898.3471308,-14,42,8
1739724898.3931308,-49,-37,-27
1739724898.4391308,-42,-6,-37
1739724898.4841306,24,101,44
1739724898.5301306,2,-76,-61
1739724898.5761306,-53,6,-83
1739724898.6211307,48,17,-25
1739724898.6671307,-19,-39,-123
1739724898.7131307,12,-38,-71
1739724898.7591307,76,50,-69
1739724898.8041308,14,17,46
1739724898.8501308,21,-4,14
1739724898.8961308,15,44,-39
1739724898.9411306,36,-79,-81
1739724898.9871306,42,1,-97
1739724899.0331306,18,2,-59
1739724899.0791306,-10,-34,-81
1739724899.1241307,9,-9,-11
1739724899.1701307,59,83,-143
1739724899.2161307,-48,12,-27
1739724899.2611306,-116,23,-73
1739724899.3071306,-11,-35,2
1739724899.3531306,16,-34,32
1739724899.3991306,79,-19,-59
1739724899.444131,-52,-11,-259
1739724899.490131,-50,44,2
1739724899.536131,16,11,2
1739724899.5811307,8,13,-155
1739724899.6271307,34,58,-207
1739724899.6731308,29,30,66
1739724899.7191308,10,49,-21
1739724899.7641306,-31,-29,-8
1739724899.8101306,35,-9,-159
1739724899.8561306,10,-26,-63
1739724899.901131,-50,-13,-43
1739724899.947131,-80,-62,-53
1739724899.9931307,-6,-7,-153
1739724900.0391307,-16,24,-77
1739724900.0841308,27,-13,-69
1739724900.1301308,0,-60,94
1739724900.1761308,19,73,-11
1739724900.2211306,32,-26,-13
1739724900.2671306,-58,-17,70
1739724900.3131306,37,40,-52
1739724900.3591306,0,-37,-19
1739724900.4041307,28,52,-25
1739724900.4501307,18,-27,-29
1739724900.4961307,-64,-53,18
1739724900.5411308,0,9,-77
1739724900.5871308,-116,-51,70
1739724900.6331308,-25,5,-83
1739724900.6781306,-39,-36,-103
1739724900.7241306,43,-9,50
1739724900.7701306,77,-7,86
1739724900.8161306,-26,20,1
1739724900.8611307,1,-18,-35
1739724900.9071307,-24,-10,-129
1739724900.9531307,-72,59,-95
1739724900.9981308,9,-56,-51
1739724901.0441308,-12,-24,22
1739724901.0901306,-69,12,8
1739724901.1361306,-67,-6,-245
1739724901.1811306,-7,-60,-3
1739724901.227131,21,71,-30
1739724901.273131,-17,30,-44
1739724901.3181307,48,7,54
1739724901.3641307,24,-84,-79
1739724901.4101307,44,-32,-3
1739724901.4561307,-44,-31,-23
1739724901.5011306,-33,-9,-105
1739724901.5471306,45,-6,43
1739724901.5931306,79,-4,35
1739724901.638131,39,-50,-105
1739724901.684131,26,10,9
1739724901.730131,59,-17,-153
1739724901.776131,-43,-9,0
1739724901.8211308,52,-47,-61
1739724901.8671308,23,15,-5
1739724901.9131308,33,56,25
1739724901.9581306,-50,-6,78
1739724902.0041306,-70,0,-92
1739724902.0501306,30,-8,-129
1739724902.0961306,108,-7,49
1739724902.1411307,-26,41,-185
1739724902.1871307,-14,-6,-93
1739724902.2331307,-42,-63,-20
1739724902.2781308,0,7,-155
1739724902.3241308,-62,-34,-68
1739724902.3701308,28,60,-145
1739724902.4161308,11,-21,-23
1739724902.4611306,18,-91,79
1739724902.5071306,113,-59,-33
1739724902.5531306,24,-28,-115
1739724902.5981307,-11,6,-155
1739724902.6441307,-5,112,-28
1739724902.6901307,60,-21,-65
1739724902.7361307,-103,-74,-124
1739724902.7811308,-17,-30,-92
1739724902.8271308,-4,-4,-33
1739724902.8731308,-11,-28,36
1739724902.9181306,22,-15,15
1739724902.9641306,16,-63,-11
1739724903.0101306,21,9,-91
1739724903.0561306,-34,-17,2
1739724903.1011307,-72,-57,-146
1739724903.1471307,82,-14,-45
1739724903.1931307,-36,-17,6
1739724903.2381306,-7,0,48
1739724903.2841306,9,43,18
1739724903.3301306,-1,-30,32
1739724903.3761306,9,1,19
1739724903.421131,5,1,21
1739724903.467131,3,5,-13
1739724903.513131,-26,-1,-131
1739724903.5581307,-30,-3,56
1739724903.6041307,106,-23,-145
1739724903.6501307,74,-22,-5
1739724903.6961308,-19,66,5
1739724903.7411306,-83,57,-48
1739724903.7871306,-4,-58,-71
1739724903.8331306,-16,-16,56
1739724903.878131,23,19,19
1739724903.924131,-4,-48,6
1739724903.9701307,-97,70,8
1739724904.0161307,-40,-9,44
1739724904.0611308,24,-16,14
1739724904.1071308,17,5,-111
1739724904.1531308,47,-39,-77
1739724904.1981306,-11,10,-131
1739724904.2441306,-86,25,22
1739724904.2901306,-43,23,30
1739724904.3361306,0,17,-83
1739724904.3811307,-130,87,15
1739724904.4271307,108,21,37
1739724904.4731307,26,-6,-77
1739724904.5181308,7,21,-45
1739724904.5641308,-87,-21,-148
1739724904.6101308,32,-2,17
1739724904.6561308,42,28,-27
1739724904.7011306,65,-43,-61
1739724904.7471306,57,57,-43
1739724904.7931306,-10,-2,-61
1739724904.8381307,72,22,45
1739724904.8841307,-38,-7,-46
1739724904.9301307,-4,28,-71
1739724904.9761307,-18,0,18
1739724905.0211308,-7,-42,-22
1739724905.0671306,-21,-24,10
1739724905.1131306,-32,77,52
1739724905.1581306,2,33,11
1739724905.2041306,9,-33,13
1739724905.250131,18,-9,-5
1739724905.296131,-13,-32,-45
1739724905.3411307,-44,-5,0
1739724905.3871307,0,19,-181
1739724905.4331307,-35,-25,92
1739724905.4781306,-61,-32,-16
1739724905.5241306,27,6,108
1739724905.5701306,-39,17,-8
1739724905.6161306,-79,-25,-42
1739724905.661131,-47,10,2
1739724905.707131,-16,30,4
1739724905.753131,24,36,-59
1739724905.7981308,-65,-30,-48
1739724905.8441308,-37,7,-12
1739724905.8901308,73,16,-25
1739724905.9411306,-24,-54,16
1739724905.9871306,27,-72,-15
1739724906.0331306,-9,52,-77
1739724906.0781307,47,-33,59
1739724906.1241307,-18,28,-125
1739724906.1701307,37,54,-57
1739724906.2161307,49,63,-151
1739724906.2611306,51,3,1
1739724906.3071306,-37,-75,-6
1739724906.3531306,22,-1,0
1739724906.398131,52,-9,-67
1739724906.444131,-46,39,-18
1739724906.490131,-17,48,-33
1739724906.536131,-7,-28,-20
1739724906.5811307,-39,-43,-40
1739724906.6271307,17,3,-137
1739724906.6731308,-2,26,21
1739724906.7181306,86,-18,-157
1739724906.7641306,61,-31,-3
1739724906.8101306,3,-73,-10
1739724906.8561306,24,-1,-27
1739724906.901131,13,7,-33
1739724906.947131,75,60,-37
1739724906.9931307,-60,36,-8
1739724907.0381308,62,23,-75
1739724907.0841308,-53,50,-27
1739724907.1301308,35,36,-45
1739724907.1761308,33,6,-69
1739724907.2211306,11,9,-27
1739724907.2671306,63,11,-51
1739724907.3131306,2,-54,2
1739724907.3581307,-84,1,-13
1739724907.4041307,37,3,-25
1739724907.4501307,-4,-57,-157
1739724907.4961307,-93,4,-83
1739724907.5411308,57,9,5
1739724907.5871308,31,14,-101
1739724907.6331308,-42,45,-99
1739724907.6781306,42,-8,-41
1739724907.7241306,-1,-68,-125
1739724907.7701306,-68,-7,-149
1739724907.8161306,87,-89,12
1739724907.8611307,-28,-10,-2
1739724907.9071307,-32,34,-95
1739724907.9531307,10,-6,2
1739724907.9981308,0,7,94
1739724908.0441308,45,7,-59
1739724908.0901306,12,-58,-86
1739724908.1361306,-36,82,41
1739724908.1811306,15,10,-23
1739724908.227131,-41,-79,10
1739724908.273131,-16,38,19
1739724908.3181307,-5,16,-35
1739724908.3641307,35,-40,110
1739724908.4101307,35,52,77
1739724908.4561307,7,21,-15
1739724908.5011306,12,71,-31
1739724908.5471306,-21,48,40
1739724908.5931306,5,65,-135
1739724908.638131,-3,18,-67
1739724908.684131,46,-8,-91
1739724908.730131,6,-47,-83
1739724908.776131,-64,36,-172
1739724908.8211308,18,25,-21
1739724908.8671308,1,5,-107
1739724908.9131308,-33,7,-86
1739724908.9581306,43,14,11
1739724909.0041306,-4,-6,-43
1739724909.0501306,17,-23,-109
1739724909.0961306,71,11,77
1739724909.1411307,2,-5,-141
1739724909.1871307,33,60,-85
1739724909.2331307,-6,-10,-81
1739724909.2781308,99,3,23
1739724909.3241308,-64,-6,-20
1739724909.3701308,-21,-24,-137
1739724909.4161308,-43,-25,-56
1739724909.4611306,-29,19,0
1739724909.5071306,96,-17,-63
1739724909.5531306,-40,-15,-44
1739724909.5981307,-6,42,-39
1739724909.6441307,13,71,-77
1739724909.6901307,43,-44,-31
1739724909.7361307,-3,20,-107
1739724909.7811308,-90,-1,2
1739724909.8271308,30,-4,57
1739724909.8731308,5,-41,-175
1739724909.9181306,-39,-31,46
1739724909.9641306,-18,36,-47
1739724910.0101306,-27,57,18
1739724910.0561306,-39,15,108
1739724910.1011307,-39,-35,-88
1739724910.1471307,19,17,-29
1739724910.1931307,18,41,-123
1739724910.2381306,-21,16,-94
1739724910.2841306,4,29,11
1739724910.3301306,-3,54,-113
1739724910.3761306,-22,36,-67
1739724910.421131,7,-33,-167
1739724910.467131,-12,44,0
1739724910.513131,-36,33,-87
1739724910.5581307,-48,40,-37
1739724910.6041307,23,7,-57
1739724910.6501307,9,17,-77
1739724910.6951306,-31,17,8
1739724910.7411306,29,66,-149
1739724910.7871306,54,-53,-101
1739724910.8331306,69,-35,-37
1739724910.878131,40,-14,-105
1739724910.924131,22,27,-55
1739724910.9701307,14,35,-43
1739724911.0151308,-12,40,-57
1739724911.0611308,-69,112,5
1739724911.1071308,-17,56,-73
1739724911.1531308,1,35,-13
1739724911.1981306,20,25,-51
1739724911.2441306,47,64,13
1739724911.2901306,15,55,-81
1739724911.3351307,-9,58,-45
1739724911.3811307,23,-43,-142
1739724911.4271307,14,-54,-16
1739724911.4731307,31,-26,48
1739724911.5181308,42,-9,-89
1739724911.5641308,-24,-53,84
1739724911.6101308,-23,7,5
1739724911.6551306,-32,48,-105
1739724911.7011306,-5,16,-71
1739724911.7471306,50,29,-35
1739724911.7931306,23,5,9
1739724911.8381307,-57,68,-100
1739724911.8841307,51,15,59
1739724911.9301307,43,-44,-27
1739724911.9751308,-39,-5,4
1739724912.0211308,45,42,-73
1739724912.0671306,88,-44,-97
1739724912.1131306,59,35,-25
1739724912.1581306,-57,-70,-48
1739724912.2041306,-35,-63,41
1739724912.250131,68,11,-95
1739724912.2951307,-12,18,34
1739724912.3411307,-49,0,-97
1739724912.3871307,-60,-84,-169
1739724912.4331307,46,58,18
1739724912.4781306,11,-67,-85
1739724912.5241306,-20,68,-94
1739724912.5701306,-16,2,-26
1739724912.615131,77,-6,-47
1739724912.661131,4,3,-71
1739724912.707131,73,79,16
1739724912.753131,-21,-52,57
1739724912.7981308,68,15,-145
1739724912.8441308,7,-23,19
1739724912.8901308,-26,9,12
1739724912.9351306,103,-25,-93
1739724912.9811306,-8,6,54
1739724913.0271306,-16,-40,56
1739724913.0731306,-4,60,-139
1739724913.1181307,-1,-52,-5
1739724913.1641307,-80,5,110
1739724913.2101307,60,15,65
1739724913.2551308,11,0,-43
1739724913.3011308,27,-16,3
1739724913.3471308,81,-60,17
1739724913.3931308,0,-41,-166
1739724913.4381306,-11,-78,-5
1739724913.4841306,14,-9,-88
1739724913.5301306,-36,-27,59
1739724913.5751307,-9,46,-158
1739724913.6211307,-5,-4,21
1739724913.6671307,14,-29,22
1739724913.7131307,36,-22,-50
1739724913.7581308,18,-61,-91
1739724913.8041308,38,-56,-4
1739724913.8501308,10,33,-64
1739724913.8951306,-30,-47,-109
1739724913.9411306,8,-51,-56
1739724913.9871306,26,-14,94
1739724914.0331306,-30,-15,-149
1739724914.0781307,21,23,46
1739724914.1241307,-6,26,43
1739724914.1701307,9,-21,-8
1739724914.2151306,46,-4,90
1739724914.2611306,-18,-48,-99
1739724914.3071306,-29,5,-13
1739724914.3531306,11,7,0
1739724914.398131,84,-6,10
1739724914.444131,-23,22,-5
1739724914.490131,-40,0,-49
1739724914.5351307,115,0,-60
1739724914.5811307,11,1,-68
1739724914.6271307,12,89,-154
1739724914.6731308,-3,-28,59
1739724914.7181306,-30,39,-93
1739724914.7641306,63,-27,132
1739724914.8101306,-121,21,-73
1739724914.855131,-11,-38,-52
1739724914.901131,-73,65,-87
1739724914.947131,28,-12,48
1739724914.9931307,-77,65,0
1739724915.0381308,-20,88,5
1739724915.0841308,-57,66,-109
1739724915.1301308,-60,-8,17
1739724915.1751306,31,-34,-24
1739724915.2211306,29,2,-42
1739724915.2671306,26,44,-28
1739724915.3131306,62,-13,-38
1739724915.3581307,1,27,-166
1739724915.4041307,16,0,-88
1739724915.4501307,-46,-9,9
1739724915.4951308,3,-73,-130
1739724915.5411308,-16,36,-144
1739724915.5871308,45,18,8
1739724915.6331308,-11,15,-144
1739724915.6781306,9,22,-102
1739724915.7241306,-32,0,-4
1739724915.7701306,-98,-11,-100
1739724915.8151307,43,28,-74
1739724915.8611307,-2,-73,-113
1739724915.9071307,-16,-23,-25
1739724915.9581306,8,0,-134
1739724916.0041306,-19,-24,-21
1739724916.0501306,-13,-30,9
1739724916.0951307,0,38,6
1739724916.1411307,-48,90,-44
1739724916.1871307,-49,-26,-53
1739724916.2331307,-32,-19,81
1739724916.2781308,1,31,-50
1739724916.3241308,37,62,-28
1739724916.3701308,-15,24,-56
1739724916.4151306,42,-53,17
1739724916.4611306,55,-26,-73
1739724916.5071306,-19,5,29
1739724916.5531306,-33,22,36
1739724916.5981307,6,-54,-5
1739724916.6441307,-44,36,-62
1739724916.6901307,-9,3,-10
1739724916.7351308,53,-84,-107
1739724916.7811308,-26,32,0
1739724916.8271308,-107,7,-18
1739724916.8731308,-4,31,28
1739724916.9181306,23,12,43
1739724916.9641306,-45,12,16
1739724917.0101306,54,-24,-213
1739724917.0551307,49,16,-3
1739724917.1011307,21,14,-104
1739724917.1471307,38,-3,-33
1739724917.1931307,62,-62,-71
1739724917.2381306,37,65,0
1739724917.2841306,1,91,58
1739724917.3301306,-40,-20,-42
1739724917.375131,-11,67,20
1739724917.421131,-51,-85,-57
1739724917.467131,-62,-57,-101
1739724917.513131,10,-2,-32
1739724917.5581307,-22,-103,-53
1739724917.6041307,8,-60,-127
1739724917.6501307,61,14,-63
1739724917.6951306,-65,3,-66
1739724917.7411306,27,65,-4
1739724917.7871306,-76,38,-106
1739724917.8331306,45,17,-63
1739724917.878131,-7,55,-180
1739724917.924131,-6,29,-36
1739724917.9701307,-28,-56,83
1739724918.0151308,-34,-10,11
1739724918.0611308,-6,-53,-146
1739724918.1071308,-21,-34,-55
1739724918.1531308,-61,-26,-71
1739724918.1981306,30,26,-148
1739724918.2441306,-105,6,-7
1739724918.2901306,-37,55,36
1739724918.3351307,0,-12,-3
1739724918.3811307,-92,-15,17
1739724918.4271307,0,52,-126
1739724918.4731307,-1,-65,-191
1739724918.5181308,-43,103,-66
1739724918.5641308,-20,44,-68
1739724918.6101308,32,33,-102
1739724918.6551306,-7,3,-24
1739724918.7011306,9,72,122
1739724918.7471306,52,38,26
1739724918.7931306,-18,-7,-58
1739724918.8381307,20,-2,-54
1739724918.8841307,78,-7,-31
1739724918.9301307,0,-4,17
1739724918.9751308,-53,7,-38
1739724919.0211308,-57,-43,137
1739724919.0671306,30,-11,-43
1739724919.1131306,-30,-50,-47
1739724919.1581306,-38,-20,6
1739724919.2041306,60,-22,17
1739724919.250131,-68,35,-6
1739724919.2951307,-18,-15,-28
1739724919.3411307,19,-34,21
1739724919.3871307,-30,48,-2
1739724919.4331307,29,1,-45
1739724919.4781306,-42,-22,-24
1739724919.5241306,-56,25,-58
1739724919.5701306,-57,65,-40
1739724919.615131,59,-44,47
1739724919.661131,-18,-23,59
1739724919.707131,6,30,-74
1739724919.753131,-27,-40,-58
1739724919.7981308,-34,-66,-81
1739724919.8441308,-11,9,-40
1739724919.8901308,4,90,-2
1739724919.9351306,21,2,-37
1739724919.9811306,34,-3,-83
1739724920.0271306,5,-38,-147
1739724920.0731306,15,2,9
1739724920.1181307,4,-4,-178
1739724920.1641307,-18,-55,53
1739724920.2101307,19,-24,69
1739724920.2551308,8,26,-74
1739724920.3011308,-8,33,-52
1739724920.3471308,5,54,-68
1739724920.3931308,-71,5,-134
1739724920.4381306,-7,15,-108
1739724920.4841306,-47,-28,-146
1739724920.5301306,5,18,-130
1739724920.5751307,-48,37,-12
1739724920.6211307,32,-3,-137
1739724920.6671307,-76,-12,-20
1739724920.7121308,-38,-22,30
1739724920.7581308,27,51,22
1739724920.8041308,-11,-123,-49
1739724920.8501308,-44,36,2
1739724920.8951306,6,86,-208
1739724920.9411306,-6,-5,65
1739724920.9871306,4,116,10
1739724921.0321307,-36,26,-172
1739724921.0781307,3,-26,3
1739724921.1241307,-69,-29,56
1739724921.1701307,-65,5,33
1739724921.2151306,-27,12,-102
1739724921.2611306,48,41,-146
1739724921.3071306,56,-36,-79
1739724921.352131,-51,4,-106
1739724921.398131,-26,-48,-34
1739724921.444131,-30,49,41
1739724921.490131,43,-15,-80
1739724921.5351307,-31,13,-40
1739724921.5811307,-87,-8,-50
1739724921.6271307,-46,10,24
1739724921.6721306,-37,7,-10
1739724921.7181306,-38,-26,-54
1739724921.7641306,81,-64,-10
1739724921.8101306,-14,-11,-24
1739724921.855131,14,77,49
1739724921.901131,-19,70,129
1739724921.947131,3,5,12
1739724921.9921308,21,1,-50
1739724922.0381308,21,59,-60
1739724922.0841308,-47,-43,-35
1739724922.1301308,-100,-12,65
1739724922.1751306,70,27,-36
1739724922.2211306,37,18,-174
1739724922.2671306,58,-15,-66
1739724922.3121307,-44,21,9
1739724922.3581307,36,4,-118
1739724922.4041307,-8,2,33
1739724922.4501307,13,-15,-16
1739724922.4951308,-32,17,51
1739724922.5411308,98,10,30
1739724922.5871308,24,-38,18
1739724922.6311307,-19,-28,1
1739724922.6771307,-19,-8,-23
1739724922.7231307,64,-83,-62
1739724922.7681308,8,-3,-4
1739724922.8141308,-51,30,-61
1739724922.8601308,54,-9,44
1739724922.9061308,-121,16,-85
1739724922.9511306,4,-7,-56
1739724922.9971306,-48,-17,-59
1739724923.0431306,-13,50,77
1739724923.0881307,22,-69,49
1739724923.1341307,-52,-12,37
1739724923.1801307,34,-14,64
1739724923.2261307,12,-53,-270
1739724923.2711308,-9,-40,-11
1739724923.3171306,45,22,-82
1739724923.3631306,-32,87,82
1739724923.4081306,-7,16,-32
1739724923.4541306,-19,66,-144
1739724923.500131,8,-5,-40
1739724923.546131,-28,89,48
1739724923.5911307,15,-35,-11
1739724923.6371307,-54,38,-64
1739724923.6831307,20,-13,-86
1739724923.7281306,39,-49,-147
1739724923.7741306,4,31,-42
1739724923.8201306,-11,-25,-59
1739724923.8661306,11,58,-44
1739724923.911131,68,84,-18
1739724923.957131,20,21,21
1739724924.003131,-69,-79,23
1739724924.0481308,-27,-48,-11
1739724924.0941308,33,-75,-43
1739724924.1401308,2,42,-56
1739724924.1861308,0,-66,-39
1739724924.2311306,-43,-76,35
1739724924.2771306,-73,2,-116
1739724924.3231306,24,36,-54
1739724924.3681307,-9,-75,-3
1739724924.4141307,-96,-4,10
1739724924.4601307,-7,-39,-55
1739724924.5061307,-24,-17,-146
1739724924.5511308,79,5,53
1739724924.5971308,52,-14,-43
1739724924.6431308,-16,-53,-89
1739724924.6881306,-30,-22,-74
1739724924.7341306,10,-34,-1
1739724924.7801306,-16,-7,-54
1739724924.8261306,36,100,41
1739724924.8711307,-82,-14,-132
1739724924.9171307,-45,-20,-172
1739724924.9631307,-131,-2,-6
1739724925.0081308,-107,-43,-107
1739724925.0541308,-18,-73,0
1739724925.1001308,-1,0,-52
1739724925.1461308,-5,-43,13
1739724925.1911306,7,-28,-3
1739724925.2371306,-51,3,10
1739724925.2831306,62,74,42
1739724925.3281307,-77,16,0
1739724925.3741307,-12,-57,-97
1739724925.4201307,22,46,-146
1739724925.4661307,20,2,-94
1739724925.5111306,13,14,-42
1739724925.5571306,20,-12,-104
1739724925.6031306,24,-4,-100
1739724925.648131,72,47,-54
1739724925.694131,55,2,12
1739724925.740131,6,-24,23
1739724925.786131,49,4,-88
1739724925.8311307,87,-32,8
1739724925.8771307,-30,45,-12
1739724925.9231308,-38,-63,-41
1739724925.9741306,-11,22,-24
1739724926.0201306,-43,-37,115
1739724926.0661306,20,27,-20
1739724926.1111307,-73,16,-21
1739724926.1571307,52,-51,-20
1739724926.2031307,4,93,-86
1739724926.2481308,28,-4,82
1739724926.2941308,4,25,-42
1739724926.3401306,24,27,-22
1739724926.3861306,-16,-6,37
1739724926.4321306,-70,42,-67
1739724926.4781306,17,11,-10
1739724926.5241306,37,60,-100
1739724926.5701306,28,46,50
1739724926.615131,26,-52,-102
1739724926.661131,-32,31,-19
1739724926.707131,-4,38,-40
1739724926.7521307,-23,72,-2
1739724926.7981308,-45,-37,11
1739724926.8441308,54,-21,-30
1739724926.8901308,2,-15,5
1739724926.9351306,-8,32,2
1739724926.9811306,56,79,72
1739724927.0271306,59,9,-78
1739724927.072131,64,-23,10
1739724927.1181307,23,1,-132
1739724927.1641307,4,-19,85
1739724927.2101307,41,18,28
1739724927.2551308,-43,-81,-43
1739724927.3011308,20,-13,54
1739724927.3471308,54,91,-40
1739724927.3921306,15,17,-70
1739724927.4381306,24,-23,-59
1739724927.4841306,-63,10,55
1739724927.5301306,-15,16,-36
1739724927.5751307,15,101,128
1739724927.6211307,15,19,-72
1739724927.6671307,34,-20,-110
1739724927.7121308,-61,4,35
1739724927.7581308,-45,-43,67
1739724927.8041308,18,-11,-38
1739724927.8501308,-62,28,-41
1739724927.8951306,-69,1,-5
1739724927.9411306,1,80,28
1739724927.9871306,-18,48,-10
1739724928.0321307,-70,-12,-59
1739724928.0781307,-89,17,-79
1739724928.1241307,-41,13,-87
1739724928.1701307,111,21,20
1739724928.2151306,64,25,-60
1739724928.2611306,70,-13,-88
1739724928.3071306,0,-12,-114
1739724928.352131,4,-69,10
1739724928.398131,0,-3,57
1739724928.444131,-21,56,35
1739724928.490131,28,-12,-64
1739724928.5351307,6,83,-102
1739724928.5811307,-69,12,-15
1739724928.6271307,-19,0,-8
1739724928.6721306,-44,-16,-16
1739724928.7181306,-62,0,9
1739724928.7641306,-50,38,-77
1739724928.8101306,66,-23,-16
1739724928.855131,5,17,-158
1739724928.901131,-2,78,-24
1739724928.947131,-19,18,-58
1739724928.9921308,-32,-2,-34
1739724929.0381308,2,43,0
1739724929.0841308,12,-5,-80
1739724929.1301308,96,-10,-6
1739724929.1751306,32,38,-44
1739724929.2211306,10,37,-14
1739724929.2671306,12,-3,-82
1739724929.3121307,-9,-28,-7
1739724929.3581307,39,10,-28
1739724929.4041307,-8,-16,51
1739724929.4501307,-28,0,45
1739724929.4951308,46,-14,52
1739724929.5411308,24,33,-74
1739724929.5871308,1,-29,-43
1739724929.6321306,52,27,-26
1739724929.6781306,-65,20,-117
1739724929.7241306,24,-17,67
1739724929.7701306,-24,-4,5
1739724929.8151307,-8,38,33
1739724929.8611307,-13,-40,-3
1739724929.9071307,22,-88,-32
1739724929.9521308,-80,48,-122
1739724929.9981308,-23,23,-88
1739724930.0441308,-63,65,6
1739724930.0901306,-26,-13,67
1739724930.1351306,26,28,-82
1739724930.1811306,-27,17,19
1739724930.227131,-88,37,23
1739724930.2721307,-25,22,-60
1739724930.3181307,-48,-9,-27
1739724930.3641307,-68,-19,23
1739724930.4101307,-26,49,-92
1739724930.4551306,2,31,-18
1739724930.5011306,62,43,-62
1739724930.5471306,-16,-16,-27
1739724930.592131,-47,53,13
1739724930.638131,6,-17,-73
1739724930.684131,11,-47,-182
1739724930.730131,-15,-50,21
1739724930.7751307,-93,-77,-7
1739724930.8211308,-29,15,-69
1739724930.8671308,72,39,-92
1739724930.9121306,-23,12,-65
1739724930.9581306,50,-22,28
1739724931.0041306,4,-12,-37
1739724931.049131,-3,9,-48
1739724931.0951307,18,0,-40
1739724931.1411307,-7,-39,-9
1739724931.1871307,38,-1,43
1739724931.2321308,-5,5,49
1739724931.2781308,66,76,-68
1739724931.3241308,32,31,-108
1739724931.3691306,4,-16,-143
1739724931.4151306,-3,25,10
1739724931.4611306,27,-41,-5
1739724931.5071306,-3,-25,59
1739724931.5521307,3,-26,-77
1739724931.5981307,-29,8,-52
1739724931.6441307,49,71,-26
1739724931.6891308,10,-8,-53
1739724931.7351308,35,-33,-59
1739724931.7811308,-72,-7,-82
1739724931.8271308,-44,-10,28
1739724931.8721306,-97,-34,10
1739724931.9181306,-30,-6,-47
1739724931.9641306,-38,40,-142
1739724932.0091307,16,-4,63
1739724932.0551307,-17,65,-66
1739724932.1011307,-61,7,-4
1739724932.1471307,26,-11,-93
1739724932.1921306,-14,-22,-35
1739724932.2381306,64,33,-86
1739724932.2841306,85,-40,-29
1739724932.3291306,3,19,84
1739724932.375131,8,41,-82
1739724932.421131,73,17,-88
1739724932.467131,7,13,28
1739724932.5121307,-1,-62,-21
1739724932.5581307,27,22,30
1739724932.6041307,-126,-8,-5
1739724932.6491306,13,15,46
1739724932.6951306,-81,23,35
1739724932.7411306,34,-10,36
1739724932.7871306,8,33,-160
1739724932.832131,19,15,-14
1739724932.878131,4,-61,-127
1739724932.924131,39,14,-110
1739724932.9691308,-8,-16,-3
1739724933.0151308,9,13,28
1739724933.0611308,-24,46,28
1739724933.1071308,90,-24,70
1739724933.1521306,-15,-32,-55
1739724933.1981306,31,22,-44
1739724933.2441306,-51,62,-89
1739724933.2891307,30,-16,-48
1739724933.3351307,-18,50,-90
1739724933.3811307,-20,46,40
1739724933.4271307,13,15,32
1739724933.4721308,102,32,-28
1739724933.5181308,30,92,-28
1739724933.5641308,138,-22,-130
1739724933.6091306,-28,-23,5
1739724933.6551306,84,-18,-64
1739724933.7011306,48,-4,-30
1739724933.7471306,-10,30,-87
1739724933.7921307,-13,-25,-50
1739724933.8381307,-17,-33,-44
1739724933.8841307,-30,-12,-76
1739724933.9291308,-13,-48,-93
1739724933.9751308,5,7,10
1739724934.0211308,1,29,-96
1739724934.0671306,-25,53,-50
1739724934.1121306,-5,-32,99
1739724934.1581306,28,40,-64
1739724934.2041306,-13,10,-103
1739724934.2491307,0,-41,39
1739724934.2951307,-11,6,13
1739724934.3411307,38,-68,-104
1739724934.3871307,-53,-40,-145
1739724934.4321306,72,45,-92
1739724934.4781306,23,21,18
1739724934.5241306,62,25,-4
1739724934.569131,-11,22,-18
1739724934.615131,42,33,10
1739724934.661131,-12,-6,-39
1739724934.707131,-59,16,-95
1739724934.7521307,0,-35,-157
1739724934.7981308,38,-14,-32
1739724934.8441308,36,34,-40
1739724934.8891306,-30,-53,-105
1739724934.9351306,46,-12,12
1739724934.9811306,19,-39,33
1739724935.0271306,-18,30,44
1739724935.072131,-40,-24,-141
1739724935.1181307,-88,83,58
1739724935.1641307,39,2,-162
1739724935.2091308,-62,-74,-3
1739724935.2551308,9,-27,-29
1739724935.3011308,-63,-41,65
1739724935.3471308,-13,4,-57
1739724935.3921306,-37,9,33
1739724935.4381306,-57,-26,3
1739724935.4841306,32,-62,-5
1739724935.5291307,-45,10,-4
1739724935.5751307,-107,-31,-105
1739724935.6211307,22,0,-48
1739724935.6671307,91,-5,-16
1739724935.7121308,19,9,-84
1739724935.7581308,28,-10,72
1739724935.8041308,-23,22,-133
1739724935.8491306,-58,32,3
1739724935.8951306,-20,-2,-87
1739724935.9411306,48,38,-42
1739724935.9921308,6,-7,-58
1739724936.0381308,15,11,-58
1739724936.0841308,35,24,-36
1739724936.1291306,55,-41,-144
1739724936.1751306,-37,15,-121
1739724936.2211306,-137,-139,-115
1739724936.2671306,11,-47,-131
1739724936.3121307,-53,14,-77
1739724936.3581307,9,57,-66
1739724936.4041307,73,5,16
1739724936.4491308,-11,54,-65
1739724936.4951308,23,-67,-88
1739724936.5411308,-7,-14,-104
1739724936.5871308,-18,-38,-23
1739724936.6321306,56,-83,-160
1739724936.6781306,-64,14,-65
1739724936.7241306,28,12,-10
1739724936.7691307,-38,5,129
1739724936.8151307,-23,-14,-37
1739724936.8611307,75,39,-128
1739724936.9071307,-30,61,7
1739724936.9521308,20,7,10
1739724936.9981308,16,25,-23
1739724937.0441308,-102,-29,-1
1739724937.0891306,59,27,-216
1739724937.1351306,-29,-15,-9
1739724937.1811306,137,-54,-94
1739724937.227131,10,23,-127
1739724937.2721307,96,4,-86
1739724937.3181307,-91,25,5
1739724937.3641307,-6,-6,-19
1739724937.4091306,34,50,-36
1739724937.4551306,8,-7,-88
1739724937.5011306,-22,-56,-97
1739724937.5471306,6,28,-138
1739724937.592131,-63,-37,-159
1739724937.638131,51,40,-66
1739724937.684131,40,-27,-6
1739724937.7291307,-49,-33,21
1739724937.7751307,15,-2,-260
1739724937.8211308,9,26,-71
1739724937.8671308,22,6,-25
1739724937.9121306,44,17,105
1739724937.9581306,36,13,49
1739724938.0041306,45,-14,-58
1739724938.049131,14,61,-1
1739724938.0941308,-16,14,19
1739724938.1401308,-41,35,33
1739724938.1851306,80,2,-58
1739724938.2311306,1,-105,-48
1739724938.2771306,33,-26,16
1739724938.3231306,-5,38,9
1739724938.3681307,-95,25,-101
1739724938.4141307,-8,46,-35
1739724938.4601307,-15,-46,-103
1739724938.5051308,-50,-21,-11
1739724938.5511308,2,-27,-136
1739724938.5971308,81,-20,-44
1739724938.6431308,15,-11,-30
1739724938.6881306,-103,-6,-161
1739724938.7341306,-6,-36,0
1739724938.7801306,51,-77,70
1739724938.8251307,33,46,88
1739724938.8711307,-18,-38,-120
1739724938.9171307,52,0,-4
1739724938.9631307,-37,-25,-15
1739724939.0081308,-22,48,-37
1739724939.0541308,53,-27,2
1739724939.1001308,61,-35,26
1739724939.1451306,-92,41,-41
1739724939.1911306,-83,67,-51
1739724939.2371306,-76,45,-76
1739724939.2831306,9,-28,3
1739724939.3281307,-1,-67,-69
1739724939.3741307,49,30,-54
1739724939.4201307,-84,45,17
1739724939.4651306,48,62,-60
1739724939.5111306,80,52,35
1739724939.5571306,-46,5,-49
1739724939.6031306,4,-32,-51
1739724939.648131,-40,-32,-10
1739724939.694131,-17,-13,-112
1739724939.740131,-49,26,-164
1739724939.7851307,-32,56,-81
1739724939.8311307,-30,-30,-56
1739724939.8771307,-49,-12,-24
1739724939.9231308,-36,4,-98
1739724939.9681306,-38,-28,-34
1739724940.0141306,-24,7,32
1739724940.0601306,80,47,19
1739724940.105131,12,0,17
1739724940.151131,-45,-78,-96
1739724940.197131,33,23,-23
1739724940.2431307,-33,-46,-53
1739724940.2881308,-5,13,-132
1739724940.3341308,3,-38,-97
1739724940.3801308,-23,1,-112
1739724940.4251306,-7,-27,-171
1739724940.4711306,-104,-1,-28
1739724940.5171306,-91,24,-78
1739724940.5631306,24,-6,7
1739724940.6081307,19,20,-80
1739724940.6541307,-14,41,-34
1739724940.7001307,-29,-30,-71
1739724940.7451308,6,-20,71
1739724940.7911308,41,5,-142
1739724940.8371308,22,28,-16
1739724940.8831308,-44,-19,-55
1739724940.9281306,-82,-11,-21
1739724940.9741306,-68,-74,-53
1739724941.0201306,23,9,-64
1739724941.0651307,51,-31,-128
1739724941.1111307,37,4,36
1739724941.1571307,-1,6,-14
1739724941.2021308,6,47,4
1739724941.2481308,-52,-67,-51
1739724941.2941308,54,-19,16
1739724941.3401306,42,-6,110
1739724941.3851306,-72,27,-6
1739724941.4311306,-15,64,-74
1739724941.477131,-42,0,-25
1739724941.5221307,-4,26,-56
1739724941.5681307,-116,-3,-5
1739724941.6141307,56,32,26
1739724941.6601307,20,-54,-15
1739724941.7051306,-25,68,-2
1739724941.7511306,96,-2,13
1739724941.7971306,88,-13,9
1739724941.842131,-86,32,-48
1739724941.888131,139,65,31
1739724941.934131,44,-21,-5
1739724941.980131,55,64,-32
1739724942.0251307,14,46,-112
1739724942.0711308,26,30,-28
1739724942.1171308,31,67,38
1739724942.1621306,-64,29,-86
1739724942.2081306,50,-71,-27
1739724942.2541306,26,-67,-91
1739724942.3001306,73,62,-1
1739724942.3451307,9,-46,77
1739724942.3911307,-49,8,-82
1739724942.4371307,-48,-4,-44
1739724942.4821308,-73,15,-26
1739724942.5281308,31,59,30
1739724942.5741308,17,76,-64
1739724942.6201308,2,-17,-86
1739724942.6651306,-27,-29,-9
1739724942.7111306,-57,-38,-19
1739724942.7571306,-39,11,-84
1739724942.8021307,44,-1,-100
1739724942.8481307,14,-25,-22
1739724942.8941307,30,-20,-68
1739724942.9401307,-9,-30,-41
1739724942.9851308,23,-45,-54
1739724943.0311308,61,21,-38
1739724943.0771308,-50,51,-17
1739724943.1221306,40,-17,-99
1739724943.1681306,-90,-4,-27
1739724943.2141306,-25,-34,2
1739724943.2601306,20,-17,-73
1739724943.3051307,-5,16,-67
1739724943.3511307,2,-11,-37
1739724943.3971307,-43,15,-157
1739724943.4421306,17,-39,44
1739724943.4881306,46,-68,0
1739724943.5341306,-34,-1,-103
1739724943.5801306,27,11,134
1739724943.625131,47,14,-35
1739724943.671131,38,-20,26
1739724943.717131,-46,35,-167
1739724943.7621307,58,27,-13
1739724943.8081307,-88,41,17
1739724943.8541307,-33,21,-37
1739724943.9001307,-89,11,-64
1739724943.9451306,18,-21,-12
1739724943.9911306,-65,18,-54
1739724944.0371306,96,44,45
1739724944.082131,12,-21,-73
1739724944.128131,-70,-16,50
1739724944.174131,24,83,-99
1739724944.2201307,-23,-40,-100
1739724944.2651308,34,-1,-63
1739724944.3111308,3,25,-21
1739724944.3571308,-4,-66,-10
1739724944.4021306,-76,28,-60
1739724944.4481306,38,-6,-69
1739724944.4941306,26,-76,-96
1739724944.5401306,27,18,-69
1739724944.5851307,28,100,5
1739724944.6311307,21,77,117
1739724944.6771307,4,93,-7
1739724944.7221308,-23,107,115
1739724944.7681308,-34,1,-175
1739724944.8141308,28,50,-53
1739724944.8601308,3,1,-29
1739724944.9051306,-20,28,55
1739724944.9511306,5,3,-91
1739724944.9971306,-2,84,-21
1739724945.0421307,84,-12,29
1739724945.0881307,-39,1,94
1739724945.1341307,-30,-7,12
1739724945.1801307,43,24,23
1739724945.2251308,0,1,-39
1739724945.2711308,36,-10,-59
1739724945.3171306,-24,52,-41
1739724945.3621306,59,57,-79
1739724945.4081306,-45,60,-59
1739724945.4541306,-11,-32,-8
1739724945.500131,10,42,-53
1739724945.5451307,36,25,81
1739724945.5911307,0,4,-99
1739724945.6371307,-12,-19,30
1739724945.6821306,-19,10,-29
1739724945.7281306,-22,-7,6
1739724945.7741306,65,20,-59
1739724945.8201306,-4,-67,-48
1739724945.865131,6,44,-71
1739724945.911131,-3,-51,-79
1739724945.957131,-93,62,-33
1739724946.0081308,77,54,-145
1739724946.0541308,0,-23,-12
1739724946.1001308,-69,61,-131
1739724946.1451306,42,-45,-69
1739724946.1911306,-13,101,-105
1739724946.2371306,-8,17,-7
1739724946.2821307,64,-37,-41
1739724946.3281307,39,-8,-197
1739724946.3741307,37,-24,-169
1739724946.4201307,18,0,-85
1739724946.4651306,59,31,-89
1739724946.5111306,108,13,34
1739724946.5571306,-15,-16,13
1739724946.602131,-77,-24,72
1739724946.648131,-1,-33,-1
1739724946.694131,71,30,-18
1739724946.740131,56,-41,-57
1739724946.7851307,18,65,-28
1739724946.8311307,-76,-38,-59
1739724946.8771307,-42,-95,71
1739724946.9221306,34,-104,-17
1739724946.9681306,-13,26,-147
1739724947.0141306,-26,-100,-57
1739724947.0601306,57,-47,92
1739724947.105131,31,-94,-49
1739724947.151131,-33,7,-63
1739724947.197131,57,-4,28
1739724947.2421308,0,-9,-93
1739724947.2881308,-49,23,-31
1739724947.3341308,-6,-3,-17
1739724947.3801308,-85,1,-95
1739724947.4251306,-43,-18,-3
1739724947.4711306,-85,3,-89
1739724947.5171306,46,-49,14
1739724947.5621307,-40,15,-45
1739724947.6081307,-51,-5,-71
1739724947.6541307,-2,0,6
1739724947.7001307,38,-97,-65
1739724947.7451308,-4,-7,-3
1739724947.7911308,88,14,16
1739724947.8371308,2,22,-85
1739724947.8821306,-27,-56,-61
1739724947.9281306,-92,-25,-77
1739724947.9741306,29,-10,-13
1739724948.0201306,34,8,64
1739724948.0651307,-26,25,-217
1739724948.1111307,-2,-30,-41
1739724948.1571307,67,51,-28
1739724948.2021308,4,-35,-61
1739724948.2481308,45,-12,11
1739724948.2941308,-55,44,-20
1739724948.3401306,24,21,-40
1739724948.3851306,26,-32,-1
1739724948.4311306,122,12,-217
1739724948.477131,92,-34,-119
1739724948.5221307,17,-17,-101
1739724948.5681307,-9,95,-54
1739724948.6141307,-22,63,2
1739724948.6601307,19,28,-28
1739724948.7051306,60,15,10
1739724948.7511306,47,-72,-53
1739724948.7971306,0,-38,-125
1739724948.842131,28,-66,-1
1739724948.888131,2,1,-11
1739724948.934131,-17,20,44
1739724948.980131,5,-20,-75
1739724949.0251307,40,64,-127
1739724949.0711308,7,21,-31
1739724949.1171308,-8,32,-135
1739724949.1621306,9,13,-69
1739724949.2081306,9,-43,1
1739724949.2541306,15,19,-89
1739724949.3001306,22,-13,-43
1739724949.3451307,9,13,-27
1739724949.3911307,-22,-6,112
1739724949.4371307,-7,-52,-36
1739724949.4821308,36,-66,-73
1739724949.5281308,44,12,-89
1739724949.5741308,59,5,-55
1739724949.6201308,47,26,-159
1739724949.6651306,-18,-15,126
1739724949.7111306,-50,-2,-17
1739724949.7571306,-62,-9,-31
1739724949.8021307,-3,-41,-75
1739724949.8481307,27,-25,-53
1739724949.8941307,-5,6,-187
1739724949.9401307,-5,56,-59
1739724949.9851308,45,50,-43
1739724950.0311308,-20,-9,-13
1739724950.0771308,-20,-17,-45
1739724950.1221306,15,-24,-5
1739724950.1681306,-31,28,5
1739724950.2141306,95,57,53
1739724950.2601306,25,-42,76
1739724950.3051307,75,0,-139
1739724950.3511307,23,4,-5
1739724950.3971307,-86,-14,-95
1739724950.4421306,-13,3,-35
1739724950.4881306,-3,67,-15
1739724950.5341306,-32,33,-69
1739724950.5801306,-15,-45,12
1739724950.625131,-23,56,-15
1739724950.671131,4,63,-95
1739724950.717131,32,-43,46
1739724950.7621307,-41,13,-53
1739724950.8081307,73,-22,-9
1739724950.8541307,22,7,-225
1739724950.9001307,-14,66,-40
1739724950.9451306,72,-105,-113
1739724950.9911306,-37,-12,-63
1739724951.0371306,-92,56,21
1739724951.082131,-29,-8,44
1739724951.128131,-45,-18,-41
1739724951.174131,43,-11,0
1739724951.2191308,61,48,76
1739724951.2651308,-22,55,-11
1739724951.3111308,11,-8,-75
1739724951.3571308,-50,72,-141
1739724951.4021306,-56,17,-29
1739724951.4481306,10,-48,-75
1739724951.4941306,42,11,-171
1739724951.5391307,41,9,-99
1739724951.5851307,89,-45,-10
1739724951.6311307,-30,22,25
1739724951.6771307,0,-13,28
1739724951.7221308,117,-120,-26
1739724951.7681308,57,38,48
1739724951.8141308,-57,-57,-39
1739724951.8591306,37,9,-43
1739724951.9051306,56,26,-127
1739724951.9511306,41,-37,-88
1739724951.9971306,-21,-15,-67
1739724952.0421307,0,-40,0
1739724952.0881307,8,68,2
1739724952.1341307,37,-11,-85
1739724952.1791308,-4,25,-19
1739724952.2251308,-29,14,-61
1739724952.2711308,-25,-41,72
1739724952.3171306,66,50,-89
1739724952.3621306,-5,13,32
1739724952.4081306,42,-13,-137
1739724952.4541306,-7,25,15
1739724952.4991307,-42,12,15
1739724952.5451307,28,59,12
1739724952.5911307,28,1,-61
1739724952.6371307,47,50,-3
1739724952.6821306,-66,-15,-105
1739724952.7281306,-10,42,-79
1739724952.7741306,34,16,-43
1739724952.819131,-21,34,-69
1739724952.865131,-26,55,110
1739724952.911131,-55,-24,66
1739724952.957131,-46,5,-47
1739724953.0021307,-49,49,-28
1739724953.0481308,-12,58,70
1739724953.0941308,72,21,-67
1739724953.1391306,-77,-64,1
1739724953.1851306,-49,93,-56
1739724953.2311306,45,40,-125
1739724953.2771306,3,-61,-69
1739724953.322131,-30,-91,-13
1739724953.3681307,-33,0,-73
1739724953.4141307,-65,16,-13
1739724953.4591308,-40,31,-79
1739724953.5051308,28,57,-56
1739724953.5511308,56,13,-51
1739724953.5971308,-14,14,38
1739724953.6421306,-47,-61,11
1739724953.6881306,45,-4,-81
1739724953.7341306,3,29,-8
1739724953.7791307,-24,60,-24
1739724953.8251307,51,6,-17
1739724953.8711307,-102,51,112
1739724953.9171307,111,-5,-39
1739724953.9621308,-46,-35,26
1739724954.0081308,-41,-23,48
1739724954.0541308,-55,-6,-111
1739724954.0991306,37,-6,1
1739724954.1451306,87,112,-71
1739724954.1911306,-41,-1,-139
1739724954.2371306,41,-26,-11
1739724954.2821307,26,-45,-97
1739724954.3281307,-71,-19,-7
1739724954.3741307,27,43,2
1739724954.4191308,17,33,-111
1739724954.4651306,-45,63,-93
1739724954.5111306,-41,-24,25
1739724954.5571306,26,-6,-38
1739724954.602131,52,33,-13
1739724954.648131,-33,10,-121
1739724954.694131,42,-9,-53
1739724954.7391307,-70,-5,56
1739724954.7851307,-94,-14,-93
1739724954.8311307,25,18,-47
1739724954.8771307,28,-17,-16
1739724954.9221306,75,-99,-61
1739724954.9681306,91,24,45
1739724955.0141306,61,1,-107
1739724955.059131,-72,37,73
1739724955.105131,-8,45,23
1739724955.151131,9,23,11
1739724955.197131,11,7,-19
1739724955.2421308,-56,30,32
1739724955.2881308,64,-9,-59
1739724955.3341308,-23,-28,42
1739724955.3791306,21,0,46
1739724955.4251306,14,-3,-71
1739724955.4711306,-15,6,-131
1739724955.5171306,23,7,-155
1739724955.5621307,27,-36,-67
1739724955.6081307,95,1,-1
1739724955.6541307,-34,-22,-19
1739724955.6991308,-8,-66,86
1739724955.7451308,53,64,-17
1739724955.7911308,-63,20,-65
1739724955.8371308,-20,-24,-56
1739724955.8821306,-43,25,64
1739724955.9281306,5,-35,-59
1739724955.9791307,-25,-37,-44
1739724956.0251307,-76,0,-53
1739724956.0711308,57,-60,-71
1739724956.1171308,-5,-93,-29
1739724956.1621306,46,56,-151
1739724956.2081306,-21,-29,-19
1739724956.2541306,30,2,86
1739724956.299131,-37,27,8
1739724956.3451307,9,23,-19
1739724956.3911307,-107,-97,-26
1739724956.4371307,-62,-10,-128
1739724956.4821308,-44,47,38
1739724956.5281308,-32,33,36
1739724956.5741308,-6,-64,40
1739724956.6191306,14,-1,13
1739724956.6651306,-79,-28,-68
1739724956.7111306,-38,49,70
1739724956.7571306,-1,-38,-57
1739724956.8021307,20,-15,-53
1739724956.8481307,-1,-38,-74
1739724956.8941307,-43,-29,-20
1739724956.9391308,78,-5,5
1739724956.9851308,58,-27,-45
1739724957.0311308,69,11,-65
1739724957.0771308,-25,-34,-265
1739724957.1221306,-26,-26,-66
1739724957.1681306,16,35,-97
1739724957.2141306,9,23,-171
1739724957.2591307,70,-9,-67
1739724957.3051307,-26,-68,-18
1739724957.3511307,0,-43,-15
1739724957.3971307,99,6,-25
1739724957.4421306,50,30,-63
1739724957.4881306,98,-12,-11
1739724957.5341306,73,21,-61
1739724957.5791306,33,14,-89
1739724957.625131,16,-23,-73
1739724957.671131,-17,-44,14
1739724957.717131,29,34,-45
1739724957.7621307,-12,34,58
1739724957.8081307,-42,-14,-5
1739724957.8541307,-64,-25,-11
1739724957.8991306,-22,-15,-31
1739724957.9451306,41,-27,16
1739724957.9911306,12,3,-47
1739724958.0371306,107,15,-141
1739724958.082131,38,-13,-20
1739724958.128131,1,50,29
1739724958.174131,-2,73,-57
1739724958.2191308,-37,-8,-51
1739724958.2651308,29,49,-34
1739724958.3111308,-80,7,-39
1739724958.3571308,13,8,-57
1739724958.4021306,32,-35,26
1739724958.4481306,-33,-74,13
1739724958.4941306,58,-92,-151
1739724958.5391307,44,13,28
1739724958.5851307,7,100,22
1739724958.6311307,24,20,-81
1739724958.6771307,17,14,-57
1739724958.7221308,43,19,-79
1739724958.7681308,12,-54,-51
1739724958.8141308,57,-72,-78
1739724958.8591306,-83,48,-43
1739724958.9051306,62,-4,-93
1739724958.9511306,36,-23,-71
1739724958.9971306,10,-22,-26
1739724959.0421307,-51,21,-41
1739724959.0881307,50,2,-125
1739724959.1341307,23,21,-115
1739724959.1791308,-14,40,19
1739724959.2251308,55,0,-35
1739724959.2711308,9,15,-31
1739724959.3171306,-10,-14,40
1739724959.3621306,-28,53,-99
1739724959.4081306,36,40,-207
1739724959.4541306,37,-34,70
1739724959.4991307,5,-45,-21
1739724959.5451307,-7,-82,-6
1739724959.5911307,45,-36,11
1739724959.6371307,1,20,32
1739724959.6821306,-32,-16,-18
1739724959.7281306,-36,-10,-69
1739724959.7741306,-36,-26,-6
1739724959.819131,31,25,-171
1739724959.865131,3,14,-233
1739724959.911131,35,-33,-32
1739724959.957131,45,21,-37
1739724960.0021307,7,-51,-52
1739724960.0481308,-44,-1,-71
1739724960.0941308,83,12,-19
1739724960.1391306,-9,-28,-61
1739724960.1851306,-57,-26,76
1739724960.2311306,28,-18,-145
1739724960.2771306,-22,-66,-84
1739724960.322131,23,11,-19
1739724960.3681307,-52,41,39
1739724960.4141307,35,20,-9
1739724960.4591308,68,51,-91
1739724960.5051308,2,-21,-143
1739724960.5511308,28,93,-57
1739724960.5971308,-22,30,-5
1739724960.6421306,-65,-44,-70
1739724960.6881306,81,-53,112
1739724960.7341306,-30,-58,4
1739724960.7791307,-27,2,-91
1739724960.8251307,-4,46,11
1739724960.8711307,39,12,33
1739724960.9171307,15,-37,102
1739724960.9621308,32,52,0
1739724961.0081308,46,-12,17
1739724961.0541308,-1,-50,28
1739724961.0991306,1,-33,-76
1739724961.1451306,13,-39,-80
1739724961.1911306,-31,59,-53
1739724961.2371306,16,93,-3
1739724961.2821307,11,-41,80
1739724961.3281307,-47,-31,-184
1739724961.3741307,-8,-26,-78
1739724961.4191308,45,16,-75
1739724961.4651306,34,-12,-7
1739724961.5111306,7,5,54
1739724961.5561306,-13,-36,14
1739724961.602131,49,-30,-61
1739724961.648131,7,13,-39
1739724961.694131,5,25,-27
1739724961.7391307,27,7,-19
1739724961.7851307,37,-44,-93
1739724961.8311307,-32,35,-123
1739724961.8761306,-16,-4,-43
1739724961.9221306,-34,39,-93
1739724961.9681306,66,-3,-47
1739724962.0141306,40,-26,-52
1739724962.059131,-14,-18,-48
1739724962.105131,-20,40,-21
1739724962.151131,-72,36,43
1739724962.1961308,17,-44,-143
1739724962.2421308,-71,6,-46
1739724962.2881308,8,-18,-155
1739724962.3341308,-18,33,-117
1739724962.3791306,44,37,-11
1739724962.4251306,1,-32,46
1739724962.4711306,-25,9,9
1739724962.5161307,5,24,-19
1739724962.5621307,-61,23,-51
1739724962.6081307,-27,19,-85
1739724962.6541307,-75,-91,-120
1739724962.6991308,-10,35,39
1739724962.7451308,82,-4,-21
1739724962.7911308,25,3,5
1739724962.8361306,-81,12,-79
1739724962.8821306,-58,48,-75
1739724962.9281306,0,3,-155
1739724962.9741306,-18,30,0
1739724963.0191307,9,-24,-111
1739724963.0651307,-42,-20,-85
1739724963.1111307,6,25,44
1739724963.1561308,-34,-24,-57
1739724963.2021308,-81,62,-9
1739724963.2481308,49,-77,-23
1739724963.2941308,67,53,-53
1739724963.3391306,-22,32,-135
1739724963.3851306,-39,17,-51
1739724963.4311306,-32,36,-41
1739724963.4761307,16,0,-59
1739724963.5221307,26,-57,60
1739724963.5681307,51,-55,-96
1739724963.6141307,14,96,11
1739724963.6591306,-34,-12,-49
1739724963.7051306,8,48,25
1739724963.7511306,3,22,-25
1739724963.796131,46,-79,-14
1739724963.842131,-2,45,-97
1739724963.888131,-54,-8,108
1739724963.934131,132,-29,-37
1739724963.9791307,40,94,0
1739724964.0251307,-38,-5,2
1739724964.0711308,-18,40,58
1739724964.1161306,-12,111,37
1739724964.1621306,55,-10,-47
1739724964.2081306,30,-77,-147
1739724964.2541306,78,29,43
1739724964.299131,55,-31,-45
1739724964.3451307,-16,0,0
1739724964.3911307,36,-2,92
1739724964.4361308,8,-27,-67
1739724964.4821308,7,3,-73
1739724964.5281308,21,11,-151
1739724964.5741308,-93,7,-52
1739724964.6191306,-60,-10,-56
1739724964.6651306,-70,-14,20
1739724964.7111306,-38,45,0
1739724964.7561307,14,-17,21
1739724964.8021307,-22,104,-21
1739724964.8481307,-8,-7,-35
1739724964.8941307,0,-16,-97
1739724964.9391308,-65,29,-1
1739724964.9851308,33,18,-105
1739724965.0311308,82,29,-47
1739724965.0761306,-51,-51,6
1739724965.1221306,64,-7,21
1739724965.1681306,-22,52,9
1739724965.2141306,-34,53,-87
1739724965.2591307,8,-7,96
1739724965.3051307,-21,-32,-26
1739724965.3511307,20,-17,70
1739724965.3961308,29,-34,-45
1739724965.4421306,40,-20,47
1739724965.4881306,-54,-61,-70
1739724965.5341306,33,82,-1
1739724965.5791306,30,32,-17
1739724965.625131,-15,4,-149
1739724965.671131,-15,22,30
1739724965.7161307,-27,-44,-22
1739724965.7621307,48,-10,-139
1739724965.8081307,-2,-2,-111
1739724965.8541307,-60,-70,-146
1739724965.8991306,29,12,-69
1739724965.9451306,41,18,-63
1739724965.9961307,-2,-2,-37
1739724966.0421307,-24,100,-101
1739724966.0881307,-6,-18,54
1739724966.1341307,48,-1,-67
1739724966.1791308,26,37,-161
1739724966.2251308,67,15,99
1739724966.2711308,23,9,-85
1739724966.3161306,31,24,-35
1739724966.3621306,-18,56,-87
1739724966.4081306,84,35,-111
1739724966.4541306,3,11,-63
1739724966.4991307,-53,21,-113
1739724966.5451307,-55,7,-22
1739724966.5911307,-16,-8,-4
1739724966.6361306,35,9,15
1739724966.6821306,67,60,-55
1739724966.7281306,7,-38,-6
1739724966.7741306,-58,0,5
1739724966.819131,29,61,-85
1739724966.865131,12,38,41
1739724966.911131,11,-46,6
1739724966.9561307,-7,15,-85
1739724967.0021307,35,57,-93
1739724967.0481308,-8,39,-63
1739724967.0941308,-20,51,41
1739724967.1391306,-49,10,-59
1739724967.1851306,-79,25,-55
1739724967.2311306,49,23,-11
1739724967.276131,-1,15,-83
1739724967.322131,18,0,-33
1739724967.3681307,-48,-8,46
1739724967.4141307,-99,7,-18
1739724967.4591308,83,-47,92
1739724967.5051308,-3,73,-7
1739724967.5511308,37,25,-9
1739724967.5961306,112,37,-91
1739724967.6421306,-5,21,-119
1739724967.6881306,-11,-43,38
1739724967.7341306,57,45,-83
1739724967.7791307,9,122,-59
1739724967.8251307,-42,-58,-60
1739724967.8711307,-9,3,9
1739724967.9161308,-17,69,-61
1739724967.9621308,-23,-31,-94
1739724968.0081308,-25,15,-33
1739724968.0541308,-8,-27,0
1739724968.0991306,-55,-44,-136
1739724968.1451306,-9,-89,-34
1739724968.1911306,33,66,-63
1739724968.2361307,93,16,-29
1739724968.2821307,-51,17,-139
1739724968.3281307,40,-20,0
1739724968.3741307,-57,2,-66
1739724968.4191308,-35,25,-111
1739724968.4651306,-13,18,-47
1739724968.5121307,29,4,51
1739724968.5581307,70,35,-157
1739724968.6031306,-29,18,-155
1739724968.6491306,74,-19,-141
1739724968.6951306,24,33,-88
1739724968.740131,-18,36,-19
1739724968.786131,0,15,-51
1739724968.832131,124,107,32
1739724968.878131,-91,5,27
1739724968.9231308,92,28,18
1739724968.9691308,1,1,-44
1739724969.0151308,25,21,-6
1739724969.0601306,-18,-2,-9
1739724969.1061306,-3,2,-64
1739724969.1521306,9,3,-64
1739724969.1981306,51,18,40
1739724969.2431307,-1,6,-50
1739724969.2891307,56,-5,73
1739724969.3351307,-73,13,-114
1739724969.3801308,-105,30,-20
1739724969.4261308,-5,13,0
1739724969.4721308,146,-19,-114
1739724969.5181308,-48,57,-66
1739724969.5631306,-41,71,22
1739724969.6091306,36,-22,-24
1739724969.6551306,3,-33,-7
1739724969.7001307,58,-7,-40
1739724969.7461307,-41,-55,-167
1739724969.7921307,-2,-8,-62
1739724969.8381307,-72,-22,-17
1739724969.8831308,14,-17,199
1739724969.9291308,2,-21,-192
1739724969.9751308,23,23,-44
1739724970.0201306,-86,53,-75
1739724970.0661306,-21,-44,-81
1739724970.1121306,-1,-40,35
1739724970.1581306,-25,60,-82
1739724970.2031307,-20,40,-38
1739724970.2491307,4,-1,-24
1739724970.2951307,35,6,-40
1739724970.3401306,18,33,38
1739724970.3861306,10,33,-70
1739724970.4321306,2,29,22
1739724970.4781306,-11,12,13
1739724970.523131,33,-51,55
1739724970.569131,25,-44,-111
1739724970.615131,8,-10,-94
1739724970.6601307,-2,50,-14
1739724970.7061307,-9,4,5
1739724970.7521307,-83,18,7
1739724970.7981308,41,62,-74
1739724970.8431306,-39,1,35
1739724970.8891306,20,-15,-120
1739724970.9351306,-5,80,-6
1739724970.980131,75,-57,40
1739724971.026131,37,16,-16
1739724971.072131,-53,-91,-127
1739724971.1181307,23,-33,101
1739724971.1631308,-88,-61,-95
1739724971.2091308,-14,-2,13
1739724971.2551308,65,1,-28
1739724971.3001306,-69,18,-79
1739724971.3461306,-28,-14,-68
1739724971.3921306,67,11,-94
1739724971.4381306,0,-31,-66
1739724971.4831307,-53,25,-23
1739724971.5291307,-21,-34,-13
1739724971.5751307,30,40,-22
1739724971.6201308,-38,-7,-33
1739724971.6661308,34,6,-26
1739724971.7121308,0,-67,-90
1739724971.7571306,45,2,-12
1739724971.8031306,59,-5,-78
1739724971.8491306,-8,16,-15
1739724971.8951306,-35,39,-109
1739724971.9401307,33,-1,-92
1739724971.9861307,86,23,-132
1739724972.0321307,9,-7,0
1739724972.0771308,-32,-31,-56
1739724972.1231308,65,41,-134
1739724972.1691308,25,31,-51
1739724972.2151306,44,70,-121
1739724972.2601306,8,14,59
1739724972.3061306,-68,-95,-66
1739724972.352131,-99,-66,-90
1739724972.3971307,-23,37,33
1739724972.4431307,117,-72,-63
1739724972.4891307,20,73,37
1739724972.5351307,7,-11,-84
1739724972.5801306,-1,-16,26
1739724972.6261306,-22,-36,-10
1739724972.6721306,22,-31,-80
1739724972.717131,-56,-55,22
1739724972.763131,-20,-19,-14
1739724972.809131,-46,14,4
1739724972.855131,25,33,-126
1739724972.9001307,17,53,-34
1739724972.9461308,8,-44,-82
1739724972.9921308,21,-12,-92
1739724973.0371306,-37,-32,-66
1739724973.0831306,-35,90,66
1739724973.1291306,4,25,-70
1739724973.1751306,78,19,79
1739724973.2201307,-5,28,-96
1739724973.2661307,14,1,-44
1739724973.3121307,49,-61,3
1739724973.3571308,-27,61,-86
1739724973.4031308,-43,5,-82
1739724973.4491308,71,-84,51
1739724973.4951308,34,-5,-210
1739724973.5401306,5,-36,21
1739724973.5861306,-77,-41,-47
1739724973.6321306,25,-34,-13
1739724973.6771307,-5,-41,-37
1739724973.7231307,-6,-9,-128
1739724973.7691307,83,5,-42
1739724973.8151307,-12,-4,-114
1739724973.8601308,63,-39,-44
1739724973.9061308,-15,10,41
1739724973.9521308,3,0,29
1739724973.9971306,3,13,-52
1739724974.0431306,-69,62,-108
1739724974.0891306,-4,57,-130
1739724974.1351306,19,22,42
1739724974.1801307,-1,10,0
1739724974.2261307,-26,42,-98
1739724974.2721307,20,-28,-99
1739724974.3171306,-31,23,3
1739724974.3631306,18,-26,-94
1739724974.4091306,40,-19,-48
1739724974.4551306,-20,-1,-70
1739724974.500131,51,3,-54
1739724974.546131,-11,-49,-159
1739724974.592131,-44,-8,1
1739724974.6371307,57,19,-50
1739724974.6831307,53,82,-82
1739724974.7291307,24,46,-42
1739724974.7751307,-4,-20,-112
1739724974.8201306,47,-32,-72
1739724974.8661306,-22,-26,145
1739724974.9121306,-43,11,-17
1739724974.957131,74,-5,-132
1739724975.003131,46,-1,-82
1739724975.049131,14,-15,-16
1739724975.0951307,-35,-31,-61
1739724975.1401308,-8,34,-64
1739724975.1861308,-9,-40,57
1739724975.2321308,38,94,-190
1739724975.2771306,46,-86,-69
1739724975.3231306,73,-33,-10
1739724975.3691306,27,1,-60
1739724975.4151306,-134,-20,-67
1739724975.4601307,37,6,-108
1739724975.5061307,54,42,174
1739724975.5521307,-22,-66,13
1739724975.5971308,62,-17,-18
1739724975.6431308,-73,22,-140
1739724975.6891308,20,-27,73
1739724975.7351308,-20,40,-74
1739724975.7801306,46,40,-40
1739724975.8261306,6,-14,-96
1739724975.8721306,42,-7,-56
1739724975.9171307,-13,13,-84
1739724975.9631307,58,-5,-20
1739724976.0151308,-8,53,-70
1739724976.0601306,-82,-3,-20
1739724976.1061306,41,13,-100
1739724976.1521306,-34,-20,-140
1739724976.197131,29,27,-92
1739724976.2431307,-49,11,45
1739724976.2891307,-28,-59,-154
1739724976.3351307,51,75,-32
1739724976.3801308,-80,35,-92
1739724976.4261308,9,19,-34
1739724976.4721308,77,-40,-39
1739724976.5171306,-10,-82,-223
1739724976.5631306,92,43,-6
1739724976.6091306,-99,23,-33
1739724976.6551306,-9,14,43
1739724976.7001307,20,-23,-8
1739724976.7461307,84,-73,-132
1739724976.7921307,-24,44,53
1739724976.8371308,8,23,-6
1739724976.8831308,-16,-61,-110
1739724976.9291308,152,-33,-12
1739724976.9751308,-103,23,-102
1739724977.0201306,-12,-7,-24
1739724977.0661306,-16,-2,-80
1739724977.1121306,-23,12,-28
1739724977.1571307,-16,-26,-73
1739724977.2031307,-75,-30,-99
1739724977.2491307,17,26,-6
1739724977.2951307,-63,-29,43
1739724977.3401306,73,58,-30
1739724977.3861306,20,-10,-5
1739724977.4321306,51,22,-24
1739724977.477131,35,-57,-170
1739724977.523131,-105,30,-100
1739724977.569131,-75,10,-150
1739724977.615131,30,36,-62
1739724977.6601307,-102,43,-47
1739724977.7061307,37,12,-18
1739724977.7521307,28,30,-104
1739724977.7971306,30,-73,-23
1739724977.8431306,-69,-36,-43
1739724977.8891306,0,-9,9
1739724977.9351306,-17,0,-18
1739724977.980131,67,8,-44
1739724978.026131,-63,-111,-31
1739724978.072131,-33,11,-13
1739724978.1171308,44,92,0
1739724978.1631308,5,-43,-17
1739724978.2091308,-40,-21,-73
1739724978.2551308,37,12,-30
1739724978.3001306,52,48,62
1739724978.3461306,56,-2,46
1739724978.3921306,-31,81,-26
1739724978.4371307,2,-23,-96
1739724978.4831307,41,2,60
1739724978.5291307,-18,56,40
1739724978.5751307,23,57,142
1739724978.6201308,-10,0,27
1739724978.6661308,12,-11,105
1739724978.7121308,32,88,-106
1739724978.7571306,-33,-47,19
1739724978.8031306,33,58,-90
1739724978.8491306,-15,-36,123
1739724978.8951306,-8,-24,-41
1739724978.9401307,-11,-28,-169
1739724978.9861307,-62,-12,-1
1739724979.0321307,0,18,44
1739724979.0771308,17,1,12
1739724979.1231308,-143,14,-47
1739724979.1681306,-79,12,41
1739724979.2131307,-1,18,-70
1739724979.2591307,-3,-34,0
1739724979.3051307,0,-82,-87
1739724979.3511307,-25,25,-136
1739724979.3961308,11,-40,17
1739724979.4421306,7,-53,-103
1739724979.4881306,-17,8,-1
1739724979.5331306,56,-67,-65
1739724979.5791306,-16,-22,-162
1739724979.625131,10,-12,-9
1739724979.671131,26,44,-102
1739724979.7161307,29,15,-22
1739724979.7621307,15,-40,-77
1739724979.8081307,-35,14,57
1739724979.8531306,-35,-89,43
1739724979.8991306,71,0,-2
1739724979.9451306,0,12,26
1739724979.9911306,-124,-13,-15
1739724980.036131,-11,11,6
1739724980.082131,7,0,-112
1739724980.128131,4,-64,23
1739724980.1731308,12,-8,19
1739724980.2191308,66,28,0
1739724980.2651308,11,-54,-194
1739724980.3111308,21,18,-18
1739724980.3561306,55,23,-24
1739724980.4021306,-43,5,-33
1739724980.4481306,13,19,-22
1739724980.4931307,19,9,26
1739724980.5391307,82,-67,47
1739724980.5851307,-31,-90,-9
1739724980.6311307,13,-30,-75
1739724980.6761308,-57,26,-90
1739724980.7221308,84,-64,-69
1739724980.7681308,-55,-56,-11
1739724980.8131306,-10,33,-58
1739724980.8591306,-29,-47,-67
1739724980.9051306,24,-16,105
1739724980.9511306,28,-1,-114
1739724980.9961307,68,36,86
1739724981.0421307,38,-3,-250
1739724981.0881307,37,19,-142
1739724981.1331308,-7,19,-10
1739724981.1791308,50,-17,-83
1739724981.2251308,-50,-8,-32
1739724981.2711308,18,-76,83
1739724981.3161306,-32,38,30
1739724981.3621306,23,-44,-41
1739724981.4081306,42,33,-180
1739724981.4531307,58,37,-154
1739724981.4991307,-55,4,-90
1739724981.5451307,-67,63,-50
1739724981.5911307,7,4,-78
1739724981.6361306,18,31,-116
1739724981.6821306,28,33,-168
1739724981.7281306,-15,14,-54
1739724981.773131,7,-43,-77
1739724981.819131,-44,35,-15
1739724981.865131,14,51,-72
1739724981.9101307,68,-2,50
1739724981.9561307,32,-24,59
1739724982.0021307,-40,41,-74
1739724982.0481308,42,36,-198
1739724982.0931306,6,0,-10
1739724982.1391306,-1,-36,55
1739724982.1851306,32,-8,-16
1739724982.230131,-3,66,40
1739724982.276131,-10,38,-66
1739724982.322131,-9,2,5
1739724982.3681307,18,41,-10
1739724982.4131308,-81,16,-49
1739724982.4591308,-71,4,43
1739724982.5051308,-51,-29,-107
1739724982.5501306,113,10,90
1739724982.5961306,-8,-26,131
1739724982.6421306,21,1,65
1739724982.6881306,8,-3,-30
1739724982.7331307,-40,-69,-73
1739724982.7791307,-16,34,-78
1739724982.8251307,-35,1,-146
1739724982.8701308,-55,79,-24
1739724982.9161308,-49,-35,23
1739724982.9621308,-10,-16,-112
1739724983.0081308,17,-39,-12
1739724983.0531306,22,53,-84
1739724983.0991306,26,113,-102
1739724983.1451306,-52,-11,-63
1739724983.1901307,16,-15,-90
1739724983.2361307,14,51,56
1739724983.2821307,1,33,51
1739724983.3281307,52,-4,-30
1739724983.3731308,-29,-40,-29
1739724983.4191308,-11,6,61
1739724983.4651306,-23,10,-91
1739724983.5101306,11,-31,48
1739724983.5561306,-111,5,-41
1739724983.602131,8,-19,22
1739724983.648131,-1,12,-5
1739724983.6931307,2,-1,-104
1739724983.7391307,-1,-40,-12
1739724983.7851307,69,13,-82
1739724983.8301306,-46,25,-43
1739724983.8761306,-44,-51,-59
1739724983.9221306,4,51,-110
1739724983.9681306,27,21,64
1739724984.013131,-67,10,-43
1739724984.059131,-8,-84,49
1739724984.105131,-16,-58,-44
1739724984.1501307,-11,-50,-68
1739724984.1961308,52,40,-66
1739724984.2421308,-30,-5,-92
1739724984.2881308,-19,34,1
1739724984.3331306,-25,0,-146
1739724984.3791306,-53,-7,61
1739724984.4251306,-6,56,-22
1739724984.4701307,23,39,-64
1739724984.5161307,-18,8,-116
1739724984.5621307,12,-34,-1
1739724984.6081307,-30,18,-78
1739724984.6531308,33,-85,-134
1739724984.6991308,-36,4,-24
1739724984.7451308,-52,20,-62
1739724984.7901306,-92,19,-73
1739724984.8361306,75,-75,-80
1739724984.8821306,-20,72,-17
1739724984.9281306,-10,11,33
1739724984.9731307,57,-29,-182
1739724985.0191307,-60,23,-36
1739724985.0651307,40,0,-140
1739724985.1101308,-75,-24,-16
1739724985.1561308,72,-41,72
1739724985.2021308,-12,10,-88
1739724985.2481308,19,-28,25
1739724985.2931306,-9,62,-48
1739724985.3391306,-17,12,51
1739724985.3851306,-28,-107,-46
1739724985.4301307,65,42,97
1739724985.4761307,21,30,-74
1739724985.5221307,-7,-21,-46
1739724985.5681307,-5,51,-60
1739724985.6131306,-12,-29,-34
1739724985.6591306,-61,-7,148
1739724985.7051306,18,0,-11
1739724985.750131,16,-30,45
1739724985.796131,-48,10,-18
1739724985.842131,44,-31,69
1739724985.888131,-22,-41,100
1739724985.9331307,19,48,19
1739724985.9791307,70,0,-135
1739724986.0301306,-7,-23,-122
1739724986.0761306,-7,35,-7
1739724986.1221306,34,17,-87
1739724986.1681306,73,-4,-33
1739724986.2131307,19,-10,-31
1739724986.2591307,-79,-9,-10
1739724986.3051307,46,-49,23
1739724986.3501308,0,-19,-112
1739724986.3961308,-31,-6,-36
1739724986.4421306,-49,36,-148
1739724986.4881306,156,23,-7
1739724986.5341306,-3,54,115
1739724986.5801306,108,-47,-142
1739724986.6261306,-98,72,-156
1739724986.6721306,-26,69,67
1739724986.717131,34,-49,-32
1739724986.763131,58,21,-27
1739724986.809131,-67,-59,-124
1739724986.8541307,-4,-43,-122
1739724986.9001307,-41,-15,-70
1739724986.9461308,59,-69,150
1739724986.9921308,-28,-32,-68
1739724987.0371306,-52,7,-24
1739724987.0831306,34,-31,-57
1739724987.1291306,72,-56,0
1739724987.174131,67,-21,-96
1739724987.2201307,-25,35,-9
1739724987.2661307,-8,120,-43
1739724987.3121307,-6,-30,-104
1739724987.3571308,53,-14,-28
1739724987.4031308,-19,-21,-14
1739724987.4491308,106,-44,36
1739724987.4941306,-37,-7,-112
1739724987.5401306,32,13,-149
1739724987.5861306,-76,9,-84
1739724987.6321306,47,-3,-69
1739724987.6771307,48,123,3
1739724987.7231307,11,-62,10
1739724987.7691307,-2,3,27
1739724987.8141308,-15,-17,-116
1739724987.8601308,-82,73,0
1739724987.9061308,40,-43,-18
1739724987.9521308,39,-15,-55
1739724987.9971306,-19,-10,-100
1739724988.0431306,-16,28,-91
1739724988.0891306,-59,42,19
1739724988.1341307,18,15,-104
1739724988.1801307,-26,-43,-82
1739724988.2261307,27,46,-31
1739724988.2721307,-64,3,-56
1739724988.3171306,66,-56,-21
1739724988.3631306,66,28,85
1739724988.4091306,18,-54,54
1739724988.4541306,-60,25,28
1739724988.500131,5,-9,57
1739724988.546131,-19,-62,-6
1739724988.592131,32,12,-66
1739724988.6371307,47,-18,8
1739724988.6831307,-156,21,-25
1739724988.7291307,-57,43,147
1739724988.7741306,8,11,-50
1739724988.8201306,-39,-45,59
1739724988.8661306,12,-39,-24
1739724988.9121306,-1,-52,27
1739724988.957131,-42,17,-234
1739724989.003131,-73,-28,38
1739724989.049131,10,-33,12
1739724989.0941308,24,63,-3
1739724989.1401308,49,-78,6
1739724989.1861308,-10,76,-83
1739724989.2321308,0,-37,56
1739724989.2771306,-27,-24,-46
1739724989.3231306,-30,3,-99
1739724989.3691306,-45,-63,-24
1739724989.4141307,-48,-99,-18
1739724989.4601307,-17,20,5
1739724989.5061307,82,-45,-108
1739724989.5521307,-22,88,-69
1739724989.5971308,37,48,36
1739724989.6431308,14,0,-84
1739724989.6891308,-57,-27,-37
1739724989.7341306,29,19,-30
1739724989.7801306,-24,-22,-9
1739724989.8261306,19,29,-42
1739724989.8721306,-70,40,-105
1739724989.9171307,108,-4,-28
1739724989.9631307,-34,103,-49
1739724990.0091307,-20,-20,47
1739724990.0541308,20,31,-56
1739724990.1001308,-10,58,-92
1739724990.1461308,-18,34,43
1739724990.1921306,85,17,-130
1739724990.2371306,9,5,16
1739724990.2831306,60,-15,-82
1739724990.3291306,49,-38,8
1739724990.3741307,-55,19,-35
1739724990.4201307,-18,-8,-55
1739724990.4661307,-72,-72,-41
1739724990.5121307,71,3,20
1739724990.5571306,-42,35,-49
1739724990.6031306,-48,-27,-37
1739724990.6491306,27,-57,-8
1739724990.694131,42,20,-62
1739724990.740131,43,44,-18
1739724990.786131,13,-41,-30
1739724990.832131,42,42,4
1739724990.8771307,10,49,-64
1739724990.9231308,38,-1,2
1739724990.9691308,0,11,-14
1739724991.0141306,84,-7,174
1739724991.0601306,-91,13,-53
1739724991.1061306,114,-28,-124
1739724991.1521306,-34,-9,-31
1739724991.197131,17,69,-22
1739724991.2431307,22,5,-136
1739724991.2891307,-75,-22,93
1739724991.3341308,38,72,-84
1739724991.3801308,-49,33,-57
1739724991.4261308,23,-25,-20
1739724991.4721308,8,27,-76
1739724991.5171306,39,34,2
1739724991.5631306,5,37,-77
1739724991.6091306,41,-10,20
1739724991.6541307,-58,51,-85
1739724991.7001307,46,30,-112
1739724991.7461307,-38,-25,-99
1739724991.7921307,-6,-38,66
1739724991.8371308,14,5,-28
1739724991.8831308,29,25,8
1739724991.9291308,18,-29,54
1739724991.9741306,27,-78,-72
1739724992.0201306,3,-60,-176
1739724992.0661306,-15,68,-78
1739724992.1111307,90,35,-98
1739724992.1571307,99,118,0
1739724992.2031307,-51,-55,-77
1739724992.2491307,74,43,20
1739724992.2941308,-15,68,4
1739724992.3401306,7,5,-108
1739724992.3861306,-32,-65,1
1739724992.4311306,-21,14,-44
1739724992.477131,-18,-6,-71
1739724992.523131,-31,3,-43
1739724992.569131,0,4,43
1739724992.6141307,45,7,35
1739724992.6601307,72,-16,-94
1739724992.7061307,-26,37,-32
1739724992.7511306,-60,-6,-34
1739724992.7971306,-41,-42,-21
1739724992.8431306,55,-35,-45
1739724992.8891306,-6,-23,-73
1739724992.934131,-68,41,-22
1739724992.980131,0,59,-78
1739724993.026131,-48,46,28
1739724993.0711308,21,0,-142
1739724993.1171308,0,8,-4
1739724993.1631308,-49,4,28
1739724993.2091308,-53,-42,-127
1739724993.2541306,-4,35,-46
1739724993.3001306,-5,19,-200
1739724993.3461306,3,-58,-85
1739724993.3911307,-17,25,-38
1739724993.4371307,-26,-15,95
1739724993.4831307,56,97,-74
1739724993.5291307,21,10,-150
1739724993.5741308,-4,-1,-190
1739724993.6201308,-14,57,18
1739724993.6661308,-69,9,-88
1739724993.7111306,-9,-53,39
1739724993.7571306,85,-54,35
1739724993.8031306,-67,63,-48
1739724993.8491306,-4,-7,-108
1739724993.8941307,23,-50,-5
1739724993.9401307,30,-5,-70
1739724993.9861307,19,88,-74
1739724994.0311308,6,-26,29
1739724994.0771308,-39,-40,-119
1739724994.1231308,-1,73,-62
1739724994.1691308,50,43,-3
1739724994.2141306,47,5,-115
1739724994.2601306,49,25,-31
1739724994.3061306,11,-36,-13
1739724994.3511307,-16,43,-56
1739724994.3971307,40,-1,-28
1739724994.4431307,65,120,-138
1739724994.4891307,-70,-27,69
1739724994.5341306,-39,-56,25
1739724994.5801306,69,-4,-40
1739724994.6261306,121,-60,-89
1739724994.671131,-46,-12,45
1739724994.717131,-7,5,-84
1739724994.763131,-91,22,103
1739724994.809131,-8,-3,-84
1739724994.8541307,-57,-30,-148
1739724994.9001307,19,-12,-31
1739724994.9461308,-26,9,-60
1739724994.9911306,35,-3,67
1739724995.0371306,42,7,-25
1739724995.0831306,-74,-29,44
1739724995.1291306,-41,-26,-54
1739724995.174131,-27,5,24
1739724995.2201307,-28,-13,-40
1739724995.2661307,20,0,-111
1739724995.3111308,-60,12,12
1739724995.3571308,18,-58,-3
1739724995.4031308,-20,-57,34
1739724995.4491308,38,-53,-71
1739724995.4941306,50,-41,-144
1739724995.5401306,84,-1,49
1739724995.5861306,-22,57,-68
1739724995.6311307,-110,42,-108
1739724995.6771307,51,13,-24
1739724995.7231307,-103,28,28
1739724995.7691307,-52,-18,-89
1739724995.8141308,-45,18,52
1739724995.8601308,18,116,-34
1739724995.9061308,28,-28,-43
1739724995.9511306,6,44,56
1739724995.9971306,-61,87,-2
1739724996.049131,97,-53,-19
1739724996.0941308,9,26,-42
1739724996.1401308,95,-45,57
1739724996.1861308,12,-7,-2
1739724996.2311306,44,-62,-163
1739724996.2771306,41,62,44
1739724996.3231306,57,62,-122
1739724996.3691306,-14,-14,-49
1739724996.4141307,-1,-38,-9
1739724996.4601307,35,-46,-138
1739724996.5061307,-35,81,-122
1739724996.5511308,-1,30,-28
1739724996.5971308,87,19,-26
1739724996.6431308,23,9,-68
1739724996.6871307,59,0,10
1739724996.7331307,-14,-12,-135
1739724996.7791307,48,-20,-10
1739724996.8251307,-60,-23,-13
1739724996.8701308,-31,19,-3
1739724996.9161308,-15,6,-112
1739724996.9621308,-35,-33,-57
1739724997.0071306,-94,-15,9
1739724997.0531306,-17,-50,127
1739724997.0991306,9,5,-70
1739724997.1451306,8,51,-92
1739724997.1901307,45,10,0
1739724997.2361307,-25,20,-62
1739724997.2821307,28,43,-32
1739724997.3271308,2,-21,-125
1739724997.3731308,23,29,-28
1739724997.4191308,-46,33,-124
1739724997.4651306,-41,1,45
1739724997.5101306,-31,-54,-87
1739724997.5561306,-2,-8,-37
1739724997.602131,53,12,12
1739724997.6471307,-17,-48,77
1739724997.6931307,63,-47,-109
1739724997.7391307,31,-54,-121
1739724997.7851307,77,-37,-17
1739724997.8301306,33,60,124
1739724997.8761306,79,3,18
1739724997.9221306,37,-32,-57
1739724997.967131,-77,2,-145
1739724998.013131,-30,47,-38
1739724998.059131,52,36,-90
1739724998.105131,-30,-10,-13
1739724998.1501307,13,73,38
1739724998.1961308,67,25,-8
1739724998.2421308,-15,22,46
1739724998.2871306,54,-20,-10
1739724998.3331306,18,121,-90
1739724998.3791306,-8,-64,-41
1739724998.4251306,28,47,-110
1739724998.4701307,15,13,-192
1739724998.5161307,-61,76,12
1739724998.5621307,23,27,-168
1739724998.6071308,23,7,24
1739724998.6531308,3,-31,-93
1739724998.6991308,-44,-5,15
1739724998.7451308,35,16,-72
1739724998.7901306,6,-27,-45
1739724998.8361306,47,12,-6
1739724998.8821306,23,29,-40
1739724998.9271307,-37,13,-27
1739724998.9731307,52,-28,-34
1739724999.0191307,-36,-17,25
1739724999.0651307,21,3,46
1739724999.1101308,-12,-20,-139
1739724999.1561308,-5,16,-96
1739724999.2021308,21,-55,105
1739724999.2471306,-71,22,-141
1739724999.2931306,54,30,6
1739724999.3391306,10,-67,-83
1739724999.3851306,49,28,-66
1739724999.4301307,7,-51,-119
1739724999.4761307,17,-105,-15
1739724999.5221307,17,9,-34
1739724999.5671306,15,3,4
1739724999.6131306,36,38,-66
1739724999.6591306,21,63,-26
1739724999.7051306,-14,-4,-35
1739724999.750131,56,-6,-178
1739724999.796131,66,-23,-60
1739724999.842131,-26,40,23
1739724999.8871307,43,2,2
1739724999.9331307,-31,89,-96
1739724999.9791307,18,57,4
1739725000.0251307,33,-58,21
1739725000.0701306,-7,26,-74
1739725000.1161306,31,4,-26
1739725000.1621306,-22,38,-76
1739725000.207131,2,43,10
1739725000.253131,43,8,-104
1739725000.299131,-12,52,-52
1739725000.3451307,-31,1,59
1739725000.3901308,83,7,-66
1739725000.4361308,-25,2,29
1739725000.4821308,-42,35,-37
1739725000.5271306,37,16,-22
1739725000.5731306,51,6,-94
1739725000.6191306,15,5,-144
1739725000.6651306,82,-15,-4
1739725000.7101307,-10,-30,-23
1739725000.7561307,23,79,-70
1739725000.8021307,-5,68,-32
1739725000.8471308,26,53,-32
1739725000.8931308,-1,18,-78
1739725000.9391308,3,-43,-35
1739725000.9851308,-11,20,-38
1739725001.0301306,-21,0,63
1739725001.0761306,-39,-37,-115
1739725001.1221306,0,84,-74
1739725001.1671307,-62,-7,-119
1739725001.2131307,38,68,-80
1739725001.2591307,-31,4,-98
1739725001.3051307,-17,14,123
1739725001.3501308,-26,57,-180
1739725001.3961308,8,-4,-76
1739725001.4421306,-2,-1,-38
1739725001.4871306,-46,0,-60
1739725001.5331306,-109,-40,-7
1739725001.5791306,24,-8,41
1739725001.625131,52,-15,31
1739725001.6701307,27,26,-88
1739725001.7161307,74,-11,-52
1739725001.7621307,36,59,-10
1739725001.8071306,-29,9,-40
1739725001.8531306,-31,29,-132
1739725001.8991306,120,43,-104
1739725001.9451306,39,29,-54
1739725001.990131,134,34,49
1739725002.036131,5,70,38
1739725002.082131,51,19,-19
1739725002.1271307,37,-39,-73
1739725002.1731308,65,12,61
1739725002.2191308,-60,-64,-182
1739725002.2641306,-116,-4,24
1739725002.3101306,9,14,-114
1739725002.3561306,22,-20,-47
1739725002.4021306,2,-74,-27
1739725002.447131,-39,10,-114
1739725002.4931307,-3,-55,-89
1739725002.5391307,-77,13,-38
1739725002.5841308,-25,65,-100
1739725002.6301308,-14,51,-106
1739725002.6761308,-19,11,-26
1739725002.7221308,-16,31,-16
1739725002.7671306,-15,-103,-63
1739725002.8131306,18,-14,-51
1739725002.8591306,5,30,-68
1739725002.9041307,-4,33,0
1739725002.9501307,50,-93,39
1739725002.9961307,31,5,-80
1739725003.0421307,-69,3,-40
1739725003.0871308,60,37,-2
1739725003.1331308,-3,-57,-41
1739725003.1791308,8,54,-4
1739725003.2241306,-26,47,122
1739725003.2701306,-51,-34,-63
1739725003.3161306,-18,39,-56
1739725003.3621306,17,-34,-163
1739725003.4071307,19,4,65
1739725003.4531307,16,40,102
1739725003.4991307,4,-8,35
1739725003.5441308,92,-28,-7
1739725003.5901306,-17,7,-126
1739725003.6361306,-45,-30,-145
1739725003.6821306,-13,17,-92
1739725003.727131,2,0,-6
1739725003.773131,59,-33,-83
1739725003.819131,100,-9,-117
1739725003.8641307,-21,-47,-131
1739725003.9101307,-64,59,14
1739725003.9561307,4,-74,-31
1739725004.0021307,-35,4,104
1739725004.0471306,-79,-57,-25
1739725004.0931306,0,-16,-27
1739725004.1391306,-52,174,12
1739725004.184131,8,-30,67
1739725004.230131,-61,10,-84
1739725004.276131,-53,-38,-2
1739725004.322131,-54,50,6
1739725004.3671308,-34,56,24
1739725004.4131308,5,18,-144
1739725004.4591308,20,32,-112
1739725004.5041306,12,-24,-89
1739725004.5501306,-19,-55,1
1739725004.5961306,40,53,-78
1739725004.6421306,49,7,-187
1739725004.6871307,-78,-79,33
1739725004.7331307,67,72,28
1739725004.7791307,4,42,-14
1739725004.8241308,-3,5,48
1739725004.8701308,-53,6,-74
1739725004.9161308,0,-15,55
1739725004.9621308,-65,-59,-149
1739725005.0071306,-39,-42,-107
1739725005.0531306,-23,-42,-47
1739725005.0991306,-58,-5,-49
1739725005.1441307,2,-3,-27
1739725005.1901307,-43,7,-45
1739725005.2361307,13,85,-46
1739725005.2801306,0,-5,59
1739725005.3261306,29,25,-2
1739725005.3721306,-21,-48,-11
1739725005.4181306,46,-18,-196
1739725005.4631307,8,-23,-107
1739725005.5091307,81,23,36
1739725005.5551307,-78,52,69
1739725005.6001308,11,-33,-79
1739725005.6461308,80,-15,-10
1739725005.6921306,2,45,54
1739725005.7381306,33,24,-120
1739725005.7831306,105,16,-96
1739725005.8291306,-104,0,-145
1739725005.875131,55,6,-50
1739725005.9201307,7,9,-30
1739725005.9661307,53,26,-80
1739725006.0181308,31,7,-16
1739725006.0631306,10,-15,-98
1739725006.1091306,54,-2,104
1739725006.1551306,53,17,-112
1739725006.2001307,-14,-2,91
1739725006.2461307,0,46,-66
1739725006.2921307,15,-55,-127
1739725006.3381307,11,27,30
1739725006.3831308,-10,32,-134
1739725006.4291308,61,3,-134
1739725006.4751308,56,-2,-20
1739725006.5201306,-12,0,-59
1739725006.5661306,-9,28,46
1739725006.6121306,5,-37,-19
1739725006.6581306,-1,-46,23
1739725006.7031307,-72,40,-54
1739725006.7491307,12,-11,52
1739725006.7951307,31,-36,-73
1739725006.8401306,13,23,-32
1739725006.8861306,31,-56,5
1739725006.9321306,1,41,-28
1739725006.9781306,-13,18,-20
1739725007.023131,-52,-25,-57
1739725007.069131,-22,46,14
1739725007.115131,4,-7,-3
1739725007.1601307,-3,18,0
1739725007.2061307,-43,-33,-69
1739725007.2521307,-57,9,-11
1739725007.2981308,-97,20,-92
1739725007.3431306,14,47,-98
1739725007.3891306,23,1,-104
1739725007.4351306,72,-73,-27
1739725007.480131,50,-14,-58
1739725007.526131,25,3,-34
1739725007.572131,47,-41,-39
1739725007.6181307,-11,3,-48
1739725007.6631308,12,100,-142
1739725007.7091308,-144,-70,-89
1739725007.7551308,42,-12,-44
1739725007.8001306,-4,-6,-113
1739725007.8461306,53,14,-132
1739725007.8921306,-73,4,7
1739725007.9381306,-106,-25,89
1739725007.9831307,-34,-15,-41
1739725008.0291307,-6,-6,-69
1739725008.0751307,-33,-45,103
1739725008.1201308,65,83,-78
1739725008.1661308,-8,-20,-87
1739725008.2121308,-89,-48,-207
1739725008.2581308,74,39,-128
1739725008.3031306,15,63,-58
1739725008.3491306,-13,72,-40
1739725008.3951306,45,-38,27
1739725008.4401307,21,67,-24
1739725008.4861307,95,19,70
1739725008.5321307,-6,32,0
1739725008.5781307,-20,-8,-93
1739725008.6231308,4,-9,-3
1739725008.6691308,107,-38,-90
1739725008.7151306,-32,-14,-127
1739725008.7601306,1,57,-42
1739725008.8061306,-96,59,-120
1739725008.852131,-15,-51,45
1739725008.898131,-28,-4,-51
1739725008.9431307,-47,18,50
1739725008.9891307,13,-37,-111
1739725009.0351307,51,14,-20
1739725009.0801306,54,-1,-1
1739725009.1261306,-52,-20,-29
1739725009.1721306,-25,79,-34
1739725009.2181306,61,26,150
1739725009.263131,-92,-76,-191
1739725009.309131,0,-5,-43
1739725009.355131,72,-11,-94
1739725009.4001307,20,47,-70
1739725009.4461308,1,49,26
1739725009.4921308,24,-3,-104
1739725009.5381308,-8,-63,-29
1739725009.5831306,42,-57,3
1739725009.6291306,-1,10,-52
1739725009.6751306,20,-62,-80
1739725009.7201307,-11,-9,-128
1739725009.7661307,-41,31,-106
1739725009.8121307,16,-48,-46
1739725009.8581307,55,-49,47
1739725009.9031308,102,37,-8
1739725009.9491308,3,0,-190
1739725009.9951308,-23,5,90
1739725010.0401306,48,-35,49
1739725010.0871308,19,45,7
1739725010.1331308,4,15,-46
1739725010.1791308,38,16,-2
1739725010.2241306,53,56,25
1739725010.2701306,28,13,-15
1739725010.3161306,18,-52,41
1739725010.3621306,21,-8,-50
1739725010.4071307,-70,3,-30
1739725010.4531307,-56,-46,6
1739725010.4991307,30,72,-9
1739725010.5441308,-32,80,-26
1739725010.5901306,13,100,0
1739725010.6361306,29,49,-106
1739725010.6821306,24,-60,85
1739725010.727131,61,59,-175
1739725010.773131,-29,32,23
1739725010.819131,5,-3,-122
1739725010.8641307,15,-29,-118
1739725010.9101307,55,-2,32
1739725010.9561307,33,95,-35
1739725011.0021307,34,8,-177
1739725011.0471306,134,-39,-52
1739725011.0931306,-23,-68,32
1739725011.1391306,28,17,63
1739725011.184131,44,-40,-78
1739725011.230131,-92,20,27
1739725011.276131,-23,34,47
1739725011.322131,-6,-46,-52
1739725011.3671308,-43,61,5
1739725011.4131308,1,37,19
1739725011.4591308,-2,26,-87
1739725011.5041306,-3,46,-89
1739725011.5501306,-37,53,-11
1739725011.5961306,103,-7,-14
1739725011.6421306,26,-42,-102
1739725011.6871307,-25,-13,6
1739725011.7331307,9,48,-37
1739725011.7791307,-31,22,-206
1739725011.8241308,73,-14,7
1739725011.8701308,37,21,-120
1739725011.9161308,1,-56,-27
1739725011.9621308,6,-76,-65
1739725012.0071306,-33,-36,71
1739725012.0531306,-51,-52,-73
1739725012.0991306,-45,-50,-61
1739725012.1441307,13,76,-64
1739725012.1901307,-77,-37,-52
1739725012.2361307,-60,58,-96
1739725012.2821307,-13,79,-4
1739725012.3271308,-44,-4,-32
1739725012.3731308,34,-87,-55
1739725012.4191308,-52,-18,-70
1739725012.4641306,26,-4,9
1739725012.5101306,-1,77,-88
1739725012.5561306,-8,-29,95
1739725012.6011307,64,32,-33
1739725012.6471307,29,16,-43
1739725012.6931307,-44,-28,26
1739725012.7391307,-50,-78,-81
1739725012.7841306,-11,-41,-61
1739725012.8301306,-49,28,52
1739725012.8761306,-21,145,2
1739725012.921131,34,61,-90
1739725012.967131,-19,17,4
1739725013.013131,77,28,-108
1739725013.059131,12,-16,-23
1739725013.1041307,-48,-6,-88
1739725013.1501307,42,53,40
1739725013.1961308,-29,-61,-79
1739725013.2411306,13,-44,-67
1739725013.2871306,-53,28,-74
1739725013.3331306,-28,53,38
1739725013.3791306,-84,41,-146
1739725013.424131,57,7,-57
1739725013.4701307,30,-30,43
1739725013.5161307,-41,-42,-27
1739725013.5611308,-37,-48,0
1739725013.6071308,28,40,-4
1739725013.6531308,-21,23,-90
1739725013.6991308,47,89,-32
1739725013.7441306,-74,45,76
1739725013.7901306,-10,-29,-111
1739725013.8361306,-38,34,80
1739725013.8811307,24,-18,3
1739725013.9271307,30,-14,-61
1739725013.9731307,-9,19,44
1739725014.0191307,52,37,-97
1739725014.0641308,20,50,-156
1739725014.1101308,40,-17,-65
1739725014.1561308,73,0,39
1739725014.2011306,46,101,10
1739725014.2471306,-33,-43,-41
1739725014.2931306,-15,28,-74
1739725014.3391306,32,-8,-28
1739725014.3841307,94,55,-48
1739725014.4301307,-46,51,-10
1739725014.4761307,0,45,34
1739725014.5211308,23,28,-22
1739725014.5671306,34,-7,19
1739725014.6131306,-79,2,-64
1739725014.6591306,-23,-45,-7
1739725014.7041306,-20,-13,-3
1739725014.750131,-7,78,-88
1739725014.796131,-100,0,-88
1739725014.8411307,0,-11,29
1739725014.8871307,6,47,-74
1739725014.9331307,-50,-39,-65
1739725014.9791307,-5,36,-89
1739725015.0241306,33,-72,-44
1739725015.0701306,55,-16,38
1739725015.1161306,-47,-7,70
1739725015.161131,-17,28,5
1739725015.207131,56,34,-14
1739725015.253131,-33,83,-31
1739725015.299131,-10,42,16
1739725015.3441308,-20,-67,-105
1739725015.3901308,-3,-58,-85
1739725015.4361308,-76,-17,-75
1739725015.4811306,61,28,44
1739725015.5271306,-41,11,-121
1739725015.5731306,-80,62,7
1739725015.6191306,-34,46,-2
1739725015.6641307,-16,58,16
1739725015.7101307,3,3,16
1739725015.7561307,3,11,-18
1739725015.8011308,-1,-31,5
1739725015.8471308,23,-35,-37
1739725015.8931308,7,23,-20
1739725015.9391308,-36,-67,-75
1739725015.9841306,-20,36,-104
1739725016.036131,41,-54,-11
1739725016.0811307,-67,14,-7
1739725016.1271307,-32,-66,-55
1739725016.1731308,27,69,-78
1739725016.2191308,50,-4,-96
1739725016.2641306,6,-31,7
1739725016.3101306,-66,40,-71
1739725016.3561306,-42,-12,105
1739725016.401131,-53,29,-55
1739725016.447131,49,-44,8
1739725016.4931307,6,35,2
1739725016.5391307,-31,-36,-37
1739725016.5841308,32,-28,-119
1739725016.6301308,43,-34,35
1739725016.6761308,-51,21,-23
1739725016.7211306,23,9,42
1739725016.7671306,-73,16,-73
1739725016.8131306,61,-34,60
1739725016.8591306,37,-50,-51
1739725016.9041307,41,16,-136
1739725016.9501307,18,-9,-14
1739725016.9961307,28,-29,31
1739725017.0411308,10,47,-80
1739725017.0871308,20,51,-72
1739725017.1331308,-11,68,28
1739725017.1791308,1,-45,-77
1739725017.2241306,46,-8,-18
1739725017.2701306,-33,-51,-19
1739725017.3161306,-21,-42,63
1739725017.3611307,-39,83,-28
1739725017.4071307,-48,-63,-77
1739725017.4531307,70,-23,-40
1739725017.4991307,43,2,-46
1739725017.5441308,-91,22,-135
1739725017.5901306,65,17,94
1739725017.6361306,11,29,-124
1739725017.6811306,-18,40,57
1739725017.727131,13,11,-84
1739725017.773131,28,-3,-52
1739725017.819131,-19,2,-3
1739725017.8641307,-57,23,-11
1739725017.9101307,2,31,-18
1739725017.9561307,0,-5,-22
1739725018.0011306,2,-7,52
1739725018.0471306,-21,-80,-124
1739725018.0931306,26,-13,-66
1739725018.1391306,-15,-50,-47
1739725018.184131,29,29,-46
1739725018.230131,-47,-9,35
1739725018.276131,15,59,-57
1739725018.3211308,-1,32,-39
1739725018.3671308,28,23,-112
1739725018.4131308,22,49,-72
1739725018.4591308,42,46,-48
1739725018.5041306,-18,-64,-49
1739725018.5501306,-42,37,63
1739725018.5961306,10,-67,-64
1739725018.6411307,4,43,-138
1739725018.6871307,73,17,106
1739725018.7331307,4,49,-120
1739725018.7791307,-41,15,-15
1739725018.8241308,56,-4,58
1739725018.8701308,39,-44,-24
1739725018.9161308,-20,-66,-145
1739725018.9611306,5,-4,29
1739725019.0071306,-10,38,141
1739725019.0531306,7,17,-96
1739725019.0991306,91,7,52
1739725019.1441307,6,61,-58
1739725019.1901307,-44,51,-18
1739725019.2361307,20,61,-62
1739725019.2811308,16,-7,-102
1739725019.3271308,-47,-43,-1
1739725019.3731308,-56,-67,-103
1739725019.4191308,12,-21,-36
1739725019.4641306,30,-29,-56
1739725019.5101306,15,69,0
1739725019.5561306,28,45,-150
1739725019.6011307,41,90,-86
1739725019.6471307,-76,-10,93
1739725019.6931307,-25,16,-91
1739725019.7391307,108,-3,-8
1739725019.7841306,32,56,-74
1739725019.8301306,39,72,-110
1739725019.8761306,-6,-22,93
1739725019.921131,22,-11,24
1739725019.967131,44,-10,-184
1739725020.013131,34,-88,-103
1739725020.059131,-55,-61,-51
1739725020.1041307,-63,10,-11
1739725020.1501307,5,11,-36
1739725020.1961308,-17,10,43
1739725020.2411306,-7,-48,-97
1739725020.2871306,-19,22,-41
1739725020.3331306,-23,10,7
1739725020.3791306,-25,24,-19
1739725020.424131,11,5,-136
1739725020.4701307,14,-9,-46
1739725020.5161307,60,-6,6
1739725020.5611308,-13,22,-69
1739725020.6071308,25,-41,-26
1739725020.6531308,-49,-43,-51
1739725020.6991308,-58,-79,-43
1739725020.7431307,1,39,17
1739725020.7891307,-6,-26,-37
1739725020.8351307,-1,-44,10
1739725020.8801308,10,-11,-126
1739725020.9261308,95,13,15
1739725020.9721308,81,-43,33
1739725021.0171306,-36,-29,16
1739725021.0631306,10,-1,-18
1739725021.1091306,-9,-54,56
1739725021.1551306,10,41,-52
1739725021.2001307,-22,-76,58
1739725021.2461307,-3,6,-161
1739725021.2921307,-67,-32,-60
1739725021.3371308,60,42,-99
1739725021.3831308,-32,-17,4
1739725021.4291308,-3,-52,-32
1739725021.4751308,1,15,-19
1739725021.5201306,96,37,83
1739725021.5661306,24,-7,-25
1739725021.6121306,22,-9,57
1739725021.6571307,89,25,-27
1739725021.7031307,57,28,-135
1739725021.7491307,6,55,1
1739725021.7951307,-15,-54,-16
1739725021.8401306,32,-26,-59
1739725021.8861306,7,85,-97
1739725021.9321306,37,-70,19
1739725021.977131,-45,37,-70
1739725022.023131,9,-11,15
1739725022.069131,-47,-27,-106
1739725022.115131,8,15,13
1739725022.1601307,-34,89,-92
1739725022.2061307,-39,39,-86
1739725022.2521307,-20,-42,-4
1739725022.2971306,76,17,33
1739725022.3431306,39,-28,-49
1739725022.3891306,-68,10,-8
1739725022.4351306,-3,-4,-47
1739725022.480131,-71,34,94
1739725022.526131,-24,0,40
1739725022.572131,29,-91,-5
1739725022.6171308,6,7,-75
1739725022.6631308,-32,-32,-131
1739725022.7091308,35,54,0
1739725022.7541306,2,-115,-95
1739725022.8001306,107,-22,-101
1739725022.8461306,105,36,13
1739725022.8921306,-31,60,-20
1739725022.9371307,-109,53,-114
1739725022.9831307,-92,-62,-40
1739725023.0291307,-2,22,-65
1739725023.0741308,80,5,-31
1739725023.1201308,-12,10,-143
1739725023.1661308,52,-6,-23
1739725023.2121308,13,17,74
1739725023.2571306,50,-62,-29
1739725023.3031306,-59,3,-54
1739725023.3491306,26,-41,-3
1739725023.3941307,-29,-22,-20
1739725023.4401307,-61,59,-14
1739725023.4861307,-9,44,-151
1739725023.5321307,33,-20,45
1739725023.5771308,-104,-43,-122
1739725023.6231308,-27,32,56
1739725023.6691308,8,83,-4
1739725023.7141306,-35,-29,16
1739725023.7601306,36,-64,-75
1739725023.8061306,20,-61,-29
1739725023.852131,2,21,-89
1739725023.8971307,0,14,54
1739725023.9431307,-14,-52,0
1739725023.9891307,98,65,33
1739725024.0341306,-10,-32,-81
1739725024.0801306,73,39,-5
1739725024.1261306,-46,11,-30
1739725024.1721306,-38,17,12
1739725024.217131,-123,53,100
1739725024.263131,-12,14,-157
1739725024.309131,42,-40,41
1739725024.3541307,-26,16,-76
1739725024.4001307,19,-9,-35
1739725024.4461308,-31,-20,-102
1739725024.4921308,68,7,-17
1739725024.5371306,-95,58,-28
1739725024.5831306,-9,-2,-10
1739725024.6291306,-7,-12,-41
1739725024.674131,25,37,65
1739725024.7201307,111,62,-79
1739725024.7661307,16,-37,21
1739725024.8121307,18,17,-31
1739725024.8571308,-49,-73,30
1739725024.9031308,-52,-33,-60
1739725024.9491308,-50,5,10
1739725024.9941306,-12,-4,-29
1739725025.0401306,-14,14,-22
1739725025.0861306,8,19,-57
1739725025.1321306,13,-29,25
1739725025.1771307,-2,-18,-59
1739725025.2231307,-46,-23,-71
1739725025.2691307,-40,43,-2
1739725025.3141308,-15,76,2
1739725025.3601308,-28,38,-53
1739725025.4061308,59,-64,-75
1739725025.4521308,-12,46,-31
1739725025.4971306,-37,17,-36
1739725025.5431306,88,37,-89
1739725025.5891306,-30,-4,-18
1739725025.6341307,48,48,-15
1739725025.6801307,-26,-14,-107
1739725025.7261307,89,1,9
1739725025.7721307,72,-25,-55
1739725025.8171306,-5,18,25
1739725025.8631306,-48,-85,-84
1739725025.9091306,26,-9,14
1739725025.9541306,46,-19,-34
1739725026.000131,-8,-17,-26
1739725026.0501306,8,-28,-185
1739725026.0961306,-52,50,77
1739725026.1421306,13,20,-127
1739725026.1881306,19,26,-35
1739725026.2331307,-34,-73,-38
1739725026.2791307,31,14,-133
1739725026.3251307,17,4,-79
1739725026.3701308,-46,52,-97
1739725026.4161308,-3,-65,-110
1739725026.4621308,-47,24,-63
1739725026.5081308,-27,23,80
1739725026.5531306,59,13,-147
1739725026.5991306,1,44,-93
1739725026.6451306,-23,-63,88
1739725026.6901307,-32,-21,0
1739725026.7361307,34,57,23
1739725026.7821307,-56,-17,-131
1739725026.8281307,34,-18,-39
1739725026.8731308,-18,0,-91
1739725026.9191308,40,-100,82
1739725026.9651306,-4,0,78
1739725027.0101306,-13,24,6
1739725027.0561306,-91,68,-16
1739725027.102131,-23,70,-23
1739725027.148131,-10,-18,26
1739725027.1931307,16,-31,20
1739725027.2391307,-13,-46,74
1739725027.2851307,-29,32,-91
1739725027.3301306,18,53,-63
1739725027.3761306,-26,36,-77
1739725027.4221306,-5,-42,-85
1739725027.4681306,48,-10,-127
1739725027.513131,-17,6,20
1739725027.559131,0,64,33
1739725027.605131,-101,5,4
1739725027.6501307,-88,-66,-98
1739725027.6961308,9,-55,-26
1739725027.7421308,-13,82,-157
1739725027.7881308,-36,-5,30
1739725027.8331306,-81,22,-63
1739725027.8791306,-35,19,-107
1739725027.9251306,-1,4,-49
1739725027.9701307,23,21,-131
1739725028.0161307,-36,63,-23
1739725028.0621307,42,-8,-77
1739725028.1081307,37,2,-227
1739725028.1531308,-5,-56,52
1739725028.1991308,78,-15,-25
1739725028.2451308,64,46,-51
1739725028.2901306,-74,50,-41
1739725028.3361306,50,-14,-131
1739725028.3821306,-7,86,-33
1739725028.4281306,-72,44,56
1739725028.4731307,-20,-24,-16
1739725028.5191307,-15,2,16
1739725028.5651307,-16,54,-43
1739725028.6101308,71,-53,-49
1739725028.6561308,-89,20,-87
1739725028.7021308,-76,116,-167
1739725028.7481308,39,0,-69
1739725028.7931306,34,-10,-27
1739725028.8391306,62,-12,-53
1739725028.8851306,11,-47,-2
1739725028.9301307,68,-21,-145
1739725028.9761307,-5,-36,-42
1739725029.0221307,76,-19,-101
1739725029.0681307,-32,66,7
1739725029.1131306,-71,-36,-126
1739725029.1591306,15,29,-73
1739725029.2051306,14,-13,-113
1739725029.250131,-70,-6,42
1739725029.296131,-18,-10,-69
1739725029.342131,-34,-21,102
1739725029.388131,27,29,-27
1739725029.4331307,-42,39,-36
1739725029.4791307,4,-1,0
1739725029.5251307,9,-13,-51
1739725029.5701306,30,11,-45
1739725029.6161306,13,-35,-31
1739725029.6621306,-43,17,0
1739725029.7081306,14,-33,18
1739725029.753131,-35,27,30
1739725029.799131,-58,-5,42
1739725029.8451307,-19,14,38
1739725029.8901308,-25,30,-59
1739725029.9361308,101,71,-93
1739725029.9821308,-5,2,32
1739725030.0281308,22,7,82
1739725030.0731306,26,-17,-173
1739725030.1191306,57,10,-35
1739725030.1651306,-93,-32,0
1739725030.2101307,20,47,21
1739725030.2561307,-71,-38,-68
1739725030.3021307,-49,-43,-12
1739725030.3481307,22,-11,142
1739725030.3931308,44,-30,-3
1739725030.4391308,-55,-105,42
1739725030.4851308,-33,32,-71
1739725030.5301306,41,8,-67
1739725030.5761306,5,-43,-229
1739725030.6221306,73,21,-87
1739725030.6681306,-25,-40,-14
1739725030.7131307,-20,52,-47
1739725030.7591307,0,-9,-41
1739725030.8051307,0,0,-133
1739725030.8501308,43,-46,-85
1739725030.8961308,54,40,-43
1739725030.9421306,-64,-23,-80
1739725030.9881306,7,7,-95
1739725031.0331306,44,54,-107
1739725031.0791306,63,2,13
1739725031.125131,22,-13,35
1739725031.1701307,-22,48,-19
1739725031.2161307,51,0,-47
1739725031.2621307,31,33,-57
1739725031.3081307,23,17,19
1739725031.3531306,-8,38,-59
1739725031.3991306,78,45,29
1739725031.4451306,-33,1,-79
1739725031.490131,22,-19,-77
1739725031.536131,29,-35,-11
1739725031.582131,56,-16,-15
1739725031.628131,-69,26,24
1739725031.6731308,-56,43,-153
1739725031.7191308,-1,2,26
1739725031.7651308,-105,-63,-84
1739725031.8101306,0,19,-17
1739725031.8561306,-23,24,-29
1739725031.9021306,-3,-38,-43
1739725031.9481306,-74,56,8
1739725031.9931307,-5,-34,-4
1739725032.0391307,-20,-30,-211
1739725032.0851307,-107,87,16
1739725032.1301308,-1,-34,24
1739725032.1761308,42,46,35
1739725032.2221308,-31,-48,18
1739725032.2681308,77,7,63
1739725032.3131306,-22,-24,-46
1739725032.3591306,-15,14,78
1739725032.4051306,26,39,-129
1739725032.4501307,25,29,9
1739725032.4961307,-10,-68,-88
1739725032.5421307,119,68,63
1739725032.5881307,-48,-30,-53
1739725032.6331308,10,19,-27
1739725032.6791308,-18,-23,-139
1739725032.7251308,93,11,13
1739725032.7701306,39,-69,-25
1739725032.8161306,-81,-51,84
1739725032.8621306,-72,-23,-143
1739725032.9071307,-71,87,-53
1739725032.9531307,16,-22,-20
1739725032.9991307,-54,66,-93
1739725033.0451307,0,-9,-47
1739725033.0901306,56,-1,-82
1739725033.1361306,51,63,0
1739725033.1821306,-49,-100,-89
1739725033.227131,15,-52,10
1739725033.273131,68,40,-2
1739725033.319131,-46,-26,-25
1739725033.365131,-20,13,-17
1739725033.4101307,-30,49,-3
1739725033.4561307,-10,41,-103
1739725033.5021307,8,-30,-26
1739725033.5471306,44,-3,22
1739725033.5931306,39,1,-34
1739725033.6391306,-36,-4,25
1739725033.6851306,-14,-11,-147
1739725033.730131,21,12,60
1739725033.776131,68,1,52
1739725033.822131,13,-30,10
1739725033.8671308,13,63,-113
1739725033.9131308,-1,18,-207
1739725033.9591308,29,3,17
1739725034.0051308,65,19,-143
1739725034.0501306,18,-12,-91
1739725034.0961306,7,45,10
1739725034.1421306,-53,-34,-79
1739725034.1871307,21,-20,34
1739725034.2331307,-47,-36,22
1739725034.2791307,64,2,-49
1739725034.3251307,9,51,-45
1739725034.3701308,64,-53,56
1739725034.4161308,4,79,38
1739725034.4621308,-31,-63,-153
1739725034.5071306,16,-44,-15
1739725034.5531306,-62,-14,-53
1739725034.5991306,-39,-34,-21
1739725034.6451306,-29,-44,-127
1739725034.6901307,-39,11,10
1739725034.7361307,-58,-25,-22
1739725034.7821307,-18,-2,-87
1739725034.8271308,-54,-15,-34
1739725034.8731308,-42,-11,-46
1739725034.9191308,10,41,-31
1739725034.9651306,13,75,-5
1739725035.0101306,-9,2,84
1739725035.0561306,-12,-12,30
1739725035.102131,25,15,-31
1739725035.1471307,64,-24,-231
1739725035.1931307,-14,-2,32
1739725035.2391307,-13,-60,-70
1739725035.2851307,-27,8,20
1739725035.3301306,-54,47,-125
1739725035.3761306,0,48,78
1739725035.4221306,45,-23,-21
1739725035.467131,24,23,-51
1739725035.513131,-23,8,-24
1739725035.559131,-27,-48,-20
1739725035.605131,4,43,-57
1739725035.6501307,-50,-18,30
1739725035.6961308,22,-78,-10
1739725035.7421308,-60,68,-47
1739725035.7871306,40,-31,-24
1739725035.8331306,3,30,-117
1739725035.8791306,-19,5,1
1739725035.9251306,15,32,-51
1739725035.9701307,-47,6,-73
1739725036.0161307,77,42,-131
1739725036.0671306,48,-29,-16
1739725036.1131306,14,-10,32
1739725036.1591306,-11,-35,-28
1739725036.2051306,-61,16,-63
1739725036.250131,5,13,-29
1739725036.296131,10,-3,-19
1739725036.342131,43,14,-17
1739725036.3871307,-23,-64,0
1739725036.4331307,-33,26,-37
1739725036.4791307,0,88,41
1739725036.5251307,-60,-89,-94
1739725036.5701306,11,-37,-75
1739725036.6161306,33,15,-103
1739725036.6621306,-75,32,-80
1739725036.707131,40,52,-77
1739725036.753131,-50,0,-34
1739725036.799131,72,33,-139
1739725036.8451307,37,-52,-23
1739725036.8901308,-32,-70,-22
1739725036.9361308,17,-61,-82
1739725036.9821308,-17,-60,-58
1739725037.0271306,36,-20,-95
1739725037.0731306,0,13,-11
1739725037.1191306,-119,71,5
1739725037.1651306,62,38,-111
1739725037.2101307,16,-29,-89
1739725037.2561307,38,-32,-129
1739725037.3021307,1,47,47
1739725037.3471308,38,-20,-107
1739725037.3931308,55,8,-73
1739725037.4391308,-33,-40,-102
1739725037.4851308,-11,-50,30
1739725037.5301306,-15,70,-7
1739725037.5761306,41,-66,12
1739725037.6221306,-92,-18,2
1739725037.6671307,-21,6,-83
1739725037.7131307,51,68,-101
1739725037.7591307,-36,53,-73
1739725037.8051307,-34,53,-169
1739725037.8501308,44,-22,-93
1739725037.8961308,51,26,-79
1739725037.9421306,-7,0,-4
1739725037.9871306,-113,-59,34
1739725038.0331306,-38,-5,-8
1739725038.0791306,-17,98,-17
1739725038.125131,4,-21,-187
1739725038.1701307,-28,0,-69
1739725038.2161307,-20,36,-151
1739725038.2621307,-30,54,-16
1739725038.3071306,-14,-100,-29
1739725038.3531306,-1,6,-37
1739725038.3991306,-52,-25,-54
1739725038.4451306,116,-4,-35
1739725038.490131,23,-41,-57
1739725038.536131,70,-21,-11
1739725038.582131,-127,27,-199
1739725038.6271307,-54,51,56
1739725038.6731308,18,47,36
1739725038.7191308,43,6,-125
1739725038.7651308,9,18,-21
1739725038.8101306,-12,49,35
1739725038.8561306,40,33,13
1739725038.9021306,6,-68,0
1739725038.947131,-23,28,-27
1739725038.9931307,-6,1,82
1739725039.0391307,-42,-12,28
1739725039.0851307,0,-70,-97
1739725039.1301308,-44,-18,-25
1739725039.1761308,-17,-24,-45
1739725039.2221308,-22,-42,-11
1739725039.2671306,-38,23,-101
1739725039.3131306,-93,-4,-85
1739725039.3591306,-19,36,-53
1739725039.4051306,73,-7,-83
1739725039.4501307,-9,56,90
1739725039.4961307,32,-35,-15
1739725039.5421307,2,53,-47
1739725039.5871308,14,-9,-21
1739725039.6331308,-98,-6,68
1739725039.6791308,-90,-10,-56
1739725039.7251308,4,-3,-91
1739725039.7701306,-16,14,-103
1739725039.8161306,-6,38,18
1739725039.8621306,12,9,1
1739725039.9071307,47,76,31
1739725039.9531307,50,32,-71
1739725039.9991307,93,47,-19
1739725040.0451307,40,2,54
1739725040.0901306,70,-64,-29
1739725040.1361306,-76,4,-35
1739725040.1821306,-80,-18,-62
1739725040.227131,76,-47,-3
1739725040.273131,-45,-31,6
1739725040.319131,-37,71,38
1739725040.365131,-39,13,-68
1739725040.4101307,71,85,-143
1739725040.4561307,-42,-19,-32
1739725040.5021307,90,55,-55
1739725040.5471306,13,-9,-173
1739725040.5931306,16,9,-71
1739725040.6391306,0,42,-28
1739725040.6851306,0,44,-101
1739725040.730131,54,8,42
1739725040.776131,39,-18,30
1739725040.822131,-29,43,7
1739725040.8671308,38,29,32
1739725040.9131308,-13,38,-59
1739725040.9591308,13,39,-29
1739725041.0051308,0,1,-81
1739725041.0501306,81,11,-95
1739725041.0961306,31,21,-169
1739725041.1421306,42,-14,-61
1739725041.1871307,7,-51,72
1739725041.2331307,72,15,-71
1739725041.2791307,-17,-61,-169
1739725041.3251307,-63,77,-1
1739725041.3701308,-39,31,0
1739725041.4161308,-4,40,-6
1739725041.4621308,69,25,47
1739725041.5071306,-89,28,42
1739725041.5531306,-16,-28,-44
1739725041.5991306,52,36,39
1739725041.6451306,-41,-43,-73
1739725041.6901307,-42,-7,-56
1739725041.7361307,-51,11,-107
1739725041.7821307,-2,66,-65
1739725041.8271308,-10,-30,-97
1739725041.8731308,-24,-2,-18
1739725041.9191308,-45,-38,-123
1739725041.9651306,105,117,50
1739725042.0101306,-50,37,-161
1739725042.0561306,1,23,52
1739725042.102131,37,6,-65
1739725042.1471307,39,9,-39
1739725042.1931307,-3,30,-37
1739725042.2391307,-13,2,-89
1739725042.2851307,-27,-35,-15
1739725042.3301306,-71,-41,-40
1739725042.3761306,-1,24,-23
1739725042.4221306,37,98,-57
1739725042.467131,22,53,27
1739725042.513131,24,-21,66
1739725042.559131,-61,7,-70
1739725042.605131,-82,52,-58
1739725042.6501307,11,-107,-7
1739725042.6961308,-45,-43,18
1739725042.7421308,-47,7,-10
1739725042.7871306,31,73,-3
1739725042.8331306,26,-1,-39
1739725042.8791306,-10,0,-21
1739725042.924131,-34,55,-16
1739725042.9701307,-17,16,24
1739725043.0161307,-13,-59,-17
1739725043.0621307,0,-28,-55
1739725043.1071308,22,53,-97
1739725043.1531308,-45,25,-64
1739725043.1991308,-54,-9,42
1739725043.2441306,26,-21,-109
1739725043.2901306,-24,-2,-26
1739725043.3361306,19,-5,-39
1739725043.3821306,-10,-26,-45
1739725043.4271307,82,13,-7
1739725043.4731307,-11,30,-29
1739725043.5191307,-26,-15,-51
1739725043.5641308,-20,-15,-37
1739725043.6101308,-22,42,90
1739725043.6561308,88,13,-1
1739725043.7021308,-17,-41,-117
1739725043.7471306,10,-16,-57
1739725043.7931306,58,-1,-93
1739725043.8391306,3,5,-45
1739725043.8841307,-61,25,-35
1739725043.9301307,53,14,13
1739725043.9761307,7,13,72
1739725044.0221307,-17,14,-43
1739725044.0671306,18,-24,-48
1739725044.1131306,4,46,-37
1739725044.1591306,-16,65,-123
1739725044.2041306,6,-14,-49
1739725044.250131,8,38,-37
1739725044.296131,32,-24,-62
1739725044.342131,48,36,-79
1739725044.3871307,24,53,19
1739725044.4331307,-13,28,-83
1739725044.4791307,53,8,-11
1739725044.5241306,27,-47,-74
1739725044.5701306,-11,6,-137
1739725044.6161306,-4,-24,-50
1739725044.6621306,1,57,3
1739725044.707131,-19,-36,2
1739725044.753131,47,-50,14
1739725044.799131,60,52,13
1739725044.8441308,-37,27,-107
1739725044.8901308,-68,-21,-84
1739725044.9361308,7,7,-109
1739725044.9821308,-60,-7,-22
1739725045.0271306,-32,-12,-34
1739725045.0731306,-32,66,-53
1739725045.1191306,0,-1,-71
1739725045.1641307,-30,-10,-70
1739725045.2101307,-23,12,8
1739725045.2561307,-33,24,72
1739725045.3021307,87,-59,41
1739725045.3471308,-29,2,22
1739725045.3931308,-1,-71,-32
1739725045.4391308,-23,18,-87
1739725045.4841306,-33,0,-6
1739725045.5301306,-17,18,-97
1739725045.5761306,15,33,87
1739725045.6221306,37,12,-101
1739725045.6671307,-18,52,-61
1739725045.7131307,-43,107,-199
1739725045.7591307,-3,-62,66
1739725045.8041308,76,65,111
1739725045.8501308,5,80,-53
1739725045.8961308,45,-51,-58
1739725045.9421306,-81,2,-39
1739725045.9871306,-12,55,-51
1739725046.0331306,15,-37,-26
1739725046.0841308,51,2,-169
1739725046.1301308,-30,-4,80
1739725046.1761308,5,-43,-102
1739725046.2221308,73,3,-143
1739725046.2671306,0,-1,6
1739725046.3131306,29,23,-107
1739725046.3591306,42,-73,-138
1739725046.4041307,43,3,-107
1739725046.4501307,62,-35,34
1739725046.4961307,14,-2,-95
1739725046.5421307,29,10,7
1739725046.5871308,-56,37,-97
1739725046.6331308,-13,12,-65
1739725046.6791308,-12,-6,-16
1739725046.7241306,29,-49,18
1739725046.7701306,6,-1,50
1739725046.8161306,24,43,37
1739725046.8621306,-41,16,-27
1739725046.9071307,15,-64,-58
1739725046.9531307,-34,-20,-64
1739725046.9991307,-88,-18,-54
1739725047.0441308,20,-11,52
1739725047.0901306,11,83,47
1739725047.1361306,92,-11,-61
1739725047.1821306,-55,25,16
1739725047.227131,4,57,-67
1739725047.273131,-6,-18,-55
1739725047.319131,7,1,38
1739725047.3641307,-28,-20,-82
1739725047.4101307,26,-2,12
1739725047.4561307,10,-28,-42
1739725047.5021307,38,-77,-128
1739725047.5471306,2,84,37
1739725047.5931306,-13,26,-13
1739725047.6391306,13,31,-71
1739725047.684131,17,23,0
1739725047.730131,34,-16,-101
1739725047.776131,-16,-29,148
1739725047.822131,77,0,-59
1739725047.8671308,8,39,0
1739725047.9131308,-99,8,76
1739725047.9591308,7,22,19
1739725048.0041306,6,38,-211
1739725048.0501306,-7,15,-133
1739725048.0961306,-15,2,12
1739725048.1421306,-77,2,-52
1739725048.1871307,-73,2,54
1739725048.2331307,63,8,-169
1739725048.2791307,35,-58,-115
1739725048.3241308,0,42,-9
1739725048.3701308,-4,-28,-26
1739725048.4161308,29,21,-67
1739725048.4621308,-61,-41,-140
1739725048.5071306,59,26,-23
1739725048.5531306,4,-9,46
1739725048.5991306,-50,-1,12
1739725048.6441307,-39,83,-27
1739725048.6901307,14,63,-27
1739725048.7361307,67,24,33
1739725048.7821307,76,59,-85
1739725048.8271308,-19,22,-63
1739725048.8731308,-54,109,0
1739725048.9191308,-29,24,-27
1739725048.9641306,-69,1,-26
1739725049.0101306,-74,40,-126
1739725049.0561306,-20,-28,-44
1739725049.102131,-28,0,-50
1739725049.1471307,33,31,-15
1739725049.1931307,-27,22,-4
1739725049.2391307,7,7,-115
1739725049.2841306,63,26,0
1739725049.3301306,30,113,-27
1739725049.3761306,-27,-38,-54
1739725049.4221306,-20,-70,-30
1739725049.467131,-32,-24,6
1739725049.513131,14,-25,-141
1739725049.559131,20,65,-113
1739725049.6041307,-7,-44,28
1739725049.6501307,66,-14,-115
1739725049.6961308,32,55,-1
1739725049.7421308,27,-47,-127
1739725049.7871306,19,-63,-5
1739725049.8331306,2,-97,-51
1739725049.8791306,23,33,-43
1739725049.924131,-36,41,-63
1739725049.9701307,-47,21,-24
1739725050.0161307,7,15,-15
1739725050.0621307,-18,-8,-8
1739725050.1071308,50,-4,134
1739725050.1531308,-65,21,-88
1739725050.1991308,-9,24,-59
1739725050.2441306,-57,-37,58
1739725050.2901306,-43,17,86
1739725050.3361306,29,13,-23
1739725050.3821306,-22,0,-2
1739725050.4271307,2,-27,76
1739725050.4731307,9,-41,-30
1739725050.5191307,-34,-10,80
1739725050.5641308,42,-26,-43
1739725050.6101308,19,13,68
1739725050.6561308,-6,52,-53
1739725050.7021308,18,37,-101
1739725050.7471306,-6,-80,56
1739725050.7931306,15,71,11
1739725050.8391306,-16,-32,-123
1739725050.8841307,-57,3,-68
1739725050.9301307,20,47,-1
1739725050.9761307,-62,-19,-38
1739725051.0221307,-49,74,-9
1739725051.0671306,22,38,39
1739725051.1131306,-13,33,-79
1739725051.1591306,-15,84,-25
1739725051.2041306,-17,28,-33
1739725051.250131,21,21,-15
1739725051.296131,-124,-7,58
1739725051.342131,-18,-16,-20
1739725051.3871307,12,42,37
1739725051.4331307,-14,-9,-57
1739725051.4791307,-31,30,-89
1739725051.5241306,20,-18,-10
1739725051.5701306,16,-4,-13
1739725051.6161306,-83,33,13
1739725051.6601307,-17,-55,-4
1739725051.7061307,79,-1,42
1739725051.7521307,15,-40,-52
1739725051.7981308,14,40,-143
1739725051.8431306,11,28,25
1739725051.8891306,19,10,84
1739725051.9351306,47,11,-83
1739725051.980131,2,72,-11
1739725052.026131,-67,14,51
1739725052.072131,-6,-13,-119
1739725052.1181307,-21,19,49
1739725052.1631308,2,90,-25
1739725052.2091308,-101,-39,45
1739725052.2551308,55,33,-99
1739725052.3001306,25,30,41
1739725052.3461306,-59,-36,-109
1739725052.3921306,12,58,-167
1739725052.4381306,-107,-47,17
1739725052.4831307,51,-61,2
1739725052.5291307,30,60,33
1739725052.5751307,-25,17,120
1739725052.6201308,-30,-15,60
1739725052.6661308,16,38,-35
1739725052.7121308,-30,-7,-103
1739725052.7581308,32,58,-107
1739725052.8031306,-50,120,-11
1739725052.8491306,24,-20,-123
1739725052.8951306,91,-51,21
1739725052.9401307,-17,-46,0
1739725052.9861307,107,24,31
1739725053.0321307,-56,60,-13
1739725053.0781307,-32,37,-47
1739725053.1231308,-62,-32,-65
1739725053.1691308,4,46,71
1739725053.2151306,-37,-52,8
1739725053.2601306,-30,-27,-75
1739725053.3061306,11,-4,-135
1739725053.352131,-20,-19,-99
1739725053.3971307,-80,-9,-77
1739725053.4431307,-2,-17,-8
1739725053.4891307,-50,46,-93
1739725053.5351307,6,-22,-10
1739725053.5801306,47,1,-123
1739725053.6261306,8,0,-83
1739725053.6721306,17,12,-17
1739725053.717131,-4,-29,66
1739725053.763131,-45,6,-41
1739725053.809131,3,-64,-88
1739725053.855131,-24,-13,-127
1739725053.9001307,101,34,-99
1739725053.9461308,-32,65,29
1739725053.9921308,-5,20,-19
1739725054.0371306,-55,14,-19
1739725054.0831306,69,27,3
1739725054.1291306,-60,-26,-42
1739725054.1751306,-3,4,28
1739725054.2201307,9,-54,0
1739725054.2661307,4,-6,10
1739725054.3121307,-9,74,-219
1739725054.3571308,54,-65,-39
1739725054.4031308,9,-52,-20
1739725054.4491308,-2,-23,-65
1739725054.4951308,-61,35,-79
1739725054.5401306,-6,40,2
1739725054.5861306,67,-13,54
1739725054.6321306,-44,3,-153
1739725054.6771307,65,-6,58
1739725054.7231307,-76,-13,36
1739725054.7691307,-74,-79,56
1739725054.8151307,17,-32,-19
1739725054.8601308,61,-9,-105
1739725054.9061308,27,-78,-61
1739725054.9521308,-60,57,-91
1739725054.9971306,68,26,-23
1739725055.0431306,-13,-41,2
1739725055.0891306,59,-67,-24
1739725055.1351306,53,12,-83
1739725055.1801307,0,-35,-79
1739725055.2261307,33,3,15
1739725055.2721307,-61,33,22
1739725055.3171306,-60,-49,4
1739725055.3631306,-8,-20,-193
1739725055.4091306,-6,-4,-87
1739725055.4551306,4,-35,-13
1739725055.500131,-66,0,50
1739725055.546131,2,53,42
1739725055.592131,-45,-65,38
1739725055.6371307,34,-1,59
1739725055.6831307,59,52,-89
1739725055.7291307,-32,4,-141
1739725055.7751307,8,-45,-49
1739725055.8201306,-35,-4,-4
1739725055.8661306,15,-75,-37
1739725055.9121306,31,45,16
1739725055.957131,9,49,-36
1739725056.003131,-62,89,-96
1739725056.0551307,13,59,-74
1739725056.1001308,-22,50,-113
1739725056.1461308,62,-1,-1
1739725056.1921306,81,-53,-43
1739725056.2371306,111,28,-51
1739725056.2831306,26,44,-87
1739725056.3291306,-37,-38,-69
1739725056.375131,21,8,30
1739725056.4201307,23,-44,24
1739725056.4661307,-57,-37,66
1739725056.5121307,50,62,21
1739725056.5571306,30,-86,-28
1739725056.6031306,-68,-106,-146
1739725056.6491306,-60,44,33
1739725056.6951306,-11,26,-137
1739725056.740131,20,33,-19
1739725056.786131,67,64,-97
1739725056.832131,59,-21,-21
1739725056.8771307,-11,96,14
1739725056.9231308,37,68,8
1739725056.9701307,-25,5,-99
1739725057.0161307,91,19,-21
1739725057.0611308,-101,-40,58
1739725057.1071308,-52,-25,-28
1739725057.1531308,36,-2,25
1739725057.1991308,0,-88,-10
1739725057.2441306,22,-24,-65
1739725057.2901306,92,-6,-17
1739725057.3361306,54,59,-5
1739725057.3811307,15,-38,-36
1739725057.4271307,-73,-48,54
1739725057.4731307,-58,62,-85
1739725057.5191307,2,-24,56
1739725057.5641308,9,6,32
1739725057.6101308,76,-4,-97
1739725057.6561308,81,16,-55
1739725057.7011306,18,-2,-15
1739725057.7471306,-53,76,-49
1739725057.7931306,24,-20,-24
1739725057.8391306,-11,11,-121
1739725057.8841307,-32,57,-41
1739725057.9301307,-29,9,78
1739725057.9761307,-50,-22,-46
1739725058.0211308,22,48,-67
1739725058.0671306,-35,11,7
1739725058.1131306,0,-26,-107
1739725058.1591306,-27,7,-31
1739725058.2041306,-17,-49,-8
1739725058.250131,-54,-8,-59
1739725058.296131,-27,27,-63
1739725058.3411307,6,-34,26
1739725058.3871307,-50,-6,-25
1739725058.4331307,-79,98,25
1739725058.4791307,-50,-35,30
1739725058.5241306,9,-46,-94
1739725058.5701306,47,4,79
1739725058.6161306,-33,27,-45
1739725058.661131,54,65,-73
1739725058.707131,12,-28,-92
1739725058.753131,-41,22,-51
1739725058.799131,-86,-13,-161
1739725058.8441308,-20,-25,-80
1739725058.8901308,-33,33,158
1739725058.9361308,-89,-35,28
1739725058.9811306,-62,-22,-72
1739725059.0271306,2,-74,-86
1739725059.0731306,43,30,49
1739725059.1191306,-55,29,-33
1739725059.1641307,36,-31,4
1739725059.2101307,-55,13,-56
1739725059.2561307,-36,-78,-120
1739725059.3011308,5,2,-151
1739725059.3471308,55,-65,-66
1739725059.3931308,-77,9,-107
1739725059.4391308,-33,-47,-18
1739725059.4841306,29,-48,-56
1739725059.5301306,-38,0,-15
1739725059.5761306,24,58,47
1739725059.6211307,-18,-25,-50
1739725059.6671307,-31,18,34
1739725059.7131307,-69,25,-87
1739725059.7591307,-25,16,62
1739725059.8041308,-22,-14,-155
1739725059.8501308,-32,40,-43
1739725059.8961308,0,-47,-22
1739725059.9411306,-82,52,-51
1739725059.9871306,-21,10,-83
1739725060.0331306,60,44,-107
1739725060.0791306,25,5,-55
1739725060.1241307,1,5,-23
1739725060.1701307,-8,-34,-8
1739725060.2161307,-20,-4,-109
1739725060.2611306,-15,4,10
1739725060.3071306,32,-11,-51
1739725060.3531306,47,-54,-78
1739725060.3991306,80,-15,102
1739725060.444131,-30,0,-139
1739725060.490131,0,6,-65
1739725060.536131,65,1,16
1739725060.5811307,2,58,-23
1739725060.6271307,0,-23,-2
1739725060.6731308,-87,-43,-214
1739725060.7191308,68,-10,-85
1739725060.7641306,26,-4,-41
1739725060.8101306,61,74,41
1739725060.8561306,-39,29,-96
1739725060.901131,46,-2,-46
1739725060.947131,-40,-27,-33
1739725060.9931307,-39,9,61
1739725061.0391307,36,-36,-140
1739725061.0841308,17,95,2
1739725061.1301308,-41,-55,24
1739725061.1761308,14,-31,-51
1739725061.2211306,16,-103,11
1739725061.2671306,7,19,-94
1739725061.3131306,38,60,-98
1739725061.3591306,-30,-36,-75
1739725061.4041307,3,-39,7
1739725061.4501307,-32,48,-114
1739725061.4961307,22,55,-36
1739725061.5411308,-12,68,22
1739725061.5871308,0,-7,-56
1739725061.6331308,41,85,-33
1739725061.6791308,-16,53,-65
1739725061.7241306,28,-12,1
1739725061.7701306,-34,-17,-135
1739725061.8161306,-89,13,18
1739725061.8611307,71,3,-114
1739725061.9071307,33,98,-84
1739725061.9531307,-30,47,-86
1739725061.9991307,8,-8,-14
1739725062.0441308,89,8,-41
1739725062.0901306,27,-54,44
1739725062.1361306,40,45,-19
1739725062.1811306,-41,-72,-56
1739725062.227131,7,5,-104
1739725062.273131,-18,0,43
1739725062.3181307,32,-11,-3
1739725062.3641307,-33,34,-93
1739725062.4101307,-11,26,-21
1739725062.4561307,-26,70,-22
1739725062.5011306,-41,9,-37
1739725062.5471306,-68,43,-100
1739725062.5931306,32,-23,46
1739725062.6391306,5,-61,-162
1739725062.684131,-38,61,-84
1739725062.730131,-53,-33,-80
1739725062.776131,105,-36,-6
1739725062.8211308,-39,37,3
1739725062.8671308,-97,64,79
1739725062.9131308,48,-38,48
1739725062.9591308,21,55,35
1739725063.0041306,17,59,-1
1739725063.0501306,-31,-30,-71
1739725063.0961306,0,12,-82
1739725063.1411307,42,-1,111
1739725063.1871307,-67,-3,-190
1739725063.2331307,-23,0,-36
1739725063.2791307,-5,-12,85
1739725063.3241308,8,-37,-40
1739725063.3701308,-62,10,-48
1739725063.4161308,-10,-37,-42
1739725063.4611306,-9,-12,-10
1739725063.5071306,-32,-40,-48
1739725063.5531306,32,31,-142
1739725063.5981307,-6,-29,-46
1739725063.6441307,7,-27,-58
1739725063.6901307,12,-67,18
1739725063.7361307,56,9,-87
1739725063.7811308,8,28,-54
1739725063.8271308,-22,-49,42
1739725063.8731308,-40,10,72
1739725063.9181306,51,45,-55
1739725063.9641306,38,-39,-55
1739725064.0101306,52,-67,17
1739725064.0561306,26,14,-94
1739725064.1011307,48,31,-7
1739725064.1471307,17,-22,2
1739725064.1931307,13,48,-11
1739725064.2381306,66,7,37
1739725064.2841306,5,-8,7
1739725064.3301306,-24,27,36
1739725064.3761306,-34,13,-20
1739725064.421131,-50,78,-86
1739725064.467131,3,-22,-66
1739725064.513131,32,13,-11
1739725064.5581307,-14,15,47
1739725064.6041307,14,8,-54
1739725064.6501307,23,-19,-74
1739725064.6961308,21,-9,-80
1739725064.7411306,3,-23,28
1739725064.7871306,-28,38,47
1739725064.8331306,-41,40,52
1739725064.878131,-104,7,-94
1739725064.924131,-22,29,-84
1739725064.9701307,-20,1,6
1739725065.0161307,-60,-66,0
1739725065.0611308,-27,-17,-118
1739725065.1071308,-59,-8,24
1739725065.1531308,28,-50,36
1739725065.1981306,-30,-51,38
1739725065.2441306,25,44,-143
1739725065.2901306,-17,-21,-54
1739725065.3361306,34,7,-94
1739725065.3811307,7,51,13
1739725065.4271307,13,-5,-66
1739725065.4731307,67,-10,-38
1739725065.5181308,10,-53,-38
1739725065.5641308,-27,-26,-58
1739725065.6101308,20,99,23
1739725065.6561308,-25,18,-23
1739725065.7011306,-19,-26,-54
1739725065.7471306,-64,13,-87
1739725065.7931306,-48,33,-31
1739725065.8381307,15,-36,-120
1739725065.8841307,66,14,55
1739725065.9301307,-45,-41,-31
1739725065.9761307,53,18,-20
1739725066.0211308,87,1,-220
1739725066.0731306,-29,-38,-66
1739725066.1181307,-6,56,0
1739725066.1641307,-13,4,-82
1739725066.2101307,32,-5,10
1739725066.2561307,-30,68,-9
1739725066.3011308,-13,-37,-68
1739725066.3471308,101,-36,-24
1739725066.3931308,17,-10,-152
1739725066.4381306,15,-32,57
1739725066.4841306,11,-36,3
1739725066.5301306,-1,16,47
1739725066.5761306,-13,14,-58
1739725066.6211307,-58,-4,53
1739725066.6671307,32,-62,-174
1739725066.7131307,100,68,-30
1739725066.7581308,-12,-11,-9
1739725066.8041308,-16,-33,-6
1739725066.8501308,-68,-34,9
1739725066.8961308,54,22,37
1739725066.9411306,-46,-18,-132
1739725066.9871306,-39,35,-126
1739725067.0331306,-26,-16,17
1739725067.0781307,47,-40,-50
1739725067.1241307,9,-43,-8
1739725067.1701307,21,29,-148
1739725067.2161307,38,59,-26
1739725067.2611306,1,7,-126
1739725067.3071306,26,63,0
1739725067.3531306,-85,-62,-87
1739725067.398131,14,-62,-48
1739725067.444131,109,-24,79
1739725067.490131,65,-5,-22
1739725067.536131,28,66,-104
1739725067.5811307,-52,-42,-14
1739725067.6261306,-50,45,-14
1739725067.6721306,-22,52,-160
1739725067.717131,16,23,-18
1739725067.763131,0,21,81
1739725067.809131,11,-63,-84
1739725067.8541307,-21,-118,-5
1739725067.9001307,-84,-9,-6
1739725067.9461308,55,0,-14
1739725067.9921308,15,-38,39
1739725068.0371306,45,-40,0
1739725068.0831306,27,28,-60
1739725068.1291306,-6,-37,111
1739725068.174131,-22,-3,-98
1739725068.2201307,-22,-3,61
1739725068.2661307,-44,58,-110
1739725068.3121307,57,0,69
1739725068.3571308,0,-33,65
1739725068.4031308,5,7,-68
1739725068.4491308,-18,-36,-262
1739725068.4941306,14,-3,-100
1739725068.5401306,52,-16,-128
1739725068.5861306,-2,-76,-25
1739725068.6321306,-34,-5,-19
1739725068.6771307,-5,18,-120
1739725068.7231307,64,-14,-98
1739725068.7691307,-53,33,-116
1739725068.8141308,0,17,-66
1739725068.8601308,-58,-35,-91
1739725068.9061308,-15,-40,-92
1739725068.9521308,-10,0,-100
1739725068.9971306,-22,60,-8
1739725069.0431306,-82,-2,-97
1739725069.0891306,67,28,-52
1739725069.1341307,7,25,-20
1739725069.1801307,160,-2,-64
1739725069.2261307,-2,-78,121
1739725069.2721307,6,-17,-68
1739725069.3171306,5,11,83
1739725069.3631306,22,-36,-146
1739725069.4091306,-39,26,-28
1739725069.4541306,22,-2,-114
1739725069.500131,-29,7,-48
1739725069.546131,-41,-64,-41
1739725069.592131,17,20,-48
1739725069.6371307,19,-42,-23
1739725069.6831307,7,-46,61
1739725069.7291307,60,49,-124
1739725069.7741306,-25,-39,-113
1739725069.8201306,67,15,15
1739725069.8661306,85,-54,-65
1739725069.9121306,39,7,-38
1739725069.957131,-31,77,2
1739725070.003131,31,35,64
1739725070.049131,61,-52,-100
1739725070.0941308,-26,-34,-65
1739725070.1401308,-14,-24,37
1739725070.1861308,-7,36,-140
1739725070.2321308,31,35,-2
1739725070.2771306,37,5,-48
1739725070.3231306,17,-45,-92
1739725070.3691306,29,23,0
1739725070.4141307,42,-18,-36
1739725070.4601307,81,31,-36
1739725070.5061307,10,-19,-45
1739725070.5521307,31,3,-96
1739725070.5971308,22,-35,-30
1739725070.6431308,58,52,-80
1739725070.6891308,38,-30,-74
1739725070.7341306,-23,-56,43
1739725070.7801306,1,60,-144
1739725070.8261306,-10,-23,-150
1739725070.8721306,29,-64,45
1739725070.9171307,0,23,-116
1739725070.9631307,-27,22,-48
1739725071.0091307,-36,-18,-65
1739725071.0541308,-29,32,-28
1739725071.1001308,-53,-75,45
1739725071.1461308,-18,56,-32
1739725071.1921306,-19,18,-138
1739725071.2371306,39,20,0
1739725071.2831306,16,49,-10
1739725071.3291306,-13,6,-50
1739725071.3741307,-19,-44,-3
1739725071.4201307,26,75,54
1739725071.4661307,4,65,-72
1739725071.5121307,12,-5,99
1739725071.5571306,-10,-80,57
1739725071.6031306,-89,16,57
1739725071.6491306,-11,18,-10
1739725071.694131,-73,15,-27
1739725071.740131,-61,13,-5
1739725071.786131,51,-42,-74
1739725071.832131,-45,13,-7
1739725071.8771307,-9,-40,-71
1739725071.9231308,48,50,-100
1739725071.9691308,90,-23,-28
1739725072.0141306,-7,32,-174
1739725072.0601306,-18,-26,-9
1739725072.1061306,-36,44,11
1739725072.1521306,-4,-20,77
1739725072.197131,14,49,-32
1739725072.2431307,-52,63,-124
1739725072.2891307,-13,-40,-61
1739725072.3341308,25,9,-26
1739725072.3801308,1,3,-40
1739725072.4261308,0,-7,-136
1739725072.4721308,-1,28,110
1739725072.5171306,-35,34,35
1739725072.5631306,44,40,-14
1739725072.6091306,-1,28,-64
1739725072.6541307,21,9,10
1739725072.7001307,11,19,-144
1739725072.7461307,-51,-40,-49
1739725072.7921307,5,8,-44
1739725072.8371308,-15,33,-12
1739725072.8831308,-23,-39,-71
1739725072.9291308,-4,45,4
1739725072.9741306,29,-64,-107
1739725073.0201306,-105,31,-2
1739725073.0661306,62,56,-88
1739725073.1121306,-90,0,1
1739725073.1571307,-51,12,-24
1739725073.2031307,-71,-41,49
1739725073.2491307,43,10,-70
1739725073.2941308,34,-13,-40
1739725073.3401306,-28,-24,-63
1739725073.3861306,2,59,-28
1739725073.4321306,21,19,72
1739725073.477131,-73,20,-80
1739725073.523131,47,26,-4
1739725073.569131,27,7,70
1739725073.6141307,-30,0,-120
1739725073.6601307,41,10,-20
1739725073.7061307,-61,39,-8
1739725073.7511306,31,109,-92
1739725073.7971306,38,-23,-22
1739725073.8431306,-59,27,51
1739725073.8891306,40,-10,-98
1739725073.934131,17,38,-10
1739725073.980131,1,48,-8
1739725074.026131,10,-10,-27
1739725074.0711308,-16,-17,-71
1739725074.1171308,-76,-22,-75
1739725074.1631308,-37,1,-26
1739725074.2091308,-37,17,-130
1739725074.2541306,22,-30,-23
1739725074.3001306,15,2,37
1739725074.3461306,96,66,-76
1739725074.3911307,11,-18,-26
1739725074.4371307,52,-17,-3
1739725074.4831307,-18,-1,-124
1739725074.5291307,4,-37,99
1739725074.5741308,37,-55,-68
1739725074.6201308,-74,-13,-41
1739725074.6661308,36,49,24
1739725074.7111306,-11,10,9
1739725074.7571306,30,-9,-34
1739725074.8031306,20,-85,-33
1739725074.8491306,29,5,-30
1739725074.8941307,-63,95,-56
1739725074.9401307,-27,-58,55
1739725074.9861307,-52,55,-129
1739725075.0311308,4,-9,-158
1739725075.0771308,35,-61,-6
1739725075.1231308,-76,-19,-81
1739725075.1691308,-9,-40,53
1739725075.2141306,49,2,-98
1739725075.2601306,37,27,-42
1739725075.3061306,1,49,-102
1739725075.3511307,-14,50,-84
1739725075.3971307,16,51,-70
1739725075.4431307,-25,36,-96
1739725075.4891307,49,6,-48
1739725075.5341306,28,49,62
1739725075.5801306,-12,-24,-153
1739725075.6261306,-54,49,9
1739725075.671131,-27,32,0
1739725075.717131,7,35,-22
1739725075.763131,-6,50,-124
1739725075.809131,-7,14,-52
1739725075.8541307,-59,23,-113
1739725075.9001307,26,-5,-38
1739725075.9461308,-15,6,-82
1739725075.9911306,0,-13,-83
1739725076.0371306,13,35,-4
1739725076.0891306,-36,-94,-49
1739725076.1341307,-5,34,18
1739725076.1801307,-31,6,27
1739725076.2261307,45,-44,-98
1739725076.2711308,-66,-33,-31
1739725076.3171306,23,-119,-112
1739725076.3631306,-17,14,-69
1739725076.4091306,-26,-14,-7
1739725076.4541306,3,-19,99
1739725076.500131,22,-7,-14
1739725076.546131,-2,-10,-102
1739725076.5911307,20,-37,-172
1739725076.6371307,-118,-68,-27
1739725076.6831307,27,-25,-20
1739725076.7291307,-92,-38,-175
1739725076.7741306,50,14,-50
1739725076.8201306,-68,-75,-129
1739725076.8661306,20,37,48
1739725076.911131,-54,9,-3
1739725076.957131,45,-10,-12
1739725077.003131,-47,-3,23
1739725077.049131,42,2,-146
1739725077.0941308,-22,6,-135
1739725077.1401308,-19,40,-21
1739725077.1861308,64,24,-180
1739725077.2311306,27,13,28
1739725077.2771306,117,-11,-14
1739725077.3231306,-18,10,-101
1739725077.3691306,66,2,-28
1739725077.4141307,-10,-48,6
1739725077.4601307,-49,51,-151
1739725077.5061307,57,24,-36
1739725077.5511308,-21,0,35
1739725077.5971308,-1,112,-46
1739725077.6431308,13,11,-38
1739725077.6891308,-62,49,35
1739725077.7341306,-48,-9,-55
1739725077.7801306,-94,-16,-41
1739725077.8261306,-39,91,41
1739725077.8711307,64,-18,-14
1739725077.9171307,-113,14,63
1739725077.9631307,2,-99,-32
1739725078.0091307,-107,36,27
1739725078.0541308,-11,-64,67
1739725078.1001308,15,17,48
1739725078.1461308,52,-6,-74
1739725078.1911306,20,-71,-28
1739725078.2371306,58,-56,-100
1739725078.2831306,-45,-15,-43
1739725078.3291306,-15,-94,-4
1739725078.3741307,33,55,-122
1739725078.4201307,-21,0,-71
1739725078.4661307,57,-28,144
1739725078.5111306,-36,2,-125
1739725078.5571306,-11,-32,-56
1739725078.6031306,-33,-18,-38
1739725078.6491306,-39,-38,4
1739725078.694131,15,-15,-100
1739725078.740131,-23,-6,-102
1739725078.786131,-68,25,-67
1739725078.8311307,71,-16,-76
1739725078.8771307,-37,-18,-6
1739725078.9231308,75,-28,64
1739725078.9691308,-54,-34,13
1739725079.0141306,-64,55,-36
1739725079.0601306,85,-44,-53
1739725079.1061306,62,41,12
1739725079.151131,14,48,78
1739725079.197131,-120,60,-102
1739725079.2431307,-19,27,-34
1739725079.2891307,22,-23,-84
1739725079.3341308,-30,53,-44
1739725079.3801308,69,15,42
1739725079.4261308,30,63,-128
1739725079.4711306,49,19,-6
1739725079.5171306,9,4,-14
1739725079.5631306,-88,-1,-20
1739725079.6091306,-17,-43,-25
1739725079.6541307,44,47,-36
1739725079.7001307,79,17,4
1739725079.7461307,-41,20,-92
1739725079.7911308,-67,14,-38
1739725079.8371308,8,29,-56
1739725079.8831308,-28,-13,-112
1739725079.9291308,62,-61,-72
1739725079.9741306,-112,-81,-150
1739725080.0201306,-39,85,-126
1739725080.0661306,-22,-5,5
1739725080.1111307,-72,-94,-60
1739725080.1571307,-32,-33,-4
1739725080.2031307,6,-33,-18
1739725080.2491307,98,-39,2
1739725080.2941308,-40,-19,39
1739725080.3401306,-62,-35,-37
1739725080.3861306,4,53,19
1739725080.4311306,-42,-81,-47
1739725080.477131,59,-11,33
1739725080.523131,-10,-5,9
1739725080.569131,-30,39,-74
1739725080.6141307,5,-38,-56
1739725080.6601307,-35,-41,-60
1739725080.7061307,-3,0,1
1739725080.7511306,-28,-37,-38
1739725080.7971306,-69,27,-34
1739725080.8431306,-1,112,-114
1739725080.8891306,36,25,-22
1739725080.934131,-24,-1,-2
1739725080.980131,61,34,-148
1739725081.026131,-17,24,-25
1739725081.0711308,-36,80,-108
1739725081.1171308,-32,0,73
1739725081.1631308,-29,6,87
1739725081.2091308,-11,28,-86
1739725081.2541306,-17,30,-44
1739725081.3001306,-80,-34,-33
1739725081.3461306,39,31,60
1739725081.3911307,-2,-32,17
1739725081.4371307,28,-1,-40
1739725081.4831307,41,14,-28
1739725081.5291307,32,-15,16
1739725081.5741308,-80,72,-97
1739725081.6201308,-27,4,-9
1739725081.6661308,-36,70,7
1739725081.7111306,-10,68,-50
1739725081.7571306,-1,80,87
1739725081.8031306,-47,1,-11
1739725081.8491306,61,22,20
1739725081.8941307,-74,-9,-45
1739725081.9401307,6,-33,29
1739725081.9861307,-17,-76,-3
1739725082.0311308,67,30,-102
1739725082.0771308,33,33,76
1739725082.1231308,-9,-62,-69
1739725082.1691308,23,31,-20
1739725082.2141306,-3,28,-8
1739725082.2601306,32,-31,42
1739725082.3061306,45,14,-68
1739725082.3511307,-76,57,-55
1739725082.3971307,51,6,-12
1739725082.4431307,-34,66,-110
1739725082.4891307,-23,28,-76
1739725082.5341306,22,-31,-52
1739725082.5801306,0,25,-42
1739725082.6261306,-75,17,11
1739725082.671131,21,29,2
1739725082.717131,60,-20,24
1739725082.763131,37,25,-16
1739725082.809131,-77,23,-98
1739725082.8541307,-113,6,9
1739725082.9001307,-41,121,-32
1739725082.9461308,6,53,26
1739725082.9911306,-27,-52,-23
1739725083.0371306,43,-44,11
1739725083.0831306,35,29,-64
1739725083.1291306,12,0,26
1739725083.174131,-11,2,-29
1739725083.2201307,60,-24,38
1739725083.2661307,0,17,6
1739725083.3111308,29,19,80
1739725083.3571308,-35,2,-57
1739725083.4031308,34,0,-30
1739725083.4491308,-49,25,-45
1739725083.4941306,0,-17,61
1739725083.5401306,-65,23,-53
1739725083.5861306,23,13,-38
1739725083.6311307,-17,4,-27
1739725083.6771307,-1,12,-60
1739725083.7231307,11,29,-42
1739725083.7681308,29,25,-8
1739725083.8141308,67,-62,2
1739725083.8601308,-43,39,21
1739725083.9061308,-26,-18,61
1739725083.9511306,-10,-24,-171
1739725083.9971306,-2,0,-46
1739725084.0431306,14,-7,-32
1739725084.0881307,34,-5,32
1739725084.1341307,32,-17,-80
1739725084.1801307,-79,9,-3
1739725084.2261307,-56,0,-109
1739725084.2711308,9,-59,15
1739725084.3171306,6,69,-34
1739725084.3631306,-19,20,31
1739725084.4081306,59,12,-32
1739725084.4541306,35,21,-82
1739725084.500131,4,-87,-101
1739725084.546131,60,60,-76
1739725084.5911307,-37,30,-100
1739725084.6371307,31,35,-44
1739725084.6831307,-25,34,-24
1739725084.7281306,17,31,88
1739725084.7741306,-20,-14,-49
1739725084.8201306,-25,-40,-25
1739725084.8661306,-48,-3,5
1739725084.911131,-9,-74,-45
1739725084.957131,-2,-8,-78
1739725085.003131,9,-69,-127
1739725085.0481308,4,-27,65
1739725085.0941308,-5,28,44
1739725085.1401308,49,28,-4
1739725085.1861308,29,95,-92
1739725085.2311306,3,11,-32
1739725085.2771306,20,-3,-122
1739725085.3231306,13,11,-16
1739725085.3681307,-6,52,-22
1739725085.4141307,0,-21,-69
1739725085.4601307,-18,-32,0
1739725085.5061307,-5,15,44
1739725085.5511308,-22,-10,-53
1739725085.5971308,-115,6,-127
1739725085.6431308,70,-94,-5
1739725085.6881306,-67,-45,-11
1739725085.7341306,4,-37,-75
1739725085.7801306,-42,-11,49
1739725085.8261306,114,-5,4
1739725085.8711307,-44,-19,-29
1739725085.9171307,-13,2,-93
1739725085.9631307,9,23,-148
1739725086.0081308,-37,8,13
1739725086.0541308,-44,55,20
1739725086.1061306,72,-36,-2
1739725086.151131,50,-8,16
1739725086.197131,1,19,34
1739725086.2431307,-34,66,-88
1739725086.2881308,5,37,-122
1739725086.3341308,-40,46,-86
1739725086.3801308,-19,14,-120
1739725086.4261308,40,-24,-66
1739725086.4711306,31,29,2
1739725086.5171306,-31,-42,53
1739725086.5631306,-6,0,-110
1739725086.6081307,10,45,58
1739725086.6541307,70,-1,-92
1739725086.7001307,30,53,-76
1739725086.7461307,-88,60,-48
1739725086.7911308,-14,64,-40
1739725086.8371308,-7,10,-6
1739725086.8831308,-28,-10,-105
1739725086.9281306,-88,-8,-97
1739725086.9741306,18,-29,55
1739725087.0201306,40,-6,-104
1739725087.0661306,-44,-13,9
1739725087.1111307,-36,0,-89
1739725087.1571307,25,-41,29
1739725087.2031307,38,-29,-75
1739725087.2481308,-11,12,-156
1739725087.2941308,-57,15,47
1739725087.3401306,28,-17,0
1739725087.3861306,2,77,-10
1739725087.4311306,-8,70,-76
1739725087.477131,-101,90,40
1739725087.523131,3,4,-76
1739725087.5681307,33,34,-100
1739725087.6141307,-57,-55,-23
1739725087.6601307,2,41,-54
1739725087.7061307,-58,-5,-15
1739725087.7511306,107,15,-2
1739725087.7971306,68,-19,63
1739725087.8431306,-32,-15,-94
1739725087.888131,-15,5,135
1739725087.934131,9,-64,7
1739725087.980131,-102,-9,25
1739725088.026131,-31,4,-29
1739725088.0711308,-5,20,-56
1739725088.1171308,49,30,76
1739725088.1631308,-42,73,-85
1739725088.2081306,24,29,-134
1739725088.2541306,4,-7,43
1739725088.3001306,17,5,-98
1739725088.3461306,62,-20,22
1739725088.3911307,13,13,-70
1739725088.4371307,-80,72,-15
1739725088.4831307,0,-4,-148
1739725088.5281308,17,33,-26
1739725088.5741308,-59,19,-31
1739725088.6201308,81,4,-110
1739725088.6661308,11,-53,30
1739725088.7111306,-39,30,31
1739725088.7571306,-9,-134,17
1739725088.8031306,-73,-55,-97
1739725088.8481307,58,-14,-128
1739725088.8941307,73,20,-52
1739725088.9401307,-44,-3,-1
1739725088.9861307,5,1,-20
1739725089.0311308,3,-20,-94
1739725089.0771308,52,-32,-96
1739725089.1231308,24,-3,-12
1739725089.1681306,-8,-12,-74
1739725089.2141306,-79,-45,-11
1739725089.2601306,-49,17,85
1739725089.3061306,29,-57,-68
1739725089.3511307,48,50,4
1739725089.3971307,-9,9,-44
1739725089.4431307,-29,25,-20
1739725089.4881306,13,-63,115
1739725089.5341306,18,59,-52
1739725089.5801306,-43,39,-72
1739725089.6261306,-30,70,-10
1739725089.671131,-16,-16,-45
1739725089.717131,-23,40,-114
1739725089.763131,-24,-38,119
1739725089.8081307,-16,-4,-85
1739725089.8541307,57,-48,18
1739725089.9001307,64,-28,18
1739725089.9461308,53,82,-32
1739725089.9911306,56,-22,-32
1739725090.0371306,30,-29,-112
1739725090.0831306,-113,14,9
1739725090.128131,-25,38,-24
1739725090.174131,79,-41,-22
1739725090.2201307,-124,-14,53
1739725090.2661307,-2,-23,-6
1739725090.3111308,116,21,-122
1739725090.3571308,-20,-17,-82
1739725090.4031308,15,51,25
1739725090.4481306,-102,22,-67
1739725090.4941306,-93,70,71
1739725090.5401306,-55,-15,6
1739725090.5861306,-3,-36,12
1739725090.6311307,49,64,-31
1739725090.6771307,-42,49,-33
1739725090.7231307,-38,-30,-97
1739725090.7681308,-16,-24,-113
1739725090.8141308,-31,10,-51
1739725090.8601308,-83,34,39
1739725090.9061308,2,49,-62
1739725090.9511306,46,44,64
1739725090.9971306,109,39,-4
1739725091.0431306,1,11,-14
1739725091.0881307,15,3,44
1739725091.1341307,-19,6,0
1739725091.1801307,-13,10,-172
1739725091.2261307,-95,14,-55
1739725091.2711308,23,7,0
1739725091.3171306,-1,22,-48
1739725091.3631306,9,-43,-3
1739725091.4081306,-29,40,-42
1739725091.4541306,94,-119,-130
1739725091.500131,37,37,-78
1739725091.546131,-9,36,22
1739725091.5911307,45,26,-12
1739725091.6371307,24,-83,-37
1739725091.6831307,-26,-38,-55
1739725091.7281306,3,5,-58
1739725091.7741306,-34,-28,33
1739725091.8201306,-39,14,35
1739725091.8661306,-40,-40,-43
1739725091.911131,-16,-18,-19
1739725091.957131,3,-61,6
1739725092.003131,-51,-63,61
1739725092.0481308,-94,58,-37
1739725092.0941308,-64,-113,-13
1739725092.1401308,-14,-28,-21
1739725092.1861308,38,-11,16
1739725092.2311306,31,-59,-2
1739725092.2771306,-62,0,-25
1739725092.3231306,23,17,-20
1739725092.3681307,17,9,-18
1739725092.4141307,19,29,-6
1739725092.4601307,-9,16,-70
1739725092.5061307,42,-34,-110
1739725092.5511308,-68,-31,-63
1739725092.5971308,30,45,68
1739725092.6431308,38,43,30
1739725092.6881306,23,21,-26
1739725092.7341306,22,-13,-34
1739725092.7801306,-66,-13,-137
1739725092.8261306,23,25,-76
1739725092.8711307,-33,-48,-135
1739725092.9171307,-12,76,72
1739725092.9631307,1,37,47
1739725093.0081308,59,44,5
1739725093.0541308,-174,-6,23
1739725093.1001308,33,-28,-2
1739725093.1461308,-32,-40,-9
1739725093.1911306,9,3,-120
1739725093.2361307,-70,-9,7
1739725093.2821307,5,63,-50
1739725093.3271308,45,9,-132
1739725093.3731308,-17,35,-48
1739725093.4191308,24,-4,-66
1739725093.4641306,-23,13,-98
1739725093.5101306,-36,-15,-120
1739725093.5561306,3,36,-60
1739725093.602131,16,52,-8
1739725093.6471307,-14,-9,-72
1739725093.6931307,68,-15,65
1739725093.7391307,-2,-28,1
1739725093.7841306,-77,40,-60
1739725093.8301306,-24,51,-178
1739725093.8761306,22,-27,-116
1739725093.921131,102,-6,-46
1739725093.967131,-75,24,-104
1739725094.013131,-40,-9,20
1739725094.059131,-68,-38,-19
1739725094.1041307,-1,11,-140
1739725094.1501307,-21,23,-58
1739725094.1961308,-1,25,-110
1739725094.2411306,0,-3,-1
1739725094.2871306,33,4,-115
1739725094.3331306,4,-24,-35
1739725094.3791306,-72,60,-102
1739725094.424131,-23,33,22
1739725094.4701307,1,10,-60
1739725094.5161307,8,-18,79
1739725094.5611308,-67,-76,-127
1739725094.6071308,14,-32,19
1739725094.6531308,49,27,-40
1739725094.6991308,8,78,-234
1739725094.7441306,62,67,-16
1739725094.7901306,22,-18,5
1739725094.8361306,26,-34,-71
1739725094.8811307,13,24,-64
1739725094.9271307,-65,34,-56
1739725094.9731307,63,6,22
1739725095.0191307,-60,-83,11
1739725095.0641308,57,7,-18
1739725095.1101308,100,-9,-92
1739725095.1561308,2,-27,-29
1739725095.2011306,125,30,-4
1739725095.2471306,58,44,-16
1739725095.2931306,-43,17,-20
1739725095.3391306,47,-46,49
1739725095.3841307,-7,3,-24
1739725095.4301307,-2,-11,-1
1739725095.4761307,2,-32,-1
1739725095.5211308,-5,27,98
1739725095.5671306,28,-32,-25
1739725095.6131306,-17,25,-58
1739725095.6591306,-72,80,-90
1739725095.7041306,85,14,102
1739725095.750131,30,-26,-27
1739725095.796131,-77,-56,85
1739725095.8411307,-59,2,-42
1739725095.8871307,84,-10,35
1739725095.9331307,24,-16,-61
1739725095.9791307,-57,38,-10
1739725096.0241306,33,112,-44
1739725096.0701306,106,-10,19
1739725096.1211307,45,-72,-123
1739725096.1671307,2,-13,-125
1739725096.2131307,71,25,-6
1739725096.2591307,16,56,-78
1739725096.3041308,-45,40,-38
1739725096.3501308,25,40,-130
1739725096.3961308,-29,3,95
1739725096.4411306,-41,-79,33
1739725096.4871306,90,44,22
1739725096.5331306,21,32,-90
1739725096.5791306,-9,22,-52
1739725096.6241307,0,25,10
1739725096.6701307,0,-59,-13
1739725096.7161307,-37,0,5
1739725096.7611306,47,-68,47
1739725096.8071306,1,5,49
1739725096.8531306,43,24,-34
1739725096.8991306,31,23,-90
1739725096.944131,0,-69,-17
1739725096.990131,-1,22,-17
1739725097.036131,-35,20,-105
1739725097.0811307,4,-35,59
1739725097.1271307,2,53,-56
1739725097.1731308,-33,26,-47
1739725097.2191308,90,47,2
1739725097.2641306,14,0,-140
1739725097.3101306,-44,-19,103
1739725097.3561306,74,-30,-42
1739725097.401131,-35,2,-107
1739725097.447131,-27,14,-5
1739725097.4931307,27,13,-30
1739725097.5391307,14,-27,-18
1739725097.5841308,39,101,-88
1739725097.6301308,25,-7,-42
1739725097.6761308,-8,40,35
1739725097.7211306,10,39,-43
1739725097.7671306,-15,-24,-74
1739725097.8131306,-15,12,35
1739725097.8591306,20,41,131
1739725097.9041307,-7,18,-110
1739725097.9501307,9,-38,-26
1739725097.9961307,-15,-65,-56
1739725098.0411308,24,21,-36
1739725098.0871308,-26,-29,17
1739725098.1331308,-16,-121,-50
1739725098.1791308,1,73,-98
1739725098.2241306,22,23,-212
1739725098.2701306,-5,0,-4
1739725098.3161306,-8,-3,-34
1739725098.3611307,-39,20,93
1739725098.4071307,-73,19,-38
1739725098.4531307,-16,56,-30
1739725098.4991307,-57,-97,-44
1739725098.5441308,-23,-36,-208
1739725098.5901306,-34,-82,-36
1739725098.6361306,78,36,-100
1739725098.6811306,29,-3,-76
1739725098.727131,12,9,-76
1739725098.773131,82,20,-42
1739725098.819131,-72,-59,-65
1739725098.8641307,6,23,49
1739725098.9101307,-54,9,-23
1739725098.9561307,-67,-17,-66
1739725099.0011306,-41,-40,-38
1739725099.0471306,16,-19,-32
1739725099.092131,101,15,-96
1739725099.1371307,35,-79,-8
1739725099.1831307,-1,20,73
1739725099.2291307,-19,-46,-65
1739725099.2751307,-84,46,49
1739725099.3201306,-23,22,-61
1739725099.3661306,40,-19,62
1739725099.4121306,-73,35,-47
1739725099.457131,16,-9,-38
1739725099.503131,-63,-65,29
1739725099.549131,76,-2,42
1739725099.5951307,-65,-125,-51
1739725099.6401308,-12,-14,-57
1739725099.6861308,-48,-33,13
1739725099.7321308,81,32,28
1739725099.7771306,-24,-2,-9
1739725099.8231306,-48,-3,-105
1739725099.8691306,-31,-76,-35
1739725099.9151306,36,-17,-64
1739725099.9601307,19,-53,-35
1739725100.0061307,-42,-18,-93
1739725100.0521307,32,-7,-32
1739725100.0971308,38,-15,-68
1739725100.1431308,-27,6,59
1739725100.1891308,33,7,-96
1739725100.2351308,-91,18,-65
1739725100.2801306,35,29,-170
1739725100.3261306,101,-63,-128
1739725100.3721306,-40,-22,-29
1739725100.4171307,12,83,-120
1739725100.4631307,79,-46,50
1739725100.5091307,39,7,-174
1739725100.5551307,-60,69,23
1739725100.6001308,-49,5,17
1739725100.6461308,-8,-16,-123
1739725100.6921306,50,-20,-116
1739725100.7371306,-26,48,-62
1739725100.7831306,-23,-52,-85
1739725100.8291306,-27,16,-25
1739725100.875131,-45,15,-69
1739725100.9201307,10,-17,-38
1739725100.9661307,-35,-70,-101
1739725101.0121307,-52,61,-147
1739725101.0571306,90,-9,84
1739725101.1031306,21,13,-210
1739725101.1491306,-4,56,70
1739725101.1951306,-45,13,-45
1739725101.240131,16,-41,55
1739725101.286131,-18,-36,-83
1739725101.332131,-22,62,-68
1739725101.3771307,-30,-36,-101
1739725101.4231308,-30,54,19
1739725101.4691308,29,7,-44
1739725101.5151308,2,73,18
1739725101.5601306,-10,-16,-69
1739725101.6061306,79,16,74
1739725101.6521306,-65,-65,-99
1739725101.697131,66,-14,-42
1739725101.7431307,11,99,-96
1739725101.7891307,11,-77,20
1739725101.8351307,-34,-12,-109
1739725101.8801308,71,8,114
1739725101.9261308,67,6,-48
1739725101.9721308,-30,48,7
1739725102.0171306,-50,-3,-21
1739725102.0631306,-10,50,9
1739725102.1091306,-4,12,-83
1739725102.1551306,-3,42,-5
1739725102.2001307,37,27,-112
1739725102.2461307,68,-8,-4
1739725102.2921307,13,3,10
1739725102.3371308,38,-17,-112
1739725102.3831308,-35,40,-171
1739725102.4291308,33,35,-80
1739725102.4751308,39,17,-2
1739725102.5201306,-22,-2,-157
1739725102.5661306,20,-1,-172
1739725102.6121306,42,61,36
1739725102.6571307,-32,-39,-11
1739725102.7031307,-96,-39,-72
1739725102.7491307,-74,-6,59
1739725102.7951307,10,42,-98
1739725102.8401306,44,-9,19
1739725102.8861306,-31,12,-92
1739725102.9321306,11,32,4
1739725102.977131,-53,-52,-127
1739725103.023131,46,-11,-77
1739725103.069131,-6,-25,-105
1739725103.115131,28,-14,43
1739725103.1601307,-70,-18,95
1739725103.2061307,32,-16,-67
1739725103.2521307,8,-38,81
1739725103.2971306,-55,38,46
1739725103.3431306,80,-55,-42
1739725103.3891306,4,-14,-23
1739725103.4351306,-10,-19,-93
1739725103.480131,4,-30,-29
1739725103.526131,30,-12,33
1739725103.572131,-56,68,-64
1739725103.6171308,32,-124,-57
1739725103.6631308,-35,2,-78
1739725103.7091308,-15,10,-94
1739725103.7551308,45,-39,-26
1739725103.8001306,-12,21,-64
1739725103.8461306,18,-56,-84
1739725103.8921306,-31,10,-90
1739725103.9371307,-14,15,-24
1739725103.9831307,-27,-23,8
1739725104.0291307,86,-16,17
1739725104.0751307,-18,87,-82
1739725104.1201308,10,28,7
1739725104.1661308,55,-27,-115
1739725104.2121308,-8,13,-118
1739725104.2571306,21,55,-76
1739725104.3031306,-45,3,49
1739725104.3491306,-43,-22,-80
1739725104.3941307,6,14,-25
1739725104.4401307,62,13,-65
1739725104.4861307,48,-59,-174
1739725104.5321307,-32,18,9
1739725104.5771308,-60,13,-69
1739725104.6231308,-77,-12,48
1739725104.6691308,-95,49,8
1739725104.7141306,-2,-19,-60
1739725104.7601306,26,-45,-90
1739725104.8061306,-11,-25,-42
1739725104.852131,8,36,81
1739725104.8971307,41,-24,69
1739725104.9431307,-65,-90,-50
1739725104.9891307,-37,25,-70
1739725105.0341306,-28,-13,-34
1739725105.0801306,-36,-33,-109
1739725105.1261306,-35,6,-98
1739725105.1721306,52,34,-144
1739725105.217131,-18,-23,-4
1739725105.263131,14,-78,-4
1739725105.309131,-69,101,-141
1739725105.3541307,63,50,65
1739725105.4001307,-65,-52,-22
1739725105.4461308,37,-36,-14
1739725105.4921308,15,0,-162
1739725105.5371306,47,-18,136
1739725105.5831306,-77,-31,-136
1739725105.6291306,13,-23,4
1739725105.674131,-27,0,-226
1739725105.7201307,2,1,15
1739725105.7661307,-62,-10,-40
1739725105.8121307,-7,-10,28
1739725105.8571308,25,-42,-256
1739725105.9031308,-138,59,-38
1739725105.9491308,-52,49,-46
1739725105.9941306,48,0,0
1739725106.0401306,44,-44,-20
1739725106.092131,-37,-12,-32
1739725106.1371307,-43,-10,36
1739725106.1831307,-29,-47,3
1739725106.2291307,50,20,-38
1739725106.2741306,-48,-32,39
1739725106.3201306,79,66,-2
1739725106.3661306,-66,-86,-44
1739725106.4121306,-7,-49,-32
1739725106.457131,-27,0,-44
1739725106.503131,98,23,-172
1739725106.549131,-17,4,23
1739725106.5941308,-9,-79,0
1739725106.6401308,-55,-4,-70
1739725106.6861308,21,-22,-41
1739725106.7321308,84,-79,43
1739725106.7771306,4,9,-102
1739725106.8231306,-112,-37,-41
1739725106.8691306,2,49,64
1739725106.9141307,-20,-15,-58
1739725106.9601307,-72,-14,-6
1739725107.0061307,9,35,30
1739725107.0521307,-18,0,-97
1739725107.0971308,-17,18,-41
1739725107.1431308,-3,-80,-160
1739725107.1891308,-22,-14,-15
1739725107.2341306,-16,-28,25
1739725107.2801306,23,35,-70
1739725107.3261306,82,68,54
1739725107.3721306,-29,-44,-49
1739725107.4171307,22,0,-56
1739725107.4631307,-1,-84,93
1739725107.5091307,-25,28,-126
1739725107.5541308,65,20,6
1739725107.6001308,60,-24,10
1739725107.6461308,-45,-53,-83
1739725107.6921306,-2,64,50
1739725107.7371306,16,-39,-53
1739725107.7831306,38,-1,-58
1739725107.8291306,-21,28,-90
1739725107.8741307,-2,-26,75
1739725107.9201307,51,21,20
1739725107.9661307,-64,-16,-37
1739725108.0121307,-46,30,-10
1739725108.0571306,-79,-2,-42
1739725108.1031306,-36,-65,-56
1739725108.1491306,-100,37,-30
1739725108.194131,-40,46,-70
1739725108.240131,-16,-41,-104
1739725108.286131,-23,-81,-12
1739725108.332131,-18,19,-52
1739725108.3771307,-27,-89,-102
1739725108.4231308,68,-17,-177
1739725108.4691308,-10,-75,30
1739725108.5141306,-9,39,-36
1739725108.5601306,53,23,-97
1739725108.6061306,46,19,57
1739725108.6521306,47,-79,-29
1739725108.697131,29,26,-69
1739725108.7431307,2,16,-82
1739725108.7891307,-23,45,-42
1739725108.8341308,-101,0,-64
1739725108.8801308,-73,0,-52
1739725108.9261308,28,20,-93
1739725108.9721308,-25,-1,-50
1739725109.0171306,34,58,58
1739725109.0631306,53,27,-131
1739725109.1091306,24,-4,-129
1739725109.1541307,-24,-71,-98
1739725109.2001307,47,17,-11
1739725109.2461307,-27,21,-74
1739725109.2921307,19,-60,-51
1739725109.3371308,28,-30,-9
1739725109.3831308,-8,49,-100
1739725109.4291308,-80,-39,-87
1739725109.4741306,-5,8,-32
1739725109.5201306,-70,-118,-113
1739725109.5661306,56,51,-2
1739725109.6121306,-5,6,-124
1739725109.6571307,-49,15,45
1739725109.7031307,-47,-68,-79
1739725109.7491307,10,60,-60
1739725109.7941308,-94,-25,33
1739725109.8401306,-49,-46,3
1739725109.8861306,63,17,-60
1739725109.9321306,10,10,-23
1739725109.977131,-29,95,6
1739725110.023131,-40,-21,-34
1739725110.069131,32,55,-226
1739725110.1141307,-29,-16,-119
1739725110.1601307,5,17,-12
1739725110.2061307,13,93,30
1739725110.2521307,5,55,-95
1739725110.2971306,3,5,48
1739725110.3431306,-50,-31,81
1739725110.3891306,-54,-3,-85
1739725110.434131,-76,-5,81
1739725110.480131,-16,56,-132
1739725110.526131,61,38,12
1739725110.572131,67,-68,-40
1739725110.6171308,-14,70,84
1739725110.6631308,-19,40,-84
1739725110.7091308,61,40,108
1739725110.7541306,-56,-3,-21
1739725110.8001306,56,-1,-18
1739725110.8461306,8,-5,-40
1739725110.8921306,13,11,-112
1739725110.9371307,-54,77,-38
1739725110.9831307,0,-4,-77
1739725111.0291307,58,78,-60
1739725111.0741308,34,0,-78
1739725111.1201308,26,-23,-58
1739725111.1661308,-10,-30,-67
1739725111.2121308,28,-25,-2
1739725111.2571306,-22,-36,85
1739725111.3031306,15,37,-58
1739725111.3491306,61,-58,72
1739725111.3941307,-86,-29,-3
1739725111.4401307,-60,-25,45
1739725111.4861307,-7,20,-104
1739725111.5321307,56,-4,14
1739725111.5771308,10,-17,-135
1739725111.6231308,-60,83,40
1739725111.6691308,-58,-1,-25
1739725111.7141306,35,-75,-103
1739725111.7601306,58,-12,-168
1739725111.8061306,56,-4,-36
1739725111.852131,-37,16,-65
1739725111.8971307,-37,36,-99
1739725111.9431307,30,-11,-42
1739725111.9891307,20,-1,-120
1739725112.0341306,-76,49,81
1739725112.0801306,-56,-43,-11
1739725112.1261306,-9,20,-100
1739725112.1721306,-3,28,-52
1739725112.217131,39,-65,41
1739725112.263131,14,-13,-56
1739725112.309131,-11,26,66
1739725112.3541307,-27,-52,-1
1739725112.4001307,-25,-70,23
1739725112.4461308,1,13,-22
1739725112.4921308,10,-5,-14
1739725112.5371306,-66,-41,-101
1739725112.5831306,-43,16,-5
1739725112.6291306,-76,-11,-125
1739725112.674131,-12,-40,19
1739725112.7201307,115,-75,-54
1739725112.7661307,43,-61,8
1739725112.8121307,45,24,-72
1739725112.8571308,-7,26,-136
1739725112.9031308,1,-57,-105
1739725112.9491308,77,16,-64
1739725112.9941306,-5,26,-52
1739725113.0401306,11,-71,-51
1739725113.0861306,-8,-34,-17
1739725113.1321306,0,11,-42
1739725113.1771307,-29,18,-5
1739725113.2231307,-101,34,61
1739725113.2691307,-8,-12,-113
1739725113.3141308,-76,-23,29
1739725113.3601308,-35,12,15
1739725113.4061308,11,-31,38
1739725113.4521308,60,102,-58
1739725113.4971306,-76,-3,-115
1739725113.5431306,-38,-28,54
1739725113.5891306,88,-48,51
1739725113.6341307,-19,18,-52
1739725113.6801307,-27,42,-18
1739725113.7261307,-41,32,-136
1739725113.7721307,-2,66,-136
1739725113.8171306,-93,32,-25
1739725113.8631306,43,13,-16
1739725113.9091306,25,19,9
1739725113.9541306,15,7,-8
1739725114.000131,4,-7,-58
1739725114.046131,-132,-38,44
1739725114.092131,1,37,-46
1739725114.1371307,-91,32,-108
1739725114.1831307,6,13,-86
1739725114.2291307,-33,6,20
1739725114.2741306,-24,-2,-70
1739725114.3201306,47,56,-27
1739725114.3661306,-47,9,-50
1739725114.411131,-108,-38,-72
1739725114.457131,-27,-62,-16
1739725114.503131,-34,36,-80
1739725114.549131,13,-39,-67
1739725114.5941308,-13,36,62
1739725114.6401308,-9,40,-75
1739725114.6861308,42,-25,-179
1739725114.7311306,45,75,-81
1739725114.7771306,-25,42,28
1739725114.8231306,-56,-33,46
1739725114.8691306,-32,0,-87
1739725114.9141307,37,9,102
1739725114.9601307,0,11,-87
1739725115.0061307,-75,29,-57
1739725115.0511308,1,-28,-5
1739725115.0971308,25,13,58
1739725115.1431308,-45,5,6
1739725115.1891308,47,115,53
1739725115.2341306,-13,0,-57
1739725115.2801306,-25,24,68
1739725115.3261306,-3,38,25
1739725115.3711307,4,-44,-40
1739725115.4171307,47,12,-43
1739725115.4631307,-10,-3,-77
1739725115.5091307,-4,-7,-83
1739725115.5541308,-83,27,-189
1739725115.6001308,-79,-47,40
1739725115.6461308,42,-5,-75
1739725115.6911306,4,-3,-103
1739725115.7371306,-21,8,-57
1739725115.7831306,43,41,21
1739725115.8291306,33,-49,34
1739725115.8741307,-46,-7,20
1739725115.9201307,14,-17,-135
1739725115.9661307,35,99,-13
1739725116.0111306,-6,60,-119
1739725116.0571306,33,43,-23
1739725116.1091306,19,13,-61
1739725116.1541307,9,-53,-72
1739725116.2001307,-115,40,86
1739725116.2461307,-17,20,28
1739725116.2911308,-5,28,-97
1739725116.3371308,-29,40,-109
1739725116.3831308,11,-71,-30
1739725116.4291308,10,51,5
1739725116.4741306,-58,49,-32
1739725116.5201306,-11,28,-141
1739725116.5661306,-20,48,-17
1739725116.6111307,3,1,-63
1739725116.6571307,10,-35,48
1739725116.7031307,-36,-28,-98
1739725116.7491307,-108,-18,-126
1739725116.7941308,48,60,-79
1739725116.8401306,73,0,5
1739725116.8861306,62,66,-207
1739725116.9311306,-15,-62,-72
1739725116.977131,-2,90,-23
1739725117.023131,0,15,-129
1739725117.069131,25,33,-87
1739725117.1141307,-15,0,10
1739725117.1601307,17,13,77
1739725117.2061307,36,69,-89
1739725117.2511306,-66,51,11
1739725117.2971306,29,33,29
1739725117.3431306,-44,-23,104
1739725117.3891306,-8,-2,-61
1739725117.434131,8,-17,-135
1739725117.480131,-101,22,6
1739725117.526131,-40,50,-103
1739725117.5711308,-8,-16,-119
1739725117.6171308,-27,18,-163
1739725117.6631308,-32,-40,46
1739725117.7091308,35,-59,-18
1739725117.7541306,60,-38,-4
1739725117.8001306,23,5,-15
1739725117.8461306,-25,10,-6
1739725117.8911307,-22,-12,-141
1739725117.9371307,-60,-3,8
1739725117.9831307,14,87,-35
1739725118.0291307,86,46,-11
1739725118.0741308,-34,-30,-155
1739725118.1201308,23,-59,22
1739725118.1661308,1,25,-41
1739725118.2111306,49,0,-31
1739725118.2571306,0,37,-43
1739725118.3031306,73,124,-81
1739725118.3491306,20,-7,-41
1739725118.3941307,-52,-25,-74
1739725118.4401307,-11,46,-39
1739725118.4861307,25,-59,-114
1739725118.5311308,11,21,-41
1739725118.5771308,-16,-26,46
1739725118.6231308,40,91,-89
1739725118.6691308,30,53,-93
1739725118.7141306,15,17,-93
1739725118.7601306,-102,-42,52
1739725118.8061306,-46,-32,-32
1739725118.8511307,-21,-52,-18
1739725118.8971307,-34,-20,-80
1739725118.9431307,12,73,-7
1739725118.9891307,-4,-12,26
1739725119.0341306,-21,-64,-28
1739725119.0801306,-17,16,38
1739725119.1261306,-49,21,-99
1739725119.171131,-91,35,-8
1739725119.217131,-12,56,1
1739725119.263131,36,-25,-81
1739725119.309131,-21,14,-25
1739725119.3541307,3,-49,58
1739725119.4001307,-19,4,34
1739725119.4461308,36,-19,43
1739725119.4911306,66,-16,-51
1739725119.5371306,16,-1,25
1739725119.5831306,3,45,-47
1739725119.6291306,51,24,31
1739725119.674131,8,-11,46
1739725119.7201307,83,122,-3
1739725119.7661307,23,9,-49
1739725119.8111308,-1,44,78
1739725119.8571308,9,11,-179
1739725119.9031308,-26,-8,-54
1739725119.9491308,30,-23,36
1739725119.9941306,71,10,-27
1739725120.0401306,11,-61,-93
1739725120.0861306,-3,22,-67
1739725120.1311307,-48,87,-2
1739725120.1771307,-45,12,36
1739725120.2231307,12,-3,-119
1739725120.2691307,-55,15,-48
1739725120.3141308,64,12,-51
1739725120.3601308,-105,36,-24
1739725120.4061308,2,-21,-25
1739725120.4511306,47,9,-33
1739725120.4971306,-18,58,27
1739725120.5431306,-31,46,66
1739725120.5891306,27,11,-45
1739725120.6341307,-39,-52,38
1739725120.6801307,-109,32,-118
1739725120.7261307,13,23,-85
1739725120.7711308,67,14,-73
1739725120.8171306,35,41,13
1739725120.8631306,66,-1,-165
1739725120.9091306,2,-21,-57
1739725120.9541306,-3,22,-201
1739725121.000131,4,39,-37
1739725121.046131,65,-1,-35
1739725121.0911307,-45,32,-99
1739725121.1371307,-42,52,-115
1739725121.1831307,5,0,56
1739725121.2291307,-2,-22,8
1739725121.2741306,44,49,-161
1739725121.3201306,26,-13,70
1739725121.3661306,0,39,-19
1739725121.411131,-23,2,14
1739725121.457131,-76,-19,46
1739725121.503131,-15,-80,-16
1739725121.549131,-16,-40,8
1739725121.5941308,-116,92,-133
1739725121.6401308,-64,-7,-30
1739725121.6861308,-19,30,0
1739725121.7311306,79,8,47
1739725121.7771306,-63,7,-69
1739725121.8231306,-53,43,-69
1739725121.8691306,-28,-32,-62
1739725121.9141307,-20,-22,-195
1739725121.9601307,-10,-34,-68
1739725122.0061307,79,-54,37
1739725122.0511308,40,-23,-73
1739725122.0971308,-22,-16,-101
1739725122.1431308,-14,-10,2
1739725122.1891308,45,39,33
1739725122.2341306,-62,77,-57
1739725122.2801306,-132,-4,20
1739725122.3261306,82,-42,-119
1739725122.3711307,8,-13,-49
1739725122.4171307,-29,-58,-50
1739725122.4631307,5,9,39
1739725122.5091307,-18,80,77
1739725122.5541308,57,-80,-127
1739725122.6001308,-17,20,52
1739725122.6461308,7,23,-109
1739725122.6911306,-46,-26,38
1739725122.7371306,-28,-28,-38
1739725122.7831306,13,1,17
1739725122.8291306,-36,50,-13
1739725122.8741307,2,-97,-56
1739725122.9201307,-11,-70,4
1739725122.9661307,80,84,-35
1739725123.0111306,-24,-26,-73
1739725123.0571306,-5,8,-105
1739725123.1031306,-59,21,66
1739725123.1491306,26,-5,64
1739725123.194131,-20,-36,-50
1739725123.240131,-47,-72,-168
1739725123.286131,48,-8,-3
1739725123.3311307,-68,-25,-133
1739725123.3771307,-45,44,-81
1739725123.4231308,-17,6,-57
1739725123.4691308,-37,120,-7
1739725123.5141306,38,49,-21
1739725123.5601306,63,-60,104
1739725123.6061306,-22,-42,-18
1739725123.651131,25,-49,-24
1739725123.697131,27,41,-141
1739725123.7431307,11,7,-83
1739725123.7891307,4,0,-127
1739725123.8341308,-58,-10,6
1739725123.8801308,-73,-62,-73
1739725123.9261308,36,71,-131
1739725123.9711306,-4,-15,-12
1739725124.0171306,40,-2,0
1739725124.0631306,2,-10,-51
1739725124.1091306,-118,-17,4
1739725124.1541307,-13,-85,84
1739725124.2001307,2,-37,-65
1739725124.2461307,-1,2,-19
1739725124.2911308,-35,40,0
1739725124.3371308,-63,13,-83
1739725124.3831308,-74,-11,-94
1739725124.4291308,10,67,-7
1739725124.4741306,-62,-3,-137
1739725124.5201306,-10,-4,-85
1739725124.5661306,93,22,-35
1739725124.6111307,-35,-58,-18
1739725124.6571307,19,29,9
1739725124.7021308,-30,-32,-40
1739725124.7471306,1,-67,-56
1739725124.7931306,8,-7,32
1739725124.8391306,30,49,-47
1739725124.8841307,-33,16,62
1739725124.9301307,-70,-21,-68
1739725124.9761307,30,-27,-103
1739725125.0221307,-53,21,-91
1739725125.0671306,46,57,-61
1739725125.1131306,-74,-23,-34
1739725125.1591306,65,42,-49
1739725125.2041306,-55,-69,-102
1739725125.250131,37,31,-71
1739725125.296131,66,54,91
1739725125.342131,-9,12,-91
1739725125.3871307,63,44,-137
1739725125.4331307,7,-61,-104
1739725125.4791307,14,-1,7
1739725125.5241306,47,0,49
1739725125.5701306,-48,-38,-169
1739725125.6161306,41,-59,-6
1739725125.6621306,-10,-29,-45
1739725125.707131,-23,46,-17
1739725125.753131,0,-92,-25
1739725125.799131,33,-70,0
1739725125.8441308,15,-74,-119
1739725125.8901308,-14,52,-157
1739725125.9361308,62,-29,-137
1739725125.9821308,-33,-59,-2
1739725126.0271306,-65,4,-23
1739725126.0731306,-37,5,-97
1739725126.1241307,-55,10,-141
1739725126.1701307,-55,26,-57
1739725126.2161307,-99,9,-55
1739725126.2621307,-80,-100,-22
1739725126.3071306,110,63,114
1739725126.3531306,-18,-45,-2
1739725126.3991306,35,16,-37
1739725126.444131,21,18,-5
1739725126.490131,-18,-17,-205
1739725126.536131,65,29,32
1739725126.582131,-48,-1,-9
1739725126.6271307,19,32,0
1739725126.6731308,0,-16,-63
1739725126.7191308,-69,35,41
1739725126.7641306,-17,32,-31
1739725126.8101306,-27,0,56
1739725126.8561306,-30,-32,-130
1739725126.9021306,7,-59,-130
1739725126.947131,-12,0,12
1739725126.9931307,-10,52,-65
1739725127.0391307,-71,-90,10
1739725127.0841308,-5,-55,-24
1739725127.1301308,-30,52,-119
1739725127.1761308,-18,58,-117
1739725127.2221308,-20,64,-57
1739725127.2671306,-57,3,-67
1739725127.3131306,53,20,140
1739725127.3591306,28,75,37
1739725127.4041307,-49,-50,-22
1739725127.4501307,32,0,-119
1739725127.4961307,-5,4,-51
1739725127.5421307,20,-4,-41
1739725127.5871308,-64,-6,0
1739725127.6331308,-67,17,-121
1739725127.6791308,12,-8,44
1739725127.7241306,-40,-31,-21
1739725127.7701306,-8,-23,-31
1739725127.8161306,11,-64,-64
1739725127.8621306,-64,-24,-47
1739725127.9071307,-53,10,37
1739725127.9531307,-57,42,77
1739725127.9991307,-8,60,-3
1739725128.0441308,-8,-45,-57
1739725128.0901306,-51,42,0
1739725128.1361306,28,65,-83
1739725128.1821306,23,11,-109
1739725128.227131,28,-48,-60
1739725128.273131,-54,0,-141
1739725128.319131,45,18,-115
1739725128.3641307,-39,-61,-33
1739725128.4101307,15,-86,-16
1739725128.4561307,-23,0,-43
1739725128.5021307,-3,33,-7
1739725128.5471306,-33,-53,-20
1739725128.5931306,4,56,-31
1739725128.6391306,-27,19,156
1739725128.684131,-33,-79,50
1739725128.730131,30,82,-69
1739725128.776131,-21,21,-21
1739725128.822131,-10,71,-23
1739725128.8671308,-76,-8,-25
1739725128.9131308,1,-70,6
1739725128.9601307,45,14,10
1739725129.0061307,-47,35,0
1739725129.0511308,14,64,-53
1739725129.0971308,-24,-33,-39
1739725129.1431308,-31,-65,10
1739725129.1881306,5,4,-21
1739725129.2341306,-54,52,-93
1739725129.2801306,1,8,-1
1739725129.3261306,31,45,-33
1739725129.3711307,33,25,-109
1739725129.4171307,5,5,-15
1739725129.4631307,-24,-31,-104
1739725129.5081308,-52,0,50
1739725129.5541308,57,46,-57
1739725129.6001308,-53,22,-117
1739725129.6461308,9,26,-73
1739725129.6911306,24,-2,-39
1739725129.7371306,-18,-1,-37
1739725129.7831306,-59,6,-171
1739725129.8281307,38,-32,-112
1739725129.8741307,-45,35,-27
1739725129.9201307,-37,15,-133
1739725129.9661307,-1,-50,-32
1739725130.0111306,9,4,-13
1739725130.0571306,-43,7,-63
1739725130.1031306,-4,-19,-83
1739725130.148131,40,78,89
1739725130.194131,-18,-21,38
1739725130.240131,-46,-15,-51
1739725130.286131,58,57,-11
1739725130.3311307,-97,30,-27
1739725130.3771307,-5,-49,-52
1739725130.4231308,-48,-11,10
1739725130.4681306,-52,-34,19
1739725130.5141306,-28,57,-17
1739725130.5601306,20,-28,32
1739725130.6061306,-78,51,-21
1739725130.651131,-24,56,-65
1739725130.697131,-63,111,3
1739725130.7431307,57,40,-19
1739725130.7881308,4,155,-63
1739725130.8341308,14,17,-147
1739725130.8801308,8,-56,-77
1739725130.9261308,-11,24,-157
1739725130.9711306,-25,6,10
1739725131.0171306,-27,16,32
1739725131.0631306,52,-11,6
1739725131.1081307,15,19,-53
1739725131.1541307,-50,-3,-6
1739725131.2001307,123,-59,43
1739725131.2461307,-61,29,-18
1739725131.2911308,-45,16,-137
1739725131.3371308,-47,26,-99
1739725131.3831308,-28,72,-71
1739725131.4281306,23,37,-37
1739725131.4741306,9,15,-57
1739725131.5201306,-15,6,-43
1739725131.5661306,42,67,-99
1739725131.6111307,-112,-10,-66
1739725131.6571307,-29,20,-57
1739725131.7031307,19,19,-183
1739725131.7481308,-21,34,82
1739725131.7941308,23,47,-19
1739725131.8401306,18,67,-19
1739725131.8861306,-3,40,11
1739725131.9311306,-12,64,15
1739725131.977131,16,-23,-11
1739725132.023131,-28,-19,52
1739725132.0681307,-33,40,-17
1739725132.1141307,21,13,-17
1739725132.1601307,-39,30,-109
1739725132.2061307,44,101,-41
1739725132.2511306,101,-22,-81
1739725132.2971306,-50,-22,-23
1739725132.3431306,0,-70,54
1739725132.388131,33,-18,-87
1739725132.434131,-30,-16,-32
1739725132.480131,31,17,-77
1739725132.526131,-6,-17,46
1739725132.5711308,-14,-39,-61
1739725132.6171308,-12,-7,2
1739725132.6631308,-52,-30,-30
1739725132.7081306,69,-52,-97
1739725132.7541306,-48,78,-101
1739725132.8001306,8,-36,-28
1739725132.8461306,43,33,-97
1739725132.8911307,-9,48,-97
1739725132.9371307,-42,-21,-51
1739725132.9831307,47,13,50
1739725133.0281308,48,67,-47
1739725133.0741308,-28,-25,58
1739725133.1201308,-19,0,-73
1739725133.1661308,-79,6,-99
1739725133.2111306,21,-56,44
1739725133.2571306,-69,39,-35
1739725133.3031306,-11,38,-141
1739725133.3481307,-23,24,-101
1739725133.3941307,-29,36,11
1739725133.4401307,-15,12,64
1739725133.4861307,5,13,0
1739725133.5311308,-86,69,-85
1739725133.5771308,-58,0,0
1739725133.6231308,18,83,-61
1739725133.6681306,50,-22,148
1739725133.7141306,-46,-22,-74
1739725133.7601306,-91,35,-62
1739725133.8061306,29,17,-3
1739725133.8511307,15,-65,-12
1739725133.8971307,28,-41,-77
1739725133.9431307,29,11,-57
1739725133.9881306,-35,8,-41
1739725134.0341306,29,23,37
1739725134.0801306,-39,22,108
1739725134.1261306,25,21,-89
1739725134.171131,-27,12,-43
1739725134.217131,76,70,1
1739725134.263131,-68,-7,-16
1739725134.3081307,-16,-15,-83
1739725134.3541307,-26,-104,38
1739725134.4001307,102,-2,-145
1739725134.4461308,-22,0,-133
1739725134.4911306,55,-80,82
1739725134.5371306,-7,18,29
1739725134.5831306,7,1,-43
1739725134.628131,54,-32,-53
1739725134.674131,77,-62,18
1739725134.7201307,30,63,-57
1739725134.7651308,18,-39,-62
1739725134.8111308,47,25,-35
1739725134.8571308,-41,28,50
1739725134.9031308,-69,51,31
1739725134.9481306,27,41,11
1739725134.9941306,88,-6,-107
1739725135.0401306,-57,37,-29
1739725135.0851307,-28,-44,84
1739725135.1311307,9,-87,-60
1739725135.1771307,33,41,-17
1739725135.2231307,0,25,-85
1739725135.2681308,16,-5,-49
1739725135.3141308,-62,-19,0
1739725135.3601308,87,-70,10
1739725135.4051306,-36,-12,30
1739725135.4511306,118,-41,-69
1739725135.4971306,-80,-37,-90
1739725135.5431306,0,-17,-73
1739725135.5881307,21,-55,-52
1739725135.6341307,24,-5,-99
1739725135.6801307,-2,-14,-65
1739725135.7251308,-52,-104,60
1739725135.7711308,-6,-28,-93
1739725135.8171306,-65,15,-22
1739725135.8631306,59,22,-63
1739725135.9081306,-30,-30,-20
1739725135.9541306,-68,-2,-35
1739725136.000131,23,9,182
1739725136.0451307,0,-20,-55
1739725136.0911307,18,79,39
1739725136.1431308,-66,-10,-47
1739725136.1881306,63,29,-16
1739725136.2341306,-49,0,-49
1739725136.2801306,3,17,-63
1739725136.3251307,25,-80,8
1739725136.3711307,-69,30,-87
1739725136.4171307,24,11,108
1739725136.4631307,-106,-15,-31
1739725136.5081308,-21,26,12
1739725136.5541308,-88,-26,-65
1739725136.6001308,-29,28,-47
1739725136.6451306,0,20,-129
1739725136.6911306,20,-55,-165
1739725136.7371306,-85,-3,-18
1739725136.7831306,51,-24,21
1739725136.8281307,-12,12,-37
1739725136.8741307,31,-135,-25
1739725136.9201307,-62,13,-103
1739725136.9651306,-15,-12,-133
1739725137.0111306,6,15,-12
1739725137.0571306,10,1,-83
1739725137.1031306,-31,-50,-39
1739725137.148131,17,-1,15
1739725137.194131,-65,-40,-101
1739725137.240131,87,50,-51
1739725137.2851307,-35,-26,-33
1739725137.3311307,5,-26,84
1739725137.3771307,8,-70,-113
1739725137.4231308,-48,42,80
1739725137.4681306,0,8,-101
1739725137.5141306,77,-27,-155
1739725137.5601306,-10,37,-97
1739725137.605131,42,32,-113
1739725137.651131,69,-49,-47
1739725137.697131,-10,-71,-53
1739725137.7431307,-42,10,-91
1739725137.7881308,22,5,-29
1739725137.8341308,-18,14,4
1739725137.8801308,-61,-14,-131
1739725137.9251306,17,-36,-19
1739725137.9711306,18,25,-59
1739725138.0171306,-11,-17,15
1739725138.0631306,-5,-21,5
1739725138.1081307,-62,-64,-85
1739725138.1541307,35,-50,-111
1739725138.2001307,-106,-75,35
1739725138.2451308,-14,24,-69
1739725138.2911308,-36,27,-45
1739725138.3371308,-67,100,34
1739725138.3831308,-8,22,14
1739725138.4281306,-28,10,0
1739725138.4741306,52,34,66
1739725138.5201306,-86,-80,-69
1739725138.5651307,45,-14,22
1739725138.6111307,-63,-13,-36
1739725138.6571307,12,13,66
1739725138.7031307,37,-14,-77
1739725138.7481308,48,19,-79
1739725138.7941308,-47,-77,-171
1739725138.8401306,55,-43,-34
1739725138.8851306,0,36,-13
1739725138.9311306,-31,-53,3
1739725138.977131,5,-8,-91
1739725139.023131,15,54,-43
1739725139.0681307,-68,-2,-35
1739725139.1141307,-40,63,-29
1739725139.1601307,-53,25,-7
1739725139.2051306,4,13,10
1739725139.2511306,-2,75,-65
1739725139.2971306,2,19,2
1739725139.3431306,-17,-77,-23
1739725139.388131,4,9,128
1739725139.434131,5,-24,42
1739725139.480131,-13,24,-139
1739725139.5251307,-64,-10,-137
1739725139.5711308,58,-3,-29
1739725139.6171308,39,31,3
1739725139.6631308,29,-40,-125
1739725139.7081306,-104,-29,-8
1739725139.7541306,2,-102,6
1739725139.8001306,-5,43,-211
1739725139.8451307,26,20,-61
1739725139.8911307,12,42,-71
1739725139.9371307,-47,53,8
1739725139.9831307,-54,14,-45
1739725140.0281308,-18,2,-111
1739725140.0741308,-45,-35,-171
1739725140.1201308,21,-2,-6
1739725140.1641307,-34,59,-85
1739725140.2101307,45,-8,-10
1739725140.2561307,17,-30,-107
1739725140.3011308,-43,4,-83
1739725140.3471308,-47,62,-58
1739725140.3931308,-19,84,-8
1739725140.4391308,74,23,-74
1739725140.4841306,26,29,42
1739725140.5301306,-28,10,-8
1739725140.5761306,-16,96,106
1739725140.6211307,-58,-35,-6
1739725140.6671307,-4,48,-73
1739725140.7131307,-64,30,-117
1739725140.7591307,-9,-13,-137
1739725140.8041308,-10,-65,-63
1739725140.8501308,-18,9,-103
1739725140.8961308,-35,3,33
1739725140.9411306,22,6,16
1739725140.9871306,21,76,-28
1739725141.0331306,37,-16,18
1739725141.0791306,31,62,-64
1739725141.1241307,-16,-53,1
1739725141.1701307,58,-73,-67
1739725141.2161307,-54,-12,45
1739725141.2611306,10,6,-167
1739725141.3071306,0,-80,41
1739725141.3531306,50,6,54
1739725141.3991306,-24,-37,-107
1739725141.444131,24,30,10
1739725141.490131,13,-44,126
1739725141.536131,-43,33,-43
1739725141.5811307,-53,30,-67
1739725141.6271307,-44,59,-85
1739725141.6731308,25,14,-59
1739725141.7191308,14,-40,-38
1739725141.7641306,2,10,-99
1739725141.8101306,-28,-1,7
1739725141.8561306,-59,28,73
1739725141.901131,0,-34,-8
1739725141.947131,22,-34,-61
1739725141.9931307,-34,-25,16
1739725142.0391307,-87,4,-141
1739725142.0841308,-28,-1,-59
1739725142.1301308,47,13,-167
1739725142.1761308,9,-86,94
1739725142.2211306,-31,-55,-78
1739725142.2671306,-47,-101,-34
1739725142.3131306,-31,2,68
1739725142.3591306,64,-29,-41
1739725142.4041307,9,32,-51
1739725142.4501307,64,-29,-53
1739725142.4961307,-21,32,-115
1739725142.5411308,62,-43,-38
1739725142.5871308,74,26,-77
1739725142.6331308,43,-36,-63
1739725142.6791308,-50,-11,-43
1739725142.7241306,-20,-23,-53
1739725142.7701306,9,-12,26
1739725142.8161306,16,-32,-173
1739725142.8611307,-61,47,-95
1739725142.9071307,1,-78,10
1739725142.9531307,-113,111,15
1739725142.9991307,-30,54,-17
1739725143.0441308,23,19,-27
1739725143.0901306,30,-50,22
1739725143.1361306,67,32,1
1739725143.1811306,0,-70,-128
1739725143.227131,0,-20,-44
1739725143.273131,10,79,-73
1739725143.319131,-64,87,39
1739725143.3641307,-3,34,41
1739725143.4101307,-69,43,-109
1739725143.4561307,46,65,17
1739725143.5011306,11,-93,-58
1739725143.5471306,-14,74,29
1739725143.5931306,-52,73,-69
1739725143.6391306,30,53,17
1739725143.684131,23,-33,78
1739725143.730131,19,61,0
1739725143.776131,-4,38,-107
1739725143.8211308,-58,11,-30
1739725143.8671308,-79,-30,-1
1739725143.9131308,23,-9,-87
1739725143.9591308,-49,-10,-26
1739725144.0041306,-91,-27,28
1739725144.0501306,1,-16,-59
1739725144.0961306,-34,20,-59
1739725144.1411307,40,5,-59
1739725144.1871307,-5,-18,-79
1739725144.2331307,58,18,-37
1739725144.2791307,45,-4,-23
1739725144.3241308,41,-8,-1
1739725144.3701308,-10,46,-99
1739725144.4161308,-42,30,-32
1739725144.4611306,-8,0,-47
1739725144.5071306,-12,17,-26
1739725144.5531306,-34,36,30
1739725144.5991306,1,67,54
1739725144.6441307,19,-34,-63
1739725144.6901307,77,-11,-85
1739725144.7361307,-31,-17,-65
1739725144.7811308,103,-31,-87
1739725144.8271308,9,-8,-81
1739725144.8731308,51,-36,-46
1739725144.9191308,70,20,-35
1739725144.9641306,-140,-21,-171
1739725145.0101306,-62,-36,-43
1739725145.0561306,-14,-31,-73
1739725145.1011307,-9,26,44
1739725145.1471307,-31,-53,-6
1739725145.1931307,-55,51,-167
1739725145.2381306,105,5,-123
1739725145.2841306,32,0,-123
1739725145.3301306,-15,-53,-10
1739725145.3761306,176,-18,-33
1739725145.421131,-92,-35,36
1739725145.467131,-28,-15,-49
1739725145.513131,0,-39,-103
1739725145.5581307,-56,-39,-30
1739725145.6041307,32,-41,-141
1739725145.6501307,-24,-10,-119
1739725145.6961308,29,13,37
1739725145.7411306,-14,-6,-81
1739725145.7871306,85,16,-33
1739725145.8331306,-42,-33,74
1739725145.878131,57,30,-85
1739725145.924131,13,45,-31
1739725145.9701307,-9,-76,-134
1739725146.0161307,28,61,-55
1739725146.0611308,-4,-24,-127
1739725146.1071308,17,13,17
1739725146.1581306,-10,-12,-48
1739725146.2041306,58,-48,42
1739725146.250131,72,-46,-161
1739725146.296131,-23,16,-65
1739725146.3411307,-21,-60,-2
1739725146.3871307,43,39,-47
1739725146.4331307,14,-31,-155
1739725146.477131,44,-9,-15
1739725146.523131,-49,12,16
1739725146.569131,-80,-41,-152
1739725146.6141307,-42,-4,94
1739725146.6601307,72,98,-139
1739725146.7061307,-43,0,34
1739725146.7521307,15,5,-83
1739725146.7971306,-17,36,-99
1739725146.8431306,0,-14,-91
1739725146.8891306,2,-21,-179
1739725146.934131,-43,26,62
1739725146.980131,26,57,13
1739725147.026131,95,10,-117
1739725147.072131,0,-55,-106
1739725147.1171308,-10,0,-4
1739725147.1631308,-32,-30,12
1739725147.2091308,4,-7,-119
1739725147.2541306,51,3,47
1739725147.3001306,20,-7,-145
1739725147.3461306,14,-5,34
1739725147.3921306,-48,-46,-114
1739725147.4371307,27,0,122
1739725147.4831307,-38,-14,-88
1739725147.5291307,22,53,-63
1739725147.5741308,1,41,-73
1739725147.6201308,-17,30,-93
1739725147.6661308,56,-24,4
1739725147.7121308,48,65,-25
1739725147.7571306,30,81,-71
1739725147.8031306,-70,-49,-76
1739725147.8491306,20,-41,-22
1739725147.8941307,45,-77,-58
1739725147.9401307,19,39,-33
1739725147.9861307,-21,20,33
1739725148.0321307,11,17,19
1739725148.0771308,-4,66,-145
1739725148.1231308,-15,16,28
1739725148.1691308,-29,12,-34
1739725148.2141306,22,-11,0
1739725148.2601306,-13,50,-33
1739725148.3061306,-86,-5,-24
1739725148.352131,-20,-26,-40
1739725148.3971307,-59,15,-45
1739725148.4431307,-5,12,19
1739725148.4891307,-1,40,49
1739725148.5341306,-68,-11,-78
1739725148.5801306,-39,20,48
1739725148.6261306,10,-5,58
1739725148.6721306,0,-17,-18
1739725148.717131,90,-2,-195
1739725148.763131,3,5,-25
1739725148.809131,-72,-31,4
1739725148.8541307,32,87,-101
1739725148.9001307,70,68,-49
1739725148.9461308,-15,2,-29
1739725148.9921308,-72,89,-11
1739725149.0371306,-13,10,-5
1739725149.0831306,8,-39,20
1739725149.1291306,63,24,-1
1739725149.174131,4,-7,44
1739725149.2201307,-68,-19,-134
1739725149.2661307,-52,-12,-42
1739725149.3121307,64,-20,-31
1739725149.3571308,20,-5,35
1739725149.4031308,-48,-40,-20
1739725149.4491308,-16,0,-81
1739725149.4941306,-58,-13,-28
1739725149.5401306,16,-25,-129
1739725149.5861306,13,13,-23
1739725149.6321306,29,27,23
1739725149.6771307,-9,10,-53
1739725149.7231307,79,16,-85
1739725149.7691307,38,-17,-107
1739725149.8141308,41,27,-53
1739725149.8601308,-69,-57,-84
1739725149.9061308,15,-64,-56
1739725149.9521308,64,66,-35
1739725149.9971306,-18,-5,-6
1739725150.0431306,-38,-37,-40
1739725150.0891306,71,10,23
1739725150.1341307,4,81,-87
1739725150.1801307,9,21,19
1739725150.2261307,-11,-87,-78
1739725150.2721307,-28,62,55
1739725150.3171306,9,0,9
1739725150.3631306,25,3,74
1739725150.4091306,60,-14,-1
1739725150.4541306,49,17,-27
1739725150.500131,-38,-3,-93
1739725150.546131,-6,-21,40
1739725150.592131,-1,6,-49
1739725150.6371307,-26,-13,-63
1739725150.6831307,84,-23,-102
1739725150.7291307,-52,-5,-49
1739725150.7741306,-5,27,43
1739725150.8201306,-17,-73,50
1739725150.8661306,-41,-65,-126
1739725150.9121306,5,28,55
1739725150.957131,-6,-17,4
1739725151.003131,33,11,94
1739725151.049131,29,27,11
1739725151.0941308,-28,-11,-54
1739725151.1401308,-52,-3,18
1739725151.1861308,9,0,-43
1739725151.2321308,-35,2,14
1739725151.2771306,10,-40,10
1739725151.3231306,23,27,7
1739725151.3691306,-35,36,31
1739725151.4141307,13,17,11
1739725151.4601307,-4,-22,42
1739725151.5061307,-49,42,-109
1739725151.5521307,-6,-43,-16
1739725151.5971308,36,-41,-44
1739725151.6431308,30,-22,-12
1739725151.6891308,-27,20,-25
1739725151.7341306,48,-31,9
1739725151.7801306,-22,-3,-63
1739725151.8261306,-39,0,-20
1739725151.8721306,-10,0,-93
1739725151.9171307,-5,42,-15
1739725151.9631307,39,-19,56
1739725152.0091307,22,29,-149
1739725152.0541308,11,-28,60
1739725152.1001308,-43,6,-89
1739725152.1461308,118,45,-15
1739725152.1921306,-1,-55,-97
1739725152.2371306,-35,30,-67
1739725152.2831306,-11,36,60
1739725152.3291306,-4,0,-77
1739725152.3741307,-5,26,-123
1739725152.4201307,-51,34,41
1739725152.4661307,30,-34,-83
1739725152.5121307,-2,-23,-79
1739725152.5571306,45,41,-27
1739725152.6031306,-47,4,58
1739725152.6491306,-43,26,-133
1739725152.694131,-37,22,-57
1739725152.740131,-6,-4,-69
1739725152.786131,21,23,-69
1739725152.832131,-31,48,-17
1739725152.8771307,-109,32,-22
1739725152.9231308,-52,-44,-104
1739725152.9691308,-44,56,-71
1739725153.0141306,-7,28,3
1739725153.0601306,41,31,33
1739725153.1061306,81,2,70
1739725153.1521306,67,-60,-23
1739725153.197131,-25,2,-26
1739725153.2431307,98,70,-63
1739725153.2891307,15,5,52
1739725153.3341308,13,29,-77
1739725153.3801308,-38,68,21
1739725153.4261308,-30,60,-59
1739725153.4721308,18,-15,20
1739725153.5171306,-4,-22,-4
1739725153.5631306,-59,7,6
1739725153.6091306,38,-43,-65
1739725153.6541307,44,-59,1
1739725153.7001307,-13,22,-67
1739725153.7461307,46,25,-3
1739725153.7921307,-85,17,-68
1739725153.8371308,-43,-18,38
1739725153.8831308,22,43,-21
1739725153.9291308,18,13,-159
1739725153.9741306,39,-41,-81
1739725154.0201306,-23,28,-85
1739725154.0661306,74,4,-57
1739725154.1121306,-19,36,-91
1739725154.1571307,51,-5,-119
1739725154.2031307,8,31,36
1739725154.2491307,-97,-19,-44
1739725154.2941308,-2,26,14
1739725154.3401306,-68,3,-10
1739725154.3861306,-35,-45,5
1739725154.4321306,-35,-1,-109
1739725154.477131,25,-12,48
1739725154.523131,-24,0,-11
1739725154.569131,-4,0,-155
1739725154.6141307,-35,-5,-69
1739725154.6601307,-8,-41,30
1739725154.7061307,22,5,-29
1739725154.7521307,7,-42,-53
1739725154.7971306,-43,-79,-111
1739725154.8431306,-2,0,-57
1739725154.8891306,52,1,-65
1739725154.934131,22,-103,0
1739725154.980131,66,14,37
1739725155.026131,31,-5,37
1739725155.072131,-29,46,-25
1739725155.1171308,20,0,72
1739725155.1631308,-24,-3,-105
1739725155.2091308,64,30,10
1739725155.2541306,46,23,-175
1739725155.3001306,-40,-31,-18
1739725155.3461306,20,79,-7
1739725155.3911307,-54,-10,-17
1739725155.4371307,8,-14,-225
1739725155.4831307,-27,2,-17
1739725155.5291307,3,23,-25
1739725155.5741308,58,-13,-88
1739725155.6191306,-65,7,-91
1739725155.6651306,-40,-27,-36
1739725155.7101307,-10,-13,86
1739725155.7561307,-33,13,-95
1739725155.8021307,-28,61,-67
1739725155.8471308,23,20,-10
1739725155.8931308,-14,-33,-53
1739725155.9391308,29,14,50
1739725155.9851308,60,-39,-102
1739725156.0301306,26,-30,-2
1739725156.0761306,-26,-47,-3
1739725156.1271307,18,-44,-88
1739725156.1731308,9,4,128
1739725156.2191308,-113,-57,7
1739725156.2651308,-24,-23,-13
1739725156.3101306,-29,9,-27
1739725156.3561306,9,34,46
1739725156.4021306,-83,20,-37
1739725156.447131,-23,9,96
1739725156.4931307,39,0,-26
1739725156.5391307,-98,-20,-17
1739725156.5851307,9,-56,-6
1739725156.6301308,-13,7,-115
1739725156.6761308,20,-16,-189
1739725156.7221308,92,59,-59
1739725156.7671306,55,21,0
1739725156.8131306,7,10,-21
1739725156.8591306,41,20,-20
1739725156.9051306,-1,43,-13
1739725156.9501307,-94,-12,-91
1739725156.9961307,-73,-100,42
1739725157.0421307,65,-63,-34
1739725157.0871308,-14,-21,-58
1739725157.1331308,34,-30,20
1739725157.1791308,-99,-56,-14
1739725157.2251308,10,-34,-90
1739725157.2701306,-117,20,84
1739725157.3161306,49,27,-41
1739725157.3621306,-55,9,-25
1739725157.4071307,-44,-49,-40
1739725157.4531307,27,-86,-32
1739725157.4991307,-43,24,-1
1739725157.5451307,-55,5,-31
1739725157.5901306,41,11,-9
1739725157.6361306,39,43,-217
1739725157.6821306,58,-13,18
1739725157.727131,51,26,-77
1739725157.773131,84,-19,-42
1739725157.819131,-22,-17,-26
1739725157.865131,10,-32,-116
1739725157.9101307,40,-12,18
1739725157.9561307,-42,-7,-97
1739725158.0021307,15,46,-53
1739725158.0471306,-36,-1,-79
1739725158.0931306,-44,-9,-239
1739725158.1391306,-27,1,92
1739725158.1851306,8,96,-171
1739725158.230131,62,-17,-167
1739725158.276131,28,60,-151
1739725158.322131,9,50,-93
1739725158.3671308,3,-98,44
1739725158.4131308,-37,49,49
1739725158.4591308,-3,-105,-30
1739725158.5051308,-141,28,-57
1739725158.5501306,36,79,-65
1739725158.5961306,6,-140,-26
1739725158.6421306,14,-14,-95
1739725158.6871307,79,49,15
1739725158.7331307,-6,-35,-74
1739725158.7791307,5,4,-89
1739725158.8251307,14,-8,28
1739725158.8701308,4,-6,0
1739725158.9161308,33,16,7
1739725158.9621308,-30,-15,-22
1739725159.0071306,-9,23,-131
1739725159.0531306,-28,98,-69
1739725159.0991306,-15,22,11
1739725159.1451306,-9,10,-73
1739725159.1901307,-40,-29,-60
1739725159.2361307,35,23,-57
1739725159.2821307,-30,84,-35
1739725159.3271308,17,22,23
1739725159.3741307,-18,87,-27
1739725159.4201307,42,66,-51
1739725159.4661307,1,1,-89
1739725159.5111306,-70,0,-245
1739725159.5571306,40,-18,16
1739725159.6031306,-11,29,-13
1739725159.6491306,-5,23,-135
1739725159.694131,77,45,2
1739725159.740131,15,42,-187
1739725159.786131,3,4,28
1739725159.8311307,-64,-12,-9
1739725159.8771307,-15,1,-5
1739725159.9231308,-4,-17,26
1739725159.9691308,5,38,56
1739725160.0141306,13,2,-73
1739725160.0601306,23,34,30
1739725160.1061306,117,-96,-44
1739725160.151131,-23,25,-17
1739725160.197131,77,9,-84
1739725160.2431307,13,22,50
1739725160.2891307,-24,59,7
1739725160.3341308,-29,7,-23
1739725160.3801308,41,14,-30
1739725160.4261308,-34,99,15
1739725160.4711306,0,-48,-26
1739725160.5171306,45,44,10
1739725160.5631306,-21,9,86
1739725160.6091306,0,9,78
1739725160.6541307,15,-76,30
1739725160.7001307,25,14,94
1739725160.7461307,22,-10,126
1739725160.7911308,-15,9,13
1739725160.8371308,4,-50,-26
1739725160.8831308,-35,7,11
1739725160.9291308,13,10,-117
1739725160.9741306,7,0,-121
1739725161.0201306,-50,-5,-23
1739725161.0661306,45,-32,-34
1739725161.1111307,34,37,10
1739725161.1571307,65,22,-93
1739725161.2031307,-65,52,31
1739725161.2491307,-83,25,4
1739725161.2941308,36,-46,98
1739725161.3401306,43,-56,36
1739725161.3861306,-22,-17,-75
1739725161.4311306,-12,60,59
1739725161.477131,2,17,36
1739725161.523131,26,-13,-25
1739725161.569131,5,7,-29
1739725161.6141307,-32,-18,28
1739725161.6601307,83,-23,-11
1739725161.7061307,12,15,-65
1739725161.7511306,14,41,38
1739725161.7971306,31,-43,-167
1739725161.8431306,0,8,72
1739725161.8891306,0,6,-71
1739725161.934131,24,13,-39
1739725161.980131,8,45,-39
1739725162.026131,-105,-85,-60
1739725162.0711308,-52,58,-155
1739725162.1171308,-5,22,-17
1739725162.1631308,-24,0,-147
1739725162.2091308,-71,15,44
1739725162.2541306,33,-17,63
1739725162.3001306,-13,22,36
1739725162.3461306,39,-3,33
1739725162.3911307,-43,-52,-164
1739725162.4371307,-50,-8,-26
1739725162.4831307,-58,39,-84
1739725162.5291307,-19,-14,18
1739725162.5741308,-14,-36,-107
1739725162.6201308,-46,-14,70
1739725162.6661308,4,23,-91
1739725162.7111306,-50,-30,-48
1739725162.7571306,-75,-71,-126
1739725162.8031306,10,-95,-47
1739725162.8491306,-50,-26,-58
1739725162.8941307,90,76,-95
1739725162.9401307,-53,28,-171
1739725162.9861307,49,13,-47
1739725163.0311308,-8,-16,-117
1739725163.0771308,-25,4,64
1739725163.1231308,18,-37,-42
1739725163.1691308,-108,1,-62
1739725163.2141306,52,-6,-145
1739725163.2601306,-1,0,42
1739725163.3061306,42,-7,-49
1739725163.3511307,5,31,17
1739725163.3971307,5,11,-21
1739725163.4431307,60,88,-81
1739725163.4891307,11,21,-37
1739725163.5341306,-96,55,2
1739725163.5801306,9,-52,-33
1739725163.6261306,-18,-3,48
1739725163.671131,58,4,-23
1739725163.717131,-3,10,-1
1739725163.763131,4,-46,-177
1739725163.809131,-56,-34,58
1739725163.8541307,29,27,-189
1739725163.9001307,11,51,-75
1739725163.9461308,-3,12,46
1739725163.9911306,-60,-6,76
1739725164.0371306,-4,-3,26
1739725164.0831306,-54,-39,-52
1739725164.1291306,-55,1,54
1739725164.174131,26,77,9
1739725164.2201307,-99,17,11
1739725164.2661307,-44,-19,-45
1739725164.3111308,-57,13,-87
1739725164.3571308,43,41,11
1739725164.4031308,-3,12,-1
1739725164.4491308,-51,8,-109
1739725164.4941306,-9,34,104
1739725164.5401306,3,7,34
1739725164.5861306,5,-55,-109
1739725164.6311307,0,-12,132
1739725164.6771307,-31,38,-259
1739725164.7231307,0,34,37
1739725164.7691307,6,87,-55
1739725164.8141308,-110,1,-84
1739725164.8601308,-76,-27,-20
1739725164.9061308,-24,-8,10
1739725164.9511306,30,-37,-11
1739725164.9971306,75,52,-43
1739725165.0431306,-23,24,-88
1739725165.0891306,35,113,9
1739725165.1341307,22,-7,15
1739725165.1801307,-24,68,-6
1739725165.2261307,55,54,-67
1739725165.2711308,-38,-8,-8
1739725165.3171306,-45,30,-50
1739725165.3631306,24,-27,15
1739725165.4081306,101,50,-9
1739725165.4541306,35,17,-5
1739725165.500131,3,-63,-150
1739725165.546131,-46,0,-22
1739725165.5911307,-74,81,42
1739725165.6371307,-4,-30,76
1739725165.6831307,27,5,57
1739725165.7281306,-80,55,6
1739725165.7741306,40,75,-27
1739725165.8201306,11,45,-109
1739725165.8661306,39,53,-31
1739725165.911131,55,-80,-55
1739725165.957131,12,-7,56
1739725166.003131,33,35,-101
1739725166.0481308,62,72,63
1739725166.0941308,26,-23,-29
1739725166.1461308,-58,-5,-104
1739725166.1911306,-40,0,-140
1739725166.2371306,96,-50,67
1739725166.2831306,51,15,-93
1739725166.3281307,-34,-40,50
1739725166.3741307,-81,17,-150
1739725166.4201307,59,-66,15
1739725166.4661307,-37,28,-26
1739725166.5111306,16,-21,0
1739725166.5571306,-45,24,0
1739725166.6031306,50,63,-91
1739725166.648131,-12,-48,-54
1739725166.694131,25,25,-107
1739725166.740131,61,-76,17
1739725166.786131,15,9,60
1739725166.8311307,23,15,-59
1739725166.8771307,-15,36,-25
1739725166.9231308,33,31,-105
1739725166.9681306,30,59,-89
1739725167.0141306,23,3,-79
1739725167.0601306,-64,-19,-6
1739725167.1061306,65,-60,12
1739725167.151131,103,-70,-175
1739725167.197131,-60,-31,-72
1739725167.2431307,-9,-55,48
1739725167.2881308,-4,-12,-55
1739725167.3341308,-80,-24,-21
1739725167.3801308,38,-103,-79
1739725167.4261308,-33,22,-101
1739725167.4711306,-16,-28,-71
1739725167.5171306,44,49,-95
1739725167.5631306,4,-22,-30
1739725167.6081307,-19,24,31
1739725167.6541307,33,-14,66
1739725167.7001307,52,2,-10
1739725167.7461307,37,-22,-11
1739725167.7911308,-37,10,-35
1739725167.8371308,48,-18,-55
1739725167.8831308,-65,42,-87
1739725167.9281306,-18,57,-17
1739725167.9741306,13,51,-47
1739725168.0201306,24,-4,-95
1739725168.0661306,25,52,11
1739725168.1111307,-29,9,-43
1739725168.1571307,9,-60,2
1739725168.2031307,-24,-49,-18
1739725168.2481308,40,-4,-149
1739725168.2941308,18,57,-43
1739725168.3401306,24,58,23
1739725168.3861306,-6,-39,-78
1739725168.4311306,-32,-35,-22
1739725168.477131,-52,-25,-89
1739725168.523131,-84,-30,-63
1739725168.5681307,-15,27,-79
1739725168.6141307,-36,-17,-107
1739725168.6601307,51,6,-56
1739725168.7061307,-54,80,-45
1739725168.7511306,-75,16,-85
1739725168.7971306,8,64,-81
1739725168.8431306,12,-26,16
1739725168.888131,41,-96,-4
1739725168.934131,-2,-41,-30
1739725168.980131,-61,24,-79
1739725169.026131,1,18,-11
1739725169.0711308,-46,-27,13
1739725169.1171308,8,-16,-137
1739725169.1631308,-9,15,-101
1739725169.2081306,-20,-7,-53
1739725169.2541306,39,28,-17
1739725169.3001306,6,33,-113
1739725169.3461306,-17,-95,-99
1739725169.3911307,-29,-59,-53
1739725169.4371307,-29,36,-73
1739725169.4831307,44,105,-13
1739725169.5281308,-70,-47,-42
1739725169.5741308,-45,52,102
1739725169.6201308,-15,20,-139
1739725169.6661308,51,79,21
1739725169.7111306,7,-9,-59
1739725169.7571306,-19,30,-183
1739725169.8031306,-58,-27,10
1739725169.8481307,-64,-19,-4
1739725169.8941307,-4,-14,48
1739725169.9401307,-2,-10,-97
1739725169.9861307,3,1,-17
1739725170.0311308,-15,12,-16
1739725170.0771308,0,-20,0
1739725170.1231308,47,-71,49
1739725170.1681306,97,-52,-21
1739725170.2141306,-37,22,-98
1739725170.2601306,16,-13,17
1739725170.3061306,-5,12,8
1739725170.3511307,-62,-37,-40
1739725170.3971307,-16,-28,-76
1739725170.4431307,-13,28,26
1739725170.4881306,-46,0,-64
1739725170.5341306,4,-3,46
1739725170.5801306,1,63,-67
1739725170.6261306,27,27,-63
1739725170.671131,-19,22,-57
1739725170.717131,36,-13,13
1739725170.763131,56,0,-73
1739725170.8081307,-31,26,-2
1739725170.8541307,-75,33,-46
1739725170.9001307,-73,31,-38
1739725170.9461308,-70,-31,0
1739725170.9911306,-79,37,-208
1739725171.0371306,35,-29,-13
1739725171.082131,11,21,-55
1739725171.1271307,91,2,27
1739725171.1731308,-21,-82,24
1739725171.2191308,6,-41,24
1739725171.2641306,37,3,-27
1739725171.3101306,-47,42,-60
1739725171.3561306,-22,60,39
1739725171.4021306,28,-27,-45
1739725171.447131,3,51,9
1739725171.4931307,33,-9,95
1739725171.5391307,-26,100,-43
1739725171.5841308,9,3,25
1739725171.6301308,32,-31,-71
1739725171.6761308,1,7,-53
1739725171.7221308,-23,40,-47
1739725171.7671306,20,61,-39
1739725171.8131306,-58,-35,-68
1739725171.8591306,49,31,-73
1739725171.9041307,-28,68,-16
1739725171.9501307,-129,20,20
1739725171.9961307,-137,22,-146
1739725172.0421307,18,-33,-51
1739725172.0871308,-16,-44,-36
1739725172.1331308,58,10,-35
1739725172.1791308,0,52,-85
1739725172.2241306,-15,-16,80
1739725172.2701306,-68,41,18
1739725172.3161306,-7,-16,-83
1739725172.3621306,-5,-8,-47
1739725172.4071307,3,-3,-33
1739725172.4531307,-78,31,0
1739725172.4991307,-9,-32,128
1739725172.5441308,-25,-34,-147
1739725172.5901306,-42,60,-50
1739725172.6361306,73,64,-35
1739725172.6821306,145,73,-47
1739725172.727131,46,25,0
1739725172.773131,-7,6,0
1739725172.819131,-22,-6,-94
1739725172.8641307,17,69,31
1739725172.9101307,26,15,-71
1739725172.9561307,17,-33,-63
1739725173.0021307,-41,10,-14
1739725173.0471306,6,53,5
1739725173.0931306,-25,30,-76
1739725173.1391306,60,-2,21
1739725173.184131,-5,24,-17
1739725173.230131,88,-12,-57
1739725173.276131,5,-13,-67
1739725173.322131,-68,57,-16
1739725173.3671308,-63,47,-2
1739725173.4131308,-50,72,-14
1739725173.4591308,-43,20,-52
1739725173.5041306,58,54,-75
1739725173.5501306,40,25,-21
1739725173.5961306,-3,16,-47
1739725173.6421306,51,-37,-253
1739725173.6871307,-62,-51,-70
1739725173.7331307,-22,-32,-74
1739725173.7791307,9,1,92
1739725173.8241308,3,27,-101
1739725173.8701308,22,-44,-73
1739725173.9161308,74,-15,-71
1739725173.9621308,-15,30,-87
1739725174.0071306,-2,-14,6
1739725174.0531306,-46,-22,-12
1739725174.0991306,36,-22,-40
1739725174.1441307,-43,54,3
1739725174.1901307,33,-74,-60
1739725174.2361307,3,9,-57
1739725174.2821307,-12,-21,-30
1739725174.3271308,14,95,-93
1739725174.3731308,33,25,-95
1739725174.4191308,31,0,-179
1739725174.4641306,37,22,-83
1739725174.5101306,-88,-32,48
1739725174.5561306,-56,-14,7
1739725174.602131,-51,-67,40
1739725174.6471307,91,29,14
1739725174.6931307,27,-62,-122
1739725174.7391307,48,0,-26
1739725174.7841306,15,38,86
1739725174.8301306,-3,-57,10
1739725174.8761306,-28,-125,0
1739725174.9221306,1,32,62
1739725174.967131,35,34,-125
1739725175.013131,-13,0,-39
1739725175.059131,-8,87,-43
1739725175.1041307,39,36,-53
1739725175.1501307,-50,61,-45
1739725175.1961308,-66,0,3
1739725175.2421308,-16,-31,-59
1739725175.2871306,-3,17,-59
1739725175.3331306,62,-47,-6
1739725175.3791306,57,33,-39
1739725175.424131,-30,-45,-187
1739725175.4701307,-23,31,-15
1739725175.5161307,50,-38,-106
1739725175.5611308,57,32,86
1739725175.6071308,-81,14,-51
1739725175.6531308,4,-14,30
1739725175.6991308,-23,-81,-22
1739725175.7441306,-53,21,-19
1739725175.7901306,-18,-39,-38
1739725175.8361306,-57,23,-43
1739725175.8811307,-11,29,-53
1739725175.9271307,-7,57,5
1739725175.9731307,19,14,-129
1739725176.0191307,77,15,-54
1739725176.0641308,-1,13,-55
1739725176.1101308,27,2,-115
1739725176.161131,-15,9,-45
1739725176.207131,-105,38,71
1739725176.253131,-38,-45,-203
1739725176.299131,-62,-16,102
1739725176.3441308,-13,25,-61
1739725176.3911307,3,28,-41
1739725176.4371307,44,60,55
1739725176.4831307,7,20,17
1739725176.5281308,-12,-21,-22
1739725176.5741308,-25,43,-3
1739725176.6201308,-91,-104,-12
1739725176.6651306,-44,-21,29
1739725176.7111306,16,-4,14
1739725176.7571306,-56,62,35
1739725176.8031306,-29,19,-97
1739725176.8481307,-57,32,31
1739725176.8941307,-42,-9,-29
1739725176.9401307,-17,43,-21
1739725176.9851308,-14,-49,30
1739725177.0311308,65,-1,-46
1739725177.0771308,-23,7,-103
1739725177.1231308,-43,51,-113
1739725177.1681306,18,-36,-36
1739725177.2141306,33,54,15
1739725177.2601306,-54,-1,-89
1739725177.3051307,-22,71,-111
1739725177.3511307,-46,65,-75
1739725177.3971307,-15,15,134
1739725177.4431307,0,-38,-58
1739725177.4881306,-11,23,-45
1739725177.5341306,3,0,8
1739725177.5801306,-3,35,103
1739725177.625131,0,-11,62
1739725177.671131,62,67,-169
1739725177.717131,-9,3,0
1739725177.763131,-21,25,21
1739725177.8081307,44,0,2
1739725177.8541307,-38,-31,-89
1739725177.9001307,4,-26,36
1739725177.9451306,-72,-20,-121
1739725177.9911306,-16,-41,-42
1739725178.0371306,17,49,-97
1739725178.0831306,-34,-47,-18
1739725178.128131,-56,-33,66
1739725178.174131,-56,-10,62
1739725178.2201307,-5,34,65
1739725178.2651308,-9,46,41
1739725178.3111308,39,15,-21
1739725178.3571308,51,49,5
1739725178.4031308,-33,20,-89
1739725178.4481306,72,-6,27
1739725178.4941306,23,7,-1
1739725178.5401306,47,27,-87
1739725178.5851307,-39,-58,30
1739725178.6311307,41,23,-61
1739725178.6771307,-19,42,-79
1739725178.7231307,11,-85,-56
1739725178.7681308,39,55,-105
1739725178.8141308,-4,-2,-93
1739725178.8601308,-5,20,35
1739725178.9051306,58,60,-69
1739725178.9511306,60,173,33
1739725178.9971306,-35,42,-65
1739725179.0431306,-77,31,8
1739725179.0881307,9,31,-53
1739725179.1341307,9,27,45
1739725179.1801307,19,0,33
1739725179.2251308,-56,-36,-22
1739725179.2711308,18,-37,-167
1739725179.3171306,24,69,-91
1739725179.3631306,68,-44,-59
1739725179.4081306,-70,-17,98
1739725179.4541306,12,-35,-49
1739725179.500131,-22,-6,-93
1739725179.5451307,-7,12,12
1739725179.5911307,26,11,-103
1739725179.6371307,-90,0,-16
1739725179.6831307,64,46,-113
1739725179.7281306,8,9,-9
1739725179.7741306,31,-19,37
1739725179.8201306,-7,6,-43
1739725179.865131,0,45,12
1739725179.911131,-117,-28,-100
1739725179.957131,0,-3,76
1739725180.003131,-41,38,-179
1739725180.0481308,-38,102,-6
1739725180.0941308,6,47,-83
1739725180.1401308,5,-9,-127
1739725180.1851306,21,59,-46
1739725180.2311306,1,-33,-165
1739725180.2771306,-18,54,-135
1739725180.3231306,-24,20,-91
1739725180.3681307,73,-8,-61
1739725180.4141307,-15,-18,-71
1739725180.4601307,-21,-4,-103
1739725180.5051308,54,41,-157
1739725180.5511308,29,-31,-69
1739725180.5971308,54,15,-7
1739725180.6431308,28,-1,-17
1739725180.6881306,-69,7,-26
1739725180.7341306,59,55,53
1739725180.7801306,0,-40,-18
1739725180.8251307,-45,8,-100
1739725180.8711307,15,3,7
1739725180.9171307,-127,26,22
1739725180.9631307,16,63,55
1739725181.0081308,33,35,-59
1739725181.0541308,20,113,-1
1739725181.1001308,-5,32,-151
1739725181.1451306,67,-18,51
1739725181.1911306,26,7,104
1739725181.2371306,-6,-26,-83
1739725181.2831306,-42,-10,-114
1739725181.3281307,-53,24,-80
1739725181.3741307,-23,22,108
1739725181.4201307,-46,-8,-2
1739725181.4651306,97,34,-115
1739725181.5111306,-4,-10,-61
1739725181.5571306,-58,79,-6
1739725181.6031306,57,-93,-11
1739725181.648131,118,62,19
1739725181.694131,0,-11,20
1739725181.740131,-41,38,0
1739725181.7851307,-47,36,4
1739725181.8311307,-15,14,10
1739725181.8771307,-14,-26,-4
1739725181.9231308,-31,18,-64
1739725181.9681306,-8,-44,-50
1739725182.0141306,-4,-42,-12
1739725182.0601306,30,37,-113
1739725182.105131,19,7,65
1739725182.151131,-5,58,-87
1739725182.197131,13,-25,-5
1739725182.2431307,12,43,-147
1739725182.2881308,8,0,-1
1739725182.3341308,-21,18,-18
1739725182.3801308,-35,34,-137
1739725182.4251306,5,-3,-49
1739725182.4711306,-68,-33,-84
1739725182.5171306,-85,-43,-190
1739725182.5631306,-36,68,0
1739725182.6081307,78,10,-107
1739725182.6541307,-12,58,60
1739725182.7001307,29,-31,27
1739725182.7451308,-19,-24,-103
1739725182.7911308,9,-3,-93
1739725182.8371308,13,-7,-155
1739725182.8831308,0,-22,48
1739725182.9281306,20,21,-5
1739725182.9741306,-14,-54,4
1739725183.0201306,-4,-2,-59
1739725183.0651307,1,0,-83
1739725183.1111307,24,-67,-93
1739725183.1571307,-33,-14,-96
1739725183.2031307,29,-9,-53
1739725183.2481308,74,28,39
1739725183.2941308,35,-29,-19
1739725183.3401306,27,-15,-79
1739725183.3851306,11,63,82
1739725183.4311306,-16,-80,-9
1739725183.477131,-116,1,34
1739725183.523131,-29,-48,-35
1739725183.5681307,34,-87,-137
1739725183.6141307,-17,18,-8
1739725183.6601307,-101,23,-86
1739725183.7051306,-67,3,-22
1739725183.7511306,60,-15,125
1739725183.7971306,-37,-78,22
1739725183.8431306,24,-5,-39
1739725183.888131,0,-23,80
1739725183.934131,1,13,34
1739725183.980131,70,-14,13
1739725184.0251307,58,-19,-9
1739725184.0711308,-5,22,42
1739725184.1171308,6,-61,60
1739725184.1631308,-27,42,50
1739725184.2081306,-11,60,-1
1739725184.2541306,-8,-24,-111
1739725184.3001306,-63,15,-142
1739725184.3451307,-17,8,12
1739725184.3911307,83,-36,-29
1739725184.4371307,24,33,-135
1739725184.4831307,2,-79,-49
1739725184.5281308,-37,20,64
1739725184.5741308,46,-21,-93
1739725184.6201308,-51,-68,78
1739725184.6651306,-42,70,-117
1739725184.7111306,-41,-66,4
1739725184.7571306,-14,-20,80
1739725184.8031306,34,-67,-121
1739725184.8481307,-9,26,-67
1739725184.8941307,25,53,-41
1739725184.9401307,-32,0,-22
1739725184.9851308,49,0,-111
1739725185.0311308,57,-57,19
1739725185.0771308,-42,-54,2
1739725185.1231308,20,87,-117
1739725185.1681306,14,-27,24
1739725185.2141306,4,-9,-153
1739725185.2601306,-1,14,-89
1739725185.3051307,47,-19,45
1739725185.3511307,62,36,17
1739725185.3971307,54,3,-39
1739725185.4431307,-5,36,-40
1739725185.4881306,0,-115,-122
1739725185.5341306,47,37,65
1739725185.5801306,24,5,-47
1739725185.625131,23,-13,27
1739725185.671131,-6,0,-20
1739725185.717131,7,-3,-5
1739725185.7621307,31,-15,59
1739725185.8081307,36,-19,-61
1739725185.8541307,-35,2,36
1739725185.9001307,-24,-24,12
1739725185.9451306,2,-47,32
1739725185.9911306,-27,26,-60
1739725186.0371306,-23,-68,-56
1739725186.082131,27,49,-119
1739725186.128131,-6,84,-15
1739725186.1801307,17,47,39
1739725186.2251308,-33,46,-26
1739725186.2711308,-21,-88,2
1739725186.3171306,60,-29,-71
1739725186.3621306,48,-41,-49
1739725186.4081306,21,49,-13
1739725186.4541306,-70,69,46
1739725186.500131,-67,27,-6
1739725186.5451307,65,58,-153
1739725186.5911307,1,25,1
1739725186.6371307,14,29,48
1739725186.6821306,-8,-38,0
1739725186.7281306,-86,-42,-113
1739725186.7741306,61,59,-67
1739725186.8201306,79,-7,90
1739725186.865131,-13,32,66
1739725186.911131,-10,-59,50
1739725186.957131,-113,1,52
1739725187.0021307,7,9,-181
1739725187.0471306,1,49,-75
1739725187.0931306,-80,-36,-56
1739725187.138131,-31,12,22
1739725187.184131,43,5,-95
1739725187.230131,37,41,-61
1739725187.276131,-57,-74,-146
1739725187.3211308,-1,22,73
1739725187.3671308,36,61,13
1739725187.4131308,-1,34,93
1739725187.4581306,22,-7,-27
1739725187.5041306,-10,-56,10
1739725187.5501306,-43,8,0
1739725187.5961306,61,9,27
1739725187.6411307,44,-11,-1
1739725187.6871307,-56,-18,128
1739725187.7331307,-29,50,71
1739725187.7781308,9,27,7
1739725187.8241308,35,43,-51
1739725187.8701308,-4,-26,84
1739725187.9161308,-57,28,-94
1739725187.9611306,-55,56,-89
1739725188.0071306,67,46,31
1739725188.0531306,24,-23,90
1739725188.0981307,10,-41,-72
1739725188.1441307,-60,-24,92
1739725188.1901307,23,49,-131
1739725188.2361307,48,89,-69
1739725188.2811308,43,49,-63
1739725188.3271308,13,41,-31
1739725188.3731308,19,9,-63
1739725188.4181306,40,-49,-62
1739725188.4641306,-8,-44,42
1739725188.5101306,33,29,-21
1739725188.5561306,-56,-24,-48
1739725188.6011307,-32,-8,10
1739725188.6471307,-43,60,-91
1739725188.6931307,50,-29,-39
1739725188.7381306,-26,-24,-20
1739725188.7841306,-74,-1,-52
1739725188.8301306,22,-59,-68
1739725188.8761306,1,17,-9
1739725188.921131,55,15,-25
1739725188.967131,21,3,108
1739725189.013131,127,25,-45
1739725189.0581307,7,33,-149
1739725189.1041307,10,63,-27
1739725189.1501307,98,-8,41
1739725189.1961308,8,-3,175
1739725189.2411306,-23,-78,-6
1739725189.2871306,18,-1,-81
1739725189.3331306,-45,24,-5
1739725189.378131,-5,24,-23
1739725189.424131,-49,26,9
1739725189.4701307,94,-34,-100
1739725189.5161307,-58,-16,-71
1739725189.5611308,-4,-12,-9
1739725189.6071308,109,48,-64
1739725189.6531308,-3,20,-36
1739725189.6981306,-45,42,-96
1739725189.7441306,6,-33,-93
1739725189.7901306,-27,30,-30
1739725189.8361306,50,79,4
1739725189.8811307,-54,-42,-43
1739725189.9271307,0,0,-126
1739725189.9731307,-33,44,-4
1739725190.0181308,39,21,-18
1739725190.0641308,-57,16,-65
1739725190.1101308,-87,49,-59
1739725190.1561308,-141,12,-111
1739725190.2011306,-24,-10,-9
1739725190.2471306,-47,12,-31
1739725190.2931306,-40,-24,29
1739725190.3381307,-13,14,-32
1739725190.3841307,4,-35,131
1739725190.4301307,-36,74,-64
1739725190.4761307,31,9,-132
1739725190.5211308,59,5,-78
1739725190.5671306,95,-71,53
1739725190.6131306,-11,58,-90
1739725190.6581306,84,64,-66
1739725190.7041306,6,-2,-152
1739725190.750131,48,-40,-27
1739725190.796131,-31,3,34
1739725190.8411307,13,52,40
1739725190.8871307,8,-2,-88
1739725190.9331307,-11,43,-82
1739725190.9781306,-2,-29,45
1739725191.0241306,-10,-5,-60
1739725191.0701306,-60,-43,177
1739725191.1161306,-38,-7,-90
1739725191.161131,-13,0,-108
1739725191.207131,22,-24,-27
1739725191.253131,0,-70,-51
1739725191.2981308,-7,35,-30
1739725191.3441308,22,74,-64
1739725191.3901308,-94,-50,-25
1739725191.4361308,-100,0,55
1739725191.4811306,-43,42,-108
1739725191.5271306,29,25,-8
1739725191.5731306,-27,4,-74
1739725191.6181307,42,-26,-33
1739725191.6641307,44,86,-20
1739725191.7101307,30,-18,5
1739725191.7561307,-157,-75,48
1739725191.8011308,-52,-31,59
1739725191.8471308,-10,-9,-124
1739725191.8931308,42,77,48
1739725191.9381306,142,-24,-21
1739725191.9841306,42,-42,-49
1739725192.0301306,-48,-56,-89
1739725192.0761306,52,-23,-16
1739725192.1211307,-5,54,-86
1739725192.1671307,2,-43,-37
1739725192.2131307,-70,-31,-33
1739725192.2581308,89,0,-46
1739725192.3041308,-63,64,-136
1739725192.3501308,59,61,-64
1739725192.3961308,53,61,46
1739725192.4411306,5,23,14
1739725192.4871306,-102,0,3
1739725192.5331306,57,13,-24
1739725192.5781307,76,-40,-1
1739725192.6241307,53,15,32
1739725192.6701307,-35,22,-20
1739725192.7161307,-1,16,-40
1739725192.7611306,45,11,-96
1739725192.8071306,107,22,-92
1739725192.8531306,11,5,-30
1739725192.898131,2,-6,49
1739725192.944131,59,33,74
1739725192.990131,24,-23,-51
1739725193.036131,-21,4,-92
1739725193.0811307,12,-5,-24
1739725193.1271307,3,53,-90
1739725193.1731308,-12,-58,49
1739725193.2181306,45,13,-66
1739725193.2641306,0,-7,-96
1739725193.3101306,-64,-11,-74
1739725193.3561306,21,15,12
1739725193.401131,-79,27,-64
1739725193.447131,3,-88,-79
1739725193.4931307,-31,4,-94
1739725193.5381308,-32,-33,-21
1739725193.5841308,-19,9,-22
1739725193.6301308,23,-18,-22
1739725193.6761308,13,87,-32
1739725193.7211306,-25,2,-84
1739725193.7671306,56,59,-78
1739725193.8131306,-72,-19,1
1739725193.8581307,-61,-44,-31
1739725193.9041307,-7,72,-11
1739725193.9501307,-70,0,0
1739725193.9961307,11,-21,54
1739725194.0411308,11,-11,-96
1739725194.0871308,7,-55,-158
1739725194.1331308,-44,-46,-75
1739725194.1781306,-25,12,-51
1739725194.2241306,-10,-44,-52
1739725194.2701306,-44,-62,-53
1739725194.3161306,-27,48,0
1739725194.3611307,31,-29,54
1739725194.4071307,-52,-54,-47
1739725194.4531307,31,7,6
1739725194.4981308,67,8,-164
1739725194.5441308,33,5,-88
1739725194.5901306,-62,100,-105
1739725194.6361306,-44,-30,-21
1739725194.6811306,-29,62,41
1739725194.727131,-30,-18,-91
1739725194.773131,107,32,-26
1739725194.8181307,-13,0,91
1739725194.8641307,26,0,-80
1739725194.9101307,6,-11,-62
1739725194.9561307,35,-73,6
1739725195.0011306,-29,10,23
1739725195.0471306,28,75,-38
1739725195.0931306,59,-81,-92
1739725195.138131,28,-15,28
1739725195.184131,72,94,-58
1739725195.230131,-45,30,55
1739725195.276131,-11,28,3
1739725195.3211308,21,23,-56
1739725195.3671308,-108,-43,-5
1739725195.4131308,17,21,62
1739725195.4581306,16,-9,-86
1739725195.5041306,-35,40,-65
1739725195.5501306,50,-9,-22
1739725195.5961306,-34,98,-58
1739725195.6411307,10,-27,-180
1739725195.6871307,-37,14,-109
1739725195.7331307,67,27,20
1739725195.7781308,-1,30,28
1739725195.8241308,55,25,4
1739725195.8701308,27,13,-54
1739725195.9161308,15,39,88
1739725195.9611306,-25,30,-35
1739725196.0071306,5,-115,-105
1739725196.0531306,25,45,-32
1739725196.0981307,-84,-65,-9
1739725196.1441307,45,3,-28
1739725196.1951306,44,-23,-60
1739725196.2411306,25,51,-44
1739725196.2871306,-34,-12,-119
1739725196.3331306,24,0,-2
1739725196.3781307,-69,-99,-51
1739725196.4241307,6,-39,15
1739725196.4701307,-31,56,-56
1739725196.5151308,-15,44,-82
1739725196.5611308,-87,45,23
1739725196.6071308,47,13,-18
1739725196.6531308,-48,-38,45
1739725196.6981306,48,-21,-32
1739725196.7441306,-17,44,-40
1739725196.7901306,-34,-60,-13
1739725196.8351307,-67,64,-109
1739725196.8811307,93,24,-136
1739725196.9271307,36,-49,-4
1739725196.9731307,8,73,-86
1739725197.0181308,26,77,-12
1739725197.0641308,36,-7,36
1739725197.1101308,38,-39,21
1739725197.1551306,39,53,-66
1739725197.2011306,28,-11,46
1739725197.2471306,33,25,82
1739725197.2931306,15,23,-2
1739725197.3381307,-51,20,-68
1739725197.3841307,2,0,-26
1739725197.4301307,19,29,-46
1739725197.4751308,-56,-26,-89
1739725197.5211308,-53,10,-94
1739725197.5671306,-17,0,59
1739725197.6131306,-93,11,-95
1739725197.6581306,13,19,10
1739725197.7041306,34,-26,77
1739725197.7501307,15,11,-84
1739725197.7951307,-49,38,-5
1739725197.8411307,-4,-18,25
1739725197.8871307,39,-19,-124
1739725197.9331307,11,13,-46
1739725197.9781306,-27,50,40
1739725198.0241306,-49,66,20
1739725198.0701306,-39,30,67
1739725198.1151307,-31,16,-88
1739725198.1611307,68,110,-28
1739725198.2071307,94,46,39
1739725198.2531307,36,14,-25
1739725198.2981308,-95,40,-80
1739725198.3441308,11,-48,-28
1739725198.3901308,8,12,93
1739725198.4351306,-27,0,-66
1739725198.4811306,-56,-43,-50
1739725198.5271306,8,6,-15
1739725198.5731306,-10,-11,49
1739725198.6181307,35,68,5
1739725198.6641307,36,66,35
1739725198.7101307,-57,-67,-72
1739725198.7551308,56,92,12
1739725198.8011308,51,94,-190
1739725198.8471308,68,-17,45
1739725198.8931308,-1,8,-118
1739725198.9381306,92,-45,27
1739725198.9841306,19,14,-20
1739725199.0301306,0,-43,-15
1739725199.0751307,-20,-15,79
1739725199.1211307,70,0,-144
1739725199.1671307,-59,20,-64
1739725199.2131307,6,17,-36
1739725199.2581308,45,-18,-72
1739725199.3041308,-56,-5,-132
1739725199.3501308,-22,-5,-64
1739725199.3951306,-65,43,38
1739725199.4411306,42,10,-81
1739725199.4871306,-20,-25,-38
1739725199.5331306,89,-21,-71
1739725199.5781307,0,-37,47
1739725199.6241307,26,24,-53
1739725199.6701307,13,4,-94
1739725199.7151306,-76,-6,80
1739725199.7611306,34,-10,-79
1739725199.8071306,27,-76,79
1739725199.8531306,13,26,-10
1739725199.8981307,-10,-61,87
1739725199.9441307,15,16,1
1739725199.9901307,43,50,-3
