time,x,y,z
1747011600.0223634,58,35,2
1747011600.0583634,-61,33,174
1747011600.0933633,30,-50,32
1747011600.1283634,53,-29,150
1747011600.1633637,1,22,106
1747011600.1993637,87,0,68
1747011600.2353632,77,-43,24
1747011600.270363,41,28,98
1747011600.306363,35,-27,114
1747011600.3413634,9,36,74
1747011600.3763633,0,0,26
1747011600.4113634,75,70,62
1747011600.4473634,-24,-11,-25
1747011600.4833634,-22,-17,116
1747011600.5183637,33,-41,12
1747011600.5543633,39,0,-41
1747011600.589363,-18,-69,124
1747011600.6243634,3,74,92
1747011600.6593633,77,-47,68
1747011600.6953633,-4,-23,134
1747011600.7313633,42,-16,-83
1747011600.7663634,0,-6,124
1747011600.8023634,28,-36,106
1747011600.8373632,1,18,58
1747011600.872363,17,-3,-7
1747011600.9073634,15,-35,34
1747011600.9433634,37,40,64
1747011600.9793634,-18,-17,76
1747011601.0143633,-42,-29,70
1747011601.0503633,-80,-37,114
1747011601.0853634,35,-65,-21
1747011601.1203637,-10,-49,-41
1747011601.155363,33,100,-5
1747011601.191363,25,80,3
1747011601.227363,3,-43,8
1747011601.2623634,41,-93,6
1747011601.2983634,141,-56,4
1747011601.3333633,67,-6,40
1747011601.3683634,-32,41,154
1747011601.4033637,1,-26,-19
1747011601.4393632,49,-58,66
1747011601.4753633,33,57,3
1747011601.510363,-18,-39,-38
1747011601.5463634,0,12,57
1747011601.5813634,-30,9,32
1747011601.6163633,52,55,14
1747011601.6513634,-59,0,248
1747011601.6873634,-21,-4,128
1747011601.7233634,-45,11,6
1747011601.7583632,128,79,-7
1747011601.7943633,1,30,104
1747011601.829363,-31,-24,2
1747011601.8643634,-21,35,114
1747011601.9003634,22,-2,-1
1747011601.9353633,-31,-30,126
1747011601.9713633,12,11,108
1747011602.0063634,-7,-10,77
1747011602.0423634,39,-12,95
1747011602.0773633,-64,-28,95
1747011602.112363,61,7,33
1747011602.1483634,24,-28,15
1747011602.1833634,88,-40,81
1747011602.2193637,-87,-48,178
1747011602.2543633,4,-2,25
1747011602.2903633,70,-2,29
1747011602.3253634,2,109,91
1747011602.3603632,-2,10,211
1747011602.3963633,-78,8,-8
1747011602.431363,-24,0,90
1747011602.4673634,-8,-38,-38
1747011602.5023634,-7,-22,149
1747011602.5383637,-120,15,-88
1747011602.5733633,69,31,81
1747011602.6083634,-8,21,151
1747011602.6443634,12,-7,131
1747011602.6793633,-41,42,89
1747011602.7153633,10,3,119
1747011602.750363,37,-26,107
1747011602.7863634,-46,-28,193
1747011602.8213634,-6,25,69
1747011602.8563633,45,-14,214
1747011602.8923633,35,-48,14
1747011602.9273634,-44,-8,56
1747011602.9633634,30,3,22
1747011602.9983633,-61,-12,-9
1747011603.0343633,-30,27,124
1747011603.0693634,5,23,136
1747011603.1043634,-18,9,50
1747011603.1403637,-66,-26,12
1747011603.1753633,-13,-78,38
1747011603.2113633,30,9,44
1747011603.2463634,-29,-56,97
1747011603.2823634,2,-30,10
1747011603.3173633,-23,11,234
1747011603.352363,-43,13,184
1747011603.3883634,-73,43,46
1747011603.4233634,5,16,-13
1747011603.4593637,60,-22,148
1747011603.4943633,-37,65,8
1747011603.530363,5,22,148
1747011603.5653634,-34,76,54
1747011603.6003633,49,50,-25
1747011603.6363633,23,46,32
1747011603.6713634,-18,58,145
1747011603.7073634,-42,-53,73
1747011603.7423637,41,-33,9
1747011603.7773633,-28,-57,23
1747011603.8123634,-18,58,-32
1747011603.8483634,-38,44,35
1747011603.8843634,41,-53,129
1747011603.9193633,-80,15,7
1747011603.9553633,19,4,161
1747011603.9903634,-22,66,33
1747011604.0253634,39,-49,15
1747011604.0603633,25,-23,119
1747011604.1033633,79,-21,125
1747011604.1403637,7,-37,-24
1747011604.1753633,75,-52,247
1747011604.2113633,-28,-56,131
1747011604.2463634,-36,-21,5
1747011604.2813632,9,14,97
1747011604.316363,-36,-21,0
1747011604.352363,-82,-31,73
1747011604.3883634,67,46,29
1747011604.4233634,-75,-6,139
1747011604.4593637,-21,41,91
1747011604.4943633,2,-40,78
1747011604.5293634,40,17,-88
1747011604.5643632,20,-49,81
1747011604.6003633,-21,37,17
1747011604.6363633,-45,-12,33
1747011604.6713634,36,87,-32
1747011604.7073634,53,63,48
1747011604.7423637,25,-4,6
1747011604.7773633,50,25,62
1747011604.8123634,-28,-2,7
1747011604.8483634,57,-42,96
1747011604.8843634,18,-22,71
1747011604.9193633,67,-20,107
1747011604.9553633,47,-20,55
1747011604.9903634,11,-46,97
1747011605.0253634,-12,0,18
1747011605.0603633,27,-69,102
1747011605.0963633,91,56,96
1747011605.132363,2,3,2
1747011605.1673634,44,-52,146
1747011605.2033634,14,15,100
1747011605.2383633,-19,-28,40
1747011605.2733634,-23,-24,136
1747011605.3083634,-13,-36,110
1747011605.3443637,11,-37,142
1747011605.3803637,-52,34,19
1747011605.4153633,27,-43,79
1747011605.451363,-20,-15,31
1747011605.4863634,-19,13,71
1747011605.5213633,49,9,-32
1747011605.556363,20,-34,239
1747011605.5923634,68,-22,123
1747011605.6283634,18,59,49
1747011605.6633637,65,-26,220
1747011605.6993637,37,13,136
1747011605.7343633,8,-64,134
1747011605.7693634,18,-68,-9
1747011605.8043633,86,4,151
1747011605.8403633,26,-71,41
1747011605.8763633,49,-49,153
1747011605.9113634,-2,14,118
1747011605.9473634,19,20,-27
1747011605.9823637,76,-33,94
1747011606.0173633,34,-13,24
1747011606.0523634,42,-41,62
1747011606.0883634,46,-25,78
1747011606.1243634,10,-7,160
1747011606.1593633,-65,53,107
1747011606.1953633,-21,23,-42
1747011606.2303634,55,-60,126
1747011606.2653637,-12,25,100
1747011606.3003633,-78,-8,138
1747011606.3363633,-60,27,-29
1747011606.372363,-16,37,104
1747011606.4073634,-122,-20,14
1747011606.4433634,-6,23,166
1747011606.4783633,-44,55,68
1747011606.5133634,-14,41,34
1747011606.5483634,92,-74,-36
1747011606.5843637,48,-4,-10
1747011606.6203637,-16,51,73
1747011606.655363,-3,31,45
1747011606.691363,47,53,183
1747011606.7263634,131,81,27
1747011606.7613633,-34,0,43
1747011606.7963634,73,-54,123
1747011606.8323634,-9,-32,178
1747011606.8683634,-11,3,9
1747011606.9033637,-35,-3,95
1747011606.9393632,-62,-56,63
1747011606.974363,-66,-30,113
1747011607.0093634,-10,27,12
1747011607.0453634,-6,21,118
1747011607.0803633,29,-16,20
1747011607.1163633,33,15,-43
1747011607.1513634,-2,47,-5
1747011607.1873634,78,30,96
1747011607.2223637,-34,-46,-5
1747011607.257363,-18,11,30
1747011607.293363,44,16,160
1747011607.3283634,14,22,94
1747011607.3643634,14,-57,162
1747011607.3993633,-15,-36,0
1747011607.4353633,41,55,90
1747011607.4703634,4,-27,24
1747011607.5053637,-61,28,88
1747011607.5413637,-24,27,152
1747011607.576363,-10,39,88
1747011607.612363,7,-104,192
1747011607.6473634,19,-24,114
1747011607.6833634,1,29,50
1747011607.7183633,-18,-14,80
1747011607.7533634,13,-38,112
1747011607.7893634,2,8,100
1747011607.8243637,-122,-4,94
1747011607.8603632,-10,-33,114
1747011607.895363,4,-2,51
1747011607.931363,54,59,29
1747011607.9663634,-46,94,-36
1747011608.0013633,-58,-24,100
1747011608.0373633,-44,31,149
1747011608.0723634,0,-8,122
1747011608.1083634,-20,-88,35
1747011608.1433637,-47,5,122
1747011608.1793633,36,-78,66
1747011608.214363,10,10,37
1747011608.2493634,-6,83,30
1747011608.2853634,21,-36,54
1747011608.3203633,7,17,-17
1747011608.3563633,53,-2,86
1747011608.3913634,34,-71,106
1747011608.4273634,6,54,68
1747011608.4623632,-45,32,98
1747011608.497363,-11,-52,102
1747011608.533363,-7,55,6
1747011608.5683634,-41,-83,64
1747011608.6043634,74,19,80
1747011608.6393633,-35,-25,162
1747011608.6753633,7,42,4
1747011608.7113633,-10,36,66
1747011608.747363,-34,18,104
1747011608.783363,-60,53,116
1747011608.8183634,-34,-12,76
1747011608.8533633,-62,27,60
1747011608.8893633,-36,-16,-57
1747011608.9253633,-8,-6,22
1747011608.9603634,5,11,74
1747011608.9963634,-2,11,106
1747011609.0313632,47,7,190
1747011609.066363,73,-35,84
1747011609.1013634,-51,-51,-73
1747011609.1373634,-51,51,44
1747011609.1733634,-10,-2,134
1747011609.2083633,-2,-8,110
1747011609.2443633,-7,-3,32
1747011609.2793634,13,-55,142
1747011609.3143632,27,14,76
1747011609.349363,-34,12,60
1747011609.385363,-44,34,112
1747011609.4213634,69,-81,14
1747011609.4563634,87,52,-17
1747011609.4923637,31,36,120
1747011609.5273633,-8,-7,-47
1747011609.5623634,56,55,100
1747011609.5973637,41,-57,62
1747011609.6333632,-34,-9,24
1747011609.6693633,-12,-7,150
1747011609.704363,-24,20,202
1747011609.7403634,-56,14,92
1747011609.7753634,13,-1,162
1747011609.8103633,13,34,-13
1747011609.8453634,23,-28,56
1747011609.8813634,-52,-20,-89
1747011609.9173634,37,-51,20
1747011609.9523633,20,47,68
1747011609.9883633,14,1,2
1747011610.0233634,16,71,138
1747011610.0583634,58,61,134
1747011610.0933633,52,-98,100
1747011610.1293633,-17,-18,52
1747011610.1653633,-9,-84,140
1747011610.2003634,-15,73,72
1747011610.2363634,-10,-23,-31
1747011610.2713633,46,1,40
1747011610.306363,69,-65,88
1747011610.3413634,5,-35,102
1747011610.3773634,-25,11,142
1747011610.4133637,45,26,66
1747011610.4483633,72,3,70
1747011610.4843633,-5,85,-25
1747011610.5193634,-10,36,26
1747011610.5543633,-17,-16,70
1747011610.589363,32,-8,14
1747011610.625363,12,0,-77
1747011610.6613634,60,7,76
1747011610.6963634,86,19,-29
1747011610.7323637,43,-15,146
1747011610.7673633,15,-33,66
1747011610.8023634,54,9,56
1747011610.8373632,90,-1,160
1747011610.8733633,66,-11,104
1747011610.9093633,-6,33,36
1747011610.9443634,53,61,144
1747011610.9803634,-48,0,-31
1747011611.0153637,51,-35,-35
1747011611.0503633,3,-47,132
1747011611.0853634,54,15,90
1747011611.1213634,-16,32,165
1747011611.1573634,-20,-55,87
1747011611.1923633,55,-63,23
1747011611.2283633,-2,8,93
1747011611.2633634,33,-1,57
1747011611.2983634,11,-15,57
1747011611.3333633,-1,95,67
1747011611.3693633,-8,-29,97
1747011611.405363,67,-29,151
1747011611.4403634,-79,77,59
1747011611.4763634,-31,-4,107
1747011611.5113633,-81,-22,-2
1747011611.5463634,-102,-49,127
1747011611.5813634,0,-95,69
1747011611.6173637,18,-88,1
1747011611.6533637,81,-15,29
1747011611.6883633,43,-9,-80
1747011611.724363,-52,-25,23
1747011611.7593634,33,-40,83
1747011611.7943633,19,-6,73
1747011611.829363,-30,33,143
1747011611.8653634,3,-21,191
1747011611.9013634,-6,48,177
1747011611.9363637,-124,13,59
1747011611.9723637,29,63,95
1747011612.007363,5,19,181
1747011612.0423634,-32,-28,165
1747011612.0783634,-50,35,29
1747011612.1133633,-68,-45,109
1747011612.1493633,69,4,111
1747011612.1843634,-8,62,69
1747011612.2203634,-45,-60,1
1747011612.2553637,-11,-22,131
1747011612.2903633,22,59,36
1747011612.326363,25,18,53
1747011612.3613634,0,-43,184
1747011612.3973634,-24,-3,46
1747011612.4323633,-15,-36,10
1747011612.4683633,-20,42,29
1747011612.5033634,-81,-4,125
1747011612.5383637,90,37,20
1747011612.5743637,-65,-14,62
1747011612.6093633,-18,20,86
1747011612.645363,-12,22,134
1747011612.6803634,41,8,114
1747011612.7163634,77,-31,288
1747011612.7513633,-37,45,38
1747011612.7863634,37,14,130
1747011612.8223634,25,-93,12
1747011612.8573637,5,6,84
1747011612.8933637,-22,-121,104
1747011612.928363,-29,0,42
1747011612.964363,-39,2,46
1747011612.9993634,-71,26,132
1747011613.0343633,58,-3,4
1747011613.0703633,66,48,82
1747011613.1053634,-51,-14,94
1747011613.1413634,-38,-6,70
1747011613.1763637,1,20,78
1747011613.2123632,63,-27,162
1747011613.247363,19,-3,32
1747011613.2823634,29,3,110
1747011613.3183634,1,50,82
1747011613.3533633,-20,11,109
1747011613.3893633,-6,-13,89
1747011613.4243634,37,38,37
1747011613.4603634,-26,-9,57
1747011613.4953637,-40,44,49
1747011613.530363,-42,-55,43
1747011613.566363,-30,-35,15
1747011613.6013634,31,-45,-8
1747011613.6373634,85,-5,85
1747011613.6723633,25,-17,123
1747011613.7083633,-24,72,27
1747011613.7433634,-22,34,-26
1747011613.7783637,35,18,99
1747011613.8143632,19,46,216
1747011613.849363,85,30,-33
1747011613.885363,81,16,64
1747011613.9203634,-70,-1,110
1747011613.9553633,-2,-10,8
1747011613.9903634,21,-56,96
1747011614.0263634,-46,15,2
1747011614.0623634,-6,3,8
1747011614.1043634,-90,29,11
1747011614.1413634,-40,-4,-26
1747011614.1763637,-56,-56,27
1747011614.2113633,147,38,35
1747011614.2463634,57,-45,55
1747011614.2823634,50,11,55
1747011614.3183634,-36,-113,111
1747011614.3533633,-9,15,93
1747011614.3893633,64,0,31
1747011614.4243634,-1,113,67
1747011614.4593637,-30,-56,33
1747011614.4943633,20,101,71
1747011614.530363,-89,-20,109
1747011614.566363,64,-130,15
1747011614.6013634,36,-82,69
1747011614.6373634,-49,-74,41
1747011614.6723633,2,13,41
1747011614.7073634,-3,15,-12
1747011614.7423637,42,19,43
1747011614.7783637,-1,1,-46
1747011614.8143632,38,53,59
1747011614.849363,56,21,79
1747011614.885363,18,-64,113
1747011614.9203634,-39,-76,117
1747011614.9553633,-12,-64,83
1747011614.9903634,-40,-34,87
1747011615.0263634,-16,11,79
1747011615.0623634,32,51,43
1747011615.0973637,62,53,1
1747011615.1333632,-49,1,55
1747011615.168363,0,-48,101
1747011615.2033634,-74,-13,143
1747011615.2383633,-34,54,49
1747011615.2743633,42,41,3
1747011615.3103633,11,38,40
1747011615.3453634,-20,45,126
1747011615.3813634,29,-6,120
1747011615.4163637,45,59,167
1747011615.451363,57,-64,120
1747011615.4863634,0,-28,72
1747011615.5223634,-14,87,38
1747011615.5583634,39,16,64
1747011615.5933633,-46,-56,126
1747011615.6293633,-44,31,-13
1747011615.6643634,17,28,28
1747011615.6993637,-50,14,36
1747011615.7343633,34,-28,120
1747011615.770363,-79,35,56
1747011615.806363,89,41,110
1747011615.8413634,-69,35,120
1747011615.8773634,28,-30,62
1747011615.9123633,-33,-8,40
1747011615.9473634,48,-68,8
1747011615.9823637,38,-26,64
1747011616.0183637,-9,-56,34
1747011616.0543633,100,3,-45
1747011616.089363,-11,27,76
1747011616.125363,60,-24,52
1747011616.1603634,-19,53,-65
1747011616.1953633,52,0,11
1747011616.2303634,8,-28,40
1747011616.2663634,20,-44,44
1747011616.3023634,-53,21,59
1747011616.3373632,-47,75,65
1747011616.3733633,-14,-24,119
1747011616.408363,-5,-32,-52
1747011616.4433634,-27,53,-2
1747011616.4783633,26,47,87
1747011616.5143633,70,-36,63
1747011616.5503633,20,-68,122
1747011616.5853634,2,-28,123
1747011616.6213634,18,3,123
1747011616.6563632,2,-104,49
1747011616.691363,58,-66,65
1747011616.7263634,-31,-24,130
1747011616.7623634,67,88,49
1747011616.7983634,-30,10,5
1747011616.8333633,0,-30,1
1747011616.8693633,18,29,127
1747011616.9043634,22,29,206
1747011616.9393632,14,-2,34
1747011616.974363,5,36,214
1747011617.010363,39,24,-115
1747011617.0463634,0,26,116
1747011617.0813634,66,-66,128
1747011617.1173637,0,-15,67
1747011617.1523633,-80,-15,141
1747011617.1873634,-106,3,89
1747011617.2233634,-62,41,95
1747011617.2583632,24,87,93
1747011617.2943633,-11,-28,111
1747011617.329363,-15,21,66
1747011617.3653634,-83,-22,84
1747011617.4003634,39,43,52
1747011617.4353633,-12,-80,-25
1747011617.4713633,-40,-9,259
1747011617.5063634,25,2,31
1747011617.5423634,19,22,195
1747011617.5773633,17,34,45
1747011617.6133633,-70,42,55
1747011617.6483634,23,18,-2
1747011617.6833634,39,-8,-18
1747011617.7193637,-45,22,36
1747011617.7553637,56,28,70
1747011617.7913637,22,-7,124
1747011617.826363,-4,12,81
1747011617.862363,31,19,1
1747011617.8973634,28,66,95
1747011617.9333634,64,32,82
1747011617.9683633,4,24,56
1747011618.0033634,81,104,134
1747011618.0393634,2,-74,-45
1747011618.0743637,42,7,32
1747011618.1103632,-28,-5,58
1747011618.145363,-12,2,178
1747011618.181363,-50,-29,-41
1747011618.2163634,-25,-16,78
1747011618.2513633,30,-40,118
1747011618.2873633,-40,32,84
1747011618.3223634,33,0,192
1747011618.3583634,-43,-19,34
1747011618.3933637,-41,16,136
1747011618.4293633,-49,-81,104
1747011618.464363,32,-83,-3
1747011618.4993634,8,8,-3
1747011618.5353634,49,-68,-2
1747011618.5703633,-8,29,31
1747011618.6063633,22,21,3
1747011618.6413634,-1,31,19
1747011618.6773634,-53,67,117
1747011618.7123632,-83,-40,91
1747011618.747363,44,41,71
1747011618.783363,69,-37,129
1747011618.8183634,-33,5,65
1747011618.8543634,54,-18,157
1747011618.8893633,38,15,39
1747011618.9243634,46,-40,79
1747011618.9593637,-3,-50,-2
1747011618.9953637,-33,27,115
1747011619.0313632,0,39,49
1747011619.066363,-15,-13,105
1747011619.102363,7,2,41
1747011619.1373634,53,26,63
1747011619.1723633,39,-51,11
1747011619.2073634,52,-58,169
1747011619.2433634,59,18,103
1747011619.2793634,22,55,-26
1747011619.3143632,2,29,-14
1747011619.3503633,-49,-30,-32
1747011619.385363,88,1,104
1747011619.4203634,42,-6,110
1747011619.4553633,21,-25,106
1747011619.4913633,-4,6,42
1747011619.5273633,1,32,54
1747011619.5623634,-42,-48,84
1747011619.5983634,-3,0,74
1747011619.6333632,54,13,140
1747011619.668363,-63,-40,40
1747011619.7033634,-137,6,94
1747011619.7393634,7,-23,148
1747011619.7753634,7,42,46
1747011619.8103633,75,-12,-7
1747011619.8463633,7,-26,102
1747011619.8813634,-26,31,58
1747011619.9163637,59,-28,130
1747011619.951363,35,-8,60
1747011619.987363,-40,27,-95
1747011620.0233634,78,-36,156
1747011620.0583634,-29,65,148
1747011620.0943637,-3,-56,160
1747011620.1293633,-34,-10,92
1747011620.1643634,15,45,48
1747011620.1993637,-20,2,-67
1747011620.2353632,63,60,176
1747011620.2713633,-70,-10,114
1747011620.306363,28,-3,-35
1747011620.3423634,-23,-13,100
1747011620.3773634,28,18,68
1747011620.4123633,66,18,184
1747011620.4473634,-9,16,70
1747011620.4833634,4,15,10
1747011620.5193634,52,47,108
1747011620.5543633,-21,-6,82
1747011620.5903633,-1,2,116
1747011620.625363,10,26,48
1747011620.6603634,12,17,86
1747011620.6953633,-27,69,34
1747011620.7313633,48,47,-17
1747011620.7673633,10,99,118
1747011620.8023634,33,74,110
1747011620.8383634,-22,4,68
1747011620.8733633,1,12,44
1747011620.908363,61,44,60
1747011620.9433634,-24,-29,62
1747011620.9793634,-96,28,0
1747011621.0153637,9,-17,176
1747011621.0503633,69,-3,64
1747011621.0863633,-58,-29,140
1747011621.1213634,-28,20,-147
1747011621.1563632,0,-19,126
1747011621.191363,23,54,82
1747011621.227363,35,63,8
1747011621.2633634,73,-103,152
1747011621.2983634,-2,-41,50
1747011621.3343637,13,30,-19
1747011621.3693633,55,-77,176
1747011621.4043634,-37,-26,100
1747011621.4393632,51,62,86
1747011621.4753633,22,49,62
1747011621.5113633,108,17,96
1747011621.5463634,16,0,90
1747011621.5823634,-37,93,104
1747011621.6173637,19,-47,100
1747011621.6523633,41,-21,-65
1747011621.6873634,85,2,29
1747011621.7233634,17,1,137
1747011621.7593634,111,-32,88
1747011621.7943633,5,80,172
1747011621.8303633,-14,-86,102
1747011621.8653634,-34,40,58
1747011621.9003634,30,-58,68
1747011621.9353633,28,-6,6
1747011621.9713633,-1,-102,100
1747011622.007363,74,-14,33
1747011622.0423634,-19,-20,86
1747011622.0783634,-69,29,133
1747011622.1133633,28,-22,91
1747011622.1483634,44,-40,131
1747011622.1843634,-31,-42,1
1747011622.2193637,0,-11,11
1747011622.2553637,-57,-35,45
1747011622.2903633,42,1,259
1747011622.326363,4,33,7
1747011622.3613634,92,-35,117
1747011622.3963633,-14,-79,57
1747011622.4323633,85,17,127
1747011622.4673634,-7,-24,-58
1747011622.5033634,43,-34,91
1747011622.5383637,-100,-86,59
1747011622.5743637,55,11,-8
1747011622.6093633,-17,13,161
1747011622.6443634,0,17,0
1747011622.6803634,-45,0,-8
1747011622.7153633,11,35,0
1747011622.7513633,-42,10,129
1747011622.7863634,37,-27,-14
1747011622.8223634,-13,-7,59
1747011622.8573637,-41,72,37
1747011622.8923633,-37,14,55
1747011622.928363,-59,-3,173
1747011622.9633634,64,-31,35
1747011622.9993634,-64,41,139
1747011623.0343633,45,9,-16
1747011623.0703633,-33,-14,-48
1747011623.1053634,25,20,119
1747011623.1403637,133,9,51
1747011623.1763637,-32,-79,63
1747011623.2113633,-72,42,61
1747011623.247363,99,-43,27
1747011623.2823634,15,26,99
1747011623.3183634,-56,-22,158
1747011623.3533633,-14,22,146
1747011623.3883634,34,-40,40
1747011623.4243634,-64,-17,218
1747011623.4593637,23,0,92
1747011623.4953637,47,-69,110
1747011623.530363,19,36,36
1747011623.566363,-5,-24,15
1747011623.6013634,-20,32,46
1747011623.6363633,2,-90,80
1747011623.6723633,-11,-44,31
1747011623.7073634,-13,-2,117
1747011623.7433634,-4,-15,117
1747011623.7783637,-2,-11,221
1747011623.8143632,36,13,1
1747011623.849363,3,18,197
1747011623.8843634,13,-23,161
1747011623.9203634,71,56,136
1747011623.9553633,-16,-63,92
1747011623.9913633,-21,-58,64
1747011624.0263634,25,88,54
1747011624.0613637,-35,11,64
1747011624.0963633,30,-56,90
1747011624.1393633,-47,5,-103
1747011624.1763637,6,-96,134
1747011624.2113633,42,-76,148
1747011624.247363,2,13,72
1747011624.2823634,20,-30,102
1747011624.3173633,3,25,128
1747011624.352363,19,-55,22
1747011624.3883634,-56,-7,152
1747011624.4243634,-65,0,50
1747011624.4593637,24,48,138
1747011624.4953637,-31,42,97
1747011624.530363,-33,22,-38
1747011624.5653634,-16,-9,95
1747011624.6003633,51,36,92
1747011624.6363633,18,-59,93
1747011624.6723633,41,-53,113
1747011624.7073634,73,-70,183
1747011624.7433634,-30,35,79
1747011624.7783637,25,39,13
1747011624.8133633,32,31,77
1747011624.8483634,9,45,84
1747011624.8843634,37,7,28
1747011624.9203634,41,-10,90
1747011624.9553633,-50,-74,20
1747011624.9913633,38,28,10
1747011625.0263634,4,10,5
1747011625.0613637,24,-27,55
1747011625.0963633,30,-1,41
1747011625.132363,66,22,261
1747011625.168363,64,-5,233
1747011625.2033634,10,8,1
1747011625.2393634,-61,54,31
1747011625.2743633,-35,-53,41
1747011625.3093634,88,-39,39
1747011625.3443637,64,8,91
1747011625.3803637,68,14,63
1747011625.4163637,-108,-37,165
1747011625.451363,51,-31,33
1747011625.487363,35,-37,63
1747011625.5223634,-26,6,53
1747011625.5573633,49,16,139
1747011625.5923634,52,-17,99
1747011625.6283634,17,-59,101
1747011625.6643634,-83,6,129
1747011625.6993637,-24,-45,161
1747011625.7353632,21,-3,29
1747011625.770363,-2,36,143
1747011625.8053634,-18,14,63
1747011625.8403633,54,62,95
1747011625.8763633,-35,-91,125
1747011625.9123633,-14,52,83
1747011625.9473634,-24,-11,55
1747011625.9833634,-16,-1,91
1747011626.0183637,-10,-11,97
1747011626.053363,43,2,43
1747011626.0883634,42,13,37
1747011626.1243634,56,-6,107
1747011626.1603634,-1,-46,73
1747011626.1953633,52,9,21
1747011626.2313633,70,55,31
1747011626.2663634,66,33,-18
1747011626.3013637,-56,-19,5
1747011626.3363633,-4,-27,-22
1747011626.372363,-88,18,-28
1747011626.408363,0,1,67
1747011626.4433634,62,9,127
1747011626.4793634,30,17,-20
1747011626.5143633,22,45,-14
1747011626.5493634,14,-72,105
1747011626.5843637,-21,-28,107
1747011626.6203637,10,33,137
1747011626.6563632,8,-18,55
1747011626.691363,-62,-59,173
1747011626.727363,8,-4,61
1747011626.7623634,-12,18,47
1747011626.7973633,29,-9,85
1747011626.8323634,115,-39,-14
1747011626.8693633,1,8,153
1747011626.9043634,19,-43,29
1747011626.9403634,45,38,165
1747011626.9763634,-26,-39,9
1747011627.0113633,29,-36,101
1747011627.0473633,41,-52,77
1747011627.0823634,37,-22,125
1747011627.1173637,-58,-6,63
1747011627.1523633,-10,-3,55
1747011627.1883633,-54,-11,149
1747011627.224363,-8,20,95
1747011627.2593634,94,-58,61
1747011627.2953634,6,1,147
1747011627.3303633,-25,-21,153
1747011627.3653634,4,-13,87
1747011627.4013634,-21,-104,23
1747011627.4363637,-83,-10,-30
1747011627.4723637,-27,-26,149
1747011627.507363,46,0,93
1747011627.543363,72,11,-36
1747011627.5783634,-60,-25,-12
1747011627.6133633,1,-37,135
1747011627.6493633,-18,-41,37
1747011627.6843634,-18,-63,185
1747011627.7203634,40,9,67
1747011627.7553637,1,-1,201
1747011627.7913637,-19,-16,83
1747011627.826363,-7,-29,29
1747011627.8613634,-4,44,19
1747011627.8973634,19,38,79
1747011627.9323633,-32,34,71
1747011627.9683633,-20,-86,-86
1747011628.0033634,15,-14,25
1747011628.0393634,10,6,47
1747011628.0743637,-63,-54,47
1747011628.1093633,83,-40,33
1747011628.145363,7,-8,153
1747011628.1803634,15,20,13
1747011628.2163634,47,-3,77
1747011628.2513633,7,-35,215
1747011628.2873633,59,-56,125
1747011628.3223634,-76,-44,115
1747011628.3573637,6,9,123
1747011628.3933637,40,-18,103
1747011628.428363,-30,-7,-40
1747011628.464363,-50,4,-32
1747011628.4993634,-30,0,161
1747011628.5353634,-66,-21,-20
1747011628.5703633,-30,68,51
1747011628.6053634,49,32,39
1747011628.6413634,17,-51,149
1747011628.6763637,-32,-3,97
1747011628.7123632,71,-53,65
1747011628.747363,73,8,35
1747011628.783363,81,60,129
1747011628.8183634,-29,-82,-50
1747011628.8533633,-14,-14,47
1747011628.8893633,-78,-69,181
1747011628.9243634,43,-27,-154
1747011628.9603634,9,56,53
1747011628.9953637,-56,11,-18
1747011629.0313632,-12,3,101
1747011629.0673633,-2,13,161
1747011629.1033633,-15,9,54
1747011629.1393633,27,-9,53
1747011629.1743634,21,-11,77
1747011629.2093637,90,-52,63
1747011629.2453637,40,-8,39
1747011629.2813632,2,-66,29
1747011629.316363,8,41,29
1747011629.352363,-2,43,157
1747011629.3873634,17,-2,-50
1747011629.4223633,23,-58,125
1747011629.4573634,14,-9,61
1747011629.4933634,-13,-1,95
1747011629.5293634,-15,118,23
1747011629.5643632,-19,-5,196
1747011629.6003633,60,25,54
1747011629.635363,50,67,160
1747011629.6703634,34,43,64
1747011629.7053633,-17,43,68
1747011629.7413633,12,-12,154
1747011629.7773633,-41,9,68
1747011629.8123634,100,11,-55
1747011629.8483634,-28,-33,106
1747011629.8833632,-16,-12,68
1747011629.918363,0,-36,108
1747011629.9533634,-5,-24,124
1747011629.9893634,-62,-27,26
1747011630.0253634,-12,22,140
1747011630.0603633,-50,48,10
1747011630.0963633,21,34,136
1747011630.1313634,-74,32,60
1747011630.1663637,59,-30,6
1747011630.201363,41,1,32
1747011630.237363,-62,-13,118
1747011630.2733634,17,28,8
1747011630.3083634,-21,-8,-27
1747011630.3443637,48,-20,40
1747011630.3793633,54,-8,62
1747011630.4143634,-83,7,118
1747011630.4493637,1,34,-63
1747011630.4853632,-20,-59,2
1747011630.5213633,13,-43,-1
1747011630.556363,-8,28,52
1747011630.5923634,-4,34,-13
1747011630.6273634,19,-10,58
1747011630.6623633,59,0,72
1747011630.6973634,13,32,-13
1747011630.7333634,-44,0,124
1747011630.7693634,-36,1,62
1747011630.8043633,-42,-93,-17
1747011630.8403633,39,-7,50
1747011630.875363,-46,-14,46
1747011630.9103634,35,-10,-1
1747011630.9453633,30,59,-19
1747011630.9813633,11,10,48
1747011631.0173633,63,-19,174
1747011631.0523634,-4,-44,88
1747011631.0883634,46,-10,72
1747011631.1233633,34,13,24
1747011631.158363,-53,9,128
1747011631.1933634,63,40,114
1747011631.2293634,-10,-29,104
1747011631.2653637,53,18,146
1747011631.3003633,61,-49,-119
1747011631.3363633,-6,-3,124
1747011631.3713634,41,-41,164
1747011631.4063632,0,34,208
1747011631.441363,31,16,-43
1747011631.477363,42,-66,208
1747011631.5133634,23,-43,-19
1747011631.5483634,96,13,232
1747011631.5843637,2,-56,119
1747011631.6193633,-68,-29,131
1747011631.6543634,93,-51,65
1747011631.6893632,79,8,125
1747011631.7253633,47,-3,133
1747011631.7613633,59,8,-7
1747011631.7963634,11,-49,24
1747011631.8323634,-59,-82,-21
1747011631.8673637,43,26,70
1747011631.9023633,41,-23,200
1747011631.9373634,11,-79,92
1747011631.9733634,19,-15,-12
1747011632.0093634,-33,27,109
1747011632.0443633,23,-43,-22
1747011632.0803633,1,47,0
1747011632.1153634,17,-74,81
1747011632.1503634,11,-68,112
1747011632.1853633,-12,-84,24
1747011632.2213633,-22,19,156
1747011632.257363,81,9,12
1747011632.2923634,27,13,130
1747011632.3283634,-22,-58,38
1747011632.3633633,17,27,26
1747011632.3983634,31,55,-53
1747011632.4343634,-28,-72,62
1747011632.4693637,-21,70,88
1747011632.5053637,-118,-39,174
1747011632.5403633,23,-29,-37
1747011632.576363,61,-31,-9
1747011632.6113634,-54,-11,58
1747011632.6463633,-40,-28,152
1747011632.6823633,-2,0,124
1747011632.7173634,-28,-29,-16
1747011632.7533634,53,-30,-88
1747011632.7883637,45,-4,65
1747011632.8243637,63,-58,85
1747011632.8593633,7,0,83
1747011632.8943634,15,-16,31
1747011632.9303634,9,-8,43
1747011632.9653633,-68,22,97
1747011633.0013633,11,27,133
1747011633.0363634,-14,-31,9
1747011633.0723634,5,-31,65
1747011633.1073637,-38,50,-22
1747011633.1423633,59,-16,59
1747011633.178363,17,-83,49
1747011633.2133634,-5,29,81
1747011633.2493634,14,1,101
1747011633.2843633,108,-64,57
1747011633.3203633,44,-44,15
1747011633.3553634,12,-48,-16
1747011633.3903637,-36,25,103
1747011633.4263637,55,17,154
1747011633.4613633,11,113,172
1747011633.497363,41,27,90
1747011633.5323634,-5,11,10
1747011633.5683634,109,-25,128
1747011633.6033633,67,-45,162
1747011633.6383634,34,-8,98
1747011633.6743634,28,-24,16
1747011633.7093637,84,-28,48
1747011633.7453637,34,25,0
1747011633.780363,66,61,22
1747011633.816363,-11,-32,112
1747011633.8513634,81,19,60
1747011633.8863633,19,-87,48
1747011633.9223633,119,48,-9
1747011633.9573634,55,-11,92
1747011633.9933634,-60,-29,90
1747011634.0283637,-4,-27,106
1747011634.0643632,-42,49,80
1747011634.1003633,11,112,70
1747011634.1423633,-26,-23,74
1747011634.178363,25,1,168
1747011634.214363,-30,-19,143
1747011634.250363,-22,-4,51
1747011634.2853634,47,33,149
1747011634.3213634,29,17,113
1747011634.3563633,-49,6,27
1747011634.3913634,57,67,107
1747011634.4263637,13,49,11
1747011634.4623632,-24,-18,59
1747011634.4983633,7,57,99
1747011634.533363,-24,-26,-12
1747011634.5693634,-14,64,137
1747011634.6043634,43,-5,139
1747011634.6393633,-47,-29,-66
1747011634.6743634,-15,64,67
1747011634.7103634,-71,16,85
1747011634.7463634,4,0,55
1747011634.7813632,45,66,13
1747011634.8173633,-6,-4,39
1747011634.852363,33,-54,3
1747011634.8873634,-24,53,137
1747011634.9223633,11,44,40
1747011634.9583633,45,-23,92
1747011634.9943633,0,-11,96
1747011635.0293634,45,-29,42
1747011635.0653634,79,-19,204
1747011635.1003633,36,-52,42
1747011635.135363,-50,44,64
1747011635.1703634,2,-12,130
1747011635.2063634,10,29,130
1747011635.2423637,-19,92,118
1747011635.2773633,-27,-43,228
1747011635.3133633,8,-39,62
1747011635.3483634,-50,94,-35
1747011635.3833632,-2,10,148
1747011635.418363,2,59,104
1747011635.454363,-145,-21,82
1747011635.4903634,-93,-15,12
1747011635.5253634,-43,53,52
1747011635.5613637,-63,-33,84
1747011635.5963633,28,42,58
1747011635.6313634,-85,-21,268
1747011635.6663637,-73,30,-53
1747011635.7023633,-11,10,-37
1747011635.7383633,18,-21,98
1747011635.7733634,-122,9,138
1747011635.8093634,-58,0,44
1747011635.8443637,-41,37,120
1747011635.8793633,26,37,142
1747011635.9143634,4,5,50
1747011635.9503634,-41,-2,26
1747011635.9863634,6,-28,160
1747011636.0213633,44,-32,108
1747011636.0573633,-37,17,52
1747011636.0923634,-3,-16,30
1747011636.1273634,-34,-37,26
1747011636.1623633,-54,63,214
1747011636.1983633,27,39,98
1747011636.2343633,175,-22,134
1747011636.2693634,41,-52,128
1747011636.3053634,-46,-98,106
1747011636.3403633,-39,-16,124
1747011636.375363,20,37,46
1747011636.4103634,22,93,204
1747011636.4463634,0,0,74
1747011636.4823637,-61,-18,18
1747011636.5173633,-29,-54,140
1747011636.553363,105,-32,66
1747011636.5883634,50,25,130
1747011636.6233633,132,129,48
1747011636.658363,-1,9,76
1747011636.6943634,10,57,80
1747011636.7303634,80,57,20
1747011636.7653637,16,9,176
1747011636.8013637,46,0,-83
1747011636.8363633,-37,21,-19
1747011636.8713634,56,39,-45
1747011636.9063632,16,-84,96
1747011636.9423633,45,-18,74
1747011636.9783633,36,35,98
1747011637.0133634,52,-8,138
1747011637.0493634,-15,-30,-23
1747011637.0843637,22,-34,24
1747011637.1193633,18,23,108
1747011637.1543634,11,-68,74
1747011637.1903634,17,8,34
1747011637.2263634,99,18,-25
1747011637.2613633,19,18,214
1747011637.2973633,-23,-29,62
1747011637.3323634,92,39,24
1747011637.3673637,42,-46,-57
1747011637.4033637,-11,-85,106
1747011637.4383633,120,69,100
1747011637.474363,-59,-6,110
1747011637.5093634,-11,-66,-23
1747011637.5453634,110,-5,172
1747011637.5803633,-12,57,146
1747011637.6153634,85,0,68
1747011637.6513634,-57,-71,48
1747011637.6863637,45,65,266
1747011637.7223637,12,-73,50
1747011637.757363,-55,18,46
1747011637.793363,46,-17,170
1747011637.8283634,-1,34,42
1747011637.8633633,55,103,130
1747011637.8993633,-2,23,82
1747011637.9343634,-40,0,78
1747011637.9703634,35,58,50
1747011638.0053637,11,8,120
1747011638.0413637,83,16,72
1747011638.076363,0,28,109
1747011638.1113634,51,28,70
1747011638.1473634,3,48,112
1747011638.1823633,3,-5,52
1747011638.2183633,12,20,104
1747011638.2533634,74,10,82
1747011638.2893634,46,-94,38
1747011638.3243637,-29,-36,40
1747011638.3593633,-45,12,100
1747011638.395363,28,6,25
1747011638.4303634,37,-26,-4
1747011638.4663634,29,-15,40
1747011638.5013633,-30,-27,-15
1747011638.5373633,-48,-2,110
1747011638.5723634,-21,-11,98
1747011638.6073637,46,67,-19
1747011638.6433637,-95,45,0
1747011638.678363,-37,23,22
1747011638.714363,-43,-24,102
1747011638.7493634,18,-6,104
1747011638.7853634,40,0,86
1747011638.8203633,28,17,-9
1747011638.8553634,-59,-98,48
1747011638.8913634,-13,-81,-9
1747011638.9263637,81,33,106
1747011638.9623632,18,-5,82
1747011638.997363,99,0,94
1747011639.033363,31,65,28
1747011639.0683634,26,11,62
1747011639.1033633,6,9,54
1747011639.1393633,-45,-25,88
1747011639.1743634,6,-5,112
1747011639.2103634,-3,0,-7
1747011639.2453637,37,38,63
1747011639.280363,-5,-15,53
1747011639.3153634,65,-83,97
1747011639.3513634,62,-58,80
1747011639.3873634,-38,-17,78
1747011639.4223633,-59,13,172
1747011639.4583633,88,-63,54
1747011639.4933634,-36,70,186
1747011639.5283637,-64,42,76
1747011639.5633633,-20,3,38
1747011639.599363,7,99,104
1747011639.635363,67,-17,100
1747011639.6703634,-18,-2,154
1747011639.7063634,-19,-21,24
1747011639.7413633,-10,-29,75
1747011639.7763634,6,-29,93
1747011639.8113637,-17,-13,71
1747011639.8473637,-5,4,87
1747011639.8833632,44,-11,-74
1747011639.918363,-1,35,21
1747011639.954363,-37,25,151
1747011639.9893634,8,-62,95
1747011640.0243633,30,53,43
1747011640.0593634,-4,-31,25
1747011640.0953634,-62,-5,101
1747011640.1313634,51,-45,119
1747011640.1663637,-2,-61,173
1747011640.2023633,45,54,15
1747011640.237363,-26,14,88
1747011640.2723634,-26,-7,170
1747011640.3073633,-44,26,76
1747011640.3433633,-26,2,22
1747011640.3793633,-39,-12,-39
1747011640.4143634,83,-79,154
1747011640.4503634,-64,20,81
1747011640.4853632,29,-43,58
1747011640.520363,-18,-37,100
1747011640.5553634,-38,-41,125
1747011640.5913634,16,23,109
1747011640.6273634,-23,-28,145
1747011640.6623633,-12,26,29
1747011640.6983633,-2,32,91
1747011640.7333634,4,11,145
1747011640.7683637,-13,63,69
1747011640.803363,-8,30,9
1747011640.839363,-92,-11,-2
1747011640.875363,41,-40,17
1747011640.9103634,0,0,-26
1747011640.9463634,6,-66,59
1747011640.9813633,31,-26,-18
1747011641.0163634,5,-8,25
1747011641.0513637,-93,-60,85
1747011641.0873632,34,53,145
1747011641.1233633,-38,-18,165
1747011641.158363,9,43,121
1747011641.1943634,33,-2,5
1747011641.2293634,-98,-14,173
1747011641.2643633,0,0,131
1747011641.2993634,-42,77,-72
1747011641.3353634,-16,-24,65
1747011641.3713634,-2,-2,119
1747011641.4063632,-5,37,69
1747011641.4423633,-20,5,33
1747011641.477363,20,-62,-4
1747011641.5123634,9,-24,75
1747011641.5473633,-15,15,-26
1747011641.5833633,8,1,109
1747011641.6193633,-31,-36,55
1747011641.6543634,-1,-16,44
1747011641.6903634,-12,28,270
1747011641.7253633,-19,19,-65
1747011641.760363,98,-14,2
1747011641.7953634,16,37,22
1747011641.8313634,2,-44,48
1747011641.8673637,-17,-28,10
1747011641.9023633,14,-40,54
1747011641.9383633,21,78,94
1747011641.9733634,63,22,-59
1747011642.0083632,-28,-33,28
1747011642.043363,-22,28,58
1747011642.079363,69,32,45
1747011642.1153634,-50,6,133
1747011642.1503634,39,-20,172
1747011642.1863637,21,-32,86
1747011642.2213633,77,-34,220
1747011642.2563634,-32,-96,94
1747011642.2913637,3,11,49
1747011642.3273633,-34,-12,158
1747011642.3633633,61,-32,16
1747011642.3983634,-116,2,22
1747011642.4343634,49,11,8
1747011642.4693637,-20,47,0
1747011642.5043633,4,43,-40
1747011642.5403633,48,-28,128
1747011642.5753634,-31,-54,122
1747011642.6113634,22,5,46
1747011642.6463633,14,-30,106
1747011642.6823633,46,-2,54
1747011642.7173634,-51,71,94
1747011642.7523634,-11,31,98
1747011642.7883637,-3,-16,76
1747011642.8233633,10,5,44
1747011642.8593633,42,47,44
1747011642.8943634,-82,-79,74
1747011642.9303634,-42,28,148
1747011642.9653633,25,34,38
1747011643.000363,61,-59,172
1747011643.0363634,37,-91,132
1747011643.0713634,73,-17,-21
1747011643.1073637,27,22,138
1747011643.1423633,-32,-57,42
1747011643.178363,5,-7,78
1747011643.2133634,-88,22,166
1747011643.2483633,45,26,46
1747011643.2843633,41,46,80
1747011643.3193634,-46,12,82
1747011643.3553634,-52,-36,104
1747011643.3903637,-12,-36,192
1747011643.4263637,-30,-4,52
1747011643.4613633,-90,5,96
1747011643.4963634,22,-2,15
1747011643.5323634,-25,65,-70
1747011643.5673633,-101,-40,195
1747011643.6033633,-8,4,-45
1747011643.6383634,19,-5,61
1747011643.6743634,69,100,7
1747011643.7093637,-30,-19,86
1747011643.7443633,126,-16,-35
1747011643.780363,-14,20,137
1747011643.8153634,-8,0,200
1747011643.8513634,36,-40,-4
1747011643.8863633,59,18,111
1747011643.9223633,88,-2,111
1747011643.9573634,-29,-24,55
1747011643.9923637,-21,37,126
1747011644.0283637,-9,41,-11
1747011644.0633633,32,-32,133
1747011644.099363,6,-36,1
1747011644.1343634,-31,-54,93
1747011644.1763637,25,16,-22
1747011644.2123632,-94,-13,205
1747011644.2483633,42,-14,95
1747011644.2843633,-65,3,-14
1747011644.3193634,91,-11,-2
1747011644.3553634,-50,78,173
1747011644.3903637,-10,68,59
1747011644.4253633,-42,62,-72
1747011644.4603634,47,100,105
1747011644.4963634,67,-24,39
1747011644.5323634,-46,31,119
1747011644.5673633,-66,-18,161
1747011644.6033633,13,-42,83
1747011644.6383634,61,54,133
1747011644.6733634,-6,8,177
1747011644.7083633,15,-30,131
1747011644.7443633,-114,-51,-62
1747011644.780363,-10,-31,71
1747011644.8153634,-16,-59,113
1747011644.8513634,65,56,93
1747011644.8863633,39,54,-22
1747011644.9213634,-20,-19,85
1747011644.9563634,-56,26,48
1747011644.9923637,-36,-60,71
1747011645.0283637,55,11,62
1747011645.0633633,126,39,63
1747011645.099363,37,-8,71
1747011645.1343634,13,-11,91
1747011645.1693633,-6,24,92
1747011645.204363,15,6,48
1747011645.2403634,-34,84,70
1747011645.2763634,47,23,96
1747011645.3113637,-38,-36,58
1747011645.3473637,-20,-62,116
1747011645.382363,37,-16,22
1747011645.4173634,-58,53,74
1747011645.4523633,21,-94,162
1747011645.4883633,49,54,28
1747011645.5243633,-18,-72,12
1747011645.5593634,40,23,178
1747011645.5953634,10,69,46
1747011645.6303637,-106,-34,92
1747011645.6653633,-65,-65,32
1747011645.7003634,-13,-41,98
1747011645.7363634,-9,-17,-35
1747011645.7723634,-23,26,108
1747011645.8073633,-43,-21,46
1747011645.8433633,-39,81,110
1747011645.8783634,20,-42,42
1747011645.9133637,2,59,42
1747011645.9483633,53,102,140
1747011645.9843633,45,-21,-57
1747011646.020363,3,-9,102
1747011646.0553634,67,50,96
1747011646.0913634,69,14,80
1747011646.1263633,29,50,94
1747011646.1613634,-61,-38,14
1747011646.1963634,-3,-10,158
1747011646.2323637,10,-64,110
1747011646.2683637,-18,38,274
1747011646.303363,1,-38,80
1747011646.339363,-14,-9,82
1747011646.3743634,-36,-71,104
1747011646.4093633,-16,-19,70
1747011646.4443634,109,46,30
1747011646.4803634,-3,36,208
1747011646.5163634,34,-27,46
1747011646.5513637,-51,2,-7
1747011646.5873632,-78,20,-83
1747011646.622363,-34,6,38
1747011646.6573634,9,-44,170
1747011646.6923633,-14,71,10
1747011646.7283633,41,-54,218
1747011646.7643633,-42,-28,86
1747011646.7993634,61,-35,104
1747011646.8353634,-30,6,104
1747011646.8703637,59,-89,68
1747011646.905363,-59,14,134
1747011646.9403634,-6,10,108
1747011646.9763634,-57,3,-53
1747011647.0123634,-10,-7,46
1747011647.0473633,53,2,104
1747011647.0833633,-44,-65,64
1747011647.1183634,87,-43,12
1747011647.1533637,-56,2,-13
1747011647.1883633,49,-9,12
1747011647.224363,1,54,190
1747011647.260363,53,-2,100
1747011647.2953634,29,35,68
1747011647.3313634,31,-22,86
1747011647.3663633,13,-12,86
1747011647.4013634,-52,-10,-15
1747011647.4363637,51,77,122
1747011647.4723637,77,47,2
1747011647.5083632,51,-18,80
1747011647.543363,-28,-2,138
1747011647.579363,129,7,-71
1747011647.6143634,23,48,22
1747011647.6493633,23,-82,142
1747011647.6853633,96,-44,180
1747011647.7203634,-1,39,100
1747011647.7563634,65,27,184
1747011647.7913637,35,-17,38
1747011647.8273633,-44,-102,68
1747011647.862363,9,-30,170
1747011647.8973634,-18,-48,88
1747011647.9333634,-18,18,80
1747011647.9683633,55,14,8
1747011648.0043633,13,11,85
1747011648.0393634,3,-12,81
1747011648.0753634,11,-78,-30
1747011648.1103632,23,18,51
1747011648.145363,71,-19,13
1747011648.181363,27,-19,59
1747011648.2163634,-80,-29,49
1747011648.2523634,137,14,212
1747011648.2873633,-12,-29,94
1747011648.3233633,-10,8,60
1747011648.3583634,31,-57,-5
1747011648.3933637,41,22,110
1747011648.4293633,-20,-24,56
1747011648.464363,-60,-35,-9
1747011648.500363,21,-6,68
1747011648.5353634,-54,5,205
1747011648.5713634,-28,-14,153
1747011648.6063633,79,-94,-6
1747011648.6413634,12,-8,29
1747011648.6773634,-42,83,-16
1747011648.7123632,-26,-16,169
1747011648.7483633,-86,13,17
1747011648.783363,2,66,85
1747011648.8193634,-10,-10,85
1747011648.8543634,15,95,141
1747011648.8893633,49,-76,53
1747011648.9253633,11,69,93
1747011648.9603634,-5,83,127
1747011648.9963634,18,-53,11
1747011649.0313632,29,-26,133
1747011649.066363,29,-12,141
1747011649.1013634,-10,-74,9
1747011649.1373634,-52,17,37
1747011649.1733634,15,-14,3
1747011649.2083633,55,35,-92
1747011649.2443633,81,3,49
1747011649.2793634,19,51,-2
1747011649.3153634,-16,-67,-34
1747011649.3503633,-24,31,71
1747011649.385363,2,97,21
1747011649.4213634,-22,-8,19
1747011649.4563634,-38,5,57
1747011649.4923637,-52,31,23
1747011649.5273633,-40,-80,3
1747011649.5623634,21,0,67
1747011649.5973637,63,7,-74
1747011649.6333632,61,-28,99
1747011649.6693633,21,32,99
1747011649.7053633,31,-77,39
1747011649.7413633,67,2,39
1747011649.7763634,9,30,115
1747011649.8123634,-32,12,181
1747011649.8473637,-48,-3,150
1747011649.882363,27,-51,38
1747011649.9173634,-4,46,14
1747011649.9533634,15,-15,44
1747011649.9893634,7,-37,36
1747011650.0243633,29,-33,110
1747011650.0603633,48,-10,56
1747011650.0953634,65,-19,78
1747011650.1303637,-42,28,178
1747011650.1653633,-21,57,10
1747011650.201363,47,73,84
1747011650.237363,103,-34,32
1747011650.2723634,-46,7,132
1747011650.3083634,27,2,92
1747011650.3433633,-64,54,198
1747011650.3783634,43,62,114
1747011650.4133637,0,-97,250
1747011650.4493637,-12,-47,106
1747011650.4853632,83,-13,88
1747011650.520363,3,68,78
1747011650.556363,5,22,116
1747011650.5913634,24,31,20
1747011650.6263633,-31,-92,188
1747011650.6613634,54,-62,106
1747011650.6973634,74,-2,98
1747011650.7333634,-15,58,68
1747011650.7683637,12,-44,15
1747011650.8043633,-81,4,77
1747011650.839363,-47,14,-8
1747011650.8743634,31,-49,89
1747011650.9093633,30,24,183
1747011650.9453633,10,-17,122
1747011650.9813633,54,-1,128
1747011651.0163634,38,32,47
1747011651.0523634,50,4,92
1747011651.0873632,34,-21,-8
1747011651.122363,60,-12,49
1747011651.1573634,-60,-41,41
1747011651.1933634,1,44,54
1747011651.2293634,-3,11,50
1747011651.2643633,-8,-5,77
1747011651.3003633,-47,-18,162
1747011651.3353634,39,6,-16
1747011651.3703637,47,-41,39
1747011651.405363,-12,-31,142
1747011651.441363,-88,-25,48
1747011651.477363,33,76,20
1747011651.5123634,-4,-13,-7
1747011651.5483634,7,-13,112
1747011651.5833633,-85,43,24
1747011651.6183634,6,-20,136
1747011651.6533637,45,9,136
1747011651.6893632,-23,14,120
1747011651.7253633,46,0,32
1747011651.760363,-23,20,10
1747011651.7963634,-45,-8,118
1747011651.8313634,6,-26,138
1747011651.8663633,32,-20,150
1747011651.9013634,4,-24,102
1747011651.9373634,-14,-17,150
1747011651.9733634,53,23,76
1747011652.0083632,-74,25,188
1747011652.0443633,48,-14,66
1747011652.079363,-40,-45,53
1747011652.1143634,-25,-12,109
1747011652.1493633,-60,-51,51
1747011652.1853633,6,31,-16
1747011652.2213633,2,-18,149
1747011652.2563634,10,13,133
1747011652.2923634,57,-13,129
1747011652.3273633,-58,-27,121
1747011652.362363,-4,62,-14
1747011652.3973634,12,-2,99
1747011652.4333634,-56,-73,105
1747011652.4693637,67,52,87
1747011652.5043633,33,-47,53
1747011652.5403633,37,-57,71
1747011652.5753634,-24,-43,99
1747011652.6103632,42,16,119
1747011652.6463633,66,48,45
1747011652.681363,25,-15,111
1747011652.7173634,-22,4,29
1747011652.7523634,-50,-9,17
1747011652.7883637,-17,-84,45
1747011652.8233633,16,60,157
1747011652.8583634,-52,27,121
1747011652.8943634,31,-60,77
1747011652.9293633,23,19,-16
1747011652.9653633,41,7,127
1747011653.000363,0,-10,115
1747011653.0363634,61,45,123
1747011653.0713634,-40,1,85
1747011653.1063633,22,57,27
1747011653.1423633,13,15,67
1747011653.1773634,72,-38,169
1747011653.2133634,82,0,-10
1747011653.2483633,-19,-104,147
1747011653.2843633,17,-20,135
1747011653.3193634,33,-34,117
1747011653.3543634,26,-21,37
1747011653.3903637,-33,12,121
1747011653.4253633,-3,-51,144
1747011653.4613633,30,-83,108
1747011653.4963634,-55,16,86
1747011653.5323634,-41,-45,48
1747011653.5673633,-45,-9,172
1747011653.602363,-17,5,4
1747011653.6383634,29,49,90
1747011653.6733634,-102,-16,68
1747011653.7093637,-4,42,82
1747011653.7443633,63,-10,52
1747011653.780363,0,49,-29
1747011653.8153634,-22,-67,76
1747011653.8503633,-20,-5,8
1747011653.8863633,57,26,-71
1747011653.9213634,37,30,108
1747011653.9573634,-10,-27,80
1747011653.9923637,-62,0,44
1747011654.0283637,57,19,-10
1747011654.0633633,-40,-26,7
1747011654.0983634,37,-28,149
1747011654.1343634,37,-56,53
1747011654.1693633,15,43,134
1747011654.2123632,-8,1,80
1747011654.2483633,-10,31,42
1747011654.2843633,25,-32,44
1747011654.3193634,-32,-18,100
1747011654.3543634,33,25,80
1747011654.3903637,15,-8,122
1747011654.4253633,91,-32,-15
1747011654.4613633,1,-60,76
1747011654.4963634,30,71,106
1747011654.5313632,-45,55,94
1747011654.566363,30,61,44
1747011654.602363,5,89,170
1747011654.6383634,21,3,110
1747011654.6733634,-21,-18,16
1747011654.7093637,24,-6,92
1747011654.7443633,22,23,58
1747011654.7793634,19,-64,116
1747011654.8143632,-38,12,82
1747011654.8503633,49,-49,26
1747011654.8863633,67,-15,-75
1747011654.9213634,-24,24,118
1747011654.9573634,-6,-20,78
1747011654.9923637,57,3,-1
1747011655.0273633,-20,-52,52
1747011655.0623634,-7,-2,30
1747011655.0983634,8,-54,80
1747011655.1343634,30,-30,196
1747011655.1693633,-23,-32,-69
1747011655.2053633,60,9,35
1747011655.2403634,25,-20,-3
1747011655.2753634,13,-32,112
1747011655.3103633,-50,-120,97
1747011655.3463633,71,-34,127
1747011655.382363,-49,-70,125
1747011655.4173634,-27,55,21
1747011655.4533634,15,-34,-30
1747011655.4883633,-21,49,57
1747011655.5233634,92,-14,271
1747011655.5583634,-31,-36,33
1747011655.5943637,-19,13,51
1747011655.6303637,18,31,1
1747011655.6653633,32,5,61
1747011655.701363,54,45,-24
1747011655.7363634,-23,53,123
1747011655.7713633,-41,3,93
1747011655.806363,6,29,175
1747011655.8423634,40,-2,117
1747011655.8783634,41,13,117
1747011655.9133637,-70,45,-44
1747011655.9493637,-8,-24,-2
1747011655.9843633,27,39,83
1747011656.0193634,25,21,25
1747011656.0543633,-28,73,121
1747011656.0903633,35,7,127
1747011656.1263633,2,-92,78
1747011656.1613634,58,39,122
1747011656.1973634,24,47,158
1747011656.2323637,112,43,108
1747011656.2673633,-63,-22,230
1747011656.3023634,-17,-24,136
1747011656.3383634,58,3,134
1747011656.3743634,-47,-48,94
1747011656.4093633,8,-14,172
1747011656.4453633,-3,1,20
1747011656.4803634,-12,-60,78
1747011656.5153637,65,-34,48
1747011656.5503633,-2,36,-23
1747011656.5863633,17,54,120
1747011656.622363,19,-37,192
1747011656.6573634,-12,-25,216
1747011656.6933634,115,70,114
1747011656.7283633,110,-34,-1
1747011656.7633634,32,-2,162
1747011656.7983634,6,-40,32
1747011656.8343637,57,-85,22
1747011656.8703637,-58,8,154
1747011656.905363,46,-8,126
1747011656.941363,38,85,-27
1747011656.9763634,-7,-60,58
1747011657.0113633,36,39,106
1747011657.0463634,-96,-7,56
1747011657.0823634,9,-35,46
1747011657.1183634,-20,56,16
1747011657.1533637,-27,-47,66
1747011657.1893632,-49,-43,72
1747011657.224363,-32,34,154
1747011657.2593634,20,10,74
1747011657.2943633,-49,-29,66
1747011657.3303633,77,10,84
1747011657.3663633,47,44,18
1747011657.4013634,27,-89,172
1747011657.4373634,-48,-52,48
1747011657.4723637,-15,-14,70
1747011657.507363,-31,-64,124
1747011657.5423634,-57,27,22
1747011657.5783634,16,-26,94
1747011657.6143634,28,-38,-93
1747011657.6493633,6,-34,-5
1747011657.6853633,24,5,30
1747011657.7203634,-5,-28,160
1747011657.7553637,4,3,96
1747011657.7913637,-25,55,80
1747011657.826363,-5,-52,-43
1747011657.862363,6,-36,18
1747011657.8973634,-31,-6,128
1747011657.9333634,-52,-37,98
1747011657.9683633,-70,-55,138
1747011658.0033634,18,18,166
1747011658.0393634,-22,-46,-21
1747011658.0743637,-17,30,174
1747011658.1103632,20,0,120
1747011658.145363,48,-77,116
1747011658.181363,-34,32,10
1747011658.2163634,9,52,-15
1747011658.2513633,-2,26,84
1747011658.2873633,-8,-3,87
1747011658.3223634,-36,54,60
1747011658.3583634,-19,-9,201
1747011658.3933637,91,-82,63
1747011658.4293633,-64,-9,89
1747011658.464363,41,60,-52
1747011658.4993634,66,31,127
1747011658.5353634,-7,-25,25
1747011658.5703633,48,-26,-50
1747011658.6063633,-64,36,61
1747011658.6413634,19,68,119
1747011658.6773634,-53,-20,13
1747011658.7123632,-27,16,85
1747011658.747363,-56,-57,67
1747011658.783363,-13,-17,127
1747011658.8193634,54,22,71
1747011658.8553634,-19,-17,59
1747011658.8903637,-3,22,139
1747011658.9263637,10,-47,53
1747011658.9613633,11,26,185
1747011658.997363,-50,72,35
1747011659.0323634,-52,-51,49
1747011659.0673633,-102,-13,-84
1747011659.1033633,40,11,-14
1747011659.1383634,-47,39,115
1747011659.1743634,47,2,215
1747011659.2093637,-54,-17,181
1747011659.2453637,-60,6,69
1747011659.280363,0,-43,35
1747011659.3153634,-2,-5,-50
1747011659.3513634,-16,12,55
1747011659.3863633,-68,44,101
1747011659.4223633,-37,-92,37
1747011659.4573634,6,21,91
1747011659.4933634,78,-8,33
1747011659.5283637,-13,-50,53
1747011659.5633633,20,0,1
1747011659.599363,-37,33,159
1747011659.6343634,62,61,-62
1747011659.6703634,-6,46,67
1747011659.7053633,-38,30,132
1747011659.7403634,-20,-51,33
1747011659.7753634,-103,87,-82
1747011659.8113637,32,1,55
1747011659.8473637,-14,-1,12
1747011659.882363,9,36,182
1747011659.918363,-10,-19,96
1747011659.9533634,39,23,136
1747011659.9883633,-10,61,104
1747011660.0233634,24,23,12
1747011660.0593634,-11,-48,148
1747011660.0953634,-21,34,32
1747011660.1303637,-9,-27,-5
1747011660.1663637,24,2,-14
1747011660.201363,38,80,41
1747011660.2363634,14,-31,-54
1747011660.2713633,-45,-1,9
1747011660.3073633,-68,21,75
1747011660.3433633,17,-30,-27
1747011660.3783634,-53,8,154
1747011660.4143634,-23,54,110
1747011660.4493637,30,-57,170
1747011660.4843633,-23,-13,58
1747011660.5193634,-15,-39,36
1747011660.5553634,50,20,122
1747011660.5913634,-34,-38,60
1747011660.6263633,-94,0,18
1747011660.6623633,-14,-54,74
1747011660.6973634,-49,-10,-17
1747011660.7323637,-32,62,148
1747011660.7673633,26,-40,-85
1747011660.803363,34,35,-9
1747011660.839363,-67,69,138
1747011660.8743634,2,-52,146
1747011660.9103634,24,-62,28
1747011660.9453633,82,-40,40
1747011660.9803634,20,-52,0
1747011661.0153637,34,-70,164
1747011661.0513637,-3,35,36
1747011661.0873632,49,-61,18
1747011661.122363,23,26,48
1747011661.158363,-50,-63,44
1747011661.1933634,-8,62,-12
1747011661.2283633,-14,18,154
1747011661.2633634,-33,57,94
1747011661.2993634,31,-37,91
1747011661.3353634,-68,-27,78
1747011661.3703637,9,6,163
1747011661.4063632,86,15,91
1747011661.441363,26,-24,87
1747011661.4763634,78,27,99
1747011661.5113633,-15,55,0
1747011661.5473633,72,33,-16
1747011661.5833633,10,5,78
1747011661.6183634,-9,5,148
1747011661.6543634,16,-2,77
1747011661.6893632,113,-20,69
1747011661.724363,3,57,95
1747011661.7593634,-2,1,93
1747011661.7953634,5,-4,104
1747011661.8313634,68,61,126
1747011661.8663633,3,-35,44
1747011661.9023633,22,-8,152
1747011661.9373634,110,-18,16
1747011661.9723637,52,-6,36
1747011662.007363,61,-15,66
1747011662.043363,-16,2,62
1747011662.079363,42,21,-3
1747011662.1143634,12,-56,104
1747011662.1503634,-11,41,40
1747011662.1853633,-48,48,-11
1747011662.2203634,-11,3,36
1747011662.2553637,9,36,124
1747011662.2913637,-65,-36,88
1747011662.3273633,-8,26,83
1747011662.362363,-18,-19,81
1747011662.3983634,-22,24,43
1747011662.4333634,27,60,15
1747011662.4683633,15,0,141
1747011662.5033634,69,-41,144
1747011662.5393634,-66,72,71
1747011662.5753634,5,-91,77
1747011662.6103632,25,-21,-24
1747011662.6463633,-68,-17,41
1747011662.681363,-28,0,104
1747011662.7163634,-42,4,-85
1747011662.7513633,43,18,144
1747011662.7873633,-62,-17,186
1747011662.8233633,-42,-21,36
1747011662.8583634,-4,72,-18
1747011662.8943634,-99,5,55
1747011662.9293633,-7,13,33
1747011662.964363,12,41,238
1747011663.000363,-27,119,-2
1747011663.0353634,9,-39,97
1747011663.0713634,-69,49,95
1747011663.1063633,-51,35,25
1747011663.1423633,18,-6,162
1747011663.1773634,-3,55,-9
1747011663.2123632,39,84,55
1747011663.2483633,39,-25,57
1747011663.283363,50,63,62
1747011663.3193634,136,-20,48
1747011663.3543634,19,-40,142
1747011663.3903637,89,51,57
1747011663.4253633,33,-14,1
1747011663.4603634,55,-51,35
1747011663.4963634,-6,-16,135
1747011663.5313632,-20,-24,-14
1747011663.5673633,92,-38,47
1747011663.602363,-44,15,35
1747011663.6383634,45,7,-42
1747011663.6733634,113,-49,60
1747011663.7083633,-14,-21,159
1747011663.7443633,-10,14,98
1747011663.7793634,-11,85,115
1747011663.8153634,-3,19,75
1747011663.8503633,-51,23,99
1747011663.8863633,-33,-32,153
1747011663.9213634,75,-17,21
1747011663.9563634,73,0,33
1747011663.9923637,19,2,41
1747011664.0273633,73,42,91
1747011664.0633633,-50,-17,151
1747011664.0983634,-56,-64,89
1747011664.1343634,-40,43,119
1747011664.1693633,-2,33,-78
1747011664.204363,43,-5,57
1747011664.247363,13,29,135
1747011664.283363,-2,-98,37
1747011664.3193634,-82,52,137
1747011664.3543634,15,-9,113
1747011664.3903637,31,-15,67
1747011664.4253633,45,52,89
1747011664.4603634,-120,12,63
1747011664.4963634,39,-13,105
1747011664.5313632,-8,19,-70
1747011664.5673633,15,-8,39
1747011664.602363,-18,15,37
1747011664.6383634,-6,41,65
1747011664.6743634,-35,-60,107
1747011664.7103634,30,-54,41
1747011664.7463634,24,-90,41
1747011664.7823634,70,-2,101
1747011664.8183634,71,-15,173
1747011664.8533633,28,-46,89
1747011664.8883634,-38,13,71
1747011664.9243634,-22,52,85
1747011664.9603634,-15,1,22
1747011664.9953637,-3,47,71
1747011665.0313632,-51,-56,107
1747011665.066363,34,0,51
1747011665.1013634,40,-34,23
1747011665.1363633,20,-12,223
1747011665.1723633,-11,0,139
1747011665.2083633,3,-41,193
1747011665.2433634,-55,9,143
1747011665.2793634,64,-14,75
1747011665.3143632,15,14,137
1747011665.349363,-18,-65,63
1747011665.3843634,46,-18,39
1747011665.4203634,-2,-7,-4
1747011665.4563634,-24,4,157
1747011665.4913633,50,-46,75
1747011665.5273633,57,30,83
1747011665.5623634,-7,33,91
1747011665.5973637,2,35,-8
1747011665.632363,94,35,39
1747011665.668363,48,23,31
1747011665.704363,-41,41,105
1747011665.7393634,32,3,157
1747011665.7753634,-23,-20,99
1747011665.8103633,4,-30,147
1747011665.8453634,6,-24,155
1747011665.8803637,-85,3,187
1747011665.9163637,26,-26,153
1747011665.9523633,-10,8,59
1747011665.987363,47,-10,33
1747011666.0233634,-76,12,109
1747011666.0583634,35,2,27
1747011666.0933633,7,42,107
1747011666.1283634,-28,-99,149
1747011666.1643634,85,44,35
1747011666.2003634,37,-25,-24
1747011666.2353632,13,2,127
1747011666.2713633,-8,0,153
1747011666.306363,59,-25,93
1747011666.3413634,59,4,41
1747011666.3763633,-28,76,97
1747011666.4123633,-37,-62,95
1747011666.4483633,-31,-38,67
1747011666.4833634,22,1,143
1747011666.5193634,-2,2,97
1747011666.5543633,-33,-84,63
1747011666.589363,0,27,147
1747011666.6243634,15,-35,13
1747011666.6603634,47,28,3
1747011666.6963634,-40,42,167
1747011666.7313633,60,-22,145
1747011666.7673633,39,-7,-6
1747011666.8023634,-109,-146,45
1747011666.8373632,-106,26,93
1747011666.872363,21,-1,229
1747011666.908363,-12,76,145
1747011666.9443634,-15,45,115
1747011666.9793634,32,-6,-32
1747011667.0153637,-15,23,-18
1747011667.0503633,17,16,51
1747011667.0853634,39,-7,129
1747011667.1203637,11,-89,-54
1747011667.1563632,46,13,89
1747011667.1923633,16,23,65
1747011667.227363,8,-32,131
1747011667.2633634,-30,-10,65
1747011667.2983634,-58,-22,123
1747011667.3333633,41,-4,37
1747011667.3683634,33,-25,123
1747011667.4043634,39,12,-24
1747011667.4403634,11,-11,209
1747011667.4753633,-57,27,-2
1747011667.5113633,13,4,161
1747011667.5463634,-26,89,41
1747011667.5813634,29,11,13
1747011667.6173637,-33,-26,43
1747011667.6523633,-23,5,227
1747011667.6883633,-56,1,71
1747011667.7233634,31,14,159
1747011667.7593634,29,44,111
1747011667.7943633,-7,5,19
1747011667.829363,20,-6,113
1747011667.8643634,-23,39,129
1747011667.9003634,-49,-74,83
1747011667.9363637,39,-14,97
1747011667.9713633,11,48,41
1747011668.007363,21,-19,111
1747011668.0423634,23,-2,152
1747011668.0773633,68,41,-74
1747011668.1133633,-55,35,102
1747011668.1483634,-39,49,8
1747011668.1843634,0,-20,136
1747011668.2193637,90,39,-117
1747011668.2553637,-36,25,14
1747011668.2903633,41,-22,-41
1747011668.3253634,0,45,142
1747011668.3613634,-28,9,96
1747011668.3963633,73,19,76
1747011668.4323633,93,15,118
1747011668.4673634,21,-70,78
1747011668.5033634,-12,-34,-39
1747011668.5383637,15,-16,142
1747011668.5733633,-56,-36,-17
1747011668.6093633,19,-5,0
1747011668.6443634,-127,-26,40
1747011668.6803634,66,-16,6
1747011668.7153633,50,11,112
1747011668.7513633,80,-12,44
1747011668.7863634,-5,69,108
1747011668.8213634,28,-12,34
1747011668.8573637,32,-44,102
1747011668.8923633,-25,-26,2
1747011668.928363,-87,103,-5
1747011668.9633634,34,73,58
1747011668.9993634,-29,-16,189
1747011669.0343633,-47,-6,51
1747011669.0693634,8,-44,111
1747011669.1053634,-25,65,71
1747011669.1403637,-7,-18,107
1747011669.1763637,29,-6,-20
1747011669.2113633,-3,-94,-77
1747011669.247363,19,-31,58
1747011669.2823634,52,-24,84
1747011669.3173633,-6,5,120
1747011669.3533633,-25,-28,42
1747011669.3883634,64,-8,-31
1747011669.4243634,32,-18,28
1747011669.4593637,-55,-68,26
1747011669.4953637,29,-33,168
1747011669.530363,-42,10,38
1747011669.5653634,-36,-32,104
1747011669.6013634,-66,-125,168
1747011669.6363633,59,-82,28
1747011669.6723633,11,13,86
1747011669.7073634,-2,-28,158
1747011669.7433634,-11,-50,32
1747011669.7793634,-33,47,138
1747011669.8153634,0,-34,8
1747011669.8513634,28,15,136
1747011669.8873634,120,85,70
1747011669.9223633,-34,-62,60
1747011669.9573634,-7,25,-76
1747011669.9933634,35,-40,83
1747011670.0283637,-77,-6,109
1747011670.0643632,65,-5,-16
1747011670.099363,13,-1,79
1747011670.1343634,-22,-5,17
1747011670.1693633,15,-51,127
1747011670.2053633,5,6,101
1747011670.2413633,-2,-55,119
1747011670.2763634,-12,-25,57
1747011670.3123634,57,42,233
1747011670.3473637,65,34,75
1747011670.382363,43,-15,191
1747011670.4173634,51,-45,13
1747011670.4533634,19,-57,17
1747011670.4893634,-46,6,151
1747011670.5243633,11,7,29
1747011670.5603633,40,-16,201
1747011670.5953634,-93,51,11
1747011670.6303637,56,47,73
1747011670.6653633,26,-11,135
1747011670.701363,78,37,143
1747011670.737363,-60,36,39
1747011670.7723634,25,28,127
1747011670.8083634,-14,-43,-28
1747011670.8433633,11,-29,43
1747011670.8783634,-38,2,27
1747011670.9133637,73,-68,98
1747011670.9493637,-4,11,-81
1747011670.9853632,-9,-12,-31
1747011671.020363,23,13,76
1747011671.056363,7,-34,80
1747011671.0913634,-74,-18,196
1747011671.1263633,-16,-14,58
1747011671.1613634,14,-47,-53
1747011671.1973634,74,6,20
1747011671.2333634,-27,-46,84
1747011671.2683637,-47,13,-15
1747011671.3043633,-89,-19,110
1747011671.339363,24,-27,-21
1747011671.3743634,-11,32,50
1747011671.4093633,-54,78,50
1747011671.4453633,-87,24,94
1747011671.4813633,2,-27,-25
1747011671.5173633,-43,-7,180
1747011671.553363,62,100,126
1747011671.5883634,-42,-87,20
1747011671.6243634,22,-37,172
1747011671.6593633,-29,-1,132
1747011671.6943634,-47,20,26
1747011671.7293634,24,-31,110
1747011671.7653637,53,14,16
1747011671.8013637,-12,-13,28
1747011671.8363633,41,-1,162
1747011671.872363,73,56,90
1747011671.9073634,31,44,62
1747011671.9423633,-40,-1,110
1747011671.977363,27,28,154
1747011672.0133634,13,-11,30
1747011672.0493634,2,-31,42
1747011672.0843637,-13,-5,70
1747011672.1203637,41,36,-3
1747011672.155363,37,37,34
1747011672.1903634,-3,66,66
1747011672.2253633,73,-30,92
1747011672.2613633,34,58,-73
1747011672.2973633,79,-5,74
1747011672.3323634,-78,-37,104
1747011672.3683634,-26,-11,16
1747011672.4033637,35,-11,54
1747011672.4383633,9,36,36
1747011672.4733634,-26,14,132
1747011672.5093634,73,10,132
1747011672.5453634,17,28,54
1747011672.5803633,-6,-31,116
1747011672.6163633,57,30,134
1747011672.6513634,47,-47,70
1747011672.6863637,-44,22,86
1747011672.7213633,9,0,12
1747011672.757363,65,-6,136
1747011672.793363,30,-67,71
1747011672.8283634,8,-70,107
1747011672.8643634,24,21,63
1747011672.8993633,93,-48,133
1747011672.9343634,-20,51,7
1747011672.9693637,42,-23,101
1747011673.0053637,-15,-41,2
1747011673.0413637,-11,22,133
1747011673.076363,-38,39,51
1747011673.112363,88,59,81
1747011673.1473634,-39,33,149
1747011673.1823633,-9,-23,109
1747011673.2183633,-19,-23,179
1747011673.2533634,-29,-7,61
1747011673.2893634,-67,74,99
1747011673.3243637,0,-43,101
1747011673.3603632,34,-40,51
1747011673.395363,-23,-2,-172
1747011673.4303634,2,-2,35
1747011673.4663634,-19,33,71
1747011673.5013633,32,-28,101
1747011673.5373633,-79,-58,109
1747011673.5723634,-33,43,109
1747011673.6083634,-40,-39,63
1747011673.6433637,-45,-25,83
1747011673.678363,-53,20,103
1747011673.714363,-71,-6,-48
1747011673.7493634,-26,25,-86
1747011673.7853634,9,-52,29
1747011673.8203633,-8,49,21
1747011673.8563633,-15,-84,147
1747011673.8913634,38,-50,185
1747011673.9263637,-13,39,79
1747011673.9623632,-77,-30,69
1747011673.997363,11,5,39
1747011674.033363,1,35,5
1747011674.0683634,-60,-28,169
1747011674.1043634,91,-18,-90
1747011674.1393633,11,-56,57
1747011674.1743634,-10,49,115
1747011674.2103634,67,-18,203
1747011674.2523634,-38,1,173
1747011674.2893634,35,5,41
1747011674.3243637,37,73,111
1747011674.3603632,-32,13,119
1747011674.395363,21,-46,161
1747011674.4303634,-32,-2,89
1747011674.4663634,-20,-12,25
1747011674.5013633,33,88,5
1747011674.5373633,-26,7,35
1747011674.5723634,110,-51,157
1747011674.6083634,24,-43,55
1747011674.6433637,26,-27,19
1747011674.678363,0,29,155
1747011674.714363,109,43,91
1747011674.7493634,29,-24,7
1747011674.7853634,-54,-44,183
1747011674.8203633,-36,77,-78
1747011674.8563633,63,1,77
1747011674.8923633,-20,5,43
1747011674.9273634,69,-96,153
1747011674.9623632,65,-22,111
1747011674.9983633,-14,39,77
1747011675.0343633,81,-44,63
1747011675.0693634,-7,57,107
1747011675.1053634,26,-32,41
1747011675.1403637,-7,-36,53
1747011675.1753633,12,53,137
1747011675.2103634,-14,-13,143
1747011675.2463634,-44,0,85
1747011675.2823634,-8,-15,57
1747011675.3173633,0,-21,27
1747011675.3533633,13,56,231
1747011675.3883634,-46,-35,43
1747011675.4233634,-72,-4,137
1747011675.4583633,-134,-48,117
1747011675.4943633,7,38,169
1747011675.530363,-8,-13,129
1747011675.5653634,-49,74,43
1747011675.6013634,32,-66,58
1747011675.6363633,-17,-44,118
1747011675.6713634,-33,-34,112
1747011675.7063634,16,3,56
1747011675.7423637,-51,19,162
1747011675.7783637,38,25,-21
1747011675.8133633,64,83,136
1747011675.849363,26,-34,26
1747011675.8843634,-43,-14,194
1747011675.9193633,16,-24,-11
1747011675.954363,18,-33,142
1747011675.9903634,16,72,76
1747011676.0263634,-69,14,-51
1747011676.0613637,-71,-22,136
1747011676.0973637,63,-23,156
1747011676.132363,-3,-10,66
1747011676.1673634,-1,-74,123
1747011676.2023633,-7,11,-28
1747011676.2383633,-11,-4,-4
1747011676.2743633,4,-16,43
1747011676.3093634,96,25,101
1747011676.3453634,17,41,117
1747011676.3803637,-16,-24,-92
1747011676.4153633,-24,31,54
1747011676.4503634,22,-60,76
1747011676.4863634,-43,5,116
1747011676.5223634,3,49,70
1747011676.5573633,27,-96,22
1747011676.5933633,-90,-46,89
1747011676.6283634,-6,69,189
1747011676.6633637,9,-36,81
1747011676.6983633,-25,33,-68
1747011676.7343633,41,45,5
1747011676.770363,-71,9,197
1747011676.8053634,-18,-44,91
1747011676.8413634,-52,57,61
1747011676.8763633,5,27,203
1747011676.9113634,7,5,120
1747011676.9463634,-38,45,58
1747011676.9823637,-24,18,40
1747011677.0183637,-14,-43,40
1747011677.053363,-26,16,107
1747011677.089363,13,18,237
1747011677.1243634,-22,4,10
1747011677.1593633,15,-4,66
1747011677.1943634,97,12,68
1747011677.2303634,-9,-4,120
1747011677.2663634,-89,75,72
1747011677.3013637,-48,52,-47
1747011677.3373632,-32,-4,94
1747011677.372363,18,35,172
1747011677.4073634,-61,28,134
1747011677.4423633,48,-3,46
1747011677.4783633,-33,86,184
1747011677.5143633,76,12,32
1747011677.5493634,-9,-27,69
1747011677.5853634,-59,-40,147
1747011677.6203637,7,73,-18
1747011677.655363,-27,15,229
1747011677.6903634,-34,-8,153
1747011677.7263634,33,-40,109
1747011677.7623634,-10,3,101
1747011677.7973633,-30,15,109
1747011677.8333633,-19,-6,0
1747011677.8683634,50,10,83
1747011677.9033637,6,-7,155
1747011677.9383633,-39,24,97
1747011677.974363,50,-61,135
1747011678.010363,3,78,95
1747011678.0453634,23,-99,81
1747011678.0813634,109,-19,149
1747011678.1163633,-40,-17,57
1747011678.1513634,-30,-11,59
1747011678.1873634,-20,2,85
1747011678.2223637,-10,28,-128
1747011678.2583632,-54,-6,123
1747011678.293363,79,19,97
1747011678.329363,24,25,53
1747011678.3643634,-9,29,125
1747011678.3993633,28,29,84
1747011678.4353633,-19,65,131
1747011678.4703634,26,55,-83
1747011678.5063634,10,25,-2
1747011678.5413637,-25,11,52
1747011678.5773633,-33,-76,76
1747011678.612363,30,-26,118
1747011678.6473634,10,-86,54
1747011678.6833634,22,-16,63
1747011678.7183633,-55,49,11
1747011678.7543633,-89,51,-20
1747011678.7893634,53,-43,106
1747011678.8253634,-13,-80,66
1747011678.8603632,2,-58,12
1747011678.895363,-13,-54,114
1747011678.931363,-5,-40,164
1747011678.9663634,-85,9,104
1747011679.0023634,-33,9,60
1747011679.0373633,-7,65,158
1747011679.0733633,46,-40,26
1747011679.1083634,52,20,0
1747011679.1433637,-63,-7,158
1747011679.1793633,-3,-43,82
1747011679.214363,35,84,28
1747011679.250363,-15,-23,-18
1747011679.2853634,-65,40,-13
1747011679.3213634,54,82,73
1747011679.3563633,98,-3,-1
1747011679.3913634,-23,12,-53
1747011679.4273634,-87,-39,-11
1747011679.4623632,-29,-25,24
1747011679.4983633,-10,20,22
1747011679.533363,23,-33,70
1747011679.5693634,-66,32,32
1747011679.6043634,31,52,20
1747011679.6393633,1,62,98
1747011679.6753633,7,54,-47
1747011679.7103634,13,-31,112
1747011679.7463634,17,38,102
1747011679.7813632,-30,86,136
1747011679.816363,85,42,24
1747011679.8513634,-78,57,22
1747011679.8873634,73,-7,158
1747011679.9233634,45,-73,142
1747011679.9583633,-52,52,30
1747011679.9943633,-28,-11,26
1747011680.0293634,-26,64,74
1747011680.0643632,65,-3,132
1747011680.099363,-8,-23,102
1747011680.135363,-26,16,196
1747011680.1713634,55,4,44
1747011680.2063634,-64,6,4
1747011680.2423637,-2,-57,-5
1747011680.2773633,-16,48,64
1747011680.3123634,-8,4,51
1747011680.3473637,-5,23,2
1747011680.3833632,-3,-44,-22
1747011680.4193633,-31,-36,-37
1747011680.454363,30,-60,162
1747011680.4903634,46,27,126
1747011680.5253634,8,-34,-85
1747011680.5603633,-39,-20,82
1747011680.5953634,72,95,-33
1747011680.6313634,-27,35,22
1747011680.6673634,-33,-12,64
1747011680.7023633,26,-16,112
1747011680.7383633,-36,15,-21
1747011680.7733634,21,-44,146
1747011680.8083634,-32,-13,56
1747011680.8433633,-54,-13,183
1747011680.8793633,-54,6,86
1747011680.9153633,-14,52,107
1747011680.9503634,-12,22,4
1747011680.9863634,-37,43,98
1747011681.0213633,99,32,27
1747011681.056363,-24,30,79
1747011681.0913634,39,13,103
1747011681.1273634,-4,-16,187
1747011681.1633637,9,41,23
1747011681.1983633,48,-42,25
1747011681.2343633,1,76,15
1747011681.2693634,71,-21,187
1747011681.3043633,-6,-87,139
1747011681.339363,-41,11,101
1747011681.375363,17,-29,81
1747011681.4113634,-32,-15,-12
1747011681.4463634,33,-67,79
1747011681.4823637,19,-13,41
1747011681.5173633,51,40,1
1747011681.5523634,-32,-47,143
1747011681.5873632,1,-29,105
1747011681.6233633,26,-54,-18
1747011681.6593633,57,-87,69
1747011681.6943634,-20,-41,173
1747011681.7303634,117,23,43
1747011681.7653637,44,-16,140
1747011681.8003633,-73,51,36
1747011681.8353634,64,-2,52
1747011681.8713634,-9,27,58
1747011681.9073634,-31,17,132
1747011681.9423633,-41,-8,10
1747011681.9783633,97,30,43
1747011682.0133634,-24,-27,17
1747011682.0483634,-50,-23,112
1747011682.0833633,4,18,36
1747011682.1193633,12,-3,98
1747011682.155363,-25,-47,82
1747011682.1903634,-5,-29,42
1747011682.2263634,-5,-53,24
1747011682.2613633,-63,-45,60
1747011682.2963634,-21,38,-87
1747011682.3313634,-47,104,124
1747011682.3673637,22,54,96
1747011682.4033637,2,-11,94
1747011682.4383633,48,-47,54
1747011682.474363,62,-33,68
1747011682.5093634,-51,-55,126
1747011682.5443633,21,-47,92
1747011682.579363,-45,-63,58
1747011682.6153634,23,-31,52
1747011682.6513634,-31,-70,196
1747011682.6863637,110,3,4
1747011682.7223637,-87,17,-3
1747011682.757363,-3,15,52
1747011682.7923634,13,3,26
1747011682.8273633,-19,15,-13
1747011682.8633633,60,-10,158
1747011682.8993633,93,-7,184
1747011682.9343634,45,-59,138
1747011682.9703634,13,-27,140
1747011683.0053637,23,44,126
1747011683.0403633,-16,14,222
1747011683.0753634,0,53,-5
1747011683.1113634,-29,53,154
1747011683.1473634,15,-19,158
1747011683.1823633,3,44,112
1747011683.2183633,111,-43,32
1747011683.2533634,85,20,90
1747011683.2883637,-10,-67,110
1747011683.3243637,-7,-68,-19
1747011683.3593633,32,23,120
1747011683.395363,-44,40,38
1747011683.4303634,35,32,44
1747011683.4663634,15,-35,-77
1747011683.5013633,-80,-7,138
1747011683.5363634,1,-19,28
1747011683.5723634,-4,26,-15
1747011683.6073637,55,-13,106
1747011683.6433637,28,17,10
1747011683.678363,-1,-28,114
1747011683.714363,1,-79,32
1747011683.7493634,65,40,-1
1747011683.7843633,23,-29,38
1747011683.8203633,93,36,122
1747011683.8553634,35,26,60
1747011683.8913634,53,11,-11
1747011683.9263637,-36,-2,-25
1747011683.9623632,121,-4,10
1747011683.997363,17,-12,116
1747011684.0323634,81,8,142
1747011684.0683634,-80,120,60
1747011684.1033633,-42,-41,90
1747011684.1393633,49,75,76
1747011684.1743634,92,-24,126
1747011684.2103634,29,-75,96
1747011684.2463634,-68,-55,74
1747011684.2883637,-18,-85,38
1747011684.3243637,-4,-69,132
1747011684.3603632,15,-3,0
1747011684.3963633,14,63,-115
1747011684.431363,-12,-13,24
1747011684.4673634,88,21,208
1747011684.5023634,69,20,108
1747011684.5383637,1,22,88
1747011684.5733633,27,21,160
1747011684.6083634,12,29,10
1747011684.6443634,90,5,42
1747011684.6793633,-68,-31,-11
1747011684.7153633,37,20,152
1747011684.750363,56,3,124
1747011684.7863634,4,-4,122
1747011684.8213634,8,13,136
1747011684.8563633,-2,-11,122
1747011684.8923633,0,-9,-108
1747011684.9273634,29,-17,51
1747011684.9633634,-16,50,-61
1747011684.9983633,37,-9,88
1747011685.0343633,10,-66,46
1747011685.0693634,34,-74,102
1747011685.1043634,-37,99,188
1747011685.1403637,20,81,153
1747011685.1753633,-27,19,97
1747011685.2113633,-60,-4,47
1747011685.2463634,-6,-12,171
1747011685.2813632,-36,-37,132
1747011685.316363,-16,-9,-24
1747011685.352363,-44,20,69
1747011685.3883634,-21,-7,77
1747011685.4233634,4,75,73
1747011685.4593637,12,-3,135
1747011685.4943633,-19,69,23
1747011685.5293634,8,-13,91
1747011685.5643632,4,-45,53
1747011685.6003633,106,6,157
1747011685.6363633,28,17,47
1747011685.6713634,43,-20,175
1747011685.7073634,25,40,113
1747011685.7423637,-10,54,97
1747011685.7773633,-28,-1,-66
1747011685.8123634,59,-31,1
1747011685.8483634,29,10,71
1747011685.8843634,49,-23,167
1747011685.9193633,-9,0,93
1747011685.9553633,-36,-13,-20
1747011685.9903634,75,40,121
1747011686.0253634,-26,22,131
1747011686.0603633,53,24,69
1747011686.0963633,-34,62,93
1747011686.132363,8,-70,179
1747011686.1673634,0,3,-84
1747011686.2033634,-70,-34,3
1747011686.2383633,116,63,45
1747011686.2733634,45,-56,57
1747011686.3083634,-41,-64,111
1747011686.3443637,24,-22,145
1747011686.3803637,-53,73,14
1747011686.4153633,64,-6,16
1747011686.451363,-10,16,80
1747011686.4863634,17,-22,55
1747011686.5213633,-66,-4,118
1747011686.556363,25,13,150
1747011686.5923634,5,-32,101
1747011686.6283634,-10,0,185
1747011686.6633637,11,13,96
1747011686.6993637,11,-13,52
1747011686.7343633,25,6,136
1747011686.7693634,-23,-22,72
1747011686.8043633,-29,-48,58
1747011686.8403633,-29,31,12
1747011686.8763633,8,-6,156
1747011686.9113634,-46,42,30
1747011686.9473634,-4,14,-4
1747011686.9823637,-46,-34,68
1747011687.0173633,-90,0,4
1747011687.0523634,47,62,102
1747011687.0883634,15,56,90
1747011687.1243634,-62,-85,-9
1747011687.1593633,-62,32,160
1747011687.1953633,39,18,176
1747011687.2303634,3,36,-1
1747011687.2653637,-54,10,180
1747011687.3003633,39,-25,52
1747011687.3363633,17,-17,162
1747011687.372363,-12,-37,-47
1747011687.4073634,137,18,95
1747011687.4433634,0,19,57
1747011687.4783633,12,-98,65
1747011687.5133634,55,-13,29
1747011687.5483634,15,12,133
1747011687.5843637,-70,39,39
1747011687.6203637,29,-62,139
1747011687.655363,22,-84,109
1747011687.691363,36,0,89
1747011687.7263634,60,25,41
1747011687.7613633,-29,-72,197
1747011687.7963634,66,25,85
1747011687.8323634,-42,0,-36
1747011687.8683634,0,-75,95
1747011687.9033637,17,-20,97
1747011687.9393632,-5,-8,275
1747011687.974363,16,3,17
1747011688.0093634,-3,9,67
1747011688.0443633,152,115,135
1747011688.0803633,-71,-44,69
1747011688.1163633,-27,-4,-2
1747011688.1513634,112,-16,103
1747011688.1873634,13,60,69
1747011688.2223637,15,31,-10
1747011688.257363,45,-29,73
1747011688.293363,21,-57,47
1747011688.3283634,7,-13,219
1747011688.3643634,19,56,103
1747011688.3993633,-2,-9,89
1747011688.4353633,-94,-71,101
1747011688.4703634,5,70,21
1747011688.5053637,62,-6,-50
1747011688.5413637,58,37,5
1747011688.576363,54,-74,131
1747011688.612363,-67,-32,19
1747011688.6473634,-35,49,3
1747011688.6833634,31,4,151
1747011688.7183633,31,-15,49
1747011688.7533634,81,-35,145
1747011688.7893634,-18,3,121
1747011688.8243637,31,-27,35
1747011688.8603632,-2,-10,67
1747011688.895363,-14,1,107
1747011688.931363,-6,-16,71
1747011688.9663634,19,11,79
1747011689.0013633,-42,97,-32
1747011689.0373633,37,-8,97
1747011689.0723634,-76,-36,129
1747011689.1083634,-34,-30,65
1747011689.1433637,6,73,-46
1747011689.1793633,-6,-5,71
1747011689.214363,25,-101,75
1747011689.2493634,23,-12,203
1747011689.2853634,-2,-57,97
1747011689.3203633,-1,-47,73
1747011689.3563633,-114,-19,105
1747011689.3913634,77,-31,103
1747011689.4273634,6,-47,117
1747011689.4623632,82,40,179
1747011689.497363,-53,-25,17
1747011689.533363,-23,-3,135
1747011689.5683634,6,22,33
1747011689.6043634,50,44,139
1747011689.6393633,-11,-3,6
1747011689.6753633,-17,-39,124
1747011689.7103634,-95,76,-81
1747011689.7453637,30,36,-47
1747011689.7813632,7,74,118
1747011689.816363,-46,-31,-31
1747011689.852363,-34,-62,2
1747011689.8873634,-31,-56,136
1747011689.9233634,-31,42,104
1747011689.9583633,8,94,72
1747011689.9933634,-32,-27,6
1747011690.0293634,-51,34,-35
1747011690.0643632,-17,-11,78
1747011690.1003633,-59,68,74
1747011690.135363,56,0,18
1747011690.1713634,32,-67,214
1747011690.2073634,-21,-7,62
1747011690.2423637,20,10,70
1747011690.2773633,34,10,145
1747011690.3133633,-7,40,129
1747011690.349363,28,-45,161
1747011690.3843634,58,-17,142
1747011690.4203634,-39,24,42
1747011690.4553633,-161,13,72
1747011690.4903634,-19,-76,24
1747011690.5253634,-9,48,0
1747011690.5613637,-73,-3,32
1747011690.5973637,-3,24,94
1747011690.632363,-15,-1,206
1747011690.668363,19,71,-14
1747011690.7033634,0,0,60
1747011690.7383633,-21,-72,96
1747011690.7733634,-47,-19,10
1747011690.8093634,-9,50,170
1747011690.8453634,12,33,104
1747011690.8803637,32,53,82
1747011690.9163637,10,43,44
1747011690.951363,24,13,-5
1747011690.9863634,-3,-12,90
1747011691.0213633,69,-19,170
1747011691.0573633,-64,2,80
1747011691.0933633,89,-51,54
1747011691.1283634,8,-14,70
1747011691.1643634,32,-68,146
1747011691.1993637,-51,67,62
1747011691.2343633,32,-40,-35
1747011691.2693634,64,1,108
1747011691.3053634,8,-24,67
1747011691.3413634,-73,1,35
1747011691.3763633,82,37,-72
1747011691.4123633,54,-2,53
1747011691.4473634,24,1,50
1747011691.4823637,-13,94,145
1747011691.5173633,-4,-134,76
1747011691.553363,-2,29,178
1747011691.589363,46,-23,30
1747011691.6243634,-3,-15,128
1747011691.6603634,-25,-2,104
1747011691.6953633,-72,30,-43
1747011691.7303634,45,-31,72
1747011691.7653637,-52,55,-51
1747011691.8013637,9,-6,48
1747011691.8373632,-19,15,33
1747011691.872363,22,-2,64
1747011691.908363,1,25,84
1747011691.9433634,-27,4,-11
1747011691.9783633,-53,32,56
1747011692.0133634,-57,14,114
1747011692.0493634,-72,0,88
1747011692.0853634,-32,9,102
1747011692.1203637,-22,-34,-35
1747011692.1563632,32,-17,78
1747011692.191363,-36,46,50
1747011692.2263634,-16,-71,38
1747011692.2613633,55,68,-7
1747011692.2973633,24,-100,44
1747011692.3333633,13,59,142
1747011692.3683634,-24,-14,98
1747011692.4043634,41,59,124
1747011692.4393632,23,-46,162
1747011692.474363,-62,-14,44
1747011692.5093634,-25,-54,70
1747011692.5453634,-57,49,-17
1747011692.5813634,22,-46,124
1747011692.6163633,-30,-73,14
1747011692.6523633,34,-50,8
1747011692.6873634,-47,-17,136
1747011692.7223637,-13,-4,82
1747011692.757363,-35,32,-25
1747011692.793363,30,38,6
1747011692.829363,-37,21,120
1747011692.8643634,-21,-18,110
1747011692.9003634,-27,34,48
1747011692.9353633,-83,-30,-41
1747011692.9703634,-74,23,64
1747011693.0053637,-36,68,-23
1747011693.0413637,59,-13,96
1747011693.0773633,-10,39,16
1747011693.112363,-11,-1,6
1747011693.1483634,-45,-9,-13
1747011693.1833634,-3,-1,76
1747011693.2183633,33,58,77
1747011693.2533634,-17,-57,37
1747011693.2893634,14,-29,129
1747011693.3253634,20,-45,51
1747011693.3603632,-21,0,66
1747011693.3963633,126,-16,40
1747011693.431363,-25,-26,113
1747011693.4663634,-11,9,67
1747011693.5023634,22,51,37
1747011693.5373633,14,61,89
1747011693.5733633,-5,-11,11
1747011693.6083634,-81,-37,-2
1747011693.6443634,34,46,-58
1747011693.6793633,-57,36,9
1747011693.714363,-33,14,57
1747011693.750363,18,-19,119
1747011693.7853634,4,14,65
1747011693.8213634,46,-84,49
1747011693.8563633,-25,-13,61
1747011693.8923633,-7,-11,75
1747011693.9273634,50,-61,179
1747011693.9623632,54,-21,19
1747011693.9983633,13,-67,87
1747011694.033363,-80,4,97
1747011694.0693634,109,35,121
1747011694.1043634,59,1,47
1747011694.1403637,-53,109,163
1747011694.1753633,32,-55,59
1747011694.2103634,19,-54,0
1747011694.2463634,-55,12,75
1747011694.2813632,18,20,69
1747011694.3243637,0,36,199
1747011694.3603632,28,-77,135
1747011694.3963633,-30,-19,85
1747011694.431363,-10,-23,149
1747011694.4663634,95,-15,73
1747011694.5023634,-18,24,81
1747011694.5373633,0,-83,64
1747011694.5733633,-90,32,112
1747011694.6083634,51,-7,100
1747011694.6443634,67,-25,100
1747011694.6793633,-55,-61,34
1747011694.714363,26,-33,30
1747011694.750363,-39,-109,126
1747011694.7853634,-48,-33,76
1747011694.8213634,71,82,220
1747011694.8563633,-22,54,42
1747011694.8923633,-16,-23,76
1747011694.9273634,0,16,102
1747011694.9623632,42,2,56
1747011694.9983633,19,10,218
1747011695.033363,-11,-23,108
1747011695.0693634,-17,-49,-65
1747011695.1043634,10,-11,174
1747011695.1403637,-15,-49,72
1747011695.1753633,56,-55,104
1747011695.2103634,33,62,130
1747011695.2463634,14,19,112
1747011695.2813632,-48,-61,28
1747011695.3173633,-44,-59,84
1747011695.352363,-40,-13,-43
1747011695.3873634,-26,44,92
1747011695.4223633,-9,-8,28
1747011695.4583633,41,-33,96
1747011695.4943633,3,4,-47
1747011695.5293634,36,-29,56
1747011695.5653634,57,-47,84
1747011695.6003633,19,56,-55
1747011695.635363,17,-63,16
1747011695.6703634,-52,-85,16
1747011695.7063634,-17,49,56
1747011695.7423637,15,0,212
1747011695.7773633,-6,-52,182
1747011695.8133633,-13,49,60
1747011695.8483634,-15,15,78
1747011695.8833632,34,5,-63
1747011695.918363,-27,-48,49
1747011695.954363,10,-56,22
1747011695.9903634,-33,-60,117
1747011696.0253634,-47,25,168
1747011696.0613637,70,47,106
1747011696.0963633,19,4,104
1747011696.1313634,-67,77,112
1747011696.1663637,36,-146,-21
1747011696.2023633,44,-14,118
1747011696.2383633,18,-52,52
1747011696.2733634,-43,-16,-81
1747011696.3093634,19,20,80
1747011696.3443637,-35,23,40
1747011696.3793633,14,-40,126
1747011696.4143634,-17,-58,62
1747011696.4503634,92,45,52
1747011696.4863634,32,77,36
1747011696.5213633,-32,-21,114
1747011696.5573633,15,60,98
1747011696.5923634,25,-7,2
1747011696.6273634,-20,38,88
1747011696.6623633,-48,48,-35
1747011696.6983633,-48,40,144
1747011696.7343633,9,-71,52
1747011696.7693634,11,88,-51
1747011696.8053634,-14,56,70
1747011696.8403633,-52,-71,32
1747011696.875363,61,-31,68
1747011696.9103634,43,-25,94
1747011696.9463634,8,-22,48
1747011696.9823637,-85,35,92
1747011697.0173633,36,55,64
1747011697.053363,-55,-16,-105
1747011697.0883634,-105,45,22
1747011697.1233633,52,15,-21
1747011697.158363,36,53,66
1747011697.1943634,59,58,114
1747011697.2303634,-22,42,8
1747011697.2653637,50,-44,68
1747011697.3013637,-65,13,0
1747011697.3363633,25,-55,156
1747011697.3713634,55,13,159
1747011697.4063632,-98,42,79
1747011697.4423633,-5,35,93
1747011697.4783633,27,-24,103
1747011697.5133634,63,0,29
1747011697.5493634,47,40,95
1747011697.5843637,18,-27,-68
1747011697.6193633,56,22,39
1747011697.6543634,57,-89,81
1747011697.6903634,-23,-108,75
1747011697.7263634,11,42,89
1747011697.7613633,29,0,101
1747011697.7973633,-44,52,113
1747011697.8323634,-48,38,37
1747011697.8673637,3,10,27
1747011697.9023633,37,30,5
1747011697.9383633,-40,-35,23
1747011697.974363,-28,21,157
1747011698.0093634,29,-32,73
1747011698.0453634,81,23,71
1747011698.0803633,-34,14,11
1747011698.1153634,-58,-1,75
1747011698.1503634,32,52,25
1747011698.1863637,-33,-71,47
1747011698.2223637,28,8,-22
1747011698.257363,-3,-9,139
1747011698.293363,-31,56,37
1747011698.3283634,-4,14,93
1747011698.3633633,-49,36,97
1747011698.3983634,10,-51,-2
1747011698.4343634,-1,-9,115
1747011698.4703634,23,39,99
1747011698.5053637,-45,13,-6
1747011698.5413637,12,42,57
1747011698.576363,-7,2,33
1747011698.6113634,22,-106,-72
1747011698.6473634,-19,-16,109
1747011698.6823633,-51,-42,-28
1747011698.7183633,-49,57,47
1747011698.7533634,0,-97,25
1747011698.7893634,17,-76,95
1747011698.8243637,-12,15,135
1747011698.8593633,41,31,39
1747011698.895363,2,-7,145
1747011698.9303634,3,-50,39
1747011698.9663634,9,21,69
1747011699.0013633,-8,-4,11
1747011699.0373633,-23,-25,5
1747011699.0723634,-20,-15,7
1747011699.1073637,-44,-30,-10
1747011699.1433637,-18,67,47
1747011699.178363,-12,-36,81
1747011699.214363,-65,-5,59
1747011699.2493634,5,0,101
1747011699.2853634,-105,69,83
1747011699.3203633,28,13,201
1747011699.3553634,-21,-52,35
1747011699.3913634,26,2,117
1747011699.4263637,20,-17,61
1747011699.4623632,-36,7,83
1747011699.497363,-34,21,183
1747011699.533363,35,-24,109
1747011699.5683634,19,-31,61
1747011699.6033633,-78,-35,13
1747011699.6393633,-75,-5,159
1747011699.6743634,25,-39,-26
1747011699.7103634,21,112,169
1747011699.7453637,-8,-31,33
1747011699.7813632,-71,-46,115
1747011699.816363,56,43,125
1747011699.8513634,-67,0,111
1747011699.8873634,0,77,149
1747011699.9223633,12,48,73
1747011699.9583633,52,-136,129
1747011699.9933634,-33,-4,153
1747011700.0293634,26,-44,53
1747011700.0643632,32,-6,13
1747011700.099363,-28,62,15
1747011700.135363,13,0,77
1747011700.1703634,-12,-24,33
1747011700.2063634,-31,2,93
1747011700.2413633,-71,17,177
1747011700.2773633,2,-52,71
1747011700.3123634,-36,18,155
1747011700.3473637,22,-44,205
1747011700.3833632,7,47,141
1747011700.418363,50,80,73
1747011700.454363,28,-3,115
1747011700.4893634,-9,18,127
1747011700.5243633,65,10,89
1747011700.5593634,12,13,65
1747011700.5953634,34,89,27
1747011700.6313634,-69,43,91
1747011700.6663637,52,57,-62
1747011700.7023633,13,-47,87
1747011700.737363,-10,48,69
1747011700.7723634,1,-11,-12
1747011700.8073633,-8,-19,45
1747011700.8433633,-12,54,105
1747011700.8793633,5,8,141
1747011700.9143634,63,4,167
1747011700.9503634,-44,-31,30
1747011700.9853632,-6,14,89
1747011701.020363,-42,-35,59
1747011701.0553634,70,-12,136
1747011701.0913634,-99,9,51
1747011701.1273634,6,-2,8
1747011701.1623633,28,25,122
1747011701.1983633,8,26,174
1747011701.2333634,18,-29,175
1747011701.2683637,-40,65,123
1747011701.303363,-42,45,53
1747011701.339363,9,-37,203
1747011701.375363,-18,31,-24
1747011701.4103634,-86,-44,23
1747011701.4463634,-51,-2,56
1747011701.4813633,-108,53,-59
1747011701.5163634,65,-62,104
1747011701.5513637,13,7,66
1747011701.5873632,-4,41,50
1747011701.6233633,-44,11,14
1747011701.658363,9,-22,70
1747011701.6943634,-70,-37,104
1747011701.7293634,-62,26,58
1747011701.7643633,13,22,94
1747011701.7993634,3,9,102
1747011701.8353634,-13,31,112
1747011701.8713634,-55,27,116
1747011701.9063632,44,-78,68
1747011701.9423633,-35,-14,118
1747011701.977363,22,55,54
1747011702.0123634,18,5,48
1747011702.0473633,39,-36,82
1747011702.0833633,-60,-58,110
1747011702.1193633,-38,-36,90
1747011702.1543634,-44,-39,112
1747011702.1903634,0,9,72
1747011702.2253633,9,-41,32
1747011702.260363,-17,26,144
1747011702.2953634,51,-8,131
1747011702.3313634,-87,-25,185
1747011702.3673637,104,-28,-22
1747011702.4023633,-5,-5,101
1747011702.4383633,1,50,-42
1747011702.4733634,1,-17,131
1747011702.5083632,15,-15,41
1747011702.543363,-52,-31,97
1747011702.579363,35,-5,77
1747011702.6153634,-24,-81,21
1747011702.6503634,-32,24,117
1747011702.6863637,63,20,-22
1747011702.7213633,37,12,173
1747011702.7563634,17,-7,21
1747011702.7913637,-18,-27,165
1747011702.8273633,-30,-35,89
1747011702.8633633,3,0,159
1747011702.8983634,-16,-11,151
1747011702.9343634,1,60,13
1747011702.9693637,-78,-19,7
1747011703.0043633,-103,-7,41
1747011703.0393634,-15,-19,151
1747011703.0753634,0,-21,-94
1747011703.1113634,-87,20,43
1747011703.1463633,-120,-9,73
1747011703.1823633,58,-27,81
1747011703.2173634,-57,-75,130
1747011703.2523634,18,-41,132
1747011703.2873633,-40,-5,4
1747011703.3233633,-68,74,62
1747011703.3593633,-61,-43,6
1747011703.3943634,13,3,50
1747011703.4303634,18,56,118
1747011703.4653633,48,-21,62
1747011703.500363,76,-41,2
1747011703.5363634,36,-39,48
1747011703.5713634,-75,-5,112
1747011703.6073637,-101,72,60
1747011703.6423633,35,-45,-93
1747011703.678363,-82,-1,108
1747011703.7133634,-10,-70,-11
1747011703.7483633,41,-15,-15
1747011703.7843633,-6,10,-13
1747011703.8193634,25,-1,108
1747011703.8553634,59,78,164
1747011703.8903637,-43,-25,150
1747011703.9263637,-8,15,96
1747011703.9613633,-2,72,98
1747011703.9963634,7,46,0
1747011704.0323634,12,15,34
1747011704.0673633,5,-49,84
1747011704.1033633,-18,-7,-34
1747011704.1383634,-38,-59,73
1747011704.1743634,-30,-51,53
1747011704.2093637,69,52,85
1747011704.2443633,-52,14,5
1747011704.280363,-68,48,-16
1747011704.3153634,-28,50,81
1747011704.3583634,7,-19,-74
1747011704.3943634,-14,-57,105
1747011704.4303634,25,2,3
1747011704.4653633,19,26,81
1747011704.500363,-20,-5,36
1747011704.5363634,-47,-2,17
1747011704.5713634,-3,51,107
1747011704.6073637,-38,11,67
1747011704.6423633,-110,53,113
1747011704.678363,-7,-42,63
1747011704.7133634,48,-24,45
1747011704.7483633,-1,19,123
1747011704.7843633,-101,37,101
1747011704.8193634,65,-25,69
1747011704.8553634,85,-67,133
1747011704.8903637,-64,-67,91
1747011704.9263637,-26,-84,131
1747011704.9613633,63,3,29
1747011704.9963634,35,45,-22
1747011705.0323634,-66,-36,25
1747011705.0673633,-16,13,36
1747011705.1033633,33,78,138
1747011705.1383634,-38,24,66
1747011705.1743634,-20,40,66
1747011705.2093637,-86,-19,86
1747011705.2443633,9,40,46
1747011705.280363,74,-26,130
1747011705.3153634,31,-3,-1
1747011705.3513634,-40,-81,-19
1747011705.3863633,57,-15,120
1747011705.4223633,24,-48,248
1747011705.4583633,-43,47,92
1747011705.4933634,-16,28,88
1747011705.5283637,63,-61,50
1747011705.5643632,69,-25,-83
1747011705.6003633,-3,-54,104
1747011705.635363,-55,1,120
1747011705.6713634,-39,41,109
1747011705.7063634,-11,0,126
1747011705.7413633,22,29,38
1747011705.7763634,88,65,46
1747011705.8123634,92,54,94
1747011705.8483634,-47,-32,22
1747011705.8833632,-4,-55,144
1747011705.9193633,-19,-38,-5
1747011705.954363,36,-52,6
1747011705.9893634,-19,-58,34
1747011706.0243633,42,-44,96
1747011706.0603633,36,39,170
1747011706.0963633,-9,-64,128
1747011706.1313634,28,21,48
1747011706.1673634,-60,-12,3
1747011706.2023633,53,-96,139
1747011706.237363,-62,-6,33
1747011706.2723634,2,44,123
1747011706.3083634,-81,4,77
1747011706.3443637,21,-30,1
1747011706.3793633,-24,-40,47
1747011706.4153633,43,13,115
1747011706.4503634,5,19,135
1747011706.4853632,29,35,-36
1747011706.520363,-26,-90,23
1747011706.556363,63,-56,97
1747011706.5923634,-85,22,-58
1747011706.6273634,20,16,82
1747011706.6633637,82,20,66
1747011706.6983633,-14,-96,38
1747011706.7333634,109,-12,-9
1747011706.7683637,-8,-49,128
1747011706.8043633,39,42,90
1747011706.8403633,129,25,164
1747011706.875363,87,-108,84
1747011706.9113634,-22,28,104
1747011706.9463634,-14,13,70
1747011706.9813633,21,67,140
1747011707.0163634,29,-44,40
1747011707.0523634,33,-2,164
1747011707.0883634,-162,-38,108
1747011707.1233633,32,16,6
1747011707.1593633,-48,53,102
1747011707.1943634,-29,-90,108
1747011707.2293634,50,-52,64
1747011707.2643633,-66,42,26
1747011707.3003633,-29,-12,12
1747011707.3363633,-40,30,118
1747011707.3713634,26,-48,172
1747011707.4073634,-47,-4,50
1747011707.4423633,23,-101,124
1747011707.477363,-35,27,122
1747011707.5123634,-37,13,222
1747011707.5483634,-25,-8,150
1747011707.5843637,64,17,102
1747011707.6193633,22,73,168
1747011707.655363,66,-14,-23
1747011707.6903634,-113,-106,-35
1747011707.7253633,-27,-42,142
1747011707.760363,34,-2,38
1747011707.7963634,2,-46,118
1747011707.8323634,-43,29,-13
1747011707.8673637,-3,5,26
1747011707.9033637,34,25,160
1747011707.9383633,-54,6,68
1747011707.9733634,5,6,104
1747011708.0083632,-7,-1,34
1747011708.0443633,10,-29,50
1747011708.0803633,114,-59,156
1747011708.1153634,33,-43,74
1747011708.1513634,23,62,202
1747011708.1863637,-3,-35,-39
1747011708.2213633,1,2,58
1747011708.2563634,-22,22,168
1747011708.2923634,23,-23,188
1747011708.3283634,5,-51,90
1747011708.3633633,-38,-3,6
1747011708.3993633,21,-20,104
1747011708.4343634,-6,-40,18
1747011708.4693637,17,-28,116
1747011708.5043633,65,71,102
1747011708.5403633,20,-28,96
1747011708.576363,-76,-44,-15
1747011708.6113634,-30,-24,-31
1747011708.6473634,-40,45,20
1747011708.6823633,-34,-6,-3
1747011708.7173634,-28,39,186
1747011708.7533634,-34,-36,84
1747011708.7883637,45,-37,-61
1747011708.8243637,5,45,164
1747011708.8593633,-42,-2,-19
1747011708.895363,-10,87,162
1747011708.9303634,-22,-46,-69
1747011708.9653633,28,-4,86
1747011709.0013633,-10,-38,-37
1747011709.0363634,-42,-30,84
1747011709.0723634,52,-54,140
1747011709.1073637,38,-50,186
1747011709.1433637,90,7,114
1747011709.178363,6,31,86
1747011709.2133634,-26,-45,172
1747011709.2493634,-78,12,92
1747011709.2843633,49,-45,70
1747011709.3203633,-60,-17,-5
1747011709.3553634,95,-7,94
1747011709.3913634,31,-19,60
1747011709.4263637,31,-7,-45
1747011709.4613633,-18,-71,164
1747011709.497363,69,32,26
1747011709.5323634,39,96,-63
1747011709.5683634,27,-79,48
1747011709.6033633,33,16,82
1747011709.6393633,-8,-27,84
1747011709.6743634,-72,-7,76
1747011709.7093637,99,-10,70
1747011709.7453637,33,-36,92
1747011709.780363,-9,43,186
1747011709.816363,-7,-22,122
1747011709.8513634,-27,1,208
1747011709.8873634,28,1,76
1747011709.9223633,-21,-29,146
1747011709.9573634,-87,-42,32
1747011709.9933634,-47,-31,98
1747011710.0283637,-59,24,162
1747011710.0643632,-37,10,86
1747011710.099363,-24,51,110
1747011710.135363,-22,30,54
1747011710.1703634,59,-13,118
1747011710.2053633,82,-65,126
1747011710.2413633,-58,70,116
1747011710.2763634,-50,-81,90
1747011710.3123634,-4,-31,78
1747011710.3473637,-62,-23,96
1747011710.382363,1,50,182
1747011710.4173634,17,-9,68
1747011710.4533634,-17,-10,140
1747011710.4893634,-34,-65,140
1747011710.5243633,-74,4,78
1747011710.5603633,-62,46,144
1747011710.5953634,0,94,-75
1747011710.6303637,53,-29,84
1747011710.6653633,-52,-35,40
1747011710.701363,13,-47,164
1747011710.737363,47,54,-55
1747011710.7723634,17,12,75
1747011710.8083634,-52,30,-81
1747011710.8433633,27,-31,93
1747011710.8783634,33,-21,-14
1747011710.9133637,51,-54,3
1747011710.9493637,13,-13,207
1747011710.9853632,-34,9,-45
1747011711.020363,21,95,130
1747011711.056363,-26,-84,21
1747011711.0913634,65,-34,-65
1747011711.1263633,-12,23,-35
1747011711.1613634,105,9,152
1747011711.1973634,91,-44,128
1747011711.2333634,11,-22,30
1747011711.2683637,-14,-35,-3
1747011711.3043633,51,71,10
1747011711.339363,-52,39,30
1747011711.3743634,-22,3,210
1747011711.4093633,-23,43,156
1747011711.4453633,-43,-94,82
1747011711.4813633,42,25,78
1747011711.5163634,58,23,120
1747011711.5523634,20,93,98
1747011711.5873632,78,-18,24
1747011711.622363,-50,56,50
1747011711.6573634,-27,-10,26
1747011711.6933634,-19,1,70
1747011711.7293634,52,27,48
1747011711.7643633,-15,-18,114
1747011711.8003633,-6,-69,16
1747011711.8353634,-6,20,102
1747011711.8703637,84,-34,50
1747011711.905363,-7,1,2
1747011711.941363,22,49,168
1747011711.977363,27,-7,120
1747011712.0123634,-34,-87,178
1747011712.0483634,-58,10,150
1747011712.0833633,-34,22,84
1747011712.1183634,81,-11,87
1747011712.1533637,32,59,7
1747011712.1893632,-70,-38,34
1747011712.2253633,-37,103,52
1747011712.260363,-63,-28,140
1747011712.2963634,14,-86,86
1747011712.3313634,-3,-32,62
1747011712.3663633,116,-36,218
1747011712.4013634,22,-40,90
1747011712.4373634,56,25,45
1747011712.4733634,25,40,95
1747011712.5083632,21,-9,-4
1747011712.5443633,27,-35,43
1747011712.579363,36,39,-40
1747011712.6143634,83,98,43
1747011712.6493633,-12,42,-10
1747011712.6853633,25,16,93
1747011712.7213633,-42,16,79
1747011712.7563634,65,-31,-2
1747011712.7923634,17,24,97
1747011712.8273633,-28,-64,131
1747011712.862363,-12,45,29
1747011712.8973634,5,75,173
1747011712.9333634,19,-16,191
1747011712.9693637,-10,19,119
1747011713.0043633,-26,-26,39
1747011713.0403633,-52,-56,-10
1747011713.0753634,-7,35,211
1747011713.1103632,10,-4,137
1747011713.145363,12,9,115
1747011713.181363,63,-32,77
1747011713.2173634,49,-41,211
1747011713.2523634,-7,43,141
1747011713.2883637,-76,11,157
1747011713.3233633,43,63,71
1747011713.3583634,-6,-40,37
1747011713.3933637,-22,-24,-80
1747011713.4293633,-4,-4,155
1747011713.4653633,-50,58,99
1747011713.500363,-18,-5,253
1747011713.5363634,49,-21,-18
1747011713.5713634,-42,-67,121
1747011713.6063633,-22,-47,3
1747011713.6413634,73,-35,147
1747011713.6773634,29,26,99
1747011713.7133634,33,34,139
1747011713.7483633,41,-3,-68
1747011713.7843633,77,-64,133
1747011713.8193634,17,-50,97
1747011713.8543634,21,-27,125
1747011713.8903637,-20,6,-6
1747011713.9253633,-80,-57,89
1747011713.9613633,13,-47,105
1747011713.9963634,-40,100,91
1747011714.0323634,28,-89,19
1747011714.0673633,62,18,149
1747011714.102363,23,0,123
1747011714.1383634,4,26,49
1747011714.1733634,-65,18,49
1747011714.2093637,-29,-58,107
1747011714.2443633,-1,-30,113
1747011714.280363,9,52,25
1747011714.3153634,19,-47,45
1747011714.3503633,13,-7,71
1747011714.3933637,-58,14,67
1747011714.4293633,50,24,-100
1747011714.4653633,-50,36,5
1747011714.500363,-58,-63,57
1747011714.5363634,-6,-49,-22
1747011714.5713634,55,-55,145
1747011714.6063633,-22,-39,177
1747011714.6423633,27,-29,23
1747011714.6773634,46,11,85
1747011714.7133634,11,-31,39
1747011714.7483633,48,-18,195
1747011714.7843633,40,4,35
1747011714.8193634,-22,-54,97
1747011714.8543634,13,53,47
1747011714.8903637,69,63,9
1747011714.9253633,3,-16,127
1747011714.9613633,37,7,149
1747011714.9963634,8,19,-4
1747011715.0323634,22,-24,49
1747011715.0673633,46,75,127
1747011715.102363,-19,-30,-26
1747011715.1383634,19,-82,-48
1747011715.1733634,-2,-60,91
1747011715.2093637,-14,3,-18
1747011715.2443633,1,-22,167
1747011715.280363,-29,-22,105
1747011715.3153634,68,-14,179
1747011715.3503633,-49,-42,-4
1747011715.3863633,4,27,87
1747011715.4213634,10,36,117
1747011715.4573634,44,-15,-60
1747011715.4923637,-17,70,69
1747011715.5283637,63,45,-32
1747011715.5643632,61,47,69
1747011715.6003633,71,7,-2
1747011715.6363633,22,26,-4
1747011715.6713634,33,-33,-22
1747011715.7063634,34,-45,30
1747011715.7423637,-33,8,-39
1747011715.7783637,-12,60,96
1747011715.8133633,20,0,112
1747011715.849363,15,38,56
1747011715.8843634,11,-25,102
1747011715.9193633,-54,8,112
1747011715.954363,5,2,196
1747011715.9903634,11,2,44
1747011716.0263634,47,-7,88
1747011716.0613637,-74,-3,50
1747011716.0973637,49,30,76
1747011716.132363,13,-3,124
1747011716.1673634,-14,136,38
1747011716.2023633,47,-43,67
1747011716.2383633,102,-61,59
1747011716.2743633,-4,-21,43
1747011716.3093634,26,-33,121
1747011716.3453634,35,-41,123
1747011716.3803637,52,-44,37
1747011716.4153633,-25,39,150
1747011716.4503634,-14,62,68
1747011716.4863634,49,14,131
1747011716.5223634,39,-13,63
1747011716.5573633,-54,86,152
1747011716.5933633,27,-49,12
1747011716.6283634,-30,24,86
1747011716.6633637,-2,-42,170
1747011716.6983633,-8,25,40
1747011716.7343633,-60,-15,78
1747011716.770363,23,-13,60
1747011716.8053634,19,46,142
1747011716.8413634,-34,-27,147
1747011716.8763633,29,-31,111
1747011716.9113634,35,-45,82
1747011716.9463634,27,59,78
1747011716.9823637,23,-12,22
1747011717.0183637,33,9,122
1747011717.053363,5,-4,-9
1747011717.089363,67,19,146
1747011717.1243634,9,17,66
1747011717.1593633,99,-16,176
1747011717.1943634,-18,-45,40
1747011717.2303634,47,42,-29
1747011717.2663634,141,34,118
1747011717.3013637,55,-1,106
1747011717.3373632,0,104,230
1747011717.372363,-16,20,26
1747011717.4073634,33,-83,92
1747011717.4423633,37,0,40
1747011717.4783633,-59,5,135
1747011717.5143633,12,-8,88
1747011717.5493634,20,-14,-1
1747011717.5853634,-77,17,90
1747011717.6203637,-17,3,64
1747011717.655363,32,-22,55
1747011717.6903634,26,-10,39
1747011717.7263634,-14,-13,29
1747011717.7623634,-12,30,73
1747011717.7973633,7,-2,-32
1747011717.8333633,-38,19,67
1747011717.8683634,54,-40,88
1747011717.9033637,14,9,126
1747011717.9383633,-43,23,-83
1747011717.974363,50,21,77
1747011718.010363,28,37,110
1747011718.0453634,23,0,170
1747011718.0813634,31,10,88
1747011718.1163633,81,-3,158
1747011718.1513634,41,40,140
1747011718.1863637,-6,57,142
1747011718.2223637,-88,33,72
1747011718.2583632,56,41,62
1747011718.293363,64,13,148
1747011718.329363,-21,35,66
1747011718.3643634,54,27,148
1747011718.3993633,36,71,108
1747011718.4343634,16,21,62
1747011718.4703634,-78,-9,106
1747011718.5063634,5,-1,2
1747011718.5413637,3,16,58
1747011718.5773633,15,-3,174
1747011718.612363,2,-36,116
1747011718.6473634,-95,-30,32
1747011718.6823633,16,13,69
1747011718.7183633,-23,-2,-42
1747011718.7543633,46,9,131
1747011718.7893634,31,15,145
1747011718.8253634,31,-55,121
1747011718.8603632,29,-37,95
1747011718.895363,-38,-25,109
1747011718.931363,-18,-21,35
1747011718.9663634,-24,-65,93
1747011719.0023634,17,28,-44
1747011719.0373633,35,23,57
1747011719.0733633,157,-51,213
1747011719.1083634,25,-21,31
1747011719.1433637,-57,15,57
1747011719.1793633,-84,14,143
1747011719.214363,-20,-9,109
1747011719.250363,41,-13,67
1747011719.2853634,-53,-90,79
1747011719.3213634,92,17,45
1747011719.3563633,88,7,-16
1747011719.3913634,39,2,37
1747011719.4273634,41,-7,71
1747011719.4623632,45,-29,-14
1747011719.4983633,-61,0,141
1747011719.533363,32,113,235
1747011719.5693634,-27,27,-42
1747011719.6043634,-58,10,75
1747011719.6393633,-31,-14,177
1747011719.6753633,15,40,-50
1747011719.7103634,14,3,23
1747011719.7463634,-9,-60,111
1747011719.7813632,25,-34,-34
1747011719.8173633,-43,-8,153
1747011719.852363,-38,-22,205
1747011719.8873634,21,-39,67
1747011719.9233634,23,-38,91
1747011719.9583633,-18,-37,141
1747011719.9943633,35,17,77
1747011720.0293634,11,-55,109
1747011720.0653634,-39,4,113
1747011720.1003633,10,6,133
1747011720.135363,-39,120,119
1747011720.1713634,42,14,47
1747011720.2063634,32,-13,201
1747011720.2423637,66,4,105
1747011720.2773633,-1,48,289
1747011720.3133633,-65,-40,49
1747011720.3483634,-52,72,61
1747011720.3833632,7,-7,0
1747011720.4193633,70,13,111
1747011720.454363,-19,7,-96
1747011720.4903634,-9,-6,147
1747011720.5253634,-53,21,77
1747011720.5613637,-53,21,89
1747011720.5963633,58,1,87
1747011720.6313634,-15,33,-2
1747011720.6673634,-45,51,39
1747011720.7023633,108,0,67
1747011720.7383633,-13,-4,-40
1747011720.7733634,0,39,81
1747011720.8083634,-39,31,103
1747011720.8433633,-73,-60,19
1747011720.8793633,18,-50,103
1747011720.9153633,-29,25,99
1747011720.9503634,-12,51,157
1747011720.9863634,-28,1,155
1747011721.0213633,-36,-52,-4
1747011721.056363,68,-56,67
1747011721.0913634,88,-36,129
1747011721.1273634,-9,39,61
1747011721.1633637,4,19,51
1747011721.1983633,-55,49,33
1747011721.2343633,-29,25,187
1747011721.2693634,68,15,51
1747011721.3043633,-27,10,5
1747011721.339363,10,-89,113
1747011721.375363,1,-4,129
1747011721.4113634,-25,-13,81
1747011721.4463634,-3,-30,-24
1747011721.4823637,-68,-19,7
1747011721.5173633,4,-51,-20
1747011721.5523634,-22,-49,-52
1747011721.5873632,-59,-8,123
1747011721.6233633,-5,34,-88
1747011721.6593633,-74,-5,143
1747011721.6953633,63,20,41
1747011721.7313633,51,24,-67
1747011721.7663634,8,-41,123
1747011721.8023634,18,-25,16
1747011721.8373632,4,18,112
1747011721.872363,86,38,74
1747011721.9073634,20,-55,154
1747011721.9433634,-75,-21,-41
1747011721.9793634,20,-3,64
1747011722.0143633,-61,26,104
1747011722.0503633,-2,69,212
1747011722.0853634,-38,61,76
1747011722.1203637,109,-6,78
1747011722.155363,3,13,198
1747011722.191363,-52,67,192
1747011722.227363,-80,15,126
1747011722.2623634,31,-40,148
1747011722.2983634,31,7,92
1747011722.3333633,85,87,134
1747011722.3683634,57,23,74
1747011722.4033637,-75,-16,126
1747011722.4393632,-2,5,-1
1747011722.4753633,-18,21,124
1747011722.510363,-24,63,30
1747011722.5463634,-17,-11,48
1747011722.5813634,-23,24,84
1747011722.6163633,-25,-69,52
1747011722.6513634,-6,31,110
1747011722.6873634,-98,-28,68
1747011722.7233634,0,60,32
1747011722.7583632,-62,42,20
1747011722.7943633,6,-1,148
1747011722.829363,-82,-15,220
1747011722.8643634,-36,-3,-59
1747011722.8993633,63,6,82
1747011722.9353633,-6,68,116
1747011722.9713633,-13,28,120
1747011723.0063634,16,-17,28
1747011723.0423634,-1,32,94
1747011723.0773633,-45,-13,64
1747011723.112363,-40,-25,166
1747011723.1473634,40,31,98
1747011723.1833634,-13,35,133
1747011723.2193637,-34,-43,80
1747011723.2543633,41,-31,42
1747011723.2903633,4,-32,-37
1747011723.3253634,-23,-2,-71
1747011723.3603632,12,-48,140
1747011723.395363,18,-4,110
1747011723.431363,-78,84,-17
1747011723.4673634,-59,-66,75
1747011723.5023634,41,48,-17
1747011723.5383637,-25,-9,60
1747011723.5733633,-34,38,180
1747011723.6083634,9,46,82
1747011723.6433637,-30,-45,102
1747011723.6793633,-26,-11,24
1747011723.7153633,49,30,-7
1747011723.750363,-8,46,170
1747011723.7863634,107,-87,26
1747011723.8213634,0,-29,106
1747011723.8563633,53,50,70
1747011723.8923633,63,-21,-45
1747011723.9273634,75,66,-37
1747011723.9633634,103,39,90
1747011723.9983633,-43,4,106
1747011724.0343633,-48,-11,121
1747011724.0693634,7,-17,42
1747011724.1043634,-33,6,127
1747011724.1403637,32,-7,151
1747011724.1753633,-6,16,89
1747011724.2113633,-3,15,335
1747011724.2463634,-9,-16,29
1747011724.2823634,14,46,47
1747011724.3173633,2,-1,49
1747011724.352363,-25,-5,-14
1747011724.395363,40,10,163
1747011724.431363,44,0,104
1747011724.4673634,8,30,110
1747011724.5023634,-63,-49,52
1747011724.5383637,114,-25,170
1747011724.5733633,27,-73,104
1747011724.6083634,2,-9,72
1747011724.6443634,-32,16,126
1747011724.6793633,-41,11,62
1747011724.7153633,-30,-19,-11
1747011724.750363,-25,57,214
1747011724.7863634,-3,-40,102
1747011724.8213634,4,51,80
1747011724.8563633,18,84,56
1747011724.8923633,26,-40,136
1747011724.9273634,36,-31,104
1747011724.9633634,-3,11,102
1747011724.9983633,-12,-20,92
1747011725.0343633,-94,-4,98
1747011725.0693634,5,33,182
1747011725.1043634,-46,7,109
1747011725.1403637,-4,39,59
1747011725.1753633,-6,1,143
1747011725.2113633,-65,-54,29
1747011725.2463634,30,-6,159
1747011725.2823634,-45,-14,55
1747011725.3173633,10,-12,55
1747011725.352363,-30,-84,133
1747011725.3883634,71,29,47
1747011725.4233634,77,-26,43
1747011725.4593637,-14,-24,-112
1747011725.4943633,-6,42,95
1747011725.530363,15,-56,27
1747011725.5653634,-32,-41,155
1747011725.6003633,47,-25,49
1747011725.6363633,-26,72,185
1747011725.6713634,-32,56,19
1747011725.7073634,-20,-23,-38
1747011725.7423637,13,-5,39
1747011725.7783637,-18,-31,83
1747011725.8143632,25,18,105
1747011725.849363,-14,-1,71
1747011725.8843634,93,26,109
1747011725.9203634,-6,-3,35
1747011725.9563634,-2,7,75
1747011725.9913633,9,47,179
1747011726.0273633,-80,-5,105
1747011726.0623634,3,-7,57
1747011726.0973637,-112,-5,33
1747011726.132363,55,20,135
1747011726.168363,27,-7,103
1747011726.204363,19,-31,75
1747011726.2393634,-10,40,91
1747011726.2753634,-44,-29,0
1747011726.3103633,47,-27,25
1747011726.3453634,-75,-16,23
1747011726.3803637,40,-24,65
1747011726.4163637,53,10,36
1747011726.4523633,71,6,109
1747011726.487363,-9,35,109
1747011726.5233634,56,45,99
1747011726.5583634,29,28,51
1747011726.5933633,-28,46,89
1747011726.6283634,57,-41,-6
1747011726.6643634,-20,-3,67
1747011726.7003634,-9,-4,157
1747011726.7353632,-36,-22,45
1747011726.7713633,19,-18,173
1747011726.806363,-41,-52,89
1747011726.8413634,3,67,85
1747011726.8763633,1,63,137
1747011726.9123633,-63,39,97
1747011726.9483633,-15,67,15
1747011726.9833634,-19,0,65
1747011727.0193634,7,28,9
1747011727.0543633,49,-30,111
1747011727.089363,-42,-23,153
1747011727.1243634,-22,-35,57
1747011727.1603634,19,48,-4
1747011727.1963634,29,-35,-30
1747011727.2313633,-28,16,147
1747011727.2673633,-36,-39,75
1747011727.3023634,-40,1,153
1747011727.3373632,21,22,59
1747011727.372363,43,-51,49
1747011727.408363,-14,36,91
1747011727.4443634,-23,14,73
1747011727.4793634,-9,-26,97
1747011727.5153637,-58,13,89
1747011727.5503633,0,9,-30
1747011727.5853634,0,49,135
1747011727.6203637,-18,-110,21
1747011727.6563632,13,33,171
1747011727.6923633,31,31,41
1747011727.727363,-39,2,71
1747011727.7633634,42,-87,141
1747011727.7983634,-13,50,129
1747011727.8333633,6,-26,199
1747011727.8683634,-17,21,101
1747011727.9043634,-39,61,71
1747011727.9403634,-19,-7,45
1747011727.9753633,-1,30,55
1747011728.0113633,30,-19,105
1747011728.0463634,-21,40,3
1747011728.0813634,-10,-60,157
1747011728.1163633,37,79,35
1747011728.1523633,37,-10,129
1747011728.1883633,11,-3,61
1747011728.2233634,37,-13,1
1747011728.2593634,74,1,73
1747011728.2943633,-48,-1,33
1747011728.329363,15,-7,131
1747011728.3643634,-6,-27,146
1747011728.4003634,14,-31,-14
1747011728.4363637,28,38,27
1747011728.4713633,-39,-41,109
1747011728.507363,0,-15,75
1747011728.5423634,-34,-13,-2
1747011728.5773633,95,-13,65
1747011728.612363,-40,-7,35
1747011728.6483634,-19,-68,56
1747011728.6843634,2,7,195
1747011728.7193637,-47,13,189
1747011728.7553637,15,-9,112
1747011728.7903633,153,-35,48
1747011728.8253634,49,-11,36
1747011728.8603632,67,-39,88
1747011728.8963633,-56,-39,6
1747011728.9323633,59,28,122
1747011728.9673634,-81,-76,136
1747011729.0033634,70,7,13
1747011729.0383637,20,-104,75
1747011729.0733633,-45,15,65
1747011729.1093633,0,-44,79
1747011729.1443634,-51,-24,75
1747011729.1803634,2,-2,48
1747011729.2153633,20,9,170
1747011729.2513633,17,-3,152
1747011729.2863634,-70,48,92
1747011729.3213634,15,16,124
1747011729.3573637,15,-25,160
1747011729.3923633,-20,4,-49
1747011729.428363,32,-10,2
1747011729.4633634,-27,-28,160
1747011729.4993634,22,33,106
1747011729.5343633,51,-29,-1
1747011729.5693634,51,-27,84
1747011729.6053634,-74,4,116
1747011729.6403637,-34,30,106
1747011729.6763637,-10,12,10
1747011729.7113633,39,-19,-49
1747011729.747363,-46,-31,28
1747011729.7823634,23,46,90
1747011729.8173633,-54,44,50
1747011729.8533633,24,12,-66
1747011729.8883634,48,-21,5
1747011729.9243634,82,-15,147
1747011729.9593637,4,-39,31
1747011729.9953637,-3,-15,-52
1747011730.030363,95,-60,77
1747011730.0653634,19,-38,0
1747011730.1013634,52,-13,66
1747011730.1363633,-27,22,117
1747011730.1723633,-23,28,124
1747011730.2073634,106,-33,-11
1747011730.2433634,6,34,58
1747011730.2783637,-66,-26,120
1747011730.3133633,62,-34,70
1747011730.349363,24,44,48
1747011730.3843634,-35,16,-7
1747011730.4203634,-58,-75,82
1747011730.4553633,-48,74,110
1747011730.4913633,63,4,25
1747011730.5263634,39,15,59
1747011730.5613637,-62,27,102
1747011730.5973637,-38,-91,180
1747011730.632363,-74,-58,10
1747011730.668363,0,-40,96
1747011730.7033634,13,1,52
1747011730.7393634,21,43,-23
1747011730.7743633,65,-60,56
1747011730.8093634,68,-25,30
1747011730.8453634,14,5,32
1747011730.8803637,-13,-20,110
1747011730.9163637,-54,59,26
1747011730.951363,-25,-12,72
1747011730.9863634,-102,-48,52
1747011731.0213633,-3,-7,176
1747011731.0573633,12,10,134
1747011731.0933633,-33,-47,-57
1747011731.1283634,10,40,206
1747011731.1643634,26,-9,31
1747011731.1993637,28,-35,-36
1747011731.2343633,-25,0,33
1747011731.2693634,26,62,69
1747011731.3053634,53,14,141
1747011731.3413634,-66,-47,-29
1747011731.3763633,-54,-31,46
1747011731.4123633,-82,78,0
1747011731.4473634,-38,20,238
1747011731.4823637,-22,102,110
1747011731.5173633,-2,93,110
1747011731.553363,-34,33,70
1747011731.589363,-62,6,116
1747011731.6243634,-50,-31,30
1747011731.6603634,54,45,72
1747011731.6953633,13,-23,114
1747011731.7303634,-62,60,142
1747011731.7653637,-34,8,61
1747011731.8013637,-28,-19,-78
1747011731.8373632,55,56,53
1747011731.872363,-30,-47,25
1747011731.908363,-30,-35,87
1747011731.9433634,-2,-65,33
1747011731.9783633,41,14,-76
1747011732.0133634,-86,-11,-24
1747011732.0493634,45,86,91
1747011732.0853634,-30,40,107
1747011732.1203637,21,4,139
1747011732.1563632,15,-27,57
1747011732.191363,41,-52,41
1747011732.2263634,-24,-57,245
1747011732.2613633,-72,0,99
1747011732.2973633,11,-70,119
1747011732.3333633,-64,33,109
1747011732.3683634,97,23,119
1747011732.4043634,-18,-62,83
1747011732.4393632,-24,33,1
1747011732.474363,83,-2,187
1747011732.5093634,31,18,71
1747011732.5453634,57,15,115
1747011732.5813634,37,0,133
1747011732.6163633,59,-1,27
1747011732.6523633,-48,-25,-24
1747011732.6873634,20,11,67
1747011732.7223637,-10,22,143
1747011732.757363,-52,-1,113
1747011732.793363,-16,-53,21
1747011732.829363,-14,46,103
1747011732.8643634,1,0,77
1747011732.9003634,67,-66,47
1747011732.9353633,-31,-58,5
1747011732.9703634,-9,-14,117
1747011733.0053637,-77,-6,35
1747011733.0413637,-40,102,66
1747011733.0773633,53,40,146
1747011733.112363,65,-31,94
1747011733.1483634,-7,-6,20
1747011733.1833634,9,6,96
1747011733.2183633,-44,-5,108
1747011733.2533634,75,-7,-31
1747011733.2893634,-72,12,220
1747011733.3253634,55,10,24
1747011733.3603632,-30,20,150
1747011733.3963633,-2,-39,200
1747011733.431363,-98,46,122
1747011733.4663634,11,-2,86
1747011733.5013633,-19,-87,16
1747011733.5373633,56,-50,88
1747011733.5733633,-16,76,-15
1747011733.6083634,-20,58,-47
1747011733.6443634,-1,-4,-3
1747011733.6793633,-32,-7,50
1747011733.714363,-10,56,32
1747011733.7493634,-18,34,106
1747011733.7853634,21,12,100
1747011733.8213634,-26,64,72
1747011733.8563633,45,-57,8
1747011733.8923633,24,-52,38
1747011733.9273634,74,-26,89
1747011733.9623632,-14,38,91
1747011733.9983633,67,-3,63
1747011734.033363,-61,49,38
1747011734.0693634,20,0,94
1747011734.1043634,-60,46,-99
1747011734.1403637,-31,25,42
1747011734.1753633,4,-9,-1
1747011734.2103634,50,54,184
1747011734.2463634,-94,4,30
1747011734.2813632,75,69,78
1747011734.3173633,13,15,4
1747011734.352363,13,26,36
1747011734.3883634,-76,4,68
1747011734.4303634,17,82,30
1747011734.4663634,53,14,4
1747011734.5023634,34,-13,84
1747011734.5373633,32,16,90
1747011734.5733633,-16,16,102
1747011734.6083634,-82,70,124
1747011734.6443634,-64,-22,113
1747011734.6793633,9,-75,131
1747011734.714363,90,21,107
1747011734.750363,-56,-12,105
1747011734.7853634,5,-12,151
1747011734.8213634,16,49,92
1747011734.8563633,-50,23,115
1747011734.8923633,-22,17,129
1747011734.9273634,67,-14,129
1747011734.9623632,95,33,107
1747011734.9983633,-4,-6,97
1747011735.033363,-20,-31,69
1747011735.0693634,45,52,80
1747011735.1043634,1,4,137
1747011735.1403637,13,-3,113
1747011735.1753633,-4,-43,49
1747011735.2103634,-4,20,118
1747011735.2463634,57,46,74
1747011735.2813632,19,52,-43
1747011735.3173633,-66,56,93
1747011735.352363,65,-13,-35
1747011735.3883634,91,-17,52
1747011735.4233634,64,14,64
1747011735.4583633,70,22,133
1747011735.4943633,-65,20,47
1747011735.5293634,14,-39,131
1747011735.5653634,-8,-29,69
1747011735.6003633,23,-62,181
1747011735.6363633,16,-60,94
1747011735.6713634,39,7,74
1747011735.7063634,47,83,60
1747011735.7423637,-29,63,102
1747011735.7773633,-26,20,-17
1747011735.8133633,57,26,122
1747011735.8483634,-27,-6,-27
1747011735.8843634,180,-38,124
1747011735.9203634,62,-96,78
1747011735.9553633,8,-30,16
1747011735.9903634,80,-12,66
1747011736.0263634,58,-58,128
1747011736.0623634,-29,-52,18
1747011736.0973637,4,33,78
1747011736.1333632,-83,65,96
1747011736.168363,36,15,130
1747011736.2033634,10,-6,148
1747011736.2383633,-23,-30,-22
1747011736.2743633,-28,10,74
1747011736.3103633,76,-16,107
1747011736.3453634,-23,13,157
1747011736.3813634,-19,17,-6
1747011736.4163637,2,-68,-42
1747011736.451363,83,-59,114
1747011736.4863634,-19,29,116
1747011736.5223634,34,-22,48
1747011736.5583634,23,49,20
1747011736.5933633,-4,-60,112
1747011736.6293633,12,15,184
1747011736.6643634,-76,81,72
1747011736.6993637,7,-43,62
1747011736.7343633,29,-39,22
1747011736.770363,67,30,58
1747011736.806363,-39,-6,90
1747011736.8413634,66,27,178
1747011736.8773634,-35,-24,79
1747011736.9123633,24,13,91
1747011736.9473634,68,76,135
1747011736.9823637,-7,-54,71
1747011737.0183637,72,21,129
1747011737.0543633,-47,7,79
1747011737.089363,10,43,169
1747011737.125363,-24,-5,-22
1747011737.1603634,51,-53,61
1747011737.1953633,7,8,19
1747011737.2303634,13,-15,127
1747011737.2663634,35,-73,111
1747011737.3023634,-20,94,115
1747011737.3373632,10,-72,-38
1747011737.3733633,-16,-5,211
1747011737.408363,-22,32,-10
1747011737.4433634,39,4,-28
1747011737.4783633,-55,-46,139
1747011737.5143633,-49,13,133
1747011737.5503633,-21,-48,77
1747011737.5853634,-37,39,77
1747011737.6213634,-7,-32,161
1747011737.6563632,60,-32,5
1747011737.691363,29,-8,149
1747011737.7263634,-29,90,75
1747011737.7623634,46,-23,121
1747011737.7983634,-33,38,27
1747011737.8333633,-55,-25,117
1747011737.8693633,-51,36,105
1747011737.9043634,16,-13,117
1747011737.9393632,96,16,-32
1747011737.974363,59,-41,45
1747011738.010363,39,6,29
1747011738.0463634,-8,-59,205
1747011738.0813634,-17,-51,193
1747011738.1173637,-16,-15,91
1747011738.1523633,99,-27,73
1747011738.1873634,-52,-59,65
1747011738.2223637,-12,-49,45
1747011738.2583632,-87,-16,51
1747011738.2943633,-13,23,57
1747011738.329363,26,-22,-18
1747011738.3653634,-11,-46,123
1747011738.4003634,22,-4,33
1747011738.4353633,22,3,17
1747011738.4703634,-61,-74,153
1747011738.5063634,-27,-32,119
1747011738.5423634,22,-78,-122
1747011738.5773633,-26,-36,61
1747011738.6133633,12,13,141
1747011738.6483634,29,-25,0
1747011738.6833634,10,-4,-12
1747011738.7183633,-28,20,59
1747011738.7543633,91,52,93
1747011738.7903633,-68,24,109
1747011738.8253634,-84,-1,-28
1747011738.8613634,29,-3,63
1747011738.8963633,55,-28,27
1747011738.931363,-82,36,15
1747011738.9663634,-22,-51,263
1747011739.0023634,-12,-9,23
1747011739.0383637,-26,-7,99
1747011739.0733633,61,-61,39
1747011739.1093633,46,-31,3
1747011739.1443634,-21,60,45
1747011739.1793633,105,-7,133
1747011739.2153633,39,56,65
1747011739.250363,27,30,59
1747011739.2863634,-34,-73,49
1747011739.3213634,75,20,117
1747011739.3573637,-74,-29,229
1747011739.3923633,54,-37,115
1747011739.4273634,-67,30,87
1747011739.4633634,90,78,61
1747011739.4983633,-27,-33,15
1747011739.5343633,10,58,103
1747011739.5693634,-1,109,43
1747011739.6053634,52,-40,50
1747011739.6403637,14,31,28
1747011739.6753633,-15,-64,-39
1747011739.7113633,-59,25,114
1747011739.7463634,76,-16,80
1747011739.7823634,86,25,8
1747011739.8173633,16,47,58
1747011739.8533633,-19,-30,36
1747011739.8893633,-99,1,28
1747011739.9253633,34,-26,100
1747011739.9603634,-23,12,162
1747011739.9953637,44,8,82
1747011740.0313632,4,18,10
1747011740.066363,-14,-56,46
1747011740.102363,26,36,98
1747011740.1373634,-63,4,88
1747011740.1733634,-5,90,102
1747011740.2083633,-14,-31,156
1747011740.2433634,-15,24,246
1747011740.2793634,-9,4,122
1747011740.3143632,1,40,168
1747011740.3503633,-28,-6,34
1747011740.385363,-28,-62,62
1747011740.4213634,-6,42,-17
1747011740.4563634,27,16,30
1747011740.4913633,33,-11,38
1747011740.5273633,-22,-13,48
1747011740.5623634,111,44,128
1747011740.5983634,71,19,148
1747011740.6333632,73,43,58
1747011740.6693633,24,-22,30
1747011740.704363,140,-2,156
1747011740.7393634,-8,-29,206
1747011740.7753634,-18,-1,36
1747011740.8103633,17,18,158
1747011740.8463633,15,-3,40
1747011740.8813634,-16,-27,116
1747011740.9173634,21,74,26
1747011740.9523633,25,-6,36
1747011740.987363,80,20,60
1747011741.0233634,-101,-19,40
1747011741.0583634,-38,-7,112
1747011741.0943637,-7,24,42
1747011741.1293633,-3,6,74
1747011741.1643634,2,-49,212
1747011741.1993637,-10,10,48
1747011741.2353632,-25,48,26
1747011741.2713633,62,-75,-15
1747011741.306363,20,26,176
1747011741.3423634,24,-3,60
1747011741.3773634,53,-33,-85
1747011741.4123633,25,6,64
1747011741.4473634,-24,-33,-1
1747011741.4833634,-8,40,130
1747011741.5193634,-2,-59,98
1747011741.5543633,57,84,78
1747011741.5903633,11,22,-37
1747011741.625363,-2,54,8
1747011741.6603634,-52,-73,0
1747011741.6953633,-32,39,148
1747011741.7313633,-6,49,-23
1747011741.7673633,-10,-81,104
1747011741.8023634,53,-69,206
1747011741.8383634,-22,12,80
1747011741.8733633,-80,-16,130
1747011741.908363,27,-15,88
1747011741.9433634,-58,58,6
1747011741.9793634,51,-8,52
1747011742.0153637,9,-64,134
1747011742.0503633,61,-12,-57
1747011742.0863633,-26,32,32
1747011742.1213634,41,-75,26
1747011742.1563632,13,36,166
1747011742.191363,-3,-22,100
1747011742.227363,-24,-11,60
1747011742.2633634,-30,-5,70
1747011742.2983634,43,76,104
1747011742.3343637,1,-11,106
1747011742.3693633,51,20,124
1747011742.4043634,-30,10,-11
1747011742.4393632,0,-1,92
1747011742.4753633,78,11,136
1747011742.5113633,-20,10,108
1747011742.5463634,54,77,40
1747011742.5823634,22,9,124
1747011742.6173637,10,57,56
1747011742.6523633,5,30,122
1747011742.6873634,9,-57,112
1747011742.7233634,-48,14,126
1747011742.7593634,4,67,0
1747011742.7943633,-95,-28,174
1747011742.8303633,70,37,-27
1747011742.8653634,-41,-32,114
1747011742.9003634,-5,17,-29
1747011742.9353633,-46,-77,90
1747011742.9713633,46,48,114
1747011743.007363,36,-87,14
1747011743.0423634,38,2,-31
1747011743.0783634,-53,-19,146
1747011743.1133633,-64,-43,-89
1747011743.1483634,-40,54,-19
1747011743.1833634,3,-15,130
1747011743.2193637,1,-13,50
1747011743.2553637,70,-14,36
1747011743.2903633,45,30,116
1747011743.326363,51,-78,212
1747011743.3613634,35,-20,80
1747011743.3963633,63,-16,52
1747011743.431363,21,-6,198
1747011743.4673634,58,19,-9
1747011743.5033634,56,5,80
1747011743.5383637,-20,58,218
1747011743.5743637,47,0,114
1747011743.6093633,-32,-37,8
1747011743.6443634,-36,10,134
1747011743.6793633,44,-6,88
1747011743.7153633,34,-52,52
1747011743.7513633,0,-22,58
1747011743.7863634,76,-24,122
1747011743.8223634,-57,-28,142
1747011743.8573637,18,-34,-53
1747011743.8923633,58,-28,52
1747011743.9273634,92,5,72
1747011743.9633634,-55,39,62
1747011743.9993634,26,47,150
1747011744.0343633,15,-39,23
1747011744.0703633,3,-19,53
1747011744.1053634,25,-25,37
1747011744.1403637,-12,-21,15
1747011744.1753633,-8,72,73
1747011744.2113633,21,-27,81
1747011744.247363,25,24,9
1747011744.2823634,-25,28,57
1747011744.3183634,-2,4,23
1747011744.3533633,63,4,-46
1747011744.3883634,11,-1,109
1747011744.4243634,0,-52,51
1747011744.4663634,-25,83,51
1747011744.5033634,15,84,173
1747011744.5383637,-8,-53,17
1747011744.5743637,-28,-101,75
1747011744.6093633,-24,56,61
1747011744.6443634,-10,-69,27
1747011744.6803634,-44,-17,67
1747011744.7153633,-18,-103,63
1747011744.7513633,35,3,-4
1747011744.7863634,-60,64,11
1747011744.8223634,21,32,49
1747011744.8573637,39,-35,1
1747011744.8923633,3,-75,117
1747011744.928363,23,34,-2
1747011744.9633634,-47,57,99
1747011744.9993634,-61,91,243
1747011745.0343633,44,-32,85
1747011745.0703633,18,51,91
1747011745.1053634,-9,-21,-36
1747011745.1403637,48,11,121
1747011745.1763637,-51,39,-84
1747011745.2113633,-53,-22,83
1747011745.247363,101,-25,43
1747011745.2823634,23,-27,87
1747011745.3183634,-21,8,103
1747011745.3533633,-9,14,89
1747011745.3883634,60,-23,65
1747011745.4243634,-33,-59,-60
1747011745.4593637,10,-79,15
1747011745.4953637,-73,-33,105
1747011745.530363,63,-77,69
1747011745.566363,-19,-27,95
1747011745.6013634,22,8,141
1747011745.6363633,-26,36,141
1747011745.6723633,8,18,169
1747011745.7073634,-23,82,43
1747011745.7433634,-13,18,231
1747011745.7783637,0,4,17
1747011745.8143632,-70,-17,129
1747011745.849363,-93,34,-40
1747011745.8843634,-45,42,51
1747011745.9203634,82,-82,35
1747011745.9553633,-11,60,7
1747011745.9913633,-93,-18,49
1747011746.0263634,14,57,35
1747011746.0623634,3,38,35
1747011746.0983634,50,-4,25
1747011746.1343634,-3,-102,127
1747011746.1703634,-45,42,139
1747011746.2053633,30,-15,89
1747011746.2403634,13,10,41
1747011746.2763634,71,32,-92
1747011746.3123634,7,-29,55
1747011746.3473637,18,32,37
1747011746.3833632,-51,-49,69
1747011746.418363,-19,-41,5
1747011746.4533634,-57,-22,103
1747011746.4883633,-1,-51,143
1747011746.5243633,-67,16,27
1747011746.5603633,114,-29,91
1747011746.5953634,54,10,-77
1747011746.6313634,43,-77,42
1747011746.6663637,11,14,172
1747011746.701363,-20,-81,102
1747011746.7363634,35,10,78
1747011746.7723634,-68,-11,62
1747011746.8083634,-100,42,206
1747011746.8433633,-29,-49,10
1747011746.8793633,13,-47,66
1747011746.9143634,71,-53,-7
1747011746.9493637,111,-23,-7
1747011746.9843633,-24,16,172
1747011747.020363,-75,-25,112
1747011747.056363,-21,30,72
1747011747.0913634,-5,0,110
1747011747.1273634,-42,-19,118
1747011747.1623633,-14,26,18
1747011747.1973634,-28,-39,80
1747011747.2323637,-46,-16,-21
1747011747.2683637,-14,3,90
1747011747.3043633,-18,-26,138
1747011747.339363,-68,12,144
1747011747.375363,-4,-2,34
1747011747.4103634,60,10,64
1747011747.4453633,-12,-51,68
1747011747.4803634,-10,10,50
1747011747.5163634,13,-39,-39
1747011747.5523634,53,26,30
1747011747.5873632,37,-13,114
1747011747.6233633,-2,26,104
1747011747.658363,13,56,6
1747011747.6933634,33,-17,86
1747011747.7283633,-58,-45,101
1747011747.7643633,-33,-10,17
1747011747.8003633,-5,-8,182
1747011747.8353634,-1,-46,20
1747011747.8713634,40,13,102
1747011747.9063632,-7,-28,125
1747011747.941363,2,-54,61
1747011747.9763634,-1,11,89
1747011748.0123634,-29,-61,138
1747011748.0483634,-29,-59,56
1747011748.0833633,56,-8,82
1747011748.1193633,26,11,-55
1747011748.1543634,-7,40,104
1747011748.1893632,-1,10,80
1747011748.224363,-3,34,200
1747011748.260363,-1,15,16
1747011748.2963634,36,-6,126
1747011748.3313634,-9,56,36
1747011748.3673637,54,-2,-33
1747011748.4023633,33,18,-42
1747011748.4373634,-7,29,69
1747011748.4723637,4,-44,99
1747011748.5083632,-93,21,174
1747011748.5443633,9,58,154
1747011748.579363,-15,-10,-11
1747011748.6153634,30,-19,-21
1747011748.6503634,-6,16,144
1747011748.6853633,-64,-37,130
1747011748.7203634,-56,-21,57
1747011748.7563634,74,29,59
1747011748.7923634,-59,-60,31
1747011748.8273633,16,-16,161
1747011748.8633633,-1,55,99
1747011748.8983634,-55,23,151
1747011748.9333634,23,10,182
1747011748.9683633,43,16,47
1747011749.0043633,55,10,127
1747011749.0403633,10,42,45
1747011749.0753634,-17,-51,109
1747011749.1113634,-8,84,50
1747011749.1463633,15,-5,7
1747011749.181363,-22,14,91
1747011749.2163634,-15,18,103
1747011749.2523634,19,-11,168
1747011749.2883637,-25,37,96
1747011749.3233633,-41,9,116
1747011749.3593633,10,19,49
1747011749.3943634,1,33,70
1747011749.4293633,3,27,128
1747011749.4653633,43,23,62
1747011749.500363,-64,17,68
1747011749.5363634,-37,-28,64
1747011749.5713634,-7,-82,46
1747011749.6073637,-117,-42,128
1747011749.6423633,-37,15,136
1747011749.6773634,88,-22,38
1747011749.7133634,-12,42,30
1747011749.7483633,-32,-17,78
1747011749.7843633,-25,16,62
1747011749.8193634,30,-29,26
1747011749.8553634,-18,-71,76
1747011749.8903637,77,-9,-37
1747011749.9253633,-31,50,42
1747011749.9613633,-62,8,90
1747011749.9963634,6,-43,-77
1747011750.0323634,56,-47,154
1747011750.0673633,-23,-49,92
1747011750.1033633,-6,-2,92
1747011750.1383634,63,80,27
1747011750.1733634,75,50,89
1747011750.2093637,-68,24,118
1747011750.2443633,-66,4,26
1747011750.280363,38,50,7
1747011750.3153634,5,10,-10
1747011750.3513634,-18,-40,93
1747011750.3863633,9,39,68
1747011750.4213634,87,45,25
1747011750.4573634,-42,61,80
1747011750.4923637,13,42,50
1747011750.5283637,39,-37,142
1747011750.5633633,34,-24,-21
1747011750.599363,-10,-4,-7
1747011750.6343634,69,-2,48
1747011750.6693633,11,-70,260
1747011750.7053633,15,-11,200
1747011750.7403634,51,4,82
1747011750.7763634,-55,14,124
1747011750.8113637,-15,-6,53
1747011750.8473637,-55,76,-61
1747011750.882363,40,22,43
1747011750.9173634,4,-9,63
1747011750.9533634,34,-55,49
1747011750.9883633,26,76,0
1747011751.0243633,-30,-7,107
1747011751.0593634,0,42,67
1747011751.0953634,62,-23,97
1747011751.1303637,25,48,45
1747011751.1653633,-12,-33,45
1747011751.201363,-12,6,48
1747011751.2363634,7,-33,95
1747011751.2723634,-76,-25,-12
1747011751.3073633,-31,-95,35
1747011751.3423634,-30,32,66
1747011751.3773634,-51,48,42
1747011751.4133637,13,-7,24
1747011751.4493637,-33,72,62
1747011751.4843633,26,-13,158
1747011751.520363,-53,-41,60
1747011751.5553634,16,48,56
1747011751.5903633,-59,-2,4
1747011751.625363,-87,69,47
1747011751.6613634,28,-26,141
1747011751.6973634,8,-26,53
1747011751.7323637,4,-34,95
1747011751.7683637,69,23,-40
1747011751.803363,-32,-2,-12
1747011751.8383634,-61,-54,101
1747011751.8733633,-23,5,-14
1747011751.9093633,-67,41,-62
1747011751.9453633,16,41,111
1747011751.9803634,-9,-38,19
1747011752.0163634,-39,-40,31
1747011752.0513637,-9,27,169
1747011752.0863633,-51,-26,73
1747011752.1213634,28,-52,115
1747011752.1573634,-11,69,21
1747011752.1933634,47,20,151
1747011752.2283633,-16,-5,31
1747011752.2643633,11,39,3
1747011752.2993634,-46,11,3
1747011752.3343637,-22,51,-26
1747011752.3693633,-26,40,57
1747011752.405363,49,44,69
1747011752.441363,-32,17,143
1747011752.4763634,-72,5,147
1747011752.5123634,117,31,32
1747011752.5473633,5,33,128
1747011752.5823634,7,61,72
1747011752.6173637,-72,-18,-3
1747011752.6533637,13,-12,26
1747011752.6893632,19,42,0
1747011752.724363,63,-63,46
1747011752.760363,45,-99,82
1747011752.7953634,-10,22,58
1747011752.8303633,58,-8,82
1747011752.8653634,-51,-6,162
1747011752.9013634,33,0,96
1747011752.9373634,-22,10,120
1747011752.9723637,9,-1,28
1747011753.0083632,-28,-37,162
1747011753.043363,33,116,52
1747011753.0783634,-26,-41,114
1747011753.1133633,-105,-16,33
1747011753.1493633,17,-9,12
1747011753.1853633,-11,-52,74
1747011753.2203634,-33,-26,114
1747011753.2563634,6,-30,32
1747011753.2913637,20,17,144
1747011753.326363,-71,9,134
1747011753.3613634,-1,-46,90
1747011753.3973634,-27,23,22
1747011753.4333634,-86,51,-3
1747011753.4683633,31,59,12
1747011753.5043633,45,-2,78
1747011753.5393634,-3,-98,38
1747011753.5743637,-16,6,42
1747011753.6093633,47,-13,4
1747011753.645363,-2,9,98
1747011753.681363,-60,-88,80
1747011753.7163634,53,21,6
1747011753.7523634,-52,-43,130
1747011753.7873633,-58,-17,-29
1747011753.8223634,19,-23,136
1747011753.8573637,-28,38,66
1747011753.8933637,-97,-41,102
1747011753.9293633,-47,-7,-29
1747011753.964363,-66,52,8
1747011754.000363,15,-51,14
1747011754.0353634,-46,22,98
1747011754.0703633,-7,26,150
1747011754.1053634,-33,-33,74
1747011754.1413634,20,-11,96
1747011754.1773634,26,6,198
1747011754.2123632,26,77,-57
1747011754.2483633,74,-12,78
1747011754.283363,8,17,-85
1747011754.3183634,84,-39,170
1747011754.3533633,0,11,109
1747011754.3893633,28,-62,75
1747011754.4253633,-15,27,171
1747011754.4673634,22,-26,29
1747011754.5043633,-13,-74,17
1747011754.5393634,2,-82,47
1747011754.5743637,-33,5,39
1747011754.6103632,30,-24,125
1747011754.645363,16,-18,65
1747011754.681363,-23,13,-40
1747011754.7163634,-15,-22,43
1747011754.7523634,-43,53,55
1747011754.7873633,34,-44,105
1747011754.8223634,-77,-42,39
1747011754.8583634,-60,47,157
1747011754.8933637,-60,7,179
1747011754.9293633,11,53,37
1747011754.964363,-10,5,187
1747011755.000363,111,-41,51
1747011755.0353634,-14,-5,61
1747011755.0703633,17,46,35
1747011755.1063633,19,-28,21
1747011755.1413634,103,32,89
1747011755.1773634,73,6,70
1747011755.2123632,20,-36,126
1747011755.2483633,-44,-10,136
1747011755.283363,-74,-29,-39
1747011755.3183634,39,-1,120
1747011755.3543634,85,1,90
1747011755.3893633,35,15,222
1747011755.4253633,20,19,26
1747011755.4603634,18,17,-47
1747011755.4963634,-7,-82,68
1747011755.5313632,-6,-39,-55
1747011755.566363,-22,-50,46
1747011755.602363,17,14,76
1747011755.6373634,12,20,4
1747011755.6733634,-7,-44,188
1747011755.7083633,54,-74,124
1747011755.7443633,30,0,30
1747011755.7793634,-61,78,52
1747011755.8143632,52,27,66
1747011755.8503633,56,-21,48
1747011755.885363,92,18,40
1747011755.9213634,-31,-16,-43
1747011755.9563634,-38,-17,166
1747011755.9923637,36,-12,34
1747011756.0273633,-40,-59,170
1747011756.0623634,33,-41,40
1747011756.0983634,49,-18,94
1747011756.1333632,19,8,4
1747011756.1693633,39,-87,139
1747011756.204363,7,18,-12
1747011756.2403634,-32,6,55
1747011756.2763634,-6,28,47
1747011756.3113637,23,54,107
1747011756.3463633,19,-51,81
1747011756.382363,0,13,67
1747011756.418363,13,-16,11
1747011756.4533634,29,-12,95
1747011756.4893634,-12,5,111
1747011756.5243633,43,77,69
1747011756.5593634,-36,0,-8
1747011756.5943637,29,-23,-8
1747011756.6303637,13,-19,9
1747011756.6663637,-32,-3,112
1747011756.701363,39,-15,89
1747011756.737363,-20,-59,5
1747011756.7723634,-18,-7,-30
1747011756.8073633,11,82,-2
1747011756.8423634,38,69,14
1747011756.8783634,55,-1,102
1747011756.9143634,57,27,21
1747011756.9493637,1,43,0
1747011756.9853632,15,59,39
1747011757.020363,-22,-62,-8
1747011757.0553634,-16,3,137
1747011757.0903633,-58,16,-84
1747011757.1263633,30,5,141
1747011757.1623633,-9,51,-4
1747011757.1973634,-47,-24,97
1747011757.2333634,-35,-94,127
1747011757.2683637,2,35,55
1747011757.303363,14,-48,63
1747011757.3383634,-9,-46,87
1747011757.3743634,-27,11,71
1747011757.4103634,-47,37,77
1747011757.4453633,32,15,79
1747011757.4813633,-52,24,79
1747011757.5163634,38,-40,1
1747011757.5513637,-9,31,-16
1747011757.5863633,8,15,127
1747011757.622363,-33,27,63
1747011757.658363,30,-28,199
1747011757.6933634,6,-30,59
1747011757.7293634,22,39,175
1747011757.7643633,64,46,39
1747011757.7993634,8,-71,63
1747011757.8343637,-10,-75,37
1747011757.8703637,35,30,60
1747011757.9063632,-28,18,-16
1747011757.941363,-57,16,18
1747011757.977363,-30,-9,122
1747011758.0123634,10,25,96
1747011758.0473633,-16,-39,102
1747011758.0823634,-11,-24,18
1747011758.1183634,-59,51,30
1747011758.1543634,14,-10,32
1747011758.1893632,-34,-31,172
1747011758.2253633,-126,48,70
1747011758.260363,25,-39,-59
1747011758.2953634,-46,-11,188
1747011758.3303633,-28,72,158
1747011758.3663633,11,2,108
1747011758.4023633,25,44,64
1747011758.4373634,37,-13,88
1747011758.4733634,-27,-26,-33
1747011758.5083632,7,-23,32
1747011758.543363,-31,-2,114
1747011758.5783634,-10,-58,48
1747011758.6143634,-4,18,-7
1747011758.6503634,37,60,122
1747011758.6853633,1,-11,98
1747011758.7213633,-10,-21,90
1747011758.7563634,-48,8,108
1747011758.7913637,-28,24,68
1747011758.826363,-54,-28,-3
1747011758.862363,-8,-4,26
1747011758.8983634,15,37,228
1747011758.9333634,27,-31,-79
1747011758.9693637,-30,-11,46
1747011759.0043633,45,-10,170
1747011759.0393634,77,-72,40
1747011759.0743637,82,5,-25
1747011759.1103632,-127,3,128
1747011759.1463633,6,-12,-77
1747011759.181363,28,-34,122
1747011759.2173634,36,27,140
1747011759.2523634,-43,-12,188
1747011759.2873633,-21,-146,94
1747011759.3223634,-27,-38,-49
1747011759.3583634,-45,-47,184
1747011759.3943634,83,-12,90
1747011759.4293633,-5,-25,144
1747011759.4653633,-31,8,217
1747011759.500363,-47,-27,17
1747011759.5353634,30,-27,15
1747011759.5713634,2,41,14
1747011759.6063633,78,-5,132
1747011759.6423633,12,24,177
1747011759.6773634,-35,-27,56
1747011759.7133634,-11,-19,44
1747011759.7483633,26,-51,76
1747011759.783363,-57,-27,84
1747011759.8193634,-21,45,98
1747011759.8543634,28,-73,32
1747011759.8903637,-30,-60,42
1747011759.9253633,76,22,-29
1747011759.9613633,2,-49,114
1747011759.9963634,70,4,-25
1747011760.0313632,35,0,88
1747011760.0673633,47,-43,76
1747011760.102363,-75,40,52
1747011760.1383634,30,28,18
1747011760.1733634,-91,-27,26
1747011760.2093637,-15,30,-45
1747011760.2443633,8,-2,104
1747011760.2793634,-29,-41,74
1747011760.3153634,-81,32,60
1747011760.3503633,-31,-29,56
1747011760.3863633,-59,-33,184
1747011760.4213634,-22,-16,24
1747011760.4573634,-42,28,64
1747011760.4923637,-8,38,56
1747011760.5273633,-50,20,86
1747011760.5633633,7,22,96
1747011760.5983634,9,-19,6
1747011760.6343634,0,-24,22
1747011760.6693633,-37,-18,30
1747011760.7053633,-55,-32,137
1747011760.7403634,-30,13,67
1747011760.7753634,59,63,3
1747011760.8113637,-7,-69,117
1747011760.8463633,-55,-25,63
1747011760.882363,-7,-29,15
1747011760.9173634,89,-35,-49
1747011760.9533634,-8,26,175
1747011760.9883633,-19,-45,47
1747011761.0233634,-36,-41,141
1747011761.0593634,-60,45,211
1747011761.0943637,-24,-3,-25
1747011761.1303637,77,44,86
1747011761.1653633,81,0,84
1747011761.201363,-18,-45,120
1747011761.2363634,59,68,56
1747011761.2713633,45,34,36
1747011761.3073633,9,-33,72
1747011761.3423634,-18,50,82
1747011761.3783634,-5,54,108
1747011761.4133637,-73,-21,44
1747011761.4483633,-77,32,94
1747011761.4833634,-54,6,146
1747011761.5193634,-16,78,16
1747011761.5553634,8,-41,40
1747011761.5903633,-19,-5,222
1747011761.6263633,-40,-19,130
1747011761.6613634,31,104,12
1747011761.6963634,-48,-65,194
1747011761.7313633,62,65,162
1747011761.7673633,-1,-7,-93
1747011761.803363,-81,-5,82
1747011761.8383634,15,16,173
1747011761.8743634,-37,79,147
1747011761.9093633,38,-51,-32
1747011761.9443634,-19,-21,43
1747011761.9793634,37,-71,91
1747011762.0153637,-50,38,-26
1747011762.0513637,0,-19,109
1747011762.0863633,-11,22,39
1747011762.122363,-17,-33,19
1747011762.1573634,15,24,67
1747011762.1923633,14,48,49
1747011762.227363,-12,-41,63
1747011762.2633634,-54,32,-8
1747011762.2993634,-3,-32,65
1747011762.3343637,18,-72,99
1747011762.3703637,73,22,99
1747011762.405363,31,2,109
1747011762.4403634,15,24,50
1747011762.4753633,-36,-21,86
1747011762.5113633,9,34,14
1747011762.5473633,25,-61,76
1747011762.5823634,0,-33,68
1747011762.6183634,23,1,-12
1747011762.6533637,2,3,59
1747011762.6883633,14,-60,63
1747011762.7233634,-36,-16,51
1747011762.7593634,-64,-17,135
1747011762.7953634,83,6,189
1747011762.8303633,31,6,1
1747011762.8663633,24,-42,19
1747011762.9013634,42,-6,13
1747011762.9363637,24,-16,-48
1747011762.9713633,-17,-58,177
1747011763.007363,24,71,43
1747011763.043363,-41,93,127
1747011763.0783634,18,-6,17
1747011763.1143634,-14,-12,49
1747011763.1493633,-34,-16,-35
1747011763.1843634,40,57,2
1747011763.2193637,41,-13,95
1747011763.2553637,-62,-11,9
1747011763.2913637,39,14,107
1747011763.326363,14,-10,58
1747011763.362363,-67,49,68
1747011763.3973634,-71,-40,-23
1747011763.4323633,6,-20,14
1747011763.4673634,32,-26,67
1747011763.5033634,6,89,67
1747011763.5393634,30,-36,5
1747011763.5743637,-47,-26,167
1747011763.6103632,66,41,159
1747011763.645363,70,-16,46
1747011763.6803634,14,-18,63
1747011763.7153633,7,-100,95
1747011763.7513633,116,-60,23
1747011763.7873633,-20,-26,48
1747011763.8223634,-16,-56,151
1747011763.8583634,-58,69,56
1747011763.8933637,-24,-24,26
1747011763.928363,3,-12,123
1747011763.9633634,-66,66,109
1747011763.9993634,-45,-1,110
1747011764.0353634,-1,-63,28
1747011764.0703633,-111,-29,54
1747011764.1063633,0,32,18
1747011764.1413634,61,-23,214
1747011764.1763637,-20,-29,94
1747011764.2113633,43,-95,130
1747011764.247363,17,-21,44
1747011764.283363,36,-52,130
1747011764.3183634,47,-33,-57
1747011764.3543634,-12,-66,104
1747011764.3893633,68,5,34
1747011764.4243634,26,15,144
1747011764.4593637,-31,41,12
1747011764.5023634,36,-8,2
1747011764.5393634,39,36,22
1747011764.5743637,41,-73,64
1747011764.6103632,-90,70,222
1747011764.645363,21,-25,126
1747011764.6803634,59,-9,66
1747011764.7163634,47,-11,10
1747011764.7513633,37,82,-5
1747011764.7873633,63,48,166
1747011764.8223634,15,40,132
1747011764.8583634,-52,-39,38
1747011764.8933637,55,-13,220
1747011764.928363,9,-49,46
1747011764.964363,19,10,-129
1747011764.9993634,15,-29,74
1747011765.0353634,15,-78,36
1747011765.0703633,91,-32,10
1747011765.1063633,-13,-32,48
1747011765.1413634,-34,-16,196
1747011765.1763637,-57,19,90
1747011765.2123632,-24,4,26
1747011765.247363,13,6,112
1747011765.283363,19,-19,-29
1747011765.3193634,19,68,152
1747011765.3553634,27,4,66
1747011765.3903637,25,-7,40
1747011765.4263637,141,-5,106
1747011765.4613633,67,-2,-53
1747011765.4963634,6,13,64
1747011765.5323634,-7,-44,62
1747011765.5673633,36,-44,256
1747011765.6033633,-3,-36,84
1747011765.6383634,-15,-10,100
1747011765.6743634,58,61,22
1747011765.7093637,-53,-12,102
1747011765.7443633,22,-33,90
1747011765.780363,-94,7,138
1747011765.8153634,-46,-2,66
1747011765.8513634,-42,-55,86
1747011765.8863633,35,-5,-29
1747011765.9223633,-29,-62,-13
1747011765.9573634,-43,-46,20
1747011765.9923637,74,37,132
1747011766.0283637,30,-38,104
1747011766.0633633,32,3,144
1747011766.099363,17,-80,48
1747011766.1343634,41,-30,50
1747011766.1703634,-6,17,190
1747011766.2053633,54,8,-135
1747011766.2403634,48,-51,38
1747011766.2763634,26,-75,34
1747011766.3113637,17,20,74
1747011766.3473637,52,0,50
1747011766.382363,-19,-6,126
1747011766.418363,24,-30,-93
1747011766.454363,4,31,160
1747011766.4903634,60,9,90
1747011766.5263634,24,36,72
1747011766.5613637,-11,23,-61
1747011766.5963633,5,29,-44
1747011766.632363,3,53,124
1747011766.668363,-60,-46,1
1747011766.7033634,0,-41,19
1747011766.7393634,27,-11,126
1747011766.7743633,5,20,58
1747011766.8093634,33,-45,34
1747011766.8443637,-7,-56,11
1747011766.8803637,-44,-83,42
1747011766.9163637,-38,32,127
1747011766.951363,0,48,213
1747011766.987363,13,2,57
1747011767.0223634,34,63,135
1747011767.0573633,-39,-68,17
1747011767.0923634,-12,28,-68
1747011767.1283634,59,-17,83
1747011767.1643634,111,-11,117
1747011767.1993637,17,20,109
1747011767.2353632,-15,-38,145
1747011767.270363,22,-80,145
1747011767.3053634,28,19,173
1747011767.3403633,30,35,-10
1747011767.3763633,-101,29,-28
1747011767.4123633,-7,5,43
1747011767.4473634,22,75,99
1747011767.4833634,93,8,89
1747011767.5183637,-116,28,44
1747011767.553363,55,-54,38
1747011767.5883634,41,-80,6
1747011767.6243634,42,-30,134
1747011767.6603634,-50,-6,32
1747011767.6953633,59,-4,36
1747011767.7313633,-20,52,-27
1747011767.7663634,-72,8,120
1747011767.8013637,33,38,186
1747011767.8363633,-20,40,78
1747011767.872363,-88,20,42
1747011767.908363,9,-79,76
1747011767.9433634,15,-11,145
1747011767.9793634,29,-19,151
1747011768.0143633,7,-49,179
1747011768.0493634,-3,-2,207
1747011768.0843637,36,-7,-13
1747011768.1203637,61,-36,61
1747011768.1563632,13,11,81
1747011768.191363,71,21,87
1747011768.227363,17,-55,25
1747011768.2623634,-45,104,69
1747011768.2973633,20,-51,17
1747011768.3323634,95,36,123
1747011768.3683634,-48,-61,128
1747011768.4043634,17,-19,-41
1747011768.4393632,-21,5,-31
1747011768.4753633,-20,44,142
1747011768.510363,-69,28,42
1747011768.5453634,26,10,14
1747011768.5803633,-65,55,140
1747011768.6163633,23,22,40
1747011768.6523633,49,40,75
1747011768.6873634,-23,26,139
1747011768.7233634,86,18,25
1747011768.7583632,46,-61,89
1747011768.793363,22,66,133
1747011768.8283634,11,32,49
1747011768.8643634,-42,2,91
1747011768.9003634,-22,-28,131
1747011768.9353633,-24,25,27
1747011768.9713633,-14,0,3
1747011769.0063634,-36,-50,117
1747011769.0413637,-12,85,131
1747011769.076363,-16,-19,51
1747011769.112363,-8,-12,75
1747011769.1483634,-36,39,53
1747011769.1833634,-15,61,19
1747011769.2193637,-26,23,83
1747011769.2543633,21,-28,35
1747011769.2893634,23,-30,37
1747011769.3243637,69,48,113
1747011769.3603632,-14,-47,187
1747011769.3963633,-57,-31,73
1747011769.431363,5,-33,1
1747011769.4673634,-42,-9,77
1747011769.5023634,-17,78,0
1747011769.5373633,20,25,115
1747011769.5723634,120,39,115
1747011769.6083634,-11,25,91
1747011769.6443634,4,-16,29
1747011769.6793633,19,40,47
1747011769.7153633,23,48,221
1747011769.750363,-96,15,33
1747011769.7853634,9,107,5
1747011769.8213634,-30,-26,105
1747011769.8563633,55,-5,-48
1747011769.8923633,65,52,75
1747011769.9273634,-18,56,67
1747011769.9633634,-9,23,147
1747011769.9983633,98,-28,115
1747011770.033363,-21,-98,155
1747011770.0693634,-71,-18,119
1747011770.1043634,42,-28,111
1747011770.1403637,-13,-40,39
1747011770.1753633,-30,28,47
1747011770.2113633,27,31,-4
1747011770.2463634,38,-3,93
1747011770.2813632,-9,33,-48
1747011770.3173633,1,-54,-88
1747011770.352363,51,21,65
1747011770.3883634,47,-50,133
1747011770.4233634,-14,37,81
1747011770.4593637,-44,-63,63
1747011770.4943633,-2,58,95
1747011770.5293634,-1,37,41
1747011770.5653634,2,-16,105
1747011770.6003633,36,41,169
1747011770.6363633,-37,-63,47
1747011770.6713634,-73,4,135
1747011770.7073634,28,-29,43
1747011770.7423637,-37,40,67
1747011770.7773633,-13,-13,43
1747011770.8133633,33,-77,139
1747011770.8483634,-41,46,141
1747011770.8843634,48,-7,55
1747011770.9193633,24,16,67
1747011770.9553633,31,-17,119
1747011770.9903634,-34,142,21
1747011771.0253634,63,-1,93
1747011771.0613637,50,-6,29
1747011771.0963633,-31,-1,3
1747011771.132363,30,-14,171
1747011771.1673634,44,-3,51
1747011771.2033634,-37,-19,128
1747011771.2383633,4,-35,205
1747011771.2733634,-48,43,73
1747011771.3093634,-43,16,10
1747011771.3443637,-17,-25,120
1747011771.3803637,70,59,196
1747011771.4153633,-47,-15,36
1747011771.451363,-24,44,72
1747011771.4863634,-2,11,-11
1747011771.5213633,-14,-96,78
1747011771.5573633,75,23,8
1747011771.5923634,49,39,66
1747011771.6283634,127,57,-23
1747011771.6633637,87,17,92
1747011771.6983633,-26,43,106
1747011771.7333634,11,-4,-74
1747011771.7693634,-22,-71,143
1747011771.8053634,-64,26,77
1747011771.8403633,-2,60,29
1747011771.8763633,-50,-23,-95
1747011771.9113634,-16,-35,6
1747011771.9463634,15,63,146
1747011771.9813633,105,34,14
1747011772.0173633,-46,15,36
1747011772.053363,81,-51,172
1747011772.0883634,49,5,52
1747011772.1243634,-80,1,40
1747011772.1593633,-4,-6,12
1747011772.1943634,-42,5,32
1747011772.2293634,45,52,18
1747011772.2653637,11,49,76
1747011772.3013637,-88,-35,119
1747011772.3363633,-74,-28,24
1747011772.372363,-18,-12,50
1747011772.4073634,-48,12,116
1747011772.4423633,27,-87,81
1747011772.477363,-24,-67,78
1747011772.5133634,37,17,4
1747011772.5493634,51,-68,78
1747011772.5843637,-72,-22,78
1747011772.6203637,9,39,-13
1747011772.655363,-6,11,44
1747011772.6903634,-28,-37,108
1747011772.7253633,-19,-32,62
1747011772.7613633,2,-2,-1
1747011772.7973633,26,41,228
1747011772.8323634,-59,0,154
1747011772.8683634,48,1,-14
1747011772.9033637,60,-12,19
1747011772.9383633,-50,-46,127
1747011772.9733634,83,15,28
1747011773.0093634,71,7,144
1747011773.0453634,-11,3,26
1747011773.0803633,-29,41,38
1747011773.1163633,-111,-72,118
1747011773.1513634,12,-6,148
1747011773.1863637,66,-36,-29
1747011773.2213633,14,41,30
1747011773.257363,-89,17,-37
1747011773.293363,50,-19,16
1747011773.3283634,32,-35,36
1747011773.3643634,-19,-4,-53
1747011773.3993633,4,-94,46
1747011773.4343634,-33,33,262
1747011773.4693637,24,3,11
1747011773.5053637,36,43,57
1747011773.5413637,36,4,137
1747011773.576363,-75,-58,53
1747011773.612363,1,6,41
1747011773.6473634,24,14,109
1747011773.6823633,40,-93,79
1747011773.7173634,-34,88,115
1747011773.7533634,-11,-19,61
1747011773.7893634,-32,-65,-86
1747011773.8243637,63,-51,11
1747011773.8603632,-36,-41,25
1747011773.895363,-42,-55,85
1747011773.9303634,-72,-14,-2
1747011773.9653633,12,-11,45
1747011774.0013633,9,-30,127
1747011774.0373633,44,-44,121
1747011774.0723634,48,-32,45
1747011774.1083634,56,61,61
1747011774.1433637,-90,34,-12
1747011774.178363,63,6,89
1747011774.2133634,-88,-103,126
1747011774.2493634,59,44,150
1747011774.2853634,56,24,72
1747011774.3203633,-63,112,116
1747011774.3563633,6,50,58
1747011774.3913634,-27,-76,-7
1747011774.4263637,62,79,36
1747011774.4613633,36,-12,12
1747011774.5033634,-21,-78,130
1747011774.5403633,-87,51,154
1747011774.5753634,64,-20,8
1747011774.6103632,0,11,48
1747011774.645363,0,47,146
1747011774.681363,58,15,212
1747011774.7173634,-11,13,14
1747011774.7523634,20,-20,154
1747011774.7883637,60,47,78
1747011774.8233633,68,7,6
1747011774.8583634,12,33,38
1747011774.8943634,34,-80,46
1747011774.9293633,-45,-10,4
1747011774.9653633,-55,-6,18
1747011775.000363,4,-12,140
1747011775.0363634,-31,-14,118
1747011775.0713634,-47,-16,64
1747011775.1063633,22,-86,6
1747011775.1423633,-81,100,24
1747011775.1773634,2,10,151
1747011775.2133634,0,-111,47
1747011775.2483633,35,60,75
1747011775.2843633,91,18,29
1747011775.3193634,-14,-11,113
1747011775.3543634,47,48,94
1747011775.3903637,-20,23,168
1747011775.4253633,-76,-8,64
1747011775.4613633,-32,-24,138
1747011775.4963634,83,55,24
1747011775.5323634,18,-38,24
1747011775.5673633,56,-38,54
1747011775.602363,-58,21,28
1747011775.6383634,-6,-4,2
1747011775.6733634,-69,5,140
1747011775.7093637,26,55,0
1747011775.7443633,66,45,84
1747011775.780363,-31,-6,68
1747011775.8153634,44,-22,170
1747011775.8503633,-7,81,80
1747011775.8863633,-27,-9,206
1747011775.9213634,12,6,-11
1747011775.9573634,-27,18,-67
1747011775.9923637,-15,-67,82
1747011776.0283637,-5,-13,14
1747011776.0633633,31,-2,138
1747011776.0983634,-27,-1,114
1747011776.1343634,2,4,50
1747011776.1693633,-4,41,-21
1747011776.2053633,9,73,38
1747011776.2403634,-35,-40,48
1747011776.2763634,36,-13,44
1747011776.3113637,44,-53,170
1747011776.3463633,2,21,60
1747011776.382363,86,-4,180
1747011776.4173634,4,83,64
1747011776.4533634,-3,-42,-13
1747011776.4883633,16,51,98
1747011776.5243633,0,73,28
1747011776.5593634,39,10,148
1747011776.5943637,-90,26,-13
1747011776.6303637,13,5,140
1747011776.6653633,-48,-82,244
1747011776.701363,-22,45,120
1747011776.7363634,-37,-67,148
1747011776.7713633,-5,26,110
1747011776.806363,101,0,4
1747011776.8423634,-39,28,152
1747011776.8783634,-37,18,240
1747011776.9133637,-6,32,52
1747011776.9493637,-34,-15,-17
1747011776.9843633,-6,-14,82
1747011777.0193634,29,-60,54
1747011777.0543633,-32,0,78
1747011777.0903633,-78,17,166
1747011777.1263633,97,-22,38
1747011777.1613634,57,33,98
1747011777.1973634,47,15,2
1747011777.2323637,-20,-106,43
1747011777.2673633,-84,25,141
1747011777.3023634,23,-78,121
1747011777.3383634,-16,-46,6
1747011777.3743634,25,67,235
1747011777.4093633,61,-38,192
1747011777.4453633,79,35,141
1747011777.4803634,-26,-86,103
1747011777.5153637,-58,25,50
1747011777.5503633,61,47,25
1747011777.5863633,45,33,79
1747011777.622363,2,28,57
1747011777.6573634,-44,-82,60
1747011777.6933634,42,-37,52
1747011777.7283633,36,26,84
1747011777.7633634,10,-52,104
1747011777.7983634,0,45,82
1747011777.8343637,27,34,78
1747011777.8703637,47,-25,158
1747011777.905363,-2,-17,111
1747011777.941363,-61,-34,205
1747011777.9763634,28,51,43
1747011778.0113633,-1,41,-18
1747011778.0463634,0,-58,91
1747011778.0823634,0,-26,61
1747011778.1183634,-75,25,53
1747011778.1533637,44,-4,63
1747011778.1893632,-4,-3,73
1747011778.224363,48,41,138
1747011778.2593634,-17,65,99
1747011778.2943633,-23,-4,35
1747011778.3303633,-87,-64,97
1747011778.3663633,20,-26,35
1747011778.4013634,32,9,137
1747011778.4373634,14,9,43
1747011778.4723637,35,58,117
1747011778.507363,-8,-7,-60
1747011778.5423634,37,-13,119
1747011778.5783634,-13,23,81
1747011778.6143634,3,-25,71
1747011778.6493633,17,-37,143
1747011778.6853633,6,31,33
1747011778.7203634,12,-116,135
1747011778.7553637,-9,-14,-24
1747011778.7903633,5,-3,13
1747011778.826363,-62,-23,121
1747011778.862363,-61,-10,93
1747011778.8973634,40,69,79
1747011778.9333634,-13,-4,115
1747011778.9683633,-37,-18,107
1747011779.0033634,-25,15,54
1747011779.0383637,90,1,32
1747011779.0743637,-17,27,142
1747011779.1103632,-50,-88,151
1747011779.145363,9,-45,106
1747011779.181363,48,45,-32
1747011779.2163634,4,9,176
1747011779.2513633,-25,-12,88
1747011779.2863634,24,-62,44
1747011779.3223634,-20,-3,72
1747011779.3583634,-9,31,132
1747011779.3933637,8,-21,122
1747011779.4293633,-45,26,72
1747011779.464363,30,-12,212
1747011779.4993634,-45,3,98
1747011779.5343633,4,-68,122
1747011779.5703633,-57,59,112
1747011779.6063633,-49,47,54
1747011779.6413634,36,61,-49
1747011779.6773634,-10,9,52
1747011779.7123632,-42,66,68
1747011779.747363,63,49,94
1747011779.7823634,25,7,-1
1747011779.8183634,4,-122,36
1747011779.8543634,15,18,128
1747011779.8893633,-6,-1,92
1747011779.9253633,-80,-1,176
1747011779.9603634,15,16,120
1747011779.9953637,-56,50,128
1747011780.0313632,-72,-51,56
1747011780.066363,51,100,106
1747011780.102363,-16,66,80
1747011780.1373634,19,10,18
1747011780.1733634,-16,8,20
1747011780.2083633,-8,18,114
1747011780.2433634,-54,-93,-31
1747011780.2793634,53,-19,120
1747011780.3143632,45,-17,54
1747011780.3503633,12,20,220
1747011780.385363,-40,-40,46
1747011780.4213634,73,37,32
1747011780.4563634,-2,-46,56
1747011780.4913633,80,-11,126
1747011780.5273633,-19,0,230
1747011780.5623634,130,-39,4
1747011780.5983634,-27,-63,8
1747011780.6333632,-24,-26,166
1747011780.6693633,43,-30,36
1747011780.704363,32,62,6
1747011780.7393634,-43,49,-63
1747011780.7753634,-49,-82,-87
1747011780.8103633,-26,90,74
1747011780.8463633,-33,-26,52
1747011780.8813634,-27,5,44
1747011780.9173634,50,17,160
1747011780.9523633,10,-24,156
1747011780.987363,-77,-10,88
1747011781.0233634,48,-4,44
1747011781.0583634,-9,75,58
1747011781.0943637,-23,0,154
1747011781.1293633,-23,-80,100
1747011781.1653633,41,-23,184
1747011781.2003634,5,-11,98
1747011781.2353632,33,8,32
1747011781.2713633,50,-92,4
1747011781.306363,41,-39,110
1747011781.3423634,-67,-70,60
1747011781.3773634,92,-72,34
1747011781.4133637,63,2,84
1747011781.4483633,-12,-7,60
1747011781.4833634,0,-43,-21
1747011781.5193634,-70,68,14
1747011781.5543633,-28,28,124
1747011781.5903633,-12,77,38
1747011781.625363,-36,43,144
1747011781.6613634,-35,-26,44
1747011781.6973634,8,-6,94
1747011781.7333634,115,20,120
1747011781.7693634,-8,-7,-53
1747011781.8043633,57,-13,112
1747011781.839363,-66,-27,24
1747011781.875363,61,-97,170
1747011781.9113634,-20,40,132
1747011781.9463634,-2,-3,124
1747011781.9823637,-58,46,66
1747011782.0173633,39,44,30
1747011782.0523634,-26,-91,6
1747011782.0873632,77,-5,-3
1747011782.1233633,-97,-46,56
1747011782.1593633,14,-56,188
1747011782.1943634,-9,-10,16
1747011782.2303634,18,-14,34
1747011782.2653637,66,1,114
1747011782.3003633,28,59,120
1747011782.3353634,40,51,118
1747011782.3713634,42,10,164
1747011782.4073634,68,-51,144
1747011782.4423633,-57,-25,114
1747011782.4783633,32,-39,14
1747011782.5133634,2,22,188
1747011782.5483634,-25,-21,50
1747011782.5833633,-8,-13,38
1747011782.6193633,89,50,80
1747011782.655363,53,32,32
1747011782.6903634,12,45,-11
1747011782.7263634,-3,-40,34
1747011782.7613633,72,21,32
1747011782.7963634,-84,-45,190
1747011782.8313634,-50,2,64
1747011782.8673637,25,40,-41
1747011782.9033637,3,4,-49
1747011782.9383633,79,34,94
1747011782.974363,-6,-13,76
1747011783.0093634,5,-33,42
1747011783.0443633,-19,-42,64
1747011783.079363,-24,6,2
1747011783.1153634,45,8,86
1747011783.1513634,3,-25,120
1747011783.1863637,8,-99,158
1747011783.2223637,-19,34,-23
1747011783.257363,-76,62,160
1747011783.2923634,-35,-2,-29
1747011783.3273633,144,-38,204
1747011783.3633633,-47,43,56
1747011783.3993633,-6,-17,22
1747011783.4343634,17,0,-16
1747011783.4703634,58,-12,107
1747011783.5053637,14,69,47
1747011783.5403633,1,40,-122
1747011783.5753634,-19,-22,9
1747011783.6113634,35,-7,-82
1747011783.6473634,-90,-39,-5
1747011783.6823633,-32,82,94
1747011783.7183633,55,-87,39
1747011783.7533634,3,2,125
1747011783.7883637,81,-13,114
1747011783.8233633,-11,27,68
1747011783.8593633,14,11,160
1747011783.895363,-15,21,76
1747011783.9303634,-28,54,-3
1747011783.9663634,71,-73,158
1747011784.0013633,0,18,96
1747011784.0363634,11,-81,84
1747011784.0713634,67,-23,-129
1747011784.1073637,-12,11,36
1747011784.1433637,-5,32,136
1747011784.178363,28,-37,124
1747011784.214363,2,30,118
1747011784.2493634,38,-26,126
1747011784.2843633,11,28,24
1747011784.3193634,-21,-3,66
1747011784.3553634,-52,28,70
1747011784.3913634,22,-37,152
1747011784.4263637,8,30,80
1747011784.4623632,10,-7,80
1747011784.5043633,-23,-51,22
1747011784.5403633,68,22,148
1747011784.5753634,2,45,132
1747011784.6113634,84,41,122
1747011784.6473634,38,-50,60
1747011784.6823633,104,-52,128
1747011784.7183633,-75,-18,58
1747011784.7533634,9,23,120
1747011784.7883637,17,37,228
1747011784.8243637,-23,18,62
1747011784.8593633,12,20,70
1747011784.895363,36,52,82
1747011784.9303634,16,-92,82
1747011784.9663634,-103,-10,174
1747011785.0013633,8,-12,124
1747011785.0363634,44,81,46
1747011785.0723634,6,45,96
1747011785.1073637,56,7,158
1747011785.1433637,88,-50,-49
1747011785.178363,76,29,114
1747011785.214363,75,-21,62
1747011785.2493634,-28,4,70
1747011785.2843633,5,-27,-17
1747011785.3203633,41,26,36
1747011785.3553634,-24,30,-9
1747011785.3913634,-3,1,78
1747011785.4263637,20,-2,-41
1747011785.4623632,-121,101,40
1747011785.497363,-42,-3,54
1747011785.5323634,22,-44,72
1747011785.5683634,-7,73,108
1747011785.6033633,88,45,20
1747011785.6393633,-57,-34,128
1747011785.6743634,-15,19,54
1747011785.7103634,-58,-15,20
1747011785.7453637,-20,36,186
1747011785.780363,-10,-11,152
1747011785.816363,27,-89,78
1747011785.8513634,-104,-13,-3
1747011785.8873634,50,-20,120
1747011785.9223633,76,-38,30
1747011785.9583633,48,-50,50
1747011785.9933634,-14,-73,-3
1747011786.0283637,-14,0,-77
1747011786.0643632,1,-3,-19
1747011786.099363,-30,30,12
1747011786.135363,0,-28,74
1747011786.1703634,-56,-1,112
1747011786.2063634,29,6,34
1747011786.2413633,13,-3,60
1747011786.2763634,-22,66,26
1747011786.3123634,5,34,-9
1747011786.3473637,-48,-25,84
1747011786.3833632,-12,-21,146
1747011786.418363,-34,-3,-7
1747011786.454363,25,-29,-1
1747011786.4893634,27,30,-33
1747011786.5243633,27,-85,54
1747011786.5603633,-22,2,62
1747011786.5953634,-6,2,-43
1747011786.6313634,-5,0,78
1747011786.6663637,-3,-10,102
1747011786.7023633,18,5,26
1747011786.737363,-3,-34,124
1747011786.7723634,31,6,140
1747011786.8083634,19,-7,70
1747011786.8433633,42,59,108
1747011786.8793633,0,-28,92
1747011786.9143634,-33,15,48
1747011786.9493637,-27,-40,82
1747011786.9843633,49,39,42
1747011787.020363,-16,-26,112
1747011787.056363,1,-67,-21
1747011787.0913634,-4,26,132
1747011787.1273634,-2,-33,40
1747011787.1623633,-74,46,110
1747011787.1973634,37,2,138
1747011787.2323637,35,-18,64
1747011787.2683637,-6,33,112
1747011787.3043633,-24,9,58
1747011787.339363,73,-28,100
1747011787.375363,-2,4,128
1747011787.4103634,39,54,92
1747011787.4453633,-44,-53,104
1747011787.4803634,13,-11,26
1747011787.5163634,-10,-19,108
1747011787.5523634,21,44,96
1747011787.5873632,-46,-65,88
1747011787.6233633,7,-5,130
1747011787.658363,3,-7,16
1747011787.6933634,15,14,68
1747011787.7283633,19,-31,132
1747011787.7643633,17,60,98
1747011787.8003633,13,16,50
1747011787.8353634,0,94,-1
1747011787.8713634,66,29,-44
1747011787.9063632,11,-69,72
1747011787.941363,35,42,70
1747011787.9763634,-19,-26,61
1747011788.0123634,-34,-3,-101
1747011788.0483634,31,6,68
1747011788.0833633,-24,24,136
1747011788.1193633,68,-18,176
1747011788.1543634,-8,46,0
1747011788.1893632,-20,-19,142
1747011788.224363,-16,29,-24
1747011788.260363,51,-60,19
1747011788.2963634,-16,-52,137
1747011788.3313634,-22,8,157
1747011788.3673637,31,21,29
1747011788.4023633,-46,-12,15
1747011788.4373634,-4,27,41
1747011788.4723637,19,-20,73
1747011788.5083632,-62,-12,75
1747011788.5443633,26,10,89
1747011788.579363,-48,35,69
1747011788.6153634,-11,-77,29
1747011788.6503634,-19,14,103
1747011788.6853633,-30,-18,-10
1747011788.7203634,-42,-43,-8
1747011788.7563634,-65,55,7
1747011788.7923634,10,-10,31
1747011788.8273633,-15,19,-104
1747011788.8633633,21,-21,65
1747011788.8983634,36,39,5
1747011788.9333634,-44,38,-8
1747011788.9683633,-18,-21,-8
1747011789.0043633,43,-63,43
1747011789.0403633,-66,-7,85
1747011789.0753634,-60,-5,-56
1747011789.1113634,-28,-35,71
1747011789.1463633,-18,72,-42
1747011789.181363,17,16,37
1747011789.2163634,23,42,147
1747011789.2523634,-145,-4,133
1747011789.2883637,24,-14,229
1747011789.3233633,-6,-19,93
1747011789.3593633,-8,14,193
1747011789.3943634,53,22,131
1747011789.4293633,-6,-5,93
1747011789.464363,21,40,-10
1747011789.500363,3,8,191
1747011789.5363634,-16,14,57
1747011789.5713634,1,-66,121
1747011789.6073637,7,-40,17
1747011789.6423633,37,-4,-100
1747011789.6773634,29,9,93
1747011789.7123632,21,20,84
1747011789.7483633,-8,-10,56
1747011789.7843633,-20,77,24
1747011789.8193634,15,-8,156
1747011789.8553634,93,-70,50
1747011789.8903637,44,-25,36
1747011789.9253633,-77,-63,32
1747011789.9603634,41,-19,120
1747011789.9963634,29,28,84
1747011790.0323634,29,40,90
1747011790.0673633,35,3,-39
1747011790.1033633,-16,56,54
1747011790.1383634,-110,14,40
1747011790.1733634,1,-33,46
1747011790.2093637,37,53,-57
1747011790.2443633,27,1,102
1747011790.280363,85,-40,28
1747011790.3153634,-36,1,20
1747011790.3513634,-30,33,98
1747011790.3863633,3,0,82
1747011790.4213634,79,64,-97
1747011790.4573634,-18,-55,96
1747011790.4923637,43,-59,132
1747011790.5283637,-18,-27,-36
1747011790.5633633,-24,16,29
1747011790.599363,33,-19,160
1747011790.6343634,-4,26,96
1747011790.6693633,-2,56,43
1747011790.7053633,-28,24,152
1747011790.7403634,-12,14,76
1747011790.7763634,-82,12,68
1747011790.8113637,-70,20,138
1747011790.8473637,61,164,24
1747011790.882363,61,-1,50
1747011790.9173634,21,10,74
1747011790.9533634,-50,-23,16
1747011790.9883633,-4,12,-87
1747011791.0243633,41,-39,222
1747011791.0593634,87,88,-4
1747011791.0953634,-77,-82,13
1747011791.1303637,96,37,-66
1747011791.1653633,-11,27,145
1747011791.201363,-36,-53,63
1747011791.2363634,5,44,59
1747011791.2723634,47,24,107
1747011791.3073633,60,-32,55
1747011791.3433633,40,-74,115
1747011791.3783634,-43,-44,25
1747011791.4133637,-27,-72,-56
1747011791.4493637,51,-7,8
1747011791.4843633,31,32,118
1747011791.520363,30,39,84
1747011791.5553634,-50,3,220
1747011791.5903633,-32,-24,56
1747011791.625363,51,61,178
1747011791.6613634,0,66,84
1747011791.6973634,-56,57,182
1747011791.7323637,-78,-15,74
1747011791.7683637,78,67,-69
1747011791.803363,-128,-34,102
1747011791.839363,45,-16,28
1747011791.8743634,71,-40,94
1747011791.9093633,10,-6,62
1747011791.9453633,-13,-5,10
1747011791.9803634,-27,-9,78
1747011792.0163634,30,-31,172
1747011792.0513637,-7,72,110
1747011792.0863633,-11,-30,144
1747011792.1213634,-4,-7,206
1747011792.1573634,41,-107,84
1747011792.1933634,19,26,196
1747011792.2283633,-6,-69,52
1747011792.2643633,27,30,40
1747011792.2993634,-16,-41,14
1747011792.3343637,-44,2,156
1747011792.3693633,-16,22,54
1747011792.405363,-4,16,24
1747011792.441363,2,7,50
1747011792.4763634,-53,7,138
1747011792.5123634,81,34,230
1747011792.5473633,55,-7,164
1747011792.5823634,-64,-27,-5
1747011792.6173637,76,23,110
1747011792.6533637,35,10,126
1747011792.6893632,-14,-17,38
1747011792.724363,-42,4,36
1747011792.760363,-112,0,148
1747011792.7953634,-12,-31,212
1747011792.8303633,45,-1,42
1747011792.8653634,11,96,142
1747011792.9013634,1,46,81
1747011792.9373634,37,106,51
1747011792.9723637,21,5,77
1747011793.0083632,17,9,7
1747011793.043363,5,-68,70
1747011793.0783634,-116,68,40
1747011793.1133633,-8,-6,2
1747011793.1493633,23,-18,2
1747011793.1853633,-12,15,68
1747011793.2203634,3,0,64
1747011793.2563634,53,22,10
1747011793.2913637,39,15,156
1747011793.326363,-114,17,102
1747011793.3613634,49,21,100
1747011793.3973634,-8,39,114
1747011793.4333634,-34,67,48
1747011793.4683633,-44,-72,47
1747011793.5043633,21,-70,54
1747011793.5393634,11,78,138
1747011793.5743637,49,-20,67
1747011793.6093633,-52,14,107
1747011793.645363,19,63,213
1747011793.681363,91,45,105
1747011793.7163634,-2,32,8
1747011793.7523634,33,-21,66
1747011793.7873633,7,16,125
1747011793.8223634,53,18,41
1747011793.8573637,-3,63,90
1747011793.8933637,64,-90,58
1747011793.9293633,61,56,8
1747011793.964363,15,52,-15
1747011794.000363,23,-16,80
1747011794.0353634,-4,-7,98
1747011794.0703633,19,-46,102
1747011794.1053634,-51,7,16
1747011794.1413634,-94,-23,-109
1747011794.1773634,-64,-23,-39
1747011794.2123632,-48,-31,100
1747011794.2483633,-32,-27,4
1747011794.283363,61,10,160
1747011794.3183634,-10,66,1
1747011794.3533633,-40,-41,13
1747011794.3893633,-94,-13,22
1747011794.4253633,-40,-15,100
1747011794.4603634,5,-7,80
1747011794.4963634,3,-13,28
1747011794.5383637,-48,34,164
1747011794.5743637,11,78,74
1747011794.6093633,-16,40,66
1747011794.645363,-57,25,18
1747011794.681363,11,-25,142
1747011794.7163634,1,-61,-63
1747011794.7523634,-12,-43,86
1747011794.7873633,67,-41,44
1747011794.8223634,28,-38,70
1747011794.8573637,-18,98,88
1747011794.8933637,19,-9,48
1747011794.9293633,12,0,124
1747011794.964363,30,-20,22
1747011795.000363,24,-42,-35
1747011795.0353634,12,61,84
1747011795.0703633,60,15,118
1747011795.1053634,18,5,18
1747011795.1413634,54,-12,86
1747011795.1773634,-54,-31,114
1747011795.2123632,-25,-64,78
1747011795.2483633,10,65,176
1747011795.283363,8,39,120
1747011795.3183634,-45,21,92
1747011795.3543634,-23,-85,132
1747011795.3893633,32,12,12
1747011795.4253633,2,-49,58
1747011795.4603634,8,-65,16
1747011795.4963634,73,-13,-22
1747011795.5313632,-24,-45,95
1747011795.566363,67,-12,27
1747011795.602363,31,-26,72
1747011795.6373634,43,20,60
1747011795.6733634,50,26,178
1747011795.7083633,29,2,50
1747011795.7443633,7,10,114
1747011795.7793634,17,-13,86
1747011795.8143632,-28,23,16
1747011795.8503633,-74,26,54
1747011795.885363,-80,-31,18
1747011795.9213634,79,-19,62
1747011795.9563634,43,80,90
1747011795.9923637,-8,46,64
1747011796.0273633,19,48,40
1747011796.0623634,-14,83,76
1747011796.0983634,-8,9,128
1747011796.1333632,-2,-20,-21
1747011796.1693633,-8,-17,0
1747011796.204363,47,-73,-55
1747011796.2403634,-64,-40,40
1747011796.2753634,0,47,54
1747011796.3103633,19,-30,52
1747011796.3463633,-26,-20,118
1747011796.3813634,43,0,268
1747011796.4173634,-56,-53,112
1747011796.4523633,17,42,56
1747011796.4883633,135,-73,-19
1747011796.5233634,-14,-12,44
1747011796.5583634,79,65,176
1747011796.5943637,-2,23,86
1747011796.6293633,39,-30,158
1747011796.6653633,3,-6,122
1747011796.7003634,22,-16,114
1747011796.7363634,51,-26,48
1747011796.7713633,8,25,42
1747011796.806363,37,-38,98
1747011796.8423634,-30,15,88
1747011796.8773634,49,47,-7
1747011796.9133637,39,-26,90
1747011796.9483633,73,-6,-81
1747011796.9843633,-38,5,18
1747011797.020363,-37,41,-59
1747011797.0553634,57,-12,90
1747011797.0903633,19,-36,-121
1747011797.1263633,-2,13,142
1747011797.1623633,-30,31,4
1747011797.1973634,30,-18,68
1747011797.2333634,38,9,-9
1747011797.2683637,-45,-30,170
1747011797.303363,1,-1,88
1747011797.3383634,19,-17,2
1747011797.3743634,-20,-27,72
1747011797.4103634,19,12,76
1747011797.4453633,-5,99,-45
1747011797.4813633,53,6,46
1747011797.5163634,-2,10,4
1747011797.5513637,-46,38,-47
1747011797.5863633,-62,24,101
1747011797.622363,-64,18,99
1747011797.658363,3,-6,78
1747011797.6933634,-28,80,86
1747011797.7293634,-8,-37,142
1747011797.7643633,-8,22,136
1747011797.7993634,-26,-39,18
1747011797.8343637,53,-5,36
1747011797.8703637,-90,6,22
1747011797.9063632,19,-62,58
1747011797.941363,-20,9,137
1747011797.977363,41,-6,7
1747011798.0123634,85,29,19
1747011798.0473633,91,-58,-46
1747011798.0823634,37,21,71
1747011798.1183634,-20,19,61
1747011798.1543634,50,-22,81
1747011798.1893632,0,45,109
1747011798.2253633,91,-14,71
1747011798.260363,-15,27,61
1747011798.2953634,-69,81,9
1747011798.3303633,-36,-27,63
1747011798.3663633,87,-63,165
1747011798.4023633,5,-9,85
1747011798.4373634,102,-45,99
1747011798.4733634,23,29,47
1747011798.5083632,-1,-39,93
1747011798.543363,6,-6,-16
1747011798.5783634,2,-82,73
1747011798.6143634,74,57,103
1747011798.6503634,-13,-14,-30
1747011798.6853633,-11,10,11
1747011798.7213633,-53,-42,133
1747011798.7563634,15,-1,-12
1747011798.7913637,-31,46,41
1747011798.826363,-63,-41,43
1747011798.862363,4,-43,131
1747011798.8983634,-52,10,83
1747011798.9333634,40,-1,11
1747011798.9693637,13,8,1
1747011799.0043633,22,17,115
1747011799.0393634,-53,6,-40
1747011799.0743637,-46,-63,31
1747011799.1103632,71,14,69
1747011799.1463633,51,18,-12
1747011799.181363,-17,27,11
1747011799.2173634,76,0,163
1747011799.2523634,34,-86,13
1747011799.2873633,-80,4,11
1747011799.3223634,45,16,37
1747011799.3583634,58,-34,137
1747011799.3943634,-24,17,111
1747011799.4293633,0,-40,125
1747011799.4653633,-14,-55,147
1747011799.500363,-18,-21,-22
1747011799.5353634,5,0,77
1747011799.5703633,-26,-15,277
1747011799.6063633,9,-11,9
1747011799.6423633,9,-51,107
1747011799.6773634,69,18,79
1747011799.7133634,-96,-5,165
1747011799.7483633,-74,54,171
1747011799.783363,-12,-23,-80
1747011799.8183634,13,-17,111
1747011799.8543634,23,-15,-22
1747011799.8903637,-26,-43,-24
1747011799.9253633,53,-3,41
1747011799.9613633,-30,-65,41
1747011799.9963634,51,14,97
1747011800.0313632,21,-21,31
1747011800.066363,-36,-19,187
1747011800.102363,48,-10,91
1747011800.1383634,-69,-70,191
1747011800.1733634,-38,-32,11
1747011800.2093637,0,29,103
1747011800.2443633,101,19,87
1747011800.2793634,31,36,-124
1747011800.3153634,-14,66,159
1747011800.3503633,-102,-19,141
1747011800.3863633,21,22,137
1747011800.4213634,1,8,155
1747011800.4573634,39,16,45
1747011800.4923637,-30,6,95
1747011800.5273633,3,-49,-30
1747011800.5633633,-2,14,187
1747011800.5983634,-14,-51,41
1747011800.6343634,89,-5,63
1747011800.6693633,-84,-73,43
1747011800.7053633,-62,-49,37
1747011800.7403634,-23,-30,-28
1747011800.7753634,-53,-16,49
1747011800.8113637,-75,-78,61
1747011800.8463633,-9,-10,-26
1747011800.882363,-23,-18,41
1747011800.9173634,60,51,9
1747011800.9533634,-63,31,57
1747011800.9883633,-28,10,233
1747011801.0233634,7,-29,-64
1747011801.0593634,-12,-47,111
1747011801.0943637,81,30,17
1747011801.1303637,25,2,39
1747011801.1653633,55,24,119
1747011801.201363,-42,17,17
1747011801.2363634,-12,-7,-3
1747011801.2713633,31,-15,72
1747011801.3073633,-48,-31,130
1747011801.3423634,31,-21,58
1747011801.3783634,68,-40,22
1747011801.4133637,27,-3,136
1747011801.4493637,16,-62,68
1747011801.4843633,48,37,104
1747011801.5193634,-10,-89,80
1747011801.5553634,39,12,96
1747011801.5903633,-52,14,20
1747011801.6263633,21,10,2
1747011801.6613634,-22,-61,6
1747011801.6973634,-34,26,118
1747011801.7323637,-16,50,70
1747011801.7673633,-6,16,2
1747011801.803363,-30,96,158
1747011801.8383634,-10,24,52
1747011801.8743634,-18,-51,94
1747011801.9093633,51,0,198
1747011801.9453633,5,-60,128
1747011801.9803634,0,19,172
1747011802.0153637,1,-65,42
1747011802.0513637,15,42,-57
1747011802.0863633,9,-11,99
1747011802.122363,-60,-65,143
1747011802.1573634,-11,53,127
1747011802.1923633,39,-21,9
1747011802.227363,37,32,157
1747011802.2633634,-66,49,75
1747011802.2993634,-66,70,107
1747011802.3343637,18,69,79
1747011802.3703637,-24,7,143
1747011802.405363,-54,36,69
1747011802.4403634,59,64,115
1747011802.4753633,46,-30,191
1747011802.5113633,22,23,147
1747011802.5473633,60,59,-42
1747011802.5823634,0,-30,57
1747011802.6183634,6,-48,191
1747011802.6533637,-51,52,121
1747011802.6883633,-14,33,101
1747011802.7233634,-5,-2,-18
1747011802.7593634,2,-3,135
1747011802.7953634,-43,-37,81
1747011802.8303633,-61,46,51
1747011802.8663633,-31,-33,107
1747011802.9013634,-59,-65,67
1747011802.9363637,4,-31,15
1747011802.9713633,-22,0,79
1747011803.007363,-2,-55,1
1747011803.043363,69,6,75
1747011803.0783634,13,0,43
1747011803.1143634,21,-37,-60
1747011803.1493633,21,2,35
1747011803.1843634,-76,12,161
1747011803.2193637,-18,-12,93
1747011803.2553637,56,0,37
1747011803.2913637,-9,-23,23
1747011803.326363,-79,16,35
1747011803.362363,32,-3,39
1747011803.3973634,44,-6,65
1747011803.4323633,-59,11,35
1747011803.4673634,40,25,131
1747011803.5033634,-3,-34,153
1747011803.5393634,28,-2,11
1747011803.5743637,91,-21,147
1747011803.6103632,43,58,207
1747011803.645363,15,-31,117
1747011803.6803634,-33,-35,-68
1747011803.7153633,18,44,-20
1747011803.7513633,-5,-81,-22
1747011803.7873633,-71,-39,63
1747011803.8223634,38,-15,135
1747011803.8583634,8,51,37
1747011803.8933637,74,-16,83
1747011803.928363,36,-43,27
1747011803.9633634,17,-41,115
1747011803.9993634,73,2,25
1747011804.0353634,-34,-41,-44
1747011804.0703633,-36,-51,81
1747011804.1063633,25,50,153
1747011804.1413634,15,116,115
1747011804.1763637,43,-21,119
1747011804.2113633,-4,-43,142
1747011804.247363,-9,-22,166
1747011804.283363,-21,-20,102
1747011804.3183634,-20,-40,64
1747011804.3543634,58,-30,174
1747011804.3893633,-73,-60,18
1747011804.4243634,27,-36,100
1747011804.4593637,-17,27,8
1747011804.4953637,25,5,86
1747011804.5313632,21,1,110
1747011804.5733633,-44,16,-7
1747011804.6103632,33,-13,102
1747011804.645363,59,36,224
1747011804.6803634,15,84,82
1747011804.7153633,37,46,156
1747011804.7513633,37,-3,-43
1747011804.7873633,-8,-7,70
1747011804.8223634,57,36,74
1747011804.8583634,45,-63,-15
1747011804.8933637,47,34,120
1747011804.928363,-22,44,48
1747011804.9633634,45,2,92
1747011804.9993634,-52,-25,100
1747011805.0353634,19,82,58
1747011805.0703633,-2,0,40
1747011805.1063633,-8,-4,130
1747011805.1413634,31,43,94
1747011805.1763637,-24,-44,166
1747011805.2113633,13,26,58
1747011805.247363,-46,3,36
1747011805.283363,-48,-44,52
1747011805.3183634,-56,11,50
1747011805.3543634,15,29,12
1747011805.3893633,1,-6,88
1747011805.4243634,66,19,120
1747011805.4603634,-51,-4,-57
1747011805.4953637,-40,1,38
1747011805.5313632,5,7,64
1747011805.566363,29,-30,94
1747011805.602363,31,-32,88
1747011805.6373634,65,7,108
1747011805.6723633,43,45,100
1747011805.7083633,-33,-37,20
1747011805.7433634,18,32,-85
1747011805.7793634,-54,8,122
1747011805.8143632,0,93,-67
1747011805.8503633,49,5,80
1747011805.885363,-9,28,166
1747011805.9203634,-11,26,10
1747011805.9563634,0,-9,-3
1747011805.9913633,27,-1,58
1747011806.0273633,0,-23,14
1747011806.0623634,-2,-24,26
1747011806.0983634,-12,-26,34
1747011806.1333632,-52,-70,142
1747011806.168363,66,-25,84
1747011806.204363,33,31,144
1747011806.2393634,-24,-18,138
1747011806.2753634,23,-4,84
1747011806.3103633,10,2,50
1747011806.3463633,-20,-16,54
1747011806.3813634,-75,-1,106
1747011806.4163637,27,1,60
1747011806.4523633,-33,-5,116
1747011806.487363,30,-1,80
1747011806.5233634,0,10,128
1747011806.5583634,-45,-33,-5
1747011806.5943637,-9,18,108
1747011806.6293633,125,-23,70
1747011806.6643634,-134,14,92
1747011806.7003634,6,-9,202
1747011806.7353632,-22,15,70
1747011806.7713633,-34,33,50
1747011806.806363,-34,19,84
1747011806.8423634,-39,1,60
1747011806.8773634,-37,59,74
1747011806.9123633,10,43,82
1747011806.9483633,50,0,110
1747011806.9833634,60,-34,-21
1747011807.0193634,124,-18,72
1747011807.0543633,-13,-34,78
1747011807.0903633,63,-39,-49
1747011807.125363,-22,12,30
1747011807.1603634,25,-55,88
1747011807.1963634,11,2,146
1747011807.2313633,-76,-33,28
1747011807.2673633,-6,3,202
1747011807.3023634,115,15,20
1747011807.3373632,-78,-18,-2
1747011807.372363,9,-45,129
1747011807.408363,-33,-29,79
1747011807.4443634,-42,70,75
1747011807.4793634,45,1,6
1747011807.5153637,-10,57,38
1747011807.5503633,3,69,-63
1747011807.5853634,74,-28,82
1747011807.6203637,9,56,83
1747011807.6563632,-6,48,179
1747011807.6923633,-40,-38,25
1747011807.727363,7,-20,179
1747011807.7633634,-16,49,113
1747011807.7983634,-20,66,11
1747011807.8333633,-76,22,81
1747011807.8683634,-64,7,141
1747011807.9043634,39,52,149
1747011807.9403634,11,12,94
1747011807.9753633,-10,16,46
1747011808.0113633,-42,20,80
1747011808.0463634,53,-19,124
1747011808.0813634,-24,56,-25
1747011808.1163633,37,-26,14
1747011808.1523633,43,52,134
1747011808.1883633,4,22,86
1747011808.2233634,-75,-139,40
1747011808.2593634,76,-30,48
1747011808.2943633,23,12,26
1747011808.329363,-26,-25,58
1747011808.3643634,87,8,48
1747011808.4003634,7,4,50
1747011808.4363637,95,104,-19
1747011808.4713633,-12,-45,6
1747011808.507363,79,122,58
1747011808.5423634,-34,6,195
1747011808.5773633,-10,-57,-14
1747011808.612363,-6,74,234
1747011808.6483634,3,42,119
1747011808.6843634,5,-43,49
1747011808.7193637,75,56,185
1747011808.7553637,31,-63,98
1747011808.7903633,-58,-35,7
1747011808.8253634,37,-12,116
1747011808.8603632,39,-9,54
1747011808.8963633,39,-40,-61
1747011808.9323633,39,22,196
1747011808.9673634,17,11,132
1747011809.0033634,5,90,124
1747011809.0383637,19,45,40
1747011809.0733633,-10,69,28
1747011809.1083634,23,-46,52
1747011809.1443634,-14,-27,76
1747011809.1803634,18,-17,170
1747011809.2153633,-29,52,38
1747011809.2513633,46,-12,84
1747011809.2863634,111,-9,146
1747011809.3213634,-32,26,126
1747011809.3563633,-9,-65,10
1747011809.3923633,5,2,48
1747011809.428363,10,-15,6
1747011809.4633634,46,24,100
1747011809.4993634,121,18,18
1747011809.5343633,-52,-9,74
1747011809.5693634,-27,-27,10
1747011809.6043634,-28,92,110
1747011809.6403637,-23,72,92
1747011809.6763637,16,62,108
1747011809.7113633,-44,-4,156
1747011809.747363,13,51,70
1747011809.7823634,-16,15,52
1747011809.8173633,-10,11,58
1747011809.852363,-3,-18,50
1747011809.8883634,-24,-35,104
1747011809.9243634,-54,8,52
1747011809.9593637,7,42,94
1747011809.9953637,31,20,258
1747011810.030363,18,-18,-1
1747011810.0653634,74,41,-1
1747011810.1003633,-117,48,-43
1747011810.1363633,-39,-23,62
1747011810.1723633,-3,-93,126
1747011810.2083633,-27,46,80
1747011810.2443633,-11,2,-75
1747011810.2793634,45,-53,30
1747011810.3153634,-8,-85,102
1747011810.3503633,-23,55,-11
1747011810.385363,41,-5,48
1747011810.4213634,-10,-9,20
1747011810.4563634,63,36,12
1747011810.4923637,-24,-35,70
1747011810.5273633,13,24,8
1747011810.5633633,-56,-23,94
1747011810.5983634,-2,106,92
1747011810.6333632,-44,-29,74
1747011810.6693633,37,-9,93
1747011810.704363,33,78,106
1747011810.7403634,-67,-24,-17
1747011810.7753634,-8,-5,-84
1747011810.8113637,83,6,42
1747011810.8463633,-6,-49,-2
1747011810.8813634,31,-20,127
1747011810.9173634,15,-19,4
1747011810.9523633,-6,-30,-1
1747011810.9883633,-12,29,30
1747011811.0233634,57,17,38
1747011811.0593634,45,75,-41
1747011811.0943637,77,34,140
1747011811.1293633,-19,-43,171
1747011811.1653633,12,-1,20
1747011811.2003634,20,-4,62
1747011811.2363634,-52,59,74
1747011811.2713633,21,-60,156
1747011811.3073633,-11,-40,52
1747011811.3423634,33,8,61
1747011811.3773634,-72,10,171
1747011811.4133637,16,23,117
1747011811.4483633,-27,1,101
1747011811.4843633,16,-34,-4
1747011811.5193634,-5,-18,159
1747011811.5553634,-80,30,-30
1747011811.5903633,-30,-9,-22
1747011811.625363,15,-45,-8
1747011811.6613634,46,-30,-14
1747011811.6963634,-9,-16,159
1747011811.7323637,17,-19,42
1747011811.7673633,89,8,51
1747011811.803363,1,38,93
1747011811.8383634,-106,-115,63
1747011811.8733633,-17,-70,119
1747011811.9093633,62,91,154
1747011811.9443634,0,53,71
1747011811.9803634,36,-18,134
1747011812.0153637,14,-8,-41
1747011812.0513637,21,44,161
1747011812.0863633,-36,-11,39
1747011812.1213634,10,-70,33
1747011812.1573634,0,63,42
1747011812.1923633,-22,61,89
1747011812.2283633,39,1,114
1747011812.2633634,0,-84,142
1747011812.2993634,21,39,76
1747011812.3353634,-3,75,94
1747011812.3703637,-64,33,-13
1747011812.405363,-6,13,-11
1747011812.441363,-56,101,94
1747011812.477363,-16,45,94
1747011812.5123634,-18,-46,51
1747011812.5483634,11,17,80
1747011812.5833633,73,-2,28
1747011812.6183634,19,-4,36
1747011812.6533637,-12,53,52
1747011812.6893632,61,75,142
1747011812.7253633,-1,13,114
1747011812.760363,46,23,12
1747011812.7963634,8,-6,66
1747011812.8313634,48,3,100
1747011812.8663633,-43,61,-24
1747011812.9013634,-49,-14,71
1747011812.9373634,-21,-54,29
1747011812.9733634,47,-41,45
1747011813.0083632,-16,16,11
1747011813.0443633,13,29,-12
1747011813.079363,53,13,43
1747011813.1143634,-29,31,159
1747011813.1493633,-10,31,105
1747011813.1853633,6,-18,77
1747011813.2213633,4,9,19
1747011813.2563634,-5,-14,35
1747011813.2923634,-15,52,59
1747011813.3273633,-21,59,41
1747011813.362363,-29,-26,47
1747011813.3973634,-73,21,-38
1747011813.4333634,91,-55,211
1747011813.4693637,-66,1,89
1747011813.5043633,-75,21,85
1747011813.5403633,-10,56,-14
1747011813.5753634,-43,-35,-12
1747011813.6103632,-57,-1,101
1747011813.645363,-1,34,3
1747011813.681363,26,-77,-62
1747011813.7173634,67,32,113
1747011813.7523634,-58,-7,145
1747011813.7883637,96,-22,115
1747011813.8233633,-35,-30,-32
1747011813.8583634,68,67,67
1747011813.8933637,-17,-36,35
1747011813.9293633,30,11,93
1747011813.9653633,-21,-49,143
1747011814.000363,64,50,227
1747011814.0363634,34,94,3
1747011814.0713634,41,-50,43
1747011814.1063633,-3,26,70
1747011814.1413634,-123,-87,94
1747011814.1773634,-114,1,132
1747011814.2133634,47,21,82
1747011814.2483633,-74,-18,74
1747011814.2843633,-108,19,32
1747011814.3193634,33,109,90
1747011814.3543634,-72,35,88
1747011814.3893633,63,-52,144
1747011814.4253633,-34,31,4
1747011814.4613633,16,43,18
1747011814.4963634,-45,-50,142
1747011814.5323634,46,133,181
1747011814.5743637,47,-46,5
1747011814.6103632,31,-68,72
1747011814.645363,-84,15,232
1747011814.681363,13,3,118
1747011814.7173634,-2,-32,139
1747011814.7523634,25,-18,179
1747011814.7883637,-84,21,76
1747011814.8233633,-72,7,50
1747011814.8583634,-46,1,124
1747011814.8933637,119,-46,178
1747011814.9293633,-56,-36,98
1747011814.9653633,-46,-10,8
1747011815.000363,51,-18,73
1747011815.0363634,1,1,205
1747011815.0713634,-56,-14,27
1747011815.1063633,18,-37,103
1747011815.1413634,-24,-34,224
1747011815.1773634,-18,49,226
1747011815.2133634,-10,50,184
1747011815.2483633,67,-28,57
1747011815.2843633,-54,-5,64
1747011815.3193634,59,39,64
1747011815.3543634,21,1,122
1747011815.3893633,0,-16,84
1747011815.4253633,-44,17,30
1747011815.4613633,48,-54,144
1747011815.497363,76,0,62
1747011815.533363,15,67,100
1747011815.5683634,-41,-38,104
1747011815.6043634,-57,57,32
1747011815.6393633,63,-5,126
1747011815.6743634,-76,-13,-55
1747011815.7103634,7,-43,106
1747011815.7453637,-84,-39,156
1747011815.7813632,1,10,116
1747011815.816363,-8,21,0
1747011815.852363,35,-70,15
1747011815.8873634,25,61,56
1747011815.9223633,-4,0,131
1747011815.9583633,-64,25,98
1747011815.9933634,15,5,80
1747011816.0293634,6,-73,178
1747011816.0643632,-43,51,130
1747011816.1003633,-50,61,96
1747011816.135363,-49,-19,128
1747011816.1703634,2,-33,36
1747011816.2063634,-31,-3,20
1747011816.2413633,-31,60,56
1747011816.2773633,-19,-9,90
1747011816.3123634,20,28,32
1747011816.3483634,-57,34,194
1747011816.3833632,9,-11,58
1747011816.418363,46,-5,0
1747011816.454363,53,44,178
1747011816.4893634,33,54,37
1747011816.5253634,25,86,85
1747011816.5603633,-16,-57,32
1747011816.5963633,23,2,167
1747011816.6313634,-21,34,-36
1747011816.6663637,24,47,-16
1747011816.7023633,-32,-29,29
1747011816.737363,-26,-27,109
1747011816.7733634,38,7,9
1747011816.8083634,20,-44,119
1747011816.8443637,61,-59,75
1747011816.8793633,-42,-51,25
1747011816.9143634,-8,30,121
1747011816.9503634,23,60,45
1747011816.9853632,-65,-24,163
1747011817.0213633,-2,-25,89
1747011817.056363,73,-27,83
1747011817.0923634,-12,74,17
1747011817.1273634,52,-24,191
1747011817.1623633,-13,35,33
1747011817.1983633,12,23,-70
1747011817.2333634,10,49,-34
1747011817.2693634,10,-2,-48
1747011817.3043633,56,17,19
1747011817.3403633,2,-4,35
1747011817.375363,115,-15,87
1747011817.4103634,-71,39,167
1747011817.4463634,-61,-116,15
1747011817.4813633,3,-71,47
1747011817.5173633,-56,32,-40
1747011817.5523634,13,66,11
1747011817.5873632,12,-3,105
1747011817.622363,-16,14,111
1747011817.658363,-89,-83,27
1747011817.6943634,16,-11,52
1747011817.7293634,-22,-43,62
1747011817.7653637,47,-3,72
1747011817.8003633,37,-17,46
1747011817.8353634,-46,32,78
1747011817.8703637,0,76,130
1747011817.9063632,-28,-11,192
1747011817.9423633,9,5,-103
1747011817.977363,38,58,194
1747011818.0133634,74,4,218
1747011818.0483634,2,8,8
1747011818.0833633,-24,-34,18
1747011818.1183634,5,-8,130
1747011818.1543634,6,-61,42
1747011818.1903634,71,-62,56
1747011818.2253633,47,11,110
1747011818.2613633,1,5,132
1747011818.2963634,-34,69,78
1747011818.3313634,69,7,56
1747011818.3663633,97,-14,76
1747011818.4023633,19,-48,-69
1747011818.4383633,-14,-60,40
1747011818.4733634,35,31,6
1747011818.5093634,-9,-37,146
1747011818.5443633,2,-53,-35
1747011818.579363,72,-19,74
1747011818.6143634,16,18,101
1747011818.6503634,-84,-12,67
1747011818.6863637,-1,72,115
1747011818.7213633,24,28,46
1747011818.757363,62,-35,182
1747011818.7923634,37,-32,-49
1747011818.8273633,-18,-8,40
1747011818.862363,-38,-54,84
1747011818.8983634,-6,-29,92
1747011818.9343634,-48,64,96
1747011818.9693637,-23,54,39
1747011819.0053637,-82,60,89
1747011819.0403633,-5,-5,-28
1747011819.0753634,-47,-23,95
1747011819.1103632,0,-70,110
1747011819.1463633,24,-1,18
1747011819.1823633,-39,-31,44
1747011819.2173634,-5,-7,50
1747011819.2533634,15,-19,96
1747011819.2883637,-44,70,113
1747011819.3233633,3,18,117
1747011819.3583634,-12,16,43
1747011819.3943634,-18,42,72
1747011819.4303634,52,-49,81
1747011819.4653633,-25,-27,79
1747011819.5013633,16,8,49
1747011819.5363634,36,78,93
1747011819.5713634,-28,26,-4
1747011819.6063633,109,16,143
1747011819.6423633,87,62,97
1747011819.678363,-38,30,117
1747011819.7133634,-38,24,137
1747011819.7493634,27,-43,63
1747011819.7843633,-46,-69,95
1747011819.8193634,-4,-47,149
1747011819.8543634,-40,-25,25
1747011819.8903637,55,32,123
1747011819.9263637,23,-11,163
1747011819.9613633,-6,14,6
1747011819.997363,-38,-22,168
1747011820.0323634,28,-34,-47
1747011820.0673633,16,59,76
1747011820.102363,-21,-34,14
1747011820.1383634,-7,35,-35
1747011820.1743634,25,41,156
1747011820.2093637,71,33,82
1747011820.2453637,-66,-44,-3
1747011820.280363,76,13,-39
1747011820.3153634,1,45,106
1747011820.3503633,89,-28,100
1747011820.3863633,-52,-14,108
1747011820.4223633,62,26,-17
1747011820.4573634,-65,53,136
1747011820.4933634,81,77,-9
1747011820.5283637,-32,-6,132
1747011820.5633633,12,85,30
1747011820.599363,81,-78,98
1747011820.6343634,28,24,162
1747011820.6703634,-4,-79,94
1747011820.7053633,-62,-95,118
1747011820.7413633,-40,-2,122
1747011820.7763634,-2,0,170
1747011820.8113637,-36,-10,72
1747011820.8473637,6,15,16
1747011820.882363,30,15,45
1747011820.918363,-70,-62,43
1747011820.9533634,-81,33,91
1747011820.9893634,-11,-28,7
1747011821.0243633,24,-58,62
1747011821.0593634,-85,43,15
1747011821.0953634,12,-34,37
1747011821.1303637,4,0,137
1747011821.1663637,-21,-58,119
1747011821.201363,30,28,15
1747011821.237363,60,13,77
1747011821.2723634,-25,-120,199
1747011821.3073633,-7,13,135
1747011821.3433633,-68,17,13
1747011821.3783634,26,27,67
1747011821.4143634,-8,59,51
1747011821.4493637,35,-50,79
1747011821.4853632,15,71,143
1747011821.520363,-48,-24,57
1747011821.5553634,-11,-14,43
1747011821.5913634,46,-66,85
1747011821.6263633,6,37,81
1747011821.6623633,38,-9,83
1747011821.6973634,-13,42,127
1747011821.7333634,-25,48,69
1747011821.7683637,-61,36,-46
1747011821.803363,50,-23,121
1747011821.839363,24,-11,62
1747011821.8743634,-35,32,94
1747011821.9103634,-59,72,216
1747011821.9453633,-62,-24,162
1747011821.9813633,18,18,0
1747011822.0163634,2,4,68
1747011822.0513637,-7,-83,34
1747011822.0873632,-2,-6,-9
1747011822.122363,-25,-87,48
1747011822.158363,25,77,24
1747011822.1933634,-54,58,138
1747011822.2293634,33,-19,-49
1747011822.2643633,-23,49,-9
1747011822.2993634,-38,6,10
1747011822.3353634,-34,-11,12
1747011822.3703637,-22,-33,-45
1747011822.4063632,49,18,102
1747011822.441363,-54,86,128
1747011822.4763634,41,13,90
1747011822.5113633,-61,-85,136
1747011822.5473633,71,43,166
1747011822.5833633,21,-74,36
1747011822.6183634,69,35,52
1747011822.6543634,-12,-29,82
1747011822.6893632,67,20,62
1747011822.724363,61,-3,116
1747011822.7593634,7,-17,54
1747011822.7953634,9,-43,-1
1747011822.8313634,69,10,78
1747011822.8663633,-36,22,82
1747011822.9023633,-4,-23,-81
1747011822.9373634,79,-43,-105
1747011822.9723637,8,16,24
1747011823.007363,-24,42,22
1747011823.043363,0,-95,24
1747011823.079363,-8,-31,18
1747011823.1143634,57,62,-21
1747011823.1503634,39,19,154
1747011823.1853633,21,14,212
1747011823.2203634,7,36,98
1747011823.2553637,71,-20,90
1747011823.2913637,63,-58,80
1747011823.3273633,-3,21,62
1747011823.362363,76,-11,100
1747011823.3983634,52,56,128
1747011823.4333634,-27,-56,-3
1747011823.4683633,28,-36,118
1747011823.5033634,106,-72,58
1747011823.5393634,4,14,-43
1747011823.5753634,35,-4,8
1747011823.6103632,-28,-68,-93
1747011823.6463633,9,3,10
1747011823.681363,-30,-92,26
1747011823.7163634,-34,13,6
1747011823.7513633,-6,-11,-79
1747011823.7873633,3,63,138
1747011823.8233633,-22,13,162
1747011823.8583634,5,-24,10
1747011823.8943634,94,-7,46
1747011823.9293633,-51,-65,154
1747011823.964363,96,-13,22
1747011823.9993634,53,24,128
1747011824.0353634,-48,2,36
1747011824.0713634,-26,-31,-21
1747011824.1063633,-66,-57,-25
1747011824.1423633,-38,-5,6
1747011824.1773634,35,37,-23
1747011824.2123632,9,6,108
1747011824.247363,12,6,126
1747011824.283363,63,-11,20
1747011824.3193634,-22,-98,-41
1747011824.3543634,-88,49,82
1747011824.3903637,19,98,56
1747011824.4253633,29,16,220
1747011824.4603634,55,0,137
1747011824.4953637,21,56,6
1747011824.5313632,-133,49,31
1747011824.5673633,10,-15,13
1747011824.6093633,-17,-3,71
1747011824.6463633,24,-41,149
1747011824.681363,-15,14,92
1747011824.7163634,41,-62,94
1747011824.7513633,-18,85,72
1747011824.7873633,-50,5,150
1747011824.8233633,13,-5,84
1747011824.8583634,5,-39,-19
1747011824.8943634,61,-9,130
1747011824.9293633,-4,46,-33
1747011824.964363,-3,-83,56
1747011824.9993634,-27,-19,74
1747011825.0353634,-7,32,-4
1747011825.0713634,-47,21,83
1747011825.1063633,60,25,44
1747011825.1423633,49,49,-7
1747011825.1773634,-2,-1,114
1747011825.2123632,19,36,-58
1747011825.247363,65,-65,17
1747011825.283363,-18,-73,7
1747011825.3193634,23,22,49
1747011825.3543634,108,-127,31
1747011825.3903637,-19,28,115
1747011825.4253633,-21,-49,47
1747011825.4603634,-56,12,171
1747011825.4953637,18,21,103
1747011825.5313632,-57,21,23
1747011825.5673633,-30,25,63
1747011825.602363,-93,19,133
1747011825.6383634,70,20,37
1747011825.6733634,-67,4,86
1747011825.7083633,67,-5,92
1747011825.7443633,-32,-3,43
1747011825.7793634,-28,42,-49
1747011825.8153634,-6,-57,78
1747011825.8503633,-58,6,58
1747011825.8863633,21,28,-63
1747011825.9213634,91,28,180
1747011825.9563634,-56,92,96
1747011825.9923637,-32,34,56
1747011826.0273633,39,0,116
1747011826.0633633,-16,48,24
1747011826.0983634,-12,3,82
1747011826.1343634,54,0,124
1747011826.1693633,-13,-38,158
1747011826.204363,-43,9,228
1747011826.2403634,38,59,78
1747011826.2753634,8,25,-15
1747011826.3113637,24,42,106
1747011826.3463633,6,67,-25
1747011826.382363,-39,-37,39
1747011826.4173634,84,47,79
1747011826.4523633,-55,-29,70
1747011826.4883633,-11,-64,90
1747011826.5233634,48,-24,9
1747011826.5593634,-11,-56,19
1747011826.5943637,36,-6,50
1747011826.6303637,10,3,56
1747011826.6653633,14,30,88
1747011826.7003634,-33,7,56
1747011826.7363634,7,-12,108
1747011826.7713633,-43,6,-15
1747011826.8073633,32,-15,76
1747011826.8423634,-7,-43,138
1747011826.8783634,29,-41,58
1747011826.9133637,18,50,2
1747011826.9483633,-46,-25,-11
1747011826.9843633,-26,10,26
1747011827.0193634,7,150,7
1747011827.0553634,21,-33,118
1747011827.0903633,91,-21,92
1747011827.1263633,17,-14,142
1747011827.1613634,5,-33,12
1747011827.1963634,-20,2,112
1747011827.2323637,-8,56,132
1747011827.2673633,37,0,103
1747011827.303363,-22,0,94
1747011827.3383634,81,24,48
1747011827.3743634,11,30,90
1747011827.4093633,-8,-33,134
1747011827.4443634,73,36,44
1747011827.4803634,75,14,144
1747011827.5153637,-80,30,34
1747011827.5513637,104,-48,-7
1747011827.5863633,104,25,180
1747011827.6213634,17,16,4
1747011827.6563632,-59,17,-11
1747011827.6923633,-3,-52,10
1747011827.7283633,33,-45,52
1747011827.7633634,13,-7,96
1747011827.7993634,57,-35,116
1747011827.8343637,-20,-49,-21
1747011827.8693633,75,-1,110
1747011827.9043634,-62,4,20
1747011827.9403634,10,30,158
1747011827.9763634,-97,-29,138
1747011828.0113633,20,12,116
1747011828.0473633,-50,-63,120
1747011828.0823634,-15,8,6
1747011828.1173637,-42,-39,172
1747011828.1523633,9,88,178
1747011828.1883633,31,-109,100
1747011828.224363,-62,12,-46
1747011828.2593634,16,-49,49
1747011828.2953634,47,4,219
1747011828.3303633,61,22,103
1747011828.3653634,70,-15,41
1747011828.4003634,74,6,149
1747011828.4363637,-47,38,-4
1747011828.4723637,10,0,101
1747011828.507363,69,-6,171
1747011828.543363,59,31,69
1747011828.5783634,-38,-64,233
1747011828.6133633,-8,64,29
1747011828.6483634,39,26,105
1747011828.6843634,71,20,249
1747011828.7203634,-20,8,37
1747011828.7553637,43,35,-46
1747011828.7913637,-30,38,23
1747011828.826363,-102,-71,45
1747011828.8613634,19,35,75
1747011828.8963633,55,-56,89
1747011828.9323633,37,33,25
1747011828.9683633,47,-26,125
1747011829.0033634,-10,10,77
1747011829.0393634,-26,-15,183
1747011829.0743637,86,-28,137
1747011829.1093633,-57,7,65
1747011829.1443634,-37,-79,25
1747011829.1803634,-19,96,-40
1747011829.2163634,-35,80,127
1747011829.2513633,-4,-14,173
1747011829.2873633,-96,11,85
1747011829.3223634,39,-18,123
1747011829.3573637,33,-45,91
1747011829.3923633,39,54,163
1747011829.428363,-44,-15,177
1747011829.464363,-22,-9,143
1747011829.4993634,23,42,101
1747011829.5353634,5,11,70
1747011829.5703633,77,-10,41
1747011829.6053634,39,35,91
1747011829.6403637,13,-6,49
1747011829.6763637,-68,-28,25
1747011829.7123632,-50,-16,84
1747011829.747363,-86,5,-1
1747011829.783363,4,-8,36
1747011829.8183634,10,-8,126
1747011829.8533633,0,34,-55
1747011829.8883634,58,23,116
1747011829.9243634,60,-6,160
1747011829.9603634,46,78,10
1747011829.9953637,-11,60,94
1747011830.0313632,-29,25,104
1747011830.066363,-5,-48,30
1747011830.1013634,-42,4,182
1747011830.1363633,9,-41,74
1747011830.1723633,9,66,68
1747011830.2083633,-26,-11,36
1747011830.2433634,-68,10,54
1747011830.2793634,-56,-21,43
1747011830.3143632,-42,30,41
1747011830.349363,-76,-65,203
1747011830.3843634,-28,-11,95
1747011830.4203634,-58,-23,-38
1747011830.4563634,19,-23,106
1747011830.4913633,-76,-3,58
1747011830.5273633,-20,8,120
1747011830.5623634,-24,-13,104
1747011830.5973637,35,-11,56
1747011830.632363,43,18,98
1747011830.668363,53,18,32
1747011830.704363,-54,32,44
1747011830.7393634,-42,28,108
1747011830.7753634,-10,16,150
1747011830.8103633,-28,20,70
1747011830.8453634,73,26,24
1747011830.8813634,73,132,170
1747011830.9163637,-22,-7,54
1747011830.9523633,-64,-65,82
1747011830.987363,-80,-51,150
1747011831.0233634,29,6,140
1747011831.0583634,-20,32,62
1747011831.0933633,-58,99,10
1747011831.1293633,-6,5,128
1747011831.1643634,-16,23,-23
1747011831.2003634,15,15,112
1747011831.2353632,-74,41,6
1747011831.2713633,11,-44,140
1747011831.306363,72,11,74
1747011831.3413634,52,-26,-43
1747011831.3773634,75,-47,116
1747011831.4123633,-74,56,116
1747011831.4483633,-14,-24,114
1747011831.4833634,21,33,130
1747011831.5193634,23,-2,70
1747011831.5543633,35,-67,152
1747011831.589363,-122,-45,66
1747011831.625363,-6,46,116
1747011831.6603634,97,44,140
1747011831.6963634,23,16,154
1747011831.7313633,105,56,134
1747011831.7673633,-22,-41,-7
1747011831.8023634,-44,-40,34
1747011831.8373632,-16,-13,12
1747011831.8733633,12,12,82
1747011831.908363,7,-10,-27
1747011831.9443634,13,70,112
1747011831.9793634,11,36,20
1747011832.0153637,38,108,96
1747011832.0503633,12,0,98
1747011832.0853634,30,-29,104
1747011832.1213634,-11,2,52
1747011832.1563632,-127,26,110
1747011832.1923633,-12,3,54
1747011832.227363,-21,88,72
1747011832.2633634,-70,-39,48
1747011832.2983634,4,68,160
1747011832.3333633,35,-3,170
1747011832.3693633,-14,100,-17
1747011832.4043634,3,36,-43
1747011832.4403634,9,12,206
1747011832.4753633,-5,-51,46
1747011832.5113633,12,34,84
1747011832.5473633,-21,16,100
1747011832.5833633,17,96,60
1747011832.6193633,3,36,148
1747011832.6543634,5,-19,108
1747011832.6893632,-9,-31,96
1747011832.7253633,43,-111,28
1747011832.7613633,3,-3,54
1747011832.7963634,43,-7,76
1747011832.8323634,15,-53,74
1747011832.8673637,11,-97,110
1747011832.9023633,31,40,2
1747011832.9373634,-16,74,32
1747011832.9733634,-12,-53,102
1747011833.0093634,29,-43,96
1747011833.0443633,37,94,152
1747011833.0803633,-2,12,146
1747011833.1153634,-78,-63,-9
1747011833.1503634,113,40,-23
1747011833.1853633,-20,-53,58
1747011833.2213633,54,4,-65
1747011833.257363,90,-23,112
1747011833.2923634,-7,21,98
1747011833.3283634,-12,-1,110
1747011833.3633633,39,6,146
1747011833.3983634,57,82,178
1747011833.4333634,32,1,-9
1747011833.4693637,-22,38,45
1747011833.5053637,44,-100,-51
1747011833.5403633,55,18,133
1747011833.576363,-14,-19,157
1747011833.6113634,29,62,67
1747011833.6463633,-44,-43,59
1747011833.681363,15,40,95
1747011833.7173634,-40,-1,-24
1747011833.7533634,-78,-25,71
1747011833.7883637,-60,-31,145
1747011833.8243637,23,46,25
1747011833.8593633,46,9,135
1747011833.8943634,22,61,107
1747011833.9293633,58,-104,-42
1747011833.9653633,-41,-26,89
1747011834.0013633,-87,27,-70
1747011834.0363634,0,-6,51
1747011834.0723634,-5,-60,145
1747011834.1073637,13,21,119
1747011834.1423633,-8,-38,23
1747011834.1773634,-85,29,-28
1747011834.2133634,-3,23,139
1747011834.2493634,-18,-90,37
1747011834.2843633,23,26,127
1747011834.3203633,-39,17,61
1747011834.3553634,23,-79,27
1747011834.3903637,1,-1,89
1747011834.4253633,-50,-1,119
1747011834.4613633,15,5,17
1747011834.497363,-4,-40,57
1747011834.5323634,23,17,27
1747011834.5683634,-2,82,93
1747011834.6103632,0,-37,7
1747011834.6463633,66,-82,137
1747011834.681363,15,-27,-22
1747011834.7173634,17,-28,9
1747011834.7533634,-70,-46,133
1747011834.7883637,-90,-52,233
1747011834.8243637,-42,-43,103
1747011834.8593633,-40,-13,89
1747011834.8943634,63,-17,-32
1747011834.9293633,-2,-79,5
1747011834.9653633,9,-49,17
1747011835.0013633,-6,-13,133
1747011835.0363634,25,28,7
1747011835.0723634,-22,-7,51
1747011835.1073637,-22,10,145
1747011835.1423633,41,99,225
1747011835.1773634,-8,-34,105
1747011835.2133634,75,38,227
1747011835.2493634,-42,16,121
1747011835.2843633,27,6,15
1747011835.3203633,23,54,19
1747011835.3553634,121,44,169
1747011835.3903637,11,0,-20
1747011835.4253633,-61,2,53
1747011835.4613633,60,-37,137
1747011835.497363,-57,-43,65
1747011835.5323634,-71,-51,59
1747011835.5683634,-40,-62,3
1747011835.6033633,71,72,69
1747011835.6383634,-8,-13,5
1747011835.6733634,-16,10,-84
1747011835.7093637,2,33,121
1747011835.7453637,-21,-46,73
1747011835.780363,-21,-16,87
1747011835.816363,-8,-33,33
1747011835.8513634,0,50,101
1747011835.8863633,-51,-36,101
1747011835.9223633,0,0,35
1747011835.9573634,-65,35,7
1747011835.9933634,45,21,63
1747011836.0283637,-26,-32,173
1747011836.0643632,-86,43,115
1747011836.099363,43,-34,67
1747011836.1343634,0,1,139
1747011836.1703634,51,-40,33
1747011836.2053633,-2,-8,93
1747011836.2413633,123,-23,37
1747011836.2763634,-60,-32,15
1747011836.3123634,66,-27,151
1747011836.3473637,7,32,53
1747011836.382363,-26,-7,23
1747011836.418363,55,-53,71
1747011836.4533634,25,24,-64
1747011836.4893634,-1,-39,291
1747011836.5243633,19,-9,81
1747011836.5603633,0,48,-24
1747011836.5953634,-32,-73,67
1747011836.6303637,-12,-11,101
1747011836.6663637,13,36,-14
1747011836.701363,43,-21,87
1747011836.737363,77,-5,59
1747011836.7723634,99,-27,81
1747011836.8083634,-62,-37,47
1747011836.8433633,-66,-5,-34
1747011836.8783634,-46,38,159
1747011836.9143634,63,-31,65
1747011836.9493637,25,42,105
1747011836.9853632,23,-17,133
1747011837.020363,27,60,153
1747011837.056363,-20,-19,211
1747011837.0913634,23,-19,211
1747011837.1263633,97,22,63
1747011837.1623633,-24,31,27
1747011837.1973634,37,-37,-14
1747011837.2333634,-4,25,123
1747011837.2683637,-51,-52,95
1747011837.3043633,55,-88,191
1747011837.339363,31,34,-20
1747011837.3743634,45,-29,77
1747011837.4103634,21,-41,159
1747011837.4453633,-68,-4,21
1747011837.4813633,17,-4,69
1747011837.5163634,-50,33,63
1747011837.5523634,27,55,103
1747011837.5873632,28,-85,81
1747011837.622363,-41,-72,83
1747011837.658363,25,0,95
1747011837.6933634,43,75,-16
1747011837.7293634,-12,93,51
1747011837.7643633,49,119,109
1747011837.7993634,59,4,125
1747011837.8343637,35,21,159
1747011837.8703637,23,-18,69
1747011837.9063632,-76,-15,-40
1747011837.941363,59,-66,13
1747011837.977363,35,62,53
1747011838.0123634,-20,45,113
1747011838.0473633,29,-18,159
1747011838.0823634,25,9,23
1747011838.1183634,-24,-42,105
1747011838.1543634,15,63,91
1747011838.1893632,57,36,59
1747011838.2253633,-44,-43,157
1747011838.260363,-38,-10,49
1747011838.2953634,-78,35,52
1747011838.3303633,45,-42,120
1747011838.3663633,-60,-1,-6
1747011838.4023633,24,-119,22
1747011838.4373634,-22,-18,14
1747011838.4733634,9,4,104
1747011838.5083632,3,6,88
1747011838.543363,19,3,-19
1747011838.5783634,33,72,12
1747011838.6143634,-94,-91,75
1747011838.6503634,5,10,73
1747011838.6853633,-28,-77,79
1747011838.7213633,-6,-11,109
1747011838.7563634,-24,8,-25
1747011838.7913637,41,-39,-11
1747011838.826363,31,46,80
1747011838.862363,-54,-49,96
1747011838.8983634,57,-41,80
1747011838.9333634,53,-3,-17
1747011838.9693637,-22,-45,118
1747011839.0043633,-40,22,58
1747011839.0393634,-48,-75,62
1747011839.0743637,67,6,88
1747011839.1103632,0,42,76
1747011839.1463633,3,64,36
1747011839.181363,1,20,30
1747011839.2173634,121,-29,54
1747011839.2523634,-12,-25,44
1747011839.2873633,33,4,-53
1747011839.3223634,-28,-28,22
1747011839.3583634,83,41,-5
1747011839.3943634,49,-30,132
1747011839.4293633,-48,100,94
1747011839.4653633,5,-35,130
1747011839.500363,-38,52,72
1747011839.5353634,-54,-27,92
1747011839.5703633,-59,-16,64
1747011839.6063633,-23,-24,164
1747011839.6423633,28,-2,218
1747011839.6773634,14,85,70
1747011839.7133634,-57,1,14
1747011839.7483633,63,-16,136
1747011839.783363,3,-6,204
1747011839.8183634,17,-8,150
1747011839.8543634,-24,-2,76
1747011839.8903637,-36,43,154
1747011839.9253633,-124,-2,-1
1747011839.9613633,18,-17,130
1747011839.9963634,60,64,14
1747011840.0313632,16,38,54
1747011840.066363,104,52,-47
1747011840.102363,-111,2,-33
1747011840.1383634,-33,46,100
1747011840.1733634,25,-27,-79
1747011840.2093637,6,-9,-37
1747011840.2443633,-15,50,36
1747011840.2793634,60,2,134
1747011840.3143632,48,22,62
1747011840.3503633,-39,-21,132
1747011840.3863633,6,54,188
1747011840.4213634,-42,56,68
1747011840.4573634,47,-63,82
1747011840.4923637,43,2,8
1747011840.5273633,1,-13,138
1747011840.5623634,23,-53,82
1747011840.5983634,-6,-3,60
1747011840.6343634,-24,-27,174
1747011840.6693633,82,-14,44
1747011840.7053633,-38,-55,42
1747011840.7403634,-44,-33,26
1747011840.7753634,-89,-78,126
1747011840.8103633,12,17,130
1747011840.8463633,-71,31,88
1747011840.882363,37,-8,82
1747011840.9173634,1,-46,54
1747011840.9533634,37,-1,40
1747011840.9883633,-12,59,86
1747011841.0233634,-50,-26,178
1747011841.0593634,-4,-46,2
1747011841.0943637,-36,-22,12
1747011841.1303637,60,-17,64
1747011841.1653633,90,-48,-79
1747011841.201363,-5,10,-75
1747011841.2363634,-39,-30,164
1747011841.2713633,6,45,-21
1747011841.3073633,-7,25,118
1747011841.3423634,-57,91,12
1747011841.3783634,-81,32,28
1747011841.4133637,44,4,50
1747011841.4493637,33,-22,88
1747011841.4843633,52,-9,84
1747011841.5193634,54,29,74
1747011841.5553634,-75,6,22
1747011841.5903633,71,-31,40
1747011841.6263633,27,-87,82
1747011841.6613634,33,31,146
1747011841.6973634,-30,40,127
1747011841.7323637,-4,3,57
1747011841.7673633,93,1,-71
1747011841.803363,9,-45,36
1747011841.8383634,65,-11,4
1747011841.8743634,57,-53,170
1747011841.9093633,1,-27,18
1747011841.9453633,-4,-43,168
1747011841.9803634,0,-15,90
1747011842.0153637,67,-29,95
1747011842.0513637,13,-7,173
1747011842.0863633,-21,16,79
1747011842.122363,-13,-29,151
1747011842.1573634,26,-31,45
1747011842.1933634,5,3,65
1747011842.2283633,-13,-37,-14
1747011842.2633634,-31,18,89
1747011842.2993634,-9,-43,121
1747011842.3343637,-47,-45,105
1747011842.3703637,-23,-25,25
1747011842.405363,-2,47,69
1747011842.441363,-24,-14,83
1747011842.4763634,-20,25,21
1747011842.5113633,-37,-53,119
1747011842.5473633,32,30,27
1747011842.5823634,26,-7,5
1747011842.6183634,-81,-8,101
1747011842.6533637,-107,-5,-18
1747011842.6883633,78,-27,139
1747011842.7233634,37,13,-10
1747011842.7593634,-34,35,139
1747011842.7953634,39,-38,127
1747011842.8303633,-22,-3,93
1747011842.8663633,-16,-38,41
1747011842.9013634,19,36,3
1747011842.9363637,63,-53,99
1747011842.9713633,17,30,91
1747011843.007363,-18,50,181
1747011843.043363,29,2,37
1747011843.0783634,2,13,19
1747011843.1143634,22,55,15
1747011843.1493633,-11,-10,5
1747011843.1843634,-59,0,65
1747011843.2193637,-7,-8,12
1747011843.2553637,-12,40,92
1747011843.2913637,-13,-36,218
1747011843.326363,1,-69,70
1747011843.362363,-32,27,76
1747011843.3973634,63,45,37
1747011843.4323633,-4,-24,101
1747011843.4673634,36,-68,207
1747011843.5033634,11,-37,-50
1747011843.5393634,-22,-15,181
1747011843.5743637,19,14,5
1747011843.6103632,27,-53,27
1747011843.645363,43,-33,0
1747011843.6803634,-12,-65,7
1747011843.7153633,45,54,43
1747011843.7513633,-57,-23,157
1747011843.7873633,55,-51,-12
1747011843.8223634,9,40,71
1747011843.8583634,-9,6,61
1747011843.8933637,43,52,39
1747011843.928363,-1,-1,153
1747011843.9633634,-31,-29,71
1747011843.9993634,-37,44,139
1747011844.0353634,84,32,135
1747011844.0703633,62,45,-52
1747011844.1063633,12,-26,3
1747011844.1413634,-3,-34,87
1747011844.1763637,17,-41,63
1747011844.2113633,47,34,-64
1747011844.247363,55,-61,125
1747011844.283363,9,-9,-46
1747011844.3183634,75,-24,31
1747011844.3543634,-31,31,93
1747011844.3893633,-25,49,15
1747011844.4243634,-36,-9,63
1747011844.4593637,121,-37,167
1747011844.4953637,-60,8,-32
1747011844.5313632,33,66,125
1747011844.566363,-5,34,99
1747011844.602363,-7,68,111
1747011844.6443634,17,-17,63
1747011844.6803634,109,-53,115
1747011844.7153633,47,50,93
1747011844.7513633,55,58,139
1747011844.7873633,55,-11,57
1747011844.8223634,97,14,39
1747011844.8583634,-4,28,113
1747011844.8933637,44,37,75
1747011844.928363,4,9,35
1747011844.9633634,4,0,59
1747011844.9993634,4,-42,175
1747011845.0353634,-82,-8,117
1747011845.0703633,-24,53,13
1747011845.1063633,-20,-40,61
1747011845.1413634,69,1,-6
1747011845.1763637,106,-11,53
1747011845.2113633,-4,-20,95
1747011845.247363,-15,45,67
1747011845.283363,16,-14,41
1747011845.3183634,63,-26,55
1747011845.3543634,-11,33,109
1747011845.3893633,48,37,19
1747011845.4243634,-2,-42,-48
1747011845.4593637,51,-24,9
1747011845.4953637,51,-23,17
1747011845.5313632,-4,24,151
1747011845.566363,15,36,-4
1747011845.602363,43,8,-30
1747011845.6373634,17,-9,19
1747011845.6723633,47,56,7
1747011845.7073634,49,0,27
1747011845.7433634,25,68,111
1747011845.7793634,113,17,133
1747011845.8143632,75,-36,29
1747011845.8503633,129,59,-56
1747011845.885363,13,-60,133
1747011845.9203634,47,-16,107
1747011845.9553633,-60,-38,61
1747011845.9913633,17,69,94
1747011846.0273633,38,-69,14
1747011846.0623634,-35,-22,-21
1747011846.0983634,14,86,52
1747011846.1333632,63,3,-19
1747011846.168363,36,-33,28
1747011846.204363,18,4,36
1747011846.2393634,42,0,-139
1747011846.2753634,2,34,-9
1747011846.3103633,-31,-1,-41
1747011846.3463633,13,54,72
1747011846.3813634,9,0,42
1747011846.4163637,19,26,40
1747011846.4523633,-26,42,16
1747011846.487363,-62,20,92
1747011846.5233634,3,28,2
1747011846.5583634,-8,-17,32
1747011846.5943637,-4,28,218
1747011846.6293633,73,34,74
1747011846.6643634,-4,-37,44
1747011846.7003634,-93,-92,108
1747011846.7353632,2,89,30
1747011846.7713633,-83,5,54
1747011846.806363,-147,-2,-49
1747011846.8423634,52,9,76
1747011846.8773634,-35,39,108
1747011846.9123633,25,19,116
1747011846.9483633,63,18,60
1747011846.9833634,-13,-41,154
1747011847.0193634,21,-46,100
1747011847.0543633,-30,5,85
1747011847.0903633,5,-19,18
1747011847.125363,49,3,0
1747011847.1603634,-6,31,107
1747011847.1963634,-66,-28,-5
1747011847.2313633,0,-28,36
1747011847.2673633,67,58,30
1747011847.3023634,-28,28,60
1747011847.3383634,-72,38,-13
1747011847.3733633,44,-1,46
1747011847.408363,99,-43,116
1747011847.4443634,84,-49,-79
1747011847.4793634,2,54,4
1747011847.5153637,-3,-35,88
1747011847.5503633,59,13,117
1747011847.5863633,-8,13,111
1747011847.622363,-28,49,83
1747011847.658363,33,-1,72
1747011847.6933634,73,-5,56
1747011847.7283633,91,36,81
1747011847.7643633,37,-53,97
1747011847.7993634,-73,-13,156
1747011847.8353634,65,-7,82
1747011847.8703637,67,36,114
1747011847.9063632,19,60,108
1747011847.9423633,0,24,120
1747011847.977363,23,-15,51
1747011848.0123634,15,46,78
1747011848.0483634,-62,-43,41
1747011848.0843637,19,56,104
1747011848.1193633,31,-45,121
1747011848.155363,27,76,167
1747011848.1903634,-78,80,-26
1747011848.2253633,11,82,49
1747011848.260363,-47,56,76
1747011848.2963634,-20,12,80
1747011848.3323634,15,32,9
1747011848.3673637,19,40,32
1747011848.4033637,17,34,91
1747011848.4383633,41,-43,122
1747011848.4733634,0,-43,120
1747011848.5083632,17,8,182
1747011848.5443633,85,0,-87
1747011848.5803633,3,4,124
1747011848.6153634,-54,-33,-11
1747011848.6513634,-46,25,33
1747011848.6863637,-28,59,59
1747011848.7213633,-10,33,90
1747011848.7563634,9,5,125
1747011848.7923634,-40,-37,40
1747011848.8283634,-36,1,95
1747011848.8633633,-6,13,-95
1747011848.8993633,-16,-108,-9
1747011848.9343634,-20,-12,0
1747011848.9693637,-33,35,19
1747011849.0043633,-36,39,156
1747011849.0403633,27,-56,59
1747011849.076363,17,-8,50
1747011849.1113634,25,-6,97
1747011849.1473634,30,-30,69
1747011849.1823633,10,5,11
1747011849.2173634,-21,-38,197
1747011849.2523634,6,39,69
1747011849.2883637,-39,-26,143
1747011849.3243637,53,4,63
1747011849.3593633,2,21,23
1747011849.395363,24,60,59
1747011849.4303634,50,-3,187
1747011849.4653633,34,46,89
1747011849.500363,-113,-25,163
1747011849.5363634,18,24,97
1747011849.5723634,25,-14,113
1747011849.6073637,140,-48,57
1747011849.6433637,4,-18,29
1747011849.678363,66,-54,91
1747011849.7133634,-73,-29,123
1747011849.7483633,12,0,101
1747011849.7843633,6,-65,99
1747011849.8203633,-15,10,100
1747011849.8553634,32,50,-51
1747011849.8913634,38,70,103
1747011849.9263637,9,7,-36
1747011849.9613633,39,-40,-22
1747011849.9963634,-15,26,151
1747011850.0323634,-38,-101,77
1747011850.0683634,-54,-11,0
1747011850.1033633,63,20,-10
1747011850.1393633,-10,-19,93
1747011850.1743634,-24,46,-16
1747011850.2093637,-67,-58,77
1747011850.2443633,52,-8,211
1747011850.280363,6,-22,115
1747011850.316363,26,-29,93
1747011850.3513634,41,33,-4
1747011850.3873634,-15,-17,101
1747011850.4223633,4,58,-22
1747011850.4573634,-42,-1,93
1747011850.4923637,70,-54,37
1747011850.5283637,34,-58,77
1747011850.5643632,-115,-50,151
1747011850.599363,-11,25,117
1747011850.635363,-47,-25,203
1747011850.6703634,6,-23,-122
1747011850.7053633,-28,-31,86
1747011850.7403634,-52,-29,36
1747011850.7763634,3,52,-7
1747011850.8123634,1,-21,124
1747011850.8473637,-24,0,-13
1747011850.8833632,-2,40,84
1747011850.918363,11,-21,184
1747011850.9533634,11,10,6
1747011850.9883633,-50,50,144
1747011851.0243633,9,6,-73
1747011851.0603633,-18,6,140
1747011851.0953634,-98,-16,36
1747011851.1313634,-82,78,-51
1747011851.1663637,-14,-27,144
1747011851.201363,5,86,42
1747011851.237363,42,-49,202
1747011851.2723634,-41,6,34
1747011851.3083634,-37,-40,16
1747011851.3433633,52,-12,140
1747011851.3793633,2,-70,186
1747011851.4143634,8,-36,56
1747011851.4493637,-23,19,40
1747011851.4853632,-36,9,-85
1747011851.520363,18,24,102
1747011851.556363,75,63,-41
1747011851.5913634,-8,-35,60
1747011851.6273634,25,-19,84
1747011851.6623633,-42,57,-1
1747011851.6973634,17,1,112
1747011851.7333634,61,-2,58
1747011851.7683637,41,-76,100
1747011851.8043633,59,-40,38
1747011851.839363,-10,3,60
1747011851.875363,-30,-63,-45
1747011851.9103634,2,-49,36
1747011851.9453633,-82,-52,72
1747011851.9813633,-71,6,82
1747011852.0163634,29,-69,86
1747011852.0523634,-50,-14,80
1747011852.0873632,27,-2,-15
1747011852.1233633,-2,-8,66
1747011852.158363,-72,31,128
1747011852.1933634,-10,-88,126
1747011852.2293634,-29,-33,-9
1747011852.2643633,-29,-25,42
1747011852.3003633,92,-36,-35
1747011852.3353634,-7,-66,54
1747011852.3713634,36,21,52
1747011852.4063632,34,-10,148
1747011852.441363,-13,15,68
1747011852.477363,12,5,104
1747011852.5123634,4,-4,56
1747011852.5483634,-5,-13,64
1747011852.5833633,52,10,-23
1747011852.6193633,74,-25,152
1747011852.6543634,10,-41,108
1747011852.6893632,-14,-51,42
1747011852.7253633,-26,44,2
1747011852.760363,63,-43,52
1747011852.7963634,-14,18,-1
1747011852.8313634,-24,-36,-99
1747011852.8673637,-60,15,184
1747011852.9033637,-16,-41,32
1747011852.9393632,61,0,128
1747011852.9753633,101,-1,76
1747011853.010363,-48,20,170
1747011853.0453634,33,38,82
1747011853.0813634,43,-9,24
1747011853.1173637,49,91,43
1747011853.1523633,-36,-70,107
1747011853.1883633,55,-2,125
1747011853.2233634,22,-53,199
1747011853.2583632,52,-43,59
1747011853.293363,-51,132,173
1747011853.329363,-51,11,27
1747011853.3653634,-23,-42,35
1747011853.4003634,18,-4,69
1747011853.4363637,0,49,73
1747011853.4713633,-81,69,81
1747011853.5063634,-42,11,67
1747011853.5413637,13,-82,-8
1747011853.5773633,72,-80,103
1747011853.6133633,8,-36,147
1747011853.6483634,50,11,105
1747011853.6843634,16,-62,87
1747011853.7193637,48,-26,23
1747011853.7543633,-27,64,149
1747011853.7893634,53,48,35
1747011853.8253634,54,63,95
1747011853.8613634,53,-11,-20
1747011853.8963633,41,-13,79
1747011853.9323633,67,-67,51
1747011853.9673634,-36,-21,121
1747011854.0023634,49,-21,47
1747011854.0373633,-59,-66,41
1747011854.0733633,26,-38,41
1747011854.1093633,42,35,67
1747011854.1443634,18,9,105
1747011854.1803634,-11,-44,133
1747011854.2153633,-29,29,51
1747011854.250363,-49,37,-74
1747011854.2853634,14,59,51
1747011854.3213634,-31,-4,77
1747011854.3573637,34,-8,153
1747011854.3923633,-13,41,-62
1747011854.428363,62,-24,39
1747011854.4633634,-1,-18,19
1747011854.4983633,-81,-34,7
1747011854.533363,18,-16,-16
1747011854.5693634,51,-68,121
1747011854.6053634,-35,-4,243
1747011854.6473634,-101,63,95
1747011854.6843634,15,-30,31
1747011854.7193637,-24,-76,105
1747011854.7543633,91,-12,39
1747011854.7893634,-14,-16,141
1747011854.8253634,-24,30,-24
1747011854.8613634,-12,32,73
1747011854.8963633,45,64,153
1747011854.9323633,-24,-27,67
1747011854.9673634,13,3,25
1747011855.0023634,34,33,5
1747011855.0373633,11,26,49
1747011855.0733633,2,37,201
1747011855.1093633,-42,23,73
1747011855.1443634,35,3,95
1747011855.1803634,35,17,-108
1747011855.2153633,62,25,51
1747011855.250363,44,37,91
1747011855.2853634,-23,-6,-6
1747011855.3213634,13,35,119
1747011855.3573637,153,-66,127
1747011855.3923633,38,49,105
1747011855.428363,6,23,145
1747011855.4633634,6,25,109
1747011855.4983633,69,6,31
1747011855.5343633,-6,-66,221
1747011855.5693634,15,-8,-64
1747011855.6053634,-16,47,79
1747011855.6403637,-20,-30,103
1747011855.6763637,5,-10,54
1747011855.7113633,85,-7,172
1747011855.7463634,-38,-1,66
1747011855.7813632,-14,73,-51
1747011855.8173633,-8,77,160
1747011855.8533633,27,7,126
1747011855.8883634,1,-70,130
1747011855.9243634,-49,36,62
1747011855.9593637,-23,20,-1
1747011855.9943633,66,-71,106
1747011856.0293634,-61,-21,58
1747011856.0653634,-3,-43,10
1747011856.1013634,60,24,124
1747011856.1363633,73,-98,206
1747011856.1723633,-35,72,100
1747011856.2073634,-2,-30,136
1747011856.2423637,-42,-86,64
1747011856.2783637,-74,99,164
1747011856.3133633,-14,-90,92
1747011856.349363,103,2,-13
1747011856.3843634,19,3,134
1747011856.4203634,-12,14,167
1747011856.4553633,-43,14,193
1747011856.4903634,-35,53,29
1747011856.5263634,16,-12,160
1747011856.5613637,99,47,256
1747011856.5973637,1,37,16
1747011856.632363,-68,-42,2
1747011856.668363,-51,-10,64
1747011856.7033634,8,33,42
1747011856.7383633,-3,5,82
1747011856.7743633,-27,49,64
1747011856.8093634,-90,14,-60
1747011856.8453634,9,-51,102
1747011856.8803637,-7,-36,113
1747011856.9163637,83,22,95
1747011856.951363,-8,32,70
1747011856.9863634,-33,9,96
1747011857.0223634,-8,-63,0
1747011857.0573633,34,67,90
1747011857.0933633,22,51,146
1747011857.1283634,8,-27,88
1747011857.1643634,64,-51,140
1747011857.1993637,-33,50,-39
1747011857.2343633,34,76,110
1747011857.270363,44,18,206
1747011857.3053634,4,-37,176
1747011857.3413634,52,-9,76
1747011857.3763633,62,12,134
1747011857.4123633,-106,65,28
1747011857.4473634,-14,-5,146
1747011857.4823637,27,40,66
1747011857.5183637,12,46,-19
1747011857.553363,18,6,72
1747011857.589363,6,48,168
1747011857.6243634,18,-7,-72
1747011857.6603634,36,8,-66
1747011857.6953633,-32,-20,139
1747011857.7303634,-68,-4,139
1747011857.7663634,-31,16,88
1747011857.8013637,-21,-19,116
1747011857.8373632,-19,-19,-57
1747011857.872363,-47,-11,113
1747011857.9073634,-45,10,123
1747011857.9423633,20,64,-10
1747011857.9783633,80,8,147
1747011858.0143633,44,58,138
1747011858.0493634,-53,20,160
1747011858.0853634,-11,-21,70
1747011858.1203637,-3,-35,134
1747011858.155363,31,-9,38
1747011858.1903634,-55,-33,-29
1747011858.2263634,55,-35,13
1747011858.2623634,47,14,143
1747011858.2973633,-4,31,159
1747011858.3333633,-6,-86,65
1747011858.3683634,-55,25,72
1747011858.4033637,-11,-76,83
1747011858.4383633,20,-82,27
1747011858.474363,-71,-56,129
1747011858.510363,-97,13,65
1747011858.5453634,92,-71,6
1747011858.5813634,-37,-57,117
1747011858.6163633,-6,0,89
1747011858.6513634,140,-30,169
1747011858.6863637,46,-24,143
1747011858.7223637,70,-64,169
1747011858.7583632,32,13,137
1747011858.793363,8,25,135
1747011858.829363,26,-22,91
1747011858.8643634,18,9,125
1747011858.8993633,-31,41,149
1747011858.9343634,-3,-7,11
1747011858.9703634,36,57,79
1747011859.0063634,36,28,135
1747011859.0413637,-19,35,59
1747011859.0773633,-49,0,65
1747011859.112363,-23,-73,7
1747011859.1473634,29,23,0
1747011859.1823633,-63,49,3
1747011859.2183633,-17,-98,121
1747011859.2543633,-37,-24,129
1747011859.2893634,-43,-15,77
1747011859.3253634,-75,6,99
1747011859.3603632,111,-19,131
1747011859.395363,-59,33,31
1747011859.4303634,62,1,121
1747011859.4663634,12,57,39
1747011859.5023634,10,85,15
1747011859.5373633,-37,40,1
1747011859.5733633,88,-1,87
1747011859.6083634,-79,-67,107
1747011859.6433637,-22,42,57
1747011859.678363,11,-9,109
1747011859.714363,84,36,87
1747011859.750363,42,-19,11
1747011859.7853634,-71,8,145
1747011859.8213634,22,-27,85
1747011859.8563633,52,14,72
1747011859.8913634,-1,28,144
1747011859.9263637,-29,-1,158
1747011859.9623632,43,38,74
1747011859.9983633,47,-71,24
1747011860.033363,-34,-25,140
1747011860.0693634,-62,-49,-47
1747011860.1043634,-1,23,130
1747011860.1393633,100,25,-5
1747011860.1743634,-31,-10,82
1747011860.2103634,-13,-22,64
1747011860.2463634,-18,-16,118
1747011860.2813632,17,-30,112
1747011860.3173633,-1,-18,0
1747011860.352363,-63,0,68
1747011860.3873634,18,43,-65
1747011860.4223633,-4,-13,16
1747011860.4583633,-3,-32,110
1747011860.4943633,43,-13,202
1747011860.5293634,-52,89,30
1747011860.5653634,30,23,4
1747011860.6003633,-35,-54,96
1747011860.635363,-2,28,-5
1747011860.6703634,-16,-65,6
1747011860.7063634,30,14,132
1747011860.7423637,45,58,130
1747011860.7773633,15,6,50
1747011860.8133633,16,-70,56
1747011860.8483634,-34,-7,118
1747011860.8833632,-48,4,-13
1747011860.918363,3,50,50
1747011860.954363,-51,-80,102
1747011860.9903634,30,55,128
1747011861.0253634,-33,9,16
1747011861.0613637,46,57,64
1747011861.0963633,-18,21,76
1747011861.1313634,-2,13,200
1747011861.1663637,-56,-56,64
1747011861.2023633,7,0,-17
1747011861.2383633,-42,17,78
1747011861.2733634,0,104,12
1747011861.3093634,0,54,110
1747011861.3443637,16,8,72
1747011861.3793633,-37,-5,58
1747011861.4153633,7,-62,154
1747011861.4503634,-68,-82,110
1747011861.4863634,-90,13,24
1747011861.5213633,22,76,82
1747011861.5573633,-17,20,62
1747011861.5923634,22,-8,164
1747011861.6273634,38,-34,122
1747011861.6633637,-24,26,96
1747011861.6983633,0,104,30
1747011861.7343633,17,-99,64
1747011861.7693634,-20,-53,90
1747011861.8053634,45,16,124
1747011861.8403633,78,-46,-55
1747011861.875363,-21,-34,61
1747011861.9113634,70,-36,67
1747011861.9463634,-1,-14,157
1747011861.9823637,54,-36,109
1747011862.0173633,65,28,43
1747011862.053363,59,70,157
1747011862.0883634,-26,44,15
1747011862.1233633,-34,60,43
1747011862.1593633,48,-67,89
1747011862.1943634,-16,-17,-4
1747011862.2303634,-8,46,-48
1747011862.2653637,61,-31,117
1747011862.3013637,21,-29,99
1747011862.3363633,-27,-30,47
1747011862.3713634,4,-16,13
1747011862.4073634,-29,-36,53
1747011862.4423633,52,23,-32
1747011862.4783633,-31,1,-10
1747011862.5133634,-35,61,99
1747011862.5493634,21,-7,31
1747011862.5843637,61,-91,11
1747011862.6193633,-26,36,77
1747011862.655363,-36,-61,137
1747011862.6903634,111,56,-34
1747011862.7263634,55,24,45
1747011862.7613633,-86,10,227
1747011862.7973633,1,-61,177
1747011862.8323634,41,60,13
1747011862.8673637,6,-6,89
1747011862.9033637,-49,1,117
1747011862.9383633,14,-22,57
1747011862.974363,0,51,3
1747011863.0093634,-3,-7,131
1747011863.0453634,22,-58,3
1747011863.0813634,-2,-58,91
1747011863.1173637,-18,-4,183
1747011863.1533637,-54,-27,103
1747011863.1883633,0,-67,3
1747011863.2233634,-47,-16,-14
1747011863.2593634,-13,0,135
1747011863.2953634,28,-34,119
1747011863.3303633,-73,7,93
1747011863.3663633,-45,-17,-70
1747011863.4013634,-2,17,163
1747011863.4363637,-52,75,73
1747011863.4713633,54,-32,-10
1747011863.507363,-21,-58,133
1747011863.543363,-15,-36,33
1747011863.5783634,-33,-38,99
1747011863.6143634,28,51,61
1747011863.6493633,10,-50,103
1747011863.6843634,-35,-26,25
1747011863.7193637,-12,30,147
1747011863.7553637,-34,20,104
1747011863.7913637,57,4,-15
1747011863.826363,35,18,54
1747011863.862363,-30,58,2
1747011863.8973634,65,20,118
1747011863.9323633,-6,-29,-13
1747011863.9673634,-16,14,-35
1747011864.0033634,33,30,178
1747011864.0393634,-20,-17,78
1747011864.0743637,33,-23,42
1747011864.1103632,75,-5,0
1747011864.145363,3,8,44
1747011864.1803634,-6,-13,-23
1747011864.2153633,-12,40,52
1747011864.2513633,13,20,106
1747011864.2873633,31,-39,180
1747011864.3223634,91,14,76
1747011864.3583634,41,-114,118
1747011864.3933637,-74,-19,-19
1747011864.428363,15,-17,102
1747011864.4633634,-2,-18,82
1747011864.4993634,15,-107,94
1747011864.5353634,23,35,48
1747011864.5703633,-26,-54,110
1747011864.6063633,34,0,177
1747011864.6483634,3,0,31
1747011864.6843634,6,94,148
1747011864.7193637,-22,20,88
1747011864.7553637,-25,46,52
1747011864.7913637,-4,-38,36
1747011864.826363,-34,-24,-3
1747011864.862363,29,-36,242
1747011864.8973634,-1,-2,14
1747011864.9323633,-105,-12,232
1747011864.9673634,-78,-2,82
1747011865.0033634,-14,7,64
1747011865.0393634,13,25,42
1747011865.0743637,6,28,146
1747011865.1103632,-23,-9,130
1747011865.145363,103,-62,12
1747011865.1803634,-6,47,68
1747011865.2153633,-14,73,20
1747011865.2513633,0,-41,48
1747011865.2873633,-64,-21,88
1747011865.3223634,51,14,12
1747011865.3583634,-44,-79,26
1747011865.3933637,85,36,-49
1747011865.428363,-67,-25,-13
1747011865.4633634,24,-25,38
1747011865.4993634,68,48,82
1747011865.5353634,-11,-21,4
1747011865.5703633,44,-85,-9
1747011865.6063633,12,12,-12
1747011865.6413634,38,-83,11
1747011865.6763637,31,-75,153
1747011865.7113633,-22,-67,29
1747011865.747363,4,-31,72
1747011865.783363,6,22,215
1747011865.8183634,59,18,41
1747011865.8543634,-106,30,95
1747011865.8893633,28,-33,19
1747011865.9243634,-111,-5,31
1747011865.9593637,68,-47,-18
1747011865.9953637,39,-22,-34
1747011866.0313632,-22,37,179
1747011866.066363,-10,-32,173
1747011866.102363,-18,-12,174
1747011866.1373634,66,26,104
1747011866.1723633,-19,-7,68
1747011866.2073634,49,78,-43
1747011866.2433634,33,-47,108
1747011866.2793634,2,4,94
1747011866.3143632,-10,-54,178
1747011866.3503633,25,-10,122
1747011866.385363,-2,-11,92
1747011866.4203634,-48,-36,100
1747011866.4563634,-38,8,88
1747011866.4913633,3,8,16
1747011866.5273633,-82,-73,78
1747011866.5623634,24,18,70
1747011866.5983634,13,0,50
1747011866.6333632,11,-43,104
1747011866.668363,13,-43,138
1747011866.704363,70,-69,180
1747011866.7393634,-87,46,8
1747011866.7753634,46,76,17
1747011866.8103633,50,17,38
1747011866.8463633,-27,7,56
1747011866.8813634,68,-2,181
1747011866.9163637,-1,17,89
1747011866.9523633,-109,39,29
1747011866.987363,-51,9,85
1747011867.0233634,-19,-2,-24
1747011867.0583634,92,23,117
1747011867.0943637,32,65,-11
1747011867.1293633,79,-37,65
1747011867.1643634,-77,-34,159
1747011867.2003634,12,-20,-6
1747011867.2353632,-57,6,64
1747011867.2713633,28,46,117
1747011867.306363,-8,-27,-48
1747011867.3423634,-36,28,139
1747011867.3773634,-6,26,57
1747011867.4123633,75,-53,55
1747011867.4483633,31,26,117
1747011867.4833634,3,2,131
1747011867.5193634,-54,8,24
1747011867.5543633,51,-7,82
1747011867.5903633,31,-23,128
1747011867.625363,-42,60,140
1747011867.6603634,27,-19,-7
1747011867.6963634,-40,-53,20
1747011867.7313633,70,43,68
1747011867.7673633,-14,-43,-31
1747011867.8023634,-26,-31,120
1747011867.8383634,32,-22,-65
1747011867.8733633,5,-37,143
1747011867.908363,27,56,84
1747011867.9443634,-11,-20,102
1747011867.9793634,23,-11,158
1747011868.0153637,46,26,102
1747011868.0503633,43,17,12
1747011868.0863633,77,-30,102
1747011868.1213634,-54,13,76
1747011868.1563632,-30,25,122
1747011868.1923633,-27,60,100
1747011868.227363,3,57,84
1747011868.2633634,72,6,166
1747011868.2983634,-12,23,-29
1747011868.3333633,-18,-58,50
1747011868.3683634,77,-14,16
1747011868.4043634,11,9,120
1747011868.4403634,-27,2,112
1747011868.4753633,-71,18,-31
1747011868.5113633,83,-73,33
1747011868.5463634,-24,11,9
1747011868.5813634,-11,58,-12
1747011868.6163633,20,-48,135
1747011868.6523633,-51,27,-12
1747011868.6883633,39,-9,51
1747011868.7233634,26,-22,79
1747011868.7593634,40,-30,101
1747011868.7943633,40,-2,111
1747011868.829363,-21,-12,71
1747011868.8643634,-35,-16,93
1747011868.9003634,6,27,155
1747011868.9363637,-55,-66,119
1747011868.9713633,-30,22,124
1747011869.007363,57,-13,-22
1747011869.0423634,55,-59,127
1747011869.0773633,-64,62,31
1747011869.112363,10,-17,71
1747011869.1483634,-45,-57,59
1747011869.1843634,16,-49,139
1747011869.2193637,22,-45,135
1747011869.2553637,64,-17,87
1747011869.2903633,-80,12,119
1747011869.3253634,-1,-5,107
1747011869.3603632,-21,2,146
1747011869.3963633,-48,14,-7
1747011869.4323633,43,35,151
1747011869.4673634,0,3,79
1747011869.5033634,-66,57,111
1747011869.5383637,0,38,19
1747011869.5733633,-3,2,149
1747011869.6083634,9,30,105
1747011869.6443634,-46,-4,-50
1747011869.6803634,-36,-28,19
1747011869.7153633,-26,23,-52
1747011869.7513633,63,-48,112
1747011869.7863634,87,-16,106
1747011869.8213634,-2,25,28
1747011869.8563633,55,-54,72
1747011869.8923633,16,-2,36
1747011869.928363,90,-6,210
1747011869.9633634,70,0,80
1747011869.9993634,-15,-36,188
1747011870.0343633,18,19,14
1747011870.0693634,-78,57,100
1747011870.1043634,75,-12,72
1747011870.1403637,99,-24,54
1747011870.1763637,-30,27,88
1747011870.2113633,-94,-34,-43
1747011870.247363,39,-18,106
1747011870.2823634,-103,34,-77
1747011870.3173633,-21,-19,-77
1747011870.352363,30,16,74
1747011870.3883634,40,30,186
1747011870.4243634,2,32,22
1747011870.4593637,8,-57,-11
1747011870.4953637,-53,-21,22
1747011870.530363,-59,32,154
1747011870.5653634,-53,-23,86
1747011870.6003633,-52,-25,48
1747011870.6363633,33,22,130
1747011870.6723633,-58,6,118
1747011870.7073634,47,2,130
1747011870.7433634,19,26,170
1747011870.7783637,82,53,68
1747011870.8133633,12,43,62
1747011870.8483634,22,-18,60
1747011870.8843634,6,-20,120
1747011870.9203634,-12,-73,30
1747011870.9553633,21,-39,8
1747011870.9913633,-32,44,65
1747011871.0263634,23,-9,103
1747011871.0613637,-10,-33,-10
1747011871.0963633,-30,49,-2
1747011871.132363,3,-33,81
1747011871.168363,13,-10,39
1747011871.2033634,-94,-67,77
1747011871.2393634,33,58,151
1747011871.2743633,13,-112,1
1747011871.3093634,39,-6,107
1747011871.3443637,3,21,27
1747011871.3803637,-27,-20,-12
1747011871.4163637,37,31,15
1747011871.451363,-7,-39,23
1747011871.487363,39,-98,51
1747011871.5223634,27,51,7
1747011871.5573633,-55,59,-24
1747011871.5933633,-21,43,99
1747011871.6283634,38,-8,5
1747011871.6643634,24,-76,9
1747011871.6993637,-5,-2,47
1747011871.7353632,-55,-28,21
1747011871.770363,-19,-20,93
1747011871.8053634,53,-59,155
1747011871.8413634,76,-69,233
1747011871.8763633,-9,19,-30
1747011871.9123633,-41,28,-94
1747011871.9473634,34,-19,55
1747011871.9833634,-57,72,67
1747011872.0183637,11,2,143
1747011872.053363,64,-21,51
1747011872.089363,-15,-50,45
1747011872.1243634,-33,-67,127
1747011872.1603634,13,-25,137
1747011872.1953633,-39,42,61
1747011872.2313633,10,-17,111
1747011872.2663634,-25,8,75
1747011872.3013637,5,-43,67
1747011872.3373632,-59,-21,141
1747011872.372363,80,-15,37
1747011872.408363,8,-45,73
1747011872.4433634,84,-37,51
1747011872.4793634,-1,29,229
1747011872.5143633,10,-10,181
1747011872.5493634,10,27,185
1747011872.5853634,-17,17,113
1747011872.6203637,-35,17,25
1747011872.6563632,-64,-2,9
1747011872.691363,-12,-50,79
1747011872.727363,-62,-54,49
1747011872.7623634,-14,-64,27
1747011872.7973633,-6,59,87
1747011872.8333633,37,-24,73
1747011872.8683634,-34,25,201
1747011872.9043634,61,13,55
1747011872.9393632,57,81,115
1747011872.9753633,13,-84,109
1747011873.010363,29,-46,-46
1747011873.0453634,-36,-36,91
1747011873.0813634,41,-14,-12
1747011873.1163633,31,-70,55
1747011873.1523633,41,-22,-20
1747011873.1873634,-42,27,68
1747011873.2233634,-30,45,37
1747011873.2583632,-34,-98,158
1747011873.293363,27,-91,136
1747011873.329363,1,-19,8
1747011873.3643634,-17,0,150
1747011873.4003634,26,-37,156
1747011873.4353633,-58,-19,86
1747011873.4703634,9,-7,74
1747011873.5053637,97,-92,30
1747011873.5413637,15,34,2
1747011873.5773633,9,-50,-15
1747011873.612363,-28,-6,90
1747011873.6483634,-30,41,120
1747011873.6833634,31,29,124
1747011873.7183633,-36,-50,70
1747011873.7533634,19,-28,220
1747011873.7893634,31,4,110
1747011873.8253634,-21,15,59
1747011873.8603632,5,25,-91
1747011873.8963633,9,44,150
1747011873.931363,-41,-31,38
1747011873.9663634,-27,-23,56
1747011874.0013633,-54,30,96
1747011874.0373633,-100,-15,150
1747011874.0733633,39,-1,26
1747011874.1083634,-48,-43,124
1747011874.1443634,-42,-23,126
1747011874.1793633,17,42,0
1747011874.214363,-22,-79,-4
1747011874.2493634,49,-79,-12
1747011874.2853634,27,34,25
1747011874.3213634,43,14,-65
1747011874.3563633,-2,-13,141
1747011874.3923633,0,-15,133
1747011874.4273634,17,-9,22
1747011874.4623632,-6,-45,68
1747011874.497363,23,16,130
1747011874.533363,-10,6,92
1747011874.5693634,35,-13,24
1747011874.6043634,107,-19,68
1747011874.6403637,-114,-19,44
1747011874.6823633,50,-23,110
1747011874.7183633,25,9,7
1747011874.7533634,78,26,53
1747011874.7893634,-16,-3,95
1747011874.8253634,-8,22,36
1747011874.8603632,-12,-19,108
1747011874.8963633,31,-27,-30
1747011874.931363,-24,-19,93
1747011874.9663634,21,16,71
1747011875.0013633,-32,50,161
1747011875.0373633,7,0,93
1747011875.0733633,39,-20,143
1747011875.1083634,-44,-36,143
1747011875.1443634,-26,-51,-6
1747011875.1793633,-24,14,147
1747011875.214363,66,19,181
1747011875.2493634,-59,-16,163
1747011875.2853634,7,-57,33
1747011875.3213634,25,84,7
1747011875.3563633,66,-35,89
1747011875.3923633,-75,-33,103
1747011875.4273634,68,20,33
1747011875.4623632,27,-46,-14
1747011875.497363,-30,-96,114
1747011875.533363,-5,-1,93
1747011875.5693634,29,21,75
1747011875.6043634,-29,70,263
1747011875.6403637,-16,13,-8
1747011875.6753633,-30,59,68
1747011875.7103634,-6,26,160
1747011875.7453637,37,-16,16
1747011875.7813632,-33,-26,112
1747011875.8173633,-19,25,28
1747011875.852363,-11,0,26
1747011875.8883634,-37,-14,70
1747011875.9233634,76,-10,48
1747011875.9583633,-32,16,38
1747011875.9933634,47,-57,-3
1747011876.0293634,19,38,36
1747011876.0653634,7,32,84
1747011876.1003633,-72,34,66
1747011876.1363633,-40,-27,58
1747011876.1713634,81,-29,60
1747011876.2063634,15,-57,108
1747011876.2413633,35,64,46
1747011876.2773633,-57,51,60
1747011876.3133633,14,3,66
1747011876.3483634,42,-10,24
1747011876.3843634,-7,33,148
1747011876.4193633,-65,-8,42
1747011876.454363,-7,25,88
1747011876.4903634,-52,-18,-79
1747011876.5253634,4,55,130
1747011876.5613637,-9,61,52
1747011876.5963633,58,93,108
1747011876.632363,50,-46,222
1747011876.6673634,22,-36,-29
1747011876.7023633,-29,-18,44
1747011876.7383633,36,35,164
1747011876.7733634,-83,22,96
1747011876.8093634,61,-40,60
1747011876.8443637,-42,44,-39
1747011876.8803637,21,-50,0
1747011876.9153633,-46,24,36
1747011876.9503634,-46,7,10
1747011876.9863634,-11,32,124
1747011877.0213633,45,40,60
1747011877.0573633,55,22,50
1747011877.0923634,26,-17,20
1747011877.1283634,57,48,6
1747011877.1633637,29,-47,126
1747011877.1983633,-46,37,94
1747011877.2343633,4,-22,34
1747011877.2693634,-87,-46,-57
1747011877.3053634,26,-18,-7
1747011877.3403633,-61,35,62
1747011877.3763633,41,21,-19
1747011877.4113634,-35,5,78
1747011877.4463634,-25,-44,104
1747011877.4823637,6,7,140
1747011877.5173633,4,-30,92
1747011877.553363,-74,16,162
1747011877.5883634,29,70,128
1747011877.6243634,-16,30,80
1747011877.6593633,-68,60,72
1747011877.6943634,-28,-42,214
1747011877.7303634,55,38,32
1747011877.7653637,-28,0,74
1747011877.8013637,-26,-46,70
1747011877.8363633,-26,-10,74
1747011877.872363,43,70,104
1747011877.9073634,-56,-14,20
1747011877.9423633,-95,-34,92
1747011877.9783633,-62,1,34
1747011878.0133634,7,0,146
1747011878.0493634,7,-32,95
1747011878.0843637,29,-80,-76
1747011878.1203637,61,33,63
1747011878.155363,96,25,83
1747011878.1903634,83,-18,91
1747011878.2263634,-40,-64,-28
1747011878.2613633,47,-14,-44
1747011878.2973633,55,-19,127
1747011878.3323634,-22,72,135
1747011878.3683634,-32,14,111
1747011878.4033637,-34,-9,129
1747011878.4383633,58,-54,151
1747011878.474363,-26,-48,193
1747011878.5093634,35,55,-30
1747011878.5453634,-15,23,-138
1747011878.5803633,-73,-34,63
1747011878.6153634,13,-51,111
1747011878.6503634,11,-3,65
1747011878.6863637,-26,16,13
1747011878.7223637,65,-51,129
1747011878.757363,-82,24,237
1747011878.793363,-41,25,115
1747011878.8283634,58,-24,125
1747011878.8633633,15,-41,53
1747011878.8983634,-66,-45,45
1747011878.9343634,25,-17,85
1747011878.9703634,-28,24,113
1747011879.0053637,-6,-19,75
1747011879.0413637,-56,37,195
1747011879.076363,-58,-4,79
1747011879.1113634,-20,-48,81
1747011879.1463633,19,-64,167
1747011879.1823633,-82,-29,47
1747011879.2183633,-56,4,51
1747011879.2533634,-16,-7,179
1747011879.2893634,9,22,27
1747011879.3243637,61,-21,79
1747011879.3593633,-94,40,99
1747011879.3943634,-24,-46,25
1747011879.4303634,-85,70,35
1747011879.4663634,-37,43,173
1747011879.5013633,-83,18,229
1747011879.5373633,-33,-22,13
1747011879.5723634,-17,-44,22
1747011879.6073637,-24,15,124
1747011879.6423633,3,6,67
1747011879.678363,63,14,115
1747011879.714363,-70,-3,115
1747011879.7493634,55,-57,-43
1747011879.7853634,24,13,30
1747011879.8203633,57,19,112
1747011879.8553634,55,-8,20
1747011879.8903637,-45,-61,92
1747011879.9263637,-31,-17,78
1747011879.9623632,10,-43,-111
1747011879.997363,76,-13,70
1747011880.033363,41,-11,-17
1747011880.0683634,-34,-51,126
1747011880.1033633,-46,6,-37
1747011880.1383634,15,0,62
1747011880.1743634,29,52,72
1747011880.2103634,21,27,38
1747011880.2453637,21,80,128
1747011880.2813632,93,38,-33
1747011880.316363,1,-17,66
1747011880.3513634,33,8,108
1747011880.3863633,20,-16,110
1747011880.4223633,55,-14,110
1747011880.4583633,-48,-45,-31
1747011880.4933634,-20,29,94
1747011880.5293634,20,2,78
1747011880.5643632,-72,-31,-93
1747011880.599363,-34,2,90
1747011880.6343634,7,-53,-5
1747011880.6703634,49,-31,126
1747011880.7063634,-14,-25,72
1747011880.7413633,39,29,98
1747011880.7773633,1,-54,-37
1747011880.8123634,-68,27,102
1747011880.8473637,-22,-11,101
1747011880.882363,31,63,30
1747011880.918363,12,34,116
1747011880.954363,72,14,138
1747011880.9893634,-55,122,-19
1747011881.0253634,-14,31,96
1747011881.0603633,65,-10,112
1747011881.0953634,49,-58,60
1747011881.1303637,73,9,84
1747011881.1663637,39,8,94
1747011881.2023633,37,-78,252
1747011881.237363,12,26,82
1747011881.2733634,47,13,120
1747011881.3083634,-80,-60,-37
1747011881.3433633,-46,-4,78
1747011881.3783634,-36,-56,87
1747011881.4143634,27,27,145
1747011881.4503634,63,13,61
1747011881.4853632,-16,-56,69
1747011881.5213633,49,-24,27
1747011881.556363,35,-38,143
1747011881.5913634,41,15,85
1747011881.6273634,0,-46,59
1747011881.6623633,29,61,75
1747011881.6983633,-24,-10,-16
1747011881.7333634,-14,-42,-2
1747011881.7693634,-2,-56,41
1747011881.8043633,15,59,109
1747011881.839363,47,-16,-18
1747011881.875363,49,-4,13
1747011881.9103634,11,9,113
1747011881.9463634,-98,3,79
1747011881.9813633,-52,-94,125
1747011882.0173633,-17,-1,17
1747011882.0523634,-78,113,63
1747011882.0873632,49,12,41
1747011882.1233633,-12,-49,15
1747011882.158363,26,30,99
1747011882.1943634,12,52,59
1747011882.2293634,71,-8,49
1747011882.2653637,-8,-52,131
1747011882.3003633,11,-46,41
1747011882.3353634,-86,45,49
1747011882.3713634,-32,45,65
1747011882.4063632,-42,17,111
1747011882.4423633,21,-31,18
1747011882.477363,32,-136,10
1747011882.5133634,2,1,60
1747011882.5483634,62,-10,149
1747011882.5833633,-17,-2,157
1747011882.6193633,-30,-38,116
1747011882.6543634,39,56,-27
1747011882.6903634,-108,-33,66
1747011882.7253633,-21,-8,6
1747011882.7613633,23,38,112
1747011882.7963634,-8,-11,184
1747011882.8313634,26,42,12
1747011882.8673637,78,-23,186
1747011882.9023633,-37,18,78
1747011882.9383633,-59,-59,50
1747011882.9733634,-35,-85,58
1747011883.0093634,-7,-25,68
1747011883.0443633,40,38,162
1747011883.079363,18,-3,98
1747011883.1153634,35,-21,116
1747011883.1503634,-44,-35,46
1747011883.1873634,43,28,108
1747011883.2223637,-30,14,122
1747011883.2583632,-75,-84,66
1747011883.293363,20,-26,124
1747011883.329363,63,12,16
1747011883.3643634,22,4,94
1747011883.3993633,-37,-21,58
1747011883.4353633,-95,-51,12
1747011883.4703634,-9,-81,134
1747011883.5063634,-80,-69,86
1747011883.5413637,-16,22,84
1747011883.576363,73,-36,76
1747011883.6113634,59,51,30
1747011883.6473634,-34,-26,134
1747011883.6833634,-6,-33,153
1747011883.7183633,53,24,9
1747011883.7543633,6,-15,167
1747011883.7893634,78,-39,101
1747011883.8243637,17,23,-62
1747011883.8593633,-32,-18,25
1747011883.895363,-20,8,43
1747011883.931363,-31,8,65
1747011883.9663634,-55,30,143
1747011884.0023634,58,0,107
1747011884.0373633,18,8,-26
1747011884.0723634,19,-11,95
1747011884.1073637,-31,33,173
1747011884.1433637,-63,-18,157
1747011884.1793633,-33,-26,89
1747011884.214363,60,-36,43
1747011884.250363,-61,-30,99
1747011884.2853634,30,17,91
1747011884.3203633,115,-53,169
1747011884.3553634,-36,-15,125
1747011884.3913634,27,-7,23
1747011884.4273634,18,-66,83
1747011884.4623632,22,-62,17
1747011884.4983633,-84,22,179
1747011884.533363,71,-13,207
1747011884.5683634,-14,0,45
1747011884.6033633,-17,41,109
1747011884.6393633,3,-1,-10
1747011884.6753633,25,44,65
1747011884.7173634,-51,-2,111
1747011884.7543633,-40,37,59
1747011884.7893634,-35,-36,131
1747011884.8243637,46,67,239
1747011884.8593633,16,-27,-41
1747011884.895363,-27,-5,-49
1747011884.931363,-35,2,196
1747011884.9663634,7,11,134
1747011885.0023634,-38,-12,134
1747011885.0373633,19,9,156
1747011885.0723634,39,-10,154
1747011885.1073637,51,-27,116
1747011885.1433637,29,34,138
1747011885.1793633,-76,-63,4
1747011885.214363,7,-33,94
1747011885.250363,91,-33,64
1747011885.2853634,0,-35,114
1747011885.3203633,-2,9,28
1747011885.3553634,-62,-100,20
1747011885.3913634,-16,-8,-83
1747011885.4273634,12,-36,-1
1747011885.4623632,58,-30,116
1747011885.4983633,-13,17,152
1747011885.533363,28,-128,138
1747011885.5683634,102,-8,110
1747011885.6033633,54,21,-75
1747011885.6393633,57,-10,8
1747011885.6753633,-4,15,112
1747011885.7103634,63,-41,136
1747011885.747363,109,-57,6
1747011885.7823634,-52,-20,58
1747011885.8183634,27,-24,40
1747011885.8533633,37,43,62
1747011885.8883634,-80,-91,114
1747011885.9233634,-10,24,34
1747011885.9593637,-94,-39,46
1747011885.9953637,-22,44,158
1747011886.030363,-50,-17,160
1747011886.066363,73,50,64
1747011886.1013634,38,-21,8
1747011886.1363633,-37,34,-29
1747011886.1713634,20,22,174
1747011886.2073634,-47,-79,190
1747011886.2433634,-31,28,36
1747011886.2783637,33,-83,152
1747011886.3143632,-2,-15,180
1747011886.349363,-32,8,112
1747011886.3843634,11,38,66
1747011886.4193633,39,-13,32
1747011886.4553633,-106,-75,86
1747011886.4913633,-55,37,166
1747011886.5263634,-9,-30,-4
1747011886.5623634,-7,-94,78
1747011886.5973637,-46,1,186
1747011886.632363,4,-20,118
1747011886.668363,50,-34,24
1747011886.7033634,4,17,156
1747011886.7393634,-59,-15,40
1747011886.7743633,12,-24,10
1747011886.8103633,-81,12,44
1747011886.8453634,-17,4,74
1747011886.8803637,4,60,70
1747011886.9163637,70,26,124
1747011886.951363,-5,-41,102
1747011886.987363,47,-34,128
1747011887.0223634,21,39,48
1747011887.0583634,25,-36,42
1747011887.0933633,-72,7,114
1747011887.1283634,28,19,138
1747011887.1643634,-6,-35,80
1747011887.1993637,9,-24,24
1747011887.2353632,-6,-28,216
1747011887.270363,81,75,242
1747011887.306363,-10,1,34
1747011887.3413634,7,-48,68
1747011887.3763633,-44,-48,60
1747011887.4123633,25,-8,30
1747011887.4473634,31,-58,94
1747011887.4833634,-5,13,216
1747011887.5183637,44,55,46
1747011887.5543633,-39,1,86
1747011887.589363,56,39,132
1747011887.6243634,-7,43,56
1747011887.6603634,20,-22,-31
1747011887.6953633,-33,-66,126
1747011887.7313633,86,-44,158
1747011887.7663634,-16,-72,120
1747011887.8023634,-2,-16,66
1747011887.8373632,-22,23,88
1747011887.872363,7,49,90
1747011887.908363,-2,25,44
1747011887.9433634,-2,45,74
1747011887.9793634,19,-68,190
1747011888.0143633,117,-30,42
1747011888.0503633,-7,36,46
1747011888.0853634,-11,-33,-91
1747011888.1203637,-29,10,157
1747011888.1563632,-21,-45,85
1747011888.191363,-3,9,15
1747011888.227363,68,-24,60
1747011888.2623634,-7,-36,145
1747011888.2983634,18,-27,41
1747011888.3333633,54,-10,151
1747011888.3683634,-21,7,139
1747011888.4043634,14,-4,51
1747011888.4393632,51,85,47
1747011888.4753633,51,-4,33
1747011888.5113633,-20,-24,69
1747011888.5473633,40,-17,23
1747011888.5823634,39,84,209
1747011888.6173637,15,-8,43
1747011888.6523633,9,75,-34
1747011888.6883633,-74,-24,27
1747011888.724363,-4,2,91
1747011888.7593634,21,-13,-28
1747011888.7953634,-74,-73,119
1747011888.8303633,-57,-5,79
1747011888.8653634,-3,-15,-24
1747011888.9003634,-12,32,39
1747011888.9363637,51,48,53
1747011888.9723637,-87,-1,25
1747011889.007363,14,36,93
1747011889.043363,5,52,221
1747011889.0783634,-36,84,201
1747011889.1133633,-35,-67,21
1747011889.1483634,45,22,11
1747011889.1843634,21,-3,-40
1747011889.2203634,75,-1,49
1747011889.2553637,-54,-5,13
1747011889.2913637,29,34,-8
1747011889.326363,-30,26,193
1747011889.3613634,-46,-15,19
1747011889.3963633,51,13,69
1747011889.4323633,-36,-1,131
1747011889.4683633,-2,34,65
1747011889.5033634,-26,-40,-12
1747011889.5393634,-16,-23,57
1747011889.5743637,-28,-24,85
1747011889.6093633,0,-15,-32
1747011889.6443634,-12,-67,43
1747011889.6803634,-42,-23,41
1747011889.7163634,-64,-27,69
1747011889.7513633,19,88,137
1747011889.7873633,126,27,75
1747011889.8223634,15,16,25
1747011889.8573637,13,-43,-34
1747011889.8923633,59,-55,63
1747011889.928363,-47,-14,-4
1747011889.964363,53,-81,-36
1747011889.9993634,-24,20,35
1747011890.0353634,-50,-17,21
1747011890.0703633,-4,-24,-24
1747011890.1053634,5,3,67
1747011890.1403637,21,6,35
1747011890.1763637,-10,17,71
1747011890.2123632,25,-88,139
1747011890.247363,17,-38,61
1747011890.283363,-24,-36,119
1747011890.3183634,-64,11,-96
1747011890.3533633,17,9,-4
1747011890.3883634,-10,17,179
1747011890.4243634,-70,18,81
1747011890.4603634,-16,-111,63
1747011890.4953637,-26,34,193
1747011890.5313632,5,56,43
1747011890.566363,-70,18,93
1747011890.6013634,39,-75,53
1747011890.6363633,53,18,57
1747011890.6723633,-18,8,-56
1747011890.7083633,-32,8,117
1747011890.7433634,-54,-19,-16
1747011890.7793634,-8,16,34
1747011890.8143632,-24,-27,186
1747011890.849363,41,-77,16
1747011890.8843634,51,8,52
1747011890.9203634,7,-35,30
1747011890.9563634,19,36,4
1747011890.9913633,37,-15,-33
1747011891.0273633,77,18,36
1747011891.0623634,-66,-13,16
1747011891.0973637,33,12,74
1747011891.132363,-32,-73,32
1747011891.168363,-10,-53,-95
1747011891.204363,-14,20,-1
1747011891.2393634,41,-41,125
1747011891.2753634,73,-37,-5
1747011891.3103633,-40,-23,62
1747011891.3453634,69,63,-24
1747011891.3803637,99,47,143
1747011891.4163637,61,43,101
1747011891.4523633,10,104,35
1747011891.487363,-81,-23,72
1747011891.5233634,13,69,100
1747011891.5583634,1,-43,88
1747011891.5933633,-84,-51,34
1747011891.6283634,-40,0,58
1747011891.6643634,5,10,112
1747011891.7003634,-63,-19,-71
1747011891.7353632,-26,-65,84
1747011891.7713633,15,6,64
1747011891.806363,90,55,-54
1747011891.8413634,-25,-56,-9
1747011891.8773634,-27,3,-68
1747011891.9123633,-13,-28,77
1747011891.9483633,36,47,-36
1747011891.9833634,-50,66,45
1747011892.0193634,18,23,9
1747011892.0543633,-5,83,73
1747011892.089363,2,-16,79
1747011892.125363,35,-1,109
1747011892.1603634,-38,-61,125
1747011892.1963634,61,-7,17
1747011892.2313633,-42,25,161
1747011892.2673633,-60,-69,79
1747011892.3023634,57,64,45
1747011892.3373632,-26,-97,61
1747011892.3733633,-30,-11,135
1747011892.408363,-10,-13,123
1747011892.4443634,69,-33,157
1747011892.4793634,-36,-5,19
1747011892.5153637,-4,-39,61
1747011892.5503633,1,-33,67
1747011892.5853634,3,42,27
1747011892.6213634,12,-65,45
1747011892.6563632,20,-23,5
1747011892.6923633,-35,48,13
1747011892.727363,21,8,171
1747011892.7633634,-88,30,89
1747011892.7983634,-10,-33,111
1747011892.8333633,-16,-30,11
1747011892.8693633,54,-29,17
1747011892.9043634,-11,-27,33
1747011892.9403634,14,-43,27
1747011892.9753633,33,26,59
1747011893.0113633,73,27,13
1747011893.0463634,-78,-62,99
1747011893.0813634,-29,0,93
1747011893.1173637,-38,0,51
1747011893.1523633,-7,30,37
1747011893.1883633,-7,-79,93
1747011893.2233634,-63,38,79
1747011893.2593634,75,-51,-42
1747011893.2943633,-83,9,113
1747011893.329363,40,-100,113
1747011893.3653634,64,-40,117
1747011893.4003634,48,1,137
1747011893.4363637,-53,-69,63
1747011893.4713633,28,18,7
1747011893.507363,-19,13,81
1747011893.5423634,26,1,49
1747011893.5773633,38,27,157
1747011893.6133633,33,33,163
1747011893.6483634,-8,38,91
1747011893.6843634,-27,-98,77
1747011893.7193637,22,-12,95
1747011893.7543633,-83,-48,35
1747011893.7893634,-36,-86,165
1747011893.8253634,-4,-16,287
1747011893.8613634,12,-40,10
1747011893.8963633,-70,-44,114
1747011893.9323633,36,-10,93
1747011893.9673634,-53,131,-30
1747011894.0023634,-53,33,63
1747011894.0373633,86,-28,29
1747011894.0733633,36,5,81
1747011894.1093633,51,49,35
1747011894.1443634,32,-18,99
1747011894.1803634,6,-26,111
1747011894.2153633,60,-62,125
1747011894.250363,-99,-30,135
1747011894.2853634,-51,15,-4
1747011894.3213634,-36,-21,83
1747011894.3573637,-13,87,-56
1747011894.3923633,-33,3,109
1747011894.428363,-25,41,107
1747011894.4633634,17,-35,191
1747011894.4983633,-58,6,160
1747011894.533363,-54,20,69
1747011894.5693634,-20,55,106
1747011894.6053634,-66,15,5
1747011894.6403637,-3,-39,129
1747011894.6763637,-10,36,16
1747011894.7183633,37,48,42
1747011894.7543633,-92,-13,-31
1747011894.7893634,-8,-5,80
1747011894.8253634,61,22,30
1747011894.8613634,55,-25,144
1747011894.8963633,11,12,52
1747011894.9323633,-9,105,-15
1747011894.9673634,-10,-1,104
1747011895.0023634,-23,17,78
1747011895.0373633,23,64,78
1747011895.0733633,-13,-30,136
1747011895.1093633,-34,26,-23
1747011895.1443634,41,-13,68
1747011895.1803634,-64,-39,29
1747011895.2153633,37,42,119
1747011895.250363,49,-91,85
1747011895.2853634,39,-49,73
1747011895.3213634,59,-15,144
1747011895.3573637,-124,34,118
1747011895.3923633,15,-5,39
1747011895.428363,7,12,93
1747011895.4633634,-32,45,23
1747011895.4983633,21,14,134
1747011895.533363,9,-43,73
1747011895.5693634,111,36,13
1747011895.6053634,3,38,31
1747011895.6403637,-8,-68,49
1747011895.6763637,-24,21,-6
1747011895.7113633,100,23,95
1747011895.7463634,36,0,145
1747011895.7813632,78,-35,-25
1747011895.8173633,2,2,116
1747011895.8533633,-25,-27,68
1747011895.8883634,14,42,142
1747011895.9243634,-7,-11,86
1747011895.9593637,-41,68,84
1747011895.9943633,64,36,34
1747011896.0293634,74,8,14
1747011896.0653634,24,4,-3
1747011896.1013634,27,-44,40
1747011896.1363633,13,-12,77
1747011896.1723633,23,-70,175
1747011896.2073634,-36,19,11
1747011896.2423637,-24,25,181
1747011896.2773633,-86,-12,139
1747011896.3133633,-46,-30,15
1747011896.349363,-13,-15,23
1747011896.3843634,-35,-57,67
1747011896.4203634,6,16,159
1747011896.4553633,12,-7,87
1747011896.4903634,52,12,59
1747011896.5253634,67,72,89
1747011896.5613637,-1,-3,155
1747011896.5973637,27,-36,-122
1747011896.632363,-19,-11,-38
1747011896.668363,2,-35,183
1747011896.7033634,-67,-19,109
1747011896.7383633,-95,-9,53
1747011896.7733634,-47,18,43
1747011896.8093634,-29,34,3
1747011896.8453634,-73,14,155
1747011896.8803637,4,-9,0
1747011896.9163637,-60,-60,43
1747011896.951363,16,-41,13
1747011896.9863634,19,29,17
1747011897.0223634,-24,60,61
1747011897.0573633,31,82,121
1747011897.0933633,-40,57,147
1747011897.1283634,1,25,99
1747011897.1643634,-2,-36,77
1747011897.1993637,38,-18,131
1747011897.2343633,-12,-57,55
1747011897.270363,31,21,63
1747011897.3053634,15,44,86
1747011897.3413634,52,34,-13
1747011897.3763633,-32,2,84
1747011897.4123633,-4,-14,76
1747011897.4473634,-12,-2,8
1747011897.4823637,67,-49,45
1747011897.5183637,51,-51,14
1747011897.553363,-2,-50,40
1747011897.589363,31,17,80
1747011897.6243634,-28,33,28
1747011897.6603634,-32,-21,0
1747011897.6953633,-27,64,4
1747011897.7303634,112,-21,48
1747011897.7663634,-23,-13,34
1747011897.8013637,-5,26,46
1747011897.8373632,-109,58,64
1747011897.872363,54,42,34
1747011897.908363,71,-15,-27
1747011897.9433634,15,10,104
1747011897.9783633,-22,22,179
1747011898.0143633,43,-7,93
1747011898.0493634,34,32,-24
1747011898.0853634,67,-39,75
1747011898.1203637,-43,-84,99
1747011898.1563632,-108,52,-16
1747011898.191363,5,-11,-56
1747011898.2263634,-13,-25,46
1747011898.2623634,-20,-41,-5
1747011898.2973633,-54,44,11
1747011898.3333633,-10,-17,45
1747011898.3683634,17,-55,65
1747011898.4043634,3,-71,55
1747011898.4393632,0,4,129
1747011898.474363,25,-16,81
1747011898.510363,-145,28,58
1747011898.5453634,21,79,-81
1747011898.5813634,-10,35,2
1747011898.6163633,0,-43,56
1747011898.6523633,-58,-15,58
1747011898.6883633,69,48,-3
1747011898.7233634,36,46,110
1747011898.7583632,-18,-18,122
1747011898.7943633,-4,-16,162
1747011898.8303633,0,13,76
1747011898.8653634,-14,-19,44
1747011898.9013634,-64,-37,52
1747011898.9363637,-34,-31,8
1747011898.9713633,-36,10,118
1747011899.0063634,23,10,94
1747011899.0423634,121,33,98
1747011899.0783634,31,36,226
1747011899.1133633,-15,81,52
1747011899.1493633,-34,-3,186
1747011899.1843634,-73,-62,18
1747011899.2193637,-40,18,138
1747011899.2543633,45,-29,58
1747011899.2903633,-16,-15,106
1747011899.326363,-74,2,82
1747011899.3613634,-40,76,-81
1747011899.3973634,0,-11,-13
1747011899.4323633,-52,26,112
1747011899.4673634,-4,30,32
1747011899.5023634,65,-23,102
1747011899.5383637,13,76,68
1747011899.5743637,-58,44,24
1747011899.6093633,-22,-11,-77
1747011899.645363,-38,-3,68
1747011899.6803634,-4,-31,-51
1747011899.7153633,-34,14,124
1747011899.750363,27,34,178
1747011899.7863634,11,-49,146
1747011899.8223634,-12,-25,84
1747011899.8573637,-76,6,26
1747011899.8933637,-20,-15,18
1747011899.928363,47,-45,126
1747011899.9633634,7,65,-21
1747011899.9983633,20,-15,-15
1747011900.0343633,0,-24,14
1747011900.0703633,-15,4,90
1747011900.1053634,-5,-10,4
1747011900.1413634,68,55,126
1747011900.1763637,-3,-12,136
1747011900.2113633,-13,20,48
1747011900.2463634,-21,24,42
1747011900.2823634,-13,68,12
1747011900.3183634,-59,-24,118
1747011900.3533633,-5,19,120
1747011900.3893633,-28,15,42
1747011900.4243634,-40,15,8
1747011900.4593637,33,23,48
1747011900.4943633,-39,21,-14
1747011900.530363,12,-14,113
1747011900.566363,9,-76,149
1747011900.6013634,86,-35,187
1747011900.6373634,6,40,-34
1747011900.6723633,26,10,75
1747011900.7073634,-53,-29,-44
1747011900.7423637,7,-38,-12
1747011900.7783637,9,67,81
1747011900.8143632,-40,-60,109
1747011900.849363,-50,-22,93
1747011900.885363,67,37,91
1747011900.9203634,-34,43,-6
1747011900.9553633,79,-12,59
1747011900.9903634,25,53,195
1747011901.0263634,-10,-14,101
1747011901.0623634,63,-2,87
1747011901.0973637,-46,-6,-6
1747011901.1333632,-2,29,43
1747011901.168363,-110,63,65
1747011901.2033634,-16,-22,57
1747011901.2383633,-27,40,-30
1747011901.2743633,-1,-2,49
1747011901.3103633,35,-11,97
1747011901.3453634,-27,73,89
1747011901.3813634,-49,33,55
1747011901.4163637,38,-56,-18
1747011901.451363,-45,-62,5
1747011901.4863634,34,23,141
1747011901.5223634,-63,25,87
1747011901.5583634,-55,1,77
1747011901.5933633,56,10,57
1747011901.6293633,-71,-3,149
1747011901.6643634,-30,-33,-30
1747011901.6993637,43,-18,49
1747011901.7343633,2,-74,139
1747011901.770363,-4,-42,-22
1747011901.806363,-85,-34,62
1747011901.8413634,14,-22,162
1747011901.8773634,-75,43,-61
1747011901.9123633,-51,-61,82
1747011901.9473634,76,8,238
1747011901.9833634,-15,26,64
1747011902.0183637,-53,-11,64
1747011902.0543633,19,-5,98
1747011902.089363,35,-7,116
1747011902.125363,-92,-109,160
1747011902.1603634,49,22,118
1747011902.1953633,-54,8,14
1747011902.2313633,57,-27,-25
1747011902.2663634,-70,-15,20
1747011902.3023634,116,48,88
1747011902.3373632,15,58,60
1747011902.3733633,-16,16,106
1747011902.408363,-26,-57,-17
1747011902.4433634,-124,-21,38
1747011902.4793634,-22,39,116
1747011902.5143633,51,24,24
1747011902.5503633,-47,22,-39
1747011902.5853634,50,-55,16
1747011902.6213634,18,-1,2
1747011902.6563632,48,-19,90
1747011902.691363,-15,-33,100
1747011902.727363,41,87,142
1747011902.7623634,-4,9,24
1747011902.7983634,-59,-51,-13
1747011902.8333633,-21,0,77
1747011902.8693633,-5,-39,106
1747011902.9043634,-25,26,94
1747011902.9393632,-5,-19,86
1747011902.9753633,10,74,144
1747011903.010363,-69,-32,-42
1747011903.0463634,76,-22,5
1747011903.0813634,-73,56,-30
1747011903.1173637,18,-62,111
1747011903.1523633,54,-40,153
1747011903.1873634,14,53,63
1747011903.2233634,14,34,137
1747011903.2583632,-51,55,149
1747011903.2943633,-40,-44,29
1747011903.329363,33,60,167
1747011903.3643634,59,38,32
1747011903.3993633,7,-7,33
1747011903.4353633,-16,-21,199
1747011903.4713633,12,-25,24
1747011903.5063634,30,20,78
1747011903.5423634,-83,-17,46
1747011903.5773633,-37,-25,80
1747011903.6133633,-2,22,92
1747011903.6483634,73,-87,-8
1747011903.6833634,21,24,95
1747011903.7193637,6,-6,157
1747011903.7543633,-52,-65,-30
1747011903.7903633,-46,14,77
1747011903.8253634,-2,-45,-36
1747011903.8603632,-32,26,76
1747011903.895363,-18,-15,40
1747011903.931363,13,56,56
1747011903.9673634,-26,36,112
1747011904.0023634,-94,-9,93
1747011904.0383637,-78,18,139
1747011904.0733633,-6,22,139
1747011904.1083634,57,19,209
1747011904.1433637,1,-56,57
1747011904.1793633,81,22,35
1747011904.2153633,-64,-45,106
1747011904.250363,21,-9,103
1747011904.2863634,-58,-95,154
1747011904.3213634,-110,6,-11
1747011904.3563633,61,-51,224
1747011904.3913634,9,8,-9
1747011904.4273634,45,18,14
1747011904.4633634,-76,25,10
1747011904.4983633,17,19,78
1747011904.5343633,-87,30,118
1747011904.5693634,-35,-87,-5
1747011904.6043634,18,11,76
1747011904.6393633,-18,18,38
1747011904.6753633,-161,7,-41
1747011904.7113633,-26,-17,-1
1747011904.7533634,27,52,100
1747011904.7903633,41,-37,42
1747011904.8253634,-47,10,118
1747011904.8603632,27,-74,96
1747011904.895363,-32,-109,108
1747011904.931363,83,26,50
1747011904.9673634,-66,42,50
1747011905.0023634,35,0,148
1747011905.0383637,17,-69,58
1747011905.0733633,-52,23,112
1747011905.1083634,-70,-14,116
1747011905.1433637,1,-50,16
1747011905.1793633,-8,2,70
1747011905.2153633,-16,52,12
1747011905.250363,-88,-7,-1
1747011905.2863634,-57,-43,88
1747011905.3213634,-22,57,22
1747011905.3563633,39,29,60
1747011905.3913634,-106,-27,134
1747011905.4273634,81,52,66
1747011905.4633634,35,-45,146
1747011905.4983633,-32,-6,126
1747011905.5343633,-34,19,104
1747011905.5693634,-100,-4,148
1747011905.6043634,93,75,26
1747011905.6393633,-12,-10,62
1747011905.6753633,13,33,-5
1747011905.7113633,53,3,70
1747011905.7463634,0,-34,8
1747011905.7823634,81,27,-5
1747011905.8173633,-66,-48,-51
1747011905.852363,48,-21,58
1747011905.8873634,35,-49,76
1747011905.9233634,28,-18,58
1747011905.9593637,29,54,22
1747011905.9943633,-62,18,82
1747011906.030363,7,42,114
1747011906.0653634,-10,13,-13
1747011906.1003633,12,10,-1
1747011906.135363,55,-2,108
1747011906.1713634,70,-62,-69
1747011906.2073634,11,43,-3
1747011906.2423637,9,-12,131
1747011906.2783637,-3,46,-5
1747011906.3133633,-37,-23,38
1747011906.3483634,82,-15,22
1747011906.3833632,32,26,224
1747011906.4193633,-39,-27,18
1747011906.4553633,9,22,76
1747011906.4903634,32,0,30
1747011906.5263634,31,14,114
1747011906.5613637,-30,-69,96
1747011906.5963633,18,-3,86
1747011906.6313634,1,2,-21
1747011906.6673634,35,16,172
1747011906.7033634,59,-27,124
1747011906.7383633,128,20,12
1747011906.7743633,-21,8,18
1747011906.8093634,76,26,116
1747011906.8443637,-3,64,53
1747011906.8793633,-54,-45,-24
1747011906.9153633,2,56,77
1747011906.951363,-3,56,21
1747011906.9863634,4,-37,67
1747011907.0223634,-29,12,117
1747011907.0573633,43,-103,182
1747011907.0923634,-44,2,111
1747011907.1283634,17,-25,177
1747011907.1633637,-16,-14,63
1747011907.1993637,-66,-39,14
1747011907.2343633,43,0,40
1747011907.270363,47,-41,-97
1747011907.3053634,65,53,42
1747011907.3403633,11,-2,144
1747011907.3763633,37,47,24
1747011907.4113634,-14,81,58
1747011907.4473634,23,-88,122
1747011907.4823637,-78,38,134
1747011907.5183637,63,7,146
1747011907.553363,-35,-8,126
1747011907.5883634,9,11,26
1747011907.6243634,93,-37,86
1747011907.6593633,-10,24,10
1747011907.6953633,7,25,40
1747011907.7303634,57,64,86
1747011907.7663634,-48,-51,128
1747011907.8013637,11,-45,50
1747011907.8363633,43,-17,90
1747011907.872363,-2,36,152
1747011907.9073634,-32,-59,-39
1747011907.9433634,47,-11,140
1747011907.9783633,11,-17,10
1747011908.0143633,-63,26,20
1747011908.0493634,30,26,106
1747011908.0843637,85,-85,108
1747011908.1203637,-44,90,46
1747011908.155363,59,-31,-143
1747011908.191363,31,-52,104
1747011908.2263634,-38,-12,2
1747011908.2623634,-33,-110,160
1747011908.2973633,28,48,130
1747011908.3323634,18,26,74
1747011908.3683634,-3,-31,182
1747011908.4033637,-45,-49,132
1747011908.4393632,-49,-17,132
1747011908.474363,-15,-7,70
1747011908.510363,-10,76,8
1747011908.5453634,1,-58,-75
1747011908.5803633,-32,-35,38
1747011908.6163633,9,-23,118
1747011908.6513634,-12,58,36
1747011908.6873634,21,14,2
1747011908.7223637,39,-5,86
1747011908.7583632,19,44,198
1747011908.793363,49,-39,148
1747011908.8283634,49,-41,-67
1747011908.8643634,45,-69,88
1747011908.8993633,-26,-93,17
1747011908.9353633,-14,20,125
1747011908.9703634,29,10,77
1747011909.0053637,-44,-17,51
1747011909.0403633,29,-31,11
1747011909.076363,31,-1,53
1747011909.112363,-30,2,59
1747011909.1473634,-124,-11,145
1747011909.1833634,-4,10,25
1747011909.2183633,-38,-1,113
1747011909.2533634,13,106,85
1747011909.2883637,45,-39,-56
1747011909.3243637,9,-49,37
1747011909.3603632,27,50,69
1747011909.395363,63,-47,9
1747011909.431363,1,0,19
1747011909.4663634,-34,45,-34
1747011909.5013633,81,-62,135
1747011909.5363634,47,19,193
1747011909.5723634,24,-38,43
1747011909.6083634,0,-25,-38
1747011909.6433637,2,19,75
1747011909.6793633,1,90,75
1747011909.714363,42,-16,119
1747011909.7493634,10,39,179
1747011909.7843633,44,-16,175
1747011909.8203633,30,-20,135
1747011909.8563633,44,-22,93
1747011909.8913634,-10,-13,-78
1747011909.9273634,43,0,23
1747011909.9623632,5,-19,69
1747011909.997363,-64,-45,119
1747011910.0323634,49,-9,89
1747011910.0683634,-23,15,77
1747011910.1043634,44,3,69
1747011910.1393633,90,-84,69
1747011910.1753633,6,-30,5
1747011910.2103634,-46,47,161
1747011910.2453637,-52,-13,149
1747011910.280363,-12,-8,-40
1747011910.316363,1,-4,45
1747011910.352363,7,25,103
1747011910.3873634,-22,-14,-76
1747011910.4233634,13,-36,3
1747011910.4583633,-14,8,153
1747011910.4933634,-34,79,-57
1747011910.5283637,9,-20,119
1747011910.5643632,-24,17,-42
1747011910.6003633,7,39,5
1747011910.635363,9,78,118
1747011910.6713634,37,19,-7
1747011910.7063634,6,-22,69
1747011910.7413633,-11,-16,135
1747011910.7763634,-51,-98,-52
1747011910.8123634,50,-2,182
1747011910.8483634,4,-20,86
1747011910.8833632,-10,-6,90
1747011910.9193633,-33,19,48
1747011910.954363,-5,-52,68
1747011910.9893634,-15,-10,22
1747011911.0243633,18,-56,12
1747011911.0603633,14,21,206
1747011911.0963633,48,47,-27
1747011911.1313634,18,-20,28
1747011911.1673634,-13,19,-3
1747011911.2023633,4,-10,26
1747011911.237363,64,-4,6
1747011911.2723634,-25,17,136
1747011911.3083634,68,13,124
1747011911.3443637,-21,-66,158
1747011911.3793633,11,1,108
1747011911.4153633,-38,-24,272
1747011911.4503634,27,3,96
1747011911.4853632,-44,-81,26
1747011911.520363,-30,-5,80
1747011911.556363,9,-85,42
1747011911.5923634,-58,-13,176
1747011911.6273634,93,13,10
1747011911.6633637,-18,9,88
1747011911.6983633,14,-3,50
1747011911.7333634,-38,1,188
1747011911.7683637,25,-72,232
1747011911.8043633,31,29,-49
1747011911.8403633,69,-42,22
1747011911.875363,-56,29,-3
1747011911.9113634,-1,-88,120
1747011911.9463634,71,-50,26
1747011911.9813633,51,55,176
1747011912.0163634,2,13,40
1747011912.0523634,-29,33,62
1747011912.0883634,-106,-20,40
1747011912.1233633,29,-12,102
1747011912.1593633,-25,25,72
1747011912.1943634,-4,2,84
1747011912.2293634,1,-25,110
1747011912.2653637,7,30,26
1747011912.3003633,43,4,6
1747011912.3363633,37,10,130
1747011912.3713634,0,36,8
1747011912.4073634,-44,30,4
1747011912.4423633,37,6,80
1747011912.477363,-52,-9,116
1747011912.5133634,61,90,48
1747011912.5483634,55,42,144
1747011912.5843637,31,-45,38
1747011912.6193633,33,80,106
1747011912.655363,55,78,90
1747011912.6903634,7,-19,20
1747011912.7253633,-20,47,96
1747011912.7613633,-30,-31,54
1747011912.7963634,-38,-51,88
1747011912.8323634,-38,16,18
1747011912.8673637,-10,-19,28
1747011912.9033637,-8,-15,58
1747011912.9383633,13,48,98
1747011912.9733634,-74,-53,74
1747011913.0093634,-32,-67,50
1747011913.0443633,52,11,-23
1747011913.0803633,26,-18,-3
1747011913.1153634,12,-76,-19
1747011913.1513634,-1,-14,87
1747011913.1863637,45,18,-28
1747011913.2213633,-16,-23,111
1747011913.257363,83,11,107
1747011913.2923634,13,42,71
1747011913.3283634,-42,-23,25
1747011913.3633633,-16,1,229
1747011913.3993633,-15,57,15
1747011913.4343634,7,63,77
1747011913.4693637,43,-32,157
1747011913.5053637,9,63,-20
1747011913.5403633,-108,-8,111
1747011913.576363,11,-44,139
1747011913.6113634,-46,27,87
1747011913.6473634,28,52,225
1747011913.6823633,-26,3,-24
1747011913.7173634,31,11,177
1747011913.7533634,35,7,61
1747011913.7883637,24,-22,91
1747011913.8243637,-58,-58,25
1747011913.8593633,53,47,99
1747011913.895363,-18,7,154
1747011913.9303634,15,71,-7
1747011913.9653633,-46,83,122
1747011914.0013633,-34,-8,34
1747011914.0363634,8,11,160
1747011914.0723634,22,72,8
1747011914.1073637,33,-18,84
1747011914.1423633,10,41,170
1747011914.1773634,51,11,40
1747011914.2133634,35,49,54
1747011914.2493634,-28,-60,52
1747011914.2843633,59,9,50
1747011914.3203633,83,-28,84
1747011914.3553634,83,-60,76
1747011914.3903637,19,-22,96
1747011914.4253633,53,48,176
1747011914.4613633,15,-17,75
1747011914.497363,-20,-17,144
1747011914.5323634,-10,8,146
1747011914.5683634,63,-55,92
1747011914.6033633,-48,39,124
1747011914.6383634,-71,10,64
1747011914.6733634,-2,-1,-63
1747011914.7093637,-20,58,66
1747011914.7453637,75,-15,-12
1747011914.7873633,29,62,117
1747011914.8243637,9,78,73
1747011914.8593633,0,-9,-54
1747011914.8943634,-66,94,125
1747011914.9293633,-2,-3,65
1747011914.9653633,9,-63,3
1747011915.0013633,27,-107,61
1747011915.0363634,23,60,-92
1747011915.0723634,1,-7,57
1747011915.1073637,63,32,67
1747011915.1423633,-2,22,73
1747011915.1773634,-8,0,-2
1747011915.2133634,1,-29,187
1747011915.2493634,13,4,35
1747011915.2843633,3,24,81
1747011915.3203633,-4,124,159
1747011915.3553634,-46,-21,85
1747011915.3903637,-24,19,0
1747011915.4253633,-2,34,105
1747011915.4613633,-10,-11,65
1747011915.497363,43,18,-52
1747011915.5323634,33,72,125
1747011915.5683634,-82,-11,67
1747011915.6033633,55,8,7
1747011915.6383634,-28,66,81
1747011915.6733634,29,-77,11
1747011915.7093637,-58,62,37
1747011915.7453637,27,-7,121
1747011915.780363,-62,-47,47
1747011915.816363,-6,-6,109
1747011915.8513634,-94,36,126
1747011915.8863633,80,5,-53
1747011915.9213634,33,52,68
1747011915.9573634,7,-31,8
1747011915.9933634,32,-94,108
1747011916.0283637,-9,35,124
1747011916.0643632,-31,-24,62
1747011916.099363,-25,-90,126
1747011916.1343634,18,53,58
1747011916.1693633,52,33,180
1747011916.2053633,-3,71,18
1747011916.2413633,97,-49,74
1747011916.2763634,-12,-39,80
1747011916.3123634,-88,-25,112
1747011916.3473637,-64,-7,154
1747011916.382363,58,2,68
1747011916.4173634,23,-79,24
1747011916.4533634,89,55,79
1747011916.4893634,-12,10,39
1747011916.5243633,52,-34,85
1747011916.5603633,0,-12,101
1747011916.5953634,-9,-38,163
1747011916.6303637,2,17,-56
1747011916.6653633,-37,-80,71
1747011916.701363,74,23,185
1747011916.737363,-16,-99,137
1747011916.7723634,-96,-29,-50
1747011916.8083634,29,8,53
1747011916.8433633,0,-13,67
1747011916.8783634,49,86,195
1747011916.9133637,40,39,81
1747011916.9493637,-25,41,155
1747011916.9853632,38,25,83
1747011917.020363,76,-42,163
1747011917.056363,-32,36,27
1747011917.0913634,18,-12,39
1747011917.1263633,57,0,91
1747011917.1613634,-28,-48,21
1747011917.1973634,55,41,111
1747011917.2333634,-37,-12,73
1747011917.2683637,-8,-96,141
1747011917.3043633,-5,-14,189
1747011917.339363,-37,53,103
1747011917.3743634,28,-62,53
1747011917.4103634,-3,29,29
1747011917.4453633,-41,-42,9
1747011917.4813633,-113,13,139
1747011917.5163634,-7,1,59
1747011917.5523634,80,-12,71
1747011917.5873632,-29,-20,94
1747011917.622363,-8,34,24
1747011917.658363,-15,53,88
1747011917.6933634,-21,0,204
1747011917.7293634,30,-3,13
1747011917.7643633,-5,46,114
1747011917.8003633,-17,4,58
1747011917.8353634,22,30,60
1747011917.8703637,33,40,57
1747011917.9063632,17,-4,98
1747011917.941363,-9,-7,176
1747011917.977363,-2,6,92
1747011918.0123634,-3,38,106
1747011918.0483634,-45,6,126
1747011918.0833633,14,36,110
1747011918.1183634,-25,14,98
1747011918.1543634,53,6,6
1747011918.1893632,-19,-21,126
1747011918.2253633,117,36,12
1747011918.260363,32,-13,70
1747011918.2963634,81,2,102
1747011918.3313634,-30,62,122
1747011918.3663633,57,10,126
1747011918.4023633,-88,-29,108
1747011918.4373634,-50,-5,48
1747011918.4733634,-66,12,68
1747011918.5083632,63,-29,54
1747011918.5443633,-46,-33,138
1747011918.579363,49,-39,136
1747011918.6143634,35,-19,166
1747011918.6503634,27,30,164
1747011918.6853633,-62,-11,-11
1747011918.7213633,47,-19,72
1747011918.7563634,44,155,82
1747011918.7923634,-29,29,68
1747011918.8273633,26,-18,134
1747011918.862363,20,-14,64
1747011918.8983634,-47,53,100
1747011918.9333634,28,-44,78
1747011918.9693637,-5,55,36
1747011919.0043633,14,-25,-3
1747011919.0403633,10,-2,48
1747011919.076363,11,-23,174
1747011919.112363,-70,4,96
1747011919.1483634,28,-82,110
1747011919.1833634,92,94,46
1747011919.2183633,1,-16,112
1747011919.2543633,26,14,158
1747011919.2903633,10,37,158
1747011919.3253634,14,11,-15
1747011919.3613634,-53,-102,60
1747011919.3963633,-85,41,-1
1747011919.431363,55,-71,114
1747011919.4663634,-2,20,22
1747011919.5023634,22,30,52
1747011919.5383637,-143,-35,97
1747011919.5733633,18,34,159
1747011919.6093633,17,-50,127
1747011919.6443634,5,-28,-2
1747011919.6793633,45,75,98
1747011919.714363,17,56,20
1747011919.750363,-8,10,38
1747011919.7863634,-28,-3,90
1747011919.8213634,11,-29,26
1747011919.8573637,-54,-32,18
1747011919.8923633,-10,-24,44
1747011919.9273634,-44,17,112
1747011919.9623632,-14,-85,184
1747011919.9983633,-41,9,44
1747011920.0343633,6,-68,8
1747011920.0693634,51,44,117
1747011920.1053634,7,-59,13
1747011920.1403637,-28,34,-58
1747011920.1753633,43,48,179
1747011920.2103634,15,20,-10
1747011920.2463634,5,-11,-2
1747011920.2823634,10,-46,99
1747011920.3173633,-5,39,39
1747011920.3533633,-43,-21,71
1747011920.3883634,17,-42,-52
1747011920.4233634,3,-20,67
1747011920.4583633,-6,9,67
1747011920.4943633,93,-2,65
1747011920.530363,49,-32,25
1747011920.5653634,-74,3,-36
1747011920.6013634,21,23,35
1747011920.6363633,24,-1,71
1747011920.6713634,-58,-26,97
1747011920.7063634,-48,11,-44
1747011920.7423637,41,-60,203
1747011920.7783637,7,59,-24
1747011920.8133633,30,49,158
1747011920.849363,24,-42,106
1747011920.8843634,-65,0,136
1747011920.9193633,-37,83,67
1747011920.954363,-47,27,57
1747011920.9903634,31,-34,134
1747011921.0263634,-73,-48,-37
1747011921.0613637,70,-18,56
1747011921.0973637,-70,50,72
1747011921.132363,-42,26,82
1747011921.1673634,-68,53,54
1747011921.2023633,-6,18,64
1747011921.2383633,5,20,90
1747011921.2743633,-76,31,150
1747011921.3093634,0,-35,101
1747011921.3453634,-20,-46,60
1747011921.3803637,-24,25,163
1747011921.4153633,43,49,107
1747011921.4503634,-52,-50,75
1747011921.4863634,109,11,55
1747011921.5223634,13,9,-36
1747011921.5573633,-42,23,11
1747011921.5933633,-56,21,25
1747011921.6283634,33,1,68
1747011921.6633637,-20,-6,82
1747011921.6983633,28,-45,54
1747011921.7343633,-85,62,122
1747011921.770363,85,35,-21
1747011921.8053634,9,21,96
1747011921.8413634,-48,0,154
1747011921.8763633,-30,39,7
1747011921.9113634,15,-18,149
1747011921.9463634,-25,14,-56
1747011921.9823637,0,-22,5
1747011922.0183637,3,-4,125
1747011922.053363,-10,25,79
1747011922.089363,-22,-52,151
1747011922.1243634,21,-48,0
1747011922.1593633,-56,37,161
1747011922.1943634,15,-14,91
1747011922.2303634,46,-34,75
1747011922.2663634,-27,29,-48
1747011922.3013637,32,-10,71
1747011922.3373632,15,31,23
1747011922.372363,-38,-22,-126
1747011922.4073634,49,-6,107
1747011922.4433634,-24,-8,85
1747011922.4783633,-9,-14,89
1747011922.5143633,18,-28,-32
1747011922.5493634,2,-102,101
1747011922.5853634,84,-22,75
1747011922.6203637,-34,-43,139
1747011922.655363,39,46,135
1747011922.691363,35,-77,-66
1747011922.7263634,-8,-19,113
1747011922.7623634,81,-33,83
1747011922.7973633,-34,4,28
1747011922.8333633,1,-3,70
1747011922.8683634,-43,28,56
1747011922.9033637,-80,42,124
1747011922.9393632,43,52,-21
1747011922.974363,61,12,18
1747011923.010363,85,33,174
1747011923.0453634,-38,7,58
1747011923.0813634,-90,63,96
1747011923.1163633,-84,9,56
1747011923.1513634,27,-14,64
1747011923.1873634,-28,-72,26
1747011923.2223637,49,40,66
1747011923.2583632,-22,12,36
1747011923.293363,63,-2,28
1747011923.329363,97,17,114
1747011923.3643634,17,-38,-15
1747011923.3993633,46,9,102
1747011923.4353633,28,-28,100
1747011923.4703634,-9,89,100
1747011923.5063634,-15,45,8
1747011923.5413637,43,9,0
1747011923.5773633,-36,17,98
1747011923.612363,11,77,46
1747011923.6473634,33,-40,134
1747011923.6833634,8,-72,206
1747011923.7183633,16,-28,202
1747011923.7543633,19,-64,126
1747011923.7893634,-42,37,22
1747011923.8253634,-40,-6,78
1747011923.8603632,9,-73,-57
1747011923.895363,3,-39,90
1747011923.931363,13,4,40
1747011923.9663634,55,-1,70
1747011924.0023634,-48,-86,-27
1747011924.0373633,-12,24,122
1747011924.0733633,51,24,113
1747011924.1093633,-4,17,67
1747011924.145363,-14,-1,137
1747011924.1803634,31,26,21
1747011924.2153633,31,-28,64
1747011924.2513633,-100,12,113
1747011924.2863634,-14,-69,103
1747011924.3223634,43,10,112
1747011924.3573637,13,8,72
1747011924.3923633,7,-98,74
1747011924.4273634,-34,87,-59
1747011924.4633634,86,9,190
1747011924.4993634,-4,-9,96
1747011924.5343633,126,9,85
1747011924.5703633,20,-8,93
1747011924.6053634,-64,60,0
1747011924.6403637,65,24,53
1747011924.6753633,-62,14,-10
1747011924.7113633,0,-11,0
1747011924.747363,29,36,-24
1747011924.7893634,-36,0,-64
1747011924.826363,-22,-85,73
1747011924.8613634,33,12,-4
1747011924.8963633,5,40,-22
1747011924.931363,11,-40,-92
1747011924.9673634,-70,-34,65
1747011925.0033634,59,-22,-2
1747011925.0383637,103,-12,19
1747011925.0743637,19,-58,63
1747011925.1093633,-62,33,-54
1747011925.1443634,45,41,103
1747011925.1793633,-16,78,11
1747011925.2153633,51,-29,89
1747011925.2513633,-40,-31,103
1747011925.2863634,-58,-19,81
1747011925.3223634,-42,-77,125
1747011925.3573637,33,-3,107
1747011925.3923633,59,38,119
1747011925.4273634,26,-41,163
1747011925.4633634,45,-80,55
1747011925.4993634,-101,-37,66
1747011925.5343633,86,22,132
1747011925.5703633,53,-35,100
1747011925.6053634,-21,38,16
1747011925.6403637,16,12,106
1747011925.6753633,-52,20,-33
1747011925.7113633,-62,-41,114
1747011925.747363,35,24,-19
1747011925.7823634,23,-13,82
1747011925.8183634,-33,-69,-11
1747011925.8533633,-35,4,48
1747011925.8883634,-31,3,12
1747011925.9233634,90,-36,30
1747011925.9593637,-4,36,40
1747011925.9953637,51,-35,148
1747011926.030363,-52,0,68
1747011926.066363,67,-12,42
1747011926.1013634,-18,10,-1
1747011926.1363633,1,69,-21
1747011926.1713634,31,-51,82
1747011926.2073634,-46,-67,216
1747011926.2433634,19,-5,68
1747011926.2783637,-2,83,74
1747011926.3143632,-33,11,118
1747011926.349363,-36,-4,94
1747011926.3843634,-6,15,8
1747011926.4193633,42,-6,51
1747011926.4553633,-83,-2,205
1747011926.4913633,26,71,120
1747011926.5263634,-18,-14,50
1747011926.5623634,87,-29,33
1747011926.5973637,-22,-89,8
1747011926.632363,-74,-26,99
1747011926.6673634,-28,-83,-13
1747011926.7033634,40,-37,160
1747011926.7393634,-96,-35,70
1747011926.7743633,-18,-31,176
1747011926.8113637,-41,-89,58
1747011926.8463633,-3,-5,68
1747011926.882363,82,-116,71
1747011926.9173634,15,9,123
1747011926.9523633,-37,13,173
1747011926.987363,68,1,59
1747011927.0233634,82,-80,55
1747011927.0593634,74,31,136
1747011927.0943637,-15,-12,3
1747011927.1303637,-30,16,-99
1747011927.1653633,51,10,112
1747011927.2003634,43,15,84
1747011927.2353632,9,39,46
1747011927.2713633,67,-37,30
1747011927.3073633,-12,-57,66
1747011927.3423634,28,-1,78
1747011927.3783634,69,9,98
1747011927.4133637,-110,-39,28
1747011927.4483633,11,38,85
1747011927.4843633,45,-35,-22
1747011927.5193634,-2,-7,75
1747011927.5553634,-12,-11,69
1747011927.5903633,19,-13,31
1747011927.6263633,-22,-17,137
1747011927.6613634,11,-11,55
1747011927.6963634,13,-47,142
1747011927.7323637,-69,14,-19
1747011927.7673633,-11,18,70
1747011927.803363,-59,20,6
1747011927.8383634,-101,-3,62
1747011927.8743634,-7,-85,-7
1747011927.9093633,68,-57,100
1747011927.9443634,-38,40,22
1747011927.9803634,17,36,94
1747011928.0153637,-21,-61,-19
1747011928.0513637,-83,-69,68
1747011928.0863633,-23,24,116
1747011928.122363,43,-27,10
1747011928.1573634,-22,-15,116
1747011928.1923633,33,-19,140
1747011928.2283633,86,-21,72
1747011928.2633634,30,52,154
1747011928.2993634,-42,28,-19
1747011928.3343637,17,26,154
1747011928.3703637,-7,-104,-18
1747011928.405363,-14,-11,123
1747011928.4403634,3,-21,125
1747011928.4763634,-2,10,75
1747011928.5113633,-7,38,153
1747011928.5473633,56,6,15
1747011928.5823634,-23,-41,79
1747011928.6183634,-6,40,171
1747011928.6533637,-6,-31,105
1747011928.6883633,-82,-19,103
1747011928.724363,-66,-39,19
1747011928.7593634,75,-3,139
1747011928.7953634,45,53,33
1747011928.8303633,-3,77,61
1747011928.8663633,-39,-26,41
1747011928.9013634,-32,-52,185
1747011928.9363637,33,35,77
1747011928.9723637,-12,44,57
1747011929.007363,-98,1,45
1747011929.043363,59,-6,67
1747011929.0783634,-70,49,249
1747011929.1143634,-42,-102,143
1747011929.1503634,-25,-3,73
1747011929.1853633,-51,28,37
1747011929.2203634,-51,92,103
1747011929.2563634,-55,-31,-32
1747011929.2923634,-33,4,235
1747011929.3273633,111,-22,21
1747011929.3633633,-19,18,3
1747011929.3983634,-27,-33,-10
1747011929.4333634,20,34,-18
1747011929.4683633,12,-23,-10
1747011929.5043633,-20,-58,31
1747011929.5403633,-14,-82,-60
1747011929.5753634,9,33,81
1747011929.6113634,-42,-14,21
1747011929.6463633,17,-13,-36
1747011929.681363,-24,-2,149
1747011929.7163634,-66,13,93
1747011929.7523634,-4,5,7
1747011929.7883637,-14,-44,87
1747011929.8233633,-43,-53,229
1747011929.8593633,0,-29,159
1747011929.8943634,-27,12,113
1747011929.9293633,43,21,35
1747011929.964363,30,-17,123
1747011930.000363,-18,-50,73
1747011930.0363634,24,-17,-122
1747011930.0713634,-49,-29,71
1747011930.1073637,-28,-6,82
1747011930.1423633,7,27,52
1747011930.1773634,49,0,-36
1747011930.2123632,35,63,22
1747011930.2483633,17,-57,153
1747011930.2843633,27,24,-40
1747011930.3193634,-8,50,-10
1747011930.3553634,0,76,60
1747011930.3903637,-106,-111,71
1747011930.4253633,45,-19,114
1747011930.4603634,-26,-43,24
1747011930.4963634,-20,14,46
1747011930.5323634,101,-21,108
1747011930.5673633,-22,4,58
1747011930.6033633,37,24,88
1747011930.6383634,-54,33,100
1747011930.6733634,-39,10,76
1747011930.7083633,13,35,-101
1747011930.7443633,-51,18,92
1747011930.780363,-24,-80,38
1747011930.8153634,-4,5,76
1747011930.8513634,95,7,4
1747011930.8863633,69,3,20
1747011930.9213634,39,-18,116
1747011930.9563634,33,-4,130
1747011930.9923637,53,19,104
1747011931.0283637,-62,37,98
1747011931.0633633,48,-66,188
1747011931.099363,25,57,88
1747011931.1343634,12,39,22
1747011931.1693633,-31,-12,106
1747011931.204363,20,75,50
1747011931.2403634,6,-54,48
1747011931.2763634,42,-18,120
1747011931.3113637,23,-48,164
1747011931.3473637,-84,3,110
1747011931.382363,53,-4,58
1747011931.4173634,-88,39,22
1747011931.4523633,19,-70,-1
1747011931.4883633,-48,-2,60
1747011931.5243633,-24,7,138
1747011931.5593634,-54,1,146
1747011931.5953634,-24,37,56
1747011931.6303637,-57,55,148
1747011931.6653633,-3,-10,42
1747011931.7003634,24,-10,126
1747011931.7363634,-5,25,-41
1747011931.7723634,52,-75,-43
1747011931.8073633,-35,62,82
1747011931.8433633,-45,-49,172
1747011931.8783634,8,-3,-71
1747011931.9133637,0,-24,154
1747011931.9483633,20,42,105
1747011931.9843633,-29,61,199
1747011932.020363,74,48,63
1747011932.0553634,48,4,103
1747011932.0913634,-41,42,71
1747011932.1263633,11,7,91
1747011932.1613634,0,-24,-57
1747011932.1963634,-12,41,118
1747011932.2323637,-61,42,78
1747011932.2683637,-45,26,26
1747011932.303363,26,12,232
1747011932.339363,-29,-24,83
1747011932.3743634,40,16,100
1747011932.4093633,-19,-19,-1
1747011932.4453633,-53,34,24
1747011932.4803634,-1,18,56
1747011932.5163634,16,-19,48
1747011932.5513637,12,36,-17
1747011932.5873632,40,2,-37
1747011932.622363,24,51,68
1747011932.6573634,-21,14,8
1747011932.6933634,-17,32,10
1747011932.7283633,6,14,210
1747011932.7643633,-37,-20,26
1747011932.7993634,-44,-10,112
1747011932.8353634,9,0,12
1747011932.8703637,65,21,42
1747011932.905363,49,-20,104
1747011932.941363,51,-22,44
1747011932.9763634,72,22,76
1747011933.0123634,29,17,-13
1747011933.0473633,40,-26,59
1747011933.0833633,26,-6,50
1747011933.1183634,0,35,20
1747011933.1533637,74,28,4
1747011933.1893632,48,16,34
1747011933.224363,-51,90,146
1747011933.260363,74,-87,116
1747011933.2953634,-26,-40,108
1747011933.3313634,9,-16,88
1747011933.3663633,11,75,150
1747011933.4013634,57,-4,-115
1747011933.4373634,0,-14,46
1747011933.4723637,15,-72,104
1747011933.5083632,-72,13,-23
1747011933.543363,5,-28,126
1747011933.579363,3,37,8
1747011933.6143634,-18,67,66
1747011933.6493633,12,-21,176
1747011933.6853633,-13,-21,70
1747011933.7203634,-2,35,130
1747011933.7563634,10,30,-7
1747011933.7913637,15,37,-19
1747011933.8273633,45,21,46
1747011933.862363,73,41,144
1747011933.8973634,-50,-52,-15
1747011933.9333634,-18,13,164
1747011933.9683633,-38,-44,12
1747011934.0043633,-22,-46,56
1747011934.0393634,-1,-1,62
1747011934.0753634,-77,30,126
1747011934.1103632,48,-19,112
1747011934.145363,-30,-60,153
1747011934.181363,15,13,147
1747011934.2163634,62,6,153
1747011934.2523634,-34,-2,65
1747011934.2873633,-12,45,91
1747011934.3233633,19,1,-16
1747011934.3593633,35,7,53
1747011934.3943634,65,-18,95
1747011934.4293633,-68,-24,157
1747011934.4653633,19,-102,161
1747011934.5013633,-35,52,79
1747011934.5363634,8,-7,-40
1747011934.5723634,-23,36,-8
1747011934.6073637,19,-41,181
1747011934.6423633,-26,-3,133
1747011934.6773634,39,-43,75
1747011934.7133634,-2,-65,-12
1747011934.7493634,13,18,123
1747011934.7913637,85,114,66
1747011934.8283634,-48,-17,80
1747011934.8633633,91,-73,-7
1747011934.8983634,44,-11,50
1747011934.9333634,33,17,52
1747011934.9693637,-28,49,108
1747011935.0053637,-49,14,74
1747011935.0403633,26,60,120
1747011935.076363,72,-39,32
1747011935.1113634,-47,4,28
1747011935.1463633,-19,-47,36
1747011935.181363,-21,-11,20
1747011935.2173634,-45,-83,96
1747011935.2533634,-5,-7,168
1747011935.2883637,-27,-9,-5
1747011935.3243637,-25,-115,22
1747011935.3593633,16,7,74
1747011935.3943634,86,-44,134
1747011935.4293633,8,13,52
1747011935.4653633,-41,84,14
1747011935.5013633,-5,-3,32
1747011935.5363634,74,49,34
1747011935.5723634,-3,-68,40
1747011935.6073637,-34,-30,10
1747011935.6423633,3,17,126
1747011935.6773634,23,64,108
1747011935.7133634,77,39,-47
1747011935.7493634,-40,-15,50
1747011935.7843633,9,-35,148
1747011935.8203633,-14,-39,88
1747011935.8553634,6,-18,58
1747011935.8903637,-5,-50,48
1747011935.9253633,49,7,98
1747011935.9613633,46,61,80
1747011935.997363,-11,-6,141
1747011936.0323634,-1,-66,0
1747011936.0683634,-39,11,96
1747011936.1033633,2,-52,-1
1747011936.1383634,-25,-41,63
1747011936.1733634,44,43,71
1747011936.2093637,-21,-4,5
1747011936.2453637,-41,-14,107
1747011936.280363,-32,-103,137
1747011936.316363,-10,22,53
1747011936.3513634,69,-66,223
1747011936.3863633,67,-65,5
1747011936.4213634,41,36,50
1747011936.4573634,-28,4,129
1747011936.4933634,-6,30,142
1747011936.5283637,0,22,150
1747011936.5643632,-16,1,-16
1747011936.599363,-66,-32,17
1747011936.6343634,35,-12,166
1747011936.6693633,92,-31,-27
1747011936.7053633,14,60,-11
1747011936.7413633,-49,102,178
1747011936.7763634,57,28,60
1747011936.8123634,61,-49,-5
1747011936.8473637,25,-17,56
1747011936.882363,31,-7,102
1747011936.9173634,-20,-15,30
1747011936.9533634,-2,32,164
1747011936.9893634,-76,-21,2
1747011937.0243633,39,-7,112
1747011937.0603633,-20,-9,94
1747011937.0953634,9,56,156
1747011937.1303637,-2,-19,-83
1747011937.1653633,-8,-33,168
1747011937.201363,57,-87,62
1747011937.237363,-44,-30,60
1747011937.2723634,7,8,84
1747011937.3083634,-14,14,32
1747011937.3433633,27,-55,114
1747011937.3783634,19,-5,110
1747011937.4133637,-34,-7,122
1747011937.4493637,-82,37,67
1747011937.4853632,-2,-50,-9
1747011937.520363,9,11,134
1747011937.556363,33,35,-47
1747011937.5913634,27,25,44
1747011937.6263633,23,-50,46
1747011937.6623633,-22,-44,0
1747011937.6973634,43,81,5
1747011937.7333634,-52,33,71
1747011937.7683637,10,-13,-36
1747011937.8043633,-59,22,43
1747011937.839363,-47,-27,137
1747011937.8743634,58,-25,103
1747011937.9103634,-98,-23,31
1747011937.9453633,42,6,123
1747011937.9813633,-33,-25,199
1747011938.0163634,1,20,133
1747011938.0523634,-62,-9,85
1747011938.0873632,2,37,159
1747011938.122363,0,-12,-68
1747011938.158363,-20,-34,73
1747011938.1933634,7,19,85
1747011938.2293634,50,-29,117
1747011938.2643633,-25,10,41
1747011938.3003633,-80,-40,163
1747011938.3353634,-26,-72,91
1747011938.3703637,-40,30,71
1747011938.4063632,-9,-50,33
1747011938.441363,-110,22,71
1747011938.477363,-64,20,51
1747011938.5123634,3,26,33
1747011938.5483634,23,-11,0
1747011938.5833633,-56,4,107
1747011938.6183634,13,-58,107
1747011938.6543634,19,3,55
1747011938.6893632,21,1,73
1747011938.7253633,21,-6,131
1747011938.760363,47,39,85
1747011938.7963634,8,17,63
1747011938.8313634,-22,-71,131
1747011938.8663633,-4,22,207
1747011938.9023633,13,26,-2
1747011938.9373634,11,24,177
1747011938.9733634,31,12,48
1747011939.0083632,-57,12,148
1747011939.0443633,52,-2,-49
1747011939.079363,16,-38,48
1747011939.1143634,0,3,70
1747011939.1503634,-19,61,-13
1747011939.1853633,44,59,-33
1747011939.2213633,1,-24,114
1747011939.2563634,-32,84,50
1747011939.2923634,1,13,84
1747011939.3273633,-2,71,12
1747011939.362363,-2,37,90
1747011939.3983634,1,12,-33
1747011939.4333634,31,28,108
1747011939.4693637,21,-8,174
1747011939.5043633,-9,-59,58
1747011939.5393634,-57,-39,128
1747011939.5743637,33,7,4
1747011939.6103632,-54,-2,38
1747011939.6463633,-42,17,148
1747011939.681363,70,23,86
1747011939.7173634,33,31,138
1747011939.7523634,-6,15,104
1747011939.7873633,23,69,44
1747011939.8223634,42,5,134
1747011939.8583634,-23,-44,86
1747011939.8943634,8,17,130
1747011939.9293633,10,-74,240
1747011939.9653633,28,51,32
1747011940.000363,30,28,104
1747011940.0353634,28,-58,22
1747011940.0703633,-75,-13,-63
1747011940.1063633,74,-17,214
1747011940.1423633,-27,-58,98
1747011940.1773634,-77,-26,52
1747011940.2133634,-9,0,116
1747011940.2483633,8,-95,14
1747011940.283363,-55,-45,184
1747011940.3183634,12,26,106
1747011940.3543634,65,-16,140
1747011940.3903637,-66,21,-16
1747011940.4253633,52,-35,61
1747011940.4613633,-21,-31,101
1747011940.4963634,17,0,-100
1747011940.5313632,-3,18,113
1747011940.566363,-43,-48,163
1747011940.602363,30,23,53
1747011940.6383634,124,35,-6
1747011940.6733634,-29,-45,29
1747011940.7093637,17,7,-12
1747011940.7443633,-24,31,20
1747011940.7793634,-18,-16,53
1747011940.8143632,19,-24,113
1747011940.8503633,-108,1,53
1747011940.8863633,12,-2,33
1747011940.9213634,-46,40,3
1747011940.9573634,-63,22,111
1747011940.9923637,42,-73,19
1747011941.0273633,38,70,164
1747011941.0623634,119,-2,19
1747011941.0983634,0,23,30
1747011941.1343634,14,-52,125
1747011941.1693633,-25,-58,99
1747011941.2053633,55,-83,129
1747011941.2403634,33,-22,171
1747011941.2753634,38,-2,181
1747011941.3103633,17,23,46
1747011941.3463633,-40,-8,104
1747011941.382363,39,19,60
1747011941.4173634,5,-58,188
1747011941.4533634,-40,39,98
1747011941.4883633,45,-20,-3
1747011941.5233634,0,-54,-45
1747011941.5583634,38,53,-79
1747011941.5943637,-47,-10,86
1747011941.6303637,57,-39,-47
1747011941.6653633,-26,-59,118
1747011941.701363,-40,-48,40
1747011941.7363634,-68,23,76
1747011941.7713633,-56,-12,40
1747011941.806363,67,43,202
1747011941.8423634,-10,65,-65
1747011941.8783634,19,74,-75
1747011941.9133637,27,42,116
1747011941.9493637,-63,69,55
1747011941.9843633,68,-16,64
1747011942.0193634,-81,23,161
1747011942.0543633,-20,49,178
1747011942.0903633,26,45,-10
1747011942.1263633,16,45,49
1747011942.1613634,16,67,177
1747011942.1973634,-5,-84,22
1747011942.2323637,-11,-8,145
1747011942.2673633,55,-71,57
1747011942.3023634,-21,46,15
1747011942.3383634,-44,55,199
1747011942.3743634,-64,-16,94
1747011942.4093633,29,-63,26
1747011942.4453633,36,-50,68
1747011942.4803634,-28,14,28
1747011942.5153637,-24,58,160
1747011942.5503633,-38,4,89
1747011942.5863633,5,11,224
1747011942.622363,35,-3,12
1747011942.6573634,63,-69,20
1747011942.6933634,-13,-25,12
1747011942.7283633,-23,26,57
1747011942.7633634,29,-15,91
1747011942.7993634,-18,34,33
1747011942.8343637,-30,-19,117
1747011942.8703637,17,-5,12
1747011942.905363,-6,-7,116
1747011942.941363,44,13,92
1747011942.9763634,22,-35,70
1747011943.0113633,12,-15,74
1747011943.0473633,37,41,74
1747011943.0823634,21,-20,186
1747011943.1183634,32,-39,26
1747011943.1533637,52,-37,22
1747011943.1893632,-5,20,58
1747011943.224363,-39,-7,0
1747011943.2593634,-87,-17,122
1747011943.2953634,3,105,-17
1747011943.3303633,0,-20,122
1747011943.3663633,-50,-52,84
1747011943.4013634,21,-30,66
1747011943.4373634,39,39,24
1747011943.4723637,-32,-34,-3
1747011943.507363,52,12,-135
1747011943.543363,1,-12,158
1747011943.5783634,29,17,100
1747011943.6143634,27,36,42
1747011943.6493633,-68,41,174
1747011943.6853633,0,24,84
1747011943.7203634,-11,-49,28
1747011943.7553637,-46,95,84
1747011943.7913637,-25,22,68
1747011943.826363,32,38,54
1747011943.862363,-60,0,105
1747011943.8973634,29,57,28
1747011943.9333634,86,89,60
1747011943.9683633,30,0,66
1747011944.0033634,-3,-82,49
1747011944.0393634,-46,-43,41
1747011944.0743637,47,64,120
1747011944.1103632,-54,-13,144
1747011944.145363,-11,-47,0
1747011944.181363,4,-37,-25
1747011944.2163634,-18,-12,8
1747011944.2513633,-27,-11,2
1747011944.2873633,62,6,156
1747011944.3223634,26,50,52
1747011944.3583634,61,-59,-65
1747011944.3933637,-56,-1,166
1747011944.4293633,1,-12,40
1747011944.4653633,-56,-35,36
1747011944.5013633,-2,18,-131
1747011944.5373633,-16,-1,60
1747011944.5723634,-12,-23,86
1747011944.6073637,34,55,140
1747011944.6433637,-8,4,162
1747011944.6793633,-18,-2,116
1747011944.714363,-16,1,-1
1747011944.750363,45,-52,92
1747011944.7923634,5,-70,-11
1747011944.8283634,11,25,116
1747011944.8633633,89,-42,100
1747011944.8993633,1,-22,-1
1747011944.9353633,51,-26,198
1747011944.9703634,35,18,66
1747011945.0063634,-52,-37,2
1747011945.0413637,63,28,148
1747011945.076363,-50,-29,10
1747011945.1113634,-46,-5,54
1747011945.1473634,39,52,10
1747011945.1833634,-18,-65,155
1747011945.2183633,-27,22,25
1747011945.2543633,23,-69,139
1747011945.2893634,79,58,53
1747011945.3243637,-74,-89,137
1747011945.3593633,-38,36,91
1747011945.395363,46,-47,29
1747011945.431363,4,-37,3
1747011945.4663634,-100,-14,63
1747011945.5023634,160,32,133
1747011945.5373633,36,18,-62
1747011945.5723634,-43,-1,-30
1747011945.6073637,16,-18,95
1747011945.6433637,70,-30,17
1747011945.6793633,38,38,-114
1747011945.714363,-6,10,153
1747011945.750363,89,-23,45
1747011945.7853634,-2,8,149
1747011945.8203633,-16,56,35
1747011945.8553634,5,37,-22
1747011945.8913634,-78,20,105
1747011945.9273634,25,52,63
1747011945.9623632,-64,6,201
1747011945.9983633,-98,-5,129
1747011946.033363,-6,11,179
1747011946.0683634,69,-36,-54
1747011946.1033633,-9,-15,87
1747011946.1393633,66,-49,53
1747011946.1753633,81,15,167
1747011946.2103634,-39,8,-42
1747011946.2463634,4,21,31
1747011946.2813632,18,58,127
1747011946.316363,22,6,207
1747011946.3513634,-17,8,69
1747011946.3873634,57,0,1
1747011946.4233634,81,-12,143
1747011946.4583633,17,-36,31
1747011946.4943633,-44,7,0
1747011946.5293634,41,-6,159
1747011946.5643632,-60,-6,41
1747011946.599363,-38,23,9
1747011946.635363,31,2,125
1747011946.6713634,-20,-43,147
1747011946.7063634,57,12,7
1747011946.7423637,98,63,-8
1747011946.7773633,39,48,159
1747011946.8123634,-19,-52,77
1747011946.8473637,22,-19,86
1747011946.8833632,-70,89,11
1747011946.9193633,-28,-44,93
1747011946.954363,-46,47,43
1747011946.9903634,69,15,35
1747011947.0253634,7,-34,78
1747011947.0603633,-62,3,102
1747011947.0953634,-46,-24,66
1747011947.1313634,102,50,15
1747011947.1673634,0,23,27
1747011947.2023633,27,-34,101
1747011947.2383633,53,-10,101
1747011947.2733634,73,-19,41
1747011947.3083634,5,83,101
1747011947.3433633,-26,-40,119
1747011947.3793633,7,33,85
1747011947.4153633,31,87,79
1747011947.4503634,-12,-42,127
1747011947.4863634,31,35,53
1747011947.5213633,61,-10,-30
1747011947.556363,31,-22,-22
1747011947.5913634,-74,63,45
1747011947.6273634,0,5,13
1747011947.6633637,-15,28,115
1747011947.6983633,-1,-1,113
1747011947.7343633,90,36,89
1747011947.7693634,59,-24,83
1747011947.8043633,-28,-10,137
1747011947.8403633,79,13,121
1747011947.875363,81,37,-6
1747011947.9113634,24,-4,99
1747011947.9463634,59,-4,1
1747011947.9823637,-100,-48,101
1747011948.0173633,25,-35,63
1747011948.0523634,11,-8,15
1747011948.0883634,41,97,61
1747011948.1233633,45,23,-50
1747011948.1593633,-30,-2,144
1747011948.1943634,-68,77,147
1747011948.2303634,-30,-5,29
1747011948.2653637,0,24,105
1747011948.3003633,13,-17,-94
1747011948.3363633,-22,-29,91
1747011948.3713634,-50,-15,147
1747011948.4073634,24,35,45
1747011948.4423633,-24,-37,47
1747011948.4783633,-35,-1,101
1747011948.5133634,101,58,137
1747011948.5483634,-16,-37,22
1747011948.5843637,-27,50,34
1747011948.6193633,-27,-23,162
1747011948.655363,40,12,106
1747011948.6903634,-23,30,122
1747011948.7263634,-19,-79,54
1747011948.7613633,39,26,4
1747011948.7963634,-1,24,20
1747011948.8323634,45,-49,116
1747011948.8673637,31,-7,74
1747011948.9033637,72,3,190
1747011948.9383633,7,-5,102
1747011948.974363,35,96,104
1747011949.0093634,97,-2,88
1747011949.0443633,157,24,64
1747011949.0803633,73,-24,178
1747011949.1153634,31,47,122
1747011949.1513634,39,-12,86
1747011949.1863637,25,-24,166
1747011949.2223637,-9,39,112
1747011949.257363,7,-7,66
1747011949.2923634,109,0,64
1747011949.3283634,42,-28,136
1747011949.3633633,38,1,202
1747011949.3993633,24,-80,-29
1747011949.4343634,54,5,-29
1747011949.4703634,66,-8,122
1747011949.5053637,10,-88,-19
1747011949.5403633,-37,-24,54
1747011949.576363,-1,-18,142
1747011949.6113634,78,49,12
1747011949.6473634,-7,0,-63
1747011949.6823633,83,-14,88
1747011949.7173634,-76,-16,102
1747011949.7523634,-8,-42,124
1747011949.7883637,7,19,-23
1747011949.8243637,1,-60,-29
1747011949.8593633,-80,-9,148
1747011949.895363,5,-15,126
1747011949.9303634,-86,58,-43
1747011949.9653633,19,-1,-19
1747011950.000363,-24,-31,92
1747011950.0363634,-6,-15,132
1747011950.0723634,3,-22,16
1747011950.1073637,64,-46,54
1747011950.1433637,48,-4,62
1747011950.178363,-37,-32,150
1747011950.2133634,16,23,64
1747011950.2483633,-43,29,112
1747011950.2843633,-85,43,114
1747011950.3203633,45,4,80
1747011950.3553634,40,-6,78
1747011950.3913634,4,21,136
1747011950.4263637,-77,-64,88
1747011950.4613633,-41,31,198
1747011950.4963634,-3,-24,100
1747011950.5323634,-66,6,86
1747011950.5683634,59,15,106
1747011950.6033633,-44,-10,-5
1747011950.6393633,-30,11,40
1747011950.6743634,49,-31,152
1747011950.7093637,17,0,60
1747011950.7443633,13,7,56
1747011950.780363,-53,-11,170
1747011950.816363,-16,41,60
1747011950.8513634,0,-19,116
1747011950.8873634,5,-36,70
1747011950.9223633,21,-10,-65
1747011950.9573634,9,-20,64
1747011950.9923637,-42,31,-27
1747011951.0283637,13,44,-11
1747011951.0643632,3,-12,74
1747011951.099363,-8,37,76
1747011951.135363,64,-18,112
1747011951.1703634,-63,15,52
1747011951.2053633,31,-63,58
1747011951.2403634,-65,-54,-13
1747011951.2763634,7,-43,210
1747011951.3123634,-4,-9,132
1747011951.3473637,47,-17,124
1747011951.3833632,-70,26,146
1747011951.418363,-104,0,156
1747011951.4533634,47,-33,26
1747011951.4883633,41,2,82
1747011951.5243633,-42,2,124
1747011951.5603633,-12,-59,42
1747011951.5953634,-16,28,108
1747011951.6313634,9,-1,18
1747011951.6663637,47,10,0
1747011951.701363,-24,62,66
1747011951.7363634,-8,-13,12
1747011951.7723634,42,1,118
1747011951.8083634,50,-8,64
1747011951.8433633,30,-40,52
1747011951.8793633,-3,-18,146
1747011951.9143634,48,7,154
1747011951.9493637,36,-16,56
1747011951.9843633,40,-42,22
1747011952.020363,-5,29,154
1747011952.056363,-87,65,58
1747011952.0913634,-77,51,88
1747011952.1273634,40,-42,42
1747011952.1623633,-101,-18,-33
1747011952.1973634,-71,79,80
1747011952.2323637,-51,-34,44
1747011952.2683637,83,65,82
1747011952.3043633,-48,-60,146
1747011952.339363,-25,9,54
1747011952.375363,8,29,4
1747011952.4113634,-53,-50,106
1747011952.4473634,-43,-97,100
1747011952.4823637,36,-29,156
1747011952.5173633,24,-37,110
1747011952.5523634,-50,19,130
1747011952.5883634,13,45,12
1747011952.6243634,12,-59,42
1747011952.6593633,-45,-17,104
1747011952.6953633,-19,-7,164
1747011952.7303634,-47,34,84
1747011952.7653637,-15,-55,2
1747011952.8013637,37,36,-49
1747011952.8363633,-11,-49,54
1747011952.872363,9,18,36
1747011952.9073634,17,-20,12
1747011952.9433634,47,-22,92
1747011952.9783633,-30,27,200
1747011953.0133634,45,-15,146
1747011953.0493634,-34,35,98
1747011953.0843637,37,15,24
1747011953.1203637,-40,-30,28
1747011953.155363,-10,49,8
1747011953.191363,-12,-2,118
1747011953.2263634,75,35,182
1747011953.2613633,28,0,134
1747011953.2973633,50,46,140
1747011953.3323634,-58,1,2
1747011953.3683634,21,-33,56
1747011953.4033637,25,0,38
1747011953.4393632,-10,-43,52
1747011953.474363,95,44,190
1747011953.5093634,-20,36,44
1747011953.5453634,-14,34,-21
1747011953.5803633,19,-17,114
1747011953.6163633,17,-79,68
1747011953.6513634,-6,-27,108
1747011953.6873634,25,-31,-5
1747011953.7223637,39,-5,70
1747011953.757363,87,-65,-29
1747011953.793363,38,-67,160
1747011953.8283634,-38,19,178
1747011953.8643634,70,0,160
1747011953.8993633,45,9,98
1747011953.9353633,-24,24,16
1747011953.9703634,61,-19,-25
1747011954.0053637,-10,27,116
1747011954.0413637,9,3,122
1747011954.076363,-10,59,8
1747011954.112363,17,-28,-9
1747011954.1473634,-18,59,21
1747011954.1833634,69,-50,-104
1747011954.2183633,-44,-44,-36
1747011954.2533634,67,67,95
1747011954.2893634,75,-26,25
1747011954.3243637,-42,59,55
1747011954.3603632,-12,5,81
1747011954.395363,-17,-21,33
1747011954.431363,-99,80,23
1747011954.4663634,-59,-33,-54
1747011954.5013633,6,46,19
1747011954.5373633,-21,26,-8
1747011954.5723634,35,80,-12
1747011954.6083634,-66,34,101
1747011954.6433637,-35,-49,103
1747011954.6793633,-25,66,223
1747011954.7153633,-7,-43,-94
1747011954.750363,-9,58,-80
1747011954.7853634,-67,14,87
1747011954.8283634,-5,-58,35
1747011954.8653634,-29,-62,141
1747011954.9003634,4,-8,107
1747011954.9363637,44,-10,13
1747011954.9713633,0,3,125
1747011955.0063634,-33,93,139
1747011955.0413637,21,46,41
1747011955.0773633,33,4,93
1747011955.1133633,-12,76,143
1747011955.1483634,-84,-1,-13
1747011955.1843634,-80,-39,89
1747011955.2193637,-44,14,-25
1747011955.2543633,34,28,100
1747011955.2893634,-100,-3,104
1747011955.3253634,33,-54,-39
1747011955.3613634,79,-29,46
1747011955.3963633,-14,28,94
1747011955.4323633,-10,-45,132
1747011955.4673634,35,22,84
1747011955.5023634,-81,1,114
1747011955.5373633,67,1,114
1747011955.5733633,77,95,-37
1747011955.6093633,15,25,116
1747011955.6443634,-14,13,154
1747011955.6803634,-18,-7,76
1747011955.7153633,78,-28,132
1747011955.750363,86,-22,60
1747011955.7853634,-15,7,76
1747011955.8213634,63,11,112
1747011955.8573637,7,49,22
1747011955.8923633,7,48,-47
1747011955.928363,47,90,64
1747011955.9633634,-26,32,88
1747011955.9983633,-34,-1,168
1747011956.033363,67,7,98
1747011956.0693634,-42,-8,82
1747011956.1053634,-9,25,36
1747011956.1403637,-6,58,128
1747011956.1763637,-26,-3,14
1747011956.2113633,39,46,116
1747011956.2463634,13,-9,124
1747011956.2813632,-8,-9,118
1747011956.3173633,9,-39,-9
1747011956.3533633,-58,34,20
1747011956.3883634,61,8,-58
1747011956.4243634,-28,-63,7
1747011956.4593637,-55,-66,129
1747011956.4943633,-86,-1,-9
1747011956.5293634,49,46,108
1747011956.5653634,31,-27,40
1747011956.6013634,5,34,88
1747011956.6363633,-31,-49,40
1747011956.6723633,10,-19,26
1747011956.7073634,-93,71,-55
1747011956.7423637,86,-28,80
1747011956.7773633,28,55,6
1747011956.8133633,-7,59,85
1747011956.849363,8,41,-16
1747011956.8843634,27,-3,7
1747011956.9203634,-20,-13,117
1747011956.9553633,1,-32,18
1747011956.9903634,-2,-7,61
1747011957.0253634,-54,-53,46
1747011957.0613637,65,22,8
1747011957.0973637,31,20,148
1747011957.132363,-16,-45,92
1747011957.168363,-16,-47,142
1747011957.2033634,7,-19,153
1747011957.2383633,-9,-61,62
1747011957.2733634,91,-85,129
1747011957.3093634,39,2,-27
1747011957.3453634,-24,-43,92
1747011957.3803637,-38,-23,56
1747011957.4163637,47,6,18
1747011957.451363,25,4,118
1747011957.4863634,17,2,1
1747011957.5213633,1,-7,100
1747011957.5573633,63,58,-19
1747011957.5933633,5,2,-31
1747011957.6283634,47,-19,186
1747011957.6643634,89,-75,140
1747011957.6993637,9,48,57
1747011957.7343633,-62,-44,25
1747011957.7693634,59,-2,47
1747011957.8053634,31,-66,75
1747011957.8413634,-40,15,6
1747011957.8763633,75,13,90
1747011957.9123633,34,-65,142
1747011957.9473634,-46,-71,18
1747011957.9823637,41,-13,164
1747011958.0183637,109,2,80
1747011958.053363,33,16,58
1747011958.089363,0,36,116
1747011958.1243634,-2,-97,-71
1747011958.1603634,3,-53,97
1747011958.1953633,-20,6,169
1747011958.2303634,69,24,133
1747011958.2663634,11,78,79
1747011958.3013637,-70,30,17
1747011958.3373632,73,-51,123
1747011958.372363,43,36,43
1747011958.408363,-10,34,41
1747011958.4433634,26,-18,13
1747011958.4783633,65,46,63
1747011958.5143633,-94,-17,65
1747011958.5493634,-2,-7,3
1747011958.5853634,9,-11,139
1747011958.6203637,15,20,143
1747011958.6563632,-13,35,113
1747011958.691363,46,-56,3
1747011958.7263634,100,53,111
1747011958.7623634,-13,31,95
1747011958.7973633,-39,-14,-7
1747011958.8333633,34,5,140
1747011958.8683634,80,-4,126
1747011958.9043634,28,-22,32
1747011958.9393632,-35,10,114
1747011958.974363,20,38,56
1747011959.010363,17,-28,84
1747011959.0453634,15,27,74
1747011959.0813634,-10,-46,24
1747011959.1163633,39,-50,4
1747011959.1523633,9,13,148
1747011959.1873634,14,18,66
1747011959.2223637,-21,-16,132
1747011959.2583632,29,5,26
1747011959.293363,-24,11,150
1747011959.329363,77,-126,60
1747011959.3643634,27,5,14
1747011959.4003634,-38,11,118
1747011959.4353633,28,-42,46
1747011959.4703634,42,-12,82
1747011959.5063634,11,-40,66
1747011959.5413637,9,-60,40
1747011959.5773633,-16,-12,110
1747011959.612363,49,45,-19
1747011959.6483634,27,-42,94
1747011959.6843634,-30,33,34
1747011959.7203634,86,2,-15
1747011959.7563634,-5,2,72
1747011959.7923634,19,-50,72
1747011959.8283634,14,6,54
1747011959.8633633,96,86,-1
1747011959.8983634,-31,8,48
1747011959.9343634,8,50,40
1747011959.9703634,-13,-1,112
1747011960.0053637,34,46,70
1747011960.0413637,14,-15,56
1747011960.076363,-37,34,-31
1747011960.1113634,-59,6,21
1747011960.1463633,60,26,167
1747011960.1823633,76,-37,155
1747011960.2183633,34,-25,181
1747011960.2533634,28,-37,-38
1747011960.2893634,-55,-33,99
1747011960.3243637,-5,8,97
1747011960.3593633,42,-3,-18
1747011960.3943634,-30,39,49
1747011960.4303634,34,-28,117
1747011960.4663634,17,-10,108
1747011960.5013633,19,31,66
1747011960.5373633,-18,53,62
1747011960.5723634,35,17,99
1747011960.6073637,7,71,117
1747011960.6423633,53,33,45
1747011960.678363,53,1,113
1747011960.714363,15,-26,135
1747011960.7493634,-84,5,205
1747011960.7853634,13,73,74
1747011960.8203633,7,25,77
1747011960.8553634,10,8,153
1747011960.8903637,-35,16,47
1747011960.9263637,-1,-1,33
1747011960.9623632,2,-7,37
1747011960.997363,-29,-15,99
1747011961.033363,48,-27,20
1747011961.0683634,-22,0,138
1747011961.1033633,-88,23,110
1747011961.1383634,-50,59,46
1747011961.1743634,59,-22,56
1747011961.2103634,-1,-44,46
1747011961.2453637,20,-24,0
1747011961.2813632,32,9,54
1747011961.316363,-1,17,96
1747011961.3513634,0,1,112
1747011961.3863633,-7,31,-33
1747011961.4223633,-53,-61,142
1747011961.4583633,-62,-22,64
1747011961.4933634,46,-62,32
1747011961.5293634,-81,1,46
1747011961.5643632,9,11,178
1747011961.599363,-16,37,192
1747011961.6343634,9,-48,84
1747011961.6703634,73,63,48
1747011961.7063634,89,27,162
1747011961.7413633,-53,10,74
1747011961.7773633,-165,-59,-31
1747011961.8123634,-33,23,0
1747011961.8473637,50,89,114
1747011961.882363,-1,5,166
1747011961.918363,34,5,156
1747011961.954363,120,-24,138
1747011961.9893634,-18,-17,44
1747011962.0253634,-24,19,64
1747011962.0603633,-72,-46,26
1747011962.0953634,-1,27,4
1747011962.1303637,-1,35,99
1747011962.1663637,-9,-20,101
1747011962.2023633,-40,11,82
1747011962.237363,33,25,127
1747011962.2733634,133,51,135
1747011962.3083634,-29,78,-114
1747011962.3433633,33,3,97
1747011962.3783634,-19,-9,107
1747011962.4143634,40,-5,189
1747011962.4503634,-7,-19,-66
1747011962.4853632,76,2,-52
1747011962.5213633,-38,-4,79
1747011962.556363,15,15,9
1747011962.5913634,23,23,53
1747011962.6263633,-54,53,75
1747011962.6623633,-6,-34,31
1747011962.6983633,-42,-4,115
1747011962.7333634,-50,21,91
1747011962.7693634,-2,-76,53
1747011962.8043633,-72,-36,96
1747011962.839363,-16,51,78
1747011962.8743634,25,-29,174
1747011962.9103634,-16,12,64
1747011962.9463634,-24,-5,80
1747011962.9813633,37,-1,126
1747011963.0173633,-5,-15,180
1747011963.0523634,-31,-3,60
1747011963.0873632,23,-22,142
1747011963.1233633,-62,0,85
1747011963.158363,-6,20,55
1747011963.1943634,-50,-21,-14
1747011963.2293634,95,-15,140
1747011963.2653637,44,27,126
1747011963.3003633,11,-57,83
1747011963.3353634,-77,46,-12
1747011963.3713634,9,15,29
1747011963.4063632,20,18,-1
1747011963.4423633,-5,-82,218
1747011963.477363,-30,-16,153
1747011963.5133634,-6,-10,107
1747011963.5483634,-6,21,63
1747011963.5833633,41,-30,89
1747011963.6193633,31,13,-8
1747011963.6543634,39,-80,127
1747011963.6903634,-56,-12,4
1747011963.7253633,-6,1,40
1747011963.7613633,3,-14,102
1747011963.7963634,-26,-38,-65
1747011963.8313634,-16,3,138
1747011963.8673637,59,-18,108
1747011963.9023633,43,-60,42
1747011963.9383633,-41,0,-1
1747011963.9733634,-35,25,106
1747011964.0093634,6,13,110
1747011964.0443633,1,27,140
1747011964.079363,11,-9,144
1747011964.1153634,-37,44,128
1747011964.1503634,-15,51,67
1747011964.1863637,10,-83,32
1747011964.2213633,-51,-6,63
1747011964.257363,16,17,12
1747011964.2923634,20,1,95
1747011964.3273633,-78,78,176
1747011964.3633633,3,-45,59
1747011964.3983634,7,-55,-20
1747011964.4343634,25,-22,50
1747011964.4693637,7,-78,57
1747011964.5053637,85,11,85
1747011964.5403633,-16,-42,111
1747011964.5753634,23,-66,19
1747011964.6113634,57,3,96
1747011964.6463633,-62,26,87
1747011964.6823633,57,-4,3
1747011964.7173634,-42,5,13
1747011964.7523634,16,-7,53
1747011964.7873633,-79,-23,141
1747011964.8303633,-57,-31,113
1747011964.8673637,24,-35,47
1747011964.9023633,4,-63,101
1747011964.9383633,-7,-67,-2
1747011964.9733634,23,-8,23
1747011965.0083632,31,31,71
1747011965.043363,-24,97,-6
1747011965.079363,-25,-4,41
1747011965.1153634,50,64,51
1747011965.1503634,40,-7,71
1747011965.1863637,45,-53,109
1747011965.2213633,-63,28,31
1747011965.2563634,28,-17,53
1747011965.2913637,-11,22,57
1747011965.3273633,20,4,147
1747011965.3633633,67,-14,45
1747011965.3983634,41,45,113
1747011965.4343634,47,2,115
1747011965.4693637,13,-3,19
1747011965.5043633,25,34,81
1747011965.5393634,-109,38,27
1747011965.5753634,65,-53,23
1747011965.6113634,18,-11,31
1747011965.6463633,7,-22,11
1747011965.6823633,-25,26,21
1747011965.7173634,24,56,49
1747011965.7523634,90,-49,215
1747011965.7873633,4,54,-12
1747011965.8233633,4,0,69
1747011965.8593633,86,42,107
1747011965.8943634,-28,-88,101
1747011965.9303634,-4,7,131
1747011965.9653633,-2,-72,-20
1747011966.000363,-14,-8,41
1747011966.0353634,-42,39,197
1747011966.0713634,-37,-14,9
1747011966.1073637,59,-47,7
1747011966.1423633,32,-44,241
1747011966.178363,-60,-23,93
1747011966.2133634,-12,-13,141
1747011966.2483633,-35,-50,-4
1747011966.283363,43,-61,61
1747011966.3193634,-41,-38,145
1747011966.3553634,30,13,-30
1747011966.3903637,20,34,183
1747011966.4263637,33,-66,69
1747011966.4613633,-10,-46,103
1747011966.4963634,29,7,71
1747011966.5313632,-15,36,-16
1747011966.5673633,40,0,95
1747011966.6033633,25,-92,-10
1747011966.6383634,-8,0,19
1747011966.6743634,2,-1,217
1747011966.7093637,-53,-47,77
1747011966.7443633,62,22,-46
1747011966.7793634,32,-33,63
1747011966.8153634,-57,0,97
1747011966.8513634,4,-19,16
1747011966.8863633,-68,-16,96
1747011966.9223633,29,-24,-12
1747011966.9573634,-24,-26,-41
1747011966.9923637,55,-56,128
1747011967.0273633,11,-1,-45
1747011967.0633633,-19,-41,95
1747011967.099363,30,4,85
1747011967.1343634,28,0,75
1747011967.1703634,46,-63,111
1747011967.2053633,-9,-91,69
1747011967.2403634,-30,-23,-28
1747011967.2753634,-76,40,69
1747011967.3113637,-29,-20,123
1747011967.3473637,-23,-20,151
1747011967.382363,-81,-22,120
1747011967.418363,24,47,51
1747011967.4533634,-81,-84,59
1747011967.4883633,13,98,33
1747011967.5233634,58,29,14
1747011967.5593634,-75,57,-63
1747011967.5953634,3,-19,138
1747011967.6303637,14,-54,80
1747011967.6663637,-23,67,-53
1747011967.701363,57,-51,32
1747011967.7363634,139,16,62
1747011967.7713633,-2,-2,90
1747011967.8073633,-28,90,90
1747011967.8433633,11,-28,38
1747011967.8783634,-2,-28,-11
1747011967.9143634,21,-4,-7
1747011967.9493637,25,2,-41
1747011967.9843633,23,28,20
1747011968.0193634,49,32,156
1747011968.0553634,-19,89,8
1747011968.0913634,-75,63,66
1747011968.1263633,88,-60,0
1747011968.1623633,-20,36,132
1747011968.1973634,7,8,-57
1747011968.2323637,-27,-127,114
1747011968.2683637,44,-94,12
1747011968.303363,28,-20,66
1747011968.339363,20,-58,76
1747011968.3743634,39,-33,112
1747011968.4103634,37,40,82
1747011968.4453633,-24,-57,-5
1747011968.4803634,10,-23,132
1747011968.5163634,3,10,102
1747011968.5513637,-78,-45,212
1747011968.5873632,19,-11,46
1747011968.622363,23,-11,-3
1747011968.658363,-86,-54,134
1747011968.6933634,-78,35,146
1747011968.7283633,71,-103,130
1747011968.7643633,54,41,111
1747011968.7993634,26,-26,134
1747011968.8353634,40,29,210
1747011968.8703637,26,15,16
1747011968.9063632,59,-29,108
1747011968.941363,55,20,127
1747011968.9763634,26,-18,139
1747011969.0123634,83,-63,13
1747011969.0473633,-20,-18,49
1747011969.0833633,27,-65,87
1747011969.1183634,1,37,19
1747011969.1543634,41,-60,31
1747011969.1893632,0,-14,73
1747011969.224363,116,-73,51
1747011969.260363,25,9,97
1747011969.2953634,-24,17,49
1747011969.3313634,-16,23,41
1747011969.3663633,-54,39,81
1747011969.4023633,51,11,-48
1747011969.4373634,-24,-58,-62
1747011969.4723637,-14,5,78
1747011969.5083632,-40,11,66
1747011969.543363,37,21,193
1747011969.579363,5,51,139
1747011969.6143634,9,-10,53
1747011969.6503634,9,-36,48
1747011969.6853633,61,23,40
1747011969.7203634,-28,-14,134
1747011969.7563634,30,-39,102
1747011969.7913637,26,52,122
1747011969.8273633,-19,0,132
1747011969.862363,-20,-26,174
1747011969.8983634,23,29,186
1747011969.9343634,-25,-83,78
1747011969.9693637,20,-35,42
1747011970.0043633,-8,-48,6
1747011970.0403633,-4,-16,76
1747011970.076363,-2,19,90
1747011970.1113634,41,-34,46
1747011970.1473634,-20,0,70
1747011970.1823633,12,-121,42
1747011970.2173634,12,22,184
1747011970.2523634,22,4,64
1747011970.2883637,-75,88,40
1747011970.3243637,0,-59,168
1747011970.3593633,-33,62,6
1747011970.395363,92,-33,132
1747011970.4303634,45,53,31
1747011970.4653633,-16,1,68
1747011970.500363,-67,-47,104
1747011970.5363634,52,17,132
1747011970.5723634,-50,19,-80
1747011970.6073637,28,-61,-4
1747011970.6433637,0,-5,62
1747011970.678363,34,-31,17
1747011970.7133634,16,76,51
1747011970.7483633,84,22,59
1747011970.7843633,-6,47,97
1747011970.8203633,-32,5,139
1747011970.8553634,-34,21,21
1747011970.8913634,-19,18,125
1747011970.9263637,-44,36,127
1747011970.9613633,-50,-8,27
1747011970.9963634,47,3,111
1747011971.0323634,-41,12,121
1747011971.0683634,-6,59,103
1747011971.1033633,55,-54,89
1747011971.1393633,-42,-30,-2
1747011971.1743634,33,45,33
1747011971.2093637,-16,-88,-4
1747011971.2443633,11,33,121
1747011971.280363,-29,-30,71
1747011971.316363,-50,46,19
1747011971.3513634,-2,0,97
1747011971.3873634,13,-19,107
1747011971.4223633,0,64,92
1747011971.4573634,-1,-55,18
1747011971.4923637,-97,36,192
1747011971.5283637,-72,-37,90
1747011971.5643632,-56,51,68
1747011971.599363,64,4,-23
1747011971.635363,93,-72,24
1747011971.6703634,0,23,82
1747011971.7053633,50,-51,124
1747011971.7403634,91,0,74
1747011971.7763634,73,-69,-33
1747011971.8123634,29,28,84
1747011971.8473637,-6,16,64
1747011971.8833632,40,37,66
1747011971.918363,9,10,70
1747011971.9533634,-37,29,86
1747011971.9883633,-15,19,96
1747011972.0243633,26,7,61
1747011972.0603633,64,15,37
1747011972.0953634,40,75,-5
1747011972.1313634,41,24,171
1747011972.1663637,-10,-29,65
1747011972.201363,44,-22,27
1747011972.2363634,26,10,205
1747011972.2723634,-2,34,101
1747011972.3083634,40,-46,67
1747011972.3433633,14,-5,95
1747011972.3793633,-57,25,149
1747011972.4143634,-25,14,119
1747011972.4493637,-13,-17,9
1747011972.4843633,26,-1,215
1747011972.520363,-11,40,55
1747011972.556363,89,-50,33
1747011972.5913634,-44,9,75
1747011972.6273634,-53,-67,-40
1747011972.6623633,-50,-8,41
1747011972.6973634,14,90,99
1747011972.7323637,4,24,115
1747011972.7683637,101,49,81
1747011972.8043633,30,-29,73
1747011972.839363,-54,45,223
1747011972.875363,-45,30,21
1747011972.9103634,-37,58,95
1747011972.9453633,36,0,149
1747011972.9803634,-76,11,49
1747011973.0163634,-66,-64,-10
1747011973.0523634,-38,1,11
1747011973.0873632,-38,-28,79
1747011973.1233633,-66,11,99
1747011973.158363,13,-38,93
1747011973.1933634,25,81,97
1747011973.2293634,5,17,3
1747011973.2643633,-58,117,25
1747011973.3003633,-31,0,119
1747011973.3353634,0,-20,65
1747011973.3713634,-5,-8,93
1747011973.4063632,46,21,114
1747011973.441363,10,-94,104
1747011973.477363,62,-53,89
1747011973.5123634,-25,-19,143
1747011973.5483634,92,-15,113
1747011973.5833633,-11,88,176
1747011973.6193633,2,4,86
1747011973.6543634,-8,9,86
1747011973.6893632,-38,57,66
1747011973.7253633,-42,-44,118
1747011973.760363,43,-12,106
1747011973.7963634,60,4,114
1747011973.8313634,0,-35,-11
1747011973.8673637,66,33,114
1747011973.9023633,-7,-16,12
1747011973.9373634,-17,-60,92
1747011973.9733634,-73,-10,64
1747011974.0083632,-21,-88,98
1747011974.0443633,-22,3,108
1747011974.079363,23,-52,30
1747011974.1153634,-43,-12,80
1747011974.1503634,-53,-8,112
1747011974.1853633,-9,-24,12
1747011974.2213633,-6,31,36
1747011974.2563634,19,3,36
1747011974.2923634,-52,-10,166
1747011974.3273633,-8,-28,160
1747011974.3633633,-13,-59,177
1747011974.3983634,-42,10,44
1747011974.4333634,-30,17,38
1747011974.4693637,-44,-74,80
1747011974.5043633,9,-80,98
1747011974.5403633,33,59,148
1747011974.5753634,11,56,148
1747011974.6113634,22,-91,54
1747011974.6473634,-44,-2,-3
1747011974.6833634,47,-38,106
1747011974.7183633,58,-5,-55
1747011974.7533634,-3,-113,54
1747011974.7893634,-1,-39,-14
1747011974.8313634,40,-63,59
1747011974.8683634,-59,-9,59
1747011974.9033637,-7,-51,73
1747011974.9393632,23,3,115
1747011974.9753633,-36,9,35
1747011975.0113633,-27,-13,139
1747011975.0473633,-7,6,153
1747011975.0823634,-17,-17,-44
1747011975.1173637,3,-76,73
1747011975.1533637,21,69,1
1747011975.1893632,-10,9,129
1747011975.224363,59,-4,79
1747011975.260363,5,69,43
1747011975.2953634,-40,41,17
1747011975.3303633,-62,17,27
1747011975.3653634,53,46,73
1747011975.4013634,29,56,71
1747011975.4373634,23,53,85
1747011975.4723637,-36,55,3
1747011975.5083632,-6,-10,49
1747011975.543363,45,15,95
1747011975.5783634,-32,71,179
1747011975.6133633,-12,-26,107
1747011975.6493633,17,5,-50
1747011975.6853633,17,77,103
1747011975.7203634,-26,-53,47
1747011975.7563634,1,-39,17
1747011975.7913637,-12,-50,83
1747011975.826363,29,27,79
1747011975.8613634,-40,-30,47
1747011975.8973634,-55,-121,95
1747011975.9333634,33,39,33
1747011975.9683633,-22,21,35
1747011976.0043633,54,-15,-6
1747011976.0393634,-34,-6,83
1747011976.0743637,-26,55,-26
1747011976.1093633,-48,36,147
1747011976.145363,-44,0,157
1747011976.181363,51,-70,59
1747011976.2163634,-14,29,-2
1747011976.2523634,55,19,91
1747011976.2873633,-63,-24,193
1747011976.3223634,42,-12,119
1747011976.3573637,18,57,109
1747011976.3933637,-21,-2,87
1747011976.4293633,24,-25,129
1747011976.464363,-13,32,138
1747011976.500363,2,-23,64
1747011976.5353634,0,30,36
1747011976.5703633,-39,10,28
1747011976.6053634,2,44,80
1747011976.6413634,5,-4,88
1747011976.6773634,49,-50,32
1747011976.7123632,20,-77,24
1747011976.7483633,9,-50,32
1747011976.783363,-54,-2,96
1747011976.8183634,43,15,-41
1747011976.8533633,111,41,-37
1747011976.8893633,1,-16,22
1747011976.9253633,29,-33,4
1747011976.9603634,-18,-9,122
1747011976.9963634,81,-60,204
1747011977.0313632,61,67,-9
1747011977.066363,-4,-19,82
1747011977.1013634,11,38,-17
1747011977.1373634,-65,-65,37
1747011977.1733634,-1,-1,123
1747011977.2083633,-25,-61,-38
1747011977.2443633,28,25,104
1747011977.2793634,-31,37,-40
1747011977.3143632,20,-84,72
1747011977.349363,0,-50,139
1747011977.385363,112,11,31
1747011977.4213634,73,-24,-14
1747011977.4563634,-19,-46,5
1747011977.4923637,-11,-68,121
1747011977.5273633,28,-74,75
1747011977.5623634,-78,-11,87
1747011977.5973637,-14,-91,9
1747011977.6333632,0,-53,84
1747011977.6693633,25,10,79
1747011977.704363,5,-13,40
1747011977.7403634,-44,40,56
1747011977.7753634,5,-15,50
1747011977.8103633,-40,26,110
1747011977.8453634,-46,46,16
1747011977.8813634,-67,-82,86
1747011977.9173634,20,49,62
1747011977.9523633,-24,36,118
1747011977.9883633,75,-3,70
1747011978.0233634,-26,-5,100
1747011978.0583634,13,52,46
1747011978.0933633,-6,-9,90
1747011978.1293633,-60,72,2
1747011978.1653633,-22,8,52
1747011978.2003634,-48,-91,26
1747011978.2363634,47,-27,130
1747011978.2713633,15,-83,136
1747011978.306363,-41,-8,78
1747011978.3423634,63,-19,58
1747011978.3773634,4,-10,28
1747011978.4133637,29,-42,36
1747011978.4483633,-8,-2,208
1747011978.4843633,49,21,-63
1747011978.5193634,-30,-12,134
1747011978.5543633,-2,-88,94
1747011978.5903633,5,-8,80
1747011978.625363,-20,3,154
1747011978.6613634,11,13,101
1747011978.6963634,8,-37,103
1747011978.7323637,-117,6,163
1747011978.7673633,22,-11,-68
1747011978.8023634,-55,-5,87
1747011978.8383634,-5,-13,117
1747011978.8733633,16,-5,-76
1747011978.9093633,19,-48,41
1747011978.9443634,-61,-114,65
1747011978.9803634,-22,-14,55
1747011979.0153637,21,-52,39
1747011979.0503633,-35,25,19
1747011979.0863633,-67,15,99
1747011979.1213634,41,19,71
1747011979.1573634,-41,9,55
1747011979.1923633,24,-44,-12
1747011979.2283633,11,-64,83
1747011979.2633634,-8,53,27
1747011979.2983634,17,-38,69
1747011979.3343637,32,5,35
1747011979.3693633,13,5,115
1747011979.405363,21,-70,159
1747011979.4403634,-26,-22,31
1747011979.4763634,4,35,183
1747011979.5113633,0,-100,213
1747011979.5463634,39,-16,41
1747011979.5823634,9,17,45
1747011979.6173637,55,-24,5
1747011979.6533637,-68,0,55
1747011979.6883633,1,75,127
1747011979.724363,31,0,91
1747011979.7593634,21,-56,81
1747011979.7943633,-20,-40,83
1747011979.8303633,1,-50,-20
1747011979.8653634,7,7,-26
1747011979.9013634,12,-25,-28
1747011979.9363637,12,-41,177
1747011979.9723637,-8,17,59
1747011980.007363,5,9,24
1747011980.0423634,43,31,50
1747011980.0783634,23,-18,162
1747011980.1133633,-10,-38,140
1747011980.1493633,-2,3,118
1747011980.1843634,55,3,190
1747011980.2193637,60,-20,60
1747011980.2543633,69,-22,30
1747011980.2903633,57,-72,230
1747011980.326363,-22,5,-63
1747011980.3613634,47,-84,54
1747011980.3973634,13,-14,-27
1747011980.4323633,-53,-15,112
1747011980.4673634,88,-67,34
1747011980.5023634,20,-4,92
1747011980.5383637,7,-6,4
1747011980.5743637,-38,-28,102
1747011980.6093633,-20,-40,-89
1747011980.645363,41,-32,124
1747011980.6803634,-31,-23,70
1747011980.7153633,-60,17,98
1747011980.750363,13,-22,70
1747011980.7863634,-2,-24,50
1747011980.8223634,63,75,24
1747011980.8573637,75,-18,-62
1747011980.8933637,2,-2,91
1747011980.928363,90,-28,49
1747011980.9633634,24,39,-8
1747011980.9983633,89,-20,58
1747011981.0343633,18,-21,90
1747011981.0703633,24,90,97
1747011981.1053634,5,-42,173
1747011981.1413634,-52,53,159
1747011981.1763637,-26,41,88
1747011981.2113633,7,1,27
1747011981.2463634,-10,25,82
1747011981.2823634,55,-46,93
1747011981.3183634,-82,-42,87
1747011981.3533633,45,-26,72
1747011981.3893633,14,-21,65
1747011981.4243634,22,78,65
1747011981.4593637,-21,-23,5
1747011981.4943633,-43,-9,11
1747011981.530363,4,-19,97
1747011981.566363,-95,-63,52
1747011981.6013634,17,25,142
1747011981.6373634,-24,-58,64
1747011981.6723633,43,1,8
1747011981.7073634,7,29,-91
1747011981.7423637,61,11,82
1747011981.7783637,-50,-46,88
1747011981.8143632,-31,-5,114
1747011981.849363,-19,52,30
1747011981.885363,68,-13,154
1747011981.9203634,16,14,174
1747011981.9553633,-24,41,24
1747011981.9903634,21,-104,102
1747011982.0263634,7,49,34
1747011982.0623634,-51,-59,62
1747011982.0973637,36,-21,112
1747011982.1333632,-47,4,48
1747011982.168363,16,74,54
1747011982.2033634,27,20,20
1747011982.2383633,17,2,10
1747011982.2743633,-16,10,70
1747011982.3103633,57,28,30
1747011982.3453634,-25,-11,98
1747011982.3813634,-1,-27,18
1747011982.4163637,25,8,62
1747011982.451363,78,-51,98
1747011982.4863634,27,-57,32
1747011982.5223634,-4,-19,142
1747011982.5583634,-22,-17,-35
1747011982.5933633,31,54,46
1747011982.6293633,-5,29,72
1747011982.6643634,40,-4,-99
1747011982.6993637,-41,13,84
1747011982.7343633,37,-4,101
1747011982.770363,7,43,51
1747011982.806363,27,57,99
1747011982.8413634,-24,-22,71
1747011982.8773634,89,27,55
1747011982.9123633,-14,-20,73
1747011982.9473634,-35,35,27
1747011982.9823637,-9,7,167
1747011983.0183637,-23,-20,-42
1747011983.0543633,-89,-50,99
1747011983.089363,-13,-64,153
1747011983.125363,-80,37,54
1747011983.1603634,1,38,17
1747011983.1953633,5,28,150
1747011983.2303634,-62,38,78
1747011983.2663634,-6,-54,68
1747011983.3023634,-32,20,160
1747011983.3373632,35,-29,4
1747011983.3733633,-23,-53,-19
1747011983.408363,99,-20,116
1747011983.4433634,-50,47,26
1747011983.4793634,-8,-34,90
1747011983.5143633,35,-3,70
1747011983.5503633,-19,37,154
1747011983.5853634,125,36,76
1747011983.6213634,37,-6,170
1747011983.6563632,-26,-27,46
1747011983.691363,1,-30,100
1747011983.727363,58,-10,14
1747011983.7623634,-63,-38,126
1747011983.7983634,-15,105,-75
1747011983.8333633,34,-38,216
1747011983.8693633,54,-38,40
1747011983.9043634,-28,61,104
1747011983.9393632,14,17,78
1747011983.9753633,46,-16,64
1747011984.010363,10,-47,44
1747011984.0463634,81,-6,12
1747011984.0813634,83,75,74
1747011984.1173637,-6,-43,66
1747011984.1523633,24,13,140
1747011984.1873634,34,45,162
1747011984.2233634,-11,-48,156
1747011984.2583632,10,-6,96
1747011984.2943633,-11,-16,206
1747011984.329363,-29,53,-43
1747011984.3653634,82,-4,218
1747011984.4003634,-47,-11,88
1747011984.4353633,-19,-86,28
1747011984.4713633,32,-5,42
1747011984.5063634,-31,28,99
1747011984.5423634,-69,-59,127
1747011984.5773633,8,-1,143
1747011984.6133633,-11,-41,99
1747011984.6483634,32,-23,-36
1747011984.6833634,64,-25,55
1747011984.7193637,66,-7,145
1747011984.7543633,-75,29,109
1747011984.7903633,34,29,49
1747011984.8323634,-71,121,85
1747011984.8693633,-49,31,-22
1747011984.9043634,-77,3,57
1747011984.9393632,-53,21,25
1747011984.9753633,15,-34,101
1747011985.010363,39,-18,47
1747011985.0463634,1,-37,99
1747011985.0813634,97,-4,-30
1747011985.1173637,28,-11,171
1747011985.1523633,28,82,-11
1747011985.1873634,-33,-37,-73
1747011985.2233634,20,-13,13
1747011985.2583632,-7,6,37
1747011985.2943633,-70,33,169
1747011985.329363,-56,-38,47
1747011985.3643634,49,-56,123
1747011985.3993633,117,19,-61
1747011985.4353633,53,67,-14
1747011985.4713633,-36,72,154
1747011985.5063634,5,95,26
1747011985.5423634,-28,105,80
1747011985.5773633,25,9,100
1747011985.612363,37,-52,40
1747011985.6473634,57,-40,-49
1747011985.6833634,-70,-44,120
1747011985.7193637,-24,-48,30
1747011985.7543633,51,-22,120
1747011985.7903633,-40,-44,7
1747011985.8253634,-80,-72,96
1747011985.8603632,-3,54,169
1747011985.895363,0,0,49
1747011985.931363,12,-10,-44
1747011985.9673634,6,-113,78
1747011986.0023634,-36,-28,110
1747011986.0383637,55,67,52
1747011986.0733633,60,-48,140
1747011986.1083634,-75,89,62
1747011986.1433637,20,-18,38
1747011986.1793633,12,-61,90
1747011986.2153633,48,8,83
1747011986.250363,-23,-25,145
1747011986.2863634,-67,-49,159
1747011986.3213634,-23,8,153
1747011986.3563633,85,42,45
1747011986.3913634,-21,-55,29
1747011986.4273634,39,62,-68
1747011986.4633634,37,-41,71
1747011986.4983633,-17,-19,12
1747011986.5343633,-9,-25,126
1747011986.5693634,18,40,58
1747011986.6043634,60,-31,52
1747011986.6393633,-69,60,12
1747011986.6753633,52,30,-9
1747011986.7113633,61,41,124
1747011986.7463634,69,63,0
1747011986.7823634,-2,-26,48
1747011986.8173633,7,-58,57
1747011986.852363,3,-28,74
1747011986.8873634,85,-12,96
1747011986.9233634,91,-2,-11
1747011986.9593637,45,-2,28
1747011986.9943633,-36,-6,48
1747011987.030363,67,5,46
1747011987.0653634,-46,-62,-12
1747011987.1003633,-68,35,8
1747011987.135363,25,69,38
1747011987.1713634,109,-35,34
1747011987.2073634,-20,0,56
1747011987.2423637,-44,4,58
1747011987.2783637,-26,-5,50
1747011987.3133633,13,44,50
1747011987.3483634,9,-58,54
1747011987.3833632,-14,-15,108
1747011987.4193633,21,-91,134
1747011987.4553633,-6,44,90
1747011987.4903634,-8,-29,119
1747011987.5263634,11,-34,113
1747011987.5613637,-37,60,61
1747011987.5963633,-9,40,117
1747011987.6313634,57,-41,75
1747011987.6673634,61,30,-38
1747011987.7033634,-42,49,59
1747011987.7383633,114,-33,51
1747011987.7743633,-42,29,-12
1747011987.8093634,-18,57,71
1747011987.8443637,21,101,-12
1747011987.8793633,0,-12,35
1747011987.9153633,-32,13,-16
1747011987.951363,75,-60,123
1747011987.9863634,-26,-2,77
1747011988.0223634,75,9,37
1747011988.0573633,25,-38,65
1747011988.0923634,-34,-60,23
1747011988.1273634,15,13,61
1747011988.1633637,-8,50,165
1747011988.1993637,75,52,23
1747011988.2343633,13,17,141
1747011988.270363,7,80,95
1747011988.3053634,11,-7,143
1747011988.3403633,21,32,151
1747011988.3763633,-68,-89,90
1747011988.4113634,1,-73,114
1747011988.4473634,-42,61,35
1747011988.4823637,17,-8,4
1747011988.5183637,6,-21,38
1747011988.553363,90,-86,38
1747011988.5883634,-25,-4,102
1747011988.6243634,14,27,130
1747011988.6593633,34,65,108
1747011988.6953633,-11,-10,-1
1747011988.7303634,-29,29,86
1747011988.7663634,-45,-5,78
1747011988.8013637,-5,2,-9
1747011988.8363633,100,33,176
1747011988.872363,23,13,130
1747011988.9073634,25,-2,24
1747011988.9433634,0,-48,94
1747011988.9783633,48,-15,92
1747011989.0143633,2,13,61
1747011989.0493634,-49,-20,31
1747011989.0843637,28,-64,110
1747011989.1203637,7,17,97
1747011989.155363,-36,5,193
1747011989.191363,25,33,85
1747011989.2263634,-38,-58,127
1747011989.2623634,77,9,-48
1747011989.2973633,-58,-40,183
1747011989.3323634,96,4,117
1747011989.3683634,44,46,127
1747011989.4033637,21,-22,155
1747011989.4393632,-79,-6,44
1747011989.474363,-16,11,112
1747011989.510363,48,51,77
1747011989.5453634,-5,3,93
1747011989.5803633,25,24,78
1747011989.6163633,-36,27,106
1747011989.6513634,5,-20,100
1747011989.6873634,26,4,54
1747011989.7223637,-29,2,70
1747011989.757363,6,-23,56
1747011989.7923634,59,-12,74
1747011989.8283634,54,-10,14
1747011989.8643634,36,15,50
1747011989.8993633,-32,33,-25
1747011989.9353633,20,61,104
1747011989.9703634,-8,3,76
1747011990.0063634,-2,-16,12
1747011990.0413637,-48,-28,92
1747011990.076363,75,-54,84
1747011990.112363,-51,-40,-3
1747011990.1473634,-61,55,124
1747011990.1833634,-25,-6,64
1747011990.2183633,15,27,165
1747011990.2543633,63,25,74
1747011990.2903633,25,-66,144
1747011990.326363,63,57,138
1747011990.362363,-50,65,292
1747011990.3973634,15,-10,154
1747011990.4323633,49,59,80
1747011990.4683633,-34,15,-11
1747011990.5043633,-18,45,-51
1747011990.5393634,-10,-6,86
1747011990.5753634,-39,62,-87
1747011990.6103632,24,45,48
1747011990.645363,21,-90,42
1747011990.6803634,20,-55,116
1747011990.7163634,124,79,-9
1747011990.7523634,79,63,64
1747011990.7873633,89,-38,50
1747011990.8233633,11,87,-13
1747011990.8583634,33,101,44
1747011990.8933637,103,20,56
1747011990.928363,50,-50,18
1747011990.964363,-13,-34,-51
1747011991.000363,-53,-48,24
1747011991.0353634,55,22,52
1747011991.0713634,-21,3,12
1747011991.1063633,-55,11,82
1747011991.1413634,-29,5,16
1747011991.1763637,11,-20,8
1747011991.2123632,39,15,61
1747011991.2483633,-1,-75,111
1747011991.283363,39,-50,31
1747011991.3193634,-32,-32,57
1747011991.3543634,29,21,-14
1747011991.3893633,-26,39,63
1747011991.4243634,45,-54,101
1747011991.4603634,-20,9,23
1747011991.4963634,3,27,33
1747011991.5313632,5,-18,257
1747011991.5673633,47,-6,89
1747011991.602363,31,11,-78
1747011991.6373634,17,19,-4
1747011991.6723633,39,-12,103
1747011991.7083633,-37,0,97
1747011991.7443633,47,-42,117
1747011991.7793634,50,-56,99
1747011991.8153634,57,33,117
1747011991.8503633,-26,43,151
1747011991.885363,-51,-52,59
1747011991.9203634,35,53,173
1747011991.9563634,71,-4,119
1747011991.9923637,-64,71,113
1747011992.0273633,-90,9,109
1747011992.0633633,-94,53,143
1747011992.0983634,17,-34,89
1747011992.1333632,-6,-30,89
1747011992.168363,1,-8,43
1747011992.204363,-60,-18,27
1747011992.2403634,59,-24,-34
1747011992.2753634,52,23,-26
1747011992.3113637,-47,3,33
1747011992.3463633,-78,-26,103
1747011992.3813634,30,23,101
1747011992.4163637,-46,7,117
1747011992.4523633,5,-4,115
1747011992.4883633,-32,3,59
1747011992.5233634,8,-33,101
1747011992.5593634,-24,-48,179
1747011992.5943637,-19,-67,17
1747011992.6293633,41,37,25
1747011992.6643634,-72,19,15
1747011992.7003634,-22,-14,-96
1747011992.7363634,73,48,-10
1747011992.7713633,59,-13,79
1747011992.8073633,57,53,239
1747011992.8423634,19,-11,-18
1747011992.8773634,-4,-40,41
1747011992.9123633,4,122,33
1747011992.9483633,56,-53,209
1747011992.9843633,-40,-10,140
1747011993.0193634,-36,-22,14
1747011993.0553634,18,6,-13
1747011993.0903633,20,27,40
1747011993.125363,-18,14,52
1747011993.1613634,7,4,78
1747011993.1963634,-28,-66,96
1747011993.2323637,93,13,60
1747011993.2673633,1,11,48
1747011993.303363,-67,-37,132
1747011993.3383634,84,-1,36
1747011993.3733633,55,17,76
1747011993.408363,-14,0,74
1747011993.4443634,3,9,90
1747011993.4803634,0,-22,0
1747011993.5153637,-2,0,62
1747011993.5513637,-22,35,74
1747011993.5863633,24,52,158
1747011993.6213634,-10,-29,38
1747011993.6573634,-17,0,68
1747011993.6923633,-8,-49,120
1747011993.7283633,21,-45,196
1747011993.7633634,31,20,47
1747011993.7993634,-22,-53,70
1747011993.8343637,-6,30,-161
1747011993.8693633,9,-5,130
1747011993.905363,-2,-99,33
1747011993.9403634,-14,18,77
1747011993.9763634,1,-77,20
1747011994.0113633,54,10,42
1747011994.0473633,-100,11,96
1747011994.0823634,25,39,102
1747011994.1173637,-48,-10,76
1747011994.1533637,68,-47,22
1747011994.1883633,92,-7,211
1747011994.224363,-115,40,145
1747011994.2593634,-28,49,254
1747011994.2953634,-42,-20,-21
1747011994.3303633,87,-10,106
1747011994.3653634,-30,-95,32
1747011994.4013634,-72,124,192
1747011994.4363637,-26,-2,224
1747011994.4723637,-4,81,158
1747011994.507363,7,23,117
1747011994.543363,-22,39,105
1747011994.5783634,67,35,167
1747011994.6133633,-8,-42,91
1747011994.6493633,-82,-13,103
1747011994.6843634,-4,-39,-2
1747011994.7203634,-50,-57,7
1747011994.7553637,47,46,59
1747011994.7913637,-52,28,47
1747011994.8333633,-14,-113,83
1747011994.8693633,-60,13,155
1747011994.905363,-86,-24,77
1747011994.9403634,51,-40,153
1747011994.9763634,-14,41,-6
1747011995.0113633,3,51,93
1747011995.0473633,-19,36,71
1747011995.0823634,9,31,83
1747011995.1173637,68,6,41
1747011995.1533637,-7,-93,21
1747011995.1883633,-21,8,65
1747011995.224363,91,44,37
1747011995.2593634,11,-3,131
1747011995.2953634,15,-33,179
1747011995.3303633,10,57,107
1747011995.3653634,4,51,11
1747011995.4013634,-48,-59,-3
1747011995.4363637,11,-9,70
1747011995.4723637,-26,-47,-41
1747011995.507363,-26,90,44
1747011995.5423634,51,-57,40
1747011995.5773633,-50,-33,90
1747011995.6133633,-4,10,-45
1747011995.6493633,6,-2,30
1747011995.6843634,-62,-59,64
1747011995.7203634,-36,44,34
1747011995.7553637,-28,0,0
1747011995.7903633,-13,-25,14
1747011995.8253634,-2,-8,94
1747011995.8613634,-17,-115,-43
1747011995.8973634,-7,12,48
1747011995.9323633,10,-35,150
1747011995.9683633,-29,-45,52
1747011996.0033634,24,-21,76
1747011996.0383637,54,26,182
1747011996.0733633,-19,10,98
1747011996.1093633,105,49,78
1747011996.145363,37,25,14
1747011996.1803634,-29,-63,60
1747011996.2163634,-40,-30,6
1747011996.2513633,54,-27,48
1747011996.2863634,14,16,92
1747011996.3213634,-7,34,131
1747011996.3573637,4,0,91
1747011996.3933637,23,-27,165
1747011996.428363,2,-13,10
1747011996.464363,76,-37,-14
1747011996.4993634,-21,10,57
1747011996.5343633,28,6,193
1747011996.5693634,-3,22,39
1747011996.6053634,-5,0,68
1747011996.6413634,0,1,150
1747011996.6763637,-16,11,-25
1747011996.7123632,73,13,-45
1747011996.747363,27,7,144
1747011996.7823634,1,41,-55
1747011996.8173633,-124,1,108
1747011996.8533633,0,-6,22
1747011996.8893633,20,3,90
1747011996.9243634,-41,-70,4
1747011996.9603634,1,-18,132
1747011996.9953637,15,89,112
1747011997.030363,13,-88,90
1747011997.0653634,-39,27,-98
1747011997.1013634,-6,-26,67
1747011997.1373634,-15,20,-10
1747011997.1723633,-4,-13,17
1747011997.2083633,55,-11,-42
1747011997.2433634,63,-27,13
1747011997.2783637,133,18,45
1747011997.3133633,2,45,115
1747011997.349363,-113,51,95
1747011997.385363,26,-38,133
1747011997.4203634,28,-26,-46
1747011997.4563634,-46,8,75
1747011997.4913633,-13,-12,61
1747011997.5263634,-25,73,125
1747011997.5613637,-9,-76,49
1747011997.5973637,-33,-14,49
1747011997.6333632,-50,-63,47
1747011997.668363,-58,10,-10
1747011997.704363,-60,12,69
1747011997.7393634,-4,-47,85
1747011997.7743633,69,20,90
1747011997.8093634,-67,35,79
1747011997.8453634,-75,-9,57
1747011997.8813634,31,6,141
1747011997.9163637,0,-18,173
1747011997.9523633,15,-51,65
1747011997.987363,-106,2,185
1747011998.0223634,-30,22,213
1747011998.0583634,-36,-89,23
1747011998.0933633,-33,-5,123
1747011998.1293633,21,-53,23
1747011998.1643634,-4,8,71
1747011998.2003634,17,18,163
1747011998.2353632,-36,44,-53
1747011998.270363,-45,-3,114
1747011998.3053634,-31,-46,-39
1747011998.3413634,-12,-17,8
1747011998.3773634,27,6,149
1747011998.4123633,37,-45,107
1747011998.4483633,-54,33,-24
1747011998.4833634,-12,-30,1
1747011998.5183637,-14,19,9
1747011998.5543633,-15,-11,19
1747011998.589363,-54,-40,124
1747011998.625363,10,-41,54
1747011998.6603634,-1,75,66
1747011998.6963634,8,51,56
1747011998.7313633,-13,30,50
1747011998.7663634,-2,23,100
1747011998.8023634,-14,-30,244
1747011998.8373632,-17,-5,76
1747011998.8733633,-15,-1,-9
1747011998.908363,-25,-43,174
1747011998.9443634,-17,-37,78
1747011998.9793634,16,22,128
1747011999.0143633,-53,6,68
1747011999.0503633,-80,-14,124
1747011999.0853634,-40,-10,106
1747011999.1213634,-118,85,160
1747011999.1563632,57,-28,30
1747011999.1923633,-16,119,44
1747011999.227363,29,43,70
1747011999.2623634,-22,-13,124
1747011999.2983634,-46,20,96
1747011999.3333633,-66,24,43
1747011999.3693633,-48,2,27
1747011999.4043634,-2,0,82
1747011999.4403634,-40,-41,24
1747011999.4753633,-73,0,38
1747011999.510363,53,31,150
1747011999.5463634,-2,15,10
1747011999.5813634,41,97,140
1747011999.6173637,-76,-48,153
1747011999.6523633,31,39,171
1747011999.6883633,-86,-18,116
1747011999.7233634,51,35,140
1747011999.7583632,-12,-38,60
1747011999.7943633,1,29,160
1747011999.829363,-20,-10,16
1747011999.8653634,-11,-43,28
1747011999.9003634,39,55,46
1747011999.9363637,19,49,114
1747011999.9713633,-50,37,-43
1747012000.0063634,-1,-18,-13
1747012000.0423634,-23,-35,80
1747012000.0773633,52,69,-23
1747012000.1133633,-35,5,72
1747012000.1483634,32,-17,34
1747012000.1843634,-1,16,82
1747012000.2193637,32,50,106
1747012000.2543633,-19,34,58
1747012000.2903633,12,26,100
1747012000.3253634,5,0,54
1747012000.3613634,-57,-20,96
1747012000.3963633,-39,-10,108
1747012000.4323633,-55,-63,-47
1747012000.4683633,24,-43,8
1747012000.5033634,-33,-29,92
1747012000.5383637,14,-6,118
1747012000.5743637,30,-48,80
1747012000.6103632,-5,33,104
1747012000.645363,42,92,34
1747012000.681363,-16,-59,-35
1747012000.7163634,1,-27,-23
1747012000.7513633,45,-1,36
1747012000.7863634,30,18,98
1747012000.8223634,-52,17,80
1747012000.8583634,24,-59,116
1747012000.8933637,4,18,-73
1747012000.9293633,-5,47,-3
1747012000.964363,17,-5,8
1747012000.9993634,21,14,6
1747012001.0343633,23,-79,20
1747012001.0703633,118,40,118
1747012001.1063633,48,-69,102
1747012001.1413634,-26,27,-45
1747012001.1773634,-83,-29,22
1747012001.2123632,106,-49,100
1747012001.247363,56,-23,24
1747012001.2823634,-43,20,72
1747012001.3183634,-15,-3,48
1747012001.3543634,28,22,-41
1747012001.3893633,20,-41,174
1747012001.4253633,-73,52,52
1747012001.4603634,-17,20,-7
1747012001.4953637,-1,32,138
1747012001.530363,30,34,132
1747012001.566363,-45,22,36
1747012001.602363,7,22,28
1747012001.6373634,22,32,24
1747012001.6733634,-31,-9,-21
1747012001.7083633,-3,130,72
1747012001.7433634,20,54,202
1747012001.7783637,-27,52,42
1747012001.8143632,-20,26,40
1747012001.8503633,0,-87,-15
1747012001.885363,-15,11,106
1747012001.9213634,27,8,-77
1747012001.9563634,-40,2,116
1747012001.9913633,103,-13,2
1747012002.0263634,31,-3,4
1747012002.0623634,10,-40,122
1747012002.0983634,46,-2,64
1747012002.1333632,-18,-39,112
1747012002.1693633,-65,13,-11
1747012002.204363,24,-22,184
1747012002.2393634,-31,7,36
1747012002.2743633,-52,27,154
1747012002.3103633,79,9,104
1747012002.3463633,6,-33,64
1747012002.3813634,12,34,36
1747012002.4173634,-29,-11,16
1747012002.4523633,2,18,7
1747012002.487363,59,10,15
1747012002.5223634,39,48,71
1747012002.5583634,20,-19,133
1747012002.5943637,-11,38,107
1747012002.6293633,-51,2,-72
1747012002.6653633,12,28,165
1747012002.7003634,48,59,125
1747012002.7353632,26,-37,117
1747012002.770363,-125,-90,27
1747012002.806363,114,36,157
1747012002.8423634,23,-34,-34
1747012002.8773634,-22,9,27
1747012002.9133637,30,-28,103
1747012002.9483633,-24,-48,243
1747012002.9833634,12,-46,45
1747012003.0183637,70,103,-20
1747012003.0543633,10,-2,113
1747012003.0903633,14,33,-6
1747012003.125363,28,-2,57
1747012003.1613634,10,8,137
1747012003.1963634,40,-11,77
1747012003.2313633,-39,46,19
1747012003.2663634,-21,-23,-36
1747012003.3023634,65,-14,151
1747012003.3383634,18,50,147
1747012003.3733633,22,26,47
1747012003.4093633,71,33,155
1747012003.4443634,49,-50,11
1747012003.4793634,27,-42,49
1747012003.5143633,-64,25,1
1747012003.5503633,47,27,69
1747012003.5863633,-2,-11,53
1747012003.6213634,-5,-11,101
1747012003.6573634,38,11,75
1747012003.6923633,16,67,111
1747012003.727363,-93,-35,149
1747012003.7633634,18,10,41
1747012003.7983634,52,-7,27
1747012003.8343637,-9,-7,65
1747012003.8693633,37,0,59
1747012003.905363,-12,-59,149
1747012003.9403634,-30,-97,81
1747012003.9753633,33,-77,5
1747012004.0113633,-10,-12,29
1747012004.0463634,-76,41,35
1747012004.0823634,0,9,-73
1747012004.1173637,-85,49,112
1747012004.1533637,39,19,94
1747012004.1883633,43,-15,10
1747012004.2233634,37,-2,62
1747012004.2593634,-2,47,62
1747012004.2943633,-8,32,92
1747012004.3303633,3,-13,72
1747012004.3653634,-78,-15,-3
1747012004.4013634,-2,14,68
1747012004.4363637,13,20,121
1747012004.4713633,27,6,98
1747012004.507363,19,27,115
1747012004.5423634,55,3,81
1747012004.5783634,-14,7,128
1747012004.6133633,-2,-42,158
1747012004.6493633,-52,-6,82
1747012004.6843634,25,-31,98
1747012004.7193637,-12,53,60
1747012004.7553637,-36,-16,32
1747012004.7903633,2,-37,82
1747012004.826363,-44,0,29
1747012004.8683634,5,11,47
1747012004.905363,21,-22,72
1747012004.9403634,-20,15,144
1747012004.9753633,48,-25,134
1747012005.0113633,94,52,-15
1747012005.0463634,-49,-39,110
1747012005.0823634,82,-17,110
1747012005.1173637,-15,-6,104
1747012005.1533637,84,32,-5
1747012005.1883633,12,13,24
1747012005.2233634,-55,13,84
1747012005.2593634,22,-52,20
1747012005.2943633,-7,-8,-41
1747012005.3303633,26,39,-31
1747012005.3653634,76,0,46
1747012005.4003634,-13,41,228
1747012005.4353633,-31,-52,74
1747012005.4713633,52,-19,142
1747012005.507363,27,-33,109
1747012005.5423634,-39,-45,125
1747012005.5783634,0,-7,67
1747012005.6133633,-53,48,69
1747012005.6483634,-3,-5,99
1747012005.6833634,78,-9,61
1747012005.7193637,24,-51,29
1747012005.7553637,46,-13,77
1747012005.7903633,12,50,59
1747012005.826363,24,100,21
1747012005.8613634,58,32,15
1747012005.8963633,-27,-1,141
1747012005.931363,-3,34,9
1747012005.9673634,30,14,73
1747012006.0033634,-35,33,23
1747012006.0383637,-30,63,-130
1747012006.0743637,0,11,69
1747012006.1093633,-50,3,125
1747012006.1443634,21,-52,119
1747012006.1793633,83,2,147
1747012006.2153633,-12,-57,127
1747012006.2513633,15,-8,157
1747012006.2863634,75,-74,35
1747012006.3223634,19,-58,-2
1747012006.3573637,-8,3,87
1747012006.3923633,37,-14,21
1747012006.4273634,-34,11,5
1747012006.4633634,51,25,15
1747012006.4993634,13,37,7
1747012006.5343633,1,-48,61
1747012006.5703633,0,-32,89
1747012006.6053634,45,-31,181
1747012006.6403637,-10,11,25
1747012006.6753633,45,-24,-20
1747012006.7113633,4,-14,35
1747012006.747363,32,4,101
1747012006.7823634,-39,14,17
1747012006.8183634,32,6,161
1747012006.8533633,-12,-43,-22
1747012006.8883634,-33,76,-2
1747012006.9233634,-71,48,103
1747012006.9593637,103,-71,-1
1747012006.9953637,78,12,110
1747012007.030363,-57,-31,-33
1747012007.066363,-13,-43,-7
1747012007.1013634,-108,-23,54
1747012007.1363633,-75,0,66
1747012007.1713634,-39,19,20
1747012007.2073634,-51,-73,130
1747012007.2433634,28,-18,88
1747012007.2783637,-45,29,28
1747012007.3143632,-39,43,142
1747012007.349363,0,-22,220
1747012007.3843634,48,29,232
1747012007.4193633,-25,-9,60
1747012007.4553633,-27,-13,62
1747012007.4913633,44,6,30
1747012007.5263634,-35,64,112
1747012007.5623634,0,15,48
1747012007.5973637,59,29,114
1747012007.632363,43,4,56
1747012007.6673634,-18,-16,110
1747012007.7033634,75,12,90
1747012007.7393634,33,-63,80
1747012007.7743633,23,26,236
1747012007.8103633,5,-31,72
1747012007.8453634,-113,37,96
1747012007.8803637,54,103,94
1747012007.9153633,62,-8,100
1747012007.951363,-3,3,90
1747012007.987363,-75,-82,50
1747012008.0223634,44,15,-37
1747012008.0583634,32,5,24
1747012008.0933633,-54,38,-11
1747012008.1283634,-30,0,164
1747012008.1633637,-48,-1,32
1747012008.1993637,-20,-57,94
1747012008.2353632,35,-51,26
1747012008.270363,35,30,134
1747012008.306363,15,-7,90
1747012008.3413634,-28,-27,108
1747012008.3763633,27,6,56
1747012008.4113634,-6,26,91
1747012008.4473634,64,-64,41
1747012008.4833634,-33,1,3
1747012008.5183637,-55,-2,-18
1747012008.5543633,12,15,69
1747012008.589363,16,-82,43
1747012008.6243634,94,-2,148
1747012008.6593633,88,79,92
1747012008.6953633,-15,13,100
1747012008.7313633,52,-74,71
1747012008.7663634,-5,13,70
1747012008.8023634,18,-48,81
1747012008.8373632,10,-24,10
1747012008.872363,86,13,47
1747012008.908363,-50,-10,-36
1747012008.9433634,-10,71,100
1747012008.9793634,3,7,16
1747012009.0143633,-74,-16,-9
1747012009.0503633,-12,-16,150
1747012009.0853634,-28,-11,168
1747012009.1203637,-54,-39,115
1747012009.1563632,-10,-5,147
1747012009.191363,17,-12,12
1747012009.227363,-24,30,59
1747012009.2623634,31,-1,-24
1747012009.2983634,33,-15,121
1747012009.3333633,-12,66,-73
1747012009.3683634,-74,29,70
1747012009.4043634,-6,31,36
1747012009.4393632,-30,0,86
1747012009.4753633,-74,7,160
1747012009.510363,-22,-6,54
1747012009.5463634,5,-68,152
1747012009.5813634,65,25,52
1747012009.6163633,-47,-24,78
1747012009.6523633,-77,-30,104
1747012009.6873634,-11,29,82
1747012009.7233634,20,-36,42
1747012009.7583632,-69,15,195
1747012009.7943633,40,-30,-34
1747012009.829363,39,-24,63
1747012009.8643634,21,-38,48
1747012009.9003634,49,3,13
1747012009.9353633,-21,5,105
1747012009.9713633,-57,1,91
1747012010.0063634,-31,45,64
1747012010.0423634,39,38,-14
1747012010.0773633,-40,-51,53
1747012010.112363,27,2,5
1747012010.1483634,69,8,93
1747012010.1833634,29,14,-22
1747012010.2193637,-14,-7,133
1747012010.2543633,11,28,29
1747012010.2903633,11,6,0
1747012010.3253634,-22,42,57
1747012010.3603632,61,-45,235
1747012010.3963633,-95,-46,41
1747012010.431363,32,-32,1
1747012010.4673634,-24,-63,91
1747012010.5023634,-43,51,63
1747012010.5383637,7,-41,-104
1747012010.5743637,-2,32,173
1747012010.6103632,65,0,105
1747012010.6463633,-18,24,217
1747012010.681363,-10,-15,69
1747012010.7163634,7,21,73
1747012010.7523634,7,-26,39
1747012010.7883637,-14,-74,129
1747012010.8233633,0,-8,-26
1747012010.8593633,-28,73,71
1747012010.8943634,-10,-24,111
1747012010.9293633,29,5,79
1747012010.964363,23,-68,163
1747012011.000363,31,-18,113
1747012011.0363634,-16,66,127
1747012011.0713634,-10,-12,121
1747012011.1073637,-54,7,27
1747012011.1423633,-26,-18,76
1747012011.1773634,-50,15,63
1747012011.2123632,-28,-74,54
1747012011.2483633,30,-24,-71
1747012011.2843633,-50,5,84
1747012011.3193634,5,29,82
1747012011.3553634,33,-42,94
1747012011.3903637,-34,21,60
1747012011.4253633,-6,-72,48
1747012011.4603634,-52,-60,132
1747012011.4963634,-18,39,80
1747012011.5323634,-60,59,-15
1747012011.5673633,15,31,72
1747012011.6033633,29,53,30
1747012011.6383634,3,27,88
1747012011.6733634,-71,-15,-37
1747012011.7083633,-12,-36,56
1747012011.7443633,-4,43,-5
1747012011.780363,-25,-11,116
1747012011.8153634,34,-33,84
1747012011.8513634,-53,-7,174
1747012011.8863633,42,-9,26
1747012011.9213634,-31,90,83
1747012011.9563634,-37,-75,111
1747012011.9923637,-51,40,63
1747012012.0283637,19,49,154
1747012012.0633633,12,13,56
1747012012.099363,-53,-30,41
1747012012.1343634,68,67,107
1747012012.1693633,36,19,90
1747012012.204363,2,11,32
1747012012.2403634,70,-29,-7
1747012012.2763634,69,85,-117
1747012012.3113637,-68,-6,40
1747012012.3473637,-36,58,50
1747012012.382363,-4,-48,148
1747012012.4173634,78,-15,98
1747012012.4523633,68,0,94
1747012012.4883633,97,1,58
1747012012.5243633,-2,-13,194
1747012012.5593634,-41,-89,94
1747012012.5953634,-3,52,14
1747012012.6303637,-7,48,66
1747012012.6653633,70,-19,-5
1747012012.7003634,89,8,-11
1747012012.7363634,-61,8,116
1747012012.7723634,62,38,36
1747012012.8073633,8,-33,30
1747012012.8433633,-72,-1,48
1747012012.8783634,38,-49,48
1747012012.9133637,-33,-35,36
1747012012.9483633,-72,-51,134
1747012012.9843633,-44,-24,74
1747012013.020363,24,-21,34
1747012013.0553634,84,53,50
1747012013.0913634,23,40,17
1747012013.1263633,9,12,99
1747012013.1613634,91,-60,43
1747012013.1963634,27,35,137
1747012013.2323637,-56,-42,108
1747012013.2683637,-2,-36,112
1747012013.303363,-24,-2,122
1747012013.339363,-6,-68,94
1747012013.3743634,-58,13,94
1747012013.4093633,22,-69,-1
1747012013.4443634,8,34,60
1747012013.4803634,-56,-57,72
1747012013.5163634,30,50,134
1747012013.5513637,-23,-59,-5
1747012013.5873632,-9,-51,74
1747012013.622363,67,27,46
1747012013.6573634,-31,2,174
1747012013.6923633,38,-5,14
1747012013.7283633,64,-43,65
1747012013.7643633,43,13,146
1747012013.7993634,113,-38,148
1747012013.8353634,93,-30,36
1747012013.8703637,-42,-26,50
1747012013.905363,46,3,189
1747012013.941363,-41,25,79
1747012013.9763634,-8,-3,95
1747012014.0123634,-40,-38,105
1747012014.0473633,-116,-24,31
1747012014.0833633,-12,14,43
1747012014.1183634,-64,27,59
1747012014.1533637,47,27,43
1747012014.1893632,13,59,11
1747012014.224363,-37,-25,86
1747012014.260363,20,-39,76
1747012014.2953634,45,67,86
1747012014.3313634,36,-16,210
1747012014.3663633,16,-14,111
1747012014.4013634,27,3,141
1747012014.4373634,-21,26,69
1747012014.4723637,24,-11,27
1747012014.5083632,0,-17,151
1747012014.543363,7,26,-6
1747012014.579363,-20,44,55
1747012014.6143634,37,6,103
1747012014.6493633,35,20,169
1747012014.6853633,17,-9,193
1747012014.7203634,-32,50,85
1747012014.7563634,-70,-57,7
1747012014.7913637,-51,-70,129
1747012014.8273633,-3,41,75
1747012014.8693633,23,13,-10
1747012014.905363,28,17,125
1747012014.941363,-57,19,53
1747012014.9763634,33,-3,15
1747012015.0123634,-4,44,-2
1747012015.0473633,-16,-69,35
1747012015.0833633,93,-10,137
1747012015.1183634,63,99,17
1747012015.1533637,-76,-2,117
1747012015.1893632,54,-35,31
1747012015.224363,49,-44,-22
1747012015.260363,-20,7,33
1747012015.2953634,69,-72,153
1747012015.3313634,-6,45,31
1747012015.3663633,-44,27,155
1747012015.4013634,-36,-96,27
1747012015.4373634,11,83,15
1747012015.4723637,-110,-32,135
1747012015.5083632,-8,29,245
1747012015.543363,3,-67,-6
1747012015.579363,21,9,159
1747012015.6143634,-16,-12,129
1747012015.6493633,-4,-8,165
1747012015.6853633,-108,11,-14
1747012015.7203634,-84,-6,59
1747012015.7563634,-58,85,85
1747012015.7913637,-70,45,75
1747012015.826363,47,-90,139
1747012015.8613634,-13,-12,77
1747012015.8973634,42,-14,11
1747012015.9333634,-38,-32,3
1747012015.9683633,-63,-36,93
1747012016.0043633,-31,51,113
1747012016.0393634,14,-36,36
1747012016.0743637,-99,55,78
1747012016.1093633,-17,-8,80
1747012016.145363,28,-10,84
1747012016.181363,112,21,58
1747012016.2163634,22,17,102
1747012016.2523634,-45,-32,22
1747012016.2873633,-29,-16,176
1747012016.3223634,-69,-44,14
1747012016.3573637,-19,33,120
1747012016.3933637,-15,-28,110
1747012016.4293633,-73,-42,99
1747012016.464363,8,35,12
1747012016.500363,28,-14,172
1747012016.5353634,105,-61,74
1747012016.5703633,-40,-1,83
1747012016.6053634,39,-43,33
1747012016.6413634,0,-1,47
1747012016.6773634,-50,18,45
1747012016.7123632,-18,24,155
1747012016.7483633,-26,22,160
1747012016.783363,-10,42,-51
1747012016.8183634,109,-2,44
1747012016.8533633,-14,-86,48
1747012016.8893633,3,-12,82
1747012016.9253633,-14,15,-36
1747012016.9603634,-3,9,41
1747012016.9963634,0,-33,43
1747012017.0313632,24,-4,-46
1747012017.066363,36,75,7
1747012017.1013634,20,-16,85
1747012017.1373634,37,-13,65
1747012017.1733634,125,-41,109
1747012017.2083633,-57,95,39
1747012017.2443633,-7,-8,41
1747012017.2793634,-63,-62,93
1747012017.3143632,-45,5,67
1747012017.349363,6,-34,61
1747012017.385363,-22,-43,91
1747012017.4213634,-13,-21,9
1747012017.4563634,-53,-1,121
1747012017.4923637,-48,21,107
1747012017.5273633,-62,7,25
1747012017.5623634,40,27,-44
1747012017.5973637,62,-32,112
1747012017.6333632,-14,49,90
1747012017.6693633,92,61,38
1747012017.704363,82,29,24
1747012017.7403634,-25,-12,83
1747012017.7753634,-75,-46,156
1747012017.8103633,-50,-28,69
1747012017.8453634,-48,-4,162
1747012017.8813634,-26,-10,119
1747012017.9173634,31,13,-3
1747012017.9523633,-42,-72,112
1747012017.9883633,57,-8,76
1747012018.0233634,-42,-42,226
1747012018.0583634,7,-70,-95
1747012018.0933633,51,-114,70
1747012018.1293633,-14,65,-33
1747012018.1653633,5,-22,114
1747012018.2003634,-6,15,-155
1747012018.2363634,53,17,108
1747012018.2713633,13,-62,136
1747012018.306363,29,-6,104
1747012018.3413634,-30,33,116
1747012018.3773634,-22,27,66
1747012018.4133637,-92,-36,-11
1747012018.4483633,56,46,36
1747012018.4843633,54,-25,6
1747012018.5193634,-10,-48,148
1747012018.5543633,-12,11,40
1747012018.589363,75,61,74
1747012018.625363,11,45,48
1747012018.6613634,-12,17,-35
1747012018.6963634,7,-14,180
1747012018.7323637,-32,-20,-17
1747012018.7673633,5,22,-91
1747012018.8023634,61,24,58
1747012018.8373632,3,-11,14
1747012018.8733633,59,0,104
1747012018.9093633,-28,-78,50
1747012018.9443634,24,8,14
1747012018.9803634,5,67,78
1747012019.0153637,19,-42,-27
1747012019.0503633,-68,9,94
1747012019.0863633,-42,-62,72
1747012019.1213634,-38,-28,70
1747012019.1573634,-12,-30,30
1747012019.1923633,-4,-8,68
1747012019.2283633,59,0,62
1747012019.2633634,47,-24,106
1747012019.2983634,-55,-19,0
1747012019.3343637,34,-44,54
1747012019.3693633,16,-68,258
1747012019.405363,4,21,46
1747012019.4403634,-87,-68,-109
1747012019.4763634,-71,43,-7
1747012019.5113633,48,67,132
1747012019.5463634,-51,-43,34
1747012019.5823634,-19,-24,106
1747012019.6173637,39,13,167
1747012019.6533637,16,-27,117
1747012019.6883633,-11,-39,157
1747012019.724363,-9,-13,35
1747012019.7593634,30,12,-20
1747012019.7943633,-39,-27,23
1747012019.8303633,-17,-51,129
1747012019.8653634,8,-15,-36
1747012019.9013634,-13,12,15
1747012019.9363637,2,62,35
1747012019.9723637,20,-81,32
1747012020.007363,3,-12,35
1747012020.0423634,44,-31,21
1747012020.0783634,-64,-12,47
1747012020.1133633,39,-44,140
1747012020.1493633,3,-26,94
1747012020.1843634,-76,12,104
1747012020.2203634,-7,-22,72
1747012020.2553637,-58,-3,77
1747012020.2903633,-4,6,92
1747012020.326363,-24,-15,182
1747012020.3613634,-32,12,-59
1747012020.3973634,8,-17,63
1747012020.4323633,10,-1,147
1747012020.4683633,0,2,29
1747012020.5033634,-22,-15,9
1747012020.5383637,0,64,-48
1747012020.5743637,27,-35,131
1747012020.6093633,-88,-27,81
1747012020.645363,61,63,54
1747012020.6803634,33,8,16
1747012020.7163634,29,-53,88
1747012020.7523634,-80,-33,6
1747012020.7883637,25,-11,136
1747012020.8243637,-36,-51,150
1747012020.8593633,31,-17,48
1747012020.8943634,-70,32,104
1747012020.9303634,-50,45,132
1747012020.9663634,-47,-39,-12
1747012021.0013633,-13,-21,68
1747012021.0373633,-5,34,26
1747012021.0723634,-18,-6,92
1747012021.1073637,39,21,188
1747012021.1423633,-132,39,144
1747012021.178363,-59,20,70
1747012021.214363,-6,-13,-109
1747012021.2493634,-34,2,42
1747012021.2853634,-78,16,108
1747012021.3203633,44,-61,44
1747012021.3553634,35,74,-45
1747012021.3903637,13,56,158
1747012021.4263637,-8,-12,50
1747012021.4623632,-12,25,38
1747012021.497363,43,-47,66
1747012021.533363,-112,-12,52
1747012021.5683634,22,52,22
1747012021.6033633,11,-20,-33
1747012021.6383634,-62,31,64
1747012021.6743634,31,3,112
1747012021.7103634,39,2,44
1747012021.7453637,-30,-2,150
1747012021.7813632,76,-71,105
1747012021.816363,-7,4,23
1747012021.8513634,25,7,103
1747012021.8863633,56,-77,60
1747012021.9223633,-83,66,-1
1747012021.9583633,-35,-55,-43
1747012021.9933634,-19,34,54
1747012022.0293634,-44,-45,8
1747012022.0643632,-3,20,-91
1747012022.099363,-19,-69,118
1747012022.1343634,24,-9,6
1747012022.1703634,-43,52,82
1747012022.2063634,26,-54,162
1747012022.2413633,-53,-42,138
1747012022.2773633,-99,-76,58
1747012022.3123634,10,-4,60
1747012022.3473637,24,24,20
1747012022.382363,4,2,82
1747012022.418363,-8,37,102
1747012022.454363,-67,18,68
1747012022.4893634,-93,-1,212
1747012022.5253634,-17,-29,70
1747012022.5603633,72,-47,24
1747012022.5953634,32,31,96
1747012022.6303637,-8,43,13
1747012022.6663637,-90,-20,-2
1747012022.7023633,21,-34,67
1747012022.737363,23,-48,72
1747012022.7733634,-32,-18,120
1747012022.8083634,23,-41,128
1747012022.8433633,69,4,30
1747012022.8783634,4,-73,4
1747012022.9143634,7,-5,102
1747012022.9503634,15,-83,37
1747012022.9853632,5,-11,5
1747012023.0213633,40,27,5
1747012023.056363,7,17,-34
1747012023.0913634,-4,61,87
1747012023.1263633,9,39,97
1747012023.1623633,35,-49,75
1747012023.1983633,-93,-55,169
1747012023.2333634,47,36,9
1747012023.2693634,-31,15,198
1747012023.3043633,-57,-8,116
1747012023.339363,10,-60,-11
1747012023.3743634,-101,1,-13
1747012023.4103634,-7,-6,19
1747012023.4463634,-53,25,85
1747012023.4813633,56,-5,63
1747012023.5173633,-94,-16,85
1747012023.5523634,-23,60,-43
1747012023.5873632,-2,-32,66
1747012023.622363,7,-2,96
1747012023.658363,-27,-71,38
1747012023.6943634,57,-10,132
1747012023.7293634,23,-3,173
1747012023.7653637,0,20,59
1747012023.8003633,41,-19,101
1747012023.8353634,-32,-27,117
1747012023.8703637,-24,-22,85
1747012023.9063632,13,-12,-18
1747012023.9423633,39,14,191
1747012023.977363,-28,-69,75
1747012024.0133634,-36,42,-60
1747012024.0483634,0,-4,51
1747012024.0833633,33,-8,133
1747012024.1193633,26,25,41
1747012024.1543634,-23,65,67
1747012024.1903634,-7,-40,69
1747012024.2253633,74,11,75
1747012024.2613633,10,-44,135
1747012024.2963634,38,51,69
1747012024.3313634,-77,33,79
1747012024.3673637,-83,21,23
1747012024.4023633,-33,-34,-30
1747012024.4383633,-3,-16,-32
1747012024.4733634,-97,23,103
1747012024.5093634,-7,-50,27
1747012024.5443633,-7,5,33
1747012024.579363,43,-19,99
1747012024.6153634,-22,-3,21
1747012024.6503634,-34,28,-58
1747012024.6863637,51,-37,157
1747012024.7213633,41,-21,89
1747012024.757363,43,-43,61
1747012024.7923634,57,34,187
1747012024.8273633,-49,-30,55
1747012024.8633633,-29,93,97
1747012024.905363,30,-2,-18
1747012024.9423633,72,-4,83
1747012024.977363,10,-10,21
1747012025.0133634,4,-30,65
1747012025.0483634,20,-82,179
1747012025.0833633,-46,21,69
1747012025.1193633,13,-46,73
1747012025.1543634,-39,50,41
1747012025.1903634,54,-35,209
1747012025.2253633,44,74,1
1747012025.2613633,33,10,77
1747012025.2963634,27,23,-40
1747012025.3313634,15,-38,-12
1747012025.3673637,51,81,59
1747012025.4023633,-6,13,-74
1747012025.4383633,-32,25,63
1747012025.4733634,-108,8,43
1747012025.5093634,0,-36,90
1747012025.5443633,65,-12,-41
1747012025.579363,-50,6,134
1747012025.6153634,-42,3,110
1747012025.6503634,-48,-6,181
1747012025.6863637,61,-57,31
1747012025.7213633,-4,22,123
1747012025.757363,11,-40,81
1747012025.7923634,-88,53,94
1747012025.8273633,37,41,160
1747012025.8633633,-12,12,42
1747012025.8983634,-10,-71,39
1747012025.9343634,77,-27,64
1747012025.9693637,-10,85,22
1747012026.0043633,-42,109,160
1747012026.0393634,-12,35,56
1747012026.0753634,-38,1,128
1747012026.1113634,39,-50,24
1747012026.1463633,42,-29,94
1747012026.1823633,-44,15,80
1747012026.2173634,-7,-49,126
1747012026.2523634,-34,-10,110
1747012026.2873633,64,-21,104
1747012026.3233633,-26,23,24
1747012026.3593633,25,8,-81
1747012026.3943634,-54,-5,75
1747012026.4303634,-64,-5,24
1747012026.4653633,-8,-5,19
1747012026.500363,0,-37,104
1747012026.5353634,57,-99,80
1747012026.5713634,3,-59,114
1747012026.6073637,-74,-23,158
1747012026.6423633,73,46,98
1747012026.678363,-52,40,-47
1747012026.7133634,51,-5,4
1747012026.7483633,-50,-39,44
1747012026.783363,29,38,-19
1747012026.8193634,58,90,118
1747012026.8553634,29,-6,118
1747012026.8903637,31,57,146
1747012026.9263637,35,-52,109
1747012026.9613633,-18,3,57
1747012026.9963634,-33,-4,59
1747012027.0313632,5,65,49
1747012027.0673633,34,-58,125
1747012027.1033633,-13,27,-48
1747012027.1383634,-53,-102,-14
1747012027.1743634,26,-16,117
1747012027.2093637,-50,-4,53
1747012027.2443633,-17,13,203
1747012027.2793634,-37,-23,101
1747012027.3153634,3,36,45
1747012027.3513634,-8,-13,1
1747012027.3863633,-74,-46,113
1747012027.4223633,47,-11,75
1747012027.4573634,11,68,23
1747012027.4923637,-12,-59,57
1747012027.5273633,62,7,163
1747012027.5633633,-39,-22,11
1747012027.599363,-1,31,89
1747012027.6343634,-67,65,63
1747012027.6703634,12,-98,67
1747012027.7053633,29,79,39
1747012027.7403634,20,95,67
1747012027.7753634,25,-28,155
1747012027.8113637,-34,-14,115
1747012027.8473637,-5,-6,109
1747012027.882363,-25,-22,75
1747012027.918363,-27,-26,25
1747012027.9533634,-5,78,-44
1747012027.9883633,8,-8,127
1747012028.0233634,-12,33,12
1747012028.0593634,53,0,34
1747012028.0953634,-6,-10,17
1747012028.1303637,-29,15,123
1747012028.1663637,-56,-48,16
1747012028.201363,-13,-10,98
1747012028.2363634,33,-58,-61
1747012028.2713633,-40,-50,18
1747012028.3073633,-22,65,178
1747012028.3433633,-17,-25,90
1747012028.3783634,-15,39,80
1747012028.4143634,24,34,106
1747012028.4493637,58,57,148
1747012028.4843633,-27,9,12
1747012028.5193634,-7,-60,-7
1747012028.5553634,42,-67,60
1747012028.5913634,-45,19,-91
1747012028.6263633,-18,-48,118
1747012028.6623633,-72,-50,36
1747012028.6973634,33,25,166
1747012028.7323637,-26,-128,46
1747012028.7673633,17,39,140
1747012028.803363,-63,-42,154
1747012028.839363,-26,-16,100
1747012028.8743634,-34,-17,52
1747012028.9103634,10,-22,82
1747012028.9453633,28,-30,18
1747012028.9803634,-39,21,42
1747012029.0153637,-73,13,-67
1747012029.0513637,10,-80,68
1747012029.0873632,28,-34,54
1747012029.122363,18,44,145
1747012029.158363,-40,-20,103
1747012029.1933634,-28,-56,89
1747012029.2283633,-4,-50,72
1747012029.2643633,31,53,64
1747012029.2993634,-64,-46,-17
1747012029.3353634,-53,-116,110
1747012029.3703637,38,63,18
1747012029.4063632,40,7,40
1747012029.441363,8,49,-33
1747012029.4763634,-19,47,-7
1747012029.5123634,77,-10,-7
1747012029.5473633,-23,34,38
1747012029.5833633,10,106,-19
1747012029.6183634,-63,57,18
1747012029.6543634,62,75,-49
1747012029.6893632,-6,-52,-73
1747012029.724363,42,-20,62
1747012029.760363,43,17,82
1747012029.7953634,-44,26,20
1747012029.8313634,17,60,94
1747012029.8663633,27,30,75
1747012029.9023633,33,-35,139
1747012029.9373634,53,113,85
1747012029.9723637,11,-48,-40
1747012030.0083632,49,5,115
1747012030.043363,-70,35,83
1747012030.079363,21,-24,73
1747012030.1143634,5,27,9
1747012030.1503634,-30,25,135
1747012030.1853633,-8,17,11
1747012030.2203634,-22,63,113
1747012030.2563634,35,-20,13
1747012030.2913637,23,-34,35
1747012030.3273633,-43,78,95
1747012030.362363,-17,-55,27
1747012030.3983634,59,67,-22
1747012030.4333634,11,-28,67
1747012030.4683633,58,36,-56
1747012030.5043633,89,-26,137
1747012030.5393634,26,23,-4
1747012030.5753634,-9,45,13
1747012030.6103632,20,39,123
1747012030.6463633,34,31,71
1747012030.681363,-20,3,145
1747012030.7163634,3,-32,145
1747012030.7523634,-4,-50,89
1747012030.7873633,-20,-34,3
1747012030.8233633,41,21,73
1747012030.8583634,41,35,87
1747012030.8943634,-113,36,105
1747012030.9303634,15,33,5
1747012030.9663634,60,7,-44
1747012031.0023634,-140,-8,213
1747012031.0373633,-14,-30,57
1747012031.0723634,-12,1,119
1747012031.1083634,-38,-52,81
1747012031.1443634,17,15,139
1747012031.1793633,63,-72,161
1747012031.2153633,0,21,-50
1747012031.250363,-32,-40,27
1747012031.2853634,-4,67,47
1747012031.3203633,-15,12,209
1747012031.3563633,-20,-28,123
1747012031.3923633,-19,18,109
1747012031.4273634,66,2,35
1747012031.4633634,-9,-11,63
1747012031.4983633,-18,-17,143
1747012031.533363,-61,-59,123
1747012031.5683634,48,-40,-28
1747012031.6043634,-47,69,40
1747012031.6403637,8,-25,41
1747012031.6753633,104,6,123
1747012031.7113633,28,-7,208
1747012031.7463634,62,-9,12
1747012031.7813632,-17,-19,12
1747012031.816363,32,46,26
1747012031.852363,-23,36,32
1747012031.8883634,-25,70,22
1747012031.9233634,35,0,-43
1747012031.9593637,21,-82,0
1747012031.9943633,-32,30,120
1747012032.0293634,25,8,30
1747012032.0643632,0,74,-43
1747012032.1003633,-22,47,40
1747012032.1363633,41,-6,102
1747012032.1713634,-38,-44,174
1747012032.2073634,-10,13,-43
1747012032.2423637,-20,-4,54
1747012032.2773633,33,21,88
1747012032.3123634,-54,25,130
1747012032.3483634,-8,-10,22
1747012032.3843634,25,1,-3
1747012032.4193633,-58,-19,96
1747012032.4553633,-16,-85,16
1747012032.4903634,-50,54,44
1747012032.5253634,45,24,20
1747012032.5603633,24,-14,0
1747012032.5963633,-13,-62,28
1747012032.632363,43,-1,124
1747012032.6673634,-54,46,-5
1747012032.7033634,-44,36,9
1747012032.7383633,-42,74,161
1747012032.7733634,51,-3,-4
1747012032.8083634,95,34,17
1747012032.8443637,43,-5,13
1747012032.8803637,-16,-2,100
1747012032.9153633,-10,41,2
1747012032.951363,-36,-36,106
1747012032.9863634,69,-2,68
1747012033.0213633,47,-20,200
1747012033.056363,-18,-16,-69
1747012033.0923634,-32,0,130
1747012033.1283634,35,-37,60
1747012033.1633637,58,6,112
1747012033.1993637,74,-37,82
1747012033.2343633,59,42,23
1747012033.2693634,19,-66,174
1747012033.3043633,-16,-26,18
1747012033.3403633,56,-48,154
1747012033.3763633,-37,0,178
1747012033.4113634,-49,53,173
1747012033.4473634,31,-48,61
1747012033.4823637,28,3,3
1747012033.5173633,18,-44,167
1747012033.5523634,14,29,119
1747012033.5883634,-16,69,33
1747012033.6243634,-26,15,79
1747012033.6593633,-14,39,127
1747012033.6953633,15,-74,0
1747012033.7303634,-24,5,147
1747012033.7653637,-24,-49,65
1747012033.8003633,-96,-21,105
1747012033.8363633,9,-13,94
1747012033.872363,-50,-69,74
1747012033.9073634,88,35,138
1747012033.9433634,83,37,16
1747012033.9783633,45,17,126
1747012034.0133634,15,-14,102
1747012034.0483634,-44,41,192
1747012034.0843637,43,17,-41
1747012034.1203637,-14,69,54
1747012034.155363,67,3,118
1747012034.191363,-18,-22,-63
1747012034.2263634,11,-18,0
1747012034.2613633,-26,9,28
1747012034.2973633,-7,44,-65
1747012034.3323634,22,59,60
1747012034.3683634,-45,-20,194
1747012034.4033637,16,45,84
1747012034.4393632,-65,25,80
1747012034.474363,65,-64,76
1747012034.5093634,-56,-32,162
1747012034.5453634,21,-26,34
1747012034.5803633,-8,1,32
1747012034.6163633,95,33,18
1747012034.6513634,-102,21,34
1747012034.6873634,-34,13,-5
1747012034.7223637,-74,-16,112
1747012034.757363,19,-57,54
1747012034.793363,62,-97,80
1747012034.8283634,23,62,122
1747012034.8643634,87,-99,100
1747012034.9063632,-40,-81,10
1747012034.9433634,-48,-40,170
1747012034.9783633,31,26,154
1747012035.0133634,-40,-79,6
1747012035.0493634,1,-10,176
1747012035.0843637,7,-39,62
1747012035.1203637,25,-15,170
1747012035.155363,47,23,55
1747012035.191363,36,-3,97
1747012035.2263634,-10,-81,122
1747012035.2613633,-6,-60,8
1747012035.2973633,42,-35,46
1747012035.3323634,42,-69,0
1747012035.3683634,-73,36,54
1747012035.4033637,-16,-30,-35
1747012035.4393632,13,-60,134
1747012035.474363,123,-18,170
1747012035.5093634,-12,-63,76
1747012035.5453634,13,-118,77
1747012035.5803633,7,6,75
1747012035.6163633,123,30,119
1747012035.6513634,-44,-11,73
1747012035.6873634,37,-5,-6
1747012035.7223637,-58,37,121
1747012035.757363,-90,25,-6
1747012035.793363,23,75,7
1747012035.8283634,5,31,83
1747012035.8643634,6,26,-102
1747012035.8993633,43,11,37
1747012035.9353633,56,-5,39
1747012035.9703634,-12,-32,95
1747012036.0053637,50,130,-18
1747012036.0413637,7,29,49
1747012036.076363,-44,0,119
1747012036.112363,5,9,87
1747012036.1473634,-18,-14,195
1747012036.1823633,63,-68,49
1747012036.2173634,-56,-18,3
1747012036.2533634,59,-52,55
1747012036.2893634,15,43,127
1747012036.3243637,-74,-18,119
1747012036.3603632,-34,55,19
1747012036.395363,45,51,113
1747012036.4303634,7,-10,3
1747012036.4653633,-8,0,-72
1747012036.5013633,-25,31,111
1747012036.5373633,-106,0,211
1747012036.5723634,36,7,78
1747012036.6083634,-12,0,97
1747012036.6433637,113,4,160
1747012036.678363,31,42,22
1747012036.7133634,-16,16,98
1747012036.7493634,-27,21,100
1747012036.7853634,1,-15,-3
1747012036.8203633,31,-65,134
1747012036.8563633,61,-27,50
1747012036.8913634,-30,90,94
1747012036.9263637,-182,-65,12
1747012036.9613633,-36,-11,34
1747012036.997363,63,-17,134
1747012037.033363,43,66,88
1747012037.0683634,24,37,98
1747012037.1043634,5,-33,56
1747012037.1393633,-24,68,94
1747012037.1743634,49,44,78
1747012037.2093637,-35,0,66
1747012037.2453637,7,-49,40
1747012037.2813632,-56,-5,42
1747012037.316363,3,122,64
1747012037.352363,11,-53,34
1747012037.3873634,3,-1,-5
1747012037.4223633,-72,-5,200
1747012037.4573634,-2,24,50
1747012037.4933634,-28,-3,18
1747012037.5293634,35,-46,66
1747012037.5643632,-74,52,154
1747012037.6003633,-66,-22,-31
1747012037.635363,41,-28,118
1747012037.6703634,11,-40,50
1747012037.7053633,15,-50,172
1747012037.7413633,13,-86,27
1747012037.7773633,4,21,24
1747012037.8123634,63,-44,118
1747012037.8483634,57,17,132
1747012037.8833632,-82,-42,112
1747012037.918363,21,-33,92
1747012037.9533634,33,16,-15
1747012037.9893634,-32,23,46
1747012038.0253634,33,67,266
1747012038.0603633,-6,-8,-19
1747012038.0963633,8,18,34
1747012038.1313634,-99,-25,70
1747012038.1663637,48,-63,112
1747012038.201363,44,-11,136
1747012038.237363,-10,-32,-11
1747012038.2733634,6,-9,140
1747012038.3083634,6,-63,-125
1747012038.3443637,30,-3,70
1747012038.3793633,-52,-70,174
1747012038.4143634,-50,-10,178
1747012038.4493637,42,-27,-13
1747012038.4853632,16,20,-17
1747012038.5213633,-2,-61,-3
1747012038.556363,-26,-48,-15
1747012038.5923634,-25,30,44
1747012038.6273634,-56,-46,128
1747012038.6623633,17,3,16
1747012038.6973634,3,39,-107
1747012038.7333634,-48,-72,84
1747012038.7693634,19,-28,92
1747012038.8043633,-2,71,126
1747012038.8403633,41,-46,-117
1747012038.875363,71,49,8
1747012038.9103634,-10,-29,22
1747012038.9453633,77,-93,76
1747012038.9813633,-54,2,86
1747012039.0173633,55,60,-27
1747012039.0523634,1,58,232
1747012039.0883634,55,-25,-123
1747012039.1233633,25,2,-63
1747012039.158363,-10,-20,44
1747012039.1933634,11,-4,-13
1747012039.2293634,9,27,134
1747012039.2653637,19,-30,98
1747012039.3003633,29,31,56
1747012039.3363633,-18,5,118
1747012039.3713634,-48,-72,106
1747012039.4063632,-16,13,16
1747012039.4423633,48,-17,-63
1747012039.477363,90,-14,202
1747012039.5133634,35,-4,170
1747012039.5483634,41,-16,6
1747012039.5843637,53,19,176
1747012039.6193633,39,9,24
1747012039.6543634,-44,42,98
1747012039.6903634,-98,77,96
1747012039.7253633,-22,-2,26
1747012039.7613633,-27,14,38
1747012039.7963634,8,12,38
1747012039.8323634,-5,-14,136
1747012039.8673637,32,-4,230
1747012039.9023633,6,95,28
1747012039.9383633,76,-62,188
1747012039.9733634,-39,50,172
1747012040.0093634,-15,68,66
1747012040.0443633,-3,0,76
1747012040.0803633,50,59,-63
1747012040.1153634,40,11,8
1747012040.1503634,46,-15,54
1747012040.1863637,-79,18,89
1747012040.2213633,-5,48,118
1747012040.257363,83,5,144
1747012040.2923634,-89,96,122
1747012040.3283634,-42,25,60
1747012040.3633633,-3,8,149
1747012040.3983634,-5,18,191
1747012040.4343634,-63,30,141
1747012040.4693637,-1,4,53
1747012040.5053637,29,86,-32
1747012040.5403633,-98,16,-42
1747012040.576363,27,49,11
1747012040.6113634,47,51,79
1747012040.6463633,41,3,90
1747012040.6823633,-30,-8,114
1747012040.7173634,93,25,-21
1747012040.7533634,-16,-22,99
1747012040.7883637,-80,16,181
1747012040.8243637,-34,1,64
1747012040.8593633,14,92,172
1747012040.8943634,19,42,28
1747012040.9303634,-43,-14,70
1747012040.9653633,-40,-18,15
1747012041.0013633,16,23,69
1747012041.0363634,-58,-58,36
1747012041.0723634,113,-48,91
1747012041.1083634,42,66,138
1747012041.1443634,-17,-37,158
1747012041.1803634,82,10,88
1747012041.2153633,108,-12,54
1747012041.250363,4,23,108
1747012041.2863634,18,-33,37
1747012041.3223634,-49,-7,103
1747012041.3573637,-45,12,106
1747012041.3933637,-27,-28,76
1747012041.428363,-107,27,88
1747012041.4633634,100,-18,0
1747012041.4983633,-75,-40,-8
1747012041.5343633,-13,43,77
1747012041.5703633,23,38,40
1747012041.6053634,36,-11,105
1747012041.6413634,33,149,128
1747012041.6763637,-20,-42,97
1747012041.7113633,-6,-8,153
1747012041.7463634,-13,-23,-2
1747012041.7823634,-2,-26,63
1747012041.8183634,-91,83,42
1747012041.8533633,-71,-24,10
1747012041.8893633,28,-38,54
1747012041.9243634,2,-26,47
1747012041.9593637,40,27,76
1747012041.9943633,-29,-16,100
1747012042.030363,32,-6,14
1747012042.066363,4,5,92
1747012042.1013634,42,-10,132
1747012042.1373634,25,-26,118
1747012042.1723633,18,37,14
1747012042.2073634,4,-38,42
1747012042.2423637,-99,39,100
1747012042.2783637,88,-38,58
1747012042.3143632,126,21,46
1747012042.349363,-35,44,-7
1747012042.385363,-53,73,52
1747012042.4203634,-53,-40,82
1747012042.4553633,-25,-24,156
1747012042.4903634,30,31,52
1747012042.5263634,110,-40,80
1747012042.5623634,4,27,32
1747012042.5973637,-11,89,78
1747012042.6333632,2,-60,-9
1747012042.668363,-29,56,-49
1747012042.7033634,-63,-39,176
1747012042.7383633,-9,-47,56
1747012042.7743633,66,-42,66
1747012042.8103633,-5,-10,120
1747012042.8453634,-47,-28,106
1747012042.8813634,5,78,170
1747012042.9163637,-21,39,74
1747012042.951363,38,3,124
1747012042.9863634,51,7,26
1747012043.0223634,43,57,58
1747012043.0583634,-28,41,92
1747012043.0933633,1,-31,-27
1747012043.1293633,-19,-19,30
1747012043.1643634,14,14,76
1747012043.1993637,116,78,32
1747012043.2343633,-33,-27,16
1747012043.270363,-79,-35,62
1747012043.306363,17,5,40
1747012043.3413634,0,-44,26
1747012043.3773634,-100,23,14
1747012043.4123633,-48,19,136
1747012043.4473634,-48,-24,12
1747012043.4823637,-74,-42,74
1747012043.5183637,36,-4,134
1747012043.5543633,-14,-28,168
1747012043.589363,-5,6,126
1747012043.625363,-12,-34,76
1747012043.6603634,1,39,150
1747012043.6953633,21,-10,16
1747012043.7303634,85,19,4
1747012043.7663634,15,-48,50
1747012043.8023634,45,17,124
1747012043.8373632,28,38,102
1747012043.8733633,-125,-24,18
1747012043.908363,-17,-58,34
1747012043.9433634,-18,64,112
1747012043.9783633,99,-25,-57
1747012044.0143633,43,26,44
1747012044.0503633,47,48,130
1747012044.0853634,-6,66,62
1747012044.1213634,17,40,130
1747012044.1563632,27,65,152
1747012044.191363,-16,7,142
1747012044.2263634,11,69,20
1747012044.2623634,-14,-60,-51
1747012044.2983634,-16,43,-11
1747012044.3333633,69,-45,-51
1747012044.3693633,-84,12,-45
1747012044.4043634,-42,22,58
1747012044.4393632,-18,-49,222
1747012044.4753633,45,-31,88
1747012044.510363,-6,9,32
1747012044.5463634,-46,-113,104
1747012044.5813634,15,13,42
1747012044.6173637,-14,-36,108
1747012044.6523633,36,3,98
1747012044.6873634,37,17,-25
1747012044.7233634,61,-16,114
1747012044.7583632,0,13,82
1747012044.7943633,-82,105,220
1747012044.829363,42,13,188
1747012044.8653634,80,5,84
1747012044.9073634,46,35,72
1747012044.9433634,-3,85,62
1747012044.9793634,-8,0,124
1747012045.0143633,74,66,-113
1747012045.0503633,10,42,138
1747012045.0853634,25,-10,46
1747012045.1213634,13,-86,56
1747012045.1563632,-9,11,20
1747012045.191363,-7,-16,-45
1747012045.227363,-5,62,138
1747012045.2623634,-6,-25,-63
1747012045.2983634,-8,57,176
1747012045.3333633,59,85,28
1747012045.3693633,7,-11,19
1747012045.4043634,17,18,-16
1747012045.4393632,-20,59,49
1747012045.4753633,0,53,86
1747012045.510363,-10,-4,-1
1747012045.5463634,-48,0,70
1747012045.5813634,23,23,64
1747012045.6173637,-16,-54,154
1747012045.6523633,-14,-1,34
1747012045.6873634,59,39,72
1747012045.7233634,49,-8,80
1747012045.7583632,49,-25,206
1747012045.7943633,33,-17,82
1747012045.829363,50,20,80
1747012045.8653634,28,-69,122
1747012045.9003634,63,-13,88
1747012045.9353633,-48,-39,208
1747012045.9713633,87,3,142
1747012046.0063634,-2,13,90
1747012046.0423634,-28,19,-5
1747012046.0773633,-24,-60,100
1747012046.1133633,-16,61,56
1747012046.1483634,91,-22,56
1747012046.1833634,19,-62,32
1747012046.2193637,-22,-12,60
1747012046.2543633,-76,25,130
1747012046.2903633,-2,47,94
1747012046.3253634,0,3,90
1747012046.3603632,41,-37,-44
1747012046.395363,-1,-99,119
1747012046.431363,0,90,147
1747012046.4673634,-5,68,85
1747012046.5023634,19,-9,-124
1747012046.5383637,-58,21,-26
1747012046.5733633,-110,-37,95
1747012046.6083634,-68,-95,175
1747012046.6433637,-56,-37,65
1747012046.6793633,65,-7,57
1747012046.7153633,-31,17,167
1747012046.750363,-63,23,65
1747012046.7863634,-70,32,179
1747012046.8213634,71,20,117
1747012046.8563633,-60,35,69
1747012046.8913634,12,31,0
1747012046.9273634,-36,-64,181
1747012046.9633634,26,-34,91
1747012046.9983633,18,-65,115
1747012047.0343633,-21,-33,105
1747012047.0693634,6,7,43
1747012047.1043634,48,-12,-18
1747012047.1393633,-54,-43,201
1747012047.1753633,-12,66,103
1747012047.2113633,-28,61,69
1747012047.2463634,79,3,89
1747012047.2823634,-32,13,-38
1747012047.3173633,61,-42,139
1747012047.352363,-16,-46,43
1747012047.3873634,5,0,157
1747012047.4233634,51,9,47
1747012047.4593637,101,19,93
1747012047.4943633,55,-12,-36
1747012047.530363,-62,43,-16
1747012047.5653634,-58,-30,119
1747012047.6003633,-2,-16,-9
1747012047.635363,-43,-14,71
1747012047.6713634,-55,3,97
1747012047.7073634,44,19,23
1747012047.7423637,-16,-17,23
1747012047.7783637,19,6,25
1747012047.8133633,45,-47,123
1747012047.8483634,1,-51,-68
1747012047.8833632,-18,10,162
1747012047.9193633,-56,11,109
1747012047.9553633,-58,-18,-51
1747012047.9903634,21,13,44
1747012048.0263634,1,-16,-12
1747012048.0613637,0,-46,-60
1747012048.0963633,-38,-68,73
1747012048.1313634,47,112,135
1747012048.1673634,-8,18,72
1747012048.2033634,-20,-25,-44
1747012048.2383633,13,-11,32
1747012048.2743633,7,6,70
1747012048.3093634,-89,55,118
1747012048.3443637,-59,-93,276
1747012048.3793633,22,4,106
1747012048.4153633,14,20,178
1747012048.451363,-5,-19,-47
1747012048.4863634,58,54,90
1747012048.5223634,-13,3,44
1747012048.5573633,-3,69,102
1747012048.5923634,-79,-68,70
1747012048.6273634,-29,-45,156
1747012048.6633637,10,-67,84
1747012048.6993637,26,-21,210
1747012048.7343633,-55,66,138
1747012048.770363,10,-85,82
1747012048.8053634,-29,23,102
1747012048.8403633,40,-26,44
1747012048.875363,30,7,52
1747012048.9113634,-18,-10,20
1747012048.9473634,-12,19,56
1747012048.9823637,-54,69,10
1747012049.0183637,-8,36,-55
1747012049.053363,-18,-11,20
1747012049.0883634,39,51,160
1747012049.1233633,-8,43,118
1747012049.1593633,7,-11,24
1747012049.1953633,87,0,34
1747012049.2303634,27,-30,-51
1747012049.2663634,89,72,180
1747012049.3013637,71,-29,108
1747012049.3363633,37,-9,-79
1747012049.3713634,25,32,68
1747012049.4073634,-86,-36,102
1747012049.4433634,-34,2,76
1747012049.4783633,39,23,-23
1747012049.5143633,-34,-12,29
1747012049.5493634,-8,-88,55
1747012049.5843637,-30,7,-39
1747012049.6203637,0,-33,120
1747012049.655363,-62,18,70
1747012049.691363,-28,88,72
1747012049.7263634,-42,66,-21
1747012049.7623634,23,-59,128
1747012049.7973633,31,-46,-31
1747012049.8323634,3,-9,60
1747012049.8683634,6,60,166
1747012049.9033637,53,-8,122
1747012049.9393632,10,10,0
1747012049.974363,44,-67,-10
1747012050.010363,49,-9,71
1747012050.0453634,15,19,65
1747012050.0803633,13,61,-40
1747012050.1163633,-18,62,65
1747012050.1513634,33,0,83
1747012050.1873634,3,-3,-8
1747012050.2223637,25,-13,119
1747012050.2583632,9,-26,5
1747012050.293363,5,67,41
1747012050.3283634,-7,-20,229
1747012050.3643634,1,52,-70
1747012050.3993633,-18,12,66
1747012050.4353633,37,-11,102
1747012050.4703634,95,51,163
1747012050.5063634,2,51,-20
1747012050.5413637,26,-18,111
1747012050.576363,-67,42,94
1747012050.612363,-5,-9,96
1747012050.6473634,-82,-60,60
1747012050.6833634,3,87,-67
1747012050.7183633,-95,-39,97
1747012050.7543633,-22,2,72
1747012050.7893634,-66,-19,26
1747012050.8243637,11,14,168
1747012050.8603632,11,-65,-47
1747012050.895363,-46,-33,240
1747012050.931363,-44,7,66
1747012050.9663634,67,1,-11
1747012051.0023634,-14,-22,98
1747012051.0373633,6,52,132
1747012051.0723634,43,-20,82
1747012051.1083634,-6,-14,48
1747012051.1433637,-5,-47,0
1747012051.1793633,4,-1,126
1747012051.214363,18,50,130
1747012051.250363,-93,86,76
1747012051.2863634,18,-25,34
1747012051.3223634,58,-9,-47
1747012051.3583634,-35,30,148
1747012051.3933637,8,50,124
1747012051.428363,-7,-59,114
1747012051.464363,-72,-22,34
1747012051.500363,20,4,86
1747012051.5353634,-7,-60,38
1747012051.5713634,-7,-42,30
1747012051.6063633,-35,-32,30
1747012051.6413634,26,7,46
1747012051.6763637,25,20,74
1747012051.7123632,23,-19,62
1747012051.7483633,53,18,8
1747012051.783363,-56,44,130
1747012051.8193634,-8,32,42
1747012051.8543634,-34,4,130
1747012051.8893633,62,0,48
1747012051.9243634,-55,-61,22
1747012051.9603634,0,9,-5
1747012051.9963634,-31,4,234
1747012052.0313632,-6,25,84
1747012052.0673633,15,-4,108
1747012052.102363,11,-17,12
1747012052.1373634,46,32,-29
1747012052.1723633,30,54,76
1747012052.2083633,14,-59,132
1747012052.2443633,74,-69,90
1747012052.2793634,30,-21,112
1747012052.3153634,-47,-49,40
1747012052.3503633,-73,-39,78
1747012052.385363,-11,-31,70
1747012052.4203634,-68,14,16
1747012052.4563634,-15,35,4
1747012052.4923637,10,38,96
1747012052.5273633,56,-3,84
1747012052.5633633,23,-50,-25
1747012052.5983634,-4,23,52
1747012052.6333632,81,-55,48
1747012052.668363,61,36,40
1747012052.704363,7,28,10
1747012052.7403634,77,-68,46
1747012052.7753634,1,-3,100
1747012052.8113637,-32,-45,-19
1747012052.8463633,11,64,124
1747012052.8813634,-46,6,32
1747012052.9163637,-69,-23,88
1747012052.9523633,22,-53,16
1747012052.9883633,17,15,98
1747012053.0233634,69,105,44
1747012053.0593634,13,-30,22
1747012053.0943637,-92,21,90
1747012053.1293633,30,-10,30
1747012053.1643634,50,-8,44
1747012053.2003634,52,45,8
1747012053.2363634,-61,-34,-109
1747012053.2713633,22,-8,58
1747012053.3073633,14,15,38
1747012053.3423634,-67,-16,56
1747012053.3773634,22,-80,112
1747012053.4123633,42,-6,126
1747012053.4483633,-12,-12,140
1747012053.4843633,-34,11,134
1747012053.5193634,1,-78,124
1747012053.5553634,3,49,192
1747012053.5903633,-74,25,68
1747012053.625363,19,-2,-33
1747012053.6603634,51,-78,86
1747012053.6963634,-11,-55,44
1747012053.7323637,-64,-40,124
1747012053.7673633,-37,28,0
1747012053.803363,40,74,82
1747012053.8383634,7,-71,190
1747012053.8733633,-16,-35,54
1747012053.908363,43,-23,20
1747012053.9443634,77,24,48
1747012053.9803634,9,-64,-13
1747012054.0153637,0,-58,-19
1747012054.0513637,25,19,-25
1747012054.0863633,-28,-26,100
1747012054.1213634,51,-22,214
1747012054.1563632,57,7,54
1747012054.1923633,15,31,-43
1747012054.2283633,-16,-32,4
1747012054.2633634,4,37,65
1747012054.2993634,36,9,44
1747012054.3343637,-42,-24,156
1747012054.3693633,58,-9,78
1747012054.4043634,-69,35,58
1747012054.4403634,-15,-96,58
1747012054.4763634,-21,37,66
1747012054.5113633,-63,-24,56
1747012054.5473633,-9,-10,65
1747012054.5823634,60,-4,129
1747012054.6173637,6,103,61
1747012054.6533637,-47,15,39
1747012054.6883633,-3,-2,97
1747012054.724363,18,-52,99
1747012054.7593634,-6,-36,81
1747012054.7953634,-84,-14,146
1747012054.8303633,-9,-25,-7
1747012054.8653634,-19,-54,88
1747012054.9013634,70,5,68
1747012054.9433634,80,-81,166
1747012054.9803634,4,29,58
1747012055.0153637,10,35,100
1747012055.0513637,0,33,26
1747012055.0863633,-22,-50,168
1747012055.1213634,61,59,51
1747012055.1573634,-1,34,59
1747012055.1923633,-63,-1,47
1747012055.2283633,84,-35,33
1747012055.2633634,-19,18,45
1747012055.2993634,50,48,94
1747012055.3343637,-79,-61,113
1747012055.3693633,12,14,65
1747012055.405363,36,110,103
1747012055.4403634,97,13,125
1747012055.4763634,7,-52,55
1747012055.5113633,11,-72,9
1747012055.5473633,-12,77,141
1747012055.5823634,7,11,78
1747012055.6173637,-40,29,134
1747012055.6533637,28,36,102
1747012055.6883633,-46,27,118
1747012055.724363,-22,27,14
1747012055.7593634,-54,23,120
1747012055.7953634,10,-26,40
1747012055.8303633,-7,-52,24
1747012055.8653634,34,-26,76
1747012055.9013634,-79,21,180
1747012055.9363637,-95,-10,214
1747012055.9723637,16,-38,130
1747012056.007363,32,-48,13
1747012056.043363,-94,35,62
1747012056.079363,-36,46,-10
1747012056.1153634,79,-23,188
1747012056.1503634,97,-34,79
1747012056.1853633,-24,-25,-18
1747012056.2213633,-2,21,-96
1747012056.2563634,-20,-38,105
1747012056.2923634,45,21,131
1747012056.3273633,1,45,32
1747012056.3633633,-6,-68,158
1747012056.3993633,-52,17,149
1747012056.4343634,47,41,177
1747012056.4693637,-44,-66,111
1747012056.5053637,-1,0,197
1747012056.5413637,87,51,-26
1747012056.576363,-34,49,17
1747012056.612363,-4,26,77
1747012056.6473634,-44,-15,77
1747012056.6823633,-96,-29,-72
1747012056.7173634,-4,14,163
1747012056.7533634,49,0,111
1747012056.7893634,7,0,-46
1747012056.8243637,-24,-62,65
1747012056.8603632,5,15,171
1747012056.895363,15,-2,133
1747012056.9303634,35,-38,23
1747012056.9653633,-8,73,-14
1747012057.0013633,20,30,89
1747012057.0373633,-10,-60,139
1747012057.0723634,3,-18,99
1747012057.1083634,-50,15,104
1747012057.1433637,-44,7,19
1747012057.178363,-74,9,149
1747012057.2133634,-20,-66,41
1747012057.2493634,-52,27,91
1747012057.2853634,45,11,61
1747012057.3203633,-28,-70,3
1747012057.3563633,-70,-56,83
1747012057.3913634,-40,51,-12
1747012057.4263637,-2,-6,-20
1747012057.4613633,-32,9,55
1747012057.497363,-41,-21,66
1747012057.533363,-38,0,184
1747012057.5683634,-23,2,-67
1747012057.6043634,0,-37,172
1747012057.6393633,-25,30,100
1747012057.6743634,-61,13,52
1747012057.7093637,-11,-5,-29
1747012057.7453637,-13,-42,72
1747012057.7813632,8,1,-17
1747012057.816363,0,9,142
1747012057.852363,26,-52,248
1747012057.8873634,-24,-44,36
1747012057.9223633,96,0,92
1747012057.9573634,-30,-35,30
1747012057.9933634,7,-6,52
1747012058.0293634,23,41,230
1747012058.0643632,-8,61,56
1747012058.1003633,-18,15,42
1747012058.135363,-22,-7,58
1747012058.1703634,-14,21,110
1747012058.2053633,11,9,90
1747012058.2413633,-2,17,50
1747012058.2773633,17,-56,30
1747012058.3123634,7,89,32
1747012058.3483634,11,-34,118
1747012058.3833632,-80,-14,-25
1747012058.418363,25,-2,126
1747012058.4533634,-28,5,132
1747012058.4893634,-16,17,26
1747012058.5253634,-10,19,106
1747012058.5603633,19,91,-13
1747012058.5963633,-16,-18,120
1747012058.6313634,-52,-42,78
1747012058.6663637,-32,-42,28
1747012058.701363,-15,48,2
1747012058.737363,-26,3,138
1747012058.7733634,-38,43,104
1747012058.8083634,17,17,84
1747012058.8443637,-25,-61,58
1747012058.8793633,40,4,124
1747012058.9143634,14,36,-9
1747012058.9493637,-44,53,178
1747012058.9853632,-7,54,-21
1747012059.0213633,-8,29,128
1747012059.056363,-36,-96,-4
1747012059.0923634,27,-58,27
1747012059.1273634,-4,-62,-11
1747012059.1623633,-48,11,-4
1747012059.1973634,-64,-80,172
1747012059.2333634,2,18,-59
1747012059.2693634,10,-31,113
1747012059.3043633,8,23,87
1747012059.3403633,-95,-62,32
1747012059.375363,14,11,47
1747012059.4103634,40,29,187
1747012059.4453633,-88,27,93
1747012059.4813633,61,-16,171
1747012059.5173633,8,-128,109
1747012059.5523634,-27,57,-31
1747012059.5883634,-20,-48,108
1747012059.6233633,53,-36,66
1747012059.658363,-108,-6,54
1747012059.6943634,69,-22,54
1747012059.7293634,13,-70,2
1747012059.7653637,-64,-62,38
1747012059.8003633,46,-49,68
1747012059.8363633,29,26,149
1747012059.8713634,71,-1,70
1747012059.9063632,-12,-1,70
1747012059.9423633,23,-31,194
1747012059.977363,-12,11,30
1747012060.0133634,-54,-32,-59
1747012060.0483634,7,1,94
1747012060.0843637,29,21,125
1747012060.1193633,-42,15,149
1747012060.1543634,27,24,70
1747012060.1903634,23,-21,107
1747012060.2253633,-40,74,81
1747012060.2613633,47,35,-4
1747012060.2963634,23,-16,37
1747012060.3323634,-2,-2,47
1747012060.3673637,-50,15,85
1747012060.4023633,91,60,59
1747012060.4383633,93,9,113
1747012060.4733634,-16,-4,73
1747012060.5093634,55,43,143
1747012060.5443633,10,-7,33
1747012060.5803633,-21,36,271
1747012060.6153634,36,-1,165
1747012060.6503634,-27,-85,125
1747012060.6863637,81,-23,57
1747012060.7213633,83,-77,-14
1747012060.757363,-10,-62,-42
1747012060.7923634,-22,11,145
1747012060.8283634,-38,-15,69
1747012060.8633633,32,9,45
1747012060.8983634,-33,27,97
1747012060.9343634,-30,-21,145
1747012060.9693637,-30,40,193
1747012061.0053637,19,-3,-86
1747012061.0403633,-34,-21,175
1747012061.076363,-10,-25,21
1747012061.1113634,-64,-21,67
1747012061.1463633,-27,-12,-44
1747012061.1823633,58,-34,213
1747012061.2173634,-17,31,31
1747012061.2533634,-31,71,-4
1747012061.2883637,-13,-66,47
1747012061.3243637,-19,7,143
1747012061.3593633,-57,-30,79
1747012061.3943634,-35,-10,13
1747012061.4303634,46,19,117
1747012061.4653633,40,-8,41
1747012061.5013633,30,-95,-40
1747012061.5363634,-4,71,-10
1747012061.5713634,-71,20,91
1747012061.6063633,-5,-59,153
1747012061.6423633,-8,-18,69
1747012061.678363,84,34,43
1747012061.7133634,-20,-28,85
1747012061.7493634,-62,-6,19
1747012061.7843633,-73,38,67
1747012061.8193634,-25,-17,41
1747012061.8543634,-12,-2,11
1747012061.8903637,-2,-6,119
1747012061.9263637,-64,58,95
1747012061.9613633,-18,-33,29
1747012061.997363,-22,-1,-7
1747012062.0323634,23,-27,16
1747012062.0673633,5,5,104
1747012062.102363,-4,-52,64
1747012062.1383634,25,33,-7
1747012062.1743634,78,13,126
1747012062.2093637,-19,-8,-43
1747012062.2453637,-31,-24,-7
1747012062.280363,54,9,10
1747012062.3153634,14,-32,-59
1747012062.3503633,54,-32,144
1747012062.3863633,42,-40,-141
1747012062.4223633,-33,35,-57
1747012062.4573634,66,1,72
1747012062.4933634,-69,-63,44
1747012062.5283637,4,-5,62
1747012062.5633633,-7,42,-16
1747012062.5983634,-61,24,37
1747012062.6343634,14,10,105
1747012062.6703634,72,20,-27
1747012062.7053633,-33,-19,-9
1747012062.7413633,-1,-11,147
1747012062.7763634,-47,31,131
1747012062.8113637,-13,0,69
1747012062.8463633,26,6,-37
1747012062.882363,40,32,-21
1747012062.918363,8,23,186
1747012062.9533634,-47,9,26
1747012062.9893634,21,49,86
1747012063.0243633,6,-30,-80
1747012063.0593634,67,-14,114
1747012063.0943637,55,-72,4
1747012063.1303637,59,15,50
1747012063.1663637,23,7,-53
1747012063.201363,35,7,-55
1747012063.237363,-26,-62,102
1747012063.2723634,-6,-44,-20
1747012063.3073633,7,45,35
1747012063.3423634,87,-32,-40
1747012063.3783634,23,-80,146
1747012063.4143634,15,1,64
1747012063.4493637,-29,34,160
1747012063.4853632,-39,38,19
1747012063.520363,21,-35,41
1747012063.5553634,-90,-2,125
1747012063.5903633,-49,36,7
1747012063.6263633,-3,68,128
1747012063.6623633,-27,74,122
1747012063.6973634,21,1,107
1747012063.7333634,66,-11,136
1747012063.7683637,-5,-3,146
1747012063.803363,52,14,227
1747012063.8383634,-35,10,127
1747012063.8743634,-75,-97,85
1747012063.9103634,62,-85,3
1747012063.9453633,-83,34,115
1747012063.9813633,60,-3,54
1747012064.0163634,75,-21,174
1747012064.0513637,-45,0,84
1747012064.0863633,-51,25,76
1747012064.122363,-26,12,84
1747012064.158363,25,13,130
1747012064.1933634,13,-34,-11
1747012064.2293634,-2,27,102
1747012064.2643633,-36,-54,68
1747012064.2993634,47,-16,162
1747012064.3343637,-35,3,54
1747012064.3703637,-15,19,184
1747012064.4063632,-7,7,82
1747012064.441363,-45,-36,68
1747012064.477363,-71,-57,76
1747012064.5123634,26,32,172
1747012064.5473633,-9,-4,38
1747012064.5823634,37,55,-25
1747012064.6183634,7,-16,104
1747012064.6543634,-54,-47,142
1747012064.6893632,-46,-1,72
1747012064.7253633,7,-14,140
1747012064.760363,19,-6,180
1747012064.7953634,-10,33,158
1747012064.8313634,-32,33,82
1747012064.8663633,-21,-17,108
1747012064.9023633,18,-13,122
1747012064.9443634,4,14,174
1747012064.9813633,30,-49,88
1747012065.0163634,4,0,184
1747012065.0513637,-31,-31,32
1747012065.0873632,-17,-81,68
1747012065.122363,-51,58,126
1747012065.158363,91,3,122
1747012065.1933634,-64,25,160
1747012065.2293634,-19,-16,78
1747012065.2643633,-47,93,258
1747012065.2993634,-33,-20,30
1747012065.3353634,-37,-16,162
1747012065.3703637,12,23,92
1747012065.4063632,67,-100,72
1747012065.441363,74,56,18
1747012065.477363,38,44,140
1747012065.5123634,156,4,126
1747012065.5473633,20,100,62
1747012065.5833633,10,42,63
1747012065.6183634,75,-38,73
1747012065.6543634,0,0,78
1747012065.6893632,28,57,40
1747012065.7253633,-57,-80,96
1747012065.760363,22,-110,124
1747012065.7953634,-23,21,1
1747012065.8313634,0,9,26
1747012065.8663633,28,59,10
1747012065.9023633,0,83,169
1747012065.9373634,-63,25,126
1747012065.9733634,-66,-82,62
1747012066.0083632,-20,7,40
1747012066.043363,-26,-64,52
1747012066.079363,25,-50,152
1747012066.1143634,-104,95,34
1747012066.1503634,11,-112,146
1747012066.1853633,35,63,120
1747012066.2213633,57,0,168
1747012066.2563634,-30,-13,-11
1747012066.2913637,10,53,128
1747012066.3273633,-31,56,22
1747012066.362363,14,35,78
1747012066.3983634,10,-44,76
1747012066.4333634,-33,13,196
1747012066.4693637,-11,-63,88
1747012066.5053637,-39,-28,70
1747012066.5413637,12,-46,122
1747012066.5773633,24,41,160
1747012066.612363,37,-65,134
1747012066.6473634,-18,48,48
1747012066.6833634,-16,-70,128
1747012066.7193637,-31,9,46
1747012066.7543633,25,1,164
1747012066.7903633,29,81,38
1747012066.8253634,-21,-14,145
1747012066.8603632,-79,-30,195
1747012066.895363,-21,15,166
1747012066.931363,152,-38,-17
1747012066.9673634,-23,49,104
1747012067.0023634,8,15,130
1747012067.0383637,-24,-13,-39
1747012067.0733633,27,92,32
1747012067.1083634,41,9,85
1747012067.1433637,39,-18,124
1747012067.1793633,-50,71,144
1747012067.2153633,-40,49,144
1747012067.250363,55,-92,52
1747012067.2863634,-28,-12,58
1747012067.3213634,83,-4,54
1747012067.3563633,3,-60,138
1747012067.3913634,41,56,46
1747012067.4273634,-2,42,56
1747012067.4633634,-30,26,32
1747012067.4983633,35,10,-5
1747012067.5343633,-98,36,108
1747012067.5693634,-42,-4,134
1747012067.6043634,2,-1,168
1747012067.6393633,18,28,-20
1747012067.6753633,74,8,68
1747012067.7113633,-77,-51,56
1747012067.7463634,8,6,146
1747012067.7823634,30,-7,143
1747012067.8173633,-29,-57,69
1747012067.852363,23,-95,73
1747012067.8873634,31,-8,38
1747012067.9233634,113,-18,46
1747012067.9593637,27,13,-13
1747012067.9943633,-31,-20,72
1747012068.030363,-32,17,102
1747012068.0653634,-78,-16,134
1747012068.1003633,33,-74,82
1747012068.135363,-1,-16,80
1747012068.1713634,-11,31,44
1747012068.2073634,-21,43,-9
1747012068.2423637,-19,-70,104
1747012068.2783637,-65,33,44
1747012068.3133633,29,-44,40
1747012068.3483634,61,57,104
1747012068.3833632,-40,29,130
1747012068.4193633,37,-36,146
1747012068.4553633,9,63,146
1747012068.4903634,-98,-16,46
1747012068.5263634,71,31,36
1747012068.5613637,-8,-108,-55
1747012068.5963633,-28,21,30
1747012068.6313634,11,-40,92
1747012068.6673634,73,77,-5
1747012068.7033634,13,-24,112
1747012068.7383633,-58,-2,32
1747012068.7743633,-48,3,168
1747012068.8093634,81,57,66
1747012068.8443637,-99,-14,46
1747012068.8793633,72,-9,-29
1747012068.9153633,32,-17,74
1747012068.951363,-94,-57,72
1747012068.9863634,28,-10,38
1747012069.0223634,-16,69,-5
1747012069.0573633,60,17,-13
1747012069.0923634,-12,-13,-25
1747012069.1273634,70,-36,34
1747012069.1633637,22,-24,-5
1747012069.1993637,-11,37,30
1747012069.2343633,-37,-14,86
1747012069.270363,29,42,116
1747012069.3053634,-110,-67,16
1747012069.3403633,33,-13,20
1747012069.375363,49,11,-13
1747012069.4113634,-8,12,-41
1747012069.4473634,-6,-3,35
1747012069.4823637,14,59,107
1747012069.5183637,61,1,23
1747012069.553363,-72,11,175
1747012069.5883634,-55,-8,13
1747012069.6233633,-39,23,25
1747012069.6593633,-56,1,185
1747012069.6953633,48,30,-90
1747012069.7303634,82,10,1
1747012069.7663634,22,80,23
1747012069.8013637,-41,-49,49
1747012069.8363633,70,-15,-18
1747012069.872363,-69,40,37
1747012069.9073634,22,-94,91
1747012069.9433634,-1,-66,23
1747012069.9783633,8,-18,75
1747012070.0143633,-12,49,51
1747012070.0493634,23,-36,35
1747012070.0843637,12,4,93
1747012070.1203637,60,-45,109
1747012070.155363,-113,38,51
1747012070.191363,-6,30,155
1747012070.2263634,-8,94,173
1747012070.2623634,-78,4,39
1747012070.2973633,31,55,49
1747012070.3323634,17,-36,63
1747012070.3683634,-2,-112,24
1747012070.4033637,-52,35,42
1747012070.4393632,37,23,109
1747012070.474363,0,13,36
1747012070.510363,-30,25,94
1747012070.5453634,7,-50,78
1747012070.5803633,-116,-12,44
1747012070.6163633,55,-44,138
1747012070.6513634,77,-60,122
1747012070.6873634,33,19,166
1747012070.7223637,-24,-70,52
1747012070.7583632,-10,27,124
1747012070.793363,-15,-8,78
1747012070.8283634,0,2,154
1747012070.8643634,81,14,128
1747012070.8993633,30,18,34
1747012070.9353633,-60,-45,60
1747012070.9703634,85,3,194
1747012071.0063634,-56,-2,92
1747012071.0413637,-8,-74,156
1747012071.076363,-62,42,4
1747012071.112363,0,71,14
1747012071.1473634,-18,109,-7
1747012071.1833634,4,6,46
1747012071.2183633,4,40,-99
1747012071.2543633,-52,1,80
1747012071.2893634,22,-37,78
1747012071.3243637,112,44,-37
1747012071.3603632,-16,63,-67
1747012071.395363,-10,-28,152
1747012071.431363,-21,-15,158
1747012071.4663634,16,46,124
1747012071.5023634,9,65,66
1747012071.5373633,-124,38,144
1747012071.5723634,-35,24,82
1747012071.6083634,88,-43,126
1747012071.6433637,-19,14,34
1747012071.6793633,-24,36,180
1747012071.714363,31,48,86
1747012071.7493634,-28,-6,36
1747012071.7843633,45,10,184
1747012071.8203633,-2,-31,78
1747012071.8563633,93,-19,136
1747012071.8913634,-36,-23,84
1747012071.9273634,11,0,94
1747012071.9623632,-22,-38,10
1747012071.997363,86,-28,170
1747012072.0323634,32,-8,152
1747012072.0683634,13,-96,116
1747012072.1043634,-32,21,234
1747012072.1393633,-55,19,28
1747012072.1753633,23,-12,162
1747012072.2103634,-16,-8,78
1747012072.2453637,-18,57,114
1747012072.280363,-55,33,118
1747012072.316363,11,15,132
1747012072.352363,-14,-85,80
1747012072.3873634,13,-17,2
1747012072.4233634,-10,2,2
1747012072.4583633,68,-62,30
1747012072.4933634,24,13,68
1747012072.5283637,120,57,68
1747012072.5643632,-27,-18,46
1747012072.6003633,4,-28,66
1747012072.635363,-23,15,96
1747012072.6713634,69,-32,-87
1747012072.7063634,-10,-20,5
1747012072.7413633,-14,19,63
1747012072.7763634,15,-10,79
1747012072.8123634,-92,5,176
1747012072.8483634,65,-4,20
1747012072.8833632,-73,-28,34
1747012072.9193633,9,0,130
1747012072.954363,37,-49,24
1747012072.9893634,-18,-13,76
1747012073.0243633,-110,-43,106
1747012073.0603633,47,4,148
1747012073.0963633,47,15,8
1747012073.1313634,35,-46,36
1747012073.1673634,32,-71,126
1747012073.2023633,19,-25,12
1747012073.237363,27,7,155
1747012073.2723634,-28,33,-29
1747012073.3083634,61,-84,-62
1747012073.3443637,-50,7,147
1747012073.3793633,95,-24,41
1747012073.4153633,-25,22,127
1747012073.4503634,16,-19,109
1747012073.4853632,-4,-4,175
1747012073.520363,-28,-62,5
1747012073.556363,-4,3,19
1747012073.5923634,-34,61,61
1747012073.6273634,35,-42,41
1747012073.6633637,31,23,95
1747012073.6983633,-18,-28,-52
1747012073.7333634,-86,17,55
1747012073.7683637,-20,25,97
1747012073.8043633,87,33,107
1747012073.8403633,31,-32,181
1747012073.875363,37,-14,-18
1747012073.9113634,-28,-32,23
1747012073.9463634,-80,-50,119
1747012073.9813633,-56,-58,123
1747012074.0163634,-4,30,129
1747012074.0523634,-52,-39,87
1747012074.0883634,31,-39,17
1747012074.1233633,-28,-24,63
1747012074.1593633,-4,-23,-4
1747012074.1943634,39,8,7
1747012074.2293634,39,23,68
1747012074.2643633,-48,-13,22
1747012074.3003633,39,-37,2
1747012074.3363633,-26,40,168
1747012074.3713634,-58,19,-21
1747012074.4073634,41,-2,58
1747012074.4423633,-6,21,94
1747012074.477363,-20,13,74
1747012074.5123634,32,-20,170
1747012074.5483634,15,-36,79
1747012074.5843637,78,-74,-63
1747012074.6193633,-19,45,93
1747012074.655363,-5,-4,53
1747012074.6903634,19,-1,27
1747012074.7253633,-21,-34,97
1747012074.7613633,-66,-53,-28
1747012074.7963634,-35,-1,-30
1747012074.8323634,-51,22,51
1747012074.8673637,-91,8,67
1747012074.9033637,6,16,107
1747012074.9453633,62,-22,102
1747012074.9813633,80,36,27
1747012075.0173633,-5,-11,150
1747012075.0523634,-99,-3,-37
1747012075.0883634,10,-73,60
1747012075.1233633,-29,76,70
1747012075.1593633,10,-29,4
1747012075.1943634,-1,12,116
1747012075.2293634,92,60,10
1747012075.2653637,30,6,74
1747012075.3003633,58,59,100
1747012075.3363633,80,16,-43
1747012075.3713634,-45,-5,12
1747012075.4073634,52,-41,40
1747012075.4423633,-19,12,-45
1747012075.477363,76,-1,188
1747012075.5133634,2,8,-5
1747012075.5483634,-14,12,144
1747012075.5843637,23,-38,60
1747012075.6193633,-42,-60,138
1747012075.655363,-8,60,-41
1747012075.6903634,43,9,138
1747012075.7253633,-16,7,88
1747012075.7613633,50,94,102
1747012075.7963634,-4,-20,50
1747012075.8323634,4,-5,-1
1747012075.8673637,-31,42,180
1747012075.9033637,-15,48,28
1747012075.9383633,8,52,54
1747012075.9733634,6,-13,108
1747012076.0093634,105,11,68
1747012076.0443633,83,-34,-17
1747012076.0803633,-45,-103,126
1747012076.1153634,22,16,88
1747012076.1503634,-41,37,188
1747012076.1853633,84,19,140
1747012076.2213633,90,49,22
1747012076.257363,-47,39,116
1747012076.2923634,52,14,-39
1747012076.3283634,58,16,72
1747012076.3633633,28,6,40
1747012076.3993633,-44,47,173
1747012076.4343634,0,4,57
1747012076.4693637,-24,-18,85
1747012076.5053637,-16,-44,0
1747012076.5403633,33,-22,103
1747012076.576363,21,-30,65
1747012076.6113634,-50,-42,-36
1747012076.6473634,-84,49,9
1747012076.6833634,39,9,61
1747012076.7193637,33,-24,109
1747012076.7553637,27,37,25
1747012076.7903633,-13,31,91
1747012076.8253634,-13,1,57
1747012076.8613634,64,-48,61
1747012076.8973634,64,2,9
1747012076.9323633,-21,8,45
1747012076.9683633,6,-25,107
1747012077.0033634,-22,-36,69
1747012077.0383637,52,-23,15
1747012077.0733633,-34,-77,109
1747012077.1093633,-52,-45,83
1747012077.145363,21,8,129
1747012077.1803634,-61,71,99
1747012077.2163634,-33,49,155
1747012077.2513633,-17,-68,41
1747012077.2863634,109,-29,11
1747012077.3213634,32,-121,91
1747012077.3573637,-81,40,49
1747012077.3933637,22,-47,77
1747012077.428363,3,44,123
1747012077.464363,99,-23,161
1747012077.4993634,-10,-13,15
1747012077.5343633,-18,14,103
1747012077.5693634,-16,6,72
1747012077.6053634,-20,52,28
1747012077.6413634,69,52,76
1747012077.6763637,-50,-75,20
1747012077.7123632,9,-15,54
1747012077.747363,42,-11,88
1747012077.7823634,10,81,62
1747012077.8173633,20,-96,38
1747012077.8533633,-14,-28,108
1747012077.8893633,56,0,-41
1747012077.9243634,36,21,-9
1747012077.9603634,6,31,86
1747012077.9953637,4,5,38
1747012078.030363,28,9,46
1747012078.0653634,-1,55,72
1747012078.1013634,14,-26,82
1747012078.1373634,-31,-38,77
1747012078.1723633,50,-70,95
1747012078.2083633,-65,22,83
1747012078.2433634,10,21,170
1747012078.2783637,28,-29,22
1747012078.3133633,-109,9,159
1747012078.349363,-13,37,119
1747012078.385363,7,40,122
1747012078.4203634,-79,32,136
1747012078.4563634,-19,20,184
1747012078.4913633,-21,8,116
1747012078.5263634,-63,-61,40
1747012078.5613637,-61,44,64
1747012078.5973637,-9,-41,188
1747012078.6333632,48,16,-75
1747012078.668363,50,2,24
1747012078.704363,17,9,106
1747012078.7393634,-55,-3,160
1747012078.7743633,-5,36,90
1747012078.8093634,9,36,42
1747012078.8453634,65,14,208
1747012078.8813634,56,-21,50
1747012078.9163637,-83,-35,42
1747012078.9523633,-33,36,116
1747012078.987363,34,46,124
1747012079.0223634,36,52,66
1747012079.0573633,66,13,168
1747012079.0933633,-67,-38,70
1747012079.1293633,17,-28,34
1747012079.1643634,-42,13,52
1747012079.2003634,16,-68,186
1747012079.2353632,50,18,10
1747012079.270363,18,-69,-9
1747012079.3053634,42,38,118
1747012079.3413634,43,36,11
1747012079.3773634,-10,33,-120
1747012079.4123633,-75,-43,-93
1747012079.4483633,-63,-38,79
1747012079.4833634,88,-12,87
1747012079.5183637,50,-22,19
1747012079.553363,-45,-44,107
1747012079.589363,26,1,107
1747012079.625363,16,19,71
1747012079.6603634,-3,15,195
1747012079.6963634,-3,3,41
1747012079.7313633,37,-52,-40
1747012079.7663634,84,-12,125
1747012079.8013637,-18,27,41
1747012079.8373632,0,-72,13
1747012079.8733633,76,31,41
1747012079.908363,40,-8,57
1747012079.9443634,-25,-8,31
1747012079.9793634,4,50,35
1747012080.0143633,-111,-19,123
1747012080.0503633,-109,63,79
1747012080.0853634,28,11,97
1747012080.1213634,36,-57,75
1747012080.1563632,51,-33,83
1747012080.1923633,69,2,123
1747012080.227363,-8,2,25
1747012080.2623634,-94,128,-92
1747012080.2983634,-46,30,91
1747012080.3333633,33,-33,17
1747012080.3693633,-90,-37,-14
1747012080.4043634,-52,34,99
1747012080.4403634,3,-5,93
1747012080.4753633,-4,54,51
1747012080.510363,-50,-29,81
1747012080.5463634,59,-19,41
1747012080.5813634,5,27,-18
1747012080.6173637,0,-40,133
1747012080.6523633,3,-4,133
1747012080.6883633,-8,6,79
1747012080.7233634,25,26,81
1747012080.7583632,-72,30,-14
1747012080.7943633,-46,-15,69
1747012080.829363,56,-73,78
1747012080.8653634,52,62,71
1747012080.9003634,27,-31,126
1747012080.9363637,-44,-18,0
1747012080.9713633,-28,17,-51
1747012081.0063634,49,6,52
1747012081.0423634,19,12,82
1747012081.0773633,37,-42,86
1747012081.1133633,77,55,78
1747012081.1483634,-16,30,62
1747012081.1843634,17,-14,32
1747012081.2193637,78,10,84
1747012081.2543633,-33,8,0
1747012081.2903633,-33,0,56
1747012081.3253634,-31,63,56
1747012081.3613634,40,5,76
1747012081.3963633,-15,-26,-1
1747012081.4323633,-9,3,154
1747012081.4673634,53,-33,8
1747012081.5023634,6,70,-9
1747012081.5383637,38,-5,70
1747012081.5733633,-29,36,162
1747012081.6093633,5,-77,36
1747012081.6443634,107,27,128
1747012081.6803634,23,70,80
1747012081.7153633,-23,-43,42
1747012081.750363,60,-7,74
1747012081.7863634,28,-11,20
1747012081.8213634,-50,14,-31
1747012081.8573637,-33,64,76
1747012081.8923633,56,-21,22
1747012081.9273634,-32,-33,22
1747012081.9623632,38,26,26
1747012081.9983633,-49,16,142
1747012082.0343633,34,34,259
1747012082.0693634,-5,-43,93
1747012082.1053634,48,108,135
1747012082.1403637,-45,-21,159
1747012082.1753633,-39,-3,43
1747012082.2103634,26,-79,-8
1747012082.2463634,46,34,93
1747012082.2823634,-48,41,63
1747012082.3173633,-62,-36,263
1747012082.3533633,21,13,105
1747012082.3883634,0,-36,29
1747012082.4233634,-6,18,25
1747012082.4583633,-56,10,67
1747012082.4943633,13,-5,39
1747012082.530363,21,-37,197
1747012082.5653634,-42,9,113
1747012082.6013634,-66,-29,7
1747012082.6363633,-5,-21,41
1747012082.6713634,-31,78,27
1747012082.7063634,4,54,131
1747012082.7423637,18,9,7
1747012082.7783637,55,47,71
1747012082.8133633,36,7,57
1747012082.849363,11,65,145
1747012082.8843634,21,4,143
1747012082.9193633,30,0,15
1747012082.954363,35,-30,145
1747012082.9903634,-22,3,109
1747012083.0263634,-3,-71,107
1747012083.0613637,43,-18,169
1747012083.0973637,-56,37,9
1747012083.132363,21,-20,-4
1747012083.1673634,-1,40,23
1747012083.2023633,43,37,83
1747012083.2383633,19,7,107
1747012083.2743633,4,0,111
1747012083.3093634,-3,-9,25
1747012083.3453634,24,-41,92
1747012083.3803637,11,-4,119
1747012083.4153633,-16,-58,75
1747012083.4503634,71,31,0
1747012083.4863634,-86,0,60
1747012083.5223634,-26,-8,-37
1747012083.5573633,-51,-59,140
1747012083.5933633,-31,17,152
1747012083.6283634,89,-26,58
1747012083.6633637,-42,27,58
1747012083.6983633,25,99,100
1747012083.7343633,77,-34,-33
1747012083.770363,9,-30,58
1747012083.8053634,-2,64,48
1747012083.8413634,0,-39,-3
1747012083.8763633,-12,-43,148
1747012083.9113634,-36,-34,82
1747012083.9463634,-56,-46,56
1747012083.9823637,-74,-32,146
1747012084.0183637,38,-9,70
1747012084.053363,-27,48,138
1747012084.089363,-7,-47,156
1747012084.1243634,13,-12,152
1747012084.1593633,-93,-40,89
1747012084.1943634,52,-2,47
1747012084.2303634,-4,0,155
1747012084.2663634,-111,0,-40
1747012084.3013637,-58,18,105
1747012084.3373632,-6,-17,17
1747012084.372363,3,-1,-72
1747012084.4073634,53,4,127
1747012084.4423633,13,42,21
1747012084.4783633,2,31,237
1747012084.5143633,15,-2,14
1747012084.5493634,-61,-10,48
1747012084.5853634,18,-30,154
1747012084.6203637,-33,-12,112
1747012084.655363,-48,55,134
1747012084.6903634,-7,39,56
1747012084.7263634,-55,9,68
1747012084.7623634,8,-2,120
1747012084.7973633,-25,2,92
1747012084.8333633,46,28,66
1747012084.8683634,-39,-3,32
1747012084.9033637,-59,34,50
1747012084.9393632,26,2,-29
1747012084.9813633,66,-34,-1
1747012085.0183637,98,-18,40
1747012085.053363,-42,23,48
1747012085.089363,-11,-2,34
1747012085.1243634,6,39,76
1747012085.1593633,40,1,132
1747012085.1953633,4,35,18
1747012085.2303634,-32,-10,84
1747012085.2663634,27,61,102
1747012085.3013637,11,19,-91
1747012085.3373632,75,3,-7
1747012085.372363,23,-16,20
1747012085.4073634,67,25,120
1747012085.4433634,-18,-16,128
1747012085.4783633,0,-50,90
1747012085.5143633,71,15,106
1747012085.5493634,21,-12,98
1747012085.5853634,-54,-40,152
1747012085.6203637,-56,3,60
1747012085.655363,-14,29,48
1747012085.691363,-18,-6,72
1747012085.7263634,19,-36,52
1747012085.7623634,-56,25,6
1747012085.7973633,-40,31,2
1747012085.8333633,103,17,56
1747012085.8683634,-111,3,154
1747012085.9033637,76,-46,110
1747012085.9393632,-15,-32,8
1747012085.974363,-17,-60,120
1747012086.010363,44,7,96
1747012086.0453634,-43,-8,58
1747012086.0813634,-9,5,30
1747012086.1163633,7,36,57
1747012086.1513634,-43,-66,23
1747012086.1873634,-85,-12,87
1747012086.2223637,30,5,61
1747012086.2583632,13,24,11
1747012086.293363,-2,-87,103
1747012086.329363,-42,-45,-26
1747012086.3643634,0,31,53
1747012086.3993633,19,61,69
1747012086.4353633,-22,29,253
1747012086.4703634,-52,67,65
1747012086.5063634,-3,-18,51
1747012086.5413637,62,17,75
1747012086.5773633,41,0,81
1747012086.612363,95,-32,15
1747012086.6473634,-16,49,153
1747012086.6833634,73,92,35
1747012086.7183633,9,61,50
1747012086.7543633,-32,-66,11
1747012086.7893634,89,11,44
1747012086.8253634,-28,29,152
1747012086.8603632,31,-78,30
1747012086.895363,-58,-28,38
1747012086.931363,41,23,218
1747012086.9663634,-2,39,88
1747012087.0023634,27,-32,32
1747012087.0373633,13,-20,80
1747012087.0723634,-2,-42,12
1747012087.1073637,-61,16,20
1747012087.1433637,2,-21,112
1747012087.1793633,-23,42,42
1747012087.214363,-45,-12,124
1747012087.250363,12,-38,126
1747012087.2853634,-49,-20,190
1747012087.3203633,-43,-62,10
1747012087.3553634,-17,16,66
1747012087.3913634,37,15,22
1747012087.4273634,18,-31,156
1747012087.4623632,-6,-20,-37
1747012087.4983633,-64,-46,22
1747012087.533363,5,18,44
1747012087.5683634,13,-22,10
1747012087.6033633,7,-56,56
1747012087.6393633,7,-45,96
1747012087.6753633,-38,23,108
1747012087.7103634,3,-26,32
1747012087.7463634,41,12,-33
1747012087.7813632,41,-62,-39
1747012087.816363,-26,42,-27
1747012087.8513634,43,-28,-55
1747012087.8873634,-50,-16,-41
1747012087.9233634,33,37,114
1747012087.9583633,74,-15,92
1747012087.9943633,60,90,262
1747012088.0293634,0,-43,-63
1747012088.0643632,-41,-61,56
1747012088.099363,46,-55,80
1747012088.135363,-21,30,114
1747012088.1713634,58,-39,34
1747012088.2063634,22,-53,10
1747012088.2423637,-15,-21,-7
1747012088.2773633,27,-2,2
1747012088.3123634,41,-28,14
1747012088.3473637,-34,-24,210
1747012088.3833632,-82,1,-57
1747012088.4193633,-11,-53,-47
1747012088.454363,-14,-44,80
1747012088.4903634,-22,47,80
1747012088.5253634,25,-72,34
1747012088.5603633,-32,0,52
1747012088.5953634,20,-25,103
1747012088.6313634,-20,48,141
1747012088.6673634,40,-70,85
1747012088.7023633,-55,48,77
1747012088.7383633,23,0,63
1747012088.7733634,20,-51,97
1747012088.8083634,-65,-73,105
1747012088.8433633,28,-45,117
1747012088.8793633,76,40,101
1747012088.9153633,-47,2,115
1747012088.9503634,48,78,119
1747012088.9863634,34,-43,174
1747012089.0213633,28,34,26
1747012089.056363,-63,-53,-24
1747012089.0913634,-77,44,61
1747012089.1273634,-161,48,91
1747012089.1633637,-90,36,61
1747012089.1983633,48,7,143
1747012089.2343633,45,0,161
1747012089.2693634,25,71,29
1747012089.3043633,-78,-112,123
1747012089.339363,24,-119,139
1747012089.375363,-62,-56,39
1747012089.4113634,-21,16,92
1747012089.4463634,-11,-11,46
1747012089.4823637,33,-24,-15
1747012089.5173633,-76,35,92
1747012089.5523634,45,21,90
1747012089.5873632,-34,59,165
1747012089.6233633,9,17,44
1747012089.6593633,18,15,69
1747012089.6943634,-18,-16,33
1747012089.7303634,13,23,81
1747012089.7653637,-26,3,-44
1747012089.8003633,13,47,119
1747012089.8353634,-2,-8,107
1747012089.8713634,-64,-84,-63
1747012089.9073634,13,-10,-8
1747012089.9423633,86,-10,35
1747012089.9783633,-17,-28,17
1747012090.0133634,56,-32,206
1747012090.0483634,21,63,-1
1747012090.0843637,50,108,12
1747012090.1193633,1,87,74
1747012090.155363,29,7,76
1747012090.1903634,-52,-62,34
1747012090.2263634,-90,-84,38
1747012090.2613633,-26,27,58
1747012090.2963634,0,20,100
1747012090.3323634,-1,2,-39
1747012090.3673637,28,50,182
1747012090.4033637,133,34,110
1747012090.4383633,-6,54,138
1747012090.474363,-26,-57,48
1747012090.5093634,29,38,140
1747012090.5443633,60,28,-45
1747012090.5803633,-52,-31,47
1747012090.6153634,36,0,66
1747012090.6513634,8,-71,80
1747012090.6863637,-31,-9,18
1747012090.7223637,-47,-41,46
1747012090.757363,50,-7,68
1747012090.7923634,50,-35,-37
1747012090.8283634,51,-14,154
1747012090.8633633,5,-42,138
1747012090.8993633,18,61,60
1747012090.9343634,39,-16,58
1747012090.9703634,-26,3,94
1747012091.0053637,-88,9,-27
1747012091.0403633,-13,32,20
1747012091.076363,-69,-11,59
1747012091.1113634,32,-7,-28
1747012091.1473634,-6,-73,45
1747012091.1823633,63,-15,123
1747012091.2183633,-44,56,79
1747012091.2533634,4,22,159
1747012091.2883637,-62,-38,103
1747012091.3243637,-7,-51,41
1747012091.3593633,56,10,-52
1747012091.395363,14,-5,21
1747012091.4303634,-59,54,73
1747012091.4663634,-113,34,63
1747012091.5013633,-103,-71,89
1747012091.5363634,38,-45,59
1747012091.5723634,20,66,157
1747012091.6073637,24,-101,85
1747012091.6433637,-64,5,25
1747012091.678363,-4,25,95
1747012091.714363,0,-43,139
1747012091.7493634,-11,56,-74
1747012091.7843633,-43,12,113
1747012091.8203633,-41,-5,109
1747012091.8553634,30,-43,19
1747012091.8913634,-52,96,125
1747012091.9263637,-24,38,119
1747012091.9623632,-52,14,93
1747012091.9983633,-36,4,-10
1747012092.033363,23,24,95
1747012092.0683634,83,-17,81
1747012092.1043634,-50,20,115
1747012092.1403637,56,14,155
1747012092.1753633,54,4,55
1747012092.2113633,52,28,153
1747012092.2463634,11,32,87
1747012092.2813632,11,-3,13
1747012092.316363,59,6,75
1747012092.352363,-37,38,29
1747012092.3883634,6,18,21
1747012092.4233634,58,72,21
1747012092.4593637,0,40,75
1747012092.4943633,50,-15,153
1747012092.5293634,0,21,95
1747012092.5643632,70,33,165
1747012092.6003633,20,51,19
1747012092.6363633,99,5,113
1747012092.6713634,85,-16,101
1747012092.7073634,-32,53,21
1747012092.7423637,8,55,-44
1747012092.7773633,50,9,95
1747012092.8123634,14,18,73
1747012092.8483634,66,56,67
1747012092.8843634,-17,-7,57
1747012092.9193633,40,-9,-92
1747012092.9553633,-41,-75,-42
1747012092.9903634,16,16,17
1747012093.0253634,73,1,-22
1747012093.0603633,-36,64,107
1747012093.0963633,62,11,23
1747012093.132363,32,39,107
1747012093.1673634,-3,-64,-34
1747012093.2033634,50,-18,120
1747012093.2383633,56,27,-43
1747012093.2733634,48,-54,98
1747012093.3083634,36,-8,72
1747012093.3443637,3,25,62
1747012093.3803637,-40,-62,139
1747012093.4153633,35,-62,48
1747012093.451363,76,-22,158
1747012093.4863634,-25,43,-49
1747012093.5213633,76,35,-25
1747012093.556363,22,-24,36
1747012093.5923634,43,-32,64
1747012093.6283634,-1,35,74
1747012093.6633637,2,17,74
1747012093.6993637,-4,-32,142
1747012093.7343633,10,43,-73
1747012093.7693634,23,45,28
1747012093.8043633,13,0,18
1747012093.8403633,-64,7,54
1747012093.8763633,29,25,76
1747012093.9113634,-17,9,108
1747012093.9473634,61,29,50
1747012093.9823637,-2,-12,59
1747012094.0173633,8,44,56
1747012094.0523634,-7,18,-47
1747012094.0883634,-2,5,66
1747012094.1243634,31,-78,104
1747012094.1593633,75,3,-25
1747012094.1953633,41,57,124
1747012094.2303634,4,-46,18
1747012094.2653637,-19,87,76
1747012094.3003633,-10,25,252
1747012094.3363633,-56,-42,26
1747012094.372363,-8,-8,18
1747012094.4073634,-46,23,84
1747012094.4433634,27,-22,106
1747012094.4783633,27,-54,63
1747012094.5133634,35,29,131
1747012094.5483634,-54,-4,155
1747012094.5843637,11,21,61
1747012094.6203637,1,-16,119
1747012094.655363,15,-6,49
1747012094.691363,31,15,-80
1747012094.7263634,-45,39,25
1747012094.7613633,17,-40,53
1747012094.7963634,25,54,81
1747012094.8323634,-12,-49,127
1747012094.8683634,-42,-11,101
1747012094.9033637,-29,-44,37
1747012094.9393632,-7,11,73
1747012094.974363,-33,27,7
1747012095.0163634,-65,-56,3
1747012095.0523634,-58,-22,7
1747012095.0883634,59,-36,-88
1747012095.1243634,-98,5,59
1747012095.1593633,72,47,-52
1747012095.1953633,50,-20,105
1747012095.2303634,-28,11,105
1747012095.2653637,11,-36,3
1747012095.3013637,29,41,21
1747012095.3363633,3,33,193
1747012095.372363,-65,42,77
1747012095.4073634,11,-54,3
1747012095.4433634,-54,39,67
1747012095.4783633,-26,17,143
1747012095.5133634,17,-56,91
1747012095.5493634,-24,-40,47
1747012095.5843637,-2,15,31
1747012095.6203637,83,32,137
1747012095.655363,29,-47,25
1747012095.691363,-76,-5,5
1747012095.7263634,-14,24,11
1747012095.7613633,89,-83,99
1747012095.7973633,21,-29,179
1747012095.8323634,-4,-32,17
1747012095.8683634,-18,65,-52
1747012095.9033637,-19,-7,17
1747012095.9393632,-36,15,-26
1747012095.974363,25,-88,97
1747012096.0093634,-31,-35,155
1747012096.0453634,-19,60,79
1747012096.0803633,12,-1,45
1747012096.1163633,33,0,201
1747012096.1513634,51,57,1
1747012096.1873634,16,-103,53
1747012096.2223637,5,41,269
1747012096.257363,49,-36,103
1747012096.293363,13,-56,128
1747012096.3283634,35,41,-65
1747012096.3643634,15,-26,109
1747012096.3993633,-64,-10,12
1747012096.4353633,65,41,118
1747012096.4703634,-80,16,150
1747012096.5053637,-10,-7,42
1747012096.5413637,-46,-56,-55
1747012096.576363,3,1,64
1747012096.612363,53,-56,66
1747012096.6473634,31,13,160
1747012096.6833634,45,-14,74
1747012096.7183633,-26,-17,121
1747012096.7533634,-2,30,159
1747012096.7893634,73,10,73
1747012096.8243637,-46,14,31
1747012096.8603632,-5,33,44
1747012096.895363,82,0,102
1747012096.931363,85,-3,105
1747012096.9663634,0,-38,85
1747012097.0013633,74,-24,137
1747012097.0373633,62,45,117
1747012097.0723634,-12,-1,61
1747012097.1083634,116,-46,80
1747012097.1433637,60,-38,32
1747012097.178363,-46,-16,64
1747012097.2133634,4,-20,6
1747012097.2493634,-9,-18,116
1747012097.2853634,43,-45,134
1747012097.3203633,67,22,68
1747012097.3563633,-43,-27,48
1747012097.3913634,31,0,146
1747012097.4263637,60,6,184
1747012097.4613633,51,-26,84
1747012097.497363,19,53,179
1747012097.533363,0,20,-6
1747012097.5683634,18,20,169
1747012097.6043634,52,38,153
1747012097.6393633,-31,12,147
1747012097.6743634,122,6,41
1747012097.7093637,-10,-28,-74
1747012097.7453637,74,16,33
1747012097.7813632,-28,-12,63
1747012097.816363,-14,3,-30
1747012097.852363,-36,19,-16
1747012097.8873634,39,-6,41
1747012097.9223633,21,1,-74
1747012097.9573634,-62,6,81
1747012097.9933634,-35,55,55
1747012098.0293634,-66,0,-2
1747012098.0643632,-11,65,157
1747012098.1003633,44,35,131
1747012098.135363,24,85,9
1747012098.1703634,-13,18,21
1747012098.2053633,14,-16,80
1747012098.2413633,4,15,25
1747012098.2773633,20,-58,126
1747012098.3123634,-73,-20,24
1747012098.3483634,-75,7,102
1747012098.3833632,-63,-24,-30
1747012098.418363,6,-54,42
1747012098.4533634,28,-2,59
1747012098.4893634,-16,-21,-25
1747012098.5253634,-15,0,136
1747012098.5603633,-12,-51,80
1747012098.5963633,-41,-14,32
1747012098.6313634,-22,52,60
1747012098.6663637,-2,64,36
1747012098.701363,-7,21,-9
1747012098.737363,36,15,180
1747012098.7733634,92,-2,36
1747012098.8083634,-60,-12,-3
1747012098.8443637,-18,47,-27
1747012098.8793633,-27,53,56
1747012098.9143634,-8,0,172
1747012098.9493637,15,-68,62
1747012098.9853632,-46,10,132
1747012099.0213633,-46,26,22
1747012099.056363,-30,-47,98
1747012099.0923634,-14,49,148
1747012099.1273634,8,45,84
1747012099.1623633,1,-51,-31
1747012099.1973634,21,7,120
1747012099.2333634,21,-26,-37
1747012099.2693634,-39,-11,86
1747012099.3043633,-45,-45,88
1747012099.3403633,-12,18,76
1747012099.375363,5,76,96
1747012099.4103634,-12,-41,100
1747012099.4453633,29,-79,38
1747012099.4813633,-32,54,82
1747012099.5173633,-26,-41,72
1747012099.5523634,-18,18,74
1747012099.5883634,-94,-13,80
1747012099.6233633,17,20,50
1747012099.658363,35,24,140
1747012099.6933634,65,-7,62
1747012099.7293634,9,-3,162
1747012099.7653637,89,-132,0
1747012099.8003633,67,5,124
1747012099.8363633,6,31,164
1747012099.8713634,-38,-4,62
1747012099.9063632,43,-76,68
1747012099.941363,-5,25,170
1747012099.977363,13,-40,123
1747012100.0133634,-46,-24,41
1747012100.0483634,-14,-82,89
1747012100.0843637,-52,53,59
1747012100.1193633,46,64,35
1747012100.1543634,-9,60,1
1747012100.1893632,-5,10,81
1747012100.2253633,-46,-81,103
1747012100.2613633,31,-47,64
1747012100.2963634,-37,-60,105
1747012100.3323634,-63,52,143
1747012100.3673637,-107,-24,44
1747012100.4023633,-30,38,159
1747012100.4383633,5,-24,65
1747012100.4733634,61,15,191
1747012100.5093634,38,-17,25
1747012100.5443633,-91,-39,34
1747012100.5803633,44,76,32
1747012100.6153634,71,-32,28
1747012100.6503634,-56,0,34
1747012100.6863637,60,-42,37
1747012100.7213633,6,1,158
1747012100.757363,-46,19,-17
1747012100.7923634,8,-15,95
1747012100.8283634,11,65,61
1747012100.8633633,15,3,-114
1747012100.8983634,-34,11,9
1747012100.9343634,9,-8,60
1747012100.9693637,-24,-16,60
1747012101.0053637,-52,-18,8
1747012101.0403633,-26,-132,-13
1747012101.076363,-80,-24,-13
1747012101.1113634,-35,-62,-49
1747012101.1463633,-7,55,82
1747012101.1823633,-65,-6,176
1747012101.2173634,-39,9,66
1747012101.2533634,66,-14,137
1747012101.2883637,34,-16,68
1747012101.3243637,13,53,182
1747012101.3593633,117,-66,176
1747012101.3943634,-38,11,68
1747012101.4303634,-32,-34,82
1747012101.4653633,-126,15,-3
1747012101.5013633,-12,-21,110
1747012101.5363634,13,0,-18
1747012101.5723634,-22,-37,91
1747012101.6073637,-3,-5,80
1747012101.6423633,-65,-40,30
1747012101.678363,28,59,30
1747012101.7133634,-51,27,-37
1747012101.7493634,79,72,36
1747012101.7843633,58,-16,84
1747012101.8203633,52,-14,-41
1747012101.8553634,70,31,176
1747012101.8903637,54,31,78
1747012101.9263637,21,-28,68
1747012101.9613633,46,-40,104
1747012101.997363,-3,-23,24
1747012102.0323634,44,22,140
1747012102.0683634,-18,-33,-9
1747012102.1033633,11,-103,135
1747012102.1383634,-72,-20,84
1747012102.1743634,-29,2,156
1747012102.2093637,145,-42,124
1747012102.2453637,11,-24,104
1747012102.280363,-56,-2,120
1747012102.3153634,-36,-64,56
1747012102.3503633,-57,10,52
1747012102.3863633,-49,-37,124
1747012102.4223633,13,2,128
1747012102.4573634,11,-50,-2
1747012102.4933634,43,-16,100
1747012102.5283637,-28,52,79
1747012102.5633633,25,-39,114
1747012102.5983634,40,-15,95
1747012102.6343634,-6,-72,75
1747012102.6703634,-12,-44,-42
1747012102.7053633,45,-12,-36
1747012102.7413633,59,11,115
1747012102.7763634,-40,-66,51
1747012102.8113637,-54,-91,184
1747012102.8463633,-10,28,83
1747012102.882363,46,39,141
1747012102.918363,74,0,97
1747012102.9533634,-15,-4,37
1747012102.9893634,-43,11,-4
1747012103.0243633,10,-44,139
1747012103.0593634,49,36,84
1747012103.0943637,-23,-1,146
1747012103.1303637,0,-9,89
1747012103.1663637,-15,-89,124
1747012103.201363,-20,76,140
1747012103.237363,28,-12,50
1747012103.2723634,-75,-37,176
1747012103.3073633,-65,19,19
1747012103.3423634,50,41,55
1747012103.3783634,52,51,129
1747012103.4143634,0,-39,-36
1747012103.4493637,-16,37,163
1747012103.4853632,-18,37,65
1747012103.520363,-70,-17,139
1747012103.5553634,-40,68,97
1747012103.5903633,-42,32,66
1747012103.6263633,15,-11,6
1747012103.6623633,-59,102,206
1747012103.6973634,-12,-72,58
1747012103.7333634,-32,-24,86
1747012103.7683637,33,81,-27
1747012103.803363,-47,37,10
1747012103.8383634,35,51,142
1747012103.8743634,11,21,46
1747012103.9103634,-48,43,78
1747012103.9453633,-94,-24,70
1747012103.9813633,33,-10,20
1747012104.0163634,-36,69,62
1747012104.0513637,3,39,24
1747012104.0863633,-50,35,46
1747012104.122363,-20,-26,38
1747012104.158363,-8,21,68
1747012104.1933634,-11,-15,49
1747012104.2293634,-45,-19,-13
1747012104.2643633,9,-78,185
1747012104.2993634,-52,52,-65
1747012104.3343637,-84,-125,50
1747012104.3703637,53,-49,114
1747012104.4063632,-52,18,12
1747012104.441363,27,-15,79
1747012104.477363,-106,-75,103
1747012104.5123634,7,-39,81
1747012104.5473633,-12,-67,71
1747012104.5823634,9,48,15
1747012104.6183634,-30,-72,49
1747012104.6543634,-14,34,31
1747012104.6893632,75,-57,59
1747012104.7253633,-88,-75,-16
1747012104.760363,1,28,57
1747012104.7953634,-63,-32,83
1747012104.8303633,2,-57,243
1747012104.8663633,56,-87,223
1747012104.9023633,-6,51,-2
1747012104.9373634,37,-64,79
1747012104.9733634,71,-34,71
1747012105.0083632,7,77,53
1747012105.0503633,-119,21,81
1747012105.0863633,-43,-34,147
1747012105.122363,5,-18,15
1747012105.158363,34,13,75
1747012105.1933634,-43,53,-10
1747012105.2293634,-14,-87,51
1747012105.2643633,4,39,15
1747012105.2993634,-7,11,193
1747012105.3343637,16,29,41
1747012105.3703637,-59,37,21
1747012105.4063632,-6,-35,0
1747012105.441363,59,-43,-14
1747012105.477363,-20,-9,27
1747012105.5123634,16,39,99
1747012105.5473633,-11,-72,-9
1747012105.5833633,18,-18,24
1747012105.6183634,24,5,28
1747012105.6543634,-5,-86,202
1747012105.6893632,58,39,42
1747012105.7253633,6,-30,150
1747012105.760363,-43,3,204
1747012105.7953634,4,-60,48
1747012105.8313634,29,25,38
1747012105.8663633,87,-12,128
1747012105.9023633,-15,31,-63
1747012105.9373634,6,-46,96
1747012105.9733634,51,5,110
1747012106.0083632,-27,37,-25
1747012106.043363,2,-14,100
1747012106.079363,38,15,68
1747012106.1143634,4,19,72
1747012106.1503634,-67,-34,58
1747012106.1853633,-17,-26,148
1747012106.2213633,11,-59,106
1747012106.2563634,-40,10,-55
1747012106.2913637,3,-5,42
1747012106.3273633,77,-69,48
1747012106.362363,-34,-87,126
1747012106.3983634,12,-29,114
1747012106.4333634,54,-11,208
1747012106.4693637,-31,68,82
1747012106.5043633,-25,62,120
1747012106.5393634,56,-5,88
1747012106.5753634,-35,8,160
1747012106.6103632,-27,38,76
1747012106.6463633,-13,-81,70
1747012106.681363,31,13,190
1747012106.7173634,29,-96,-9
1747012106.7523634,-22,-22,148
1747012106.7873633,-13,-16,158
1747012106.8233633,79,6,30
1747012106.8583634,-3,-47,-4
1747012106.8943634,-42,-38,74
1747012106.9293633,85,-22,52
1747012106.9653633,188,-2,40
1747012107.000363,4,-56,198
1747012107.0353634,40,4,48
1747012107.0713634,-5,-10,44
1747012107.1063633,42,57,40
1747012107.1423633,-94,-4,74
1747012107.1773634,-45,7,10
1747012107.2133634,20,-74,32
1747012107.2493634,22,13,70
1747012107.2843633,-13,-24,52
1747012107.3193634,-47,44,68
1747012107.3553634,-5,38,116
1747012107.3913634,-6,33,85
1747012107.4263637,-82,9,44
1747012107.4623632,-40,1,106
1747012107.497363,-32,75,203
1747012107.5323634,-30,-56,39
1747012107.5673633,65,45,43
1747012107.6033633,7,79,77
1747012107.6393633,25,-54,59
1747012107.6743634,17,25,12
1747012107.7103634,59,9,28
1747012107.7453637,0,13,56
1747012107.780363,41,0,20
1747012107.8153634,35,74,50
1747012107.8513634,79,21,20
1747012107.8873634,25,-26,92
1747012107.9223633,-102,-16,61
1747012107.9583633,-26,38,37
1747012107.9933634,-4,-35,47
1747012108.0283637,13,16,217
1747012108.0633633,-16,-99,59
1747012108.099363,1,54,-26
1747012108.135363,-18,-5,83
1747012108.1703634,0,-13,117
1747012108.2063634,13,-22,-2
1747012108.2413633,-45,4,-1
1747012108.2763634,11,-18,103
1747012108.3113637,-16,-23,181
1747012108.3473637,23,118,75
1747012108.3833632,-16,32,151
1747012108.418363,23,-21,75
1747012108.454363,-38,76,111
1747012108.4893634,57,22,33
1747012108.5243633,27,-63,23
1747012108.5593634,-62,8,189
1747012108.5953634,-10,0,21
1747012108.6313634,35,4,73
1747012108.6663637,-4,-97,19
1747012108.7023633,0,-71,15
1747012108.737363,-44,-11,33
1747012108.7723634,57,10,179
1747012108.8073633,51,-39,1
1747012108.8433633,9,0,239
1747012108.8793633,21,2,69
1747012108.9143634,11,-3,89
1747012108.9503634,27,-5,-67
1747012108.9853632,71,-89,48
1747012109.020363,-22,40,-55
1747012109.0553634,-54,-5,88
1747012109.0913634,-70,-35,48
1747012109.1273634,71,-69,160
1747012109.1623633,-58,22,130
1747012109.1983633,-48,-89,-31
1747012109.2333634,-12,60,24
1747012109.2683637,23,14,-3
1747012109.303363,43,-15,156
1747012109.339363,11,-25,231
1747012109.375363,101,22,79
1747012109.4103634,-104,8,79
1747012109.4463634,-31,-75,99
1747012109.4813633,61,8,105
1747012109.5163634,-22,-19,21
1747012109.5513637,-4,-3,143
1747012109.5873632,21,18,185
1747012109.6233633,47,10,99
1747012109.658363,89,76,65
1747012109.6943634,-82,84,117
1747012109.7293634,23,20,85
1747012109.7643633,-26,-51,125
1747012109.7993634,-50,14,205
1747012109.8353634,19,-47,91
1747012109.8713634,-28,-11,119
1747012109.9063632,-14,32,17
1747012109.9423633,15,-23,53
1747012109.977363,-10,-35,143
1747012110.0123634,-42,-7,121
1747012110.0473633,-4,40,51
1747012110.0833633,-40,-41,35
1747012110.1193633,-66,-14,117
1747012110.1543634,-84,12,112
1747012110.1903634,-2,22,-35
1747012110.2253633,-70,-21,69
1747012110.260363,19,28,119
1747012110.2953634,57,44,67
1747012110.3313634,-74,-5,15
1747012110.3673637,13,-49,77
1747012110.4023633,-20,7,-14
1747012110.4383633,73,-2,48
1747012110.4733634,43,-49,168
1747012110.5083632,7,55,100
1747012110.5443633,26,-68,-3
1747012110.579363,-101,0,-17
1747012110.6153634,-19,-34,44
1747012110.6503634,-85,53,172
1747012110.6863637,-20,-44,-9
1747012110.7213633,60,31,70
1747012110.7563634,-5,22,86
1747012110.7923634,-38,-69,106
1747012110.8273633,-26,12,98
1747012110.8633633,-90,-41,144
1747012110.8983634,-64,-25,20
1747012110.9343634,97,-69,84
1747012110.9693637,123,-37,48
1747012111.0043633,-12,26,74
1747012111.0403633,5,-17,40
1747012111.0753634,67,44,-9
1747012111.1113634,17,-31,34
1747012111.1463633,-128,19,54
1747012111.1823633,84,-55,-43
1747012111.2173634,23,12,54
1747012111.2523634,-29,38,-5
1747012111.2883637,62,21,66
1747012111.3233633,-15,-16,-75
1747012111.3593633,22,13,184
1747012111.3943634,-26,11,-13
1747012111.4303634,-37,-8,26
1747012111.4653633,-17,-2,30
1747012111.500363,34,-24,28
1747012111.5363634,6,35,174
1747012111.5713634,-9,-34,120
1747012111.6073637,-41,-10,70
1747012111.6423633,-31,9,28
1747012111.678363,1,26,50
1747012111.7133634,5,-31,174
1747012111.7483633,-18,10,144
1747012111.7843633,-10,60,118
1747012111.8193634,15,19,-39
1747012111.8553634,-4,9,124
1747012111.8903637,9,-20,70
1747012111.9263637,14,76,-1
1747012111.9613633,7,-10,48
1747012111.9963634,11,23,62
1747012112.0323634,-30,-18,156
1747012112.0673633,-8,-76,130
1747012112.1033633,42,34,104
1747012112.1383634,61,-10,-7
1747012112.1743634,-116,-8,262
1747012112.2093637,26,-27,71
1747012112.2443633,-15,26,-12
1747012112.280363,7,-30,95
1747012112.3153634,7,-30,3
1747012112.3513634,-66,3,17
1747012112.3863633,1,37,92
1747012112.4213634,49,-59,48
1747012112.4563634,-44,-87,66
1747012112.4923637,65,22,6
1747012112.5283637,-122,-1,69
1747012112.5633633,-24,25,71
1747012112.599363,5,-46,53
1747012112.6343634,30,-16,124
1747012112.6693633,-41,-36,130
1747012112.704363,-77,8,-11
1747012112.7403634,-59,-139,48
1747012112.7763634,5,22,50
1747012112.8113637,-10,58,114
1747012112.8473637,-3,-31,190
1747012112.882363,18,-3,172
1747012112.9173634,-20,-67,120
1747012112.9523633,-30,-14,198
1747012112.9883633,-28,4,48
1747012113.0243633,1,53,82
1747012113.0593634,43,21,70
1747012113.0953634,-84,-20,-31
1747012113.1303637,61,-52,46
1747012113.1653633,-18,19,-49
1747012113.2003634,3,13,186
1747012113.2363634,-57,-19,90
1747012113.2723634,22,28,160
1747012113.3073633,9,-72,-5
1747012113.3433633,-6,65,96
1747012113.3783634,3,-82,8
1747012113.4133637,-42,4,76
1747012113.4483633,13,-75,-13
1747012113.4843633,-82,42,76
1747012113.520363,18,7,42
1747012113.5553634,-91,9,163
1747012113.5913634,10,11,42
1747012113.6263633,-11,-4,42
1747012113.6613634,62,37,136
1747012113.6963634,-51,54,-27
1747012113.7323637,-35,76,176
1747012113.7683637,61,-55,100
1747012113.803363,3,16,67
1747012113.839363,-70,4,-1
1747012113.8743634,3,-25,-75
1747012113.9093633,-56,2,46
1747012113.9443634,-94,16,50
1747012113.9803634,21,-37,146
1747012114.0163634,-16,105,-69
1747012114.0513637,39,-42,84
1747012114.0873632,1,11,92
1747012114.122363,1,-18,64
1747012114.1573634,-38,15,124
1747012114.1923633,-28,0,192
1747012114.2283633,-52,-38,150
1747012114.2643633,-33,11,94
1747012114.2993634,10,-6,178
1747012114.3353634,80,9,92
1747012114.3703637,-36,-28,100
1747012114.405363,5,11,76
1747012114.4403634,43,-34,-3
1747012114.4763634,-34,43,-9
1747012114.5123634,43,3,86
1747012114.5473633,-38,5,16
1747012114.5833633,-66,-16,19
1747012114.6183634,33,-68,127
1747012114.6533637,-16,5,-4
1747012114.6883633,0,2,53
1747012114.724363,9,39,61
1747012114.760363,-34,-18,-44
1747012114.7953634,-76,-29,133
1747012114.8313634,-92,-6,79
1747012114.8663633,6,-1,-12
1747012114.9013634,-76,1,91
1747012114.9363637,-6,37,99
1747012114.9723637,17,-30,73
1747012115.0083632,-22,-36,169
1747012115.043363,5,-14,101
1747012115.0863633,-106,15,11
1747012115.122363,-12,-40,111
1747012115.1573634,-32,-4,113
1747012115.1923633,-10,-8,-10
1747012115.2283633,-64,3,137
1747012115.2643633,-74,0,173
1747012115.2993634,-51,27,135
1747012115.3353634,86,27,3
1747012115.3703637,-47,7,41
1747012115.405363,-76,-24,109
1747012115.4403634,43,7,129
1747012115.4763634,-48,9,-60
1747012115.5123634,-37,25,155
1747012115.5473633,41,-21,-128
1747012115.5833633,23,31,53
1747012115.6183634,90,-18,85
1747012115.6533637,98,-38,-72
1747012115.6893632,66,17,69
1747012115.724363,-52,19,63
1747012115.760363,7,29,-8
1747012115.7953634,-4,-20,41
1747012115.8313634,-52,-8,89
1747012115.8663633,-24,-43,161
1747012115.9013634,-102,0,159
1747012115.9373634,-81,4,31
1747012115.9723637,-37,89,55
1747012116.0083632,-24,-20,27
1747012116.043363,57,37,-42
1747012116.079363,60,45,13
1747012116.1143634,26,-62,69
1747012116.1493633,33,15,139
1747012116.1853633,37,-32,29
1747012116.2203634,37,-34,107
1747012116.2563634,-11,-16,9
1747012116.2913637,23,-10,71
1747012116.3273633,49,-12,73
1747012116.362363,69,-44,53
1747012116.3973634,35,-28,45
1747012116.4333634,-72,57,63
1747012116.4683633,-34,45,-34
1747012116.5043633,85,43,67
1747012116.5393634,38,-31,151
1747012116.5753634,-38,-62,129
1747012116.6103632,-30,-31,61
1747012116.645363,13,47,40
1747012116.681363,29,-38,146
1747012116.7163634,-46,30,132
1747012116.7523634,-62,9,-3
1747012116.7873633,106,9,-29
1747012116.8233633,-45,-64,-19
1747012116.8583634,-9,6,80
1747012116.8933637,14,38,38
1747012116.9293633,41,8,118
1747012116.964363,-80,-23,126
1747012117.000363,76,20,-69
1747012117.0353634,98,-23,28
1747012117.0713634,23,14,48
1747012117.1063633,-28,16,16
1747012117.1413634,2,28,24
1747012117.1773634,0,-5,114
1747012117.2123632,36,13,64
1747012117.2483633,-113,123,86
1747012117.283363,14,28,164
1747012117.3193634,56,-42,218
1747012117.3553634,18,20,126
1747012117.3913634,64,-17,46
1747012117.4273634,60,9,98
1747012117.4623632,30,39,86
1747012117.497363,-31,-68,142
1747012117.533363,4,-2,13
1747012117.5693634,80,-46,94
1747012117.6043634,28,-22,22
1747012117.6403637,-21,-22,76
1747012117.6753633,52,-28,-47
1747012117.7103634,-27,-18,91
1747012117.7453637,9,-58,91
1747012117.7813632,19,-12,141
1747012117.8173633,-26,-86,-12
1747012117.852363,51,-46,9
1747012117.8883634,88,55,102
1747012117.9233634,40,-40,155
1747012117.9583633,14,-8,37
1747012117.9933634,30,1,-55
1747012118.0293634,-10,6,81
1747012118.0653634,71,22,71
1747012118.1003633,-65,-28,54
1747012118.1363633,18,51,126
1747012118.1713634,-22,-45,138
1747012118.2063634,26,43,64
1747012118.2413633,31,37,-6
1747012118.2773633,4,65,135
1747012118.3133633,-43,21,12
1747012118.3483634,-15,-75,126
1747012118.3843634,-85,-31,78
1747012118.4193633,57,-69,96
1747012118.454363,-36,-57,-45
1747012118.4893634,-4,20,160
1747012118.5253634,71,-77,140
1747012118.5613637,-22,80,72
1747012118.5963633,33,20,184
1747012118.632363,-138,-15,-11
1747012118.6673634,97,52,26
1747012118.7023633,5,10,100
1747012118.737363,23,-13,18
1747012118.7733634,-12,49,192
1747012118.8093634,-54,47,26
1747012118.8443637,0,67,136
1747012118.8803637,-38,9,98
1747012118.9153633,27,17,120
1747012118.9503634,-37,22,176
1747012118.9853632,-12,27,176
1747012119.0213633,-48,3,52
1747012119.0573633,18,5,78
1747012119.0923634,-32,30,201
1747012119.1283634,-83,-30,95
1747012119.1633637,36,-82,177
1747012119.1983633,-117,-40,-10
1747012119.2333634,-38,-9,121
1747012119.2693634,-2,43,-18
1747012119.3053634,-71,27,127
1747012119.3403633,15,10,29
1747012119.3763633,21,90,85
1747012119.4113634,13,40,37
1747012119.4463634,-96,-21,47
1747012119.4813633,-42,3,109
1747012119.5173633,43,10,27
1747012119.553363,67,-20,167
1747012119.5883634,5,-23,133
1747012119.6243634,29,2,147
1747012119.6593633,71,86,27
1747012119.6943634,43,16,23
1747012119.7293634,-51,13,77
1747012119.7653637,49,84,15
1747012119.8013637,-59,18,107
1747012119.8363633,23,14,139
1747012119.872363,-51,-38,33
1747012119.9073634,82,-48,173
1747012119.9423633,112,-18,-18
1747012119.977363,-20,-32,15
1747012120.0133634,-36,23,35
1747012120.0493634,3,-42,125
1747012120.0843637,81,-18,101
1747012120.1203637,11,28,8
1747012120.155363,-32,-105,83
1747012120.1903634,84,60,-8
1747012120.2253633,75,-37,81
1747012120.2613633,-50,10,115
1747012120.2973633,4,24,93
1747012120.3323634,-1,30,169
1747012120.3683634,-36,-23,159
1747012120.4033637,-14,-31,152
1747012120.4383633,7,-33,24
1747012120.474363,-80,70,82
1747012120.5093634,-8,-41,90
1747012120.5453634,19,-103,94
1747012120.5803633,-38,6,98
1747012120.6163633,-10,80,22
1747012120.6513634,-1,-25,80
1747012120.6863637,0,-56,-9
1747012120.7223637,-45,-47,232
1747012120.757363,-151,54,12
1747012120.793363,-70,-47,126
1747012120.8283634,-48,-1,70
1747012120.8643634,-51,43,116
1747012120.8993633,0,73,68
1747012120.9343634,58,0,-3
1747012120.9703634,-52,-27,36
1747012121.0053637,9,-11,54
1747012121.0413637,-4,68,183
1747012121.076363,41,-21,21
1747012121.112363,-92,34,-1
1747012121.1473634,71,-3,71
1747012121.1823633,11,-3,11
1747012121.2183633,45,-51,71
1747012121.2533634,-36,-23,71
1747012121.2893634,0,26,123
1747012121.3243637,-10,50,117
1747012121.3603632,-6,24,-14
1747012121.395363,-32,-83,53
1747012121.4303634,-62,-57,95
1747012121.4663634,49,18,82
1747012121.5013633,-46,-49,-12
1747012121.5373633,-48,-13,70
1747012121.5723634,151,-28,94
1747012121.6083634,-46,2,10
1747012121.6433637,9,-23,-94
1747012121.678363,-34,-9,24
1747012121.714363,-28,-43,6
1747012121.7493634,-12,-33,116
1747012121.7853634,43,-89,137
1747012121.8203633,43,-28,85
1747012121.8563633,-8,62,-26
1747012121.8913634,45,14,108
1747012121.9263637,-24,38,28
1747012121.9623632,31,-49,136
1747012121.997363,-38,-84,72
1747012122.033363,-50,6,72
1747012122.0683634,-8,-6,24
1747012122.1043634,45,25,20
1747012122.1393633,-107,-50,184
1747012122.1743634,36,43,26
1747012122.2103634,108,61,82
1747012122.2453637,46,17,100
1747012122.2813632,-13,-6,48
1747012122.316363,17,24,126
1747012122.352363,-40,-7,54
1747012122.3873634,-26,-95,6
1747012122.4223633,-26,-11,-10
1747012122.4583633,31,38,25
1747012122.4933634,55,6,-3
1747012122.5293634,39,85,56
1747012122.5643632,27,14,16
1747012122.599363,-6,32,154
1747012122.6343634,30,14,108
1747012122.6703634,-70,-61,117
1747012122.7063634,-6,21,149
1747012122.7413633,2,-1,-2
1747012122.7773633,-23,-43,-5
1747012122.8123634,-89,24,58
1747012122.8473637,-9,78,37
1747012122.882363,56,80,65
1747012122.918363,39,-49,67
1747012122.954363,43,30,206
1747012122.9893634,21,30,27
1747012123.0253634,-47,13,109
1747012123.0603633,77,-27,169
1747012123.0953634,-36,-57,145
1747012123.1303637,-44,-35,131
1747012123.1663637,33,-67,9
1747012123.2023633,59,8,53
1747012123.237363,-43,57,123
1747012123.2733634,50,48,101
1747012123.3083634,32,30,73
1747012123.3433633,8,32,43
1747012123.3783634,26,46,63
1747012123.4143634,38,-87,31
1747012123.4503634,48,-59,87
1747012123.4853632,-45,26,95
1747012123.5213633,-90,6,115
1747012123.556363,3,-23,77
1747012123.5913634,53,-9,51
1747012123.6263633,-18,52,74
1747012123.6623633,-16,4,113
1747012123.6983633,71,-115,80
1747012123.7333634,51,-15,42
1747012123.7693634,-8,-55,4
1747012123.8043633,-28,28,192
1747012123.839363,11,-13,134
1747012123.8743634,67,12,58
1747012123.9103634,-14,14,174
1747012123.9463634,-76,-55,218
1747012123.9813633,39,24,162
1747012124.0173633,31,-13,96
1747012124.0523634,48,53,58
1747012124.0873632,136,24,106
1747012124.122363,36,31,34
1747012124.158363,8,12,94
1747012124.1943634,-3,-63,140
1747012124.2293634,25,-69,150
1747012124.2653637,-25,74,38
1747012124.3003633,-48,13,16
1747012124.3353634,30,-22,34
1747012124.3703637,9,18,110
1747012124.4063632,0,-93,92
1747012124.4423633,50,-37,-21
1747012124.477363,-10,-13,176
1747012124.5133634,61,50,26
1747012124.5483634,-22,18,60
1747012124.5833633,1,37,-9
1747012124.6183634,-12,-29,72
1747012124.6543634,-49,41,32
1747012124.6903634,6,31,150
1747012124.7253633,-75,-68,20
1747012124.7613633,-34,-21,-25
1747012124.7963634,26,35,-71
1747012124.8313634,-8,34,54
1747012124.8663633,-64,-71,108
1747012124.9023633,-46,-1,50
1747012124.9383633,7,-17,104
1747012124.9733634,37,4,-19
1747012125.0093634,107,-5,36
1747012125.0443633,-18,-37,116
1747012125.0863633,132,-3,102
1747012125.122363,-20,44,82
1747012125.158363,17,-35,88
1747012125.1943634,5,46,168
1747012125.2293634,15,48,4
1747012125.2653637,-8,-51,178
1747012125.3003633,-15,40,18
1747012125.3353634,-19,-25,98
1747012125.3703637,-1,-68,138
1747012125.4063632,31,-10,32
1747012125.4423633,7,17,144
1747012125.477363,-16,5,32
1747012125.5133634,53,39,108
1747012125.5483634,-8,-44,100
1747012125.5833633,-6,7,88
1747012125.6183634,-8,-86,164
1747012125.6543634,17,81,180
1747012125.6903634,0,-35,130
1747012125.7253633,-21,70,118
1747012125.7613633,46,-45,116
1747012125.7963634,58,-17,170
1747012125.8313634,-11,-3,98
1747012125.8673637,-64,-40,20
1747012125.9023633,21,33,130
1747012125.9383633,25,27,52
1747012125.9733634,-32,0,146
1747012126.0093634,-32,-8,94
1747012126.0443633,83,19,76
1747012126.079363,33,-40,84
1747012126.1153634,75,-84,48
1747012126.1503634,-46,-28,84
1747012126.1863637,39,89,112
1747012126.2213633,65,-72,80
1747012126.257363,13,-24,-17
1747012126.2923634,-40,22,176
1747012126.3273633,-24,6,128
1747012126.3633633,29,37,32
1747012126.3983634,-36,5,84
1747012126.4343634,76,57,203
1747012126.4693637,32,-24,5
1747012126.5053637,0,-66,-5
1747012126.5403633,30,-20,25
1747012126.5753634,54,29,187
1747012126.6113634,36,79,37
1747012126.6463633,6,27,143
1747012126.6823633,-39,9,103
1747012126.7173634,38,-86,56
1747012126.7533634,-5,-49,154
1747012126.7883637,50,-43,54
1747012126.8233633,-14,44,64
1747012126.8593633,-16,-17,-13
1747012126.8943634,-44,6,32
1747012126.9303634,32,28,30
1747012126.9653633,42,22,40
1747012127.0013633,77,16,130
1747012127.0363634,-4,-55,16
1747012127.0713634,-56,76,-29
1747012127.1073637,-60,-38,78
1747012127.1423633,-42,0,48
1747012127.178363,84,0,206
1747012127.2133634,-51,3,118
1747012127.2493634,-11,-95,154
1747012127.2843633,14,42,88
1747012127.3193634,-57,-53,110
1747012127.3553634,72,32,40
1747012127.3903637,-55,9,80
1747012127.4263637,-29,13,122
1747012127.4613633,65,4,63
1747012127.497363,-77,9,35
1747012127.533363,-34,42,136
1747012127.5683634,107,74,52
1747012127.6033633,-25,-14,-55
1747012127.6393633,21,-59,60
1747012127.6753633,-14,62,17
1747012127.7103634,-3,-50,59
1747012127.7463634,46,69,-76
1747012127.7813632,3,-15,79
1747012127.816363,-24,99,-10
1747012127.8513634,-18,6,155
1747012127.8873634,-60,39,125
1747012127.9233634,81,10,49
1747012127.9583633,31,-64,-46
1747012127.9943633,28,2,185
1747012128.0293634,14,-13,5
1747012128.0643632,-77,8,115
1747012128.099363,-3,62,123
1747012128.135363,-23,74,91
1747012128.1713634,-9,-25,101
1747012128.2063634,14,-31,71
1747012128.2423637,2,90,39
1747012128.2773633,96,20,-56
1747012128.3123634,82,8,185
1747012128.3473637,22,-51,131
1747012128.3833632,74,22,79
1747012128.4193633,-5,16,69
1747012128.454363,-57,48,-38
1747012128.4903634,118,-27,5
1747012128.5253634,22,-5,175
1747012128.5603633,33,-22,63
1747012128.5953634,-15,6,93
1747012128.6313634,-46,9,-45
1747012128.6673634,61,43,189
1747012128.7023633,5,23,140
1747012128.7383633,-32,29,-25
1747012128.7733634,31,4,64
1747012128.8083634,29,-7,9
1747012128.8433633,-26,38,112
1747012128.8793633,8,-39,82
1747012128.9153633,-38,-33,156
1747012128.9503634,-86,4,-19
1747012128.9863634,0,30,112
1747012129.0213633,54,-25,104
1747012129.056363,-136,54,162
1747012129.0913634,12,18,10
1747012129.1273634,29,-7,140
1747012129.1633637,15,-45,124
1747012129.1983633,7,-37,70
1747012129.2343633,4,-25,76
1747012129.2693634,12,-73,216
1747012129.3043633,-11,-41,84
1747012129.339363,80,-13,88
1747012129.375363,-61,-61,114
1747012129.4113634,24,-63,-23
1747012129.4463634,46,-67,68
1747012129.4823637,120,-47,64
1747012129.5173633,36,8,52
1747012129.5523634,-13,-17,182
1747012129.5873632,58,-17,0
1747012129.6233633,-5,14,174
1747012129.6593633,-13,-25,6
1747012129.6943634,25,-43,54
1747012129.7303634,71,-9,40
1747012129.7653637,37,-25,18
1747012129.8003633,39,3,90
1747012129.8353634,-58,-52,108
1747012129.8713634,-112,-58,102
1747012129.9073634,87,9,-27
1747012129.9423633,-32,-24,22
1747012129.9783633,-12,-22,136
1747012130.0133634,41,-6,216
1747012130.0483634,3,-22,-12
1747012130.0833633,-20,-14,298
1747012130.1193633,-4,-34,67
1747012130.155363,-2,-26,46
1747012130.1903634,51,-22,74
1747012130.2263634,36,-40,39
1747012130.2613633,39,-34,50
1747012130.2963634,-14,-2,61
1747012130.3323634,15,11,45
1747012130.3673637,14,-70,59
1747012130.4033637,-39,19,85
1747012130.4383633,-3,0,193
1747012130.474363,-130,-38,25
1747012130.5093634,28,39,69
1747012130.5443633,7,-68,117
1747012130.579363,-14,-4,141
1747012130.6153634,-11,-115,77
1747012130.6513634,-3,78,103
1747012130.6863637,-35,-23,45
1747012130.7223637,42,22,17
1747012130.757363,-83,-41,-28
1747012130.7923634,-47,-9,155
1747012130.8283634,14,-26,109
1747012130.8633633,11,27,33
1747012130.8993633,-73,-27,65
1747012130.9343634,2,74,35
1747012130.9703634,37,6,11
1747012131.0053637,61,12,55
1747012131.0403633,10,33,111
1747012131.076363,0,68,47
1747012131.1113634,-44,-35,201
1747012131.1473634,5,-27,9
1747012131.1823633,-4,34,-72
1747012131.2183633,21,-47,55
1747012131.2533634,-22,-27,77
1747012131.2883637,-24,23,73
1747012131.3243637,-10,63,67
1747012131.3593633,3,65,131
1747012131.395363,76,3,263
1747012131.4303634,64,-28,113
1747012131.4663634,94,7,57
1747012131.5013633,-9,-50,49
1747012131.5363634,13,-47,9
1747012131.5723634,-39,-4,129
1747012131.6073637,-16,42,51
1747012131.6433637,-60,22,15
1747012131.678363,17,16,99
1747012131.714363,-12,-47,-42
1747012131.7493634,31,22,163
1747012131.7843633,-24,30,-26
1747012131.8203633,13,-17,49
1747012131.8553634,-51,31,131
1747012131.8913634,50,-18,55
1747012131.9263637,-5,59,235
1747012131.9623632,33,18,13
1747012131.997363,26,45,95
1747012132.0323634,-7,-2,95
1747012132.0683634,69,74,31
1747012132.1033633,-34,14,63
1747012132.1393633,19,-3,31
1747012132.1743634,5,-5,67
1747012132.2103634,-18,14,-24
1747012132.2453637,-64,-81,-22
1747012132.280363,-22,62,43
1747012132.316363,0,-25,47
1747012132.3513634,37,2,93
1747012132.3873634,-38,12,83
1747012132.4223633,151,-61,101
1747012132.4583633,-36,40,63
1747012132.4933634,7,35,59
1747012132.5283637,-50,-24,99
1747012132.5643632,-33,-15,-8
1747012132.599363,-5,-5,69
1747012132.635363,73,-21,69
1747012132.6703634,-8,48,61
1747012132.7053633,27,-27,71
1747012132.7403634,17,6,113
1747012132.7763634,-14,34,122
1747012132.8123634,53,22,17
1747012132.8473637,9,-59,143
1747012132.8833632,-45,22,18
1747012132.918363,-61,-29,114
1747012132.9533634,-54,32,168
1747012132.9883633,5,28,206
1747012133.0243633,-6,-55,158
1747012133.0603633,1,-19,17
1747012133.0953634,-22,-47,-76
1747012133.1313634,12,-20,-101
1747012133.1663637,-5,19,100
1747012133.201363,110,28,76
1747012133.2363634,12,-48,30
1747012133.2723634,-65,27,132
1747012133.3083634,-7,-24,24
1747012133.3433633,-90,18,4
1747012133.3793633,43,52,-13
1747012133.4143634,-59,44,20
1747012133.4493637,61,-88,98
1747012133.4843633,-31,56,90
1747012133.520363,36,8,56
1747012133.556363,-41,12,82
1747012133.5913634,5,-13,73
1747012133.6273634,101,22,-73
1747012133.6623633,-39,56,116
1747012133.6973634,38,-3,-1
1747012133.7323637,26,14,-15
1747012133.7683637,-15,17,-49
1747012133.8043633,18,-10,96
1747012133.839363,-10,7,52
1747012133.875363,-83,-62,66
1747012133.9103634,36,-56,78
1747012133.9453633,62,24,146
1747012133.9803634,12,13,98
1747012134.0163634,-16,-19,135
1747012134.0523634,7,-3,163
1747012134.0873632,59,-17,197
1747012134.1233633,-50,-8,67
1747012134.158363,15,99,-52
1747012134.1933634,-44,-34,89
1747012134.2283633,16,-78,149
1747012134.2643633,12,5,103
1747012134.3003633,4,-61,93
1747012134.3353634,-15,63,111
1747012134.3713634,110,-29,131
1747012134.4063632,54,-103,149
1747012134.441363,-13,30,93
1747012134.4763634,20,48,143
1747012134.5123634,-37,86,49
1747012134.5483634,-20,-7,91
1747012134.5833633,4,61,73
1747012134.6193633,36,-62,109
1747012134.6543634,-35,-73,101
1747012134.691363,-13,26,-40
1747012134.7263634,-7,-41,25
1747012134.7613633,-62,-34,109
1747012134.7963634,-40,12,35
1747012134.8323634,11,-59,47
1747012134.8683634,-16,56,127
1747012134.9033637,7,64,111
1747012134.9393632,-6,-53,-44
1747012134.974363,6,50,7
1747012135.0093634,-12,2,135
1747012135.0443633,66,2,61
1747012135.0803633,32,2,145
1747012135.1233633,-14,24,47
1747012135.1593633,-10,-3,91
1747012135.1953633,13,-57,-48
1747012135.2303634,17,-39,0
1747012135.2653637,59,32,173
1747012135.3003633,39,42,78
1747012135.3363633,-22,66,75
1747012135.372363,-8,-27,47
1747012135.4073634,-18,56,159
1747012135.4433634,31,-35,141
1747012135.4783633,-36,58,127
1747012135.5133634,149,-11,131
1747012135.5483634,33,-7,91
1747012135.5843637,7,-75,11
1747012135.6203637,-36,-53,17
1747012135.655363,53,10,93
1747012135.691363,63,-7,88
1747012135.7263634,69,72,10
1747012135.7613633,101,6,64
1747012135.7963634,0,-13,40
1747012135.8323634,-66,-3,115
1747012135.8683634,11,-31,41
1747012135.9033637,19,-71,177
1747012135.9393632,-16,40,115
1747012135.974363,49,8,75
1747012136.0093634,-14,-57,109
1747012136.0453634,7,-55,119
1747012136.0803633,-54,-19,35
1747012136.1163633,-15,34,5
1747012136.1513634,-9,-29,123
1747012136.1873634,-61,-37,-2
1747012136.2223637,-8,-55,101
1747012136.257363,-14,24,53
1747012136.293363,7,106,53
1747012136.3283634,-2,-17,133
1747012136.3643634,-14,2,90
1747012136.3993633,79,32,130
1747012136.4353633,29,-69,110
1747012136.4703634,7,-31,-1
1747012136.5053637,-6,-19,20
1747012136.5413637,1,-9,-77
1747012136.576363,95,-55,-43
1747012136.612363,35,-49,100
1747012136.6473634,69,26,34
1747012136.6833634,-3,-69,60
1747012136.7183633,-54,-23,26
1747012136.7533634,-8,23,68
1747012136.7893634,55,-12,166
1747012136.8243637,-14,29,60
1747012136.8603632,-68,35,22
1747012136.895363,-18,6,82
1747012136.931363,-50,28,92
1747012136.9663634,-64,18,46
1747012137.0013633,-6,-3,188
1747012137.0373633,-6,-3,26
1747012137.0723634,17,22,66
1747012137.1083634,-44,-45,42
1747012137.1433637,15,-38,67
1747012137.1793633,39,47,58
1747012137.214363,51,-8,24
1747012137.2493634,-8,-52,146
1747012137.2853634,-129,-52,108
1747012137.3203633,-19,-32,178
1747012137.3563633,8,-30,12
1747012137.3913634,90,9,-3
1747012137.4273634,2,71,136
1747012137.4623632,26,17,80
1747012137.497363,-34,6,56
1747012137.533363,-22,-21,72
1747012137.5683634,27,-29,-11
1747012137.6043634,1,-18,88
1747012137.6393633,-62,-34,190
1747012137.6753633,-14,5,12
1747012137.7113633,67,36,134
1747012137.747363,-73,-9,90
1747012137.783363,33,-49,82
1747012137.8183634,5,74,10
1747012137.8533633,69,-9,76
1747012137.8893633,17,2,-6
1747012137.9253633,29,-41,71
1747012137.9603634,73,-29,92
1747012137.9963634,-34,21,154
1747012138.0313632,0,41,84
1747012138.066363,78,41,30
1747012138.1013634,-22,77,116
1747012138.1373634,4,-30,-19
1747012138.1733634,-107,-8,48
1747012138.2083633,26,5,184
1747012138.2443633,-59,25,6
1747012138.2793634,16,31,-29
1747012138.3143632,28,13,36
1747012138.349363,56,53,44
1747012138.385363,-25,49,56
1747012138.4213634,-23,-34,108
1747012138.4563634,-59,-46,20
1747012138.4923637,-15,3,24
1747012138.5273633,-37,9,-17
1747012138.5623634,24,5,78
1747012138.5973637,28,-12,92
1747012138.6333632,-22,11,106
1747012138.6693633,9,-6,-53
1747012138.704363,115,-20,76
1747012138.7403634,-33,25,64
1747012138.7753634,22,-44,-23
1747012138.8103633,101,-20,98
1747012138.8453634,-42,-104,-63
1747012138.8813634,151,103,166
1747012138.9173634,-65,-28,42
1747012138.9523633,10,5,126
1747012138.9883633,-40,11,44
1747012139.0233634,83,-2,36
1747012139.0583634,67,11,58
1747012139.0933633,-12,-20,19
1747012139.1293633,0,-4,67
1747012139.1653633,-10,65,7
1747012139.2003634,11,-52,123
1747012139.2363634,-52,5,107
1747012139.2713633,11,-6,137
1747012139.306363,1,19,35
1747012139.3413634,-32,-18,251
1747012139.3773634,107,23,157
1747012139.4133637,-14,39,66
1747012139.4483633,-50,9,96
1747012139.4843633,47,51,42
1747012139.5193634,-47,-4,80
1747012139.5543633,-15,-50,108
1747012139.589363,19,-44,142
1747012139.625363,15,14,52
1747012139.6613634,-74,30,160
1747012139.6963634,-32,56,118
1747012139.7323637,-26,4,107
1747012139.7673633,9,36,119
1747012139.8023634,25,-75,133
1747012139.8373632,-36,-13,79
1747012139.8733633,27,-13,155
1747012139.9093633,-96,5,145
1747012139.9443634,13,13,-10
1747012139.9803634,21,31,-89
1747012140.0153637,-14,-37,-6
1747012140.0503633,-47,-29,68
1747012140.0853634,-69,-21,68
1747012140.1213634,4,10,54
1747012140.1573634,49,-29,50
1747012140.1923633,-46,30,128
1747012140.2283633,21,0,138
1747012140.2633634,-8,-49,68
1747012140.2983634,35,-25,54
1747012140.3333633,11,4,110
1747012140.3693633,-15,-11,46
1747012140.405363,76,17,62
1747012140.4403634,-36,-18,-37
1747012140.4763634,1,9,108
1747012140.5113633,48,-51,198
1747012140.5463634,38,10,208
1747012140.5823634,-5,48,180
1747012140.6173637,-16,20,170
1747012140.6533637,73,-55,174
1747012140.6883633,74,12,18
1747012140.724363,70,-2,-25
1747012140.7593634,28,14,66
1747012140.7943633,22,130,-29
1747012140.829363,22,16,84
1747012140.8653634,-12,66,72
1747012140.9013634,51,62,54
1747012140.9363637,6,-4,99
1747012140.9723637,-49,-30,77
1747012141.007363,8,-45,141
1747012141.0423634,24,0,175
1747012141.0783634,-21,-30,41
1747012141.1133633,22,3,53
1747012141.1493633,44,19,49
1747012141.1843634,6,0,69
1747012141.2203634,-73,-1,207
1747012141.2553637,30,-23,123
1747012141.2903633,16,-64,27
1747012141.326363,0,-39,-70
1747012141.3613634,62,8,129
1747012141.3973634,8,10,119
1747012141.4323633,-31,24,139
1747012141.4683633,32,-43,65
1747012141.5033634,-31,48,-18
1747012141.5383637,-24,-9,15
1747012141.5743637,-66,-13,61
1747012141.6093633,24,-33,111
1747012141.645363,61,-11,-28
1747012141.6803634,43,-21,23
1747012141.7163634,67,-15,157
1747012141.7513633,105,-13,173
1747012141.7863634,30,6,125
1747012141.8223634,-79,-7,27
1747012141.8573637,4,15,131
1747012141.8933637,10,-11,-94
1747012141.928363,42,36,17
1747012141.964363,-62,-67,-45
1747012141.9993634,-46,-13,61
1747012142.0343633,-16,34,108
1747012142.0703633,8,-28,9
1747012142.1053634,26,0,-4
1747012142.1413634,-87,-9,103
1747012142.1763637,72,32,-10
1747012142.2123632,71,0,223
1747012142.247363,-5,-35,82
1747012142.2823634,-30,-57,90
1747012142.3183634,21,18,35
1747012142.3533633,-12,-11,41
1747012142.3893633,23,-49,-71
1747012142.4243634,23,26,48
1747012142.4603634,47,48,78
1747012142.4953637,-32,0,4
1747012142.530363,88,-69,94
1747012142.566363,-14,-16,28
1747012142.6013634,5,-22,-1
1747012142.6373634,-18,-128,144
1747012142.6723633,0,-38,204
1747012142.7083633,-8,-29,70
1747012142.7433634,-55,37,112
1747012142.7783637,-50,36,10
1747012142.8143632,33,59,66
1747012142.849363,-28,27,92
1747012142.885363,17,-108,76
1747012142.9203634,-36,-26,52
1747012142.9553633,-68,21,22
1747012142.9903634,61,33,-133
1747012143.0263634,-26,0,-37
1747012143.0623634,-18,-39,48
1747012143.0973637,-16,28,14
1747012143.1333632,43,29,66
1747012143.168363,21,20,72
1747012143.2033634,-54,-47,164
1747012143.2383633,31,-16,32
1747012143.2743633,-32,21,144
1747012143.3103633,-84,-74,80
1747012143.3453634,51,37,78
1747012143.3813634,7,-46,84
1747012143.4163637,-4,15,100
1747012143.451363,-22,-12,102
1747012143.4863634,-24,15,40
1747012143.5223634,59,-96,-27
1747012143.5583634,49,11,70
1747012143.5933633,-8,-2,-59
1747012143.6293633,0,-7,72
1747012143.6643634,-81,3,162
1747012143.6993637,-14,-55,-55
1747012143.7343633,39,-7,-53
1747012143.770363,-4,4,-27
1747012143.806363,57,38,44
1747012143.8413634,116,-50,84
1747012143.8773634,-26,-17,120
1747012143.9123633,-2,10,-99
1747012143.9473634,13,10,66
1747012143.9823637,31,-11,16
1747012144.0183637,2,-17,42
1747012144.0543633,22,22,24
1747012144.089363,-25,20,90
1747012144.125363,-12,55,120
1747012144.1603634,18,-37,54
1747012144.1953633,-56,97,98
1747012144.2303634,71,-14,122
1747012144.2663634,11,-8,-7
1747012144.3023634,47,-66,116
1747012144.3373632,-40,-90,110
1747012144.3733633,89,-14,48
1747012144.408363,65,-22,168
1747012144.4433634,45,0,15
1747012144.4783633,59,79,65
1747012144.5143633,19,73,35
1747012144.5503633,-20,59,123
1747012144.5853634,19,-2,42
1747012144.6213634,-102,55,90
1747012144.6563632,-34,3,34
1747012144.691363,-32,-27,186
1747012144.7263634,5,42,-37
1747012144.7623634,47,33,34
1747012144.7983634,-4,-101,72
1747012144.8333633,59,-42,89
1747012144.8693633,27,43,232
1747012144.9043634,-13,-9,195
1747012144.9393632,23,-63,51
1747012144.974363,-12,0,141
1747012145.010363,1,74,67
1747012145.0463634,7,26,-56
1747012145.0813634,-62,-17,81
1747012145.1243634,14,-58,83
1747012145.1603634,0,-3,149
1747012145.1953633,56,87,-20
1747012145.2303634,76,31,17
1747012145.2663634,-11,-20,-24
1747012145.3023634,-14,-39,69
1747012145.3373632,0,-16,219
1747012145.3733633,114,-112,63
1747012145.408363,40,-50,57
1747012145.4433634,36,111,32
1747012145.4783633,0,-98,6
1747012145.5143633,-1,-14,104
1747012145.5503633,-6,-5,130
1747012145.5853634,27,-35,66
1747012145.6213634,35,-77,58
1747012145.6563632,-50,-5,-41
1747012145.691363,-80,14,32
1747012145.7263634,11,56,200
1747012145.7623634,24,78,42
1747012145.7983634,10,20,150
1747012145.8333633,14,-5,-13
1747012145.8693633,11,-25,96
1747012145.9043634,13,-17,146
1747012145.9393632,-40,12,60
1747012145.974363,25,18,146
1747012146.010363,-90,8,160
1747012146.0463634,-12,-59,32
1747012146.0813634,73,-9,96
1747012146.1173637,-66,24,176
1747012146.1523633,13,86,66
1747012146.1873634,-44,-105,60
1747012146.2233634,-24,12,72
1747012146.2583632,-34,-57,68
1747012146.2943633,-96,-99,98
1747012146.329363,16,-9,202
1747012146.3653634,0,32,156
1747012146.4003634,-12,14,2
1747012146.4353633,-20,40,92
1747012146.4713633,37,30,50
1747012146.5063634,-15,-7,72
1747012146.5423634,1,10,52
1747012146.5773633,31,-23,44
1747012146.6133633,19,-23,100
1747012146.6483634,-42,12,58
1747012146.6833634,-88,-33,100
1747012146.7193637,8,40,82
1747012146.7543633,90,63,96
1747012146.7903633,18,-6,130
1747012146.8253634,-31,-36,-19
1747012146.8613634,-5,-34,108
1747012146.8963633,13,-13,76
1747012146.931363,-33,47,-69
1747012146.9673634,-65,-24,138
1747012147.0023634,-67,-22,128
1747012147.0383637,-8,-63,100
1747012147.0733633,23,-39,32
1747012147.1093633,39,-23,106
1747012147.1443634,39,-13,16
1747012147.1793633,44,9,144
1747012147.2153633,-23,25,6
1747012147.250363,14,59,106
1747012147.2863634,18,-1,90
1747012147.3213634,8,-9,20
1747012147.3573637,29,72,92
1747012147.3923633,-52,12,132
1747012147.4273634,-12,-12,144
1747012147.4633634,-80,-50,16
1747012147.4983633,19,-90,2
1747012147.5343633,29,-12,86
1747012147.5693634,-42,-38,-27
1747012147.6053634,6,3,152
1747012147.6403637,31,25,49
1747012147.6753633,-40,23,53
1747012147.7113633,25,54,67
1747012147.7463634,-36,58,49
1747012147.7823634,13,-59,151
1747012147.8173633,22,2,131
1747012147.8533633,-57,10,49
1747012147.8893633,-4,64,53
1747012147.9253633,-10,-27,37
1747012147.9613633,19,-55,49
1747012147.9963634,63,-2,-50
1747012148.0313632,10,-40,29
1747012148.0673633,-21,-67,113
1747012148.1033633,24,19,67
1747012148.1383634,34,-12,71
1747012148.1743634,24,3,49
1747012148.2093637,0,-34,25
1747012148.2443633,-12,-16,3
1747012148.2793634,-114,25,33
1747012148.3153634,-8,17,133
1747012148.3513634,55,-16,-86
1747012148.3863633,31,-16,65
1747012148.4223633,8,-53,67
1747012148.4573634,5,-37,55
1747012148.4923637,-60,26,103
1747012148.5273633,63,22,-26
1747012148.5633633,-36,44,-51
1747012148.599363,14,36,142
1747012148.6343634,-36,4,88
1747012148.6703634,29,2,232
1747012148.7053633,61,36,104
1747012148.7403634,75,20,62
1747012148.7753634,-18,-18,28
1747012148.8113637,-10,29,-1
1747012148.8473637,35,-8,8
1747012148.882363,59,-36,108
1747012148.918363,9,-42,134
1747012148.9533634,3,-22,-11
1747012148.9883633,-28,-2,147
1747012149.0233634,39,-28,159
1747012149.0593634,61,6,-42
1747012149.0953634,32,-29,153
1747012149.1303637,17,-23,53
1747012149.1663637,-50,-43,131
1747012149.201363,-28,-27,35
1747012149.2363634,-18,4,103
1747012149.2713633,13,-19,59
1747012149.3073633,3,24,75
1747012149.3433633,25,2,0
1747012149.3783634,-42,-31,17
1747012149.4143634,29,6,-10
1747012149.4493637,37,2,95
1747012149.4843633,45,-71,107
1747012149.5193634,-76,-39,111
1747012149.5553634,-34,-65,25
1747012149.5913634,-8,-41,167
1747012149.6263633,73,0,0
1747012149.6623633,49,-39,45
1747012149.6973634,-53,35,137
1747012149.7323637,15,3,-26
1747012149.7673633,-38,-44,77
1747012149.803363,-8,21,141
1747012149.839363,-47,37,57
1747012149.8743634,-15,10,-46
1747012149.9103634,-56,-6,31
1747012149.9453633,-10,-15,155
1747012149.9803634,85,13,-10
1747012150.0153637,-14,-31,145
1747012150.0513637,-10,30,49
1747012150.0873632,-13,26,123
1747012150.122363,86,18,93
1747012150.158363,-72,-13,137
1747012150.1933634,21,80,9
1747012150.2283633,64,4,137
1747012150.2633634,35,4,21
1747012150.2993634,-12,-7,9
1747012150.3353634,61,14,83
1747012150.3703637,-16,16,131
1747012150.4063632,54,-33,49
1747012150.441363,-78,36,41
1747012150.4763634,-20,4,95
1747012150.5113633,37,-37,39
1747012150.5473633,-68,20,13
1747012150.5833633,39,-41,33
1747012150.6183634,-50,-26,3
1747012150.6543634,-84,43,50
1747012150.6893632,49,-5,-1
1747012150.724363,-26,70,122
1747012150.7593634,11,-9,46
1747012150.7953634,7,64,-31
1747012150.8313634,35,6,-57
1747012150.8663633,31,28,116
1747012150.9023633,5,8,12
1747012150.9373634,4,-3,62
1747012150.9723637,6,-65,140
1747012151.007363,-35,-35,200
1747012151.043363,4,-43,42
1747012151.079363,-41,-25,-35
1747012151.1143634,-75,-17,54
1747012151.1503634,56,-17,70
1747012151.1853633,-19,-49,248
1747012151.2203634,-17,30,93
1747012151.2563634,24,-35,51
1747012151.2913637,40,20,84
1747012151.3273633,37,4,83
1747012151.362363,27,-21,148
1747012151.3983634,-40,68,14
1747012151.4333634,-54,-9,40
1747012151.4683633,-42,68,4
1747012151.5043633,79,-29,72
1747012151.5393634,-56,-61,8
1747012151.5753634,39,38,16
1747012151.6103632,26,-38,52
1747012151.6463633,-10,4,80
1747012151.681363,-90,20,72
1747012151.7163634,47,14,126
1747012151.7523634,47,18,64
1747012151.7873633,-86,60,134
1747012151.8233633,3,-19,24
1747012151.8583634,61,-11,66
1747012151.8943634,-40,6,88
1747012151.9293633,23,46,20
1747012151.964363,-2,0,46
1747012152.000363,-2,24,84
1747012152.0353634,-31,65,-19
1747012152.0713634,86,-2,116
1747012152.1063633,-81,31,118
1747012152.1423633,-17,-158,52
1747012152.1773634,42,-36,200
1747012152.2123632,43,-32,184
1747012152.2483633,-28,-87,88
1747012152.283363,45,15,-143
1747012152.3193634,53,-16,96
1747012152.3543634,-10,-26,94
1747012152.3903637,11,-26,42
1747012152.4253633,55,2,-67
1747012152.4603634,-70,56,220
1747012152.4963634,-17,42,12
1747012152.5313632,44,-29,99
1747012152.5673633,87,-21,-56
1747012152.602363,-29,-75,131
1747012152.6383634,42,36,82
1747012152.6733634,16,-19,-7
1747012152.7083633,2,24,90
1747012152.7443633,-17,13,9
1747012152.7793634,-29,3,75
1747012152.8153634,-22,-7,83
1747012152.8503633,111,-43,77
1747012152.8863633,-88,-3,-24
1747012152.9213634,48,-5,103
1747012152.9563634,-23,12,91
1747012152.9923637,-45,-83,105
1747012153.0273633,-63,-49,-32
1747012153.0633633,-19,66,179
1747012153.0983634,60,-61,187
1747012153.1333632,-27,64,137
1747012153.168363,4,-47,75
1747012153.204363,22,-3,91
1747012153.2403634,-105,4,145
1747012153.2753634,-73,-13,71
1747012153.3113637,-25,-50,7
1747012153.3463633,8,-130,33
1747012153.3813634,-14,-7,93
1747012153.4163637,19,46,-20
1747012153.4523633,-6,-63,19
1747012153.4883633,33,32,-142
1747012153.5233634,-52,-73,95
1747012153.5593634,-27,0,29
1747012153.5943637,6,71,-4
1747012153.6293633,64,-30,217
1747012153.6643634,-63,-7,53
1747012153.7003634,44,34,-10
1747012153.7363634,6,-14,145
1747012153.7713633,-13,-94,183
1747012153.8073633,28,-36,31
1747012153.8423634,54,29,177
1747012153.8773634,48,15,-40
1747012153.9123633,73,10,47
1747012153.9483633,29,38,-2
1747012153.9843633,-45,-37,183
1747012154.0193634,62,-43,173
1747012154.0553634,6,-49,55
1747012154.0903633,-39,0,67
1747012154.125363,121,34,131
1747012154.1603634,24,-38,-20
1747012154.1963634,22,-28,189
1747012154.2323637,-18,-15,23
1747012154.2673633,41,46,75
1747012154.303363,-56,-27,89
1747012154.3383634,57,46,91
1747012154.3733633,13,58,107
1747012154.408363,9,-31,97
1747012154.4443634,-55,18,181
1747012154.4803634,-35,52,149
1747012154.5153637,14,-35,101
1747012154.5513637,-33,20,103
1747012154.5863633,12,-1,5
1747012154.6213634,43,6,21
1747012154.6563632,-40,-9,77
1747012154.6923633,15,-33,29
1747012154.7283633,-22,-51,19
1747012154.7633634,117,77,29
1747012154.7993634,163,17,37
1747012154.8343637,33,100,25
1747012154.8693633,-16,28,74
1747012154.9043634,-28,-41,132
1747012154.9403634,-25,-60,46
1747012154.9763634,-29,3,78
1747012155.0113633,20,23,116
1747012155.0473633,85,-41,274
1747012155.0823634,97,8,24
1747012155.1243634,46,-38,-1
1747012155.1603634,-29,-80,96
1747012155.1963634,42,49,122
1747012155.2323637,-2,32,86
1747012155.2673633,-15,-22,58
1747012155.303363,-71,19,118
1747012155.3383634,46,-42,116
1747012155.3733633,32,5,78
1747012155.408363,21,-61,76
1747012155.4443634,-57,1,12
1747012155.4803634,42,9,130
1747012155.5153637,76,21,74
1747012155.5513637,50,11,18
1747012155.5863633,58,51,112
1747012155.6213634,-33,5,152
1747012155.6563632,-91,-4,24
1747012155.6923633,-75,27,36
1747012155.7283633,2,65,38
1747012155.7633634,-37,53,12
1747012155.7993634,103,-53,10
1747012155.8343637,7,-17,182
1747012155.8693633,23,34,92
1747012155.9043634,-76,-39,-67
1747012155.9403634,74,-17,50
1747012155.9763634,0,38,160
1747012156.0113633,27,-5,110
1747012156.0473633,-1,-11,112
1747012156.0823634,47,0,-27
1747012156.1173637,22,-39,50
1747012156.1523633,29,46,106
1747012156.1883633,-1,-52,46
1747012156.224363,-28,5,-79
1747012156.2593634,-53,-6,-33
1747012156.2953634,56,21,-3
1747012156.3303633,-64,-18,54
1747012156.3653634,-15,-21,36
1747012156.4013634,38,72,72
1747012156.4363637,8,-41,112
1747012156.4723637,52,36,90
1747012156.507363,67,-40,110
1747012156.543363,-47,134,218
1747012156.5783634,-45,32,94
1747012156.6133633,82,32,196
1747012156.6493633,22,-27,92
1747012156.6843634,-47,-47,112
1747012156.7203634,-15,48,112
1747012156.7553637,31,-6,42
1747012156.7913637,-14,-4,80
1747012156.826363,-44,-88,90
1747012156.8613634,1,-38,18
1747012156.8973634,-8,-12,50
1747012156.9323633,-4,-6,118
1747012156.9683633,11,24,28
1747012157.0033634,101,-53,90
1747012157.0393634,45,-1,98
1747012157.0743637,41,-5,114
1747012157.1093633,29,42,12
1747012157.145363,76,-28,68
1747012157.1803634,-64,22,74
1747012157.2163634,7,-23,110
1747012157.2513633,-48,-57,92
1747012157.2873633,-78,25,122
1747012157.3223634,7,25,-89
1747012157.3573637,-4,-17,-35
1747012157.3933637,77,-53,38
1747012157.428363,-72,-54,88
1747012157.464363,47,25,88
1747012157.4993634,-8,-18,1
1747012157.5353634,-38,-4,17
1747012157.5703633,43,-74,0
1747012157.6053634,23,-23,105
1747012157.6413634,93,-21,-12
1747012157.6763637,55,0,-21
1747012157.7123632,-12,16,130
1747012157.747363,69,26,104
1747012157.783363,45,-39,16
1747012157.8183634,35,44,8
1747012157.8533633,23,40,-15
1747012157.8893633,-58,34,60
1747012157.9243634,-2,-19,107
1747012157.9603634,7,-83,67
1747012157.9953637,-4,4,151
1747012158.0313632,5,20,163
1747012158.0673633,-98,-57,173
1747012158.102363,35,14,195
1747012158.1373634,-76,-33,57
1747012158.1733634,-2,-43,44
1747012158.2093637,-24,26,50
1747012158.2443633,-28,-13,109
1747012158.280363,-44,20,42
1747012158.3153634,-4,-5,34
1747012158.3503633,-38,-35,158
1747012158.385363,-26,-33,82
1747012158.4213634,45,-7,98
1747012158.4573634,37,66,-27
1747012158.4923637,-10,60,96
1747012158.5283637,-13,-32,146
1747012158.5633633,50,-16,98
1747012158.5983634,-10,1,144
1747012158.6333632,-78,14,10
1747012158.6693633,34,36,124
1747012158.7053633,-1,-22,126
1747012158.7403634,6,9,152
1747012158.7763634,-73,-45,90
1747012158.8113637,-91,24,46
1747012158.8463633,-39,-33,50
1747012158.8813634,-16,-5,40
1747012158.9173634,19,56,58
1747012158.9533634,-16,8,108
1747012158.9883633,-2,-95,64
1747012159.0243633,107,-18,38
1747012159.0593634,21,47,156
1747012159.0943637,-20,-16,268
1747012159.1293633,-2,37,2
1747012159.1653633,-88,30,-77
1747012159.201363,61,79,180
1747012159.2363634,-68,13,58
1747012159.2723634,-14,-53,134
1747012159.3073633,7,-11,22
1747012159.3423634,-12,-5,34
1747012159.3773634,46,2,-49
1747012159.4133637,-29,32,98
1747012159.4493637,52,48,90
1747012159.4843633,6,-41,112
1747012159.520363,104,-43,54
1747012159.5553634,102,30,50
1747012159.5903633,3,-9,36
1747012159.625363,81,-11,104
1747012159.6613634,-38,-7,152
1747012159.6973634,93,0,63
1747012159.7323637,11,-109,67
1747012159.7683637,-27,-61,89
1747012159.803363,67,8,101
1747012159.8383634,0,-27,81
1747012159.8733633,19,52,31
1747012159.9093633,-54,-65,143
1747012159.9453633,5,4,39
1747012159.9803634,-4,4,0
1747012160.0163634,25,36,82
1747012160.0513637,-110,20,176
1747012160.0863633,-2,-6,98
1747012160.1213634,73,18,40
1747012160.1573634,-10,-8,50
1747012160.1933634,-6,-10,151
1747012160.2283633,-37,-6,-19
1747012160.2643633,-14,-8,136
1747012160.2993634,-20,1,2
1747012160.3343637,-13,49,58
1747012160.3693633,45,-27,84
1747012160.405363,-30,14,109
1747012160.441363,15,4,139
1747012160.4763634,79,-37,79
1747012160.5123634,13,-11,125
1747012160.5473633,33,58,124
1747012160.5823634,-55,-80,108
1747012160.6173637,1,64,112
1747012160.6533637,49,-31,16
1747012160.6893632,9,25,174
1747012160.724363,8,-41,22
1747012160.760363,26,74,59
1747012160.7953634,-60,2,191
1747012160.8303633,-8,34,-29
1747012160.8653634,34,-50,108
1747012160.9013634,-47,3,45
1747012160.9373634,38,-50,123
1747012160.9723637,18,7,119
1747012161.0083632,6,76,137
1747012161.043363,64,86,105
1747012161.0783634,0,-67,81
1747012161.1133633,30,-51,53
1747012161.1493633,-31,22,57
1747012161.1853633,32,0,173
1747012161.2203634,-27,-45,47
1747012161.2563634,48,64,-8
1747012161.2913637,-7,-64,-70
1747012161.326363,39,-21,117
1747012161.362363,-42,48,35
1747012161.3973634,25,-43,-6
1747012161.4333634,-82,14,15
1747012161.4683633,13,-39,55
1747012161.5043633,-26,12,35
1747012161.5393634,101,16,65
1747012161.5743637,-14,8,69
1747012161.6103632,-2,4,7
1747012161.645363,-16,30,111
1747012161.681363,-12,78,33
1747012161.7163634,3,-31,1
1747012161.7523634,69,-1,-18
1747012161.7873633,51,32,35
1747012161.8223634,-30,42,129
1747012161.8583634,67,8,141
1747012161.8933637,17,-15,-20
1747012161.9293633,-82,-1,137
1747012161.964363,39,-13,105
1747012162.000363,-78,72,79
1747012162.0353634,47,32,79
1747012162.0703633,-4,-9,131
1747012162.1063633,-28,28,3
1747012162.1413634,-30,-39,75
1747012162.1773634,0,-5,241
1747012162.2123632,92,-27,-16
1747012162.2483633,0,-33,39
1747012162.283363,-70,-3,17
1747012162.3183634,-82,-5,36
1747012162.3543634,35,-1,113
1747012162.3893633,0,8,43
1747012162.4253633,-52,62,85
1747012162.4603634,-4,-9,8
1747012162.4963634,7,-10,148
1747012162.5313632,0,-22,55
1747012162.566363,86,-4,-16
1747012162.602363,65,-10,-9
1747012162.6373634,61,-40,90
1747012162.6733634,-8,-46,84
1747012162.7083633,47,0,148
1747012162.7443633,-90,-94,20
1747012162.7793634,19,-12,156
1747012162.8143632,1,46,118
1747012162.8503633,-83,-17,51
1747012162.885363,82,29,78
1747012162.9213634,89,-46,106
1747012162.9563634,5,-69,6
1747012162.9923637,-51,-25,138
1747012163.0273633,-17,-1,30
1747012163.0623634,-7,-55,-69
1747012163.0983634,-46,-8,98
1747012163.1333632,47,-15,171
1747012163.1693633,48,-20,-48
1747012163.204363,-5,-13,131
1747012163.2393634,-10,27,61
1747012163.2743633,21,-10,83
1747012163.3103633,70,-15,-12
1747012163.3463633,35,-20,67
1747012163.3813634,24,-11,233
1747012163.4173634,52,27,11
1747012163.4523633,8,-4,39
1747012163.487363,19,-21,61
1747012163.5223634,27,54,27
1747012163.5583634,31,6,139
1747012163.5943637,-28,-31,61
1747012163.6293633,49,24,93
1747012163.6653633,-8,-91,43
1747012163.7003634,5,60,29
1747012163.7353632,-15,8,171
1747012163.770363,-47,-29,101
1747012163.806363,8,-15,-44
1747012163.8423634,98,94,65
1747012163.8773634,13,17,123
1747012163.9133637,5,9,87
1747012163.9483633,-26,6,45
1747012163.9833634,41,130,133
1747012164.0183637,-41,74,103
1747012164.0543633,36,12,143
1747012164.0903633,24,-49,109
1747012164.125363,61,26,127
1747012164.1613634,-2,46,95
1747012164.1963634,-60,-85,111
1747012164.2313633,-20,10,113
1747012164.2663634,-27,-31,155
1747012164.3023634,4,-33,121
1747012164.3383634,77,-21,35
1747012164.3733633,43,44,77
1747012164.4093633,-22,24,57
1747012164.4443634,39,-16,7
1747012164.4793634,-78,61,144
1747012164.5143633,-8,21,114
1747012164.5503633,-62,5,186
1747012164.5863633,31,-9,88
1747012164.6213634,65,18,-7
1747012164.6573634,1,-38,70
1747012164.6923633,-13,-2,8
1747012164.727363,9,2,72
1747012164.7623634,35,60,140
1747012164.7983634,32,33,34
1747012164.8343637,-5,-44,102
1747012164.8693633,7,-18,2
1747012164.905363,3,62,106
1747012164.9403634,49,-29,-63
1747012164.9753633,87,12,54
1747012165.010363,-46,50,68
1747012165.0463634,-75,60,-29
1747012165.0823634,-5,-97,144
1747012165.1173637,74,60,30
1747012165.1603634,4,24,66
1747012165.1963634,-51,86,-23
1747012165.2313633,-27,46,84
1747012165.2663634,-5,22,-17
1747012165.3023634,28,29,50
1747012165.3383634,-77,25,144
1747012165.3733633,4,-8,120
1747012165.4093633,38,-2,-5
1747012165.4443634,-57,-24,76
1747012165.4793634,-59,-24,78
1747012165.5143633,-23,-36,78
1747012165.5503633,-40,-18,20
1747012165.5863633,35,-30,118
1747012165.6213634,-85,16,100
1747012165.6573634,18,-71,98
1747012165.6923633,32,0,8
1747012165.727363,-45,-9,51
1747012165.7623634,61,-23,90
1747012165.7983634,40,-23,63
1747012165.8343637,-81,-45,45
1747012165.8693633,34,-56,91
1747012165.905363,93,70,73
1747012165.9403634,-11,15,111
1747012165.9753633,-59,0,-12
1747012166.010363,-102,51,68
1747012166.0463634,103,47,137
1747012166.0823634,-6,9,100
1747012166.1173637,55,-36,20
1747012166.1533637,27,65,96
1747012166.1883633,25,-44,168
1747012166.2233634,7,-62,146
1747012166.2583632,103,7,126
1747012166.2943633,59,-42,-65
1747012166.3303633,-40,11,125
1747012166.3653634,-59,33,153
1747012166.4013634,-9,-6,285
1747012166.4363637,31,68,133
1747012166.4713633,-5,-30,53
1747012166.507363,-13,25,39
1747012166.5423634,-66,2,135
1747012166.5783634,23,8,119
1747012166.6133633,-86,12,97
1747012166.6493633,63,-7,105
1747012166.6843634,25,66,105
1747012166.7193637,-49,1,-64
1747012166.7553637,12,0,117
1747012166.7903633,-6,89,141
1747012166.826363,-9,-50,179
1747012166.8613634,-15,57,75
1747012166.8973634,70,9,23
1747012166.9323633,50,55,105
1747012166.9673634,-87,31,139
1747012167.0033634,24,-32,11
1747012167.0383637,76,-48,107
1747012167.0743637,66,-32,101
1747012167.1093633,4,-36,41
1747012167.145363,-83,-101,15
1747012167.1803634,-9,-9,59
1747012167.2153633,28,-5,121
1747012167.2513633,24,-39,65
1747012167.2863634,-11,-25,49
1747012167.3223634,9,12,177
1747012167.3573637,-5,-30,131
1747012167.3933637,-21,-16,61
1747012167.428363,36,-6,101
1747012167.4633634,-33,-40,55
1747012167.4993634,24,-8,71
1747012167.5343633,-9,29,57
1747012167.5703633,38,-2,31
1747012167.6053634,-104,30,150
1747012167.6413634,-12,54,159
1747012167.6763637,63,96,139
1747012167.7113633,29,40,77
1747012167.747363,-4,44,41
1747012167.7823634,-36,68,129
1747012167.8183634,-126,48,157
1747012167.8533633,-40,-39,31
1747012167.8893633,-26,-11,91
1747012167.9243634,56,-1,127
1747012167.9593637,43,-14,151
1747012167.9953637,10,-101,27
1747012168.030363,-99,-3,56
1747012168.066363,12,53,138
1747012168.1013634,57,-23,48
1747012168.1363633,70,-35,130
1747012168.1713634,-26,2,99
1747012168.2073634,-10,19,5
1747012168.2433634,-60,-64,58
1747012168.2783637,-6,74,-72
1747012168.3143632,-25,24,66
1747012168.349363,31,24,74
1747012168.3843634,8,-49,71
1747012168.4193633,32,-1,35
1747012168.4553633,-33,-3,-64
1747012168.4913633,49,9,109
1747012168.5263634,-76,-16,147
1747012168.5623634,26,72,21
1747012168.5973637,-2,-60,45
1747012168.632363,45,-4,11
1747012168.6673634,-22,-42,-77
1747012168.7033634,-58,-7,50
1747012168.7393634,-18,-1,42
1747012168.7743633,3,6,31
1747012168.8103633,51,-27,-21
1747012168.8453634,49,-89,103
1747012168.8803637,-6,4,-22
1747012168.9153633,-60,97,129
1747012168.951363,32,-11,-34
1747012168.987363,22,2,23
1747012169.0223634,74,14,-19
1747012169.0583634,24,69,173
1747012169.0933633,-5,39,165
1747012169.1283634,108,81,64
1747012169.1633637,-10,-96,248
1747012169.1993637,-158,-17,1
1747012169.2353632,28,20,64
1747012169.270363,-34,34,136
1747012169.306363,75,44,39
1747012169.3413634,-17,-93,39
1747012169.3763633,4,-11,112
1747012169.4113634,-11,-3,90
1747012169.4473634,-11,18,83
1747012169.4833634,-26,-15,92
1747012169.5183637,33,50,110
1747012169.5543633,7,-21,-1
1747012169.589363,-56,-33,42
1747012169.6243634,3,58,4
1747012169.6593633,5,80,96
1747012169.6953633,-58,10,84
1747012169.7313633,1,42,42
1747012169.7663634,59,2,154
1747012169.8023634,-58,-11,46
1747012169.8373632,-11,-16,48
1747012169.872363,29,10,73
1747012169.9073634,0,38,197
1747012169.9433634,-11,-81,-45
1747012169.9793634,59,50,88
1747012170.0143633,-32,19,124
1747012170.0503633,-34,30,-23
1747012170.0853634,-14,16,114
1747012170.1203637,29,-71,196
1747012170.155363,24,-63,74
1747012170.191363,21,63,-153
1747012170.227363,17,66,47
1747012170.2623634,1,-21,233
1747012170.2983634,-52,12,107
1747012170.3333633,19,-1,76
1747012170.3683634,97,0,58
1747012170.4033637,-28,-13,116
1747012170.4393632,55,22,66
1747012170.4753633,-26,-37,-71
1747012170.510363,-2,32,168
1747012170.5463634,51,-1,22
1747012170.5813634,-96,12,66
1747012170.6163633,22,17,-51
1747012170.6513634,-39,-4,89
1747012170.6873634,-17,76,130
1747012170.7233634,71,-78,57
1747012170.7583632,71,-25,-10
1747012170.7943633,-30,91,121
1747012170.829363,73,3,133
1747012170.8643634,-38,-14,127
1747012170.8993633,11,-26,215
1747012170.9353633,0,-28,-2
1747012170.9713633,33,-12,95
1747012171.0063634,-64,-56,121
1747012171.0423634,30,10,189
1747012171.0773633,21,47,-24
1747012171.112363,-14,-58,113
1747012171.1473634,-100,-20,87
1747012171.1833634,42,-3,41
1747012171.2193637,-44,-44,125
1747012171.2543633,31,3,97
1747012171.2903633,37,-8,49
1747012171.3253634,44,-21,-16
1747012171.3603632,43,23,-30
1747012171.395363,-28,7,61
1747012171.431363,16,-69,101
1747012171.4673634,-65,90,135
1747012171.5023634,-41,50,53
1747012171.5383637,-19,24,-34
1747012171.5733633,-18,23,43
1747012171.6083634,-15,-1,-28
1747012171.6443634,16,-37,-68
1747012171.6793633,-29,8,-86
1747012171.7153633,78,8,237
1747012171.750363,50,-1,125
1747012171.7863634,82,-7,95
1747012171.8213634,-39,-57,35
1747012171.8563633,-61,-67,153
1747012171.8923633,-8,-37,17
1747012171.9273634,3,-45,0
1747012171.9633634,-22,-85,82
1747012171.9983633,-36,72,54
1747012172.0343633,103,39,-35
1747012172.0693634,-48,33,70
1747012172.1043634,11,-78,122
1747012172.1403637,0,-18,70
1747012172.1753633,42,-2,58
1747012172.2113633,-25,-78,-53
1747012172.2463634,-29,-12,22
1747012172.2823634,18,-46,48
1747012172.3173633,-25,33,6
1747012172.352363,72,23,66
1747012172.3883634,44,-62,32
1747012172.4233634,-37,-22,48
1747012172.4593637,23,-19,60
1747012172.4943633,-66,53,66
1747012172.530363,64,-34,8
1747012172.5653634,37,25,42
1747012172.6003633,-9,-20,94
1747012172.6363633,13,23,22
1747012172.6713634,-6,-53,142
1747012172.7073634,-31,-23,44
1747012172.7423637,-19,30,-85
1747012172.7783637,10,-5,94
1747012172.8133633,-5,30,212
1747012172.8483634,48,36,84
1747012172.8843634,65,-17,72
1747012172.9193633,-27,49,-3
1747012172.9553633,91,3,-35
1747012172.9903634,15,1,52
1747012173.0263634,75,-22,56
1747012173.0613637,-50,23,16
1747012173.0963633,125,-18,-97
1747012173.132363,96,-103,36
1747012173.1673634,46,-23,-53
1747012173.2033634,-6,5,156
1747012173.2383633,47,-38,24
1747012173.2743633,-2,-34,36
1747012173.3103633,49,-3,120
1747012173.3463633,72,-22,-5
1747012173.382363,-15,18,174
1747012173.4173634,-23,14,32
1747012173.4523633,-47,-27,-25
1747012173.4883633,1,23,118
1747012173.5243633,119,32,132
1747012173.5593634,-10,-3,36
1747012173.5953634,-22,-31,62
1747012173.6303637,-78,19,54
1747012173.6653633,-10,-18,132
1747012173.7003634,-84,-26,166
1747012173.7363634,-18,-48,9
1747012173.7723634,59,-44,31
1747012173.8073633,-32,13,27
1747012173.8433633,6,25,145
1747012173.8783634,-34,67,-21
1747012173.9133637,-7,16,71
1747012173.9483633,-20,-62,123
1747012173.9843633,27,-12,29
1747012174.020363,-28,9,121
1747012174.0553634,37,-50,67
1747012174.0913634,7,-10,-3
1747012174.1263633,59,-14,28
1747012174.1613634,23,-2,38
1747012174.1963634,-58,-65,-55
1747012174.2323637,9,25,58
1747012174.2683637,-6,-20,90
1747012174.303363,-52,7,48
1747012174.339363,17,-52,92
1747012174.3743634,-11,5,12
1747012174.4093633,4,21,-21
1747012174.4443634,100,11,2
1747012174.4803634,73,3,-39
1747012174.5163634,-53,-33,-25
1747012174.5513637,21,-17,-35
1747012174.5873632,-53,-32,166
1747012174.622363,6,65,-51
1747012174.6573634,34,-8,69
1747012174.6923633,-13,-28,133
1747012174.7283633,12,-12,75
1747012174.7643633,36,-24,93
1747012174.7993634,-29,-36,135
1747012174.8353634,94,-68,83
1747012174.8703637,58,-28,91
1747012174.905363,-3,29,-50
1747012174.9403634,49,-29,-28
1747012174.9763634,-42,32,69
1747012175.0123634,-30,26,65
1747012175.0473633,-2,38,87
1747012175.0833633,53,64,59
1747012175.1183634,-56,10,-22
1747012175.1603634,62,-25,-6
1747012175.1963634,-10,4,21
1747012175.2323637,-38,-35,155
1747012175.2683637,-4,-23,45
1747012175.303363,7,2,83
1747012175.339363,31,-19,133
1747012175.3743634,74,49,15
1747012175.4093633,6,-83,153
1747012175.4443634,-101,-121,1
1747012175.4803634,-103,-21,65
1747012175.5163634,-1,24,91
1747012175.5513637,-47,43,45
1747012175.5873632,0,23,19
1747012175.622363,56,65,95
1747012175.6573634,109,6,91
1747012175.6923633,-24,98,77
1747012175.7283633,1,-49,179
1747012175.7643633,-35,59,111
1747012175.7993634,-37,17,119
1747012175.8353634,-5,11,72
1747012175.8703637,30,-74,70
1747012175.905363,41,10,149
1747012175.9403634,35,-53,71
1747012175.9763634,1,-13,47
1747012176.0123634,-47,52,143
1747012176.0473633,52,-92,33
1747012176.0833633,85,-73,131
1747012176.1183634,14,55,43
1747012176.1533637,-19,-32,125
1747012176.1883633,-44,22,-32
1747012176.224363,-22,28,81
1747012176.260363,11,-11,33
1747012176.2953634,35,-11,-30
1747012176.3313634,15,126,55
1747012176.3663633,7,44,63
1747012176.4013634,37,-93,67
1747012176.4373634,-24,36,109
1747012176.4723637,23,-31,143
1747012176.5083632,-24,42,66
1747012176.543363,-10,-9,228
1747012176.579363,-30,-10,50
1747012176.6143634,38,12,122
1747012176.6493633,-12,-44,-5
1747012176.6853633,-44,-72,176
1747012176.7203634,0,87,50
1747012176.7563634,-48,43,-35
1747012176.7913637,69,73,22
1747012176.8273633,-34,6,96
1747012176.862363,91,-30,148
1747012176.8973634,55,-14,138
1747012176.9333634,5,-64,122
1747012176.9683633,29,-42,-9
1747012177.0043633,-37,26,128
1747012177.0393634,38,24,72
1747012177.0753634,80,22,-3
1747012177.1103632,-15,-31,74
1747012177.145363,4,-9,52
1747012177.181363,14,-30,94
1747012177.2163634,-75,-40,74
1747012177.2523634,58,-66,-3
1747012177.2873633,-57,-22,74
1747012177.3233633,9,88,16
1747012177.3583634,55,10,120
1747012177.3933637,89,54,126
1747012177.4293633,-56,-69,106
1747012177.464363,23,-15,132
1747012177.500363,93,-3,-17
1747012177.5353634,17,52,158
1747012177.5713634,15,48,164
1747012177.6063633,-10,23,100
1747012177.6413634,15,17,158
1747012177.6773634,25,-46,-5
1747012177.7123632,-8,31,52
1747012177.7483633,-4,-96,120
1747012177.783363,-23,18,-13
1747012177.8193634,-41,30,288
1747012177.8543634,-11,8,100
1747012177.8893633,-72,44,78
1747012177.9253633,29,12,12
1747012177.9603634,39,12,148
1747012177.9963634,3,60,84
1747012178.0313632,-54,20,36
1747012178.0673633,25,-103,84
1747012178.102363,-28,-53,66
1747012178.1373634,49,12,96
1747012178.1733634,15,6,24
1747012178.2083633,-20,-7,125
1747012178.2443633,-46,-35,85
1747012178.2793634,-24,-19,-138
1747012178.3153634,-55,12,117
1747012178.3513634,4,20,61
1747012178.3873634,-45,44,45
1747012178.4233634,4,-17,113
1747012178.4593637,48,-29,131
1747012178.4953637,-42,9,227
1747012178.530363,-45,44,61
1747012178.5653634,-80,42,100
1747012178.6013634,0,24,54
1747012178.6373634,-20,52,92
1747012178.6723633,91,44,26
1747012178.7083633,3,-83,28
1747012178.7433634,3,-21,54
1747012178.7783637,5,6,-39
1747012178.8133633,-14,46,6
1747012178.849363,13,12,208
1747012178.885363,11,28,60
1747012178.9203634,0,-5,-59
1747012178.9563634,47,44,82
1747012178.9913633,1,-43,101
1747012179.0263634,41,-41,101
1747012179.0613637,26,42,33
1747012179.0973637,-5,24,113
1747012179.1333632,-52,56,39
1747012179.168363,15,-17,73
1747012179.204363,36,-6,57
1747012179.2393634,-35,-12,93
1747012179.2743633,-17,-44,87
1747012179.3093634,45,11,97
1747012179.3453634,-10,5,91
1747012179.3813634,29,39,93
1747012179.4163637,21,10,123
1747012179.4523633,96,9,79
1747012179.487363,-7,-36,-30
1747012179.5223634,-53,-50,15
1747012179.5573633,-64,-8,55
1747012179.5933633,-25,-14,115
1747012179.6293633,78,-9,33
1747012179.6643634,-35,-84,67
1747012179.7003634,-20,-34,-22
1747012179.7353632,2,5,243
1747012179.770363,-46,-42,45
1747012179.8053634,-78,-8,183
1747012179.8413634,-8,21,20
1747012179.8773634,-14,-12,-27
1747012179.9123633,-8,15,24
1747012179.9483633,-34,19,129
1747012179.9833634,-70,3,66
1747012180.0183637,23,-4,270
1747012180.053363,-36,-3,138
1747012180.089363,7,39,116
1747012180.125363,-2,16,64
1747012180.1603634,13,2,120
1747012180.1963634,101,37,14
1747012180.2313633,5,-14,-1
1747012180.2663634,13,-72,32
1747012180.3013637,-48,40,3
1747012180.3373632,-52,-3,62
1747012180.3733633,49,6,50
1747012180.408363,-10,34,101
1747012180.4443634,16,28,-107
1747012180.4793634,-10,-27,160
1747012180.5143633,54,11,74
1747012180.5493634,1,-19,41
1747012180.5853634,-20,20,18
1747012180.6213634,1,-37,46
1747012180.6563632,-28,28,134
1747012180.6923633,-27,-72,76
1747012180.727363,73,-13,36
1747012180.7623634,5,15,-21
1747012180.7973633,-104,-2,28
1747012180.8333633,-40,5,-57
1747012180.8693633,10,42,102
1747012180.9043634,57,20,92
1747012180.9403634,-29,-85,92
1747012180.9753633,6,-123,78
1747012181.010363,-68,-7,100
1747012181.0453634,12,-63,192
1747012181.0813634,-4,46,158
1747012181.1173637,-61,14,80
1747012181.1523633,51,-100,-21
1747012181.1883633,55,-5,202
1747012181.2233634,37,-63,12
1747012181.2583632,-24,5,180
1747012181.293363,16,15,76
1747012181.329363,6,3,26
1747012181.3653634,-31,19,114
1747012181.4003634,48,-28,113
1747012181.4363637,-55,-66,57
1747012181.4713633,44,-36,-14
1747012181.5063634,28,51,139
1747012181.5413637,8,53,73
1747012181.5773633,-3,-48,87
1747012181.6133633,25,36,59
1747012181.6483634,-55,-8,115
1747012181.6843634,-35,-14,49
1747012181.7193637,-58,-5,-28
1747012181.7543633,1,-35,161
1747012181.7903633,51,-45,25
1747012181.8253634,57,-31,121
1747012181.8613634,-38,18,147
1747012181.8963633,56,92,123
1747012181.9323633,54,-27,15
1747012181.9673634,0,72,19
1747012182.0023634,20,-53,59
1747012182.0383637,-19,-21,-10
1747012182.0733633,2,-57,67
1747012182.1093633,49,-45,137
1747012182.1443634,-25,6,79
1747012182.1803634,39,-9,19
1747012182.2153633,10,20,159
1747012182.250363,-52,-71,127
1747012182.2863634,-4,-19,1
1747012182.3213634,27,-25,103
1747012182.3573637,-18,100,-44
1747012182.3923633,-6,52,77
1747012182.428363,102,0,0
1747012182.4633634,-89,-3,43
1747012182.4983633,-63,8,107
1747012182.5343633,-14,9,95
1747012182.5693634,-40,-46,31
1747012182.6053634,-13,24,61
1747012182.6403637,-13,22,135
1747012182.6763637,-31,40,29
1747012182.7113633,18,-65,165
1747012182.7463634,4,78,137
1747012182.7823634,-3,-17,-122
1747012182.8173633,-48,51,33
1747012182.8533633,-15,-6,135
1747012182.8883634,151,-40,119
1747012182.9243634,33,53,197
1747012182.9593637,15,-12,67
1747012182.9943633,99,45,5
1747012183.030363,-20,31,69
1747012183.0653634,51,13,57
1747012183.1013634,49,-37,107
1747012183.1363633,-40,-38,1
1747012183.1723633,181,-32,-136
1747012183.2073634,23,43,-40
1747012183.2423637,1,77,-90
1747012183.2783637,25,13,169
1747012183.3133633,53,-30,183
1747012183.349363,-60,-2,-48
1747012183.3843634,35,25,105
1747012183.4203634,7,25,-6
1747012183.4563634,43,-37,17
1747012183.4923637,-8,-21,65
1747012183.5283637,-34,-65,-12
1747012183.5633633,25,30,73
1747012183.5983634,39,-45,144
1747012183.6343634,-66,32,-61
1747012183.6703634,15,-25,48
1747012183.7053633,-24,-41,122
1747012183.7413633,28,22,136
1747012183.7763634,-46,-34,116
1747012183.8113637,27,-109,124
1747012183.8463633,29,45,42
1747012183.882363,-14,7,38
1747012183.918363,-5,32,74
1747012183.9533634,112,2,190
1747012183.9893634,-29,50,92
1747012184.0243633,22,-35,-15
1747012184.0593634,56,28,24
1747012184.0943637,47,-83,10
1747012184.1303637,0,43,182
1747012184.1663637,114,-60,62
1747012184.201363,19,21,92
1747012184.237363,-8,-16,46
1747012184.2723634,-48,-18,4
1747012184.3073633,29,-54,79
1747012184.3423634,-72,32,16
1747012184.3783634,50,4,112
1747012184.4143634,-7,25,76
1747012184.4493637,92,35,222
1747012184.4853632,15,46,70
1747012184.520363,-60,-55,195
1747012184.5553634,23,48,112
1747012184.5903633,31,22,150
1747012184.6263633,57,-47,118
1747012184.6623633,49,-23,70
1747012184.6973634,25,-17,-55
1747012184.7333634,1,26,-25
1747012184.7683637,59,22,-37
1747012184.803363,-10,50,80
1747012184.8383634,-42,16,24
1747012184.8743634,35,-11,106
1747012184.9103634,11,-53,152
1747012184.9453633,20,-48,88
1747012184.9813633,21,38,1
1747012185.0163634,-17,21,55
1747012185.0513637,-2,-35,27
1747012185.0863633,6,0,-16
1747012185.122363,-61,-44,-68
1747012185.1653633,47,64,13
1747012185.201363,-39,31,49
1747012185.237363,-37,-2,63
1747012185.2723634,12,27,179
1747012185.3073633,39,26,59
1747012185.3423634,-22,40,73
1747012185.3783634,-11,12,77
1747012185.4143634,53,72,53
1747012185.4493637,-11,18,-34
1747012185.4853632,-23,0,35
1747012185.520363,12,2,27
1747012185.5553634,62,-29,91
1747012185.5903633,-47,0,0
1747012185.6263633,38,8,115
1747012185.6623633,-87,-16,41
1747012185.6973634,-52,34,-54
1747012185.7333634,-70,30,45
1747012185.7683637,19,-97,93
1747012185.803363,-6,50,95
1747012185.8383634,61,-43,35
1747012185.8743634,-26,-35,31
1747012185.9103634,-54,-66,31
1747012185.9453633,19,-39,71
1747012185.9813633,17,74,47
1747012186.0163634,-58,-5,67
1747012186.0513637,-3,-8,53
1747012186.0863633,12,3,165
1747012186.122363,-23,41,147
1747012186.158363,-33,-28,93
1747012186.1933634,41,-73,97
1747012186.2293634,27,-29,162
1747012186.2643633,75,42,54
1747012186.2993634,40,-66,86
1747012186.3343637,-34,-13,148
1747012186.3703637,-57,5,85
1747012186.4063632,0,-3,123
1747012186.441363,9,62,91
1747012186.477363,-60,48,24
1747012186.5123634,-52,58,98
1747012186.5473633,39,-57,55
1747012186.5833633,31,-61,49
1747012186.6183634,46,-6,15
1747012186.6543634,-62,0,-24
1747012186.6893632,-1,23,53
1747012186.7253633,9,34,0
1747012186.760363,66,1,129
1747012186.7953634,14,-86,99
1747012186.8313634,44,-30,27
1747012186.8663633,-33,-4,29
1747012186.9023633,-14,42,67
1747012186.9373634,-5,-11,75
1747012186.9733634,6,22,91
1747012187.0083632,-1,-49,87
1747012187.043363,6,-66,61
1747012187.079363,38,-108,31
1747012187.1143634,23,-85,75
1747012187.1503634,-11,-60,93
1747012187.1853633,-5,-46,153
1747012187.2213633,-25,-18,133
1747012187.2563634,-15,-8,-30
1747012187.2913637,-61,-14,47
1747012187.3273633,12,33,127
1747012187.362363,82,-34,45
1747012187.3983634,25,13,-31
1747012187.4333634,47,7,96
1747012187.4693637,49,-22,58
1747012187.5043633,-34,0,16
1747012187.5393634,9,-7,116
1747012187.5753634,-8,-35,20
1747012187.6103632,-4,36,96
1747012187.6463633,-74,-43,185
1747012187.681363,-37,23,-6
1747012187.7173634,-38,-4,79
1747012187.7523634,-24,67,59
1747012187.7873633,-4,-26,77
1747012187.8233633,3,-10,200
1747012187.8583634,-16,-24,170
1747012187.8943634,-16,14,142
1747012187.9293633,-14,-56,-79
1747012187.9653633,11,-13,118
1747012188.000363,-8,-33,24
1747012188.0353634,-12,44,130
1747012188.0713634,-46,8,30
1747012188.1063633,59,-23,188
1747012188.1423633,29,-13,26
1747012188.1773634,20,-30,-7
1747012188.2133634,37,36,-12
1747012188.2483633,95,72,72
1747012188.283363,23,70,114
1747012188.3193634,16,16,73
1747012188.3543634,-21,-75,173
1747012188.3903637,-17,6,-4
1747012188.4253633,-33,52,123
1747012188.4613633,112,42,-24
1747012188.4963634,5,-84,75
1747012188.5313632,-56,7,109
1747012188.5673633,75,15,245
1747012188.602363,69,-35,110
1747012188.6383634,-60,-10,82
1747012188.6733634,7,-22,50
1747012188.7083633,-26,1,88
1747012188.7433634,-12,17,160
1747012188.7793634,-40,31,100
1747012188.8153634,14,-8,14
1747012188.8503633,-21,13,14
1747012188.8863633,72,7,90
1747012188.9213634,3,-8,164
1747012188.9563634,19,-26,44
1747012188.9913633,-14,-16,146
1747012189.0273633,15,-36,178
1747012189.0633633,5,39,136
1747012189.0983634,-12,-35,82
1747012189.1343634,-28,36,24
1747012189.1693633,45,-4,120
1747012189.204363,1,59,90
1747012189.2393634,-54,5,36
1747012189.2753634,0,42,44
1747012189.3113637,39,22,212
1747012189.3463633,87,78,6
1747012189.382363,-4,-29,-3
1747012189.4173634,59,42,130
1747012189.4523633,-90,-55,60
1747012189.487363,-24,-57,40
1747012189.5233634,57,42,62
1747012189.5593634,-112,22,28
1747012189.5943637,89,28,104
1747012189.6303637,0,24,142
1747012189.6653633,-24,-47,126
1747012189.7003634,2,-25,34
1747012189.7353632,9,54,192
1747012189.7713633,-24,38,234
1747012189.8073633,-6,-81,44
1747012189.8423634,-21,32,128
1747012189.8783634,-21,-27,14
1747012189.9133637,126,-93,102
1747012189.9483633,-57,24,80
1747012189.9833634,-38,102,178
1747012190.0193634,35,46,-17
1747012190.0553634,-26,-37,112
1747012190.0903633,1,-121,64
1747012190.1263633,57,20,64
1747012190.1613634,-55,13,184
1747012190.1963634,10,11,76
1747012190.2313633,-51,30,218
1747012190.2673633,-81,-6,142
1747012190.303363,-1,-48,68
1747012190.3383634,33,38,14
1747012190.3743634,98,-27,104
1747012190.4093633,52,-33,64
1747012190.4443634,-19,-13,16
1747012190.4793634,19,-25,108
1747012190.5153637,-48,-104,14
1747012190.5513637,-30,9,138
1747012190.5863633,-21,2,236
1747012190.622363,-88,6,8
1747012190.6573634,19,42,-45
1747012190.6923633,7,-7,58
1747012190.727363,15,54,-41
1747012190.7633634,11,16,90
1747012190.7993634,45,10,52
1747012190.8343637,-65,-25,94
1747012190.8703637,-85,-55,-1
1747012190.905363,-41,10,184
1747012190.9403634,-38,42,34
1747012190.9753633,-6,0,62
1747012191.0113633,-31,34,164
1747012191.0473633,-35,-9,198
1747012191.0823634,-5,34,-49
1747012191.1183634,-23,54,62
1747012191.1533637,9,-37,14
1747012191.1883633,49,-11,-53
1747012191.2233634,71,-48,38
1747012191.2593634,33,-18,-25
1747012191.2953634,-32,1,6
1747012191.3303633,-30,-12,0
1747012191.3663633,15,0,20
1747012191.4013634,-22,64,64
1747012191.4363637,8,-9,-1
1747012191.4713633,9,-11,58
1747012191.507363,-38,-2,112
1747012191.543363,10,15,70
1747012191.5783634,-13,-64,8
1747012191.6143634,5,-61,20
1747012191.6493633,82,59,-47
1747012191.6843634,44,-20,-45
1747012191.7193637,-90,-120,102
1747012191.7553637,16,11,82
1747012191.7913637,-11,-1,22
1747012191.826363,-15,-37,122
1747012191.862363,3,62,134
1747012191.8973634,13,18,26
1747012191.9323633,7,-55,206
1747012191.9683633,-38,57,176
1747012192.0033634,5,-65,94
1747012192.0393634,14,-73,102
1747012192.0743637,29,-28,212
1747012192.1103632,2,33,56
1747012192.145363,98,22,196
1747012192.1803634,61,-50,-31
1747012192.2163634,32,39,-47
1747012192.2513633,-45,19,34
1747012192.2873633,-11,29,150
1747012192.3223634,-73,-16,126
1747012192.3583634,-29,41,104
1747012192.3933637,38,-60,144
1747012192.428363,38,-14,28
1747012192.464363,-27,51,146
1747012192.4993634,67,-114,204
1747012192.5353634,28,-22,137
1747012192.5703633,-9,7,111
1747012192.6063633,-4,-25,97
1747012192.6413634,51,-47,16
1747012192.6763637,-6,-4,27
1747012192.7123632,-22,-50,93
1747012192.747363,-17,-5,42
1747012192.783363,-131,4,109
1747012192.8183634,-29,-65,8
1747012192.8543634,23,-41,150
1747012192.8893633,5,146,64
1747012192.9243634,-2,-35,33
1747012192.9603634,5,98,79
1747012192.9953637,-50,38,119
1747012193.0313632,-49,-87,177
1747012193.066363,16,-23,121
1747012193.102363,-99,-21,91
1747012193.1373634,-6,2,141
1747012193.1723633,-13,23,120
1747012193.2083633,-75,-33,68
1747012193.2433634,0,-19,132
1747012193.2793634,36,80,210
1747012193.3143632,-20,10,38
1747012193.3503633,-16,-100,116
1747012193.385363,19,-37,110
1747012193.4203634,33,6,120
1747012193.4563634,39,-13,10
1747012193.4913633,69,20,98
1747012193.5273633,-8,-19,124
1747012193.5623634,-22,-11,13
1747012193.5983634,67,-29,129
1747012193.6343634,47,0,127
1747012193.6703634,29,-22,177
1747012193.7063634,-10,-32,235
1747012193.7423637,67,-43,57
1747012193.7783637,-47,8,99
1747012193.8133633,68,28,151
1747012193.8483634,-45,50,125
1747012193.8843634,-5,-7,70
1747012193.9203634,40,77,54
1747012193.9553633,48,-34,122
1747012193.9913633,-3,85,125
1747012194.0263634,57,-12,117
1747012194.0613637,117,-40,37
1747012194.0963633,33,0,-55
1747012194.132363,91,-52,176
1747012194.168363,-16,14,124
1747012194.2033634,-66,-63,36
1747012194.2393634,-42,-9,126
1747012194.2743633,49,8,32
1747012194.3093634,0,23,70
1747012194.3443637,24,-41,62
1747012194.3803637,3,-42,-31
1747012194.4163637,81,-54,124
1747012194.451363,15,9,-7
1747012194.487363,4,4,21
1747012194.5223634,115,21,128
1747012194.5573633,-7,-29,70
1747012194.5923634,-22,56,-10
1747012194.6283634,14,-3,185
1747012194.6643634,36,2,87
1747012194.6993637,-3,0,14
1747012194.7353632,-33,8,-5
1747012194.770363,-107,-21,24
1747012194.8053634,28,4,84
1747012194.8403633,4,44,43
1747012194.8763633,-59,84,33
1747012194.9123633,2,-39,129
1747012194.9473634,71,-1,99
1747012194.9833634,-12,-9,-10
1747012195.0183637,-17,2,135
1747012195.053363,57,0,91
1747012195.0883634,-35,-50,-12
1747012195.1243634,-35,83,207
1747012195.1673634,-83,-18,95
1747012195.2033634,-5,57,43
1747012195.2393634,4,-52,111
1747012195.2743633,-30,14,43
1747012195.3093634,-36,-42,11
1747012195.3443637,59,1,33
1747012195.3803637,33,-74,119
1747012195.4163637,17,6,61
1747012195.451363,-52,31,125
1747012195.487363,43,-14,215
1747012195.5223634,-7,49,89
1747012195.5573633,-80,51,75
1747012195.5923634,69,-60,91
1747012195.6283634,-61,-10,85
1747012195.6643634,-79,7,5
1747012195.6993637,8,-19,23
1747012195.7353632,9,6,11
1747012195.770363,9,-10,-6
1747012195.8053634,39,17,31
1747012195.8403633,-60,33,5
1747012195.8763633,-12,0,67
1747012195.9123633,81,81,-102
1747012195.9473634,-72,17,85
1747012195.9833634,35,21,87
1747012196.0183637,39,-1,217
1747012196.053363,-12,-3,79
1747012196.0883634,27,-19,117
1747012196.1243634,-6,50,187
1747012196.1603634,-8,-33,-44
1747012196.1953633,-72,-41,73
1747012196.2313633,13,-3,69
1747012196.2663634,53,-32,81
1747012196.3013637,19,-31,183
1747012196.3363633,37,-20,-48
1747012196.372363,-24,28,131
1747012196.408363,-24,-21,47
1747012196.4433634,3,36,51
1747012196.4793634,4,27,137
1747012196.5143633,-9,-10,169
1747012196.5493634,26,-22,29
1747012196.5843637,-65,-18,97
1747012196.6203637,71,68,133
1747012196.6563632,-24,-5,141
1747012196.691363,39,0,121
1747012196.727363,-90,22,103
1747012196.7623634,-50,19,53
1747012196.7973633,57,20,5
1747012196.8323634,-13,17,127
1747012196.8683634,83,-25,77
1747012196.9043634,27,-21,171
1747012196.9393632,49,-3,105
1747012196.9753633,-34,0,61
1747012197.010363,-14,50,133
1747012197.0453634,19,14,49
1747012197.0813634,-24,-3,38
1747012197.1163633,-46,44,82
1747012197.1523633,15,-13,144
1747012197.1873634,-38,20,55
1747012197.2233634,53,20,96
1747012197.2583632,0,40,211
1747012197.293363,-42,-15,28
1747012197.329363,-22,6,73
1747012197.3643634,-12,-25,45
1747012197.4003634,-24,-61,47
1747012197.4353633,35,4,229
1747012197.4713633,-46,-33,154
1747012197.5063634,-38,48,56
1747012197.5413637,28,110,130
1747012197.5773633,-87,18,28
1747012197.612363,83,-31,126
1747012197.6483634,57,16,10
1747012197.6833634,-30,10,-59
1747012197.7193637,33,8,30
1747012197.7543633,32,-31,76
1747012197.7893634,20,20,78
1747012197.8253634,-11,24,37
1747012197.8603632,57,-52,167
1747012197.8963633,32,-35,133
1747012197.931363,2,-17,93
1747012197.9673634,-14,46,207
1747012198.0023634,17,18,77
1747012198.0373633,37,-3,223
1747012198.0733633,-14,34,202
1747012198.1083634,-92,16,39
1747012198.1443634,-52,40,66
1747012198.1793633,-28,-1,120
1747012198.2153633,41,-23,183
1747012198.250363,-62,0,105
1747012198.2853634,53,32,104
1747012198.3213634,-10,-7,140
1747012198.3563633,-24,-17,0
1747012198.3923633,11,70,68
1747012198.4273634,61,60,-13
1747012198.4633634,49,-9,100
1747012198.4983633,-113,-56,-55
1747012198.533363,60,27,70
1747012198.5693634,-55,-22,-9
1747012198.6043634,-13,5,32
1747012198.6403637,14,-103,-3
1747012198.6753633,26,-11,0
1747012198.7113633,44,22,11
1747012198.747363,-26,11,51
1747012198.783363,47,-17,149
1747012198.8193634,21,-34,-4
1747012198.8543634,-80,106,153
1747012198.8893633,59,-36,7
1747012198.9253633,-100,2,85
1747012198.9613633,-24,-29,73
1747012198.9963634,-86,34,35
1747012199.0323634,31,-53,83
1747012199.0673633,-36,-43,-20
1747012199.102363,-56,98,13
1747012199.1373634,3,-25,23
1747012199.1733634,-70,30,-58
1747012199.2093637,-30,-45,51
1747012199.2443633,-19,0,47
1747012199.280363,-11,-25,95
1747012199.3153634,-12,-17,115
1747012199.3503633,56,2,101
1747012199.385363,-48,18,85
1747012199.4213634,9,-15,81
1747012199.4573634,-48,24,49
1747012199.4923637,1,-27,119
1747012199.5283637,-2,-17,119
1747012199.5633633,71,0,169
1747012199.5983634,-48,26,-8
1747012199.6333632,17,-41,45
1747012199.6693633,41,-49,101
1747012199.7053633,37,-37,27
1747012199.7403634,25,-51,115
1747012199.7763634,43,16,107
1747012199.8113637,-2,30,31
1747012199.8463633,23,14,43
1747012199.8813634,-14,16,21
1747012199.9173634,-91,65,111
1747012199.9533634,-13,-7,75
1747012199.9883633,20,-3,89
1747012200.0243633,12,0,83
1747012200.0593634,-27,0,41
1747012200.0943637,29,-4,107
1747012200.1293633,14,-23,83
1747012200.1653633,-24,39,117
1747012200.201363,-68,-8,59
1747012200.2363634,1,0,-24
1747012200.2723634,33,59,153
1747012200.3073633,-24,81,39
1747012200.3423634,53,-12,77
1747012200.3773634,11,4,121
1747012200.4133637,30,88,83
1747012200.4493637,-3,62,55
1747012200.4843633,-41,22,109
1747012200.520363,-31,9,178
1747012200.5553634,14,-64,176
1747012200.5903633,61,-35,102
1747012200.625363,43,-24,95
1747012200.6613634,15,61,59
1747012200.6973634,5,-32,53
1747012200.7323637,-36,24,105
1747012200.7683637,27,-21,202
1747012200.803363,-5,-5,64
1747012200.8383634,-17,42,72
1747012200.8733633,55,-46,82
1747012200.9093633,-21,5,92
1747012200.9453633,10,13,86
1747012200.9803634,68,51,88
1747012201.0163634,32,-38,-69
1747012201.0513637,8,-92,102
1747012201.0863633,-32,-55,60
1747012201.1213634,-58,-20,-47
1747012201.1573634,19,63,140
1747012201.1933634,-106,31,218
1747012201.2283633,95,29,148
1747012201.2643633,-44,-54,80
1747012201.2993634,-66,-42,140
1747012201.3343637,-52,-51,-71
1747012201.3693633,21,28,154
1747012201.405363,7,-45,120
1747012201.441363,-66,-49,12
1747012201.4763634,71,-34,125
1747012201.5123634,-20,48,-2
1747012201.5473633,-80,-9,31
1747012201.5823634,14,-19,103
1747012201.6173637,-1,-43,203
1747012201.6533637,-78,-22,-56
1747012201.6893632,0,-22,-37
1747012201.724363,-52,11,114
1747012201.760363,-20,-32,44
1747012201.7953634,55,-14,151
1747012201.8303633,3,26,97
1747012201.8653634,-29,-2,94
1747012201.9013634,-46,10,64
1747012201.9373634,3,-9,4
1747012201.9723637,-43,-22,44
1747012202.0083632,-23,-2,132
1747012202.043363,7,-86,40
1747012202.0783634,-94,31,44
1747012202.1143634,-34,-54,26
1747012202.1493633,67,-4,95
1747012202.1853633,-42,-7,79
1747012202.2203634,71,-14,51
1747012202.2563634,-64,-39,33
1747012202.2913637,-48,-49,-18
1747012202.326363,27,-48,23
1747012202.362363,45,0,33
1747012202.3973634,3,-8,83
1747012202.4333634,-25,-2,55
1747012202.4683633,87,-43,-38
1747012202.5043633,-68,-11,143
1747012202.5393634,-7,-35,7
1747012202.5743637,-51,36,219
1747012202.6103632,77,-4,73
1747012202.645363,-61,-77,-14
1747012202.681363,2,55,15
1747012202.7163634,41,-1,39
1747012202.7523634,52,33,-60
1747012202.7873633,10,1,117
1747012202.8223634,16,19,111
1747012202.8583634,-59,-48,85
1747012202.8933637,-33,10,165
1747012202.9293633,14,53,137
1747012202.964363,68,41,79
1747012203.000363,-52,-35,103
1747012203.0353634,29,-39,97
1747012203.0703633,5,-55,79
1747012203.1063633,-20,-29,63
1747012203.1413634,50,66,193
1747012203.1773634,49,36,-8
1747012203.2123632,-44,-9,225
1747012203.2483633,-13,18,175
1747012203.283363,-45,34,9
1747012203.3183634,12,10,15
1747012203.3543634,57,-26,-190
1747012203.3893633,-62,77,69
1747012203.4253633,21,-10,-68
1747012203.4603634,17,-16,103
1747012203.4963634,27,-9,121
1747012203.5313632,35,-1,55
1747012203.566363,-9,-58,131
1747012203.602363,30,-4,147
1747012203.6373634,12,73,185
1747012203.6733634,44,-12,49
1747012203.7083633,-35,53,183
1747012203.7443633,6,43,-32
1747012203.780363,84,17,101
1747012203.816363,-35,21,-10
1747012203.852363,-55,53,-38
1747012203.8873634,3,44,61
1747012203.9223633,-26,0,149
1747012203.9583633,1,40,19
1747012203.9943633,49,34,19
1747012204.0293634,63,-79,83
1747012204.0653634,73,-64,137
1747012204.1003633,13,-12,181
1747012204.135363,31,10,61
1747012204.1703634,15,-29,43
1747012204.2063634,-10,6,55
1747012204.2423637,41,8,38
1747012204.2773633,31,20,73
1747012204.3133633,-58,-73,83
1747012204.3483634,11,-25,19
1747012204.3833632,-27,-38,-36
1747012204.418363,68,-34,83
1747012204.454363,-27,3,5
1747012204.4903634,-17,75,83
1747012204.5253634,-2,0,61
1747012204.5613637,-100,48,-48
1747012204.5963633,59,-17,81
1747012204.6313634,29,63,177
1747012204.6663637,-86,-67,49
1747012204.7023633,27,63,71
1747012204.7383633,-64,-24,63
1747012204.7733634,41,21,111
1747012204.8093634,59,0,173
1747012204.8443637,29,8,53
1747012204.8793633,1,-54,69
1747012204.9143634,13,29,17
1747012204.9503634,-66,-27,-48
1747012204.9863634,59,-39,77
1747012205.0213633,45,-3,125
1747012205.0573633,1,-5,45
1747012205.0923634,30,-66,181
1747012205.1273634,5,6,21
1747012205.1703634,-52,6,87
1747012205.2063634,41,50,-3
1747012205.2423637,9,48,200
1747012205.2773633,-124,-67,152
1747012205.3133633,-21,-8,128
1747012205.3483634,-55,-50,170
1747012205.3833632,-32,12,36
1747012205.418363,9,-44,152
1747012205.454363,-9,45,174
1747012205.4903634,-25,59,-25
1747012205.5253634,14,69,38
1747012205.5613637,-31,25,70
1747012205.5963633,39,10,50
1747012205.6313634,-6,10,118
1747012205.6663637,-91,-18,36
1747012205.7023633,90,11,132
1747012205.7383633,-24,-27,-3
1747012205.7733634,32,-24,-21
1747012205.8093634,38,2,84
1747012205.8443637,25,18,146
1747012205.8793633,68,86,56
1747012205.9143634,62,-25,62
1747012205.9503634,8,-1,26
1747012205.9863634,22,28,102
1747012206.0213633,40,55,82
1747012206.0573633,-5,-36,114
1747012206.0923634,7,44,104
1747012206.1273634,-8,30,18
1747012206.1623633,-28,4,118
1747012206.1983633,1,-19,-3
1747012206.2343633,25,48,80
1747012206.2693634,-36,36,124
1747012206.3053634,47,-93,156
1747012206.3403633,65,-23,82
1747012206.375363,29,52,148
1747012206.4103634,21,-59,62
1747012206.4463634,-55,-72,102
1747012206.4823637,58,-17,74
1747012206.5173633,20,-1,122
1747012206.553363,-81,64,42
1747012206.5883634,-13,-17,-46
1747012206.6233633,-74,-53,187
1747012206.658363,33,-43,119
1747012206.6943634,-28,16,34
1747012206.7303634,-118,62,28
1747012206.7653637,40,-11,134
1747012206.8013637,40,20,21
1747012206.8363633,18,9,111
1747012206.8713634,6,-40,9
1747012206.9063632,119,25,141
1747012206.9423633,-32,8,143
1747012206.9783633,-4,5,-106
1747012207.0133634,11,24,-52
1747012207.0493634,65,-63,123
1747012207.0843637,107,-97,73
1747012207.1193633,21,-45,11
1747012207.155363,-92,46,35
1747012207.1903634,-36,110,9
1747012207.2263634,-48,30,107
1747012207.2613633,63,4,130
1747012207.2973633,9,-9,208
1747012207.3323634,-30,16,110
1747012207.3673637,-7,-40,178
1747012207.4033637,4,5,90
1747012207.4383633,18,61,36
1747012207.474363,87,1,60
1747012207.5093634,131,31,-7
1747012207.5453634,-40,-122,188
1747012207.5803633,-6,27,156
1747012207.6153634,83,15,123
1747012207.6513634,49,-52,208
1747012207.6863637,41,-6,48
1747012207.7223637,-26,1,77
1747012207.757363,19,-17,-8
1747012207.793363,0,-8,133
1747012207.8283634,18,-40,85
1747012207.8633633,4,-4,29
1747012207.8993633,-7,-43,131
1747012207.9343634,-35,-21,63
1747012207.9703634,11,10,25
1747012208.0053637,-33,34,21
1747012208.0413637,-29,14,185
1747012208.076363,13,24,193
1747012208.1113634,67,60,71
1747012208.1473634,82,28,121
1747012208.1823633,0,-49,59
1747012208.2183633,13,29,141
1747012208.2533634,-32,-100,7
1747012208.2893634,16,5,83
1747012208.3243637,25,-1,45
1747012208.3593633,41,10,167
1747012208.395363,-44,42,83
1747012208.4303634,12,33,77
1747012208.4663634,-41,21,77
1747012208.5013633,41,-9,29
1747012208.5373633,61,59,-6
1747012208.5723634,56,-23,169
1747012208.6073637,-1,-19,3
1747012208.6433637,-15,4,103
1747012208.678363,2,-63,91
1747012208.714363,-59,-29,115
1747012208.7493634,24,-25,51
1747012208.7853634,-49,-7,65
1747012208.8203633,92,48,31
1747012208.8553634,11,-41,89
1747012208.8913634,19,-69,-4
1747012208.9263637,12,-21,45
1747012208.9623632,-33,58,27
1747012208.997363,-16,9,51
1747012209.0323634,-50,21,133
1747012209.0673633,-6,33,185
1747012209.1033633,19,-2,23
1747012209.1393633,-54,-12,73
1747012209.1743634,0,11,57
1747012209.2103634,-50,29,7
1747012209.2453637,-41,-28,44
1747012209.280363,-5,-2,0
1747012209.3153634,40,9,106
1747012209.3513634,42,-64,44
1747012209.3873634,6,17,34
1747012209.4223633,-35,15,104
1747012209.4583633,42,-5,42
1747012209.4933634,28,-29,50
1747012209.5283637,-44,-16,-3
1747012209.5633633,39,1,92
1747012209.599363,-6,-4,46
1747012209.635363,23,-20,72
1747012209.6703634,13,-15,174
1747012209.7063634,49,-33,18
1747012209.7413633,55,34,142
1747012209.7763634,79,20,38
1747012209.8113637,-74,-7,74
1747012209.8473637,-6,18,42
1747012209.8833632,0,0,52
1747012209.918363,-96,10,46
1747012209.954363,43,18,70
1747012209.9893634,9,-14,92
1747012210.0243633,-18,-8,26
1747012210.0593634,53,-8,142
1747012210.0953634,33,-40,94
1747012210.1313634,49,-42,186
1747012210.1663637,59,-42,-29
1747012210.2023633,-78,22,36
1747012210.237363,-21,-30,26
1747012210.2723634,-34,-23,10
1747012210.3073633,-16,-1,70
1747012210.3433633,-64,38,22
1747012210.3793633,-26,32,-25
1747012210.4143634,78,-3,18
1747012210.4503634,-28,-43,202
1747012210.4853632,21,-69,118
1747012210.520363,40,79,-45
1747012210.5553634,2,55,62
1747012210.5913634,-74,-66,120
1747012210.6273634,45,-71,22
1747012210.6623633,28,68,84
1747012210.6983633,93,2,78
1747012210.7333634,-30,-79,56
1747012210.7683637,47,54,90
1747012210.803363,-22,6,200
1747012210.839363,-12,16,32
1747012210.875363,96,68,100
1747012210.9103634,66,-18,84
1747012210.9463634,-33,-32,-9
1747012210.9813633,-53,0,124
1747012211.0163634,4,-94,84
1747012211.0513637,12,3,91
1747012211.0873632,0,19,89
1747012211.1233633,-26,-10,79
1747012211.158363,9,34,135
1747012211.1943634,-73,-33,90
1747012211.2293634,-9,-19,130
1747012211.2643633,-1,-3,-3
1747012211.2993634,66,-35,-44
1747012211.3353634,-35,-26,55
1747012211.3713634,32,-12,123
1747012211.4063632,-65,-67,28
1747012211.4423633,-45,-46,92
1747012211.477363,-29,-65,9
1747012211.5123634,-39,20,36
1747012211.5473633,-47,16,56
1747012211.5833633,16,38,48
1747012211.6193633,102,70,60
1747012211.6543634,29,-41,90
1747012211.6903634,-56,-47,152
1747012211.7253633,-26,8,160
1747012211.760363,35,-3,105
1747012211.7953634,-48,-25,151
1747012211.8313634,83,-9,99
1747012211.8673637,-26,26,16
1747012211.9023633,-12,12,49
1747012211.9383633,5,11,131
1747012211.9733634,37,-56,48
1747012212.0083632,-74,-48,25
1747012212.043363,-20,-58,89
1747012212.079363,15,37,55
1747012212.1153634,51,-90,109
1747012212.1503634,-1,-36,15
1747012212.1863637,68,10,-6
1747012212.2213633,36,-105,219
1747012212.2563634,34,54,21
1747012212.2923634,0,58,57
1747012212.3273633,11,30,95
1747012212.3633633,-35,80,-18
1747012212.3983634,58,-5,141
1747012212.4343634,61,49,127
1747012212.4693637,9,61,129
1747012212.5043633,-20,7,-11
1747012212.5403633,-30,-29,48
1747012212.5753634,37,54,86
1747012212.6113634,127,-73,69
1747012212.6463633,101,-11,106
1747012212.6823633,-8,-46,-15
1747012212.7173634,23,1,-39
1747012212.7523634,17,-10,74
1747012212.7883637,-22,21,124
1747012212.8233633,7,-16,63
1747012212.8593633,51,-28,118
1747012212.8943634,-20,15,34
1747012212.9303634,23,-72,14
1747012212.9653633,15,41,112
1747012213.000363,44,-24,8
1747012213.0363634,80,21,72
1747012213.0713634,58,15,144
1747012213.1073637,14,-22,98
1747012213.1423633,66,-4,8
1747012213.178363,41,48,24
1747012213.2133634,-2,-17,94
1747012213.2483633,-57,-4,132
1747012213.2843633,-64,-41,-7
1747012213.3193634,25,-23,52
1747012213.3553634,-14,-15,-23
1747012213.3903637,111,-17,80
1747012213.4263637,6,-20,128
1747012213.4613633,3,-49,122
1747012213.4963634,3,48,10
1747012213.5323634,29,0,36
1747012213.5673633,27,10,158
1747012213.6033633,-12,18,108
1747012213.6383634,49,47,20
1747012213.6743634,-58,10,74
1747012213.7093637,-10,-79,-63
1747012213.7443633,-88,39,112
1747012213.780363,-30,46,60
1747012213.8153634,29,-57,46
1747012213.8513634,26,-28,20
1747012213.8863633,-57,75,162
1747012213.9223633,-33,-1,14
1747012213.9573634,31,0,46
1747012213.9923637,-17,-12,20
1747012214.0283637,-49,11,74
1747012214.0633633,26,13,-23
1747012214.099363,-43,-54,-11
1747012214.1343634,2,-24,170
1747012214.1693633,-20,50,32
1747012214.204363,10,-42,68
1747012214.2403634,-36,44,150
1747012214.2763634,-10,76,64
1747012214.3113637,61,24,54
1747012214.3473637,7,-72,90
1747012214.382363,13,-20,136
1747012214.4173634,43,-26,150
1747012214.4523633,-4,-46,12
1747012214.4883633,21,95,-9
1747012214.5243633,19,0,154
1747012214.5593634,-88,41,64
1747012214.5953634,35,63,186
1747012214.6303637,53,57,54
1747012214.6653633,-20,-18,110
1747012214.7003634,-77,52,-13
1747012214.7363634,6,-15,-17
1747012214.7723634,78,-21,10
1747012214.8073633,72,44,40
1747012214.8433633,18,-21,24
1747012214.8783634,70,-19,10
1747012214.9133637,8,92,88
1747012214.9483633,29,-27,70
1747012214.9843633,-17,37,18
1747012215.020363,-21,44,24
1747012215.0553634,48,-43,146
1747012215.0913634,6,-39,54
1747012215.1263633,-17,8,84
1747012215.1613634,4,60,142
1747012215.204363,-14,-7,100
1747012215.2403634,-40,-85,70
1747012215.2763634,13,-15,116
1747012215.3113637,-8,38,0
1747012215.3473637,21,-31,82
1747012215.382363,59,-13,98
1747012215.4173634,-32,-29,48
1747012215.4523633,-54,98,68
1747012215.4883633,39,-39,92
1747012215.5243633,-28,-59,78
1747012215.5593634,39,48,2
1747012215.5953634,3,-51,74
1747012215.6303637,71,64,82
1747012215.6653633,-22,20,60
1747012215.7003634,-42,0,150
1747012215.7363634,-2,-17,42
1747012215.7723634,3,-5,71
1747012215.8073633,91,-81,6
1747012215.8433633,13,-1,49
1747012215.8783634,-48,8,69
1747012215.9133637,-25,42,159
1747012215.9483633,20,14,67
1747012215.9843633,-49,24,73
1747012216.020363,-16,76,109
1747012216.0553634,67,54,131
1747012216.0913634,11,-3,45
1747012216.1263633,-18,-15,51
1747012216.1613634,-18,-13,-106
1747012216.1963634,49,58,25
1747012216.2323637,-98,56,36
1747012216.2683637,34,17,67
1747012216.303363,2,11,87
1747012216.339363,13,-13,31
1747012216.3743634,-2,6,52
1747012216.4093633,-18,-12,22
1747012216.4443634,7,13,83
1747012216.4803634,-4,-3,11
1747012216.5163634,1,-13,141
1747012216.5513637,19,-31,60
1747012216.5873632,-4,42,4
1747012216.622363,-38,18,-7
1747012216.6573634,-54,-19,60
1747012216.6923633,-46,-67,88
1747012216.7283633,-30,70,74
1747012216.7643633,123,62,36
1747012216.7993634,-9,4,50
1747012216.8353634,76,-71,0
1747012216.8703637,2,32,120
1747012216.905363,70,23,58
1747012216.9403634,-28,-29,52
1747012216.9763634,-67,-52,12
1747012217.0123634,-20,26,146
1747012217.0473633,-20,-79,86
1747012217.0833633,53,-45,-44
1747012217.1183634,57,54,49
1747012217.1533637,25,26,133
1747012217.1893632,65,-37,119
1747012217.224363,79,-47,77
1747012217.260363,-4,-55,65
1747012217.2953634,7,36,69
1747012217.3313634,59,2,63
1747012217.3663633,38,-10,1
1747012217.4013634,-15,41,84
1747012217.4373634,60,-82,12
1747012217.4723637,10,70,74
1747012217.5083632,126,-29,10
1747012217.543363,82,96,-27
1747012217.579363,39,80,88
1747012217.6143634,55,-37,66
1747012217.6493633,8,26,16
1747012217.6853633,43,52,56
1747012217.7203634,2,56,118
1747012217.7563634,-8,-23,98
1747012217.7913637,-25,23,0
1747012217.8273633,15,42,-17
1747012217.862363,95,-31,104
1747012217.8973634,15,-49,126
1747012217.9333634,55,-45,58
1747012217.9683633,21,-31,170
1747012218.0043633,51,-81,28
1747012218.0393634,-53,-29,170
1747012218.0753634,-61,0,128
1747012218.1103632,-56,-33,110
1747012218.145363,-44,-23,172
1747012218.181363,-30,-9,30
1747012218.2163634,-96,-9,-17
1747012218.2523634,-36,-49,94
1747012218.2873633,5,8,-43
1747012218.3233633,-33,8,78
1747012218.3583634,-4,-29,214
1747012218.3933637,30,8,8
1747012218.4293633,81,-31,140
1747012218.464363,23,16,-13
1747012218.500363,43,26,30
1747012218.5353634,35,-52,16
1747012218.5713634,0,10,180
1747012218.6063633,-48,16,116
1747012218.6413634,11,-13,120
1747012218.6773634,-3,-42,-3
1747012218.7123632,82,57,152
1747012218.7483633,-37,55,12
1747012218.783363,40,-4,-61
1747012218.8193634,-20,76,146
1747012218.8543634,70,63,76
1747012218.8893633,29,-7,132
1747012218.9253633,18,-28,246
1747012218.9603634,-57,-4,110
1747012218.9963634,56,-8,61
1747012219.0313632,-11,27,41
1747012219.0673633,33,-9,225
1747012219.1033633,-3,-18,49
1747012219.1393633,50,-36,127
1747012219.1753633,130,-42,83
1747012219.2103634,-23,-8,-30
1747012219.2453637,28,59,67
1747012219.2813632,41,2,63
1747012219.3173633,0,-32,114
1747012219.352363,-20,-27,28
1747012219.3883634,-11,7,-23
1747012219.4233634,-1,-50,30
1747012219.4583633,-24,40,151
1747012219.4933634,-38,27,-55
1747012219.5293634,55,15,20
1747012219.5653634,-46,13,156
1747012219.6003633,47,-46,-73
1747012219.6363633,-2,-48,14
1747012219.6713634,71,0,88
1747012219.7063634,-40,-19,67
1747012219.7413633,-30,0,0
1747012219.7773633,1,17,18
1747012219.8133633,33,-22,135
1747012219.8483634,41,-58,17
1747012219.8843634,2,63,105
1747012219.9193633,40,-28,25
1747012219.954363,29,-60,96
1747012219.9893634,-62,-52,145
1747012220.0253634,70,23,117
1747012220.0613637,-11,-38,133
1747012220.0963633,14,14,71
1747012220.132363,6,-7,99
1747012220.1673634,3,7,-42
1747012220.2023633,15,-36,183
1747012220.237363,55,33,51
1747012220.2733634,39,-53,47
1747012220.3093634,15,38,127
1747012220.3443637,1,40,103
1747012220.3803637,35,-29,135
1747012220.4153633,3,-11,97
1747012220.4503634,-60,26,59
1747012220.4853632,9,36,55
1747012220.5213633,-34,-1,25
1747012220.5573633,0,50,95
1747012220.5923634,37,28,81
1747012220.6283634,-44,33,21
1747012220.6633637,13,7,85
1747012220.6983633,-28,37,47
1747012220.7333634,-52,39,73
1747012220.7693634,27,82,75
1747012220.8053634,21,38,-10
1747012220.8403633,63,76,91
1747012220.8763633,-53,-50,93
1747012220.9113634,-11,-54,91
1747012220.9463634,16,41,73
1747012220.9813633,-29,-18,73
1747012221.0173633,22,-50,63
1747012221.053363,42,-2,67
1747012221.0883634,-15,-6,125
1747012221.1243634,33,-55,87
1747012221.1593633,-76,6,73
1747012221.1943634,33,-5,0
1747012221.2293634,63,32,96
1747012221.2653637,72,-102,102
1747012221.3013637,124,-70,38
1747012221.3363633,-19,43,46
1747012221.372363,2,9,69
1747012221.4073634,-51,-74,174
1747012221.4423633,-40,-35,-23
1747012221.477363,3,80,116
1747012221.5133634,-78,0,92
1747012221.5493634,-70,-59,112
1747012221.5843637,55,24,120
1747012221.6203637,27,-5,54
1747012221.655363,-99,-11,42
1747012221.6903634,63,-60,-29
1747012221.7253633,0,-22,114
1747012221.7613633,12,63,202
1747012221.7973633,80,-28,130
1747012221.8323634,22,41,86
1747012221.8683634,20,-26,32
1747012221.9033637,-103,-23,-1
1747012221.9383633,-59,24,112
1747012221.9733634,20,-28,116
1747012222.0093634,28,13,226
1747012222.0453634,20,0,110
1747012222.0803633,-31,-50,88
1747012222.1163633,8,-48,210
1747012222.1513634,-35,-38,140
1747012222.1863637,-8,-101,6
1747012222.2213633,0,22,84
1747012222.257363,-58,-16,132
1747012222.293363,0,-14,118
1747012222.3283634,-49,43,46
1747012222.3643634,-17,45,76
1747012222.3993633,0,-11,34
1747012222.4343634,58,66,40
1747012222.4703634,76,-49,8
1747012222.5053637,23,-1,132
1747012222.5413637,33,-37,178
1747012222.576363,9,4,188
1747012222.612363,-14,48,140
1747012222.6473634,23,-53,-20
1747012222.6823633,-15,7,61
1747012222.7183633,10,-42,121
1747012222.7533634,-47,-14,89
1747012222.7893634,14,-2,1
1747012222.8243637,-26,-11,61
1747012222.8603632,15,-5,23
1747012222.895363,43,72,172
1747012222.9303634,15,-3,78
1747012222.9663634,28,11,42
1747012223.0013633,-23,39,-27
1747012223.0373633,-21,-12,26
1747012223.0723634,-6,10,28
1747012223.1083634,-88,24,86
1747012223.1433637,-34,-21,28
1747012223.178363,-118,-27,130
1747012223.214363,61,10,16
1747012223.2493634,8,-17,40
1747012223.2853634,-15,72,156
1747012223.3203633,-19,44,88
1747012223.3563633,120,30,32
1747012223.3913634,-39,-9,6
1747012223.4263637,0,-26,224
1747012223.4623632,-7,73,-19
1747012223.497363,75,25,72
1747012223.533363,-36,-6,0
1747012223.5683634,-42,17,56
1747012223.6043634,-33,43,-24
1747012223.6393633,13,-13,138
1747012223.6743634,63,56,14
1747012223.7103634,-55,-4,135
1747012223.7453637,-7,121,59
1747012223.7813632,-48,34,103
1747012223.816363,49,-50,53
1747012223.852363,85,-33,-28
1747012223.8873634,7,66,159
1747012223.9223633,-4,8,159
1747012223.9583633,66,27,-2
1747012223.9933634,8,36,45
1747012224.0293634,8,41,155
1747012224.0643632,-16,-67,55
1747012224.1003633,6,-7,245
1747012224.1363633,77,89,83
1747012224.1723633,83,0,89
1747012224.2083633,33,-24,59
1747012224.2433634,15,4,91
1747012224.2783637,3,-5,89
1747012224.3143632,19,-87,-18
1747012224.3503633,-62,-64,123
1747012224.385363,17,-5,139
1747012224.4213634,-8,38,177
1747012224.4563634,-26,-38,143
1747012224.4913633,43,-24,155
1747012224.5263634,13,-4,105
1747012224.5623634,-52,59,-36
1747012224.5983634,43,29,53
1747012224.6333632,-64,25,105
1747012224.6693633,53,-80,143
1747012224.704363,31,-5,89
1747012224.7393634,-10,26,-6
1747012224.7743633,13,-36,65
1747012224.8103633,-20,-76,117
1747012224.8463633,33,45,157
1747012224.8813634,61,-16,-22
1747012224.9173634,39,43,99
1747012224.9523633,39,19,-24
1747012224.987363,-48,24,19
1747012225.0223634,19,20,85
1747012225.0583634,55,58,-34
1747012225.0943637,-82,8,69
1747012225.1293633,69,4,119
1747012225.1653633,119,11,31
1747012225.2073634,-7,7,85
1747012225.2433634,43,98,213
1747012225.2783637,-70,-25,141
1747012225.3143632,89,16,107
1747012225.3503633,0,-67,75
1747012225.385363,-41,-94,7
1747012225.4213634,-134,-17,56
1747012225.4563634,1,-35,58
1747012225.4913633,128,11,100
1747012225.5263634,57,-11,76
1747012225.5623634,-22,-61,182
1747012225.5983634,69,6,-79
1747012225.6333632,17,0,112
1747012225.6693633,53,-57,54
1747012225.704363,35,26,-73
1747012225.7393634,51,44,10
1747012225.7743633,-98,-7,82
1747012225.8103633,-34,-35,96
1747012225.8463633,-60,26,24
1747012225.8813634,25,60,-47
1747012225.9173634,73,-39,180
1747012225.9523633,9,-35,74
1747012225.987363,27,-35,66
1747012226.0223634,25,22,130
1747012226.0583634,20,0,170
1747012226.0943637,-31,-57,136
1747012226.1293633,49,30,-37
1747012226.1653633,15,22,62
1747012226.2003634,39,12,74
1747012226.2353632,37,8,-45
1747012226.270363,19,-33,28
1747012226.306363,-60,-29,-7
1747012226.3423634,-12,12,84
1747012226.3773634,-10,122,48
1747012226.4133637,7,14,33
1747012226.4483633,17,56,59
1747012226.4833634,13,-1,41
1747012226.5183637,45,20,87
1747012226.5543633,-24,-39,47
1747012226.5903633,45,-15,96
1747012226.625363,-20,6,-1
1747012226.6613634,1,58,98
1747012226.6963634,-102,56,124
1747012226.7313633,7,-35,70
1747012226.7663634,7,-97,47
1747012226.8023634,-40,12,25
1747012226.8383634,15,4,156
1747012226.8733633,-52,-31,-40
1747012226.9093633,9,-3,116
1747012226.9443634,67,38,120
1747012226.9793634,-77,52,96
1747012227.0143633,-60,-3,-3
1747012227.0503633,-104,86,26
1747012227.0863633,21,-15,6
1747012227.1213634,-32,-33,212
1747012227.1573634,3,-74,-62
1747012227.1923633,-32,34,3
1747012227.227363,-4,-63,151
1747012227.2623634,-19,65,11
1747012227.2983634,53,20,121
1747012227.3343637,-58,-14,55
1747012227.3693633,-23,9,103
1747012227.405363,-52,-1,89
1747012227.4403634,-6,-67,43
1747012227.4753633,-50,83,-16
1747012227.5113633,0,-18,191
1747012227.5463634,7,0,33
1747012227.5823634,-63,9,55
1747012227.6173637,51,1,47
1747012227.6533637,34,-62,167
1747012227.6883633,-56,58,73
1747012227.7233634,-16,-11,-40
1747012227.7593634,63,25,57
1747012227.7943633,35,75,57
1747012227.8303633,-52,-49,1
1747012227.8653634,7,12,155
1747012227.9013634,-40,2,191
1747012227.9363637,-10,10,109
1747012227.9713633,3,-3,123
1747012228.007363,69,-23,17
1747012228.0423634,67,-21,95
1747012228.0783634,65,-75,1
1747012228.1133633,67,-17,93
1747012228.1493633,-52,-53,69
1747012228.1843634,-32,10,-22
1747012228.2193637,-67,-66,107
1747012228.2553637,-5,19,187
1747012228.2903633,6,-22,207
1747012228.326363,-33,-54,97
1747012228.3613634,42,-8,91
1747012228.3973634,66,3,151
1747012228.4323633,47,-43,87
1747012228.4673634,-20,14,165
1747012228.5033634,-22,34,71
1747012228.5383637,25,-3,-50
1747012228.5743637,35,50,79
1747012228.6093633,0,-3,105
1747012228.645363,-72,-9,25
1747012228.6803634,15,-11,139
1747012228.7153633,-50,46,233
1747012228.7513633,20,-59,53
1747012228.7863634,-25,78,57
1747012228.8223634,-36,-19,-28
1747012228.8573637,-24,8,93
1747012228.8933637,-4,-3,59
1747012228.928363,-14,-3,153
1747012228.9633634,53,-49,35
1747012228.9993634,9,2,7
1747012229.0343633,0,-63,83
1747012229.0703633,-48,0,91
1747012229.1053634,-2,5,66
1747012229.1413634,80,8,140
1747012229.1763637,10,-33,118
1747012229.2113633,88,32,183
1747012229.247363,-66,43,54
1747012229.2823634,48,88,44
1747012229.3183634,51,20,90
1747012229.3533633,3,-63,110
1747012229.3883634,41,-17,12
1747012229.4233634,3,38,70
1747012229.4593637,-31,12,148
1747012229.4953637,11,-5,130
1747012229.530363,-31,-24,42
1747012229.566363,18,-8,202
1747012229.6013634,34,27,0
1747012229.6363633,92,-24,114
1747012229.6713634,-87,-14,-55
1747012229.7073634,114,-18,150
1747012229.7433634,-73,-16,-29
1747012229.7783637,13,16,110
1747012229.8143632,80,17,120
1747012229.849363,36,-52,84
1747012229.8843634,-81,-42,26
1747012229.9193633,82,-4,-13
1747012229.9553633,22,-66,16
1747012229.9913633,-23,-14,22
1747012230.0263634,-33,84,108
1747012230.0623634,32,5,30
1747012230.0973637,-48,10,84
1747012230.132363,-70,-21,94
1747012230.1673634,17,18,12
1747012230.2033634,73,44,63
1747012230.2393634,-11,-41,49
1747012230.2743633,-47,-87,1
1747012230.3103633,21,24,105
1747012230.3453634,-20,16,61
1747012230.3803637,31,-17,-26
1747012230.4153633,38,33,134
1747012230.451363,-1,11,41
1747012230.487363,-14,2,36
1747012230.5223634,-13,-46,36
1747012230.5583634,2,15,166
1747012230.5933633,-67,45,66
1747012230.6283634,76,-38,102
1747012230.6633637,-22,39,136
1747012230.6993637,-1,-6,126
1747012230.7353632,-5,3,6
1747012230.770363,89,53,68
1747012230.806363,25,3,133
1747012230.8413634,-12,-24,-26
1747012230.8763633,19,-9,69
1747012230.9113634,31,-43,125
1747012230.9473634,-12,-27,73
1747012230.9833634,3,-1,0
1747012231.0183637,-18,-51,57
1747012231.0543633,23,-31,103
1747012231.089363,-12,16,71
1747012231.1243634,46,-54,-92
1747012231.1593633,-39,15,107
1747012231.1953633,-6,-25,147
1747012231.2313633,-52,-5,9
1747012231.2663634,67,-63,41
1747012231.3023634,31,-1,121
1747012231.3373632,5,2,111
1747012231.372363,29,4,193
1747012231.4073634,5,-17,59
1747012231.4433634,25,26,121
1747012231.4793634,-10,72,-4
1747012231.5143633,-6,12,119
1747012231.5503633,-16,-7,77
1747012231.5853634,-20,-15,39
1747012231.6203637,-54,30,-66
1747012231.655363,55,-7,69
1747012231.691363,-6,2,81
1747012231.727363,-38,-23,-2
1747012231.7623634,-86,32,33
1747012231.7983634,-25,-23,15
1747012231.8333633,-7,-57,71
1747012231.8683634,33,10,-18
1747012231.9033637,-14,-33,163
1747012231.9393632,-82,-33,21
1747012231.9753633,47,-38,-30
1747012232.010363,81,-20,103
1747012232.0463634,99,-4,175
1747012232.0813634,-64,-27,23
1747012232.1163633,-58,24,129
1747012232.1513634,37,-5,27
1747012232.1873634,-32,-1,37
1747012232.2233634,-34,52,35
1747012232.2583632,7,-65,125
1747012232.2943633,14,-32,-74
1747012232.329363,-40,-23,0
1747012232.3643634,-19,-57,-16
1747012232.3993633,62,36,37
1747012232.4353633,-14,4,149
1747012232.4713633,85,-67,37
1747012232.5063634,21,14,-10
1747012232.5423634,-108,46,37
1747012232.5773633,-62,12,147
1747012232.612363,-74,-23,87
1747012232.6483634,31,-25,83
1747012232.6833634,-2,-37,49
1747012232.7193637,-40,46,175
1747012232.7543633,24,-39,243
1747012232.7903633,-81,108,31
1747012232.8253634,-43,-37,9
1747012232.8603632,-37,66,145
1747012232.8963633,31,68,85
1747012232.931363,-65,42,-6
1747012232.9673634,60,6,209
1747012233.0023634,58,-3,7
1747012233.0383637,-37,82,-16
1747012233.0733633,137,-9,109
1747012233.1083634,51,26,120
1747012233.1443634,19,4,70
1747012233.1793633,60,51,72
1747012233.2153633,-18,-22,8
1747012233.250363,-40,23,70
1747012233.2863634,-10,-14,100
1747012233.3213634,41,-12,70
1747012233.3563633,-29,2,108
1747012233.3923633,23,-68,28
1747012233.4273634,45,-10,92
1747012233.4633634,49,10,160
1747012233.4983633,48,9,38
1747012233.5343633,83,-51,90
1747012233.5693634,44,3,8
1747012233.6043634,-41,9,-85
1747012233.6403637,-70,33,155
1747012233.6753633,9,-32,-5
1747012233.7113633,-16,5,136
1747012233.7463634,98,-5,-40
1747012233.7823634,-2,3,134
1747012233.8173633,2,-23,66
1747012233.852363,45,-13,8
1747012233.8883634,11,-45,30
1747012233.9233634,15,-43,86
1747012233.9593637,-24,36,38
1747012233.9943633,28,-7,90
1747012234.030363,-19,6,20
1747012234.0653634,-17,40,152
1747012234.1003633,28,-61,-55
1747012234.1363633,34,-9,96
1747012234.1713634,4,40,24
1747012234.2073634,50,26,0
1747012234.2423637,4,-9,70
1747012234.2783637,-43,-35,106
1747012234.3143632,-15,12,194
1747012234.3503633,64,-37,-11
1747012234.3863633,60,-71,-13
1747012234.4213634,65,-45,77
1747012234.4563634,-56,-11,134
1747012234.4923637,-53,-25,131
1747012234.5283637,-55,-9,107
1747012234.5633633,81,-23,151
1747012234.599363,-6,72,105
1747012234.6343634,11,42,61
1747012234.6693633,5,-7,71
1747012234.704363,-55,-7,79
1747012234.7403634,-7,8,51
1747012234.7763634,-42,-87,255
1747012234.8113637,16,26,101
1747012234.8473637,42,-31,123
1747012234.882363,51,55,13
1747012234.9173634,-46,-54,81
1747012234.9523633,43,13,43
1747012234.9883633,17,36,177
1747012235.0243633,-75,-13,23
1747012235.0593634,-58,-27,33
1747012235.0953634,35,36,69
1747012235.1303637,-42,8,115
1747012235.1653633,-156,-13,-12
1747012235.2003634,3,66,13
1747012235.2433634,51,-75,95
1747012235.280363,-6,-13,-28
1747012235.3153634,3,-3,115
1747012235.3513634,19,-9,59
1747012235.3863633,-34,2,77
1747012235.4213634,35,58,115
1747012235.4563634,-58,30,177
1747012235.4923637,-18,-75,127
1747012235.5283637,-70,-31,57
1747012235.5633633,17,-11,-14
1747012235.599363,39,26,71
1747012235.6343634,-10,-7,155
1747012235.6693633,-20,-3,57
1747012235.704363,27,-39,-46
1747012235.7403634,93,28,121
1747012235.7763634,-23,-35,137
1747012235.8113637,26,-22,11
1747012235.8473637,-69,50,173
1747012235.882363,10,-11,173
1747012235.9173634,-45,-71,79
1747012235.9523633,-67,22,63
1747012235.9883633,-33,4,15
1747012236.0243633,21,54,47
1747012236.0593634,-32,6,99
1747012236.0953634,-8,6,45
1747012236.1303637,97,10,211
1747012236.1653633,-4,76,49
1747012236.2003634,-10,-14,5
1747012236.2363634,7,-2,135
1747012236.2723634,-12,-14,-18
1747012236.3073633,115,15,167
1747012236.3433633,21,57,67
1747012236.3783634,53,-38,37
1747012236.4133637,-26,57,165
1747012236.4483633,13,65,115
1747012236.4843633,35,-66,53
1747012236.520363,-64,-18,23
1747012236.5553634,13,35,93
1747012236.5913634,1,-34,131
1747012236.6263633,-41,-1,35
1747012236.6613634,34,16,53
1747012236.6963634,24,-9,153
1747012236.7323637,-36,79,53
1747012236.7683637,-65,-39,39
1747012236.803363,34,22,89
1747012236.839363,20,-37,-18
1747012236.8743634,-22,-87,125
1747012236.9093633,-74,22,23
1747012236.9443634,-80,-9,121
1747012236.9803634,0,30,67
1747012237.0163634,57,42,135
1747012237.0513637,-22,18,71
1747012237.0873632,-30,32,43
1747012237.122363,0,24,-20
1747012237.1573634,-40,24,201
1747012237.1923633,-6,-9,61
1747012237.2283633,-68,-17,125
1747012237.2643633,1,32,47
1747012237.2993634,-5,66,109
1747012237.3353634,2,15,5
1747012237.3703637,-19,77,29
1747012237.405363,72,33,171
1747012237.4403634,14,36,141
1747012237.4763634,0,44,61
1747012237.5123634,-5,-1,39
1747012237.5473633,78,27,95
1747012237.5833633,-17,-71,9
1747012237.6183634,-5,40,97
1747012237.6533637,22,42,-6
1747012237.6893632,-4,-17,114
1747012237.724363,16,-1,145
1747012237.760363,-8,12,61
1747012237.7953634,-86,41,180
1747012237.8313634,15,-36,66
1747012237.8663633,-36,-54,4
1747012237.9013634,-45,-12,-38
1747012237.9373634,-7,39,-16
1747012237.9723637,-37,111,89
1747012238.0083632,30,5,1
1747012238.043363,63,13,-4
1747012238.079363,-35,15,61
1747012238.1143634,23,-30,17
1747012238.1493633,-54,49,159
1747012238.1853633,6,-24,25
1747012238.2203634,0,-8,75
1747012238.2563634,-54,-5,85
1747012238.2913637,91,48,83
1747012238.3273633,31,30,257
1747012238.362363,-57,-37,101
1747012238.3973634,55,-12,49
1747012238.4333634,12,-37,183
1747012238.4683633,-58,43,1
1747012238.5043633,31,-48,51
1747012238.5393634,51,-13,0
1747012238.5753634,-90,78,29
1747012238.6103632,-64,42,103
1747012238.645363,55,-26,73
1747012238.681363,66,-48,29
1747012238.7163634,1,45,18
1747012238.7523634,-6,-52,88
1747012238.7873633,-28,-15,12
1747012238.8233633,79,-94,76
1747012238.8583634,33,-70,66
1747012238.8933637,-48,-78,-1
1747012238.9293633,125,-57,150
1747012238.964363,29,-53,60
1747012239.000363,-16,-19,50
1747012239.0353634,-10,-51,92
1747012239.0713634,-10,10,60
1747012239.1063633,-54,50,44
1747012239.1433637,51,20,-13
1747012239.178363,-14,-15,166
1747012239.2133634,17,-11,48
1747012239.2493634,55,-15,168
1747012239.2843633,81,40,150
1747012239.3203633,-33,16,44
1747012239.3553634,0,6,45
1747012239.3913634,-19,-11,-44
1747012239.4273634,-65,34,4
1747012239.4623632,-26,-33,114
1747012239.497363,-36,26,142
1747012239.533363,-84,-23,42
1747012239.5693634,109,-41,94
1747012239.6043634,-26,32,24
1747012239.6403637,9,22,30
1747012239.6753633,-102,-4,70
1747012239.7103634,34,-3,-7
1747012239.7453637,31,43,126
1747012239.7813632,-71,10,120
1747012239.8173633,-47,-29,68
1747012239.852363,-26,-31,174
1747012239.8883634,-42,-63,86
1747012239.9233634,-16,12,90
1747012239.9583633,19,55,110
1747012239.9933634,-14,-49,116
1747012240.0293634,97,15,2
1747012240.0653634,59,15,14
1747012240.1003633,25,9,14
1747012240.1363633,0,-4,80
1747012240.1713634,15,0,68
1747012240.2063634,-10,51,8
1747012240.2413633,35,-44,136
1747012240.2773633,83,-76,-51
1747012240.3133633,3,-36,95
1747012240.3483634,-10,0,68
1747012240.3843634,26,-39,131
1747012240.4193633,19,-86,87
1747012240.454363,29,-66,9
1747012240.4893634,-45,-23,-48
1747012240.5253634,61,-53,170
1747012240.5613637,34,24,-26
1747012240.5963633,17,57,33
1747012240.632363,-54,62,72
1747012240.6673634,85,-53,26
1747012240.7023633,-14,28,20
1747012240.737363,15,-49,84
1747012240.7733634,-8,-31,60
1747012240.8093634,19,2,-21
1747012240.8443637,42,-61,149
1747012240.8803637,14,-31,95
1747012240.9153633,-9,0,41
1747012240.9503634,-35,17,103
1747012240.9853632,-75,13,37
1747012241.0213633,56,45,111
1747012241.0573633,23,0,51
1747012241.0923634,-39,23,155
1747012241.1283634,15,36,91
1747012241.1633637,31,-82,81
1747012241.1983633,-24,27,53
1747012241.2333634,59,9,103
1747012241.2693634,37,-52,105
1747012241.3053634,33,44,157
1747012241.3403633,-30,44,19
1747012241.3763633,25,-15,23
1747012241.4113634,-26,-30,113
1747012241.4463634,63,-30,35
1747012241.4813633,69,-63,119
1747012241.5173633,-66,33,71
1747012241.553363,-36,-20,27
1747012241.5883634,-54,-2,43
1747012241.6243634,101,47,89
1747012241.6593633,-14,-64,97
1747012241.6943634,-50,-15,117
1747012241.7293634,-106,-27,23
1747012241.7653637,7,-3,53
1747012241.8013637,-4,4,111
1747012241.8363633,-48,13,43
1747012241.872363,-6,-41,165
1747012241.9073634,-44,28,153
1747012241.9423633,53,0,61
1747012241.977363,1,92,115
1747012242.0133634,27,50,141
1747012242.0493634,73,32,91
1747012242.0843637,27,-31,175
1747012242.1203637,19,52,65
1747012242.155363,-50,-47,97
1747012242.1903634,-23,-39,29
1747012242.2253633,-64,-32,31
1747012242.2613633,89,1,95
1747012242.2973633,-8,23,163
1747012242.3323634,49,-14,169
1747012242.3683634,16,-24,-70
1747012242.4033637,-57,-20,19
1747012242.4383633,-53,-22,59
1747012242.4733634,30,39,119
1747012242.5093634,-27,47,77
1747012242.5453634,45,-31,47
1747012242.5803633,6,62,105
1747012242.6163633,-1,14,189
1747012242.6513634,12,56,39
1747012242.6863637,-120,17,55
1747012242.7223637,7,80,145
1747012242.757363,25,54,29
1747012242.793363,66,27,109
1747012242.8283634,-45,-48,37
1747012242.8643634,-5,65,159
1747012242.8993633,14,-24,103
1747012242.9343634,4,1,11
1747012242.9703634,51,-48,51
1747012243.0053637,17,3,99
1747012243.0413637,17,-64,33
1747012243.076363,-38,-89,45
1747012243.112363,-17,20,95
1747012243.1473634,-38,-85,-42
1747012243.1823633,-59,60,145
1747012243.2183633,-22,36,23
1747012243.2533634,33,-29,139
1747012243.2893634,19,-123,96
1747012243.3243637,-42,56,125
1747012243.3603632,-14,-5,-63
1747012243.395363,-36,28,82
1747012243.4303634,7,53,137
1747012243.4663634,-54,-3,94
1747012243.5013633,51,40,68
1747012243.5373633,-18,-43,110
1747012243.5723634,-14,6,58
1747012243.6083634,-42,40,92
1747012243.6433637,9,-33,56
1747012243.678363,-20,28,52
1747012243.714363,-13,-9,26
1747012243.7493634,-42,-59,66
1747012243.7853634,41,-39,46
1747012243.8203633,-28,38,78
1747012243.8563633,-14,42,144
1747012243.8913634,-86,-29,76
1747012243.9263637,-8,-49,50
1747012243.9623632,49,-85,144
1747012243.997363,-88,-1,160
1747012244.033363,27,2,101
1747012244.0683634,-18,-30,145
1747012244.1043634,9,-13,147
1747012244.1393633,39,2,59
1747012244.1743634,35,74,97
1747012244.2103634,75,25,147
1747012244.2453637,27,-50,61
1747012244.2813632,-4,113,215
1747012244.316363,66,50,199
1747012244.352363,-4,59,36
1747012244.3873634,61,0,-53
1747012244.4223633,51,-50,184
1747012244.4583633,-56,13,36
1747012244.4933634,-20,6,-21
1747012244.5293634,69,8,96
1747012244.5643632,-2,-55,290
1747012244.599363,-69,40,70
1747012244.6343634,18,66,4
1747012244.6703634,30,10,-9
1747012244.7063634,-4,-52,118
1747012244.7413633,-30,-32,114
1747012244.7773633,-25,-8,108
1747012244.8123634,80,63,130
1747012244.8473637,38,5,31
1747012244.882363,6,-18,15
1747012244.918363,16,-66,111
1747012244.954363,-47,11,45
1747012244.9893634,-7,81,41
1747012245.0253634,59,-47,81
1747012245.0603633,58,40,155
1747012245.0953634,28,18,23
1747012245.1303637,14,26,131
1747012245.1663637,46,-39,-18
1747012245.2023633,21,-87,15
1747012245.2443633,16,-15,-6
1747012245.2813632,28,-19,55
1747012245.316363,58,30,-76
1747012245.3513634,14,80,95
1747012245.3863633,3,10,93
1747012245.4223633,36,64,83
1747012245.4583633,-44,-19,111
1747012245.4933634,78,10,13
1747012245.5293634,2,-15,141
1747012245.5643632,72,18,65
1747012245.599363,21,-13,5
1747012245.6343634,-20,16,155
1747012245.6703634,45,-56,65
1747012245.7063634,-21,14,11
1747012245.7413633,1,4,21
1747012245.7773633,-22,-21,49
1747012245.8123634,9,-39,91
1747012245.8473637,-15,20,73
1747012245.882363,48,-9,191
1747012245.918363,-20,-87,33
1747012245.954363,-24,42,39
1747012245.9893634,0,24,11
1747012246.0253634,-12,68,123
1747012246.0603633,-4,-7,209
1747012246.0953634,-8,-35,79
1747012246.1303637,-31,-12,125
1747012246.1663637,-28,48,41
1747012246.2023633,85,-95,95
1747012246.237363,-68,30,81
1747012246.2733634,36,26,75
1747012246.3083634,14,48,161
1747012246.3433633,-31,34,125
1747012246.3783634,62,-37,39
1747012246.4143634,-135,-17,123
1747012246.4503634,20,78,99
1747012246.4853632,-27,22,61
1747012246.5213633,29,-41,103
1747012246.556363,5,-57,41
1747012246.5913634,-60,-41,185
1747012246.6263633,-32,-5,-100
1747012246.6623633,-12,-35,37
1747012246.6983633,7,2,59
1747012246.7333634,73,-37,117
1747012246.7693634,9,-23,69
1747012246.8043633,0,0,5
1747012246.839363,25,-50,37
1747012246.8743634,31,-4,33
1747012246.9103634,-20,1,89
1747012246.9463634,0,-30,23
1747012246.9813633,9,19,39
1747012247.0173633,-72,-62,-26
1747012247.0523634,23,-30,133
1747012247.0873632,-36,38,5
1747012247.122363,-20,-45,-6
1747012247.158363,-16,71,177
1747012247.1943634,45,-71,97
1747012247.2293634,-30,-17,79
1747012247.2653637,87,-11,172
1747012247.3003633,-34,59,136
1747012247.3353634,29,105,81
1747012247.3703637,-26,47,-42
1747012247.4063632,-60,-16,61
1747012247.4423633,27,57,87
1747012247.477363,-40,-38,-15
1747012247.5133634,-108,-56,42
1747012247.5483634,33,-42,78
1747012247.5833633,5,51,12
1747012247.6183634,52,17,-5
1747012247.6543634,40,11,106
1747012247.6903634,-5,13,30
1747012247.7253633,-29,-6,96
1747012247.7613633,8,-10,140
1747012247.7963634,-27,35,50
1747012247.8313634,-17,-4,22
1747012247.8673637,-5,-140,130
1747012247.9023633,-97,33,84
1747012247.9383633,77,54,-9
1747012247.9733634,12,-15,116
1747012248.0093634,-2,-11,104
1747012248.0443633,-52,-41,144
1747012248.079363,23,-13,8
1747012248.1153634,-2,46,82
1747012248.1503634,-74,-43,58
1747012248.1863637,89,68,180
1747012248.2213633,-12,-5,-41
1747012248.257363,103,-37,246
1747012248.2923634,47,-17,71
1747012248.3273633,49,22,35
1747012248.3633633,-7,63,-22
1747012248.3983634,48,-16,63
1747012248.4343634,-34,-7,44
1747012248.4693637,-18,22,76
1747012248.5053637,-16,-49,144
1747012248.5403633,14,12,-7
1747012248.5753634,9,-3,48
1747012248.6113634,-58,40,180
1747012248.6463633,-14,-1,-63
1747012248.6823633,-88,16,102
1747012248.7173634,-15,8,84
1747012248.7533634,8,4,100
1747012248.7883637,17,-31,104
1747012248.8233633,16,50,48
1747012248.8593633,-8,24,10
1747012248.8943634,-46,26,104
1747012248.9303634,-24,14,140
1747012248.9653633,13,30,128
1747012249.0013633,-36,-45,12
1747012249.0363634,61,-1,46
1747012249.0713634,-16,26,128
1747012249.1073637,23,-39,40
1747012249.1423633,-10,-27,42
1747012249.178363,-78,26,-29
1747012249.2133634,39,66,188
1747012249.2493634,-2,-65,93
1747012249.2843633,29,22,139
1747012249.3193634,1,15,87
1747012249.3553634,-28,50,-18
1747012249.3903637,0,34,47
1747012249.4263637,107,-23,48
1747012249.4613633,57,54,4
1747012249.497363,15,-69,74
1747012249.5323634,15,18,-15
1747012249.5673633,21,-21,84
1747012249.6033633,13,-57,48
1747012249.6383634,-26,76,-5
1747012249.6743634,5,10,150
1747012249.7093637,27,42,88
1747012249.7443633,-58,-33,54
1747012249.7793634,-94,68,134
1747012249.8153634,7,30,68
1747012249.8513634,-64,30,34
1747012249.8863633,55,-43,-43
1747012249.9223633,22,40,132
1747012249.9573634,-19,6,80
1747012249.9923637,14,-47,40
1747012250.0273633,63,-41,211
1747012250.0633633,-14,66,139
1747012250.099363,34,-10,113
1747012250.1343634,-47,10,-24
1747012250.1703634,45,-51,105
1747012250.2053633,41,2,111
1747012250.2403634,11,-25,169
1747012250.2753634,31,-25,155
1747012250.3113637,-32,26,253
1747012250.3473637,79,0,69
1747012250.382363,59,7,-54
1747012250.418363,-36,38,47
1747012250.4533634,0,-6,21
1747012250.4883633,51,45,123
1747012250.5233634,126,82,-22
1747012250.5593634,60,-17,145
1747012250.5953634,-55,-35,45
1747012250.6303637,6,-25,3
1747012250.6663637,-55,-9,57
1747012250.701363,20,-5,99
1747012250.7363634,-16,61,93
1747012250.7713633,16,-45,187
1747012250.8073633,31,-81,111
1747012250.8433633,-44,26,-14
1747012250.8783634,-42,48,123
1747012250.9143634,79,-19,155
1747012250.9493637,52,22,25
1747012250.9843633,24,-45,125
1747012251.0193634,-60,0,85
1747012251.0553634,49,75,51
1747012251.0913634,83,51,85
1747012251.1263633,-14,43,89
1747012251.1623633,82,51,85
1747012251.1973634,0,71,73
1747012251.2323637,-30,11,15
1747012251.2673633,-10,-32,39
1747012251.303363,-54,39,11
1747012251.339363,-50,67,57
1747012251.3743634,-31,-42,107
1747012251.4103634,-24,-52,107
1747012251.4453633,-2,47,7
1747012251.4803634,66,15,72
1747012251.5153637,84,-28,39
1747012251.5513637,14,-16,66
1747012251.5873632,97,-51,129
1747012251.622363,0,18,215
1747012251.658363,-40,35,210
1747012251.6933634,47,32,80
1747012251.7283633,67,4,2
1747012251.7633634,63,26,132
1747012251.7993634,-26,58,0
1747012251.8353634,-61,35,100
1747012251.8703637,-24,-17,8
1747012251.9063632,-20,-39,56
1747012251.941363,3,-15,90
1747012251.9763634,-24,-17,70
1747012252.0113633,22,-11,160
1747012252.0473633,-9,-45,98
1747012252.0833633,-37,24,66
1747012252.1183634,19,-19,132
1747012252.1543634,-62,-15,122
1747012252.1893632,-21,9,2
1747012252.224363,12,8,-29
1747012252.2593634,-1,-23,88
1747012252.2953634,-51,-19,82
1747012252.3313634,51,48,144
1747012252.3663633,-18,58,68
1747012252.4023633,-69,-27,46
1747012252.4373634,78,-65,76
1747012252.4723637,-17,4,114
1747012252.507363,-5,-29,76
1747012252.543363,-13,-51,36
1747012252.579363,73,-91,93
1747012252.6143634,27,36,-10
1747012252.6503634,10,44,23
1747012252.6853633,-31,-48,47
1747012252.7203634,32,-86,-12
1747012252.7553637,17,28,91
1747012252.7913637,-7,8,33
1747012252.8273633,-17,70,139
1747012252.862363,-11,22,180
1747012252.8983634,26,-11,30
1747012252.9333634,22,18,-47
1747012252.9683633,30,-11,76
1747012253.0043633,2,44,82
1747012253.0393634,-33,38,148
1747012253.0753634,-31,-21,22
1747012253.1103632,28,62,72
1747012253.1463633,58,-24,17
1747012253.181363,62,-83,119
1747012253.2163634,-46,6,91
1747012253.2523634,-16,-45,69
1747012253.2873633,29,48,73
1747012253.3233633,-112,11,79
1747012253.3583634,-108,35,61
1747012253.3943634,13,21,75
1747012253.4293633,36,54,-2
1747012253.464363,-47,-37,51
1747012253.500363,-10,-47,47
1747012253.5353634,-24,40,49
1747012253.5713634,0,50,81
1747012253.6063633,-3,8,35
1747012253.6423633,62,-9,7
1747012253.6773634,-79,-55,105
1747012253.7123632,-27,60,21
1747012253.7483633,-9,-23,35
1747012253.783363,26,34,233
1747012253.8193634,31,-11,39
1747012253.8543634,-68,-19,111
1747012253.8903637,-7,-31,115
1747012253.9253633,-37,32,29
1747012253.9603634,20,-25,-36
1747012253.9963634,70,66,15
1747012254.0313632,58,42,47
1747012254.0673633,0,66,25
1747012254.102363,-30,-15,105
1747012254.1383634,1,-45,109
1747012254.1733634,-54,20,91
1747012254.2083633,-82,-3,57
1747012254.2443633,27,-5,7
1747012254.2793634,-26,24,203
1747012254.3153634,-14,-33,205
1747012254.3503633,43,-33,133
1747012254.3863633,15,14,119
1747012254.4213634,19,40,31
1747012254.4563634,-66,-51,129
1747012254.4923637,5,-25,-24
1747012254.5273633,-50,-19,183
1747012254.5633633,4,2,73
1747012254.5983634,-8,-19,39
1747012254.6333632,61,-41,133
1747012254.668363,-20,6,167
1747012254.704363,53,-26,-2
1747012254.7403634,-34,1,23
1747012254.7753634,20,-65,117
1747012254.8113637,9,31,121
1747012254.8463633,40,-129,35
1747012254.8813634,32,-24,31
1747012254.9163637,56,-73,171
1747012254.9523633,42,20,83
1747012254.9883633,0,-91,83
1747012255.0233634,-21,-25,117
1747012255.0593634,0,43,79
1747012255.0943637,-3,-43,11
1747012255.1293633,-30,17,51
1747012255.1643634,19,-98,81
1747012255.2003634,23,0,97
1747012255.2363634,-56,-38,145
1747012255.2783637,57,31,155
1747012255.3153634,23,-24,-8
1747012255.3503633,-40,5,143
1747012255.385363,75,-9,129
1747012255.4203634,33,46,-18
1747012255.4563634,-8,-73,9
1747012255.4923637,-8,-7,93
1747012255.5273633,6,32,51
1747012255.5633633,-25,-1,59
1747012255.5983634,4,112,-2
1747012255.6333632,4,-36,3
1747012255.668363,-87,62,101
1747012255.704363,45,15,107
1747012255.7403634,-26,31,111
1747012255.7753634,7,19,51
1747012255.8113637,3,-40,107
1747012255.8463633,-30,7,-20
1747012255.8813634,13,-32,173
1747012255.9163637,-34,-108,-34
1747012255.9523633,11,15,144
1747012255.9883633,13,43,52
1747012256.0233634,-38,-35,26
1747012256.0593634,-44,24,67
1747012256.0943637,45,58,-4
1747012256.1293633,-32,-23,5
1747012256.1643634,-42,10,43
1747012256.2003634,5,-55,-32
1747012256.2363634,-64,-63,9
1747012256.2713633,48,18,233
1747012256.3073633,104,-50,116
1747012256.3423634,32,0,122
1747012256.3773634,15,112,169
1747012256.4123633,19,-60,61
1747012256.4483633,-10,-26,-36
1747012256.4843633,11,40,110
1747012256.5193634,51,0,36
1747012256.5553634,7,18,184
1747012256.5903633,-70,-9,214
1747012256.625363,-16,-31,18
1747012256.6603634,23,0,90
1747012256.6963634,-110,96,-85
1747012256.7323637,-78,-21,86
1747012256.7673633,-42,38,62
1747012256.803363,15,-30,28
1747012256.8383634,1,-5,70
1747012256.8733633,-14,-32,10
1747012256.908363,15,-13,8
1747012256.9443634,35,34,70
1747012256.9803634,9,46,134
1747012257.0153637,2,20,20
1747012257.0513637,44,-6,86
1747012257.0863633,2,33,192
1747012257.1213634,2,-25,108
1747012257.1563632,46,-21,-45
1747012257.1923633,-33,40,150
1747012257.2283633,24,44,-23
1747012257.2633634,-13,40,10
1747012257.2993634,4,20,-13
1747012257.3343637,-30,-22,140
1747012257.3693633,-48,-2,14
1747012257.4043634,29,-15,94
1747012257.4403634,33,-26,104
1747012257.4763634,-24,37,90
1747012257.5113633,-56,-38,138
1747012257.5473633,-10,129,150
1747012257.5823634,-12,13,-63
1747012257.6173637,-66,-44,144
1747012257.6523633,27,27,156
1747012257.6883633,-32,24,26
1747012257.724363,-36,0,66
1747012257.7593634,27,-50,72
1747012257.7953634,5,-58,126
1747012257.8303633,-28,65,6
1747012257.8653634,-142,22,131
1747012257.9013634,-2,-43,205
1747012257.9363637,-29,3,9
1747012257.9723637,-83,-6,101
1747012258.007363,-71,35,-6
1747012258.043363,6,35,93
1747012258.0783634,-21,-22,73
1747012258.1133633,-68,4,61
1747012258.1493633,-15,20,53
1747012258.1843634,-103,8,77
1747012258.2203634,73,44,57
1747012258.2553637,-87,8,48
1747012258.2913637,-16,-17,59
1747012258.326363,-12,60,110
1747012258.3613634,29,2,58
1747012258.3973634,-84,28,140
1747012258.4323633,61,67,108
1747012258.4683633,35,20,20
1747012258.5033634,101,20,0
1747012258.5393634,113,36,-5
1747012258.5743637,29,46,24
1747012258.6093633,87,14,112
1747012258.645363,17,-58,118
1747012258.6803634,-8,-76,92
1747012258.7163634,-80,45,204
1747012258.7513633,13,-20,115
1747012258.7873633,23,-10,47
1747012258.8223634,-40,52,71
1747012258.8573637,35,-64,35
1747012258.8933637,47,-63,65
1747012258.928363,-78,-14,73
1747012258.964363,-49,130,211
1747012258.9993634,-42,8,73
1747012259.0353634,1,0,101
1747012259.0703633,-44,46,53
1747012259.1053634,43,-31,105
1747012259.1413634,27,-23,119
1747012259.1763637,-29,0,91
1747012259.2123632,15,-11,66
1747012259.247363,35,21,79
1747012259.283363,15,75,37
1747012259.3183634,-30,85,69
1747012259.3533633,11,-32,165
1747012259.3893633,-22,77,43
1747012259.4243634,-12,5,49
1747012259.4603634,-20,-22,183
1747012259.4953637,-24,-6,-2
1747012259.5313632,47,-20,63
1747012259.566363,22,-17,79
1747012259.6013634,2,0,151
1747012259.6373634,-38,-13,35
1747012259.6723633,-11,-12,127
1747012259.7083633,-32,13,-12
1747012259.7433634,-62,15,-36
1747012259.7793634,41,37,23
1747012259.8153634,-74,-28,141
1747012259.8513634,19,9,71
1747012259.8873634,37,32,151
1747012259.9223633,-8,48,27
1747012259.9573634,33,14,13
1747012259.9933634,48,-32,117
1747012260.0293634,-7,-4,55
1747012260.0643632,32,31,3
1747012260.1003633,6,-4,91
1747012260.135363,-20,-54,85
1747012260.1703634,19,27,35
1747012260.2053633,-43,-55,265
1747012260.2413633,-7,0,173
1747012260.2773633,33,23,43
1747012260.3123634,-28,19,39
1747012260.3483634,-9,40,9
1747012260.3833632,36,46,1
1747012260.418363,47,-27,65
1747012260.4533634,84,30,55
1747012260.4893634,53,-43,15
1747012260.5253634,-29,-105,55
1747012260.5603633,42,-9,13
1747012260.5963633,-3,58,107
1747012260.6313634,-53,14,59
1747012260.6663637,33,-19,157
1747012260.701363,-62,-47,-42
1747012260.737363,45,-11,91
1747012260.7733634,-1,-65,81
1747012260.8083634,46,34,29
1747012260.8443637,-41,-1,115
1747012260.8793633,52,31,69
1747012260.9143634,48,75,85
1747012260.9493637,16,-72,31
1747012260.9853632,122,35,91
1747012261.0213633,30,23,109
1747012261.056363,-49,51,-8
1747012261.0923634,-63,-5,167
1747012261.1273634,-8,-29,17
1747012261.1623633,107,-7,81
1747012261.1973634,-28,-23,95
1747012261.2333634,-48,2,13
1747012261.2693634,-72,52,115
1747012261.3043633,63,-23,21
1747012261.3403633,-30,-38,9
1747012261.375363,-98,5,11
1747012261.4103634,1,37,41
1747012261.4453633,83,38,113
1747012261.4813633,-45,-28,173
1747012261.5173633,-6,-1,-94
1747012261.5523634,41,27,59
1747012261.5883634,125,-4,-54
1747012261.6233633,52,9,41
1747012261.658363,-24,8,125
1747012261.6933634,-10,0,129
1747012261.7293634,29,-10,171
1747012261.7653637,35,-33,33
1747012261.8003633,41,9,63
1747012261.8363633,36,-3,-36
1747012261.8713634,28,-9,45
1747012261.9063632,57,30,27
1747012261.941363,-14,18,95
1747012261.9783633,-6,-11,-20
1747012262.0133634,21,-30,131
1747012262.0493634,3,21,33
1747012262.0853634,3,38,159
1747012262.1203637,15,0,5
1747012262.1563632,49,0,27
1747012262.191363,-48,17,127
1747012262.2263634,15,11,151
1747012262.2613633,-32,61,-6
1747012262.2973633,-14,-90,123
1747012262.3333633,-46,-28,61
1747012262.3683634,-6,-14,217
1747012262.4043634,-32,22,95
1747012262.4393632,13,-41,125
1747012262.474363,-66,-37,97
1747012262.5093634,-24,-19,89
1747012262.5453634,17,-34,45
1747012262.5813634,21,22,117
1747012262.6163633,45,-10,47
1747012262.6523633,-60,3,179
1747012262.6873634,1,36,87
1747012262.7223637,43,23,191
1747012262.757363,-4,-56,-34
1747012262.793363,23,41,109
1747012262.829363,3,-114,99
1747012262.8643634,-66,-8,115
1747012262.9003634,-22,0,59
1747012262.9353633,-18,45,179
1747012262.9703634,28,-46,121
1747012263.0063634,34,0,129
1747012263.0413637,-69,-24,61
1747012263.0773633,-54,-53,139
1747012263.112363,8,107,101
1747012263.1483634,-18,25,7
1747012263.1833634,-10,3,-54
1747012263.2183633,31,-28,-42
1747012263.2543633,41,-72,0
1747012263.2893634,-47,-68,57
1747012263.3253634,34,-10,135
1747012263.3603632,8,61,122
1747012263.3963633,20,-92,147
1747012263.431363,16,3,75
1747012263.4663634,32,-12,66
1747012263.5023634,-2,-50,34
1747012263.5373633,37,-3,6
1747012263.5733633,-62,-35,98
1747012263.6083634,45,50,16
1747012263.6443634,-17,21,18
1747012263.6793633,-31,-64,29
1747012263.714363,-59,21,127
1747012263.750363,-45,85,79
1747012263.7853634,-47,-18,45
1747012263.8213634,45,-53,69
1747012263.8563633,-25,-28,125
1747012263.8923633,34,-92,3
1747012263.9273634,-3,-4,117
1747012263.9623632,-31,39,-94
1747012263.9983633,69,59,17
1747012264.033363,-24,-48,137
1747012264.0693634,-26,4,37
1747012264.1043634,13,36,23
1747012264.1403637,71,-83,45
1747012264.1753633,38,55,53
1747012264.2103634,-23,1,135
1747012264.2463634,-46,14,125
1747012264.2813632,8,-28,67
1747012264.3173633,36,-46,35
1747012264.352363,69,-9,67
1747012264.3883634,33,-29,135
1747012264.4233634,-48,-15,103
1747012264.4583633,11,-11,97
1747012264.4943633,-28,-7,41
1747012264.5293634,-24,6,85
1747012264.5653634,83,-11,-60
1747012264.6003633,0,76,93
1747012264.6363633,33,-95,95
1747012264.6713634,30,-18,-122
1747012264.7063634,-3,5,105
1747012264.7423637,-73,19,-106
1747012264.7773633,44,35,101
1747012264.8133633,-59,-21,39
1747012264.8483634,29,8,181
1747012264.8833632,33,46,27
1747012264.918363,-42,58,87
1747012264.954363,51,22,79
1747012264.9903634,-1,-3,71
1747012265.0253634,0,-11,33
1747012265.0613637,76,36,19
1747012265.0963633,-16,-39,-140
1747012265.1313634,-40,-21,0
1747012265.1663637,93,24,13
1747012265.2023633,-19,47,25
1747012265.2383633,-26,-4,125
1747012265.280363,11,8,-34
1747012265.3173633,23,12,97
1747012265.352363,-42,-27,59
1747012265.3873634,25,2,17
1747012265.4223633,2,8,235
1747012265.4583633,94,-1,71
1747012265.4943633,22,15,109
1747012265.5293634,-63,-7,31
1747012265.5653634,73,1,59
1747012265.6003633,37,-9,141
1747012265.635363,-11,50,177
1747012265.6703634,69,6,77
1747012265.7063634,-60,-23,137
1747012265.7423637,25,-11,69
1747012265.7773633,-38,-23,209
1747012265.8133633,-2,-93,59
1747012265.8483634,19,3,153
1747012265.8833632,83,-100,-48
1747012265.918363,23,-26,31
1747012265.954363,36,153,53
1747012265.9903634,25,-21,149
1747012266.0253634,-10,-3,-10
1747012266.0613637,1,-3,57
1747012266.0963633,59,10,159
1747012266.1313634,31,28,33
1747012266.1663637,-12,-67,-24
1747012266.2023633,43,10,3
1747012266.2383633,11,-45,87
1747012266.2733634,5,-19,55
1747012266.3093634,9,50,25
1747012266.3443637,41,0,57
1747012266.3793633,-27,-26,67
1747012266.4143634,-34,-41,191
1747012266.4503634,-16,-11,9
1747012266.4863634,47,74,99
1747012266.5213633,29,-29,13
1747012266.5573633,43,56,-16
1747012266.5923634,49,-5,89
1747012266.6273634,32,0,-36
1747012266.6623633,-118,24,45
1747012266.6983633,-27,-79,191
1747012266.7343633,13,-39,23
1747012266.7693634,-62,-79,167
1747012266.8053634,-108,72,-4
1747012266.8403633,120,3,79
1747012266.875363,-34,-8,33
1747012266.9103634,47,-3,45
1747012266.9463634,17,8,75
1747012266.9823637,-9,-27,47
1747012267.0173633,-33,-9,-88
1747012267.053363,-11,0,35
1747012267.0883634,64,-23,1
1747012267.1233633,-11,18,77
1747012267.158363,-15,20,135
1747012267.1943634,-123,-67,43
1747012267.2303634,16,10,145
1747012267.2653637,18,72,231
1747012267.3013637,33,8,129
1747012267.3363633,15,9,60
1747012267.3713634,43,55,148
1747012267.4063632,-37,-22,90
1747012267.4423633,38,-6,30
1747012267.4783633,12,57,-7
1747012267.5133634,-61,-96,30
1747012267.5493634,-26,0,164
1747012267.5843637,63,20,168
1747012267.6193633,-32,42,112
1747012267.6543634,-5,-10,78
1747012267.6903634,-69,49,86
1747012267.7263634,-49,17,84
1747012267.7613633,29,25,94
1747012267.7973633,-34,28,38
1747012267.8323634,29,111,-3
1747012267.8673637,37,43,88
1747012267.9023633,-28,0,38
1747012267.9383633,45,-8,48
1747012267.974363,73,-24,132
1747012268.0093634,3,-119,-97
1747012268.0453634,23,16,88
1747012268.0803633,-5,-20,172
1747012268.1153634,-65,-74,22
1747012268.1513634,-38,-23,82
1747012268.1863637,-92,-65,72
1747012268.2223637,55,-8,14
1747012268.257363,51,-67,92
1747012268.293363,1,32,48
1747012268.3283634,-35,-66,26
1747012268.3633633,-19,-61,58
1747012268.3993633,-43,-44,22
1747012268.4343634,-25,-45,50
1747012268.4703634,39,-37,62
1747012268.5053637,29,66,8
1747012268.5413637,-50,76,160
1747012268.576363,-40,10,0
1747012268.6113634,-54,20,40
1747012268.6473634,-32,8,22
1747012268.6823633,-36,48,126
1747012268.7183633,11,38,-19
1747012268.7533634,-38,-25,-3
1747012268.7893634,19,-24,44
1747012268.8243637,49,-13,106
1747012268.8593633,85,47,-5
1747012268.895363,31,-54,128
1747012268.9303634,1,-12,130
1747012268.9663634,20,12,106
1747012269.0013633,-2,45,62
1747012269.0373633,110,38,116
1747012269.0723634,-35,-35,-1
1747012269.1073637,-63,68,160
1747012269.1433637,-117,-31,78
1747012269.178363,-69,6,92
1747012269.214363,22,38,96
1747012269.2493634,62,-55,134
1747012269.2853634,28,-17,78
1747012269.3203633,63,-1,24
1747012269.3553634,-22,8,14
1747012269.3913634,25,12,92
1747012269.4263637,-54,42,98
1747012269.4623632,-48,-59,196
1747012269.497363,15,48,74
1747012269.533363,-16,58,36
1747012269.5683634,-16,-11,-43
1747012269.6033633,53,22,62
1747012269.6393633,29,44,98
1747012269.6743634,-4,-3,22
1747012269.7103634,0,-58,34
1747012269.7453637,-38,-6,144
1747012269.7813632,51,25,172
1747012269.8173633,-56,-26,72
1747012269.8533633,-9,-24,58
1747012269.8893633,83,-30,120
1747012269.9243634,10,-64,4
1747012269.9593637,88,29,-7
1747012269.9953637,-88,3,84
1747012270.0313632,38,-37,30
1747012270.066363,-69,-5,46
1747012270.102363,6,6,226
1747012270.1373634,-19,-5,6
1747012270.1723633,94,10,128
1747012270.2073634,-52,-51,74
1747012270.2433634,-78,-5,172
1747012270.2793634,53,-1,-17
1747012270.3143632,87,16,100
1747012270.3503633,76,49,73
1747012270.385363,-41,-21,31
1747012270.4203634,2,-39,83
1747012270.4553633,-20,-39,129
1747012270.4913633,12,27,21
1747012270.5273633,45,46,17
1747012270.5623634,-17,37,-22
1747012270.5983634,103,-65,125
1747012270.6333632,-24,-51,81
1747012270.668363,-112,-37,13
1747012270.7033634,-44,54,169
1747012270.7393634,-80,36,-18
1747012270.7753634,19,-35,0
1747012270.8103633,59,-27,-12
1747012270.8463633,0,12,141
1747012270.8813634,-55,42,87
1747012270.9163637,-47,-8,135
1747012270.951363,-13,-16,39
1747012270.987363,-11,17,67
1747012271.0233634,54,-19,177
1747012271.0583634,-21,4,3
1747012271.0943637,-47,16,109
1747012271.1293633,-31,36,101
1747012271.1643634,-44,7,-4
1747012271.1993637,-20,25,179
1747012271.2353632,12,-33,53
1747012271.2713633,-34,11,53
1747012271.306363,28,18,215
1747012271.3423634,-7,96,99
1747012271.3773634,-61,-41,61
1747012271.4123633,-9,10,125
1747012271.4473634,18,-24,67
1747012271.4833634,-49,-2,1
1747012271.5193634,-41,-42,-46
1747012271.5543633,5,-10,75
1747012271.5903633,79,-56,23
1747012271.625363,10,-20,61
1747012271.6603634,20,5,73
1747012271.6953633,-68,-3,-10
1747012271.7313633,-15,-3,63
1747012271.7673633,2,-39,51
1747012271.8023634,90,20,107
1747012271.8383634,12,-9,-14
1747012271.8733633,-14,26,133
1747012271.908363,-42,-35,103
1747012271.9433634,-59,-69,139
1747012271.9793634,-20,-51,49
1747012272.0153637,7,-81,61
1747012272.0503633,-29,-3,45
1747012272.0863633,8,-51,-18
1747012272.1213634,2,17,-22
1747012272.1563632,4,9,75
1747012272.191363,30,19,103
1747012272.227363,96,-8,35
1747012272.2633634,-84,27,97
1747012272.2983634,-53,3,132
1747012272.3343637,4,-64,170
1747012272.3693633,13,45,130
1747012272.4043634,91,56,134
1747012272.4393632,-19,-30,18
1747012272.4753633,81,-38,24
1747012272.5113633,-84,-6,110
1747012272.5463634,23,0,102
1747012272.5823634,51,20,60
1747012272.6173637,95,-61,-21
1747012272.6523633,-74,-13,-25
1747012272.6873634,-54,34,-5
1747012272.7233634,65,-31,68
1747012272.7593634,0,-11,38
1747012272.7943633,21,14,34
1747012272.8303633,-25,3,94
1747012272.8653634,-29,-32,60
1747012272.9003634,-79,-65,90
1747012272.9353633,-6,18,20
1747012272.9713633,-4,4,8
1747012273.007363,65,-95,26
1747012273.0423634,51,-13,18
1747012273.0783634,-6,34,47
1747012273.1133633,1,-81,117
1747012273.1483634,-2,-43,35
1747012273.1843634,62,0,115
1747012273.2193637,-29,-3,69
1747012273.2553637,-5,16,-20
1747012273.2903633,-6,14,198
1747012273.326363,36,-11,12
1747012273.3613634,8,-27,6
1747012273.3963633,24,18,132
1747012273.4323633,-35,-12,156
1747012273.4673634,20,-48,112
1747012273.5033634,-21,1,-21
1747012273.5383637,32,-29,92
1747012273.5743637,-70,-3,50
1747012273.6093633,23,10,106
1747012273.6443634,61,10,80
1747012273.6803634,13,-35,54
1747012273.7153633,5,-23,-27
1747012273.7513633,21,94,142
1747012273.7863634,25,-13,166
1747012273.8223634,-56,-67,118
1747012273.8573637,-16,4,132
1747012273.8923633,-37,6,38
1747012273.928363,47,-21,75
1747012273.9633634,4,80,30
1747012273.9993634,52,134,93
1747012274.0343633,62,42,-36
1747012274.0703633,-20,-47,57
1747012274.1053634,-67,-11,-48
1747012274.1403637,-5,-5,196
1747012274.1763637,-30,-7,60
1747012274.2113633,8,-7,218
1747012274.247363,-25,28,131
1747012274.2823634,26,-13,51
1747012274.3173633,48,84,25
1747012274.352363,38,0,107
1747012274.3883634,22,42,47
1747012274.4243634,5,10,25
1747012274.4593637,48,14,37
1747012274.4953637,12,16,45
1747012274.530363,40,46,127
1747012274.566363,99,58,61
1747012274.6013634,-1,-34,173
1747012274.6363633,32,23,49
1747012274.6723633,39,-35,-2
1747012274.7073634,-17,10,141
1747012274.7433634,-46,80,53
1747012274.7783637,3,78,77
1747012274.8143632,54,2,209
1747012274.849363,10,-22,153
1747012274.8843634,9,32,-64
1747012274.9203634,-52,60,33
1747012274.9553633,35,26,137
1747012274.9913633,98,-47,21
1747012275.0263634,-35,52,179
1747012275.0613637,13,6,157
1747012275.0963633,-8,-23,109
1747012275.132363,-9,70,-16
1747012275.168363,-19,-43,-24
1747012275.2033634,-89,10,125
1747012275.2393634,18,62,31
1747012275.2813632,-41,-3,21
1747012275.3173633,1,49,-12
1747012275.352363,63,-4,75
1747012275.3883634,23,-2,-58
1747012275.4243634,-65,25,0
1747012275.4593637,17,-18,0
1747012275.4953637,32,-20,104
1747012275.530363,19,13,90
1747012275.5653634,12,64,192
1747012275.6003633,4,47,106
1747012275.6363633,80,31,-11
1747012275.6723633,-19,-4,82
1747012275.7073634,-19,-94,4
1747012275.7433634,44,-8,30
1747012275.7783637,-17,-50,50
1747012275.8133633,-39,1,136
1747012275.8483634,79,-10,-49
1747012275.8843634,111,-44,110
1747012275.9203634,5,-56,-9
1747012275.9553633,-14,-98,110
1747012275.9913633,-65,-2,92
1747012276.0263634,68,-26,128
1747012276.0613637,-148,36,164
1747012276.0963633,27,0,176
1747012276.132363,53,49,45
1747012276.168363,-8,10,58
1747012276.2033634,33,47,115
1747012276.2393634,-11,-28,116
1747012276.2743633,0,41,116
1747012276.3093634,51,-13,86
1747012276.3443637,8,5,12
1747012276.3803637,-27,35,186
1747012276.4163637,50,-110,152
1747012276.451363,36,107,64
1747012276.487363,46,69,-5
1747012276.5223634,34,-22,24
1747012276.5573633,-30,-1,92
1747012276.5923634,-51,3,146
1747012276.6283634,-26,-14,188
1747012276.6643634,-34,45,128
1747012276.6993637,-1,-46,34
1747012276.7353632,-26,-21,12
1747012276.770363,27,26,44
1747012276.8053634,45,16,-11
1747012276.8403633,25,-95,142
1747012276.8763633,36,-62,140
1747012276.9123633,8,7,102
1747012276.9473634,-74,39,42
1747012276.9833634,35,-56,132
1747012277.0183637,39,3,50
1747012277.053363,13,-37,50
1747012277.0883634,57,22,156
1747012277.1243634,27,22,132
1747012277.1603634,-100,44,130
1747012277.1953633,47,34,20
1747012277.2313633,-104,104,108
1747012277.2663634,-6,38,64
1747012277.3013637,-47,-68,56
1747012277.3363633,-13,19,66
1747012277.372363,12,13,-19
1747012277.408363,-19,-3,-43
1747012277.4433634,-25,-31,126
1747012277.4793634,-17,-21,-125
1747012277.5143633,27,1,102
1747012277.5493634,-29,-117,18
1747012277.5843637,-101,13,48
1747012277.6203637,-3,39,268
1747012277.6563632,10,-32,12
1747012277.691363,-9,47,12
1747012277.727363,5,-9,-37
1747012277.7623634,-76,56,44
1747012277.7973633,27,8,4
1747012277.8323634,20,16,22
1747012277.8683634,-33,-1,70
1747012277.9043634,21,6,-5
1747012277.9393632,-72,38,82
1747012277.9753633,-40,32,58
1747012278.010363,-6,-33,92
1747012278.0453634,-26,-53,160
1747012278.0803633,-33,-40,108
1747012278.1163633,-85,-18,92
1747012278.1523633,66,49,146
1747012278.1873634,13,60,-31
1747012278.2233634,76,-105,132
1747012278.2583632,21,-39,-21
1747012278.293363,35,36,134
1747012278.329363,-50,-5,40
1747012278.3643634,-30,8,74
1747012278.4003634,-4,-9,70
1747012278.4353633,-56,54,100
1747012278.4713633,-44,8,52
1747012278.5063634,28,43,140
1747012278.5413637,39,-21,28
1747012278.5773633,-14,-31,42
1747012278.612363,49,-20,50
1747012278.6483634,8,-37,114
1747012278.6833634,60,-3,62
1747012278.7193637,-34,52,106
1747012278.7543633,-26,-5,44
1747012278.7893634,-84,18,124
1747012278.8253634,-54,8,163
1747012278.8603632,63,0,93
1747012278.8963633,43,18,7
1747012278.931363,47,66,127
1747012278.9673634,1,4,201
1747012279.0023634,59,-71,241
1747012279.0373633,17,20,99
1747012279.0733633,43,-21,85
1747012279.1083634,-42,-29,18
1747012279.1443634,29,52,48
1747012279.1793633,15,-27,138
1747012279.2153633,33,18,54
1747012279.250363,117,42,112
1747012279.2853634,47,112,42
1747012279.3213634,-38,-13,102
1747012279.3563633,-18,0,98
1747012279.3923633,34,3,98
1747012279.4273634,34,-58,136
1747012279.4633634,2,-17,14
1747012279.4983633,14,-74,124
1747012279.533363,26,6,40
1747012279.5693634,6,2,100
1747012279.6043634,-3,-1,-29
1747012279.6403637,28,-16,214
1747012279.6753633,-97,-38,110
1747012279.7113633,18,-8,-93
1747012279.7463634,2,19,126
1747012279.7813632,-16,-9,-13
1747012279.8173633,15,-3,274
1747012279.852363,-28,-56,-73
1747012279.8883634,3,-33,156
1747012279.9233634,23,64,-24
1747012279.9593637,-24,-27,119
1747012279.9943633,-22,16,-2
1747012280.0293634,-14,-9,133
1747012280.0653634,1,-37,-4
1747012280.1003633,1,56,-18
1747012280.1363633,27,60,79
1747012280.1713634,-74,-8,57
1747012280.2063634,-22,5,1
1747012280.2413633,-39,-71,181
1747012280.2773633,72,16,9
1747012280.3133633,-177,-43,115
1747012280.3483634,-71,16,197
1747012280.3843634,24,6,91
1747012280.4193633,11,-1,49
1747012280.454363,24,42,21
1747012280.4893634,93,-53,191
1747012280.5253634,-9,86,31
1747012280.5613637,-1,54,101
1747012280.5963633,85,26,59
1747012280.632363,-22,38,113
1747012280.6673634,-42,-83,55
1747012280.7023633,-16,38,-54
1747012280.737363,0,-75,77
1747012280.7733634,3,-61,45
1747012280.8093634,77,-9,-12
1747012280.8443637,-16,28,107
1747012280.8803637,0,-62,103
1747012280.9153633,-34,-24,-23
1747012280.9503634,86,74,60
1747012280.9853632,13,61,66
1747012281.0213633,-21,62,2
1747012281.0573633,-27,0,102
1747012281.0923634,17,28,86
1747012281.1283634,19,50,26
1747012281.1633637,51,50,134
1747012281.1983633,-34,-49,52
1747012281.2333634,11,0,16
1747012281.2693634,97,-3,174
1747012281.3053634,57,-75,116
1747012281.3403633,-32,30,128
1747012281.3763633,-141,-45,116
1747012281.4113634,2,-23,92
1747012281.4463634,-43,30,-35
1747012281.4813633,-24,-74,56
1747012281.5173633,-58,49,76
1747012281.553363,-30,-7,184
1747012281.5883634,-24,-49,-13
1747012281.6243634,39,-103,18
1747012281.6593633,92,-3,116
1747012281.6943634,24,-7,96
1747012281.7293634,63,-61,10
1747012281.7653637,82,2,110
1747012281.8013637,-130,-36,40
1747012281.8363633,41,15,16
1747012281.872363,-64,-43,4
1747012281.9073634,-20,-63,14
1747012281.9423633,-62,50,156
1747012281.977363,14,36,44
1747012282.0133634,17,36,6
1747012282.0493634,3,-31,74
1747012282.0843637,41,52,126
1747012282.1203637,77,10,44
1747012282.155363,-40,-67,142
1747012282.1903634,19,32,49
1747012282.2253633,-22,-6,126
1747012282.2613633,25,9,42
1747012282.2973633,17,-6,52
1747012282.3323634,25,45,18
1747012282.3683634,-26,-62,82
1747012282.4033637,-60,-56,252
1747012282.4383633,-28,12,100
1747012282.4733634,-16,-28,60
1747012282.5093634,-4,-10,122
1747012282.5453634,46,-70,132
1747012282.5803633,17,32,114
1747012282.6163633,51,-24,92
1747012282.6513634,-30,-20,-17
1747012282.6863637,-15,1,108
1747012282.7213633,31,-18,146
1747012282.757363,15,70,18
1747012282.793363,-50,0,90
1747012282.8283634,34,20,134
1747012282.8643634,-56,-45,122
1747012282.8993633,-39,14,102
1747012282.9343634,-13,32,108
1747012282.9693637,-17,-11,12
1747012283.0053637,36,-9,-17
1747012283.0413637,66,12,50
1747012283.076363,-63,-67,116
1747012283.112363,22,16,48
1747012283.1473634,38,-3,166
1747012283.1823633,23,-28,68
1747012283.2173634,21,-36,50
1747012283.2533634,22,31,128
1747012283.2893634,-38,-74,48
1747012283.3243637,-33,11,82
1747012283.3603632,-62,-34,126
1747012283.395363,26,-30,118
1747012283.4303634,8,-58,34
1747012283.4663634,-3,3,-9
1747012283.5013633,18,77,60
1747012283.5373633,-31,46,74
1747012283.5723634,-19,-35,108
1747012283.6083634,-13,32,16
1747012283.6433637,-69,-23,184
1747012283.678363,40,-36,114
1747012283.714363,16,-26,36
1747012283.7493634,-58,40,54
1747012283.7853634,-26,-49,56
1747012283.8203633,-6,32,204
1747012283.8563633,-80,16,62
1747012283.8913634,5,30,100
1747012283.9263637,19,-36,125
1747012283.9623632,21,109,49
1747012283.997363,1,3,111
1747012284.033363,-8,-90,83
1747012284.0683634,-56,9,59
1747012284.1043634,3,-68,59
1747012284.1393633,73,39,29
1747012284.1743634,-66,33,115
1747012284.2103634,17,-6,11
1747012284.2453637,63,-8,303
1747012284.2813632,18,13,70
1747012284.316363,-46,10,126
1747012284.352363,-14,-41,16
1747012284.3873634,29,-36,100
1747012284.4223633,-54,-16,220
1747012284.4583633,-38,13,-9
1747012284.4933634,25,-29,77
1747012284.5293634,-27,47,169
1747012284.5643632,-94,-22,103
1747012284.6003633,2,-28,-31
1747012284.635363,23,-44,34
1747012284.6703634,45,27,49
1747012284.7063634,108,31,57
1747012284.7413633,-102,-44,77
1747012284.7773633,-48,-18,-28
1747012284.8123634,3,49,17
1747012284.8483634,59,-82,0
1747012284.8833632,-10,31,147
1747012284.918363,-58,22,19
1747012284.954363,81,-43,183
1747012284.9893634,-90,-39,57
1747012285.0253634,-10,-71,75
1747012285.0603633,-90,27,39
1747012285.0963633,21,3,19
1747012285.132363,107,24,91
1747012285.168363,-52,-13,25
1747012285.204363,59,14,47
1747012285.2393634,57,27,-14
1747012285.2743633,9,12,91
1747012285.3173633,-90,-42,103
1747012285.3543634,67,35,53
1747012285.3893633,-14,-34,207
1747012285.4253633,-32,31,35
1747012285.4603634,-74,-26,209
1747012285.4953637,-9,-14,125
1747012285.530363,-65,47,89
1747012285.566363,-14,98,161
1747012285.602363,-34,-21,-30
1747012285.6373634,51,8,109
1747012285.6733634,97,-13,139
1747012285.7083633,-38,-47,-62
1747012285.7433634,42,-7,119
1747012285.7783637,0,7,85
1747012285.8143632,-19,-18,-8
1747012285.8503633,12,9,20
1747012285.885363,26,31,19
1747012285.9213634,126,6,125
1747012285.9563634,38,-21,97
1747012285.9913633,49,72,15
1747012286.0263634,23,32,31
1747012286.0623634,7,-7,67
1747012286.0983634,35,12,45
1747012286.1333632,-31,28,31
1747012286.1693633,-37,-21,81
1747012286.204363,-43,10,-8
1747012286.2393634,-51,-23,99
1747012286.2743633,-39,29,89
1747012286.3103633,50,27,35
1747012286.3463633,-95,-50,79
1747012286.3813634,-29,-32,103
1747012286.4173634,-4,15,1
1747012286.4523633,-84,-18,109
1747012286.487363,62,-12,131
1747012286.5223634,-41,-12,183
1747012286.5583634,79,-26,110
1747012286.5943637,-27,-54,106
1747012286.6293633,-28,37,176
1747012286.6653633,-28,-64,50
1747012286.7003634,99,-12,76
1747012286.7353632,0,-48,82
1747012286.770363,-9,-48,78
1747012286.806363,86,-48,56
1747012286.8423634,-85,-28,-15
1747012286.8773634,0,14,58
1747012286.9133637,4,-48,-53
1747012286.9483633,40,-40,108
1747012286.9833634,-21,-7,206
1747012287.0183637,16,-29,76
1747012287.0543633,24,-16,98
1747012287.0903633,10,1,54
1747012287.125363,12,-52,106
1747012287.1613634,44,26,100
1747012287.1963634,40,-5,8
1747012287.2313633,-21,-31,-65
1747012287.2663634,56,10,144
1747012287.3023634,-36,18,198
1747012287.3383634,32,-42,50
1747012287.3733633,79,-10,86
1747012287.4093633,15,-21,114
1747012287.4443634,-58,-15,114
1747012287.4793634,29,-53,82
1747012287.5143633,53,-43,120
1747012287.5503633,-43,35,54
1747012287.5863633,-61,-18,206
1747012287.6213634,70,0,2
1747012287.6573634,-61,-86,32
1747012287.6923633,56,-10,42
1747012287.727363,-37,-15,36
1747012287.7623634,48,40,41
1747012287.7983634,-31,24,75
1747012287.8343637,10,-19,79
1747012287.8693633,84,-32,-28
1747012287.905363,-61,0,137
1747012287.9403634,20,31,38
1747012287.9753633,126,21,144
1747012288.010363,-48,-71,20
1747012288.0463634,8,63,-42
1747012288.0823634,-24,6,60
1747012288.1173637,-32,0,100
1747012288.1533637,14,71,-27
1747012288.1883633,-9,-53,115
1747012288.2233634,94,11,47
1747012288.2583632,36,-59,61
1747012288.2943633,-31,-43,51
1747012288.3303633,46,29,39
1747012288.3653634,50,-12,171
1747012288.4013634,46,31,-6
1747012288.4363637,-40,16,103
1747012288.4713633,29,18,-8
1747012288.507363,56,71,51
1747012288.5423634,-20,90,97
1747012288.5783634,-13,19,189
1747012288.6133633,-29,0,121
1747012288.6493633,-33,-26,-104
1747012288.6843634,6,9,138
1747012288.7193637,-46,19,56
1747012288.7553637,-4,17,40
1747012288.7903633,34,21,50
1747012288.826363,56,5,-75
1747012288.8613634,24,47,128
1747012288.8973634,-2,4,120
1747012288.9323633,33,-35,54
1747012288.9673634,-92,-47,154
1747012289.0033634,-26,-55,-65
1747012289.0383637,46,-37,70
1747012289.0743637,-24,53,37
1747012289.1093633,15,-4,139
1747012289.145363,7,-40,31
1747012289.1803634,-28,-46,-42
1747012289.2153633,-54,-10,143
1747012289.2513633,-34,-46,-2
1747012289.2863634,3,21,65
1747012289.3223634,25,55,1
1747012289.3573637,17,-30,79
1747012289.3933637,-17,-8,29
1747012289.428363,20,-6,191
1747012289.4633634,48,29,129
1747012289.4993634,-1,-18,107
1747012289.5343633,65,5,-78
1747012289.5703633,33,11,-2
1747012289.6053634,27,-8,17
1747012289.6413634,-58,-18,221
1747012289.6763637,85,23,-14
1747012289.7113633,-2,0,-18
1747012289.747363,64,16,-10
1747012289.7823634,13,-10,51
1747012289.8183634,14,61,11
1747012289.8533633,44,15,121
1747012289.8893633,-49,-54,131
1747012289.9243634,47,-62,93
1747012289.9593637,28,3,9
1747012289.9953637,31,-16,51
1747012290.030363,-95,63,143
1747012290.066363,52,-66,145
1747012290.1013634,-51,19,259
1747012290.1373634,32,0,71
1747012290.1723633,-51,25,47
1747012290.2073634,14,-9,-20
1747012290.2433634,-53,-2,13
1747012290.2783637,-55,59,15
1747012290.3143632,32,81,92
1747012290.349363,-9,39,157
1747012290.3843634,-31,39,71
1747012290.4193633,102,-32,1
1747012290.4553633,26,-16,-24
1747012290.4913633,15,13,103
1747012290.5263634,-13,-18,73
1747012290.5623634,-29,3,143
1747012290.5973637,-31,29,122
1747012290.632363,32,19,70
1747012290.6673634,26,-29,76
1747012290.7033634,-47,16,150
1747012290.7393634,30,-17,172
1747012290.7743633,-41,66,126
1747012290.8103633,44,-97,60
1747012290.8453634,58,-29,76
1747012290.8803637,-7,4,96
1747012290.9153633,82,-33,42
1747012290.951363,-21,-12,98
1747012290.987363,-63,0,50
1747012291.0223634,12,-71,118
1747012291.0583634,99,66,50
1747012291.0933633,-58,-17,-139
1747012291.1283634,-32,-35,116
1747012291.1633637,-20,-20,72
1747012291.1993637,-81,43,72
1747012291.2353632,12,-18,128
1747012291.270363,-1,1,58
1747012291.306363,-13,31,22
1747012291.3413634,16,1,140
1747012291.3763633,-7,57,48
1747012291.4113634,-57,49,6
1747012291.4473634,12,-4,58
1747012291.4833634,20,-30,38
1747012291.5183637,-13,81,40
1747012291.5543633,34,15,98
1747012291.589363,-8,93,66
1747012291.6243634,-30,15,112
1747012291.6593633,-8,-52,50
1747012291.6953633,37,-52,122
1747012291.7313633,-8,2,92
1747012291.7663634,-66,47,84
1747012291.8023634,-36,-46,-29
1747012291.8373632,47,-42,124
1747012291.872363,17,83,118
1747012291.9073634,3,-98,-17
1747012291.9433634,-30,72,36
1747012291.9793634,43,-13,168
1747012292.0143633,0,-9,13
1747012292.0503633,17,-55,133
1747012292.0853634,46,-18,107
1747012292.1203637,-88,-16,35
1747012292.155363,31,-18,81
1747012292.191363,-76,24,41
1747012292.227363,-24,14,1
1747012292.2623634,81,-55,77
1747012292.2983634,24,24,38
1747012292.3333633,-101,-2,-37
1747012292.3683634,56,29,64
1747012292.4033637,56,61,12
1747012292.4393632,28,-18,96
1747012292.4753633,90,9,76
1747012292.510363,40,17,18
1747012292.5463634,-58,-34,32
1747012292.5813634,21,-17,134
1747012292.6163633,-5,-61,166
1747012292.6513634,19,27,66
1747012292.6873634,-105,-9,164
1747012292.7233634,84,8,98
1747012292.7583632,12,84,178
1747012292.7943633,-9,-71,46
1747012292.829363,-1,-9,88
1747012292.8643634,0,-27,152
1747012292.8993633,-30,3,136
1747012292.9353633,76,48,73
1747012292.9713633,18,52,-44
1747012293.0063634,-3,24,-12
1747012293.0423634,20,-13,27
1747012293.0773633,-51,52,37
1747012293.112363,8,12,37
1747012293.1473634,4,-23,-32
1747012293.1833634,-21,0,-30
1747012293.2193637,-49,52,91
1747012293.2543633,2,66,81
1747012293.2903633,-1,6,86
1747012293.3253634,-43,-25,-95
1747012293.3603632,28,-36,33
1747012293.395363,16,46,73
1747012293.431363,10,-5,95
1747012293.4673634,-23,28,67
1747012293.5023634,-23,-82,101
1747012293.5383637,-9,18,91
1747012293.5733633,-9,-1,33
1747012293.6083634,-61,-27,43
1747012293.6443634,16,66,129
1747012293.6793633,-31,11,-20
1747012293.7153633,-24,64,-114
1747012293.750363,23,-1,33
1747012293.7863634,-9,-13,79
1747012293.8213634,64,-5,131
1747012293.8563633,50,-1,121
1747012293.8923633,76,-16,67
1747012293.9273634,-15,-56,187
1747012293.9633634,48,-32,19
1747012293.9983633,-77,-70,79
1747012294.0343633,8,81,-2
1747012294.0693634,39,44,-44
1747012294.1043634,-19,13,23
1747012294.1403637,-1,9,135
1747012294.1753633,-33,5,105
1747012294.2113633,-62,28,37
1747012294.2463634,-10,-39,23
1747012294.2823634,-2,-21,129
1747012294.3173633,-19,-2,45
1747012294.352363,-11,-56,181
1747012294.3883634,-7,29,5
1747012294.4233634,-13,-48,121
1747012294.4593637,2,-10,107
1747012294.4943633,-89,9,101
1747012294.530363,-23,25,-33
1747012294.5653634,32,47,182
1747012294.6003633,50,-18,102
1747012294.6363633,23,-50,50
1747012294.6713634,38,-46,-17
1747012294.7073634,-1,9,112
1747012294.7423637,-37,-8,-19
1747012294.7783637,85,1,76
1747012294.8133633,-45,22,44
1747012294.8483634,-47,62,0
1747012294.8843634,-33,-41,74
1747012294.9193633,16,27,64
1747012294.9553633,70,-70,38
1747012294.9903634,39,0,80
1747012295.0263634,91,-37,42
1747012295.0613637,21,-6,118
1747012295.0963633,43,51,-59
1747012295.132363,-96,22,-37
1747012295.1673634,-88,28,8
1747012295.2033634,39,-25,108
1747012295.2383633,-24,6,54
1747012295.2743633,13,-53,54
1747012295.3103633,-26,-45,32
1747012295.352363,-76,-25,142
1747012295.3883634,-2,6,76
1747012295.4243634,-8,-23,4
1747012295.4603634,-76,10,0
1747012295.4953637,17,-56,46
1747012295.5313632,-40,23,93
1747012295.566363,5,71,143
1747012295.6013634,51,20,97
1747012295.6363633,3,-39,-28
1747012295.6723633,73,20,67
1747012295.7083633,-34,-65,44
1747012295.7433634,16,1,72
1747012295.7793634,-18,57,144
1747012295.8143632,1,-59,40
1747012295.849363,17,54,112
1747012295.8843634,-64,-5,12
1747012295.9203634,36,10,6
1747012295.9563634,90,-1,84
1747012295.9913633,40,14,-25
1747012296.0273633,-15,0,44
1747012296.0623634,-33,45,100
1747012296.0973637,20,-10,64
1747012296.132363,22,26,187
1747012296.168363,-29,52,39
1747012296.204363,-19,-15,-58
1747012296.2393634,-3,-19,111
1747012296.2753634,-11,57,-4
1747012296.3103633,2,47,-8
1747012296.3453634,65,52,41
1747012296.3803637,10,-41,85
1747012296.4163637,-1,-1,-18
1747012296.4523633,-71,-53,105
1747012296.487363,-93,-26,-20
1747012296.5233634,68,-92,101
1747012296.5583634,14,32,83
1747012296.5933633,12,-72,91
1747012296.6283634,14,29,75
1747012296.6643634,14,5,101
1747012296.7003634,-9,11,65
1747012296.7353632,-15,10,55
1747012296.7713633,-77,36,165
1747012296.806363,28,-33,159
1747012296.8413634,-67,4,131
1747012296.8763633,-11,25,-26
1747012296.9123633,-34,-61,61
1747012296.9483633,56,-49,103
1747012296.9833634,61,-39,-96
1747012297.0193634,74,16,55
1747012297.0543633,-86,10,89
1747012297.089363,-10,-11,143
1747012297.1243634,16,-7,105
1747012297.1603634,-21,72,191
1747012297.1963634,16,22,0
1747012297.2313633,-5,-83,-14
1747012297.2673633,-182,89,41
1747012297.3023634,72,16,103
1747012297.3373632,0,-41,103
1747012297.372363,-5,92,103
1747012297.408363,-49,-23,157
1747012297.4443634,-7,36,1
1747012297.4793634,16,-31,131
1747012297.5153637,-71,7,7
1747012297.5503633,-5,-30,19
1747012297.5853634,88,-10,135
1747012297.6203637,-21,-15,141
1747012297.6563632,14,3,109
1747012297.6923633,13,9,109
1747012297.727363,28,59,89
1747012297.7633634,41,15,63
1747012297.7983634,-65,48,97
1747012297.8333633,34,10,145
1747012297.8683634,7,-10,119
1747012297.9043634,43,27,169
1747012297.9403634,-68,-6,102
1747012297.9753633,-66,12,96
1747012298.0113633,-32,4,84
1747012298.0463634,-52,-5,18
1747012298.0813634,-10,21,180
1747012298.1163633,-75,43,32
1747012298.1523633,44,16,30
1747012298.1883633,57,5,170
1747012298.2233634,-48,89,78
1747012298.2593634,-37,35,110
1747012298.2943633,-59,-42,150
1747012298.329363,-34,-63,91
1747012298.3643634,0,-15,73
1747012298.4003634,-47,8,163
1747012298.4363637,-9,10,15
1747012298.4713633,-47,52,46
1747012298.507363,78,1,116
1747012298.5423634,-47,-18,4
1747012298.5773633,-69,-30,72
1747012298.6133633,38,59,88
1747012298.6483634,-71,11,52
1747012298.6843634,30,49,32
1747012298.7193637,33,-18,106
1747012298.7553637,66,-26,88
1747012298.7903633,6,-26,54
1747012298.8253634,56,29,126
1747012298.8613634,7,13,16
1747012298.8963633,24,50,90
1747012298.9323633,40,-39,128
1747012298.9673634,38,-89,156
1747012299.0033634,-1,16,89
1747012299.0383637,-13,-33,170
1747012299.0733633,-21,22,174
1747012299.1093633,-40,5,-3
1747012299.1443634,47,-72,37
1747012299.1803634,17,15,28
1747012299.2153633,-20,-42,62
1747012299.2513633,-4,-46,131
1747012299.2863634,-25,43,25
1747012299.3213634,-44,4,-28
1747012299.3573637,-24,26,-24
1747012299.3923633,3,-10,-28
1747012299.428363,47,30,157
1747012299.4633634,-40,-3,171
1747012299.4993634,6,-87,127
1747012299.5343633,-31,-99,57
1747012299.5693634,33,2,61
1747012299.6053634,-37,-2,13
1747012299.6403637,2,-110,135
1747012299.6763637,-63,-18,113
1747012299.7113633,-37,-18,17
1747012299.747363,-14,29,49
1747012299.7823634,-10,9,109
1747012299.8173633,-2,-46,117
1747012299.8533633,24,-56,21
1747012299.8883634,-64,91,73
1747012299.9243634,41,-14,-28
1747012299.9593637,-40,-66,99
1747012299.9953637,-34,73,35
1747012300.030363,6,32,127
1747012300.0653634,-29,-7,105
1747012300.1013634,35,71,97
1747012300.1363633,-5,-35,123
1747012300.1723633,-19,46,125
1747012300.2073634,-37,42,39
1747012300.2433634,14,14,21
1747012300.2783637,-9,-35,73
1747012300.3133633,-46,-34,143
1747012300.349363,33,-46,1
1747012300.3843634,41,83,-16
1747012300.4203634,-45,35,51
1747012300.4553633,-64,-37,97
1747012300.4903634,1,41,109
1747012300.5253634,53,7,73
1747012300.5613637,41,-24,115
1747012300.5973637,-19,-40,79
1747012300.632363,-1,41,135
1747012300.668363,-47,-24,-6
1747012300.7033634,43,-36,85
1747012300.7383633,-33,-54,97
1747012300.7733634,-6,21,149
1747012300.8093634,50,-68,153
1747012300.8453634,55,35,149
1747012300.8803637,-18,0,-32
1747012300.9163637,-11,-3,7
1747012300.951363,52,-5,71
1747012300.9863634,-67,74,-42
1747012301.0213633,-11,-17,141
1747012301.0573633,-9,57,-28
1747012301.0933633,26,77,-38
1747012301.1283634,15,35,41
1747012301.1643634,-48,-2,37
1747012301.1993637,1,25,73
1747012301.2343633,-118,79,135
1747012301.2693634,-8,-12,-10
1747012301.3053634,-13,7,-14
1747012301.3413634,38,65,67
1747012301.3763633,-59,41,41
1747012301.4123633,-55,47,115
1747012301.4473634,-49,0,77
1747012301.4823637,56,-18,207
1747012301.5173633,24,27,41
1747012301.553363,59,47,197
1747012301.589363,-30,-14,173
1747012301.6243634,-40,73,93
1747012301.6603634,32,-35,123
1747012301.6953633,24,-7,43
1747012301.7303634,-58,17,55
1747012301.7653637,-34,45,33
1747012301.8013637,28,12,25
1747012301.8373632,8,-31,53
1747012301.872363,73,-81,-66
1747012301.908363,42,60,125
1747012301.9433634,52,-13,-38
1747012301.9783633,-20,10,37
1747012302.0133634,55,-89,53
1747012302.0493634,22,30,113
1747012302.0853634,-97,-9,131
1747012302.1203637,-3,-33,3
1747012302.1563632,-1,8,61
1747012302.191363,-3,-8,-58
1747012302.2263634,3,24,53
1747012302.2613633,-14,-38,70
1747012302.2973633,16,-64,46
1747012302.3333633,-15,11,59
1747012302.3683634,4,8,53
1747012302.4043634,8,0,79
1747012302.4393632,-95,27,43
1747012302.474363,-33,-26,41
1747012302.5093634,-67,-4,21
1747012302.5453634,-23,-43,-24
1747012302.5813634,-10,-9,65
1747012302.6163633,47,34,23
1747012302.6523633,5,-23,121
1747012302.6873634,43,-9,45
1747012302.7223637,-66,-37,117
1747012302.757363,17,34,87
1747012302.793363,-98,4,131
1747012302.829363,-7,41,129
1747012302.8643634,10,-59,45
1747012302.9003634,24,59,87
1747012302.9353633,20,-1,21
1747012302.9703634,-21,34,117
1747012303.0053637,86,16,63
1747012303.0423634,-13,66,175
1747012303.0773633,10,4,53
1747012303.1133633,-12,-65,39
1747012303.1493633,32,-19,37
1747012303.1843634,-19,48,141
1747012303.2203634,-22,21,75
1747012303.2553637,44,-33,109
1747012303.2903633,-21,8,99
1747012303.3253634,-65,46,-80
1747012303.3613634,30,-57,37
1747012303.3973634,-51,-3,59
1747012303.4323633,-33,-23,53
1747012303.4683633,32,6,75
1747012303.5033634,0,-15,25
1747012303.5383637,10,96,125
1747012303.5733633,-55,-119,129
1747012303.6093633,-33,-83,11
1747012303.645363,-87,-11,-54
1747012303.6803634,-57,58,73
1747012303.7163634,54,0,151
1747012303.7513633,-73,-100,-80
1747012303.7863634,6,49,45
1747012303.8223634,6,-10,-26
1747012303.8573637,14,-106,47
1747012303.8933637,68,33,93
1747012303.928363,-7,-46,77
1747012303.964363,97,-21,19
1747012303.9993634,62,11,-2
1747012304.0343633,-36,32,83
1747012304.0703633,56,-36,103
1747012304.1053634,40,27,35
1747012304.1413634,-43,29,121
1747012304.1763637,33,40,7
1747012304.2123632,-66,-13,197
1747012304.247363,27,-5,-8
1747012304.2823634,64,22,123
1747012304.3183634,-38,2,215
1747012304.3533633,57,6,-46
1747012304.3893633,5,10,-36
1747012304.4243634,65,14,151
1747012304.4603634,14,0,-4
1747012304.4953637,20,1,189
1747012304.530363,-30,44,35
1747012304.566363,-78,31,95
1747012304.6013634,1,61,7
1747012304.6373634,-18,67,193
1747012304.6723633,-48,77,103
1747012304.7083633,97,15,21
1747012304.7433634,46,-46,39
1747012304.7783637,34,-2,-14
1747012304.8143632,-11,-30,45
1747012304.849363,-57,-44,91
1747012304.885363,6,83,149
1747012304.9203634,34,9,77
1747012304.9563634,-47,-20,179
1747012304.9913633,-23,-44,101
1747012305.0263634,58,17,55
1747012305.0623634,-63,-20,123
1747012305.0973637,-3,25,38
1747012305.1333632,72,-54,110
1747012305.168363,36,9,98
1747012305.204363,48,-74,-75
1747012305.2393634,58,-46,-29
1747012305.2743633,-33,1,16
1747012305.3103633,-29,13,100
1747012305.3453634,30,-28,16
1747012305.3883634,32,61,206
1747012305.4243634,-75,-26,110
1747012305.4603634,-13,-44,39
1747012305.4963634,-17,27,65
1747012305.5313632,-7,25,55
1747012305.566363,-53,17,-22
1747012305.602363,-41,31,41
1747012305.6383634,-27,-16,177
1747012305.6733634,-98,-3,43
1747012305.7093637,60,-34,-24
1747012305.7443633,-35,-24,53
1747012305.7793634,25,6,124
1747012305.8143632,-72,44,-15
1747012305.8503633,22,-16,38
1747012305.8863633,-124,-35,150
1747012305.9213634,-8,-12,130
1747012305.9573634,21,-40,156
1747012305.9923637,0,-44,42
1747012306.0273633,-39,-34,55
1747012306.0623634,31,3,183
1747012306.0983634,3,-74,-10
1747012306.1343634,30,-16,85
1747012306.1693633,-57,57,151
1747012306.2053633,8,-52,43
1747012306.2403634,30,-10,135
1747012306.2753634,0,-42,155
1747012306.3103633,-29,-24,41
1747012306.3463633,62,-79,93
1747012306.382363,4,-65,113
1747012306.4173634,-39,32,107
1747012306.4533634,61,35,97
1747012306.4883633,53,25,93
1747012306.5233634,-28,25,-14
1747012306.5583634,-38,-4,37
1747012306.5943637,11,5,149
1747012306.6303637,-36,-52,117
1747012306.6653633,35,-38,121
1747012306.701363,19,-4,113
1747012306.7363634,-28,47,33
1747012306.7713633,-22,39,97
1747012306.806363,4,39,105
1747012306.8423634,42,1,43
1747012306.8783634,20,-8,41
1747012306.9133637,32,17,91
1747012306.9493637,-53,50,43
1747012306.9843633,16,2,33
1747012307.0193634,-5,-3,77
1747012307.0543633,-35,-52,135
1747012307.0903633,-3,47,135
1747012307.1263633,50,-54,45
1747012307.1613634,-137,-72,59
1747012307.1973634,-15,-18,99
1747012307.2323637,23,-53,33
1747012307.2673633,7,-1,79
1747012307.3023634,-112,84,-12
1747012307.3383634,-4,-5,51
1747012307.3743634,-60,40,119
1747012307.4093633,21,-37,177
1747012307.4453633,33,-21,88
1747012307.4803634,-4,6,32
1747012307.5153637,-28,-41,48
1747012307.5503633,-90,68,0
1747012307.5863633,-22,38,88
1747012307.622363,59,14,66
1747012307.6573634,-51,9,52
1747012307.6933634,-11,-44,-39
1747012307.7283633,16,47,16
1747012307.7633634,35,-48,126
1747012307.7983634,-37,-20,144
1747012307.8343637,-55,11,90
1747012307.8703637,-47,69,218
1747012307.905363,-3,-47,-91
1747012307.941363,-9,-43,74
1747012307.9763634,50,-19,-1
1747012308.0113633,18,18,91
1747012308.0463634,20,-39,79
1747012308.0823634,32,0,179
1747012308.1183634,-37,41,53
1747012308.1533637,-49,41,125
1747012308.1893632,-48,16,-84
1747012308.224363,-56,-11,0
1747012308.2593634,-60,-29,108
1747012308.2943633,0,-3,-81
1747012308.3303633,-37,-38,22
1747012308.3663633,-71,-2,-10
1747012308.4013634,-59,7,121
1747012308.4373634,-79,2,33
1747012308.4723637,-77,16,-28
1747012308.507363,2,-77,241
1747012308.5423634,-79,28,1
1747012308.5783634,36,32,18
1747012308.6143634,-88,7,171
1747012308.6493633,85,9,93
1747012308.6853633,-27,26,123
1747012308.7203634,24,4,113
1747012308.7553637,27,35,-4
1747012308.7913637,-35,26,16
1747012308.826363,10,-57,45
1747012308.862363,45,-10,115
1747012308.8973634,45,-52,-43
1747012308.9333634,-4,-16,80
1747012308.9683633,-20,-34,46
1747012309.0033634,-82,-48,76
1747012309.0393634,-68,1,90
1747012309.0743637,46,-56,26
1747012309.1103632,19,-65,4
1747012309.145363,2,4,56
1747012309.181363,18,14,68
1747012309.2163634,63,-17,22
1747012309.2513633,48,-47,12
1747012309.2873633,-28,-1,48
1747012309.3223634,52,45,68
1747012309.3583634,36,-10,54
1747012309.3933637,44,-44,64
1747012309.4293633,-45,-26,140
1747012309.464363,3,-23,111
1747012309.4993634,61,2,165
1747012309.5353634,-6,30,-20
1747012309.5703633,33,-23,206
1747012309.6063633,-38,0,127
1747012309.6413634,21,-3,31
1747012309.6773634,27,-7,35
1747012309.7123632,-4,16,133
1747012309.747363,-4,4,19
1747012309.783363,-112,-55,0
1747012309.8183634,-26,8,132
1747012309.8543634,-8,-73,21
1747012309.8893633,-67,-9,45
1747012309.9253633,-22,42,103
1747012309.9603634,-13,-17,79
1747012309.9953637,96,-18,9
1747012310.0313632,25,-7,-14
1747012310.066363,125,14,93
1747012310.102363,-22,-21,119
1747012310.1373634,9,8,153
1747012310.1733634,-91,29,57
1747012310.2083633,-55,-70,125
1747012310.2433634,92,29,19
1747012310.2793634,-47,-24,-10
1747012310.3143632,-13,-48,21
1747012310.3503633,22,78,151
1747012310.385363,-68,6,171
1747012310.4213634,-16,36,89
1747012310.4563634,1,-29,49
1747012310.4913633,11,-47,25
1747012310.5273633,-57,-39,29
1747012310.5623634,-125,8,115
1747012310.5983634,-5,-91,-14
1747012310.6333632,-3,-3,68
1747012310.668363,56,-29,-17
1747012310.7033634,59,40,145
1747012310.7393634,-65,25,-64
1747012310.7753634,-38,-35,75
1747012310.8103633,8,15,135
1747012310.8463633,-7,33,301
1747012310.8813634,2,-48,23
1747012310.9163637,-66,30,55
1747012310.951363,-51,0,67
1747012310.987363,-4,14,-105
1747012311.0233634,9,16,58
1747012311.0583634,1,-23,24
1747012311.0943637,-18,-15,30
1747012311.1293633,13,-26,-99
1747012311.1643634,13,-44,68
1747012311.1993637,7,59,92
1747012311.2353632,93,19,90
1747012311.2713633,35,53,58
1747012311.306363,-56,-18,28
1747012311.3423634,41,29,232
1747012311.3773634,-114,-14,74
1747012311.4123633,3,49,-63
1747012311.4473634,0,-2,48
1747012311.4833634,-54,21,12
1747012311.5193634,-18,-34,92
1747012311.5543633,65,31,50
1747012311.5903633,-12,-43,160
1747012311.625363,-50,32,-23
1747012311.6603634,10,-34,104
1747012311.6953633,-19,-44,13
1747012311.7313633,-15,-13,93
1747012311.7673633,26,-88,127
1747012311.8023634,54,12,-44
1747012311.8383634,54,-27,-41
1747012311.8733633,-43,104,-28
1747012311.908363,-33,30,30
1747012311.9433634,-59,27,46
1747012311.9793634,20,-42,84
1747012312.0153637,-25,-27,98
1747012312.0503633,-77,22,14
1747012312.0863633,14,-4,168
1747012312.1213634,12,29,16
1747012312.1563632,-42,25,84
1747012312.191363,32,25,177
1747012312.227363,-73,-3,72
1747012312.2633634,-4,-42,116
1747012312.2983634,0,6,182
1747012312.3343637,37,36,120
1747012312.3693633,134,86,130
1747012312.4043634,-93,-24,158
1747012312.4393632,14,9,156
1747012312.4753633,42,-8,42
1747012312.5113633,62,77,68
1747012312.5463634,10,-82,-25
1747012312.5823634,-3,-1,78
1747012312.6173637,-51,-54,-11
1747012312.6523633,-19,-65,25
1747012312.6873634,22,27,19
1747012312.7233634,-15,-3,126
1747012312.7593634,-81,-75,28
1747012312.7943633,-7,-20,44
1747012312.8303633,-3,-16,-19
1747012312.8653634,-4,-23,6
1747012312.9003634,-136,54,92
1747012312.9353633,-85,-4,70
1747012312.9713633,-1,-13,200
1747012313.007363,60,-30,44
1747012313.0423634,-62,-49,100
1747012313.0783634,65,-35,154
1747012313.1133633,19,-49,24
1747012313.1483634,-24,22,124
1747012313.1833634,78,-36,128
1747012313.2193637,-57,-34,158
1747012313.2553637,-3,-52,42
1747012313.2903633,-19,21,200
1747012313.326363,-66,-56,26
1747012313.3613634,-30,-30,70
1747012313.3963633,93,1,44
1747012313.431363,21,7,-45
1747012313.4673634,-54,-6,100
1747012313.5033634,5,63,110
1747012313.5383637,-10,-90,40
1747012313.5743637,-14,32,-21
1747012313.6093633,-26,-37,202
1747012313.6443634,-17,-20,-5
1747012313.6793633,32,-39,46
1747012313.7153633,68,-1,78
1747012313.7513633,28,-5,18
1747012313.7863634,48,-101,52
1747012313.8223634,48,24,148
1747012313.8573637,-9,33,170
1747012313.8923633,-31,48,148
1747012313.928363,-55,90,0
1747012313.9633634,-3,24,28
1747012313.9993634,62,72,15
1747012314.0343633,30,30,181
1747012314.0703633,27,-9,157
1747012314.1053634,-36,5,138
1747012314.1403637,-18,29,-38
1747012314.1763637,24,41,71
1747012314.2113633,44,31,134
1747012314.247363,80,-10,29
1747012314.2823634,20,55,73
1747012314.3183634,-22,5,95
1747012314.3533633,-17,-1,-28
1747012314.3883634,-25,-11,53
1747012314.4243634,-95,-35,63
1747012314.4593637,-67,-37,5
1747012314.4953637,-9,-73,55
1747012314.530363,-31,10,33
1747012314.566363,-57,54,29
1747012314.6013634,-19,72,105
1747012314.6363633,64,-49,89
1747012314.6723633,-49,-31,109
1747012314.7073634,-19,-39,80
1747012314.7433634,20,51,147
1747012314.7783637,-23,-42,-30
1747012314.8143632,-103,17,74
1747012314.849363,34,-44,-9
1747012314.8843634,7,54,-78
1747012314.9203634,-15,-44,29
1747012314.9553633,4,59,65
1747012314.9913633,-44,-5,32
1747012315.0263634,-83,-38,115
1747012315.0623634,-69,4,113
1747012315.0973637,-11,-9,25
1747012315.132363,-11,-115,73
1747012315.168363,118,-31,56
1747012315.2033634,-47,-17,88
1747012315.2393634,106,85,218
1747012315.2743633,80,11,-33
1747012315.3103633,32,-18,56
1747012315.3453634,-19,70,112
1747012315.3803637,-19,-26,218
1747012315.4233634,-41,-20,36
1747012315.4593637,44,-12,100
1747012315.4953637,-33,0,56
1747012315.530363,8,-40,-51
1747012315.566363,5,3,100
1747012315.6013634,-20,0,92
1747012315.6363633,-74,19,186
1747012315.6723633,35,-64,11
1747012315.7073634,-56,45,37
1747012315.7433634,52,43,157
1747012315.7783637,2,53,31
1747012315.8133633,22,56,145
1747012315.8483634,-23,14,56
1747012315.8843634,46,-21,30
1747012315.9203634,-91,10,112
1747012315.9553633,7,-7,138
1747012315.9913633,4,9,108
1747012316.0263634,70,47,134
1747012316.0613637,-20,19,-64
1747012316.0963633,6,-91,43
1747012316.132363,-11,22,47
1747012316.168363,0,-25,-2
1747012316.2033634,46,-45,9
1747012316.2393634,1,74,105
1747012316.2743633,81,-63,83
1747012316.3093634,73,-126,23
1747012316.3443637,79,10,201
1747012316.3803637,-10,-25,89
1747012316.4163637,-18,61,81
1747012316.451363,99,29,45
1747012316.487363,25,0,95
1747012316.5223634,-68,56,113
1747012316.5573633,17,-45,25
1747012316.5923634,-57,-31,33
1747012316.6283634,-55,7,147
1747012316.6643634,-27,51,99
1747012316.6993637,-16,-72,113
1747012316.7353632,6,-11,127
1747012316.770363,-9,-2,-66
1747012316.8053634,116,-38,71
1747012316.8403633,24,-84,47
1747012316.8763633,-51,-10,133
1747012316.9123633,70,41,21
1747012316.9473634,33,-105,113
1747012316.9833634,-3,-56,39
1747012317.0183637,-31,22,1
1747012317.053363,-1,32,33
1747012317.0883634,-13,-55,43
1747012317.1243634,-39,86,41
1747012317.1603634,-1,-111,91
1747012317.1953633,-34,18,75
1747012317.2313633,-84,4,153
1747012317.2663634,87,-71,63
1747012317.3013637,-30,-15,77
1747012317.3363633,1,-25,243
1747012317.372363,17,-1,203
1747012317.408363,17,-57,23
1747012317.4433634,43,11,127
1747012317.4793634,39,41,119
1747012317.5143633,-8,-36,51
1747012317.5493634,17,32,107
1747012317.5843637,93,-50,159
1747012317.6203637,-40,-3,149
1747012317.6563632,-2,-14,69
1747012317.691363,-18,-18,155
1747012317.727363,-11,-42,67
1747012317.7623634,82,55,27
1747012317.7973633,-93,8,53
1747012317.8323634,-21,-85,119
1747012317.8683634,92,103,115
1747012317.9043634,-37,31,167
1747012317.9393632,20,-99,43
1747012317.9753633,70,-56,-6
1747012318.010363,-29,18,77
1747012318.0453634,58,-1,121
1747012318.0803633,80,-61,81
1747012318.1163633,16,-9,107
1747012318.1523633,-9,10,41
1747012318.1873634,30,-11,1
1747012318.2233634,10,72,-52
1747012318.2583632,78,13,63
1747012318.293363,13,-50,91
1747012318.3283634,46,-19,127
1747012318.3643634,47,1,17
1747012318.4003634,-8,-70,67
1747012318.4353633,54,-49,57
1747012318.4713633,-3,75,39
1747012318.5063634,-53,94,97
1747012318.5413637,27,-19,127
1747012318.576363,27,60,67
1747012318.612363,16,62,35
1747012318.6483634,-10,-81,-68
1747012318.6833634,-46,-55,105
1747012318.7193637,-55,-13,57
1747012318.7543633,-21,1,101
1747012318.7893634,59,-4,65
1747012318.8253634,-20,-31,33
1747012318.8603632,-76,36,157
1747012318.8963633,-32,-22,-76
1747012318.931363,-33,-86,89
1747012318.9673634,-27,25,91
1747012319.0023634,19,106,7
1747012319.0373633,-103,26,115
1747012319.0733633,31,16,169
1747012319.1083634,40,-21,117
1747012319.1443634,6,18,13
1747012319.1793633,84,-23,5
1747012319.2153633,-15,-1,115
1747012319.250363,67,-11,107
1747012319.2853634,3,72,71
1747012319.3213634,53,18,77
1747012319.3563633,-44,46,59
1747012319.3923633,-10,-35,77
1747012319.4273634,93,76,21
1747012319.4633634,-6,4,67
1747012319.4983633,11,-15,5
1747012319.533363,23,-25,-66
1747012319.5693634,3,-27,37
1747012319.6043634,35,16,115
1747012319.6403637,0,7,57
1747012319.6753633,-11,-28,65
1747012319.7113633,-27,3,289
1747012319.7463634,-37,-36,51
1747012319.7813632,0,77,17
1747012319.8173633,-19,49,41
1747012319.852363,75,54,169
1747012319.8883634,18,22,117
1747012319.9233634,14,-37,73
1747012319.9593637,45,68,79
1747012319.9943633,-73,23,91
1747012320.0293634,8,-34,35
1747012320.0653634,16,26,-22
1747012320.1003633,-21,44,77
1747012320.1363633,2,21,71
1747012320.1713634,-5,-30,45
1747012320.2073634,-4,54,25
1747012320.2423637,62,59,-12
1747012320.2773633,14,51,10
1747012320.3133633,16,-82,155
1747012320.3483634,31,17,50
1747012320.3843634,-24,-24,20
1747012320.4193633,53,-18,188
1747012320.4553633,-24,-36,-19
1747012320.4903634,1,-22,-21
1747012320.5253634,62,27,8
1747012320.5613637,42,-26,162
1747012320.5963633,44,45,78
1747012320.632363,-25,-2,80
1747012320.6673634,20,42,108
1747012320.7033634,-57,-67,130
1747012320.7393634,26,-55,96
1747012320.7753634,72,38,22
1747012320.8113637,80,-9,104
1747012320.8463633,-70,-15,-24
1747012320.8813634,62,-19,-60
1747012320.9173634,10,8,116
1747012320.9533634,40,50,58
1747012320.9883633,44,16,130
1747012321.0243633,38,-63,38
1747012321.0593634,38,14,132
1747012321.0943637,-41,-29,78
1747012321.1293633,44,14,74
1747012321.1653633,0,-14,138
1747012321.201363,16,43,78
1747012321.2363634,35,23,116
1747012321.2723634,-63,67,-61
1747012321.3073633,62,19,82
1747012321.3423634,131,41,78
1747012321.3773634,-18,88,10
1747012321.4133637,-62,33,78
1747012321.4493637,16,31,106
1747012321.4843633,-45,-22,-15
1747012321.520363,-17,41,188
1747012321.5553634,38,-24,-81
1747012321.5903633,20,17,74
1747012321.625363,-28,-36,104
1747012321.6613634,102,-43,106
1747012321.6973634,62,32,52
1747012321.7323637,-23,29,136
1747012321.7683637,28,56,52
1747012321.803363,20,16,72
1747012321.8383634,-9,29,40
1747012321.8733633,2,-36,158
1747012321.9093633,-49,67,-24
1747012321.9453633,41,-39,105
1747012321.9803634,-7,-56,227
1747012322.0163634,-17,5,-34
1747012322.0513637,40,-26,73
1747012322.0863633,-7,-17,73
1747012322.1213634,20,17,-23
1747012322.1573634,-64,-15,3
1747012322.1933634,61,50,87
1747012322.2283633,-32,20,61
1747012322.2643633,38,17,121
1747012322.2993634,-51,-22,20
1747012322.3343637,33,-50,31
1747012322.3693633,71,37,13
1747012322.405363,-20,27,65
1747012322.441363,-10,7,-62
1747012322.4763634,29,45,180
1747012322.5123634,-40,7,115
1747012322.5473633,-12,-4,60
1747012322.5823634,15,21,25
1747012322.6173637,30,14,-15
1747012322.6533637,19,0,84
1747012322.6893632,-22,-8,-23
1747012322.724363,37,55,152
1747012322.760363,26,17,30
1747012322.7953634,-1,-108,-61
1747012322.8303633,32,15,98
1747012322.8653634,-17,-6,26
1747012322.9013634,34,-14,106
1747012322.9373634,40,55,50
1747012322.9723637,46,-24,-1
1747012323.0083632,58,-32,100
1747012323.043363,-47,-50,97
1747012323.0783634,-23,31,-81
1747012323.1133633,54,-72,138
1747012323.1493633,-10,49,86
1747012323.1853633,11,-28,56
1747012323.2203634,-5,-45,186
1747012323.2563634,26,-3,-3
1747012323.2913637,-28,79,102
1747012323.326363,-22,19,34
1747012323.3613634,-15,53,170
1747012323.3973634,-65,19,198
1747012323.4333634,-45,15,46
1747012323.4683633,60,45,-21
1747012323.5043633,-19,-38,40
1747012323.5393634,-9,15,76
1747012323.5743637,-31,-27,30
1747012323.6093633,-99,-86,32
1747012323.645363,18,-10,114
1747012323.681363,-3,-28,102
1747012323.7163634,48,81,138
1747012323.7523634,-45,3,0
1747012323.7873633,44,33,139
1747012323.8223634,-80,32,71
1747012323.8573637,63,-25,123
1747012323.8933637,15,58,69
1747012323.9293633,1,16,95
1747012323.964363,-56,-21,161
1747012324.000363,63,18,65
1747012324.0353634,-6,-25,67
1747012324.0703633,-62,7,-4
1747012324.1063633,11,43,80
1747012324.1413634,40,-12,68
1747012324.1773634,8,-18,31
1747012324.2123632,56,7,106
1747012324.2483633,-18,9,-5
1747012324.283363,-4,27,-47
1747012324.3183634,33,9,114
1747012324.3543634,21,41,156
1747012324.3893633,-58,25,8
1747012324.4253633,0,65,134
1747012324.4603634,10,-10,142
1747012324.4963634,20,-26,66
1747012324.5313632,36,17,126
1747012324.566363,80,-12,112
1747012324.602363,-28,-31,76
1747012324.6373634,-46,28,28
1747012324.6733634,103,-7,40
1747012324.7083633,-6,-19,122
1747012324.7443633,-17,-21,-12
1747012324.7793634,16,-30,32
1747012324.8143632,-25,-46,101
1747012324.8503633,-29,-64,1
1747012324.885363,-1,83,89
1747012324.9213634,-73,51,29
1747012324.9563634,-7,23,-23
1747012324.9923637,-92,-36,126
1747012325.0273633,-29,-26,84
1747012325.0623634,-31,-55,44
1747012325.0983634,72,-16,132
1747012325.1333632,54,33,174
1747012325.1693633,-30,11,86
1747012325.204363,-38,-6,-85
1747012325.2403634,-12,-13,140
1747012325.2753634,-2,2,140
1747012325.3103633,-20,-9,-37
1747012325.3463633,-66,-49,32
1747012325.3813634,-8,54,138
1747012325.4243634,-14,-33,49
1747012325.4603634,15,61,-24
1747012325.4963634,-57,-15,113
1747012325.5313632,-93,-29,90
1747012325.566363,22,-8,0
1747012325.602363,-32,-18,-5
1747012325.6373634,57,-37,12
1747012325.6733634,121,66,62
1747012325.7083633,-13,17,174
1747012325.7443633,35,-13,206
1747012325.780363,-57,51,42
1747012325.816363,-26,-60,32
1747012325.852363,67,37,68
1747012325.8873634,-3,10,22
1747012325.9223633,-29,53,45
1747012325.9583633,100,-18,59
1747012325.9943633,1,6,25
1747012326.0293634,-89,49,75
1747012326.0653634,31,8,37
1747012326.1003633,-48,46,99
1747012326.135363,13,2,63
1747012326.1703634,77,20,169
1747012326.2063634,-20,52,29
1747012326.2423637,-18,26,47
1747012326.2773633,-8,-7,91
1747012326.3133633,-29,7,-2
1747012326.3483634,-91,71,49
1747012326.3833632,-11,-24,63
1747012326.418363,40,1,112
1747012326.454363,-75,-28,3
1747012326.4903634,-57,-46,-28
1747012326.5253634,4,-16,49
1747012326.5613637,30,-51,-8
1747012326.5963633,-21,-1,29
1747012326.6313634,-77,48,7
1747012326.6663637,22,-31,131
1747012326.7023633,-13,13,105
1747012326.7383633,-24,34,33
1747012326.7733634,-1,10,-42
1747012326.8093634,-35,55,51
1747012326.8443637,26,-23,111
1747012326.8793633,56,46,-34
1747012326.9143634,-3,2,53
1747012326.9503634,77,-21,51
1747012326.9863634,-2,102,-14
1747012327.0213633,-32,-5,-28
1747012327.0573633,-6,-29,91
1747012327.0923634,-4,28,93
1747012327.1273634,-60,18,207
1747012327.1623633,72,-30,1
1747012327.1983633,4,27,79
1747012327.2343633,43,9,1
1747012327.2693634,-26,-72,97
1747012327.3053634,-21,38,197
1747012327.3403633,-7,-9,201
1747012327.375363,-74,47,107
1747012327.4103634,3,-104,67
1747012327.4463634,-7,-12,61
1747012327.4823637,85,-44,139
1747012327.5173633,-34,-30,121
1747012327.553363,36,-36,29
1747012327.5883634,22,49,193
1747012327.6233633,98,47,103
1747012327.658363,-9,3,72
1747012327.6943634,-43,9,102
1747012327.7303634,-39,-9,38
1747012327.7653637,6,-21,158
1747012327.8013637,-56,-43,50
1747012327.8363633,27,-43,138
1747012327.8713634,19,-57,159
1747012327.9063632,7,-35,39
1747012327.9423633,-20,-1,109
1747012327.9783633,-38,-60,1
1747012328.0133634,0,10,89
1747012328.0493634,90,-54,-16
1747012328.0843637,-46,72,51
1747012328.1193633,-57,-22,57
1747012328.1543634,-16,4,27
1747012328.1903634,-21,-40,155
1747012328.2263634,14,29,43
1747012328.2613633,13,36,161
1747012328.2973633,-31,-8,51
1747012328.3323634,128,-52,53
1747012328.3673637,42,55,57
1747012328.4023633,28,3,99
1747012328.4383633,92,19,96
1747012328.474363,-1,-55,72
1747012328.5093634,-13,-43,65
1747012328.5453634,-53,-49,116
1747012328.5803633,-81,8,20
1747012328.6153634,-81,-75,84
1747012328.6503634,-27,41,36
1747012328.6863637,29,42,178
1747012328.7223637,-41,-121,-47
1747012328.757363,-20,102,86
1747012328.793363,37,-13,176
1747012328.8283634,51,48,-23
1747012328.8633633,-46,38,82
1747012328.8983634,3,-5,38
1747012328.9343634,88,-6,138
1747012328.9703634,12,125,68
1747012329.0053637,-53,23,60
1747012329.0413637,-72,68,108
1747012329.076363,15,3,-43
1747012329.1113634,-8,5,92
1747012329.1473634,73,-98,2
1747012329.1823633,35,-46,14
1747012329.2183633,29,14,-23
1747012329.2533634,39,10,34
1747012329.2893634,-24,17,90
1747012329.3243637,-32,-8,114
1747012329.3593633,-2,0,66
1747012329.395363,-12,-5,144
1747012329.4303634,73,-37,-23
1747012329.4663634,-10,33,44
1747012329.5013633,23,-19,206
1747012329.5373633,84,15,62
1747012329.5723634,36,21,83
1747012329.6073637,-3,-2,37
1747012329.6433637,-35,17,153
1747012329.678363,-16,-68,80
1747012329.714363,-104,15,186
1747012329.7493634,-8,25,114
1747012329.7853634,35,-76,88
1747012329.8203633,-30,-14,164
1747012329.8553634,23,30,-143
1747012329.8913634,33,-15,10
1747012329.9263637,-28,0,82
1747012329.9623632,46,-17,62
1747012329.997363,-15,-25,32
1747012330.033363,-12,75,42
1747012330.0683634,54,-54,44
1747012330.1033633,14,21,10
1747012330.1393633,-35,-45,126
1747012330.1743634,32,-11,68
1747012330.2103634,62,-47,66
1747012330.2453637,-5,8,78
1747012330.2813632,-41,24,96
1747012330.316363,0,-49,48
1747012330.3513634,-21,-27,47
1747012330.3873634,-57,-61,35
1747012330.4223633,74,-21,-4
1747012330.4583633,-65,1,167
1747012330.4933634,-33,0,63
1747012330.5293634,-11,0,27
1747012330.5643632,-13,-34,195
1747012330.599363,-9,13,-40
1747012330.635363,52,-28,69
1747012330.6703634,92,-4,29
1747012330.7063634,-23,41,111
1747012330.7413633,74,-38,89
1747012330.7773633,-59,-30,-4
1747012330.8123634,40,27,117
1747012330.8473637,50,38,175
1747012330.8833632,12,35,54
1747012330.918363,-57,-34,168
1747012330.954363,-27,-10,103
1747012330.9893634,40,43,84
1747012331.0243633,31,-28,-41
1747012331.0593634,21,-3,218
1747012331.0953634,-26,15,10
1747012331.1313634,3,-26,102
1747012331.1663637,-23,-28,54
1747012331.2023633,93,-40,20
1747012331.237363,-24,43,-9
1747012331.2723634,85,-10,-31
1747012331.3073633,11,-70,-22
1747012331.3433633,-24,49,-5
1747012331.3793633,-8,-2,30
1747012331.4143634,-38,35,8
1747012331.4503634,35,-8,78
1747012331.4853632,16,-20,15
1747012331.520363,55,0,68
1747012331.5553634,110,97,-12
1747012331.5913634,-19,-13,111
1747012331.6273634,34,6,174
1747012331.6623633,-17,-10,48
1747012331.6983633,21,81,-67
1747012331.7333634,34,-12,126
1747012331.7683637,118,-14,98
1747012331.803363,32,-2,50
1747012331.839363,38,-44,32
1747012331.875363,-27,15,-7
1747012331.9103634,0,0,84
1747012331.9463634,-13,13,-72
1747012331.9813633,102,57,26
1747012332.0163634,14,68,105
1747012332.0513637,6,10,-56
1747012332.0873632,-77,-34,-40
1747012332.1233633,42,-44,109
1747012332.158363,-1,-38,148
1747012332.1943634,29,-42,48
1747012332.2293634,34,51,22
1747012332.2643633,35,-20,148
1747012332.2993634,19,-63,42
1747012332.3353634,9,46,51
1747012332.3713634,25,-87,-158
1747012332.4063632,33,-15,45
1747012332.4423633,13,-19,239
1747012332.477363,61,-9,7
1747012332.5123634,-40,-3,-60
1747012332.5473633,-62,12,47
1747012332.5833633,9,-16,73
1747012332.6193633,-64,1,35
1747012332.6543634,36,-49,49
1747012332.6903634,-19,-35,159
1747012332.7253633,52,-11,151
1747012332.760363,-41,-10,101
1747012332.7953634,-43,33,157
1747012332.8313634,4,-8,143
1747012332.8673637,-54,75,49
1747012332.9023633,-24,12,119
1747012332.9383633,-26,-56,-34
1747012332.9733634,-15,25,195
1747012333.0083632,24,-70,25
1747012333.043363,-4,-44,11
1747012333.079363,67,23,83
1747012333.1153634,9,19,201
1747012333.1503634,62,-12,39
1747012333.1863637,-69,3,25
1747012333.2213633,-8,-16,-10
1747012333.2563634,25,3,15
1747012333.2913637,43,-18,19
1747012333.3273633,49,-24,57
1747012333.3633633,-10,28,153
1747012333.3983634,-28,51,55
1747012333.4343634,29,-22,81
1747012333.4693637,4,-52,91
1747012333.5043633,-58,-17,7
1747012333.5393634,7,28,165
1747012333.5753634,25,-21,47
1747012333.6113634,-38,49,19
1747012333.6463633,155,55,109
1747012333.6823633,53,-29,115
1747012333.7173634,15,20,83
1747012333.7523634,3,-5,-38
1747012333.7873633,-87,-12,23
1747012333.8233633,-19,29,9
1747012333.8593633,-85,-64,89
1747012333.8943634,-23,-42,121
1747012333.9303634,34,-10,199
1747012333.9653633,80,39,39
1747012334.000363,-34,-1,123
1747012334.0353634,-15,-60,65
1747012334.0713634,-49,-54,57
1747012334.1073637,14,-28,21
1747012334.1423633,51,63,-44
1747012334.178363,17,-20,131
1747012334.2133634,125,-78,21
1747012334.2483633,11,23,99
1747012334.2843633,23,-86,77
1747012334.3193634,-19,-14,191
1747012334.3553634,-27,9,135
1747012334.3903637,-12,-78,33
1747012334.4263637,5,33,167
1747012334.4613633,-11,17,-76
1747012334.4963634,14,51,103
1747012334.5323634,-63,77,-42
1747012334.5673633,23,-20,121
1747012334.6033633,-40,-50,53
1747012334.6383634,-48,67,51
1747012334.6743634,12,-20,-33
1747012334.7093637,-4,-2,86
1747012334.7443633,-4,31,110
1747012334.780363,99,-30,36
1747012334.8153634,-6,1,92
1747012334.8513634,-58,-8,98
1747012334.8863633,-46,-46,126
1747012334.9223633,-10,-62,100
1747012334.9573634,-22,-22,144
1747012334.9923637,-20,-14,20
1747012335.0283637,-24,51,90
1747012335.0633633,7,27,-7
1747012335.099363,35,-14,116
1747012335.1343634,-13,-43,188
1747012335.1703634,20,62,104
1747012335.2053633,-55,0,52
1747012335.2403634,-26,39,96
1747012335.2763634,37,33,42
1747012335.3113637,-78,49,43
1747012335.3473637,-30,1,132
1747012335.382363,24,51,64
1747012335.4243634,-89,57,54
1747012335.4603634,32,35,144
1747012335.4963634,-103,-48,-28
1747012335.5323634,-74,56,47
1747012335.5673633,36,-16,-4
1747012335.6033633,-23,-8,-54
1747012335.6383634,-27,-44,112
1747012335.6743634,28,-24,-7
1747012335.7093637,-33,41,62
1747012335.7443633,-51,31,58
1747012335.780363,-9,31,80
1747012335.8153634,21,47,60
1747012335.8513634,-36,33,46
1747012335.8863633,-1,4,134
1747012335.9223633,82,-97,0
1747012335.9583633,-43,-81,62
1747012335.9933634,24,34,94
1747012336.0283637,63,-42,34
1747012336.0643632,-14,45,166
1747012336.1003633,-5,-79,96
1747012336.135363,66,35,168
1747012336.1713634,44,-26,182
1747012336.2063634,-25,-4,6
1747012336.2413633,-7,-46,154
1747012336.2763634,38,71,148
1747012336.3123634,32,33,-55
1747012336.3483634,8,-36,80
1747012336.3833632,-80,78,18
1747012336.4193633,-105,3,30
1747012336.454363,-8,-35,54
1747012336.4893634,-17,83,68
1747012336.5243633,8,-64,17
1747012336.5603633,-74,14,97
1747012336.5963633,60,-62,23
1747012336.6313634,32,107,19
1747012336.6673634,44,23,111
1747012336.7023633,-66,-42,163
1747012336.737363,-24,-26,9
1747012336.7723634,33,-2,174
1747012336.8083634,63,-26,-35
1747012336.8443637,-56,25,210
1747012336.8793633,1,9,36
1747012336.9153633,-9,-66,178
1747012336.9503634,80,-4,111
1747012336.9853632,103,23,-48
1747012337.020363,7,89,131
1747012337.056363,23,-38,101
1747012337.0923634,10,12,145
1747012337.1273634,-35,46,57
1747012337.1633637,20,-33,61
1747012337.1983633,-99,11,91
1747012337.2333634,-81,53,159
1747012337.2683637,-15,39,69
1747012337.3043633,-89,15,89
1747012337.3403633,38,-86,109
1747012337.375363,-3,-38,21
1747012337.4113634,32,-30,47
1747012337.4463634,4,21,117
1747012337.4813633,-65,-52,-12
1747012337.5163634,-7,-92,-22
1747012337.5523634,-65,-54,139
1747012337.5883634,-36,62,49
1747012337.6233633,-12,16,49
1747012337.6593633,45,48,119
1747012337.6943634,-122,14,-34
1747012337.7293634,-17,-8,-40
1747012337.7643633,-87,37,83
1747012337.8003633,-3,107,-18
1747012337.8363633,-27,5,47
1747012337.8713634,0,-20,117
1747012337.9073634,-47,-10,157
1747012337.9423633,-21,35,63
1747012337.977363,-39,0,43
1747012338.0123634,50,3,75
1747012338.0483634,56,35,15
1747012338.0843637,36,24,43
1747012338.1193633,12,-12,141
1747012338.155363,-6,-10,87
1747012338.1903634,-17,13,31
1747012338.2253633,17,31,-18
1747012338.260363,-23,3,85
1747012338.2963634,-37,0,69
1747012338.3323634,-25,-12,29
1747012338.3673637,-28,-18,91
1747012338.4033637,56,-42,-22
1747012338.4383633,-8,-36,65
1747012338.4733634,76,-10,9
1747012338.5083632,64,76,-34
1747012338.5443633,-12,22,173
1747012338.5803633,8,98,131
1747012338.6153634,78,-79,143
1747012338.6513634,-14,29,129
1747012338.6863637,41,75,51
1747012338.7213633,-16,87,-42
1747012338.7563634,-99,-22,67
1747012338.7923634,48,43,181
1747012338.8283634,51,21,73
1747012338.8633633,1,-47,111
1747012338.8993633,-48,4,15
1747012338.9343634,-7,6,215
1747012338.9693637,-69,24,5
1747012339.0043633,-11,0,131
1747012339.0403633,-16,6,-16
1747012339.076363,-68,-31,101
1747012339.1113634,-75,75,-56
1747012339.1473634,28,-60,9
1747012339.1823633,-41,19,137
1747012339.2173634,14,-29,199
1747012339.2533634,96,-16,9
1747012339.2883637,52,-25,75
1747012339.3243637,22,-55,133
1747012339.3593633,30,12,131
1747012339.395363,-18,-17,93
1747012339.4303634,15,43,101
1747012339.4653633,7,25,55
1747012339.5013633,-35,-95,75
1747012339.5363634,86,5,171
1747012339.5723634,4,-21,54
1747012339.6073637,-27,57,58
1747012339.6433637,9,-4,118
1747012339.678363,24,-98,62
1747012339.7133634,-58,-42,-43
1747012339.7493634,83,-26,120
1747012339.7843633,-16,15,170
1747012339.8203633,77,29,11
1747012339.8553634,-45,-20,130
1747012339.8913634,-91,-28,120
1747012339.9263637,28,-26,26
1747012339.9613633,-31,17,76
1747012339.997363,-81,95,88
1747012340.0323634,26,11,54
1747012340.0683634,60,21,160
1747012340.1033633,-28,-8,116
1747012340.1393633,27,-32,136
1747012340.1743634,71,35,90
1747012340.2093637,99,-12,130
1747012340.2453637,-20,23,8
1747012340.280363,27,5,184
1747012340.316363,-34,-68,189
1747012340.3513634,65,-22,143
1747012340.3873634,63,-4,164
1747012340.4223633,1,-58,-31
1747012340.4573634,-33,-4,156
1747012340.4933634,-29,41,152
1747012340.5283637,56,25,-21
1747012340.5643632,52,-24,2
1747012340.599363,62,-26,-17
1747012340.635363,22,-6,110
1747012340.6703634,68,1,0
1747012340.7053633,34,-6,138
1747012340.7413633,-25,-94,66
1747012340.7763634,40,-60,64
1747012340.8123634,22,1,72
1747012340.8473637,69,-20,122
1747012340.8833632,-106,29,64
1747012340.918363,-50,-36,-19
1747012340.9533634,5,59,118
1747012340.9893634,6,-44,194
1747012341.0243633,16,-42,66
1747012341.0603633,-55,7,76
1747012341.0953634,66,-72,180
1747012341.1303637,24,29,146
1747012341.1653633,24,-26,134
1747012341.201363,50,-63,26
1747012341.237363,55,20,33
1747012341.2723634,-30,110,95
1747012341.3083634,25,-13,-38
1747012341.3433633,-64,34,45
1747012341.3783634,3,4,7
1747012341.4133637,1,-15,183
1747012341.4493637,-25,83,-54
1747012341.4853632,120,75,23
1747012341.520363,15,0,119
1747012341.556363,28,87,-38
1747012341.5913634,-53,39,73
1747012341.6263633,-53,-52,55
1747012341.6613634,0,22,133
1747012341.6973634,-28,-25,77
1747012341.7333634,23,16,85
1747012341.7683637,13,33,207
1747012341.8043633,63,27,107
1747012341.839363,72,48,143
1747012341.8743634,-61,13,57
1747012341.9093633,26,1,77
1747012341.9453633,0,13,183
1747012341.9813633,10,-30,149
1747012342.0163634,2,53,35
1747012342.0523634,-43,25,-42
1747012342.0873632,30,-28,31
1747012342.122363,57,-26,93
1747012342.1573634,-87,5,107
1747012342.1933634,-1,-12,97
1747012342.2293634,-23,-8,81
1747012342.2643633,4,-56,-28
1747012342.3003633,-123,-56,-36
1747012342.3353634,-3,27,45
1747012342.3703637,-23,43,61
1747012342.405363,36,7,109
1747012342.441363,30,13,171
1747012342.477363,44,31,-44
1747012342.5123634,-51,-10,61
1747012342.5483634,6,35,65
1747012342.5833633,18,-32,123
1747012342.6183634,10,-22,45
1747012342.6533637,-69,21,-24
1747012342.6893632,30,-22,-38
1747012342.7253633,8,0,9
1747012342.760363,18,-24,175
1747012342.7963634,18,-44,159
1747012342.8313634,-33,61,23
1747012342.8663633,0,-34,23
1747012342.9013634,-82,-1,83
1747012342.9373634,10,-14,41
1747012342.9733634,30,15,62
1747012343.0083632,-5,53,142
1747012343.0443633,13,40,214
1747012343.079363,12,-20,102
1747012343.1143634,8,39,136
1747012343.1493633,20,15,-73
1747012343.1853633,-97,-32,87
1747012343.2213633,-7,-6,159
1747012343.2563634,-51,-16,-33
1747012343.2923634,-19,41,18
1747012343.3273633,50,19,-23
1747012343.362363,-89,22,-3
1747012343.3973634,-8,60,156
1747012343.4333634,-28,25,112
1747012343.4693637,35,11,168
1747012343.5043633,49,33,50
1747012343.5403633,-30,-26,14
1747012343.5753634,17,5,28
1747012343.6103632,73,59,38
1747012343.645363,-22,-11,18
1747012343.681363,41,-42,16
1747012343.7173634,17,-60,70
1747012343.7523634,61,-28,146
1747012343.7883637,59,29,60
1747012343.8233633,-17,-24,152
1747012343.8583634,1,45,54
1747012343.8933637,1,-66,107
1747012343.9293633,19,47,85
1747012343.9653633,12,57,101
1747012344.000363,66,-34,108
1747012344.0363634,-53,-94,72
1747012344.0713634,-43,0,22
1747012344.1063633,56,17,-9
1747012344.1413634,-27,-4,200
1747012344.1773634,84,-4,40
1747012344.2133634,18,-42,90
1747012344.2483633,-13,4,110
1747012344.2843633,-14,15,44
1747012344.3193634,50,7,146
1747012344.3543634,2,-30,162
1747012344.3903637,-1,-1,32
1747012344.4253633,-4,23,144
1747012344.4613633,9,-28,64
1747012344.4963634,64,-52,-67
1747012344.5323634,11,-84,106
1747012344.5673633,67,45,154
1747012344.602363,76,-20,28
1747012344.6383634,56,-30,-23
1747012344.6733634,58,-58,-9
1747012344.7093637,16,25,114
1747012344.7443633,-19,-68,144
1747012344.780363,88,41,106
1747012344.8153634,-79,35,42
1747012344.8503633,-33,39,66
1747012344.8863633,24,-62,52
1747012344.9213634,-47,-58,78
1747012344.9573634,-19,17,82
1747012344.9923637,40,11,-67
1747012345.0283637,-21,-30,2
1747012345.0633633,-3,47,160
1747012345.0983634,0,-44,90
1747012345.1343634,-59,-10,154
1747012345.1693633,-25,-82,-43
1747012345.2053633,-46,31,78
1747012345.2403634,5,5,24
1747012345.2763634,54,-47,72
1747012345.3113637,4,-68,56
1747012345.3463633,54,-4,-11
1747012345.382363,-56,6,-37
1747012345.4173634,22,12,30
1747012345.4603634,20,-27,153
1747012345.4963634,-49,45,83
1747012345.5323634,2,-28,61
1747012345.5673633,-1,15,75
1747012345.602363,-37,19,129
1747012345.6383634,-49,-36,-40
1747012345.6733634,-61,-4,119
1747012345.7093637,28,-7,71
1747012345.7443633,-9,0,117
1747012345.780363,38,46,55
1747012345.8153634,-59,3,-20
1747012345.8503633,28,55,113
1747012345.8863633,38,40,73
1747012345.9213634,52,6,119
1747012345.9573634,-59,-19,49
1747012345.9923637,-24,49,97
1747012346.0283637,-68,13,67
1747012346.0633633,-74,37,7
1747012346.0983634,-6,-62,97
1747012346.1343634,13,15,291
1747012346.1693633,-88,-16,81
1747012346.2053633,69,-60,-18
1747012346.2403634,71,41,115
1747012346.2753634,-64,-124,149
1747012346.3103633,7,35,83
1747012346.3463633,55,-16,43
1747012346.382363,59,17,37
1747012346.4173634,-6,-44,155
1747012346.4533634,1,-64,77
1747012346.4883633,-80,-30,121
1747012346.5233634,8,-20,31
1747012346.5583634,24,5,159
1747012346.5943637,-11,-84,159
1747012346.6303637,-33,17,49
1747012346.6653633,-31,-6,0
1747012346.701363,-3,-40,191
1747012346.7363634,27,-30,37
1747012346.7713633,-24,9,113
1747012346.806363,65,-52,99
1747012346.8423634,-76,25,-12
1747012346.8783634,-17,-22,79
1747012346.9133637,10,33,23
1747012346.9493637,-18,82,-16
1747012346.9843633,-42,-11,137
1747012347.0193634,1,-67,151
1747012347.0543633,2,-22,31
1747012347.0903633,64,29,175
1747012347.1263633,4,1,67
1747012347.1613634,72,27,35
1747012347.1973634,62,57,-4
1747012347.2323637,0,15,147
1747012347.2673633,-8,24,89
1747012347.3023634,22,45,89
1747012347.3383634,53,-17,67
1747012347.3743634,-60,48,27
1747012347.4093633,-41,1,85
1747012347.4453633,68,25,29
1747012347.4803634,-5,37,89
1747012347.5153637,-17,-10,103
1747012347.5503633,24,-54,-16
1747012347.5863633,6,12,81
1747012347.622363,24,0,145
1747012347.6573634,-41,21,115
1747012347.6933634,-95,51,117
1747012347.7283633,-9,21,129
1747012347.7633634,-73,35,99
1747012347.7983634,-11,-24,-6
1747012347.8343637,48,3,-36
1747012347.8703637,-6,5,79
1747012347.905363,-64,17,-12
1747012347.941363,2,3,173
1747012347.9763634,-18,-64,39
1747012348.0113633,-31,-32,55
1747012348.0463634,68,45,155
1747012348.0823634,-5,-6,85
1747012348.1183634,-6,5,205
1747012348.1533637,-22,67,59
1747012348.1893632,-10,-10,67
1747012348.224363,-76,-8,93
1747012348.2593634,95,49,131
1747012348.2943633,-14,45,117
1747012348.3303633,8,-91,22
1747012348.3663633,-14,21,52
1747012348.4013634,30,44,62
1747012348.4373634,52,36,186
1747012348.4723637,-102,27,216
1747012348.507363,9,-28,-51
1747012348.5423634,65,51,-67
1747012348.5783634,-16,19,-57
1747012348.6143634,-94,-44,92
1747012348.6493633,39,-26,120
1747012348.6853633,67,22,-9
1747012348.7203634,-20,-104,-57
1747012348.7553637,19,-79,116
1747012348.7903633,7,48,86
1747012348.826363,-33,-56,130
1747012348.862363,52,39,170
1747012348.8973634,-42,51,8
1747012348.9333634,-106,47,112
1747012348.9683633,71,3,90
1747012349.0033634,-26,-14,60
1747012349.0383637,-8,17,104
1747012349.0743637,47,-16,74
1747012349.1103632,14,-17,80
1747012349.145363,-29,-17,90
1747012349.181363,4,6,74
1747012349.2163634,49,-4,-23
1747012349.2513633,-98,47,54
1747012349.2873633,25,-48,128
1747012349.3223634,47,-8,34
1747012349.3583634,-20,0,102
1747012349.3933637,-36,-27,22
1747012349.4293633,85,11,-8
1747012349.464363,117,31,121
1747012349.4993634,-64,-46,59
1747012349.5353634,51,-62,124
1747012349.5703633,44,-22,128
1747012349.6063633,52,19,-30
1747012349.6413634,-9,-25,135
1747012349.6773634,25,20,-28
1747012349.7123632,8,-19,13
1747012349.747363,20,72,133
1747012349.783363,51,30,161
1747012349.8183634,27,56,67
1747012349.8543634,60,2,20
1747012349.8893633,50,-25,44
1747012349.9253633,82,5,106
1747012349.9603634,10,-13,86
1747012349.9953637,4,-48,150
1747012350.0313632,-30,15,12
1747012350.066363,33,-46,92
1747012350.102363,29,33,136
1747012350.1373634,23,29,26
1747012350.1733634,-34,25,-15
1747012350.2083633,-24,-30,106
1747012350.2433634,-12,-44,86
1747012350.2793634,-38,21,12
1747012350.3143632,25,-32,36
1747012350.3503633,75,-22,58
1747012350.385363,-76,-6,12
1747012350.4213634,19,1,137
1747012350.4563634,22,-2,14
1747012350.4913633,42,-60,159
1747012350.5273633,79,-62,119
1747012350.5623634,-24,-13,15
1747012350.5983634,-48,-14,23
1747012350.6333632,63,-40,69
1747012350.6693633,-12,-40,71
1747012350.704363,-21,-20,189
1747012350.7393634,-11,17,25
1747012350.7753634,-27,-69,235
1747012350.8103633,-8,45,11
1747012350.8463633,46,55,93
1747012350.8813634,3,-56,59
1747012350.9173634,27,45,227
1747012350.9523633,-63,-4,-26
1747012350.987363,-35,59,143
1747012351.0233634,-9,-64,135
1747012351.0583634,-26,1,105
1747012351.0943637,31,-29,17
1747012351.1293633,-37,30,-10
1747012351.1653633,-22,-33,73
1747012351.201363,-20,-13,-48
1747012351.237363,3,0,185
1747012351.2733634,-68,-25,103
1747012351.3083634,-54,38,64
1747012351.3433633,77,3,75
1747012351.3793633,-44,-87,60
1747012351.4153633,9,-37,0
1747012351.4503634,58,-32,200
1747012351.4863634,-22,57,90
1747012351.5213633,-95,-22,218
1747012351.556363,51,-15,102
1747012351.5913634,-3,-10,-29
1747012351.6273634,-15,29,12
1747012351.6633637,64,43,38
1747012351.6983633,6,34,130
1747012351.7343633,4,-34,34
1747012351.7693634,8,-5,-31
1747012351.8043633,12,10,76
1747012351.839363,112,60,152
1747012351.875363,16,-67,56
1747012351.9113634,56,16,26
1747012351.9463634,-19,32,64
1747012351.9823637,22,-39,60
1747012352.0173633,32,-41,124
1747012352.0523634,-33,-53,52
1747012352.0873632,35,-11,16
1747012352.1233633,-76,-5,58
1747012352.1593633,43,-52,32
1747012352.1943634,-33,-15,124
1747012352.2303634,-35,0,40
1747012352.2653637,-83,-35,74
1747012352.3003633,56,-47,142
1747012352.3353634,-94,30,108
1747012352.3713634,0,6,100
1747012352.4073634,36,54,14
1747012352.4423633,43,0,40
1747012352.4783633,30,6,22
1747012352.5133634,36,20,26
1747012352.5483634,76,-3,66
1747012352.5833633,42,74,84
1747012352.6193633,41,-51,58
1747012352.655363,32,60,144
1747012352.6903634,30,-9,134
1747012352.7263634,30,-46,76
1747012352.7613633,8,13,-1
1747012352.7963634,39,-46,8
1747012352.8313634,-79,35,76
1747012352.8673637,-29,-28,-53
1747012352.9033637,4,19,-21
1747012352.9383633,-52,-8,82
1747012352.974363,54,-34,120
1747012353.0093634,-46,40,190
1747012353.0443633,17,20,6
1747012353.079363,5,-17,-1
1747012353.1153634,26,-59,74
1747012353.1513634,34,-47,74
1747012353.1863637,-85,40,102
1747012353.2223637,41,-51,52
1747012353.257363,-27,44,54
1747012353.2923634,-12,4,60
1747012353.3273633,-28,27,4
1747012353.3633633,29,53,136
1747012353.3993633,63,3,230
1747012353.4343634,49,5,178
1747012353.4703634,5,-18,82
1747012353.5053637,-38,-56,168
1747012353.5403633,100,27,66
1747012353.5753634,-95,-16,32
1747012353.6113634,-58,-7,126
1747012353.6473634,38,-12,-9
1747012353.6823633,-59,-34,96
1747012353.7183633,45,-30,36
1747012353.7533634,-74,9,200
1747012353.7883637,13,17,100
1747012353.8233633,35,-52,96
1747012353.8593633,-5,-32,30
1747012353.895363,19,-42,34
1747012353.9303634,-22,-16,-25
1747012353.9663634,-42,31,150
1747012354.0013633,-39,-23,30
1747012354.0363634,17,-79,8
1747012354.0713634,-23,20,42
1747012354.1073637,-5,17,6
1747012354.1433637,10,70,50
1747012354.178363,-49,18,84
1747012354.214363,32,-67,60
1747012354.2493634,2,-24,-77
1747012354.2843633,26,15,26
1747012354.3203633,38,-21,-1
1747012354.3553634,-10,-21,104
1747012354.3913634,21,-9,24
1747012354.4263637,63,-5,40
1747012354.4623632,64,-40,70
1747012354.497363,34,3,80
1747012354.5323634,12,8,-51
1747012354.5683634,-6,-28,166
1747012354.6033633,23,37,22
1747012354.6393633,-56,13,78
1747012354.6743634,17,56,128
1747012354.7103634,-18,49,74
1747012354.7453637,79,39,28
1747012354.780363,-72,-2,52
1747012354.816363,35,65,6
1747012354.8513634,87,47,98
1747012354.8873634,-78,55,34
1747012354.9223633,7,1,122
1747012354.9583633,-14,-16,80
1747012354.9933634,47,-8,124
1747012355.0283637,99,-5,48
1747012355.0643632,43,-10,0
1747012355.099363,25,-16,176
1747012355.135363,-36,52,66
1747012355.1703634,32,29,56
1747012355.2063634,14,-28,-5
1747012355.2413633,-65,-32,-21
1747012355.2763634,2,11,232
1747012355.3123634,24,23,130
1747012355.3473637,31,24,186
1747012355.3833632,-69,-16,124
1747012355.418363,-91,-24,116
1747012355.4603634,50,35,76
1747012355.4963634,8,-4,176
1747012355.5323634,-27,-46,122
1747012355.5683634,-43,-40,54
1747012355.6033633,29,-11,202
1747012355.6393633,54,13,22
1747012355.6743634,-15,53,46
1747012355.7103634,4,39,180
1747012355.7453637,56,39,130
1747012355.780363,-47,-6,38
1747012355.816363,46,33,104
1747012355.8513634,-85,-66,114
1747012355.8873634,24,43,24
1747012355.9223633,-48,53,-23
1747012355.9583633,-8,-10,116
1747012355.9933634,91,-20,70
1747012356.0283637,-58,-62,102
1747012356.0643632,31,-16,-17
1747012356.099363,4,92,6
1747012356.135363,-64,-32,88
1747012356.1703634,-1,-113,60
1747012356.2063634,-24,35,0
1747012356.2413633,-12,-30,10
1747012356.2763634,29,17,188
1747012356.3123634,43,33,186
1747012356.3473637,39,-26,-3
1747012356.3833632,13,-28,164
1747012356.418363,-54,-18,-31
1747012356.4533634,-37,-6,16
1747012356.4883633,-2,-30,20
1747012356.5243633,-54,-34,70
1747012356.5603633,-37,-89,86
1747012356.5953634,35,19,24
1747012356.6313634,-106,21,84
1747012356.6663637,-20,13,70
1747012356.701363,23,-44,112
1747012356.7363634,-40,11,172
1747012356.7723634,6,46,0
1747012356.8083634,12,14,112
1747012356.8433633,0,-55,100
1747012356.8793633,-75,90,104
1747012356.9143634,45,-9,-9
1747012356.9493637,31,-23,104
1747012356.9843633,-26,-43,264
1747012357.020363,-64,2,78
1747012357.056363,20,-40,18
1747012357.0913634,-27,23,-45
1747012357.1273634,56,-26,174
1747012357.1623633,-24,54,16
1747012357.1973634,46,23,128
1747012357.2323637,-8,26,108
1747012357.2683637,-78,-41,230
1747012357.3043633,61,47,32
1747012357.339363,-58,-62,42
1747012357.375363,93,9,20
1747012357.4103634,-26,13,-43
1747012357.4453633,61,-64,52
1747012357.4803634,25,27,-15
1747012357.5163634,31,-26,78
1747012357.5523634,45,25,78
1747012357.5873632,-90,-12,86
1747012357.6233633,45,37,-49
1747012357.658363,71,-3,112
1747012357.6933634,53,-3,-41
1747012357.7283633,15,-20,52
1747012357.7643633,-23,-14,72
1747012357.8003633,-119,3,-83
1747012357.8353634,31,-51,56
1747012357.8713634,81,-31,22
1747012357.9063632,9,24,146
1747012357.941363,31,-7,58
1747012357.9763634,-18,-21,168
1747012358.0123634,49,-1,186
1747012358.0483634,91,25,102
1747012358.0833633,37,0,2
1747012358.1193633,-70,1,-19
1747012358.1543634,-50,13,72
1747012358.1893632,-87,-55,136
1747012358.224363,64,-23,88
1747012358.260363,36,0,108
1747012358.2963634,-23,-43,4
1747012358.3313634,-27,-48,152
1747012358.3673637,90,5,152
1747012358.4023633,24,-28,140
1747012358.4373634,-66,34,34
1747012358.4723637,25,30,122
1747012358.5083632,-16,6,110
1747012358.5443633,5,2,58
1747012358.579363,11,7,56
1747012358.6153634,39,32,-55
1747012358.6503634,-26,-37,44
1747012358.6853633,-25,-21,108
1747012358.7203634,-55,-15,32
1747012358.7563634,-5,8,-13
1747012358.7923634,15,30,15
1747012358.8273633,-64,14,53
1747012358.8633633,11,25,59
1747012358.8983634,5,-17,109
1747012358.9333634,-3,14,222
1747012358.9683633,64,72,-21
1747012359.0043633,57,-33,122
1747012359.0403633,77,50,154
1747012359.0753634,-26,8,104
1747012359.1113634,-50,-52,40
1747012359.1463633,-4,-88,91
1747012359.181363,-47,33,59
1747012359.2163634,10,69,111
1747012359.2523634,4,-45,-52
1747012359.2883637,-59,6,-40
1747012359.3233633,46,-15,63
1747012359.3593633,26,12,159
1747012359.3943634,-43,66,47
1747012359.4293633,-65,-19,39
1747012359.4653633,46,-17,99
1747012359.500363,-28,21,137
1747012359.5363634,98,41,-2
1747012359.5713634,-13,-8,55
1747012359.6073637,-7,0,77
1747012359.6423633,-49,-54,-16
1747012359.6773634,-29,-18,61
1747012359.7133634,-19,111,29
1747012359.7483633,0,-20,267
1747012359.7843633,36,59,111
1747012359.8193634,22,63,79
1747012359.8553634,-1,45,78
1747012359.8903637,-61,31,98
1747012359.9253633,23,0,114
1747012359.9613633,-37,-25,54
1747012359.9963634,-23,-28,24
1747012360.0323634,-53,43,-1
1747012360.0673633,-43,45,-15
1747012360.1033633,18,-21,174
1747012360.1383634,-35,-25,124
1747012360.1733634,-99,24,74
1747012360.2093637,6,-81,76
1747012360.2443633,33,4,0
1747012360.280363,-10,-18,102
1747012360.3153634,-40,-3,44
1747012360.3513634,-13,6,230
1747012360.3863633,-24,48,52
1747012360.4213634,4,17,22
1747012360.4573634,27,-1,150
1747012360.4923637,-31,-34,68
1747012360.5283637,18,-29,138
1747012360.5633633,-53,8,-9
1747012360.599363,-15,4,16
1747012360.6343634,-38,-19,34
1747012360.6693633,42,31,134
1747012360.7053633,83,16,18
1747012360.7403634,-20,26,20
1747012360.7763634,47,6,183
1747012360.8113637,15,-25,62
1747012360.8473637,-2,-3,-33
1747012360.882363,34,-80,132
1747012360.9173634,-39,9,115
1747012360.9533634,10,-4,169
1747012360.9883633,44,9,167
1747012361.0243633,-37,-9,3
1747012361.0593634,-21,6,21
1747012361.0953634,2,-55,112
1747012361.1303637,-25,-9,64
1747012361.1653633,49,21,124
1747012361.201363,60,-3,54
1747012361.2363634,-22,-26,158
1747012361.2723634,-12,-40,204
1747012361.3073633,51,73,62
1747012361.3433633,27,-52,-5
1747012361.3793633,11,1,-39
1747012361.4153633,-59,44,102
1747012361.451363,16,72,73
1747012361.4863634,0,16,-100
1747012361.5213633,36,-25,9
1747012361.5573633,-35,-33,3
1747012361.5933633,2,18,131
1747012361.6283634,-3,-61,101
1747012361.6643634,51,-8,79
1747012361.6993637,-66,-42,1
1747012361.7343633,108,67,61
1747012361.7693634,31,-42,77
1747012361.8053634,-16,-24,33
1747012361.8413634,39,-8,-46
1747012361.8763633,41,57,143
1747012361.9123633,29,-11,9
1747012361.9473634,-4,44,17
1747012361.9823637,89,51,94
1747012362.0173633,56,-66,30
1747012362.053363,-9,-26,106
1747012362.089363,-39,-42,156
1747012362.1243634,-2,-6,-15
1747012362.1603634,67,64,112
1747012362.1953633,63,75,194
1747012362.2303634,67,87,70
1747012362.2653637,34,15,94
1747012362.3013637,118,5,-71
1747012362.3373632,-35,11,-71
1747012362.372363,39,24,128
1747012362.408363,30,0,130
1747012362.4433634,-65,-48,-1
1747012362.4783633,28,-6,170
1747012362.5133634,35,1,54
1747012362.5493634,-10,-2,128
1747012362.5853634,16,-55,-71
1747012362.6203637,50,6,62
1747012362.6563632,-15,-46,62
1747012362.691363,-19,-12,8
1747012362.7263634,8,-14,88
1747012362.7613633,80,21,18
1747012362.7973633,-47,-20,214
1747012362.8333633,-79,45,50
1747012362.8683634,81,15,140
1747012362.9043634,97,5,56
1747012362.9393632,25,-40,80
1747012362.974363,16,5,148
1747012363.0093634,6,37,-15
1747012363.0453634,-21,11,170
1747012363.0813634,-11,-7,84
1747012363.1163633,14,-6,6
1747012363.1523633,-31,-50,36
1747012363.1873634,14,12,34
1747012363.2223637,39,-1,40
1747012363.257363,0,-17,32
1747012363.293363,56,-38,92
1747012363.329363,66,35,90
1747012363.3643634,-37,-16,92
1747012363.4003634,22,28,156
1747012363.4353633,28,7,164
1747012363.4703634,28,73,122
1747012363.5053637,45,-6,218
1747012363.5413637,26,3,106
1747012363.5773633,19,46,34
1747012363.612363,-19,-60,80
1747012363.6483634,-49,79,124
1747012363.6833634,-23,61,106
1747012363.7183633,-37,61,6
1747012363.7533634,18,20,1
1747012363.7893634,0,-33,6
1747012363.8253634,34,22,80
1747012363.8603632,73,24,90
1747012363.8963633,47,38,-7
1747012363.931363,68,21,109
1747012363.9663634,-31,-14,-9
1747012364.0013633,64,5,76
1747012364.0373633,-32,24,104
1747012364.0733633,31,2,122
1747012364.1083634,-41,-17,80
1747012364.1443634,32,6,12
1747012364.1793633,-69,-44,75
1747012364.214363,-65,7,69
1747012364.2493634,60,-53,107
1747012364.2853634,0,-38,-2
1747012364.3213634,-72,-9,25
1747012364.3563633,57,40,87
1747012364.3923633,-34,-47,86
1747012364.4273634,5,24,105
1747012364.4623632,74,87,113
1747012364.497363,77,-14,33
1747012364.533363,-56,30,77
1747012364.5693634,18,-42,13
1747012364.6043634,-3,-32,69
1747012364.6403637,106,-86,115
1747012364.6753633,-27,-28,75
1747012364.7103634,-17,55,59
1747012364.7463634,-31,52,-30
1747012364.7813632,36,88,103
1747012364.8173633,-60,7,13
1747012364.852363,38,59,79
1747012364.8883634,26,3,117
1747012364.9233634,-55,31,219
1747012364.9583633,22,-14,-71
1747012364.9943633,40,-10,-73
1747012365.0293634,52,-18,94
1747012365.0653634,-6,0,112
1747012365.1003633,8,-11,-11
1747012365.1363633,-3,25,86
1747012365.1713634,44,19,2
1747012365.2063634,12,-41,-5
1747012365.2423637,-21,-38,10
1747012365.2773633,-45,19,-3
1747012365.3133633,-17,-64,-39
1747012365.3483634,-15,33,174
1747012365.3843634,10,-46,52
1747012365.4193633,6,-26,28
1747012365.4613633,78,-106,-59
1747012365.4983633,4,81,108
1747012365.533363,6,115,40
1747012365.5693634,1,76,0
1747012365.6043634,-29,33,142
1747012365.6403637,41,-43,32
1747012365.6753633,13,-27,202
1747012365.7103634,13,-101,85
1747012365.7463634,7,64,17
1747012365.7813632,-18,-69,123
1747012365.8173633,-2,52,159
1747012365.852363,9,36,97
1747012365.8883634,37,-1,139
1747012365.9233634,-60,-15,61
1747012365.9583633,-45,-58,79
1747012365.9943633,-3,15,49
1747012366.0293634,-11,-40,-122
1747012366.0653634,34,-42,39
1747012366.1003633,49,31,47
1747012366.1363633,-1,-68,81
1747012366.1723633,-19,20,19
1747012366.2083633,64,-12,89
1747012366.2433634,32,7,79
1747012366.2783637,-51,35,83
1747012366.3143632,27,-26,-16
1747012366.349363,-72,-9,123
1747012366.385363,53,42,39
1747012366.4203634,-17,31,189
1747012366.4563634,42,49,13
1747012366.4923637,28,76,69
1747012366.5273633,-61,-49,65
1747012366.5623634,2,35,0
1747012366.5983634,10,-2,77
1747012366.6343634,54,-55,-74
1747012366.6693633,56,14,-4
1747012366.7053633,88,66,3
1747012366.7403634,61,8,109
1747012366.7753634,103,-39,163
1747012366.8103633,48,4,-34
1747012366.8463633,23,-5,125
1747012366.882363,75,-31,23
1747012366.9173634,7,42,127
1747012366.9533634,-86,34,83
1747012366.9883633,-17,98,13
1747012367.0233634,-24,-9,129
1747012367.0583634,-44,-37,118
1747012367.0943637,7,-19,133
1747012367.1303637,-68,20,2
1747012367.1653633,-10,19,2
1747012367.201363,-93,-43,4
1747012367.2363634,-15,10,66
1747012367.2713633,6,-38,76
1747012367.306363,-46,61,-13
1747012367.3423634,-82,111,12
1747012367.3783634,-33,-66,114
1747012367.4133637,26,-1,14
1747012367.4493637,60,-9,176
1747012367.4843633,-19,-8,164
1747012367.5193634,-9,-36,28
1747012367.5543633,-40,-61,0
1747012367.5903633,35,0,-61
1747012367.6263633,79,21,88
1747012367.6613634,35,8,86
1747012367.6973634,-50,33,72
1747012367.7323637,35,-5,76
1747012367.7673633,1,-27,128
1747012367.8023634,64,-88,-5
1747012367.8383634,24,-62,94
1747012367.8743634,34,-8,48
1747012367.9093633,-15,13,2
1747012367.9453633,52,-6,70
1747012367.9803634,85,-47,24
1747012368.0153637,13,-57,22
1747012368.0503633,-38,-71,134
1747012368.0863633,3,23,102
1747012368.122363,9,57,132
1747012368.1573634,17,2,110
1747012368.1933634,19,-41,156
1747012368.2283633,53,98,168
1747012368.2633634,-4,-37,28
1747012368.2983634,26,-17,-49
1747012368.3343637,-9,-25,60
1747012368.3703637,-19,61,100
1747012368.405363,30,63,-9
1747012368.441363,56,0,44
1747012368.4763634,24,23,128
1747012368.5113633,-101,19,86
1747012368.5463634,28,-6,192
1747012368.5823634,-10,-34,112
1747012368.6183634,23,29,108
1747012368.6533637,35,-84,34
1747012368.6893632,49,1,148
1747012368.724363,-37,3,74
1747012368.7593634,13,-7,72
1747012368.7943633,31,32,-7
1747012368.8303633,31,16,74
1747012368.8663633,43,-17,120
1747012368.9013634,-4,-59,18
1747012368.9373634,33,28,136
1747012368.9723637,23,6,116
1747012369.007363,3,-33,92
1747012369.0423634,3,-9,84
1747012369.0783634,54,64,62
1747012369.1143634,6,-9,190
1747012369.1493633,-32,51,56
1747012369.1853633,32,-56,-67
1747012369.2203634,78,15,26
1747012369.2553637,-105,47,106
1747012369.2903633,58,-20,102
1747012369.326363,64,3,36
1747012369.362363,74,25,-27
1747012369.3973634,18,45,-11
1747012369.4333634,-19,30,104
1747012369.4683633,-31,-19,-93
1747012369.5033634,-27,-15,156
1747012369.5383637,-10,6,94
1747012369.5743637,-66,4,52
1747012369.6103632,-37,32,124
1747012369.645363,68,-41,50
1747012369.681363,36,37,208
1747012369.7163634,120,16,126
1747012369.7513633,-91,-21,120
1747012369.7873633,-13,23,-27
1747012369.8223634,-5,0,20
1747012369.8583634,-12,-87,106
1747012369.8933637,93,-7,90
1747012369.9293633,-32,0,72
1747012369.964363,-4,16,58
1747012369.9993634,-17,9,150
1747012370.0353634,-25,25,128
1747012370.0703633,21,-11,100
1747012370.1063633,39,-45,162
1747012370.1413634,73,-18,72
1747012370.1773634,5,18,24
1747012370.2123632,59,10,142
1747012370.247363,-36,-7,176
1747012370.283363,13,8,210
1747012370.3183634,-30,-49,22
1747012370.3543634,-71,55,34
1747012370.3893633,54,-2,136
1747012370.4253633,126,-55,88
1747012370.4603634,40,32,28
1747012370.4953637,37,-53,93
1747012370.5313632,10,2,191
1747012370.566363,14,-29,117
1747012370.602363,32,-46,3
1747012370.6373634,-13,66,211
1747012370.6733634,-59,-14,35
1747012370.7083633,-39,5,5
1747012370.7433634,20,1,63
1747012370.7793634,20,-30,14
1747012370.8143632,52,-50,89
1747012370.8503633,-24,75,149
1747012370.885363,49,-38,13
1747012370.9213634,-42,-2,23
1747012370.9563634,-74,-58,134
1747012370.9913633,61,11,96
1747012371.0273633,1,1,208
1747012371.0623634,31,44,36
1747012371.0983634,-62,-25,184
1747012371.1333632,-8,-33,154
1747012371.1693633,25,-8,38
1747012371.204363,29,-28,146
1747012371.2393634,18,-4,168
1747012371.2753634,6,-74,47
1747012371.3103633,47,-40,2
1747012371.3463633,23,-10,34
1747012371.3813634,-48,-81,132
1747012371.4173634,59,14,19
1747012371.4523633,-46,-9,43
1747012371.487363,45,74,63
1747012371.5233634,32,4,115
1747012371.5583634,44,-19,71
1747012371.5943637,-9,8,93
1747012371.6293633,92,-25,73
1747012371.6643634,-47,17,-52
1747012371.6993637,8,-20,103
1747012371.7353632,-15,-102,159
1747012371.7713633,52,-12,143
1747012371.806363,22,-100,111
1747012371.8423634,-91,27,3
1747012371.8773634,54,31,-20
1747012371.9123633,-75,16,35
1747012371.9473634,-15,-46,29
1747012371.9833634,44,41,83
1747012372.0193634,-59,-62,51
1747012372.0543633,9,-23,139
1747012372.0903633,-13,0,113
1747012372.125363,-51,2,157
1747012372.1603634,-60,10,131
1747012372.1953633,29,4,189
1747012372.2313633,39,4,0
1747012372.2673633,115,-5,41
1747012372.3023634,35,-3,109
1747012372.3383634,10,93,159
1747012372.3733633,-111,59,229
1747012372.408363,-17,-15,-54
1747012372.4433634,-13,25,117
1747012372.4793634,0,-84,71
1747012372.5153637,12,15,-18
1747012372.5503633,6,-44,41
1747012372.5863633,38,65,63
1747012372.6213634,23,69,69
1747012372.6563632,54,-18,143
1747012372.691363,39,-8,99
1747012372.727363,14,-44,225
1747012372.7633634,20,39,53
1747012372.7983634,116,33,71
1747012372.8343637,16,11,55
1747012372.8693633,-20,60,51
1747012372.9043634,55,-40,143
1747012372.9393632,29,-37,73
1747012372.9753633,41,41,69
1747012373.0113633,1,-56,71
1747012373.0463634,0,5,139
1747012373.0823634,111,41,121
1747012373.1173637,-26,-122,183
1747012373.1523633,71,-8,83
1747012373.1873634,-14,71,69
1747012373.2233634,-42,49,-48
1747012373.2593634,-111,35,51
1747012373.2943633,16,-44,77
1747012373.3303633,0,-10,95
1747012373.3653634,86,-36,113
1747012373.4003634,10,-26,107
1747012373.4353633,4,-66,41
1747012373.4713633,-27,9,-30
1747012373.507363,14,-22,99
1747012373.5423634,92,29,-58
1747012373.5783634,20,35,45
1747012373.6133633,-61,0,23
1747012373.6483634,74,29,-14
1747012373.6833634,-3,-46,39
1747012373.7193637,0,49,109
1747012373.7553637,44,53,27
1747012373.7903633,-57,-3,17
1747012373.826363,4,-63,147
1747012373.8613634,-6,-48,69
1747012373.8963633,-13,19,-16
1747012373.931363,-2,-20,139
1747012373.9673634,-57,6,-34
1747012374.0033634,-5,48,59
1747012374.0383637,36,-5,1
1747012374.0743637,3,-8,29
1747012374.1093633,46,0,39
1747012374.1443634,-32,-32,27
1747012374.1793633,-49,-5,85
1747012374.2153633,44,-53,121
1747012374.2513633,51,-35,79
1747012374.2863634,-15,-53,65
1747012374.3223634,-25,6,6
1747012374.3573637,21,15,178
1747012374.3923633,-30,-18,47
1747012374.4273634,-2,-116,40
1747012374.4633634,-46,41,90
1747012374.4993634,19,29,14
1747012374.5343633,0,33,38
1747012374.5703633,19,-26,-11
1747012374.6053634,-44,-2,102
1747012374.6403637,20,8,44
1747012374.6753633,-59,-29,54
1747012374.7113633,-43,-81,54
1747012374.747363,94,44,38
1747012374.7823634,36,2,60
1747012374.8183634,32,-23,16
1747012374.8533633,52,-61,56
1747012374.8883634,54,-57,80
1747012374.9243634,-66,-16,124
1747012374.9593637,-46,0,52
1747012374.9953637,108,-23,110
1747012375.030363,-21,-15,82
1747012375.066363,-18,35,204
1747012375.1013634,37,-66,34
1747012375.1363633,-19,-16,50
1747012375.1723633,36,18,136
1747012375.2073634,52,14,200
1747012375.2433634,47,-44,2
1747012375.2783637,-18,13,0
1747012375.3143632,30,-24,152
1747012375.349363,90,-14,53
1747012375.3843634,0,59,91
1747012375.4203634,-71,-38,31
1747012375.4623632,33,9,138
1747012375.4993634,-39,-46,107
1747012375.5343633,26,49,43
1747012375.5703633,24,-38,71
1747012375.6053634,114,15,89
1747012375.6403637,61,23,24
1747012375.6763637,36,10,110
1747012375.7113633,51,63,-30
1747012375.747363,-3,-1,61
1747012375.7823634,35,-32,149
1747012375.8183634,-62,19,47
1747012375.8533633,53,47,107
1747012375.8883634,-29,40,139
1747012375.9243634,-64,-1,-41
1747012375.9593637,-4,28,128
1747012375.9953637,14,-13,138
1747012376.030363,-23,-13,56
1747012376.066363,-79,0,106
1747012376.1013634,-41,23,172
1747012376.1363633,27,-55,6
1747012376.1723633,-8,32,87
1747012376.2073634,-10,42,-64
1747012376.2433634,18,19,70
1747012376.2783637,20,-110,27
1747012376.3143632,-67,5,-18
1747012376.349363,-15,46,-60
1747012376.3843634,38,-15,111
1747012376.4203634,6,-40,59
1747012376.4553633,50,-10,205
1747012376.4913633,-14,101,-66
1747012376.5263634,44,3,25
1747012376.5623634,-8,13,64
1747012376.5973637,78,15,101
1747012376.632363,6,9,51
1747012376.668363,-2,23,88
1747012376.7033634,-46,3,75
1747012376.7393634,18,-51,67
1747012376.7743633,42,32,125
1747012376.8093634,66,2,-38
1747012376.8443637,8,-45,97
1747012376.8803637,100,-27,-116
1747012376.9163637,58,-12,49
1747012376.951363,14,-76,41
1747012376.987363,48,-17,9
1747012377.0223634,12,-19,105
1747012377.0573633,12,50,97
1747012377.0923634,-43,-25,125
1747012377.1283634,-33,-43,107
1747012377.1643634,-41,48,85
1747012377.1993637,-101,-39,17
1747012377.2353632,65,-12,135
1747012377.270363,32,53,139
1747012377.3053634,11,-23,-2
1747012377.3403633,-39,-30,37
1747012377.3763633,80,-6,101
1747012377.4123633,46,-9,29
1747012377.4473634,39,-23,119
1747012377.4833634,34,-8,127
1747012377.5183637,-84,18,-46
1747012377.553363,87,34,99
1747012377.5883634,61,-13,65
1747012377.6243634,44,-29,101
1747012377.6603634,32,-11,141
1747012377.6953633,-18,-35,111
1747012377.7313633,-41,54,49
1747012377.7663634,-27,-15,97
1747012377.8013637,6,54,177
1747012377.8363633,50,61,58
1747012377.872363,-1,13,110
1747012377.908363,-83,-52,-24
1747012377.9433634,-37,96,-7
1747012377.9793634,-17,13,192
1747012378.0143633,24,-58,66
1747012378.0493634,18,-18,86
1747012378.0843637,44,-26,92
1747012378.1203637,2,5,138
1747012378.1563632,-29,-68,46
1747012378.191363,32,-54,10
1747012378.227363,-75,33,84
1747012378.2623634,16,51,92
1747012378.2973633,20,-40,55
1747012378.3323634,36,-40,77
1747012378.3683634,-64,-42,41
1747012378.4043634,10,-22,131
1747012378.4393632,42,71,79
1747012378.4753633,5,27,171
1747012378.510363,-26,1,87
1747012378.5453634,-1,-34,123
1747012378.5803633,-82,-30,-150
1747012378.6163633,-18,36,43
1747012378.6523633,49,-77,13
1747012378.6873634,-22,-71,45
1747012378.7233634,6,-18,27
1747012378.7583632,-72,-36,63
1747012378.793363,-34,41,159
1747012378.8283634,-28,-34,43
1747012378.8643634,57,-11,121
1747012378.9003634,-23,-17,51
1747012378.9353633,-18,-11,81
1747012378.9713633,-60,8,111
1747012379.0063634,19,-20,85
1747012379.0413637,-22,1,109
1747012379.076363,85,-20,89
1747012379.112363,54,-6,43
1747012379.1483634,94,15,49
1747012379.1833634,46,-12,87
1747012379.2193637,33,-15,17
1747012379.2543633,60,-6,89
1747012379.2893634,2,-28,153
1747012379.3243637,7,-29,193
1747012379.3603632,-29,-88,29
1747012379.3963633,8,19,321
1747012379.431363,-105,-28,27
1747012379.4673634,50,-23,69
1747012379.5023634,40,-41,129
1747012379.5373633,-29,31,89
1747012379.5723634,-23,6,33
1747012379.6083634,-65,-15,173
1747012379.6443634,-36,-6,-34
1747012379.6793633,30,-82,169
1747012379.7153633,48,-2,205
1747012379.750363,52,3,-68
1747012379.7853634,-66,31,149
1747012379.8203633,57,95,89
1747012379.8563633,-30,-92,99
1747012379.8923633,-14,-42,87
1747012379.9273634,-28,-45,91
1747012379.9633634,-2,31,33
1747012379.9983633,-28,-65,207
1747012380.033363,-62,-34,73
1747012380.0693634,43,57,63
1747012380.1043634,78,-38,83
1747012380.1403637,-70,63,15
1747012380.1753633,-27,27,-22
1747012380.2113633,44,-48,65
1747012380.2463634,-10,10,-61
1747012380.2813632,41,54,76
1747012380.3173633,25,-13,70
1747012380.352363,7,6,32
1747012380.3883634,-40,-45,214
1747012380.4233634,-42,-61,56
1747012380.4593637,-39,54,64
1747012380.4943633,1,6,52
1747012380.5293634,-17,68,78
1747012380.5653634,92,34,50
1747012380.6003633,-86,12,-21
1747012380.6363633,-62,-75,63
1747012380.6713634,67,12,167
1747012380.7073634,35,-109,79
1747012380.7423637,7,-41,119
1747012380.7773633,-21,-27,113
1747012380.8133633,6,-71,143
1747012380.8483634,27,9,35
1747012380.8843634,-5,-38,91
1747012380.9193633,14,0,175
1747012380.9553633,16,-14,191
1747012380.9903634,2,-18,25
1747012381.0253634,-27,-18,47
1747012381.0613637,2,-34,31
1747012381.0963633,-17,-17,75
1747012381.132363,4,48,147
1747012381.1673634,-45,32,169
1747012381.2033634,30,3,95
1747012381.2383633,-37,-3,104
1747012381.2733634,34,-45,140
1747012381.3093634,-13,-17,-34
1747012381.3443637,58,-22,92
1747012381.3803637,19,61,59
1747012381.4153633,-42,3,51
1747012381.451363,53,-32,19
1747012381.4863634,-56,-14,117
1747012381.5213633,50,57,-34
1747012381.5573633,-12,-8,-64
1747012381.5923634,11,39,19
1747012381.6283634,-8,5,-8
1747012381.6633637,55,-12,115
1747012381.6983633,-62,11,103
1747012381.7333634,-26,-20,65
1747012381.7693634,27,0,141
1747012381.8053634,7,-10,-42
1747012381.8403633,-44,-30,23
1747012381.8763633,-46,61,-14
1747012381.9113634,49,-32,167
1747012381.9463634,37,-8,-32
1747012381.9813633,45,-12,123
1747012382.0173633,35,15,139
1747012382.053363,39,65,143
1747012382.0883634,-74,37,-34
1747012382.1243634,-34,27,61
1747012382.1593633,45,-8,51
1747012382.1943634,139,15,81
1747012382.2293634,-72,-48,43
1747012382.2653637,55,-30,139
1747012382.3013637,-22,-56,-42
1747012382.3363633,25,-26,55
1747012382.372363,-38,-42,0
1747012382.4073634,11,35,25
1747012382.4423633,9,49,147
1747012382.477363,49,15,7
1747012382.5133634,-12,27,27
1747012382.5493634,-14,-8,3
1747012382.5843637,0,-38,35
1747012382.6203637,0,46,103
1747012382.655363,-24,14,0
1747012382.6903634,-81,5,131
1747012382.7253633,35,3,77
1747012382.7613633,-64,27,97
1747012382.7973633,-10,67,33
1747012382.8323634,-36,35,127
1747012382.8683634,31,-12,161
1747012382.9033637,-43,7,87
1747012382.9383633,23,-38,59
1747012382.9733634,-48,-74,103
1747012383.0093634,12,72,45
1747012383.0453634,-59,4,-12
1747012383.0803633,135,-9,45
1747012383.1163633,63,0,27
1747012383.1513634,-38,-37,141
1747012383.1863637,-17,-47,27
1747012383.2213633,32,-77,45
1747012383.257363,25,111,51
1747012383.293363,-7,20,123
1747012383.3283634,40,-17,19
1747012383.3643634,-2,14,99
1747012383.3993633,-82,-11,-128
1747012383.4343634,3,-7,172
1747012383.4693637,61,-97,176
1747012383.5053637,-32,-99,144
1747012383.5413637,-26,-11,152
1747012383.576363,39,16,107
1747012383.612363,53,-16,87
1747012383.6473634,-34,33,73
1747012383.6823633,3,-48,47
1747012383.7173634,-57,3,23
1747012383.7533634,-13,45,23
1747012383.7893634,-29,21,-98
1747012383.8243637,16,17,51
1747012383.8603632,33,-68,85
1747012383.895363,-27,-36,-14
1747012383.9303634,-11,-42,65
1747012383.9653633,-11,-24,169
1747012384.0013633,-1,37,181
1747012384.0373633,2,-30,101
1747012384.0723634,-45,-44,55
1747012384.1083634,-81,-18,21
1747012384.1433637,22,21,-80
1747012384.178363,8,-10,-28
1747012384.2133634,50,-72,79
1747012384.2493634,102,-8,83
1747012384.2853634,-55,-76,167
1747012384.3203633,52,-56,71
1747012384.3563633,32,29,17
1747012384.3913634,28,-36,71
1747012384.4263637,-33,-26,69
1747012384.4613633,30,-5,63
1747012384.497363,-17,-27,67
1747012384.533363,-61,-7,35
1747012384.5683634,66,18,-60
1747012384.6043634,-63,-23,95
1747012384.6393633,-9,43,55
1747012384.6743634,-33,0,71
1747012384.7093637,102,-3,-54
1747012384.7453637,38,0,126
1747012384.7813632,8,-5,49
1747012384.816363,-73,-29,94
1747012384.852363,110,20,40
1747012384.8873634,24,-62,112
1747012384.9223633,-47,-32,56
1747012384.9583633,-41,0,58
1747012384.9933634,22,-41,-55
1747012385.0293634,-9,66,22
1747012385.0643632,-117,-23,102
1747012385.1003633,38,-30,144
1747012385.135363,72,-24,50
1747012385.1703634,65,-23,72
1747012385.2063634,-27,3,104
1747012385.2413633,9,-31,112
1747012385.2773633,-3,-22,40
1747012385.3123634,-67,-14,30
1747012385.3483634,12,-30,70
1747012385.3833632,34,23,26
1747012385.418363,26,37,72
1747012385.454363,59,93,60
1747012385.4963634,-48,-36,20
1747012385.533363,68,-64,70
1747012385.5683634,0,5,107
1747012385.6043634,38,-22,131
1747012385.6393633,48,13,65
1747012385.6743634,14,-22,89
1747012385.7103634,-25,71,81
1747012385.7453637,86,65,123
1747012385.7813632,83,-19,43
1747012385.816363,45,-44,120
1747012385.852363,-28,-30,-5
1747012385.8873634,10,-14,46
1747012385.9223633,-12,-15,-9
1747012385.9583633,-4,-10,164
1747012385.9933634,31,5,52
1747012386.0293634,61,-46,-9
1747012386.0643632,-26,23,20
1747012386.1003633,63,28,142
1747012386.135363,-12,56,57
1747012386.1703634,-38,16,-10
1747012386.2063634,-52,-19,65
1747012386.2413633,25,30,101
1747012386.2773633,-79,-63,68
1747012386.3123634,66,38,106
1747012386.3483634,-89,-41,14
1747012386.3833632,64,-75,94
1747012386.418363,44,86,142
1747012386.454363,88,16,120
1747012386.4893634,56,-27,34
1747012386.5253634,-43,30,72
1747012386.5603633,64,-3,126
1747012386.5963633,-21,28,110
1747012386.6313634,-100,30,90
1747012386.6663637,39,34,32
1747012386.7023633,10,37,124
1747012386.737363,10,-18,98
1747012386.7733634,-53,25,-15
1747012386.8083634,28,-28,132
1747012386.8433633,38,13,62
1747012386.8783634,20,3,130
1747012386.9143634,80,19,-35
1747012386.9503634,-20,-2,0
1747012386.9853632,30,-56,124
1747012387.0213633,54,-14,58
1747012387.056363,-17,-24,44
1747012387.0913634,14,9,62
1747012387.1263633,-11,23,256
1747012387.1623633,46,-16,6
1747012387.1983633,13,-44,149
1747012387.2333634,-12,51,24
1747012387.2693634,33,36,64
1747012387.3043633,9,-13,50
1747012387.339363,-8,78,-41
1747012387.3743634,51,120,72
1747012387.4103634,3,-50,-3
1747012387.4463634,-14,16,-7
1747012387.4813633,15,20,107
1747012387.5173633,-8,-39,137
1747012387.5523634,45,-33,81
1747012387.5873632,45,-9,111
1747012387.622363,-46,-35,36
1747012387.658363,6,-22,154
1747012387.6943634,14,27,72
1747012387.7293634,2,37,170
1747012387.7653637,-73,0,136
1747012387.8003633,55,-5,30
1747012387.8353634,-21,-72,156
1747012387.8703637,4,-53,90
1747012387.9063632,0,-49,82
1747012387.9423633,-17,8,18
1747012387.977363,-50,77,-17
1747012388.0133634,-12,0,118
1747012388.0483634,-29,11,-25
1747012388.0833633,26,35,70
1747012388.1183634,5,68,58
1747012388.1543634,29,42,120
1747012388.1903634,-1,132,54
1747012388.2253633,-39,20,148
1747012388.2613633,24,72,78
1747012388.2963634,-55,-4,-7
1747012388.3313634,-9,69,124
1747012388.3663633,-24,0,-33
1747012388.4023633,10,16,160
1747012388.4383633,-28,13,42
1747012388.4733634,69,-33,56
1747012388.5093634,28,-8,18
1747012388.5443633,-55,75,40
1747012388.579363,-11,0,60
1747012388.6143634,-17,21,104
1747012388.6503634,-33,-60,134
1747012388.6863637,-1,-22,30
1747012388.7213633,-37,-21,110
1747012388.757363,104,14,89
1747012388.7923634,0,42,135
1747012388.8273633,108,8,163
1747012388.862363,-49,6,79
1747012388.8983634,-51,3,147
1747012388.9343634,28,67,73
1747012388.9693637,38,-20,-30
1747012389.0053637,32,-28,145
1747012389.0403633,-79,19,151
1747012389.0753634,-9,-48,21
1747012389.1103632,36,25,-68
1747012389.1463633,16,37,97
1747012389.1823633,-4,-40,77
1747012389.2173634,-29,-28,125
1747012389.2533634,-37,-100,107
1747012389.2883637,-32,-54,-16
1747012389.3233633,84,-26,85
1747012389.3583634,-25,23,45
1747012389.3943634,-11,-40,137
1747012389.4303634,-55,63,45
1747012389.4653633,-1,105,111
1747012389.5013633,16,-36,131
1747012389.5363634,86,9,51
1747012389.5713634,40,25,13
1747012389.6063633,12,-36,45
1747012389.6423633,35,-9,27
1747012389.678363,-13,31,-4
1747012389.7133634,-5,-20,39
1747012389.7493634,-4,31,35
1747012389.7843633,41,111,229
1747012389.8193634,1,23,-90
1747012389.8543634,-16,25,95
1747012389.8903637,-72,27,43
1747012389.9263637,42,-14,-42
1747012389.9613633,-19,-6,169
1747012389.997363,30,-32,93
1747012390.0323634,-9,39,-46
1747012390.0673633,74,47,17
1747012390.1033633,48,62,-4
1747012390.1383634,-17,-34,65
1747012390.1743634,-44,-4,155
1747012390.2093637,90,-36,13
1747012390.2453637,0,73,-12
1747012390.280363,14,-8,121
1747012390.3153634,56,-54,21
1747012390.3513634,22,-24,119
1747012390.3863633,-8,31,71
1747012390.4223633,-23,-28,73
1747012390.4573634,-21,-34,135
1747012390.4933634,-27,7,51
1747012390.5283637,-73,119,-44
1747012390.5633633,20,-11,113
1747012390.599363,2,51,75
1747012390.6343634,-63,-21,46
1747012390.6703634,-91,6,-16
1747012390.7053633,8,-76,83
1747012390.7413633,2,19,39
1747012390.7763634,58,-24,15
1747012390.8113637,-57,-22,189
1747012390.8473637,45,-12,207
1747012390.882363,59,-14,97
1747012390.918363,-20,-51,23
1747012390.9533634,-4,12,103
1747012390.9893634,49,88,133
1747012391.0243633,-8,-52,23
1747012391.0593634,-2,36,-42
1747012391.0953634,-12,73,201
1747012391.1303637,37,-28,51
1747012391.1663637,45,-30,-34
1747012391.201363,41,14,229
1747012391.237363,-12,90,37
1747012391.2723634,25,12,99
1747012391.3073633,-34,-50,167
1747012391.3433633,-25,0,217
1747012391.3783634,32,27,75
1747012391.4143634,-14,-62,-16
1747012391.4493637,-30,-18,51
1747012391.4853632,17,9,83
1747012391.520363,-24,56,28
1747012391.5553634,41,-4,4
1747012391.5913634,-76,52,61
1747012391.6263633,-44,49,149
1747012391.6623633,-10,-4,105
1747012391.6973634,7,29,92
1747012391.7333634,53,-14,16
1747012391.7683637,27,0,-9
1747012391.803363,-11,24,-13
1747012391.839363,67,-58,126
1747012391.8743634,6,18,122
1747012391.9103634,36,-23,64
1747012391.9453633,15,-33,96
1747012391.9803634,7,-36,-63
1747012392.0153637,-41,73,120
1747012392.0513637,-40,9,80
1747012392.0873632,-67,123,140
1747012392.122363,40,-46,66
1747012392.158363,-15,-20,20
1747012392.1933634,79,-24,118
1747012392.2283633,24,-46,-31
1747012392.2633634,4,-4,74
1747012392.2993634,26,-70,-3
1747012392.3353634,-45,53,104
1747012392.3703637,-3,43,52
1747012392.4063632,-43,-30,-43
1747012392.441363,11,-5,112
1747012392.4763634,27,-5,134
1747012392.5113633,61,6,84
1747012392.5473633,15,-9,90
1747012392.5833633,41,2,-5
1747012392.6183634,-20,64,-9
1747012392.6543634,-16,52,38
1747012392.6893632,-46,37,58
1747012392.724363,1,38,102
1747012392.7593634,-18,37,16
1747012392.7953634,-32,-32,112
1747012392.8313634,25,43,120
1747012392.8663633,17,-52,168
1747012392.9023633,-32,13,62
1747012392.9373634,24,-40,100
1747012392.9723637,42,7,76
1747012393.007363,19,-16,12
1747012393.043363,84,-14,44
1747012393.079363,-35,12,188
1747012393.1143634,68,-29,234
1747012393.1503634,-13,-33,-27
1747012393.1853633,-53,26,22
1747012393.2203634,56,20,110
1747012393.2553637,12,101,122
1747012393.2913637,-52,14,124
1747012393.3273633,51,18,168
1747012393.362363,23,-75,62
1747012393.3983634,14,29,47
1747012393.4333634,30,19,143
1747012393.4683633,30,-50,79
1747012393.5033634,-55,47,47
1747012393.5393634,-7,9,-88
1747012393.5753634,81,59,86
1747012393.6103632,97,45,104
1747012393.6463633,28,-42,85
1747012393.681363,109,34,67
1747012393.7163634,-57,-24,114
1747012393.7513633,-79,-72,-41
1747012393.7873633,37,18,104
1747012393.8233633,-37,17,98
1747012393.8583634,54,31,52
1747012393.8943634,6,-68,7
1747012393.9293633,-45,-24,103
1747012393.964363,14,23,104
1747012393.9993634,-39,-44,58
1747012394.0353634,13,-13,122
1747012394.0713634,20,-3,-59
1747012394.1063633,14,11,-35
1747012394.1423633,28,37,-29
1747012394.1773634,-59,-52,170
1747012394.2123632,-61,-8,92
1747012394.247363,38,-22,176
1747012394.283363,62,37,54
1747012394.3193634,-63,67,-9
1747012394.3543634,-45,-6,-7
1747012394.3903637,14,-42,196
1747012394.4253633,5,67,80
1747012394.4603634,21,4,236
1747012394.4953637,100,11,72
1747012394.5313632,58,19,99
1747012394.5673633,63,31,179
1747012394.602363,73,57,82
1747012394.6383634,-36,-28,85
1747012394.6733634,-49,8,-14
1747012394.7083633,-25,-67,17
1747012394.7433634,-85,-19,31
1747012394.7793634,-81,-5,101
1747012394.8153634,16,22,-16
1747012394.8503633,-3,8,27
1747012394.8863633,37,42,57
1747012394.9213634,55,-37,-92
1747012394.9563634,31,-57,73
1747012394.9913633,21,24,83
1747012395.0273633,-30,-57,53
1747012395.0633633,97,4,-14
1747012395.0983634,30,53,59
1747012395.1343634,0,35,169
1747012395.1693633,24,23,71
1747012395.204363,84,1,109
1747012395.2403634,-61,31,9
1747012395.2753634,-1,21,313
1747012395.3113637,13,-59,-116
1747012395.3463633,-20,-87,3
1747012395.382363,106,2,-4
1747012395.4173634,25,22,155
1747012395.4523633,51,40,73
1747012395.4883633,-26,63,51
1747012395.530363,-11,27,157
1747012395.5673633,44,-32,187
1747012395.602363,26,-21,-42
1747012395.6383634,-19,-9,35
1747012395.6733634,-9,-23,32
1747012395.7083633,4,54,-16
1747012395.7443633,-3,-33,67
1747012395.7793634,30,28,-54
1747012395.8153634,52,62,39
1747012395.8503633,48,38,88
1747012395.8863633,4,8,-3
1747012395.9213634,38,-3,96
1747012395.9563634,6,-31,32
1747012395.9923637,2,58,90
1747012396.0273633,15,0,124
1747012396.0633633,-20,2,84
1747012396.0983634,46,-29,82
1747012396.1343634,-75,4,116
1747012396.1693633,6,-31,90
1747012396.204363,92,-10,214
1747012396.2403634,-3,-15,66
1747012396.2753634,-9,-58,61
1747012396.3113637,28,-4,91
1747012396.3463633,-5,51,132
1747012396.382363,46,-14,67
1747012396.4173634,-45,15,82
1747012396.4523633,-65,-10,98
1747012396.4883633,-65,101,72
1747012396.5233634,58,27,136
1747012396.5593634,-33,53,-25
1747012396.5943637,-15,41,42
1747012396.6303637,0,45,152
1747012396.6653633,-15,63,26
1747012396.7003634,32,-5,90
1747012396.7363634,88,76,76
1747012396.7713633,4,-29,76
1747012396.8073633,34,14,62
1747012396.8423634,0,28,106
1747012396.8783634,-48,-60,68
1747012396.9143634,-12,11,122
1747012396.9493637,-26,13,24
1747012396.9843633,13,-48,80
1747012397.020363,85,-12,86
1747012397.056363,-2,-49,18
1747012397.0913634,-16,20,214
1747012397.1273634,-54,-51,4
1747012397.1623633,54,-50,8
1747012397.1973634,-23,-8,112
1747012397.2323637,-10,14,0
1747012397.2683637,-51,60,108
1747012397.3043633,4,-58,66
1747012397.339363,10,16,84
1747012397.375363,38,32,74
1747012397.4103634,35,38,146
1747012397.4453633,31,-25,120
1747012397.4803634,-30,34,112
1747012397.5163634,-54,72,84
1747012397.5523634,37,-57,12
1747012397.5873632,-14,84,16
1747012397.6233633,-90,51,116
1747012397.658363,74,-82,18
1747012397.6933634,-36,-70,80
1747012397.7283633,3,-30,18
1747012397.7643633,-31,57,128
1747012397.8003633,10,43,-35
1747012397.8353634,10,-4,54
1747012397.8713634,24,-70,44
1747012397.9063632,-29,-94,44
1747012397.941363,23,52,34
1747012397.9763634,-17,0,128
1747012398.0123634,26,-52,118
1747012398.0483634,-39,25,172
1747012398.0833633,56,19,98
1747012398.1193633,-48,-40,102
1747012398.1543634,3,17,158
1747012398.1893632,-12,49,46
1747012398.224363,-12,13,153
1747012398.260363,0,35,61
1747012398.2963634,-16,-22,64
1747012398.3313634,-16,0,22
1747012398.3673637,-108,-40,66
1747012398.4023633,-6,-46,34
1747012398.4373634,57,-90,32
1747012398.4723637,5,13,80
1747012398.5083632,5,-68,-45
1747012398.5443633,-48,13,150
1747012398.579363,-52,31,212
1747012398.6153634,43,1,92
1747012398.6503634,45,-4,77
1747012398.6853633,-50,-70,149
1747012398.7203634,23,-38,-48
1747012398.7563634,-78,71,77
1747012398.7923634,-31,-19,49
1747012398.8273633,39,-58,-90
1747012398.8633633,-46,-58,49
1747012398.8983634,11,-32,131
1747012398.9333634,63,5,-16
1747012398.9683633,54,-119,87
1747012399.0043633,103,-12,73
1747012399.0403633,-2,-36,61
1747012399.0753634,-46,13,-34
1747012399.1113634,13,25,83
1747012399.1463633,-63,-12,-14
1747012399.181363,-11,-22,-34
1747012399.2163634,14,65,29
1747012399.2523634,0,9,125
1747012399.2883637,26,63,70
1747012399.3233633,-45,-114,112
1747012399.3593633,50,89,-71
1747012399.3943634,22,27,52
1747012399.4293633,33,-106,166
1747012399.464363,-78,-61,26
1747012399.500363,-50,41,113
1747012399.5363634,0,-12,38
1747012399.5713634,39,-34,-11
1747012399.6073637,-14,-30,12
1747012399.6423633,42,23,64
1747012399.6773634,96,-24,-108
1747012399.7123632,-27,65,25
1747012399.7483633,-119,15,122
1747012399.7843633,24,-31,80
1747012399.8193634,-8,-7,68
1747012399.8553634,101,24,-1
1747012399.8903637,-5,27,28
1747012399.9253633,0,-20,2
1747012399.9603634,-27,-22,114
1747012399.9963634,-29,-32,-49
1747012400.0323634,-28,-30,74
1747012400.0673633,-38,-10,-19
1747012400.1033633,35,27,132
1747012400.1383634,7,-2,113
1747012400.1733634,99,3,59
1747012400.2093637,9,-7,-14
1747012400.2443633,11,-18,79
1747012400.280363,77,-68,3
1747012400.3153634,1,-48,93
1747012400.3513634,-16,25,-54
1747012400.3863633,-49,-40,59
1747012400.4213634,-51,11,17
1747012400.4573634,4,-3,175
1747012400.4923637,-41,30,65
1747012400.5283637,-79,84,-10
1747012400.5633633,49,-41,-4
1747012400.599363,-57,-55,9
1747012400.6343634,-1,-59,119
1747012400.6693633,-9,-3,91
1747012400.7053633,-37,-7,153
1747012400.7403634,-27,-13,175
1747012400.7763634,-94,-53,107
1747012400.8113637,116,-18,161
1747012400.8473637,36,-54,121
1747012400.882363,86,-2,39
1747012400.9173634,-51,-60,153
1747012400.9533634,50,-14,-73
1747012400.9883633,-31,55,118
1747012401.0243633,34,-28,50
1747012401.0593634,64,-26,-11
1747012401.0953634,17,27,62
1747012401.1303637,21,-23,4
1747012401.1653633,13,22,156
1747012401.201363,-20,6,-33
1747012401.2363634,55,2,92
1747012401.2723634,15,39,40
1747012401.3073633,-12,20,96
1747012401.3433633,-22,82,-35
1747012401.3783634,29,51,74
1747012401.4133637,107,57,40
1747012401.4493637,30,19,-15
1747012401.4843633,15,-40,86
1747012401.520363,39,35,-11
1747012401.5553634,13,65,146
1747012401.5913634,15,-15,34
1747012401.6263633,1,2,116
1747012401.6613634,-8,26,186
1747012401.6973634,68,-59,26
1747012401.7323637,-19,-1,64
1747012401.7683637,-3,-9,102
1747012401.803363,16,-18,-55
1747012401.839363,-3,-37,44
1747012401.8743634,50,-43,18
1747012401.9093633,144,-25,110
1747012401.9453633,-63,-59,156
1747012401.9803634,12,-39,26
1747012402.0163634,-25,-21,76
1747012402.0513637,-3,-35,114
1747012402.0873632,-9,-29,118
1747012402.1233633,30,-31,34
1747012402.158363,44,52,96
1747012402.1933634,-23,27,86
1747012402.2293634,18,-18,70
1747012402.2653637,38,38,28
1747012402.3003633,-43,10,134
1747012402.3363633,34,26,72
1747012402.3713634,-47,29,116
1747012402.4063632,34,-20,-37
1747012402.441363,-121,-30,120
1747012402.477363,-7,1,78
1747012402.5133634,37,-14,32
1747012402.5483634,15,35,92
1747012402.5843637,34,1,114
1747012402.6193633,11,-34,68
1747012402.6543634,-73,-12,144
1747012402.6893632,68,-58,92
1747012402.7253633,34,75,60
1747012402.7613633,0,13,66
1747012402.7963634,18,43,-24
1747012402.8323634,-55,69,113
1747012402.8673637,94,-27,73
1747012402.9023633,-77,4,-58
1747012402.9373634,-26,-23,10
1747012402.9733634,37,4,114
1747012403.0093634,30,-6,-23
1747012403.0443633,15,-17,32
1747012403.0803633,-42,-13,148
1747012403.1153634,-16,14,106
1747012403.1503634,-32,64,107
1747012403.1853633,32,-38,129
1747012403.2213633,-27,-4,138
1747012403.257363,30,-17,87
1747012403.2923634,56,15,18
1747012403.3283634,-73,-14,-19
1747012403.3633633,-2,7,60
1747012403.3983634,48,-4,118
1747012403.4333634,10,11,110
1747012403.4693637,42,-60,74
1747012403.5053637,102,-12,90
1747012403.5403633,50,-42,96
1747012403.576363,-113,-16,98
1747012403.6113634,15,5,-9
1747012403.6463633,-2,-18,27
1747012403.681363,21,7,-30
1747012403.7173634,19,55,107
1747012403.7533634,-42,11,201
1747012403.7883637,117,12,27
1747012403.8243637,15,16,3
1747012403.8593633,-88,16,107
1747012403.8943634,97,74,79
1747012403.9293633,-4,-51,161
1747012403.9653633,-24,22,121
1747012404.0013633,59,36,45
1747012404.0363634,38,-2,11
1747012404.0723634,-60,94,45
1747012404.1073637,-41,-18,31
1747012404.1423633,-37,-96,54
1747012404.1773634,-17,27,110
1747012404.2133634,-8,52,118
1747012404.2493634,-20,28,60
1747012404.2843633,54,63,32
1747012404.3203633,-33,-84,76
1747012404.3553634,-11,-50,78
1747012404.3903637,-75,-4,68
1747012404.4253633,-47,37,22
1747012404.4613633,-35,-52,-15
1747012404.497363,-108,4,156
1747012404.5323634,10,-42,190
1747012404.5683634,-19,-28,154
1747012404.6033633,40,15,94
1747012404.6383634,-31,24,-27
1747012404.6733634,18,-52,92
1747012404.7093637,34,-22,-9
1747012404.7453637,-13,79,102
1747012404.780363,28,39,-57
1747012404.816363,-25,7,132
1747012404.8513634,16,-6,60
1747012404.8863633,24,49,24
1747012404.9213634,-65,15,122
1747012404.9573634,38,9,36
1747012404.9933634,43,-43,110
1747012405.0283637,61,-29,-33
1747012405.0643632,34,-6,72
1747012405.099363,24,-2,86
1747012405.1343634,-13,-14,104
1747012405.1693633,-41,47,-99
1747012405.2053633,12,-62,194
1747012405.2413633,22,13,62
1747012405.2763634,26,-24,88
1747012405.3123634,-79,-44,68
1747012405.3473637,20,39,116
1747012405.382363,-55,-94,-29
1747012405.418363,5,89,70
1747012405.4533634,-36,25,116
1747012405.4893634,-18,43,76
1747012405.5313632,69,87,20
1747012405.5683634,33,0,-65
1747012405.6033633,34,-15,-11
1747012405.6383634,15,-89,-69
1747012405.6743634,107,0,94
1747012405.7093637,-18,40,116
1747012405.7453637,31,-48,28
1747012405.780363,59,35,12
1747012405.816363,-30,23,-25
1747012405.8513634,55,3,8
1747012405.8863633,-30,-42,-35
1747012405.9223633,93,29,-11
1747012405.9583633,55,26,86
1747012405.9943633,5,22,62
1747012406.0293634,53,80,14
1747012406.0653634,-14,23,54
1747012406.1003633,17,6,-3
1747012406.1363633,-46,84,64
1747012406.1713634,-81,-24,114
1747012406.2063634,136,-45,-23
1747012406.2423637,14,11,76
1747012406.2773633,51,-45,12
1747012406.3133633,69,-17,78
1747012406.3483634,-15,-80,56
1747012406.3843634,-32,3,32
1747012406.4193633,27,-28,7
1747012406.454363,35,31,175
1747012406.4903634,6,53,51
1747012406.5253634,-11,23,-10
1747012406.5613637,103,-75,12
1747012406.5963633,-26,26,-13
1747012406.632363,-30,14,-11
1747012406.6673634,25,12,156
1747012406.7023633,59,34,-9
1747012406.7383633,-2,75,-11
1747012406.7733634,57,27,138
1747012406.8093634,67,49,12
1747012406.8443637,-52,63,56
1747012406.8803637,26,-65,102
1747012406.9153633,-5,-21,196
1747012406.9503634,-13,66,40
1747012406.9863634,-5,26,30
1747012407.0213633,12,49,127
1747012407.0573633,56,15,-34
1747012407.0923634,-15,-18,95
1747012407.1283634,8,-50,105
1747012407.1643634,2,45,33
1747012407.2003634,11,-37,87
1747012407.2363634,16,39,37
1747012407.2713633,8,37,121
1747012407.306363,34,-64,-48
1747012407.3423634,6,-15,40
1747012407.3783634,-11,15,117
1747012407.4133637,108,20,-6
1747012407.4493637,28,-9,-8
1747012407.4843633,-47,-31,-102
1747012407.5193634,-85,4,49
1747012407.5543633,68,22,47
1747012407.5903633,-51,-81,119
1747012407.6263633,10,16,92
1747012407.6613634,14,-23,158
1747012407.6973634,11,-47,183
1747012407.7323637,-24,-51,0
1747012407.7673633,-101,17,146
1747012407.8023634,-45,-42,30
1747012407.8383634,-64,46,-11
1747012407.8743634,2,20,61
1747012407.9093633,-43,-103,-18
1747012407.9453633,-19,65,112
1747012407.9803634,1,11,-7
1747012408.0153637,-41,60,-77
1747012408.0503633,-66,2,-67
1747012408.0863633,17,-21,76
1747012408.122363,-60,-19,100
1747012408.1573634,-63,-41,34
1747012408.1933634,-17,-19,42
1747012408.2283633,-7,-15,96
1747012408.2633634,-9,-71,162
1747012408.2983634,76,26,-51
1747012408.3343637,0,-73,114
1747012408.3703637,-29,-90,-27
1747012408.405363,-5,66,54
1747012408.441363,0,0,90
1747012408.4763634,45,-145,32
1747012408.5113633,93,22,134
1747012408.5463634,-16,-13,-126
1747012408.5823634,91,-85,141
1747012408.6183634,58,44,105
1747012408.6533637,-77,80,-38
1747012408.6893632,20,-39,-16
1747012408.724363,18,55,63
1747012408.7593634,-11,25,95
1747012408.7943633,39,-1,117
1747012408.8303633,34,97,37
1747012408.8663633,-17,-42,117
1747012408.9013634,-10,-45,19
1747012408.9373634,10,89,105
1747012408.9723637,-52,24,-28
1747012409.007363,9,-25,163
1747012409.0423634,23,8,51
1747012409.0783634,61,-38,-4
1747012409.1143634,37,57,153
1747012409.1493633,-26,-24,173
1747012409.1853633,13,27,-50
1747012409.2203634,21,19,39
1747012409.2553637,61,25,3
1747012409.2903633,-72,4,9
1747012409.326363,51,-57,137
1747012409.362363,-32,-5,79
1747012409.3973634,5,0,151
1747012409.4333634,-15,29,131
1747012409.4683633,11,0,25
1747012409.5033634,17,-76,-38
1747012409.5383637,91,23,81
1747012409.5743637,-76,-10,-34
1747012409.6103632,49,-22,81
1747012409.645363,0,0,118
1747012409.681363,-54,25,78
1747012409.7163634,47,-12,-91
1747012409.7513633,-14,21,-61
1747012409.7863634,-58,-4,24
1747012409.8223634,-8,-46,106
1747012409.8583634,18,57,178
1747012409.8933637,-15,0,62
1747012409.9293633,26,-46,148
1747012409.964363,10,20,6
1747012409.9993634,40,78,-61
1747012410.0343633,-33,-9,0
1747012410.0703633,-10,-68,-7
1747012410.1063633,-1,67,102
1747012410.1413634,-20,-14,96
1747012410.1773634,56,-33,128
1747012410.2123632,-41,-27,50
1747012410.247363,51,1,40
1747012410.283363,-17,62,100
1747012410.3183634,-37,-53,102
1747012410.3543634,-1,8,54
1747012410.3893633,-41,-15,16
1747012410.4253633,36,-31,60
1747012410.4603634,-33,-43,12
1747012410.4953637,-57,62,-1
1747012410.5313632,30,-17,40
1747012410.566363,80,70,32
1747012410.602363,-52,11,106
1747012410.6373634,25,-92,82
1747012410.6733634,70,-7,40
1747012410.7083633,30,2,48
1747012410.7433634,9,-59,60
1747012410.7793634,18,-5,186
1747012410.8143632,71,36,2
1747012410.8503633,89,20,86
1747012410.885363,79,24,-29
1747012410.9213634,-72,34,86
1747012410.9563634,29,26,20
1747012410.9913633,10,46,134
1747012411.0273633,15,-26,114
1747012411.0623634,-76,-10,-13
1747012411.0983634,15,49,52
1747012411.1333632,59,-60,-29
1747012411.1693633,99,-60,63
1747012411.204363,-56,-84,177
1747012411.2393634,33,11,78
1747012411.2753634,31,35,76
1747012411.3103633,29,-74,17
1747012411.3463633,-4,-24,269
1747012411.3813634,-7,-7,73
1747012411.4173634,-3,-43,38
1747012411.4523633,52,-23,12
1747012411.487363,-7,16,109
1747012411.5233634,-19,-54,1
1747012411.5583634,-38,0,89
1747012411.5943637,-10,-40,-86
1747012411.6293633,23,-72,41
1747012411.6653633,9,35,53
1747012411.7003634,-5,-27,60
1747012411.7353632,-18,27,142
1747012411.7713633,43,-14,98
1747012411.806363,-16,-14,91
1747012411.8423634,97,-40,205
1747012411.8773634,3,20,107
1747012411.9133637,-22,-20,117
1747012411.9483633,-54,-23,90
1747012411.9833634,18,22,131
1747012412.0193634,29,-13,128
1747012412.0543633,75,-31,-63
1747012412.0903633,-18,-33,52
1747012412.125363,-4,62,46
1747012412.1613634,49,-63,-29
1747012412.1973634,0,-69,18
1747012412.2323637,-3,14,76
1747012412.2673633,50,-5,112
1747012412.303363,-11,36,3
1747012412.339363,57,-9,92
1747012412.3743634,-28,23,34
1747012412.4103634,47,-20,103
1747012412.4453633,33,41,151
1747012412.4803634,-69,-28,101
1747012412.5153637,-6,-7,93
1747012412.5513637,-6,-7,73
1747012412.5873632,-26,60,113
1747012412.622363,-20,-95,71
1747012412.658363,-30,9,7
1747012412.6933634,97,11,-22
1747012412.7283633,-6,7,145
1747012412.7633634,-40,-14,139
1747012412.7993634,-42,73,75
1747012412.8353634,105,19,105
1747012412.8703637,63,53,29
1747012412.9063632,17,0,119
1747012412.941363,43,-30,111
1747012412.9763634,-11,17,129
1747012413.0113633,79,-10,71
1747012413.0473633,83,57,1
1747012413.0833633,-28,-46,153
1747012413.1183634,19,-30,91
1747012413.1543634,75,29,207
1747012413.1893632,18,17,93
1747012413.224363,-29,57,27
1747012413.2593634,66,-6,-26
1747012413.2953634,80,-34,135
1747012413.3313634,-5,-26,43
1747012413.3673637,9,-17,121
1747012413.4033637,33,6,9
1747012413.4383633,-22,-47,83
1747012413.474363,-10,-6,143
1747012413.5093634,-46,32,67
1747012413.5443633,4,53,73
1747012413.579363,-75,-10,157
1747012413.6153634,77,12,47
1747012413.6513634,-64,-35,65
1747012413.6863637,53,44,126
1747012413.7223637,59,66,110
1747012413.757363,-13,-24,80
1747012413.7923634,-23,127,80
1747012413.8273633,7,-55,82
1747012413.8633633,-43,71,150
1747012413.8993633,4,7,112
1747012413.9343634,-16,-87,-45
1747012413.9703634,11,48,44
1747012414.0053637,50,-72,54
1747012414.0403633,-73,45,112
1747012414.0753634,31,17,76
1747012414.1113634,-31,45,80
1747012414.1473634,27,-48,100
1747012414.1823633,39,65,14
1747012414.2183633,-16,12,-7
1747012414.2533634,-12,-43,58
1747012414.2883637,1,-21,32
1747012414.3233633,27,-40,102
1747012414.3593633,-6,39,124
1747012414.395363,-7,43,33
1747012414.4303634,-77,-32,55
1747012414.4663634,26,-12,150
1747012414.5013633,44,17,75
1747012414.5363634,58,21,23
1747012414.5713634,-29,27,-5
1747012414.6073637,-21,-57,-17
1747012414.6433637,-37,-74,198
1747012414.678363,-35,77,96
1747012414.714363,-28,-20,39
1747012414.7493634,2,-30,195
1747012414.7843633,104,9,127
1747012414.8193634,28,41,31
1747012414.8553634,-61,-50,-44
1747012414.8913634,-65,-46,112
1747012414.9263637,8,36,75
1747012414.9623632,-47,-2,157
1747012414.997363,-59,11,21
1747012415.0323634,-55,5,191
1747012415.0673633,-38,-24,93
1747012415.1033633,41,19,126
1747012415.1393633,-90,-2,32
1747012415.1743634,30,-85,40
1747012415.2103634,58,-8,-7
1747012415.2453637,-33,-20,45
1747012415.280363,26,-22,62
1747012415.3153634,118,3,-89
1747012415.3513634,-54,37,22
1747012415.3873634,16,6,154
1747012415.4223633,30,10,128
1747012415.4583633,74,45,44
1747012415.4933634,50,-23,-7
1747012415.5353634,-25,-7,34
1747012415.5723634,-28,35,52
1747012415.6073637,21,27,68
1747012415.6433637,-60,12,44
1747012415.678363,-16,-3,160
1747012415.714363,23,-50,-27
1747012415.7493634,14,-1,-69
1747012415.7843633,-27,-71,164
1747012415.8203633,52,77,182
1747012415.8553634,-17,-38,134
1747012415.8913634,28,-28,126
1747012415.9263637,50,-24,110
1747012415.9623632,-69,9,78
1747012415.997363,-17,-54,90
1747012416.0323634,40,35,142
1747012416.0683634,85,-42,5
1747012416.1033633,33,-29,95
1747012416.1393633,14,-54,0
1747012416.1743634,76,97,67
1747012416.2103634,-51,61,87
1747012416.2453637,29,-84,131
1747012416.280363,67,42,-5
1747012416.316363,-28,-34,88
1747012416.3513634,-1,-50,144
1747012416.3873634,-16,17,192
1747012416.4223633,-60,-76,44
1747012416.4583633,42,-4,6
1747012416.4933634,97,5,20
1747012416.5283637,-22,57,-17
1747012416.5643632,49,-54,83
1747012416.599363,40,9,-10
1747012416.635363,-14,-70,151
1747012416.6703634,33,41,123
1747012416.7063634,31,-20,81
1747012416.7413633,21,31,45
1747012416.7763634,-24,-86,91
1747012416.8123634,-85,15,131
1747012416.8473637,-8,-48,127
1747012416.8833632,-66,-22,53
1747012416.918363,-42,93,125
1747012416.954363,47,23,35
1747012416.9893634,-64,-60,65
1747012417.0243633,32,122,-14
1747012417.0603633,30,58,55
1747012417.0953634,-113,-9,-102
1747012417.1313634,-19,28,65
1747012417.1663637,28,-27,125
1747012417.2023633,-9,76,107
1747012417.2383633,51,10,105
1747012417.2743633,-34,-22,179
1747012417.3103633,-36,-50,139
1747012417.3453634,-49,50,-4
1747012417.3803637,54,26,159
1747012417.4163637,22,-30,-16
1747012417.4523633,1,49,103
1747012417.487363,85,-29,33
1747012417.5233634,51,-16,77
1747012417.5583634,53,63,91
1747012417.5933633,19,5,109
1747012417.6283634,-4,55,53
1747012417.6643634,-108,-27,61
1747012417.7003634,55,53,11
1747012417.7353632,-3,19,145
1747012417.7713633,-57,-32,75
1747012417.806363,-100,-17,129
1747012417.8413634,-26,5,55
1747012417.8763633,55,63,47
1747012417.9123633,7,35,-40
1747012417.9483633,-24,-18,57
1747012417.9833634,-28,-38,55
1747012418.0193634,-16,17,83
1747012418.0543633,-22,101,119
1747012418.089363,43,-10,43
1747012418.1243634,-6,-32,135
1747012418.1603634,-4,49,15
1747012418.1963634,107,-42,53
1747012418.2313633,-12,67,11
1747012418.2673633,-66,37,63
1747012418.3023634,56,-47,15
1747012418.3373632,-77,16,57
1747012418.372363,-53,0,39
1747012418.408363,-73,11,55
1747012418.4443634,66,-13,39
1747012418.4793634,92,-9,67
1747012418.5153637,-13,11,25
1747012418.5503633,0,-44,109
1747012418.5853634,34,-125,69
1747012418.6203637,53,-7,68
1747012418.6563632,-52,-33,92
1747012418.6923633,4,25,73
1747012418.727363,12,-59,52
1747012418.7633634,-73,26,72
1747012418.7983634,-3,-47,58
1747012418.8333633,30,-27,48
1747012418.8683634,67,33,8
1747012418.9043634,-4,3,46
1747012418.9403634,-27,-42,48
1747012418.9753633,-63,27,134
1747012419.0113633,62,-14,80
1747012419.0463634,-41,-26,32
1747012419.0813634,-11,-48,-37
1747012419.1163633,8,21,74
1747012419.1523633,-13,-44,-7
1747012419.1883633,-23,-41,-21
1747012419.2233634,64,102,44
1747012419.2593634,19,49,64
1747012419.2943633,59,-28,140
1747012419.329363,-14,9,-1
1747012419.3643634,-87,24,96
1747012419.4003634,-37,42,106
1747012419.4363637,-39,-43,-41
1747012419.4713633,12,-73,10
1747012419.507363,-37,-30,136
1747012419.5423634,93,31,-51
1747012419.5773633,28,-12,58
1747012419.612363,-63,-32,88
1747012419.6483634,-24,-66,20
1747012419.6843634,51,-20,236
1747012419.7193637,7,-32,100
1747012419.7553637,-30,5,6
1747012419.7903633,1,-28,66
1747012419.8253634,93,25,128
1747012419.8603632,63,19,62
1747012419.8963633,-42,-74,44
1747012419.9323633,9,-6,68
1747012419.9673634,69,-2,80
1747012420.0033634,-26,21,72
1747012420.0383637,31,33,130
1747012420.0733633,65,36,128
1747012420.1083634,31,77,106
1747012420.1443634,45,-4,38
1747012420.1803634,56,29,104
1747012420.2153633,-51,45,103
1747012420.2513633,-42,-23,86
1747012420.2863634,-2,-28,100
1747012420.3213634,123,-16,90
1747012420.3573637,-55,-28,42
1747012420.3923633,43,-14,100
1747012420.428363,28,-36,-3
1747012420.4633634,54,21,12
1747012420.4993634,-7,-22,110
1747012420.5343633,-52,-73,50
1747012420.5693634,-16,-41,-59
1747012420.6053634,45,-25,152
1747012420.6403637,14,-68,136
1747012420.6763637,-73,-28,147
1747012420.7113633,80,-118,137
1747012420.747363,-24,15,77
1747012420.7823634,-76,3,115
1747012420.8173633,34,-66,-26
1747012420.8533633,-18,-29,83
1747012420.8883634,40,73,7
1747012420.9243634,14,-16,121
1747012420.9593637,-49,-16,65
1747012420.9953637,-11,-48,168
1747012421.030363,4,-12,28
1747012421.0653634,51,90,50
1747012421.1013634,-47,24,90
1747012421.1363633,-21,36,80
1747012421.1723633,-21,63,-47
1747012421.2073634,32,23,103
1747012421.2433634,-81,-32,123
1747012421.2783637,-4,14,163
1747012421.3133633,13,0,155
1747012421.349363,-86,-20,-18
1747012421.3843634,49,-78,-30
1747012421.4203634,15,29,53
1747012421.4553633,-46,7,91
1747012421.4913633,87,-44,33
1747012421.5263634,-24,-1,29
1747012421.5613637,-19,-51,11
1747012421.5973637,-77,-25,73
1747012421.632363,66,14,63
1747012421.668363,-39,0,37
1747012421.7033634,-11,-58,15
1747012421.7393634,-93,18,155
1747012421.7743633,12,-57,31
1747012421.8093634,-55,40,45
1747012421.8453634,-7,20,81
1747012421.8803637,2,-61,115
1747012421.9163637,-11,-71,75
1747012421.951363,14,-7,38
1747012421.987363,-27,-35,126
1747012422.0223634,64,13,52
1747012422.0573633,75,-88,32
1747012422.0933633,-71,-28,-61
1747012422.1283634,-5,43,10
1747012422.1643634,-21,-4,8
1747012422.1993637,34,27,118
1747012422.2353632,10,13,102
1747012422.2713633,-19,61,-89
1747012422.3073633,-49,21,44
1747012422.3433633,-71,15,58
1747012422.3783634,-15,-2,-13
1747012422.4133637,-23,3,12
1747012422.4493637,-79,-31,118
1747012422.4853632,64,17,92
1747012422.520363,-53,19,42
1747012422.556363,106,-18,100
1747012422.5913634,10,-1,32
1747012422.6263633,66,-85,42
1747012422.6613634,-3,4,68
1747012422.6973634,-27,-31,70
1747012422.7333634,7,9,102
1747012422.7683637,-68,-42,96
1747012422.8043633,-22,-20,138
1747012422.839363,26,100,88
1747012422.8743634,74,16,24
1747012422.9093633,27,25,166
1747012422.9453633,-51,-19,146
1747012422.9813633,-5,34,12
1747012423.0163634,-9,-19,112
1747012423.0523634,4,-59,-14
1747012423.0873632,10,38,124
1747012423.122363,-42,21,19
1747012423.1573634,-8,7,-4
1747012423.1933634,-34,-16,123
1747012423.2293634,55,15,23
1747012423.2643633,11,105,75
1747012423.3003633,23,-74,145
1747012423.3353634,27,13,-34
1747012423.3703637,19,15,109
1747012423.405363,14,-13,23
1747012423.441363,12,-15,17
1747012423.477363,61,0,18
1747012423.5123634,-36,-30,-75
1747012423.5483634,-12,-69,8
1747012423.5833633,29,-52,22
1747012423.6183634,26,-22,16
1747012423.6533637,43,-31,94
1747012423.6893632,-27,-34,112
1747012423.7253633,-73,63,204
1747012423.760363,34,17,110
1747012423.7963634,51,-29,-57
1747012423.8313634,-50,-15,64
1747012423.8663633,57,-21,-15
1747012423.9013634,-1,48,62
1747012423.9373634,12,-5,0
1747012423.9733634,76,-7,138
1747012424.0083632,-32,46,60
1747012424.0443633,-48,12,-8
1747012424.079363,5,22,17
1747012424.1143634,15,-73,59
1747012424.1493633,5,-1,170
1747012424.1853633,91,22,77
1747012424.2213633,4,43,103
1747012424.2563634,44,-24,11
1747012424.2923634,-10,-85,87
1747012424.3273633,-87,34,81
1747012424.362363,78,-15,29
1747012424.3973634,-20,-116,91
1747012424.4333634,59,-30,13
1747012424.4693637,-10,0,135
1747012424.5043633,7,25,21
1747012424.5403633,29,19,17
1747012424.5753634,-52,1,104
1747012424.6103632,-16,-10,-13
1747012424.645363,0,37,14
1747012424.681363,19,65,104
1747012424.7173634,-52,-22,30
1747012424.7523634,10,13,-61
1747012424.7883637,23,16,10
1747012424.8233633,-7,17,42
1747012424.8583634,38,8,104
1747012424.8933637,-7,-17,58
1747012424.9293633,-21,-3,50
1747012424.9653633,-9,10,54
1747012425.000363,37,-37,102
1747012425.0363634,-19,-28,76
1747012425.0713634,72,34,116
1747012425.1063633,-1,43,140
1747012425.1423633,22,-57,68
1747012425.1773634,16,22,160
1747012425.2133634,6,-20,-59
1747012425.2483633,-71,-46,50
1747012425.2843633,48,-67,20
1747012425.3193634,42,-49,6
1747012425.3543634,30,64,52
1747012425.3893633,15,-14,84
1747012425.4253633,-4,87,30
1747012425.4613633,6,-43,100
1747012425.4963634,-40,18,-5
1747012425.5393634,-15,-13,28
1747012425.5753634,40,40,94
1747012425.6103632,-31,-8,120
1747012425.6463633,-81,-69,88
1747012425.681363,70,41,-5
1747012425.7173634,18,-62,118
1747012425.7523634,-33,21,78
1747012425.7883637,39,44,74
1747012425.8233633,-102,-37,-3
1747012425.8583634,15,-83,14
1747012425.8943634,-70,2,64
1747012425.9293633,24,6,-39
1747012425.9653633,2,-8,70
1747012426.000363,-19,-52,84
1747012426.0363634,89,18,124
1747012426.0713634,37,22,90
1747012426.1063633,72,65,64
1747012426.1423633,-7,19,166
1747012426.1773634,-23,-10,136
1747012426.2133634,84,-14,171
1747012426.2483633,4,-14,83
1747012426.2843633,-63,-22,102
1747012426.3193634,-33,-38,22
1747012426.3543634,-21,15,-1
1747012426.3903637,42,-28,-3
1747012426.4253633,24,-10,32
1747012426.4613633,63,-31,54
1747012426.4963634,-15,36,60
1747012426.5323634,8,-22,60
1747012426.5673633,54,-43,72
1747012426.602363,-29,22,68
1747012426.6383634,-7,-17,-95
1747012426.6733634,58,-82,58
1747012426.7093637,0,37,-13
1747012426.7443633,-61,-43,186
1747012426.780363,-1,61,85
1747012426.8153634,19,4,37
1747012426.8503633,93,-57,181
1747012426.8863633,3,-27,113
1747012426.9213634,-26,64,89
1747012426.9573634,53,-25,63
1747012426.9923637,-20,-1,75
1747012427.0283637,23,42,-34
1747012427.0633633,6,-44,-78
1747012427.0983634,30,-4,197
1747012427.1343634,104,49,109
1747012427.1693633,-61,45,133
1747012427.2053633,8,9,15
1747012427.2403634,16,31,93
1747012427.2763634,-103,-32,155
1747012427.3113637,36,-38,11
1747012427.3463633,49,-22,96
1747012427.382363,13,27,21
1747012427.4173634,27,-16,-55
1747012427.4533634,-58,-24,9
1747012427.4883633,-46,41,86
1747012427.5233634,37,29,154
1747012427.5583634,-45,-42,-67
1747012427.5943637,0,-72,144
1747012427.6303637,51,3,94
1747012427.6653633,43,-38,26
1747012427.701363,75,-22,96
1747012427.7363634,67,-53,154
1747012427.7713633,-41,42,192
1747012427.806363,-39,22,-84
1747012427.8423634,36,10,55
1747012427.8783634,70,-31,175
1747012427.9133637,-35,20,69
1747012427.9493637,90,28,-24
1747012427.9843633,-29,44,-82
1747012428.0193634,-41,33,105
1747012428.0543633,-73,59,71
1747012428.0903633,32,-88,63
1747012428.1263633,34,-43,211
1747012428.1613634,-54,-62,77
1747012428.1973634,4,0,23
1747012428.2323637,-1,13,193
1747012428.2673633,-19,-10,67
1747012428.3023634,-77,17,27
1747012428.3383634,-75,37,53
1747012428.3743634,13,20,57
1747012428.4093633,-74,99,87
1747012428.4453633,-36,-20,65
1747012428.4803634,-24,-20,99
1747012428.5153637,2,-30,63
1747012428.5503633,-19,95,9
1747012428.5863633,8,75,69
1747012428.622363,2,17,107
1747012428.6573634,-17,21,79
1747012428.6933634,54,14,101
1747012428.7283633,-13,34,-8
1747012428.7633634,-51,62,153
1747012428.7983634,-18,-58,-26
1747012428.8343637,41,-32,41
1747012428.8703637,38,13,139
1747012428.905363,22,81,77
1747012428.941363,42,31,9
1747012428.9763634,32,-10,47
1747012429.0113633,42,-8,69
1747012429.0463634,-9,-70,9
1747012429.0823634,51,-22,85
1747012429.1183634,-51,18,-20
1747012429.1533637,68,-1,39
1747012429.1893632,-9,-37,31
1747012429.224363,-15,24,99
1747012429.2593634,40,-25,47
1747012429.2943633,12,32,105
1747012429.3303633,64,0,-96
1747012429.3663633,36,-29,104
1747012429.4013634,118,40,9
1747012429.4373634,4,-33,19
1747012429.4723637,20,-57,174
1747012429.507363,-77,32,10
1747012429.5423634,-29,-27,124
1747012429.5783634,4,52,-6
1747012429.6143634,-39,-5,36
1747012429.6493633,116,-46,96
1747012429.6853633,-69,-33,125
1747012429.7203634,-9,-22,123
1747012429.7553637,-18,53,-65
1747012429.7903633,46,13,102
1747012429.826363,100,-34,170
1747012429.862363,-71,2,52
1747012429.8973634,71,-74,144
1747012429.9333634,-19,-15,32
1747012429.9683633,-31,-13,14
1747012430.0033634,-45,30,24
1747012430.0383637,-43,16,24
1747012430.0743637,6,24,80
1747012430.1103632,-1,-20,-5
1747012430.145363,-55,36,-9
1747012430.181363,28,-20,86
1747012430.2163634,-3,44,146
1747012430.2513633,-15,10,182
1747012430.2863634,-36,5,48
1747012430.3223634,-56,11,80
1747012430.3583634,-28,41,122
1747012430.3933637,-10,-10,54
1747012430.4293633,-10,-48,208
1747012430.464363,-43,-70,86
1747012430.4993634,26,43,112
1747012430.5343633,-29,11,44
1747012430.5703633,42,0,127
1747012430.6063633,92,-12,126
1747012430.6413634,4,-49,30
1747012430.6773634,-13,46,110
1747012430.7123632,-3,-29,104
1747012430.747363,58,55,50
1747012430.783363,-21,-3,64
1747012430.8183634,48,32,-23
1747012430.8543634,-15,-13,122
1747012430.8893633,-87,38,74
1747012430.9253633,-43,-5,114
1747012430.9603634,102,19,36
1747012430.9953637,62,41,90
1747012431.0313632,60,-4,-13
1747012431.066363,73,81,-5
1747012431.102363,87,41,188
1747012431.1373634,39,53,-49
1747012431.1733634,-12,-8,36
1747012431.2083633,35,43,156
1747012431.2433634,65,23,128
1747012431.2793634,13,17,-35
1747012431.3143632,-22,-28,82
1747012431.3503633,3,0,92
1747012431.385363,-26,5,66
1747012431.4213634,-38,-36,142
1747012431.4563634,11,13,56
1747012431.4913633,59,-62,0
1747012431.5273633,-16,-2,20
1747012431.5623634,-40,17,48
1747012431.5983634,39,0,6
1747012431.6333632,9,14,66
1747012431.6693633,-40,-41,-59
1747012431.704363,-20,30,70
1747012431.7393634,29,50,85
1747012431.7753634,39,15,83
1747012431.8103633,11,-5,139
1747012431.8463633,35,-45,91
1747012431.8813634,11,-51,125
1747012431.9173634,1,-23,1
1747012431.9523633,49,31,65
1747012431.987363,-23,14,115
1747012432.0233634,-16,-77,-17
1747012432.0583634,68,-16,90
1747012432.0943637,-15,-1,158
1747012432.1293633,76,-19,120
1747012432.1653633,30,-9,76
1747012432.2003634,22,4,102
1747012432.2353632,116,55,254
1747012432.2713633,-79,-72,28
1747012432.306363,10,-21,86
1747012432.3423634,74,2,186
1747012432.3773634,0,80,120
1747012432.4133637,56,-7,148
1747012432.4483633,-29,86,138
1747012432.4833634,-11,-27,76
1747012432.5193634,-17,26,170
1747012432.5543633,66,8,176
1747012432.5903633,28,14,146
1747012432.625363,26,-51,80
1747012432.6603634,-13,-43,30
1747012432.6953633,-111,-32,-15
1747012432.7313633,16,23,88
1747012432.7673633,-137,-16,112
1747012432.8023634,-31,32,88
1747012432.8383634,-18,67,64
1747012432.8733633,43,17,-3
1747012432.908363,-30,-80,46
1747012432.9433634,-32,19,96
1747012432.9793634,7,-69,30
1747012433.0153637,0,-64,178
1747012433.0503633,47,0,110
1747012433.0863633,5,24,66
1747012433.1213634,51,31,18
1747012433.1563632,-62,-45,16
1747012433.191363,11,-4,61
1747012433.227363,31,5,85
1747012433.2633634,-75,-81,-2
1747012433.2983634,-26,0,101
1747012433.3343637,-57,-5,237
1747012433.3693633,-43,70,100
1747012433.4043634,-9,16,57
1747012433.4393632,-57,54,31
1747012433.4753633,-16,-50,37
1747012433.5113633,8,-2,143
1747012433.5463634,61,-57,17
1747012433.5823634,63,18,69
1747012433.6173637,-42,-43,41
1747012433.6523633,2,31,71
1747012433.6873634,72,29,35
1747012433.7233634,64,-10,46
1747012433.7593634,-5,15,18
1747012433.7943633,16,67,176
1747012433.8303633,-59,19,-13
1747012433.8653634,21,-36,118
1747012433.9003634,20,8,28
1747012433.9353633,-19,-11,159
1747012433.9713633,-5,37,43
1747012434.007363,-51,35,-36
1747012434.0423634,90,-14,-58
1747012434.0783634,-13,41,85
1747012434.1133633,38,-2,11
1747012434.1483634,82,-15,147
1747012434.1833634,94,-60,35
1747012434.2193637,-25,127,38
1747012434.2553637,-1,24,92
1747012434.2903633,-63,5,134
1747012434.326363,-7,51,68
1747012434.3613634,-45,55,112
1747012434.3963633,30,39,182
1747012434.431363,55,6,82
1747012434.4673634,0,7,132
1747012434.5033634,10,39,-13
1747012434.5383637,42,19,92
1747012434.5743637,22,-40,2
1747012434.6093633,52,33,122
1747012434.6443634,-55,-2,42
1747012434.6793633,47,85,14
1747012434.7153633,83,-4,32
1747012434.7513633,-36,-12,118
1747012434.7863634,-4,-12,172
1747012434.8223634,35,59,-17
1747012434.8573637,43,29,212
1747012434.8923633,2,-8,116
1747012434.9273634,46,2,136
1747012434.9633634,30,-1,126
1747012434.9993634,-95,-5,90
1747012435.0343633,-7,-24,94
1747012435.0703633,102,-58,56
1747012435.1053634,52,17,2
1747012435.1403637,38,-13,-31
1747012435.1753633,-7,17,164
1747012435.2113633,1,6,186
1747012435.247363,11,20,146
1747012435.2823634,82,35,180
1747012435.3183634,74,-10,94
1747012435.3533633,-17,-58,42
1747012435.3883634,46,15,34
1747012435.4233634,-45,-10,96
1747012435.4593637,42,19,69
1747012435.4953637,14,39,79
1747012435.530363,10,11,49
1747012435.5733633,14,53,100
1747012435.6093633,-77,15,108
1747012435.6443634,-7,-76,70
1747012435.6793633,-53,-30,-46
1747012435.7153633,14,-46,47
1747012435.7513633,0,-34,39
1747012435.7863634,-11,21,166
1747012435.8223634,23,-16,-21
1747012435.8573637,62,21,49
1747012435.8923633,-1,-20,7
1747012435.928363,-37,73,141
1747012435.9633634,42,61,168
1747012435.9993634,-43,15,106
1747012436.0343633,28,1,-4
1747012436.0703633,70,17,101
1747012436.1053634,-87,33,59
1747012436.1403637,6,0,61
1747012436.1763637,-98,3,203
1747012436.2113633,-8,-26,143
1747012436.247363,-36,-14,46
1747012436.2823634,-88,-22,6
1747012436.3183634,3,37,94
1747012436.3533633,-12,37,112
1747012436.3883634,23,33,-33
1747012436.4243634,-8,41,184
1747012436.4593637,-8,0,52
1747012436.4953637,-66,3,58
1747012436.530363,-66,-4,108
1747012436.566363,-25,66,10
1747012436.6013634,-89,28,68
1747012436.6363633,26,-63,50
1747012436.6723633,-45,2,88
1747012436.7073634,28,52,38
1747012436.7433634,-65,0,86
1747012436.7783637,50,24,108
1747012436.8143632,-1,-43,28
1747012436.849363,34,4,20
1747012436.8843634,60,-9,-39
1747012436.9203634,26,29,66
1747012436.9553633,-31,35,152
1747012436.9913633,-39,31,138
1747012437.0263634,36,44,30
1747012437.0623634,31,51,56
1747012437.0973637,-65,44,68
1747012437.132363,26,32,130
1747012437.168363,0,78,80
1747012437.2033634,-5,38,90
1747012437.2393634,31,-6,94
1747012437.2743633,-5,46,96
1747012437.3103633,-25,24,134
1747012437.3453634,48,-25,4
1747012437.3803637,102,58,165
1747012437.4163637,33,49,-3
1747012437.451363,-59,27,12
1747012437.487363,22,-25,168
1747012437.5223634,26,-45,130
1747012437.5583634,34,52,-117
1747012437.5943637,0,-5,4
1747012437.6293633,6,84,158
1747012437.6643634,10,58,46
1747012437.7003634,66,47,4
1747012437.7363634,12,-74,-44
1747012437.7713633,-9,55,-8
1747012437.8073633,-19,-6,137
1747012437.8423634,12,-38,217
1747012437.8773634,-83,45,131
1747012437.9123633,18,-32,73
1747012437.9483633,-13,5,-8
1747012437.9843633,-11,-46,121
1747012438.0193634,60,-4,23
1747012438.0553634,-27,-4,47
1747012438.0903633,42,14,35
1747012438.125363,-43,6,55
1747012438.1603634,2,5,85
1747012438.1963634,-49,-20,1
1747012438.2323637,64,17,-34
1747012438.2673633,13,7,-10
1747012438.303363,23,46,223
1747012438.3383634,11,-26,97
1747012438.3733633,53,-2,79
1747012438.408363,-18,-66,93
1747012438.4443634,9,71,-134
1747012438.4803634,27,38,25
1747012438.5153637,-24,-21,17
1747012438.5513637,-2,-55,83
1747012438.5863633,93,20,-10
1747012438.6213634,69,-47,109
1747012438.6563632,44,52,-46
1747012438.6923633,108,-28,19
1747012438.7283633,-20,-50,23
1747012438.7633634,-26,88,57
1747012438.7993634,67,-17,-62
1747012438.8343637,-29,1,97
1747012438.8693633,-171,88,103
1747012438.9043634,59,0,87
1747012438.9403634,39,-49,7
1747012438.9763634,-24,0,-16
1747012439.0113633,-7,2,125
1747012439.0473633,-26,-21,93
1747012439.0823634,19,0,105
1747012439.1173637,-42,-6,133
1747012439.1523633,37,0,183
1747012439.1883633,6,-41,-16
1747012439.224363,18,97,17
1747012439.2593634,-1,-7,117
1747012439.2953634,-13,-56,161
1747012439.3303633,-17,19,1
1747012439.3653634,-13,-70,63
1747012439.4003634,-57,71,9
1747012439.4363637,-21,27,71
1747012439.4723637,76,23,89
1747012439.507363,4,17,75
1747012439.543363,14,-10,141
1747012439.5783634,8,-30,89
1747012439.6133633,28,60,-88
1747012439.6483634,-5,18,152
1747012439.6843634,36,36,-3
1747012439.7203634,-15,-11,148
1747012439.7553637,20,-21,74
1747012439.7913637,32,-5,40
1747012439.826363,-31,-57,124
1747012439.8613634,-15,-55,58
1747012439.8963633,18,-61,170
1747012439.9323633,28,-43,6
1747012439.9683633,116,-89,234
1747012440.0033634,26,68,122
1747012440.0393634,-16,0,142
1747012440.0743637,52,90,46
1747012440.1093633,14,-38,50
1747012440.1443634,14,-58,42
1747012440.1803634,58,-8,138
1747012440.2163634,10,-36,120
1747012440.2513633,28,82,66
1747012440.2873633,-39,-11,138
1747012440.3223634,4,-53,68
1747012440.3573637,42,-25,126
1747012440.3923633,-66,-70,22
1747012440.428363,5,-19,84
1747012440.464363,61,6,-17
1747012440.4993634,55,12,-23
1747012440.5353634,-20,-32,-35
1747012440.5703633,-19,46,92
1747012440.6053634,40,32,22
1747012440.6403637,-45,-47,64
1747012440.6763637,-91,-8,-5
1747012440.7123632,-15,-4,100
1747012440.747363,10,45,90
1747012440.783363,30,58,136
1747012440.8183634,-47,-89,-3
1747012440.8533633,36,2,14
1747012440.8893633,56,-57,184
1747012440.9243634,-9,71,-37
1747012440.9603634,-11,15,56
1747012440.9953637,22,55,-41
1747012441.0313632,8,37,18
1747012441.066363,70,-12,48
1747012441.1013634,46,-22,32
1747012441.1373634,50,97,44
1747012441.1723633,-23,-82,24
1747012441.2083633,26,37,-33
1747012441.2433634,-77,87,6
1747012441.2793634,18,-10,20
1747012441.3143632,28,-66,107
1747012441.349363,-59,-48,-9
1747012441.385363,-15,22,-20
1747012441.4203634,10,-22,63
1747012441.4563634,8,67,41
1747012441.4913633,54,13,75
1747012441.5273633,-3,83,44
1747012441.5623634,-49,-44,-23
1747012441.5973637,34,-30,-102
1747012441.6333632,34,0,78
1747012441.668363,-5,25,183
1747012441.704363,34,29,91
1747012441.7393634,46,-78,33
1747012441.7753634,-39,-102,33
1747012441.8103633,12,-54,159
1747012441.8453634,40,-28,55
1747012441.8813634,-17,23,129
1747012441.9163637,-10,-2,118
1747012441.9523633,-35,-12,54
1747012441.987363,-18,-15,66
1747012442.0233634,44,51,118
1747012442.0583634,-21,-40,24
1747012442.0933633,-45,-4,101
1747012442.1293633,-5,-2,25
1747012442.1643634,-53,27,97
1747012442.2003634,90,9,149
1747012442.2353632,6,81,96
1747012442.2713633,78,-15,52
1747012442.306363,6,12,106
1747012442.3413634,-25,-7,26
1747012442.3773634,10,-10,76
1747012442.4123633,-65,13,24
1747012442.4483633,-15,-4,120
1747012442.4833634,80,-62,30
1747012442.5193634,46,-1,192
1747012442.5543633,-3,12,22
1747012442.589363,-19,-9,90
1747012442.625363,-69,0,158
1747012442.6603634,24,34,106
1747012442.6963634,30,74,28
1747012442.7313633,-17,34,86
1747012442.7663634,68,46,140
1747012442.8013637,-56,63,84
1747012442.8373632,65,21,-27
1747012442.8733633,-42,49,66
1747012442.908363,-2,-108,68
1747012442.9443634,-28,-68,-27
1747012442.9793634,-10,5,110
1747012443.0143633,-43,-61,48
1747012443.0493634,-43,2,108
1747012443.0853634,35,38,72
1747012443.1213634,-26,-23,40
1747012443.1563632,-26,-47,44
1747012443.1923633,-83,18,82
1747012443.227363,-11,-24,60
1747012443.2623634,-32,47,72
1747012443.2973633,0,33,-67
1747012443.3333633,-5,21,40
1747012443.3693633,-57,5,80
1747012443.4043634,4,17,62
1747012443.4403634,8,-52,152
1747012443.4753633,5,30,58
1747012443.510363,-8,-46,100
1747012443.5453634,17,-30,12
1747012443.5813634,-36,17,44
1747012443.6173637,-40,0,72
1747012443.6523633,31,-86,-17
1747012443.6883633,32,29,80
1747012443.7233634,19,37,120
1747012443.7583632,0,74,90
1747012443.793363,-50,-26,-57
1747012443.829363,55,31,64
1747012443.8653634,59,41,42
1747012443.9003634,65,1,72
1747012443.9363637,-18,-90,158
1747012443.9713633,-2,9,76
1747012444.0063634,35,-14,38
1747012444.0413637,-8,108,110
1747012444.0773633,47,-23,186
1747012444.1133633,25,4,100
1747012444.1483634,17,-19,114
1747012444.1843634,0,-9,56
1747012444.2193637,6,-63,166
1747012444.2543633,-61,12,62
1747012444.2893634,10,-87,200
1747012444.3253634,-37,-39,60
1747012444.3613634,-3,0,115
1747012444.3963633,14,17,54
1747012444.4323633,17,-19,102
1747012444.4673634,-20,-13,120
1747012444.5023634,27,-47,104
1747012444.5373633,-62,-1,102
1747012444.5733633,17,4,22
1747012444.6093633,-78,2,46
1747012444.6443634,111,-51,14
1747012444.6803634,-18,40,16
1747012444.7153633,5,30,28
1747012444.750363,7,-21,49
1747012444.7853634,-6,10,41
1747012444.8213634,35,-11,79
1747012444.8573637,59,-17,35
1747012444.8923633,-34,66,133
1747012444.928363,31,-41,77
1747012444.9633634,-22,100,63
1747012444.9983633,-1,11,201
1747012445.033363,-19,65,57
1747012445.0693634,14,9,53
1747012445.1053634,44,5,107
1747012445.1403637,-81,-34,75
1747012445.1763637,92,-14,107
1747012445.2113633,-9,25,19
1747012445.2463634,26,-38,63
1747012445.2813632,-11,37,-32
1747012445.3173633,38,59,67
1747012445.3533633,-47,5,45
1747012445.3883634,-12,73,57
1747012445.4243634,39,-32,143
1747012445.4593637,21,11,69
1747012445.4943633,103,0,137
1747012445.5293634,35,-32,35
1747012445.5653634,27,21,-42
1747012445.6083634,31,1,-48
1747012445.6443634,17,35,119
1747012445.6803634,11,-42,31
1747012445.7153633,-22,-12,77
1747012445.750363,57,-20,139
1747012445.7853634,0,-6,155
1747012445.8213634,6,47,43
1747012445.8573637,-35,11,51
1747012445.8923633,-93,-10,-34
1747012445.928363,44,-12,85
1747012445.9633634,12,25,107
1747012445.9983633,-2,18,73
1747012446.0343633,21,-21,121
1747012446.0693634,-20,-1,73
1747012446.1053634,27,0,-4
1747012446.1403637,-64,-11,103
1747012446.1763637,-11,20,49
1747012446.2113633,-141,-61,99
1747012446.2463634,80,0,23
1747012446.2823634,30,-11,107
1747012446.3173633,-19,94,39
1747012446.3533633,6,-67,149
1747012446.3883634,-35,10,-12
1747012446.4243634,22,-31,39
1747012446.4593637,-11,52,129
1747012446.4943633,-36,-37,19
1747012446.530363,-20,12,35
1747012446.5653634,-44,6,87
1747012446.6013634,10,-11,1
1747012446.6363633,23,26,171
1747012446.6723633,31,-17,209
1747012446.7073634,-42,54,-10
1747012446.7423637,-38,64,59
1747012446.7783637,37,102,31
1747012446.8133633,3,-47,65
1747012446.849363,-41,6,135
1747012446.8843634,14,-17,83
1747012446.9203634,4,32,37
1747012446.9553633,61,2,31
1747012446.9903634,49,40,19
1747012447.0263634,-83,36,-28
1747012447.0613637,-59,16,9
1747012447.0973637,13,-1,67
1747012447.132363,21,8,133
1747012447.168363,22,34,57
1747012447.2033634,-7,-19,-4
1747012447.2383633,74,-7,13
1747012447.2743633,-21,-9,65
1747012447.3093634,18,-1,89
1747012447.3453634,-83,10,59
1747012447.3803637,38,4,41
1747012447.4163637,-41,70,159
1747012447.451363,-25,0,141
1747012447.4863634,-39,-55,23
1747012447.5223634,-5,78,29
1747012447.5573633,-19,-7,107
1747012447.5933633,-95,-29,99
1747012447.6283634,-29,34,41
1747012447.6643634,-24,-14,87
1747012447.7003634,-42,31,81
1747012447.7363634,52,22,3
1747012447.7723634,51,-20,49
1747012447.8073633,18,-22,123
1747012447.8423634,70,-40,113
1747012447.8783634,72,10,159
1747012447.9143634,0,35,27
1747012447.9493637,17,-48,107
1747012447.9853632,-64,-54,35
1747012448.020363,-26,-2,103
1747012448.0553634,-56,3,55
1747012448.0903633,53,-2,111
1747012448.1263633,-12,3,-57
1747012448.1623633,26,-52,22
1747012448.1973634,46,33,58
1747012448.2333634,-35,46,28
1747012448.2683637,-35,32,8
1747012448.303363,-33,9,22
1747012448.3383634,78,-85,22
1747012448.3743634,-18,23,-37
1747012448.4103634,5,-51,100
1747012448.4453633,64,43,146
1747012448.4813633,-31,67,224
1747012448.5163634,50,-58,62
1747012448.5513637,8,-20,116
1747012448.5863633,-31,-14,38
1747012448.622363,26,5,56
1747012448.658363,-29,-14,170
1747012448.6933634,8,49,16
1747012448.7293634,-5,53,114
1747012448.7643633,32,5,60
1747012448.7993634,26,-32,160
1747012448.8343637,-4,-45,90
1747012448.8703637,-34,30,96
1747012448.9063632,6,23,222
1747012448.941363,18,-50,244
1747012448.977363,4,27,84
1747012449.0123634,-43,-5,82
1747012449.0473633,34,2,52
1747012449.0823634,-87,-3,176
1747012449.1183634,14,18,40
1747012449.1543634,-13,50,66
1747012449.1893632,-49,-33,198
1747012449.2253633,-57,64,16
1747012449.260363,-34,57,142
1747012449.2953634,50,52,68
1747012449.3303633,-57,64,86
1747012449.3663633,-51,-13,132
1747012449.4023633,-11,26,26
1747012449.4373634,22,22,103
1747012449.4733634,-32,-24,97
1747012449.5083632,-53,18,15
1747012449.543363,-43,8,145
1747012449.5783634,4,42,99
1747012449.6143634,-24,5,116
1747012449.6503634,-71,34,156
1747012449.6853633,30,24,14
1747012449.7213633,-49,47,82
1747012449.7563634,-41,30,44
1747012449.7913637,-64,-14,72
1747012449.826363,4,-29,56
1747012449.862363,-63,10,178
1747012449.8983634,16,80,-9
1747012449.9333634,4,-81,48
1747012449.9693637,-36,31,8
1747012450.0043633,-29,-107,80
1747012450.0393634,-27,58,100
1747012450.0743637,-31,16,158
1747012450.1103632,-67,27,96
1747012450.1463633,-15,-14,157
1747012450.181363,-1,13,51
1747012450.2173634,23,55,141
1747012450.2523634,-4,1,47
1747012450.2873633,34,81,75
1747012450.3223634,57,29,95
1747012450.3583634,115,-4,15
1747012450.3943634,39,-12,49
1747012450.4293633,77,-32,33
1747012450.4653633,3,17,39
1747012450.500363,9,5,-88
1747012450.5353634,14,10,165
1747012450.5703633,72,20,51
1747012450.6063633,38,-61,69
1747012450.6423633,-13,20,-32
1747012450.6773634,48,53,185
1747012450.7133634,28,-8,-42
1747012450.7483633,52,53,69
1747012450.783363,56,31,101
1747012450.8183634,8,-25,9
1747012450.8543634,10,64,47
1747012450.8903637,48,5,61
1747012450.9253633,-35,69,21
1747012450.9613633,-86,-12,119
1747012450.9963634,21,-58,139
1747012451.0313632,0,-44,-32
1747012451.0673633,93,-41,99
1747012451.102363,9,-55,167
1747012451.1383634,5,-3,104
1747012451.1733634,-71,31,132
1747012451.2093637,-4,-35,100
1747012451.2443633,75,47,40
1747012451.2793634,88,7,-57
1747012451.3153634,0,0,174
1747012451.3503633,43,33,106
1747012451.3863633,-60,-14,98
1747012451.4213634,0,-12,120
1747012451.4573634,18,41,-13
1747012451.4923637,2,-68,150
1747012451.5273633,20,17,182
1747012451.5633633,-25,13,114
1747012451.5983634,-31,7,98
1747012451.6343634,-51,5,100
1747012451.6693633,43,-24,-19
1747012451.7053633,47,-50,94
1747012451.7403634,61,57,-17
1747012451.7753634,-37,-17,62
1747012451.8113637,-59,-1,104
1747012451.8463633,24,-19,146
1747012451.882363,-28,-4,94
1747012451.9173634,-34,55,132
1747012451.9533634,-37,-63,200
1747012451.9883633,50,36,156
1747012452.0233634,54,74,-53
1747012452.0593634,-73,-33,54
1747012452.0943637,48,58,38
1747012452.1303637,60,-34,32
1747012452.1653633,30,-28,50
1747012452.201363,26,35,108
1747012452.2363634,-71,-40,2
1747012452.2713633,-14,60,170
1747012452.3073633,31,-31,88
1747012452.3423634,-80,0,36
1747012452.3783634,24,-29,107
1747012452.4133637,-36,-69,206
1747012452.4493637,-48,-3,20
1747012452.4843633,18,16,41
1747012452.5193634,-27,8,-32
1747012452.5553634,-30,14,89
1747012452.5903633,86,-28,25
1747012452.6263633,7,51,-23
1747012452.6613634,-36,17,86
1747012452.6973634,50,-14,176
1747012452.7323637,-19,-20,84
1747012452.7673633,75,51,65
1747012452.803363,-50,11,86
1747012452.8383634,17,-10,189
1747012452.8743634,-8,-56,163
1747012452.9093633,-21,-32,80
1747012452.9443634,-30,-66,14
1747012452.9793634,97,2,104
1747012453.0153637,-29,1,82
1747012453.0513637,53,52,112
1747012453.0863633,-49,-44,105
1747012453.122363,-20,-38,-58
1747012453.1573634,11,44,5
1747012453.1923633,-12,-28,76
1747012453.227363,-7,-25,78
1747012453.2633634,6,-27,88
1747012453.2993634,-32,23,100
1747012453.3343637,-9,38,-21
1747012453.3703637,-36,-32,112
1747012453.405363,-33,41,-29
1747012453.4403634,42,-16,50
1747012453.4753633,-59,-15,-15
1747012453.5113633,22,4,70
1747012453.5473633,-59,-84,238
1747012453.5823634,36,-26,44
1747012453.6183634,-35,-30,28
1747012453.6533637,25,32,148
1747012453.6883633,-1,-46,82
1747012453.7233634,18,3,90
1747012453.7593634,-59,31,196
1747012453.7953634,2,-30,84
1747012453.8303633,64,-10,111
1747012453.8663633,-9,-12,81
1747012453.9013634,-19,11,93
1747012453.9363637,-61,-32,0
1747012453.9713633,8,-48,93
1747012454.007363,-29,-34,-14
1747012454.043363,-35,0,27
1747012454.0783634,18,55,135
1747012454.1143634,-21,-36,111
1747012454.1493633,43,2,-14
1747012454.1843634,82,23,5
1747012454.2193637,-13,39,45
1747012454.2553637,-115,-4,0
1747012454.2913637,51,-41,49
1747012454.326363,52,45,133
1747012454.362363,40,27,91
1747012454.3973634,8,14,-32
1747012454.4323633,32,-57,43
1747012454.4673634,52,17,9
1747012454.5033634,28,7,205
1747012454.5393634,22,-28,41
1747012454.5743637,-19,-34,45
1747012454.6103632,-50,-98,-12
1747012454.645363,35,-34,111
1747012454.6803634,47,39,103
1747012454.7153633,-37,-41,47
1747012454.7513633,36,8,59
1747012454.7873633,-3,68,-34
1747012454.8223634,6,-5,-32
1747012454.8583634,40,0,9
1747012454.8933637,-11,-65,79
1747012454.928363,-21,-37,127
1747012454.9633634,8,-11,-86
1747012454.9993634,12,-75,73
1747012455.0353634,24,14,55
1747012455.0703633,110,-45,155
1747012455.1063633,-49,20,79
1747012455.1413634,27,18,103
1747012455.1763637,9,-41,-58
1747012455.2113633,27,6,69
1747012455.247363,-126,-4,83
1747012455.283363,-48,15,29
1747012455.3183634,1,23,63
1747012455.3543634,-50,-8,135
1747012455.3893633,-78,51,167
1747012455.4243634,13,-30,105
1747012455.4593637,21,13,71
1747012455.4953637,-2,-62,57
1747012455.5313632,45,-16,17
1747012455.566363,-8,-8,73
1747012455.6093633,-24,36,-32
1747012455.645363,14,-49,0
1747012455.6803634,-109,20,45
1747012455.7153633,3,-22,131
1747012455.7513633,-38,37,125
1747012455.7873633,17,17,21
1747012455.8223634,19,-64,37
1747012455.8583634,-6,-38,-8
1747012455.8933637,13,3,185
1747012455.928363,-24,59,47
1747012455.9633634,-38,-55,-114
1747012455.9993634,35,-61,-4
1747012456.0353634,35,-47,157
1747012456.0703633,-12,-7,117
1747012456.1063633,-22,-53,91
1747012456.1413634,65,16,75
1747012456.1763637,49,74,193
1747012456.2123632,31,12,39
1747012456.247363,-54,24,67
1747012456.283363,19,2,111
1747012456.3183634,11,22,37
1747012456.3543634,-10,4,7
1747012456.3893633,59,-33,23
1747012456.4243634,6,16,117
1747012456.4603634,-57,-15,61
1747012456.4953637,32,-23,153
1747012456.5313632,-1,-11,-102
1747012456.566363,-32,-13,27
1747012456.602363,-102,-18,-72
1747012456.6373634,-47,76,-70
1747012456.6723633,47,-33,101
1747012456.7083633,20,-43,-4
1747012456.7433634,-17,39,111
1747012456.7793634,-72,-88,76
1747012456.8143632,71,-76,54
1747012456.8503633,41,-68,32
1747012456.885363,95,-82,46
1747012456.9203634,53,-63,54
1747012456.9563634,65,-27,2
1747012456.9913633,65,74,64
1747012457.0273633,95,-11,116
1747012457.0623634,25,-105,-27
1747012457.0983634,-33,61,90
1747012457.1333632,-35,19,120
1747012457.168363,2,-87,124
1747012457.204363,20,-18,38
1747012457.2393634,30,34,64
1747012457.2753634,-35,-9,96
1747012457.3103633,56,8,20
1747012457.3463633,54,9,36
1747012457.3813634,-37,48,116
1747012457.4163637,31,-12,-7
1747012457.4523633,11,0,-31
1747012457.487363,15,21,70
1747012457.5233634,47,-18,26
1747012457.5583634,-22,-22,116
1747012457.5943637,65,-40,148
1747012457.6293633,55,47,70
1747012457.6643634,17,59,56
1747012457.7003634,-5,19,138
1747012457.7353632,114,-14,136
1747012457.7713633,10,-8,140
1747012457.806363,30,-70,50
1747012457.8413634,9,36,-39
1747012457.8763633,56,-10,92
1747012457.9123633,-65,27,64
1747012457.9483633,64,49,-12
1747012457.9833634,-37,-34,94
1747012458.0193634,-13,59,88
1747012458.0543633,-37,-26,132
1747012458.089363,-57,-35,12
1747012458.1243634,74,-17,138
1747012458.1603634,-45,13,156
1747012458.1963634,-19,49,62
1747012458.2313633,20,-96,64
1747012458.2673633,44,17,20
1747012458.3023634,4,27,42
1747012458.3373632,16,13,-1
1747012458.372363,-53,13,18
1747012458.408363,-41,-60,101
1747012458.4443634,-17,-16,203
1747012458.4793634,14,79,171
1747012458.5153637,48,71,105
1747012458.5503633,34,39,115
1747012458.5853634,53,92,79
1747012458.6203637,32,44,161
1747012458.6563632,-15,-59,113
1747012458.6923633,66,8,129
1747012458.727363,-17,74,195
1747012458.7633634,-42,-11,101
1747012458.7983634,31,-39,129
1747012458.8333633,69,56,157
1747012458.8683634,-44,70,99
1747012458.9043634,-81,-47,141
1747012458.9403634,-25,48,91
1747012458.9753633,-23,24,45
1747012459.0113633,66,4,21
1747012459.0463634,44,44,-40
1747012459.0813634,-95,34,75
1747012459.1163633,6,-23,135
1747012459.1523633,0,28,9
1747012459.1883633,-19,20,87
1747012459.2233634,2,32,31
1747012459.2593634,-15,37,111
1747012459.2943633,-29,-60,151
1747012459.329363,60,17,-24
1747012459.3643634,-55,105,19
1747012459.4003634,-1,-9,57
1747012459.4363637,-8,-2,-26
1747012459.4713633,53,27,71
1747012459.507363,-51,48,47
1747012459.5423634,23,-6,83
1747012459.5773633,2,-35,37
1747012459.612363,34,-55,75
1747012459.6483634,6,56,103
1747012459.6843634,20,-23,93
1747012459.7203634,-51,-45,95
1747012459.7563634,-19,-51,43
1747012459.7913637,-63,4,55
1747012459.8273633,-21,-7,117
1747012459.862363,-5,-55,185
1747012459.8973634,10,88,57
1747012459.9323633,-2,-41,171
1747012459.9683633,19,12,111
1747012460.0043633,-15,-35,55
1747012460.0393634,35,-76,125
1747012460.0753634,-3,-71,127
1747012460.1103632,18,60,83
1747012460.145363,-31,80,121
1747012460.1803634,-11,32,97
1747012460.2163634,48,28,139
1747012460.2523634,-101,21,-68
1747012460.2873633,58,-28,7
1747012460.3233633,10,0,49
1747012460.3583634,16,-26,20
1747012460.3933637,-9,-48,130
1747012460.428363,-25,-42,155
1747012460.464363,2,-14,119
1747012460.500363,-19,33,-20
1747012460.5353634,32,-42,97
1747012460.5713634,-95,37,59
1747012460.6063633,32,-72,123
1747012460.6413634,-25,-12,113
1747012460.6763637,10,1,83
1747012460.7123632,15,2,15
1747012460.7483633,62,-12,51
1747012460.783363,72,-42,117
1747012460.8193634,-9,-20,201
1747012460.8543634,-7,77,19
1747012460.8893633,22,23,67
1747012460.9243634,56,70,-42
1747012460.9603634,-17,90,147
1747012460.9963634,20,52,75
1747012461.0313632,82,-27,-36
1747012461.0673633,18,65,35
1747012461.102363,-31,0,47
1747012461.1373634,75,-78,115
1747012461.1733634,11,52,43
1747012461.2083633,-24,-23,71
1747012461.2443633,11,29,87
1747012461.2793634,14,-4,109
1747012461.3153634,-37,13,67
1747012461.3503633,-23,-38,119
1747012461.385363,1,-26,97
1747012461.4213634,-47,67,121
1747012461.4563634,-31,-24,41
1747012461.4923637,12,-6,15
1747012461.5273633,36,9,91
1747012461.5633633,-11,33,167
1747012461.5983634,-55,-71,45
1747012461.6333632,-17,-81,31
1747012461.6693633,-7,0,129
1747012461.704363,6,35,165
1747012461.7403634,-21,16,71
1747012461.7753634,14,-7,79
1747012461.8113637,11,37,79
1747012461.8463633,-14,-44,91
1747012461.8813634,-80,-18,11
1747012461.9173634,-65,-36,45
1747012461.9523633,-40,-28,81
1747012461.9883633,0,-77,-10
1747012462.0233634,-15,17,21
1747012462.0593634,-7,3,119
1747012462.0943637,-53,-38,89
1747012462.1293633,32,-23,13
1747012462.1653633,72,54,67
1747012462.2003634,50,-127,183
1747012462.2363634,14,-9,37
1747012462.2713633,-4,34,53
1747012462.3073633,-10,36,123
1747012462.3423634,-78,-59,75
1747012462.3773634,-2,-15,53
1747012462.4133637,1,40,113
1747012462.4483633,-19,121,175
1747012462.4843633,36,-16,-12
1747012462.5193634,-61,-66,163
1747012462.5553634,-5,5,121
1747012462.5903633,-35,55,-6
1747012462.625363,81,-65,163
1747012462.6613634,0,68,-4
1747012462.6963634,3,66,27
1747012462.7323637,-14,-42,37
1747012462.7673633,17,-36,-30
1747012462.803363,-64,-30,35
1747012462.8383634,-6,-44,49
1747012462.8733633,30,-7,229
1747012462.9093633,-39,-2,7
1747012462.9443634,-1,-46,101
1747012462.9803634,90,27,117
1747012463.0153637,32,-24,105
1747012463.0503633,-55,55,49
1747012463.0853634,80,-28,99
1747012463.1213634,-11,-12,9
1747012463.1573634,36,-6,125
1747012463.1923633,52,15,105
1747012463.2283633,-43,57,11
1747012463.2633634,-41,-80,39
1747012463.2983634,-17,0,-50
1747012463.3333633,-42,0,67
1747012463.3693633,37,-26,23
1747012463.405363,18,13,69
1747012463.4403634,-62,27,75
1747012463.4763634,4,-26,117
1747012463.5113633,58,7,219
1747012463.5463634,-41,-28,49
1747012463.5813634,-57,-60,77
1747012463.6173637,0,19,55
1747012463.6533637,-26,21,47
1747012463.6883633,-33,-82,155
1747012463.724363,-55,33,27
1747012463.7593634,15,58,47
1747012463.7943633,25,-25,45
1747012463.829363,27,-49,75
1747012463.8653634,57,32,89
1747012463.9013634,37,20,163
1747012463.9363637,-62,-93,49
1747012463.9723637,29,-9,93
1747012464.007363,55,-31,37
1747012464.0423634,-68,-29,119
1747012464.0773633,26,-21,213
1747012464.1133633,12,-40,65
1747012464.1493633,-16,31,99
1747012464.1843634,-57,-9,133
1747012464.2203634,57,-70,95
1747012464.2553637,4,-26,87
1747012464.2903633,-2,33,115
1747012464.3253634,60,67,57
1747012464.3613634,-79,57,75
1747012464.3973634,-5,71,85
1747012464.4323633,28,-1,99
1747012464.4683633,15,38,133
1747012464.5033634,-26,40,61
1747012464.5383637,-48,-9,135
1747012464.5733633,-2,2,113
1747012464.6093633,25,18,73
1747012464.645363,-3,65,141
1747012464.6803634,51,0,139
1747012464.7163634,-31,29,43
1747012464.7513633,22,-11,167
1747012464.7863634,52,-31,35
1747012464.8213634,-53,-23,139
1747012464.8573637,19,16,0
1747012464.8933637,33,-51,55
1747012464.928363,-82,-69,91
1747012464.964363,53,4,105
1747012464.9993634,-48,44,145
1747012465.0343633,-52,12,97
1747012465.0693634,67,-39,-16
1747012465.1053634,65,-47,93
1747012465.1413634,80,4,73
1747012465.1763637,44,5,9
1747012465.2123632,0,33,87
1747012465.247363,-26,18,33
1747012465.2823634,-32,-9,139
1747012465.3173633,94,-29,-58
1747012465.3533633,68,8,121
1747012465.3893633,32,-29,97
1747012465.4243634,9,-20,105
1747012465.4603634,38,36,97
1747012465.4953637,-1,44,45
1747012465.530363,85,-18,115
1747012465.5653634,65,-8,37
1747012465.6013634,-14,-42,131
1747012465.6443634,-24,-58,-14
1747012465.6803634,15,42,79
1747012465.7163634,-44,81,71
1747012465.7513633,-4,-20,113
1747012465.7863634,-44,-20,147
1747012465.8213634,13,-64,37
1747012465.8573637,63,63,152
1747012465.8933637,34,60,115
1747012465.928363,21,-4,79
1747012465.964363,55,-18,185
1747012465.9993634,7,-20,127
1747012466.0343633,-5,20,104
1747012466.0693634,21,61,53
1747012466.1053634,61,7,58
1747012466.1413634,-73,6,22
1747012466.1763637,103,-14,117
1747012466.2123632,73,-54,222
1747012466.247363,-59,46,66
1747012466.2823634,-39,-25,30
1747012466.3183634,-51,8,192
1747012466.3533633,-9,-62,104
1747012466.3893633,-28,-6,138
1747012466.4243634,-65,29,104
1747012466.4603634,-68,10,22
1747012466.4953637,37,79,152
1747012466.530363,-31,77,200
1747012466.566363,-25,15,94
1747012466.6013634,50,27,92
1747012466.6373634,43,33,64
1747012466.6723633,7,29,-55
1747012466.7083633,31,-6,20
1747012466.7433634,-22,85,12
1747012466.7783637,18,-31,8
1747012466.8143632,81,-15,-55
1747012466.849363,109,44,-47
1747012466.885363,27,44,-3
1747012466.9203634,-3,-40,108
1747012466.9563634,0,27,108
1747012466.9913633,-55,39,18
1747012467.0263634,22,-34,92
1747012467.0623634,74,-6,32
1747012467.0973637,-1,0,228
1747012467.1333632,-52,-22,32
1747012467.168363,68,11,14
1747012467.204363,-33,1,152
1747012467.2393634,90,-8,26
1747012467.2743633,-53,-58,50
1747012467.3103633,-51,-22,95
1747012467.3453634,50,-30,99
1747012467.3813634,110,5,45
1747012467.4163637,79,-11,73
1747012467.4523633,-8,66,139
1747012467.487363,5,-3,140
1747012467.5223634,61,-23,99
1747012467.5583634,-2,48,81
1747012467.5933633,33,20,-39
1747012467.6293633,-52,-19,24
1747012467.6643634,-24,-21,106
1747012467.7003634,-8,38,252
1747012467.7353632,42,59,66
1747012467.770363,126,-72,32
1747012467.806363,22,9,70
1747012467.8413634,-69,3,68
1747012467.8773634,-26,-46,118
1747012467.9123633,-14,55,44
1747012467.9483633,-21,-20,174
1747012467.9833634,42,-60,116
1747012468.0183637,-73,43,88
1747012468.0543633,2,0,30
1747012468.089363,100,33,150
1747012468.125363,33,-28,28
1747012468.1603634,-41,-36,166
1747012468.1953633,-22,-50,78
1747012468.2303634,-26,19,136
1747012468.2663634,64,41,106
1747012468.3023634,-18,-30,62
1747012468.3373632,-90,101,110
1747012468.3733633,-50,-6,66
1747012468.408363,69,-46,66
1747012468.4433634,-44,-12,24
1747012468.4783633,-7,-48,48
1747012468.5143633,-48,49,118
1747012468.5503633,-41,-30,78
1747012468.5853634,4,-10,102
1747012468.6213634,21,-37,30
1747012468.6563632,-53,-16,-15
1747012468.691363,20,-22,158
1747012468.7263634,-41,-15,56
1747012468.7623634,-1,-50,115
1747012468.7983634,34,-64,49
1747012468.8343637,2,3,202
1747012468.8703637,-9,1,-29
1747012468.905363,-15,-52,8
1747012468.941363,-65,17,92
1747012468.9763634,56,15,28
1747012469.0113633,0,37,-41
1747012469.0463634,4,-34,-79
1747012469.0823634,-19,-24,79
1747012469.1183634,19,28,105
1747012469.1533637,21,30,15
1747012469.1893632,33,-31,-56
1747012469.224363,-56,64,3
1747012469.2593634,-18,-29,-16
1747012469.2943633,-64,78,-24
1747012469.3303633,-72,-17,35
1747012469.3663633,-12,-32,-10
1747012469.4013634,7,50,23
1747012469.4373634,-84,-41,109
1747012469.4723637,75,16,197
1747012469.507363,34,-1,43
1747012469.5423634,46,30,61
1747012469.5783634,42,-79,127
1747012469.6143634,-17,-73,5
1747012469.6493633,66,8,-8
1747012469.6853633,8,-37,7
1747012469.7203634,-31,46,63
1747012469.7553637,66,-61,59
1747012469.7903633,-29,36,81
1747012469.826363,-19,-23,27
1747012469.862363,-1,70,-86
1747012469.8973634,118,50,173
1747012469.9333634,-61,24,47
1747012469.9683633,30,-89,149
1747012470.0033634,58,98,13
1747012470.0383637,24,-19,67
1747012470.0743637,28,-27,39
1747012470.1103632,80,0,9
1747012470.145363,-23,64,73
1747012470.181363,-1,6,-38
1747012470.2163634,30,0,121
1747012470.2513633,-13,-29,-24
1747012470.2863634,29,6,93
1747012470.3223634,35,34,91
1747012470.3583634,-18,-25,61
1747012470.3933637,-13,36,39
1747012470.4293633,-84,-73,103
1747012470.464363,26,-83,115
1747012470.4993634,-19,-35,83
1747012470.5353634,79,-17,61
1747012470.5703633,-39,-79,33
1747012470.6063633,52,-25,-14
1747012470.6413634,16,-29,65
1747012470.6773634,15,-3,125
1747012470.7123632,59,-13,25
1747012470.747363,39,36,37
1747012470.7823634,0,-45,13
1747012470.8183634,-29,78,49
1747012470.8543634,-21,-79,-36
1747012470.8893633,27,4,21
1747012470.9253633,50,-39,73
1747012470.9603634,-33,-17,173
1747012470.9953637,30,-39,105
1747012471.030363,66,16,53
1747012471.066363,40,18,19
1747012471.102363,26,20,-26
1747012471.1373634,-16,-4,-72
1747012471.1733634,0,16,-133
1747012471.2083633,-61,20,158
1747012471.2433634,47,-16,42
1747012471.2793634,31,-50,106
1747012471.3143632,-5,-33,12
1747012471.3503633,-6,24,148
1747012471.385363,11,67,20
1747012471.4213634,20,8,16
1747012471.4563634,68,16,64
1747012471.4913633,58,32,30
1747012471.5273633,20,30,156
1747012471.5623634,-11,68,-119
1747012471.5983634,-43,-8,110
1747012471.6333632,55,-12,182
1747012471.6693633,75,1,180
1747012471.704363,55,-18,24
1747012471.7393634,-28,25,158
1747012471.7753634,45,63,86
1747012471.8103633,90,-2,88
1747012471.8463633,37,-16,22
1747012471.8813634,78,37,-31
1747012471.9173634,18,51,68
1747012471.9523633,4,-18,110
1747012471.987363,-43,25,44
1747012472.0233634,-19,45,64
1747012472.0583634,84,-47,36
1747012472.0943637,108,-23,94
1747012472.1293633,-11,18,76
1747012472.1653633,-11,-14,74
1747012472.2003634,-11,-77,68
1747012472.2353632,-9,87,76
1747012472.2713633,12,12,58
1747012472.306363,8,-55,134
1747012472.3423634,62,40,90
1747012472.3773634,0,36,72
1747012472.4133637,10,-43,84
1747012472.4483633,64,-15,158
1747012472.4833634,12,36,54
1747012472.5193634,12,19,-25
1747012472.5543633,82,-8,66
1747012472.5903633,-107,-62,142
1747012472.625363,68,-12,70
1747012472.6613634,-33,-44,20
1747012472.6963634,48,17,84
1747012472.7313633,80,-23,60
1747012472.7673633,38,-21,166
1747012472.8023634,26,14,104
1747012472.8383634,-51,-13,144
1747012472.8733633,10,-11,122
1747012472.9093633,88,-15,32
1747012472.9443634,-5,-41,74
1747012472.9793634,-9,10,64
1747012473.0153637,60,18,112
1747012473.0503633,-3,6,52
1747012473.0863633,60,-33,170
1747012473.1213634,-73,-35,166
1747012473.1573634,-53,-41,62
1747012473.1933634,-43,-59,32
1747012473.2283633,57,-53,34
1747012473.2633634,-60,-37,25
1747012473.2993634,-4,-71,143
1747012473.3353634,73,-21,69
1747012473.3703637,47,56,29
1747012473.4063632,-26,-64,62
1747012473.441363,53,30,70
1747012473.4763634,19,-3,102
1747012473.5113633,39,44,76
1747012473.5473633,15,8,102
1747012473.5833633,-22,-43,-15
1747012473.6183634,-5,-71,130
1747012473.6543634,-29,-29,208
1747012473.6893632,22,-35,136
1747012473.724363,-85,-9,-35
1747012473.7593634,50,-52,-61
1747012473.7953634,18,0,84
1747012473.8313634,-51,25,51
1747012473.8663633,-5,37,47
1747012473.9023633,22,-72,159
1747012473.9373634,70,21,47
1747012473.9723637,24,11,91
1747012474.007363,4,0,157
1747012474.043363,-19,-34,189
1747012474.079363,45,19,51
1747012474.1143634,-21,-21,29
1747012474.1503634,96,31,147
1747012474.1853633,-75,26,9
1747012474.2203634,-27,-18,173
1747012474.2553637,40,22,3
1747012474.2913637,23,25,95
1747012474.3273633,0,55,127
1747012474.362363,89,-54,61
1747012474.3983634,11,-30,71
1747012474.4333634,-95,-11,49
1747012474.4683633,-79,39,3
1747012474.5033634,6,-78,109
1747012474.5393634,114,66,29
1747012474.5753634,16,24,19
1747012474.6103632,-89,-10,48
1747012474.6463633,-63,-14,41
1747012474.681363,30,11,38
1747012474.7163634,70,-54,168
1747012474.7513633,42,-62,100
1747012474.7873633,12,29,32
1747012474.8233633,-48,-11,52
1747012474.8583634,59,-33,68
1747012474.8943634,-12,-17,98
1747012474.9293633,34,47,126
1747012474.964363,18,-30,-125
1747012474.9993634,72,51,26
1747012475.0353634,2,-36,154
1747012475.0713634,4,-20,174
1747012475.1063633,84,-20,0
1747012475.1423633,50,49,68
1747012475.1773634,16,-20,56
1747012475.2123632,-5,63,138
1747012475.247363,-8,40,256
1747012475.283363,-88,52,82
1747012475.3193634,6,-6,210
1747012475.3543634,-47,-26,-5
1747012475.3903637,-19,20,22
1747012475.4253633,98,-22,0
1747012475.4603634,-9,-21,42
1747012475.4953637,33,1,-27
1747012475.5313632,55,-88,34
1747012475.5673633,-48,15,200
1747012475.602363,5,-34,-1
1747012475.645363,24,-27,78
1747012475.681363,52,24,184
1747012475.7163634,-67,-47,54
1747012475.7513633,22,32,82
1747012475.7873633,24,-19,84
1747012475.8233633,-39,10,80
1747012475.8583634,14,22,38
1747012475.8943634,36,-37,46
1747012475.9293633,-3,46,46
1747012475.964363,66,72,160
1747012475.9993634,82,84,-45
1747012476.0353634,56,14,-23
1747012476.0713634,-17,36,250
1747012476.1063633,2,-37,4
1747012476.1423633,4,-7,66
1747012476.1773634,32,-29,108
1747012476.2123632,-7,18,116
1747012476.247363,94,-45,-69
1747012476.283363,2,28,96
1747012476.3193634,68,-11,-7
1747012476.3543634,-54,24,16
1747012476.3903637,20,-63,150
1747012476.4253633,-23,12,98
1747012476.4603634,8,-35,30
1747012476.4963634,-55,0,110
1747012476.5313632,6,-51,34
1747012476.5673633,72,-9,26
1747012476.602363,52,-41,96
1747012476.6383634,34,-17,122
1747012476.6733634,46,-81,-11
1747012476.7083633,-5,-7,74
1747012476.7443633,-21,-11,60
1747012476.7793634,64,34,52
1747012476.8153634,43,41,168
1747012476.8503633,-114,29,102
1747012476.8863633,106,-20,-3
1747012476.9213634,28,-41,58
1747012476.9563634,0,27,80
1747012476.9923637,-1,70,6
1747012477.0273633,-77,6,62
1747012477.0633633,-53,-46,116
1747012477.0983634,74,33,-15
1747012477.1343634,-10,7,60
1747012477.1693633,-128,25,72
1747012477.204363,25,6,40
1747012477.2403634,-86,-11,200
1747012477.2753634,-116,-52,128
1747012477.3113637,39,-34,16
1747012477.3463633,-47,-2,-29
1747012477.382363,-94,15,-19
1747012477.4173634,-98,-70,-18
1747012477.4523633,-72,9,118
1747012477.4883633,1,65,60
1747012477.5233634,-28,75,-91
1747012477.5593634,-49,44,20
1747012477.5943637,-95,65,90
1747012477.6303637,-5,17,322
1747012477.6653633,-23,25,12
1747012477.7003634,78,-12,-37
1747012477.7363634,10,-34,64
1747012477.7713633,23,5,118
1747012477.8073633,-89,-6,52
1747012477.8423634,8,-14,78
1747012477.8783634,22,36,-15
1747012477.9133637,35,-30,96
1747012477.9483633,-24,39,82
1747012477.9843633,-48,61,128
1747012478.0193634,-36,-10,50
1747012478.0553634,96,41,114
1747012478.0903633,-21,-14,102
1747012478.1263633,92,-44,14
1747012478.1613634,30,19,104
1747012478.1963634,0,-20,180
1747012478.2323637,-31,38,122
1747012478.2673633,46,-37,14
1747012478.303363,-85,42,72
1747012478.3383634,32,32,30
1747012478.3733633,-49,32,30
1747012478.408363,-11,4,110
1747012478.4443634,2,-63,-51
1747012478.4803634,-10,-57,-1
1747012478.5153637,45,-11,34
1747012478.5513637,-52,-73,63
1747012478.5863633,37,16,47
1747012478.6213634,27,18,33
1747012478.6563632,-18,38,59
1747012478.6923633,57,-9,43
1747012478.7283633,41,-21,-50
1747012478.7633634,9,-23,69
1747012478.7993634,43,14,15
1747012478.8343637,45,30,139
1747012478.8693633,75,4,51
1747012478.9043634,71,-57,97
1747012478.9403634,-6,-89,-30
1747012478.9763634,-6,-71,51
1747012479.0113633,22,-54,-40
1747012479.0473633,54,41,125
1747012479.0823634,62,-32,51
1747012479.1173637,-41,9,95
1747012479.1523633,-1,-2,17
1747012479.1883633,-11,-14,81
1747012479.224363,72,-24,97
1747012479.2593634,-15,-10,43
1747012479.2953634,24,25,7
1747012479.3303633,-13,5,33
1747012479.3653634,-1,81,-8
1747012479.4003634,60,-40,45
1747012479.4363637,48,27,75
1747012479.4723637,-5,0,163
1747012479.507363,17,33,-24
1747012479.543363,25,-19,165
1747012479.5783634,-22,-21,133
1747012479.6133633,5,0,37
1747012479.6483634,82,0,139
1747012479.6843634,-6,-19,9
1747012479.7203634,0,-14,5
1747012479.7553637,-18,54,53
1747012479.7913637,77,72,87
1747012479.826363,-40,30,79
1747012479.8613634,18,-19,67
1747012479.8963633,-53,-19,149
1747012479.9323633,-49,-47,99
1747012479.9683633,-55,54,-18
1747012480.0033634,-6,-100,53
1747012480.0393634,25,23,-18
1747012480.0743637,21,-31,23
1747012480.1093633,-44,-23,61
1747012480.1443634,-114,-46,189
1747012480.1803634,28,-44,13
1747012480.2163634,-40,51,95
1747012480.2513633,16,-22,73
1747012480.2873633,-11,7,65
1747012480.3223634,-41,-36,97
1747012480.3573637,30,-21,85
1747012480.3923633,-39,6,231
1747012480.428363,13,-19,89
1747012480.464363,24,6,89
1747012480.4993634,58,6,77
1747012480.5353634,-45,-57,91
1747012480.5703633,-88,-20,109
1747012480.6053634,-28,1,67
1747012480.6403637,33,49,145
1747012480.6763637,5,-45,139
1747012480.7123632,-60,-66,81
1747012480.747363,-3,-24,35
1747012480.783363,-23,23,45
1747012480.8183634,-25,-62,105
1747012480.8533633,36,1,157
1747012480.8883634,40,29,47
1747012480.9243634,-73,17,137
1747012480.9603634,4,7,15
1747012480.9953637,-101,-78,-72
1747012481.0313632,58,-6,-68
1747012481.066363,-5,53,43
1747012481.1013634,32,-28,181
1747012481.1363633,8,-24,-80
1747012481.1723633,-49,13,49
1747012481.2083633,100,33,131
1747012481.2433634,-21,13,-8
1747012481.2793634,58,-35,27
1747012481.3143632,-33,8,195
1747012481.349363,-47,14,85
1747012481.3843634,-5,-99,115
1747012481.4203634,-21,30,129
1747012481.4563634,-54,6,57
1747012481.4913633,6,30,189
1747012481.5273633,-4,-11,15
1747012481.5623634,-38,58,123
1747012481.5973637,31,-63,51
1747012481.6333632,32,-13,123
1747012481.668363,-26,-31,11
1747012481.704363,-26,-13,-8
1747012481.7393634,49,-29,43
1747012481.7753634,9,-33,91
1747012481.8103633,61,-39,57
1747012481.8453634,23,18,95
1747012481.8813634,-33,-58,-10
1747012481.9163637,55,-2,-22
1747012481.9523633,-55,-40,9
1747012481.987363,54,42,-22
1747012482.0233634,-27,84,127
1747012482.0583634,8,-100,70
1747012482.0933633,36,3,55
1747012482.1293633,-30,-14,55
1747012482.1643634,83,25,49
1747012482.2003634,-32,13,135
1747012482.2353632,-22,23,44
1747012482.2713633,-81,27,145
1747012482.306363,-46,-13,-6
1747012482.3413634,-15,38,119
1747012482.3773634,-52,-1,67
1747012482.4123633,-6,-1,63
1747012482.4483633,18,-41,5
1747012482.4833634,-57,-5,75
1747012482.5193634,-24,-70,-18
1747012482.5543633,40,-49,13
1747012482.589363,-44,49,71
1747012482.625363,-25,12,-64
1747012482.6603634,71,-23,51
1747012482.6963634,-1,-83,59
1747012482.7313633,9,-22,-30
1747012482.7673633,-13,-57,65
1747012482.8023634,67,-15,19
1747012482.8373632,95,0,52
1747012482.8733633,-28,-11,80
1747012482.908363,46,-75,40
1747012482.9443634,31,-33,166
1747012482.9793634,32,-4,34
1747012483.0153637,-43,53,110
1747012483.0503633,-44,30,48
1747012483.0853634,-4,-65,48
1747012483.1213634,-28,-39,90
1747012483.1563632,-29,-35,120
1747012483.1923633,32,-69,-5
1747012483.227363,-27,-19,70
1747012483.2633634,-29,-39,68
1747012483.2993634,78,-17,218
1747012483.3353634,-15,6,166
1747012483.3713634,-41,25,78
1747012483.4063632,-47,7,70
1747012483.441363,-11,25,-5
1747012483.477363,42,61,40
1747012483.5133634,10,45,-83
1747012483.5483634,74,34,76
1747012483.5843637,-17,-25,54
1747012483.6193633,-57,48,72
1747012483.6543634,32,70,12
1747012483.6893632,-41,-27,50
1747012483.7253633,-19,28,58
1747012483.7613633,16,-37,64
1747012483.7963634,-9,-59,88
1747012483.8323634,-13,-9,-7
1747012483.8673637,80,16,96
1747012483.9023633,28,2,82
1747012483.9373634,-45,64,66
1747012483.9733634,68,22,154
1747012484.0093634,-35,-37,100
1747012484.0443633,-21,50,108
1747012484.0803633,4,54,-11
1747012484.1153634,-5,30,28
1747012484.1503634,2,24,-71
1747012484.1853633,-45,-7,22
1747012484.2213633,28,-33,105
1747012484.257363,38,-37,169
1747012484.2923634,-61,-13,113
1747012484.3283634,8,44,59
1747012484.3633633,66,10,187
1747012484.3983634,40,-29,56
1747012484.4333634,-11,-7,149
1747012484.4693637,-27,28,-6
1747012484.5053637,30,-39,3
1747012484.5403633,-13,-5,17
1747012484.576363,40,54,0
1747012484.6113634,-83,24,163
1747012484.6463633,6,28,-28
1747012484.681363,-25,2,-50
1747012484.7173634,52,-19,31
1747012484.7533634,25,-28,38
1747012484.7883637,-6,-38,128
1747012484.8243637,121,1,-51
1747012484.8593633,9,36,138
1747012484.8943634,11,-15,44
1747012484.9293633,-6,14,32
1747012484.9653633,109,17,4
1747012485.0013633,57,-10,194
1747012485.0363634,27,-28,10
1747012485.0723634,-33,-29,6
1747012485.1073637,-2,37,-3
1747012485.1423633,2,58,39
1747012485.1773634,-20,12,-20
1747012485.2133634,-6,20,161
1747012485.2493634,28,26,59
1747012485.2843633,-22,-55,10
1747012485.3203633,-10,2,26
1747012485.3553634,-32,4,96
1747012485.3903637,-2,32,126
1747012485.4253633,31,-33,86
1747012485.4613633,-14,10,82
1747012485.497363,-16,6,48
1747012485.5323634,25,-33,174
1747012485.5683634,-34,-42,114
1747012485.6033633,-13,4,66
1747012485.645363,12,-57,54
1747012485.681363,20,-7,10
1747012485.7173634,42,-11,50
1747012485.7533634,56,-11,136
1747012485.7883637,13,-2,198
1747012485.8243637,17,-28,36
1747012485.8593633,25,-47,176
1747012485.8943634,-36,16,162
1747012485.9293633,56,-23,200
1747012485.9653633,-16,-57,18
1747012486.0013633,23,-39,-49
1747012486.0363634,-83,-18,28
1747012486.0723634,-15,-14,8
1747012486.1073637,-75,45,62
1747012486.1423633,-21,1,146
1747012486.1773634,33,46,104
1747012486.2133634,-19,-25,-7
1747012486.2493634,0,-47,70
1747012486.2843633,76,2,142
1747012486.3203633,-61,-31,77
1747012486.3553634,39,44,115
1747012486.3903637,-15,41,103
1747012486.4253633,10,-24,61
1747012486.4613633,-26,-54,61
1747012486.497363,-20,9,83
1747012486.5323634,62,-58,61
1747012486.5683634,-62,62,59
1747012486.6033633,-27,37,45
1747012486.6383634,-30,12,89
1747012486.6743634,-7,-70,81
1747012486.7093637,-107,13,45
1747012486.7453637,-63,43,65
1747012486.780363,-33,15,39
1747012486.816363,16,-30,79
1747012486.8513634,-25,-30,-26
1747012486.8863633,60,15,17
1747012486.9223633,-60,61,41
1747012486.9573634,-19,11,120
1747012486.9933634,-68,23,-22
1747012487.0283637,9,-50,91
1747012487.0643632,-6,-42,103
1747012487.099363,-58,-18,-2
1747012487.1343634,-40,11,143
1747012487.1703634,-11,38,101
1747012487.2053633,-44,3,-18
1747012487.2413633,-67,10,103
1747012487.2763634,-13,6,129
1747012487.3123634,14,-21,73
1747012487.3473637,-6,-24,97
1747012487.382363,-59,12,75
1747012487.418363,82,-45,125
1747012487.4533634,2,-47,23
1747012487.4893634,71,40,143
1747012487.5243633,-75,16,-36
1747012487.5603633,20,-27,69
1747012487.5953634,-57,-37,-28
1747012487.6303637,22,-13,205
1747012487.6663637,-37,-35,61
1747012487.701363,20,-49,9
1747012487.737363,-29,-93,-42
1747012487.7723634,-21,22,151
1747012487.8083634,52,-11,3
1747012487.8433633,50,44,-70
1747012487.8783634,22,8,3
1747012487.9143634,60,60,-8
1747012487.9493637,18,0,111
1747012487.9853632,-35,-47,77
1747012488.020363,-32,-6,39
1747012488.056363,-10,-33,73
1747012488.0913634,-50,24,15
1747012488.1263633,13,41,69
1747012488.1623633,-40,15,45
1747012488.1973634,-20,3,131
1747012488.2333634,21,29,-20
1747012488.2683637,21,-30,139
1747012488.3043633,-49,17,173
1747012488.3403633,5,20,63
1747012488.3763633,75,28,31
1747012488.4123633,-80,12,117
1747012488.4473634,25,0,61
1747012488.4823637,-62,74,21
1747012488.5183637,-4,48,163
1747012488.5543633,18,-66,125
1747012488.589363,11,32,61
1747012488.625363,47,-44,-48
1747012488.6603634,53,51,21
1747012488.6953633,-98,31,5
1747012488.7303634,32,-106,67
1747012488.7663634,-31,23,171
1747012488.8023634,-17,-74,159
1747012488.8373632,66,17,13
1747012488.8733633,24,-16,79
1747012488.908363,-67,3,139
1747012488.9433634,48,-46,137
1747012488.9783633,-32,42,117
1747012489.0143633,-58,9,105
1747012489.0503633,50,-14,111
1747012489.0853634,72,27,-30
1747012489.1213634,20,-55,6
1747012489.1563632,79,-27,-11
1747012489.191363,-21,14,140
1747012489.2263634,40,56,29
1747012489.2623634,18,32,173
1747012489.2983634,40,-27,46
1747012489.3333633,-45,-33,-11
1747012489.3693633,-23,28,144
1747012489.4043634,21,11,32
1747012489.4393632,96,76,14
1747012489.474363,26,81,74
1747012489.510363,38,23,-17
1747012489.5463634,62,-24,94
1747012489.5813634,20,-22,86
1747012489.6173637,-69,10,26
1747012489.6523633,36,54,72
1747012489.6873634,-69,4,158
1747012489.7223637,-1,54,130
1747012489.7583632,10,-25,60
1747012489.7943633,25,7,84
1747012489.829363,35,3,12
1747012489.8653634,67,-12,86
1747012489.9003634,31,-74,-7
1747012489.9353633,-86,3,66
1747012489.9703634,-2,-8,98
1747012490.0063634,49,39,48
1747012490.0423634,35,-14,54
1747012490.0773633,-16,-18,-11
1747012490.1133633,52,25,68
1747012490.1483634,-95,32,48
1747012490.1833634,34,-47,104
1747012490.2183633,90,8,130
1747012490.2543633,-59,-70,18
1747012490.2903633,6,22,36
1747012490.3253634,-109,-95,16
1747012490.3613634,6,44,134
1747012490.3963633,-9,-17,59
1747012490.431363,-29,74,-44
1747012490.4663634,29,-28,67
1747012490.5023634,89,3,91
1747012490.5383637,19,35,-10
1747012490.5733633,1,9,53
1747012490.6093633,-16,32,-10
1747012490.6443634,-77,20,208
1747012490.6793633,-48,-19,68
1747012490.714363,-52,-61,116
1747012490.750363,35,12,-51
1747012490.7863634,-26,0,-3
1747012490.8213634,1,80,95
1747012490.8573637,-70,-20,79
1747012490.8923633,-16,-32,173
1747012490.9273634,87,29,67
1747012490.9623632,-66,-6,39
1747012490.9983633,23,89,123
1747012491.0343633,39,-4,123
1747012491.0693634,-83,73,141
1747012491.1053634,52,-28,-40
1747012491.1403637,39,69,137
1747012491.1753633,8,-22,-110
1747012491.2103634,-1,5,213
1747012491.2463634,-18,-34,-62
1747012491.2823634,-42,7,69
1747012491.3173633,27,63,103
1747012491.3533633,55,37,121
1747012491.3883634,78,7,59
1747012491.4233634,-33,11,113
1747012491.4583633,-39,-6,165
1747012491.4943633,22,27,49
1747012491.530363,-105,-18,38
1747012491.5653634,-18,-19,97
1747012491.6013634,-5,-26,58
1747012491.6363633,16,-84,184
1747012491.6713634,-62,84,54
1747012491.7073634,39,32,84
1747012491.7423637,-34,-19,30
1747012491.7783637,-44,-13,178
1747012491.8133633,-28,49,102
1747012491.849363,-48,-22,102
1747012491.8843634,19,27,34
1747012491.9193633,-114,33,42
1747012491.9553633,-32,-58,70
1747012491.9903634,89,-42,46
1747012492.0263634,-82,61,16
1747012492.0613637,50,-68,120
1747012492.0973637,-42,-58,44
1747012492.132363,-19,0,10
1747012492.1673634,7,19,88
1747012492.2033634,-14,10,4
1747012492.2383633,-27,25,116
1747012492.2743633,71,-18,112
1747012492.3093634,49,19,112
1747012492.3453634,35,91,60
1747012492.3803637,28,5,132
1747012492.4153633,45,31,14
1747012492.451363,-26,-40,1
1747012492.4863634,-40,-104,100
1747012492.5223634,17,9,32
1747012492.5573633,-68,35,64
1747012492.5933633,11,55,98
1747012492.6283634,3,59,210
1747012492.6633637,21,-15,-24
1747012492.6993637,-44,82,36
1747012492.7343633,-48,22,-28
1747012492.770363,-20,34,34
1747012492.8053634,-6,-35,118
1747012492.8413634,-2,20,146
1747012492.8763633,98,-9,97
1747012492.9113634,-83,-12,25
1747012492.9473634,-111,-2,153
1747012492.9823637,-5,-26,5
1747012493.0183637,26,-36,43
1747012493.053363,6,37,-35
1747012493.089363,22,41,25
1747012493.1243634,-56,-36,92
1747012493.1593633,19,15,-95
1747012493.1953633,-2,-66,110
1747012493.2303634,-12,-38,132
1747012493.2663634,60,23,-35
1747012493.3013637,-30,-40,-89
1747012493.3373632,0,3,134
1747012493.372363,21,11,182
1747012493.4073634,51,35,127
1747012493.4433634,13,47,45
1747012493.4783633,54,23,-20
1747012493.5143633,-1,-36,129
1747012493.5493634,38,103,113
1747012493.5843637,68,-78,79
1747012493.6193633,0,24,123
1747012493.655363,33,-28,-148
1747012493.691363,-56,31,68
1747012493.7263634,58,32,35
1747012493.7623634,-19,62,27
1747012493.7973633,-7,68,105
1747012493.8323634,18,-25,111
1747012493.8673637,38,-29,-34
1747012493.9033637,-15,-9,100
1747012493.9393632,-37,-69,101
1747012493.974363,-29,20,83
1747012494.010363,-4,44,-28
1747012494.0453634,83,-20,-36
1747012494.0803633,15,75,144
1747012494.1153634,-30,31,120
1747012494.1513634,11,-9,34
1747012494.1873634,54,-20,62
1747012494.2223637,2,40,-31
1747012494.2583632,0,60,188
1747012494.293363,20,-49,186
1747012494.3283634,-13,0,118
1747012494.3633633,-92,29,68
1747012494.3993633,47,-8,-59
1747012494.4353633,15,121,-5
1747012494.4703634,-10,50,154
1747012494.5063634,62,94,168
1747012494.5413637,5,29,43
1747012494.576363,-24,-8,94
1747012494.6113634,7,21,73
1747012494.6473634,13,-48,18
1747012494.6833634,63,28,18
1747012494.7183633,68,-13,242
1747012494.7543633,22,-2,132
1747012494.7893634,10,18,8
1747012494.8243637,-18,49,58
1747012494.8593633,33,17,14
1747012494.895363,-75,-11,104
1747012494.931363,-27,10,22
1747012494.9663634,8,4,110
1747012495.0023634,-5,-47,126
1747012495.0373633,56,18,113
1747012495.0723634,-23,-29,29
1747012495.1073637,6,-80,141
1747012495.1433637,-47,11,1
1747012495.1793633,29,65,157
1747012495.214363,-12,27,-20
1747012495.250363,7,65,81
1747012495.2853634,9,39,143
1747012495.3203633,2,18,89
1747012495.3553634,30,52,160
1747012495.3913634,-11,-23,0
1747012495.4273634,-18,39,62
1747012495.4623632,-11,30,100
1747012495.4983633,-15,0,94
1747012495.533363,44,-17,176
1747012495.5683634,-13,14,46
1747012495.6033633,16,-17,-11
1747012495.6393633,38,62,58
1747012495.6823633,-45,-49,138
1747012495.7183633,-25,14,86
1747012495.7543633,-2,-19,128
1747012495.7893634,67,-13,22
1747012495.8243637,-3,42,38
1747012495.8593633,43,32,32
1747012495.895363,20,-31,104
1747012495.931363,40,55,64
1747012495.9663634,44,-80,28
1747012496.0023634,6,-31,26
1747012496.0373633,9,-20,28
1747012496.0723634,-18,-36,-61
1747012496.1073637,49,-12,128
1747012496.1433637,26,26,26
1747012496.1793633,14,-31,78
1747012496.214363,-17,-10,20
1747012496.250363,72,-32,108
1747012496.2853634,-26,-26,78
1747012496.3203633,-80,-18,-55
1747012496.3553634,-17,-42,102
1747012496.3913634,-36,13,110
1747012496.4273634,7,-44,-1
1747012496.4623632,-68,55,48
1747012496.4983633,-30,47,76
1747012496.533363,-96,15,0
1747012496.5683634,-86,-28,105
1747012496.6033633,21,11,55
1747012496.6393633,17,1,133
1747012496.6753633,-8,27,103
1747012496.7103634,83,31,19
1747012496.7463634,10,93,51
1747012496.7813632,11,12,98
1747012496.816363,-68,30,115
1747012496.852363,29,-11,84
1747012496.8873634,-71,70,70
1747012496.9233634,57,-23,145
1747012496.9583633,-48,14,161
1747012496.9943633,28,-51,119
1747012497.0293634,131,-53,85
1747012497.0643632,-37,21,38
1747012497.1003633,80,-36,106
1747012497.135363,-1,-22,106
1747012497.1713634,-25,-14,22
1747012497.2063634,62,-22,114
1747012497.2423637,-23,79,23
1747012497.2773633,11,24,76
1747012497.3123634,0,28,82
1747012497.3483634,-16,-25,124
1747012497.3833632,97,-35,70
1747012497.4193633,53,-61,32
1747012497.454363,-32,-35,172
1747012497.4903634,1,-1,136
1747012497.5253634,-22,12,84
1747012497.5603633,-21,-26,14
1747012497.5963633,2,-6,0
1747012497.6313634,-19,5,42
1747012497.6673634,-31,-26,72
1747012497.7023633,-53,-6,196
1747012497.7383633,12,83,-45
1747012497.7733634,-15,33,18
1747012497.8083634,-21,-46,138
1747012497.8443637,34,-2,12
1747012497.8793633,10,65,40
1747012497.9153633,0,13,62
1747012497.9503634,47,-36,22
1747012497.9863634,-8,39,-25
1747012498.0213633,-6,45,58
1747012498.056363,-58,-30,72
1747012498.0923634,41,-78,104
1747012498.1273634,-68,65,72
1747012498.1633637,-32,-12,22
1747012498.1983633,0,-48,40
1747012498.2343633,21,61,-1
1747012498.2693634,-66,5,146
1747012498.3043633,-52,31,182
1747012498.3403633,-52,-8,48
1747012498.375363,19,81,132
1747012498.4113634,5,31,62
1747012498.4463634,9,-13,32
1747012498.4813633,29,19,-15
1747012498.5163634,-24,5,82
1747012498.5523634,15,15,-35
1747012498.5883634,-38,-42,76
1747012498.6233633,-26,-30,144
1747012498.6593633,-62,-46,18
1747012498.6943634,78,-68,48
1747012498.7293634,-19,73,80
1747012498.7643633,50,-10,120
1747012498.8003633,-97,-18,-31
1747012498.8363633,-29,7,88
1747012498.8713634,40,-50,132
1747012498.9073634,84,-10,140
1747012498.9423633,6,29,142
1747012498.977363,54,-29,80
1747012499.0123634,-51,-22,194
1747012499.0483634,-91,-6,42
1747012499.0843637,-79,-24,122
1747012499.1193633,-73,-12,80
1747012499.155363,-32,-22,40
1747012499.1903634,15,15,118
1747012499.2253633,17,-24,106
1747012499.260363,-12,25,14
1747012499.2963634,-27,124,98
1747012499.3323634,-11,6,66
1747012499.3673637,-109,24,-41
1747012499.4033637,-27,2,-11
1747012499.4383633,-1,-15,96
1747012499.4733634,34,80,-33
1747012499.5083632,22,32,212
1747012499.5443633,18,5,54
1747012499.5803633,26,25,102
1747012499.6153634,38,33,2
1747012499.6513634,46,-3,132
1747012499.6863637,-25,52,122
1747012499.7213633,-5,90,58
1747012499.7563634,-65,50,106
1747012499.7923634,6,-2,48
1747012499.8283634,8,37,150
1747012499.8633633,-11,-32,8
1747012499.8993633,-39,6,104
1747012499.9343634,-29,48,120
1747012499.9693637,56,-3,188
1747012500.0043633,30,-27,88
1747012500.0403633,-41,4,66
1747012500.076363,64,-15,120
1747012500.1113634,4,3,21
1747012500.1473634,-7,-20,209
1747012500.1823633,-53,-4,127
1747012500.2173634,67,-28,157
1747012500.2523634,41,-22,111
1747012500.2883637,33,-46,183
1747012500.3243637,44,-32,37
1747012500.3593633,-37,47,-56
1747012500.395363,26,-22,27
1747012500.4303634,-47,19,43
1747012500.4653633,58,21,81
1747012500.500363,-31,-6,63
1747012500.5363634,54,-14,10
1747012500.5723634,22,59,50
1747012500.6073637,42,2,94
1747012500.6433637,14,56,52
1747012500.678363,-29,56,26
1747012500.7133634,20,-19,170
1747012500.7483633,16,-47,96
1747012500.7843633,0,10,24
1747012500.8203633,30,-1,62
1747012500.8553634,-13,-1,84
1747012500.8913634,-21,60,32
1747012500.9263637,-60,-3,32
1747012500.9613633,-44,0,46
1747012500.9963634,-72,-43,132
1747012501.0323634,-93,-39,78
1747012501.0683634,42,30,88
1747012501.1033633,84,50,53
1747012501.1393633,71,40,161
1747012501.1743634,33,21,47
1747012501.2093637,9,-32,62
1747012501.2443633,-68,-53,149
1747012501.280363,49,-11,198
1747012501.316363,18,14,172
1747012501.3513634,-16,60,-29
1747012501.3873634,-42,74,66
1747012501.4223633,-42,56,125
1747012501.4573634,-6,-15,85
1747012501.4923637,-3,-44,113
1747012501.5283637,-53,-51,9
1747012501.5643632,-81,28,7
1747012501.599363,22,-5,67
1747012501.635363,62,-17,69
1747012501.6703634,34,18,61
1747012501.7053633,0,26,71
1747012501.7413633,104,40,65
1747012501.7763634,58,20,71
1747012501.8123634,-25,-55,125
1747012501.8473637,-39,46,37
1747012501.8833632,30,12,33
1747012501.918363,74,20,-10
1747012501.9533634,-17,20,77
1747012501.9893634,-9,20,-26
1747012502.0243633,-27,-49,143
1747012502.0603633,14,6,155
1747012502.0953634,-109,-83,7
1747012502.1313634,-93,44,71
1747012502.1663637,80,-1,-35
1747012502.201363,20,-13,86
1747012502.237363,-37,-15,62
1747012502.2723634,28,-11,130
1747012502.3083634,-15,-17,-7
1747012502.3433633,2,72,200
1747012502.3793633,4,16,-19
1747012502.4143634,64,46,86
1747012502.4493637,-23,-9,12
1747012502.4853632,24,-7,58
1747012502.520363,-23,14,46
1747012502.556363,8,34,12
1747012502.5913634,-16,56,80
1747012502.6273634,-1,-17,164
1747012502.6623633,-53,26,130
1747012502.6973634,-3,-21,62
1747012502.7333634,38,28,142
1747012502.7683637,-120,79,-33
1747012502.8043633,60,-7,6
1747012502.839363,-2,-62,155
1747012502.875363,-6,-41,17
1747012502.9103634,-7,-15,-4
1747012502.9453633,-8,5,83
1747012502.9813633,-18,-29,39
1747012503.0163634,-38,-9,129
1747012503.0523634,41,-5,179
1747012503.0873632,-80,-139,77
1747012503.1233633,-16,44,-44
1747012503.158363,-72,2,119
1747012503.1933634,73,-14,159
1747012503.2293634,0,-43,123
1747012503.2643633,13,30,-4
1747012503.3003633,45,-33,-10
1747012503.3353634,1,49,-16
1747012503.3713634,73,0,49
1747012503.4063632,-18,-30,143
1747012503.441363,-10,35,163
1747012503.477363,45,2,83
1747012503.5123634,-4,-22,205
1747012503.5483634,-48,-14,0
1747012503.5833633,-46,-82,-20
1747012503.6193633,71,-50,31
1747012503.655363,8,44,19
1747012503.6903634,-37,-55,93
1747012503.7253633,68,-23,53
1747012503.7613633,44,44,161
1747012503.7973633,4,66,79
1747012503.8323634,4,28,57
1747012503.8683634,-39,10,121
1747012503.9033637,-1,10,111
1747012503.9383633,-55,-13,133
1747012503.9733634,-13,-59,81
1747012504.0093634,30,64,9
1747012504.0453634,50,20,51
1747012504.0803633,82,74,139
1747012504.1163633,1,32,151
1747012504.1513634,-20,-109,127
1747012504.1863637,-14,42,21
1747012504.2213633,70,12,-29
1747012504.257363,26,-29,234
1747012504.293363,-31,-41,40
1747012504.3283634,8,12,28
1747012504.3643634,38,38,8
1747012504.3993633,13,-115,34
1747012504.4343634,72,-21,274
1747012504.4693637,40,-71,28
1747012504.5053637,7,-63,84
1747012504.5413637,85,4,48
1747012504.576363,-10,42,94
1747012504.612363,19,68,90
1747012504.6473634,-22,-37,146
1747012504.6823633,0,10,90
1747012504.7173634,-10,11,36
1747012504.7533634,15,-62,154
1747012504.7893634,-24,-2,30
1747012504.8243637,11,43,100
1747012504.8603632,8,13,4
1747012504.895363,81,-44,24
1747012504.9303634,51,41,102
1747012504.9653633,113,23,104
1747012505.0013633,10,32,-21
1747012505.0373633,1,33,202
1747012505.0723634,-16,0,106
1747012505.1083634,-7,66,-7
1747012505.1433637,89,11,0
1747012505.178363,33,9,98
1747012505.2133634,-80,-52,85
1747012505.2493634,-88,23,99
1747012505.2853634,85,-32,16
1747012505.3203633,37,34,40
1747012505.3563633,80,90,8
1747012505.3913634,52,-31,104
1747012505.4263637,22,-57,109
1747012505.4613633,12,-3,181
1747012505.497363,-52,-44,26
1747012505.533363,29,-56,31
1747012505.5683634,-62,-112,97
1747012505.6043634,-19,2,39
1747012505.6393633,70,4,120
1747012505.6743634,-61,12,-27
1747012505.7173634,-53,6,-57
1747012505.7533634,-67,40,92
1747012505.7893634,2,32,-53
1747012505.8243637,78,32,28
1747012505.8603632,0,-39,100
1747012505.895363,39,-45,72
1747012505.9303634,49,-67,-35
1747012505.9653633,9,52,120
1747012506.0013633,61,-11,50
1747012506.0373633,24,-45,172
1747012506.0723634,54,-11,62
1747012506.1083634,87,-6,146
1747012506.1433637,-20,-4,-19
1747012506.178363,-32,-32,56
1747012506.2133634,-61,-59,4
1747012506.2493634,8,-21,4
1747012506.2853634,63,33,42
1747012506.3203633,23,53,155
1747012506.3563633,-30,-12,109
1747012506.3913634,-39,-63,57
1747012506.4263637,-15,-23,99
1747012506.4613633,20,-49,-78
1747012506.497363,-5,30,-56
1747012506.533363,20,-3,77
1747012506.5683634,49,-8,119
1747012506.6043634,37,41,55
1747012506.6393633,-10,25,27
1747012506.6743634,-12,-16,19
1747012506.7093637,27,-4,119
1747012506.7453637,102,-31,99
1747012506.7813632,58,26,97
1747012506.816363,0,-19,111
1747012506.852363,74,4,137
1747012506.8873634,-37,-17,35
1747012506.9223633,26,-99,29
1747012506.9583633,-33,19,29
1747012506.9933634,83,-10,59
1747012507.0293634,43,-72,69
1747012507.0643632,21,33,167
1747012507.1003633,47,-12,71
1747012507.135363,-10,-4,91
1747012507.1703634,-44,10,-24
1747012507.2063634,46,44,89
1747012507.2413633,-2,-7,105
1747012507.2773633,10,29,41
1747012507.3123634,26,31,-50
1747012507.3483634,6,25,185
1747012507.3833632,-5,41,-22
1747012507.418363,-14,26,119
1747012507.454363,75,-35,73
1747012507.4893634,57,24,115
1747012507.5253634,77,34,101
1747012507.5603633,6,21,45
1747012507.5963633,-82,44,115
1747012507.6313634,69,62,51
1747012507.6663637,85,-9,77
1747012507.7023633,-51,-7,95
1747012507.737363,94,-23,159
1747012507.7733634,48,20,15
1747012507.8083634,4,0,143
1747012507.8443637,34,2,11
1747012507.8793633,-47,-65,77
1747012507.9143634,-23,-97,87
1747012507.9503634,8,16,125
1747012507.9853632,-35,18,107
1747012508.0213633,26,98,57
1747012508.056363,-8,141,75
1747012508.0923634,-24,-24,69
1747012508.1273634,-10,-4,91
1747012508.1623633,-48,-60,-30
1747012508.1983633,56,22,81
1747012508.2333634,14,94,29
1747012508.2693634,-41,-49,12
1747012508.3043633,-13,-55,78
1747012508.3403633,14,-7,-39
1747012508.375363,-3,-33,102
1747012508.4103634,-4,1,132
1747012508.4463634,31,39,252
1747012508.4813633,-52,-18,58
1747012508.5173633,-28,-56,34
1747012508.5523634,29,31,132
1747012508.5883634,-74,14,54
1747012508.6243634,-54,39,80
1747012508.6593633,143,-28,134
1747012508.6943634,-4,31,58
1747012508.7303634,-26,-50,132
1747012508.7663634,3,-34,134
1747012508.8013637,93,1,74
1747012508.8373632,57,-32,78
1747012508.872363,1,-14,198
1747012508.9073634,2,-60,80
1747012508.9423633,50,73,100
1747012508.9783633,-31,-7,60
1747012509.0143633,24,-98,18
1747012509.0493634,-28,-1,78
1747012509.0853634,-2,-21,122
1747012509.1203637,14,33,102
1747012509.155363,28,15,88
1747012509.1903634,176,-22,-9
1747012509.2263634,18,30,186
1747012509.2623634,51,39,102
1747012509.2973633,-44,0,60
1747012509.3333633,43,37,98
1747012509.3683634,-30,0,34
1747012509.4033637,68,10,132
1747012509.4383633,177,65,136
1747012509.474363,45,3,72
1747012509.510363,-32,-36,84
1747012509.5453634,16,8,0
1747012509.5813634,20,48,104
1747012509.6163633,36,-53,-157
1747012509.6513634,-47,-29,44
1747012509.6863637,-69,-31,93
1747012509.7223637,82,12,41
1747012509.7583632,-15,88,161
1747012509.793363,4,50,53
1747012509.829363,18,16,-8
1747012509.8643634,-39,-17,75
1747012509.8993633,-52,2,62
1747012509.9343634,7,36,44
1747012509.9703634,-14,2,142
1747012510.0063634,29,-41,26
1747012510.0413637,-44,-44,-23
1747012510.0773633,-41,27,14
1747012510.112363,-5,35,48
1747012510.1473634,20,33,-23
1747012510.1823633,8,-6,87
1747012510.2183633,-53,-81,43
1747012510.2543633,60,-17,80
1747012510.2893634,-23,46,10
1747012510.3253634,-32,-33,112
1747012510.3603632,35,-17,66
1747012510.395363,-28,-47,138
1747012510.4303634,-22,-47,24
1747012510.4663634,-9,-30,-13
1747012510.5023634,4,-44,24
1747012510.5373633,87,3,106
1747012510.5733633,-3,9,34
1747012510.6083634,3,24,89
1747012510.6433637,38,37,18
1747012510.678363,21,57,-5
1747012510.714363,5,25,60
1747012510.750363,25,89,90
1747012510.7853634,-6,-22,12
1747012510.8213634,10,44,30
1747012510.8563633,6,24,22
1747012510.8913634,-21,-49,132
1747012510.9263637,-3,-3,16
1747012510.9623632,2,-17,154
1747012510.9983633,-79,9,150
1747012511.033363,16,-23,48
1747012511.0693634,-31,56,96
1747012511.1043634,22,14,123
1747012511.1393633,-12,-95,67
1747012511.1743634,9,-17,71
1747012511.2103634,51,-17,131
1747012511.2463634,47,-29,-6
1747012511.2813632,101,20,107
1747012511.3173633,31,-35,95
1747012511.352363,53,8,31
1747012511.3873634,-31,-106,79
1747012511.4223633,-57,41,101
1747012511.4583633,-70,-26,199
1747012511.4943633,27,-101,31
1747012511.5293634,-60,-71,111
1747012511.5653634,47,-17,117
1747012511.6003633,-48,16,131
1747012511.635363,6,-23,20
1747012511.6703634,0,66,93
1747012511.7063634,-11,-65,74
1747012511.7423637,76,28,72
1747012511.7773633,-49,46,116
1747012511.8133633,46,-11,124
1747012511.8483634,-9,-47,120
1747012511.8833632,-61,44,-4
1747012511.9193633,49,-34,126
1747012511.954363,-66,13,52
1747012511.9903634,13,-58,60
1747012512.0253634,-18,9,-70
1747012512.0613637,-77,79,66
1747012512.0963633,44,-6,136
1747012512.1313634,28,1,-67
1747012512.1673634,4,2,78
1747012512.2023633,-14,-3,82
1747012512.2383633,21,-15,66
1747012512.2733634,103,8,62
1747012512.3093634,-49,62,178
1747012512.3443637,-7,54,78
1747012512.3793633,-10,28,74
1747012512.4153633,-50,-41,134
1747012512.4503634,-74,-39,144
1747012512.4863634,9,18,-79
1747012512.5213633,-48,-23,62
1747012512.5573633,-1,4,22
1747012512.5923634,41,0,88
1747012512.6273634,-20,1,82
1747012512.6633637,-14,7,120
1747012512.6983633,-8,39,32
1747012512.7343633,-100,8,38
1747012512.7693634,29,32,152
1747012512.8053634,-29,-24,-17
1747012512.8403633,-2,-45,58
1747012512.875363,-72,14,34
1747012512.9113634,27,10,74
1747012512.9463634,-6,-45,118
1747012512.9823637,-50,-53,88
1747012513.0173633,5,-65,48
1747012513.053363,10,-12,36
1747012513.0883634,16,33,94
1747012513.1233633,-101,41,104
1747012513.1593633,35,6,72
1747012513.1943634,-46,-23,116
1747012513.2303634,73,-10,96
1747012513.2653637,-24,23,24
1747012513.3013637,-90,1,30
1747012513.3363633,3,-2,22
1747012513.3713634,-4,3,90
1747012513.4073634,5,-14,82
1747012513.4423633,-100,-56,32
1747012513.4783633,35,-45,96
1747012513.5133634,-14,2,-21
1747012513.5493634,43,76,147
1747012513.5843637,-48,5,-8
1747012513.6193633,35,41,79
1747012513.655363,-22,23,68
1747012513.6903634,62,8,92
1747012513.7263634,77,7,26
1747012513.7613633,-2,47,51
1747012513.7973633,-81,30,81
1747012513.8323634,66,62,125
1747012513.8673637,58,72,164
1747012513.9033637,-27,-1,90
1747012513.9383633,-35,44,146
1747012513.974363,67,-74,38
1747012514.0093634,7,44,-29
1747012514.0443633,2,76,-15
1747012514.079363,78,10,92
1747012514.1153634,-87,-37,-33
1747012514.1513634,28,-3,70
1747012514.1863637,42,62,136
1747012514.2223637,32,-25,6
1747012514.257363,11,52,134
1747012514.2923634,-26,-69,130
1747012514.3273633,33,-89,-19
1747012514.3633633,34,-23,114
1747012514.3993633,25,26,68
1747012514.4343634,-20,34,-45
1747012514.4703634,-18,-8,64
1747012514.5053637,-10,10,-1
1747012514.5403633,-60,57,60
1747012514.5753634,-42,-54,134
1747012514.6113634,0,-90,131
1747012514.6473634,15,-2,11
1747012514.6823633,43,-16,177
1747012514.7183633,-11,-71,-2
1747012514.7533634,-54,55,-102
1747012514.7883637,-33,26,131
1747012514.8233633,-39,2,11
1747012514.8593633,10,6,97
1747012514.895363,46,-13,85
1747012514.9303634,23,-14,129
1747012514.9663634,63,13,191
1747012515.0013633,-10,-34,125
1747012515.0363634,-100,7,159
1747012515.0713634,-48,-78,119
1747012515.1073637,-4,-12,131
1747012515.1433637,-30,27,109
1747012515.178363,-32,1,65
1747012515.214363,13,-80,149
1747012515.2493634,26,-17,107
1747012515.2843633,58,-9,37
1747012515.3193634,57,-64,13
1747012515.3553634,-3,-11,-50
1747012515.3913634,-24,25,55
1747012515.4263637,41,-56,113
1747012515.4623632,5,1,3
1747012515.497363,-42,71,103
1747012515.5323634,59,-2,11
1747012515.5673633,-2,-130,5
1747012515.6033633,-6,-78,141
1747012515.6393633,1,47,137
1747012515.6743634,45,-76,111
1747012515.7103634,100,8,53
1747012515.7523634,-18,31,73
1747012515.7883637,43,1,-68
1747012515.8233633,-30,-22,-10
1747012515.8593633,25,-84,63
1747012515.895363,-20,-24,51
1747012515.9303634,33,55,105
1747012515.9663634,-10,21,59
1747012516.0013633,-13,-11,79
1747012516.0363634,-38,-72,-10
1747012516.0713634,43,-46,21
1747012516.1073637,-11,80,35
1747012516.1433637,0,40,205
1747012516.178363,15,-3,141
1747012516.214363,-7,28,-22
1747012516.2493634,9,-93,85
1747012516.2843633,64,-41,0
1747012516.3193634,59,-96,132
1747012516.3553634,-107,-23,134
1747012516.3913634,-32,11,88
1747012516.4263637,73,-32,38
1747012516.4623632,-73,-11,68
1747012516.497363,-16,9,154
1747012516.5323634,41,-4,-5
1747012516.5673633,-6,-34,54
1747012516.6033633,35,-44,14
1747012516.6393633,-19,49,188
1747012516.6743634,22,-56,132
1747012516.7103634,64,57,72
1747012516.7453637,17,59,80
1747012516.780363,-2,-14,22
1747012516.8153634,63,19,88
1747012516.8513634,58,-14,70
1747012516.8873634,-35,11,150
1747012516.9223633,-8,5,90
1747012516.9583633,34,-88,142
1747012516.9933634,-18,-47,68
1747012517.0283637,-9,1,192
1747012517.0643632,-86,61,100
1747012517.099363,-96,-36,72
1747012517.135363,-9,-47,92
1747012517.1703634,38,-21,30
1747012517.2063634,-5,22,144
1747012517.2413633,-65,-81,30
1747012517.2763634,73,-54,4
1747012517.3123634,-8,-1,74
1747012517.3473637,110,-33,204
1747012517.3833632,-7,-29,100
1747012517.418363,10,22,72
1747012517.454363,12,-37,4
1747012517.4893634,-89,-49,90
1747012517.5243633,20,-83,102
1747012517.5603633,24,102,12
1747012517.5953634,26,-39,100
1747012517.6313634,58,64,6
1747012517.6663637,-48,-64,42
1747012517.7023633,8,-61,-22
1747012517.737363,-43,-13,9
1747012517.7723634,-23,-7,45
1747012517.8083634,-12,52,34
1747012517.8433633,1,-20,42
1747012517.8793633,123,-1,53
1747012517.9143634,57,-3,79
1747012517.9503634,-30,54,73
1747012517.9853632,37,-53,76
1747012518.020363,-5,18,92
1747012518.056363,-52,-2,6
1747012518.0913634,-54,-28,176
1747012518.1273634,-19,-69,36
1747012518.1623633,55,55,93
1747012518.1983633,63,40,145
1747012518.2333634,23,60,77
1747012518.2683637,41,6,-24
1747012518.3043633,31,-87,136
1747012518.339363,-9,44,88
1747012518.375363,-135,9,16
1747012518.4103634,-36,-38,98
1747012518.4463634,-5,40,0
1747012518.4813633,-44,45,62
1747012518.5163634,16,44,-49
1747012518.5523634,9,30,102
1747012518.5873632,69,32,30
1747012518.6233633,-19,-30,116
1747012518.658363,6,-8,58
1747012518.6943634,51,43,110
1747012518.7293634,0,-82,104
1747012518.7643633,-53,-10,98
1747012518.8003633,62,0,32
1747012518.8353634,4,-14,42
1747012518.8713634,-11,48,-77
1747012518.9063632,57,5,154
1747012518.941363,37,9,64
1747012518.9763634,19,-2,96
1747012519.0123634,-44,-64,58
1747012519.0483634,53,11,94
1747012519.0833633,-54,3,-3
1747012519.1193633,-66,5,48
1747012519.1543634,-22,41,76
1747012519.1893632,-46,7,32
1747012519.224363,60,69,16
1747012519.260363,-5,-30,156
1747012519.2963634,-57,67,54
1747012519.3313634,95,-11,-35
1747012519.3673637,23,-39,14
1747012519.4023633,-14,46,114
1747012519.4373634,-76,-13,68
1747012519.4723637,-3,-11,66
1747012519.5083632,68,-19,-19
1747012519.5443633,40,-37,-11
1747012519.579363,32,-19,90
1747012519.6153634,74,-27,194
1747012519.6503634,45,-42,198
1747012519.6853633,-17,-3,-13
1747012519.7203634,50,-1,18
1747012519.7563634,1,-16,139
1747012519.7923634,35,-4,14
1747012519.8273633,9,-29,34
1747012519.8633633,1,0,144
1747012519.8983634,-40,-9,96
1747012519.9333634,62,-31,132
1747012519.9683633,-3,60,80
1747012520.0043633,-19,-35,26
1747012520.0403633,52,-53,-5
1747012520.0753634,-15,46,67
1747012520.1113634,29,-11,85
1747012520.1463633,45,10,-2
1747012520.181363,24,-42,-14
1747012520.2163634,36,53,151
1747012520.2523634,-53,42,87
1747012520.2883637,-28,10,73
1747012520.3233633,72,-9,-52
1747012520.3593633,-46,-14,79
1747012520.3943634,9,-8,163
1747012520.4293633,-15,112,185
1747012520.464363,-33,-3,81
1747012520.500363,80,66,-24
1747012520.5363634,54,54,37
1747012520.5713634,64,100,37
1747012520.6073637,32,4,67
1747012520.6423633,44,-11,103
1747012520.6773634,64,-5,111
1747012520.7123632,-11,0,97
1747012520.7483633,15,0,105
1747012520.7843633,31,9,61
1747012520.8193634,53,19,81
1747012520.8553634,-28,-54,65
1747012520.8903637,11,-70,1
1747012520.9253633,-100,-20,153
1747012520.9603634,-46,-10,19
1747012520.9963634,-140,21,57
1747012521.0323634,61,-39,85
1747012521.0673633,25,-45,81
1747012521.1033633,91,-17,119
1747012521.1383634,-76,27,105
1747012521.1733634,77,5,101
1747012521.2083633,14,-3,85
1747012521.2443633,-39,-27,91
1747012521.280363,8,8,13
1747012521.3153634,-6,-145,49
1747012521.3513634,49,9,95
1747012521.3863633,-14,-2,47
1747012521.4213634,19,-62,21
1747012521.4563634,3,-27,-8
1747012521.4923637,48,14,69
1747012521.5283637,-57,34,41
1747012521.5633633,29,10,45
1747012521.599363,-30,-69,35
1747012521.6343634,95,-5,97
1747012521.6693633,41,-38,51
1747012521.704363,-86,-20,73
1747012521.7403634,-74,-94,171
1747012521.7763634,5,9,81
1747012521.8113637,-18,29,-36
1747012521.8473637,-38,-58,125
1747012521.882363,41,-8,193
1747012521.9173634,-4,-42,75
1747012521.9523633,31,-12,169
1747012521.9883633,-21,-27,29
1747012522.0243633,-12,25,129
1747012522.0593634,-14,-34,-20
1747012522.0953634,-8,-2,-56
1747012522.1303637,-61,98,157
1747012522.1653633,-43,12,65
1747012522.201363,11,33,15
1747012522.2363634,60,-21,91
1747012522.2723634,-1,-11,-6
1747012522.3073633,-69,42,-70
1747012522.3433633,-67,-21,129
1747012522.3783634,74,58,-70
1747012522.4133637,-21,0,83
1747012522.4493637,-19,4,-22
1747012522.4843633,142,36,13
1747012522.520363,12,-11,151
1747012522.5553634,50,-5,179
1747012522.5913634,-13,46,73
1747012522.6263633,-2,12,29
1747012522.6613634,-20,32,49
1747012522.6973634,-44,9,155
1747012522.7323637,34,-33,105
1747012522.7683637,63,-16,179
1747012522.803363,-18,-28,51
1747012522.839363,96,-9,59
1747012522.8743634,-26,-56,175
1747012522.9093633,4,-47,3
1747012522.9453633,12,48,85
1747012522.9803634,-83,-11,125
1747012523.0163634,44,-51,93
1747012523.0513637,68,-27,89
1747012523.0873632,-12,13,135
1747012523.122363,0,47,79
1747012523.1573634,37,-12,89
1747012523.1933634,104,64,-38
1747012523.2283633,-69,18,89
1747012523.2643633,6,-9,25
1747012523.2993634,-77,-67,29
1747012523.3353634,0,-8,51
1747012523.3703637,66,22,-54
1747012523.405363,12,24,131
1747012523.441363,51,-35,59
1747012523.4763634,-112,150,103
1747012523.5123634,-70,28,37
1747012523.5473633,21,-7,105
1747012523.5833633,-76,-69,129
1747012523.6183634,-60,46,81
1747012523.6533637,137,-43,93
1747012523.6893632,-6,-18,101
1747012523.724363,39,-72,79
1747012523.760363,-46,-34,121
1747012523.7953634,-16,-12,146
1747012523.8313634,75,9,-22
1747012523.8663633,-28,40,91
1747012523.9013634,-48,-75,123
1747012523.9373634,-10,24,-38
1747012523.9723637,-18,-5,65
1747012524.0083632,-9,12,95
1747012524.043363,-3,88,181
1747012524.0783634,-4,-51,162
1747012524.1133633,6,-33,83
1747012524.1493633,38,62,71
1747012524.1853633,-57,66,35
1747012524.2203634,20,-77,113
1747012524.2563634,-39,30,35
1747012524.2913637,-89,-23,69
1747012524.326363,-49,56,89
1747012524.3613634,47,-50,169
1747012524.3973634,13,-16,135
1747012524.4333634,-7,-79,91
1747012524.4683633,5,57,187
1747012524.5043633,9,27,151
1747012524.5393634,-34,0,47
1747012524.5743637,-26,-81,77
1747012524.6093633,23,4,55
1747012524.645363,55,8,23
1747012524.681363,-9,26,121
1747012524.7163634,41,-22,-32
1747012524.7523634,-20,36,179
1747012524.7873633,24,-63,85
1747012524.8223634,-44,30,71
1747012524.8573637,24,-1,-82
1747012524.8933637,-13,-5,139
1747012524.9293633,83,3,115
1747012524.964363,-23,-47,9
1747012525.000363,58,-25,19
1747012525.0353634,-75,-35,49
1747012525.0703633,-39,4,103
1747012525.1053634,-3,28,115
1747012525.1413634,39,-76,131
1747012525.1773634,2,-25,111
1747012525.2123632,6,-35,69
1747012525.2483633,13,80,1
1747012525.283363,-36,-13,201
1747012525.3183634,-50,-33,59
1747012525.3533633,33,-29,29
1747012525.3893633,-20,-9,183
1747012525.4253633,-22,-1,51
1747012525.4603634,29,62,43
1747012525.4963634,79,-9,85
1747012525.5313632,-32,14,87
1747012525.566363,28,19,-26
1747012525.6013634,-37,-56,47
1747012525.6373634,34,-14,31
1747012525.6733634,-47,2,-72
1747012525.7083633,-62,-9,90
1747012525.7443633,-35,-32,-33
1747012525.7863634,-13,35,140
1747012525.8223634,-35,-16,62
1747012525.8573637,-57,13,-33
1747012525.8933637,-65,41,16
1747012525.9293633,65,4,16
1747012525.964363,-5,-24,108
1747012526.000363,41,46,102
1747012526.0353634,57,54,100
1747012526.0703633,-57,-76,120
1747012526.1053634,-90,-7,110
1747012526.1413634,-2,2,122
1747012526.1773634,21,0,90
1747012526.2123632,34,-68,50
1747012526.2483633,-44,8,60
1747012526.283363,34,4,36
1747012526.3183634,71,32,186
1747012526.3533633,1,-91,110
1747012526.3893633,-8,2,88
1747012526.4253633,81,10,-11
1747012526.4603634,7,-29,120
1747012526.4963634,-2,-17,142
1747012526.5313632,-15,-7,166
1747012526.566363,5,-14,-1
1747012526.6013634,57,-48,2
1747012526.6373634,45,11,14
1747012526.6733634,-6,-24,150
1747012526.7083633,68,-29,116
1747012526.7443633,-61,28,114
1747012526.7793634,53,5,104
1747012526.8143632,-18,3,-9
1747012526.8503633,-28,21,118
1747012526.885363,7,-36,92
1747012526.9213634,-78,3,80
1747012526.9563634,35,27,20
1747012526.9923637,37,-8,120
1747012527.0273633,-46,53,100
1747012527.0623634,57,-2,84
1747012527.0973637,-50,-30,90
1747012527.1333632,-32,15,62
1747012527.1693633,-24,-14,72
1747012527.204363,8,32,44
1747012527.2403634,-36,29,24
1747012527.2753634,-30,85,48
1747012527.3103633,-30,68,36
1747012527.3463633,13,-54,40
1747012527.3813634,33,-62,106
1747012527.4173634,55,31,6
1747012527.4523633,37,-80,28
1747012527.4883633,78,14,4
1747012527.5233634,44,-11,104
1747012527.5583634,26,-51,-29
1747012527.5943637,-18,-31,46
1747012527.6293633,-24,51,128
1747012527.6653633,-16,-65,78
1747012527.7003634,-64,16,130
1747012527.7363634,54,17,78
1747012527.7713633,-28,-49,100
1747012527.806363,-23,9,0
1747012527.8423634,-47,29,90
1747012527.8773634,-24,25,-43
1747012527.9133637,-2,39,126
1747012527.9483633,-21,114,86
1747012527.9843633,15,-22,86
1747012528.0193634,-52,-14,116
1747012528.0543633,27,23,120
1747012528.0903633,-24,-44,78
1747012528.125363,-39,18,52
1747012528.1613634,-48,29,176
1747012528.1963634,32,2,106
1747012528.2323637,54,28,76
1747012528.2673633,18,32,116
1747012528.3023634,-57,-7,88
1747012528.3383634,-83,21,42
1747012528.3733633,-19,-35,-17
1747012528.4093633,-5,47,92
1747012528.4443634,-67,6,66
1747012528.4803634,86,22,83
1747012528.5153637,-30,0,-32
1747012528.5503633,27,-105,184
1747012528.5863633,-27,60,38
1747012528.6213634,-11,8,110
1747012528.6573634,-23,-37,40
1747012528.6923633,2,-13,136
1747012528.7283633,-11,46,94
1747012528.7633634,-17,6,6
1747012528.7983634,18,42,96
1747012528.8343637,40,-25,-35
1747012528.8693633,-11,3,70
1747012528.905363,-83,4,-10
1747012528.9403634,50,13,70
1747012528.9763634,22,16,128
1747012529.0123634,-53,46,-10
1747012529.0483634,12,-43,117
1747012529.0843637,10,10,-8
1747012529.1193633,-39,18,131
1747012529.1543634,10,84,3
1747012529.1903634,60,-69,167
1747012529.2263634,0,14,115
1747012529.2613633,52,-17,-76
1747012529.2973633,0,12,78
1747012529.3323634,-49,-63,68
1747012529.3673637,4,-9,106
1747012529.4023633,2,52,118
1747012529.4383633,-3,-31,126
1747012529.474363,-3,-35,142
1747012529.5093634,-21,-65,146
1747012529.5453634,4,-63,196
1747012529.5803633,58,-33,94
1747012529.6153634,-29,34,88
1747012529.6503634,12,-27,18
1747012529.6863637,-18,-21,46
1747012529.7223637,7,30,132
1747012529.757363,31,76,-3
1747012529.793363,2,66,118
1747012529.8283634,-28,-10,80
1747012529.8633633,-4,5,-7
1747012529.8983634,-34,-52,56
1747012529.9343634,-24,-74,114
1747012529.9703634,-25,-21,78
1747012530.0053637,-23,63,26
1747012530.0413637,58,81,80
1747012530.076363,-31,1,66
1747012530.1113634,-17,-36,12
1747012530.1463633,-21,77,38
1747012530.1823633,19,-19,70
1747012530.2183633,13,8,100
1747012530.2533634,-62,58,68
1747012530.2893634,-60,24,84
1747012530.3243637,-42,4,108
1747012530.3593633,-25,42,-41
1747012530.3943634,72,14,100
1747012530.4303634,-35,-9,70
1747012530.4663634,26,20,48
1747012530.5013633,-26,-22,82
1747012530.5373633,-80,29,174
1747012530.5723634,29,19,134
1747012530.6073637,49,-8,204
1747012530.6423633,21,-53,58
1747012530.678363,9,4,46
1747012530.714363,-6,52,82
1747012530.7493634,-42,6,66
1747012530.7853634,89,-43,120
1747012530.8203633,21,28,26
1747012530.8553634,-13,28,18
1747012530.8903637,-73,24,100
1747012530.9263637,-47,36,58
1747012530.9623632,76,2,26
1747012530.997363,-21,-69,14
1747012531.033363,6,86,60
1747012531.0683634,22,-39,100
1747012531.1033633,16,-49,176
1747012531.1383634,32,64,84
1747012531.1743634,96,-73,80
1747012531.2103634,-55,14,-5
1747012531.2453637,-7,-39,18
1747012531.2813632,-85,2,-61
1747012531.316363,-1,-63,168
1747012531.3513634,-15,36,58
1747012531.3863633,-51,-41,152
1747012531.4223633,-27,-11,154
1747012531.4583633,-1,10,24
1747012531.4933634,26,22,106
1747012531.5293634,-45,28,120
1747012531.5643632,58,34,84
1747012531.599363,-45,-57,120
1747012531.6343634,78,24,-15
1747012531.6703634,2,-27,206
1747012531.7063634,-44,16,156
1747012531.7413633,-23,-82,124
1747012531.7773633,32,-7,60
1747012531.8123634,4,3,84
1747012531.8473637,-45,32,-73
1747012531.882363,-49,-87,52
1747012531.918363,-47,-25,46
1747012531.954363,16,10,156
1747012531.9893634,30,-23,32
1747012532.0253634,0,10,114
1747012532.0603633,7,-31,24
1747012532.0953634,-56,-61,40
1747012532.1303637,7,100,130
1747012532.1663637,-56,29,-3
1747012532.2023633,9,26,118
1747012532.237363,-40,24,108
1747012532.2733634,-58,-13,158
1747012532.3083634,-86,14,-49
1747012532.3433633,55,54,170
1747012532.3793633,27,-5,58
1747012532.4143634,45,-25,30
1747012532.4503634,-52,42,-15
1747012532.4853632,-4,0,38
1747012532.5213633,-42,-46,46
1747012532.556363,-36,-40,102
1747012532.5913634,-32,-20,134
1747012532.6273634,29,-8,72
1747012532.6623633,29,-50,-15
1747012532.6983633,-8,-102,90
1747012532.7343633,-72,31,105
1747012532.770363,58,-20,101
1747012532.8053634,-9,-6,129
1747012532.8413634,-29,23,104
1747012532.8763633,5,-1,191
1747012532.9113634,-1,-51,17
1747012532.9473634,27,-50,79
1747012532.9823637,62,-45,103
1747012533.0183637,24,-35,69
1747012533.053363,-47,79,131
1747012533.089363,-9,71,87
1747012533.1243634,-26,52,81
1747012533.1593633,9,42,85
1747012533.1953633,21,10,87
1747012533.2303634,27,-33,-25
1747012533.2663634,71,20,90
1747012533.3013637,-10,14,22
1747012533.3373632,-19,40,158
1747012533.372363,42,-53,135
1747012533.4073634,88,-13,-11
1747012533.4433634,6,32,-141
1747012533.4783633,-23,48,166
1747012533.5143633,62,64,56
1747012533.5493634,-93,48,102
1747012533.5853634,23,13,4
1747012533.6203637,-44,9,73
1747012533.655363,44,-3,7
1747012533.691363,21,13,59
1747012533.7263634,32,32,-34
1747012533.7623634,4,-95,33
1747012533.7973633,-18,-61,47
1747012533.8333633,-11,-1,45
1747012533.8683634,26,-115,87
1747012533.9033637,58,-25,105
1747012533.9393632,88,-3,73
1747012533.974363,28,-33,111
1747012534.010363,58,24,129
1747012534.0453634,-9,70,129
1747012534.0813634,16,12,123
1747012534.1173637,-117,2,157
1747012534.1523633,20,-19,123
1747012534.1873634,66,-3,149
1747012534.2233634,-37,-7,47
1747012534.2593634,36,-3,-2
1747012534.2943633,48,-75,-14
1747012534.3303633,-27,-1,-6
1747012534.3653634,-59,56,87
1747012534.4003634,44,-45,87
1747012534.4353633,66,30,155
1747012534.4713633,81,17,11
1747012534.507363,31,-38,161
1747012534.5423634,55,-8,63
1747012534.5783634,31,-78,103
1747012534.6133633,19,-4,197
1747012534.6483634,38,-23,-6
1747012534.6833634,-43,-51,-14
1747012534.7193637,-30,61,157
1747012534.7553637,0,-28,-34
1747012534.7903633,-105,46,45
1747012534.826363,7,-52,67
1747012534.8613634,7,47,115
1747012534.8963633,-16,17,35
1747012534.931363,-26,59,69
1747012534.9673634,-2,79,37
1747012535.0033634,19,15,51
1747012535.0383637,-26,-66,65
1747012535.0743637,66,-3,83
1747012535.1093633,-14,-64,37
1747012535.1443634,-14,99,27
1747012535.1793633,34,-25,65
1747012535.2153633,34,36,85
1747012535.2513633,21,-22,15
1747012535.2863634,23,-18,111
1747012535.3223634,19,-24,-2
1747012535.3573637,-15,-33,127
1747012535.3923633,-5,54,141
1747012535.4273634,46,2,35
1747012535.4633634,44,10,123
1747012535.4993634,-59,14,-32
1747012535.5343633,14,-45,16
1747012535.5703633,14,38,36
1747012535.6053634,-87,-5,106
1747012535.6403637,-5,-3,84
1747012535.6753633,26,46,120
1747012535.7113633,39,-72,12
1747012535.747363,-14,-54,4
1747012535.7893634,0,-49,88
1747012535.826363,31,37,158
1747012535.8613634,-58,-80,152
1747012535.8963633,-22,-68,124
1747012535.931363,7,-14,50
1747012535.9673634,9,29,106
1747012536.0033634,-4,-2,12
1747012536.0383637,-73,-1,26
1747012536.0743637,39,97,68
1747012536.1093633,11,5,86
1747012536.1443634,5,-14,100
1747012536.1793633,-12,-8,30
1747012536.2153633,75,3,40
1747012536.2513633,11,39,-151
1747012536.2863634,-12,-14,172
1747012536.3223634,-32,-12,16
1747012536.3573637,55,67,10
1747012536.3923633,5,-36,68
1747012536.4273634,-36,13,14
1747012536.4633634,0,11,78
1747012536.4993634,29,-32,-41
1747012536.5343633,-34,-14,94
1747012536.5703633,11,19,-3
1747012536.6053634,75,25,0
1747012536.6403637,65,-34,62
1747012536.6753633,89,-40,18
1747012536.7113633,34,-45,144
1747012536.747363,-27,18,64
1747012536.7823634,-53,44,3
1747012536.8183634,-9,38,120
1747012536.8533633,-20,-16,26
1747012536.8883634,-2,-86,-75
1747012536.9233634,-60,19,-50
1747012536.9593637,-4,-18,33
1747012536.9953637,5,19,-135
1747012537.030363,5,-16,88
1747012537.066363,-4,39,75
1747012537.1013634,71,67,-20
1747012537.1363633,-32,-39,75
1747012537.1713634,-4,-22,131
1747012537.2073634,33,0,87
1747012537.2433634,79,-25,-33
1747012537.2783637,63,-80,108
1747012537.3143632,3,13,78
1747012537.349363,-8,87,54
1747012537.3843634,-24,13,170
1747012537.4203634,37,-22,64
1747012537.4553633,-35,14,198
1747012537.4913633,14,-5,84
1747012537.5263634,10,-45,66
1747012537.5623634,-17,-59,-14
1747012537.5973637,63,11,1
1747012537.632363,10,8,20
1747012537.668363,15,7,-57
1747012537.7033634,77,-46,21
1747012537.7393634,69,-11,124
1747012537.7743633,45,58,170
1747012537.8103633,40,20,24
1747012537.8453634,-80,-23,6
1747012537.8803637,-3,-40,-11
1747012537.9163637,-101,-53,88
1747012537.951363,22,30,60
1747012537.987363,16,2,18
1747012538.0223634,-9,-27,102
1747012538.0583634,-11,22,-51
1747012538.0933633,36,47,14
1747012538.1283634,57,-17,120
1747012538.1643634,-25,-86,132
1747012538.1993637,0,-2,0
1747012538.2353632,-5,43,-43
1747012538.270363,38,-8,-2
1747012538.306363,4,11,85
1747012538.3413634,-19,-6,226
1747012538.3763633,-13,-80,-77
1747012538.4123633,-53,53,82
1747012538.4473634,-35,-62,68
1747012538.4833634,80,27,86
1747012538.5183637,-73,-60,46
1747012538.5543633,62,-8,168
1747012538.589363,-21,63,-91
1747012538.6243634,-27,47,2
1747012538.6603634,-22,71,36
1747012538.6953633,59,-16,146
1747012538.7313633,-60,-44,132
1747012538.7663634,33,0,24
1747012538.8023634,-57,-3,-23
1747012538.8373632,48,2,14
1747012538.872363,83,3,52
1747012538.908363,3,-24,38
1747012538.9433634,30,-51,-3
1747012538.9793634,-49,-53,110
1747012539.0143633,-1,-11,88
1747012539.0503633,94,20,64
1747012539.0853634,-12,-28,222
1747012539.1203637,-1,-2,-55
1747012539.1563632,-18,-76,78
1747012539.191363,0,31,146
1747012539.227363,24,7,164
1747012539.2623634,56,-10,40
1747012539.2973633,-97,13,-77
1747012539.3323634,-14,39,94
1747012539.3683634,39,9,156
1747012539.4043634,-66,13,110
1747012539.4393632,23,-30,-19
1747012539.4753633,13,35,66
1747012539.510363,26,-35,66
1747012539.5453634,-14,13,40
1747012539.5803633,-11,56,78
1747012539.6163633,-29,34,110
1747012539.6523633,49,85,110
1747012539.6873634,-84,-34,90
1747012539.7233634,-13,50,96
1747012539.7583632,-1,-39,70
1747012539.793363,92,30,156
1747012539.8283634,2,42,68
1747012539.8643634,34,-69,44
1747012539.9003634,14,35,130
1747012539.9353633,-37,51,83
1747012539.9713633,28,39,67
1747012540.0063634,55,-13,48
1747012540.0413637,3,-1,27
1747012540.076363,-5,52,79
1747012540.112363,-23,-9,58
1747012540.1483634,36,-13,169
1747012540.1833634,4,36,89
1747012540.2193637,-57,14,67
1747012540.2543633,54,26,122
1747012540.2893634,74,22,40
1747012540.3243637,34,8,33
1747012540.3603632,8,0,29
1747012540.3963633,-66,-41,19
1747012540.431363,-4,-63,2
1747012540.4673634,-4,14,99
1747012540.5023634,-20,-25,49
1747012540.5373633,75,21,78
1747012540.5723634,-52,-6,52
1747012540.6083634,-43,34,140
1747012540.6443634,69,-14,-9
1747012540.6793633,-39,84,-17
1747012540.7153633,-55,12,112
1747012540.750363,50,-25,96
1747012540.7853634,3,28,134
1747012540.8203633,-23,30,96
1747012540.8563633,4,56,58
1747012540.8923633,-89,-50,50
1747012540.9273634,4,-17,192
1747012540.9633634,5,-30,148
1747012540.9983633,9,25,72
1747012541.033363,-64,0,78
1747012541.0683634,-78,-62,32
1747012541.1043634,96,-11,56
1747012541.1403637,4,44,46
1747012541.1753633,-21,-87,102
1747012541.2113633,42,-57,69
1747012541.2463634,60,-8,37
1747012541.2813632,-23,-21,13
1747012541.316363,6,-15,39
1747012541.352363,-34,7,0
1747012541.3883634,99,43,-9
1747012541.4233634,22,11,92
1747012541.4593637,-45,52,132
1747012541.4943633,-20,-9,70
1747012541.5293634,-8,-29,62
1747012541.5643632,-12,30,58
1747012541.6003633,-15,-49,176
1747012541.6363633,-13,-79,92
1747012541.6713634,-68,-71,140
1747012541.7073634,7,6,154
1747012541.7423637,-4,-35,176
1747012541.7773633,-18,0,19
1747012541.8123634,99,-37,6
1747012541.8483634,-32,-61,192
1747012541.8843634,-59,-13,27
1747012541.9193633,67,2,37
1747012541.9553633,-16,-7,49
1747012541.9903634,-65,-1,182
1747012542.0253634,-1,-68,114
1747012542.0603633,10,-4,51
1747012542.0963633,-68,3,51
1747012542.132363,73,11,140
1747012542.1673634,39,-24,141
1747012542.2033634,-116,3,173
1747012542.2383633,31,-54,154
1747012542.2733634,5,-46,140
1747012542.3083634,57,43,92
1747012542.3443637,-50,-62,70
1747012542.3803637,-24,-3,125
1747012542.4153633,30,-53,1
1747012542.451363,-61,34,53
1747012542.4863634,-60,-39,31
1747012542.5213633,116,-11,157
1747012542.5573633,-30,-13,67
1747012542.5923634,89,-29,179
1747012542.6283634,5,-61,133
1747012542.6633637,-4,-22,3
1747012542.6993637,61,-22,115
1747012542.7343633,96,-61,129
1747012542.7693634,54,-33,89
1747012542.8053634,32,62,91
1747012542.8403633,-63,12,71
1747012542.8763633,26,34,75
1747012542.9113634,-77,18,71
1747012542.9473634,-59,-19,93
1747012542.9823637,48,-51,-44
1747012543.0173633,44,-7,123
1747012543.053363,-31,38,138
1747012543.0883634,82,-41,82
1747012543.1243634,58,-59,102
1747012543.1593633,-7,-9,50
1747012543.1953633,-17,9,-3
1747012543.2303634,-25,0,108
1747012543.2653637,-7,54,40
1747012543.3013637,-79,-9,92
1747012543.3363633,-29,6,222
1747012543.372363,99,-105,46
1747012543.4073634,-97,-39,-59
1747012543.4433634,1,28,106
1747012543.4783633,-6,-44,29
1747012543.5133634,-66,-4,151
1747012543.5493634,1,-81,231
1747012543.5843637,19,-33,37
1747012543.6203637,-67,48,31
1747012543.655363,-13,-25,-3
1747012543.691363,-51,-71,26
1747012543.7263634,-9,8,112
1747012543.7613633,-14,1,12
1747012543.7973633,-20,23,100
1747012543.8323634,-4,-74,146
1747012543.8683634,39,37,-25
1747012543.9033637,1,-26,46
1747012543.9393632,-44,5,136
1747012543.974363,-63,10,74
1747012544.0093634,-55,0,44
1747012544.0453634,-45,102,96
1747012544.0803633,28,-5,60
1747012544.1163633,-7,-13,30
1747012544.1513634,44,34,82
1747012544.1873634,-3,50,88
1747012544.2233634,-61,-21,7
1747012544.2593634,13,-23,156
1747012544.2953634,-45,-17,108
1747012544.3303633,64,34,75
1747012544.3653634,-51,-65,66
1747012544.4013634,-54,5,104
1747012544.4373634,-6,-41,84
1747012544.4723637,45,-47,56
1747012544.5083632,-62,-47,-9
1747012544.543363,-4,-6,56
1747012544.5783634,4,40,57
1747012544.6133633,14,-33,47
1747012544.6493633,-34,-15,27
1747012544.6853633,-12,53,76
1747012544.7203634,-32,-8,102
1747012544.7563634,31,29,116
1747012544.7913637,111,71,50
1747012544.826363,-36,-66,76
1747012544.8613634,79,-94,149
1747012544.8973634,-20,-18,25
1747012544.9333634,0,28,91
1747012544.9683633,-17,16,149
1747012545.0043633,21,-54,145
1747012545.0393634,-48,87,55
1747012545.0743637,-44,-2,55
1747012545.1093633,43,15,131
1747012545.145363,-18,63,67
1747012545.181363,39,7,33
1747012545.2163634,63,37,97
1747012545.2523634,60,-11,67
1747012545.2873633,-2,47,69
1747012545.3223634,71,-88,-54
1747012545.3573637,29,-26,67
1747012545.3933637,-30,-2,127
1747012545.4293633,-88,25,-10
1747012545.464363,-58,15,211
1747012545.500363,71,35,41
1747012545.5353634,61,79,33
1747012545.5703633,-28,29,145
1747012545.6053634,51,0,87
1747012545.6413634,39,25,87
1747012545.6773634,87,-18,61
1747012545.7123632,37,-30,65
1747012545.7483633,-2,51,129
1747012545.7903633,-8,-10,183
1747012545.826363,45,17,163
1747012545.8613634,31,-56,159
1747012545.8973634,22,-9,137
1747012545.9333634,-8,-25,25
1747012545.9683633,5,-16,115
1747012546.0043633,-113,-31,51
1747012546.0393634,-119,12,79
1747012546.0743637,-45,-67,63
1747012546.1093633,-38,-16,129
1747012546.145363,3,-26,59
1747012546.181363,-34,33,3
1747012546.2163634,-4,-40,-174
1747012546.2523634,-96,-17,9
1747012546.2873633,-20,-15,93
1747012546.3223634,-62,-7,29
1747012546.3573637,75,84,-25
1747012546.3933637,-8,26,88
1747012546.4293633,25,-43,22
1747012546.464363,-20,-68,24
1747012546.500363,-42,51,84
1747012546.5353634,-8,-20,28
1747012546.5703633,53,-26,162
1747012546.6053634,21,-14,110
1747012546.6413634,-112,5,226
1747012546.6773634,-2,0,82
1747012546.7123632,-8,81,120
1747012546.7483633,-38,-92,88
1747012546.783363,-16,-94,38
1747012546.8183634,39,-20,98
1747012546.8533633,45,-52,18
1747012546.8893633,-48,-33,130
1747012546.9253633,-12,-9,118
1747012546.9603634,55,-4,18
1747012546.9963634,33,-4,82
1747012547.0313632,45,-34,64
1747012547.066363,0,-16,73
1747012547.1013634,-17,30,117
1747012547.1373634,38,16,71
1747012547.1733634,27,-22,159
1747012547.2093637,4,36,-33
1747012547.2453637,71,-28,104
1747012547.280363,0,27,136
1747012547.316363,61,87,48
1747012547.3513634,-50,1,42
1747012547.3863633,-44,-60,-47
1747012547.4213634,16,78,84
1747012547.4573634,67,-26,-27
1747012547.4933634,-13,86,-25
1747012547.5283637,-53,66,12
1747012547.5643632,47,11,10
1747012547.599363,-39,-17,78
1747012547.6343634,12,38,48
1747012547.6703634,-21,2,-1
1747012547.7053633,42,-21,62
1747012547.7413633,14,14,148
1747012547.7763634,-49,-17,90
1747012547.8123634,-137,14,106
1747012547.8473637,88,-57,-55
1747012547.882363,8,4,182
1747012547.918363,50,-15,-165
1747012547.9533634,42,22,140
1747012547.9893634,26,60,28
1747012548.0243633,2,-15,80
1747012548.0603633,-11,32,134
1747012548.0953634,-13,58,38
1747012548.1303637,-35,0,36
1747012548.1663637,-26,-111,60
1747012548.201363,72,-7,46
1747012548.237363,-6,-22,86
1747012548.2723634,-6,7,-15
1747012548.3083634,16,32,-61
1747012548.3433633,-55,36,176
1747012548.3783634,-45,-5,100
1747012548.4143634,60,19,84
1747012548.4493637,50,25,26
1747012548.4853632,-64,29,62
1747012548.520363,-54,-33,70
1747012548.556363,-58,28,28
1747012548.5913634,61,-3,-37
1747012548.6263633,26,-36,38
1747012548.6623633,-3,51,38
1747012548.6973634,-39,13,112
1747012548.7333634,58,8,136
1747012548.7683637,-52,-62,94
1747012548.8043633,-2,-32,114
1747012548.839363,-69,60,26
1747012548.8743634,-7,-25,115
1747012548.9103634,38,-108,53
1747012548.9453633,8,77,126
1747012548.9813633,28,12,-22
1747012549.0163634,48,78,41
1747012549.0523634,16,35,101
1747012549.0873632,-58,35,111
1747012549.122363,-86,31,61
1747012549.158363,-1,-11,-38
1747012549.1933634,16,36,31
1747012549.2293634,38,-35,45
1747012549.2643633,-49,-23,81
1747012549.3003633,-21,90,45
1747012549.3363633,68,24,71
1747012549.372363,0,-43,81
1747012549.408363,68,-35,85
1747012549.4433634,16,-37,-5
1747012549.4783633,-13,-67,92
1747012549.5143633,48,-37,7
1747012549.5503633,22,4,79
1747012549.5853634,-3,116,183
1747012549.6213634,-60,-65,90
1747012549.6563632,0,20,54
1747012549.691363,45,10,48
1747012549.7263634,-60,-12,213
1747012549.7623634,-14,85,57
1747012549.7983634,15,-37,126
1747012549.8333633,-8,8,80
1747012549.8693633,25,28,208
1747012549.9043634,-70,-53,114
1747012549.9393632,65,-41,77
1747012549.974363,-78,-77,-46
1747012550.010363,0,50,141
1747012550.0463634,19,-1,-10
1747012550.0813634,-57,-24,1
1747012550.1173637,10,45,125
1747012550.1523633,4,-70,151
1747012550.1873634,46,33,27
1747012550.2223637,74,-32,85
1747012550.2583632,-11,-21,219
1747012550.2943633,28,17,-88
1747012550.329363,-25,43,23
1747012550.3653634,-31,-26,101
1747012550.4003634,49,51,3
1747012550.4353633,16,21,17
1747012550.4703634,-28,-12,103
1747012550.5063634,23,-102,-24
1747012550.5423634,3,31,-110
1747012550.5773633,15,47,-14
1747012550.6133633,-59,13,55
1747012550.6483634,0,65,58
1747012550.6833634,-51,27,25
1747012550.7183633,-24,38,-50
1747012550.7543633,61,-31,85
1747012550.7903633,-19,-55,13
1747012550.8253634,16,69,72
1747012550.8613634,-15,-16,41
1747012550.8963633,48,-20,-54
1747012550.931363,15,52,117
1747012550.9663634,-30,58,95
1747012551.0023634,68,-89,17
1747012551.0383637,-17,-7,99
1747012551.0733633,-57,10,149
1747012551.1093633,50,-5,43
1747012551.1443634,5,-21,147
1747012551.1793633,-134,16,113
1747012551.214363,-18,-50,137
1747012551.250363,-1,-17,41
1747012551.2863634,-36,-12,179
1747012551.3213634,19,61,119
1747012551.3573637,0,-10,1
1747012551.3923633,-18,-20,93
1747012551.4273634,27,1,15
1747012551.4623632,0,25,75
1747012551.4983633,-40,-26,43
1747012551.5343633,-96,-16,74
1747012551.5693634,-34,27,30
1747012551.6053634,-62,13,116
1747012551.6403637,17,-54,64
1747012551.6753633,-21,-15,34
1747012551.7103634,-44,-20,20
1747012551.7463634,17,-20,100
1747012551.7823634,-62,51,130
1747012551.8173633,-32,-41,0
1747012551.8533633,-9,42,122
1747012551.8883634,63,39,76
1747012551.9233634,8,-93,102
1747012551.9583633,-27,2,94
1747012551.9943633,-51,6,98
1747012552.030363,-17,8,134
1747012552.0653634,15,2,138
1747012552.1013634,-26,50,-57
1747012552.1363633,53,-23,72
1747012552.1713634,-74,32,66
1747012552.2063634,0,-17,-23
1747012552.2423637,17,-2,-9
1747012552.2783637,-36,-40,-51
1747012552.3133633,-12,49,138
1747012552.349363,43,-23,94
1747012552.3843634,-10,-7,10
1747012552.4193633,-14,-5,10
1747012552.4553633,41,-48,98
1747012552.4903634,-4,29,-17
1747012552.5263634,-40,43,98
1747012552.5613637,28,34,122
1747012552.5973637,63,-28,48
1747012552.632363,21,57,132
1747012552.6673634,-99,-57,-15
1747012552.7033634,1,-10,4
1747012552.7383633,79,-46,74
1747012552.7743633,-11,-3,-69
1747012552.8093634,76,-23,-13
1747012552.8453634,10,-17,62
1747012552.8803637,-51,-11,234
1747012552.9153633,121,-54,28
1747012552.951363,67,45,120
1747012552.9863634,-13,-45,4
1747012553.0223634,-17,-1,78
1747012553.0573633,14,-7,30
1747012553.0933633,9,9,194
1747012553.1283634,15,11,162
1747012553.1633637,-8,27,58
1747012553.1993637,10,-15,42
1747012553.2343633,-13,-55,6
1747012553.270363,28,-13,62
1747012553.3053634,28,-29,16
1747012553.3413634,20,-15,147
1747012553.3763633,44,26,57
1747012553.4113634,-37,-17,67
1747012553.4473634,6,-11,147
1747012553.4823637,14,-69,51
1747012553.5183637,-58,53,231
1747012553.553363,-27,-7,147
1747012553.589363,50,-17,113
1747012553.6243634,-4,-48,110
1747012553.6593633,-6,-34,24
1747012553.6953633,-8,25,82
1747012553.7303634,26,-23,4
1747012553.7663634,-109,-59,-3
1747012553.8013637,26,0,-35
1747012553.8373632,-70,22,-41
1747012553.872363,-92,-8,52
1747012553.9073634,46,-8,56
1747012553.9433634,74,-17,-1
1747012553.9783633,14,-11,54
1747012554.0143633,39,35,156
1747012554.0493634,-51,74,74
1747012554.0853634,-13,-3,76
1747012554.1203637,42,68,146
1747012554.155363,26,12,86
1747012554.191363,18,16,50
1747012554.2263634,-30,46,73
1747012554.2623634,-32,22,47
1747012554.2973633,-51,24,83
1747012554.3333633,-19,-1,211
1747012554.3693633,-61,-43,133
1747012554.405363,54,6,77
1747012554.441363,-43,-9,-48
1747012554.4763634,23,-46,-34
1747012554.5113633,-4,-36,73
1747012554.5473633,0,20,31
1747012554.5833633,-9,34,145
1747012554.6183634,65,-3,99
1747012554.6543634,12,-46,-18
1747012554.6893632,12,-44,43
1747012554.724363,14,9,143
1747012554.7593634,-13,-30,55
1747012554.7953634,-33,-50,49
1747012554.8313634,20,21,85
1747012554.8663633,-85,45,105
1747012554.9023633,6,7,101
1747012554.9373634,6,0,37
1747012554.9723637,-63,73,-14
1747012555.007363,2,-37,37
1747012555.043363,-33,-53,107
1747012555.079363,12,-26,107
1747012555.1143634,56,-2,121
1747012555.1503634,-12,45,101
1747012555.1853633,62,17,125
1747012555.2203634,-29,7,129
1747012555.2553637,-18,25,89
1747012555.2913637,1,-8,117
1747012555.3273633,31,-20,183
1747012555.362363,17,27,-6
1747012555.3983634,7,5,83
1747012555.4333634,23,-10,191
1747012555.4683633,45,-46,17
1747012555.5033634,27,21,99
1747012555.5393634,-58,-46,51
1747012555.5753634,-12,-114,109
1747012555.6103632,-82,-44,-4
1747012555.6463633,-7,27,89
1747012555.681363,90,-62,7
1747012555.7163634,-27,-92,9
1747012555.7513633,18,29,-26
1747012555.793363,-5,-32,-30
1747012555.8303633,84,7,29
1747012555.8653634,-56,-5,73
1747012555.9003634,-12,-3,57
1747012555.9353633,2,-84,63
1747012555.9713633,-3,-80,147
1747012556.007363,48,-20,111
1747012556.0423634,12,33,-10
1747012556.0783634,46,15,9
1747012556.1133633,18,15,43
1747012556.1483634,-76,40,45
1747012556.1833634,-19,-26,73
1747012556.2193637,111,-7,13
1747012556.2553637,-27,47,99
1747012556.2903633,1,-5,67
1747012556.326363,76,-13,123
1747012556.3613634,34,-31,37
1747012556.3963633,10,-27,-56
1747012556.431363,-125,36,0
1747012556.4673634,-21,12,55
1747012556.5033634,14,-21,-58
1747012556.5383637,-39,-49,111
1747012556.5743637,-31,-5,37
1747012556.6093633,-57,44,63
1747012556.6443634,112,6,21
1747012556.6793633,-9,12,85
1747012556.7153633,86,-23,45
1747012556.7513633,-7,-37,-70
1747012556.7863634,-5,-41,-24
1747012556.8223634,64,-35,7
1747012556.8573637,-47,12,121
1747012556.8923633,72,-21,121
1747012556.928363,3,-5,137
1747012556.9633634,-86,-75,71
1747012556.9993634,-70,-3,7
1747012557.0343633,1,-47,169
1747012557.0703633,3,0,17
1747012557.1053634,30,-20,35
1747012557.1403637,-2,-53,121
1747012557.1753633,5,14,151
1747012557.2113633,22,27,75
1747012557.247363,23,-94,9
1747012557.2823634,50,35,157
1747012557.3183634,12,-24,203
1747012557.3533633,-48,-2,13
1747012557.3883634,-14,27,27
1747012557.4233634,-78,17,87
1747012557.4593637,95,5,171
1747012557.4953637,1,3,63
1747012557.530363,-58,63,143
1747012557.566363,9,3,143
1747012557.6013634,11,-7,93
1747012557.6363633,-14,5,55
1747012557.6723633,27,-56,9
1747012557.7073634,14,19,207
1747012557.7433634,5,54,35
1747012557.7783637,31,-7,-6
1747012557.8143632,-6,-19,43
1747012557.849363,27,-21,25
1747012557.8843634,-10,-69,31
1747012557.9203634,89,-37,-40
1747012557.9553633,-18,32,115
1747012557.9913633,77,6,71
1747012558.0263634,67,4,47
1747012558.0623634,83,-37,79
1747012558.0973637,79,6,63
1747012558.132363,-6,26,27
1747012558.168363,17,-23,50
1747012558.2033634,16,-74,37
1747012558.2393634,-103,5,70
1747012558.2743633,58,-14,118
1747012558.3103633,-18,58,174
1747012558.3453634,-34,-23,109
1747012558.3803637,29,-73,67
1747012558.4163637,82,-23,14
1747012558.451363,90,47,130
1747012558.487363,14,13,103
1747012558.5223634,-41,-32,27
1747012558.5583634,-11,-54,7
1747012558.5933633,-124,10,-74
1747012558.6283634,-54,23,109
1747012558.6643634,-26,-10,356
1747012558.6993637,-5,8,10
1747012558.7353632,28,0,-35
1747012558.770363,32,-5,80
1747012558.806363,27,25,28
1747012558.8413634,109,-40,10
1747012558.8763633,-10,-12,102
1747012558.9123633,-48,-42,-13
1747012558.9473634,-48,3,82
1747012558.9833634,-15,30,-27
1747012559.0183637,-12,-33,122
1747012559.0543633,25,8,72
1747012559.089363,33,34,80
1747012559.1243634,-37,48,66
1747012559.1603634,-19,0,48
1747012559.1953633,-31,-13,156
1747012559.2313633,-42,58,4
1747012559.2663634,2,56,-9
1747012559.3023634,-84,72,38
1747012559.3373632,-68,17,-39
1747012559.372363,-22,129,128
1747012559.408363,-21,-23,156
1747012559.4433634,-35,18,80
1747012559.4793634,-29,-38,22
1747012559.5143633,48,3,-41
1747012559.5493634,52,26,-1
1747012559.5843637,14,-65,72
1747012559.6203637,-27,-113,250
1747012559.6563632,-51,-1,58
1747012559.691363,29,21,98
1747012559.727363,47,39,124
1747012559.7623634,99,-22,140
1747012559.7973633,-67,6,-15
1747012559.8323634,4,-31,100
1747012559.8683634,98,-1,134
1747012559.9043634,33,66,116
1747012559.9393632,19,64,52
1747012559.9753633,-44,-41,12
1747012560.010363,45,-19,-55
1747012560.0453634,28,-29,67
1747012560.0803633,-19,-79,61
1747012560.1163633,-37,-21,98
1747012560.1523633,52,-23,12
1747012560.1873634,-32,16,62
1747012560.2233634,61,-41,104
1747012560.2583632,-3,-1,82
1747012560.293363,4,-11,96
1747012560.3283634,4,6,105
1747012560.3643634,28,-57,107
1747012560.4003634,40,-19,48
1747012560.4353633,34,6,68
1747012560.4713633,18,-5,98
1747012560.5063634,-54,-27,-47
1747012560.5413637,16,-41,-43
1747012560.576363,92,64,196
1747012560.612363,34,80,40
1747012560.6483634,52,34,86
1747012560.6833634,34,-19,-29
1747012560.7193637,66,38,132
1747012560.7543633,8,26,30
1747012560.7893634,52,38,72
1747012560.8243637,-3,-41,78
1747012560.8603632,1,-19,14
1747012560.8963633,22,-8,42
1747012560.931363,-39,-20,150
1747012560.9673634,-15,4,74
1747012561.0023634,-25,-101,52
1747012561.0373633,-30,0,52
1747012561.0723634,-40,1,60
1747012561.1083634,31,-4,14
1747012561.1443634,103,65,76
1747012561.1793633,37,-18,26
1747012561.2153633,42,-47,92
1747012561.250363,39,-8,146
1747012561.2853634,-30,-22,140
1747012561.3203633,41,17,136
1747012561.3563633,-22,-66,98
1747012561.3923633,37,83,96
1747012561.4273634,69,-18,-17
1747012561.4633634,46,44,134
1747012561.4983633,-26,15,60
1747012561.533363,-70,17,160
1747012561.5683634,26,-17,148
1747012561.6043634,80,22,96
1747012561.6403637,-6,73,76
1747012561.6753633,13,11,136
1747012561.7113633,67,21,3
1747012561.7463634,-6,0,-24
1747012561.7813632,15,-54,57
1747012561.816363,10,8,64
1747012561.852363,12,36,71
1747012561.8883634,34,72,10
1747012561.9233634,42,-27,-11
1747012561.9593637,-61,2,91
1747012561.9943633,6,-47,-6
1747012562.0293634,70,6,141
1747012562.0643632,-25,39,103
1747012562.1003633,-43,58,83
1747012562.1363633,4,-1,-70
1747012562.1713634,2,15,35
1747012562.2073634,5,-13,41
1747012562.2423637,38,61,-60
1747012562.2773633,104,-1,3
1747012562.3123634,64,-59,41
1747012562.3483634,-25,16,97
1747012562.3843634,-19,22,25
1747012562.4193633,-31,-74,50
1747012562.4553633,-27,-26,-63
1747012562.4903634,-39,4,111
1747012562.5253634,71,10,-14
1747012562.5603633,-47,22,64
1747012562.5963633,-31,-41,84
1747012562.632363,-56,17,218
1747012562.6673634,-14,-22,-67
1747012562.7033634,-72,147,14
1747012562.7383633,-64,109,78
1747012562.7733634,-43,-9,-51
1747012562.8093634,-42,13,54
1747012562.8443637,29,63,76
1747012562.8803637,-44,-68,60
1747012562.9153633,-23,-87,88
1747012562.951363,3,133,74
1747012562.9863634,-39,-29,88
1747012563.0213633,-79,-15,110
1747012563.0573633,-59,40,18
1747012563.0923634,-93,-21,20
1747012563.1283634,-29,34,56
1747012563.1633637,42,21,10
1747012563.1993637,6,-22,-17
1747012563.2343633,-61,26,-17
1747012563.2693634,4,-50,88
1747012563.3053634,-67,-21,132
1747012563.3403633,22,88,140
1747012563.3763633,-43,-17,94
1747012563.4113634,42,-3,-43
1747012563.4473634,14,5,100
1747012563.4823637,44,40,136
1747012563.5173633,-37,18,-17
1747012563.553363,36,-80,130
1747012563.5883634,34,65,78
1747012563.6243634,-1,-22,18
1747012563.6603634,-23,51,130
1747012563.6963634,-41,-34,142
1747012563.7313633,10,55,-15
1747012563.7673633,-13,-18,50
1747012563.8023634,-43,-80,36
1747012563.8373632,2,-52,224
1747012563.8733633,-13,3,246
1747012563.908363,-33,23,158
1747012563.9443634,12,46,32
1747012563.9793634,48,36,64
1747012564.0153637,93,97,84
1747012564.0503633,-18,-20,82
1747012564.0853634,37,-47,136
1747012564.1213634,1,74,-25
1747012564.1563632,21,4,48
1747012564.1923633,1,-4,150
1747012564.227363,23,11,34
1747012564.2633634,7,34,-9
1747012564.2983634,39,-35,3
1747012564.3333633,8,1,47
1747012564.3693633,3,83,70
1747012564.4043634,-24,50,127
1747012564.4403634,45,-55,95
1747012564.4753633,-8,-21,241
1747012564.5113633,25,-15,97
1747012564.5473633,0,-43,59
1747012564.5823634,21,40,53
1747012564.6173637,35,11,47
1747012564.6533637,-21,89,147
1747012564.6893632,12,-1,69
1747012564.724363,-49,-63,147
1747012564.760363,-20,-24,5
1747012564.7953634,21,-4,139
1747012564.8303633,75,-20,13
1747012564.8653634,67,17,41
1747012564.9013634,-25,-34,25
1747012564.9373634,43,56,123
1747012564.9723637,-9,-42,71
1747012565.0083632,42,-22,21
1747012565.043363,-13,64,-28
1747012565.0783634,32,-3,-10
1747012565.1133633,14,2,15
1747012565.1493633,26,86,-96
1747012565.1853633,2,11,19
1747012565.2203634,-181,-68,45
1747012565.2563634,32,95,177
1747012565.2913637,50,-40,141
1747012565.326363,-22,47,83
1747012565.3613634,-13,17,151
1747012565.3973634,23,-131,-8
1747012565.4333634,-57,81,149
1747012565.4683633,84,-59,7
1747012565.5043633,48,4,191
1747012565.5393634,-15,-27,0
1747012565.5743637,6,-21,65
1747012565.6093633,25,-10,51
1747012565.645363,-52,15,-22
1747012565.681363,83,27,245
1747012565.7163634,-2,27,169
1747012565.7523634,-14,31,-16
1747012565.7943633,39,35,-26
1747012565.8303633,42,4,65
1747012565.8653634,30,-23,147
1747012565.9013634,-9,-47,219
1747012565.9373634,-35,-57,111
1747012565.9723637,40,4,23
1747012566.0083632,-46,-104,45
1747012566.043363,107,-106,113
1747012566.0783634,-18,-30,47
1747012566.1133633,-39,-9,147
1747012566.1493633,44,-89,41
1747012566.1853633,36,-85,41
1747012566.2203634,8,6,111
1747012566.2563634,34,38,65
1747012566.2913637,30,76,79
1747012566.326363,19,-8,185
1747012566.3613634,7,-14,-22
1747012566.3973634,-44,-32,37
1747012566.4333634,6,98,15
1747012566.4683633,62,-12,28
1747012566.5043633,10,-34,16
1747012566.5393634,20,29,4
1747012566.5743637,-57,-6,102
1747012566.6093633,61,-102,-113
1747012566.645363,15,47,140
1747012566.681363,103,41,124
1747012566.7163634,27,-17,74
1747012566.7523634,-68,-13,-32
1747012566.7873633,75,-75,-99
1747012566.8223634,-80,-43,123
1747012566.8573637,-46,20,59
1747012566.8933637,33,-49,43
1747012566.9293633,-29,-23,103
1747012566.964363,86,34,127
1747012567.000363,-35,80,-12
1747012567.0353634,20,-31,119
1747012567.0703633,60,16,141
1747012567.1053634,-13,28,259
1747012567.1413634,76,28,59
1747012567.1773634,4,-51,-30
1747012567.2123632,-135,-15,91
1747012567.2483633,-104,-8,39
1747012567.283363,8,14,37
1747012567.3183634,28,8,87
1747012567.3533633,5,61,-2
1747012567.3893633,-26,-40,7
1747012567.4253633,21,-102,86
1747012567.4603634,40,8,38
1747012567.4963634,14,-15,154
1747012567.5313632,-31,10,32
1747012567.566363,-17,-64,62
1747012567.6013634,-51,-8,-15
1747012567.6373634,57,-60,56
1747012567.6733634,-67,12,82
1747012567.7083633,-23,-11,136
1747012567.7443633,-39,-29,24
1747012567.7793634,-19,-36,24
1747012567.8143632,8,-34,-63
1747012567.8503633,22,-4,-21
1747012567.885363,60,0,64
1747012567.9213634,14,-9,58
1747012567.9563634,-9,-54,-35
1747012567.9923637,-26,37,-21
1747012568.0273633,44,-7,130
1747012568.0623634,24,-63,58
1747012568.0983634,-40,-20,46
1747012568.1333632,34,-35,126
1747012568.1693633,8,-44,14
1747012568.204363,-73,-7,96
1747012568.2403634,-42,-20,-5
1747012568.2753634,-83,-47,88
1747012568.3103633,68,20,-17
1747012568.3463633,10,-23,144
1747012568.3813634,-16,-2,72
1747012568.4173634,-27,-32,212
1747012568.4523633,-61,-39,102
1747012568.4883633,38,-57,10
1747012568.5233634,48,-13,-1
1747012568.5583634,31,5,78
1747012568.5943637,11,-12,110
1747012568.6293633,-28,-4,33
1747012568.6653633,15,-14,46
1747012568.7003634,-58,27,94
1747012568.7363634,5,11,55
1747012568.7713633,-34,-30,102
1747012568.806363,-27,53,114
1747012568.8423634,56,-52,59
1747012568.8773634,-59,-2,70
1747012568.9133637,-45,-26,190
1747012568.9483633,-7,61,44
1747012568.9843633,-108,72,90
1747012569.0193634,0,-29,119
1747012569.0543633,20,-43,83
1747012569.0903633,54,-33,65
1747012569.125363,-17,56,83
1747012569.1613634,110,-25,91
1747012569.1963634,-51,-83,48
1747012569.2323637,-39,-3,36
1747012569.2673633,94,-43,-3
1747012569.3023634,37,-15,-41
1747012569.3383634,46,-29,190
1747012569.3733633,-13,-5,54
1747012569.4093633,-20,-33,80
1747012569.4443634,-47,60,122
1747012569.4803634,-13,-23,96
1747012569.5153637,-112,-50,54
1747012569.5503633,8,-3,-29
1747012569.5863633,1,-43,26
1747012569.6213634,-10,-11,116
1747012569.6573634,-48,6,50
1747012569.6923633,-10,48,28
1747012569.727363,9,-24,-5
1747012569.7623634,-10,71,8
1747012569.7983634,16,-29,-37
1747012569.8343637,-94,-50,130
1747012569.8693633,67,57,-9
1747012569.905363,-92,-60,84
1747012569.9403634,-34,-12,48
1747012569.9753633,5,-50,16
1747012570.010363,-17,34,12
1747012570.0463634,-6,13,55
1747012570.0823634,-2,-46,19
1747012570.1173637,23,-22,7
1747012570.1533637,-46,1,155
1747012570.1883633,57,3,37
1747012570.2233634,-54,145,119
1747012570.2583632,-22,59,75
1747012570.2943633,11,-16,123
1747012570.3303633,-12,39,127
1747012570.3653634,-82,-20,43
1747012570.4013634,-47,-19,123
1747012570.4363637,-55,8,57
1747012570.4713633,42,-11,-16
1747012570.5063634,-13,-41,89
1747012570.5423634,-21,20,41
1747012570.5783634,-6,-45,67
1747012570.6133633,-4,36,47
1747012570.6493633,79,-49,-12
1747012570.6843634,-22,-43,-12
1747012570.7193637,39,-28,-2
1747012570.7543633,-44,-82,53
1747012570.7903633,29,-78,151
1747012570.826363,-40,-14,-38
1747012570.8613634,-30,13,205
1747012570.8973634,93,0,107
1747012570.9323633,1,0,45
1747012570.9673634,-10,-8,117
1747012571.0023634,35,-94,35
1747012571.0383637,-30,33,37
1747012571.0743637,-62,3,91
1747012571.1093633,11,-10,17
1747012571.145363,-47,16,5
1747012571.1803634,60,0,109
1747012571.2153633,-105,-19,73
1747012571.250363,-33,-1,73
1747012571.2863634,22,40,65
1747012571.3223634,13,-26,57
1747012571.3573637,1,-34,31
1747012571.3933637,-32,17,99
1747012571.428363,-64,51,115
1747012571.4633634,73,31,147
1747012571.4983633,-8,-54,-4
1747012571.5343633,-28,64,5
1747012571.5703633,49,-9,75
1747012571.6053634,8,46,93
1747012571.6413634,41,0,173
1747012571.6763637,-21,-51,175
1747012571.7113633,-84,-36,59
1747012571.7463634,51,-16,32
1747012571.7823634,49,-33,124
1747012571.8183634,67,-40,144
1747012571.8533633,75,51,44
1747012571.8893633,33,9,28
1747012571.9243634,-35,28,150
1747012571.9593637,0,-44,38
1747012571.9943633,-75,-3,68
1747012572.030363,85,-80,66
1747012572.066363,31,49,64
1747012572.1013634,-29,-51,-49
1747012572.1373634,27,5,8
1747012572.1723633,-11,-17,114
1747012572.2073634,-11,-13,58
1747012572.2423637,-41,42,74
1747012572.2783637,-16,3,-33
1747012572.3143632,-88,-16,24
1747012572.349363,37,91,-19
1747012572.385363,-31,3,116
1747012572.4203634,-23,-15,18
1747012572.4553633,-14,34,146
1747012572.4903634,44,-27,-31
1747012572.5263634,-41,-21,112
1747012572.5623634,-16,-26,104
1747012572.5973637,-32,9,12
1747012572.6333632,-28,-24,80
1747012572.668363,51,91,194
1747012572.7033634,-93,-25,136
1747012572.7383633,-45,-31,-49
1747012572.7743633,0,0,52
1747012572.8103633,71,112,152
1747012572.8453634,20,10,56
1747012572.8813634,28,-85,70
1747012572.9163637,-25,-65,74
1747012572.951363,77,8,26
1747012572.987363,-20,16,44
1747012573.0223634,-28,-37,20
1747012573.0583634,37,54,28
1747012573.0933633,62,-28,122
1747012573.1293633,12,6,42
1747012573.1643634,26,26,114
1747012573.1993637,-19,-41,96
1747012573.2353632,-45,-19,82
1747012573.270363,1,40,32
1747012573.306363,70,26,114
1747012573.3413634,-35,-27,146
1747012573.3773634,-39,-15,108
1747012573.4123633,20,10,46
1747012573.4473634,-24,-23,168
1747012573.4833634,93,86,194
1747012573.5183637,-20,-11,158
1747012573.5543633,-20,-1,-29
1747012573.589363,23,-14,24
1747012573.625363,-48,20,36
1747012573.6603634,-31,-11,68
1747012573.6953633,30,26,114
1747012573.7313633,20,20,-20
1747012573.7663634,-51,-57,25
1747012573.8023634,-29,-15,45
1747012573.8373632,-65,-5,55
1747012573.8733633,-19,40,139
1747012573.908363,-1,20,109
1747012573.9433634,-3,26,71
1747012573.9793634,5,52,18
1747012574.0143633,25,-15,70
1747012574.0503633,19,-45,50
1747012574.0853634,62,-3,160
1747012574.1213634,-27,46,48
1747012574.1563632,7,41,-83
1747012574.191363,16,-51,28
1747012574.227363,-8,-14,78
1747012574.2623634,12,-75,-17
1747012574.2983634,-47,52,2
1747012574.3333633,-14,19,92
1747012574.3693633,-62,33,24
1747012574.4043634,0,57,50
1747012574.4393632,79,19,138
1747012574.4753633,-9,20,82
1747012574.510363,84,26,-43
1747012574.5463634,-31,-57,82
1747012574.5813634,54,30,-55
1747012574.6173637,-5,-61,30
1747012574.6523633,-51,-27,166
1747012574.6873634,-3,6,64
1747012574.7233634,0,-33,106
1747012574.7583632,12,22,62
1747012574.7943633,-23,-91,120
1747012574.829363,-19,38,105
1747012574.8643634,82,10,27
1747012574.8993633,43,44,111
1747012574.9353633,-52,-73,39
1747012574.9713633,-2,2,113
1747012575.0063634,13,4,97
1747012575.0423634,22,-11,105
1747012575.0773633,58,-5,-64
1747012575.112363,60,30,77
1747012575.1473634,46,70,31
1747012575.1833634,4,4,21
1747012575.2193637,-1,16,-80
1747012575.2543633,30,-43,105
1747012575.2903633,32,-54,-8
1747012575.3253634,-39,-28,93
1747012575.3603632,-50,38,94
1747012575.395363,-44,-5,128
1747012575.431363,-64,-49,66
1747012575.4673634,-3,-47,10
1747012575.5023634,51,9,62
1747012575.5383637,23,-59,136
1747012575.5733633,23,-5,8
1747012575.6083634,36,2,59
1747012575.6433637,-42,-9,41
1747012575.6793633,25,36,15
1747012575.7153633,101,-11,34
1747012575.750363,-28,-97,-47
1747012575.7863634,57,-3,76
1747012575.8283634,17,-7,49
1747012575.8643634,71,-13,239
1747012575.8993633,-100,-11,98
1747012575.9353633,7,-27,116
1747012575.9713633,-39,18,66
1747012576.0063634,-43,19,82
1747012576.0423634,52,0,42
1747012576.0773633,32,35,40
1747012576.112363,-47,-6,158
1747012576.1473634,-49,-11,-109
1747012576.1833634,-17,-109,-39
1747012576.2193637,42,-33,102
1747012576.2543633,6,4,178
1747012576.2903633,-24,71,104
1747012576.3253634,-36,3,96
1747012576.3603632,3,-44,42
1747012576.395363,3,-26,66
1747012576.431363,23,55,-13
1747012576.4673634,-42,-10,92
1747012576.5023634,-36,-5,66
1747012576.5383637,-44,63,206
1747012576.5733633,-26,-26,-7
1747012576.6083634,-14,-47,72
1747012576.6433637,7,38,56
1747012576.6793633,121,-37,122
1747012576.7153633,19,-23,62
1747012576.750363,9,-3,110
1747012576.7863634,9,18,48
1747012576.8213634,12,-5,142
1747012576.8563633,0,-65,-33
1747012576.8913634,-26,44,-11
1747012576.9273634,23,-28,-7
1747012576.9633634,-20,-4,132
1747012576.9983633,37,-9,10
1747012577.0343633,55,7,-127
1747012577.0693634,53,75,4
1747012577.1043634,-14,-16,120
1747012577.1393633,-22,-4,46
1747012577.1753633,17,-26,64
1747012577.2113633,-56,-14,16
1747012577.2463634,79,-4,-22
1747012577.2823634,-58,-66,27
1747012577.3173633,3,-56,67
1747012577.352363,35,25,23
1747012577.3873634,-4,-70,94
1747012577.4233634,15,-26,-12
1747012577.4593637,-28,-56,77
1747012577.4943633,14,36,99
1747012577.530363,4,-43,50
1747012577.5653634,-85,-45,184
1747012577.6003633,-69,-36,84
1747012577.635363,-82,11,62
1747012577.6713634,28,12,40
1747012577.7073634,48,-37,206
1747012577.7423637,-24,32,66
1747012577.7783637,-58,11,-7
1747012577.8133633,89,-19,90
1747012577.8483634,13,-1,-25
1747012577.8833632,23,11,2
1747012577.9193633,1,-31,75
1747012577.9553633,75,2,52
1747012577.9903634,-13,37,121
1747012578.0263634,58,15,43
1747012578.0613637,57,-39,135
1747012578.0963633,52,-20,129
1747012578.132363,-84,-32,85
1747012578.1673634,-10,-14,193
1747012578.2033634,97,15,87
1747012578.2383633,-24,11,69
1747012578.2743633,41,-26,117
1747012578.3093634,71,57,93
1747012578.3443637,-6,3,99
1747012578.3803637,89,45,145
1747012578.4153633,-58,71,31
1747012578.451363,-4,-76,147
1747012578.4863634,6,44,51
1747012578.5223634,-7,22,35
1747012578.5573633,10,-27,143
1747012578.5923634,-18,-3,49
1747012578.6283634,59,12,263
1747012578.6633637,-50,-80,173
1747012578.6993637,-22,-66,29
1747012578.7343633,-46,-26,127
1747012578.770363,-22,-6,93
1747012578.8053634,-25,37,141
1747012578.8403633,-58,77,-84
1747012578.8763633,25,-4,187
1747012578.9113634,-22,19,127
1747012578.9473634,-34,-74,93
1747012578.9823637,-10,-40,103
1747012579.0183637,-20,-7,13
1747012579.053363,3,28,125
1747012579.0883634,35,-5,7
1747012579.1243634,105,-7,-56
1747012579.1593633,0,56,168
1747012579.1953633,-6,23,36
1747012579.2303634,-48,-70,102
1747012579.2663634,-24,51,42
1747012579.3013637,85,-4,76
1747012579.3363633,105,-7,32
1747012579.372363,-50,18,22
1747012579.4073634,74,-25,-29
1747012579.4433634,-63,12,64
1747012579.4783633,-18,-13,186
1747012579.5143633,-3,-15,86
1747012579.5493634,-35,-31,198
1747012579.5843637,-37,46,94
1747012579.6203637,-9,22,112
1747012579.655363,50,20,30
1747012579.691363,5,-53,164
1747012579.7263634,60,-35,142
1747012579.7623634,26,62,110
1747012579.7973633,35,-9,76
1747012579.8323634,-20,-50,118
1747012579.8683634,112,-35,66
1747012579.9033637,-65,-1,78
1747012579.9393632,48,-73,50
1747012579.974363,-27,46,10
1747012580.0093634,54,-52,112
1747012580.0443633,28,41,42
1747012580.0803633,1,-62,60
1747012580.1163633,86,-46,-69
1747012580.1513634,28,41,122
1747012580.1873634,-9,-4,36
1747012580.2223637,26,58,144
1747012580.257363,20,-36,54
1747012580.2923634,-56,26,54
1747012580.3283634,55,-51,30
1747012580.3643634,-38,2,-11
1747012580.3993633,-11,-8,42
1747012580.4353633,-28,-39,-79
1747012580.4703634,17,20,92
1747012580.5053637,-56,-33,74
1747012580.5403633,43,0,98
1747012580.576363,48,84,-3
1747012580.612363,45,22,274
1747012580.6473634,11,46,160
1747012580.6833634,-13,-1,170
1747012580.7183633,-8,-35,14
1747012580.7533634,67,28,114
1747012580.7883637,-57,-19,68
1747012580.8243637,18,-65,16
1747012580.8603632,17,6,6
1747012580.895363,112,-49,56
1747012580.931363,-12,-63,-61
1747012580.9663634,-115,16,14
1747012581.0013633,-101,-7,46
1747012581.0363634,8,38,94
1747012581.0723634,-139,44,104
1747012581.1083634,-59,-53,126
1747012581.1433637,6,-1,150
1747012581.1793633,-17,-29,131
1747012581.214363,-7,-29,47
1747012581.2493634,76,-11,180
1747012581.2843633,-41,-15,46
1747012581.3203633,18,-69,61
1747012581.3563633,-16,12,71
1747012581.3913634,37,20,-14
1747012581.4273634,-74,-35,49
1747012581.4623632,28,80,109
1747012581.497363,44,18,123
1747012581.5323634,0,-65,87
1747012581.5683634,-23,88,24
1747012581.6043634,8,59,122
1747012581.6393633,-31,43,44
1747012581.6753633,74,7,102
1747012581.7103634,-39,-55,78
1747012581.7453637,-11,43,104
1747012581.780363,6,-28,-14
1747012581.816363,-13,24,37
1747012581.852363,-33,-14,255
1747012581.8873634,36,-22,51
1747012581.9233634,-5,27,25
1747012581.9583633,-69,33,79
1747012581.9933634,4,-22,34
1747012582.0283637,-3,5,78
1747012582.0643632,-30,-11,144
1747012582.1003633,29,-35,90
1747012582.135363,53,-47,128
1747012582.1713634,-86,26,74
1747012582.2063634,39,-29,34
1747012582.2413633,13,-18,46
1747012582.2763634,55,35,146
1747012582.3123634,-42,19,34
1747012582.3483634,-94,-18,102
1747012582.3833632,-72,23,72
1747012582.4193633,47,-42,24
1747012582.454363,17,-54,144
1747012582.4893634,-18,-8,92
1747012582.5243633,-20,-123,148
1747012582.5603633,63,-5,126
1747012582.5963633,-83,-33,44
1747012582.6313634,4,-44,80
1747012582.6673634,-39,23,136
1747012582.7023633,-91,11,129
1747012582.737363,-37,-58,19
1747012582.7723634,79,39,116
1747012582.8083634,35,-8,4
1747012582.8443637,35,75,48
1747012582.8793633,-122,1,-75
1747012582.9153633,-7,-1,20
1747012582.9503634,6,0,48
1747012582.9853632,16,46,138
1747012583.0213633,21,-4,138
1747012583.056363,4,30,60
1747012583.0923634,-77,-23,148
1747012583.1273634,60,-32,66
1747012583.1633637,-133,-22,44
1747012583.1983633,50,37,170
1747012583.2333634,33,-79,8
1747012583.2693634,-24,-41,116
1747012583.3043633,93,36,80
1747012583.3403633,19,-89,108
1747012583.375363,-27,-39,94
1747012583.4113634,-17,24,108
1747012583.4463634,54,36,-31
1747012583.4813633,24,0,65
1747012583.5173633,-43,-25,23
1747012583.5523634,-37,-7,15
1747012583.5883634,0,-69,153
1747012583.6233633,44,-21,-2
1747012583.6593633,-37,-17,12
1747012583.6943634,10,-31,60
1747012583.7293634,-47,-51,12
1747012583.7653637,88,-1,154
1747012583.8003633,-9,70,48
1747012583.8363633,1,25,126
1747012583.8713634,13,27,38
1747012583.9073634,34,-91,202
1747012583.9423633,-49,60,134
1747012583.977363,-12,-22,24
1747012584.0133634,47,-60,92
1747012584.0483634,29,-48,-1
1747012584.0843637,-1,2,62
1747012584.1193633,70,-53,151
1747012584.155363,56,10,-6
1747012584.1903634,9,21,257
1747012584.2253633,9,57,107
1747012584.2613633,57,27,41
1747012584.2963634,-16,-12,88
1747012584.3323634,-20,0,164
1747012584.3673637,37,13,-29
1747012584.4033637,-29,-7,8
1747012584.4383633,10,53,132
1747012584.4733634,36,-60,-67
1747012584.5093634,-17,45,-63
1747012584.5443633,0,-28,64
1747012584.5803633,-12,-21,102
1747012584.6153634,-12,-45,54
1747012584.6513634,58,-62,-25
1747012584.6863637,0,37,-83
1747012584.7213633,-29,27,163
1747012584.757363,-15,3,105
1747012584.7923634,-77,-42,69
1747012584.8283634,12,14,71
1747012584.8633633,-93,49,92
1747012584.8993633,32,-21,142
1747012584.9353633,-57,-38,163
1747012584.9703634,78,4,3
1747012585.0053637,-93,-21,81
1747012585.0413637,-43,-121,69
1747012585.0773633,32,-23,-4
1747012585.112363,-9,22,160
1747012585.1483634,-46,-26,100
1747012585.1833634,-11,-61,30
1747012585.2183633,-35,-27,192
1747012585.2533634,-47,-19,52
1747012585.2893634,2,42,70
1747012585.3253634,-2,-28,-46
1747012585.3603632,0,83,119
1747012585.3963633,-40,9,17
1747012585.431363,-82,9,-84
1747012585.4663634,0,-90,29
1747012585.5013633,13,-38,129
1747012585.5373633,95,-56,91
1747012585.5733633,-56,107,67
1747012585.6083634,19,-40,7
1747012585.6443634,30,12,199
1747012585.6793633,-29,2,111
1747012585.714363,26,4,107
1747012585.7493634,54,-4,157
1747012585.7853634,-60,-45,67
1747012585.8213634,-5,52,193
1747012585.8633633,68,44,91
1747012585.9003634,-67,-25,83
1747012585.9353633,-51,61,-26
1747012585.9703634,11,8,60
1747012586.0053637,45,-47,86
1747012586.0413637,-22,-9,24
1747012586.0773633,34,29,124
1747012586.112363,-37,-31,22
1747012586.1483634,23,-30,96
1747012586.1833634,16,8,-5
1747012586.2183633,-38,63,10
1747012586.2533634,-44,-14,30
1747012586.2893634,-64,49,50
1747012586.3253634,-32,-8,8
1747012586.3603632,5,-58,-55
1747012586.3963633,84,80,36
1747012586.431363,18,-15,16
1747012586.4663634,-29,-17,8
1747012586.5013633,51,50,-69
1747012586.5373633,39,-61,194
1747012586.5733633,-8,-27,64
1747012586.6083634,17,68,70
1747012586.6443634,-38,-11,66
1747012586.6793633,-6,22,168
1747012586.714363,5,-23,52
1747012586.7493634,21,48,100
1747012586.7853634,-105,-33,60
1747012586.8213634,-11,-17,132
1747012586.8563633,54,-27,28
1747012586.8923633,7,2,92
1747012586.9273634,27,-35,120
1747012586.9623632,45,50,76
1747012586.997363,45,-69,114
1747012587.033363,4,0,-61
1747012587.0693634,-43,28,90
1747012587.1043634,-49,-83,6
1747012587.1403637,-45,8,154
1747012587.1753633,60,-47,106
1747012587.2103634,-55,-1,52
1747012587.2453637,40,30,-3
1747012587.2813632,-29,20,146
1747012587.3173633,-1,-2,70
1747012587.352363,-11,-54,128
1747012587.3883634,16,68,142
1747012587.4233634,-13,38,-19
1747012587.4583633,-51,-21,78
1747012587.4933634,-30,-16,40
1747012587.5293634,19,-18,-33
1747012587.5653634,-49,-37,68
1747012587.6003633,-6,-22,56
1747012587.6363633,-36,-19,36
1747012587.6713634,-24,-32,-5
1747012587.7063634,18,2,22
1747012587.7413633,29,61,18
1747012587.7773633,25,55,120
1747012587.8133633,12,-19,168
1747012587.8483634,-35,-21,-15
1747012587.8843634,-20,-7,112
1747012587.9193633,91,10,50
1747012587.954363,-53,-3,38
1747012587.9893634,0,-43,12
1747012588.0253634,-20,-95,-15
1747012588.0613637,13,-20,46
1747012588.0963633,1,19,150
1747012588.132363,-24,26,4
1747012588.1673634,5,-65,136
1747012588.2023633,-34,2,56
1747012588.2383633,0,-39,32
1747012588.2733634,5,-67,50
1747012588.3093634,-73,-51,-3
1747012588.3443637,-95,0,156
1747012588.3803637,-3,-51,-15
1747012588.4153633,-13,72,-33
1747012588.4503634,106,-37,92
1747012588.4863634,-6,-22,122
1747012588.5213633,-6,-1,134
1747012588.5573633,-10,-70,-7
1747012588.5923634,45,-2,98
1747012588.6283634,1,-2,142
1747012588.6633637,31,-55,-23
1747012588.6983633,-18,-36,-19
1747012588.7343633,61,34,56
1747012588.7693634,-24,24,94
1747012588.8053634,58,4,66
1747012588.8403633,-103,-11,-39
1747012588.8763633,42,-3,-23
1747012588.9113634,-21,52,76
1747012588.9463634,-114,-10,181
1747012588.9823637,-38,-46,85
1747012589.0173633,51,-10,-52
1747012589.053363,9,-16,93
1747012589.0883634,-17,50,103
1747012589.1243634,-25,-55,23
1747012589.1593633,31,-12,15
1747012589.1943634,19,-26,97
1747012589.2303634,-20,-26,81
1747012589.2653637,-40,49,99
1747012589.3013637,79,-14,159
1747012589.3363633,17,-6,-34
1747012589.372363,-10,-32,97
1747012589.4073634,-66,69,23
1747012589.4423633,-28,-56,7
1747012589.4783633,-12,3,51
1747012589.5133634,17,47,103
1747012589.5493634,-12,-8,9
1747012589.5843637,54,12,89
1747012589.6203637,17,3,151
1747012589.655363,-42,-52,103
1747012589.6903634,59,39,183
1747012589.7263634,-4,-66,190
1747012589.7613633,4,2,127
1747012589.7973633,-37,-29,49
1747012589.8323634,47,47,77
1747012589.8683634,80,16,13
1747012589.9033637,10,-45,-52
1747012589.9383633,48,4,7
1747012589.974363,20,-48,149
1747012590.0093634,-61,-17,46
1747012590.0453634,-18,89,48
1747012590.0803633,20,-21,-69
1747012590.1153634,10,54,92
1747012590.1503634,16,-29,94
1747012590.1863637,2,-48,30
1747012590.2223637,48,-11,42
1747012590.257363,-79,2,56
1747012590.293363,64,-43,116
1747012590.3283634,-34,-23,190
1747012590.3633633,-14,-101,14
1747012590.3983634,45,-27,-5
1747012590.4343634,1,-47,128
1747012590.4703634,-12,-27,118
1747012590.5053637,2,-8,50
1747012590.5413637,-11,47,124
1747012590.576363,-17,31,26
1747012590.6113634,-11,43,120
1747012590.6463633,22,33,22
1747012590.6823633,14,59,60
1747012590.7183633,10,2,123
1747012590.7533634,66,45,139
1747012590.7893634,-1,-68,77
1747012590.8243637,-43,29,44
1747012590.8593633,92,39,112
1747012590.8943634,32,-18,102
1747012590.9303634,32,19,172
1747012590.9663634,-19,5,-5
1747012591.0013633,36,20,104
1747012591.0373633,58,-12,138
1747012591.0723634,92,19,16
1747012591.1073637,-10,-95,64
1747012591.1423633,6,30,42
1747012591.178363,-21,-7,122
1747012591.214363,1,-51,44
1747012591.2493634,10,-51,-67
1747012591.2853634,54,6,-1
1747012591.3203633,-10,-31,54
1747012591.3553634,-1,16,160
1747012591.3903637,-95,78,-9
1747012591.4263637,-53,-67,76
1747012591.4623632,84,-69,114
1747012591.497363,61,-11,-19
1747012591.533363,53,-6,69
1747012591.5683634,-36,38,11
1747012591.6033633,77,25,74
1747012591.6383634,81,82,72
1747012591.6743634,7,-69,52
1747012591.7103634,-142,-31,8
1747012591.7453637,47,-75,170
1747012591.7813632,24,36,56
1747012591.816363,-57,-39,62
1747012591.8513634,-29,24,84
1747012591.8863633,-29,-27,70
1747012591.9223633,8,-3,28
1747012591.9583633,61,54,28
1747012591.9933634,61,52,226
1747012592.0293634,-11,-33,18
1747012592.0643632,-19,40,116
1747012592.099363,-7,-61,37
1747012592.1343634,9,65,-66
1747012592.1703634,23,31,105
1747012592.2063634,75,18,61
1747012592.2413633,11,11,25
1747012592.2773633,-14,38,-144
1747012592.3123634,-26,22,79
1747012592.3473637,-14,0,59
1747012592.382363,46,-11,-10
1747012592.418363,-13,26,43
1747012592.454363,102,-23,69
1747012592.4893634,-25,-75,15
1747012592.5253634,-71,-43,131
1747012592.5603633,74,-73,141
1747012592.5953634,126,-11,23
1747012592.6303637,88,0,103
1747012592.6663637,0,24,143
1747012592.7023633,-51,34,113
1747012592.737363,4,-1,101
1747012592.7733634,-51,56,29
1747012592.8083634,-13,-31,127
1747012592.8433633,54,44,-2
1747012592.8783634,106,26,-20
1747012592.9143634,-27,22,141
1747012592.9503634,-77,-35,-42
1747012592.9853632,-55,-5,111
1747012593.0213633,-69,-23,117
1747012593.056363,-33,40,75
1747012593.0913634,12,-19,49
1747012593.1273634,37,83,103
1747012593.1623633,0,-12,121
1747012593.1983633,13,-34,175
1747012593.2333634,-20,19,0
1747012593.2693634,-16,-54,83
1747012593.3043633,-44,-38,195
1747012593.339363,19,-60,11
1747012593.375363,-46,-74,-24
1747012593.4103634,-56,-2,75
1747012593.4463634,-50,-2,67
1747012593.4813633,99,-14,34
1747012593.5173633,9,-75,-11
1747012593.5523634,-11,-43,74
1747012593.5873632,69,-83,-45
1747012593.6233633,-28,-11,159
1747012593.658363,-38,-53,-13
1747012593.6943634,69,-29,94
1747012593.7293634,69,5,36
1747012593.7653637,-42,49,-11
1747012593.8003633,-6,-46,68
1747012593.8353634,104,20,30
1747012593.8713634,51,17,6
1747012593.9063632,-18,23,98
1747012593.9423633,-68,51,114
1747012593.977363,-12,-18,-3
1747012594.0133634,9,-42,52
1747012594.0483634,-20,-28,198
1747012594.0833633,-12,-92,130
1747012594.1193633,1,11,206
1747012594.1543634,-28,-26,58
1747012594.1903634,-22,-4,232
1747012594.2253633,49,15,118
1747012594.2613633,48,28,26
1747012594.2963634,-70,-12,25
1747012594.3313634,11,9,25
1747012594.3673637,65,-57,98
1747012594.4023633,99,-29,4
1747012594.4383633,-32,9,14
1747012594.4733634,-41,-49,98
1747012594.5083632,15,11,-31
1747012594.543363,-9,60,42
1747012594.579363,22,-7,118
1747012594.6153634,-104,-20,60
1747012594.6503634,42,10,-1
1747012594.6863637,-16,47,90
1747012594.7213633,-6,-14,47
1747012594.757363,10,56,108
1747012594.7923634,78,-11,96
1747012594.8273633,41,-44,76
1747012594.8633633,-20,-54,0
1747012594.8983634,21,-23,149
1747012594.9343634,15,73,15
1747012594.9693637,30,-17,47
1747012595.0053637,-17,-23,202
1747012595.0413637,60,42,-8
1747012595.0773633,-41,13,-31
1747012595.1133633,-35,-7,168
1747012595.1483634,50,4,112
1747012595.1833634,67,13,92
1747012595.2193637,0,30,28
1747012595.2553637,15,63,60
1747012595.2903633,-7,-17,108
1747012595.326363,-21,74,53
1747012595.3613634,-18,0,99
1747012595.3963633,-12,-18,99
1747012595.431363,40,-95,-6
1747012595.4673634,23,-4,71
1747012595.5033634,29,-18,97
1747012595.5383637,31,11,85
1747012595.5743637,-14,-62,-46
1747012595.6103632,-24,-22,10
1747012595.6463633,51,45,64
1747012595.681363,-28,19,34
1747012595.7163634,19,43,176
1747012595.7513633,59,15,136
1747012595.7873633,9,0,0
1747012595.8233633,-38,25,150
1747012595.8653634,-8,-26,56
1747012595.9023633,0,-30,151
1747012595.9373634,23,69,25
1747012595.9723637,77,-36,104
1747012596.007363,84,4,6
1747012596.043363,-30,1,191
1747012596.079363,14,32,137
1747012596.1143634,-33,2,-121
1747012596.1503634,63,-47,151
1747012596.1853633,-30,-43,105
1747012596.2203634,-12,3,23
1747012596.2553637,79,-48,29
1747012596.2913637,-12,-18,41
1747012596.3273633,-57,-47,107
1747012596.362363,-117,52,0
1747012596.3983634,-35,28,13
1747012596.4333634,-19,78,111
1747012596.4683633,-3,-53,117
1747012596.5033634,-20,-21,71
1747012596.5393634,-14,-7,99
1747012596.5753634,-42,22,53
1747012596.6103632,-37,-15,-20
1747012596.6463633,17,41,21
1747012596.681363,-20,25,21
1747012596.7163634,-20,12,149
1747012596.7513633,5,-42,-16
1747012596.7873633,-82,-12,38
1747012596.8233633,5,-2,156
1747012596.8583634,29,-36,88
1747012596.8943634,-30,41,64
1747012596.9293633,-4,35,24
1747012596.964363,-74,39,-69
1747012596.9993634,71,-2,92
1747012597.0353634,-6,-54,44
1747012597.0713634,84,72,4
1747012597.1063633,-23,10,108
1747012597.1423633,-10,10,126
1747012597.1773634,49,-2,168
1747012597.2123632,31,-56,30
1747012597.247363,29,-22,-17
1747012597.283363,1,53,42
1747012597.3193634,-25,14,72
1747012597.3543634,-15,-39,114
1747012597.3903637,2,-15,92
1747012597.4253633,11,-50,106
1747012597.4603634,143,-29,0
1747012597.4953637,24,38,36
1747012597.5313632,-71,32,160
1747012597.5673633,34,-51,18
1747012597.602363,7,-8,122
1747012597.6383634,-48,29,104
1747012597.6733634,43,-4,112
1747012597.7083633,-18,-14,46
1747012597.7433634,45,-2,64
1747012597.7793634,-21,-9,66
1747012597.8153634,78,-9,102
1747012597.8503633,62,10,82
1747012597.8863633,26,72,48
1747012597.9213634,-19,-53,70
1747012597.9563634,-57,4,36
1747012597.9913633,12,0,162
1747012598.0273633,59,34,62
1747012598.0633633,-53,29,92
1747012598.0983634,26,-32,-5
1747012598.1343634,68,-18,214
1747012598.1693633,42,-58,96
1747012598.204363,-46,-16,74
1747012598.2403634,-109,48,132
1747012598.2753634,-5,68,32
1747012598.3113637,-37,41,74
1747012598.3463633,46,12,74
1747012598.382363,2,-19,60
1747012598.4173634,47,12,138
1747012598.4523633,39,24,58
1747012598.4883633,-24,-63,168
1747012598.5233634,78,-18,186
1747012598.5593634,-39,6,-45
1747012598.5943637,-64,49,72
1747012598.6303637,0,10,-19
1747012598.6653633,-27,40,14
1747012598.7003634,34,-11,78
1747012598.7363634,-7,72,12
1747012598.7713633,45,49,72
1747012598.8073633,-63,-13,172
1747012598.8423634,26,16,72
1747012598.8783634,-32,35,149
1747012598.9133637,31,-16,29
1747012598.9483633,-40,-18,119
1747012598.9843633,-88,-29,65
1747012599.0193634,-22,-11,177
1747012599.0553634,65,-18,151
1747012599.0903633,-50,-27,-42
1747012599.1263633,5,26,-42
1747012599.1613634,-32,66,89
1747012599.1963634,29,-7,5
1747012599.2323637,0,-15,27
1747012599.2673633,-26,-9,61
1747012599.303363,-26,4,32
1747012599.3383634,39,-17,64
1747012599.3743634,-45,-11,-9
1747012599.4093633,60,-71,14
1747012599.4443634,-2,-27,6
1747012599.4803634,-27,20,158
1747012599.5153637,-27,-69,-3
1747012599.5513637,23,4,66
1747012599.5863633,-46,142,86
1747012599.622363,23,87,74
1747012599.6573634,-49,4,276
1747012599.6923633,14,-45,63
1747012599.7283633,-3,56,91
1747012599.7633634,12,-21,35
1747012599.7993634,13,23,23
1747012599.8343637,17,21,219
1747012599.8703637,7,0,-20
1747012599.905363,-84,-11,19
1747012599.9403634,26,-25,209
1747012599.9763634,-10,-32,23
1747012600.0113633,41,-6,-2
1747012600.0473633,-28,3,47
1747012600.0823634,-39,5,61
1747012600.1183634,14,47,3
1747012600.1543634,-25,-18,75
1747012600.1893632,16,21,73
1747012600.224363,-85,-62,-50
1747012600.260363,-29,-14,59
1747012600.2963634,-63,0,47
1747012600.3313634,-73,-6,141
1747012600.3673637,38,15,-18
1747012600.4023633,86,29,49
1747012600.4373634,-27,-30,39
1747012600.4723637,-7,17,167
1747012600.5083632,58,55,87
1747012600.5443633,-18,-3,180
1747012600.579363,-91,16,117
1747012600.6153634,32,-8,61
1747012600.6503634,15,72,60
1747012600.6853633,-26,10,48
1747012600.7203634,8,-37,-93
1747012600.7563634,-27,0,-1
1747012600.7923634,17,3,16
1747012600.8273633,-63,-17,2
1747012600.8633633,103,55,24
1747012600.8983634,11,13,28
1747012600.9333634,-85,64,82
1747012600.9683633,15,25,-11
1747012601.0043633,73,-26,224
1747012601.0403633,7,-56,-101
1747012601.0753634,-88,-36,92
1747012601.1113634,23,12,122
1747012601.1463633,14,-31,54
1747012601.181363,-41,0,98
1747012601.2163634,-17,-4,60
1747012601.2523634,6,23,10
1747012601.2883637,-37,76,42
1747012601.3233633,2,-69,108
1747012601.3593633,-69,-34,2
1747012601.3943634,-72,4,40
1747012601.4293633,31,8,76
1747012601.464363,63,-59,44
1747012601.500363,-46,18,26
1747012601.5363634,45,38,84
1747012601.5713634,84,28,-61
1747012601.6073637,-2,47,90
1747012601.6423633,8,-33,1
1747012601.6773634,-30,10,113
1747012601.7123632,24,-64,118
1747012601.7483633,-55,-6,147
1747012601.7843633,10,-61,-8
1747012601.8193634,12,-21,86
1747012601.8553634,14,-45,124
1747012601.8903637,28,17,10
1747012601.9253633,4,5,130
1747012601.9603634,64,15,122
1747012601.9963634,-119,-62,92
1747012602.0323634,-9,-12,24
1747012602.0673633,32,91,26
1747012602.1033633,64,89,41
1747012602.1383634,46,-52,133
1747012602.1733634,15,31,-100
1747012602.2083633,-52,-10,113
1747012602.2443633,85,13,141
1747012602.280363,-63,-38,79
1747012602.3153634,72,-33,-12
1747012602.3513634,-11,-6,79
1747012602.3863633,-72,31,39
1747012602.4213634,28,6,43
1747012602.4563634,63,-28,119
1747012602.4923637,65,35,79
1747012602.5283637,47,17,133
1747012602.5633633,73,0,83
1747012602.599363,15,-82,75
1747012602.6343634,-42,5,103
1747012602.6693633,-23,62,61
1747012602.704363,-44,-8,-52
1747012602.7403634,-1,-42,-21
1747012602.7763634,-60,-12,0
1747012602.8113637,-32,21,113
1747012602.8473637,-20,-31,210
1747012602.882363,30,-9,60
1747012602.9173634,14,68,20
1747012602.9523633,37,18,136
1747012602.9883633,-76,36,130
1747012603.0243633,11,56,-9
1747012603.0593634,-3,-20,180
1747012603.0953634,92,-34,8
1747012603.1303637,4,-30,102
1747012603.1653633,-3,55,-53
1747012603.2003634,-7,-17,131
1747012603.2363634,-41,-34,81
1747012603.2723634,-23,35,23
1747012603.3073633,80,-4,145
1747012603.3433633,34,-32,213
1747012603.3783634,4,-18,-18
1747012603.4133637,-15,-22,17
1747012603.4493637,-1,5,67
1747012603.4843633,72,59,-8
1747012603.520363,-29,-42,41
1747012603.5553634,14,-4,139
1747012603.5913634,-1,-54,81
1747012603.6263633,-72,19,93
1747012603.6613634,37,-32,177
1747012603.6973634,-4,-40,15
1747012603.7323637,39,11,87
1747012603.7683637,71,-44,55
1747012603.803363,52,42,67
1747012603.839363,-2,-6,53
1747012603.8743634,-38,69,-86
1747012603.9093633,8,-21,213
1747012603.9453633,22,6,65
1747012603.9803634,40,38,137
1747012604.0163634,-47,26,41
1747012604.0513637,-33,-55,31
1747012604.0873632,114,20,25
1747012604.122363,108,-33,7
1747012604.1573634,-59,-9,81
1747012604.1933634,34,-5,63
1747012604.2283633,-16,-127,153
1747012604.2643633,2,-32,75
1747012604.2993634,26,26,-12
1747012604.3353634,-57,40,137
1747012604.3703637,-15,-17,63
1747012604.405363,76,30,-56
1747012604.441363,56,-66,63
1747012604.4763634,2,49,-22
1747012604.5123634,-31,1,33
1747012604.5473633,14,21,107
1747012604.5833633,-19,-44,17
1747012604.6183634,-49,-26,27
1747012604.6533637,-25,-44,49
1747012604.6893632,-10,-66,1
1747012604.724363,4,7,219
1747012604.760363,-96,11,49
1747012604.7953634,18,-45,-5
1747012604.8313634,-23,-25,98
1747012604.8663633,-4,24,124
1747012604.9013634,-48,12,162
1747012604.9373634,-62,34,2
1747012604.9723637,58,109,16
1747012605.0083632,-35,-35,194
1747012605.043363,12,-21,116
1747012605.079363,-15,-5,76
1747012605.1143634,-3,4,102
1747012605.1493633,-54,54,236
1747012605.1853633,-8,-47,84
1747012605.2203634,-13,24,4
1747012605.2563634,39,0,20
1747012605.2913637,1,-13,-37
1747012605.326363,-14,-15,56
1747012605.3613634,66,50,82
1747012605.3973634,-46,-53,114
1747012605.4333634,-36,38,60
1747012605.4683633,13,-43,166
1747012605.5043633,16,-37,152
1747012605.5393634,44,-11,-39
1747012605.5743637,-22,40,26
1747012605.6093633,-24,-57,28
1747012605.645363,19,4,154
1747012605.681363,59,43,138
1747012605.7163634,107,-31,24
1747012605.7523634,-13,-31,-1
1747012605.7873633,-49,60,82
1747012605.8223634,40,-45,110
1747012605.8573637,-70,13,26
1747012605.9003634,-44,-32,22
1747012605.9373634,-7,41,46
1747012605.9723637,-55,-4,66
1747012606.0083632,85,-19,-9
1747012606.043363,-6,72,42
1747012606.0783634,-50,-49,50
1747012606.1133633,-38,16,62
1747012606.1493633,47,-1,226
1747012606.1853633,47,-28,2
1747012606.2203634,25,12,168
1747012606.2563634,15,-21,142
1747012606.2913637,-52,8,-1
1747012606.326363,79,-11,20
1747012606.3613634,-16,-11,66
1747012606.3973634,-18,-49,250
1747012606.4333634,17,54,148
1747012606.4683633,-76,-7,28
1747012606.5043633,63,19,36
1747012606.5393634,15,-42,60
1747012606.5743637,-10,24,10
1747012606.6093633,47,22,36
1747012606.645363,21,-34,114
1747012606.681363,31,12,124
1747012606.7163634,-26,16,52
1747012606.7523634,17,22,72
1747012606.7873633,76,5,68
1747012606.8223634,28,-42,64
1747012606.8573637,-7,-23,129
1747012606.8933637,-25,50,88
1747012606.9293633,-24,60,84
1747012606.964363,5,14,94
1747012607.000363,21,-20,65
1747012607.0353634,-32,-34,205
1747012607.0703633,31,0,85
1747012607.1053634,37,25,51
1747012607.1413634,27,-6,87
1747012607.1773634,24,-1,253
1747012607.2123632,38,-101,41
1747012607.2483633,-81,-7,105
1747012607.283363,-3,-3,-46
1747012607.3183634,-35,16,-8
1747012607.3533633,54,28,49
1747012607.3893633,49,32,-10
1747012607.4253633,40,-41,145
1747012607.4603634,32,-43,103
1747012607.4963634,54,-17,61
1747012607.5313632,4,22,107
1747012607.566363,35,-44,79
1747012607.6013634,60,-33,33
1747012607.6373634,35,34,69
1747012607.6733634,2,-36,-32
1747012607.7083633,25,-41,-2
1747012607.7443633,88,-19,1
1747012607.7793634,32,-7,177
1747012607.8143632,70,-19,63
1747012607.849363,8,-57,-14
1747012607.885363,-33,56,187
1747012607.9213634,30,32,157
1747012607.9563634,-37,-9,95
1747012607.9923637,3,-89,107
1747012608.0273633,50,4,-54
1747012608.0623634,50,-33,101
1747012608.0973637,14,12,-42
1747012608.1333632,-68,46,153
1747012608.1693633,66,-11,-10
1747012608.204363,68,-9,91
1747012608.2403634,-46,-68,109
1747012608.2753634,-31,4,1
1747012608.3103633,23,20,-30
1747012608.3463633,99,-19,158
1747012608.3813634,113,16,117
1747012608.4173634,-44,16,100
1747012608.4523633,61,20,43
1747012608.4883633,-14,66,201
1747012608.5233634,-24,60,76
1747012608.5583634,-28,-23,11
1747012608.5943637,-26,-5,49
1747012608.6293633,-59,45,111
1747012608.6653633,0,-29,99
1747012608.7003634,50,-7,70
1747012608.7363634,52,-21,31
1747012608.7713633,-33,42,-80
1747012608.806363,2,52,118
1747012608.8423634,-20,20,56
1747012608.8773634,2,-6,-69
1747012608.9133637,14,29,152
1747012608.9483633,-1,-8,52
1747012608.9843633,-61,49,100
1747012609.0193634,-9,67,138
1747012609.0543633,23,14,-11
1747012609.0903633,10,3,144
1747012609.125363,52,-4,82
1747012609.1613634,7,-17,-17
1747012609.1963634,54,-4,28
1747012609.2323637,-43,-20,110
1747012609.2673633,0,-54,84
1747012609.3023634,-101,-51,66
1747012609.3383634,-65,32,56
1747012609.3733633,-67,-21,58
1747012609.4093633,130,72,44
1747012609.4443634,-65,14,144
1747012609.4803634,-107,-5,124
1747012609.5153637,-67,-10,116
1747012609.5503633,22,-34,72
1747012609.5863633,4,53,26
1747012609.6213634,-61,20,152
1747012609.6573634,72,-22,-19
1747012609.6923633,-31,-48,16
1747012609.7283633,35,-9,118
1747012609.7633634,1,6,172
1747012609.7983634,45,-17,60
1747012609.8343637,-31,8,112
1747012609.8693633,-87,-49,162
1747012609.905363,-61,-13,56
1747012609.9403634,7,-108,-3
1747012609.9763634,-114,-43,72
1747012610.0113633,69,38,64
1747012610.0463634,7,42,222
1747012610.0823634,5,32,176
1747012610.1173637,83,24,142
1747012610.1533637,0,-1,22
1747012610.1883633,-11,5,-35
1747012610.224363,-33,39,144
1747012610.2593634,-35,23,48
1747012610.2943633,34,21,6
1747012610.3303633,56,5,-27
1747012610.3653634,-17,67,56
1747012610.4013634,-39,5,86
1747012610.4363637,8,-17,158
1747012610.4713633,90,10,136
1747012610.5063634,50,10,138
1747012610.5423634,26,-54,70
1747012610.5783634,18,-25,12
1747012610.6133633,70,-17,74
1747012610.6493633,-17,-47,-35
1747012610.6843634,42,19,-3
1747012610.7193637,-31,99,20
1747012610.7543633,-23,-38,194
1747012610.7903633,-55,-60,182
1747012610.826363,-91,-43,88
1747012610.8613634,-72,-47,100
1747012610.8973634,47,62,-1
1747012610.9323633,83,38,44
1747012610.9673634,35,-65,-29
1747012611.0023634,-34,-33,-3
1747012611.0383637,-1,0,148
1747012611.0743637,-18,10,124
1747012611.1093633,0,-7,59
1747012611.145363,27,-31,63
1747012611.1803634,71,-9,39
1747012611.2153633,-6,28,3
1747012611.250363,91,58,167
1747012611.2863634,7,-3,-30
1747012611.3223634,-82,16,143
1747012611.3573637,63,6,91
1747012611.3933637,-37,-50,-6
1747012611.428363,-47,23,13
1747012611.4633634,72,65,85
1747012611.4983633,-92,-15,-43
1747012611.5343633,-94,38,38
1747012611.5703633,78,-11,48
1747012611.6053634,26,-23,158
1747012611.6413634,32,10,94
1747012611.6763637,-33,-33,98
1747012611.7113633,40,14,42
1747012611.7463634,71,-4,120
1747012611.7823634,5,42,23
1747012611.8183634,29,60,97
1747012611.8533633,-4,40,-50
1747012611.8893633,19,6,68
1747012611.9243634,-36,-12,120
1747012611.9593637,77,42,100
1747012611.9943633,-32,-31,116
1747012612.030363,9,-53,44
1747012612.066363,-29,-70,162
1747012612.1013634,-101,27,145
1747012612.1373634,4,-60,-159
1747012612.1723633,2,-8,111
1747012612.2073634,-47,-76,97
1747012612.2423637,40,-11,32
1747012612.2783637,45,-50,96
1747012612.3143632,-15,-64,-10
1747012612.349363,-7,-34,37
1747012612.385363,-27,-6,87
1747012612.4203634,14,-32,-62
1747012612.4553633,-27,-29,37
1747012612.4903634,6,-56,149
1747012612.5263634,-75,-16,0
1747012612.5623634,26,-38,-40
1747012612.5973637,2,-18,93
1747012612.6333632,-76,18,133
1747012612.668363,17,-73,39
1747012612.7033634,-14,36,128
1747012612.7383633,-24,80,81
1747012612.7743633,21,94,-6
1747012612.8103633,43,-11,-28
1747012612.8453634,-80,59,79
1747012612.8813634,9,12,-22
1747012612.9163637,-6,-7,25
1747012612.951363,-4,-35,111
1747012612.9863634,25,-5,21
1747012613.0223634,-1,94,81
1747012613.0583634,-93,-65,23
1747012613.0933633,26,-95,109
1747012613.1293633,-37,-15,113
1747012613.1643634,-16,-46,-16
1747012613.1993637,13,29,129
1747012613.2343633,37,-8,129
1747012613.270363,3,-78,75
1747012613.306363,12,-25,85
1747012613.3413634,100,6,67
1747012613.3773634,4,-98,43
1747012613.4123633,12,-8,103
1747012613.4473634,-39,8,61
1747012613.4823637,59,-28,79
1747012613.5183637,45,3,77
1747012613.5543633,13,31,155
1747012613.589363,-21,-23,181
1747012613.625363,-7,-25,87
1747012613.6603634,-39,42,53
1747012613.6953633,-145,-45,141
1747012613.7313633,84,37,11
1747012613.7663634,-63,-16,59
1747012613.8023634,-19,57,19
1747012613.8373632,10,-13,39
1747012613.8733633,-31,-31,91
1747012613.908363,42,-47,9
1747012613.9433634,8,-35,7
1747012613.9793634,10,-27,43
1747012614.0143633,10,34,61
1747012614.0503633,-12,-7,47
1747012614.0853634,43,-54,-72
1747012614.1213634,1,-20,105
1747012614.1563632,23,3,17
1747012614.191363,3,73,21
1747012614.227363,-31,-65,-14
1747012614.2623634,-3,14,-120
1747012614.2983634,68,6,79
1747012614.3333633,68,-21,65
1747012614.3693633,68,-1,157
1747012614.4043634,-7,-57,61
1747012614.4393632,46,-10,83
1747012614.4753633,72,61,71
1747012614.510363,-139,37,57
1747012614.5463634,14,4,11
1747012614.5813634,-24,-19,43
1747012614.6173637,-20,-27,121
1747012614.6523633,2,-31,127
1747012614.6873634,-54,-39,89
1747012614.7233634,28,23,145
1747012614.7583632,-21,-14,2
1747012614.7943633,46,2,14
1747012614.829363,-32,-15,46
1747012614.8653634,21,16,154
1747012614.9003634,-108,-27,39
1747012614.9353633,-91,62,131
1747012614.9713633,-28,16,7
1747012615.0063634,55,24,91
1747012615.0423634,63,4,74
1747012615.0773633,-17,14,76
1747012615.1133633,33,27,100
1747012615.1483634,7,-70,79
1747012615.1833634,-70,33,83
1747012615.2193637,62,-9,57
1747012615.2543633,2,6,159
1747012615.2903633,24,-13,-14
1747012615.3253634,-38,-26,117
1747012615.3613634,43,33,143
1747012615.3973634,71,-36,87
1747012615.4323633,21,37,113
1747012615.4673634,31,15,51
1747012615.5033634,-55,22,-20
1747012615.5393634,49,31,91
1747012615.5743637,-67,32,49
1747012615.6103632,-58,41,34
1747012615.645363,0,21,90
1747012615.6803634,-10,-16,87
1747012615.7153633,53,-16,5
1747012615.7513633,-48,-16,11
1747012615.7873633,-6,-5,53
1747012615.8223634,9,-6,50
1747012615.8583634,49,-26,25
1747012615.9003634,17,-4,118
1747012615.9363637,61,37,0
1747012615.9713633,48,-53,109
1747012616.007363,16,-1,143
1747012616.043363,28,-37,131
1747012616.0783634,56,-17,19
1747012616.1143634,50,48,117
1747012616.1493633,-21,-87,-32
1747012616.1843634,22,-25,-20
1747012616.2193637,26,-25,205
1747012616.2553637,-20,0,119
1747012616.2913637,-27,-83,-4
1747012616.326363,-47,72,13
1747012616.362363,-65,108,64
1747012616.3983634,-11,26,32
1747012616.4343634,-41,-23,62
1747012616.4693637,-9,4,78
1747012616.5043633,-25,60,52
1747012616.5393634,20,-67,146
1747012616.5753634,54,-107,52
1747012616.6113634,0,-47,142
1747012616.6463633,32,34,32
1747012616.6823633,-45,32,-3
1747012616.7173634,2,-18,8
1747012616.7523634,-67,-64,160
1747012616.7873633,8,19,54
1747012616.8233633,60,-30,48
1747012616.8593633,12,13,82
1747012616.8943634,36,-56,76
1747012616.9303634,0,-2,89
1747012616.9653633,24,29,182
1747012617.000363,115,20,27
1747012617.0353634,-47,-26,-71
1747012617.0713634,36,21,100
1747012617.1073637,-32,12,88
1747012617.1423633,-4,-17,120
1747012617.178363,-62,-13,22
1747012617.2133634,43,-23,150
1747012617.2483633,3,-23,194
1747012617.283363,-79,-12,124
1747012617.3193634,-37,-14,60
1747012617.3553634,37,-75,30
1747012617.3903637,135,-25,258
1747012617.4263637,-35,-11,61
1747012617.4613633,65,8,2
1747012617.4963634,43,-7,13
1747012617.5313632,0,24,74
1747012617.5673633,-21,-17,146
1747012617.6033633,52,-37,184
1747012617.6383634,8,-23,-21
1747012617.6743634,103,-15,90
1747012617.7093637,0,88,98
1747012617.7443633,110,56,56
1747012617.7793634,-26,-12,2
1747012617.8153634,75,71,112
1747012617.8513634,26,0,-31
1747012617.8863633,30,11,94
1747012617.9223633,-1,-26,12
1747012617.9573634,43,18,-37
1747012617.9923637,11,24,112
1747012618.0273633,0,6,12
1747012618.0633633,25,116,108
1747012618.099363,-38,-23,61
1747012618.1343634,37,-3,77
1747012618.1703634,39,-35,96
1747012618.2053633,51,18,136
1747012618.2403634,-84,10,172
1747012618.2753634,46,-16,-19
1747012618.3113637,61,20,198
1747012618.3473637,-30,16,188
1747012618.382363,-32,-33,64
1747012618.418363,47,-17,202
1747012618.4533634,17,-74,100
1747012618.4883633,-20,-4,128
1747012618.5233634,-38,44,66
1747012618.5593634,27,51,32
1747012618.5953634,15,23,84
1747012618.6303637,-24,7,94
1747012618.6663637,-66,-44,-19
1747012618.701363,-60,-2,78
1747012618.7363634,14,32,-81
1747012618.7723634,-9,28,190
1747012618.8073633,-31,0,75
1747012618.8433633,-25,68,138
1747012618.8783634,0,50,112
1747012618.9143634,-36,24,-33
1747012618.9493637,67,-57,58
1747012618.9843633,55,58,73
1747012619.020363,55,-45,153
1747012619.0553634,-3,-68,148
1747012619.0913634,22,-20,87
1747012619.1263633,-37,-29,51
1747012619.1623633,84,-61,115
1747012619.1973634,-46,-39,77
1747012619.2323637,34,-36,74
1747012619.2683637,-5,-22,94
1747012619.303363,48,-22,55
1747012619.339363,-5,76,207
1747012619.3743634,-63,-63,10
1747012619.4103634,-5,-11,30
1747012619.4453633,-67,-6,106
1747012619.4803634,72,9,134
1747012619.5163634,32,18,42
1747012619.5513637,14,3,124
1747012619.5873632,-25,-22,108
1747012619.622363,18,55,86
1747012619.658363,14,-64,75
1747012619.6933634,-49,-19,-156
1747012619.7283633,8,-8,135
1747012619.7643633,14,-42,145
1747012619.7993634,29,13,11
1747012619.8353634,17,-63,101
1747012619.8703637,10,-13,15
1747012619.9063632,-7,-4,157
1747012619.941363,-55,32,95
1747012619.9763634,-63,-65,29
1747012620.0123634,22,-7,-40
1747012620.0473633,-13,26,97
1747012620.0833633,40,-35,95
1747012620.1183634,41,-26,119
1747012620.1543634,37,95,97
1747012620.1893632,19,1,81
1747012620.224363,-18,40,22
1747012620.260363,-38,-3,110
1747012620.2953634,-31,-32,20
1747012620.3313634,44,4,-17
1747012620.3663633,-43,38,40
1747012620.4023633,-32,-8,158
1747012620.4383633,-98,-54,-5
1747012620.4733634,-10,53,8
1747012620.5083632,-23,43,16
1747012620.5443633,1,27,74
1747012620.5803633,-36,53,56
1747012620.6153634,37,-16,88
1747012620.6513634,39,10,168
1747012620.6863637,-44,-31,-45
1747012620.7213633,-2,53,130
1747012620.7563634,-4,-14,-87
1747012620.7923634,9,15,39
1747012620.8283634,17,27,99
1747012620.8633633,-17,-38,109
1747012620.8993633,16,1,81
1747012620.9343634,36,29,175
1747012620.9693637,-3,47,129
1747012621.0043633,12,19,175
1747012621.0403633,28,-39,-18
1747012621.076363,92,64,143
1747012621.1113634,-25,-72,141
1747012621.1473634,-39,5,115
1747012621.1823633,37,22,119
1747012621.2173634,17,22,-72
1747012621.2523634,32,35,37
1747012621.2883637,-3,39,79
1747012621.3243637,-7,-44,-6
1747012621.3593633,-6,2,119
1747012621.395363,9,38,73
1747012621.4303634,-50,6,89
1747012621.4653633,-2,22,11
1747012621.500363,19,-3,143
1747012621.5363634,-12,-6,46
1747012621.5723634,0,47,52
1747012621.6073637,-20,-30,34
1747012621.6433637,45,-14,121
1747012621.678363,76,-73,93
1747012621.7133634,14,16,35
1747012621.7483633,-84,115,-2
1747012621.7843633,0,-28,79
1747012621.8203633,-46,-64,27
1747012621.8553634,14,-65,93
1747012621.8913634,29,-84,61
1747012621.9263637,-62,-12,124
1747012621.9613633,16,26,79
1747012621.9963634,-66,19,126
1747012622.0323634,-6,-6,72
1747012622.0683634,-19,2,39
1747012622.1033633,68,-37,99
1747012622.1393633,-74,44,16
1747012622.1743634,7,-19,14
1747012622.2093637,19,26,94
1747012622.2443633,22,-29,142
1747012622.280363,-31,-19,36
1747012622.316363,94,63,152
1747012622.3513634,60,14,78
1747012622.3873634,-17,50,158
1747012622.4223633,-19,8,106
1747012622.4573634,32,54,-41
1747012622.4923637,-57,22,166
1747012622.5283637,57,-38,16
1747012622.5643632,-31,-5,68
1747012622.599363,113,2,34
1747012622.635363,11,-75,138
1747012622.6703634,43,-13,230
1747012622.7053633,-46,70,70
1747012622.7403634,35,-11,186
1747012622.7763634,27,-43,44
1747012622.8123634,-12,22,44
1747012622.8473637,-32,8,-15
1747012622.8833632,-25,13,-57
1747012622.918363,-35,14,-25
1747012622.9533634,4,-21,-67
1747012622.9883633,-65,-31,56
1747012623.0243633,12,20,126
1747012623.0603633,-31,82,14
1747012623.0953634,64,22,74
1747012623.1313634,54,48,26
1747012623.1663637,-15,-23,-23
1747012623.201363,38,-43,92
1747012623.2363634,84,-69,130
1747012623.2723634,-35,42,164
1747012623.3083634,-105,-55,26
1747012623.3433633,18,0,128
1747012623.3793633,26,1,154
1747012623.4143634,-1,19,54
1747012623.4493637,-67,3,36
1747012623.4843633,4,-2,2
1747012623.520363,88,-64,54
1747012623.556363,4,41,244
1747012623.5913634,-9,7,92
1747012623.6273634,86,73,152
1747012623.6623633,-39,9,26
1747012623.6973634,112,-24,264
1747012623.7333634,56,-20,132
1747012623.7683637,-73,5,154
1747012623.8043633,30,3,74
1747012623.839363,-94,38,24
1747012623.875363,43,-11,26
1747012623.9103634,-31,6,130
1747012623.9453633,-11,28,16
1747012623.9813633,37,-1,90
1747012624.0163634,90,4,184
1747012624.0523634,37,6,46
1747012624.0873632,-21,-15,18
1747012624.1233633,-64,17,78
1747012624.158363,-101,-59,44
1747012624.1933634,37,63,132
1747012624.2293634,73,13,86
1747012624.2643633,56,77,66
1747012624.3003633,-45,-34,36
1747012624.3353634,-33,107,122
1747012624.3713634,-62,13,54
1747012624.4063632,-5,-30,87
1747012624.441363,-28,63,48
1747012624.477363,113,18,27
1747012624.5123634,-57,-67,117
1747012624.5483634,16,-13,67
1747012624.5833633,-8,-12,95
1747012624.6193633,4,-43,58
1747012624.6543634,-5,-57,150
1747012624.6893632,45,-49,51
1747012624.7253633,-46,-3,51
1747012624.760363,-14,46,-60
1747012624.7963634,47,30,251
1747012624.8313634,-28,28,57
1747012624.8673637,13,-47,47
1747012624.9023633,31,28,87
1747012624.9373634,-2,6,111
1747012624.9733634,-35,-12,167
1747012625.0083632,33,36,-22
1747012625.0443633,37,2,111
1747012625.079363,67,-15,-7
1747012625.1153634,-15,-6,158
1747012625.1503634,9,-13,8
1747012625.1853633,58,-13,60
1747012625.2213633,60,-5,0
1747012625.2563634,6,7,94
1747012625.2923634,-39,38,163
1747012625.3273633,48,42,114
1747012625.3633633,49,-39,10
1747012625.3983634,37,28,142
1747012625.4333634,-20,38,53
1747012625.4693637,-56,34,74
1747012625.5043633,21,-5,-83
1747012625.5403633,-38,-100,126
1747012625.5753634,29,124,142
1747012625.6103632,9,-45,68
1747012625.645363,-26,60,68
1747012625.681363,29,-21,152
1747012625.7173634,-32,-15,202
1747012625.7523634,-17,22,59
1747012625.7883637,18,-13,55
1747012625.8233633,-67,-61,38
1747012625.8583634,11,2,2
1747012625.8933637,-48,10,37
1747012625.9363637,6,11,-58
1747012625.9733634,10,-4,27
1747012626.0083632,16,1,57
1747012626.0443633,1,-30,95
1747012626.079363,41,35,0
1747012626.1143634,33,15,59
1747012626.1493633,71,-78,173
1747012626.1853633,29,-36,227
1747012626.2213633,-50,75,101
1747012626.2563634,6,50,79
1747012626.2923634,-52,27,39
1747012626.3273633,2,-15,57
1747012626.362363,-19,-43,0
1747012626.3973634,-22,-44,125
1747012626.4333634,-4,-22,81
1747012626.4693637,6,0,23
1747012626.5043633,55,-44,17
1747012626.5403633,36,14,109
1747012626.5753634,-47,-51,137
1747012626.6103632,34,36,119
1747012626.645363,-39,-8,173
1747012626.681363,-1,-13,53
1747012626.7173634,38,-65,33
1747012626.7523634,96,68,101
1747012626.7883637,0,44,49
1747012626.8233633,74,30,97
1747012626.8583634,37,-95,67
1747012626.8933637,-28,5,71
1747012626.9293633,-66,-34,119
1747012626.9653633,0,-9,-12
1747012627.000363,-18,-29,-62
1747012627.0363634,11,34,-34
1747012627.0713634,-32,24,135
1747012627.1063633,-61,-44,77
1747012627.1413634,-1,-66,59
1747012627.1773634,-5,-58,169
1747012627.2133634,-40,-93,51
1747012627.2483633,-66,-97,65
1747012627.2843633,33,-15,57
1747012627.3193634,-48,-3,43
1747012627.3543634,-16,66,99
1747012627.3893633,-30,34,15
1747012627.4253633,-2,-33,153
1747012627.4613633,3,-23,89
1747012627.4963634,11,-81,19
1747012627.5323634,-19,-111,81
1747012627.5673633,63,14,127
1747012627.602363,-39,-19,57
1747012627.6373634,-8,45,69
1747012627.6733634,19,11,151
1747012627.7093637,8,-12,189
1747012627.7443633,4,31,53
1747012627.780363,57,-10,123
1747012627.8153634,-105,-16,133
1747012627.8503633,41,24,-24
1747012627.885363,18,-19,142
1747012627.9213634,-9,-13,98
1747012627.9573634,-12,-27,87
1747012627.9923637,-10,52,79
1747012628.0283637,-24,-9,131
1747012628.0633633,-29,8,5
1747012628.0983634,-45,-57,143
1747012628.1333632,8,24,43
1747012628.1693633,-73,-47,8
1747012628.2053633,-45,8,70
1747012628.2403634,-1,6,20
1747012628.2763634,52,-64,109
1747012628.3113637,62,-34,48
1747012628.3463633,-7,-44,55
1747012628.3813634,34,50,112
1747012628.4173634,-21,-35,161
1747012628.4533634,30,22,66
1747012628.4883633,-9,8,40
1747012628.5243633,-45,28,54
1747012628.5593634,0,-37,98
1747012628.5943637,24,-41,50
1747012628.6293633,-75,38,108
1747012628.6653633,26,-18,76
1747012628.701363,3,-43,38
1747012628.7363634,-38,6,-3
1747012628.7723634,29,-36,68
1747012628.8073633,-61,49,118
1747012628.8423634,64,9,68
1747012628.8783634,58,41,68
1747012628.9133637,-40,-40,198
1747012628.9493637,55,77,102
1747012628.9843633,-48,-31,158
1747012629.020363,-40,15,48
1747012629.0553634,43,23,-67
1747012629.0903633,-71,30,160
1747012629.1263633,28,-1,34
1747012629.1613634,54,32,66
1747012629.1973634,30,68,110
1747012629.2323637,92,16,114
1747012629.2683637,41,-30,94
1747012629.303363,101,35,74
1747012629.3383634,-14,-10,208
1747012629.3743634,-21,25,-49
1747012629.4093633,-31,-10,152
1747012629.4453633,-17,19,80
1747012629.4803634,21,-24,24
1747012629.5163634,65,1,-63
1747012629.5513637,-84,-2,-17
1747012629.5863633,-32,-8,68
1747012629.622363,-84,-14,22
1747012629.6573634,-36,34,100
1747012629.6933634,-3,41,120
1747012629.7283633,-125,5,-7
1747012629.7643633,38,-33,94
1747012629.7993634,-11,-9,30
1747012629.8343637,17,-5,14
1747012629.8703637,8,22,42
1747012629.905363,65,30,116
1747012629.941363,16,-3,8
1747012629.9763634,18,18,154
1747012630.0123634,-26,58,96
1747012630.0473633,2,46,126
1747012630.0823634,14,-47,70
1747012630.1183634,6,22,-9
1747012630.1533637,-15,-31,62
1747012630.1893632,49,7,122
1747012630.224363,45,63,0
1747012630.260363,17,-26,30
1747012630.2953634,15,45,82
1747012630.3303633,13,89,16
1747012630.3663633,-16,-62,-17
1747012630.4013634,13,-26,72
1747012630.4373634,63,-56,-13
1747012630.4723637,11,-34,68
1747012630.5083632,11,-20,138
1747012630.5443633,-16,73,94
1747012630.5803633,21,26,90
1747012630.6163633,-10,-107,100
1747012630.6513634,-44,106,196
1747012630.6863637,93,31,54
1747012630.7223637,-120,6,50
1747012630.7583632,21,-23,112
1747012630.793363,-12,-9,16
1747012630.829363,-33,-7,-33
1747012630.8643634,-21,34,54
1747012630.8993633,-43,38,92
1747012630.9343634,34,-91,108
1747012630.9703634,48,10,-1
1747012631.0063634,10,-49,84
1747012631.0413637,114,-7,64
1747012631.0773633,57,-42,-1
1747012631.112363,-42,-14,44
1747012631.1473634,-30,-52,-1
1747012631.1823633,52,24,80
1747012631.2183633,-15,38,-11
1747012631.2543633,6,26,46
1747012631.2893634,-11,0,128
1747012631.3253634,-79,-15,200
1747012631.3603632,6,-29,56
1747012631.395363,-53,3,60
1747012631.4303634,62,37,24
1747012631.4663634,-31,-20,74
1747012631.5023634,-7,15,72
1747012631.5373633,-33,-55,102
1747012631.5733633,8,-21,2
1747012631.6083634,53,41,-1
1747012631.6433637,58,8,-47
1747012631.678363,48,36,140
1747012631.714363,-11,8,16
1747012631.750363,28,52,86
1747012631.7853634,118,-4,122
1747012631.8213634,36,-9,96
1747012631.8563633,11,-11,74
1747012631.8913634,-5,-19,20
1747012631.9263637,55,58,76
1747012631.9623632,26,11,130
1747012631.9983633,18,18,12
1747012632.033363,-57,86,40
1747012632.0693634,17,23,66
1747012632.1043634,-20,17,79
1747012632.1393633,9,-32,-18
1747012632.1743634,-10,-29,59
1747012632.2103634,9,45,-31
1747012632.2463634,-10,-18,14
1747012632.2813632,23,11,178
1747012632.3173633,-47,5,-83
1747012632.352363,-33,29,210
1747012632.3873634,25,34,66
1747012632.4223633,-134,40,86
1747012632.4583633,-4,-8,16
1747012632.4943633,75,63,-53
1747012632.5293634,33,29,76
1747012632.5653634,-8,-2,24
1747012632.6003633,53,-42,-5
1747012632.635363,-42,49,96
1747012632.6703634,-64,-26,112
1747012632.7063634,-52,0,154
1747012632.7423637,35,19,62
1747012632.7773633,15,37,-75
1747012632.8133633,-26,89,56
1747012632.8483634,51,5,-93
1747012632.8833632,27,41,116
1747012632.918363,7,-12,158
1747012632.954363,-16,-6,43
1747012632.9903634,-41,26,71
1747012633.0253634,105,1,163
1747012633.0613637,66,-8,63
1747012633.0963633,36,29,29
1747012633.1313634,78,3,123
1747012633.1663637,-2,-64,-32
1747012633.2023633,83,66,75
1747012633.2383633,-42,55,119
1747012633.2733634,-32,29,131
1747012633.3093634,21,59,-102
1747012633.3443637,5,27,67
1747012633.3793633,-62,11,109
1747012633.4143634,-40,44,35
1747012633.4503634,-2,-7,-16
1747012633.4863634,-36,-10,-7
1747012633.5213633,32,10,142
1747012633.5573633,117,-48,116
1747012633.5923634,-9,40,6
1747012633.6273634,-5,-87,60
1747012633.6623633,37,-42,118
1747012633.6983633,-7,-5,80
1747012633.7343633,45,75,84
1747012633.7693634,35,-38,24
1747012633.8053634,39,11,42
1747012633.8403633,13,0,38
1747012633.875363,13,-84,34
1747012633.9113634,-36,-12,22
1747012633.9463634,-48,-40,140
1747012633.9823637,33,-50,-9
1747012634.0173633,13,9,106
1747012634.053363,17,17,68
1747012634.0883634,-54,147,56
1747012634.1233633,41,59,108
1747012634.1593633,-3,-4,78
1747012634.1943634,30,-48,18
1747012634.2303634,26,3,10
1747012634.2653637,-25,23,40
1747012634.3013637,-50,-23,150
1747012634.3363633,26,4,144
1747012634.3713634,34,-14,34
1747012634.4073634,-89,-23,152
1747012634.4423633,-11,15,70
1747012634.4783633,35,-15,134
1747012634.5133634,-16,-45,50
1747012634.5493634,13,28,56
1747012634.5843637,26,-75,34
1747012634.6193633,-1,-29,16
1747012634.655363,82,40,38
1747012634.6903634,8,-77,80
1747012634.7263634,27,35,50
1747012634.7613633,-87,56,136
1747012634.7973633,-8,-3,80
1747012634.8323634,3,-3,186
1747012634.8673637,-24,-55,84
1747012634.9033637,25,-21,118
1747012634.9383633,4,-31,-53
1747012634.974363,24,-27,64
1747012635.0093634,33,-24,38
1747012635.0453634,-44,19,32
1747012635.0803633,89,5,232
1747012635.1153634,60,-9,62
1747012635.1513634,16,20,120
1747012635.1863637,-65,-59,86
1747012635.2223637,-24,67,14
1747012635.257363,-28,-40,140
1747012635.293363,50,0,6
1747012635.3283634,40,-7,66
1747012635.3633633,62,-3,-5
1747012635.3993633,33,7,-1
1747012635.4343634,23,62,74
1747012635.4703634,-2,-11,172
1747012635.5053637,71,-17,58
1747012635.5413637,-65,56,122
1747012635.576363,-25,-73,158
1747012635.6113634,-53,50,106
1747012635.6473634,72,-73,86
1747012635.6823633,-41,58,146
1747012635.7183633,8,22,-41
1747012635.7533634,-37,42,34
1747012635.7883637,-23,0,116
1747012635.8233633,-55,14,-21
1747012635.8593633,-53,18,108
1747012635.895363,70,-13,104
1747012635.9373634,43,-52,-33
1747012635.974363,-26,43,56
1747012636.0093634,-64,43,92
1747012636.0443633,41,-12,290
1747012636.079363,83,-16,36
1747012636.1153634,7,-50,38
1747012636.1513634,-6,-18,26
1747012636.1863637,69,-16,4
1747012636.2223637,-8,68,30
1747012636.257363,-78,-19,114
1747012636.2923634,29,4,50
1747012636.3273633,55,-18,124
1747012636.3633633,-33,106,14
1747012636.3993633,-47,-55,52
1747012636.4343634,-37,60,134
1747012636.4703634,-9,-117,24
1747012636.5053637,-54,-19,-11
1747012636.5403633,-38,-43,120
1747012636.5753634,-28,24,84
1747012636.6113634,-21,24,134
1747012636.6473634,23,-49,148
1747012636.6823633,49,61,74
1747012636.7183633,-46,-1,94
1747012636.7533634,-28,15,146
1747012636.7883637,20,114,84
1747012636.8233633,-83,2,-47
1747012636.8593633,10,4,62
1747012636.895363,100,-7,108
1747012636.9303634,14,44,-11
1747012636.9663634,-21,64,36
1747012637.0013633,4,74,136
1747012637.0363634,-82,-36,40
1747012637.0713634,-38,-96,-33
1747012637.1073637,-72,-24,58
1747012637.1433637,44,-21,14
1747012637.178363,86,-57,120
1747012637.214363,92,-5,-11
1747012637.2493634,33,61,126
1747012637.2843633,12,0,46
1747012637.3193634,25,-30,111
1747012637.3553634,16,-11,61
1747012637.3913634,31,38,55
1747012637.4263637,-45,4,82
1747012637.4623632,34,-15,-125
1747012637.497363,8,-3,164
1747012637.5323634,-21,-17,90
1747012637.5673633,-83,-33,24
1747012637.6033633,58,-21,114
1747012637.6393633,111,-10,60
1747012637.6743634,10,10,96
1747012637.7103634,-48,27,132
1747012637.7453637,-45,-49,38
1747012637.780363,-4,51,76
1747012637.8153634,35,-14,152
1747012637.8513634,51,29,99
1747012637.8873634,-68,1,-26
1747012637.9223633,39,-40,145
1747012637.9583633,-28,15,37
1747012637.9933634,0,-8,45
1747012638.0283637,-48,-2,51
1747012638.0633633,28,-11,47
1747012638.099363,-6,39,75
1747012638.135363,95,-18,51
1747012638.1703634,52,-29,139
1747012638.2063634,30,10,103
1747012638.2413633,23,11,-18
1747012638.2763634,-88,65,95
1747012638.3113637,66,38,13
1747012638.3473637,-5,-67,-30
1747012638.3833632,10,32,179
1747012638.418363,48,-53,161
1747012638.454363,-63,28,83
1747012638.4893634,-19,-25,67
1747012638.5243633,0,-51,-2
1747012638.5593634,172,-11,31
1747012638.5953634,-45,2,181
1747012638.6313634,-15,-9,-28
1747012638.6663637,26,18,-22
1747012638.7023633,35,-30,91
1747012638.737363,20,-3,81
1747012638.7723634,-18,-36,-72
1747012638.8083634,-58,-46,119
1747012638.8433633,-34,67,33
1747012638.8793633,33,75,109
1747012638.9143634,17,-22,-74
1747012638.9503634,-10,-72,167
1747012638.9853632,-26,-62,13
1747012639.020363,-7,20,133
1747012639.056363,-50,-28,113
1747012639.0913634,-13,-71,57
1747012639.1273634,89,17,-116
1747012639.1623633,-46,43,-94
1747012639.1983633,-69,88,169
1747012639.2333634,46,-1,-10
1747012639.2683637,30,-13,75
1747012639.3043633,100,-53,105
1747012639.339363,26,84,151
1747012639.375363,-24,-3,83
1747012639.4103634,-10,-37,33
1747012639.4463634,-61,-7,39
1747012639.4813633,-74,40,65
1747012639.5163634,115,-13,79
1747012639.5523634,59,46,-18
1747012639.5873632,-30,-47,89
1747012639.6233633,13,70,59
1747012639.658363,-61,10,121
1747012639.6943634,50,58,-52
1747012639.7293634,-15,-9,49
1747012639.7643633,-11,-29,137
1747012639.8003633,-70,-1,-38
1747012639.8353634,-14,-15,19
1747012639.8713634,28,20,33
1747012639.9063632,38,-15,103
1747012639.9423633,52,-9,75
1747012639.977363,9,-8,117
1747012640.0123634,3,35,23
1747012640.0483634,-35,-55,11
1747012640.0833633,12,0,123
1747012640.1193633,40,2,-66
1747012640.1543634,83,14,165
1747012640.1903634,-16,-79,45
1747012640.2253633,14,-37,133
1747012640.260363,-30,24,-4
1747012640.2963634,-16,30,9
1747012640.3313634,41,-19,85
1747012640.3673637,45,18,139
1747012640.4023633,8,-41,53
1747012640.4383633,-107,-45,227
1747012640.4733634,-63,-55,-46
1747012640.5083632,46,12,115
1747012640.5443633,-33,-3,93
1747012640.579363,6,20,3
1747012640.6153634,8,16,185
1747012640.6503634,23,-44,77
1747012640.6863637,87,27,113
1747012640.7223637,78,22,127
1747012640.757363,-19,34,47
1747012640.7923634,-47,22,91
1747012640.8283634,34,-43,41
1747012640.8643634,-20,14,47
1747012640.8993633,44,-37,-44
1747012640.9353633,41,-16,191
1747012640.9703634,90,-23,61
1747012641.0053637,-5,-41,81
1747012641.0403633,-30,63,21
1747012641.076363,23,-34,139
1747012641.112363,47,-5,-48
1747012641.1473634,-44,8,133
1747012641.1833634,52,-15,149
1747012641.2183633,-15,-23,185
1747012641.2533634,52,40,69
1747012641.2883637,-27,18,127
1747012641.3243637,0,18,11
1747012641.3603632,-39,42,77
1747012641.395363,-27,8,154
1747012641.431363,-1,66,8
1747012641.4663634,26,-15,-22
1747012641.5013633,21,5,388
1747012641.5363634,120,-47,116
1747012641.5723634,-31,4,152
1747012641.6083634,-6,21,-11
1747012641.6433637,-14,13,128
1747012641.6793633,29,-88,20
1747012641.714363,26,64,24
1747012641.7493634,4,66,40
1747012641.7843633,-92,-34,160
1747012641.8203633,-37,36,-123
1747012641.8563633,-1,-5,-15
1747012641.8913634,-78,-46,12
1747012641.9273634,-60,1,38
1747012641.9623632,-36,17,-13
1747012641.997363,-48,11,102
1747012642.0323634,32,6,88
1747012642.0683634,-29,-23,126
1747012642.1043634,33,21,184
1747012642.1393633,-43,28,68
1747012642.1753633,38,-7,112
1747012642.2103634,59,83,102
1747012642.2453637,-56,25,14
1747012642.280363,13,-12,14
1747012642.316363,1,-30,-21
1747012642.352363,15,1,-17
1747012642.3873634,-152,-10,116
1747012642.4233634,52,-35,-13
1747012642.4583633,60,-1,188
1747012642.4933634,50,134,202
1747012642.5283637,-35,50,-27
1747012642.5643632,100,28,0
1747012642.6003633,67,-53,90
1747012642.635363,24,14,136
1747012642.6713634,-11,22,120
1747012642.7063634,-21,126,64
1747012642.7413633,-25,-11,82
1747012642.7763634,-9,-41,184
1747012642.8123634,66,30,10
1747012642.8483634,-19,-7,106
1747012642.8833632,-3,48,192
1747012642.9193633,11,-19,33
1747012642.954363,-40,14,-50
1747012642.9893634,1,-14,67
1747012643.0243633,-32,75,99
1747012643.0603633,-16,35,131
1747012643.0963633,29,-42,97
1747012643.1313634,13,93,43
1747012643.1673634,135,-36,-66
1747012643.2023633,-22,51,-16
1747012643.237363,-18,17,67
1747012643.2723634,67,33,4
1747012643.3083634,-44,-37,36
1747012643.3443637,51,-64,82
1747012643.3793633,32,-69,-15
1747012643.4153633,-35,-11,130
1747012643.4503634,30,4,56
1747012643.4853632,-19,-17,152
1747012643.520363,-68,-30,20
1747012643.556363,10,-41,20
1747012643.5923634,-46,49,-21
1747012643.6273634,25,67,24
1747012643.6633637,37,-28,56
1747012643.6983633,-47,32,85
1747012643.7333634,0,49,21
1747012643.7683637,49,-80,139
1747012643.8043633,41,66,79
1747012643.8403633,3,3,-10
1747012643.875363,-94,61,79
1747012643.9113634,77,15,141
1747012643.9463634,35,29,59
1747012643.9813633,-78,-8,81
1747012644.0173633,43,-46,-6
1747012644.0523634,-90,-3,71
1747012644.0883634,-28,16,103
1747012644.1233633,-34,0,207
1747012644.1593633,-72,-7,-10
1747012644.1943634,-50,9,181
1747012644.2293634,-14,-106,-20
1747012644.2653637,-6,-26,7
1747012644.3003633,10,46,-14
1747012644.3363633,22,-79,53
1747012644.3713634,-25,42,13
1747012644.4073634,-51,28,45
1747012644.4423633,16,44,15
1747012644.477363,106,-33,-6
1747012644.5133634,45,31,69
1747012644.5483634,-36,-30,51
1747012644.5843637,15,-40,31
1747012644.6193633,-8,-42,25
1747012644.655363,-2,11,215
1747012644.6903634,15,-34,25
1747012644.7253633,-62,3,153
1747012644.7613633,77,29,140
1747012644.7963634,-46,5,100
1747012644.8323634,63,0,60
1747012644.8673637,21,23,80
1747012644.9033637,-8,7,89
1747012644.9383633,-6,-5,171
1747012644.9733634,-24,-26,30
1747012645.0093634,7,23,94
1747012645.0443633,9,-2,94
1747012645.0803633,8,20,14
1747012645.1153634,-24,-74,6
1747012645.1513634,-38,-6,-23
1747012645.1863637,-28,-18,64
1747012645.2213633,38,-11,-119
1747012645.257363,-17,-35,80
1747012645.2923634,128,-3,52
1747012645.3283634,-45,-15,58
1747012645.3633633,-19,42,228
1747012645.3993633,24,54,66
1747012645.4343634,4,0,109
1747012645.4693637,-9,18,101
1747012645.5053637,-19,-9,114
1747012645.5403633,-49,12,-13
1747012645.576363,48,-41,-73
1747012645.6113634,26,-43,69
1747012645.6473634,-61,12,-59
1747012645.6823633,22,-71,174
1747012645.7173634,0,35,114
1747012645.7533634,11,29,54
1747012645.7883637,17,-20,122
1747012645.8243637,-11,12,16
1747012645.8593633,56,-3,122
1747012645.8943634,93,-18,0
1747012645.9293633,93,0,126
1747012645.9723637,25,39,36
1747012646.0093634,21,1,44
1747012646.0443633,0,43,91
1747012646.0803633,-1,62,-26
1747012646.1153634,-45,-25,57
1747012646.1503634,64,-13,111
1747012646.1853633,-100,-20,45
1747012646.2213633,-78,-98,43
1747012646.257363,-18,-12,105
1747012646.2923634,5,-2,267
1747012646.3283634,-6,40,95
1747012646.3633633,-2,46,103
1747012646.3983634,0,24,-30
1747012646.4333634,-3,-121,135
1747012646.4693637,-39,-1,77
1747012646.5053637,76,18,93
1747012646.5403633,38,40,101
1747012646.576363,-11,-15,35
1747012646.6113634,124,-108,97
1747012646.6463633,92,40,71
1747012646.681363,-25,22,159
1747012646.7173634,-27,-53,31
1747012646.7533634,-3,-21,101
1747012646.7883637,-15,-39,163
1747012646.8243637,-1,-3,89
1747012646.8593633,39,43,13
1747012646.8943634,17,139,91
1747012646.9293633,71,-38,179
1747012646.9653633,-40,27,169
1747012647.0013633,0,-36,115
1747012647.0363634,17,-18,95
1747012647.0723634,5,-16,83
1747012647.1073637,-46,33,53
1747012647.1423633,-8,27,101
1747012647.1773634,-66,45,145
1747012647.2133634,7,-36,-56
1747012647.2493634,-20,-38,145
1747012647.2843633,-20,1,49
1747012647.3203633,-5,40,97
1747012647.3553634,-112,-28,39
1747012647.3903637,-20,-44,147
1747012647.4253633,7,-98,151
1747012647.4613633,-63,-43,87
1747012647.497363,-81,-1,63
1747012647.5323634,76,12,101
1747012647.5683634,44,-8,97
1747012647.6033633,-39,-30,33
1747012647.6383634,14,-16,9
1747012647.6733634,-22,-75,5
1747012647.7093637,10,-6,35
1747012647.7453637,21,4,-6
1747012647.780363,-36,-5,89
1747012647.816363,59,-33,9
1747012647.8513634,1,-73,41
1747012647.8863633,37,-11,37
1747012647.9213634,5,-50,89
1747012647.9573634,-106,-52,59
1747012647.9933634,70,-20,179
1747012648.0283637,25,45,181
1747012648.0643632,-7,-36,47
1747012648.099363,-37,-10,95
1747012648.1343634,-23,-30,-76
1747012648.1693633,-50,-34,169
1747012648.2053633,-21,67,69
1747012648.2413633,49,-15,-14
1747012648.2763634,0,-51,25
1747012648.3123634,-46,-42,123
1747012648.3483634,-24,-44,131
1747012648.3843634,40,-11,183
1747012648.4193633,14,-21,147
1747012648.454363,58,28,83
1747012648.4893634,10,39,77
1747012648.5253634,24,-27,59
1747012648.5613637,86,-11,-22
1747012648.5963633,30,20,7
1747012648.632363,-21,6,77
1747012648.6673634,-30,-51,33
1747012648.7023633,-60,-2,61
1747012648.737363,63,33,29
1747012648.7733634,-63,-8,-44
1747012648.8093634,-68,18,9
1747012648.8443637,0,14,53
1747012648.8803637,14,-16,37
1747012648.9153633,14,9,101
1747012648.9503634,-55,-8,49
1747012648.9863634,-33,37,-18
1747012649.0213633,-59,31,-2
1747012649.0573633,10,23,5
1747012649.0923634,22,-22,165
1747012649.1283634,-17,-34,-100
1747012649.1633637,110,-24,5
1747012649.1983633,-42,-45,13
1747012649.2343633,14,-36,57
1747012649.2693634,-81,51,13
1747012649.3053634,1,54,71
1747012649.3403633,-73,99,89
1747012649.3763633,-14,-1,143
1747012649.4113634,15,52,75
1747012649.4463634,29,-15,121
1747012649.4823637,61,10,81
1747012649.5173633,-114,14,155
1747012649.553363,30,-33,-8
1747012649.5883634,26,-5,121
1747012649.6243634,-23,2,139
1747012649.6593633,95,46,-86
1747012649.6943634,3,12,85
1747012649.7303634,-45,24,121
1747012649.7653637,86,-19,-6
1747012649.8013637,-23,-24,105
1747012649.8363633,90,15,123
1747012649.872363,-45,0,-34
1747012649.9073634,2,19,-58
1747012649.9423633,15,-21,43
1747012649.9783633,48,-6,-32
1747012650.0133634,14,-110,109
1747012650.0493634,22,1,13
1747012650.0843637,-13,53,133
1747012650.1203637,-55,11,37
1747012650.155363,-15,41,51
1747012650.1903634,-97,-2,91
1747012650.2263634,42,-12,203
1747012650.2613633,38,26,85
1747012650.2973633,-55,52,171
1747012650.3323634,77,27,43
1747012650.3683634,-3,4,143
1747012650.4033637,38,-32,81
1747012650.4383633,4,31,199
1747012650.474363,-6,7,99
1747012650.5093634,-1,-16,27
1747012650.5453634,-13,-10,25
1747012650.5803633,-35,7,75
1747012650.6163633,73,-17,-18
1747012650.6513634,78,35,41
1747012650.6863637,36,59,-14
1747012650.7223637,42,32,85
1747012650.757363,80,-33,17
1747012650.793363,42,-12,59
1747012650.8283634,-75,39,53
1747012650.8643634,-7,17,57
1747012650.9003634,56,-6,73
1747012650.9363637,-31,-2,-8
1747012650.9723637,14,30,33
1747012651.007363,20,42,103
1747012651.0423634,42,5,31
1747012651.0783634,-5,-30,79
1747012651.1143634,58,-46,79
1747012651.1493633,50,-12,169
1747012651.1853633,-19,-26,69
1747012651.2203634,-41,-2,93
1747012651.2553637,74,-18,65
1747012651.2903633,75,-54,-2
1747012651.326363,-4,-14,-62
1747012651.362363,-14,-87,87
1747012651.3973634,-85,18,73
1747012651.4333634,16,-43,103
1747012651.4683633,-3,-14,109
1747012651.5033634,-12,3,125
1747012651.5383637,-20,19,-12
1747012651.5743637,-20,71,165
1747012651.6103632,0,-11,125
1747012651.645363,27,10,85
1747012651.681363,-8,36,87
1747012651.7163634,2,-42,61
1747012651.7513633,-13,27,-28
1747012651.7863634,2,-78,41
1747012651.8223634,80,-17,1
1747012651.8583634,24,33,-36
1747012651.8933637,-33,13,-16
1747012651.9293633,76,-4,27
1747012651.964363,-19,101,161
1747012651.9993634,-7,11,99
1747012652.0343633,35,34,43
1747012652.0703633,-44,70,109
1747012652.1063633,21,72,-12
1747012652.1413634,71,16,91
1747012652.1773634,-22,2,-14
1747012652.2123632,-52,20,-34
1747012652.247363,21,-35,241
1747012652.2823634,-49,-42,139
1747012652.3183634,-17,5,63
1747012652.3543634,-37,-42,113
1747012652.3893633,-67,107,69
1747012652.4253633,-19,-6,55
1747012652.4603634,52,43,173
1747012652.4953637,-33,-10,-6
1747012652.530363,40,57,127
1747012652.566363,26,-26,39
1747012652.602363,63,-5,-18
1747012652.6373634,1,-45,27
1747012652.6733634,56,-18,125
1747012652.7083633,-87,67,37
1747012652.7433634,94,-95,105
1747012652.7783637,-39,12,23
1747012652.8143632,12,-2,-14
1747012652.8503633,-19,1,101
1747012652.885363,-31,-3,3
1747012652.9213634,3,-41,-16
1747012652.9563634,-79,-16,75
1747012652.9913633,52,1,-44
1747012653.0263634,-29,49,49
1747012653.0623634,26,-2,103
1747012653.0983634,-45,5,-8
1747012653.1333632,24,11,-8
1747012653.1693633,-19,-32,21
1747012653.204363,12,17,19
1747012653.2393634,-21,-10,109
1747012653.2743633,52,37,61
1747012653.3103633,12,-104,133
1747012653.3463633,-53,1,157
1747012653.3813634,82,-14,23
1747012653.4173634,-52,32,133
1747012653.4523633,62,21,-72
1747012653.487363,71,0,5
1747012653.5223634,33,92,29
1747012653.5583634,-42,101,161
1747012653.5943637,26,31,1
1747012653.6293633,-32,36,235
1747012653.6653633,12,-40,11
1747012653.7003634,13,-4,187
1747012653.7353632,10,-56,-8
1747012653.770363,-84,50,49
1747012653.806363,17,78,129
1747012653.8423634,0,46,91
1747012653.8773634,-21,5,109
1747012653.9133637,-19,-4,97
1747012653.9483633,0,-54,51
1747012653.9833634,4,-4,115
1747012654.0183637,-19,79,-32
1747012654.0543633,26,-2,-34
1747012654.0903633,-46,24,67
1747012654.125363,-1,1,65
1747012654.1613634,-36,-29,41
1747012654.1963634,101,14,11
1747012654.2313633,-24,-45,209
1747012654.2673633,35,-25,75
1747012654.3023634,-17,-7,19
1747012654.3383634,34,-113,75
1747012654.3733633,3,-9,28
1747012654.4093633,49,67,-35
1747012654.4443634,127,-62,10
1747012654.4793634,34,26,256
1747012654.5153637,60,40,-17
1747012654.5503633,-11,82,42
1747012654.5863633,120,-37,132
1747012654.6213634,-29,2,-55
1747012654.6573634,-15,36,74
1747012654.6923633,61,7,64
1747012654.727363,-19,-1,136
1747012654.7633634,103,-34,142
1747012654.7983634,23,11,18
1747012654.8343637,29,7,138
1747012654.8693633,33,19,92
1747012654.905363,59,-28,48
1747012654.9403634,-3,86,92
1747012654.9753633,-47,2,152
1747012655.0113633,29,13,36
1747012655.0463634,42,-17,48
1747012655.0823634,46,-7,-49
1747012655.1173637,58,2,30
1747012655.1533637,-47,-57,128
1747012655.1883633,48,14,44
1747012655.2233634,14,-87,194
1747012655.2593634,-46,-58,74
1747012655.2943633,-27,92,-39
1747012655.3303633,107,-20,54
1747012655.3653634,28,26,64
1747012655.4013634,-17,-39,144
1747012655.4363637,-56,-42,98
1747012655.4713633,-2,13,188
1747012655.507363,-60,-38,70
1747012655.5423634,-4,-12,-39
1747012655.5783634,-38,-44,76
1747012655.6133633,55,-14,82
1747012655.6493633,55,-20,94
1747012655.6843634,29,-44,138
1747012655.7193637,1,-22,74
1747012655.7553637,-42,-29,84
1747012655.7903633,-2,-91,70
1747012655.826363,31,-20,134
1747012655.8613634,-16,-28,16
1747012655.8973634,75,55,42
1747012655.9323633,-60,22,50
1747012655.974363,0,-21,54
1747012656.0113633,-44,12,58
1747012656.0463634,-42,44,80
1747012656.0823634,13,-31,-1
1747012656.1173637,-12,-5,30
1747012656.1523633,-6,-49,146
1747012656.1873634,-38,-41,74
1747012656.2233634,-44,16,144
1747012656.2593634,-24,39,108
1747012656.2943633,-84,0,102
1747012656.3303633,10,1,42
1747012656.3653634,-27,81,32
1747012656.4003634,92,-14,96
1747012656.4353633,-18,-68,40
1747012656.4713633,-78,-10,86
1747012656.507363,-98,55,170
1747012656.5423634,17,-12,-5
1747012656.5783634,-46,3,144
1747012656.6133633,47,-70,24
1747012656.6483634,41,13,62
1747012656.6833634,49,-74,198
1747012656.7193637,-24,-92,110
1747012656.7553637,-18,-14,-7
1747012656.7903633,31,-24,-13
1747012656.826363,-38,-18,114
1747012656.8613634,29,32,42
1747012656.8963633,-56,-2,72
1747012656.931363,0,35,70
1747012656.9673634,-32,-44,92
1747012657.0033634,-38,-4,10
1747012657.0383637,-1,11,196
1747012657.0743637,13,-32,178
1747012657.1093633,103,-8,68
1747012657.1443634,2,27,94
1747012657.1793633,-31,-8,-89
1747012657.2153633,-30,-16,94
1747012657.2513633,34,-71,102
1747012657.2863634,19,-24,68
1747012657.3223634,41,21,24
1747012657.3573637,0,12,34
1747012657.3923633,-2,54,118
1747012657.4273634,5,-33,196
1747012657.4633634,3,2,4
1747012657.4993634,-44,-39,24
1747012657.5343633,4,53,106
1747012657.5703633,54,-38,145
1747012657.6053634,26,91,37
1747012657.6403637,-63,1,41
1747012657.6753633,30,22,81
1747012657.7113633,-47,28,108
1747012657.747363,48,-1,0
1747012657.7823634,-29,36,-34
1747012657.8183634,2,22,41
1747012657.8533633,56,-44,-52
1747012657.8883634,62,23,-61
1747012657.9233634,78,52,26
1747012657.9593637,-30,-42,73
1747012657.9953637,51,16,-81
1747012658.030363,-52,-39,73
1747012658.066363,-4,48,105
1747012658.1013634,12,31,70
1747012658.1363633,72,41,-27
1747012658.1713634,28,19,150
1747012658.2073634,16,-9,82
1747012658.2433634,-3,8,77
1747012658.2783637,-8,12,76
1747012658.3143632,36,-9,-22
1747012658.349363,-53,-2,37
1747012658.3843634,82,33,-96
1747012658.4193633,40,-12,77
1747012658.4553633,50,-32,27
1747012658.4913633,-45,-40,37
1747012658.5263634,-1,23,81
1747012658.5623634,-107,37,48
1747012658.5973637,-25,9,214
1747012658.632363,8,51,236
1747012658.6673634,30,-46,106
1747012658.7033634,3,33,88
1747012658.7393634,-13,57,70
1747012658.7743633,120,-28,5
1747012658.8103633,-59,2,241
1747012658.8453634,26,-7,95
1747012658.8803637,6,-49,-22
1747012658.9153633,-11,-9,67
1747012658.951363,32,-9,57
1747012658.987363,39,39,-32
1747012659.0223634,-27,13,-12
1747012659.0583634,-37,-36,127
1747012659.0933633,84,-99,21
1747012659.1283634,-3,14,155
1747012659.1643634,6,6,19
1747012659.1993637,28,33,75
1747012659.2353632,78,63,169
1747012659.270363,70,-15,-32
1747012659.306363,38,-34,-10
1747012659.3413634,30,47,141
1747012659.3763633,-39,15,207
1747012659.4123633,-11,25,129
1747012659.4473634,-7,0,59
1747012659.4833634,24,-2,-52
1747012659.5183637,7,-13,53
1747012659.5543633,-41,-26,31
1747012659.589363,50,8,179
1747012659.6243634,-40,61,81
1747012659.6603634,-58,-10,77
1747012659.6953633,66,-63,117
1747012659.7313633,-3,-32,63
1747012659.7663634,-67,-15,135
1747012659.8023634,71,37,129
1747012659.8373632,-2,-44,15
1747012659.872363,0,-13,67
1747012659.908363,-59,5,47
1747012659.9433634,2,-16,87
1747012659.9793634,0,33,-106
1747012660.0143633,38,89,125
1747012660.0503633,46,-70,87
1747012660.0853634,10,83,65
1747012660.1203637,6,10,81
1747012660.1563632,-7,77,11
1747012660.191363,22,0,143
1747012660.227363,-29,54,87
1747012660.2623634,-19,-9,87
1747012660.2983634,66,-1,-88
1747012660.3333633,44,-65,11
1747012660.3683634,128,-71,13
1747012660.4043634,24,52,-68
1747012660.4393632,-55,-27,63
1747012660.4753633,66,-2,15
1747012660.510363,0,41,17
1747012660.5463634,14,17,141
1747012660.5813634,2,-40,121
1747012660.6163633,46,37,67
1747012660.6523633,-17,31,77
1747012660.6873634,-17,-10,-100
1747012660.7233634,-69,5,173
1747012660.7583632,74,-44,153
1747012660.7943633,42,15,69
1747012660.829363,92,-10,55
1747012660.8643634,2,-16,115
1747012660.9003634,54,0,51
1747012660.9353633,-63,-45,154
1747012660.9713633,-23,33,18
1747012661.0063634,46,9,74
1747012661.0413637,-37,17,94
1747012661.076363,-7,-44,24
1747012661.112363,-33,29,116
1747012661.1483634,26,-45,30
1747012661.1833634,-13,3,114
1747012661.2193637,-1,27,144
1747012661.2543633,26,27,132
1747012661.2893634,88,11,26
1747012661.3243637,-49,79,28
1747012661.3603632,78,-3,42
1747012661.3963633,-18,-53,140
1747012661.431363,42,7,-31
1747012661.4673634,64,15,8
1747012661.5023634,8,21,114
1747012661.5373633,56,7,66
1747012661.5723634,-52,-33,160
1747012661.6083634,8,-136,192
1747012661.6443634,-51,33,72
1747012661.6793633,44,-6,222
1747012661.7153633,48,57,96
1747012661.750363,24,25,60
1747012661.7853634,16,43,10
1747012661.8203633,-63,15,-25
1747012661.8563633,-23,85,-31
1747012661.8923633,36,-30,174
1747012661.9273634,14,-18,2
1747012661.9633634,32,-20,142
1747012661.9983633,-17,97,108
1747012662.033363,30,-60,8
1747012662.0683634,28,-56,38
1747012662.1043634,38,-28,100
1747012662.1403637,6,-19,-19
1747012662.1753633,38,-35,105
1747012662.2113633,-45,-15,85
1747012662.2463634,18,-5,33
1747012662.2813632,75,9,34
1747012662.316363,-33,-18,-95
1747012662.352363,-69,55,-43
1747012662.3883634,-53,26,-61
1747012662.4233634,52,29,-79
1747012662.4593637,12,47,6
1747012662.4943633,-5,-42,-17
1747012662.5293634,-57,5,42
1747012662.5643632,39,-57,114
1747012662.6003633,29,-31,86
1747012662.6363633,67,-48,78
1747012662.6713634,15,9,184
1747012662.7073634,-32,-12,-1
1747012662.7423637,-22,87,60
1747012662.7773633,-20,-28,44
1747012662.8123634,15,-16,70
1747012662.8483634,9,-10,136
1747012662.8843634,70,23,54
1747012662.9193633,-7,-14,86
1747012662.9553633,8,41,42
1747012662.9903634,-50,-19,180
1747012663.0253634,39,10,48
1747012663.0603633,-9,17,20
1747012663.0963633,-14,-13,56
1747012663.132363,51,-20,232
1747012663.1673634,-42,-42,174
1747012663.2033634,27,35,30
1747012663.2383633,26,-54,72
1747012663.2733634,2,-48,94
1747012663.3083634,-31,-34,64
1747012663.3443637,20,-34,46
1747012663.3803637,50,-50,84
1747012663.4153633,42,-30,90
1747012663.451363,-25,81,182
1747012663.4863634,42,25,130
1747012663.5213633,68,5,58
1747012663.556363,-40,-34,-2
1747012663.5923634,50,-25,137
1747012663.6283634,44,-38,-14
1747012663.6633637,-14,47,75
1747012663.6993637,6,23,91
1747012663.7343633,-13,23,50
1747012663.7693634,32,53,90
1747012663.8043633,8,25,73
1747012663.8403633,-1,3,126
1747012663.8763633,36,33,-19
1747012663.9113634,-71,-42,114
1747012663.9473634,-23,-84,144
1747012663.9823637,-1,73,72
1747012664.0173633,28,1,72
1747012664.0523634,-39,0,34
1747012664.0883634,10,20,-15
1747012664.1243634,0,-5,-68
1747012664.1593633,-7,-51,124
1747012664.1953633,-35,56,137
1747012664.2303634,-11,2,87
1747012664.2653637,34,24,27
1747012664.3013637,-23,35,39
1747012664.3363633,-11,-66,59
1747012664.372363,32,10,80
1747012664.4073634,0,1,44
1747012664.4433634,-47,-10,38
1747012664.4783633,-2,-7,88
1747012664.5133634,13,4,58
1747012664.5493634,55,18,56
1747012664.5843637,-48,-3,46
1747012664.6203637,0,8,82
1747012664.655363,18,-9,94
1747012664.691363,86,-34,18
1747012664.7263634,70,-12,66
1747012664.7613633,28,-96,102
1747012664.7973633,-13,106,71
1747012664.8323634,-34,33,19
1747012664.8683634,-46,-8,47
1747012664.9033637,-18,49,-2
1747012664.9393632,-11,39,103
1747012664.974363,29,41,63
1747012665.0093634,80,-2,53
1747012665.0453634,59,-54,97
1747012665.0803633,85,-46,81
1747012665.1163633,-66,3,95
1747012665.1513634,-30,-47,-20
1747012665.1873634,26,13,61
1747012665.2223637,60,3,59
1747012665.257363,9,4,115
1747012665.293363,18,17,91
1747012665.3283634,40,-2,-6
1747012665.3643634,-25,-32,73
1747012665.3993633,-13,1,107
1747012665.4353633,84,-38,163
1747012665.4703634,-85,-20,89
1747012665.5053637,64,-47,-100
1747012665.5413637,58,-13,0
1747012665.576363,-11,-39,62
1747012665.612363,24,18,178
1747012665.6473634,60,32,95
1747012665.6833634,-39,18,139
1747012665.7183633,-7,48,5
1747012665.7533634,-86,21,79
1747012665.7893634,36,-77,53
1747012665.8243637,-49,-31,-23
1747012665.8603632,68,10,-42
1747012665.895363,76,16,75
1747012665.931363,-3,50,100
1747012665.9673634,70,-40,46
1747012666.0093634,-33,34,-45
1747012666.0453634,4,-21,245
1747012666.0813634,-13,16,106
1747012666.1173637,20,-35,157
1747012666.1523633,-19,55,192
1747012666.1883633,-41,-20,13
1747012666.2233634,-83,61,-33
1747012666.2583632,20,-10,135
1747012666.293363,-12,48,54
1747012666.329363,0,14,45
1747012666.3653634,58,-37,51
1747012666.4003634,-21,-43,107
1747012666.4363637,-39,68,147
1747012666.4713633,72,48,99
1747012666.5063634,26,2,79
1747012666.5413637,-24,-58,17
1747012666.5773633,-6,30,47
1747012666.6133633,43,-30,-70
1747012666.6483634,77,71,13
1747012666.6843634,-8,-26,35
1747012666.7193637,-50,-30,83
1747012666.7543633,-80,-22,89
1747012666.7893634,23,-55,107
1747012666.8253634,-12,18,61
1747012666.8613634,-9,-18,35
1747012666.8963633,46,11,59
1747012666.9323633,36,73,91
1747012666.9673634,71,-18,149
1747012667.0023634,7,9,11
1747012667.0373633,-24,7,115
1747012667.0733633,-51,-29,-8
1747012667.1093633,-48,0,153
1747012667.1443634,5,-45,63
1747012667.1803634,123,10,-46
1747012667.2153633,79,-38,-30
1747012667.250363,3,-16,58
1747012667.2853634,6,-40,70
1747012667.3213634,52,93,102
1747012667.3573637,76,-53,-39
1747012667.3923633,24,-38,16
1747012667.428363,-43,89,220
1747012667.4633634,-15,53,88
1747012667.4983633,64,20,80
1747012667.533363,2,-11,88
1747012667.5693634,20,-53,24
1747012667.6053634,-131,-52,-13
1747012667.6403637,-25,65,-1
1747012667.6763637,-19,-15,138
1747012667.7113633,-117,-5,32
1747012667.7463634,54,-41,174
1747012667.7813632,80,41,120
1747012667.8173633,-29,-50,-32
1747012667.8533633,23,26,64
1747012667.8883634,-13,-24,-9
1747012667.9243634,-27,83,82
1747012667.9593637,133,-35,116
1747012667.9943633,66,-64,24
1747012668.0293634,31,8,70
1747012668.0653634,-10,60,72
1747012668.1013634,22,83,114
1747012668.1363633,40,-38,-49
1747012668.1723633,99,-47,100
1747012668.2073634,3,48,62
1747012668.2423637,-8,-14,96
1747012668.2773633,38,37,144
1747012668.3133633,-41,38,70
1747012668.349363,0,-22,190
1747012668.3843634,23,-24,-23
1747012668.4203634,-20,-8,124
1747012668.4553633,21,-22,162
1747012668.4903634,-22,24,-11
1747012668.5253634,58,-21,58
1747012668.5613637,38,22,56
1747012668.5973637,40,66,48
1747012668.632363,13,-46,76
1747012668.668363,55,-12,48
1747012668.7033634,20,8,108
1747012668.7383633,-14,35,122
1747012668.7733634,-30,3,0
1747012668.8093634,-50,-72,156
1747012668.8453634,48,46,96
1747012668.8803637,18,-35,107
1747012668.9163637,50,18,10
1747012668.951363,-29,16,119
1747012668.9863634,-92,71,-14
1747012669.0213633,12,18,77
1747012669.0573633,-63,46,97
1747012669.0933633,-75,54,15
1747012669.1283634,65,-38,62
1747012669.1643634,33,-126,34
1747012669.1993637,-9,-23,108
1747012669.2343633,-14,36,42
1747012669.270363,-1,-49,108
1747012669.3053634,54,10,-41
1747012669.3413634,-63,-31,48
1747012669.3763633,-7,-11,108
1747012669.4123633,-27,80,60
1747012669.4473634,60,-21,130
1747012669.4823637,38,-27,-15
1747012669.5183637,63,-84,132
1747012669.553363,-14,0,72
1747012669.589363,5,34,70
1747012669.6243634,-44,5,50
1747012669.6603634,83,-38,194
1747012669.6953633,-8,-1,156
1747012669.7303634,94,-11,38
1747012669.7663634,-4,0,74
1747012669.8013637,-27,12,40
1747012669.8373632,-2,-45,-47
1747012669.872363,97,20,-5
1747012669.908363,-20,48,66
1747012669.9433634,51,26,210
1747012669.9783633,-33,-17,62
1747012670.0143633,-39,-43,91
1747012670.0493634,-13,-29,121
1747012670.0853634,88,-13,176
1747012670.1203637,-6,-48,-3
1747012670.1563632,-22,23,132
1747012670.191363,-4,-4,192
1747012670.2263634,3,-36,120
1747012670.2623634,-30,9,176
1747012670.2973633,19,-32,72
1747012670.3333633,-12,45,86
1747012670.3683634,19,-18,51
1747012670.4043634,39,59,12
1747012670.4393632,-4,-34,100
1747012670.474363,47,41,122
1747012670.510363,-18,-20,74
1747012670.5453634,-76,89,42
1747012670.5813634,9,-12,19
1747012670.6163633,13,-30,131
1747012670.6513634,47,-14,93
1747012670.6863637,-47,-95,-40
1747012670.7223637,-32,-27,145
1747012670.7583632,9,-11,147
1747012670.793363,19,-19,151
1747012670.829363,-22,-69,133
1747012670.8643634,91,20,139
1747012670.9003634,-3,-79,71
1747012670.9353633,34,12,147
1747012670.9703634,34,-38,92
1747012671.0063634,10,33,128
1747012671.0413637,-12,-73,138
1747012671.0773633,22,59,58
1747012671.112363,-32,2,60
1747012671.1473634,12,-38,68
1747012671.1823633,-14,30,68
1747012671.2183633,17,44,110
1747012671.2543633,100,16,72
1747012671.2893634,-111,-42,104
1747012671.3253634,44,0,186
1747012671.3603632,-9,25,160
1747012671.395363,-41,-3,124
1747012671.4303634,-47,0,16
1747012671.4663634,2,51,82
1747012671.5023634,-51,-64,104
1747012671.5373633,3,-69,178
1747012671.5733633,-18,26,222
1747012671.6083634,9,-49,131
1747012671.6433637,54,-43,151
1747012671.678363,-63,-1,155
1747012671.714363,-47,30,99
1747012671.750363,68,-27,139
1747012671.7853634,58,22,73
1747012671.8213634,-13,-83,25
1747012671.8563633,-45,-39,133
1747012671.8913634,-41,8,76
1747012671.9263637,64,62,78
1747012671.9623632,60,7,16
1747012671.9983633,77,32,104
1747012672.033363,1,36,-17
1747012672.0693634,-1,-52,188
1747012672.1043634,-12,24,136
1747012672.1393633,-22,-3,62
1747012672.1743634,41,-1,0
1747012672.2103634,-16,8,96
1747012672.2463634,63,6,86
1747012672.2813632,-14,6,38
1747012672.3173633,-72,-59,48
1747012672.352363,0,2,72
1747012672.3873634,30,25,48
1747012672.4223633,5,32,38
1747012672.4583633,-99,-10,60
1747012672.4943633,34,-54,2
1747012672.5293634,-57,-19,67
1747012672.5653634,-57,-23,7
1747012672.6003633,54,0,17
1747012672.635363,52,-21,85
1747012672.6703634,-3,-3,109
1747012672.7063634,56,-47,63
1747012672.7423637,-25,-51,33
1747012672.7773633,-35,-15,47
1747012672.8133633,-99,98,113
1747012672.8483634,8,-11,139
1747012672.8833632,7,-67,-12
1747012672.918363,21,13,109
1747012672.954363,-27,-47,57
1747012672.9903634,28,8,101
1747012673.0253634,61,8,77
1747012673.0613637,46,8,155
1747012673.0963633,-71,60,7
1747012673.1313634,67,-44,-18
1747012673.1663637,59,-24,147
1747012673.2023633,-57,-14,153
1747012673.2383633,-1,-12,127
1747012673.2733634,-29,0,-2
1747012673.3093634,-19,22,169
1747012673.3443637,97,-41,63
1747012673.3793633,50,-55,-26
1747012673.4143634,10,10,61
1747012673.4503634,-7,-27,-52
1747012673.4863634,60,28,-4
1747012673.5213633,8,34,-12
1747012673.5573633,43,-49,201
1747012673.5923634,-2,36,225
1747012673.6273634,-20,-31,-20
1747012673.6623633,38,-26,-128
1747012673.6983633,2,71,151
1747012673.7343633,-3,41,47
1747012673.7693634,58,-28,35
1747012673.8053634,32,-38,57
1747012673.8403633,60,35,31
1747012673.875363,76,29,103
1747012673.9103634,18,3,205
1747012673.9463634,2,1,-96
1747012673.9823637,-39,62,155
1747012674.0173633,-74,35,30
1747012674.053363,146,54,202
1747012674.0883634,-35,-2,112
1747012674.1233633,67,-28,95
1747012674.158363,-8,-18,36
1747012674.1943634,-48,-10,216
1747012674.2303634,9,-94,121
1747012674.2653637,-25,-19,21
1747012674.3013637,22,-13,243
1747012674.3363633,-17,-10,161
1747012674.3713634,58,-29,104
1747012674.4073634,16,-5,6
1747012674.4423633,-5,10,-3
1747012674.4783633,22,22,116
1747012674.5133634,36,-19,22
1747012674.5493634,-1,-22,132
1747012674.5843637,-73,-68,122
1747012674.6193633,-7,37,28
1747012674.655363,-57,12,104
1747012674.6903634,-65,24,167
1747012674.7263634,-89,-18,122
1747012674.7613633,-31,99,172
1747012674.7973633,-25,-27,84
1747012674.8323634,-47,50,-13
1747012674.8673637,-5,79,48
1747012674.9033637,104,3,28
1747012674.9383633,-7,4,144
1747012674.974363,-21,-44,18
1747012675.0093634,-11,26,60
1747012675.0453634,-7,-9,14
1747012675.0803633,-45,10,46
1747012675.1153634,-2,19,-9
1747012675.1513634,-34,-6,48
1747012675.1863637,1,-32,108
1747012675.2223637,34,51,154
1747012675.257363,24,-76,146
1747012675.293363,-57,37,98
1747012675.3283634,74,-52,60
1747012675.3633633,-11,65,-75
1747012675.3993633,-34,-26,62
1747012675.4343634,1,-64,110
1747012675.4703634,11,-2,12
1747012675.5053637,-94,13,66
1747012675.5413637,-36,-37,102
1747012675.576363,-2,-11,136
1747012675.6113634,-55,-49,110
1747012675.6473634,10,52,-11
1747012675.6823633,36,-34,60
1747012675.7183633,34,-11,30
1747012675.7533634,82,32,180
1747012675.7893634,8,53,54
1747012675.8243637,-35,30,96
1747012675.8593633,-51,-35,76
1747012675.895363,-69,-31,80
1747012675.9303634,-41,-17,102
1747012675.9663634,-58,-18,158
1747012676.0013633,-6,-8,238
1747012676.043363,-40,41,84
1747012676.079363,91,-40,-93
1747012676.1153634,45,-52,128
1747012676.1513634,25,33,150
1747012676.1863637,-13,-49,182
1747012676.2223637,-53,-48,108
1747012676.257363,32,39,42
1747012676.293363,10,51,-11
1747012676.329363,140,59,78
1747012676.3643634,-25,-64,192
1747012676.3993633,18,1,66
1747012676.4353633,-47,-64,62
1747012676.4713633,37,-16,54
1747012676.5063634,-29,-70,-11
1747012676.5423634,22,-65,108
1747012676.5773633,-35,-20,24
1747012676.612363,-57,9,136
1747012676.6473634,-29,70,102
1747012676.6833634,-53,46,-59
1747012676.7193637,58,2,-28
1747012676.7543633,-43,-45,48
1747012676.7903633,-28,-35,3
1747012676.8253634,23,62,127
1747012676.8603632,-2,-86,19
1747012676.895363,-10,-58,79
1747012676.931363,-8,67,-100
1747012676.9673634,-66,-36,99
1747012677.0023634,15,-14,65
1747012677.0383637,83,-2,59
1747012677.0733633,85,37,39
1747012677.1083634,71,82,74
1747012677.1433637,36,-13,-11
1747012677.1793633,-21,-33,64
1747012677.2153633,28,-9,68
1747012677.250363,30,-19,30
1747012677.2863634,18,-13,22
1747012677.3213634,-25,-53,156
1747012677.3563633,-3,-15,8
1747012677.3913634,21,26,108
1747012677.4273634,-6,-17,134
1747012677.4633634,-22,14,110
1747012677.4983633,53,10,104
1747012677.5343633,-13,-18,42
1747012677.5693634,75,-57,8
1747012677.6043634,-36,-79,20
1747012677.6393633,25,-1,-23
1747012677.6753633,4,0,84
1747012677.7113633,42,7,46
1747012677.7463634,-10,0,126
1747012677.7823634,37,-21,74
1747012677.8173633,-24,6,105
1747012677.852363,45,-35,-46
1747012677.8873634,20,94,27
1747012677.9233634,8,-25,105
1747012677.9593637,-18,-51,-60
1747012677.9943633,-37,0,51
1747012678.030363,-19,-2,33
1747012678.0653634,-15,-13,-46
1747012678.1003633,-33,26,-18
1747012678.135363,-57,49,175
1747012678.1713634,-103,-32,67
1747012678.2073634,-45,3,133
1747012678.2423637,2,11,75
1747012678.2783637,60,-18,101
1747012678.3133633,-28,37,21
1747012678.3483634,-30,-36,109
1747012678.3833632,23,6,153
1747012678.4193633,-35,-25,89
1747012678.4553633,61,-7,85
1747012678.4903634,103,-19,-50
1747012678.5263634,-22,-1,13
1747012678.5613637,13,104,89
1747012678.5963633,-42,15,91
1747012678.6313634,-10,-8,43
1747012678.6673634,-6,-8,89
1747012678.7033634,-54,-54,121
1747012678.7383633,-8,45,21
1747012678.7743633,49,-66,65
1747012678.8093634,-30,75,-4
1747012678.8443637,-28,45,7
1747012678.8793633,-4,-4,27
1747012678.9153633,23,17,51
1747012678.951363,-22,50,-14
1747012678.9863634,65,-5,81
1747012679.0223634,83,-8,35
1747012679.0573633,-56,51,173
1747012679.0923634,0,75,67
1747012679.1273634,-36,-48,67
1747012679.1633637,90,-35,53
1747012679.1993637,36,4,81
1747012679.2343633,18,30,171
1747012679.270363,62,22,59
1747012679.3053634,26,-33,103
1747012679.3403633,52,-39,51
1747012679.375363,44,-57,89
1747012679.4113634,-95,-25,-42
1747012679.4473634,-17,10,133
1747012679.4823637,18,8,63
1747012679.5183637,-14,45,131
1747012679.553363,67,19,75
1747012679.5883634,-34,0,-6
1747012679.6243634,-36,29,-18
1747012679.6593633,-52,-43,43
1747012679.6953633,-44,62,73
1747012679.7303634,0,0,87
1747012679.7663634,57,54,77
1747012679.8013637,-98,10,37
1747012679.8363633,-8,25,213
1747012679.872363,105,-28,11
1747012679.9073634,20,54,135
1747012679.9433634,66,-3,-12
1747012679.9783633,-5,38,9
1747012680.0143633,15,61,79
1747012680.0493634,-8,-42,-4
1747012680.0843637,-16,19,115
1747012680.1203637,-88,39,147
1747012680.155363,-18,-12,116
1747012680.191363,-38,23,-46
1747012680.2263634,51,11,125
1747012680.2623634,-18,-46,63
1747012680.2983634,85,-10,-9
1747012680.3343637,-73,-37,120
1747012680.3693633,22,-15,142
1747012680.4043634,-91,46,48
1747012680.4403634,-15,-5,110
1747012680.4753633,-44,-27,-3
1747012680.5113633,-12,13,-33
1747012680.5463634,-48,43,43
1747012680.5823634,-22,-2,5
1747012680.6173637,-32,-14,158
1747012680.6523633,11,22,42
1747012680.6883633,-74,-53,90
1747012680.7233634,7,-13,21
1747012680.7593634,16,25,-1
1747012680.7943633,-38,20,71
1747012680.8303633,65,-2,157
1747012680.8653634,-7,8,98
1747012680.9003634,-44,-31,-61
1747012680.9363637,0,54,-51
1747012680.9713633,-76,-11,254
1747012681.007363,59,24,66
1747012681.0423634,-58,-43,60
1747012681.0783634,97,2,66
1747012681.1133633,-42,-75,32
1747012681.1483634,-17,-26,68
1747012681.1843634,74,-26,144
1747012681.2193637,38,125,76
1747012681.2553637,-21,-4,196
1747012681.2903633,18,55,170
1747012681.326363,-36,-2,38
1747012681.362363,83,0,-43
1747012681.3973634,89,29,90
1747012681.4323633,-46,-12,54
1747012681.4683633,-62,111,108
1747012681.5043633,-38,-4,78
1747012681.5393634,39,25,-11
1747012681.5753634,4,25,118
1747012681.6103632,17,-10,154
1747012681.645363,-60,31,26
1747012681.6803634,27,-46,38
1747012681.7163634,-50,63,-15
1747012681.7523634,-36,-1,46
1747012681.7873633,-24,-17,110
1747012681.8233633,113,42,-7
1747012681.8583634,-81,-28,110
1747012681.8933637,8,1,-1
1747012681.928363,8,19,94
1747012681.964363,30,37,98
1747012682.000363,-91,80,40
1747012682.0353634,-19,8,116
1747012682.0713634,18,-24,126
1747012682.1063633,-8,-46,10
1747012682.1413634,56,14,76
1747012682.1763637,20,-45,150
1747012682.2123632,-27,61,50
1747012682.2483633,-41,6,76
1747012682.283363,-19,-4,86
1747012682.3193634,0,-1,124
1747012682.3543634,0,-19,104
1747012682.3893633,-57,-3,88
1747012682.4243634,124,23,100
1747012682.4603634,22,-60,156
1747012682.4963634,-61,30,-19
1747012682.5313632,-5,-22,108
1747012682.5673633,52,-28,24
1747012682.602363,58,51,18
1747012682.6373634,30,-42,48
1747012682.6723633,6,-12,48
1747012682.7083633,48,-12,4
1747012682.7443633,18,-18,30
1747012682.7793634,24,27,90
1747012682.8153634,-1,-24,175
1747012682.8503633,20,1,-32
1747012682.885363,18,-38,-44
1747012682.9203634,47,7,-50
1747012682.9563634,-73,93,95
1747012682.9923637,54,31,53
1747012683.0273633,-39,47,75
1747012683.0633633,-17,0,4
1747012683.0983634,-21,11,66
1747012683.1333632,-55,55,88
1747012683.168363,26,-4,60
1747012683.204363,-95,11,30
1747012683.2403634,151,102,86
1747012683.2753634,4,1,164
1747012683.3113637,-21,-6,76
1747012683.3463633,-3,-36,-41
1747012683.3813634,27,4,20
1747012683.4163637,40,39,-3
1747012683.4523633,36,1,-3
1747012683.4883633,-9,58,24
1747012683.5233634,-13,48,58
1747012683.5593634,-7,-33,60
1747012683.5943637,-31,-1,82
1747012683.6293633,12,-15,36
1747012683.6643634,35,-37,4
1747012683.7003634,-49,18,126
1747012683.7363634,52,-31,50
1747012683.7713633,120,-7,80
1747012683.8073633,-45,-9,130
1747012683.8423634,-21,-5,86
1747012683.8773634,-82,-51,168
1747012683.9123633,-1,34,178
1747012683.9483633,14,1,96
1747012683.9843633,34,-42,130
1747012684.0193634,-7,13,98
1747012684.0553634,74,17,80
1747012684.0903633,36,143,66
1747012684.125363,40,0,112
1747012684.1603634,-49,-30,69
1747012684.1963634,-53,-8,51
1747012684.2323637,-23,30,91
1747012684.2673633,68,-87,15
1747012684.303363,-25,-6,97
1747012684.3383634,-11,-12,-90
1747012684.3733633,16,24,5
1747012684.408363,-53,12,109
1747012684.4443634,9,-49,45
1747012684.4803634,-15,-21,119
1747012684.5153637,-43,72,107
1747012684.5513637,-35,80,107
1747012684.5863633,34,6,313
1747012684.6213634,-1,-7,69
1747012684.6573634,-85,12,81
1747012684.6923633,-57,-7,0
1747012684.7283633,-53,14,107
1747012684.7633634,63,66,23
1747012684.7993634,99,50,49
1747012684.8343637,-15,-47,-24
1747012684.8693633,38,4,65
1747012684.905363,8,-9,1
1747012684.9403634,-19,10,75
1747012684.9763634,-86,-26,157
1747012685.0113633,-10,-28,71
1747012685.0473633,57,49,-24
1747012685.0823634,53,-58,61
1747012685.1173637,17,17,123
1747012685.1533637,101,-54,25
1747012685.1883633,-18,-52,19
1747012685.224363,-10,-8,111
1747012685.2593634,24,35,27
1747012685.2953634,-4,-47,129
1747012685.3303633,47,6,19
1747012685.3653634,-96,-18,111
1747012685.4013634,2,-48,27
1747012685.4363637,-9,-32,43
1747012685.4723637,-3,7,91
1747012685.507363,53,29,165
1747012685.543363,-34,-56,51
1747012685.5783634,21,27,41
1747012685.6133633,13,-13,75
1747012685.6493633,5,-41,153
1747012685.6843634,-30,-123,24
1747012685.7203634,19,0,56
1747012685.7553637,-19,-38,0
1747012685.7913637,0,-32,62
1747012685.826363,5,-61,-1
1747012685.8613634,53,0,30
1747012685.8973634,0,-37,54
1747012685.9323633,69,14,40
1747012685.9683633,85,-43,30
1747012686.0033634,49,-83,24
1747012686.0453634,-2,-77,186
1747012686.0813634,-30,-4,138
1747012686.1173637,53,-2,102
1747012686.1533637,-30,0,110
1747012686.1883633,-11,23,64
1747012686.224363,-40,-2,64
1747012686.2593634,-66,-6,46
1747012686.2953634,55,19,84
1747012686.3303633,-48,0,-12
1747012686.3653634,7,57,87
1747012686.4013634,33,-32,9
1747012686.4363637,5,8,77
1747012686.4723637,25,-19,141
1747012686.507363,31,-1,-16
1747012686.5423634,73,-39,181
1747012686.5773633,21,-8,40
1747012686.6133633,69,-25,66
1747012686.6493633,-6,-25,-15
1747012686.6843634,21,2,66
1747012686.7203634,-14,2,84
1747012686.7553637,22,49,110
1747012686.7903633,-1,3,150
1747012686.8253634,-50,0,144
1747012686.8613634,7,33,4
1747012686.8973634,-34,-6,98
1747012686.9323633,25,11,36
1747012686.9683633,7,-20,172
1747012687.0033634,-36,-2,126
1747012687.0383637,17,-17,76
1747012687.0733633,34,-42,108
1747012687.1093633,-10,0,11
1747012687.145363,31,-18,146
1747012687.1803634,-62,55,4
1747012687.2163634,87,-66,10
1747012687.2513633,-27,4,186
1747012687.2863634,-68,51,114
1747012687.3213634,16,-37,28
1747012687.3573637,-16,74,120
1747012687.3933637,-11,36,30
1747012687.428363,-23,4,58
1747012687.464363,51,0,70
1747012687.4993634,28,-5,6
1747012687.5343633,20,2,64
1747012687.5693634,-121,12,32
1747012687.6053634,7,9,70
1747012687.6413634,42,8,114
1747012687.6763637,7,25,-7
1747012687.7123632,-38,-106,48
1747012687.747363,-44,79,46
1747012687.7823634,-84,67,16
1747012687.8173633,-10,-42,100
1747012687.8533633,47,-48,108
1747012687.8893633,15,15,206
1747012687.9243634,43,7,-7
1747012687.9603634,75,-16,100
1747012687.9953637,65,3,146
1747012688.030363,21,-3,100
1747012688.0653634,-1,-3,58
1747012688.1013634,-6,30,30
1747012688.1373634,0,34,46
1747012688.1723633,-38,37,11
1747012688.2083633,7,-80,179
1747012688.2433634,65,77,-70
1747012688.2783637,41,-40,79
1747012688.3133633,20,-5,63
1747012688.349363,-53,25,-6
1747012688.385363,-25,-30,159
1747012688.4203634,-5,17,-4
1747012688.4563634,-9,7,159
1747012688.4913633,-60,3,25
1747012688.5263634,-82,83,23
1747012688.5613637,73,-13,20
1747012688.5973637,-54,16,99
1747012688.6333632,57,2,128
1747012688.668363,10,4,30
1747012688.704363,1,82,152
1747012688.7393634,24,19,94
1747012688.7743633,-47,13,62
1747012688.8093634,20,-24,74
1747012688.8453634,27,-8,72
1747012688.8813634,-15,71,147
1747012688.9163637,94,-29,127
1747012688.9523633,29,-41,3
1747012688.987363,6,-41,107
1747012689.0223634,4,-61,77
1747012689.0573633,-46,-28,-44
1747012689.0933633,65,-64,153
1747012689.1293633,107,-4,31
1747012689.1643634,0,13,65
1747012689.2003634,3,-70,61
1747012689.2353632,13,21,95
1747012689.270363,105,-126,237
1747012689.3053634,2,44,137
1747012689.3413634,6,-17,55
1747012689.3773634,15,-59,73
1747012689.4123633,1,-60,-46
1747012689.4483633,47,45,24
1747012689.4833634,33,-18,116
1747012689.5183637,-124,37,28
1747012689.553363,26,6,128
1747012689.589363,64,14,174
1747012689.625363,17,-22,10
1747012689.6603634,10,70,18
1747012689.6963634,-42,19,-35
1747012689.7313633,-22,59,62
1747012689.7663634,-1,-32,144
1747012689.8023634,7,-1,40
1747012689.8373632,-48,68,6
1747012689.8733633,87,-10,24
1747012689.908363,29,35,74
1747012689.9443634,19,-28,64
1747012689.9793634,27,15,52
1747012690.0143633,25,65,44
1747012690.0503633,-44,-56,92
1747012690.0853634,1,51,32
1747012690.1213634,-7,-47,94
1747012690.1563632,-35,-9,112
1747012690.1923633,73,-24,86
1747012690.227363,7,-6,-33
1747012690.2623634,-78,41,50
1747012690.2983634,25,-13,34
1747012690.3333633,-48,-14,24
1747012690.3693633,-8,7,40
1747012690.4043634,-46,-11,-75
1747012690.4403634,-70,-47,104
1747012690.4753633,-65,-3,34
1747012690.510363,-39,-47,40
1747012690.5463634,22,-7,128
1747012690.5813634,6,-21,72
1747012690.6173637,-23,10,104
1747012690.6523633,15,44,170
1747012690.6883633,74,-20,121
1747012690.7233634,-99,-54,179
1747012690.7583632,2,59,63
1747012690.7943633,-7,-47,-12
1747012690.829363,-109,-37,43
1747012690.8653634,46,-56,-4
1747012690.9003634,-33,-15,25
1747012690.9363637,-51,-39,93
1747012690.9713633,-33,-1,1
1747012691.0063634,-75,-51,67
1747012691.0423634,-13,-9,6
1747012691.0773633,-11,-11,59
1747012691.1133633,38,36,-39
1747012691.1483634,18,0,-25
1747012691.1843634,26,62,92
1747012691.2193637,78,17,88
1747012691.2543633,-59,113,162
1747012691.2903633,112,-4,144
1747012691.3253634,25,-29,120
1747012691.3613634,43,33,176
1747012691.3963633,-60,25,82
1747012691.4323633,10,-20,44
1747012691.4683633,-3,-34,-17
1747012691.5043633,34,11,14
1747012691.5403633,-13,91,2
1747012691.5753634,76,-2,3
1747012691.6103632,-6,23,-63
1747012691.6463633,25,-21,78
1747012691.6823633,-11,3,70
1747012691.7173634,62,-36,203
1747012691.7533634,-43,-24,79
1747012691.7883637,-25,60,-142
1747012691.8233633,-59,-37,71
1747012691.8583634,-27,-55,41
1747012691.8943634,-51,-13,-16
1747012691.9303634,60,8,177
1747012691.9653633,16,19,-48
1747012692.0013633,54,15,23
1747012692.0363634,-43,19,17
1747012692.0713634,78,5,-90
1747012692.1063633,44,-11,117
1747012692.1423633,-19,-37,14
1747012692.178363,12,10,5
1747012692.2133634,48,-7,-6
1747012692.2493634,-31,16,50
1747012692.2843633,-5,36,118
1747012692.3193634,5,-58,158
1747012692.3543634,-39,-81,46
1747012692.3903637,-23,48,6
1747012692.4263637,13,23,108
1747012692.4613633,63,-62,101
1747012692.497363,12,-45,152
1747012692.5323634,2,4,154
1747012692.5673633,-71,24,-7
1747012692.602363,-11,8,118
1747012692.6383634,-23,-74,245
1747012692.6743634,36,-34,91
1747012692.7093637,-27,33,163
1747012692.7453637,-31,33,17
1747012692.780363,39,30,157
1747012692.8153634,94,-30,133
1747012692.8503633,-96,58,-42
1747012692.8863633,51,-25,-40
1747012692.9223633,-32,26,183
1747012692.9573634,78,34,41
1747012692.9933634,0,-27,33
1747012693.0283637,-31,-61,155
1747012693.0633633,32,-19,123
1747012693.0983634,-9,10,37
1747012693.1343634,16,36,115
1747012693.1703634,0,-19,47
1747012693.2053633,17,15,99
1747012693.2413633,-44,61,227
1747012693.2763634,106,78,25
1747012693.3113637,-53,23,117
1747012693.3463633,52,43,-4
1747012693.382363,-31,-4,-38
1747012693.418363,41,89,103
1747012693.4533634,58,-39,9
1747012693.4893634,54,-83,101
1747012693.5243633,-19,50,-28
1747012693.5593634,-23,-24,163
1747012693.5943637,-24,32,79
1747012693.6303637,-23,29,61
1747012693.6663637,-17,-32,161
1747012693.701363,-57,-46,57
1747012693.737363,-3,-24,59
1747012693.7723634,-35,-16,-18
1747012693.8073633,20,-2,151
1747012693.8423634,10,16,151
1747012693.8783634,38,-35,31
1747012693.9143634,-49,-1,113
1747012693.9493637,40,-27,69
1747012693.9853632,-41,32,103
1747012694.020363,-49,62,75
1747012694.0553634,2,18,-96
1747012694.0903633,7,8,109
1747012694.1263633,-48,-3,103
1747012694.1623633,-62,-28,97
1747012694.1973634,-27,58,5
1747012694.2333634,74,38,-22
1747012694.2683637,36,-21,41
1747012694.303363,-47,-46,77
1747012694.3383634,-33,3,113
1747012694.3743634,-31,-22,67
1747012694.4103634,-25,0,55
1747012694.4453633,-3,-22,103
1747012694.4813633,-30,68,119
1747012694.5163634,-51,-59,27
1747012694.5513637,-118,-65,33
1747012694.5863633,7,56,23
1747012694.622363,22,-3,67
1747012694.658363,51,-2,133
1747012694.6933634,35,-54,-68
1747012694.7293634,13,57,41
1747012694.7643633,-124,4,97
1747012694.7993634,-2,-17,73
1747012694.8353634,47,-59,25
1747012694.8703637,111,47,125
1747012694.9063632,57,49,141
1747012694.941363,21,-8,17
1747012694.977363,49,-16,155
1747012695.0123634,71,13,119
1747012695.0473633,37,1,57
1747012695.0833633,44,-2,149
1747012695.1183634,-31,11,113
1747012695.1543634,38,31,25
1747012695.1893632,-15,81,51
1747012695.2253633,-36,-18,109
1747012695.260363,23,45,91
1747012695.2953634,33,5,229
1747012695.3313634,-62,-24,35
1747012695.3663633,59,-24,49
1747012695.4023633,13,-26,73
1747012695.4373634,-42,9,75
1747012695.4733634,11,-52,69
1747012695.5083632,34,-43,80
1747012695.543363,110,-12,26
1747012695.579363,10,21,-29
1747012695.6143634,2,-40,56
1747012695.6503634,-41,-71,92
1747012695.6853633,-5,84,204
1747012695.7213633,103,-1,56
1747012695.7563634,21,25,43
1747012695.7913637,-10,43,29
1747012695.8273633,43,-34,54
1747012695.862363,-3,26,36
1747012695.8983634,19,127,56
1747012695.9333634,103,-18,90
1747012695.9693637,-59,-43,176
1747012696.0043633,-21,58,26
1747012696.0463634,38,-62,150
1747012696.0833633,116,70,-11
1747012696.1183634,107,-13,82
1747012696.1543634,23,-35,8
1747012696.1893632,63,14,44
1747012696.2253633,13,8,188
1747012696.260363,46,-27,176
1747012696.2953634,-37,14,-77
1747012696.3313634,42,0,154
1747012696.3663633,54,-1,56
1747012696.4023633,-58,-79,98
1747012696.4373634,148,50,-13
1747012696.4733634,2,-23,224
1747012696.5083632,-24,-6,30
1747012696.543363,75,-40,-57
1747012696.579363,53,-64,100
1747012696.6143634,-3,32,150
1747012696.6503634,-46,-4,160
1747012696.6853633,1,12,54
1747012696.7203634,0,9,144
1747012696.7553637,35,-17,20
1747012696.7913637,101,-20,14
1747012696.8273633,33,7,80
1747012696.862363,-14,-82,96
1747012696.8983634,72,30,54
1747012696.9333634,36,-33,-21
1747012696.9683633,-9,48,114
1747012697.0033634,-31,-11,191
1747012697.0393634,-61,53,145
1747012697.0753634,56,-58,115
1747012697.1103632,88,61,73
1747012697.1463633,74,31,111
1747012697.181363,20,-30,-22
1747012697.2163634,-43,57,47
1747012697.2513633,-61,29,162
1747012697.2873633,24,41,255
1747012697.3233633,4,-2,-7
1747012697.3583634,-83,-7,54
1747012697.3943634,0,0,158
1747012697.4293633,-20,42,57
1747012697.464363,43,34,0
1747012697.4993634,36,30,7
1747012697.5353634,20,89,123
1747012697.5713634,62,59,203
1747012697.6063633,-49,-58,119
1747012697.6423633,-15,23,111
1747012697.6773634,-21,-14,183
1747012697.7123632,34,49,79
1747012697.747363,-1,-68,79
1747012697.783363,92,-38,183
1747012697.8193634,-11,-10,-30
1747012697.8543634,-7,-70,73
1747012697.8903637,12,-38,61
1747012697.9253633,62,21,21
1747012697.9603634,6,-50,79
1747012697.9953637,-29,89,65
1747012698.0313632,-7,-44,96
1747012698.0673633,-16,-34,86
1747012698.102363,53,33,120
1747012698.1383634,31,7,-21
1747012698.1733634,9,0,-85
1747012698.2083633,17,-20,38
1747012698.2433634,-25,0,-9
1747012698.2793634,-19,-3,24
1747012698.3153634,20,14,58
1747012698.3503633,-1,60,88
1747012698.3863633,57,-11,62
1747012698.4213634,-57,-62,2
1747012698.4563634,-25,33,114
1747012698.4913633,28,-25,48
1747012698.5273633,-55,6,88
1747012698.5633633,16,-12,56
1747012698.5983634,36,-22,58
1747012698.6343634,94,38,6
1747012698.6693633,65,-46,57
1747012698.704363,-39,-6,7
1747012698.7393634,50,-18,20
1747012698.7753634,22,35,34
1747012698.8113637,10,5,22
1747012698.8463633,-59,-1,169
1747012698.882363,36,-41,59
1747012698.9173634,0,-46,49
1747012698.9523633,26,-30,-20
1747012698.987363,-43,62,147
1747012699.0233634,10,-21,49
1747012699.0593634,18,-51,121
1747012699.0943637,84,-43,37
1747012699.1303637,11,45,199
1747012699.1653633,37,-16,151
1747012699.2003634,43,17,129
1747012699.2353632,27,0,161
1747012699.2713633,61,-2,159
1747012699.3073633,19,38,-36
1747012699.3423634,35,36,-30
1747012699.3783634,-30,3,159
1747012699.4133637,27,47,31
1747012699.4483633,-38,-18,57
1747012699.4833634,-16,-19,79
1747012699.5193634,41,-66,105
1747012699.5553634,-90,37,29
1747012699.5903633,-2,-10,111
1747012699.6263633,3,10,163
1747012699.6613634,-6,-26,-4
1747012699.6963634,-7,-62,125
1747012699.7313633,24,-10,129
1747012699.7673633,69,-42,119
1747012699.803363,51,-68,27
1747012699.8383634,-12,-16,47
1747012699.8743634,62,21,55
1747012699.9093633,-53,-9,143
1747012699.9443634,38,-9,41
1747012699.9803634,0,-30,119
1747012700.0153637,-49,20,97
1747012700.0513637,36,-75,41
1747012700.0863633,-83,46,47
1747012700.122363,-23,22,-48
1747012700.1573634,72,100,105
1747012700.1923633,-5,-29,169
1747012700.2283633,52,-79,85
1747012700.2633634,-105,8,147
1747012700.2993634,-18,9,69
1747012700.3343637,-34,0,0
1747012700.3703637,75,-24,111
1747012700.405363,-40,-72,-24
1747012700.4403634,-16,-84,17
1747012700.4763634,45,-74,-20
1747012700.5113633,-25,9,89
1747012700.5473633,-33,-24,53
1747012700.5823634,-48,19,163
1747012700.6183634,1,-34,127
1747012700.6533637,38,-62,133
1747012700.6883633,18,59,69
1747012700.724363,-53,7,67
1747012700.7593634,48,-6,105
1747012700.7953634,56,-4,-20
1747012700.8303633,28,-34,3
1747012700.8663633,-31,-74,181
1747012700.9013634,-2,5,89
1747012700.9363637,-10,-24,57
1747012700.9723637,11,3,157
1747012701.007363,-28,19,-130
1747012701.043363,-12,-90,43
1747012701.0783634,48,31,61
1747012701.1143634,-25,-50,77
1747012701.1493633,40,-30,35
1747012701.1843634,-8,9,29
1747012701.2203634,-36,-36,-32
1747012701.2553637,-62,75,113
1747012701.2913637,0,45,63
1747012701.326363,47,-20,-54
1747012701.362363,-15,-32,5
1747012701.3973634,-5,-65,-44
1747012701.4323633,42,26,65
1747012701.4683633,95,15,77
1747012701.5033634,73,-26,5
1747012701.5393634,25,0,-40
1747012701.5743637,19,-34,-2
1747012701.6103632,-2,-18,111
1747012701.6463633,-36,1,67
1747012701.681363,64,21,23
1747012701.7163634,-59,-52,79
1747012701.7523634,-5,-26,-12
1747012701.7883637,67,-22,23
1747012701.8233633,-55,-122,149
1747012701.8593633,-42,3,235
1747012701.8943634,82,12,99
1747012701.9293633,94,16,67
1747012701.964363,-12,16,63
1747012702.000363,-11,-29,77
1747012702.0363634,98,-95,153
1747012702.0713634,80,-53,-40
1747012702.1073637,7,55,139
1747012702.1423633,75,-10,111
1747012702.1773634,16,-19,-16
1747012702.2123632,25,72,5
1747012702.2483633,-5,14,91
1747012702.2843633,18,96,-48
1747012702.3193634,56,34,27
1747012702.3553634,-15,2,-2
1747012702.3903637,30,45,61
1747012702.4253633,40,-48,69
1747012702.4603634,86,-6,165
1747012702.4963634,-54,71,193
1747012702.5323634,-13,17,139
1747012702.5673633,7,-67,61
1747012702.6033633,-4,-27,147
1747012702.6383634,36,3,-46
1747012702.6733634,-79,-52,48
1747012702.7083633,-11,-7,176
1747012702.7443633,22,0,88
1747012702.780363,20,-31,60
1747012702.8153634,-71,-12,50
1747012702.8513634,4,-32,34
1747012702.8863633,22,-54,24
1747012702.9213634,10,-36,44
1747012702.9563634,-25,63,-65
1747012702.9923637,34,61,-33
1747012703.0283637,-7,1,104
1747012703.0633633,67,-123,98
1747012703.099363,38,21,132
1747012703.1343634,18,-15,62
1747012703.1693633,-35,-103,62
1747012703.204363,-41,21,84
1747012703.2403634,109,11,-28
1747012703.2763634,-55,23,70
1747012703.3113637,-25,-68,102
1747012703.3473637,50,7,83
1747012703.382363,-21,-6,89
1747012703.4173634,-53,-46,75
1747012703.4523633,40,-24,12
1747012703.4883633,14,25,152
1747012703.5243633,18,-51,-29
1747012703.5593634,-17,-3,52
1747012703.5953634,90,-53,90
1747012703.6303637,24,-75,173
1747012703.6653633,19,30,81
1747012703.7003634,24,62,-46
1747012703.7363634,6,-70,55
1747012703.7723634,0,-58,95
1747012703.8073633,14,-3,33
1747012703.8433633,6,-24,29
1747012703.8783634,30,12,151
1747012703.9133637,62,-31,12
1747012703.9483633,-67,-76,-7
1747012703.9843633,22,-6,28
1747012704.020363,56,-17,76
1747012704.0553634,0,-46,110
1747012704.0913634,134,59,216
1747012704.1263633,-19,-54,-3
1747012704.1613634,-19,12,180
1747012704.1963634,-19,-19,46
1747012704.2323637,-21,6,116
1747012704.2683637,34,4,152
1747012704.303363,-17,36,108
1747012704.339363,1,14,114
1747012704.3743634,-29,-61,42
1747012704.4093633,-1,46,59
1747012704.4443634,-26,-8,47
1747012704.4803634,101,7,75
1747012704.5163634,61,1,-14
1747012704.5513637,35,-14,99
1747012704.5873632,-2,19,-70
1747012704.622363,-24,7,99
1747012704.6573634,-30,39,13
1747012704.6923633,-12,-4,-56
1747012704.7283633,-64,-36,27
1747012704.7643633,-17,62,63
1747012704.7993634,-3,4,133
1747012704.8353634,-1,-59,119
1747012704.8703637,62,2,153
1747012704.905363,8,8,175
1747012704.941363,14,-45,128
1747012704.9763634,19,-42,-11
1747012705.0123634,-68,25,106
1747012705.0473633,51,55,26
1747012705.0833633,-42,1,150
1747012705.1183634,-36,-74,44
1747012705.1533637,37,39,16
1747012705.1893632,25,24,30
1747012705.224363,38,12,6
1747012705.260363,-47,-27,66
1747012705.2953634,-8,33,88
1747012705.3313634,-3,-17,20
1747012705.3663633,95,46,18
1747012705.4013634,-22,-27,94
1747012705.4373634,23,39,22
1747012705.4723637,3,-12,152
1747012705.5083632,1,-2,48
1747012705.543363,3,17,130
1747012705.579363,-67,23,44
1747012705.6143634,-37,35,38
1747012705.6493633,10,63,118
1747012705.6853633,82,-64,48
1747012705.7203634,-41,5,54
1747012705.7563634,-53,-36,48
1747012705.7913637,35,47,-37
1747012705.8273633,-24,-40,150
1747012705.862363,-12,-48,96
1747012705.8973634,-78,-72,114
1747012705.9333634,-95,-21,64
1747012705.9683633,-19,58,8
1747012706.0043633,-54,41,64
1747012706.0393634,-105,-69,80
1747012706.0813634,28,-39,49
1747012706.1173637,-27,72,59
1747012706.1533637,-14,-71,179
1747012706.1893632,-24,-33,103
1747012706.224363,-36,22,65
1747012706.260363,-87,-1,-14
1747012706.2953634,-13,-69,15
1747012706.3313634,-48,68,10
1747012706.3663633,9,-3,-8
1747012706.4013634,-1,-92,42
1747012706.4373634,38,11,53
1747012706.4723637,-20,-22,3
1747012706.5083632,6,33,77
1747012706.543363,-29,-18,156
1747012706.579363,30,-60,26
1747012706.6143634,-14,-47,162
1747012706.6493633,-104,4,26
1747012706.6853633,33,-57,22
1747012706.7203634,64,-54,126
1747012706.7563634,-57,15,38
1747012706.7913637,26,19,24
1747012706.826363,38,15,38
1747012706.8613634,-2,8,46
1747012706.8973634,-32,-75,100
1747012706.9333634,-46,28,146
1747012706.9683633,19,70,25
1747012707.0043633,-72,42,125
1747012707.0393634,-12,-45,101
1747012707.0743637,13,-67,161
1747012707.1093633,43,24,49
1747012707.145363,85,-1,49
1747012707.181363,-33,71,-18
1747012707.2163634,-45,-62,123
1747012707.2523634,-71,-62,25
1747012707.2873633,-43,35,105
1747012707.3223634,2,26,-30
1747012707.3573637,-17,-50,71
1747012707.3933637,-24,-5,221
1747012707.4293633,34,25,57
1747012707.464363,41,-9,29
1747012707.500363,-2,12,13
1747012707.5353634,51,16,149
1747012707.5703633,19,-13,131
1747012707.6053634,15,-17,91
1747012707.6413634,0,-41,107
1747012707.6773634,3,-23,-54
1747012707.7123632,58,-47,99
1747012707.7483633,-71,14,109
1747012707.783363,68,46,105
1747012707.8183634,-15,-35,39
1747012707.8533633,31,-18,57
1747012707.8893633,-32,-14,13
1747012707.9253633,47,-16,127
1747012707.9603634,-32,-10,41
1747012707.9963634,-78,-1,-62
1747012708.0313632,-18,62,107
1747012708.066363,-38,5,159
1747012708.1013634,31,-1,51
1747012708.1373634,-48,2,-4
1747012708.1733634,7,-13,79
1747012708.2083633,45,30,9
1747012708.2443633,-6,-14,95
1747012708.2793634,33,-14,-20
1747012708.3143632,60,12,-10
1747012708.349363,45,-26,207
1747012708.385363,-28,-76,77
1747012708.4213634,-12,19,181
1747012708.4563634,47,61,-38
1747012708.4923637,52,35,-44
1747012708.5273633,88,29,129
1747012708.5623634,4,-48,153
1747012708.5973637,38,9,49
1747012708.6333632,16,3,39
1747012708.6693633,0,-12,19
1747012708.704363,10,-10,63
1747012708.7403634,30,-2,47
1747012708.7753634,-57,17,17
1747012708.8103633,36,11,99
1747012708.8453634,-40,-40,123
1747012708.8813634,53,-20,53
1747012708.9173634,-14,55,-48
1747012708.9523633,-18,-18,57
1747012708.9883633,-36,-26,7
1747012709.0233634,27,-34,97
1747012709.0583634,35,1,0
1747012709.0933633,-45,-48,219
1747012709.1293633,74,11,129
1747012709.1653633,32,-38,87
1747012709.2003634,57,-54,141
1747012709.2363634,15,71,225
1747012709.2713633,-20,-58,69
1747012709.306363,33,-8,43
1747012709.3413634,-12,77,119
1747012709.3773634,35,25,131
1747012709.4133637,9,83,-4
1747012709.4483633,17,-38,-34
1747012709.4843633,-6,-62,107
1747012709.5193634,33,-74,73
1747012709.5543633,23,0,-40
1747012709.589363,-24,7,59
1747012709.625363,-8,-56,-58
1747012709.6613634,-7,-17,59
1747012709.6963634,19,26,87
1747012709.7323637,-16,-61,133
1747012709.7673633,-29,12,51
1747012709.8023634,27,-18,83
1747012709.8373632,-46,-58,-68
1747012709.8733633,23,45,97
1747012709.9093633,0,-44,157
1747012709.9443634,27,-64,121
1747012709.9803634,-66,-24,141
1747012710.0153637,11,43,107
1747012710.0503633,-8,-72,43
1747012710.0863633,49,-2,71
1747012710.1213634,-22,49,95
1747012710.1573634,-2,21,113
1747012710.1923633,-16,-4,75
1747012710.2283633,0,62,0
1747012710.2633634,-80,35,55
1747012710.2983634,-90,-14,129
1747012710.3343637,-35,-26,177
1747012710.3693633,-3,-37,-86
1747012710.405363,32,-19,85
1747012710.4403634,80,14,-8
1747012710.4763634,8,18,131
1747012710.5113633,62,10,61
1747012710.5463634,58,-49,75
1747012710.5823634,-57,23,135
1747012710.6173637,26,78,63
1747012710.6533637,0,-9,-6
1747012710.6883633,3,43,153
1747012710.724363,32,18,73
1747012710.7593634,-45,-26,51
1747012710.7943633,19,-39,49
1747012710.8303633,-77,-20,21
1747012710.8653634,37,-20,99
1747012710.9013634,7,-2,-87
1747012710.9363637,-80,-8,56
1747012710.9723637,-82,1,28
1747012711.007363,45,-86,134
1747012711.0423634,-28,33,104
1747012711.0783634,-19,-12,84
1747012711.1133633,80,14,154
1747012711.1493633,-1,8,134
1747012711.1843634,-40,18,90
1747012711.2203634,25,39,118
1747012711.2553637,-18,-4,34
1747012711.2903633,45,0,54
1747012711.326363,-69,-16,-5
1747012711.3613634,40,32,44
1747012711.3973634,-15,-24,128
1747012711.4323633,88,27,54
1747012711.4683633,60,-8,20
1747012711.5033634,-78,-15,208
1747012711.5383637,20,-24,132
1747012711.5743637,-34,-89,-33
1747012711.6093633,-3,59,114
1747012711.645363,-9,-24,20
1747012711.6803634,-75,-22,38
1747012711.7163634,23,-71,54
1747012711.7523634,13,-9,58
1747012711.7883637,-34,-5,188
1747012711.8243637,-56,-47,-35
1747012711.8593633,-31,-5,112
1747012711.8943634,-53,18,140
1747012711.9303634,32,34,96
1747012711.9663634,-7,-23,86
1747012712.0013633,5,7,110
1747012712.0373633,-34,-14,96
1747012712.0723634,7,-28,46
1747012712.1073637,3,5,64
1747012712.1423633,62,22,-55
1747012712.178363,0,56,68
1747012712.214363,56,-31,166
1747012712.2493634,8,18,126
1747012712.2853634,-38,7,30
1747012712.3203633,24,-25,38
1747012712.3553634,52,-9,68
1747012712.3903637,28,48,-43
1747012712.4263637,-11,48,146
1747012712.4623632,-5,22,42
1747012712.497363,-40,-2,56
1747012712.533363,29,-30,190
1747012712.5683634,61,15,32
1747012712.6033633,17,-10,124
1747012712.6383634,-10,0,-73
1747012712.6743634,11,-2,120
1747012712.7103634,-16,45,170
1747012712.7453637,-18,-38,64
1747012712.7813632,-20,-96,54
1747012712.816363,-16,-77,10
1747012712.8513634,23,-68,94
1747012712.8863633,-62,-38,14
1747012712.9223633,61,-2,-5
1747012712.9583633,-44,-6,108
1747012712.9933634,39,-56,72
1747012713.0293634,-42,-28,70
1747012713.0643632,19,-34,4
1747012713.099363,-49,-9,110
1747012713.1343634,-96,29,-5
1747012713.1703634,-17,-93,70
1747012713.2063634,-63,29,0
1747012713.2413633,-29,-52,82
1747012713.2773633,72,-6,36
1747012713.3123634,38,33,102
1747012713.3473637,12,-6,38
1747012713.382363,30,-24,-17
1747012713.418363,4,-33,140
1747012713.454363,0,81,-35
1747012713.4893634,9,-8,74
1747012713.5253634,33,73,14
1747012713.5603633,43,-24,-3
1747012713.5953634,80,36,-27
1747012713.6303637,12,56,76
1747012713.6663637,11,-25,58
1747012713.7023633,27,6,86
1747012713.737363,31,-15,58
1747012713.7733634,-44,-29,96
1747012713.8083634,31,8,98
1747012713.8433633,-14,18,150
1747012713.8783634,-1,-33,254
1747012713.9143634,-15,-35,180
1747012713.9503634,-63,10,104
1747012713.9853632,22,24,14
1747012714.0213633,36,-41,-5
1747012714.056363,-11,-79,42
1747012714.0913634,-35,-31,130
1747012714.1263633,48,44,29
1747012714.1623633,-29,-33,103
1747012714.1983633,26,-41,96
1747012714.2333634,-10,2,40
1747012714.2693634,17,34,-41
1747012714.3043633,-34,32,111
1747012714.339363,40,-17,53
1747012714.3743634,9,-9,163
1747012714.4103634,-72,-45,129
1747012714.4463634,46,-11,107
1747012714.4813633,-26,-3,31
1747012714.5173633,20,34,53
1747012714.5523634,-30,56,71
1747012714.5873632,-70,-67,73
1747012714.622363,39,0,57
1747012714.658363,-52,21,-72
1747012714.6943634,-43,-23,-68
1747012714.7293634,0,21,23
1747012714.7653637,-67,-19,-84
1747012714.8003633,77,29,129
1747012714.8353634,-68,57,139
1747012714.8703637,41,-2,49
1747012714.9063632,-54,57,109
1747012714.9423633,-12,21,53
1747012714.977363,-52,-80,186
1747012715.0143633,9,21,138
1747012715.0493634,31,45,101
1747012715.0853634,59,21,75
1747012715.1203637,-72,13,-48
1747012715.155363,10,-65,91
1747012715.191363,-27,0,157
1747012715.2263634,36,-51,99
1747012715.2623634,-49,27,79
1747012715.2973633,-53,40,121
1747012715.3333633,24,-39,59
1747012715.3683634,14,7,17
1747012715.4033637,22,-58,58
1747012715.4393632,2,7,-40
1747012715.474363,12,-40,117
1747012715.510363,-7,-12,25
1747012715.5453634,-1,-28,115
1747012715.5813634,32,5,-26
1747012715.6163633,-1,99,66
1747012715.6513634,72,-18,84
1747012715.6873634,-11,0,-39
1747012715.7223637,-21,27,12
1747012715.7583632,-19,7,56
1747012715.793363,-19,51,-11
1747012715.829363,-29,67,68
1747012715.8643634,0,-16,216
1747012715.8993633,42,-14,80
1747012715.9353633,12,7,96
1747012715.9703634,-77,1,136
1747012716.0063634,-65,-46,84
1747012716.0413637,-9,29,122
1747012716.0833633,-15,-34,76
1747012716.1193633,50,46,120
1747012716.155363,18,-21,104
1747012716.191363,-12,-117,106
1747012716.2263634,42,24,133
1747012716.2623634,-33,22,-48
1747012716.2973633,2,-79,69
1747012716.3333633,106,46,17
1747012716.3683634,10,41,23
1747012716.4033637,-67,-28,105
1747012716.4393632,-61,29,43
1747012716.474363,2,12,11
1747012716.510363,6,24,-20
1747012716.5453634,48,-41,47
1747012716.5813634,24,-31,111
1747012716.6163633,43,8,107
1747012716.6513634,-13,-11,-28
1747012716.6873634,6,56,71
1747012716.7223637,-77,44,59
1747012716.7583632,16,-27,63
1747012716.793363,-87,-93,99
1747012716.829363,50,-42,-2
1747012716.8653634,-37,-56,63
1747012716.9013634,-125,-24,67
1747012716.9373634,60,75,71
1747012716.9723637,-8,-80,69
1747012717.007363,42,-48,133
1747012717.043363,84,1,109
1747012717.079363,-19,67,103
1747012717.1143634,33,-77,-16
1747012717.1503634,59,-17,-10
1747012717.1853633,-57,-5,43
1747012717.2203634,19,6,47
1747012717.2553637,17,54,33
1747012717.2913637,-14,12,93
1747012717.3273633,89,116,42
1747012717.362363,101,14,34
1747012717.3983634,56,8,42
1747012717.4333634,45,15,122
1747012717.4683633,12,22,156
1747012717.5033634,38,-7,148
1747012717.5393634,-50,48,60
1747012717.5753634,-24,14,90
1747012717.6103632,-84,-32,44
1747012717.6463633,-32,-111,52
1747012717.681363,39,-3,180
1747012717.7163634,4,50,86
1747012717.7513633,-15,-63,66
1747012717.7873633,-33,-1,-25
1747012717.8233633,-47,30,70
1747012717.8583634,17,44,62
1747012717.8943634,42,-4,130
1747012717.9293633,121,24,72
1747012717.964363,75,-113,106
1747012717.9993634,-12,14,126
1747012718.0353634,26,20,74
1747012718.0713634,-42,36,180
1747012718.1063633,30,108,20
1747012718.1423633,-18,-39,110
1747012718.1773634,-30,-27,67
1747012718.2123632,-32,27,37
1747012718.247363,-29,40,68
1747012718.283363,0,37,44
1747012718.3193634,-57,34,122
1747012718.3543634,82,34,-27
1747012718.3903637,22,38,40
1747012718.4253633,26,2,108
1747012718.4603634,16,-45,2
1747012718.4953637,-13,-38,106
1747012718.5313632,-8,22,54
1747012718.5673633,0,-19,50
1747012718.602363,-69,-5,148
1747012718.6383634,-8,-41,94
1747012718.6733634,-36,36,56
1747012718.7083633,-2,-30,92
1747012718.7433634,41,27,84
1747012718.7793634,-2,-102,86
1747012718.8153634,-36,5,26
1747012718.8503633,-16,2,-25
1747012718.8863633,-44,-55,68
1747012718.9213634,11,2,42
1747012718.9563634,-20,24,-25
1747012718.9913633,-48,2,-113
1747012719.0273633,86,23,-33
1747012719.0633633,31,-27,106
1747012719.0983634,14,-22,6
1747012719.1343634,-44,-16,10
1747012719.1693633,30,-56,-49
1747012719.204363,48,-18,-37
1747012719.2393634,-122,9,14
1747012719.2753634,53,23,154
1747012719.3113637,114,61,164
1747012719.3463633,-25,13,194
1747012719.382363,2,53,80
1747012719.4173634,51,80,-27
1747012719.4523633,-60,26,90
1747012719.487363,85,38,-15
1747012719.5233634,75,2,110
1747012719.5593634,1,48,18
1747012719.5943637,113,-29,148
1747012719.6303637,-26,-33,44
1747012719.6653633,37,-7,82
1747012719.7003634,-46,-41,-27
1747012719.7353632,-51,2,146
1747012719.7713633,24,16,31
1747012719.8073633,12,-17,35
1747012719.8423634,-13,50,45
1747012719.8783634,-55,-11,161
1747012719.9133637,54,-33,109
1747012719.9483633,38,-55,92
1747012719.9833634,-80,24,106
1747012720.0193634,-54,-19,23
1747012720.0553634,-23,-50,40
1747012720.0903633,-18,-27,127
1747012720.1263633,-14,-19,46
1747012720.1613634,39,8,78
1747012720.1963634,-18,-31,30
1747012720.2323637,-70,-31,88
1747012720.2673633,25,66,56
1747012720.303363,9,-14,138
1747012720.3383634,13,-33,-3
1747012720.3743634,-30,-44,114
1747012720.4093633,47,13,32
1747012720.4443634,-66,19,46
1747012720.4803634,-30,36,50
1747012720.5153637,31,51,136
1747012720.5513637,0,-9,96
1747012720.5863633,-26,38,68
1747012720.622363,-30,-32,-28
1747012720.6573634,29,61,35
1747012720.6923633,37,1,57
1747012720.7283633,119,0,-32
1747012720.7633634,17,29,90
1747012720.7993634,37,69,75
1747012720.8343637,-23,8,69
1747012720.8703637,-33,28,71
1747012720.905363,55,-25,87
1747012720.9403634,-22,-29,142
1747012720.9763634,-40,20,132
1747012721.0113633,-2,-21,123
1747012721.0473633,-28,-33,27
1747012721.0823634,-50,26,-34
1747012721.1183634,-16,30,15
1747012721.1533637,-52,-57,65
1747012721.1883633,19,42,113
1747012721.224363,67,0,87
1747012721.2593634,-34,48,143
1747012721.2953634,-18,-23,73
1747012721.3303633,61,4,3
1747012721.3663633,69,8,81
1747012721.4013634,79,-99,-22
1747012721.4363637,91,-19,165
1747012721.4723637,13,50,43
1747012721.507363,75,2,181
1747012721.543363,-89,-14,-16
1747012721.5783634,-12,16,-54
1747012721.6143634,37,-37,-31
1747012721.6493633,-12,10,88
1747012721.6843634,19,0,78
1747012721.7203634,61,-21,-23
1747012721.7553637,41,63,124
1747012721.7913637,62,-12,-79
1747012721.826363,21,33,60
1747012721.862363,-40,7,-25
1747012721.8983634,-36,-58,-7
1747012721.9343634,10,-62,44
1747012721.9703634,11,7,12
1747012722.0053637,-47,-12,164
1747012722.0403633,51,71,-41
1747012722.076363,13,77,4
1747012722.112363,-32,23,116
1747012722.1473634,66,-47,78
1747012722.1833634,20,-24,70
1747012722.2183633,24,-2,-15
1747012722.2533634,25,-36,100
1747012722.2883637,-32,-34,128
1747012722.3243637,-102,-24,130
1747012722.3603632,-30,15,206
1747012722.395363,17,93,48
1747012722.431363,27,-4,48
1747012722.4663634,-55,31,-31
1747012722.5013633,-90,8,126
1747012722.5363634,-2,-107,92
1747012722.5723634,-42,34,30
1747012722.6083634,-2,-4,80
1747012722.6433637,34,24,102
1747012722.6793633,-55,-55,58
1747012722.714363,-27,44,100
1747012722.7493634,-1,-31,64
1747012722.7843633,-27,-64,56
1747012722.8203633,2,-74,92
1747012722.8563633,19,-16,136
1747012722.8913634,32,36,30
1747012722.9273634,40,28,108
1747012722.9623632,6,22,54
1747012722.997363,-40,-20,156
1747012723.0323634,1,33,42
1747012723.0683634,54,73,82
1747012723.1043634,-61,20,26
1747012723.1393633,35,23,170
1747012723.1753633,40,-49,160
1747012723.2103634,-69,84,102
1747012723.2453637,-53,0,100
1747012723.280363,40,-67,122
1747012723.316363,-15,-65,62
1747012723.352363,26,28,-51
1747012723.3873634,-41,-11,20
1747012723.4233634,0,-11,76
1747012723.4583633,68,2,34
1747012723.4933634,-41,-45,32
1747012723.5283637,-21,21,140
1747012723.5643632,-23,-40,42
1747012723.6003633,34,53,36
1747012723.635363,39,-69,56
1747012723.6713634,63,-1,64
1747012723.7063634,85,-7,62
1747012723.7413633,-24,-39,62
1747012723.7763634,-29,-23,64
1747012723.8123634,50,42,2
1747012723.8483634,42,48,6
1747012723.8833632,38,59,92
1747012723.9193633,16,47,64
1747012723.954363,-57,37,74
1747012723.9893634,9,14,70
1747012724.0243633,54,-58,22
1747012724.0603633,-2,6,78
1747012724.0963633,-44,0,-71
1747012724.1313634,10,-28,98
1747012724.1673634,64,-12,68
1747012724.2023633,24,23,196
1747012724.237363,84,-4,94
1747012724.2723634,38,71,22
1747012724.3083634,-3,5,-5
1747012724.3443637,-57,-4,80
1747012724.3793633,-73,-30,72
1747012724.4153633,8,17,106
1747012724.4503634,24,-40,11
1747012724.4853632,-3,57,109
1747012724.520363,8,68,192
1747012724.556363,-46,69,88
1747012724.5923634,-34,-42,92
1747012724.6273634,10,-22,-17
1747012724.6633637,44,17,146
1747012724.6983633,69,-6,-91
1747012724.7333634,9,-20,148
1747012724.7683637,-55,-16,82
1747012724.8043633,7,-22,112
1747012724.8403633,-1,-62,18
1747012724.875363,87,53,20
1747012724.9113634,-6,2,51
1747012724.9463634,9,65,79
1747012724.9813633,59,-13,47
1747012725.0163634,-34,-3,41
1747012725.0523634,-15,40,73
1747012725.0883634,57,34,197
1747012725.1233633,-30,35,85
1747012725.1593633,21,-13,63
1747012725.1943634,-92,-30,83
1747012725.2293634,-12,-66,17
1747012725.2653637,79,31,61
1747012725.3003633,5,25,79
1747012725.3363633,-6,11,71
1747012725.3713634,27,21,25
1747012725.4073634,35,-72,147
1747012725.4423633,23,5,57
1747012725.477363,81,-104,17
1747012725.5133634,-71,0,105
1747012725.5483634,49,14,147
1747012725.5843637,5,25,91
1747012725.6193633,17,-46,245
1747012725.655363,-6,-32,-20
1747012725.6903634,0,5,63
1747012725.7253633,60,18,147
1747012725.7613633,52,-1,27
1747012725.7963634,24,-47,45
1747012725.8323634,67,13,145
1747012725.8673637,39,39,-6
1747012725.9033637,-2,29,-21
1747012725.9383633,27,-20,-14
1747012725.9733634,3,2,53
1747012726.0093634,-20,-44,61
1747012726.0443633,13,15,101
1747012726.0873632,-16,-20,177
1747012726.1233633,29,-19,-19
1747012726.1593633,77,39,190
1747012726.1943634,-20,-39,118
1747012726.2293634,25,23,72
1747012726.2653637,103,63,24
1747012726.3003633,-69,28,82
1747012726.3363633,-58,-29,68
1747012726.3713634,46,57,138
1747012726.4073634,54,31,28
1747012726.4423633,44,79,94
1747012726.477363,10,11,142
1747012726.5133634,22,13,68
1747012726.5483634,16,67,66
1747012726.5843637,10,-46,142
1747012726.6193633,-81,19,126
1747012726.655363,-39,21,62
1747012726.6903634,-37,23,98
1747012726.7253633,0,0,116
1747012726.7613633,-56,-88,78
1747012726.7963634,-14,-70,46
1747012726.8323634,-2,-42,10
1747012726.8673637,17,-38,178
1747012726.9033637,-14,83,116
1747012726.9393632,-22,-4,30
1747012726.9753633,40,-5,6
1747012727.010363,-13,76,62
1747012727.0453634,32,38,56
1747012727.0813634,72,8,164
1747012727.1163633,136,50,240
1747012727.1523633,101,12,78
1747012727.1873634,-7,12,44
1747012727.2223637,60,-1,150
1747012727.257363,-39,-21,78
1747012727.293363,-25,-5,58
1747012727.329363,-57,16,42
1747012727.3643634,-43,-25,36
1747012727.4003634,-27,-3,43
1747012727.4353633,-48,9,-24
1747012727.4703634,-6,-62,51
1747012727.5053637,-49,-48,101
1747012727.5413637,102,29,3
1747012727.5773633,-11,-22,101
1747012727.612363,4,-14,-102
1747012727.6483634,-31,2,113
1747012727.6833634,-109,38,77
1747012727.7183633,-4,48,3
1747012727.7533634,-61,76,6
1747012727.7893634,-7,-5,110
1747012727.8253634,36,-39,206
1747012727.8603632,-33,46,78
1747012727.8963633,38,1,26
1747012727.931363,48,-38,96
1747012727.9663634,-11,-73,142
1747012728.0013633,29,41,192
1747012728.0373633,27,103,-19
1747012728.0733633,-58,-4,36
1747012728.1083634,2,39,167
1747012728.1443634,22,18,33
1747012728.1793633,14,72,-4
1747012728.214363,-28,5,51
1747012728.2493634,-6,-36,-52
1747012728.2853634,-6,0,133
1747012728.3213634,65,3,-18
1747012728.3563633,-44,1,75
1747012728.3923633,-62,25,39
1747012728.4273634,22,-48,129
1747012728.4623632,-41,1,25
1747012728.497363,9,-23,51
1747012728.533363,-15,31,29
1747012728.5693634,70,19,59
1747012728.6043634,5,-27,-82
1747012728.6403637,-38,22,21
1747012728.6753633,3,48,95
1747012728.7103634,67,-21,5
1747012728.7453637,-41,-40,19
1747012728.7813632,-32,-35,25
1747012728.8173633,56,-14,141
1747012728.852363,8,-10,125
1747012728.8883634,-81,27,81
1747012728.9233634,15,22,155
1747012728.9583633,3,14,-16
1747012728.9933634,53,-41,67
1747012729.0293634,-75,-2,161
1747012729.0653634,20,-6,169
1747012729.1003633,-59,-44,133
1747012729.1363633,64,57,167
1747012729.1713634,-63,33,115
1747012729.2063634,52,29,115
1747012729.2413633,-5,33,71
1747012729.2773633,-9,77,-38
1747012729.3133633,36,41,131
1747012729.3483634,22,-34,-40
1747012729.3843634,9,77,115
1747012729.4193633,20,26,-18
1747012729.454363,75,14,37
1747012729.4893634,42,-9,47
1747012729.5253634,76,44,89
1747012729.5613637,-9,48,-90
1747012729.5963633,-11,-47,71
1747012729.632363,-85,-29,135
1747012729.6673634,18,-16,61
1747012729.7023633,36,15,53
1747012729.737363,-53,9,125
1747012729.7733634,66,-14,47
1747012729.8093634,-93,37,69
1747012729.8443637,24,7,-12
1747012729.8803637,22,19,147
1747012729.9153633,-19,45,-58
1747012729.9503634,-53,-16,131
1747012729.9853632,34,-34,125
1747012730.0213633,94,-65,77
1747012730.0573633,62,7,103
1747012730.0923634,60,-58,-20
1747012730.1283634,-57,-13,91
1747012730.1633637,40,-66,55
1747012730.1983633,20,-40,139
1747012730.2343633,-53,-74,95
1747012730.2693634,-22,-18,155
1747012730.3053634,15,-6,65
1747012730.3403633,16,21,115
1747012730.3763633,57,-17,-36
1747012730.4113634,5,-7,-8
1747012730.4463634,-70,37,81
1747012730.4823637,-50,-52,16
1747012730.5173633,-28,-42,98
1747012730.553363,43,-24,130
1747012730.5883634,115,-31,122
1747012730.6243634,-94,-52,134
1747012730.6593633,31,63,102
1747012730.6943634,-42,15,78
1747012730.7303634,35,7,36
1747012730.7653637,63,-12,80
1747012730.8013637,9,-3,106
1747012730.8363633,-20,36,154
1747012730.872363,-27,-30,176
1747012730.9073634,52,13,14
1747012730.9423633,35,0,42
1747012730.9783633,-39,-2,84
1747012731.0133634,-21,73,-43
1747012731.0493634,94,-10,48
1747012731.0843637,58,-6,84
1747012731.1203637,-5,-50,90
1747012731.155363,-21,-24,132
1747012731.1903634,-27,17,90
1747012731.2263634,54,54,54
1747012731.2613633,56,56,110
1747012731.2973633,44,7,92
1747012731.3323634,140,-38,122
1747012731.3683634,44,-36,122
1747012731.4033637,65,-32,6
1747012731.4383633,27,-9,28
1747012731.474363,-2,-51,166
1747012731.5093634,7,-67,88
1747012731.5453634,-33,66,136
1747012731.5803633,49,-63,124
1747012731.6163633,21,-14,-97
1747012731.6513634,-30,-52,82
1747012731.6863637,27,42,4
1747012731.7223637,-28,48,58
1747012731.757363,-18,6,-63
1747012731.793363,59,26,60
1747012731.8283634,28,11,36
1747012731.8643634,85,-31,48
1747012731.9003634,14,28,-75
1747012731.9363637,-41,-17,18
1747012731.9713633,-9,3,64
1747012732.0063634,33,18,20
1747012732.0423634,46,-15,88
1747012732.0773633,-3,-29,28
1747012732.1133633,34,-45,162
1747012732.1483634,-14,19,-5
1747012732.1833634,68,17,71
1747012732.2183633,-38,0,179
1747012732.2543633,-53,-35,-63
1747012732.2903633,40,-83,64
1747012732.3253634,50,-29,104
1747012732.3613634,8,40,-7
1747012732.3963633,92,-30,106
1747012732.431363,14,39,146
1747012732.4663634,5,35,140
1747012732.5023634,9,-2,84
1747012732.5383637,45,-56,18
1747012732.5733633,-16,-22,152
1747012732.6093633,-8,-34,-13
1747012732.6443634,41,0,146
1747012732.6793633,19,-58,66
1747012732.714363,7,45,-47
1747012732.750363,51,-60,112
1747012732.7863634,43,-36,96
1747012732.8213634,63,-12,62
1747012732.8573637,-6,45,56
1747012732.8923633,34,-60,48
1747012732.9273634,2,-110,78
1747012732.9623632,20,9,6
1747012732.9983633,-14,77,80
1747012733.0343633,0,35,-100
1747012733.0693634,-47,54,7
1747012733.1053634,-46,-38,-8
1747012733.1403637,19,15,-14
1747012733.1753633,59,-56,224
1747012733.2103634,-48,3,68
1747012733.2463634,-18,71,31
1747012733.2823634,-118,-2,73
1747012733.3173633,-64,59,3
1747012733.3533633,18,4,89
1747012733.3883634,34,18,51
1747012733.4233634,24,52,-30
1747012733.4583633,-76,-56,5
1747012733.4943633,26,-16,137
1747012733.530363,29,21,0
1747012733.5653634,11,-2,95
1747012733.6013634,39,-4,55
1747012733.6363633,17,-20,97
1747012733.6713634,30,27,67
1747012733.7063634,8,27,25
1747012733.7423637,63,-2,67
1747012733.7783637,-32,-12,15
1747012733.8133633,9,45,201
1747012733.849363,-40,9,3
1747012733.8843634,-58,15,73
1747012733.9193633,-6,-33,45
1747012733.954363,17,0,69
1747012733.9903634,3,-11,89
1747012734.0263634,0,-8,5
1747012734.0613637,28,-7,7
1747012734.0973637,29,-25,101
1747012734.132363,13,-21,47
1747012734.1673634,15,101,21
1747012734.2023633,43,-13,19
1747012734.2383633,13,-13,103
1747012734.2743633,1,-27,173
1747012734.3093634,-30,14,91
1747012734.3453634,73,18,-12
1747012734.3803637,-7,-38,91
1747012734.4153633,-108,-19,101
1747012734.4503634,20,-28,-6
1747012734.4863634,98,-13,63
1747012734.5223634,-41,-24,-28
1747012734.5573633,-31,-30,0
1747012734.5933633,34,57,43
1747012734.6283634,44,-22,11
1747012734.6633637,32,-22,67
1747012734.6983633,-45,25,1
1747012734.7343633,86,-48,103
1747012734.770363,58,19,141
1747012734.8053634,40,69,63
1747012734.8413634,-39,69,39
1747012734.8763633,28,-40,13
1747012734.9113634,32,11,37
1747012734.9463634,25,24,-32
1747012734.9823637,-1,-24,121
1747012735.0183637,-17,109,76
1747012735.053363,110,0,94
1747012735.089363,18,155,62
1747012735.1243634,28,-32,61
1747012735.1593633,-1,-60,-83
1747012735.1943634,14,-6,7
1747012735.2303634,-19,9,44
1747012735.2663634,-61,-38,55
1747012735.3013637,6,9,68
1747012735.3373632,48,81,46
1747012735.372363,-15,-10,90
1747012735.4073634,34,-60,52
1747012735.4433634,-31,7,134
1747012735.4783633,30,-2,120
1747012735.5143633,55,-7,81
1747012735.5493634,23,-3,77
1747012735.5853634,-45,-44,50
1747012735.6203637,4,11,128
1747012735.655363,62,0,82
1747012735.691363,76,13,-61
1747012735.7263634,-71,47,18
1747012735.7623634,65,7,83
1747012735.7973633,-71,-56,100
1747012735.8333633,-1,-20,22
1747012735.8683634,-51,29,70
1747012735.9033637,-107,14,212
1747012735.9393632,-9,32,45
1747012735.974363,70,8,51
1747012736.010363,-27,24,57
1747012736.0453634,10,-45,115
1747012736.0873632,-71,14,-116
1747012736.1233633,-21,35,127
1747012736.1593633,-27,-16,107
1747012736.1953633,-5,-10,41
1747012736.2303634,18,-24,67
1747012736.2663634,16,23,81
1747012736.3013637,-5,-24,129
1747012736.3373632,62,-8,209
1747012736.372363,-20,-31,-20
1747012736.4073634,22,0,-29
1747012736.4433634,-22,-7,247
1747012736.4783633,-37,1,63
1747012736.5143633,44,-18,105
1747012736.5493634,16,-42,-14
1747012736.5853634,8,-22,129
1747012736.6203637,30,17,83
1747012736.655363,60,-41,114
1747012736.691363,18,-49,-38
1747012736.7263634,86,26,-24
1747012736.7623634,34,3,145
1747012736.7973633,16,12,116
1747012736.8333633,22,2,126
1747012736.8683634,-1,38,168
1747012736.9033637,-11,54,-11
1747012736.9393632,32,-67,30
1747012736.974363,80,62,-23
1747012737.010363,10,-29,208
1747012737.0453634,11,15,72
1747012737.0813634,-20,37,92
1747012737.1163633,-30,-92,-45
1747012737.1513634,-12,-20,100
1747012737.1873634,-2,21,70
1747012737.2223637,-38,-50,180
1747012737.2583632,81,55,94
1747012737.293363,77,-20,102
1747012737.3283634,-30,23,42
1747012737.3633633,11,-1,168
1747012737.3993633,29,31,102
1747012737.4353633,77,-4,45
1747012737.4703634,-21,-62,41
1747012737.5063634,-23,37,111
1747012737.5413637,-51,-34,159
1747012737.576363,18,0,55
1747012737.6113634,8,8,51
1747012737.6473634,-33,-55,153
1747012737.6833634,30,16,39
1747012737.7183633,-41,4,55
1747012737.7543633,24,-9,23
1747012737.7893634,-69,-53,48
1747012737.8243637,-9,-75,42
1747012737.8593633,52,54,18
1747012737.895363,0,-28,2
1747012737.931363,-5,72,110
1747012737.9663634,-17,14,10
1747012738.0023634,-41,-37,-15
1747012738.0373633,-27,-49,-11
1747012738.0723634,54,26,72
1747012738.1073637,-29,-5,104
1747012738.1433637,0,-11,92
1747012738.1793633,-57,-35,106
1747012738.214363,2,48,56
1747012738.250363,-29,28,31
1747012738.2853634,48,-59,84
1747012738.3203633,-30,12,69
1747012738.3553634,29,55,105
1747012738.3913634,91,14,29
1747012738.4273634,-24,-53,55
1747012738.4623632,-40,24,97
1747012738.4983633,30,-17,63
1747012738.533363,-66,-1,25
1747012738.5683634,-71,-17,1
1747012738.6033633,94,-23,51
1747012738.6393633,30,-6,141
1747012738.6753633,34,-18,93
1747012738.7103634,-29,-12,127
1747012738.7463634,12,-74,17
1747012738.7813632,-7,-32,5
1747012738.816363,-25,-18,9
1747012738.8513634,12,75,75
1747012738.8873634,-5,35,106
1747012738.9233634,-5,11,93
1747012738.9583633,-31,-16,106
1747012738.9943633,-9,15,179
1747012739.0293634,-13,27,79
1747012739.0643632,24,25,95
1747012739.099363,-27,-44,85
1747012739.135363,38,3,23
1747012739.1713634,-31,41,1
1747012739.2063634,22,-52,81
1747012739.2423637,-11,32,27
1747012739.2773633,-10,56,203
1747012739.3123634,-114,-55,163
1747012739.3473637,1,52,-10
1747012739.3833632,-62,4,51
1747012739.4193633,-14,-49,171
1747012739.454363,-37,-51,-2
1747012739.4903634,-84,58,153
1747012739.5253634,-26,-50,71
1747012739.5603633,-40,31,39
1747012739.5953634,-30,40,-2
1747012739.6313634,-26,12,61
1747012739.6673634,77,-21,149
1747012739.7023633,-26,-1,65
1747012739.7383633,7,-32,93
1747012739.7733634,-10,-70,29
1747012739.8083634,-184,-56,61
1747012739.8433633,80,35,95
1747012739.8793633,27,-27,65
1747012739.9153633,37,-2,75
1747012739.9503634,-10,-94,161
1747012739.9863634,33,13,81
1747012740.0213633,-8,81,21
1747012740.056363,31,0,89
1747012740.0913634,-77,36,-20
1747012740.1273634,2,46,63
1747012740.1633637,13,19,29
1747012740.1983633,35,31,77
1747012740.2343633,-71,-41,83
1747012740.2693634,52,86,93
1747012740.3043633,0,-50,159
1747012740.3403633,-26,0,67
1747012740.375363,-46,63,67
1747012740.4113634,-29,28,-20
1747012740.4463634,60,-43,13
1747012740.4823637,16,-61,19
1747012740.5173633,48,18,-34
1747012740.5523634,16,-93,123
1747012740.5883634,36,-43,97
1747012740.6233633,6,-79,79
1747012740.6593633,-51,-75,27
1747012740.6943634,-21,-21,125
1747012740.7303634,-73,-5,25
1747012740.7653637,-31,36,129
1747012740.8003633,26,30,85
1747012740.8363633,-32,13,107
1747012740.8713634,-37,8,43
1747012740.9073634,-7,56,1
1747012740.9423633,-77,16,161
1747012740.9783633,6,-26,69
1747012741.0133634,6,27,25
1747012741.0483634,-28,25,61
1747012741.0843637,-49,-28,53
1747012741.1193633,7,-46,90
1747012741.155363,20,2,160
1747012741.1903634,-55,26,54
1747012741.2263634,-6,-14,148
1747012741.2613633,-86,21,42
1747012741.2963634,-14,25,62
1747012741.3323634,-49,4,98
1747012741.3673637,-34,-43,144
1747012741.4033637,-109,28,88
1747012741.4383633,23,-38,10
1747012741.474363,9,-14,48
1747012741.5093634,-20,-52,34
1747012741.5443633,37,33,59
1747012741.5803633,20,-13,77
1747012741.6153634,-31,-10,67
1747012741.6513634,-83,-44,151
1747012741.6863637,-4,-27,79
1747012741.7223637,42,35,25
1747012741.757363,12,27,85
1747012741.7923634,0,-2,-32
1747012741.8283634,22,-70,11
1747012741.8633633,56,-4,37
1747012741.8993633,8,-10,123
1747012741.9343634,16,25,231
1747012741.9703634,34,-23,47
1747012742.0053637,32,-6,67
1747012742.0403633,-19,-10,21
1747012742.076363,6,-68,73
1747012742.1113634,-18,-11,107
1747012742.1473634,0,-16,29
1747012742.1823633,81,61,125
1747012742.2183633,-17,-92,47
1747012742.2543633,80,-50,77
1747012742.2903633,86,-30,159
1747012742.326363,44,59,43
1747012742.3613634,42,-46,-70
1747012742.3963633,2,-19,55
1747012742.4323633,4,32,41
1747012742.4683633,-17,46,115
1747012742.5033634,-1,-7,55
1747012742.5393634,0,-17,153
1747012742.5743637,20,-58,-28
1747012742.6093633,-115,23,-68
1747012742.6443634,-23,16,137
1747012742.6803634,174,35,-20
1747012742.7163634,60,27,125
1747012742.7513633,68,-28,145
1747012742.7873633,-17,79,-40
1747012742.8223634,73,12,107
1747012742.8573637,20,-34,15
1747012742.8923633,12,-58,185
1747012742.928363,-69,-22,53
1747012742.964363,44,-66,19
1747012742.9993634,-53,63,-62
1747012743.0353634,-9,35,151
1747012743.0703633,52,75,-80
1747012743.1053634,40,57,181
1747012743.1403637,117,-12,77
1747012743.1763637,37,19,71
1747012743.2123632,-3,27,-82
1747012743.247363,-39,-8,21
1747012743.283363,53,27,109
1747012743.3183634,-7,18,105
1747012743.3533633,30,-109,157
1747012743.3883634,-5,-32,1
1747012743.4243634,-4,46,61
1747012743.4603634,13,16,19
1747012743.4953637,5,-17,-4
1747012743.5313632,-26,-5,95
1747012743.566363,53,-13,27
1747012743.6013634,67,-43,83
1747012743.6363633,15,-21,119
1747012743.6723633,-20,-33,133
1747012743.7083633,-12,73,23
1747012743.7433634,5,-88,103
1747012743.7793634,35,31,73
1747012743.8143632,79,-16,15
1747012743.849363,-9,64,-32
1747012743.8843634,0,-30,47
1747012743.9203634,0,-38,147
1747012743.9563634,87,3,141
1747012743.9913633,47,79,141
1747012744.0273633,-56,5,129
1747012744.0623634,15,15,97
1747012744.0973637,-150,-14,-26
1747012744.132363,33,62,0
1747012744.168363,53,24,27
1747012744.204363,69,46,1
1747012744.2393634,17,42,87
1747012744.2753634,29,-15,-52
1747012744.3103633,-8,-38,65
1747012744.3453634,75,-65,25
1747012744.3803637,67,-37,-2
1747012744.4163637,-19,-88,55
1747012744.4523633,-20,-5,-44
1747012744.487363,-56,58,129
1747012744.5233634,29,89,25
1747012744.5583634,-68,27,53
1747012744.5933633,67,7,139
1747012744.6283634,75,-16,107
1747012744.6643634,-50,-44,29
1747012744.7003634,-10,-28,-10
1747012744.7353632,23,-52,53
1747012744.7713633,0,-10,61
1747012744.806363,16,26,47
1747012744.8413634,-37,18,49
1747012744.8763633,-64,9,49
1747012744.9123633,-23,8,29
1747012744.9483633,-22,-30,-26
1747012744.9833634,-21,10,101
1747012745.0193634,-35,38,7
1747012745.0543633,-4,3,57
1747012745.089363,-11,-67,73
1747012745.1243634,-59,-11,33
1747012745.1603634,16,-27,13
1747012745.1963634,59,33,87
1747012745.2313633,59,1,-22
1747012745.2673633,35,5,-28
1747012745.3023634,69,56,-28
1747012745.3373632,-34,-45,29
1747012745.372363,-14,60,-6
1747012745.408363,11,68,141
1747012745.4443634,-7,54,-66
1747012745.4793634,18,-13,147
1747012745.5153637,34,8,139
1747012745.5503633,44,16,61
1747012745.5853634,-28,20,45
1747012745.6213634,-34,-21,3
1747012745.6563632,13,8,-2
1747012745.6923633,-20,53,-84
1747012745.727363,-52,5,109
1747012745.7633634,-52,-42,5
1747012745.7983634,28,50,159
1747012745.8333633,-5,4,29
1747012745.8693633,14,-17,21
1747012745.9043634,-19,-19,-28
1747012745.9403634,8,-39,83
1747012745.9753633,-16,45,85
1747012746.0113633,33,64,-106
1747012746.0463634,-30,-23,105
1747012746.0883634,-31,27,119
1747012746.125363,38,-50,67
1747012746.1603634,80,-82,57
1747012746.1963634,8,7,89
1747012746.2313633,-19,-24,107
1747012746.2673633,-5,-82,137
1747012746.3023634,66,-82,103
1747012746.3373632,52,37,65
1747012746.3733633,48,-22,137
1747012746.408363,-37,43,17
1747012746.4443634,9,-61,59
1747012746.4793634,60,11,49
1747012746.5153637,32,-50,47
1747012746.5503633,-33,-62,161
1747012746.5853634,28,-2,91
1747012746.6213634,10,-36,-8
1747012746.6563632,-89,-44,103
1747012746.6923633,-43,-18,51
1747012746.727363,-79,28,25
1747012746.7633634,78,-3,-28
1747012746.7983634,-3,-11,67
1747012746.8333633,-27,64,11
1747012746.8693633,-25,118,103
1747012746.9043634,4,-35,149
1747012746.9403634,-77,24,93
1747012746.9753633,-3,-7,73
1747012747.0113633,26,20,103
1747012747.0463634,24,2,29
1747012747.0813634,-75,-9,137
1747012747.1173637,8,-11,89
1747012747.1523633,26,44,229
1747012747.1883633,-102,-31,61
1747012747.2233634,49,-17,33
1747012747.2593634,75,-57,87
1747012747.2953634,-35,-16,149
1747012747.3313634,-29,-38,107
1747012747.3673637,58,-6,-66
1747012747.4023633,16,-22,0
1747012747.4373634,2,-56,63
1747012747.4733634,32,-20,43
1747012747.5093634,-57,-34,-4
1747012747.5443633,92,-2,-14
1747012747.5803633,90,-17,113
1747012747.6153634,58,-61,75
1747012747.6503634,104,30,31
1747012747.6853633,47,23,81
1747012747.7213633,27,35,-4
1747012747.757363,-20,17,163
1747012747.7923634,-28,-27,-46
1747012747.8283634,25,-33,53
1747012747.8633633,-24,30,65
1747012747.8983634,45,15,227
1747012747.9333634,31,71,-28
1747012747.9693637,-56,0,13
1747012748.0053637,18,-33,39
1747012748.0403633,-94,50,73
1747012748.076363,-78,-18,173
1747012748.1113634,52,-59,179
1747012748.1463633,-21,20,-28
1747012748.181363,2,36,39
1747012748.2173634,-28,20,133
1747012748.2533634,-7,-63,121
1747012748.2883637,-3,40,117
1747012748.3243637,30,56,75
1747012748.3593633,8,12,113
1747012748.3943634,-26,13,67
1747012748.4293633,57,51,109
1747012748.4653633,42,31,-12
1747012748.5013633,21,-2,145
1747012748.5363634,91,-10,239
1747012748.5723634,35,-110,129
1747012748.6073637,7,13,-8
1747012748.6423633,35,-16,101
1747012748.6773634,-59,-2,119
1747012748.7133634,35,-16,141
1747012748.7493634,52,0,135
1747012748.7843633,-3,-30,113
1747012748.8203633,-11,-34,-20
1747012748.8553634,68,-14,177
1747012748.8903637,-37,27,-8
1747012748.9253633,-4,-41,21
1747012748.9613633,-64,8,17
1747012748.997363,26,29,125
1747012749.0323634,-24,-15,251
1747012749.0683634,19,-3,139
1747012749.1033633,7,16,49
1747012749.1383634,-24,-37,-4
1747012749.1733634,-68,-11,-26
1747012749.2093637,0,-51,79
1747012749.2453637,-3,31,215
1747012749.280363,45,-60,59
1747012749.316363,61,62,27
1747012749.3513634,-27,19,19
1747012749.3863633,-46,80,137
1747012749.4213634,-36,-75,21
1747012749.4573634,-25,-6,35
1747012749.4933634,62,75,57
1747012749.5283637,38,0,81
1747012749.5643632,-3,39,91
1747012749.599363,-35,-24,113
1747012749.6343634,44,9,171
1747012749.6693633,30,-40,47
1747012749.7053633,64,1,51
1747012749.7413633,-43,-48,101
1747012749.7763634,72,47,-60
1747012749.8123634,-19,-18,-58
1747012749.8473637,-1,23,109
1747012749.882363,74,17,165
1747012749.9173634,26,-28,52
1747012749.9533634,22,105,80
1747012749.9893634,-29,-16,68
1747012750.0243633,-23,-40,166
1747012750.0603633,19,-29,-3
1747012750.0953634,82,-31,64
1747012750.1303637,-61,72,22
1747012750.1653633,-13,-59,12
1747012750.201363,40,-67,66
1747012750.237363,-5,18,120
1747012750.2723634,43,-5,33
1747012750.3083634,-12,10,95
1747012750.3433633,-58,5,27
1747012750.3783634,41,-16,9
1747012750.4133637,40,30,-8
1747012750.4493637,-19,-19,58
1747012750.4853632,34,-39,151
1747012750.520363,44,-9,72
1747012750.556363,-11,-55,78
1747012750.5913634,-12,24,152
1747012750.6263633,-36,26,102
1747012750.6623633,26,24,108
1747012750.6973634,49,-93,120
1747012750.7333634,-31,-26,92
1747012750.7683637,40,-62,156
1747012750.8043633,22,75,68
1747012750.839363,-93,-78,94
1747012750.8743634,56,25,88
1747012750.9103634,-50,-112,82
1747012750.9453633,41,-10,142
1747012750.9813633,39,-38,88
1747012751.0163634,-6,-17,-25
1747012751.0523634,-33,28,92
1747012751.0873632,20,-29,40
1747012751.122363,44,20,86
1747012751.158363,-97,-7,102
1747012751.1933634,82,26,-9
1747012751.2293634,0,8,62
1747012751.2643633,13,2,-21
1747012751.3003633,22,-13,164
1747012751.3353634,58,48,62
1747012751.3703637,-106,-17,42
1747012751.4063632,-6,-37,24
1747012751.441363,-50,14,146
1747012751.477363,64,-27,90
1747012751.5123634,-19,20,74
1747012751.5483634,-14,40,106
1747012751.5833633,-14,43,84
1747012751.6183634,46,-37,74
1747012751.6543634,48,-21,104
1747012751.6893632,0,-27,54
1747012751.7253633,-44,81,8
1747012751.760363,49,-24,126
1747012751.7963634,-66,-44,26
1747012751.8313634,-8,9,130
1747012751.8663633,66,59,90
1747012751.9023633,-27,-68,17
1747012751.9373634,-29,19,167
1747012751.9733634,11,-121,174
1747012752.0083632,0,-27,101
1747012752.0443633,82,71,123
1747012752.079363,-20,0,91
1747012752.1143634,-39,-62,239
1747012752.1503634,67,51,222
1747012752.1853633,-126,21,74
1747012752.2213633,-63,16,156
1747012752.2563634,-5,-35,116
1747012752.2923634,-30,7,26
1747012752.3273633,-79,-17,-1
1747012752.362363,31,-26,124
1747012752.3983634,-62,93,106
1747012752.4333634,-46,-20,76
1747012752.4693637,-49,-30,19
1747012752.5043633,-5,-26,126
1747012752.5393634,0,85,107
1747012752.5743637,-28,-28,54
1747012752.6103632,29,0,-3
1747012752.6463633,29,-68,-29
1747012752.681363,-51,20,36
1747012752.7173634,-15,52,53
1747012752.7523634,-97,27,3
1747012752.7873633,-17,-40,75
1747012752.8223634,0,-2,3
1747012752.8583634,74,-68,-8
1747012752.8943634,-13,117,117
1747012752.9293633,38,15,39
1747012752.9653633,50,-22,-25
1747012753.000363,-11,43,94
1747012753.0353634,-9,77,-59
1747012753.0703633,-9,-60,86
1747012753.1063633,24,18,-5
1747012753.1423633,71,-81,104
1747012753.1773634,34,-50,-25
1747012753.2133634,46,-32,48
1747012753.2483633,74,37,18
1747012753.283363,74,27,28
1747012753.3183634,24,-44,198
1747012753.3543634,19,5,88
1747012753.3903637,24,-4,44
1747012753.4253633,57,19,36
1747012753.4613633,-9,11,50
1747012753.4963634,2,99,96
1747012753.5313632,54,-60,8
1747012753.566363,22,-42,192
1747012753.602363,6,-44,-72
1747012753.6383634,112,-18,89
1747012753.6733634,42,-16,103
1747012753.7093637,-53,27,74
1747012753.7443633,30,25,53
1747012753.7793634,-51,73,86
1747012753.8143632,-53,-42,66
1747012753.8503633,4,-6,88
1747012753.8863633,-20,61,28
1747012753.9213634,4,61,27
1747012753.9573634,10,19,-2
1747012753.9923637,-91,-16,75
1747012754.0273633,-15,-10,93
1747012754.0623634,53,13,-70
1747012754.0983634,-22,-29,37
1747012754.1343634,55,0,147
1747012754.1693633,67,14,153
1747012754.2053633,-4,51,167
1747012754.2403634,44,-27,-28
1747012754.2753634,-66,-29,-8
1747012754.3103633,81,-5,64
1747012754.3463633,-8,32,8
1747012754.382363,17,-57,52
1747012754.4173634,-48,37,81
1747012754.4533634,-12,-16,196
1747012754.4883633,11,-9,86
1747012754.5233634,131,-28,142
1747012754.5583634,-31,2,146
1747012754.5943637,4,8,47
1747012754.6303637,8,-20,75
1747012754.6653633,15,-57,-36
1747012754.701363,69,18,29
1747012754.7363634,61,80,3
1747012754.7713633,-10,21,127
1747012754.806363,49,15,147
1747012754.8423634,-31,20,53
1747012754.8783634,7,-46,71
1747012754.9133637,45,-27,23
1747012754.9493637,-14,-67,117
1747012754.9843633,9,9,141
1747012755.0193634,29,21,83
1747012755.0543633,-72,-68,149
1747012755.0903633,23,-26,75
1747012755.1263633,17,-12,-14
1747012755.1613634,12,-51,67
1747012755.1973634,-38,-23,-1
1747012755.2323637,10,6,-7
1747012755.2673633,-5,-17,-13
1747012755.3023634,-78,46,90
1747012755.3383634,79,10,55
1747012755.3743634,55,2,33
1747012755.4093633,51,-67,37
1747012755.4453633,19,63,109
1747012755.4803634,49,57,187
1747012755.5153637,-122,41,17
1747012755.5503633,28,65,81
1747012755.5863633,-7,43,7
1747012755.622363,-89,-52,-14
1747012755.6573634,0,-30,45
1747012755.6933634,-59,1,55
1747012755.7283633,82,23,45
1747012755.7633634,-40,10,95
1747012755.7993634,-12,18,51
1747012755.8343637,27,62,55
1747012755.8703637,-10,26,-16
1747012755.905363,50,43,77
1747012755.941363,57,20,85
1747012755.9763634,85,-3,83
1747012756.0113633,-43,19,69
1747012756.0473633,-63,7,129
1747012756.089363,-26,15,-24
1747012756.1263633,-20,-32,31
1747012756.1613634,-60,-16,141
1747012756.1973634,-2,-42,85
1747012756.2323637,-5,-56,-26
1747012756.2673633,-13,21,-27
1747012756.303363,-32,-50,-16
1747012756.3383634,-8,19,55
1747012756.3743634,26,15,253
1747012756.4093633,30,3,-24
1747012756.4453633,-50,25,-14
1747012756.4803634,-8,-42,87
1747012756.5153637,33,0,33
1747012756.5513637,45,21,107
1747012756.5863633,-78,-42,31
1747012756.622363,-94,6,9
1747012756.6573634,33,-6,113
1747012756.6933634,-70,11,83
1747012756.7283633,12,18,125
1747012756.7633634,-22,15,151
1747012756.7993634,60,-19,89
1747012756.8343637,-10,23,125
1747012756.8703637,61,-4,197
1747012756.905363,5,-36,-30
1747012756.941363,-80,-30,179
1747012756.9763634,-6,-30,7
1747012757.0113633,-95,-12,57
1747012757.0473633,8,-14,61
1747012757.0823634,-45,7,19
1747012757.1183634,40,37,85
1747012757.1533637,-45,27,53
1747012757.1893632,24,21,161
1747012757.224363,84,43,-14
1747012757.2593634,38,-6,275
1747012757.2953634,60,-27,173
1747012757.3303633,-61,54,153
1747012757.3663633,7,79,139
1747012757.4013634,18,14,73
1747012757.4373634,28,-21,-102
1747012757.4733634,14,-21,151
1747012757.5093634,64,38,59
1747012757.5453634,-83,12,-14
1747012757.5803633,74,4,69
1747012757.6153634,-18,32,31
1747012757.6513634,21,30,9
1747012757.6873634,62,-3,1
1747012757.7223637,-83,-3,63
1747012757.7583632,58,-37,43
1747012757.793363,-43,18,231
1747012757.8283634,102,-13,-32
1747012757.8633633,38,-21,209
1747012757.8993633,44,12,-12
1747012757.9353633,40,56,81
1747012757.9703634,22,-30,47
1747012758.0063634,18,-28,-84
1747012758.0413637,-31,-62,41
1747012758.076363,-4,56,243
1747012758.1113634,13,102,60
1747012758.1473634,31,-55,-1
1747012758.1833634,21,-29,-59
1747012758.2183633,-22,-25,88
1747012758.2543633,9,82,48
1747012758.2893634,35,4,108
1747012758.3243637,27,-43,68
1747012758.3593633,7,-33,16
1747012758.395363,-16,-9,116
1747012758.431363,15,20,44
1747012758.4663634,9,4,66
1747012758.5023634,69,-51,-81
1747012758.5373633,-46,22,35
1747012758.5723634,41,44,59
1747012758.6073637,17,-107,-60
1747012758.6433637,-22,-9,129
1747012758.6793633,31,-57,167
1747012758.714363,31,22,27
1747012758.750363,63,10,173
1747012758.7853634,70,64,59
1747012758.8203633,28,-62,-16
1747012758.8553634,72,51,113
1747012758.8913634,54,5,69
1747012758.9273634,-65,-2,-32
1747012758.9623632,0,-35,25
1747012758.9983633,48,42,114
1747012759.033363,74,-6,121
1747012759.0683634,-5,-46,11
1747012759.1033633,-5,15,77
1747012759.1393633,-59,17,79
1747012759.1753633,-9,-2,99
1747012759.2103634,76,-51,66
1747012759.2463634,52,-37,84
1747012759.2813632,-59,-80,200
1747012759.316363,34,-70,-53
1747012759.3513634,68,-32,74
1747012759.3873634,16,11,116
1747012759.4233634,51,-38,166
1747012759.4583633,9,55,122
1747012759.4943633,5,81,54
1747012759.5293634,1,8,92
1747012759.5643632,19,-23,94
1747012759.599363,46,-47,-17
1747012759.635363,25,0,104
1747012759.6713634,0,-24,38
1747012759.7063634,-57,-52,140
1747012759.7423637,4,-24,150
1747012759.7773633,-39,15,108
1747012759.8123634,5,29,98
1747012759.8473637,75,-32,-117
1747012759.8833632,5,-1,134
1747012759.9193633,-11,49,164
1747012759.954363,-29,-18,32
1747012759.9903634,-65,-16,18
1747012760.0253634,-27,-26,-31
1747012760.0603633,16,-6,158
1747012760.0953634,4,77,44
1747012760.1313634,8,-12,36
1747012760.1673634,38,-26,104
1747012760.2023633,-26,-40,-55
1747012760.2383633,11,65,58
1747012760.2733634,41,33,-19
1747012760.3083634,17,39,2
1747012760.3433633,-89,-30,110
1747012760.3793633,60,33,-15
1747012760.4153633,-43,5,102
1747012760.4503634,-29,-4,16
1747012760.4863634,-60,-62,72
1747012760.5213633,71,-18,4
1747012760.556363,-40,11,50
1747012760.5913634,-10,-34,78
1747012760.6273634,1,27,30
1747012760.6633637,-6,-36,14
1747012760.6983633,53,-10,120
1747012760.7343633,-6,65,166
1747012760.7693634,29,13,24
1747012760.8043633,-82,41,62
1747012760.8403633,46,-15,6
1747012760.875363,-23,-73,100
1747012760.9113634,55,29,72
1747012760.9463634,-42,-18,86
1747012760.9823637,33,17,134
1747012761.0173633,27,29,50
1747012761.0523634,59,-18,10
1747012761.0883634,25,77,92
1747012761.1233633,65,-4,-11
1747012761.1593633,-32,-30,36
1747012761.1943634,-42,-46,112
1747012761.2303634,32,-13,42
1747012761.2653637,-21,2,98
1747012761.3003633,8,28,49
1747012761.3363633,68,2,185
1747012761.3713634,56,-17,88
1747012761.4073634,36,40,129
1747012761.4423633,26,64,72
1747012761.4783633,32,-5,37
1747012761.5133634,-81,-27,96
1747012761.5483634,14,10,94
1747012761.5843637,-21,28,136
1747012761.6193633,26,-57,118
1747012761.655363,40,-6,106
1747012761.6903634,-43,-27,136
1747012761.7263634,-37,-41,2
1747012761.7613633,-17,16,48
1747012761.7963634,64,-17,188
1747012761.8323634,38,14,170
1747012761.8673637,-29,-55,44
1747012761.9033637,-91,-24,58
1747012761.9383633,4,69,102
1747012761.974363,82,-2,96
1747012762.0093634,34,-12,-43
1747012762.0443633,-45,13,72
1747012762.0803633,3,34,110
1747012762.1153634,40,33,34
1747012762.1513634,-3,-30,146
1747012762.1863637,-15,3,181
1747012762.2223637,32,19,-1
1747012762.257363,42,19,57
1747012762.2923634,24,5,9
1747012762.3283634,-15,-72,163
1747012762.3633633,78,23,-38
1747012762.3993633,-49,3,51
1747012762.4343634,-10,17,-35
1747012762.4703634,23,19,167
1747012762.5063634,95,-9,-2
1747012762.5423634,21,-31,189
1747012762.5783634,24,-42,37
1747012762.6133633,84,39,184
1747012762.6483634,72,15,153
1747012762.6843634,54,41,113
1747012762.7203634,-40,71,109
1747012762.7553637,-8,69,11
1747012762.7913637,-110,91,175
1747012762.826363,46,0,179
1747012762.8613634,-8,-26,88
1747012762.8963633,-10,33,2
1747012762.9323633,5,3,146
1747012762.9683633,-20,51,86
1747012763.0033634,0,45,92
1747012763.0393634,13,-66,12
1747012763.0743637,43,37,10
1747012763.1093633,79,-22,-127
1747012763.1443634,-6,31,-7
1747012763.1803634,39,-72,86
1747012763.2163634,4,-19,36
1747012763.2513633,5,15,-3
1747012763.2873633,-24,63,12
1747012763.3223634,108,45,36
1747012763.3573637,25,7,188
1747012763.3923633,0,-38,64
1747012763.428363,5,9,144
1747012763.464363,-30,-38,78
1747012763.4993634,37,11,-41
1747012763.5353634,-8,13,38
1747012763.5703633,5,69,86
1747012763.6053634,47,-58,100
1747012763.6403637,-22,-41,84
1747012763.6763637,49,-81,96
1747012763.7123632,38,18,74
1747012763.747363,-57,-63,96
1747012763.783363,44,42,88
1747012763.8183634,-41,48,174
1747012763.8533633,11,12,34
1747012763.8883634,47,-35,128
1747012763.9243634,-2,-91,32
1747012763.9603634,79,24,-3
1747012763.9953637,7,0,-40
1747012764.0313632,-67,-34,78
1747012764.066363,42,83,171
1747012764.1013634,-12,-4,167
1747012764.1363633,12,-94,-16
1747012764.1723633,-5,17,19
1747012764.2083633,97,-22,79
1747012764.2433634,-47,47,101
1747012764.2793634,5,30,109
1747012764.3143632,9,-69,80
1747012764.349363,37,50,100
1747012764.3843634,-3,9,98
1747012764.4203634,14,-112,100
1747012764.4563634,67,-59,155
1747012764.4913633,-77,-28,69
1747012764.5273633,-109,91,31
1747012764.5623634,12,-16,33
1747012764.5973637,50,45,7
1747012764.632363,34,17,31
1747012764.668363,-18,0,165
1747012764.704363,-43,-18,-58
1747012764.7393634,-52,5,21
1747012764.7753634,32,7,149
1747012764.8103633,1,13,107
1747012764.8453634,17,31,35
1747012764.8803637,40,15,-70
1747012764.9163637,54,-35,97
1747012764.9523633,70,7,31
1747012764.987363,38,-59,39
1747012765.0233634,-11,-24,11
1747012765.0583634,-45,65,155
1747012765.0933633,10,25,101
1747012765.1283634,45,-56,33
1747012765.1643634,-46,29,43
1747012765.2003634,101,-32,11
1747012765.2353632,19,-26,31
1747012765.2713633,8,-29,111
1747012765.306363,26,-5,3
1747012765.3413634,-38,-32,113
1747012765.3763633,13,2,33
1747012765.4123633,-8,-23,133
1747012765.4483633,11,28,217
1747012765.4833634,37,-39,103
1747012765.5193634,-78,-1,135
1747012765.5543633,61,-23,45
1747012765.589363,3,-33,113
1747012765.6243634,-7,85,57
1747012765.6603634,-36,-53,35
1747012765.6963634,-44,-19,65
1747012765.7313633,-12,-65,19
1747012765.7673633,-126,94,41
1747012765.8023634,3,-3,129
1747012765.8373632,19,8,135
1747012765.8733633,29,26,61
1747012765.908363,-2,3,129
1747012765.9443634,-48,-26,0
1747012765.9793634,27,-38,93
1747012766.0153637,-14,67,137
1747012766.0503633,51,-22,129
1747012766.0923634,61,11,-6
1747012766.1293633,48,-60,29
1747012766.1643634,-23,-58,87
1747012766.2003634,19,47,71
1747012766.2353632,18,13,-24
1747012766.2713633,24,-18,45
1747012766.306363,42,-18,37
1747012766.3413634,-11,43,73
1747012766.3773634,27,-11,77
1747012766.4123633,-20,-11,227
1747012766.4483633,12,-2,67
1747012766.4833634,-1,-24,59
1747012766.5193634,20,-12,205
1747012766.5543633,-35,5,51
1747012766.589363,-13,-38,93
1747012766.625363,32,35,97
1747012766.6603634,-19,-76,113
1747012766.6963634,28,52,231
1747012766.7313633,-16,-32,-44
1747012766.7673633,5,9,215
1747012766.8023634,-15,-85,131
1747012766.8373632,-9,68,109
1747012766.8733633,16,61,83
1747012766.908363,-33,-14,71
1747012766.9443634,68,69,79
1747012766.9793634,72,1,159
1747012767.0153637,58,15,51
1747012767.0503633,-3,3,113
1747012767.0853634,-11,9,19
1747012767.1213634,24,7,83
1747012767.1563632,62,13,177
1747012767.1923633,-67,-64,-22
1747012767.227363,46,-24,133
1747012767.2633634,-2,-30,29
1747012767.2983634,-22,53,-10
1747012767.3333633,36,33,237
1747012767.3693633,-75,-14,49
1747012767.4043634,-10,-23,71
1747012767.4403634,1,-3,43
1747012767.4753633,41,29,143
1747012767.5113633,-75,-22,104
1747012767.5463634,-45,35,-85
1747012767.5813634,77,29,200
1747012767.6173637,43,-14,63
1747012767.6523633,50,11,55
1747012767.6883633,-23,-22,59
1747012767.7233634,38,-6,93
1747012767.7593634,-9,1,129
1747012767.7953634,18,33,-10
1747012767.8303633,14,5,113
1747012767.8653634,24,99,43
1747012767.9013634,6,11,121
1747012767.9373634,18,35,-60
1747012767.9723637,-69,-62,8
1747012768.0083632,58,31,38
1747012768.043363,34,-58,-11
1747012768.0783634,-49,13,40
1747012768.1133633,20,-80,68
1747012768.1493633,36,49,122
1747012768.1853633,52,0,26
1747012768.2203634,-7,-12,16
1747012768.2563634,54,37,-3
1747012768.2913637,-15,-14,148
1747012768.326363,34,29,58
1747012768.3613634,-11,-44,90
1747012768.3973634,36,39,52
1747012768.4333634,19,-35,96
1747012768.4683633,-32,-44,16
1747012768.5043633,19,0,64
1747012768.5393634,-78,14,-15
1747012768.5743637,29,8,94
1747012768.6093633,39,-2,20
1747012768.645363,103,-61,46
1747012768.681363,35,-16,78
1747012768.7163634,-20,57,140
1747012768.7523634,-28,5,-43
1747012768.7873633,-19,61,68
1747012768.8223634,29,-12,58
1747012768.8573637,-10,-15,8
1747012768.8933637,17,11,52
1747012768.9293633,-8,-25,38
1747012768.964363,-30,-51,78
1747012769.000363,34,23,58
1747012769.0353634,-22,-24,36
1747012769.0703633,-4,79,-37
1747012769.1053634,-18,47,40
1747012769.1413634,-30,43,32
1747012769.1773634,-26,31,90
1747012769.2123632,71,-38,72
1747012769.2483633,73,11,50
1747012769.283363,1,57,168
1747012769.3183634,57,29,120
1747012769.3533633,27,-4,50
1747012769.3893633,0,39,-28
1747012769.4253633,0,-38,33
1747012769.4603634,-45,8,66
1747012769.4963634,-26,-12,1
1747012769.5313632,2,-59,-26
1747012769.566363,41,-62,2
1747012769.6013634,-13,-73,132
1747012769.6373634,-15,8,-3
1747012769.6733634,-14,-22,116
1747012769.7083633,-56,-26,4
1747012769.7443633,81,-50,120
1747012769.7793634,71,-46,116
1747012769.8143632,25,-66,110
1747012769.849363,37,27,12
1747012769.885363,-34,37,115
1747012769.9213634,57,-72,82
1747012769.9563634,-12,-6,197
1747012769.9923637,-68,-66,125
1747012770.0273633,-16,-36,-14
1747012770.0623634,18,-30,45
1747012770.0973637,92,11,64
1747012770.1333632,37,5,129
1747012770.1693633,10,18,29
1747012770.204363,1,33,29
1747012770.2403634,33,-1,83
1747012770.2753634,37,34,-48
1747012770.3103633,-29,24,81
1747012770.3453634,-39,20,117
1747012770.3813634,-43,-11,169
1747012770.4173634,-12,72,29
1747012770.4523633,22,-89,21
1747012770.4883633,-70,28,43
1747012770.5233634,-134,-13,151
1747012770.5583634,67,-36,45
1747012770.5933633,59,-44,-34
1747012770.6293633,-60,27,99
1747012770.6653633,-4,0,99
1747012770.7003634,-1,-25,165
1747012770.7363634,5,97,-14
1747012770.7713633,-21,-9,21
1747012770.806363,-29,32,-26
1747012770.8423634,-57,-59,147
1747012770.8773634,0,46,57
1747012770.9133637,3,74,213
1747012770.9483633,27,2,75
1747012770.9843633,36,30,57
1747012771.0193634,-61,56,145
1747012771.0543633,40,15,-60
1747012771.0903633,-71,6,47
1747012771.125363,26,-70,-60
1747012771.1613634,58,21,19
1747012771.1963634,26,-56,53
1747012771.2323637,-13,45,57
1747012771.2673633,78,57,193
1747012771.3023634,16,-45,157
1747012771.3383634,12,51,27
1747012771.3733633,0,-49,59
1747012771.4093633,16,-45,85
1747012771.4443634,50,0,187
1747012771.4803634,22,10,49
1747012771.5153637,-38,-29,83
1747012771.5503633,-18,54,167
1747012771.5863633,42,9,65
1747012771.6213634,-3,119,179
1747012771.6573634,28,-6,79
1747012771.6923633,56,45,69
1747012771.7283633,-55,13,-70
1747012771.7633634,-55,65,87
1747012771.7983634,-19,-28,149
1747012771.8343637,61,86,197
1747012771.8693633,-40,-23,197
1747012771.905363,-10,105,129
1747012771.9403634,-44,-41,21
1747012771.9763634,57,-21,125
1747012772.0113633,-68,50,55
1747012772.0463634,-44,3,-64
1747012772.0823634,25,9,-8
1747012772.1173637,71,11,-14
1747012772.1533637,0,119,9
1747012772.1883633,45,-40,105
1747012772.224363,29,-6,85
1747012772.2593634,23,81,51
1747012772.2943633,-6,-67,95
1747012772.3303633,51,-15,121
1747012772.3653634,-26,-101,61
1747012772.4013634,-4,0,39
1747012772.4363637,-10,23,111
1747012772.4723637,35,11,25
1747012772.507363,7,47,161
1747012772.5423634,52,37,41
1747012772.5783634,63,-30,39
1747012772.6133633,9,63,-50
1747012772.6493633,-12,119,3
1747012772.6843634,-2,-62,103
1747012772.7193637,-2,-20,96
1747012772.7543633,63,-52,-40
1747012772.7903633,-14,5,1
1747012772.826363,20,64,13
1747012772.8613634,-37,41,175
1747012772.8973634,20,-51,101
1747012772.9323633,-37,-45,80
1747012772.9673634,64,40,2
1747012773.0023634,91,-58,154
1747012773.0383637,27,-35,162
1747012773.0743637,-78,-34,130
1747012773.1093633,-27,36,90
1747012773.145363,36,14,89
1747012773.1803634,62,-3,1
1747012773.2153633,-11,-15,-18
1747012773.250363,10,28,125
1747012773.2863634,32,37,41
1747012773.3223634,-40,-22,-2
1747012773.3573637,70,3,153
1747012773.3933637,-57,-10,102
1747012773.428363,-47,19,97
1747012773.4633634,54,11,161
1747012773.4983633,36,73,67
1747012773.5343633,26,43,131
1747012773.5703633,36,81,75
1747012773.6053634,46,-18,11
1747012773.6413634,54,0,51
1747012773.6763637,61,-31,83
1747012773.7113633,1,-64,81
1747012773.7463634,67,23,-62
1747012773.7823634,13,57,129
1747012773.8183634,-30,-70,91
1747012773.8533633,-56,-50,41
1747012773.8893633,43,45,-48
1747012773.9243634,8,46,139
1747012773.9593637,48,-31,-31
1747012773.9943633,-25,20,69
1747012774.030363,58,34,7
1747012774.066363,-49,-11,77
1747012774.1013634,-43,100,0
1747012774.1373634,-45,28,143
1747012774.1723633,24,-42,-8
1747012774.2073634,-19,-44,35
1747012774.2423637,-43,-15,7
1747012774.2783637,-71,-15,101
1747012774.3143632,86,4,127
1747012774.349363,40,-69,79
1747012774.385363,-29,18,147
1747012774.4203634,-9,44,35
1747012774.4553633,32,-39,93
1747012774.4903634,-47,-87,-48
1747012774.5263634,-99,13,15
1747012774.5623634,-39,-9,203
1747012774.5973637,-20,-36,21
1747012774.6333632,76,18,-78
1747012774.668363,-37,-23,3
1747012774.7033634,-29,66,209
1747012774.7383633,-20,-10,111
1747012774.7743633,-4,-26,0
1747012774.8103633,-10,7,123
1747012774.8453634,-36,61,119
1747012774.8813634,43,19,5
1747012774.9163637,39,-14,97
1747012774.951363,-12,43,39
1747012774.9863634,47,-14,43
1747012775.0223634,-24,39,95
1747012775.0583634,7,-60,-26
1747012775.0933633,61,51,55
1747012775.1293633,-20,-26,-38
1747012775.1643634,21,-56,97
1747012775.1993637,79,13,67
1747012775.2343633,-41,120,39
1747012775.270363,5,-22,99
1747012775.306363,29,-24,67
1747012775.3413634,15,-10,97
1747012775.3773634,-28,15,121
1747012775.4123633,17,7,29
1747012775.4473634,1,27,159
1747012775.4823637,-28,-36,163
1747012775.5183637,-29,20,93
1747012775.5543633,-70,-86,47
1747012775.589363,46,-25,175
1747012775.625363,48,10,101
1747012775.6603634,36,-85,169
1747012775.6953633,-57,-3,67
1747012775.7303634,-29,-33,97
1747012775.7663634,0,6,117
1747012775.8023634,-7,19,13
1747012775.8373632,48,-22,65
1747012775.8733633,-22,15,199
1747012775.908363,-57,81,109
1747012775.9433634,-11,-38,171
1747012775.9793634,-63,-82,41
1747012776.0143633,-1,-74,119
1747012776.0503633,-77,-60,141
1747012776.0853634,-22,-67,17
1747012776.1293633,-3,37,99
1747012776.1643634,52,-14,115
1747012776.1993637,-81,27,-22
1747012776.2353632,-3,87,89
1747012776.270363,18,49,45
1747012776.306363,-3,33,133
1747012776.3413634,-115,-34,-60
1747012776.3773634,38,65,59
1747012776.4123633,28,-62,41
1747012776.4473634,-42,-5,17
1747012776.4833634,101,-9,55
1747012776.5183637,16,-10,171
1747012776.5543633,-1,3,9
1747012776.589363,7,48,37
1747012776.625363,-38,32,9
1747012776.6603634,-39,-98,67
1747012776.6953633,23,-5,77
1747012776.7313633,-53,-30,13
1747012776.7663634,2,0,92
1747012776.8023634,58,37,157
1747012776.8373632,58,-6,117
1747012776.8733633,-33,-22,27
1747012776.908363,-43,-12,176
1747012776.9433634,28,9,156
1747012776.9793634,34,-18,84
1747012777.0143633,-21,5,158
1747012777.0503633,12,13,20
1747012777.0853634,-49,-23,-75
1747012777.1213634,75,57,122
1747012777.1563632,-76,-102,20
1747012777.191363,-84,-42,74
1747012777.227363,-29,0,74
1747012777.2623634,84,29,-1
1747012777.2983634,18,44,-5
1747012777.3333633,-55,16,112
1747012777.3693633,33,98,88
1747012777.4043634,-16,-41,-19
1747012777.4393632,89,-3,64
1747012777.4753633,75,40,46
1747012777.510363,3,-9,138
1747012777.5463634,27,10,88
1747012777.5813634,3,12,88
1747012777.6173637,-38,-35,34
1747012777.6523633,-32,-75,122
1747012777.6873634,1,-81,12
1747012777.7233634,-82,52,150
1747012777.7583632,-14,14,206
1747012777.7943633,13,0,34
1747012777.829363,-16,24,-7
1747012777.8653634,-26,-9,62
1747012777.9013634,4,47,56
1747012777.9363637,-3,3,52
1747012777.9713633,12,31,56
1747012778.007363,46,-20,102
1747012778.043363,-27,-24,52
1747012778.0783634,-19,59,76
1747012778.1143634,18,57,-71
1747012778.1493633,23,5,64
1747012778.1843634,-6,-4,124
1747012778.2193637,15,29,26
1747012778.2553637,49,75,124
1747012778.2913637,10,34,80
1747012778.326363,-38,-44,114
1747012778.362363,-30,-48,41
1747012778.3973634,16,-2,148
1747012778.4323633,72,71,76
1747012778.4673634,18,-28,-53
1747012778.5033634,40,-52,32
1747012778.5393634,24,-38,70
1747012778.5743637,42,-32,40
1747012778.6103632,34,-4,136
1747012778.645363,-97,-105,-41
1747012778.6803634,-47,35,22
1747012778.7153633,-3,-38,62
1747012778.7513633,88,37,80
1747012778.7873633,40,19,14
1747012778.8223634,-11,109,140
1747012778.8583634,16,-24,130
1747012778.8933637,-45,1,38
1747012778.928363,8,57,158
1747012778.9633634,0,15,118
1747012778.9993634,26,-24,-37
1747012779.0353634,-17,-38,94
1747012779.0703633,6,-40,74
1747012779.1063633,-5,3,78
1747012779.1413634,-9,-105,120
1747012779.1763637,-3,26,72
1747012779.2113633,-41,47,188
1747012779.247363,-35,-28,118
1747012779.283363,-66,-5,48
1747012779.3183634,-69,-14,50
1747012779.3543634,9,12,72
1747012779.3893633,-19,-28,20
1747012779.4263637,-37,53,44
1747012779.4613633,-26,56,-11
1747012779.4963634,-72,-19,106
1747012779.5313632,-23,-62,62
1747012779.5673633,-75,-38,-119
1747012779.6033633,66,-56,-61
1747012779.6383634,-38,41,54
1747012779.6743634,35,-18,56
1747012779.7093637,-8,-38,156
1747012779.7443633,47,-44,-5
1747012779.7793634,104,35,134
1747012779.8153634,-20,-22,38
1747012779.8513634,0,55,122
1747012779.8863633,-35,71,114
1747012779.9223633,-21,39,78
1747012779.9573634,96,-64,112
1747012779.9923637,-5,-6,152
1747012780.0273633,18,-9,56
1747012780.0633633,-37,-13,40
1747012780.099363,-77,-1,10
1747012780.1343634,-19,74,218
1747012780.1703634,28,-49,-43
1747012780.2053633,66,-59,56
1747012780.2403634,48,86,30
1747012780.2753634,-39,-2,86
1747012780.3113637,-3,9,-23
1747012780.3473637,73,42,26
1747012780.382363,96,53,-65
1747012780.418363,-36,-77,-37
1747012780.4533634,5,-45,-5
1747012780.4883633,0,90,68
1747012780.5233634,-38,32,86
1747012780.5593634,29,17,206
1747012780.5953634,-16,-44,-31
1747012780.6303637,-16,-12,40
1747012780.6663637,50,47,-5
1747012780.701363,-16,5,24
1747012780.7363634,53,-12,102
1747012780.7713633,-66,-12,60
1747012780.8073633,7,31,58
1747012780.8433633,64,-62,-25
1747012780.8783634,-3,-2,160
1747012780.9143634,-13,9,36
1747012780.9493637,34,85,184
1747012780.9843633,8,47,66
1747012781.020363,40,-36,-11
1747012781.0553634,52,15,136
1747012781.0913634,29,-17,46
1747012781.1263633,43,66,132
1747012781.1623633,45,64,122
1747012781.1973634,-28,26,-21
1747012781.2323637,83,-91,22
1747012781.2683637,45,-37,144
1747012781.303363,-80,44,82
1747012781.339363,-10,32,180
1747012781.3743634,27,28,-47
1747012781.4103634,-4,36,38
1747012781.4453633,0,-67,4
1747012781.4803634,-57,-15,60
1747012781.5163634,42,-37,-31
1747012781.5513637,-47,2,52
1747012781.5873632,82,-37,16
1747012781.622363,28,0,72
1747012781.658363,-4,-67,-11
1747012781.6933634,9,2,64
1747012781.7283633,83,-25,120
1747012781.7643633,8,-37,58
1747012781.7993634,19,-69,68
1747012781.8353634,-6,14,80
1747012781.8703637,-19,-41,72
1747012781.9063632,-27,44,108
1747012781.941363,34,36,-41
1747012781.9763634,8,-95,126
1747012782.0123634,16,64,54
1747012782.0473633,22,20,70
1747012782.0833633,14,-7,84
1747012782.1183634,-45,6,148
1747012782.1543634,-12,-37,50
1747012782.1903634,-54,12,100
1747012782.2263634,1,-21,66
1747012782.2613633,63,20,-33
1747012782.2963634,85,16,138
1747012782.3323634,15,-7,74
1747012782.3673637,-8,-9,16
1747012782.4033637,-13,37,74
1747012782.4383633,48,-8,42
1747012782.474363,72,43,130
1747012782.5093634,-13,-46,114
1747012782.5443633,-48,-49,-99
1747012782.5803633,69,-41,14
1747012782.6153634,42,33,0
1747012782.6513634,20,11,48
1747012782.6863637,-60,36,72
1747012782.7223637,-24,14,-15
1747012782.757363,47,-23,74
1747012782.7923634,-47,-82,98
1747012782.8283634,-48,6,52
1747012782.8633633,-4,-17,48
1747012782.8993633,48,27,100
1747012782.9343634,-79,57,178
1747012782.9693637,-33,63,26
1747012783.0043633,-33,-12,103
1747012783.0403633,32,-90,83
1747012783.076363,52,-8,93
1747012783.1113634,21,-29,261
1747012783.1473634,18,3,129
1747012783.1823633,-47,-70,95
1747012783.2173634,8,3,59
1747012783.2523634,-98,2,201
1747012783.2883637,80,38,105
1747012783.3243637,14,2,103
1747012783.3593633,24,-43,53
1747012783.395363,-45,-39,-48
1747012783.4303634,6,-2,27
1747012783.4653633,34,-8,11
1747012783.500363,2,0,37
1747012783.5363634,-41,-10,18
1747012783.5723634,1,47,36
1747012783.6073637,-19,27,156
1747012783.6433637,28,-26,88
1747012783.678363,-50,-28,98
1747012783.7133634,89,-14,124
1747012783.7483633,-30,79,112
1747012783.7843633,-54,-22,186
1747012783.8203633,0,25,76
1747012783.8553634,-34,-22,76
1747012783.8913634,-57,-42,66
1747012783.9263637,-67,32,210
1747012783.9613633,6,60,98
1747012783.9963634,-13,-48,50
1747012784.0323634,-21,-47,158
1747012784.0683634,-48,-6,-3
1747012784.1033633,27,-6,24
1747012784.1393633,11,-56,100
1747012784.1743634,-40,69,170
1747012784.2093637,-17,-2,114
1747012784.2443633,-67,-10,210
1747012784.280363,-28,0,52
1747012784.316363,57,3,216
1747012784.3513634,-30,-24,142
1747012784.3873634,63,39,88
1747012784.4223633,-8,34,98
1747012784.4573634,-74,-4,178
1747012784.4923637,-22,-2,102
1747012784.5283637,25,-50,26
1747012784.5643632,15,33,133
1747012784.599363,3,-51,68
1747012784.635363,33,-12,66
1747012784.6703634,-102,-106,120
1747012784.7053633,-24,7,118
1747012784.7403634,-6,-4,220
1747012784.7763634,79,-8,-95
1747012784.8123634,-32,51,62
1747012784.8473637,-49,-8,54
1747012784.8833632,26,-14,94
1747012784.918363,60,-80,68
1747012784.9533634,60,-50,40
1747012784.9883633,12,-29,68
1747012785.0243633,16,46,90
1747012785.0603633,22,28,170
1747012785.0953634,-70,2,-3
1747012785.1313634,23,84,126
1747012785.1663637,-26,-27,68
1747012785.201363,5,18,16
1747012785.2363634,19,-1,124
1747012785.2723634,-44,-53,85
1747012785.3083634,79,2,23
1747012785.3433633,-1,15,127
1747012785.3793633,-2,46,67
1747012785.4143634,39,-51,53
1747012785.4493637,-5,17,13
1747012785.4843633,60,13,-30
1747012785.520363,14,6,-28
1747012785.556363,84,-68,27
1747012785.5913634,10,19,13
1747012785.6273634,12,37,121
1747012785.6623633,0,-2,129
1747012785.6973634,40,53,43
1747012785.7323637,-125,47,25
1747012785.7683637,50,-20,119
1747012785.8043633,38,-20,155
1747012785.839363,-33,-50,41
1747012785.875363,6,19,119
1747012785.9103634,4,-22,1
1747012785.9453633,78,41,185
1747012785.9803634,48,-62,199
1747012786.0163634,6,-38,55
1747012786.0523634,-29,-58,93
1747012786.0873632,-69,1,91
1747012786.1303637,70,-26,35
1747012786.1663637,52,3,101
1747012786.201363,74,0,55
1747012786.237363,-36,-2,79
1747012786.2723634,-12,13,-20
1747012786.3083634,-1,-27,89
1747012786.3433633,62,64,65
1747012786.3793633,-12,7,171
1747012786.4143634,19,-55,-20
1747012786.4493637,81,22,55
1747012786.4853632,33,-51,153
1747012786.520363,3,14,155
1747012786.556363,-114,-35,1
1747012786.5913634,80,-27,45
1747012786.6273634,60,30,57
1747012786.6623633,12,26,131
1747012786.6973634,19,65,97
1747012786.7333634,13,1,73
1747012786.7683637,11,25,63
1747012786.8043633,-26,19,17
1747012786.839363,45,9,65
1747012786.875363,23,-22,211
1747012786.9103634,97,-28,131
1747012786.9453633,-12,-2,105
1747012786.9813633,-14,-21,31
1747012787.0163634,-84,-17,33
1747012787.0523634,-26,-56,169
1747012787.0873632,-3,14,49
1747012787.1233633,-43,26,43
1747012787.158363,1,43,93
1747012787.1933634,43,-14,79
1747012787.2293634,47,-12,135
1747012787.2643633,-52,43,73
1747012787.3003633,-11,-2,107
1747012787.3353634,-11,-40,83
1747012787.3713634,32,-12,51
1747012787.4063632,38,1,63
1747012787.441363,22,5,67
1747012787.477363,-53,33,121
1747012787.5123634,64,27,-26
1747012787.5483634,-13,0,19
1747012787.5833633,-37,-88,105
1747012787.6193633,-3,43,151
1747012787.6543634,77,51,-50
1747012787.6893632,-25,17,9
1747012787.7253633,89,-4,33
1747012787.760363,45,-2,15
1747012787.7963634,-28,37,199
1747012787.8313634,33,23,93
1747012787.8673637,57,69,-4
1747012787.9033637,26,11,131
1747012787.9393632,62,25,1
1747012787.9753633,4,-72,23
1747012788.010363,-23,11,19
1747012788.0453634,16,7,41
1747012788.0813634,32,-34,71
1747012788.1173637,10,39,91
1747012788.1523633,-5,63,-30
1747012788.1883633,-11,3,103
1747012788.2233634,0,-4,23
1747012788.2583632,-29,-64,91
1747012788.293363,-35,-20,143
1747012788.329363,16,11,153
1747012788.3653634,36,-10,53
1747012788.4003634,-19,-78,75
1747012788.4363637,40,89,15
1747012788.4713633,6,85,-44
1747012788.5063634,-51,55,141
1747012788.5413637,16,-26,135
1747012788.5773633,-25,-5,29
1747012788.6133633,-1,-2,173
1747012788.6483634,2,-56,93
1747012788.6843634,-31,-12,0
1747012788.7193637,78,-24,21
1747012788.7543633,22,-44,91
1747012788.7893634,32,57,135
1747012788.8253634,-57,-14,87
1747012788.8613634,-63,59,97
1747012788.8963633,34,-32,135
1747012788.9323633,-39,9,151
1747012788.9673634,8,95,109
1747012789.0023634,0,-6,29
1747012789.0373633,3,-40,33
1747012789.0733633,-4,-36,19
1747012789.1093633,21,-21,49
1747012789.1443634,13,-19,123
1747012789.1803634,-36,-29,39
1747012789.2153633,-50,-37,151
1747012789.250363,15,4,-22
1747012789.2853634,27,6,93
1747012789.3213634,0,-19,-52
1747012789.3573637,6,-12,177
1747012789.3923633,10,61,55
1747012789.428363,-19,-20,35
1747012789.4633634,44,9,95
1747012789.4983633,6,-6,-18
1747012789.533363,38,35,111
1747012789.5693634,-5,-18,95
1747012789.6053634,12,18,3
1747012789.6403637,90,-41,7
1747012789.6763637,38,32,-4
1747012789.7113633,78,-1,63
1747012789.7463634,20,-71,81
1747012789.7813632,49,-35,113
1747012789.8173633,-130,36,-36
1747012789.8533633,48,-39,67
1747012789.8883634,40,-19,129
1747012789.9243634,79,54,87
1747012789.9593637,12,5,43
1747012789.9943633,-59,28,89
1747012790.0293634,12,-35,69
1747012790.0653634,-17,38,137
1747012790.1013634,-49,14,83
1747012790.1363633,18,-5,167
1747012790.1723633,10,26,-64
1747012790.2073634,140,46,7
1747012790.2423637,-39,38,11
1747012790.2773633,34,14,121
1747012790.3133633,-59,-1,161
1747012790.349363,26,-15,93
1747012790.3843634,-31,-19,45
1747012790.4203634,30,-23,233
1747012790.4553633,-7,20,115
1747012790.4903634,8,-32,37
1747012790.5253634,28,-1,117
1747012790.5613637,38,-43,25
1747012790.5973637,-35,24,37
1747012790.632363,-41,6,0
1747012790.668363,-15,54,65
1747012790.7033634,111,34,90
1747012790.7383633,10,-24,18
1747012790.7733634,-23,-23,54
1747012790.8093634,-46,14,206
1747012790.8453634,-8,26,62
1747012790.8803637,-32,-20,98
1747012790.9163637,-24,-69,132
1747012790.951363,-24,11,44
1747012790.9863634,-18,85,150
1747012791.0213633,-54,3,184
1747012791.0573633,-42,-16,42
1747012791.0933633,22,-14,22
1747012791.1283634,-12,-6,-3
1747012791.1643634,-40,-12,96
1747012791.1993637,-10,-8,-11
1747012791.2343633,25,13,-29
1747012791.270363,38,26,30
1747012791.3053634,-2,45,-31
1747012791.3413634,49,23,16
1747012791.3763633,135,-24,-21
1747012791.4123633,11,11,92
1747012791.4473634,-16,9,16
1747012791.4823637,25,21,-29
1747012791.5183637,53,-19,-59
1747012791.553363,105,-19,66
1747012791.589363,19,93,50
1747012791.6243634,15,39,84
1747012791.6603634,-9,33,-25
1747012791.6953633,10,5,-7
1747012791.7303634,26,-2,134
1747012791.7663634,46,35,158
1747012791.8013637,-33,-36,94
1747012791.8373632,3,-81,42
1747012791.872363,-94,-69,-1
1747012791.908363,-112,-15,114
1747012791.9433634,-19,27,80
1747012791.9783633,-77,55,4
1747012792.0143633,-95,31,112
1747012792.0493634,24,-24,-15
1747012792.0853634,-9,-10,56
1747012792.1203637,42,13,-39
1747012792.1563632,-39,-6,98
1747012792.191363,3,0,88
1747012792.2263634,-1,-43,18
1747012792.2623634,-50,21,106
1747012792.2973633,-43,-37,84
1747012792.3333633,-67,39,-1
1747012792.3683634,20,-9,22
1747012792.4043634,-47,14,164
1747012792.4393632,-61,15,84
1747012792.474363,17,-75,-33
1747012792.510363,55,4,-11
1747012792.5453634,3,7,34
1747012792.5813634,-58,-52,14
1747012792.6163633,85,23,68
1747012792.6523633,68,-24,39
1747012792.6873634,-10,11,6
1747012792.7223637,24,25,12
1747012792.7583632,52,63,81
1747012792.793363,-11,0,67
1747012792.829363,26,-94,134
1747012792.8643634,100,5,98
1747012792.9003634,-31,-70,57
1747012792.9353633,-39,-6,36
1747012792.9703634,20,45,209
1747012793.0063634,-92,59,85
1747012793.0413637,-39,-39,83
1747012793.0773633,-91,14,95
1747012793.112363,-41,36,61
1747012793.1473634,-11,21,91
1747012793.1823633,-57,47,112
1747012793.2183633,-57,46,116
1747012793.2543633,50,18,88
1747012793.2893634,63,18,99
1747012793.3253634,13,46,35
1747012793.3603632,39,10,70
1747012793.395363,-80,-17,202
1747012793.4303634,-4,12,204
1747012793.4663634,-50,-1,22
1747012793.5023634,122,0,-183
1747012793.5373633,-27,12,60
1747012793.5733633,9,45,248
1747012793.6083634,11,69,112
1747012793.6433637,-8,83,32
1747012793.678363,30,-65,88
1747012793.714363,79,-58,38
1747012793.750363,17,-84,78
1747012793.7853634,17,53,96
1747012793.8213634,-118,-26,18
1747012793.8563633,-70,9,164
1747012793.8913634,-52,-14,72
1747012793.9263637,-8,31,102
1747012793.9623632,-13,91,140
1747012793.9983633,-9,-42,162
1747012794.033363,-64,65,-17
1747012794.0693634,21,-50,-61
1747012794.1043634,16,-8,92
1747012794.1393633,26,37,202
1747012794.1743634,0,25,50
1747012794.2103634,-17,-4,158
1747012794.2463634,28,19,114
1747012794.2813632,-7,-37,48
1747012794.3173633,66,-3,68
1747012794.352363,36,-25,132
1747012794.3873634,-33,15,114
1747012794.4223633,-27,21,70
1747012794.4583633,42,-18,66
1747012794.4943633,24,55,70
1747012794.5293634,69,-6,-69
1747012794.5653634,4,-32,38
1747012794.6003633,-14,0,19
1747012794.635363,64,15,115
1747012794.6703634,8,-37,33
1747012794.7063634,6,-13,3
1747012794.7423637,-73,-22,207
1747012794.7773633,-43,17,105
1747012794.8133633,-89,1,109
1747012794.8483634,-4,-86,222
1747012794.8833632,59,-14,44
1747012794.918363,-4,46,129
1747012794.954363,-65,-88,37
1747012794.9903634,-30,-43,127
1747012795.0253634,-74,48,77
1747012795.0613637,-23,-46,87
1747012795.0963633,109,13,135
1747012795.1313634,47,-12,61
1747012795.1663637,21,-48,19
1747012795.2023633,19,-66,0
1747012795.2383633,-7,-10,118
1747012795.2733634,60,-10,79
1747012795.3093634,91,17,-86
1747012795.3443637,-14,-56,131
1747012795.3793633,-10,-94,213
1747012795.4143634,-17,-5,183
1747012795.4503634,29,19,107
1747012795.4863634,-72,-19,-6
1747012795.5213633,12,112,113
1747012795.5573633,19,-54,63
1747012795.5923634,-64,5,-52
1747012795.6273634,-21,17,7
1747012795.6623633,-23,-36,27
1747012795.6983633,21,18,68
1747012795.7343633,-10,-9,108
1747012795.7693634,37,-3,2
1747012795.8053634,-50,56,168
1747012795.8403633,-16,72,0
1747012795.875363,-58,38,103
1747012795.9103634,-10,-77,55
1747012795.9463634,-17,53,39
1747012795.9823637,28,-4,113
1747012796.0173633,14,-36,169
1747012796.053363,-43,1,181
1747012796.0883634,20,43,65
1747012796.1303637,12,51,19
1747012796.1663637,50,-30,33
1747012796.2023633,77,-2,1
1747012796.2383633,20,13,165
1747012796.2733634,22,21,121
1747012796.3093634,-15,-90,96
1747012796.3443637,68,-42,184
1747012796.3793633,-29,-6,56
1747012796.4153633,-45,-12,134
1747012796.4503634,-27,17,-45
1747012796.4863634,40,-50,15
1747012796.5213633,12,9,142
1747012796.5573633,-111,-36,77
1747012796.5923634,4,-16,65
1747012796.6273634,69,-17,47
1747012796.6633637,-6,36,59
1747012796.6983633,49,22,65
1747012796.7343633,-39,49,21
1747012796.7693634,58,35,-3
1747012796.8053634,-13,7,-47
1747012796.8403633,-79,0,100
1747012796.875363,-32,-17,112
1747012796.9113634,37,46,42
1747012796.9463634,20,-4,112
1747012796.9823637,-25,35,78
1747012797.0173633,14,-28,166
1747012797.053363,134,-12,136
1747012797.0883634,20,19,-95
1747012797.1233633,42,3,10
1747012797.1593633,-23,33,170
1747012797.1943634,-29,40,152
1747012797.2303634,-8,-7,-13
1747012797.2653637,39,20,19
1747012797.3013637,-165,84,102
1747012797.3363633,-25,-14,28
1747012797.3713634,76,-36,20
1747012797.4073634,-29,-13,37
1747012797.4423633,70,-29,130
1747012797.4783633,-23,20,112
1747012797.5133634,-34,-37,74
1747012797.5493634,24,-51,90
1747012797.5843637,-3,-41,52
1747012797.6193633,-46,26,40
1747012797.655363,62,-58,118
1747012797.6903634,-7,17,124
1747012797.7263634,-4,-33,212
1747012797.7613633,37,-15,226
1747012797.7973633,33,-13,76
1747012797.8323634,45,-13,90
1747012797.8673637,72,-36,38
1747012797.9033637,-77,45,32
1747012797.9383633,-17,57,99
1747012797.974363,-127,43,74
1747012798.0093634,-65,35,28
1747012798.0443633,-100,40,38
1747012798.079363,61,60,13
1747012798.1153634,99,30,61
1747012798.1513634,14,-22,151
1747012798.1863637,16,-6,85
1747012798.2223637,56,26,-21
1747012798.257363,-7,-3,127
1747012798.2923634,-113,-22,115
1747012798.3273633,18,-7,97
1747012798.3633633,58,-25,7
1747012798.3993633,30,10,103
1747012798.4343634,-21,-17,123
1747012798.4703634,44,23,215
1747012798.5053637,-3,-51,-62
1747012798.5403633,20,38,7
1747012798.5753634,60,12,77
1747012798.6113634,42,46,43
1747012798.6473634,-81,60,101
1747012798.6823633,0,-49,79
1747012798.7183633,15,12,215
1747012798.7533634,-47,-44,155
1747012798.7883637,21,62,117
1747012798.8233633,103,34,155
1747012798.8593633,-68,10,117
1747012798.895363,72,34,-4
1747012798.9303634,-33,-16,-86
1747012798.9663634,2,-18,115
1747012799.0013633,48,3,-52
1747012799.0363634,48,49,81
1747012799.0713634,34,-6,0
1747012799.1073637,18,-24,147
1747012799.1433637,14,-16,1
1747012799.178363,81,75,-42
1747012799.214363,-38,24,63
1747012799.2493634,-82,28,69
1747012799.2843633,0,30,17
1747012799.3193634,-6,-17,35
1747012799.3553634,-4,-47,31
1747012799.3913634,24,-66,-28
1747012799.4263637,-49,39,111
1747012799.4623632,-21,19,61
1747012799.497363,-53,-16,211
1747012799.5323634,4,47,79
1747012799.5673633,4,17,119
1747012799.6033633,33,-37,113
1747012799.6393633,-62,-3,29
1747012799.6743634,15,20,109
1747012799.7103634,-32,28,-48
1747012799.7453637,33,4,-34
1747012799.780363,33,-73,25
1747012799.8153634,-28,18,69
1747012799.8513634,53,-74,125
1747012799.8873634,-6,31,65
1747012799.9223633,-54,-62,135
1747012799.9583633,-22,-16,27
1747012799.9933634,-30,13,33
1747012800.0283637,-28,-16,29
1747012800.0633633,-28,-18,107
1747012800.099363,-48,1,71
1747012800.135363,11,45,-12
1747012800.1703634,-14,105,-42
1747012800.2063634,-28,25,125
1747012800.2413633,45,-18,47
1747012800.2763634,-20,-69,23
1747012800.3113637,47,17,-70
1747012800.3473637,-24,73,37
1747012800.3833632,21,-14,103
1747012800.418363,-18,-44,55
1747012800.454363,21,-54,59
1747012800.4893634,11,8,203
1747012800.5243633,31,-10,57
1747012800.5593634,1,-27,51
1747012800.5953634,-12,-19,127
1747012800.6313634,56,-38,17
1747012800.6663637,29,31,121
1747012800.7023633,-56,-78,-48
1747012800.737363,49,-68,103
1747012800.7723634,11,81,-2
1747012800.8073633,22,37,97
1747012800.8433633,60,-48,31
1747012800.8793633,26,3,119
1747012800.9143634,23,-4,-48
1747012800.9503634,33,19,41
1747012800.9853632,-48,79,65
1747012801.020363,-32,-46,35
1747012801.0553634,35,-6,11
1747012801.0913634,41,15,143
1747012801.1273634,-67,25,55
1747012801.1623633,46,-10,131
1747012801.1983633,-70,-69,59
1747012801.2333634,-1,0,43
1747012801.2683637,-3,-36,19
1747012801.3043633,16,-54,107
1747012801.339363,-79,-2,47
1747012801.375363,-50,-47,89
1747012801.4103634,83,22,127
1747012801.4463634,25,2,147
1747012801.4813633,21,-5,55
1747012801.5163634,-5,71,137
1747012801.5523634,-58,-8,91
1747012801.5873632,23,0,199
1747012801.6233633,-84,-40,113
1747012801.658363,-74,79,83
1747012801.6943634,-6,-18,83
1747012801.7293634,-36,31,-11
1747012801.7643633,-10,-61,118
1747012801.8003633,-122,52,36
1747012801.8353634,13,54,2
1747012801.8713634,73,96,32
1747012801.9063632,5,-33,18
1747012801.9423633,41,8,154
1747012801.977363,-26,20,24
1747012802.0123634,-4,-39,-1
1747012802.0483634,-65,-56,66
1747012802.0833633,15,-70,-31
1747012802.1193633,7,-112,56
1747012802.1543634,61,-28,62
1747012802.1903634,-56,-76,24
1747012802.2253633,-10,31,46
1747012802.260363,0,46,110
1747012802.2963634,27,41,98
1747012802.3313634,3,57,36
1747012802.3673637,-62,-82,28
1747012802.4023633,-106,10,36
1747012802.4373634,29,36,6
1747012802.4723637,59,29,70
1747012802.5083632,-20,-80,70
1747012802.5443633,1,-20,158
1747012802.579363,-10,53,162
1747012802.6153634,17,31,128
1747012802.6503634,-2,-40,76
1747012802.6863637,-35,84,-49
1747012802.7213633,-22,27,64
1747012802.7563634,-22,84,40
1747012802.7923634,-4,-24,56
1747012802.8273633,-6,28,64
1747012802.8633633,-12,68,68
1747012802.8983634,-68,12,208
1747012802.9343634,0,-35,176
1747012802.9693637,67,76,136
1747012803.0043633,-28,16,-43
1747012803.0403633,-48,58,-11
1747012803.0753634,-16,-51,8
1747012803.1113634,1,-70,104
1747012803.1463633,-56,-40,52
1747012803.1823633,7,-18,64
1747012803.2183633,-82,35,194
1747012803.2533634,31,25,122
1747012803.2883637,-16,5,84
1747012803.3243637,53,43,10
1747012803.3603632,57,-10,176
1747012803.395363,-22,-14,-67
1747012803.431363,17,27,94
1747012803.4663634,45,73,106
1747012803.5013633,49,7,106
1747012803.5363634,-16,-39,162
1747012803.5723634,23,-25,90
1747012803.6083634,-2,6,12
1747012803.6433637,33,119,112
1747012803.6793633,-26,25,146
1747012803.714363,97,-31,82
1747012803.7493634,65,-23,198
1747012803.7843633,-3,-1,107
1747012803.8203633,-23,20,-7
1747012803.8563633,-18,2,22
1747012803.8913634,-41,0,-10
1747012803.9273634,-67,-63,65
1747012803.9623632,14,-11,101
1747012803.997363,-101,62,34
1747012804.0323634,16,60,-7
1747012804.0683634,42,79,182
1747012804.1043634,-27,62,168
1747012804.1393633,-23,81,114
1747012804.1753633,20,50,112
1747012804.2103634,-29,24,138
1747012804.2453637,-93,-13,-41
1747012804.280363,-37,4,106
1747012804.316363,22,-2,62
1747012804.352363,20,47,50
1747012804.3873634,2,-68,80
1747012804.4233634,18,-22,-1
1747012804.4583633,17,-75,38
1747012804.4933634,39,41,68
1747012804.5283637,-52,16,88
1747012804.5643632,19,24,50
1747012804.6003633,99,-85,82
1747012804.635363,65,52,73
1747012804.6713634,51,-27,98
1747012804.7063634,8,35,72
1747012804.7413633,2,-8,94
1747012804.7763634,-105,29,96
1747012804.8123634,9,-5,102
1747012804.8483634,-41,-14,140
1747012804.8833632,28,-82,46
1747012804.9193633,-8,-58,167
1747012804.954363,17,-90,80
1747012804.9893634,61,-4,129
1747012805.0243633,-9,-25,223
1747012805.0603633,-73,-19,-26
1747012805.0963633,-89,68,43
1747012805.1313634,25,26,107
1747012805.1673634,-70,24,65
1747012805.2023633,7,-39,65
1747012805.237363,-11,10,51
1747012805.2723634,-53,34,-37
1747012805.3083634,30,64,170
1747012805.3443637,24,2,62
1747012805.3793633,-43,-45,106
1747012805.4153633,-29,13,4
1747012805.4503634,98,8,140
1747012805.4853632,6,-41,140
1747012805.520363,-17,-33,2
1747012805.556363,16,-27,44
1747012805.5923634,-81,10,58
1747012805.6273634,78,80,84
1747012805.6633637,0,52,68
1747012805.6983633,-13,-89,58
1747012805.7333634,68,-41,226
1747012805.7683637,-3,20,28
1747012805.8043633,46,6,-17
1747012805.8403633,26,-44,19
1747012805.875363,-13,-45,31
1747012805.9113634,-9,69,53
1747012805.9463634,60,49,1
1747012805.9813633,-45,87,-18
1747012806.0163634,-10,-24,83
1747012806.0523634,27,-16,85
1747012806.0883634,-24,17,-40
1747012806.1233633,-44,21,83
1747012806.1663637,-40,27,109
1747012806.2023633,15,-30,81
1747012806.237363,-24,-38,99
1747012806.2723634,79,-8,13
1747012806.3083634,-42,13,31
1747012806.3443637,-20,-10,131
1747012806.3793633,15,27,119
1747012806.4153633,-54,0,7
1747012806.4503634,-4,-48,35
1747012806.4853632,21,49,119
1747012806.5213633,2,30,143
1747012806.556363,31,7,53
1747012806.5923634,10,10,105
1747012806.6273634,72,-19,-29
1747012806.6633637,-68,-29,94
1747012806.6983633,13,18,106
1747012806.7333634,-22,29,108
1747012806.7693634,59,-70,90
1747012806.8043633,3,22,210
1747012806.8403633,-24,53,40
1747012806.875363,72,-48,160
1747012806.9113634,21,-25,26
1747012806.9463634,-17,-69,44
1747012806.9813633,14,-93,188
1747012807.0173633,-37,40,192
1747012807.0523634,-47,22,40
1747012807.0883634,36,0,-21
1747012807.1233633,-7,0,-73
1747012807.1593633,14,20,70
1747012807.1943634,-11,-4,158
1747012807.2293634,-47,83,102
1747012807.2653637,-11,15,18
1747012807.3003633,-9,11,116
1747012807.3363633,56,51,58
1747012807.3713634,54,50,48
1747012807.4073634,16,1,94
1747012807.4423633,-11,-20,12
1747012807.477363,44,-38,90
1747012807.5133634,-3,27,80
1747012807.5483634,3,12,-29
1747012807.5843637,28,-48,-29
1747012807.6193633,40,45,10
1747012807.655363,-71,1,182
1747012807.6903634,24,-2,-25
1747012807.7253633,20,1,-5
1747012807.7613633,-5,-88,44
1747012807.7963634,-15,-18,110
1747012807.8323634,-59,11,166
1747012807.8673637,60,47,160
1747012807.9033637,-14,0,120
1747012807.9383633,-47,9,-23
1747012807.9733634,68,39,86
1747012808.0093634,-3,41,24
1747012808.0443633,-55,3,184
1747012808.0803633,22,-92,50
1747012808.1153634,38,-82,-7
1747012808.1513634,107,41,38
1747012808.1863637,126,-38,58
1747012808.2213633,-39,-62,126
1747012808.257363,32,2,70
1747012808.2923634,34,-65,126
1747012808.3283634,-33,14,102
1747012808.3633633,30,8,122
1747012808.3983634,-11,66,-3
1747012808.4333634,58,-51,86
1747012808.4693637,28,-31,60
1747012808.5053637,20,28,50
1747012808.5403633,-19,32,122
1747012808.576363,28,-5,232
1747012808.6113634,-39,-47,104
1747012808.6463633,-32,-1,82
1747012808.681363,-34,-48,142
1747012808.7173634,23,5,-1
1747012808.7533634,51,0,58
1747012808.7883637,-11,37,62
1747012808.8243637,-15,-32,-99
1747012808.8593633,-31,-18,94
1747012808.8943634,5,43,114
1747012808.9293633,3,65,24
1747012808.9653633,5,-18,78
1747012809.0013633,56,20,122
1747012809.0363634,4,-15,112
1747012809.0723634,2,-1,52
1747012809.1073637,47,-27,84
1747012809.1423633,-22,-47,-13
1747012809.1773634,5,-40,4
1747012809.2133634,-11,-19,134
1747012809.2493634,30,1,18
1747012809.2843633,-21,-19,40
1747012809.3203633,109,4,88
1747012809.3553634,-18,11,78
1747012809.3903637,44,11,-49
1747012809.4253633,-99,-41,98
1747012809.4613633,-15,7,20
1747012809.497363,-81,17,112
1747012809.5323634,74,-8,66
1747012809.5683634,14,-7,72
1747012809.6033633,-32,-47,64
1747012809.6383634,-14,90,130
1747012809.6733634,-13,36,114
1747012809.7093637,80,0,124
1747012809.7453637,-77,-23,68
1747012809.780363,-39,-22,-133
1747012809.816363,-17,-48,16
1747012809.8513634,-25,45,28
1747012809.8863633,-20,17,6
1747012809.9213634,-41,24,82
1747012809.9573634,-69,95,90
1747012809.9933634,106,92,202
1747012810.0283637,-79,76,0
1747012810.0643632,-4,-40,176
1747012810.099363,-7,29,68
1747012810.1343634,34,-28,78
1747012810.1693633,42,23,22
1747012810.2053633,38,-18,106
1747012810.2413633,46,29,-33
1747012810.2763634,-7,9,88
1747012810.3123634,2,-55,78
1747012810.3473637,-29,22,-17
1747012810.382363,-9,-33,100
1747012810.4173634,48,36,130
1747012810.4533634,20,14,112
1747012810.4893634,-41,-3,72
1747012810.5243633,-11,64,-79
1747012810.5603633,26,8,84
1747012810.5953634,-46,4,66
1747012810.6303637,-93,16,30
1747012810.6653633,7,8,100
1747012810.701363,-2,3,62
1747012810.737363,-17,71,2
1747012810.7723634,4,-64,108
1747012810.8083634,36,-62,134
1747012810.8433633,2,-22,120
1747012810.8783634,-17,-86,50
1747012810.9133637,45,22,-19
1747012810.9493637,-33,7,160
1747012810.9853632,50,-20,-47
1747012811.020363,14,9,154
1747012811.056363,-55,-23,-9
1747012811.0913634,16,-23,118
1747012811.1263633,-111,-53,-3
1747012811.1613634,66,-28,10
1747012811.1973634,-53,33,70
1747012811.2333634,-41,79,58
1747012811.2683637,-67,33,176
1747012811.3043633,0,-10,-33
1747012811.339363,22,55,196
1747012811.3743634,20,-36,98
1747012811.4093633,-31,27,10
1747012811.4453633,-9,37,142
1747012811.4813633,25,-41,12
1747012811.5163634,1,80,-7
1747012811.5523634,1,72,103
1747012811.5873632,78,45,151
1747012811.622363,35,-1,-22
1747012811.658363,32,-28,21
1747012811.6933634,-1,61,165
1747012811.7293634,0,-89,52
1747012811.7643633,18,-4,96
1747012811.8003633,-27,58,96
1747012811.8353634,62,0,106
1747012811.8703637,-9,-59,44
1747012811.9063632,30,36,40
1747012811.941363,-39,-72,42
1747012811.977363,8,-30,-11
1747012812.0123634,-55,-32,162
1747012812.0483634,-61,-34,122
1747012812.0833633,42,67,60
1747012812.1183634,36,-58,-69
1747012812.1543634,15,24,60
1747012812.1893632,65,4,30
1747012812.2253633,5,6,86
1747012812.260363,84,-4,-39
1747012812.2963634,-61,-10,162
1747012812.3313634,-44,4,48
1747012812.3663633,95,-15,74
1747012812.4023633,-26,-16,54
1747012812.4373634,82,-15,36
1747012812.4733634,36,33,148
1747012812.5083632,63,10,121
1747012812.5443633,-20,-29,92
1747012812.579363,59,46,83
1747012812.6143634,111,-50,20
1747012812.6503634,31,-22,116
1747012812.6853633,-16,3,22
1747012812.7213633,1,25,82
1747012812.7563634,47,-32,90
1747012812.7923634,7,7,188
1747012812.8273633,65,53,-53
1747012812.862363,-31,-3,148
1747012812.8983634,6,-27,48
1747012812.9333634,-65,34,120
1747012812.9693637,34,-71,158
1747012813.0043633,54,-67,92
1747012813.0403633,6,-25,70
1747012813.0753634,-17,-67,68
1747012813.1103632,-9,8,-116
1747012813.1463633,48,28,65
1747012813.181363,-9,-22,-56
1747012813.2173634,-41,-34,67
1747012813.2523634,-33,-26,97
1747012813.2883637,-41,19,54
1747012813.3243637,-11,-13,116
1747012813.3593633,27,25,-15
1747012813.3943634,-14,77,24
1747012813.4303634,-30,-13,84
1747012813.4663634,-13,-8,48
1747012813.5013633,-35,69,42
1747012813.5373633,42,-50,50
1747012813.5723634,-67,-28,84
1747012813.6073637,30,14,60
1747012813.6423633,4,16,-13
1747012813.678363,58,64,104
1747012813.714363,-44,-10,48
1747012813.7493634,30,-65,80
1747012813.7853634,-75,17,75
1747012813.8203633,-55,51,173
1747012813.8553634,-7,48,65
1747012813.8903637,-39,0,55
1747012813.9263637,14,-26,158
1747012813.9623632,-3,-72,-24
1747012813.997363,-27,85,41
1747012814.033363,30,19,80
1747012814.0683634,-47,-38,50
1747012814.1033633,-5,79,100
1747012814.1383634,-5,3,-77
1747012814.1743634,65,45,42
1747012814.2103634,8,59,104
1747012814.2453637,-33,-40,97
1747012814.2813632,-57,79,40
1747012814.316363,-65,-60,-16
1747012814.3513634,-15,45,69
1747012814.3863633,-31,35,35
1747012814.4223633,-31,44,1
1747012814.4583633,6,15,111
1747012814.4933634,-39,0,155
1747012814.5293634,-17,-2,64
1747012814.5643632,-35,-30,36
1747012814.599363,-6,-29,-21
1747012814.6343634,5,-9,70
1747012814.6703634,-44,-41,-5
1747012814.7063634,-64,-3,151
1747012814.7413633,-14,-37,-9
1747012814.7773633,-20,3,94
1747012814.8123634,42,0,196
1747012814.8473637,16,-16,198
1747012814.882363,-9,39,52
1747012814.918363,-15,63,102
1747012814.954363,-14,-51,42
1747012814.9893634,45,16,120
1747012815.0253634,-8,2,100
1747012815.0603633,-32,-3,38
1747012815.0953634,-10,-51,40
1747012815.1303637,41,20,-10
1747012815.1663637,9,-69,131
1747012815.2023633,-44,16,79
1747012815.237363,67,-37,79
1747012815.2733634,-65,-104,49
1747012815.3083634,22,1,-8
1747012815.3433633,-9,-34,159
1747012815.3783634,56,51,19
1747012815.4143634,-19,-58,177
1747012815.4503634,-11,-26,71
1747012815.4853632,-45,-10,79
1747012815.5213633,21,31,137
1747012815.556363,45,19,115
1747012815.5913634,33,13,53
1747012815.6263633,-34,1,97
1747012815.6623633,26,13,87
1747012815.6983633,-9,49,155
1747012815.7333634,-15,-26,71
1747012815.7693634,-75,-28,45
1747012815.8043633,-73,5,65
1747012815.839363,60,-90,109
1747012815.8743634,-41,47,71
1747012815.9103634,-23,1,117
1747012815.9463634,14,-56,109
1747012815.9813633,4,5,127
1747012816.0173633,-55,-44,113
1747012816.0523634,-106,88,22
1747012816.0873632,101,88,22
1747012816.122363,-21,-32,102
1747012816.158363,-17,-16,68
1747012816.201363,-17,5,160
1747012816.237363,34,9,76
1747012816.2733634,-21,-44,25
1747012816.3083634,28,63,71
1747012816.3433633,56,-32,126
1747012816.3783634,32,-68,87
1747012816.4143634,10,33,117
1747012816.4503634,14,-30,-34
1747012816.4853632,-69,-96,75
1747012816.5213633,12,-108,19
1747012816.556363,-21,-40,153
1747012816.5913634,26,96,61
1747012816.6273634,-85,37,83
1747012816.6623633,100,-32,94
1747012816.6983633,47,-24,148
1747012816.7333634,10,-92,120
1747012816.7693634,-41,-44,46
1747012816.8043633,12,-26,132
1747012816.839363,-3,-30,-9
1747012816.875363,14,-52,34
1747012816.9103634,-135,11,70
1747012816.9463634,77,33,142
1747012816.9813633,-32,-54,48
1747012817.0173633,-15,28,210
1747012817.0523634,74,0,100
1747012817.0873632,-27,-13,-37
1747012817.1233633,-45,-6,14
1747012817.158363,-85,-26,10
1747012817.1943634,-31,-28,38
1747012817.2293634,-101,39,102
1747012817.2653637,74,-32,-25
1747012817.3003633,-33,7,138
1747012817.3353634,-5,43,136
1747012817.3713634,4,-16,112
1747012817.4063632,76,-52,-17
1747012817.4423633,38,25,156
1747012817.477363,-37,6,104
1747012817.5133634,24,-8,110
1747012817.5483634,28,-58,144
1747012817.5833633,59,-35,-9
1747012817.6193633,-26,-109,88
1747012817.6543634,26,99,48
1747012817.6903634,-23,27,76
1747012817.7253633,-1,7,124
1747012817.7613633,4,-12,10
1747012817.7963634,28,-18,116
1747012817.8313634,-54,50,164
1747012817.8673637,-73,-6,84
1747012817.9023633,48,-64,-45
1747012817.9383633,84,-4,98
1747012817.9733634,-17,-64,162
1747012818.0093634,10,-29,56
1747012818.0443633,0,70,42
1747012818.079363,-26,-34,24
1747012818.1153634,-2,-20,-1
1747012818.1503634,39,45,24
1747012818.1863637,43,-46,38
1747012818.2213633,-72,21,152
1747012818.257363,59,58,60
1747012818.2923634,-120,32,14
1747012818.3273633,59,54,60
1747012818.3633633,-47,12,-17
1747012818.3983634,-36,17,130
1747012818.4343634,-32,27,12
1747012818.4693637,-18,61,18
1747012818.5043633,-9,-59,32
1747012818.5393634,16,2,-7
1747012818.5753634,-43,82,154
1747012818.6113634,7,31,114
1747012818.6463633,31,-26,72
1747012818.6823633,69,-17,34
1747012818.7173634,-40,45,-33
1747012818.7523634,17,61,128
1747012818.7873633,-14,-44,116
1747012818.8233633,-38,16,107
1747012818.8593633,39,50,148
1747012818.8943634,85,-71,91
1747012818.9303634,-102,38,73
1747012818.9653633,-48,106,107
1747012819.000363,-6,46,85
1747012819.0353634,13,-35,73
1747012819.0713634,35,-41,12
1747012819.1073637,11,0,44
1747012819.1423633,-10,-7,82
1747012819.178363,-10,27,18
1747012819.2133634,67,55,104
1747012819.2483633,-18,-56,6
1747012819.283363,-22,-16,64
1747012819.3193634,7,61,84
1747012819.3553634,6,-101,32
1747012819.3903637,38,-15,-1
1747012819.4263637,32,7,36
1747012819.4613633,-55,-14,8
1747012819.4963634,0,-90,10
1747012819.5313632,-9,63,110
1747012819.5673633,14,-14,42
1747012819.6033633,60,15,98
1747012819.6383634,-51,-16,128
1747012819.6743634,40,21,36
1747012819.7093637,106,-48,90
1747012819.7443633,20,47,36
1747012819.7793634,29,9,71
1747012819.8153634,0,33,28
1747012819.8513634,7,25,19
1747012819.8863633,-104,0,165
1747012819.9223633,113,0,27
1747012819.9573634,-32,-36,93
1747012819.9923637,27,5,51
1747012820.0273633,-99,27,35
1747012820.0633633,60,-18,119
1747012820.099363,82,-41,225
1747012820.1343634,54,16,19
1747012820.1703634,-76,1,37
1747012820.2053633,34,18,-20
1747012820.2403634,28,38,11
1747012820.2753634,-9,-7,-6
1747012820.3113637,-21,28,117
1747012820.3473637,-5,30,1
1747012820.382363,27,22,11
1747012820.418363,-17,20,99
1747012820.4533634,-8,52,61
1747012820.4903634,-32,22,-52
1747012820.5253634,97,32,57
1747012820.5603633,15,24,27
1747012820.5953634,67,-19,107
1747012820.6313634,-30,-53,15
1747012820.6673634,-38,12,79
1747012820.7023633,39,-39,163
1747012820.7383633,59,-31,-50
1747012820.7733634,79,-69,35
1747012820.8083634,-10,-45,87
1747012820.8433633,69,-31,63
1747012820.8793633,-84,42,-32
1747012820.9153633,27,-11,105
1747012820.9503634,-14,-3,93
1747012820.9863634,-4,20,89
1747012821.0213633,-27,-42,129
1747012821.056363,-69,-5,103
1747012821.0913634,-23,32,41
1747012821.1273634,62,9,5
1747012821.1633637,56,-13,35
1747012821.1983633,10,44,53
1747012821.2343633,16,34,87
1747012821.2693634,8,-31,117
1747012821.3043633,-74,-56,133
1747012821.339363,-78,61,49
1747012821.375363,31,-24,73
1747012821.4113634,-74,7,59
1747012821.4463634,4,9,37
1747012821.4823637,-49,33,127
1747012821.5173633,-7,1,73
1747012821.5523634,-51,-6,45
1747012821.5873632,-19,41,-26
1747012821.6233633,90,-42,-16
1747012821.6593633,36,81,-2
1747012821.6943634,-41,-18,-6
1747012821.7303634,-28,1,3
1747012821.7653637,-48,17,0
1747012821.8003633,17,-38,55
1747012821.8363633,-14,-30,1
1747012821.8713634,-11,-12,25
1747012821.9073634,18,-22,53
1747012821.9423633,-38,26,83
1747012821.9783633,-44,50,87
1747012822.0133634,51,10,105
1747012822.0483634,39,24,65
1747012822.0843637,15,46,51
1747012822.1193633,-54,36,85
1747012822.155363,11,54,39
1747012822.1903634,23,6,59
1747012822.2263634,-15,-64,133
1747012822.2613633,16,23,123
1747012822.2963634,-25,-1,21
1747012822.3323634,-43,13,-54
1747012822.3673637,-73,-36,-14
1747012822.4033637,16,55,101
1747012822.4383633,44,5,127
1747012822.474363,-89,-8,9
1747012822.5093634,76,-36,71
1747012822.5443633,-33,-40,101
1747012822.5803633,-47,45,91
1747012822.6153634,68,-84,19
1747012822.6513634,84,-14,63
1747012822.6863637,-15,16,195
1747012822.7223637,-18,-26,159
1747012822.757363,-15,55,-4
1747012822.7923634,2,11,189
1747012822.8283634,16,-30,123
1747012822.8633633,47,-60,89
1747012822.8993633,-86,25,119
1747012822.9343634,84,16,139
1747012822.9703634,28,-5,-16
1747012823.0053637,3,29,131
1747012823.0403633,-59,-9,101
1747012823.076363,-7,16,107
1747012823.1113634,38,46,-56
1747012823.1473634,2,66,19
1747012823.1823633,-25,52,11
1747012823.2183633,42,5,-28
1747012823.2533634,-177,36,-8
1747012823.2883637,34,29,5
1747012823.3243637,40,-1,55
1747012823.3593633,16,50,63
1747012823.395363,-11,1,87
1747012823.4303634,48,0,74
1747012823.4663634,105,0,-99
1747012823.5023634,-61,-19,102
1747012823.5373633,0,22,78
1747012823.5723634,-53,-11,210
1747012823.6083634,-43,-36,158
1747012823.6443634,-6,-93,112
1747012823.6793633,-27,6,-22
1747012823.7153633,78,38,69
1747012823.750363,0,36,163
1747012823.7853634,74,-70,129
1747012823.8203633,-19,16,51
1747012823.8563633,-99,35,37
1747012823.8923633,-3,12,155
1747012823.9273634,16,14,3
1747012823.9633634,7,3,99
1747012823.9983633,7,31,109
1747012824.033363,-50,24,107
1747012824.0683634,-6,6,-8
1747012824.1043634,43,-39,19
1747012824.1403637,-16,20,-93
1747012824.1753633,-11,-60,72
1747012824.2113633,26,-70,-69
1747012824.2463634,30,11,128
1747012824.2813632,12,59,-27
1747012824.316363,18,11,98
1747012824.352363,22,18,136
1747012824.3883634,30,10,122
1747012824.4233634,46,-42,136
1747012824.4593637,-34,22,58
1747012824.4943633,-28,-37,38
1747012824.5293634,20,-16,10
1747012824.5643632,-4,46,44
1747012824.6003633,-80,-65,12
1747012824.6363633,-46,-43,92
1747012824.6713634,8,77,56
1747012824.7073634,-47,3,112
1747012824.7423637,-17,-22,12
1747012824.7773633,-69,-2,42
1747012824.8123634,-35,-36,120
1747012824.8483634,29,3,84
1747012824.8843634,-27,-28,156
1747012824.9193633,12,-58,44
1747012824.9553633,52,21,-19
1747012824.9903634,-30,8,100
1747012825.0253634,-15,-8,24
1747012825.0603633,-48,-46,28
1747012825.0963633,73,59,76
1747012825.132363,23,-16,10
1747012825.1673634,-52,22,-14
1747012825.2033634,33,42,-4
1747012825.2383633,33,-100,167
1747012825.2733634,-77,-25,117
1747012825.3083634,-21,-22,25
1747012825.3443637,70,49,121
1747012825.3803637,-32,25,78
1747012825.4153633,-29,-78,136
1747012825.451363,7,93,86
1747012825.4863634,-3,-8,98
1747012825.5213633,45,41,88
1747012825.556363,-104,-30,138
1747012825.5923634,49,-28,20
1747012825.6283634,1,-4,20
1747012825.6633637,34,37,68
1747012825.6993637,-57,-18,70
1747012825.7343633,-56,88,92
1747012825.7693634,61,-3,44
1747012825.8043633,181,-69,137
1747012825.8403633,-21,-10,131
1747012825.8763633,16,57,129
1747012825.9113634,24,59,133
1747012825.9473634,-3,1,113
1747012825.9823637,-11,-48,93
1747012826.0173633,38,-12,131
1747012826.0523634,-41,-74,81
1747012826.0883634,-29,-10,49
1747012826.1243634,28,55,45
1747012826.1593633,26,37,85
1747012826.2023633,-19,9,71
1747012826.2383633,-54,19,87
1747012826.2733634,130,-114,43
1747012826.3083634,46,55,-62
1747012826.3443637,-97,33,73
1747012826.3803637,-22,68,33
1747012826.4153633,3,33,97
1747012826.451363,68,9,29
1747012826.4863634,14,43,111
1747012826.5213633,40,-38,10
1747012826.556363,43,-87,71
1747012826.5923634,-37,35,105
1747012826.6283634,8,-10,61
1747012826.6633637,34,1,163
1747012826.6993637,47,53,-34
1747012826.7343633,-8,0,131
1747012826.7693634,-49,-46,103
1747012826.8053634,-5,43,137
1747012826.8403633,-1,-8,27
1747012826.8763633,-40,-11,9
1747012826.9113634,34,16,89
1747012826.9473634,-33,56,53
1747012826.9823637,26,54,113
1747012827.0173633,41,-52,107
1747012827.053363,22,-25,-20
1747012827.0883634,80,18,57
1747012827.1243634,32,28,83
1747012827.1593633,48,36,77
1747012827.1953633,-35,20,83
1747012827.2303634,54,-3,-2
1747012827.2653637,9,-24,87
1747012827.3013637,-18,-60,125
1747012827.3363633,-19,6,33
1747012827.372363,-51,-19,155
1747012827.4073634,90,0,93
1747012827.4433634,-23,-74,41
1747012827.4783633,78,-34,155
1747012827.5133634,12,41,131
1747012827.5493634,-38,-47,185
1747012827.5843637,39,-59,43
1747012827.6203637,16,-31,-62
1747012827.655363,55,-46,3
1747012827.691363,-13,-21,-68
1747012827.7263634,-135,-37,67
1747012827.7613633,87,12,19
1747012827.7973633,-43,20,79
1747012827.8323634,-9,10,137
1747012827.8683634,38,-3,-2
1747012827.9033637,36,-11,21
1747012827.9393632,58,60,59
1747012827.974363,12,54,163
1747012828.0093634,-15,-35,147
1747012828.0453634,20,6,139
1747012828.0803633,-88,24,99
1747012828.1163633,-24,12,7
1747012828.1513634,11,-91,105
1747012828.1873634,12,-46,-26
1747012828.2223637,-19,5,193
1747012828.257363,-49,-76,41
1747012828.293363,-32,2,125
1747012828.3283634,42,22,23
1747012828.3643634,-7,-2,81
1747012828.3993633,-103,-28,33
1747012828.4353633,74,-74,37
1747012828.4703634,-1,55,55
1747012828.5053637,112,47,101
1747012828.5413637,-35,-50,103
1747012828.576363,-23,47,137
1747012828.612363,4,-8,-90
1747012828.6473634,-9,-60,-34
1747012828.6823633,8,27,77
1747012828.7173634,-45,87,9
1747012828.7533634,-37,39,169
1747012828.7893634,22,-38,91
1747012828.8243637,38,41,89
1747012828.8603632,34,36,47
1747012828.895363,14,-64,25
1747012828.9303634,30,1,91
1747012828.9653633,26,21,105
1747012829.0013633,14,19,-10
1747012829.0373633,-37,13,193
1747012829.0723634,0,11,55
1747012829.1083634,44,-8,19
1747012829.1433637,-11,5,49
1747012829.178363,16,53,87
1747012829.2133634,-9,-28,7
1747012829.2493634,-31,61,95
1747012829.2853634,-5,5,137
1747012829.3203633,-9,-48,83
1747012829.3563633,-6,-81,7
1747012829.3913634,-50,-15,79
1747012829.4263637,-6,-39,173
1747012829.4613633,67,2,-12
1747012829.497363,12,39,53
1747012829.533363,-35,27,115
1747012829.5683634,18,7,39
1747012829.6043634,-3,37,23
1747012829.6393633,-71,43,109
1747012829.6743634,-63,-80,-2
1747012829.7093637,-28,39,-4
1747012829.7453637,-19,-52,59
1747012829.7813632,46,113,57
1747012829.816363,74,9,73
1747012829.852363,42,-30,30
1747012829.8873634,-153,-42,34
1747012829.9223633,1,-5,32
1747012829.9573634,31,0,50
1747012829.9933634,-31,25,62
1747012830.0293634,28,43,100
1747012830.0643632,-7,7,92
1747012830.1003633,-12,8,24
1747012830.135363,3,-17,28
1747012830.1703634,-18,-61,26
1747012830.2053633,12,29,44
1747012830.2413633,82,-52,112
1747012830.2773633,84,-12,146
1747012830.3123634,-46,-29,86
1747012830.3483634,15,26,34
1747012830.3833632,25,-55,62
1747012830.418363,35,-15,52
1747012830.4533634,-76,8,112
1747012830.4893634,-26,56,20
1747012830.5253634,-11,13,-45
1747012830.5603633,-61,0,46
1747012830.5963633,-89,-18,60
1747012830.6313634,94,-4,38
1747012830.6663637,54,29,28
1747012830.701363,-31,11,12
1747012830.737363,49,-7,26
1747012830.7733634,-9,53,60
1747012830.8083634,14,57,128
1747012830.8443637,-105,-14,56
1747012830.8793633,-47,-64,80
1747012830.9143634,4,-6,106
1747012830.9493637,62,-64,-23
1747012830.9853632,18,-30,84
1747012831.0213633,56,-14,152
1747012831.056363,40,3,14
1747012831.0923634,36,23,122
1747012831.1273634,-9,17,-37
1747012831.1623633,-19,35,106
1747012831.1973634,-37,-50,-25
1747012831.2333634,-29,73,152
1747012831.2693634,56,13,72
1747012831.3043633,56,-5,92
1747012831.3403633,-32,12,100
1747012831.375363,-32,-37,86
1747012831.4103634,-29,17,106
1747012831.4453633,-5,-58,56
1747012831.4813633,28,-8,16
1747012831.5173633,4,27,46
1747012831.5523634,62,-10,70
1747012831.5883634,42,-37,56
1747012831.6233633,-1,8,70
1747012831.658363,40,23,18
1747012831.6933634,141,68,84
1747012831.7293634,27,-73,33
1747012831.7653637,7,16,27
1747012831.8003633,-10,22,101
1747012831.8363633,27,118,-20
1747012831.8713634,37,12,37
1747012831.9063632,-48,28,133
1747012831.9423633,18,38,3
1747012831.977363,-7,-33,63
1747012832.0133634,-123,-37,-20
1747012832.0483634,70,109,114
1747012832.0843637,-21,-8,-17
1747012832.1193633,-59,35,-39
1747012832.1543634,110,1,130
1747012832.1903634,42,3,96
1747012832.2253633,-1,0,146
1747012832.2613633,-17,-68,116
1747012832.2963634,48,-20,11
1747012832.3323634,-26,-41,51
1747012832.3673637,40,-8,151
1747012832.4023633,-17,-38,115
1747012832.4383633,24,11,39
1747012832.4733634,6,35,51
1747012832.5093634,0,-3,59
1747012832.5443633,-64,-113,-83
1747012832.5803633,-80,34,88
1747012832.6153634,15,28,90
1747012832.6503634,43,-11,124
1747012832.6863637,-26,2,186
1747012832.7213633,67,-29,-43
1747012832.757363,-48,60,-9
1747012832.7923634,-103,-1,82
1747012832.8283634,10,-16,86
1747012832.8633633,13,36,120
1747012832.8983634,-43,-34,40
1747012832.9343634,6,-32,50
1747012832.9693637,62,97,56
1747012833.0053637,16,25,100
1747012833.0403633,38,-7,114
1747012833.076363,-1,-115,16
1747012833.1113634,-51,-7,56
1747012833.1463633,46,56,96
1747012833.1823633,64,12,134
1747012833.2173634,-59,-29,80
1747012833.2533634,-71,-43,64
1747012833.2883637,-7,-15,128
1747012833.3243637,30,-29,38
1747012833.3593633,-35,0,80
1747012833.3943634,34,-4,64
1747012833.4303634,-35,-40,16
1747012833.4653633,28,-32,122
1747012833.5013633,18,-26,148
1747012833.5363634,6,-22,20
1747012833.5723634,-28,15,24
1747012833.6083634,15,17,53
1747012833.6443634,-34,-36,20
1747012833.6803634,10,-24,2
1747012833.7153633,69,-10,114
1747012833.750363,-2,37,152
1747012833.7863634,77,3,164
1747012833.8223634,-3,25,196
1747012833.8573637,-1,3,68
1747012833.8933637,9,-7,64
1747012833.928363,23,6,98
1747012833.9633634,-21,-10,92
1747012833.9983633,58,-34,144
1747012834.0343633,-27,43,-65
1747012834.0703633,-15,17,66
1747012834.1053634,-18,65,138
1747012834.1413634,41,-56,76
1747012834.1763637,15,-24,50
1747012834.2113633,-12,-42,18
1747012834.2463634,70,-49,12
1747012834.2823634,-108,-6,142
1747012834.3183634,11,29,132
1747012834.3533633,61,3,159
1747012834.3893633,-20,35,90
1747012834.4243634,1,-45,62
1747012834.4593637,-32,29,98
1747012834.4943633,71,-22,106
1747012834.530363,-26,49,15
1747012834.566363,-56,57,-14
1747012834.6013634,-11,-71,173
1747012834.6373634,-45,-17,87
1747012834.6723633,8,-3,90
1747012834.7073634,-63,-23,48
1747012834.7423637,10,36,8
1747012834.7783637,1,-94,108
1747012834.8143632,37,38,110
1747012834.849363,39,20,-33
1747012834.885363,-66,-11,60
1747012834.9203634,17,-9,-97
1747012834.9553633,-36,106,148
1747012834.9903634,35,60,-95
1747012835.0263634,25,32,104
1747012835.0623634,-4,42,122
1747012835.0973637,-64,-1,54
1747012835.1333632,-19,10,-27
1747012835.168363,-40,1,-13
1747012835.2033634,-42,-22,90
1747012835.2383633,-28,-2,52
1747012835.2743633,-3,-62,86
1747012835.3103633,-2,3,70
1747012835.3453634,27,-16,68
1747012835.3813634,-22,-14,-9
1747012835.4163637,-28,-22,62
1747012835.451363,27,-14,-3
1747012835.4863634,-4,-14,158
1747012835.5223634,-68,19,2
1747012835.5583634,56,13,112
1747012835.5933633,-17,-28,86
1747012835.6293633,9,-57,28
1747012835.6643634,-58,12,114
1747012835.6993637,36,-30,38
1747012835.7343633,-77,93,91
1747012835.770363,-21,-88,125
1747012835.806363,-10,45,80
1747012835.8413634,9,9,52
1747012835.8773634,99,-50,48
1747012835.9123633,-4,-42,38
1747012835.9473634,-29,-72,106
1747012835.9823637,-51,-37,-27
1747012836.0183637,-55,-22,172
1747012836.0543633,-27,-58,74
1747012836.089363,64,41,80
1747012836.125363,-17,-6,58
1747012836.1603634,62,-79,36
1747012836.2023633,14,4,102
1747012836.2383633,-5,6,-3
1747012836.2743633,-73,-5,80
1747012836.3103633,20,-32,44
1747012836.3453634,40,-8,66
1747012836.3813634,-21,31,8
1747012836.4163637,-28,34,134
1747012836.451363,-15,111,174
1747012836.4863634,-36,52,126
1747012836.5223634,1,58,-69
1747012836.5583634,-10,42,-29
1747012836.5933633,17,48,70
1747012836.6293633,21,-11,28
1747012836.6643634,93,12,68
1747012836.6993637,-13,-5,0
1747012836.7343633,-3,30,76
1747012836.770363,12,44,88
1747012836.806363,72,54,234
1747012836.8413634,-37,-27,136
1747012836.8773634,44,-21,199
1747012836.9123633,-13,-66,56
1747012836.9473634,-3,-28,38
1747012836.9833634,-10,28,-16
1747012837.0183637,46,-9,-87
1747012837.0543633,-35,-11,168
1747012837.089363,62,-37,128
1747012837.125363,23,37,27
1747012837.1603634,11,-16,85
1747012837.1953633,107,-58,136
1747012837.2313633,46,6,184
1747012837.2663634,-2,-2,94
1747012837.3023634,-24,31,110
1747012837.3373632,13,-40,96
1747012837.3733633,-3,-59,19
1747012837.408363,36,-29,15
1747012837.4433634,-26,45,49
1747012837.4793634,-20,-22,83
1747012837.5143633,118,69,-10
1747012837.5503633,86,1,71
1747012837.5853634,104,53,107
1747012837.6213634,-83,39,83
1747012837.6563632,12,-28,45
1747012837.691363,48,43,27
1747012837.727363,40,-13,7
1747012837.7623634,60,13,-8
1747012837.7983634,80,16,99
1747012837.8333633,62,0,167
1747012837.8693633,59,48,183
1747012837.9043634,30,-29,29
1747012837.9393632,-25,-3,129
1747012837.9753633,42,-89,63
1747012838.010363,10,48,29
1747012838.0463634,50,-6,57
1747012838.0813634,-20,-51,29
1747012838.1173637,-42,14,67
1747012838.1523633,24,4,65
1747012838.1873634,46,2,135
1747012838.2233634,3,-15,45
1747012838.2583632,-58,-69,17
1747012838.2943633,71,-7,7
1747012838.329363,79,36,15
1747012838.3653634,-40,2,109
1747012838.4003634,-7,11,83
1747012838.4353633,-11,-18,131
1747012838.4713633,-37,35,93
1747012838.5063634,-1,35,97
1747012838.5423634,-59,43,147
1747012838.5773633,60,15,27
1747012838.6133633,-91,-78,21
1747012838.6493633,-14,14,112
1747012838.6853633,96,9,-15
1747012838.7213633,32,-68,94
1747012838.7563634,-45,-48,14
1747012838.7913637,41,86,68
1747012838.8273633,19,10,-19
1747012838.8633633,79,12,40
1747012838.8983634,109,6,146
1747012838.9343634,55,56,70
1747012838.9693637,-22,4,156
1747012839.0043633,55,84,88
1747012839.0393634,-64,-5,70
1747012839.0753634,-81,-25,32
1747012839.1113634,5,2,-17
1747012839.1463633,-33,52,80
1747012839.1823633,5,-27,6
1747012839.2173634,19,24,-71
1747012839.2523634,61,-25,56
1747012839.2873633,47,-27,62
1747012839.3233633,-1,56,76
1747012839.3593633,48,17,102
1747012839.3943634,-19,55,88
1747012839.4303634,0,-56,158
1747012839.4653633,-35,7,202
1747012839.500363,-19,-16,76
1747012839.5353634,-59,-62,168
1747012839.5713634,-29,25,106
1747012839.6073637,-47,13,110
1747012839.6423633,3,-19,66
1747012839.678363,2,-34,58
1747012839.7133634,80,85,50
1747012839.7483633,24,-36,116
1747012839.783363,20,-86,-17
1747012839.8193634,16,-90,34
1747012839.8553634,12,29,98
1747012839.8903637,32,71,92
1747012839.9263637,-61,65,80
1747012839.9613633,-65,8,-29
1747012839.9963634,30,67,204
1747012840.0313632,8,-16,-37
1747012840.0673633,18,-72,168
1747012840.1033633,58,-30,137
1747012840.1383634,30,-28,71
1747012840.1743634,6,-24,79
1747012840.2093637,23,9,137
1747012840.2443633,45,-36,17
1747012840.2793634,35,55,45
1747012840.3153634,76,37,23
1747012840.3513634,0,75,57
1747012840.3863633,29,-18,155
1747012840.4223633,-14,70,61
1747012840.4573634,-26,16,87
1747012840.4923637,-72,37,75
1747012840.5273633,-12,-39,95
1747012840.5633633,11,-32,152
1747012840.599363,39,42,-27
1747012840.6343634,-14,-85,-15
1747012840.6703634,43,-37,113
1747012840.7053633,23,-23,172
1747012840.7403634,-28,70,180
1747012840.7753634,65,-53,92
1747012840.8113637,79,-73,-39
1747012840.8473637,94,-5,136
1747012840.882363,12,0,34
1747012840.918363,-81,51,12
1747012840.9533634,-61,-20,26
1747012840.9883633,24,-46,28
1747012841.0233634,2,15,78
1747012841.0593634,16,-50,132
1747012841.0953634,-53,-34,60
1747012841.1303637,16,-49,172
1747012841.1663637,58,-3,16
1747012841.201363,4,12,54
1747012841.2363634,18,-2,14
1747012841.2713633,-53,49,201
1747012841.3073633,-49,-30,143
1747012841.3433633,16,37,79
1747012841.3783634,30,-8,7
1747012841.4143634,11,6,81
1747012841.4493637,106,49,85
1747012841.4843633,14,37,51
1747012841.5193634,-37,-6,53
1747012841.5553634,-25,48,45
1747012841.5913634,30,-13,27
1747012841.6263633,-22,44,121
1747012841.6623633,30,-12,141
1747012841.6973634,-1,-74,71
1747012841.7323637,10,-50,201
1747012841.7673633,-8,-1,25
1747012841.803363,23,24,83
1747012841.839363,-18,-7,91
1747012841.8743634,-80,-69,157
1747012841.9103634,-21,-11,37
1747012841.9453633,14,2,115
1747012841.9803634,5,2,81
1747012842.0163634,-1,45,127
1747012842.0513637,5,85,-2
1747012842.0873632,31,-6,85
1747012842.122363,15,-16,-20
1747012842.158363,65,-9,-70
1747012842.1933634,-13,-42,45
1747012842.2283633,-64,-21,15
1747012842.2643633,21,112,45
1747012842.2993634,3,2,221
1747012842.3353634,-28,2,-22
1747012842.3703637,-23,11,177
1747012842.4063632,-67,-14,-2
1747012842.441363,-15,-10,7
1747012842.4763634,76,-24,115
1747012842.5123634,-1,67,11
1747012842.5473633,-63,20,141
1747012842.5833633,-12,7,231
1747012842.6183634,31,-78,-16
1747012842.6543634,75,-58,157
1747012842.6893632,-22,15,63
1747012842.724363,-12,-34,229
1747012842.760363,12,-17,103
1747012842.7953634,-81,11,3
1747012842.8313634,-19,39,-54
1747012842.8663633,-21,9,89
1747012842.9023633,2,-10,79
1747012842.9373634,-3,81,65
1747012842.9723637,-49,-6,99
1747012843.0083632,31,-17,-42
1747012843.043363,11,-23,17
1747012843.079363,19,-33,-10
1747012843.1143634,0,19,39
1747012843.1503634,42,19,69
1747012843.1853633,0,10,13
1747012843.2203634,-36,58,93
1747012843.2563634,-55,35,-136
1747012843.2913637,-21,-40,177
1747012843.3273633,14,65,-56
1747012843.362363,-19,-66,117
1747012843.3983634,24,5,1
1747012843.4333634,1,8,73
1747012843.4683633,-38,-61,69
1747012843.5043633,-30,-43,-8
1747012843.5393634,1,28,37
1747012843.5753634,-74,-53,107
1747012843.6103632,-1,11,25
1747012843.6463633,70,23,-50
1747012843.681363,8,-10,63
1747012843.7163634,55,-50,21
1747012843.7523634,31,-28,37
1747012843.7873633,2,47,27
1747012843.8233633,-38,9,53
1747012843.8583634,22,-50,27
1747012843.8943634,-91,27,155
1747012843.9303634,-21,-40,-30
1747012843.9653633,-17,-32,65
1747012844.000363,-31,47,-32
1747012844.0363634,26,93,35
1747012844.0723634,14,45,157
1747012844.1073637,-11,-8,-8
1747012844.1433637,-41,9,33
1747012844.178363,16,35,185
1747012844.2133634,-69,-54,93
1747012844.2483633,-27,-18,127
1747012844.2843633,11,29,-30
1747012844.3203633,29,23,67
1747012844.3553634,5,-56,41
1747012844.3913634,58,-10,69
1747012844.4263637,-9,30,119
1747012844.4613633,-39,74,221
1747012844.4963634,49,-14,-52
1747012844.5323634,23,57,79
1747012844.5683634,5,23,111
1747012844.6033633,17,-20,87
1747012844.6393633,39,2,63
1747012844.6743634,-5,44,129
1747012844.7093637,20,52,153
1747012844.7443633,-41,-2,-78
1747012844.780363,18,20,165
1747012844.816363,2,8,19
1747012844.8513634,-7,14,141
1747012844.8873634,-51,-25,241
1747012844.9223633,4,-21,99
1747012844.9573634,-9,23,117
1747012844.9923637,108,-7,113
1747012845.0283637,-9,-21,47
1747012845.0643632,-3,0,43
1747012845.099363,-24,51,19
1747012845.135363,-61,10,51
1747012845.1703634,69,42,53
1747012845.2053633,-53,-15,159
1747012845.2403634,-35,14,-14
1747012845.2763634,-51,-47,73
1747012845.3123634,20,-13,47
1747012845.3473637,-31,42,85
1747012845.3833632,-19,62,-64
1747012845.418363,-18,-65,107
1747012845.4533634,-60,8,39
1747012845.4883633,-76,-51,47
1747012845.5243633,-72,12,35
1747012845.5603633,30,-35,11
1747012845.5953634,-21,2,143
1747012845.6313634,-3,-47,113
1747012845.6663637,-21,-90,89
1747012845.701363,-43,-3,117
1747012845.7363634,-87,-1,91
1747012845.7723634,-1,52,-80
1747012845.8083634,-15,78,115
1747012845.8433633,0,50,-41
1747012845.8793633,-3,0,132
1747012845.9143634,-62,-31,-45
1747012845.9493637,-12,32,110
1747012845.9843633,-8,-41,106
1747012846.020363,42,-57,82
1747012846.056363,72,52,2
1747012846.0913634,58,1,86
1747012846.1273634,0,3,90
1747012846.1623633,-39,-24,130
1747012846.204363,-157,9,-7
1747012846.2403634,4,-72,64
1747012846.2763634,32,-8,78
1747012846.3123634,-79,25,34
1747012846.3473637,-40,65,138
1747012846.3833632,19,27,140
1747012846.418363,-75,-18,108
1747012846.4533634,34,25,166
1747012846.4883633,-57,-30,102
1747012846.5243633,-1,13,116
1747012846.5603633,88,-16,164
1747012846.5953634,42,-24,-23
1747012846.6313634,92,-24,190
1747012846.6663637,-39,3,58
1747012846.701363,88,-14,6
1747012846.7363634,-105,3,-51
1747012846.7723634,52,-22,16
1747012846.8083634,49,40,22
1747012846.8433633,10,-34,72
1747012846.8793633,15,43,164
1747012846.9143634,33,-25,174
1747012846.9493637,-58,90,10
1747012846.9843633,43,-7,30
1747012847.020363,43,2,-17
1747012847.056363,16,-8,-9
1747012847.0913634,52,-6,150
1747012847.1273634,36,-10,178
1747012847.1623633,20,-26,34
1747012847.1973634,-31,-62,144
1747012847.2333634,-94,6,68
1747012847.2683637,-33,-31,120
1747012847.3043633,-11,64,-49
1747012847.339363,-11,2,48
1747012847.375363,40,-55,54
1747012847.4103634,-40,-43,44
1747012847.4453633,-5,-45,24
1747012847.4813633,-25,-29,24
1747012847.5163634,-81,13,88
1747012847.5523634,28,-61,144
1747012847.5873632,-9,-11,96
1747012847.6233633,-69,-17,23
1747012847.658363,-5,70,27
1747012847.6933634,31,39,41
1747012847.7293634,-23,-2,-6
1747012847.7643633,-85,24,81
1747012847.8003633,8,15,83
1747012847.8353634,-77,30,219
1747012847.8713634,-41,-7,173
1747012847.9063632,70,-77,27
1747012847.941363,31,-17,31
1747012847.977363,-5,2,55
1747012848.0123634,-11,-60,117
1747012848.0483634,-33,-13,19
1747012848.0833633,-44,42,91
1747012848.1193633,-5,-39,-4
1747012848.1543634,-12,9,19
1747012848.1893632,-74,31,37
1747012848.2253633,-25,-66,99
1747012848.260363,-82,79,18
1747012848.2963634,33,25,-11
1747012848.3313634,-26,-16,134
1747012848.3673637,42,27,-15
1747012848.4023633,-60,-12,72
1747012848.4373634,-45,-48,106
1747012848.4733634,-87,35,46
1747012848.5083632,-9,87,233
1747012848.5443633,26,-32,97
1747012848.579363,-77,-14,107
1747012848.6153634,52,-46,133
1747012848.6503634,108,59,158
1747012848.6853633,15,48,0
1747012848.7213633,-28,-45,34
1747012848.7563634,86,-82,36
1747012848.7923634,62,55,6
1747012848.8273633,-42,0,89
1747012848.8633633,-12,12,112
1747012848.8993633,11,-75,198
1747012848.9343634,77,-37,-5
1747012848.9693637,15,56,114
1747012849.0053637,15,-47,-73
1747012849.0413637,3,4,72
1747012849.076363,40,-2,-27
1747012849.112363,88,11,122
1747012849.1473634,-45,7,77
1747012849.1823633,3,11,29
1747012849.2173634,31,13,109
1747012849.2533634,11,-34,141
1747012849.2893634,16,-16,75
1747012849.3243637,-18,-78,15
1747012849.3603632,-48,-42,-10
1747012849.395363,37,3,107
1747012849.4303634,-12,27,53
1747012849.4653633,-92,35,-8
1747012849.5013633,-48,-15,-16
1747012849.5373633,-42,-100,7
1747012849.5723634,69,21,35
1747012849.6083634,-20,3,147
1747012849.6433637,-70,-12,13
1747012849.678363,-49,44,-42
1747012849.7133634,-8,-20,63
1747012849.7493634,32,-30,33
1747012849.7853634,13,-18,0
1747012849.8203633,-52,-12,87
1747012849.8563633,15,-10,147
1747012849.8913634,44,-53,43
1747012849.9263637,54,-38,137
1747012849.9613633,76,13,85
1747012849.997363,66,41,101
1747012850.033363,-84,23,-22
1747012850.0683634,-74,40,111
1747012850.1043634,7,41,47
1747012850.1393633,-22,-24,193
1747012850.1743634,-74,-4,47
1747012850.2093637,-53,22,5
1747012850.2453637,44,16,-36
1747012850.2813632,-11,5,95
1747012850.316363,2,-10,109
1747012850.352363,-41,-17,49
1747012850.3873634,-71,-66,121
1747012850.4223633,26,-70,51
1747012850.4573634,54,21,143
1747012850.4933634,-15,-58,51
1747012850.5293634,-57,77,85
1747012850.5643632,-13,17,-56
1747012850.6003633,-43,-34,7
1747012850.635363,48,-36,-16
1747012850.6703634,12,99,-24
1747012850.7053633,-101,-12,107
1747012850.7413633,-22,0,61
1747012850.7773633,-29,81,87
1747012850.8123634,-1,-22,157
1747012850.8483634,39,-47,79
1747012850.8833632,-52,-12,97
1747012850.918363,-19,-51,77
1747012850.9533634,-24,13,107
1747012850.9893634,-15,26,121
1747012851.0253634,24,-35,89
1747012851.0603633,-49,40,121
1747012851.0963633,65,46,-6
1747012851.1313634,57,6,121
1747012851.1663637,-24,14,17
1747012851.201363,63,-49,-46
1747012851.237363,31,-5,53
1747012851.2733634,43,6,129
1747012851.3083634,113,-17,161
1747012851.3443637,59,-39,-42
1747012851.3793633,-120,14,113
1747012851.4163637,-14,4,63
1747012851.451363,-66,-49,105
1747012851.4863634,-47,-42,125
1747012851.5213633,18,59,119
1747012851.5573633,6,-14,69
1747012851.5933633,-25,-7,133
1747012851.6283634,-5,-19,93
1747012851.6643634,112,-49,35
1747012851.6993637,16,28,51
1747012851.7343633,73,77,37
1747012851.7693634,-55,28,-10
1747012851.8053634,-1,0,69
1747012851.8413634,-17,-15,59
1747012851.8763633,-71,-27,103
1747012851.9123633,31,40,53
1747012851.9473634,-4,54,51
1747012851.9823637,-61,47,153
1747012852.0173633,38,-6,11
1747012852.053363,-45,-10,123
1747012852.089363,-29,-10,79
1747012852.1243634,-65,-66,111
1747012852.1603634,-25,-14,23
1747012852.1953633,-36,-5,143
1747012852.2303634,-35,17,-16
1747012852.2663634,-136,-63,-104
1747012852.3013637,-109,-56,9
1747012852.3373632,-3,44,-66
1747012852.372363,3,-53,41
1747012852.408363,17,-19,11
1747012852.4433634,-32,60,67
1747012852.4783633,-38,-9,43
1747012852.5143633,42,-8,87
1747012852.5493634,19,-73,53
1747012852.5853634,39,18,57
1747012852.6203637,-19,-21,171
1747012852.6563632,24,26,73
1747012852.691363,14,-21,27
1747012852.7263634,74,-21,99
1747012852.7623634,-37,-47,27
1747012852.7973633,-27,-43,23
1747012852.8333633,64,5,115
1747012852.8683634,-5,15,57
1747012852.9043634,-45,1,103
1747012852.9393632,-59,9,-70
1747012852.974363,12,-23,65
1747012853.010363,44,-18,-76
1747012853.0453634,24,55,53
1747012853.0813634,38,-15,53
1747012853.1163633,-25,-73,121
1747012853.1523633,-73,28,159
1747012853.1873634,-17,28,63
1747012853.2223637,-32,-42,9
1747012853.2583632,-2,3,59
1747012853.293363,23,67,153
1747012853.329363,13,-18,103
1747012853.3643634,-80,-20,47
1747012853.4003634,23,-66,27
1747012853.4353633,-7,-42,121
1747012853.4703634,1,-8,-16
1747012853.5063634,29,-62,45
1747012853.5413637,122,2,-14
1747012853.5773633,36,-11,69
1747012853.612363,9,-46,67
1747012853.6483634,-38,-28,-24
1747012853.6833634,-6,-50,19
1747012853.7183633,-79,0,29
1747012853.7543633,-13,41,101
1747012853.7893634,-85,-56,47
1747012853.8253634,94,61,-8
1747012853.8603632,-15,-28,41
1747012853.8963633,13,35,145
1747012853.9323633,-18,-42,133
1747012853.9683633,55,-8,63
1747012854.0043633,-56,-88,23
1747012854.0393634,-20,0,81
1747012854.0743637,27,0,95
1747012854.1103632,63,25,241
1747012854.1463633,5,9,85
1747012854.181363,23,17,45
1747012854.2173634,49,-2,49
1747012854.2523634,-66,42,25
1747012854.2873633,1,-30,29
1747012854.3223634,29,64,39
1747012854.3583634,20,36,39
1747012854.3943634,-29,-85,113
1747012854.4293633,10,-35,131
1747012854.4653633,20,50,109
1747012854.500363,-5,-30,97
1747012854.5353634,90,-14,143
1747012854.5703633,-103,51,-34
1747012854.6063633,-25,-6,137
1747012854.6423633,12,-2,125
1747012854.6773634,-45,-56,69
1747012854.7133634,66,-10,123
1747012854.7483633,-29,17,103
1747012854.783363,-105,77,145
1747012854.8183634,-69,97,59
1747012854.8543634,8,11,35
1747012854.8903637,-3,5,13
1747012854.9253633,-5,17,147
1747012854.9613633,-47,63,83
1747012854.9963634,44,-66,23
1747012855.0313632,-1,-60,65
1747012855.066363,22,-4,139
1747012855.102363,26,17,113
1747012855.1383634,-11,-26,45
1747012855.1733634,20,40,15
1747012855.2093637,-23,-25,105
1747012855.2443633,58,9,-48
1747012855.2793634,-27,-52,55
1747012855.3143632,68,-26,35
1747012855.3503633,-28,22,-6
1747012855.3863633,11,-39,61
1747012855.4213634,-9,-54,83
1747012855.4573634,-13,-25,0
1747012855.4923637,24,-11,69
1747012855.5273633,-29,-33,123
1747012855.5623634,0,42,127
1747012855.5983634,-57,40,107
1747012855.6343634,-7,24,-4
1747012855.6693633,68,0,-48
1747012855.7053633,-21,66,41
1747012855.7403634,-19,-39,67
1747012855.7753634,-97,-15,95
1747012855.8103633,22,-51,43
1747012855.8463633,18,-39,165
1747012855.882363,2,30,31
1747012855.9173634,20,-107,171
1747012855.9533634,-41,-19,110
1747012855.9883633,-7,46,103
1747012856.0233634,3,8,163
1747012856.0583634,105,-25,40
1747012856.0943637,-32,-1,130
1747012856.1303637,-20,-27,162
1747012856.1653633,-62,14,224
1747012856.2083633,11,32,68
1747012856.2443633,-44,80,25
1747012856.2793634,-36,4,-15
1747012856.3143632,44,-35,-13
1747012856.3503633,9,-3,24
1747012856.3863633,-13,-28,184
1747012856.4213634,52,45,-19
1747012856.4573634,4,41,226
1747012856.4923637,-3,-58,-54
1747012856.5273633,-7,-28,183
1747012856.5623634,52,-78,-6
1747012856.5983634,12,-46,98
1747012856.6343634,32,41,173
1747012856.6693633,44,45,107
1747012856.7053633,16,65,83
1747012856.7403634,12,5,33
1747012856.7753634,-47,95,101
1747012856.8103633,28,-30,57
1747012856.8463633,-23,-30,115
1747012856.882363,-33,47,15
1747012856.9173634,64,11,85
1747012856.9533634,-47,65,27
1747012856.9883633,34,71,-22
1747012857.0233634,-5,55,69
1747012857.0583634,-14,48,-8
1747012857.0943637,-42,6,37
1747012857.1303637,-10,-35,97
1747012857.1653633,-9,80,-24
1747012857.201363,7,-17,-20
1747012857.2363634,-1,18,-74
1747012857.2713633,12,144,0
1747012857.3073633,-91,-15,-6
1747012857.3423634,36,72,-72
1747012857.3783634,-59,2,155
1747012857.4133637,-34,-36,37
1747012857.4493637,42,2,43
1747012857.4843633,-8,16,261
1747012857.5193634,59,-117,49
1747012857.5553634,-29,72,121
1747012857.5903633,38,-1,-10
1747012857.6263633,4,12,33
1747012857.6613634,38,42,-42
1747012857.6973634,-10,-1,39
1747012857.7323637,-33,-52,95
1747012857.7673633,-6,-13,-28
1747012857.803363,-114,134,53
1747012857.8383634,27,-99,53
1747012857.8743634,-36,-5,75
1747012857.9093633,-36,-93,-8
1747012857.9453633,-56,-13,77
1747012857.9803634,-28,-12,65
1747012858.0153637,127,-4,77
1747012858.0513637,7,-30,69
1747012858.0863633,-53,26,119
1747012858.122363,44,-3,33
1747012858.1573634,-27,-7,55
1747012858.1933634,-9,2,-80
1747012858.2283633,32,-27,95
1747012858.2633634,-17,12,95
1747012858.2993634,60,-81,161
1747012858.3343637,35,28,19
1747012858.3703637,10,-57,127
1747012858.405363,-28,-23,43
1747012858.441363,71,64,147
1747012858.4763634,25,-11,51
1747012858.5113633,21,28,13
1747012858.5473633,-100,-23,107
1747012858.5823634,-4,-17,49
1747012858.6183634,-4,-61,59
1747012858.6533637,43,92,137
1747012858.6893632,-73,-42,3
1747012858.724363,68,-17,37
1747012858.7593634,82,44,93
1747012858.7953634,-113,-17,-12
1747012858.8303633,0,-57,55
1747012858.8663633,-13,-15,71
1747012858.9013634,34,-140,131
1747012858.9373634,-25,55,123
1747012858.9733634,-12,-11,144
1747012859.0093634,75,0,71
1747012859.0453634,50,-62,160
1747012859.0803633,-1,101,42
1747012859.1153634,23,-59,98
1747012859.1513634,-44,-115,70
1747012859.1873634,51,0,84
1747012859.2223637,-6,-47,60
1747012859.2583632,135,58,78
1747012859.293363,-39,-48,-5
1747012859.3283634,-31,-12,108
1747012859.3633633,33,-19,28
1747012859.3993633,0,65,70
1747012859.4353633,1,49,126
1747012859.4703634,14,-10,8
1747012859.5063634,-30,-78,38
1747012859.5413637,17,-22,186
1747012859.576363,-33,21,-78
1747012859.6113634,23,-34,-102
1747012859.6473634,5,-4,55
1747012859.6833634,41,69,24
1747012859.7183633,13,-12,75
1747012859.7543633,43,27,109
1747012859.7893634,11,-12,132
1747012859.8243637,1,-47,192
1747012859.8593633,1,29,144
1747012859.895363,6,-35,-11
1747012859.931363,-63,67,14
1747012859.9663634,-59,-96,52
1747012860.0023634,56,-4,-90
1747012860.0373633,6,-70,133
1747012860.0723634,44,19,281
1747012860.1073637,109,34,97
1747012860.1433637,62,-20,72
1747012860.1793633,71,-9,126
1747012860.214363,-16,0,146
1747012860.250363,7,2,132
1747012860.2853634,26,-10,24
1747012860.3203633,-75,73,-47
1747012860.3553634,37,-49,-23
1747012860.3913634,72,-18,168
1747012860.4273634,12,33,98
1747012860.4623632,61,0,-1
1747012860.4983633,67,-5,76
1747012860.533363,28,-70,144
1747012860.5683634,40,-46,44
1747012860.6033633,46,11,56
1747012860.6393633,39,-17,12
1747012860.6753633,27,58,-19
1747012860.7103634,0,2,-1
1747012860.7463634,0,38,163
1747012860.7813632,-2,20,82
1747012860.816363,-13,65,75
1747012860.8513634,-13,-28,-58
1747012860.8873634,19,36,153
1747012860.9233634,4,18,-38
1747012860.9583633,104,-4,91
1747012860.9943633,15,2,33
1747012861.0293634,-31,-53,-14
1747012861.0643632,22,42,119
1747012861.099363,0,-41,-14
1747012861.135363,-63,-13,191
1747012861.1713634,-71,-56,73
1747012861.2063634,-23,-20,49
1747012861.2423637,-5,15,75
1747012861.2773633,-39,-2,83
1747012861.3123634,38,-70,-56
1747012861.3473637,-33,79,116
1747012861.3833632,2,-12,77
1747012861.4193633,-34,-25,15
1747012861.454363,61,-83,50
1747012861.4903634,-16,8,123
1747012861.5253634,39,16,111
1747012861.5603633,-28,74,87
1747012861.5953634,-41,-59,23
1747012861.6313634,11,-10,102
1747012861.6673634,-6,60,188
1747012861.7023633,43,32,-15
1747012861.7383633,-80,46,110
1747012861.7733634,33,-31,27
1747012861.8083634,40,-14,18
1747012861.8433633,-10,-35,-57
1747012861.8793633,-21,6,24
1747012861.9153633,50,-13,-35
1747012861.9503634,53,84,-5
1747012861.9863634,-13,-5,-25
1747012862.0213633,-37,-5,110
1747012862.056363,54,-31,104
1747012862.0913634,-64,-49,112
1747012862.1273634,26,8,172
1747012862.1633637,-1,-11,22
1747012862.1983633,28,-83,142
1747012862.2343633,4,-65,88
1747012862.2693634,90,28,150
1747012862.3043633,49,42,-57
1747012862.3403633,87,-7,-19
1747012862.375363,-48,20,78
1747012862.4113634,-78,-33,4
1747012862.4463634,70,20,-1
1747012862.4823637,8,-53,45
1747012862.5173633,52,7,0
1747012862.5523634,-50,52,127
1747012862.5883634,15,-49,51
1747012862.6233633,55,-29,43
1747012862.6593633,-13,19,27
1747012862.6943634,-5,-40,33
1747012862.7303634,74,60,115
1747012862.7653637,-21,-1,166
1747012862.8003633,84,30,112
1747012862.8363633,-15,6,-3
1747012862.8713634,20,-45,114
1747012862.9073634,28,-49,112
1747012862.9423633,10,26,138
1747012862.9783633,-5,64,61
1747012863.0133634,-91,1,89
1747012863.0483634,48,36,28
1747012863.0843637,39,-31,91
1747012863.1193633,-21,-50,35
1747012863.155363,10,-6,-46
1747012863.1903634,76,-18,65
1747012863.2263634,-5,73,11
1747012863.2613633,-57,-20,63
1747012863.2963634,44,19,71
1747012863.3323634,-11,-2,57
1747012863.3673637,40,-12,11
1747012863.4033637,112,3,39
1747012863.4383633,28,-11,81
1747012863.474363,40,-65,51
1747012863.5093634,-19,37,-30
1747012863.5443633,-33,7,69
1747012863.5803633,24,-9,75
1747012863.6153634,40,50,15
1747012863.6513634,48,-7,41
1747012863.6863637,2,-7,93
1747012863.7223637,-1,0,159
1747012863.757363,-5,-79,175
1747012863.7923634,44,0,33
1747012863.8283634,-39,30,53
1747012863.8633633,36,-3,13
1747012863.8993633,50,5,18
1747012863.9343634,30,51,94
1747012863.9703634,34,2,-2
1747012864.0053637,8,-18,73
1747012864.0403633,34,109,29
1747012864.076363,14,67,-60
1747012864.1113634,-15,-4,143
1747012864.1473634,90,-46,-14
1747012864.1823633,9,34,119
1747012864.2173634,19,-27,81
1747012864.2523634,-79,10,143
1747012864.2883637,-25,20,49
1747012864.3243637,50,-30,-56
1747012864.3593633,6,-32,57
1747012864.395363,-46,-1,151
1747012864.4303634,5,-43,85
1747012864.4653633,4,-14,107
1747012864.500363,34,53,149
1747012864.5363634,-25,-78,21
1747012864.5723634,-34,-77,57
1747012864.6073637,-14,64,41
1747012864.6433637,5,-5,-84
1747012864.678363,44,-2,71
1747012864.7133634,-111,-40,95
1747012864.7483633,10,23,93
1747012864.7843633,40,-86,81
1747012864.8203633,-82,9,102
1747012864.8553634,50,-18,99
1747012864.8913634,26,35,111
1747012864.9263637,26,35,121
1747012864.9613633,44,-26,129
1747012864.9963634,-71,14,25
1747012865.0323634,98,-10,31
1747012865.0683634,52,-94,67
1747012865.1033633,106,15,81
1747012865.1393633,0,-126,-24
1747012865.1743634,-7,-16,59
1747012865.2093637,-47,-2,-12
1747012865.2443633,-101,19,121
1747012865.280363,40,31,43
1747012865.316363,12,31,126
1747012865.3513634,-4,-11,90
1747012865.3873634,48,43,148
1747012865.4223633,-28,-103,84
1747012865.4573634,-42,-43,134
1747012865.4923637,5,70,68
1747012865.5283637,24,-85,158
1747012865.5643632,69,2,224
1747012865.599363,38,20,-11
1747012865.635363,-97,-67,82
1747012865.6703634,-107,-8,142
1747012865.7053633,10,-46,136
1747012865.7403634,-71,13,38
1747012865.7763634,-71,39,10
1747012865.8123634,-23,-65,-33
1747012865.8473637,-7,-13,64
1747012865.8833632,14,-23,80
1747012865.918363,41,70,-1
1747012865.9533634,-49,45,96
1747012865.9883633,34,-36,72
1747012866.0243633,42,-36,42
1747012866.0603633,4,59,164
1747012866.0953634,-57,29,70
1747012866.1313634,76,133,102
1747012866.1663637,34,-8,142
1747012866.2083633,-77,-50,-33
1747012866.2443633,-55,21,40
1747012866.280363,-63,0,-47
1747012866.316363,-38,-4,12
1747012866.3513634,3,67,90
1747012866.3873634,104,53,84
1747012866.4223633,62,-4,44
1747012866.4573634,-15,-78,46
1747012866.4923637,-35,9,82
1747012866.5283637,-41,19,84
1747012866.5643632,36,-100,142
1747012866.599363,-35,27,152
1747012866.635363,-26,-55,100
1747012866.6703634,-36,18,28
1747012866.7053633,-27,0,-1
1747012866.7403634,44,49,-15
1747012866.7763634,-24,-4,96
1747012866.8123634,-38,-5,94
1747012866.8473637,35,26,168
1747012866.8833632,27,20,74
1747012866.918363,-32,-31,104
1747012866.9533634,-34,22,72
1747012866.9883633,71,-25,158
1747012867.0243633,-12,-67,126
1747012867.0603633,23,-19,54
1747012867.0953634,-88,50,106
1747012867.1313634,-40,16,116
1747012867.1663637,3,-27,198
1747012867.201363,-78,6,106
1747012867.2363634,-25,25,48
1747012867.2723634,-9,-5,14
1747012867.3083634,16,38,94
1747012867.3433633,-47,-41,66
1747012867.3793633,-11,-67,44
1747012867.4143634,107,26,38
1747012867.4493637,-59,72,106
1747012867.4853632,1,-15,156
1747012867.520363,89,-53,8
1747012867.556363,-50,-17,4
1747012867.5913634,5,-49,50
1747012867.6273634,-19,17,96
1747012867.6623633,52,41,-126
1747012867.6973634,-40,-5,109
1747012867.7333634,48,48,97
1747012867.7683637,-7,36,11
1747012867.8043633,83,-17,63
1747012867.839363,21,-11,14
1747012867.875363,73,-27,26
1747012867.9103634,55,-29,30
1747012867.9453633,88,19,120
1747012867.9813633,-19,-18,34
1747012868.0163634,-49,3,122
1747012868.0523634,4,-78,60
1747012868.0873632,-31,-64,44
1747012868.1233633,-25,91,90
1747012868.158363,-19,0,30
1747012868.1933634,36,-50,40
1747012868.2293634,18,21,54
1747012868.2643633,16,35,66
1747012868.3003633,23,-14,142
1747012868.3353634,81,-78,20
1747012868.3713634,-25,-76,46
1747012868.4063632,-69,13,157
1747012868.441363,-19,3,33
1747012868.477363,-39,7,5
1747012868.5123634,0,44,-10
1747012868.5483634,-16,8,95
1747012868.5833633,-70,32,124
1747012868.6193633,15,-29,115
1747012868.6543634,-8,20,195
1747012868.6893632,-21,-28,41
1747012868.7253633,-22,16,181
1747012868.760363,-18,-48,-30
1747012868.7963634,37,5,81
1747012868.8313634,42,95,89
1747012868.8673637,4,23,-24
1747012868.9023633,-31,-46,49
1747012868.9373634,62,-55,-6
1747012868.9733634,-24,-25,29
1747012869.0083632,86,58,109
1747012869.0443633,-22,10,121
1747012869.079363,-98,56,159
1747012869.1153634,75,34,93
1747012869.1513634,0,10,89
1747012869.1873634,-74,-7,135
1747012869.2233634,-4,24,61
1747012869.2583632,-9,-19,69
1747012869.293363,-97,-43,59
1747012869.329363,14,-39,15
1747012869.3653634,4,-43,29
1747012869.4003634,18,-101,29
1747012869.4363637,7,-39,159
1747012869.4713633,-40,10,133
1747012869.5063634,9,4,123
1747012869.5413637,-47,52,51
1747012869.5773633,23,-5,105
1747012869.6133633,-52,-25,15
1747012869.6483634,-32,-3,7
1747012869.6843634,19,-105,53
1747012869.7193637,27,-13,68
1747012869.7543633,38,-9,66
1747012869.7893634,24,12,124
1747012869.8253634,-20,-23,66
1747012869.8613634,57,8,2
1747012869.8963633,12,5,28
1747012869.9323633,-3,30,100
1747012869.9673634,38,50,104
1747012870.0023634,30,1,120
1747012870.0373633,54,-50,-23
1747012870.0733633,-27,27,204
1747012870.1093633,-17,9,148
1747012870.1443634,-27,-16,136
1747012870.1803634,-87,-2,86
1747012870.2153633,-35,-36,20
1747012870.250363,-23,-40,-19
1747012870.2853634,72,7,168
1747012870.3213634,50,61,162
1747012870.3573637,30,50,-29
1747012870.3923633,60,-56,126
1747012870.428363,14,4,74
1747012870.4633634,-21,17,124
1747012870.4983633,-25,-42,64
1747012870.533363,24,-6,-43
1747012870.5693634,-57,31,0
1747012870.6053634,28,-42,88
1747012870.6403637,-43,5,104
1747012870.6763637,-31,-8,-19
1747012870.7113633,34,-32,154
1747012870.7463634,20,-6,106
1747012870.7813632,4,-12,192
1747012870.8173633,24,27,8
1747012870.8533633,-31,71,60
1747012870.8883634,-65,37,-27
1747012870.9243634,79,70,138
1747012870.9593637,-16,-39,98
1747012870.9943633,16,34,126
1747012871.0293634,38,13,54
1747012871.0653634,10,20,10
1747012871.1013634,28,42,126
1747012871.1363633,-81,-5,152
1747012871.1723633,-56,42,60
1747012871.2073634,-28,-53,66
1747012871.2423637,39,8,138
1747012871.2773633,-106,-13,-21
1747012871.3133633,16,8,54
1747012871.349363,-21,-15,62
1747012871.3843634,44,0,16
1747012871.4203634,30,46,74
1747012871.4553633,16,22,54
1747012871.4903634,38,-81,24
1747012871.5253634,74,14,154
1747012871.5613637,4,4,116
1747012871.5973637,-52,-9,70
1747012871.632363,17,-23,176
1747012871.668363,56,-1,72
1747012871.7033634,30,-31,58
1747012871.7383633,6,-2,95
1747012871.7733634,-78,-23,-26
1747012871.8093634,103,2,7
1747012871.8453634,-53,39,4
1747012871.8803637,-1,-10,-34
1747012871.9163637,-43,-34,79
1747012871.951363,-23,-24,77
1747012871.9863634,43,-72,243
1747012872.0213633,17,23,-26
1747012872.0573633,-22,29,9
1747012872.0933633,51,87,89
1747012872.1283634,31,-4,13
1747012872.1643634,-7,-44,-17
1747012872.1993637,12,39,116
1747012872.2343633,-11,-26,154
1747012872.2693634,-92,25,124
1747012872.3053634,-87,69,-5
1747012872.3413634,-30,-64,116
1747012872.3763633,-42,47,176
1747012872.4123633,11,-38,78
1747012872.4473634,-92,98,162
1747012872.4823637,17,57,70
1747012872.5183637,-94,-6,133
1747012872.553363,-24,-22,14
1747012872.589363,29,-33,71
1747012872.6243634,-30,6,-20
1747012872.6603634,22,-75,83
1747012872.6953633,100,6,-18
1747012872.7303634,56,-5,19
1747012872.7663634,-33,10,41
1747012872.8013637,32,-16,77
1747012872.8373632,26,81,75
1747012872.872363,-47,-28,153
1747012872.908363,28,-2,125
1747012872.9433634,-39,-40,101
1747012872.9783633,83,-65,7
1747012873.0143633,-12,26,105
1747012873.0493634,25,-71,83
1747012873.0853634,-48,-11,-14
1747012873.1203637,29,-61,45
1747012873.1563632,47,24,191
1747012873.191363,-2,-53,3
1747012873.2283633,-33,31,119
1747012873.2633634,-5,-7,-56
1747012873.2983634,-29,26,91
1747012873.3343637,28,11,53
1747012873.3693633,36,-77,-6
1747012873.405363,42,-26,49
1747012873.4403634,51,14,165
1747012873.4763634,5,16,121
1747012873.5113633,99,18,13
1747012873.5463634,19,-27,127
1747012873.5823634,-63,27,89
1747012873.6173637,74,5,25
1747012873.6533637,14,31,53
1747012873.6883633,12,43,-6
1747012873.724363,13,-17,93
1747012873.7593634,-16,58,83
1747012873.7943633,74,63,149
1747012873.8303633,31,80,17
1747012873.8653634,78,31,111
1747012873.9013634,-62,-21,13
1747012873.9363637,-10,44,157
1747012873.9723637,86,31,137
1747012874.007363,89,-35,115
1747012874.0423634,3,8,87
1747012874.0783634,19,24,101
1747012874.1133633,-6,24,163
1747012874.1493633,47,24,133
1747012874.1843634,-61,-34,127
1747012874.2203634,0,24,73
1747012874.2563634,77,2,213
1747012874.2913637,97,-37,77
1747012874.326363,36,-54,89
1747012874.362363,-15,-17,141
1747012874.3983634,-4,-5,15
1747012874.4333634,6,6,201
1747012874.4693637,-32,-11,29
1747012874.5043633,-16,-77,77
1747012874.5393634,39,-7,19
1747012874.5743637,-6,88,85
1747012874.6103632,45,36,-82
1747012874.6463633,15,-3,25
1747012874.681363,-107,21,15
1747012874.7173634,66,41,57
1747012874.7523634,88,23,223
1747012874.7873633,-65,-32,135
1747012874.8223634,20,-88,125
1747012874.8583634,-15,-122,-30
1747012874.8943634,-20,8,101
1747012874.9293633,52,-8,83
1747012874.9653633,-23,47,127
1747012875.000363,19,-7,73
1747012875.0353634,14,-18,89
1747012875.0703633,-19,29,75
1747012875.1063633,44,-34,51
1747012875.1423633,14,-22,89
1747012875.1773634,60,9,95
1747012875.2133634,52,19,99
1747012875.2483633,-1,95,-70
1747012875.283363,2,29,9
1747012875.3183634,14,15,83
1747012875.3543634,101,-13,28
1747012875.3903637,23,-53,173
1747012875.4253633,-22,-33,-44
1747012875.4613633,41,-57,67
1747012875.4963634,-35,21,73
1747012875.5313632,9,-73,19
1747012875.566363,69,42,73
1747012875.602363,-66,10,2
1747012875.6383634,-18,4,-29
1747012875.6733634,-30,-15,44
1747012875.7093637,17,-19,208
1747012875.7443633,16,-49,164
1747012875.7793634,51,16,52
1747012875.8143632,-14,-49,-71
1747012875.8503633,-1,12,18
1747012875.8863633,-57,-7,120
1747012875.9213634,19,38,-31
1747012875.9573634,-18,-54,28
1747012875.9923637,21,-2,20
1747012876.0273633,17,13,60
1747012876.0623634,8,-30,44
1747012876.0983634,-33,-4,106
1747012876.1343634,-25,-24,-7
1747012876.1693633,-13,47,-17
1747012876.2123632,6,23,-57
1747012876.2483633,70,0,98
1747012876.283363,48,41,-65
1747012876.3183634,36,-76,30
1747012876.3543634,-45,-20,66
1747012876.3903637,-73,1,52
1747012876.4253633,52,-51,-19
1747012876.4613633,56,-25,46
1747012876.4963634,12,28,68
1747012876.5313632,62,38,116
1747012876.566363,72,-13,156
1747012876.602363,-31,58,-19
1747012876.6383634,-5,32,180
1747012876.6733634,19,-7,56
1747012876.7093637,0,50,50
1747012876.7443633,-3,60,66
1747012876.7793634,16,10,124
1747012876.8143632,56,-33,38
1747012876.8503633,-51,16,72
1747012876.8863633,-43,-33,116
1747012876.9213634,26,4,-31
1747012876.9573634,22,34,109
1747012876.9923637,42,-29,62
1747012877.0273633,14,-20,30
1747012877.0623634,-83,-6,170
1747012877.0983634,81,-19,96
1747012877.1343634,32,-38,84
1747012877.1693633,-39,19,132
1747012877.2053633,-1,-84,-23
1747012877.2403634,2,-74,91
1747012877.2753634,-25,-22,187
1747012877.3103633,0,44,189
1747012877.3463633,32,12,-19
1747012877.382363,4,148,-49
1747012877.4173634,-5,16,72
1747012877.4533634,66,78,168
1747012877.4883633,-4,-43,-113
1747012877.5233634,33,-29,120
1747012877.5593634,-2,-15,178
1747012877.5943637,9,-9,116
1747012877.6303637,-78,38,-33
1747012877.6653633,11,54,104
1747012877.701363,5,-43,52
1747012877.7363634,3,-41,52
1747012877.7713633,12,-1,-23
1747012877.8073633,64,-10,86
1747012877.8423634,2,67,116
1747012877.8783634,70,0,152
1747012877.9133637,58,-52,-65
1747012877.9493637,-9,5,42
1747012877.9843633,-9,1,102
1747012878.0193634,92,9,104
1747012878.0553634,2,7,170
1747012878.0903633,48,19,-33
1747012878.1263633,-77,-12,112
1747012878.1613634,-45,-6,110
1747012878.1973634,6,39,-13
1747012878.2323637,48,-6,136
1747012878.2673633,-57,-6,46
1747012878.303363,-64,52,90
1747012878.3383634,-12,10,180
1747012878.3743634,20,33,148
1747012878.4093633,10,-42,44
1747012878.4453633,-47,59,68
1747012878.4803634,31,-43,52
1747012878.5153637,-61,-20,84
1747012878.5513637,-59,13,10
1747012878.5863633,36,15,252
1747012878.622363,-27,-16,100
1747012878.6573634,29,52,-21
1747012878.6933634,25,2,8
1747012878.7283633,-2,-27,84
1747012878.7633634,-16,17,86
1747012878.7993634,7,-16,60
1747012878.8343637,24,98,74
1747012878.8703637,-20,27,110
1747012878.905363,-40,-50,24
1747012878.941363,12,40,60
1747012878.9763634,12,36,84
1747012879.0113633,-11,24,162
1747012879.0473633,-63,-59,180
1747012879.0823634,30,-62,-131
1747012879.1183634,2,33,70
1747012879.1533637,30,-16,32
1747012879.1893632,-19,-26,-3
1747012879.224363,18,53,-9
1747012879.2593634,28,-20,18
1747012879.2953634,-31,19,-93
1747012879.3303633,60,43,-25
1747012879.3663633,-81,-5,98
1747012879.4013634,92,-16,34
1747012879.4363637,-31,-6,86
1747012879.4713633,-11,-41,72
1747012879.507363,6,30,92
1747012879.543363,-43,-31,138
1747012879.5783634,58,-23,100
1747012879.6143634,26,-1,-7
1747012879.6493633,64,-20,50
1747012879.6843634,-9,25,-35
1747012879.7193637,34,5,62
1747012879.7553637,22,11,74
1747012879.7913637,77,7,86
1747012879.826363,-13,-20,30
1747012879.862363,-30,-24,64
1747012879.8973634,5,-20,82
1747012879.9323633,-90,-42,156
1747012879.9673634,-12,-32,70
1747012880.0033634,-16,7,148
1747012880.0393634,-30,-16,8
1747012880.0743637,-184,-36,-3
1747012880.1103632,-13,20,120
1747012880.145363,-27,51,130
1747012880.1803634,-53,9,76
1747012880.2153633,30,-34,224
1747012880.2513633,0,81,130
1747012880.2873633,-5,21,154
1747012880.3223634,-65,13,104
1747012880.3583634,-35,26,202
1747012880.3933637,8,-19,-37
1747012880.428363,-15,34,180
1747012880.4633634,-36,2,220
1747012880.4993634,2,22,170
1747012880.5353634,-6,-8,58
1747012880.5703633,-10,14,154
1747012880.6063633,9,-17,24
1747012880.6413634,-18,-3,84
1747012880.6763637,60,-48,165
1747012880.7113633,112,-22,202
1747012880.747363,32,5,71
1747012880.783363,14,-40,4
1747012880.8183634,44,-20,127
1747012880.8543634,-137,-70,140
1747012880.8893633,64,-14,-37
1747012880.9243634,-40,-29,-73
1747012880.9593637,9,0,112
1747012880.9953637,27,-43,40
1747012881.0313632,-18,-9,74
1747012881.066363,-33,-25,154
1747012881.102363,-53,-45,108
1747012881.1373634,38,-5,-9
1747012881.1723633,36,-32,26
1747012881.2073634,24,-55,100
1747012881.2433634,-21,18,122
1747012881.2793634,26,-1,132
1747012881.3143632,20,7,4
1747012881.3503633,18,8,120
1747012881.385363,66,-23,80
1747012881.4203634,-9,-56,152
1747012881.4553633,-22,5,116
1747012881.4913633,1,13,52
1747012881.5273633,-4,-10,102
1747012881.5623634,45,0,24
1747012881.5983634,23,-38,116
1747012881.6333632,-31,11,44
1747012881.668363,-25,27,72
1747012881.7033634,80,23,50
1747012881.7393634,-51,14,116
1747012881.7753634,-1,-56,-37
1747012881.8103633,-21,51,18
1747012881.8463633,25,11,-39
1747012881.8813634,27,33,74
1747012881.9163637,-68,-8,114
1747012881.951363,67,-14,16
1747012881.987363,-58,-82,-71
1747012882.0233634,15,-24,-9
1747012882.0583634,25,73,-37
1747012882.0943637,-22,19,164
1747012882.1293633,-35,-5,150
1747012882.1643634,67,-44,82
1747012882.1993637,-90,47,-9
1747012882.2353632,-43,-72,124
1747012882.2713633,-9,-6,-17
1747012882.306363,40,-10,22
1747012882.3423634,24,9,12
1747012882.3773634,-17,-2,78
1747012882.4123633,27,40,20
1747012882.4473634,64,-64,128
1747012882.4833634,-1,-26,26
1747012882.5193634,-28,44,126
1747012882.5543633,28,-6,54
1747012882.5903633,65,-29,32
1747012882.625363,18,21,14
1747012882.6603634,-26,24,150
1747012882.6963634,-49,15,92
1747012882.7313633,-54,-93,94
1747012882.7673633,-27,14,148
1747012882.8023634,22,18,186
1747012882.8383634,13,20,-1
1747012882.8733633,21,24,48
1747012882.908363,-76,70,100
1747012882.9443634,17,-55,-7
1747012882.9793634,7,76,96
1747012883.0153637,1,-49,102
1747012883.0503633,-15,23,72
1747012883.0863633,-3,73,130
1747012883.1213634,20,-40,138
1747012883.1563632,-81,-18,88
1747012883.1923633,27,-11,82
1747012883.227363,-64,-31,30
1747012883.2633634,-40,-19,73
1747012883.2983634,-98,-23,9
1747012883.3343637,-6,-13,3
1747012883.3693633,67,-55,43
1747012883.4043634,-42,40,89
1747012883.4403634,41,-19,63
1747012883.4753633,46,-8,25
1747012883.5113633,14,35,-31
1747012883.5463634,36,33,128
1747012883.5823634,-37,-14,42
1747012883.6173637,-45,9,136
1747012883.6523633,60,109,28
1747012883.6883633,8,-16,57
1747012883.7233634,3,-41,143
1747012883.7593634,-131,-14,209
1747012883.7943633,-37,55,1
1747012883.8303633,-108,12,-16
1747012883.8653634,-43,-14,101
1747012883.9003634,-16,-3,122
1747012883.9363637,9,30,-4
1747012883.9713633,-33,55,118
1747012884.007363,16,-66,-25
1747012884.0423634,44,-42,12
1747012884.0783634,-17,-36,40
1747012884.1133633,-67,27,-107
1747012884.1483634,22,0,62
1747012884.1843634,88,-48,112
1747012884.2193637,-43,55,80
1747012884.2553637,-27,-44,-24
1747012884.2903633,-63,-50,-50
1747012884.326363,-37,-24,98
1747012884.362363,50,-40,22
1747012884.3983634,62,-102,29
1747012884.4343634,-25,87,42
1747012884.4693637,46,89,88
1747012884.5043633,-21,-16,146
1747012884.5403633,52,-32,180
1747012884.576363,48,-46,122
1747012884.6113634,24,39,58
1747012884.6473634,26,47,4
1747012884.6823633,-1,-26,-11
1747012884.7173634,16,11,70
1747012884.7523634,-7,23,170
1747012884.7883637,-49,-40,118
1747012884.8243637,16,30,26
1747012884.8593633,-89,-37,92
1747012884.895363,20,42,96
1747012884.9303634,-46,30,70
1747012884.9653633,35,44,-13
1747012885.000363,-18,-15,4
1747012885.0363634,-46,14,-1
1747012885.0723634,-12,-51,170
1747012885.1073637,80,-43,54
1747012885.1433637,-27,144,42
1747012885.178363,-52,44,46
1747012885.2133634,-23,22,118
1747012885.2483633,21,-39,-7
1747012885.2843633,77,0,20
1747012885.3203633,0,38,92
1747012885.3553634,-32,20,98
1747012885.3913634,3,-59,66
1747012885.4263637,5,8,194
1747012885.4613633,0,8,98
1747012885.4963634,92,2,98
1747012885.5323634,56,-18,36
1747012885.5683634,-33,-30,80
1747012885.6033633,-3,-64,8
1747012885.6393633,-3,3,126
1747012885.6743634,-18,6,90
1747012885.7093637,-44,100,128
1747012885.7443633,97,-13,78
1747012885.780363,85,-19,90
1747012885.816363,-61,37,35
1747012885.8513634,-19,101,167
1747012885.8873634,3,-19,104
1747012885.9223633,21,-25,64
1747012885.9573634,-54,26,150
1747012885.9923637,-48,10,131
1747012886.0283637,19,-15,-39
1747012886.0643632,-44,-5,141
1747012886.099363,-72,-13,91
1747012886.135363,-56,44,55
1747012886.1703634,-12,-81,32
1747012886.2123632,3,50,28
1747012886.2483633,-44,56,42
1747012886.2843633,63,4,-61
1747012886.3203633,5,-23,-13
1747012886.3553634,-42,0,132
1747012886.3913634,33,-7,192
1747012886.4263637,-9,-74,98
1747012886.4613633,-85,-23,71
1747012886.4963634,52,1,-26
1747012886.5323634,6,-11,83
1747012886.5683634,-87,-17,47
1747012886.6033633,-39,54,5
1747012886.6393633,-26,-55,75
1747012886.6743634,-6,12,40
1747012886.7093637,5,-21,50
1747012886.7443633,0,50,194
1747012886.780363,-36,16,184
1747012886.816363,52,-21,74
1747012886.8513634,24,44,180
1747012886.8873634,24,-11,118
1747012886.9223633,-77,28,43
1747012886.9573634,37,28,87
1747012886.9923637,-103,-108,169
1747012887.0283637,-25,11,61
1747012887.0643632,96,35,0
1747012887.099363,-2,-15,69
1747012887.135363,-4,-1,149
1747012887.1703634,-16,-99,157
1747012887.2053633,-47,-104,15
1747012887.2403634,-40,18,65
1747012887.2763634,-94,0,-18
1747012887.3123634,54,26,139
1747012887.3473637,12,-1,49
1747012887.3833632,36,12,63
1747012887.418363,10,60,65
1747012887.4533634,0,-41,71
1747012887.4883633,86,-59,-58
1747012887.5243633,94,55,75
1747012887.5603633,7,-5,-80
1747012887.5953634,12,-10,7
1747012887.6313634,69,-21,7
1747012887.6663637,122,-10,87
1747012887.701363,52,65,3
1747012887.737363,-28,-17,97
1747012887.7723634,13,14,43
1747012887.8083634,-35,34,113
1747012887.8433633,-27,110,103
1747012887.8793633,34,-13,27
1747012887.9143634,-34,-51,115
1747012887.9493637,61,-33,-20
1747012887.9853632,72,-18,109
1747012888.020363,36,-11,105
1747012888.056363,2,-55,79
1747012888.0913634,96,18,86
1747012888.1273634,52,0,28
1747012888.1623633,0,56,70
1747012888.1973634,26,44,112
1747012888.2333634,144,38,-71
1747012888.2683637,36,-89,84
1747012888.3043633,34,-52,218
1747012888.339363,12,-54,126
1747012888.375363,66,1,0
1747012888.4103634,60,19,66
1747012888.4453633,20,-26,33
1747012888.4813633,-67,29,145
1747012888.5163634,-10,26,81
1747012888.5523634,29,6,125
1747012888.5873632,-8,-26,117
1747012888.6233633,-20,-76,35
1747012888.658363,-14,-18,-19
1747012888.6933634,-50,37,117
1747012888.7293634,-52,13,222
1747012888.7643633,23,27,22
1747012888.8003633,-7,-16,116
1747012888.8353634,-24,11,-37
1747012888.8713634,-76,13,76
1747012888.9063632,67,-24,30
1747012888.941363,4,15,126
1747012888.977363,-47,17,46
1747012889.0123634,-6,-42,178
1747012889.0483634,49,0,-57
1747012889.0833633,15,23,2
1747012889.1193633,51,13,64
1747012889.1543634,-4,-56,-33
1747012889.1893632,0,47,66
1747012889.2253633,-30,11,146
1747012889.260363,-28,23,56
1747012889.2963634,-76,-9,16
1747012889.3313634,55,14,62
1747012889.3673637,29,-11,10
1747012889.4023633,29,-18,119
1747012889.4373634,-14,67,130
1747012889.4733634,101,47,140
1747012889.5083632,81,-8,52
1747012889.5443633,23,-42,-31
1747012889.579363,-11,-2,62
1747012889.6143634,16,-55,87
1747012889.6493633,10,30,109
1747012889.6853633,-2,39,148
1747012889.7213633,79,-18,209
1747012889.7563634,-28,-52,6
1747012889.7923634,17,-18,139
1747012889.8273633,55,57,123
1747012889.862363,22,30,13
1747012889.8973634,-91,24,-57
1747012889.9333634,20,-5,48
1747012889.9693637,-15,-15,233
1747012890.0043633,-13,-5,12
1747012890.0403633,0,-13,53
1747012890.0753634,-41,-49,-7
1747012890.1103632,11,-42,46
1747012890.145363,-56,42,98
1747012890.181363,-16,-29,90
1747012890.2173634,-2,-11,216
1747012890.2523634,-74,-19,-29
1747012890.2883637,-22,-13,60
1747012890.3233633,73,50,14
1747012890.3583634,-59,-28,25
1747012890.3933637,-10,20,95
1747012890.4293633,-60,-31,-38
1747012890.4653633,-7,5,103
1747012890.500363,22,-2,87
1747012890.5363634,-19,66,81
1747012890.5713634,24,-18,71
1747012890.6063633,-21,77,73
1747012890.6413634,-52,-44,133
1747012890.6773634,-15,-13,95
1747012890.7133634,51,32,9
1747012890.7483633,44,-36,7
1747012890.7843633,-19,-47,127
1747012890.8193634,76,10,67
1747012890.8543634,10,4,112
1747012890.8893633,20,-45,40
1747012890.9253633,-53,-27,0
1747012890.9613633,-61,-4,49
1747012890.9963634,76,123,-61
1747012891.0323634,2,-12,90
1747012891.0673633,-35,11,56
1747012891.102363,-13,-32,118
1747012891.1373634,0,-30,62
1747012891.1733634,-15,-14,124
1747012891.2093637,-3,-42,70
1747012891.2443633,-30,14,58
1747012891.280363,15,74,45
1747012891.3153634,-26,-17,31
1747012891.3503633,0,8,-36
1747012891.385363,46,23,125
1747012891.4213634,10,17,-74
1747012891.4573634,-14,10,103
1747012891.4923637,31,-41,89
1747012891.5283637,59,12,-10
1747012891.5633633,97,-65,35
1747012891.5983634,10,36,-28
1747012891.6333632,43,32,133
1747012891.6693633,85,4,149
1747012891.7053633,-22,60,119
1747012891.7403634,-30,-31,155
1747012891.7763634,-54,134,5
1747012891.8113637,15,-33,-64
1747012891.8463633,-13,52,31
1747012891.8813634,62,-39,139
1747012891.9173634,-3,0,187
1747012891.9533634,-23,-11,149
1747012891.9883633,-31,45,67
1747012892.0243633,-55,-22,7
1747012892.0593634,6,-12,31
1747012892.0943637,46,-16,-42
1747012892.1293633,4,-28,25
1747012892.1653633,34,-4,15
1747012892.201363,-55,60,15
1747012892.2363634,-27,-37,33
1747012892.2723634,-13,-43,71
1747012892.3073633,12,-24,29
1747012892.3423634,18,55,-70
1747012892.3773634,-27,-39,35
1747012892.4133637,-21,12,75
1747012892.4493637,-101,26,63
1747012892.4843633,56,0,121
1747012892.520363,44,36,169
1747012892.5553634,-47,-77,79
1747012892.5903633,13,32,85
1747012892.625363,-24,50,253
1747012892.6613634,33,18,15
1747012892.6973634,7,-73,101
1747012892.7323637,-46,-3,29
1747012892.7683637,75,-31,-14
1747012892.803363,35,-1,-4
1747012892.8383634,-14,28,159
1747012892.8743634,-20,-35,25
1747012892.9093633,-32,42,-12
1747012892.9453633,29,-17,39
1747012892.9803634,-30,6,125
1747012893.0163634,35,8,161
1747012893.0513637,-6,4,79
1747012893.0863633,-75,33,-40
1747012893.122363,98,-84,57
1747012893.1573634,11,-93,101
1747012893.1933634,22,46,-36
1747012893.2283633,11,-3,61
1747012893.2643633,-44,14,65
1747012893.2993634,-42,-10,131
1747012893.3343637,22,58,-68
1747012893.3703637,50,-41,51
1747012893.405363,58,32,99
1747012893.441363,4,18,69
1747012893.4763634,100,59,1
1747012893.5123634,34,-29,77
1747012893.5473633,-35,-29,11
1747012893.5823634,15,24,97
1747012893.6183634,-8,86,-20
1747012893.6533637,11,70,137
1747012893.6893632,-1,64,41
1747012893.724363,84,62,85
1747012893.760363,-35,68,195
1747012893.7953634,71,-7,-30
1747012893.8303633,16,79,173
1747012893.8663633,90,-58,145
1747012893.9013634,-57,51,-22
1747012893.9373634,7,10,129
1747012893.9723637,91,54,181
1747012894.0083632,41,22,-18
1747012894.043363,1,-39,145
1747012894.0783634,-26,4,91
1747012894.1143634,66,37,87
1747012894.1493633,60,-10,31
1747012894.1853633,0,73,127
1747012894.2203634,14,19,55
1747012894.2563634,-3,87,221
1747012894.2913637,14,87,39
1747012894.326363,52,-14,37
1747012894.362363,6,14,89
1747012894.3973634,10,-13,-14
1747012894.4333634,-54,36,61
1747012894.4683633,3,-29,37
1747012894.5043633,82,-56,51
1747012894.5403633,-63,-131,143
1747012894.5753634,4,0,127
1747012894.6103632,83,44,101
1747012894.6463633,-4,30,87
1747012894.6823633,83,-89,5
1747012894.7173634,62,-45,45
1747012894.7533634,-1,-27,21
1747012894.7883637,-2,18,173
1747012894.8233633,-1,76,189
1747012894.8583634,28,56,55
1747012894.8943634,0,2,109
1747012894.9303634,60,-21,33
1747012894.9653633,-13,-79,209
1747012895.0013633,-41,-9,53
1747012895.0363634,-7,-32,101
1747012895.0713634,10,-16,73
1747012895.1063633,-45,-62,43
1747012895.1423633,-9,53,157
1747012895.178363,34,53,69
1747012895.2133634,108,4,81
1747012895.2493634,-34,0,65
1747012895.2843633,-30,-37,-8
1747012895.3193634,33,70,45
1747012895.3543634,-26,8,9
1747012895.3903637,5,12,91
1747012895.4263637,-46,36,-20
1747012895.4613633,-68,-55,101
1747012895.497363,10,43,61
1747012895.5323634,16,35,-60
1747012895.5673633,46,28,89
1747012895.602363,26,-59,111
1747012895.6383634,38,4,1
1747012895.6743634,125,-67,81
1747012895.7093637,-2,-39,159
1747012895.7453637,-25,45,147
1747012895.780363,46,-54,29
1747012895.8153634,-2,42,51
1747012895.8503633,-11,15,-48
1747012895.8863633,45,-45,111
1747012895.9223633,28,-50,203
1747012895.9573634,48,-18,31
1747012895.9933634,-50,52,-30
1747012896.0283637,41,12,145
1747012896.0633633,33,-1,129
1747012896.0983634,0,60,99
1747012896.1343634,31,12,101
1747012896.1703634,41,14,27
1747012896.2053633,29,16,63
1747012896.2483633,46,-9,101
1747012896.2843633,-48,66,27
1747012896.3193634,-67,-27,-70
1747012896.3543634,20,46,55
1747012896.3903637,-33,-27,41
1747012896.4263637,84,-19,3
1747012896.4613633,-43,-42,35
1747012896.497363,-25,72,179
1747012896.5323634,62,29,105
1747012896.5673633,38,66,159
1747012896.602363,10,-11,127
1747012896.6383634,80,13,-22
1747012896.6743634,-83,20,175
1747012896.7093637,-31,56,55
1747012896.7453637,24,3,-48
1747012896.780363,-13,69,59
1747012896.8153634,22,25,43
1747012896.8503633,-13,17,95
1747012896.8863633,-45,-40,117
1747012896.9223633,-13,34,109
1747012896.9573634,-18,80,15
1747012896.9933634,-15,27,71
1747012897.0283637,66,-22,119
1747012897.0633633,62,-44,23
1747012897.0983634,-47,-4,113
1747012897.1343634,22,11,21
1747012897.1703634,-47,0,1
1747012897.2053633,74,-8,89
1747012897.2413633,-87,3,71
1747012897.2763634,-53,25,119
1747012897.3113637,-23,13,65
1747012897.3463633,-59,25,73
1747012897.382363,98,63,39
1747012897.418363,-65,9,-4
1747012897.4533634,-71,9,123
1747012897.4893634,10,-72,131
1747012897.5243633,14,-2,171
1747012897.5593634,12,-60,27
1747012897.5943637,78,-76,95
1747012897.6303637,-21,11,125
1747012897.6663637,-73,11,45
1747012897.701363,8,11,37
1747012897.737363,4,-54,90
1747012897.7723634,-75,-76,-29
1747012897.8073633,-9,33,24
1747012897.8433633,18,11,17
1747012897.8783634,-2,-73,111
1747012897.9143634,135,-7,95
1747012897.9493637,-36,-105,49
1747012897.9853632,-7,-38,5
1747012898.020363,-4,-13,137
1747012898.0553634,-55,41,53
1747012898.0913634,42,2,92
1747012898.1263633,-95,0,-13
1747012898.1623633,22,-61,102
1747012898.1973634,1,-28,98
1747012898.2333634,-11,-15,92
1747012898.2683637,16,14,58
1747012898.303363,-37,-59,100
1747012898.339363,84,-1,176
1747012898.3743634,-1,105,22
1747012898.4103634,37,-37,50
1747012898.4453633,-5,-48,74
1747012898.4813633,-11,-24,-69
1747012898.5163634,-23,-22,46
1747012898.5513637,74,5,-47
1747012898.5873632,-4,-24,36
1747012898.622363,57,57,19
1747012898.658363,-90,13,-7
1747012898.6933634,9,3,56
1747012898.7293634,41,-22,48
1747012898.7643633,-26,31,108
1747012898.7993634,-2,-20,119
1747012898.8353634,-15,2,-24
1747012898.8703637,44,-19,-1
1747012898.9063632,46,-19,44
1747012898.941363,-11,-21,49
1747012898.977363,-14,3,38
1747012899.0123634,-10,-24,132
1747012899.0473633,83,75,136
1747012899.0833633,37,19,212
1747012899.1183634,-21,53,62
1747012899.1543634,-3,-6,136
1747012899.1893632,-19,58,74
1747012899.2253633,80,-47,62
1747012899.260363,11,12,30
1747012899.2953634,19,-19,66
1747012899.3313634,0,48,-35
1747012899.3663633,-28,-19,74
1747012899.4023633,31,22,132
1747012899.4373634,31,-22,64
1747012899.4733634,-27,43,144
1747012899.5083632,-62,-71,54
1747012899.543363,-4,-51,-13
1747012899.579363,37,70,152
1747012899.6143634,4,21,122
1747012899.6503634,-9,-8,162
1747012899.6853633,-14,4,106
1747012899.7203634,43,24,134
1747012899.7553637,-44,16,50
1747012899.7913637,19,54,136
1747012899.8273633,55,2,164
1747012899.862363,-32,-33,138
1747012899.8983634,17,14,-49
1747012899.9333634,0,-41,-43
1747012899.9683633,-30,10,10
1747012900.0033634,-34,-15,160
1747012900.0393634,-9,18,218
1747012900.0753634,34,36,70
1747012900.1103632,-13,8,60
1747012900.1463633,-9,-40,24
1747012900.181363,-51,-94,-53
1747012900.2163634,-22,-44,180
1747012900.2513633,67,53,102
1747012900.2873633,-26,0,46
1747012900.3233633,11,-46,36
1747012900.3583634,-18,-46,32
1747012900.3943634,-32,59,70
1747012900.4293633,-10,89,88
1747012900.464363,-46,-76,98
1747012900.4993634,7,-18,20
1747012900.5353634,82,16,-21
1747012900.5713634,-6,-110,42
1747012900.6063633,-67,-19,138
1747012900.6423633,13,23,112
1747012900.6773634,30,-8,30
1747012900.7123632,-27,9,26
1747012900.747363,74,-80,32
1747012900.783363,19,41,30
1747012900.8193634,5,-32,-27
1747012900.8543634,-48,-84,48
1747012900.8903637,-64,-40,105
1747012900.9253633,11,101,159
1747012900.9603634,54,18,67
1747012900.9953637,12,-63,104
1747012901.0313632,-15,20,1
1747012901.0673633,-35,-28,18
1747012901.102363,-53,-37,50
1747012901.1383634,4,1,62
1747012901.1733634,5,-27,72
1747012901.2083633,-12,-19,52
1747012901.2433634,-74,-67,202
1747012901.2793634,15,42,-23
1747012901.3153634,35,-51,46
1747012901.3503633,-9,19,20
1747012901.3863633,72,-26,50
1747012901.4213634,-63,-18,32
1747012901.4563634,-45,5,0
1747012901.4913633,114,65,48
1747012901.5273633,-97,65,202
1747012901.5633633,-7,59,174
1747012901.5983634,16,-54,100
1747012901.6343634,-4,29,58
1747012901.6693633,-48,77,28
1747012901.704363,-22,27,214
1747012901.7393634,-60,7,76
1747012901.7753634,15,-54,48
1747012901.8113637,94,-51,-47
1747012901.8463633,12,-1,54
1747012901.882363,-15,26,158
1747012901.9173634,4,-7,2
1747012901.9523633,56,37,42
1747012901.987363,-7,-7,54
1747012902.0233634,-59,20,18
1747012902.0593634,-5,-43,-105
1747012902.0943637,20,-102,144
1747012902.1303637,-73,17,82
1747012902.1653633,10,-46,4
1747012902.2003634,-69,-14,80
1747012902.2353632,-22,-63,104
1747012902.2713633,-65,-36,148
1747012902.3073633,16,37,80
1747012902.3423634,4,-18,26
1747012902.3783634,16,-52,214
1747012902.4133637,-37,-28,158
1747012902.4483633,-25,-34,118
1747012902.4833634,4,-4,304
1747012902.5193634,-17,-22,145
1747012902.5553634,-89,59,141
1747012902.5903633,13,-5,25
1747012902.6263633,69,-75,51
1747012902.6613634,55,-7,121
1747012902.6963634,49,-53,95
1747012902.7313633,-54,54,131
1747012902.7673633,-26,40,128
1747012902.803363,13,-1,60
1747012902.8383634,-25,27,72
1747012902.8743634,18,4,9
1747012902.9093633,64,-43,105
1747012902.9443634,22,110,70
1747012902.9803634,-1,52,24
1747012903.0153637,-79,-1,112
1747012903.0513637,20,-31,50
1747012903.0863633,20,-55,101
1747012903.122363,8,18,143
1747012903.1573634,5,-28,79
1747012903.1923633,28,-112,91
1747012903.2283633,74,19,243
1747012903.2633634,-31,-4,0
1747012903.2993634,7,-45,-22
1747012903.3343637,-59,5,77
1747012903.3703637,-8,14,89
1747012903.405363,43,-39,211
1747012903.4403634,-7,-32,81
1747012903.4763634,7,-5,105
1747012903.5113633,-25,69,67
1747012903.5473633,55,-3,0
1747012903.5823634,-78,-49,-38
1747012903.6183634,-18,-61,279
1747012903.6533637,-78,-17,151
1747012903.6883633,-25,-73,9
1747012903.724363,-94,16,19
1747012903.7593634,61,42,89
1747012903.7953634,-26,6,33
1747012903.8303633,47,-45,-6
1747012903.8663633,-57,-30,77
1747012903.9013634,-17,-2,103
1747012903.9363637,-45,-58,47
1747012903.9723637,-85,-18,29
1747012904.007363,-29,23,183
1747012904.043363,-9,-27,117
1747012904.0783634,12,41,67
1747012904.1143634,-17,23,-8
1747012904.1493633,-3,4,65
1747012904.1843634,-23,8,183
1747012904.2203634,-49,-70,117
1747012904.2553637,20,-33,79
1747012904.2913637,-71,33,83
1747012904.326363,-35,-29,73
1747012904.362363,-3,-60,109
1747012904.3973634,-45,3,11
1747012904.4323633,2,-10,-6
1747012904.4683633,64,17,161
1747012904.5033634,-3,-30,133
1747012904.5393634,32,75,69
1747012904.5743637,-73,65,39
1747012904.6103632,52,27,77
1747012904.645363,8,1,-24
1747012904.6803634,-41,-6,46
1747012904.7163634,48,59,152
1747012904.7513633,2,-63,156
1747012904.7873633,56,38,70
1747012904.8223634,34,13,100
1747012904.8573637,70,37,-58
1747012904.8923633,22,-75,37
1747012904.928363,68,14,-54
1747012904.964363,-75,-11,19
1747012904.9993634,14,-7,179
1747012905.0353634,49,-4,87
1747012905.0703633,3,-22,35
1747012905.1053634,38,-47,81
1747012905.1403637,30,0,23
1747012905.1763637,18,59,119
1747012905.2123632,-33,-22,95
1747012905.247363,-53,-24,71
1747012905.283363,54,-46,-24
1747012905.3183634,102,-8,105
1747012905.3533633,12,-96,33
1747012905.3883634,-22,114,97
1747012905.4243634,-76,-11,105
1747012905.4603634,-46,-22,11
1747012905.4953637,44,-37,7
1747012905.5313632,86,-23,101
1747012905.566363,46,16,111
1747012905.6013634,13,0,109
1747012905.6363633,32,-63,131
1747012905.6723633,62,-57,149
1747012905.7083633,8,-43,133
1747012905.7433634,11,-9,73
1747012905.7793634,-24,-20,91
1747012905.8143632,-106,-15,63
1747012905.849363,-24,-11,77
1747012905.8843634,11,46,-106
1747012905.9203634,-50,4,39
1747012905.9563634,41,134,115
1747012905.9913633,53,-49,49
1747012906.0273633,-76,12,83
1747012906.0623634,-38,-37,53
1747012906.0973637,56,-9,-32
1747012906.132363,-50,38,39
1747012906.168363,29,-13,0
1747012906.204363,66,9,59
1747012906.2393634,63,-39,47
1747012906.2823634,27,20,37
1747012906.3183634,17,14,127
1747012906.3533633,15,6,85
1747012906.3883634,-64,20,69
1747012906.4243634,-48,18,-28
1747012906.4603634,63,30,49
1747012906.4953637,-10,60,135
1747012906.5313632,6,-16,215
1747012906.566363,16,-17,19
1747012906.6013634,32,42,47
1747012906.6363633,38,-43,67
1747012906.6723633,-1,-1,125
1747012906.7083633,-11,-11,87
1747012906.7433634,-41,12,123
1747012906.7793634,76,-14,-8
1747012906.8143632,22,-96,-10
1747012906.849363,-30,-9,7
1747012906.8843634,-11,-4,115
1747012906.9203634,-49,11,51
1747012906.9563634,-61,-28,-8
1747012906.9913633,30,15,107
1747012907.0273633,47,-15,-4
1747012907.0623634,16,-42,229
1747012907.0973637,-91,1,81
1747012907.132363,8,-4,81
1747012907.168363,30,-14,77
1747012907.204363,56,-23,67
1747012907.2393634,92,80,60
1747012907.2753634,-45,51,115
1747012907.3103633,-37,-21,-101
1747012907.3453634,24,-71,74
1747012907.3813634,62,26,-60
1747012907.4163637,-65,24,59
1747012907.4523633,28,66,111
1747012907.487363,32,4,129
1747012907.5233634,-21,-7,19
1747012907.5583634,-49,32,37
1747012907.5933633,-67,-7,41
1747012907.6283634,52,8,39
1747012907.6643634,-43,8,77
1747012907.7003634,48,-59,139
1747012907.7353632,70,-13,41
1747012907.7713633,-2,-9,-60
1747012907.806363,-67,-54,47
1747012907.8413634,-75,-54,29
1747012907.8763633,26,-4,-38
1747012907.9123633,90,-16,49
1747012907.9483633,-19,-9,-8
1747012907.9833634,-1,16,81
1747012908.0193634,-59,-41,89
1747012908.0543633,-20,43,96
1747012908.089363,70,30,116
1747012908.125363,52,-4,-3
1747012908.1603634,4,15,12
1747012908.1963634,4,33,52
1747012908.2313633,42,-2,110
1747012908.2673633,-43,-2,80
1747012908.3023634,-37,-10,42
1747012908.3373632,2,-46,12
1747012908.3733633,16,15,22
1747012908.408363,50,29,208
1747012908.4443634,-51,43,28
1747012908.4793634,-5,-42,68
1747012908.5153637,-9,-10,26
1747012908.5503633,33,68,106
1747012908.5853634,-26,84,104
1747012908.6213634,68,-34,76
1747012908.6563632,-69,19,-65
1747012908.6923633,-51,-42,-53
1747012908.727363,9,-9,-63
1747012908.7633634,-19,3,68
1747012908.7983634,49,-33,144
1747012908.8333633,-66,-64,86
1747012908.8693633,56,-38,43
1747012908.9043634,30,-6,39
1747012908.9403634,-49,-40,-2
1747012908.9753633,76,-62,76
1747012909.0113633,48,17,34
1747012909.0463634,4,-100,102
1747012909.0813634,32,17,120
1747012909.1173637,50,-3,114
1747012909.1523633,26,-7,118
1747012909.1883633,-49,32,192
1747012909.2233634,24,-8,26
1747012909.2593634,6,96,106
1747012909.2943633,39,-45,26
1747012909.329363,0,24,192
1747012909.3653634,18,-33,60
1747012909.4003634,-30,85,50
1747012909.4363637,17,-46,118
1747012909.4713633,57,-82,142
1747012909.507363,-30,-23,32
1747012909.5423634,21,52,36
1747012909.5773633,56,-47,114
1747012909.6133633,17,-52,-19
1747012909.6483634,-12,-40,64
1747012909.6843634,-34,53,76
1747012909.7193637,31,-12,32
1747012909.7553637,7,37,114
1747012909.7913637,-24,-7,44
1747012909.826363,33,16,130
1747012909.8613634,-6,-5,51
1747012909.8973634,5,19,129
1747012909.9333634,-14,61,203
1747012909.9683633,3,11,31
1747012910.0043633,-64,-6,137
1747012910.0393634,26,-20,43
1747012910.0743637,34,-12,133
1747012910.1093633,-36,59,-18
1747012910.145363,4,89,105
1747012910.181363,21,-50,95
1747012910.2163634,47,5,75
1747012910.2523634,-36,-14,107
1747012910.2873633,-22,-28,71
1747012910.3223634,75,7,-56
1747012910.3573637,34,47,53
1747012910.3933637,116,-20,65
1747012910.4293633,-17,35,15
1747012910.464363,-48,-10,73
1747012910.500363,20,-58,83
1747012910.5353634,-59,-78,125
1747012910.5703633,-41,-16,119
1747012910.6053634,-69,0,53
1747012910.6413634,32,9,111
1747012910.6773634,6,-72,71
1747012910.7123632,40,11,87
1747012910.7483633,-13,-16,93
1747012910.783363,8,-40,101
1747012910.8183634,-51,31,39
1747012910.8533633,-45,5,191
1747012910.8893633,-27,76,-28
1747012910.9253633,18,-6,93
1747012910.9603634,22,-54,97
1747012910.9963634,-107,-3,39
1747012911.0313632,-93,-35,67
1747012911.066363,-39,82,3
1747012911.1013634,64,-56,-28
1747012911.1373634,-89,-35,-74
1747012911.1733634,10,30,111
1747012911.2083633,32,-25,183
1747012911.2443633,-31,-3,33
1747012911.2793634,54,42,43
1747012911.3143632,14,0,49
1747012911.349363,20,3,87
1747012911.385363,110,64,167
1747012911.4213634,-16,4,83
1747012911.4563634,3,-35,-10
1747012911.4923637,-8,12,121
1747012911.5273633,111,-40,33
1747012911.5623634,65,75,-4
1747012911.5973637,52,-29,151
1747012911.6333632,3,-12,79
1747012911.6693633,39,13,81
1747012911.704363,18,0,31
1747012911.7403634,-27,-3,69
1747012911.7753634,35,-77,35
1747012911.8103633,7,72,115
1747012911.8453634,49,12,41
1747012911.8813634,-24,-23,7
1747012911.9173634,23,10,-68
1747012911.9523633,-12,42,163
1747012911.9883633,28,-51,-22
1747012912.0233634,21,15,15
1747012912.0583634,33,19,9
1747012912.0933633,32,10,57
1747012912.1293633,10,40,-4
1747012912.1653633,-5,86,-12
1747012912.2003634,6,4,-28
1747012912.2363634,4,-3,67
1747012912.2713633,29,19,55
1747012912.306363,49,17,55
1747012912.3413634,-16,29,-26
1747012912.3773634,7,-28,51
1747012912.4133637,30,86,-10
1747012912.4483633,22,-17,41
1747012912.4843633,-44,-95,83
1747012912.5193634,41,30,17
1747012912.5543633,15,54,149
1747012912.589363,-20,60,-22
1747012912.625363,-106,-27,23
1747012912.6613634,7,-7,19
1747012912.6963634,9,16,61
1747012912.7323637,3,-15,9
1747012912.7673633,-64,-5,103
1747012912.8023634,-61,18,11
1747012912.8373632,-7,-49,-44
1747012912.8733633,6,40,65
1747012912.9093633,52,-1,21
1747012912.9443634,54,-72,43
1747012912.9803634,-39,-1,35
1747012913.0153637,44,-23,111
1747012913.0503633,-9,28,113
1747012913.0863633,-10,32,147
1747012913.1213634,2,-3,141
1747012913.1573634,-49,18,99
1747012913.1923633,-23,33,47
1747012913.2283633,-20,2,100
1747012913.2633634,88,-19,62
1747012913.2983634,44,-63,34
1747012913.3343637,65,-59,-31
1747012913.3693633,-40,-5,68
1747012913.405363,67,64,14
1747012913.4403634,9,54,-9
1747012913.4763634,57,50,96
1747012913.5113633,-118,-45,-45
1747012913.5463634,13,2,102
1747012913.5823634,-10,-9,24
1747012913.6173637,-20,-93,16
1747012913.6533637,6,-26,58
1747012913.6883633,-21,-25,70
1747012913.724363,16,-31,92
1747012913.7593634,-52,-7,18
1747012913.7943633,-15,-12,76
1747012913.8303633,54,-8,62
1747012913.8653634,24,-22,130
1747012913.9013634,-1,13,58
1747012913.9363637,-23,-11,92
1747012913.9723637,-111,-20,118
1747012914.007363,-1,9,22
1747012914.0423634,60,35,106
1747012914.0783634,-37,38,3
1747012914.1133633,-1,3,91
1747012914.1493633,-39,71,79
1747012914.1843634,-109,-12,238
1747012914.2203634,-21,20,-23
1747012914.2553637,8,-24,66
1747012914.2923634,58,-36,-15
1747012914.3273633,-4,10,94
1747012914.362363,-77,23,126
1747012914.3983634,-91,-46,120
1747012914.4333634,-15,-44,138
1747012914.4693637,-84,0,170
1747012914.5043633,-76,-29,11
1747012914.5403633,3,42,77
1747012914.5753634,45,-1,-30
1747012914.6103632,-40,10,74
1747012914.6463633,85,-3,29
1747012914.681363,40,-56,159
1747012914.7173634,29,-15,137
1747012914.7523634,-64,-39,58
1747012914.7883637,-28,6,2
1747012914.8233633,-14,16,30
1747012914.8583634,6,-50,126
1747012914.8943634,50,37,210
1747012914.9293633,-6,-5,88
1747012914.9653633,30,55,-3
1747012915.000363,-16,8,24
1747012915.0353634,-60,-29,-19
1747012915.0703633,41,-47,34
1747012915.1063633,-6,-5,-19
1747012915.1423633,-42,-37,91
1747012915.1773634,89,20,-4
1747012915.2133634,46,27,26
1747012915.2483633,105,-41,124
1747012915.283363,-9,-36,65
1747012915.3183634,37,16,59
1747012915.3543634,-68,-25,31
1747012915.3903637,11,-61,35
1747012915.4253633,-9,13,-4
1747012915.4613633,-13,-28,95
1747012915.4963634,82,31,75
1747012915.5313632,-24,30,117
1747012915.566363,-27,-14,-44
1747012915.602363,32,-68,87
1747012915.6383634,40,49,83
1747012915.6733634,106,-42,137
1747012915.7093637,-27,13,33
1747012915.7443633,0,-68,157
1747012915.7793634,8,-58,79
1747012915.8143632,-47,9,161
1747012915.8503633,-15,47,131
1747012915.8863633,-7,-93,119
1747012915.9213634,-71,-39,-50
1747012915.9573634,96,-19,83
1747012915.9923637,15,53,127
1747012916.0273633,33,3,95
1747012916.0623634,-23,66,-10
1747012916.0983634,16,22,107
1747012916.1343634,65,-19,0
1747012916.1693633,51,-1,21
1747012916.2053633,45,24,-48
1747012916.2403634,21,38,63
1747012916.2823634,-29,-14,-20
1747012916.3183634,128,67,69
1747012916.3543634,4,-30,1
1747012916.3903637,-19,-66,89
1747012916.4253633,92,-52,-24
1747012916.4613633,16,39,-94
1747012916.4963634,6,49,59
1747012916.5313632,-39,21,57
1747012916.566363,87,-45,57
1747012916.602363,-5,-28,113
1747012916.6383634,-27,17,215
1747012916.6733634,-44,34,107
1747012916.7093637,44,-32,137
1747012916.7443633,65,38,-28
1747012916.7793634,89,54,1
1747012916.8143632,-22,-21,21
1747012916.8503633,-32,12,93
1747012916.8863633,7,-39,35
1747012916.9213634,-62,2,139
1747012916.9573634,-52,-29,59
1747012916.9923637,63,-11,-14
1747012917.0273633,-73,-40,-2
1747012917.0623634,-39,-10,47
1747012917.0983634,-37,-50,139
1747012917.1343634,-38,32,39
1747012917.1693633,37,-33,187
1747012917.2053633,-20,8,-24
1747012917.2403634,-56,-21,111
1747012917.2753634,10,73,69
1747012917.3103633,10,-48,45
1747012917.3463633,8,-12,0
1747012917.382363,6,-38,3
1747012917.4173634,-35,39,107
1747012917.4533634,38,39,87
1747012917.4883633,-117,17,20
1747012917.5233634,-38,-17,150
1747012917.5583634,-30,-17,82
1747012917.5943637,-28,0,87
1747012917.6303637,50,2,-22
1747012917.6653633,-33,10,77
1747012917.701363,6,6,15
1747012917.7363634,60,-5,187
1747012917.7713633,17,22,121
1747012917.8073633,-25,1,141
1747012917.8423634,-5,31,-6
1747012917.8783634,42,-8,5
1747012917.9133637,-5,0,31
1747012917.9493637,32,-44,79
1747012917.9843633,-35,-14,155
1747012918.0193634,56,16,59
1747012918.0543633,24,-23,97
1747012918.0903633,56,4,65
1747012918.1263633,-31,-37,5
1747012918.1613634,-51,6,85
1747012918.1973634,36,-91,13
1747012918.2323637,-31,-11,57
1747012918.2673633,-5,-27,9
1747012918.303363,22,6,-36
1747012918.3383634,44,48,117
1747012918.3743634,-69,14,127
1747012918.4093633,-48,2,75
1747012918.4453633,-18,50,75
1747012918.4803634,14,51,107
1747012918.5153637,26,45,23
1747012918.5513637,-15,15,164
1747012918.5863633,-69,5,106
1747012918.622363,-3,45,116
1747012918.6573634,39,16,118
1747012918.6933634,54,-10,108
1747012918.7283633,10,-17,22
1747012918.7633634,-89,58,102
1747012918.7993634,13,38,230
1747012918.8343637,-45,34,136
1747012918.8703637,14,-18,112
1747012918.905363,0,29,54
1747012918.941363,-77,7,42
1747012918.9763634,17,-45,46
1747012919.0113633,-62,52,178
1747012919.0473633,28,12,90
1747012919.0823634,-79,-43,44
1747012919.1183634,17,-18,28
1747012919.1533637,27,9,100
1747012919.1893632,-22,-116,86
1747012919.224363,-26,21,62
1747012919.2593634,113,5,-21
1747012919.2953634,64,108,-43
1747012919.3303633,-10,31,112
1747012919.3663633,-4,30,-41
1747012919.4013634,55,71,40
1747012919.4373634,58,38,92
1747012919.4723637,10,-13,70
1747012919.507363,52,-61,40
1747012919.543363,-7,32,16
1747012919.5783634,47,47,62
1747012919.6143634,55,-110,68
1747012919.6493633,-2,21,34
1747012919.6853633,5,-6,4
1747012919.7203634,7,15,144
1747012919.7553637,46,1,-5
1747012919.7913637,-26,31,-85
1747012919.826363,-10,-12,36
1747012919.862363,33,-24,76
1747012919.8973634,-40,-5,-13
1747012919.9333634,69,35,46
1747012919.9693637,11,-19,-17
1747012920.0043633,47,-94,16
1747012920.0393634,25,110,-57
1747012920.0753634,45,-43,30
1747012920.1113634,-20,-108,22
1747012920.1463633,10,32,104
1747012920.1823633,4,-27,124
1747012920.2173634,5,-31,128
1747012920.2523634,51,6,-5
1747012920.2873633,8,-12,104
1747012920.3233633,29,-1,66
1747012920.3593633,1,31,68
1747012920.3943634,-8,7,34
1747012920.4303634,-44,-28,122
1747012920.4653633,21,-38,4
1747012920.500363,15,-24,74
1747012920.5353634,33,-50,2
1747012920.5713634,-24,39,48
1747012920.6073637,25,-51,126
1747012920.6423633,21,76,120
1747012920.678363,-10,1,42
1747012920.7133634,67,7,234
1747012920.7483633,87,15,-19
1747012920.783363,17,0,56
1747012920.8193634,37,32,144
1747012920.8553634,8,-44,84
1747012920.8903637,4,-3,56
1747012920.9263637,-70,1,-3
1747012920.9613633,33,15,90
1747012920.9963634,-24,-122,34
1747012921.0313632,46,-45,46
1747012921.0673633,1,-34,258
1747012921.1033633,2,18,-69
1747012921.1383634,28,6,22
1747012921.1743634,4,30,62
1747012921.2093637,-30,-25,-25
1747012921.2443633,3,-35,30
1747012921.2793634,-37,-33,56
1747012921.3153634,-19,47,70
1747012921.3513634,48,-54,98
1747012921.3863633,-5,133,2
1747012921.4223633,-53,73,62
1747012921.4573634,-55,0,74
1747012921.4923637,30,89,140
1747012921.5273633,-45,5,44
1747012921.5633633,-1,-8,38
1747012921.599363,-19,57,46
1747012921.6343634,3,35,8
1747012921.6703634,98,-66,124
1747012921.7053633,30,-56,-63
1747012921.7403634,116,-28,132
1747012921.7753634,14,-48,148
1747012921.8113637,-65,-16,44
1747012921.8473637,16,25,94
1747012921.882363,76,-8,-9
1747012921.918363,-14,-15,58
1747012921.9533634,-22,32,-58
1747012921.9883633,1,8,99
1747012922.0233634,-52,74,51
1747012922.0593634,121,-51,204
1747012922.0953634,-54,-77,141
1747012922.1303637,-42,8,-56
1747012922.1663637,-37,47,123
1747012922.201363,18,3,69
1747012922.2363634,2,61,123
1747012922.2713633,-127,-14,7
1747012922.3073633,52,-31,5
1747012922.3433633,-37,10,41
1747012922.3783634,15,26,123
1747012922.4143634,3,-53,71
1747012922.4493637,11,-5,5
1747012922.4843633,42,3,-34
1747012922.5193634,54,-16,129
1747012922.5553634,35,-21,41
1747012922.5913634,-39,55,62
1747012922.6263633,-91,-46,86
1747012922.6623633,43,32,146
1747012922.6973634,68,-11,112
1747012922.7323637,65,6,98
1747012922.7673633,6,38,2
1747012922.803363,-33,14,106
1747012922.839363,2,44,22
1747012922.8743634,88,-79,50
1747012922.9103634,-13,2,46
1747012922.9453633,-69,-25,4
1747012922.9803634,77,16,36
1747012923.0153637,12,-11,-9
1747012923.0513637,4,-111,82
1747012923.0873632,69,19,166
1747012923.122363,19,-55,122
1747012923.158363,-4,8,230
1747012923.1933634,-22,-35,76
1747012923.2283633,-18,24,64
1747012923.2643633,-42,24,88
1747012923.2993634,31,16,52
1747012923.3353634,-7,33,76
1747012923.3703637,-1,71,118
1747012923.4063632,18,-110,226
1747012923.441363,24,-12,50
1747012923.4763634,-14,-53,178
1747012923.5123634,28,-42,-1
1747012923.5473633,80,13,106
1747012923.5833633,-5,95,10
1747012923.6183634,30,39,70
1747012923.6543634,-15,19,20
1747012923.6893632,49,-3,18
1747012923.724363,61,4,22
1747012923.760363,18,29,74
1747012923.7953634,13,-3,80
1747012923.8313634,55,-39,115
1747012923.8663633,-16,-17,-46
1747012923.9023633,-88,8,17
1747012923.9373634,35,-53,123
1747012923.9723637,8,-32,153
1747012924.0083632,38,-12,-10
1747012924.043363,30,17,139
1747012924.079363,44,-66,177
1747012924.1143634,-3,29,47
1747012924.1503634,96,11,69
1747012924.1853633,-31,-22,9
1747012924.2203634,46,-28,147
1747012924.2563634,18,46,21
1747012924.2913637,-27,18,207
1747012924.3273633,64,-37,-38
1747012924.362363,-65,12,171
1747012924.3983634,-45,-63,-46
1747012924.4333634,-32,8,65
1747012924.4683633,25,14,165
1747012924.5043633,33,-13,137
1747012924.5393634,11,114,11
1747012924.5753634,7,20,135
1747012924.6103632,41,-9,103
1747012924.6463633,29,0,59
1747012924.681363,-1,23,83
1747012924.7163634,28,-4,25
1747012924.7523634,54,61,77
1747012924.7873633,-2,42,-8
1747012924.8233633,41,-7,49
1747012924.8583634,-12,78,49
1747012924.8943634,-61,-128,55
1747012924.9293633,0,-19,155
1747012924.964363,2,0,155
1747012925.000363,-44,-79,21
1747012925.0353634,44,17,35
1747012925.0713634,6,47,61
1747012925.1063633,10,-18,111
1747012925.1413634,72,16,93
1747012925.1763637,6,-25,-74
1747012925.2123632,23,24,29
1747012925.2483633,-33,-3,125
1747012925.283363,-10,-5,171
1747012925.3193634,31,-19,83
1747012925.3543634,-15,-51,7
1747012925.3893633,-23,129,59
1747012925.4243634,20,-30,111
1747012925.4603634,-49,51,33
1747012925.4963634,24,43,155
1747012925.5313632,-3,-14,83
1747012925.5673633,-24,-35,195
1747012925.602363,-18,62,165
1747012925.6373634,1,42,87
1747012925.6723633,-20,30,141
1747012925.7083633,20,-26,159
1747012925.7443633,38,-110,205
1747012925.7793634,-19,-104,21
1747012925.8153634,-61,11,191
1747012925.8503633,98,-73,39
1747012925.885363,12,-13,159
1747012925.9203634,-69,32,171
1747012925.9563634,-45,-5,15
1747012925.9923637,94,-80,59
1747012926.0273633,-49,-94,33
1747012926.0633633,78,20,103
1747012926.0983634,8,-40,55
1747012926.1333632,-35,-34,-38
1747012926.168363,26,79,-4
1747012926.204363,-5,-60,91
1747012926.2403634,35,12,83
1747012926.2753634,45,2,52
1747012926.3183634,-69,14,81
1747012926.3543634,53,-51,151
1747012926.3893633,-114,-97,152
1747012926.4243634,-7,-63,76
1747012926.4603634,99,2,61
1747012926.4963634,-25,-39,18
1747012926.5313632,39,-47,4
1747012926.5673633,12,-3,90
1747012926.602363,10,-65,68
1747012926.6373634,10,-119,-65
1747012926.6723633,60,12,20
1747012926.7083633,-79,60,14
1747012926.7443633,-47,-47,-53
1747012926.7793634,-55,60,-13
1747012926.8153634,10,13,142
1747012926.8503633,-47,13,58
1747012926.885363,70,85,94
1747012926.9203634,-55,-82,64
1747012926.9563634,-35,9,166
1747012926.9923637,22,-8,100
1747012927.0273633,-70,4,20
1747012927.0633633,-8,-21,102
1747012927.0983634,-78,-3,20
1747012927.1333632,-48,2,12
1747012927.168363,-52,-93,76
1747012927.204363,7,-19,26
1747012927.2403634,0,-3,-75
1747012927.2753634,-32,-45,-23
1747012927.3113637,20,22,116
1747012927.3463633,44,-69,242
1747012927.3813634,65,-58,124
1747012927.4163637,95,51,36
1747012927.4523633,75,-68,110
1747012927.4883633,8,-15,90
1747012927.5233634,0,-51,34
1747012927.5593634,2,-11,118
1747012927.5943637,-61,-42,50
1747012927.6293633,-36,39,200
1747012927.6643634,41,55,106
1747012927.7003634,-37,80,154
1747012927.7363634,9,55,64
1747012927.7713633,-46,16,144
1747012927.8073633,65,-17,98
1747012927.8423634,-40,38,116
1747012927.8773634,20,4,-17
1747012927.9123633,99,106,66
1747012927.9483633,79,-3,6
1747012927.9843633,24,-103,26
1747012928.0193634,50,-5,122
1747012928.0553634,10,37,134
1747012928.0903633,-55,-76,-5
1747012928.125363,2,-20,2
1747012928.1603634,31,-5,102
1747012928.1963634,-68,18,-7
1747012928.2323637,-50,-51,40
1747012928.2673633,-48,-11,-15
1747012928.303363,55,22,138
1747012928.3383634,-92,-31,150
1747012928.3733633,-20,16,70
1747012928.4093633,-25,15,52
1747012928.4443634,46,-12,48
1747012928.4803634,98,-58,-5
1747012928.5153637,44,3,112
1747012928.5513637,60,14,46
1747012928.5863633,10,-44,252
1747012928.6213634,34,17,184
1747012928.6573634,-25,-4,129
1747012928.6923633,46,0,107
1747012928.7283633,22,3,105
1747012928.7633634,10,-30,-4
1747012928.7993634,14,51,3
1747012928.8343637,91,22,89
1747012928.8693633,1,-25,-44
1747012928.905363,-45,17,229
1747012928.9403634,36,31,145
1747012928.9763634,16,45,111
1747012929.0113633,-81,-30,127
1747012929.0473633,-13,-30,90
1747012929.0823634,-11,-30,72
1747012929.1173637,100,-26,36
1747012929.1533637,32,19,120
1747012929.1883633,42,-28,208
1747012929.224363,-113,79,66
1747012929.2593634,-51,-82,50
1747012929.2953634,-54,-20,60
1747012929.3303633,-31,-26,128
1747012929.3653634,34,-28,-9
1747012929.4013634,6,23,60
1747012929.4363637,52,-27,156
1747012929.4723637,-1,-19,134
1747012929.507363,26,2,72
1747012929.543363,24,-23,133
1747012929.5783634,22,-41,143
1747012929.6133633,9,17,61
1747012929.6493633,51,-76,-36
1747012929.6843634,13,1,43
1747012929.7203634,0,-10,73
1747012929.7553637,34,-15,25
1747012929.7913637,96,32,63
1747012929.826363,-19,-47,101
1747012929.8613634,40,6,69
1747012929.8973634,-27,-45,25
1747012929.9323633,-75,-35,-4
1747012929.9683633,-17,-37,-98
1747012930.0033634,10,4,33
1747012930.0393634,-3,-40,11
1747012930.0753634,-39,39,-4
1747012930.1113634,24,-40,147
1747012930.1473634,-61,87,-4
1747012930.1823633,46,22,19
1747012930.2173634,-45,3,61
1747012930.2533634,27,-75,233
1747012930.2893634,-19,57,-118
1747012930.3243637,10,-62,87
1747012930.3603632,4,-84,33
1747012930.395363,23,4,79
1747012930.4303634,-20,6,81
1747012930.4653633,28,-50,-4
1747012930.5013633,96,29,179
1747012930.5373633,-39,-8,-32
1747012930.5723634,0,59,73
1747012930.6083634,-3,-54,37
1747012930.6433637,-15,25,-52
1747012930.678363,42,22,77
1747012930.7133634,8,-39,11
1747012930.7493634,-71,-1,13
1747012930.7853634,-57,58,243
1747012930.8203633,-21,-10,51
1747012930.8563633,-27,-14,65
1747012930.8913634,-65,-68,61
1747012930.9263637,-58,10,53
1747012930.9613633,-59,-28,239
1747012930.997363,-81,9,-10
1747012931.033363,-60,-28,-26
1747012931.0683634,-57,-10,51
1747012931.1043634,86,11,43
1747012931.1393633,18,-44,111
1747012931.1743634,-15,25,127
1747012931.2093637,14,22,63
1747012931.2453637,53,-54,25
1747012931.2813632,0,-45,31
1747012931.316363,-17,-35,88
1747012931.352363,157,0,106
1747012931.3873634,-31,28,20
1747012931.4223633,0,-16,100
1747012931.4573634,37,33,202
1747012931.4933634,7,25,80
1747012931.5293634,9,0,58
1747012931.5643632,-6,-46,16
1747012931.6003633,-40,19,106
1747012931.635363,-2,-48,224
1747012931.6703634,13,-32,94
1747012931.7053633,62,48,84
1747012931.7413633,81,-18,56
1747012931.7773633,-6,5,-1
1747012931.8123634,36,-45,112
1747012931.8483634,-17,-57,-19
1747012931.8833632,74,-31,-15
1747012931.918363,-35,-111,72
1747012931.9533634,-29,-14,26
1747012931.9893634,10,27,82
1747012932.0253634,-15,15,144
1747012932.0603633,60,-8,68
1747012932.0963633,18,19,82
1747012932.1313634,126,41,108
1747012932.1663637,-13,-132,-39
1747012932.201363,26,43,160
1747012932.237363,17,-38,136
1747012932.2733634,27,-27,58
1747012932.3083634,-52,-19,10
1747012932.3443637,3,64,2
1747012932.3793633,1,4,-21
1747012932.4143634,-31,23,32
1747012932.4493637,-35,13,62
1747012932.4853632,-11,13,100
1747012932.5213633,-43,1,34
1747012932.556363,108,29,104
1747012932.5923634,16,59,62
1747012932.6273634,-32,39,67
1747012932.6623633,-15,-13,95
1747012932.6973634,-25,-13,-16
1747012932.7333634,18,-25,109
1747012932.7693634,62,-31,132
1747012932.8043633,-55,27,14
1747012932.8403633,50,89,150
1747012932.875363,-5,39,102
1747012932.9103634,-41,-88,104
1747012932.9453633,44,13,70
1747012932.9813633,-11,-55,150
1747012933.0173633,64,-54,62
1747012933.0523634,-57,-71,86
1747012933.0883634,3,50,-55
1747012933.1233633,34,45,36
1747012933.158363,-10,-41,137
1747012933.1933634,-12,20,-46
1747012933.2293634,-8,-11,-40
1747012933.2653637,-10,0,71
1747012933.3003633,-24,3,31
1747012933.3363633,76,58,83
1747012933.3713634,98,78,-54
1747012933.4063632,50,-17,83
1747012933.4423633,-43,-23,97
1747012933.477363,45,-84,171
1747012933.5133634,-41,14,49
1747012933.5483634,36,-9,53
1747012933.5843637,-37,-69,85
1747012933.6193633,16,-37,63
1747012933.6543634,-71,-89,115
1747012933.6903634,-3,30,69
1747012933.7253633,-3,10,145
1747012933.7613633,-31,14,-20
1747012933.7963634,-29,-59,93
1747012933.8323634,32,38,-58
1747012933.8673637,-4,71,131
1747012933.9023633,-42,9,169
1747012933.9383633,11,-26,7
1747012933.9733634,-34,7,37
1747012934.0093634,34,-13,235
1747012934.0443633,-16,-88,71
1747012934.0803633,88,18,51
1747012934.1153634,-98,-44,113
1747012934.1503634,-12,-43,127
1747012934.1863637,63,4,97
1747012934.2213633,-10,-25,157
1747012934.257363,27,70,63
1747012934.2923634,3,-33,17
1747012934.3283634,25,-33,5
1747012934.3633633,-8,26,125
1747012934.3983634,-46,-45,129
1747012934.4343634,15,54,159
1747012934.4693637,31,10,13
1747012934.5053637,57,-49,7
1747012934.5403633,55,48,97
1747012934.576363,15,-63,35
1747012934.6113634,15,-33,33
1747012934.6463633,13,26,5
1747012934.6823633,73,14,-10
1747012934.7173634,-20,10,-20
1747012934.7533634,9,14,55
1747012934.7883637,23,36,77
1747012934.8243637,-32,-13,59
1747012934.8593633,-76,70,119
1747012934.8943634,10,42,49
1747012934.9303634,16,0,159
1747012934.9653633,-35,14,17
1747012935.0013633,-92,0,15
1747012935.0363634,46,-1,79
1747012935.0723634,16,-55,87
1747012935.1083634,-29,-62,29
1747012935.1443634,-14,80,101
1747012935.1803634,-2,-45,-14
1747012935.2163634,-10,-37,3
1747012935.2523634,83,-23,127
1747012935.2873633,60,10,103
1747012935.3223634,6,86,53
1747012935.3583634,-41,22,129
1747012935.3943634,-129,1,77
1747012935.4293633,-38,8,141
1747012935.4653633,-16,-29,121
1747012935.500363,5,-47,145
1747012935.5353634,9,-1,-6
1747012935.5703633,0,6,183
1747012935.6063633,23,20,-70
1747012935.6423633,88,-42,91
1747012935.6773634,-13,-44,131
1747012935.7133634,-35,71,45
1747012935.7483633,88,-59,65
1747012935.783363,38,-3,84
1747012935.8183634,70,-41,120
1747012935.8543634,14,-27,32
1747012935.8903637,-3,39,170
1747012935.9253633,24,29,-7
1747012935.9613633,-73,-42,-25
1747012935.9963634,12,5,-91
1747012936.0313632,-10,54,40
1747012936.066363,13,-31,82
1747012936.1033633,49,-29,46
1747012936.1383634,-56,-111,134
1747012936.1743634,-44,-9,78
1747012936.2103634,-38,-55,80
1747012936.2453637,102,50,78
1747012936.2813632,-20,4,126
1747012936.3233633,-29,-46,60
1747012936.3593633,-15,19,-31
1747012936.3943634,24,41,64
1747012936.4303634,-29,13,102
1747012936.4663634,-4,-17,162
1747012936.5013633,69,60,72
1747012936.5373633,77,54,-7
1747012936.5723634,23,-59,114
1747012936.6073637,-32,28,112
1747012936.6423633,31,-3,44
1747012936.678363,-14,46,150
1747012936.714363,25,-13,108
1747012936.7493634,23,-3,82
1747012936.7853634,1,54,-23
1747012936.8203633,0,10,72
1747012936.8553634,17,-63,26
1747012936.8903637,-10,6,74
1747012936.9263637,21,10,56
1747012936.9623632,49,-35,70
1747012936.997363,51,-21,116
1747012937.033363,21,-21,102
1747012937.0683634,72,15,110
1747012937.1033633,-29,15,172
1747012937.1383634,30,-14,99
1747012937.1743634,-44,6,27
1747012937.2103634,1,-95,51
1747012937.2453637,-64,62,143
1747012937.2813632,27,8,30
1747012937.316363,-4,-25,71
1747012937.3513634,107,26,-1
1747012937.3863633,-37,-20,-65
1747012937.4223633,-62,-67,-7
1747012937.4583633,44,-42,126
1747012937.4933634,81,-69,116
1747012937.5293634,-12,-45,40
1747012937.5643632,-76,12,56
1747012937.599363,-46,0,50
1747012937.6343634,55,-23,30
1747012937.6703634,-36,-59,113
1747012937.7063634,-51,65,-48
1747012937.7413633,36,0,77
1747012937.7773633,11,-55,3
1747012937.8123634,98,21,127
1747012937.8473637,23,-1,67
1747012937.882363,1,38,23
1747012937.918363,-94,-9,59
1747012937.954363,-58,32,85
1747012937.9893634,-15,-10,-2
1747012938.0253634,-36,48,199
1747012938.0603633,-10,8,83
1747012938.0953634,35,-49,71
1747012938.1313634,103,54,33
1747012938.1663637,106,-55,5
1747012938.2023633,2,27,53
1747012938.237363,70,18,91
1747012938.2733634,-19,-8,-14
1747012938.3083634,27,-31,121
1747012938.3433633,-31,1,119
1747012938.3783634,-1,15,1
1747012938.4143634,-29,-42,95
1747012938.4503634,43,-63,135
1747012938.4853632,-45,-8,9
1747012938.5213633,-47,0,119
1747012938.556363,16,33,141
1747012938.5913634,-22,66,45
1747012938.6273634,36,17,151
1747012938.6623633,-94,-27,39
1747012938.6983633,25,-35,91
1747012938.7333634,-50,-9,23
1747012938.7693634,-76,-45,51
1747012938.8043633,-11,-7,125
1747012938.839363,14,-9,93
1747012938.875363,-107,0,145
1747012938.9103634,22,-39,105
1747012938.9463634,-37,-43,39
1747012938.9813633,-105,-13,105
1747012939.0173633,-73,-59,61
1747012939.0523634,-151,12,169
1747012939.0873632,10,-17,147
1747012939.1233633,48,-3,131
1747012939.158363,34,-7,-6
1747012939.1943634,48,-41,133
1747012939.2293634,-39,-61,43
1747012939.2653637,-106,9,115
1747012939.3003633,-19,42,37
1747012939.3353634,41,9,29
1747012939.3713634,41,-38,69
1747012939.4063632,-45,8,45
1747012939.4423633,-87,-83,17
1747012939.477363,-10,-8,-14
1747012939.5133634,-34,-2,-22
1747012939.5483634,15,23,65
1747012939.5833633,1,-20,167
1747012939.6193633,44,-35,-58
1747012939.6543634,49,-28,79
1747012939.6903634,85,8,39
1747012939.7253633,-28,-31,63
1747012939.7613633,-49,60,32
1747012939.7963634,52,14,76
1747012939.8313634,-25,-23,144
1747012939.8673637,75,-74,72
1747012939.9023633,25,-46,84
1747012939.9383633,-100,-36,178
1747012939.9733634,-8,-30,24
1747012940.0093634,-126,-4,216
1747012940.0443633,8,28,174
1747012940.079363,6,40,138
1747012940.1153634,-72,39,116
1747012940.1503634,-37,50,138
1747012940.1863637,-49,68,108
1747012940.2213633,115,-50,204
1747012940.257363,20,8,-45
1747012940.293363,86,-7,102
1747012940.3283634,-24,39,44
1747012940.3633633,55,-8,-59
1747012940.3993633,-2,-32,38
1747012940.4353633,45,9,32
1747012940.4703634,7,0,96
1747012940.5063634,-41,8,192
1747012940.5413637,-41,36,156
1747012940.576363,24,-75,-34
1747012940.6113634,84,-65,77
1747012940.6473634,36,2,-42
1747012940.6833634,-34,-8,47
1747012940.7183633,-62,0,149
1747012940.7543633,31,-80,90
1747012940.7893634,94,0,150
1747012940.8243637,63,33,98
1747012940.8593633,-60,-2,152
1747012940.895363,-64,9,58
1747012940.931363,-38,5,54
1747012940.9663634,-28,-48,40
1747012941.0023634,35,-24,150
1747012941.0373633,23,-50,62
1747012941.0723634,17,15,13
1747012941.1073637,-44,-40,165
1747012941.1433637,35,1,105
1747012941.1793633,63,27,95
1747012941.214363,-62,-33,-14
1747012941.250363,-72,17,117
1747012941.2853634,-74,7,103
1747012941.3203633,17,-78,-44
1747012941.3553634,-20,-4,-50
1747012941.3913634,-20,-68,-12
1747012941.4273634,0,25,33
1747012941.4623632,3,47,87
1747012941.4983633,-41,37,117
1747012941.533363,-23,-12,111
1747012941.5683634,-27,-94,31
1747012941.6033633,-24,-19,173
1747012941.6393633,58,-32,-32
1747012941.6753633,-12,1,87
1747012941.7103634,-46,-10,71
1747012941.7463634,-4,-76,-118
1747012941.7813632,-19,-56,107
1747012941.816363,-24,-28,121
1747012941.8513634,-90,49,91
1747012941.8873634,-14,41,75
1747012941.9233634,-60,-7,129
1747012941.9583633,-4,-11,61
1747012941.9943633,-46,61,87
1747012942.0293634,49,-52,75
1747012942.0643632,-20,-46,49
1747012942.099363,53,-12,67
1747012942.135363,-49,-15,77
1747012942.1713634,56,-5,67
1747012942.2063634,44,-29,263
1747012942.2423637,-22,17,169
1747012942.2773633,-17,-1,161
1747012942.3123634,36,-7,85
1747012942.3473637,-37,66,73
1747012942.3833632,-26,-31,129
1747012942.4193633,61,88,-6
1747012942.454363,8,-35,166
1747012942.4903634,7,-1,56
1747012942.5253634,3,2,68
1747012942.5603633,-14,12,100
1747012942.5953634,-20,-6,31
1747012942.6313634,17,41,153
1747012942.6673634,6,82,85
1747012942.7023633,-20,-17,11
1747012942.7383633,-70,-87,139
1747012942.7733634,11,-29,74
1747012942.8083634,-138,18,130
1747012942.8433633,65,14,130
1747012942.8793633,-2,-5,88
1747012942.9153633,59,-31,-5
1747012942.9503634,48,-2,-31
1747012942.9863634,59,20,130
1747012943.0213633,17,10,92
1747012943.056363,-22,-23,146
1747012943.0913634,-38,48,232
1747012943.1273634,17,-53,-1
1747012943.1633637,7,-9,-45
1747012943.1983633,7,32,48
1747012943.2343633,-18,-21,220
1747012943.2693634,7,-7,46
1747012943.3043633,-38,24,120
1747012943.339363,-35,22,86
1747012943.375363,42,20,70
1747012943.4113634,12,-41,90
1747012943.4463634,53,-53,-1
1747012943.4823637,-12,-33,176
1747012943.5173633,11,48,70
1747012943.5523634,-34,6,140
1747012943.5883634,-46,6,-11
1747012943.6233633,38,65,82
1747012943.6593633,16,9,226
1747012943.6943634,-73,-24,120
1747012943.7303634,48,-58,80
1747012943.7653637,-107,77,136
1747012943.8003633,-63,-82,148
1747012943.8363633,38,27,176
1747012943.8713634,-5,-26,-7
1747012943.9073634,-13,27,108
1747012943.9423633,-11,-32,104
1747012943.9783633,-27,-12,82
1747012944.0133634,-15,-30,80
1747012944.0483634,14,-22,24
1747012944.0843637,-43,-72,118
1747012944.1193633,-7,-60,110
1747012944.155363,-3,119,12
1747012944.1903634,93,-13,-93
1747012944.2263634,-22,30,122
1747012944.2613633,-78,26,64
1747012944.2963634,-17,33,74
1747012944.3323634,17,32,114
1747012944.3673637,18,27,114
1747012944.4033637,18,45,78
1747012944.4383633,-58,-7,166
1747012944.474363,25,4,80
1747012944.510363,73,-113,-87
1747012944.5463634,16,-32,68
1747012944.5813634,9,12,52
1747012944.6163633,3,10,20
1747012944.6523633,12,-61,144
1747012944.6873634,-6,-19,28
1747012944.7233634,10,-61,68
1747012944.7583632,52,18,148
1747012944.7943633,36,12,20
1747012944.829363,-65,39,10
1747012944.8643634,60,13,34
1747012944.9003634,-37,-32,6
1747012944.9353633,18,-32,172
1747012944.9713633,7,59,-27
1747012945.0063634,12,9,166
1747012945.0423634,-24,-60,96
1747012945.0773633,0,21,134
1747012945.112363,33,-44,124
1747012945.1483634,-24,65,94
1747012945.1833634,57,57,118
1747012945.2193637,62,0,112
1747012945.2543633,34,-46,74
1747012945.2903633,-8,-74,192
1747012945.326363,68,-22,100
1747012945.362363,47,33,150
1747012945.3983634,-8,-28,-69
1747012945.4333634,36,-26,61
1747012945.4683633,33,15,16
1747012945.5043633,61,13,154
1747012945.5403633,-44,43,-61
1747012945.5753634,6,-64,142
1747012945.6113634,12,1,68
1747012945.6463633,38,25,30
1747012945.681363,14,-18,35
1747012945.7163634,-21,-30,-75
1747012945.7523634,50,-5,113
1747012945.7883637,36,-3,13
1747012945.8233633,2,-63,45
1747012945.8593633,24,-15,-36
1747012945.8943634,52,-53,135
1747012945.9293633,36,20,69
1747012945.964363,-19,-67,-12
1747012946.000363,10,10,89
1747012946.0363634,24,-31,57
1747012946.0713634,36,-59,188
1747012946.1073637,90,-31,78
1747012946.1423633,-26,31,-41
1747012946.1773634,-5,10,-30
1747012946.2123632,19,-30,73
1747012946.2483633,-43,116,49
1747012946.2843633,2,-73,11
1747012946.326363,-45,24,99
1747012946.3633633,18,-29,-4
1747012946.3983634,-1,-31,155
1747012946.4333634,3,10,95
1747012946.4683633,-30,10,47
1747012946.5043633,67,-43,123
1747012946.5403633,-6,24,-124
1747012946.5753634,23,36,27
1747012946.6113634,-20,58,107
1747012946.6463633,-60,-65,-20
1747012946.681363,-42,-75,97
1747012946.7163634,-40,6,71
1747012946.7533634,-29,42,59
1747012946.7883637,41,18,65
1747012946.8243637,-41,-18,21
1747012946.8603632,0,0,1
1747012946.895363,42,-15,149
1747012946.931363,44,5,-76
1747012946.9663634,-89,8,143
1747012947.0013633,-23,51,87
1747012947.0363634,58,-69,33
1747012947.0723634,-73,17,129
1747012947.1083634,20,13,9
1747012947.1433637,-25,-36,137
1747012947.1793633,-33,-3,117
1747012947.214363,40,28,15
1747012947.2493634,3,8,27
1747012947.2843633,-20,-59,-62
1747012947.3203633,25,-43,107
1747012947.3563633,-42,18,77
1747012947.3913634,-24,96,59
1747012947.4273634,-20,-71,79
1747012947.4623632,0,22,143
1747012947.497363,35,32,179
1747012947.5323634,45,-47,179
1747012947.5683634,-3,-2,71
1747012947.6043634,-27,-26,13
1747012947.6393633,11,8,15
1747012947.6753633,-39,55,33
1747012947.7103634,59,-45,65
1747012947.7453637,-22,-7,23
1747012947.780363,-35,-54,69
1747012947.816363,30,13,197
1747012947.852363,37,-41,-20
1747012947.8873634,-71,61,59
1747012947.9233634,1,-81,-24
1747012947.9583633,-62,50,125
1747012947.9933634,17,32,45
1747012948.0283637,13,-29,0
1747012948.0643632,-22,-17,239
1747012948.1003633,3,-47,157
1747012948.135363,33,-49,39
1747012948.1713634,39,-73,3
1747012948.2063634,-24,-5,91
1747012948.2413633,-20,-59,47
1747012948.2763634,9,34,179
1747012948.3123634,-57,-36,-20
1747012948.3483634,2,11,91
1747012948.3833632,49,56,103
1747012948.4193633,-86,-23,85
1747012948.454363,99,-21,-76
1747012948.4893634,21,6,41
1747012948.5243633,26,-79,61
1747012948.5603633,2,36,139
1747012948.5963633,54,63,9
1747012948.6313634,-32,-33,19
1747012948.6673634,-76,18,21
1747012948.7023633,5,28,93
1747012948.737363,-6,77,3
1747012948.7733634,-98,23,-24
1747012948.8083634,-25,8,63
1747012948.8443637,-28,57,27
1747012948.8793633,-46,35,67
1747012948.9153633,41,28,39
1747012948.9503634,-36,-41,32
1747012948.9853632,-20,28,22
1747012949.0213633,-8,-66,33
1747012949.056363,35,14,38
1747012949.0923634,-20,-6,-77
1747012949.1273634,-52,36,22
1747012949.1633637,23,-3,18
1747012949.1983633,47,18,154
1747012949.2333634,23,-17,96
1747012949.2693634,65,-3,140
1747012949.3043633,25,32,178
1747012949.3403633,-40,-43,56
1747012949.375363,7,60,8
1747012949.4113634,-44,6,28
1747012949.4463634,43,-7,104
1747012949.4813633,15,-13,14
1747012949.5173633,-42,-57,-21
1747012949.5523634,-34,-57,102
1747012949.5883634,15,-11,50
1747012949.6233633,111,-65,178
1747012949.6593633,-28,-19,172
1747012949.6943634,85,6,148
1747012949.7293634,58,45,82
1747012949.7653637,-21,-12,2
1747012949.8003633,8,19,24
1747012949.8363633,23,12,-5
1747012949.8713634,-20,-59,136
1747012949.9073634,7,6,70
1747012949.9423633,-2,0,140
1747012949.977363,-14,28,-55
1747012950.0133634,51,-3,32
1747012950.0483634,19,-29,14
1747012950.0843637,23,42,-21
1747012950.1193633,-47,17,70
1747012950.155363,42,-12,32
1747012950.1903634,80,-34,40
1747012950.2253633,-44,-23,132
1747012950.2613633,-23,-44,88
1747012950.2963634,-41,-12,42
1747012950.3323634,-46,28,146
1747012950.3673637,118,-40,-19
1747012950.4033637,-23,-34,112
1747012950.4393632,32,29,126
1747012950.474363,60,51,8
1747012950.5093634,4,2,80
1747012950.5453634,60,48,108
1747012950.5813634,-63,72,96
1747012950.6163633,-3,6,62
1747012950.6523633,-15,-33,128
1747012950.6873634,9,5,144
1747012950.7223637,28,-3,130
1747012950.757363,-61,-14,178
1747012950.793363,-45,-20,84
1747012950.829363,30,37,104
1747012950.8643634,8,29,24
1747012950.9003634,60,-32,136
1747012950.9353633,44,83,-49
1747012950.9703634,-39,-4,54
1747012951.0053637,31,-5,88
1747012951.0413637,-140,-49,120
1747012951.0773633,42,47,-55
1747012951.112363,36,-54,-39
1747012951.1483634,-19,57,50
1747012951.1833634,0,-4,68
1747012951.2183633,38,-6,70
1747012951.2533634,30,-4,102
1747012951.2893634,-7,15,-5
1747012951.3253634,-49,3,18
1747012951.3603632,88,-26,66
1747012951.3963633,22,-32,0
1747012951.431363,-66,-19,34
1747012951.4663634,-7,-50,110
1747012951.5013633,-30,-45,172
1747012951.5373633,-18,54,42
1747012951.5733633,-35,-2,20
1747012951.6083634,39,64,97
1747012951.6443634,-17,51,73
1747012951.6793633,29,36,49
1747012951.714363,-6,-33,-16
1747012951.7493634,15,4,119
1747012951.7853634,-49,2,82
1747012951.8213634,31,-37,-27
1747012951.8563633,7,-1,120
1747012951.8923633,-18,27,127
1747012951.9273634,-10,5,77
1747012951.9623632,68,70,121
1747012951.997363,-14,-42,17
1747012952.033363,0,-5,50
1747012952.0693634,-30,-52,88
1747012952.1043634,-34,-19,-87
1747012952.1403637,-36,-23,106
1747012952.1753633,-31,-77,14
1747012952.2103634,51,-21,158
1747012952.2453637,41,-31,56
1747012952.2813632,0,-41,34
1747012952.3173633,-4,28,136
1747012952.352363,-68,10,56
1747012952.3883634,-8,11,169
1747012952.4233634,-10,24,-24
1747012952.4583633,59,-67,145
1747012952.4933634,7,-63,47
1747012952.5293634,-6,22,1
1747012952.5653634,32,-12,99
1747012952.6003633,-33,-68,55
1747012952.6363633,45,-17,31
1747012952.6713634,-99,15,265
1747012952.7063634,0,9,25
1747012952.7413633,15,-61,-18
1747012952.7773633,-60,-3,105
1747012952.8133633,-21,8,125
1747012952.8483634,42,-74,87
1747012952.8843634,-72,-31,59
1747012952.9193633,38,84,121
1747012952.954363,-35,-7,173
1747012952.9893634,-61,19,79
1747012953.0253634,106,-40,207
1747012953.0613637,-41,5,167
1747012953.0963633,66,-30,-26
1747012953.132363,-11,25,-12
1747012953.1673634,91,120,75
1747012953.2023633,85,43,51
1747012953.237363,-2,-10,101
1747012953.2733634,63,-10,15
1747012953.3093634,-24,69,75
1747012953.3443637,-64,-1,73
1747012953.3803637,-22,-41,23
1747012953.4153633,-66,16,3
1747012953.4503634,13,42,101
1747012953.4853632,-102,-7,165
1747012953.5213633,47,52,165
1747012953.5573633,3,-61,127
1747012953.5923634,25,-19,37
1747012953.6283634,3,-65,3
1747012953.6633637,-54,-119,167
1747012953.6983633,2,-33,85
1747012953.7343633,52,50,89
1747012953.7693634,-13,-29,55
1747012953.8053634,-1,29,27
1747012953.8403633,-82,80,99
1747012953.8763633,-6,-15,65
1747012953.9113634,61,28,77
1747012953.9463634,66,38,57
1747012953.9823637,7,-75,-30
1747012954.0173633,39,-25,91
1747012954.053363,35,40,89
1747012954.0883634,3,-23,87
1747012954.1243634,-32,-5,173
1747012954.1593633,44,0,39
1747012954.1943634,11,60,31
1747012954.2303634,-92,-13,197
1747012954.2653637,41,28,157
1747012954.3013637,61,0,169
1747012954.3363633,10,-14,103
1747012954.372363,-28,52,105
1747012954.4073634,2,0,53
1747012954.4423633,-15,31,13
1747012954.4783633,-34,84,71
1747012954.5133634,78,3,105
1747012954.5493634,-3,-18,13
1747012954.5843637,8,81,85
1747012954.6203637,64,-86,179
1747012954.655363,-33,19,87
1747012954.6903634,30,-22,55
1747012954.7263634,2,-12,93
1747012954.7613633,-3,-64,121
1747012954.7973633,-3,-46,65
1747012954.8323634,-3,-29,29
1747012954.8683634,-19,30,-14
1747012954.9033637,40,48,21
1747012954.9383633,22,-25,51
1747012954.974363,-55,-101,55
1747012955.0093634,-99,6,107
1747012955.0453634,-28,44,135
1747012955.0803633,55,94,163
1747012955.1163633,51,26,77
1747012955.1513634,23,-9,79
1747012955.1863637,-40,6,111
1747012955.2223637,17,-25,17
1747012955.257363,17,10,-16
1747012955.293363,-52,32,23
1747012955.3283634,9,14,57
1747012955.3643634,67,-1,137
1747012955.3993633,21,-93,131
1747012955.4343634,-56,-19,135
1747012955.4703634,55,-41,103
1747012955.5053637,-46,8,-86
1747012955.5413637,-4,-39,127
1747012955.576363,-44,30,151
1747012955.6113634,-33,25,119
1747012955.6463633,6,-8,65
1747012955.6823633,4,11,-2
1747012955.7183633,-54,-53,53
1747012955.7533634,-14,26,205
1747012955.7893634,-10,-61,45
1747012955.8243637,43,-23,63
1747012955.8593633,11,-49,21
1747012955.8943634,-12,74,93
1747012955.9303634,-4,14,7
1747012955.9663634,39,62,111
1747012956.0013633,-6,26,163
1747012956.0373633,25,-59,169
1747012956.0723634,-22,96,31
1747012956.1073637,45,-33,-18
1747012956.1423633,-4,-23,141
1747012956.178363,31,6,127
1747012956.214363,15,4,37
1747012956.2493634,55,64,141
1747012956.2853634,3,-59,8
1747012956.3273633,-79,-12,81
1747012956.3633633,-124,-13,6
1747012956.3983634,0,-3,112
1747012956.4343634,40,21,-17
1747012956.4703634,18,-44,56
1747012956.5053637,69,-9,142
1747012956.5413637,43,-39,44
1747012956.576363,56,4,116
1747012956.6113634,10,-30,26
1747012956.6463633,93,16,69
1747012956.6823633,-9,-7,89
1747012956.7183633,41,10,93
1747012956.7533634,-18,40,93
1747012956.7893634,30,-12,279
1747012956.8243637,68,-28,47
1747012956.8593633,94,63,99
1747012956.8943634,38,-38,81
1747012956.9303634,-37,1,-8
1747012956.9663634,10,101,70
1747012957.0013633,-47,24,-75
1747012957.0373633,38,-113,-19
1747012957.0723634,110,10,18
1747012957.1073637,24,-25,30
1747012957.1423633,49,-33,70
1747012957.178363,83,64,140
1747012957.214363,71,-37,184
1747012957.2493634,-16,38,93
1747012957.2853634,-46,68,177
1747012957.3203633,28,34,55
1747012957.3553634,23,-27,201
1747012957.3903637,-26,60,-19
1747012957.4263637,15,34,148
1747012957.4623632,37,14,168
1747012957.497363,-52,18,44
1747012957.533363,118,-23,150
1747012957.5683634,-25,-53,-5
1747012957.6033633,-39,-13,166
1747012957.6383634,10,14,-7
1747012957.6743634,62,24,-87
1747012957.7103634,-17,56,-9
1747012957.7453637,-4,-22,186
1747012957.7813632,35,45,-21
1747012957.816363,-28,5,98
1747012957.8513634,-50,-102,76
1747012957.8863633,40,-64,166
1747012957.9223633,11,45,92
1747012957.9583633,4,-36,22
1747012957.9933634,4,0,168
1747012958.0293634,-45,-48,102
1747012958.0643632,101,-4,72
1747012958.099363,16,56,118
1747012958.1343634,13,-60,122
1747012958.1703634,5,15,-79
1747012958.2063634,93,-38,162
1747012958.2413633,51,53,96
1747012958.2773633,-89,-13,-9
1747012958.3123634,-35,-19,-11
1747012958.3473637,65,-37,92
1747012958.382363,-9,11,-42
1747012958.418363,-69,-76,5
1747012958.454363,-17,13,114
1747012958.4893634,-73,-7,92
1747012958.5253634,43,12,168
1747012958.5603633,-10,2,118
1747012958.5953634,18,-47,64
1747012958.6313634,-30,43,103
1747012958.6663637,102,94,95
1747012958.7023633,-29,14,11
1747012958.737363,-59,-7,111
1747012958.7733634,82,-7,91
1747012958.8083634,54,10,108
1747012958.8433633,-1,-19,52
1747012958.8793633,24,-51,74
1747012958.9143634,-59,64,176
1747012958.9503634,43,4,158
1747012958.9853632,55,-9,21
1747012959.0213633,23,-1,3
1747012959.056363,33,-39,69
1747012959.0913634,-28,-43,121
1747012959.1273634,0,-26,-22
1747012959.1623633,74,13,79
1747012959.1983633,-39,-12,106
1747012959.2333634,-36,-9,144
1747012959.2693634,37,-33,54
1747012959.3043633,-22,-5,-31
1747012959.339363,-3,13,160
1747012959.375363,-21,-16,116
1747012959.4103634,8,27,-61
1747012959.4463634,60,19,0
1747012959.4813633,-5,13,110
1747012959.5173633,66,5,70
1747012959.5523634,-33,23,66
1747012959.5873632,-33,25,80
1747012959.6233633,38,21,136
1747012959.658363,-52,-53,100
1747012959.6943634,-2,-119,80
1747012959.7293634,2,-60,128
1747012959.7653637,-96,34,10
1747012959.8003633,-61,-10,98
1747012959.8353634,-57,15,46
1747012959.8713634,-112,-42,99
1747012959.9063632,56,-20,33
1747012959.9423633,52,55,73
1747012959.977363,63,23,27
1747012960.0133634,-16,47,1
1747012960.0483634,-40,29,140
1747012960.0833633,-18,-46,76
1747012960.1193633,10,46,94
1747012960.1543634,-41,18,174
1747012960.1903634,30,-112,-45
1747012960.2253633,-19,-30,-11
1747012960.2613633,-9,-2,32
1747012960.2963634,0,-52,137
1747012960.3313634,24,-66,-30
1747012960.3673637,58,-22,121
1747012960.4023633,68,19,91
1747012960.4383633,-31,-44,171
1747012960.4733634,16,73,19
1747012960.5093634,44,-44,22
1747012960.5443633,12,0,62
1747012960.579363,30,5,16
1747012960.6153634,-5,41,108
1747012960.6503634,20,-18,-33
1747012960.6863637,-43,41,66
1747012960.7213633,-25,-68,80
1747012960.7563634,-11,-34,24
1747012960.7913637,-83,-2,53
1747012960.8273633,46,-32,217
1747012960.8633633,15,96,103
1747012960.8983634,-18,-45,13
1747012960.9343634,55,-43,4
1747012960.9693637,9,-63,258
1747012961.0043633,-25,25,33
1747012961.0393634,113,4,31
1747012961.0753634,91,52,-32
1747012961.1113634,0,29,162
1747012961.1463633,52,113,49
1747012961.1823633,30,-24,19
1747012961.2173634,44,-7,53
1747012961.2523634,-5,-24,87
1747012961.2873633,14,25,84
1747012961.3233633,44,43,-7
1747012961.3593633,-35,55,81
1747012961.3943634,18,75,107
1747012961.4303634,-58,-13,124
1747012961.4653633,-46,4,3
1747012961.500363,-36,14,71
1747012961.5353634,37,8,85
1747012961.5713634,13,-27,41
1747012961.6073637,-114,16,27
1747012961.6423633,13,26,217
1747012961.678363,76,4,57
1747012961.7133634,41,-33,39
1747012961.7483633,11,0,137
1747012961.783363,-44,76,-10
1747012961.8193634,69,-3,81
1747012961.8553634,-46,66,159
1747012961.8903637,3,32,5
1747012961.9263637,-7,72,19
1747012961.9613633,-76,-1,105
1747012961.9963634,-50,-5,-2
1747012962.0313632,-8,-1,-14
1747012962.0673633,58,40,37
1747012962.1033633,34,-19,71
1747012962.1383634,32,2,111
1747012962.1743634,32,16,73
1747012962.2093637,-21,-34,213
1747012962.2443633,-27,31,33
1747012962.2793634,-21,-12,67
1747012962.3153634,-15,55,21
1747012962.3513634,28,0,-37
1747012962.3863633,12,17,102
1747012962.4223633,-31,33,108
1747012962.4573634,-23,-18,-2
1747012962.4923637,-75,1,-97
1747012962.5273633,-44,-73,96
1747012962.5633633,-59,0,24
1747012962.599363,-22,-19,22
1747012962.6343634,-63,23,16
1747012962.6703634,49,126,-25
1747012962.7053633,-70,-75,92
1747012962.7403634,57,-19,106
1747012962.7753634,-24,56,94
1747012962.8113637,-50,2,18
1747012962.8473637,22,-10,136
1747012962.882363,-35,31,84
1747012962.918363,-29,-30,58
1747012962.9533634,32,-16,76
1747012962.9883633,-41,15,-63
1747012963.0243633,34,15,88
1747012963.0593634,0,-36,48
1747012963.0953634,-33,-6,68
1747012963.1303637,46,-20,14
1747012963.1663637,2,-18,62
1747012963.201363,12,-10,2
1747012963.2363634,-14,-37,-25
1747012963.2713633,41,14,66
1747012963.3073633,25,14,20
1747012963.3433633,-4,26,58
1747012963.3783634,-4,26,62
1747012963.4143634,55,10,186
1747012963.4493637,25,-19,56
1747012963.4843633,4,8,108
1747012963.5193634,7,100,4
1747012963.5553634,-16,18,146
1747012963.5913634,29,-5,200
1747012963.6263633,1,30,62
1747012963.6623633,7,-15,86
1747012963.6973634,3,4,124
1747012963.7323637,35,-25,-13
1747012963.7673633,-12,2,74
1747012963.803363,-40,-30,82
1747012963.839363,24,-61,12
1747012963.8743634,0,-13,18
1747012963.9103634,-33,-33,50
1747012963.9453633,-44,40,100
1747012963.9803634,31,18,20
1747012964.0163634,-32,-27,138
1747012964.0513637,23,43,34
1747012964.0873632,-51,34,104
1747012964.122363,0,-27,66
1747012964.158363,12,-3,128
1747012964.1933634,-72,17,178
1747012964.2283633,42,-3,136
1747012964.2643633,64,-47,90
1747012964.2993634,-3,-7,66
1747012964.3353634,28,-33,32
1747012964.3703637,1,-12,-21
1747012964.4063632,-90,37,68
1747012964.441363,6,4,56
1747012964.4763634,-47,46,6
1747012964.5123634,34,18,127
1747012964.5473633,48,-25,43
1747012964.5833633,82,-21,131
1747012964.6183634,104,34,180
1747012964.6543634,26,-3,128
1747012964.6893632,-62,58,187
1747012964.724363,-16,73,59
1747012964.760363,-76,17,95
1747012964.7953634,-20,5,21
1747012964.8313634,23,-20,171
1747012964.8663633,15,-13,123
1747012964.9023633,-48,38,89
1747012964.9373634,-44,4,93
1747012964.9723637,-16,-57,148
1747012965.0083632,-11,0,55
1747012965.043363,15,34,116
1747012965.079363,-14,10,144
1747012965.1143634,47,-75,146
1747012965.1503634,10,21,64
1747012965.1853633,48,25,72
1747012965.2203634,-27,41,116
1747012965.2563634,-7,57,13
1747012965.2913637,33,-67,127
1747012965.3273633,-42,48,90
1747012965.362363,32,-33,-23
1747012965.3983634,58,8,-45
1747012965.4333634,-53,-5,68
1747012965.4683633,35,16,154
1747012965.5043633,-20,-25,188
1747012965.5393634,-29,30,28
1747012965.5753634,-42,41,-59
1747012965.6103632,-27,-29,41
1747012965.6463633,-5,-105,-22
1747012965.6823633,-61,-25,97
1747012965.7173634,-69,-101,-8
1747012965.7523634,-48,-54,67
1747012965.7883637,39,-24,17
1747012965.8243637,-73,40,71
1747012965.8593633,-49,-27,86
1747012965.895363,-25,26,116
1747012965.9303634,-30,-51,-57
1747012965.9653633,33,-57,60
1747012966.000363,-82,30,102
1747012966.0363634,32,30,100
1747012966.0723634,-30,26,100
1747012966.1073637,-102,38,112
1747012966.1433637,-11,45,8
1747012966.178363,78,-12,-57
1747012966.2133634,-85,23,22
1747012966.2483633,-21,7,-73
1747012966.2843633,56,34,114
1747012966.3203633,6,45,-29
1747012966.362363,-31,-39,63
1747012966.3993633,48,-4,-14
1747012966.4343634,24,-14,101
1747012966.4693637,-105,25,13
1747012966.5043633,128,-60,-56
1747012966.5403633,-7,0,9
1747012966.576363,67,-3,-6
1747012966.6113634,-59,77,5
1747012966.6473634,44,52,105
1747012966.6823633,-41,-51,215
1747012966.7173634,36,-38,-58
1747012966.7523634,35,42,108
1747012966.7883637,-39,20,-63
1747012966.8243637,-73,-10,101
1747012966.8593633,-47,-43,-19
1747012966.895363,78,18,-41
1747012966.9303634,40,-26,104
1747012966.9653633,26,-13,137
1747012967.000363,70,10,105
1747012967.0363634,-1,-61,139
1747012967.0723634,64,-39,95
1747012967.1073637,27,-63,65
1747012967.1433637,13,-35,5
1747012967.178363,-36,-15,8
1747012967.2133634,-14,-33,-5
1747012967.2483633,21,-23,150
1747012967.2843633,-24,22,61
1747012967.3203633,-39,-17,29
1747012967.3553634,-43,-18,23
1747012967.3913634,36,20,-9
1747012967.4263637,-49,-9,208
1747012967.4613633,-55,-22,83
1747012967.4963634,31,-59,84
1747012967.5323634,20,54,35
1747012967.5683634,-25,12,39
1747012967.6033633,114,38,66
1747012967.6393633,-37,-24,57
1747012967.6743634,-17,-20,163
1747012967.7093637,-8,-48,192
1747012967.7443633,53,-56,56
1747012967.780363,-2,-68,126
1747012967.816363,41,-20,28
1747012967.8513634,39,43,28
1747012967.8873634,61,-2,-93
1747012967.9223633,39,-8,-3
1747012967.9573634,-68,3,106
1747012967.9923637,35,1,16
1747012968.0283637,21,11,20
1747012968.0643632,-38,-42,110
1747012968.099363,3,7,118
1747012968.135363,-58,21,122
1747012968.1703634,-6,-6,54
1747012968.2053633,21,-2,10
1747012968.2403634,91,16,102
1747012968.2763634,53,-25,30
1747012968.3123634,-62,-39,110
1747012968.3473637,-126,-25,142
1747012968.3833632,23,1,-7
1747012968.418363,51,59,18
1747012968.4533634,-34,-32,138
1747012968.4883633,13,25,128
1747012968.5243633,27,79,206
1747012968.5603633,-18,0,22
1747012968.5953634,1,49,74
1747012968.6313634,-58,19,74
1747012968.6663637,-118,89,26
1747012968.701363,61,-32,-31
1747012968.7363634,77,27,82
1747012968.7723634,-76,48,86
1747012968.8083634,-76,-4,158
1747012968.8433633,27,19,188
1747012968.8793633,33,71,138
1747012968.9143634,-46,-56,50
1747012968.9493637,-76,-50,68
1747012968.9853632,-101,33,20
1747012969.020363,50,11,156
1747012969.056363,-35,-8,186
1747012969.0913634,44,25,72
1747012969.1273634,-53,11,90
1747012969.1623633,-37,-42,96
1747012969.1973634,66,5,52
1747012969.2333634,-1,-40,25
1747012969.2683637,30,33,-2
1747012969.3043633,92,41,79
1747012969.339363,-46,-89,69
1747012969.375363,-48,-73,41
1747012969.4103634,8,-9,105
1747012969.4453633,-14,-29,-22
1747012969.4813633,-39,38,99
1747012969.5163634,-2,-9,77
1747012969.5523634,11,38,115
1747012969.5873632,26,48,137
1747012969.6233633,-34,-68,47
1747012969.658363,12,70,93
1747012969.6933634,0,46,33
1747012969.7293634,64,36,43
1747012969.7643633,-26,24,225
1747012969.8003633,19,22,43
1747012969.8353634,-86,-23,-24
1747012969.8713634,-20,48,75
1747012969.9063632,-33,-36,65
1747012969.941363,-11,35,99
1747012969.977363,26,22,115
1747012970.0123634,-48,-20,35
1747012970.0483634,24,-7,103
1747012970.0833633,-1,16,13
1747012970.1193633,-103,-13,43
1747012970.1543634,-5,-6,89
1747012970.1893632,-89,11,149
1747012970.2253633,-19,-66,33
1747012970.260363,-71,6,29
1747012970.2963634,-43,-55,165
1747012970.3313634,0,28,185
1747012970.3673637,2,54,17
1747012970.4023633,-11,-27,147
1747012970.4373634,32,-9,127
1747012970.4733634,-115,44,131
1747012970.5083632,56,-89,169
1747012970.5443633,47,14,139
1747012970.579363,-69,-32,125
1747012970.6153634,-41,-42,227
1747012970.6503634,65,6,-34
1747012970.6853633,-51,-11,3
1747012970.7213633,-9,14,111
1747012970.7563634,-35,-2,13
1747012970.7923634,31,-21,69
1747012970.8273633,13,30,41
1747012970.862363,25,6,41
1747012970.8973634,-46,72,-19
1747012970.9333634,64,14,88
1747012970.9693637,-30,-17,44
1747012971.0043633,7,26,234
1747012971.0403633,43,-9,66
1747012971.0753634,-44,4,164
1747012971.1103632,8,48,88
1747012971.145363,-2,-8,100
1747012971.181363,-16,-60,78
1747012971.2173634,-2,-16,82
1747012971.2523634,-16,59,116
1747012971.2883637,-8,-41,-9
1747012971.3233633,-4,13,100
1747012971.3583634,31,-72,4
1747012971.3933637,8,34,110
1747012971.4293633,5,-74,140
1747012971.4653633,96,68,-1
1747012971.500363,-9,20,-51
1747012971.5363634,-59,-69,88
1747012971.5713634,-76,48,31
1747012971.6063633,137,-57,-6
1747012971.6413634,5,-9,35
1747012971.6773634,-38,24,-22
1747012971.7133634,-36,-37,-5
1747012971.7483633,65,35,49
1747012971.7843633,-59,55,121
1747012971.8193634,22,0,121
1747012971.8543634,-74,-16,89
1747012971.8893633,-74,61,168
1747012971.9253633,69,47,134
1747012971.9613633,0,5,10
1747012971.9963634,-31,-18,-11
1747012972.0323634,-49,-70,60
1747012972.0673633,-40,-13,86
1747012972.102363,22,-26,92
1747012972.1373634,-104,-11,-23
1747012972.1733634,-30,22,76
1747012972.2093637,5,34,10
1747012972.2443633,-78,-45,44
1747012972.280363,11,30,76
1747012972.3153634,-26,70,44
1747012972.3503633,61,32,66
1747012972.385363,-102,55,70
1747012972.4213634,11,91,66
1747012972.4573634,16,4,88
1747012972.4923637,-27,-15,84
1747012972.5283637,39,1,32
1747012972.5633633,37,20,94
1747012972.5983634,35,-37,56
1747012972.6333632,-41,18,-41
1747012972.6693633,12,-31,56
1747012972.7053633,-43,74,-21
1747012972.7403634,-7,60,-29
1747012972.7763634,46,53,108
1747012972.8113637,-5,71,123
1747012972.8463633,60,9,146
1747012972.8813634,0,7,24
1747012972.9173634,44,25,105
1747012972.9533634,-39,28,-10
1747012972.9883633,-41,6,197
1747012973.0243633,81,-11,176
1747012973.0593634,-2,-39,-2
1747012973.0943637,-65,0,156
1747012973.1293633,48,-70,103
1747012973.1653633,-43,-70,59
1747012973.201363,2,-18,85
1747012973.2363634,-27,-36,79
1747012973.2723634,66,-10,129
1747012973.3073633,110,-18,73
1747012973.3423634,-39,-16,95
1747012973.3773634,-45,59,17
1747012973.4133637,-55,69,75
1747012973.4493637,61,-51,123
1747012973.4843633,-6,-49,-4
1747012973.520363,9,0,65
1747012973.5553634,58,-52,67
1747012973.5903633,-41,61,103
1747012973.625363,-65,-54,95
1747012973.6613634,-83,55,89
1747012973.6973634,66,35,139
1747012973.7323637,8,5,79
1747012973.7683637,-45,1,97
1747012973.803363,30,-44,109
1747012973.8383634,58,35,131
1747012973.8733633,-25,0,47
1747012973.9093633,108,-70,85
1747012973.9453633,16,21,49
1747012973.9803634,18,5,75
1747012974.0163634,39,50,-10
1747012974.0513637,-30,-7,62
1747012974.0863633,101,46,-21
1747012974.122363,29,-3,72
1747012974.1573634,-25,-14,158
1747012974.1933634,74,-24,86
1747012974.2283633,-43,-22,226
1747012974.2643633,-79,-10,2
1747012974.2993634,-10,64,58
1747012974.3343637,11,-39,50
1747012974.3703637,-25,-27,8
1747012974.405363,41,-11,180
1747012974.441363,23,-41,90
1747012974.4763634,-62,-9,26
1747012974.5123634,39,-15,44
1747012974.5473633,65,-111,128
1747012974.5823634,45,132,101
1747012974.6183634,-50,2,89
1747012974.6533637,-27,-43,79
1747012974.6893632,7,4,60
1747012974.724363,7,4,156
1747012974.760363,-14,89,90
1747012974.7953634,-2,1,88
1747012974.8303633,73,39,68
1747012974.8663633,-8,-31,34
1747012974.9013634,-58,-39,2
1747012974.9373634,10,-63,100
1747012974.9723637,68,-1,28
1747012975.0083632,6,0,94
1747012975.043363,-15,-74,102
1747012975.0783634,-1,-28,2
1747012975.1143634,-13,3,10
1747012975.1493633,-25,-13,104
1747012975.1853633,-75,35,148
1747012975.2203634,74,-46,94
1747012975.2563634,-31,-16,70
1747012975.2913637,98,-105,14
1747012975.326363,-19,-37,34
1747012975.362363,-1,30,-45
1747012975.3973634,38,20,192
1747012975.4333634,-2,-83,218
1747012975.4683633,-23,-11,28
1747012975.5043633,58,-43,2
1747012975.5393634,47,16,78
1747012975.5743637,-25,-87,60
1747012975.6103632,-89,72,46
1747012975.645363,28,20,-17
1747012975.681363,-15,-13,17
1747012975.7163634,-141,8,75
1747012975.7523634,-1,48,33
1747012975.7883637,-25,-31,161
1747012975.8243637,0,-41,51
1747012975.8603632,62,2,19
1747012975.895363,26,-115,11
1747012975.9303634,-75,40,69
1747012975.9663634,30,-11,29
1747012976.0023634,-91,56,97
1747012976.0373633,110,-43,9
1747012976.0733633,28,-63,13
1747012976.1083634,0,22,-44
1747012976.1433637,-27,-17,191
1747012976.178363,86,20,43
1747012976.214363,-19,-10,99
1747012976.250363,22,-61,101
1747012976.2853634,-33,28,48
1747012976.3213634,-11,-28,50
1747012976.3633633,-92,-19,26
1747012976.3993633,-87,66,19
1747012976.4343634,76,-78,42
1747012976.4703634,-1,8,156
1747012976.5063634,-57,-11,74
1747012976.5413637,-21,42,-9
1747012976.5773633,40,-51,122
1747012976.612363,36,-4,121
1747012976.6473634,2,42,61
1747012976.6823633,40,22,75
1747012976.7183633,48,-81,-68
1747012976.7543633,8,-15,78
1747012976.7893634,-32,-39,92
1747012976.8253634,67,-9,44
1747012976.8603632,-34,-33,160
1747012976.895363,36,-7,44
1747012976.9303634,132,44,-35
1747012976.9663634,-36,12,4
1747012977.0023634,-56,-17,178
1747012977.0373633,-20,-31,4
1747012977.0733633,13,2,60
1747012977.1083634,-46,72,-89
1747012977.1433637,2,80,6
1747012977.178363,78,-17,80
1747012977.214363,15,26,8
1747012977.250363,-68,-3,90
1747012977.2853634,-30,-16,144
1747012977.3213634,-46,-74,180
1747012977.3563633,12,28,202
1747012977.3913634,-16,-5,70
1747012977.4263637,28,-23,192
1747012977.4623632,-13,-11,256
1747012977.4983633,54,6,208
1747012977.533363,-55,20,-42
1747012977.5693634,-28,49,57
1747012977.6043634,65,-30,111
1747012977.6393633,-11,-35,99
1747012977.6743634,-8,63,113
1747012977.7103634,27,-30,63
1747012977.7463634,8,-61,-52
1747012977.7813632,32,-65,41
1747012977.8173633,14,32,37
1747012977.852363,-26,11,59
1747012977.8873634,-41,0,33
1747012977.9223633,-47,30,109
1747012977.9583633,19,22,89
1747012977.9943633,-12,8,71
1747012978.0293634,-48,-7,107
1747012978.0653634,-26,46,0
1747012978.1003633,18,67,31
1747012978.135363,60,7,-20
1747012978.1703634,0,-57,83
1747012978.2063634,-69,17,107
1747012978.2423637,54,9,163
1747012978.2773633,-110,-67,125
1747012978.3133633,-3,-20,101
1747012978.3483634,23,-79,179
1747012978.3833632,85,-19,43
1747012978.418363,3,20,99
1747012978.454363,63,-15,49
1747012978.4903634,37,80,37
1747012978.5253634,19,-31,73
1747012978.5613637,75,-9,69
1747012978.5963633,29,14,29
1747012978.6313634,-12,58,-20
1747012978.6663637,85,-59,99
1747012978.7023633,49,-17,159
1747012978.7383633,-25,55,117
1747012978.7733634,68,-68,113
1747012978.8093634,-41,5,113
1747012978.8443637,30,-10,21
1747012978.8793633,58,11,49
1747012978.9153633,-39,-38,63
1747012978.9503634,-21,57,29
1747012978.9863634,44,-30,1
1747012979.0213633,60,9,-14
1747012979.0573633,60,0,-38
1747012979.0923634,-71,16,15
1747012979.1273634,-2,-91,69
1747012979.1633637,10,-74,187
1747012979.1983633,38,34,67
1747012979.2343633,4,-8,65
1747012979.2693634,0,-22,79
1747012979.3053634,-1,51,9
1747012979.3403633,0,-2,15
1747012979.375363,-39,-44,97
1747012979.4113634,-5,15,45
1747012979.4463634,-65,37,19
1747012979.4823637,41,-89,-34
1747012979.5173633,-31,-48,85
1747012979.553363,-87,-106,55
1747012979.5883634,0,23,141
1747012979.6233633,-10,77,-44
1747012979.6593633,-58,11,-10
1747012979.6943634,33,-24,103
1747012979.7303634,51,-34,41
1747012979.7653637,32,-10,111
1747012979.8013637,80,13,161
1747012979.8363633,-55,35,109
1747012979.8713634,-25,-22,91
1747012979.9073634,18,-12,161
1747012979.9423633,-1,9,47
1747012979.9783633,68,55,75
1747012980.0133634,-29,-36,27
1747012980.0493634,-55,-14,-10
1747012980.0843637,44,75,195
1747012980.1193633,-13,5,107
1747012980.155363,-34,-29,-104
1747012980.1903634,-2,-5,77
1747012980.2263634,14,11,31
1747012980.2613633,5,-33,107
1747012980.2973633,38,0,-8
1747012980.3323634,-19,41,93
1747012980.3673637,30,-14,91
1747012980.4033637,-12,64,93
1747012980.4383633,-29,-80,183
1747012980.474363,-58,44,149
1747012980.5093634,-56,24,15
1747012980.5453634,21,-79,67
1747012980.5803633,-56,8,21
1747012980.6153634,-18,-23,141
1747012980.6513634,41,20,113
1747012980.6863637,-18,-5,105
1747012980.7223637,55,-31,-36
1747012980.757363,29,116,10
1747012980.793363,-20,-29,6
1747012980.8283634,-14,-59,102
1747012980.8633633,5,14,-67
1747012980.8993633,-48,8,28
1747012980.9343634,-48,12,84
1747012980.9703634,-2,20,26
1747012981.0053637,-1,-13,90
1747012981.0403633,78,66,28
1747012981.0753634,-79,12,20
1747012981.1113634,44,29,76
1747012981.1473634,-81,-20,244
1747012981.1823633,15,-6,48
1747012981.2183633,-29,4,94
1747012981.2533634,-33,72,100
1747012981.2883637,-35,28,126
1747012981.3233633,110,-27,128
1747012981.3593633,92,-80,48
1747012981.395363,25,38,98
1747012981.4303634,-10,22,182
1747012981.4663634,-75,-11,52
1747012981.5013633,-33,4,64
1747012981.5363634,17,-25,154
1747012981.5713634,-36,36,92
1747012981.6073637,-58,72,16
1747012981.6433637,17,30,50
1747012981.678363,-28,38,80
1747012981.714363,-18,-3,106
1747012981.7493634,27,-75,168
1747012981.7843633,62,60,56
1747012981.8193634,3,-69,64
1747012981.8553634,31,-7,164
1747012981.8913634,40,-32,10
1747012981.9263637,-14,-51,-13
1747012981.9623632,27,-47,64
1747012981.997363,6,-8,-13
1747012982.0323634,9,-23,48
1747012982.0673633,-75,61,118
1747012982.1033633,22,-16,72
1747012982.1393633,74,3,54
1747012982.1743634,50,-6,232
1747012982.2103634,-26,16,24
1747012982.2453637,-36,34,62
1747012982.280363,7,-49,60
1747012982.3153634,99,-3,120
1747012982.3513634,-30,64,184
1747012982.3873634,15,62,142
1747012982.4223633,-49,33,22
1747012982.4583633,-3,0,72
1747012982.4933634,-31,21,164
1747012982.5283637,42,-82,124
1747012982.5633633,8,-46,-21
1747012982.599363,132,-27,38
1747012982.635363,-41,48,66
1747012982.6703634,-66,-35,108
1747012982.7063634,-112,0,20
1747012982.7413633,-1,50,242
1747012982.7763634,6,-3,-73
1747012982.8113637,48,-47,-51
1747012982.8473637,-75,-17,34
1747012982.8833632,-93,32,138
1747012982.918363,-41,-13,-9
1747012982.954363,59,28,46
1747012982.9893634,5,-31,28
1747012983.0243633,59,16,74
1747012983.0593634,-9,-27,144
1747012983.0953634,-35,-41,94
1747012983.1313634,12,10,52
1747012983.1663637,0,90,8
1747012983.2023633,-40,48,108
1747012983.237363,-6,-93,140
1747012983.2723634,3,-29,162
1747012983.3073633,-33,-18,-5
1747012983.3433633,30,9,-11
1747012983.3793633,52,-22,156
1747012983.4143634,-19,-10,98
1747012983.4503634,7,34,146
1747012983.4853632,-55,5,-23
1747012983.520363,30,39,28
1747012983.5553634,1,6,22
1747012983.5913634,16,31,120
1747012983.6273634,42,22,48
1747012983.6623633,72,2,132
1747012983.6983633,-8,-13,30
1747012983.7333634,-39,-12,151
1747012983.7683637,-69,-24,111
1747012983.803363,-49,61,133
1747012983.839363,-23,-61,-23
1747012983.875363,-95,0,63
1747012983.9103634,-11,-17,25
1747012983.9463634,8,16,57
1747012983.9813633,32,38,139
1747012984.0163634,67,-53,117
1747012984.0513637,15,-59,-32
1747012984.0873632,-73,-21,153
1747012984.1233633,7,-23,-22
1747012984.158363,-8,-59,77
1747012984.1943634,7,-59,117
1747012984.2293634,-54,12,103
1747012984.2643633,-24,78,27
1747012984.3003633,73,-3,101
1747012984.3353634,-1,8,75
1747012984.3713634,-6,-7,15
1747012984.4063632,-26,14,17
1747012984.4423633,32,-3,73
1747012984.477363,44,-59,35
1747012984.5123634,48,66,47
1747012984.5483634,32,0,66
1747012984.5833633,-64,-24,73
1747012984.6193633,-36,37,45
1747012984.6543634,-45,-8,72
1747012984.6903634,71,-50,-34
1747012984.7253633,61,-20,25
1747012984.760363,23,-20,24
1747012984.7963634,-34,15,10
1747012984.8313634,-18,51,158
1747012984.8673637,4,16,38
1747012984.9023633,-39,-29,102
1747012984.9383633,7,-96,50
1747012984.9733634,7,-54,88
1747012985.0083632,61,-16,110
1747012985.0443633,79,-72,42
1747012985.079363,-52,69,60
1747012985.1153634,-63,-14,100
1747012985.1503634,-17,-20,2
1747012985.1863637,-1,-58,114
1747012985.2213633,5,14,56
1747012985.2563634,40,29,98
1747012985.2923634,-1,23,-17
1747012985.3273633,41,-17,-10
1747012985.3633633,28,27,37
1747012985.3983634,60,-38,25
1747012985.4343634,12,-38,113
1747012985.4693637,3,20,81
1747012985.5043633,24,-1,97
1747012985.5403633,-12,34,-12
1747012985.5753634,-18,-19,-28
1747012985.6113634,40,-41,110
1747012985.6463633,-65,-33,-9
1747012985.6823633,6,42,170
1747012985.7173634,16,32,138
1747012985.7523634,12,25,32
1747012985.7883637,40,11,54
1747012985.8233633,-13,21,34
1747012985.8593633,0,-9,32
1747012985.8943634,-7,-27,72
1747012985.9303634,6,-85,62
1747012985.9663634,17,-67,58
1747012986.0013633,-7,-49,138
1747012986.0363634,32,-28,66
1747012986.0723634,65,-49,-9
1747012986.1083634,-36,-49,96
1747012986.1433637,41,78,20
1747012986.1793633,27,-47,122
1747012986.214363,-14,72,106
1747012986.2493634,34,33,68
1747012986.2843633,-16,8,136
1747012986.3203633,9,-5,18
1747012986.3563633,-6,-3,68
1747012986.3983634,-18,74,-10
1747012986.4353633,11,1,-12
1747012986.4703634,29,-24,45
1747012986.5053637,1,-33,-6
1747012986.5403633,37,66,85
1747012986.576363,48,42,119
1747012986.612363,-17,-23,165
1747012986.6473634,60,2,49
1747012986.6833634,24,97,163
1747012986.7183633,22,0,55
1747012986.7533634,-55,-9,67
1747012986.7883637,-91,15,27
1747012986.8243637,6,-18,13
1747012986.8603632,-39,-1,127
1747012986.895363,-67,-15,147
1747012986.931363,29,-3,7
1747012986.9663634,-12,70,151
1747012987.0013633,86,-71,143
1747012987.0363634,76,33,111
1747012987.0723634,22,-26,52
1747012987.1083634,-37,13,16
1747012987.1433637,18,-30,6
1747012987.1793633,12,14,116
1747012987.214363,-57,28,71
1747012987.2493634,14,38,98
1747012987.2843633,31,16,38
1747012987.3203633,-28,0,180
1747012987.3563633,-50,26,-27
1747012987.3913634,2,-70,46
1747012987.4273634,-37,-23,167
1747012987.4623632,-22,-15,176
1747012987.497363,-22,-11,148
1747012987.5323634,-38,42,66
1747012987.5683634,3,-21,54
1747012987.6043634,18,-25,198
1747012987.6393633,-3,44,32
1747012987.6753633,60,29,12
1747012987.7103634,-20,8,-45
1747012987.7453637,45,-45,200
1747012987.780363,30,59,88
1747012987.8173633,-16,-65,20
1747012987.852363,16,-4,-53
1747012987.8883634,44,31,106
1747012987.9243634,-2,-61,80
1747012987.9593637,-39,-10,50
1747012987.9953637,0,-4,-25
1747012988.030363,39,14,22
1747012988.0653634,53,70,106
1747012988.1003633,-92,-9,148
1747012988.1363633,-34,-69,14
1747012988.1723633,-26,10,140
1747012988.2073634,-48,0,26
1747012988.2433634,-68,-43,30
1747012988.2783637,38,71,32
1747012988.3133633,9,16,62
1747012988.3483634,15,32,54
1747012988.3843634,-42,42,84
1747012988.4203634,45,40,166
1747012988.4553633,-20,8,-21
1747012988.4913633,53,-27,140
1747012988.5263634,-30,38,180
1747012988.5613637,23,30,10
1747012988.5963633,-6,40,92
1747012988.632363,11,15,76
1747012988.668363,1,-50,116
1747012988.7033634,15,-52,84
1747012988.7393634,-34,-45,52
1747012988.7743633,5,16,6
1747012988.8093634,-6,13,124
1747012988.8443637,33,5,119
1747012988.8803637,27,47,57
1747012988.9163637,69,39,13
1747012988.951363,64,-72,193
1747012988.987363,24,-12,15
1747012989.0223634,30,69,93
1747012989.0573633,-65,-28,59
1747012989.0923634,-5,7,47
1747012989.1283634,-21,63,95
1747012989.1643634,-23,-4,99
1747012989.1993637,-71,-6,56
1747012989.2353632,-41,37,154
1747012989.270363,-43,-74,32
1747012989.3053634,-49,-6,206
1747012989.3413634,34,30,10
1747012989.3763633,28,-22,174
1747012989.4123633,-15,61,102
1747012989.4473634,63,-110,-2
1747012989.4833634,24,33,85
1747012989.5183637,-51,11,-8
1747012989.553363,-59,-16,-92
1747012989.589363,16,-44,21
1747012989.6243634,-9,44,125
1747012989.6603634,48,-47,54
1747012989.6953633,-45,72,94
1747012989.7313633,88,-11,214
1747012989.7663634,-69,-37,120
1747012989.8013637,37,-15,42
1747012989.8373632,-57,6,58
1747012989.872363,-47,-47,26
1747012989.908363,-97,18,64
1747012989.9433634,-21,10,148
1747012989.9793634,19,54,45
1747012990.0143633,-78,-15,175
1747012990.0493634,43,-19,53
1747012990.0853634,-13,-39,79
1747012990.1203637,-73,-101,-44
1747012990.1563632,-9,-72,67
1747012990.191363,24,-66,115
1747012990.227363,-25,-48,47
1747012990.2623634,30,-7,109
1747012990.2973633,-49,11,113
1747012990.3333633,-15,-28,23
1747012990.3683634,-99,11,29
1747012990.4043634,-36,-29,219
1747012990.4393632,30,-23,115
1747012990.4753633,23,20,185
1747012990.510363,-17,-16,159
1747012990.5453634,40,0,61
1747012990.5813634,-96,-65,213
1747012990.6163633,-57,-2,-8
1747012990.6523633,14,-11,135
1747012990.6873634,-63,-69,-2
1747012990.7233634,-49,-50,49
1747012990.7583632,42,27,7
1747012990.793363,34,27,195
1747012990.829363,24,1,79
1747012990.8643634,16,-70,53
1747012990.9003634,-35,-30,89
1747012990.9353633,18,34,21
1747012990.9713633,19,17,123
1747012991.0063634,-18,0,129
1747012991.0413637,29,32,5
1747012991.0773633,-50,23,5
1747012991.112363,-6,-68,79
1747012991.1483634,-48,33,163
1747012991.1833634,23,-96,73
1747012991.2183633,-30,-16,85
1747012991.2533634,-22,-93,-42
1747012991.2893634,27,-55,73
1747012991.3253634,-12,-55,39
1747012991.3603632,3,-1,-28
1747012991.3963633,51,-15,95
1747012991.431363,-14,-19,36
1747012991.4663634,67,-7,-9
1747012991.5013633,-22,-17,130
1747012991.5373633,29,-41,-19
1747012991.5733633,33,62,104
1747012991.6083634,61,-57,44
1747012991.6443634,-6,-19,12
1747012991.6793633,-84,58,22
1747012991.714363,-31,0,86
1747012991.7493634,-13,1,4
1747012991.7853634,17,-15,40
1747012991.8213634,-24,12,104
1747012991.8563633,20,1,-55
1747012991.8923633,-15,-39,176
1747012991.9273634,-71,-48,-27
1747012991.9623632,10,-48,114
1747012991.997363,16,-50,-51
1747012992.033363,20,19,74
1747012992.0693634,12,24,88
1747012992.1043634,13,-1,70
1747012992.1403637,-14,-11,102
1747012992.1753633,72,0,146
1747012992.2103634,6,-100,82
1747012992.2453637,-31,-20,72
1747012992.2813632,-19,58,66
1747012992.3173633,-19,-22,54
1747012992.352363,12,65,24
1747012992.3883634,24,75,96
1747012992.4233634,-37,-24,106
1747012992.4583633,164,-22,-21
1747012992.4933634,-23,61,56
1747012992.5293634,0,19,102
1747012992.5653634,-9,-56,18
1747012992.6003633,90,35,70
1747012992.6363633,68,-40,16
1747012992.6713634,-17,17,154
1747012992.7063634,36,29,150
1747012992.7413633,-23,99,-3
1747012992.7773633,-7,0,136
1747012992.8133633,54,-24,32
1747012992.8483634,38,-19,96
1747012992.8843634,-81,-48,152
1747012992.9193633,-23,10,30
1747012992.954363,38,-49,-25
1747012992.9893634,13,-57,138
1747012993.0253634,-28,14,-113
1747012993.0613637,-12,-5,94
1747012993.0963633,0,24,78
1747012993.132363,-11,-49,-75
1747012993.1673634,-19,10,124
1747012993.2023633,-1,-37,186
1747012993.237363,26,76,-1
1747012993.2733634,-17,-25,-17
1747012993.3093634,-115,28,81
1747012993.3443637,10,-5,71
1747012993.3803637,-134,4,92
1747012993.4153633,0,-59,-53
1747012993.4503634,19,18,102
1747012993.4853632,-12,-9,74
1747012993.5213633,15,-11,60
1747012993.5573633,9,-31,97
1747012993.5923634,-62,-19,-11
1747012993.6283634,-18,-85,96
1747012993.6633637,-91,-30,50
1747012993.6983633,24,41,94
1747012993.7333634,-37,-18,52
1747012993.7693634,12,31,156
1747012993.8053634,42,5,-99
1747012993.8403633,46,37,28
1747012993.8763633,10,-4,12
1747012993.9113634,104,73,108
1747012993.9463634,-3,-60,42
1747012993.9813633,68,69,44
1747012994.0173633,32,-4,-13
1747012994.053363,6,-56,34
1747012994.0883634,18,12,118
1747012994.1243634,-97,-8,121
1747012994.1593633,0,-57,96
1747012994.1943634,-51,-92,55
1747012994.2293634,85,-9,162
1747012994.2653637,-14,-25,14
1747012994.3013637,-58,4,74
1747012994.3363633,92,-31,72
1747012994.372363,-23,4,38
1747012994.4073634,-51,-53,143
1747012994.4423633,-25,60,114
1747012994.4783633,5,-10,105
1747012994.5133634,119,32,90
1747012994.5493634,63,18,92
1747012994.5843637,33,50,-71
1747012994.6203637,0,-36,134
1747012994.655363,-6,-39,-11
1747012994.6903634,98,-7,50
1747012994.7263634,53,-19,70
1747012994.7613633,-26,32,114
1747012994.7973633,57,-3,124
1747012994.8323634,39,-11,-23
1747012994.8683634,25,-23,-23
1747012994.9033637,-7,43,104
1747012994.9383633,13,-38,66
1747012994.974363,47,75,-55
1747012995.0093634,15,10,131
1747012995.0453634,35,-65,90
1747012995.0803633,24,-19,128
1747012995.1163633,-3,6,109
1747012995.1513634,-105,2,-1
1747012995.1863637,-1,-19,121
1747012995.2223637,0,-71,153
1747012995.257363,33,-5,19
1747012995.293363,55,64,39
1747012995.3283634,-25,11,11
1747012995.3643634,-57,69,213
1747012995.3993633,-5,-12,93
1747012995.4343634,-77,-50,55
1747012995.4703634,92,33,111
1747012995.5053637,-7,32,15
1747012995.5413637,62,-14,101
1747012995.576363,30,-8,-84
1747012995.612363,-33,-40,158
1747012995.6473634,-99,-16,114
1747012995.6823633,12,-64,40
1747012995.7183633,31,-39,40
1747012995.7533634,15,86,142
1747012995.7893634,87,-17,106
1747012995.8243637,-34,-13,68
1747012995.8603632,43,42,154
1747012995.895363,-47,-58,29
1747012995.9303634,31,72,87
1747012995.9663634,37,-41,87
1747012996.0013633,-19,1,143
1747012996.0373633,-30,-19,119
1747012996.0723634,5,50,109
1747012996.1083634,11,14,-2
1747012996.1443634,67,14,43
1747012996.1803634,40,-86,283
1747012996.2163634,-9,7,-2
1747012996.2513633,3,64,73
1747012996.2863634,-12,40,-2
1747012996.3223634,27,-65,171
1747012996.3583634,-64,-11,-62
1747012996.4003634,43,-21,127
1747012996.4373634,-66,27,121
1747012996.4723637,49,19,7
1747012996.507363,3,-26,85
1747012996.5423634,11,41,-16
1747012996.5783634,5,-4,75
1747012996.6143634,57,52,97
1747012996.6493633,107,-9,79
1747012996.6853633,-24,-43,-46
1747012996.7203634,21,46,45
1747012996.7553637,10,17,-8
1747012996.7903633,-41,-12,89
1747012996.826363,6,49,31
1747012996.862363,-47,-4,95
1747012996.8973634,-29,11,167
1747012996.9333634,-1,31,113
1747012996.9683633,-20,-18,1
1747012997.0033634,15,-14,39
1747012997.0383637,-22,-26,46
1747012997.0743637,-36,-51,170
1747012997.1103632,-16,-54,98
1747012997.145363,-66,35,-15
1747012997.181363,19,37,112
1747012997.2163634,44,52,-9
1747012997.2513633,25,-22,40
1747012997.2863634,-28,-43,92
1747012997.3223634,59,10,80
1747012997.3583634,-16,6,100
1747012997.3933637,55,10,186
1747012997.4293633,-30,-14,45
1747012997.464363,61,-42,19
1747012997.4993634,31,31,49
1747012997.5343633,-16,-4,127
1747012997.5703633,2,65,47
1747012997.6063633,39,5,91
1747012997.6413634,-22,-28,139
1747012997.6773634,57,-40,-68
1747012997.7123632,-26,0,83
1747012997.747363,-37,67,67
1747012997.7823634,43,-46,49
1747012997.8183634,-78,39,-30
1747012997.8543634,98,20,57
1747012997.8893633,56,10,269
1747012997.9253633,6,38,71
1747012997.9603634,60,-41,113
1747012997.9953637,37,-64,181
1747012998.030363,5,59,35
1747012998.066363,45,-10,147
1747012998.102363,65,37,87
1747012998.1373634,21,30,31
1747012998.1733634,-62,73,1
1747012998.2083633,-26,-54,-110
1747012998.2433634,-12,-8,147
1747012998.2783637,0,34,25
1747012998.3143632,38,74,-15
1747012998.3503633,-35,80,56
1747012998.385363,57,-78,132
1747012998.4213634,10,-27,28
1747012998.4563634,-54,-39,132
1747012998.4913633,30,-15,80
1747012998.5263634,77,-3,-77
1747012998.5623634,-74,24,62
1747012998.5983634,-36,-45,130
1747012998.6333632,21,52,14
1747012998.6693633,-80,-1,-25
1747012998.704363,-104,-3,66
1747012998.7393634,-29,66,-3
1747012998.7743633,51,-85,-67
1747012998.8103633,47,48,64
1747012998.8463633,53,12,60
1747012998.8813634,-44,-31,66
1747012998.9173634,26,10,-9
1747012998.9523633,59,50,-19
1747012998.987363,13,-25,38
1747012999.0223634,51,-33,92
1747012999.0583634,11,40,110
1747012999.0943637,-54,-49,30
1747012999.1293633,59,10,154
1747012999.1653633,-30,-25,20
1747012999.2003634,40,8,144
1747012999.2353632,2,88,116
1747012999.270363,-78,14,-3
1747012999.306363,-14,14,136
1747012999.3423634,-38,8,160
1747012999.3773634,125,40,106
1747012999.4133637,5,28,-17
1747012999.4483633,-80,18,64
1747012999.4833634,-68,22,34
1747012999.5193634,-36,4,80
1747012999.5543633,15,-57,157
1747012999.5903633,70,34,-22
1747012999.625363,-14,24,41
1747012999.6613634,-12,32,116
1747012999.6963634,-58,10,112
1747012999.7313633,-38,-31,62
1747012999.7673633,-42,-51,144
1747012999.8023634,39,-31,204
1747012999.8383634,-26,38,40
1747012999.8733633,-2,68,96
1747012999.9093633,25,36,218
1747012999.9443634,2,43,48
1747012999.9793634,-37,-14,122
1747013000.0153637,-34,24,-56
1747013000.0503633,127,2,-2
1747013000.0863633,87,40,51
1747013000.1213634,-14,78,0
1747013000.1573634,49,-37,185
1747013000.1923633,47,-43,89
1747013000.227363,27,-97,75
1747013000.2633634,-33,-67,33
1747013000.2983634,30,-5,53
1747013000.3343637,-32,34,95
1747013000.3693633,19,-15,110
1747013000.405363,-100,-75,76
1747013000.4403634,0,44,122
1747013000.4753633,-70,-37,-25
1747013000.5113633,27,40,62
1747013000.5463634,-22,-5,134
1747013000.5823634,21,2,180
1747013000.6173637,-38,42,2
1747013000.6533637,-94,-15,213
1747013000.6883633,61,50,39
1747013000.7233634,87,44,98
1747013000.7593634,-18,4,72
1747013000.7943633,-30,5,142
1747013000.8303633,9,34,136
1747013000.8653634,-3,-47,19
1747013000.9013634,38,20,-4
1747013000.9363637,-50,13,165
1747013000.9713633,-71,-49,37
1747013001.007363,67,7,79
1747013001.0423634,-80,47,7
1747013001.0783634,1,17,32
1747013001.1133633,3,-15,34
1747013001.1493633,-4,12,188
1747013001.1853633,-12,-79,82
1747013001.2213633,-40,6,-30
1747013001.257363,-16,-8,-5
1747013001.2923634,-8,27,114
1747013001.3273633,-8,-2,67
1747013001.3633633,36,-37,25
1747013001.3993633,18,52,41
1747013001.4343634,-4,-22,61
1747013001.4703634,3,28,75
1747013001.5053637,37,-57,43
1747013001.5403633,-4,0,99
1747013001.5753634,21,20,-70
1747013001.6113634,-62,98,31
1747013001.6473634,3,100,-42
1747013001.6823633,-18,-3,77
1747013001.7183633,42,5,135
1747013001.7533634,-4,-41,27
1747013001.7883637,-53,-34,57
1747013001.8233633,-3,59,47
1747013001.8593633,-65,17,27
1747013001.895363,-31,25,45
1747013001.9303634,-41,24,91
1747013001.9663634,-7,40,69
1747013002.0013633,-5,-24,125
1747013002.0363634,28,-38,-6
1747013002.0713634,32,3,99
1747013002.1073637,92,-64,-22
1747013002.1433637,18,47,43
1747013002.178363,26,30,7
1747013002.214363,2,-19,187
1747013002.2493634,68,30,41
1747013002.2843633,-47,-25,47
1747013002.3193634,10,-34,-38
1747013002.3553634,70,-56,27
1747013002.3913634,40,10,-40
1747013002.4263637,6,6,71
1747013002.4623632,49,26,98
1747013002.497363,-34,-16,90
1747013002.5323634,101,25,-59
1747013002.5673633,-2,51,96
1747013002.6033633,-4,37,86
1747013002.6393633,-62,18,20
1747013002.6743634,-18,-50,90
1747013002.7103634,26,-10,138
1747013002.7453637,8,17,-39
1747013002.780363,82,-8,74
1747013002.8153634,30,-1,-85
1747013002.8513634,-37,71,-21
1747013002.8873634,0,-77,66
1747013002.9223633,23,36,110
1747013002.9583633,-60,-73,20
1747013002.9933634,27,-13,32
1747013003.0283637,-122,-9,-61
1747013003.0633633,-10,-77,128
1747013003.099363,103,54,12
1747013003.135363,37,51,102
1747013003.1703634,-8,-22,166
1747013003.2063634,43,-20,58
1747013003.2413633,-24,53,22
1747013003.2763634,-18,23,50
1747013003.3113637,27,9,88
1747013003.3473637,5,-40,18
1747013003.3833632,5,75,106
1747013003.418363,45,14,39
1747013003.454363,-84,58,143
1747013003.4893634,27,64,97
1747013003.5243633,35,50,133
1747013003.5593634,7,24,45
1747013003.5953634,7,46,-41
1747013003.6313634,25,48,58
1747013003.6663637,9,-9,82
1747013003.7023633,-18,51,56
1747013003.737363,-66,11,34
1747013003.7723634,23,11,-55
1747013003.8073633,9,15,24
1747013003.8433633,-46,3,70
1747013003.8793633,-46,5,130
1747013003.9143634,21,16,-15
1747013003.9503634,23,45,-54
1747013003.9853632,69,-78,87
1747013004.020363,43,68,147
1747013004.0553634,55,12,9
1747013004.0913634,-8,0,165
1747013004.1273634,57,-5,19
1747013004.1623633,-14,82,103
1747013004.1983633,17,-65,81
1747013004.2333634,-6,-1,143
1747013004.2683637,-46,-63,67
1747013004.3043633,51,-37,89
1747013004.3403633,-62,-37,159
1747013004.375363,-96,-21,33
1747013004.4113634,67,-73,67
1747013004.4473634,-6,16,139
1747013004.4823637,93,-5,5
1747013004.5183637,-56,36,-2
1747013004.553363,-80,40,101
1747013004.5883634,-8,120,109
1747013004.6243634,6,-14,97
1747013004.6593633,-4,14,17
1747013004.6953633,-1,27,25
1747013004.7303634,-2,-35,113
1747013004.7663634,70,33,71
1747013004.8013637,-13,-16,31
1747013004.8363633,-33,21,61
1747013004.872363,-25,-90,59
1747013004.9073634,-7,-63,129
1747013004.9433634,24,13,23
1747013004.9783633,-3,68,75
1747013005.0143633,-41,-13,213
1747013005.0493634,59,21,77
1747013005.0843637,49,7,25
1747013005.1203637,51,35,141
1747013005.155363,77,75,45
1747013005.191363,-14,-16,181
1747013005.2263634,-64,-2,-44
1747013005.2623634,0,-32,65
1747013005.2973633,-98,-15,-20
1747013005.3323634,-36,14,93
1747013005.3683634,6,-69,99
1747013005.4033637,37,24,99
1747013005.4393632,-18,54,11
1747013005.474363,3,10,23
1747013005.510363,-4,-61,119
1747013005.5453634,-27,-8,-30
1747013005.5803633,21,-5,163
1747013005.6163633,18,15,101
1747013005.6513634,-23,-30,47
1747013005.6873634,44,77,21
1747013005.7223637,58,1,75
1747013005.7583632,72,17,151
1747013005.793363,44,-46,29
1747013005.8283634,14,-24,57
1747013005.8643634,30,-64,-54
1747013005.8993633,-43,27,63
1747013005.9353633,-89,-54,25
1747013005.9703634,56,-6,77
1747013006.0063634,30,33,85
1747013006.0413637,-46,56,121
1747013006.076363,46,-54,-88
1747013006.112363,71,-1,-24
1747013006.1473634,56,108,-76
1747013006.1833634,-23,6,103
1747013006.2183633,-29,-25,143
1747013006.2543633,73,55,-8
1747013006.2903633,-14,9,-6
1747013006.326363,-31,-77,0
1747013006.362363,-26,31,57
1747013006.4043634,31,5,89
1747013006.4403634,59,-20,12
1747013006.4763634,-40,-46,124
1747013006.5123634,-68,-48,60
1747013006.5473633,-40,-20,-31
1747013006.5833633,71,43,50
1747013006.6183634,44,20,70
1747013006.6533637,0,-25,88
1747013006.6883633,-50,12,176
1747013006.724363,-40,22,78
1747013006.760363,7,-12,102
1747013006.7953634,47,-36,100
1747013006.8313634,19,33,134
1747013006.8663633,-14,41,86
1747013006.9013634,-22,23,-65
1747013006.9363637,1,-16,110
1747013006.9723637,-42,19,-51
1747013007.0083632,-25,12,4
1747013007.043363,-55,10,-14
1747013007.079363,84,8,78
1747013007.1143634,-135,-15,114
1747013007.1493633,-3,-35,-97
1747013007.1843634,-66,-50,146
1747013007.2203634,77,41,228
1747013007.2563634,5,-37,28
1747013007.2913637,-110,-6,-5
1747013007.3273633,17,35,-1
1747013007.362363,1,-14,-123
1747013007.3973634,-4,35,118
1747013007.4323633,41,59,106
1747013007.4683633,-28,9,-49
1747013007.5043633,51,-2,96
1747013007.5393634,29,37,46
1747013007.5753634,65,7,66
1747013007.6103632,5,17,20
1747013007.645363,-22,-46,188
1747013007.6803634,-2,23,94
1747013007.7163634,-15,-6,82
1747013007.7523634,59,17,58
1747013007.7873633,39,-8,28
1747013007.8233633,2,-36,120
1747013007.8583634,68,1,46
1747013007.8933637,-49,31,128
1747013007.928363,-17,47,26
1747013007.964363,18,33,182
1747013008.000363,62,49,184
1747013008.0353634,-27,3,-11
1747013008.0713634,-9,75,114
1747013008.1063633,41,49,156
1747013008.1413634,-10,17,36
1747013008.1763637,83,79,90
1747013008.2123632,-62,-18,-3
1747013008.2483633,87,57,198
1747013008.283363,55,1,112
1747013008.3193634,-18,-33,132
1747013008.3543634,24,-52,96
1747013008.3893633,8,3,52
1747013008.4243634,-74,-85,58
1747013008.4603634,47,-37,186
1747013008.4963634,-26,-71,100
1747013008.5313632,7,34,56
1747013008.5673633,-2,22,78
1747013008.602363,0,86,68
1747013008.6373634,-8,-51,-31
1747013008.6723633,-45,11,4
1747013008.7083633,67,62,68
1747013008.7443633,-11,-6,40
1747013008.7793634,82,-74,34
1747013008.8153634,-8,38,-41
1747013008.8503633,-23,-33,14
1747013008.885363,18,-35,106
1747013008.9203634,-26,108,168
1747013008.9563634,21,-23,80
1747013008.9923637,51,12,92
1747013009.0273633,35,22,26
1747013009.0633633,47,80,226
1747013009.0983634,-52,38,172
1747013009.1333632,71,-11,86
1747013009.168363,65,-73,144
1747013009.204363,22,-26,42
1747013009.2403634,26,25,104
1747013009.2753634,-55,-30,136
1747013009.3113637,-43,-30,98
1747013009.3463633,8,-6,78
1747013009.3813634,-17,9,70
1747013009.4163637,-15,9,102
1747013009.4523633,-13,13,206
1747013009.4883633,-35,-30,28
1747013009.5233634,2,-8,-57
1747013009.5593634,44,-16,24
1747013009.5943637,-53,61,108
1747013009.6293633,-19,17,214
1747013009.6653633,8,-1,80
1747013009.7003634,-29,0,90
1747013009.7363634,10,-8,78
1747013009.7713633,-33,-76,-48
1747013009.8073633,16,11,-20
1747013009.8423634,-47,-64,113
1747013009.8773634,-9,-44,106
1747013009.9133637,-21,-54,-31
1747013009.9483633,48,47,85
1747013009.9843633,-27,-26,123
1747013010.0193634,-13,-34,75
1747013010.0553634,-20,11,161
1747013010.0903633,-29,1,9
1747013010.125363,39,5,84
1747013010.1613634,-7,-10,73
1747013010.1963634,-38,36,67
1747013010.2323637,-29,21,73
1747013010.2673633,46,-4,51
1747013010.303363,64,33,-36
1747013010.3383634,-29,33,67
1747013010.3733633,82,25,77
1747013010.4093633,-39,-32,68
1747013010.4443634,-21,75,70
1747013010.4803634,5,80,126
1747013010.5153637,49,12,122
1747013010.5513637,33,-1,26
1747013010.5863633,33,-23,24
1747013010.6213634,-32,-17,19
1747013010.6573634,50,50,-52
1747013010.6923633,58,-7,88
1747013010.7283633,-50,-1,147
1747013010.7633634,10,-20,84
1747013010.7993634,-31,13,46
1747013010.8343637,27,-59,0
1747013010.8693633,69,34,194
1747013010.905363,-57,-51,50
1747013010.9403634,-49,46,34
1747013010.9763634,134,-55,104
1747013011.0113633,-10,-9,126
1747013011.0473633,-61,-29,58
1747013011.0823634,-49,-5,80
1747013011.1173637,-39,24,-29
1747013011.1533637,-47,48,100
1747013011.1883633,-97,9,80
1747013011.224363,-63,43,103
1747013011.2593634,22,85,116
1747013011.2943633,87,-7,116
1747013011.329363,-3,7,50
1747013011.3653634,16,-54,22
1747013011.4013634,40,25,-21
1747013011.4363637,-21,-50,-49
1747013011.4723637,-43,13,110
1747013011.507363,-26,-21,88
1747013011.5423634,-5,-46,58
1747013011.5773633,-78,20,127
1747013011.6133633,-86,-31,117
1747013011.6493633,79,-45,85
1747013011.6843634,0,-5,48
1747013011.7203634,40,67,-44
1747013011.7553637,-52,-51,88
1747013011.7903633,34,28,60
1747013011.8253634,24,-33,116
1747013011.8613634,32,66,56
1747013011.8973634,-47,11,52
1747013011.9323633,-9,-1,12
1747013011.9683633,-7,0,129
1747013012.0033634,50,78,-92
1747013012.0383637,-54,18,121
1747013012.0733633,24,-16,81
1747013012.1093633,69,12,49
1747013012.145363,29,-37,144
1747013012.1803634,19,26,-43
1747013012.2163634,-28,-19,62
1747013012.2513633,40,-27,16
1747013012.2863634,78,24,88
1747013012.3213634,0,30,36
1747013012.3573637,4,44,106
1747013012.3933637,48,-30,104
1747013012.428363,-35,58,160
1747013012.464363,-7,28,48
1747013012.4993634,-11,44,-1
1747013012.5343633,64,-35,-19
1747013012.5693634,44,27,99
1747013012.6053634,-45,-68,52
1747013012.6413634,-35,21,56
1747013012.6763637,-33,-48,114
1747013012.7123632,-71,-8,14
1747013012.747363,30,-55,34
1747013012.7823634,7,-63,60
1747013012.8173633,-28,40,164
1747013012.8533633,-4,3,94
1747013012.8893633,44,-59,34
1747013012.9243634,22,38,64
1747013012.9603634,-18,-18,32
1747013012.9953637,51,15,29
1747013013.030363,-48,-64,77
1747013013.0653634,36,-37,31
1747013013.1013634,71,12,113
1747013013.1373634,-49,-3,107
1747013013.1723633,1,-5,-36
1747013013.2083633,11,-49,101
1747013013.2433634,-28,-47,93
1747013013.2783637,77,-67,99
1747013013.3133633,32,48,23
1747013013.349363,6,-32,-8
1747013013.385363,-9,-11,168
1747013013.4203634,24,-84,144
1747013013.4563634,11,-57,38
1747013013.4913633,49,10,42
1747013013.5263634,-20,16,3
1747013013.5613637,5,-15,-19
1747013013.5973637,-28,-43,66
1747013013.6333632,-46,-15,-19
1747013013.668363,57,-15,71
1747013013.704363,133,52,-92
1747013013.7393634,-46,-47,27
1747013013.7743633,65,-35,0
1747013013.8093634,-44,-35,181
1747013013.8453634,65,8,-32
1747013013.8813634,-38,40,97
1747013013.9163637,-59,2,111
1747013013.9523633,-45,-9,105
1747013013.987363,94,55,-54
1747013014.0223634,45,34,85
1747013014.0573633,-48,10,75
1747013014.0933633,-20,22,113
1747013014.1293633,5,38,111
1747013014.1643634,45,-21,73
1747013014.2003634,32,-14,-28
1747013014.2353632,30,-56,101
1747013014.270363,10,-64,104
1747013014.3053634,6,39,-24
1747013014.3413634,52,-2,50
1747013014.3773634,-43,45,84
1747013014.4123633,-29,-74,130
1747013014.4483633,-31,-74,104
1747013014.4833634,-1,27,114
1747013014.5183637,43,-35,174
1747013014.553363,23,-47,104
1747013014.589363,4,70,112
1747013014.625363,-20,26,84
1747013014.6603634,-8,-23,-3
1747013014.6963634,-76,-39,34
1747013014.7313633,-12,-51,40
1747013014.7663634,-16,-57,192
1747013014.8023634,12,-25,24
1747013014.8373632,-65,-7,62
1747013014.8733633,43,-35,60
1747013014.908363,-76,-9,40
1747013014.9443634,-22,-1,128
1747013014.9793634,-62,-51,0
1747013015.0143633,-38,4,139
1747013015.0503633,17,10,61
1747013015.0853634,-25,-53,9
1747013015.1213634,-83,-24,153
1747013015.1563632,-21,-26,87
1747013015.1923633,-26,78,172
1747013015.227363,79,10,92
1747013015.2623634,-24,20,62
1747013015.2983634,-47,76,82
1747013015.3333633,-60,-31,86
1747013015.3693633,-11,48,122
1747013015.4043634,28,36,8
1747013015.4403634,-41,-15,112
1747013015.4753633,56,-4,48
1747013015.510363,30,1,0
1747013015.5463634,38,-6,36
1747013015.5813634,-20,-86,106
1747013015.6173637,15,-32,106
1747013015.6523633,-10,-33,112
1747013015.6883633,-54,39,36
1747013015.7233634,31,19,154
1747013015.7583632,59,-32,75
1747013015.7943633,-16,-70,111
1747013015.829363,63,-12,95
1747013015.8653634,-8,27,89
1747013015.9003634,69,59,85
1747013015.9363637,7,31,67
1747013015.9713633,-24,55,-98
1747013016.0063634,-35,-25,39
1747013016.0423634,-18,-32,15
1747013016.0773633,16,3,97
1747013016.1133633,13,59,109
1747013016.1483634,-39,16,103
1747013016.1843634,-18,45,57
1747013016.2193637,-42,-64,45
1747013016.2543633,41,21,7
1747013016.2903633,55,-12,159
1747013016.3253634,46,21,69
1747013016.3613634,10,-12,115
1747013016.3963633,-1,15,43
1747013016.4383633,26,-52,67
1747013016.474363,48,-50,29
1747013016.510363,36,13,161
1747013016.5463634,80,-29,165
1747013016.5813634,38,2,141
1747013016.6173637,-7,1,139
1747013016.6523633,6,31,77
1747013016.6873634,-55,27,73
1747013016.7223637,46,1,11
1747013016.7583632,44,25,-4
1747013016.7943633,0,18,79
1747013016.829363,-25,-45,65
1747013016.8653634,21,18,20
1747013016.9003634,17,20,115
1747013016.9353633,-3,-67,71
1747013016.9703634,2,38,47
1747013017.0063634,28,14,150
1747013017.0423634,28,-24,33
1747013017.0773633,-15,84,63
1747013017.1133633,46,-17,1
1747013017.1483634,78,-23,-24
1747013017.1833634,-17,12,113
1747013017.2183633,-19,2,111
1747013017.2543633,108,41,135
1747013017.2903633,-41,-19,-34
1747013017.3253634,-53,59,0
1747013017.3613634,57,-16,85
1747013017.3963633,17,1,69
1747013017.431363,-54,22,179
1747013017.4663634,47,78,23
1747013017.5023634,-8,12,11
1747013017.5383637,31,-3,-20
1747013017.5733633,-52,60,115
1747013017.6093633,5,42,71
1747013017.6443634,35,-41,44
1747013017.6793633,-54,-3,112
1747013017.714363,-12,-52,184
1747013017.750363,39,21,-27
1747013017.7863634,-52,-22,26
1747013017.8213634,-45,59,105
1747013017.8573637,19,19,27
1747013017.8923633,43,-40,173
1747013017.9273634,65,9,147
1747013017.9623632,-18,-6,119
1747013017.9983633,25,-8,121
1747013018.0343633,24,-13,53
1747013018.0693634,32,72,-2
1747013018.1053634,-9,-3,25
1747013018.1403637,-1,16,69
1747013018.1753633,-81,-39,65
1747013018.2103634,-54,-38,65
1747013018.2463634,-24,33,37
1747013018.2823634,59,-16,65
1747013018.3173633,23,11,39
1747013018.3533633,45,-52,-36
1747013018.3883634,7,47,115
1747013018.4233634,-54,37,91
1747013018.4583633,-40,-6,25
1747013018.4943633,29,-19,31
1747013018.530363,39,0,9
1747013018.5653634,30,61,87
1747013018.6013634,41,-38,-4
1747013018.6363633,-44,3,23
1747013018.6713634,1,-14,-44
1747013018.7063634,-10,52,69
1747013018.7433634,-44,16,1
1747013018.7783637,-36,-1,123
1747013018.8143632,87,-37,83
1747013018.8503633,-87,-36,39
1747013018.885363,-114,-29,49
1747013018.9213634,1,-3,45
1747013018.9563634,-1,-12,207
1747013018.9913633,18,37,187
1747013019.0263634,32,79,35
1747013019.0623634,15,-36,-68
1747013019.0983634,47,-29,1
1747013019.1333632,-32,-61,-20
1747013019.1693633,15,-47,79
1747013019.204363,16,40,23
1747013019.2393634,-5,14,75
1747013019.2743633,-20,-24,15
1747013019.3103633,74,-14,101
1747013019.3463633,-79,35,43
1747013019.3813634,6,7,65
1747013019.4173634,47,-44,27
1747013019.4523633,-14,-36,-2
1747013019.487363,-6,35,141
1747013019.5223634,11,-38,63
1747013019.5583634,6,-19,67
1747013019.5943637,74,-37,21
1747013019.6293633,-22,-19,15
1747013019.6653633,43,-43,47
1747013019.7003634,57,16,121
1747013019.7353632,11,-67,131
1747013019.7713633,71,-27,85
1747013019.806363,-8,-41,101
1747013019.8423634,32,-18,9
1747013019.8773634,-23,-39,15
1747013019.9133637,-21,2,83
1747013019.9483633,39,44,115
1747013019.9833634,23,34,87
1747013020.0193634,53,-47,101
1747013020.0543633,126,-11,69
1747013020.0903633,40,8,-36
1747013020.125363,49,10,13
1747013020.1613634,69,-3,23
1747013020.1963634,118,-12,31
1747013020.2313633,38,45,25
1747013020.2673633,-65,36,133
1747013020.3023634,32,29,67
1747013020.3383634,-39,78,147
1747013020.3733633,24,90,3
1747013020.4093633,61,-1,-42
1747013020.4443634,-72,0,71
1747013020.4793634,29,-29,79
1747013020.5153637,-26,-135,27
1747013020.5503633,4,0,95
1747013020.5863633,18,-57,107
1747013020.6213634,70,16,-24
1747013020.6573634,29,-25,31
1747013020.6923633,23,-29,51
1747013020.727363,31,14,153
1747013020.7633634,-39,-14,43
1747013020.7983634,-110,-103,111
1747013020.8343637,65,42,133
1747013020.8693633,38,-74,145
1747013020.905363,22,-21,95
1747013020.9403634,-59,-37,1
1747013020.9753633,26,-19,81
1747013021.0113633,72,-65,137
1747013021.0463634,61,-20,11
1747013021.0823634,-60,33,115
1747013021.1173637,-16,9,81
1747013021.1533637,-16,53,115
1747013021.1883633,-8,-22,-26
1747013021.2233634,3,65,145
1747013021.2593634,-46,0,113
1747013021.2943633,-30,47,67
1747013021.3303633,-24,-12,83
1747013021.3653634,-72,45,43
1747013021.4013634,-20,53,26
1747013021.4363637,-62,47,74
1747013021.4713633,23,-96,112
1747013021.507363,-100,-24,-9
1747013021.5423634,0,-62,-56
1747013021.5783634,53,5,139
1747013021.6133633,49,0,89
1747013021.6483634,99,-6,39
1747013021.6833634,-2,-51,159
1747013021.7193637,-46,-24,5
1747013021.7553637,93,24,49
1747013021.7903633,-48,-31,53
1747013021.826363,41,37,207
1747013021.8613634,-21,49,7
1747013021.8963633,-84,9,29
1747013021.931363,-36,-2,85
1747013021.9673634,23,-8,75
1747013022.0033634,-10,-42,141
1747013022.0383637,33,53,133
1747013022.0743637,-5,-8,71
1747013022.1093633,62,67,79
1747013022.1443634,-19,1,-24
1747013022.1793633,-67,13,95
1747013022.2153633,-21,0,59
1747013022.2513633,-33,36,95
1747013022.2863634,-11,-38,31
1747013022.3223634,-7,19,-36
1747013022.3573637,60,-14,37
1747013022.3923633,28,-2,99
1747013022.4273634,26,-74,133
1747013022.4633634,16,15,61
1747013022.4993634,66,-18,175
1747013022.5343633,24,-22,33
1747013022.5703633,44,9,141
1747013022.6053634,-7,7,57
1747013022.6403637,-27,-23,67
1747013022.6753633,-19,-30,53
1747013022.7113633,-29,-16,115
1747013022.747363,21,-11,-20
1747013022.7823634,-66,4,183
1747013022.8183634,-106,36,149
1747013022.8533633,-10,-29,69
1747013022.8883634,19,-65,45
1747013022.9233634,-30,44,67
1747013022.9593637,-26,-25,107
1747013022.9953637,69,-53,13
1747013023.030363,52,-19,-80
1747013023.066363,50,-11,75
1747013023.1013634,-93,26,33
1747013023.1363633,47,-48,-82
1747013023.1713634,-2,21,95
1747013023.2073634,-34,-59,-14
1747013023.2433634,-52,12,207
1747013023.2783637,9,-71,15
1747013023.3143632,-19,-36,113
1747013023.349363,26,-10,19
1747013023.3843634,-7,43,-4
1747013023.4193633,12,48,61
1747013023.4553633,-23,13,9
1747013023.4913633,-23,-2,7
1747013023.5263634,-23,-80,73
1747013023.5623634,18,11,17
1747013023.5973637,24,-16,37
1747013023.632363,-51,-22,91
1747013023.6673634,56,29,27
1747013023.7033634,-53,-50,31
1747013023.7393634,-3,36,103
1747013023.7743633,-51,54,-75
1747013023.8103633,36,-55,-48
1747013023.8453634,65,-14,124
1747013023.8803637,-29,10,28
1747013023.9153633,54,100,104
1747013023.951363,38,28,4
1747013023.987363,30,-11,-33
1747013024.0223634,-13,-70,134
1747013024.0583634,28,-4,26
1747013024.0933633,-3,-61,228
1747013024.1283634,64,53,40
1747013024.1633637,22,-20,40
1747013024.1993637,32,-42,6
1747013024.2353632,-7,-48,122
1747013024.270363,-25,43,144
1747013024.306363,-33,-48,124
1747013024.3413634,40,35,186
1747013024.3763633,26,-102,102
1747013024.4113634,-62,-13,64
1747013024.4473634,29,34,118
1747013024.4833634,-16,-37,12
1747013024.5183637,34,-4,-67
1747013024.5543633,-39,57,78
1747013024.589363,24,51,34
1747013024.6243634,66,-26,2
1747013024.6593633,60,27,-47
1747013024.6953633,21,-30,62
1747013024.7313633,-55,-36,22
1747013024.7663634,-36,13,74
1747013024.8023634,-16,-6,44
1747013024.8373632,66,29,116
1747013024.872363,70,-28,152
1747013024.908363,8,0,104
1747013024.9433634,-37,59,84
1747013024.9793634,-4,33,128
1747013025.0143633,-36,0,20
1747013025.0503633,-20,-20,0
1747013025.0853634,-52,-54,71
1747013025.1203637,-36,-70,41
1747013025.1563632,41,-8,153
1747013025.191363,39,-27,97
1747013025.227363,3,-67,-4
1747013025.2623634,-70,56,59
1747013025.2983634,-28,-23,61
1747013025.3333633,8,-50,-6
1747013025.3683634,-91,153,45
1747013025.4043634,-81,-58,177
1747013025.4393632,86,3,99
1747013025.4753633,32,-46,173
1747013025.510363,-29,-2,9
1747013025.5463634,50,59,87
1747013025.5813634,-23,-16,-6
1747013025.6163633,-9,17,225
1747013025.6523633,-28,-10,158
1747013025.6873634,58,15,110
1747013025.7233634,-3,50,32
1747013025.7583632,92,-14,62
1747013025.7943633,-31,51,153
1747013025.829363,-65,-24,95
1747013025.8643634,34,79,-12
1747013025.9003634,-26,31,33
1747013025.9353633,5,17,25
1747013025.9713633,33,5,140
1747013026.0063634,-5,-80,28
1747013026.0423634,26,25,-125
1747013026.0773633,50,47,38
1747013026.112363,22,11,144
1747013026.1483634,24,11,48
1747013026.1833634,41,-32,56
1747013026.2193637,-18,-40,152
1747013026.2543633,-34,-2,16
1747013026.2903633,65,-89,126
1747013026.3253634,27,60,60
1747013026.3603632,-16,-30,98
1747013026.3963633,37,-42,200
1747013026.431363,24,-2,100
1747013026.474363,-23,-6,104
1747013026.510363,0,45,83
1747013026.5463634,-41,-50,127
1747013026.5813634,16,-6,167
1747013026.6163633,12,-10,96
1747013026.6523633,42,51,150
1747013026.6873634,-59,-64,82
1747013026.7233634,-52,-50,184
1747013026.7583632,-18,-80,252
1747013026.793363,-76,17,60
1747013026.8283634,51,-38,81
1747013026.8643634,1,-44,100
1747013026.9003634,41,15,34
1747013026.9353633,63,-40,116
1747013026.9713633,-43,49,120
1747013027.0063634,-123,51,40
1747013027.0413637,57,-44,-15
1747013027.076363,1,33,124
1747013027.112363,3,-6,114
1747013027.1483634,38,21,176
1747013027.1833634,59,-74,4
1747013027.2193637,28,-74,122
1747013027.2543633,-19,-12,84
1747013027.2893634,-11,15,-37
1747013027.3243637,17,16,30
1747013027.3603632,25,-103,158
1747013027.3963633,-8,30,137
1747013027.431363,38,-33,88
1747013027.4673634,-27,-59,201
1747013027.5023634,-39,18,-13
1747013027.5373633,21,22,4
1747013027.5723634,-37,-35,73
1747013027.6083634,-23,-25,118
1747013027.6443634,14,-69,114
1747013027.6793633,-28,-4,106
1747013027.7153633,25,62,52
1747013027.750363,37,74,44
1747013027.7853634,7,17,70
1747013027.8203633,93,0,128
1747013027.8573637,39,4,-9
1747013027.8923633,115,-73,66
1747013027.928363,39,-55,17
1747013027.964363,-38,2,31
1747013027.9993634,-92,25,137
1747013028.0353634,9,-10,85
1747013028.0703633,9,-61,133
1747013028.1053634,95,-7,41
1747013028.1403637,69,-20,15
1747013028.1763637,45,-42,165
1747013028.2123632,25,-22,173
1747013028.247363,-44,29,71
1747013028.283363,-45,8,29
1747013028.3183634,54,24,95
1747013028.3533633,-3,94,-42
1747013028.3883634,-49,26,65
1747013028.4243634,9,-17,29
1747013028.4603634,49,30,33
1747013028.4953637,55,102,159
1747013028.5313632,11,-22,27
1747013028.566363,49,-26,103
1747013028.6013634,19,-90,37
1747013028.6363633,75,-23,31
1747013028.6723633,-34,68,19
1747013028.7083633,-40,-20,63
1747013028.7433634,-8,40,61
1747013028.7793634,35,58,41
1747013028.8143632,49,8,-2
1747013028.849363,-89,-6,147
1747013028.8843634,-1,3,73
1747013028.9203634,22,3,23
1747013028.9563634,-4,26,139
1747013028.9913633,-12,24,-8
1747013029.0273633,0,44,53
1747013029.0623634,139,-109,75
1747013029.0973637,-44,34,103
1747013029.132363,67,-51,1
1747013029.168363,51,-23,53
1747013029.204363,7,0,17
1747013029.2393634,17,-45,95
1747013029.2753634,-24,-63,217
1747013029.3103633,115,-15,121
1747013029.3453634,-8,-35,-22
1747013029.3803637,95,14,133
1747013029.4163637,-48,-85,29
1747013029.4523633,36,3,85
1747013029.487363,6,-18,85
1747013029.5233634,85,40,129
1747013029.5583634,34,83,139
1747013029.5933633,-74,-87,19
1747013029.6283634,6,23,33
1747013029.6643634,-1,13,255
1747013029.7003634,3,-15,-70
1747013029.7353632,7,-39,113
1747013029.7713633,31,16,253
1747013029.806363,25,66,91
1747013029.8413634,-60,-53,129
1747013029.8773634,-14,-107,25
1747013029.9123633,-12,22,167
1747013029.9483633,9,62,73
1747013029.9833634,0,-30,12
1747013030.0193634,54,5,50
1747013030.0543633,-25,35,78
1747013030.089363,-1,0,26
1747013030.125363,14,-24,50
1747013030.1603634,4,-2,136
1747013030.1963634,36,-80,26
1747013030.2313633,42,35,194
1747013030.2673633,112,-26,146
1747013030.3023634,-27,-8,0
1747013030.3373632,-21,-10,104
1747013030.3733633,-3,0,108
1747013030.408363,-39,-56,34
1747013030.4443634,46,-20,148
1747013030.4793634,10,-90,62
1747013030.5153637,31,36,26
1747013030.5503633,-6,-15,-21
1747013030.5853634,8,-88,110
1747013030.6213634,-13,-47,38
1747013030.6563632,24,-3,34
1747013030.6923633,-141,12,86
1747013030.727363,-13,44,128
1747013030.7633634,14,9,146
1747013030.7983634,54,-55,-37
1747013030.8333633,67,0,88
1747013030.8693633,-96,-35,68
1747013030.9043634,25,20,134
1747013030.9403634,-38,-39,28
1747013030.9753633,-18,66,2
1747013031.0113633,25,-19,132
1747013031.0463634,10,61,-65
1747013031.0813634,16,3,-17
1747013031.1173637,24,37,112
1747013031.1523633,44,11,-5
1747013031.1883633,-1,9,102
1747013031.2233634,-51,33,58
1747013031.2593634,22,-4,120
1747013031.2943633,36,41,62
1747013031.329363,8,32,106
1747013031.3653634,-35,0,96
1747013031.4003634,68,1,12
1747013031.4363637,60,25,42
1747013031.4713633,100,-14,118
1747013031.507363,-65,-78,42
1747013031.5423634,-16,0,156
1747013031.5773633,9,24,112
1747013031.6133633,-60,28,98
1747013031.6483634,-42,12,152
1747013031.6843634,-29,47,8
1747013031.7193637,10,0,24
1747013031.7553637,6,13,62
1747013031.7913637,30,14,-49
1747013031.826363,-17,32,60
1747013031.8613634,51,-15,25
1747013031.8973634,-60,10,95
1747013031.9333634,15,4,-1
1747013031.9683633,17,38,46
1747013032.0043633,-33,-77,94
1747013032.0393634,-25,-55,44
1747013032.0743637,4,0,-19
1747013032.1093633,128,8,195
1747013032.145363,6,28,88
1747013032.181363,-69,-13,131
1747013032.2163634,41,59,115
1747013032.2523634,23,42,97
1747013032.2873633,21,-11,66
1747013032.3223634,-46,28,76
1747013032.3573637,37,-25,118
1747013032.3933637,67,124,38
1747013032.4293633,-106,-9,72
1747013032.464363,66,-42,90
1747013032.500363,61,24,24
1747013032.5353634,-64,-59,-11
1747013032.5703633,-26,-3,26
1747013032.6053634,-4,-15,36
1747013032.6413634,-15,1,2
1747013032.6773634,-21,7,48
1747013032.7123632,0,31,-63
1747013032.7483633,-57,-16,28
1747013032.783363,56,51,58
1747013032.8183634,-1,17,200
1747013032.8533633,81,64,88
1747013032.8893633,-46,-5,124
1747013032.9253633,15,92,10
1747013032.9603634,-6,-43,98
1747013032.9963634,8,-53,224
1747013033.0313632,-10,-43,32
1747013033.066363,-49,16,94
1747013033.1013634,-25,-85,52
1747013033.1373634,-25,-77,74
1747013033.1733634,-39,-37,42
1747013033.2083633,66,2,50
1747013033.2443633,-3,34,82
1747013033.2793634,-44,13,-19
1747013033.3143632,-19,26,93
1747013033.349363,-30,31,-62
1747013033.385363,0,-25,-6
1747013033.4213634,-21,22,110
1747013033.4563634,-15,-23,69
1747013033.4923637,105,-13,45
1747013033.5273633,61,-41,17
1747013033.5623634,-25,10,95
1747013033.5973637,-8,-93,39
1747013033.6333632,1,8,95
1747013033.6693633,-2,6,79
1747013033.704363,-37,-13,77
1747013033.7403634,40,-37,80
1747013033.7753634,17,-28,-57
1747013033.8103633,-30,15,-55
1747013033.8453634,20,14,92
1747013033.8813634,20,-34,-9
1747013033.9173634,-39,-10,120
1747013033.9523633,0,-38,66
1747013033.9883633,-11,-8,-25
1747013034.0233634,-25,-14,12
1747013034.0583634,28,49,92
1747013034.0933633,28,11,151
1747013034.1293633,29,35,-11
1747013034.1653633,-41,18,-6
1747013034.2003634,-6,-12,3
1747013034.2363634,-62,-42,99
1747013034.2713633,37,23,31
1747013034.306363,-36,41,51
1747013034.3413634,-9,16,15
1747013034.3773634,36,-33,-8
1747013034.4133637,68,31,77
1747013034.4483633,2,-17,9
1747013034.4843633,20,-31,73
1747013034.5193634,19,28,52
1747013034.5543633,7,73,206
1747013034.589363,21,97,100
1747013034.625363,31,39,94
1747013034.6613634,55,5,-17
1747013034.6963634,35,-84,58
1747013034.7323637,-29,66,-5
1747013034.7673633,-6,-22,140
1747013034.8023634,53,-20,168
1747013034.8383634,-12,-14,116
1747013034.8733633,-22,23,42
1747013034.9093633,-40,-22,-10
1747013034.9443634,-19,70,77
1747013034.9803634,24,-43,39
1747013035.0153637,-37,-17,113
1747013035.0503633,17,-55,95
1747013035.0863633,7,-7,135
1747013035.1213634,-10,40,57
1747013035.1573634,17,-27,127
1747013035.1923633,-57,-53,85
1747013035.2283633,-5,54,73
1747013035.2633634,-11,-3,79
1747013035.2983634,25,-7,63
1747013035.3343637,13,4,103
1747013035.3693633,47,-17,77
1747013035.405363,-20,30,83
1747013035.4403634,-8,22,133
1747013035.4763634,-86,40,143
1747013035.5113633,46,11,143
1747013035.5463634,58,37,55
1747013035.5823634,34,24,107
1747013035.6173637,-13,-87,57
1747013035.6533637,-21,62,-6
1747013035.6883633,50,56,81
1747013035.724363,-19,-12,-72
1747013035.7593634,44,-84,-16
1747013035.7943633,-29,15,155
1747013035.8303633,40,-39,-30
1747013035.8653634,-3,-35,15
1747013035.9013634,-4,-18,151
1747013035.9363637,7,-46,65
1747013035.9723637,33,-50,91
1747013036.007363,-12,-8,95
1747013036.0423634,-40,-78,109
1747013036.0783634,-32,-2,47
1747013036.1133633,7,15,71
1747013036.1493633,-29,20,91
1747013036.1843634,8,-31,115
1747013036.2203634,26,21,71
1747013036.2553637,9,-92,111
1747013036.2903633,2,-45,169
1747013036.326363,-81,29,111
1747013036.3613634,-29,78,99
1747013036.3973634,-25,49,19
1747013036.4323633,-35,-12,131
1747013036.474363,-41,29,65
1747013036.510363,-25,93,171
1747013036.5463634,24,5,195
1747013036.5823634,-15,23,75
1747013036.6173637,-25,-34,17
1747013036.6533637,-24,-67,0
1747013036.6883633,7,58,13
1747013036.7233634,43,-35,3
1747013036.7583632,43,32,47
1747013036.7943633,27,18,73
1747013036.8303633,25,0,97
1747013036.8653634,32,-40,69
1747013036.9013634,57,-33,0
1747013036.9363637,29,23,47
1747013036.9713633,-14,5,149
1747013037.0063634,-12,21,123
1747013037.0423634,-42,13,87
1747013037.0783634,-48,51,93
1747013037.1133633,30,-24,-25
1747013037.1493633,8,-38,200
1747013037.1843634,0,-46,-4
1747013037.2193637,-24,31,197
1747013037.2543633,7,-32,65
1747013037.2903633,-66,-66,165
1747013037.326363,-24,25,200
1747013037.3613634,-20,-50,60
1747013037.3973634,-48,-68,86
1747013037.4323633,9,-8,61
1747013037.4673634,23,0,81
1747013037.5023634,-16,-2,56
1747013037.5383637,28,34,-37
1747013037.5743637,54,-45,124
1747013037.6093633,-55,26,108
1747013037.645363,104,-63,76
1747013037.6803634,0,9,127
1747013037.7153633,49,32,115
1747013037.750363,-64,-103,129
1747013037.7863634,110,-51,177
1747013037.8223634,16,-11,111
1747013037.8573637,4,18,53
1747013037.8933637,62,34,3
1747013037.928363,58,31,63
1747013037.9633634,-35,-26,-44
1747013037.9983633,-37,17,75
1747013038.0343633,49,-11,68
1747013038.0703633,40,-9,-11
1747013038.1053634,-23,-5,-3
1747013038.1413634,-29,5,20
1747013038.1763637,-19,-58,78
1747013038.2113633,-27,30,68
1747013038.2463634,-41,10,22
1747013038.2823634,38,28,88
1747013038.3183634,66,33,118
1747013038.3533633,-69,-14,56
1747013038.3893633,-30,-13,160
1747013038.4243634,11,16,136
1747013038.4593637,15,-97,-37
1747013038.4943633,19,62,54
1747013038.530363,66,91,194
1747013038.566363,-121,3,60
1747013038.6013634,0,-38,66
1747013038.6373634,-45,9,36
1747013038.6723633,-85,77,148
1747013038.7073634,14,57,78
1747013038.7423637,50,67,114
1747013038.7783637,-7,-64,100
1747013038.8143632,26,39,84
1747013038.849363,-73,5,42
1747013038.885363,71,8,-1
1747013038.9203634,54,-8,32
1747013038.9553633,-76,20,37
1747013038.9903634,89,-1,-76
1747013039.0263634,-55,-30,11
1747013039.0623634,-43,-12,45
1747013039.0973637,27,42,154
1747013039.1333632,-20,-37,80
1747013039.168363,1,-1,66
1747013039.2033634,-118,-47,8
1747013039.2383633,-40,-67,74
1747013039.2743633,-94,-3,124
1747013039.3103633,8,-36,-3
1747013039.3453634,-33,-40,101
1747013039.3813634,114,17,130
1747013039.4163637,-31,-38,12
1747013039.451363,54,10,-33
1747013039.4863634,-30,-51,12
1747013039.5223634,15,4,94
1747013039.5583634,61,-25,201
1747013039.5933633,-2,22,62
1747013039.6293633,-18,28,189
1747013039.6643634,-58,-35,69
1747013039.6993637,3,20,145
1747013039.7343633,3,70,39
1747013039.770363,13,-3,171
1747013039.806363,-108,56,35
1747013039.8413634,-48,0,-8
1747013039.8773634,61,-37,31
1747013039.9123633,-34,-47,99
1747013039.9473634,-9,5,113
1747013039.9833634,-19,31,49
1747013040.0183637,16,-22,147
1747013040.0543633,-25,-61,60
1747013040.089363,40,-37,38
1747013040.125363,39,-52,108
1747013040.1603634,80,-19,104
1747013040.1953633,-31,6,32
1747013040.2313633,-51,32,88
1747013040.2663634,46,-26,-4
1747013040.3023634,-77,-9,99
1747013040.3373632,-83,51,21
1747013040.3733633,-11,-35,83
1747013040.408363,33,47,93
1747013040.4433634,-21,-65,57
1747013040.4793634,-81,-39,71
1747013040.5143633,20,-119,0
1747013040.5503633,69,-20,91
1747013040.5853634,-72,-84,133
1747013040.6213634,-69,51,57
1747013040.6563632,20,-12,57
1747013040.691363,52,2,15
1747013040.727363,28,-29,73
1747013040.7623634,48,2,119
1747013040.7983634,-86,54,1
1747013040.8333633,-30,-1,77
1747013040.8693633,1,8,-40
1747013040.9043634,-16,10,81
1747013040.9393632,53,52,165
1747013040.9753633,25,-71,5
1747013041.010363,-34,-1,125
1747013041.0463634,-34,-7,-30
1747013041.0813634,23,-45,71
1747013041.1163633,19,16,119
1747013041.1513634,0,50,73
1747013041.1873634,-31,49,105
1747013041.2233634,-14,42,9
1747013041.2583632,-46,116,57
1747013041.2943633,-87,49,35
1747013041.329363,5,22,-14
1747013041.3653634,-9,37,97
1747013041.4003634,15,40,107
1747013041.4353633,78,-20,45
1747013041.4713633,55,-41,113
1747013041.5063634,-35,-58,61
1747013041.5423634,-12,72,9
1747013041.5773633,-37,-30,175
1747013041.6133633,65,-22,101
1747013041.6483634,-21,45,11
1747013041.6833634,-11,7,0
1747013041.7193637,-26,-6,21
1747013041.7543633,-86,55,-54
1747013041.7903633,65,0,-44
1747013041.8253634,56,16,121
1747013041.8613634,-35,-49,57
1747013041.8973634,0,52,-2
1747013041.9333634,57,-11,46
1747013041.9693637,91,8,70
1747013042.0043633,49,-35,-17
1747013042.0393634,77,42,76
1747013042.0753634,-14,32,92
1747013042.1113634,35,-5,32
1747013042.1463633,2,92,-9
1747013042.1823633,31,-8,46
1747013042.2173634,101,-20,36
1747013042.2523634,31,9,90
1747013042.2873633,47,7,333
1747013042.3233633,-2,5,71
1747013042.3593633,-76,-18,50
1747013042.3943634,79,-10,36
1747013042.4303634,27,-43,-21
1747013042.4653633,71,-53,126
1747013042.500363,13,-11,110
1747013042.5353634,-67,-44,4
1747013042.5713634,62,-13,42
1747013042.6073637,-37,0,76
1747013042.6423633,-4,36,70
1747013042.678363,21,0,34
1747013042.7133634,-26,12,28
1747013042.7483633,-36,40,112
1747013042.783363,-43,-54,94
1747013042.8193634,-63,44,18
1747013042.8553634,-1,42,208
1747013042.8903637,33,-1,144
1747013042.9263637,-23,-55,88
1747013042.9613633,60,1,0
1747013042.9963634,-88,0,84
1747013043.0313632,-4,8,52
1747013043.0673633,64,7,188
1747013043.1033633,66,-38,48
1747013043.1383634,-5,-56,-3
1747013043.1743634,-3,-2,92
1747013043.2093637,12,-8,106
1747013043.2443633,56,85,50
1747013043.2793634,-9,-26,114
1747013043.3153634,-7,-40,116
1747013043.3513634,16,17,-5
1747013043.3863633,-67,65,74
1747013043.4223633,110,1,152
1747013043.4573634,-6,-13,106
1747013043.4923637,63,2,146
1747013043.5273633,-2,-13,248
1747013043.5633633,-136,74,46
1747013043.599363,-100,-9,72
1747013043.6343634,-66,-49,22
1747013043.6703634,25,-21,144
1747013043.7053633,71,-71,26
1747013043.7403634,-30,36,64
1747013043.7753634,-28,34,114
1747013043.8113637,-6,-14,-45
1747013043.8473637,-4,29,76
1747013043.882363,65,41,-19
1747013043.918363,-24,9,-33
1747013043.9533634,25,7,156
1747013043.9883633,31,-98,-19
1747013044.0233634,-19,11,-69
1747013044.0593634,-103,-20,98
1747013044.0953634,-11,47,50
1747013044.1303637,-50,-22,56
1747013044.1663637,39,49,112
1747013044.201363,-14,-8,92
1747013044.2363634,-64,-76,53
1747013044.2713633,-6,47,111
1747013044.3073633,13,26,135
1747013044.3433633,26,-6,11
1747013044.3783634,77,48,25
1747013044.4143634,-7,0,106
1747013044.4493637,-39,-63,142
1747013044.4843633,-45,10,121
1747013044.5193634,-3,-31,-56
1747013044.5553634,2,-25,166
1747013044.5913634,-48,18,109
1747013044.6263633,-13,26,-88
1747013044.6623633,-30,-27,39
1747013044.6973634,48,12,51
1747013044.7323637,31,18,151
1747013044.7673633,-22,-85,-57
1747013044.803363,7,8,128
1747013044.839363,11,8,72
1747013044.8743634,-72,82,35
1747013044.9103634,-47,71,41
1747013044.9453633,24,-16,35
1747013044.9803634,40,0,-15
1747013045.0153637,-23,7,-61
1747013045.0513637,54,-21,61
1747013045.0873632,60,3,79
1747013045.122363,69,34,-39
1747013045.158363,-10,0,4
1747013045.1933634,16,67,86
1747013045.2283633,-30,58,98
1747013045.2643633,-16,12,-5
1747013045.2993634,-17,0,-55
1747013045.3353634,46,5,94
1747013045.3703637,116,23,82
1747013045.4063632,-1,-60,164
1747013045.441363,-11,13,58
1747013045.4763634,-37,41,54
1747013045.5123634,-5,9,74
1747013045.5473633,-29,67,78
1747013045.5833633,18,51,68
1747013045.6183634,-37,0,56
1747013045.6543634,43,78,158
1747013045.6893632,-60,-55,18
1747013045.724363,0,-65,14
1747013045.760363,23,68,16
1747013045.7953634,-32,0,130
1747013045.8313634,17,-16,-1
1747013045.8663633,-74,-10,26
1747013045.9023633,93,32,50
1747013045.9373634,-26,-91,28
1747013045.9723637,-10,-61,32
1747013046.0083632,-24,10,54
1747013046.043363,-26,22,38
1747013046.079363,-39,-24,46
1747013046.1143634,51,0,-5
1747013046.1503634,-62,-1,62
1747013046.1853633,-28,6,-17
1747013046.2203634,76,50,50
1747013046.2563634,14,64,-41
1747013046.2913637,-7,0,174
1747013046.3273633,10,39,70
1747013046.362363,60,43,122
1747013046.3983634,11,40,182
1747013046.4333634,-20,58,128
1747013046.4753633,31,-15,102
1747013046.5123634,16,-12,151
1747013046.5473633,118,65,67
1747013046.5833633,-13,-8,91
1747013046.6183634,-1,85,77
1747013046.6543634,62,-46,43
1747013046.6893632,-23,-16,83
1747013046.724363,12,29,213
1747013046.760363,-39,-88,71
1747013046.7953634,4,0,127
1747013046.8313634,128,3,-62
1747013046.8663633,20,-58,166
1747013046.9023633,40,29,-50
1747013046.9383633,12,-4,93
1747013046.9733634,0,-75,-30
1747013047.0083632,15,-19,73
1747013047.0443633,58,7,53
1747013047.0803633,8,55,-30
1747013047.1153634,10,-18,39
1747013047.1513634,4,-22,69
1747013047.1863637,-89,33,51
1747013047.2213633,-46,48,21
1747013047.2563634,-4,14,67
1747013047.2923634,-29,-56,5
1747013047.3283634,80,-54,11
1747013047.3633633,60,19,29
1747013047.3993633,27,20,108
1747013047.4343634,0,10,57
1747013047.4693637,-5,34,71
1747013047.5043633,-9,-29,145
1747013047.5403633,-1,-107,197
1747013047.576363,36,0,55
1747013047.6113634,30,50,77
1747013047.6473634,-45,50,99
1747013047.6823633,63,4,71
1747013047.7173634,-1,-39,1
1747013047.7523634,-50,-33,-48
1747013047.7883637,-12,-59,151
1747013047.8243637,57,-73,53
1747013047.8593633,12,-84,-16
1747013047.895363,3,34,53
1747013047.9303634,-24,-13,121
1747013047.9653633,17,4,87
1747013048.000363,-33,45,79
1747013048.0363634,-17,-4,68
1747013048.0723634,-75,-28,118
1747013048.1073637,-27,77,68
1747013048.1433637,-76,36,84
1747013048.178363,36,20,184
1747013048.2133634,-32,26,38
1747013048.2483633,-34,-1,114
1747013048.2843633,-25,-12,108
1747013048.3203633,-47,-34,107
1747013048.3553634,-46,-113,-36
1747013048.3913634,-11,33,35
1747013048.4263637,-29,15,109
1747013048.4613633,22,-27,21
1747013048.4963634,-53,-1,-112
1747013048.5323634,-35,-24,53
1747013048.5683634,19,4,93
1747013048.6033633,-40,74,103
1747013048.6393633,-66,-13,115
1747013048.6743634,-70,0,-12
1747013048.7093637,-44,2,91
1747013048.7443633,-8,4,-30
1747013048.780363,-12,52,111
1747013048.816363,-3,-3,97
1747013048.8513634,5,-7,-64
1747013048.8873634,-10,-69,-8
1747013048.9223633,11,22,171
1747013048.9573634,-31,0,149
1747013048.9923637,-77,3,47
1747013049.0283637,52,7,71
1747013049.0643632,-43,-23,89
1747013049.099363,-27,15,91
1747013049.135363,-82,-89,7
1747013049.1703634,-4,8,135
1747013049.2053633,13,20,47
1747013049.2403634,34,83,5
1747013049.2763634,-49,75,59
1747013049.3123634,45,-25,119
1747013049.3473637,21,-11,85
1747013049.3833632,26,31,-34
1747013049.418363,36,-30,85
1747013049.4533634,6,-30,141
1747013049.4883633,44,15,67
1747013049.5243633,0,-48,109
1747013049.5603633,-37,-16,63
1747013049.5953634,20,-8,131
1747013049.6313634,60,23,3
1747013049.6663637,35,-71,69
1747013049.701363,25,26,87
1747013049.7363634,92,37,-54
1747013049.7723634,40,-72,97
1747013049.8083634,75,10,47
1747013049.8433633,11,-57,39
1747013049.8793633,23,-29,203
1747013049.9143634,-2,-37,75
1747013049.9493637,36,-32,121
1747013049.9843633,-19,19,-8
1747013050.020363,34,-6,11
1747013050.056363,-30,8,143
1747013050.0913634,25,-57,25
1747013050.1273634,-9,-42,31
1747013050.1623633,42,0,65
1747013050.1973634,64,-26,117
1747013050.2333634,6,27,65
1747013050.2683637,36,-14,7
1747013050.3043633,4,-4,27
1747013050.339363,-46,66,95
1747013050.375363,-110,24,-30
1747013050.4103634,98,-24,-64
1747013050.4453633,14,-14,153
1747013050.4813633,27,-23,65
1747013050.5163634,91,-21,99
1747013050.5523634,87,-49,39
1747013050.5873632,9,42,109
1747013050.6233633,-34,34,-44
1747013050.658363,-22,-67,79
1747013050.6933634,-50,8,17
1747013050.7293634,86,-3,21
1747013050.7643633,-15,16,39
1747013050.8003633,-25,44,-54
1747013050.8353634,-19,-11,67
1747013050.8713634,-25,-42,147
1747013050.9063632,122,-14,59
1747013050.941363,-67,-24,129
1747013050.977363,46,-4,65
1747013051.0123634,-47,-37,181
1747013051.0483634,-35,-24,153
1747013051.0833633,58,-10,71
1747013051.1193633,-29,19,51
1747013051.1543634,-11,29,173
1747013051.1893632,54,-44,81
1747013051.2253633,12,79,173
1747013051.260363,-3,17,-28
1747013051.2963634,27,-17,85
1747013051.3313634,67,-53,47
1747013051.3663633,58,-13,69
1747013051.4013634,60,42,69
1747013051.4373634,-39,6,185
1747013051.4733634,24,-63,152
1747013051.5083632,-5,58,40
1747013051.5443633,14,-20,-13
1747013051.579363,19,12,86
1747013051.6153634,-12,-13,104
1747013051.6503634,41,-53,30
1747013051.6853633,35,-41,82
1747013051.7213633,-11,75,58
1747013051.7563634,30,89,98
1747013051.7923634,-3,-14,90
1747013051.8273633,35,42,136
1747013051.8633633,23,-5,20
1747013051.8983634,14,13,40
1747013051.9333634,20,9,22
1747013051.9693637,-39,-24,68
1747013052.0043633,-9,31,96
1747013052.0403633,132,-16,94
1747013052.0753634,-19,47,84
1747013052.1113634,10,17,88
1747013052.1473634,-59,15,40
1747013052.1823633,20,61,106
1747013052.2173634,44,7,98
1747013052.2533634,6,11,48
1747013052.2893634,-19,51,116
1747013052.3243637,-9,-27,50
1747013052.3603632,-37,8,-9
1747013052.395363,-13,13,-33
1747013052.4303634,-129,-16,66
1747013052.4653633,56,45,20
1747013052.5013633,-98,-57,54
1747013052.5373633,-28,-11,44
1747013052.5723634,45,-57,198
1747013052.6083634,70,10,76
1747013052.6433637,-21,1,18
1747013052.678363,-25,-2,82
1747013052.7133634,-41,-34,62
1747013052.7493634,68,-4,44
1747013052.7853634,-67,33,84
1747013052.8203633,30,-34,130
1747013052.8563633,62,22,150
1747013052.8913634,2,18,16
1747013052.9263637,26,68,110
1747013052.9613633,-47,25,120
1747013052.997363,-30,41,132
1747013053.033363,43,9,88
1747013053.0683634,59,55,118
1747013053.1043634,-8,-20,78
1747013053.1393633,79,57,86
1747013053.1743634,-70,-84,162
1747013053.2093637,-80,-46,101
1747013053.2453637,35,-32,-23
1747013053.2813632,47,33,71
1747013053.316363,-66,-56,133
1747013053.352363,-64,5,220
1747013053.3873634,-31,-110,107
1747013053.4223633,20,63,101
1747013053.4573634,13,-41,79
1747013053.4933634,30,15,129
1747013053.5293634,-35,25,-42
1747013053.5643632,16,2,83
1747013053.6003633,11,4,59
1747013053.635363,-35,1,59
1747013053.6703634,98,15,125
1747013053.7053633,24,69,-22
1747013053.7413633,-63,-18,104
1747013053.7773633,0,0,92
1747013053.8123634,98,19,206
1747013053.8483634,26,5,64
1747013053.8833632,-15,27,-51
1747013053.918363,-1,47,142
1747013053.9533634,61,-19,63
1747013053.9893634,5,-3,99
1747013054.0253634,-24,-75,7
1747013054.0603633,-58,-9,35
1747013054.0963633,45,-33,21
1747013054.1313634,-68,-45,211
1747013054.1663637,51,-31,21
1747013054.201363,-4,16,-30
1747013054.237363,-18,-13,81
1747013054.2733634,21,8,41
1747013054.3083634,27,-13,1
1747013054.3443637,-108,64,83
1747013054.3793633,26,37,99
1747013054.4143634,8,55,227
1747013054.4493637,20,-4,41
1747013054.4853632,-5,11,-28
1747013054.5213633,78,-6,107
1747013054.556363,-52,-19,45
1747013054.5923634,-14,-19,131
1747013054.6273634,45,10,63
1747013054.6623633,23,30,0
1747013054.6973634,-22,-11,133
1747013054.7333634,8,53,71
1747013054.7693634,14,1,187
1747013054.8043633,32,-4,83
1747013054.8403633,-19,75,117
1747013054.875363,32,-83,145
1747013054.9103634,-13,0,27
1747013054.9453633,18,81,203
1747013054.9813633,33,-3,69
1747013055.0173633,32,20,31
1747013055.0523634,38,28,85
1747013055.0883634,-35,30,101
1747013055.1233633,36,-9,77
1747013055.158363,-23,6,25
1747013055.1933634,25,-24,13
1747013055.2293634,-62,-36,-22
1747013055.2653637,-70,-30,-60
1747013055.3003633,-14,5,143
1747013055.3363633,-17,-71,-20
1747013055.3713634,-23,-1,33
1747013055.4063632,-103,-55,45
1747013055.4423633,-31,14,75
1747013055.477363,-39,18,221
1747013055.5133634,27,-1,79
1747013055.5483634,31,86,133
1747013055.5843637,58,-19,129
1747013055.6193633,-59,6,199
1747013055.6543634,8,-3,156
1747013055.6903634,45,25,28
1747013055.7253633,-8,21,-7
1747013055.7613633,-132,-42,170
1747013055.7963634,47,-14,84
1747013055.8323634,-22,-56,58
1747013055.8673637,62,23,44
1747013055.9023633,63,28,34
1747013055.9383633,47,34,28
1747013055.9733634,41,14,22
1747013056.0093634,21,-67,70
1747013056.0443633,-26,-49,124
1747013056.0803633,45,-21,50
1747013056.1153634,35,-35,62
1747013056.1503634,45,-7,58
1747013056.1863637,-63,47,28
1747013056.2213633,-28,-21,0
1747013056.257363,88,39,92
1747013056.2923634,36,11,144
1747013056.3283634,-3,-36,-21
1747013056.3633633,50,37,112
1747013056.3983634,-31,-32,50
1747013056.4343634,30,-62,84
1747013056.4763634,-57,3,34
1747013056.5133634,22,13,114
1747013056.5483634,-51,-30,26
1747013056.5843637,0,-26,176
1747013056.6193633,19,41,160
1747013056.6543634,-36,77,34
1747013056.6903634,63,-8,138
1747013056.7253633,-4,37,62
1747013056.7613633,47,-46,74
1747013056.7963634,-16,13,120
1747013056.8323634,-20,-8,212
1747013056.8673637,59,-58,114
1747013056.9023633,26,-31,44
1747013056.9383633,-5,54,174
1747013056.9733634,-33,-45,66
1747013057.0093634,18,0,-3
1747013057.0443633,-117,-63,54
1747013057.0803633,24,-53,112
1747013057.1163633,-58,44,78
1747013057.1513634,-53,-73,-15
1747013057.1863637,-3,-15,74
1747013057.2223637,-53,42,138
1747013057.2583632,-13,-3,52
1747013057.293363,45,-11,36
1747013057.329363,-16,112,6
1747013057.3643634,43,-1,92
1747013057.3993633,1,72,86
1747013057.4343634,1,17,70
1747013057.4703634,-44,43,-23
1747013057.5063634,18,-19,38
1747013057.5413637,33,-52,-57
1747013057.5773633,-10,-34,174
1747013057.612363,-44,-58,74
1747013057.6473634,53,35,49
1747013057.6823633,0,-10,91
1747013057.7183633,-56,27,69
1747013057.7543633,-78,-4,15
1747013057.7893634,-38,-28,73
1747013057.8253634,5,54,92
1747013057.8603632,-58,-30,-8
1747013057.895363,83,-35,53
1747013057.9303634,31,57,144
1747013057.9663634,53,-35,24
1747013058.0023634,-12,-4,138
1747013058.0373633,-4,-80,31
1747013058.0733633,-2,2,-12
1747013058.1083634,17,21,29
1747013058.1433637,19,9,186
1747013058.178363,-2,40,92
1747013058.214363,29,34,40
1747013058.250363,-110,-9,68
1747013058.2853634,-103,-27,-7
1747013058.3213634,154,113,90
1747013058.3563633,-27,85,156
1747013058.3913634,-29,7,44
1747013058.4263637,-1,-63,202
1747013058.4623632,-15,42,-5
1747013058.4983633,19,24,54
1747013058.533363,42,3,94
1747013058.5693634,-37,-23,68
1747013058.6043634,0,-22,108
1747013058.6393633,96,-27,86
1747013058.6743634,24,-101,108
1747013058.7103634,42,80,139
1747013058.7463634,-27,6,23
1747013058.7813632,106,-25,115
1747013058.8173633,19,26,17
1747013058.852363,26,3,111
1747013058.8873634,37,-3,133
1747013058.9223633,-6,-31,-12
1747013058.9583633,-13,2,139
1747013058.9943633,-11,36,241
1747013059.0293634,-87,92,167
1747013059.0653634,-2,-67,-20
1747013059.1003633,7,4,53
1747013059.135363,4,-18,29
1747013059.1703634,-4,-17,-82
1747013059.2063634,33,50,97
1747013059.2423637,-74,-65,121
1747013059.2773633,-26,-39,47
1747013059.3133633,-42,-7,117
1747013059.3483634,-30,16,83
1747013059.3833632,-51,-22,-16
1747013059.418363,0,-61,103
1747013059.454363,15,10,41
1747013059.4903634,86,-56,173
1747013059.5253634,54,-54,37
1747013059.5613637,-19,-8,47
1747013059.5963633,-65,-14,-60
1747013059.6313634,38,-60,87
1747013059.6673634,30,9,97
1747013059.7023633,-29,-41,133
1747013059.7383633,33,10,31
1747013059.7733634,-26,-45,87
1747013059.8093634,-32,30,133
1747013059.8443637,-14,14,177
1747013059.8793633,28,-34,-22
1747013059.9143634,-24,-43,107
1747013059.9503634,-2,20,127
1747013059.9863634,8,-50,-18
1747013060.0213633,23,108,-80
1747013060.0573633,-96,-47,143
1747013060.0923634,-38,0,33
1747013060.1273634,-4,38,147
1747013060.1623633,-8,-35,79
1747013060.1983633,36,43,-20
1747013060.2343633,50,61,88
1747013060.2693634,-20,46,78
1747013060.3053634,-29,-22,170
1747013060.3403633,16,71,-23
1747013060.375363,12,-10,2
1747013060.4113634,-97,-56,-17
1747013060.4463634,51,38,20
1747013060.4823637,22,49,61
1747013060.5173633,-13,-32,131
1747013060.553363,-78,4,120
1747013060.5883634,9,18,110
1747013060.6233633,-13,-38,184
1747013060.6593633,-6,-35,88
1747013060.6943634,57,36,-1
1747013060.7303634,1,-3,56
1747013060.7653637,0,-61,32
1747013060.8013637,-20,18,178
1747013060.8363633,-73,6,102
1747013060.8713634,43,-13,88
1747013060.9073634,-64,-49,-31
1747013060.9423633,-18,-11,38
1747013060.9783633,-34,10,80
1747013061.0133634,69,0,94
1747013061.0493634,-36,-33,144
1747013061.0843637,-35,14,-15
1747013061.1193633,-6,18,70
1747013061.155363,19,16,116
1747013061.1903634,42,-3,80
1747013061.2263634,24,44,131
1747013061.2613633,63,-37,-3
1747013061.2973633,-8,-19,103
1747013061.3323634,47,-1,-66
1747013061.3673637,-34,-75,163
1747013061.4033637,-84,-35,81
1747013061.4383633,-11,24,49
1747013061.474363,85,-49,41
1747013061.5093634,43,64,-36
1747013061.5453634,-56,-59,-26
1747013061.5803633,-64,-11,81
1747013061.6153634,-4,24,-46
1747013061.6513634,-68,-25,-12
1747013061.6863637,-16,-3,13
1747013061.7223637,29,18,241
1747013061.757363,-3,45,57
1747013061.793363,-1,-7,-36
1747013061.8283634,8,25,59
1747013061.8633633,28,-45,195
1747013061.8993633,-15,3,87
1747013061.9343634,24,-46,49
1747013061.9703634,10,45,119
1747013062.0053637,18,5,23
1747013062.0413637,22,-44,53
1747013062.076363,-7,-14,77
1747013062.1113634,-73,-42,135
1747013062.1473634,-13,-2,111
1747013062.1823633,-77,31,139
1747013062.2183633,-43,53,105
1747013062.2533634,32,47,125
1747013062.2883637,-7,9,0
1747013062.3233633,-3,-29,-44
1747013062.3593633,-41,12,111
1747013062.395363,22,-19,3
1747013062.4303634,2,-17,-6
1747013062.4663634,-63,-25,127
1747013062.5013633,12,28,117
1747013062.5363634,31,-13,79
1747013062.5713634,-49,47,39
1747013062.6073637,43,-5,139
1747013062.6433637,9,6,13
1747013062.678363,-37,31,29
1747013062.714363,42,-20,135
1747013062.7493634,4,-16,37
1747013062.7843633,20,5,71
1747013062.8193634,60,-28,55
1747013062.8553634,82,33,33
1747013062.8913634,-25,0,-26
1747013062.9263637,38,-22,79
1747013062.9623632,-15,36,71
1747013062.997363,-7,18,157
1747013063.0323634,-3,21,73
1747013063.0673633,-8,36,95
1747013063.1033633,-2,-17,135
1747013063.1393633,19,-21,-12
1747013063.1743634,65,-49,9
1747013063.2103634,-42,16,63
1747013063.2453637,45,-15,19
1747013063.280363,-38,-51,-22
1747013063.3153634,21,-7,185
1747013063.3513634,17,-35,67
1747013063.3873634,-16,-55,59
1747013063.4223633,-28,-26,60
1747013063.4583633,-58,-4,142
1747013063.4933634,9,19,6
1747013063.5283637,-44,-76,136
1747013063.5633633,97,107,26
1747013063.599363,65,73,-1
1747013063.635363,25,-21,68
1747013063.6703634,13,36,52
1747013063.7063634,39,-35,78
1747013063.7413633,-6,4,-41
1747013063.7763634,17,-13,102
1747013063.8113637,39,-81,-3
1747013063.8473637,-34,-17,18
1747013063.8833632,21,14,-17
1747013063.918363,-20,2,-19
1747013063.954363,9,0,128
1747013063.9893634,-54,19,16
1747013064.0243633,5,-28,16
1747013064.0593634,-40,-74,64
1747013064.0953634,137,21,108
1747013064.1313634,-18,-2,50
1747013064.1663637,-60,-40,54
1747013064.2023633,-2,7,4
1747013064.237363,13,-48,-53
1747013064.2723634,16,19,46
1747013064.3073633,55,-53,74
1747013064.3433633,3,46,158
1747013064.3793633,-3,-16,134
1747013064.4143634,58,25,72
1747013064.4503634,-19,-31,-11
1747013064.4853632,-41,20,84
1747013064.520363,21,20,40
1747013064.5553634,-42,36,158
1747013064.5913634,27,-35,156
1747013064.6273634,37,5,142
1747013064.6623633,45,-49,114
1747013064.6983633,10,5,34
1747013064.7333634,11,-38,122
1747013064.7683637,9,-34,86
1747013064.803363,12,-10,-31
1747013064.839363,-71,-18,-75
1747013064.875363,33,-70,30
1747013064.9103634,25,13,6
1747013064.9463634,0,-26,-7
1747013064.9813633,-14,21,106
1747013065.0163634,38,5,126
1747013065.0513637,9,-23,64
1747013065.0873632,10,0,210
1747013065.1233633,-27,-18,36
1747013065.158363,30,-6,104
1747013065.1943634,-67,-8,32
1747013065.2293634,-55,79,94
1747013065.2643633,88,45,104
1747013065.2993634,-24,26,52
1747013065.3353634,-12,58,156
1747013065.3713634,-48,-1,0
1747013065.4063632,71,-47,86
1747013065.4423633,10,-105,-29
1747013065.477363,110,26,0
1747013065.5123634,92,48,110
1747013065.5473633,88,8,-1
1747013065.5833633,-48,30,106
1747013065.6193633,-31,-105,88
1747013065.6543634,66,-21,130
1747013065.6903634,-31,-17,-19
1747013065.7253633,-49,-45,80
1747013065.760363,44,6,170
1747013065.7963634,70,-6,102
1747013065.8313634,8,45,70
1747013065.8673637,-21,8,84
1747013065.9023633,54,46,158
1747013065.9383633,36,-29,76
1747013065.9733634,-39,44,146
1747013066.0083632,28,38,192
1747013066.0443633,56,12,24
1747013066.079363,-51,-7,118
1747013066.1153634,30,-49,92
1747013066.1503634,-6,-3,84
1747013066.1863637,69,-21,198
1747013066.2213633,-46,18,9
1747013066.2563634,3,-1,33
1747013066.2923634,-90,9,98
1747013066.3273633,-19,-7,0
1747013066.3633633,-62,-69,99
1747013066.3983634,-90,30,93
1747013066.4343634,-16,44,-110
1747013066.4693637,28,84,54
1747013066.5113633,65,42,175
1747013066.5483634,-81,-26,31
1747013066.5833633,82,-106,138
1747013066.6193633,-45,-28,128
1747013066.6543634,14,33,81
1747013066.6903634,44,-86,18
1747013066.7253633,-83,20,109
1747013066.760363,-3,37,99
1747013066.7963634,-35,-4,18
1747013066.8313634,6,-58,-1
1747013066.8673637,2,45,-57
1747013066.9023633,-39,23,88
1747013066.9383633,50,-22,62
1747013066.9733634,-45,18,74
1747013067.0083632,56,-20,86
1747013067.0443633,-3,-2,72
1747013067.079363,-3,-8,48
1747013067.1153634,-33,-53,106
1747013067.1503634,50,-19,-15
1747013067.1863637,-34,24,103
1747013067.2213633,2,18,-30
1747013067.2563634,16,28,105
1747013067.2923634,-5,6,129
1747013067.3273633,-123,50,79
1747013067.3633633,56,6,43
1747013067.3983634,23,-7,11
1747013067.4333634,16,-53,101
1747013067.4683633,46,-41,53
1747013067.5043633,-33,-31,6
1747013067.5403633,-27,16,49
1747013067.5753634,32,72,114
1747013067.6113634,4,52,126
1747013067.6463633,-61,-27,162
1747013067.681363,-2,1,64
1747013067.7163634,73,-40,86
1747013067.7523634,-10,45,14
1747013067.7883637,51,-18,126
1747013067.8233633,-44,27,148
1747013067.8593633,-82,1,4
1747013067.8943634,11,43,36
1747013067.9293633,25,53,166
1747013067.964363,34,-7,60
1747013068.000363,-36,-31,132
1747013068.0363634,-8,42,54
1747013068.0713634,-35,27,-77
1747013068.1073637,-71,-60,56
1747013068.1423633,42,-90,128
1747013068.1773634,-1,61,116
1747013068.2123632,108,-48,40
1747013068.2483633,-21,25,56
1747013068.2843633,9,7,108
1747013068.3193634,-20,-64,38
1747013068.3553634,37,15,-5
1747013068.3903637,75,37,180
1747013068.4253633,-18,27,123
1747013068.4603634,-8,77,125
1747013068.4963634,0,38,-26
1747013068.5323634,-1,-13,65
1747013068.5673633,35,23,83
1747013068.6033633,7,-6,85
1747013068.6383634,0,-12,-30
1747013068.6733634,-12,-2,-38
1747013068.7083633,-8,-6,181
1747013068.7443633,-38,11,123
1747013068.780363,-52,35,101
1747013068.8153634,32,48,169
1747013068.8513634,19,39,47
1747013068.8863633,-94,37,123
1747013068.9213634,-10,-28,35
1747013068.9563634,23,-4,-12
1747013068.9923637,51,49,59
1747013069.0283637,-15,6,149
1747013069.0633633,-41,-33,79
1747013069.099363,-18,50,173
1747013069.1343634,32,20,107
1747013069.1693633,26,28,85
1747013069.204363,-4,-3,51
1747013069.2403634,31,-29,67
1747013069.2763634,40,20,151
1747013069.3113637,28,16,53
1747013069.3473637,-57,10,153
1747013069.382363,22,2,27
1747013069.4173634,-7,-60,91
1747013069.4523633,-19,-49,83
1747013069.4883633,-29,10,79
1747013069.5243633,-11,30,165
1747013069.5593634,8,-25,11
1747013069.5953634,52,24,235
1747013069.6303637,-41,-37,131
1747013069.6653633,59,-36,85
1747013069.7003634,-34,-62,61
1747013069.7363634,92,-6,153
1747013069.7723634,10,33,227
1747013069.8073633,-57,15,97
1747013069.8433633,124,-2,45
1747013069.8783634,-81,23,113
1747013069.9133637,-25,-32,1
1747013069.9483633,-37,-38,-92
1747013069.9843633,8,-38,88
1747013070.020363,24,119,-51
1747013070.0553634,-41,-35,42
1747013070.0913634,-52,-8,162
1747013070.1263633,-3,47,-11
1747013070.1613634,-25,-30,86
1747013070.1963634,16,41,130
1747013070.2323637,2,59,98
1747013070.2683637,-18,0,112
1747013070.303363,1,9,198
1747013070.339363,29,57,118
1747013070.3743634,86,36,64
1747013070.4093633,32,-65,66
1747013070.4443634,18,-27,130
1747013070.4803634,-27,-33,66
1747013070.5163634,-41,-17,170
1747013070.5513637,6,-5,148
1747013070.5873632,24,22,42
1747013070.622363,12,38,98
1747013070.6573634,-25,-55,114
1747013070.6933634,26,47,208
1747013070.7283633,-71,3,-47
1747013070.7643633,57,-65,52
1747013070.7993634,-30,28,90
1747013070.8353634,-14,-11,-59
1747013070.8703637,-107,17,34
1747013070.905363,-13,-35,58
1747013070.941363,30,-66,44
1747013070.9763634,6,-63,-9
1747013071.0123634,-11,-30,36
1747013071.0473633,-70,-17,138
1747013071.0833633,24,-7,72
1747013071.1183634,32,-15,142
1747013071.1533637,52,24,60
1747013071.1893632,3,53,125
1747013071.224363,33,45,77
1747013071.260363,24,8,65
1747013071.2953634,-27,-7,101
1747013071.3313634,70,-47,47
1747013071.3663633,-30,73,-45
1747013071.4013634,-8,-50,2
1747013071.4373634,7,31,150
1747013071.4723637,49,33,40
1747013071.5083632,125,-18,-47
1747013071.543363,88,-16,128
1747013071.579363,116,-34,112
1747013071.6143634,5,22,166
1747013071.6493633,-6,-21,184
1747013071.6853633,-106,-21,96
1747013071.7203634,1,64,22
1747013071.7563634,-66,30,24
1747013071.7913637,69,-17,12
1747013071.8273633,-35,5,55
1747013071.862363,14,-14,-58
1747013071.8973634,-52,-51,17
1747013071.9333634,63,82,-20
1747013071.9683633,-92,34,119
1747013072.0043633,-12,10,-18
1747013072.0393634,-96,-25,93
1747013072.0753634,-15,-61,103
1747013072.1103632,-15,-33,149
1747013072.145363,26,30,-2
1747013072.181363,-57,-97,35
1747013072.2163634,-21,-67,85
1747013072.2523634,28,14,171
1747013072.2873633,69,18,53
1747013072.3233633,-47,16,17
1747013072.3593633,8,-34,51
1747013072.395363,-46,-66,57
1747013072.431363,33,-10,61
1747013072.4663634,-25,-27,68
1747013072.5013633,-19,-41,129
1747013072.5373633,-19,10,75
1747013072.5733633,-6,-27,60
1747013072.6083634,-13,-11,23
1747013072.6443634,-51,-57,53
1747013072.6793633,34,90,77
1747013072.714363,5,-41,95
1747013072.7493634,47,-27,35
1747013072.7853634,9,24,27
1747013072.8213634,-15,-31,115
1747013072.8563633,32,-3,29
1747013072.8923633,-74,-15,65
1747013072.9273634,-44,60,107
1747013072.9623632,37,16,103
1747013072.997363,0,44,87
1747013073.033363,-10,-33,97
1747013073.0693634,2,-22,79
1747013073.1043634,-32,-51,29
1747013073.1403637,-47,9,29
1747013073.1753633,15,8,75
1747013073.2103634,37,-59,-2
1747013073.2453637,8,21,93
1747013073.2813632,92,-28,77
1747013073.3173633,58,-114,167
1747013073.352363,14,57,-32
1747013073.3883634,-67,35,127
1747013073.4233634,8,10,45
1747013073.4583633,25,56,125
1747013073.4933634,102,-60,-38
1747013073.5293634,10,-34,-62
1747013073.5653634,52,-52,117
1747013073.6003633,26,-16,137
1747013073.6363633,25,16,145
1747013073.6713634,52,-12,53
1747013073.7063634,-18,30,57
1747013073.7413633,20,-48,157
1747013073.7773633,-3,1,119
1747013073.8133633,62,-28,29
1747013073.8483634,24,17,13
1747013073.8843634,-43,-44,155
1747013073.9193633,-27,-32,195
1747013073.954363,-33,0,29
1747013073.9893634,-35,-32,21
1747013074.0253634,30,55,-26
1747013074.0613637,-15,19,123
1747013074.0963633,118,13,129
1747013074.132363,-50,20,45
1747013074.1673634,-3,11,3
1747013074.2023633,36,-18,125
1747013074.237363,-53,23,65
1747013074.2733634,27,-15,-46
1747013074.3093634,-3,14,78
1747013074.3443637,36,-29,10
1747013074.3803637,-15,38,22
1747013074.4153633,-33,-19,58
1747013074.4503634,-53,94,76
1747013074.4853632,48,0,28
1747013074.5213633,-54,-35,136
1747013074.5573633,1,-103,62
1747013074.5923634,-18,-29,50
1747013074.6283634,-14,6,2
1747013074.6633637,23,76,150
1747013074.6983633,-44,-29,94
1747013074.7333634,-56,-5,8
1747013074.7693634,38,-38,112
1747013074.8053634,21,54,112
1747013074.8403633,51,6,56
1747013074.8763633,-62,-7,-25
1747013074.9113634,32,-6,162
1747013074.9463634,8,-57,152
1747013074.9813633,19,84,32
1747013075.0173633,5,-9,106
1747013075.053363,26,-70,76
1747013075.0883634,-1,21,98
1747013075.1243634,28,9,32
1747013075.1593633,-29,29,-1
1747013075.1943634,14,3,110
1747013075.2293634,120,62,112
1747013075.2653637,-69,-56,-13
1747013075.3013637,6,17,2
1747013075.3363633,-1,7,114
1747013075.372363,48,43,34
1747013075.4073634,-31,-80,188
1747013075.4423633,-75,-44,82
1747013075.477363,10,23,90
1747013075.5133634,-23,57,222
1747013075.5493634,-115,55,14
1747013075.5843637,-65,-56,156
1747013075.6203637,-1,13,76
1747013075.655363,-111,59,118
1747013075.6903634,-21,27,80
1747013075.7263634,-27,-46,104
1747013075.7613633,50,0,70
1747013075.7973633,60,26,48
1747013075.8323634,47,-83,164
1747013075.8683634,13,-1,-67
1747013075.9033637,47,-41,92
1747013075.9383633,-46,104,174
1747013075.974363,0,-23,58
1747013076.0093634,-92,-7,-17
1747013076.0453634,-50,-23,101
1747013076.0803633,-14,4,51
1747013076.1163633,-6,-17,25
1747013076.1513634,19,18,63
1747013076.1863637,10,25,63
1747013076.2223637,88,-39,81
1747013076.257363,-61,47,85
1747013076.293363,-43,-68,-29
1747013076.3283634,34,3,181
1747013076.3643634,28,-14,90
1747013076.3993633,-113,51,34
1747013076.4343634,60,27,34
1747013076.4703634,-33,-30,114
1747013076.5123634,-39,19,62
1747013076.5493634,30,37,24
1747013076.5843637,-11,-28,-63
1747013076.6203637,-17,3,14
1747013076.655363,-29,-19,132
1747013076.6903634,8,-52,82
1747013076.7263634,-41,7,92
1747013076.7613633,2,-4,16
1747013076.7973633,-35,21,22
1747013076.8323634,-29,-26,-29
1747013076.8683634,42,-35,158
1747013076.9033637,34,29,-57
1747013076.9383633,22,-18,48
1747013076.974363,0,45,72
1747013077.0093634,-23,11,52
1747013077.0453634,-40,-52,92
1747013077.0803633,82,55,-47
1747013077.1163633,90,9,116
1747013077.1513634,-13,-50,-59
1747013077.1863637,-11,-12,80
1747013077.2223637,31,-3,172
1747013077.257363,5,7,108
1747013077.293363,16,21,30
1747013077.3283634,42,47,74
1747013077.3643634,-41,-20,-47
1747013077.3993633,-11,17,70
1747013077.4343634,-52,-33,112
1747013077.4703634,33,9,108
1747013077.5053637,-22,-29,80
1747013077.5413637,31,12,23
1747013077.576363,1,44,36
1747013077.6113634,-68,8,14
1747013077.6463633,-12,78,80
1747013077.6823633,74,-8,100
1747013077.7183633,60,-18,-63
1747013077.7533634,27,16,-69
1747013077.7893634,-60,-41,142
1747013077.8243637,5,-23,84
1747013077.8593633,33,38,98
1747013077.8943634,1,20,-41
1747013077.9303634,25,4,64
1747013077.9663634,4,-35,-19
1747013078.0013633,10,-45,72
1747013078.0373633,-27,1,30
1747013078.0723634,24,-46,78
1747013078.1073637,-7,27,27
1747013078.1423633,80,26,41
1747013078.178363,32,12,34
1747013078.214363,62,-29,131
1747013078.2493634,-81,21,181
1747013078.2853634,-123,-9,4
1747013078.3203633,-41,-34,-47
1747013078.3553634,10,30,95
1747013078.3903637,26,17,66
1747013078.4263637,0,27,92
1747013078.4623632,72,-14,-31
1747013078.497363,-23,31,46
1747013078.533363,-33,-31,146
1747013078.5683634,37,32,74
1747013078.6033633,31,-5,74
1747013078.6383634,-34,42,120
1747013078.6743634,-52,-53,39
1747013078.7103634,-76,40,172
1747013078.7453637,40,-18,28
1747013078.7813632,6,-24,84
1747013078.816363,87,-40,78
1747013078.8513634,-49,11,94
1747013078.8863633,36,-8,70
1747013078.9223633,31,92,34
1747013078.9583633,51,-81,64
1747013078.9933634,-24,-57,76
1747013079.0293634,-136,-19,6
1747013079.0643632,-35,-10,112
1747013079.099363,50,19,-16
1747013079.1343634,-44,31,131
1747013079.1703634,-8,17,165
1747013079.2063634,8,33,221
1747013079.2413633,-27,-98,87
1747013079.2773633,-24,-24,59
1747013079.3123634,9,-20,23
1747013079.3473637,49,-58,79
1747013079.382363,-95,0,-16
1747013079.418363,-67,9,19
1747013079.454363,46,25,121
1747013079.4893634,46,7,77
1747013079.5253634,42,13,-70
1747013079.5603633,0,31,-44
1747013079.5953634,-9,-22,107
1747013079.6303637,18,-10,117
1747013079.6663637,-67,43,-58
1747013079.7023633,9,-2,115
1747013079.737363,-13,37,125
1747013079.7733634,30,-30,-14
1747013079.8083634,46,-100,-12
1747013079.8433633,62,-18,109
1747013079.8783634,20,49,79
1747013079.9143634,-39,29,-54
1747013079.9503634,16,-24,29
1747013079.9853632,-7,9,50
1747013080.0213633,-5,31,79
1747013080.056363,48,25,133
1747013080.0913634,-39,-14,89
1747013080.1263633,20,-8,1
1747013080.1623633,-51,-50,105
1747013080.1983633,74,17,67
1747013080.2333634,-27,0,129
1747013080.2693634,72,-12,37
1747013080.3043633,38,7,113
1747013080.339363,-31,3,111
1747013080.3743634,13,-5,88
1747013080.4103634,15,20,107
1747013080.4463634,48,59,125
1747013080.4813633,44,67,93
1747013080.5173633,58,39,76
1747013080.5523634,66,-24,0
1747013080.5873632,-31,9,88
1747013080.6233633,-85,21,-5
1747013080.658363,-7,-80,24
1747013080.6943634,12,-16,114
1747013080.7293634,-17,0,50
1747013080.7653637,-30,-4,130
1747013080.8003633,63,15,194
1747013080.8353634,132,48,-5
1747013080.8713634,24,54,44
1747013080.9063632,-7,6,-81
1747013080.9423633,-47,45,175
1747013080.977363,0,-72,73
1747013081.0133634,-11,3,-58
1747013081.0483634,-49,3,225
1747013081.0833633,-10,0,87
1747013081.1193633,33,-4,21
1747013081.1543634,3,-28,65
1747013081.1903634,-18,21,-14
1747013081.2253633,51,-46,107
1747013081.2613633,23,39,49
1747013081.2963634,47,-58,23
1747013081.3313634,7,-57,47
1747013081.3673637,-50,-29,45
1747013081.4023633,35,-31,-46
1747013081.4383633,65,-11,-12
1747013081.4733634,-82,2,-52
1747013081.5093634,35,40,217
1747013081.5443633,79,20,9
1747013081.579363,-22,-42,75
1747013081.6153634,21,68,71
1747013081.6503634,16,62,115
1747013081.6863637,-30,48,129
1747013081.7213633,-14,-6,19
1747013081.757363,11,35,93
1747013081.7923634,28,41,-42
1747013081.8273633,-10,-36,93
1747013081.8633633,-10,-46,45
1747013081.8983634,-50,5,157
1747013081.9343634,-26,-52,-14
1747013081.9693637,31,-48,-20
1747013082.0053637,-2,5,15
1747013082.0403633,84,2,141
1747013082.0753634,-25,-71,155
1747013082.1113634,38,56,91
1747013082.1463633,23,-21,129
1747013082.1823633,-111,32,61
1747013082.2173634,24,-5,179
1747013082.2533634,50,-33,79
1747013082.2883637,-17,-21,17
1747013082.3233633,-21,54,173
1747013082.3593633,-29,12,49
1747013082.3943634,31,-9,63
1747013082.4303634,-48,-9,71
1747013082.4653633,0,-7,187
1747013082.5013633,-14,73,161
1747013082.5373633,60,5,145
1747013082.5733633,-76,99,-6
1747013082.6093633,119,43,-36
1747013082.6443634,-40,-12,107
1747013082.6793633,-78,-69,35
1747013082.7153633,16,14,147
1747013082.7513633,36,16,93
1747013082.7863634,-31,1,35
1747013082.8223634,72,-12,133
1747013082.8573637,26,79,89
1747013082.8923633,-27,9,81
1747013082.9273634,44,-20,7
1747013082.9633634,-13,1,45
1747013082.9993634,-21,60,115
1747013083.0343633,12,-81,173
1747013083.0703633,7,8,123
1747013083.1053634,-20,-7,15
1747013083.1403637,10,47,-50
1747013083.1753633,0,0,145
1747013083.2113633,-39,34,89
1747013083.247363,-60,-33,33
1747013083.2823634,31,2,115
1747013083.3183634,77,12,153
1747013083.3533633,39,-27,-60
1747013083.3883634,18,-50,55
1747013083.4233634,-31,63,157
1747013083.4593637,26,3,111
1747013083.4953637,-80,-46,77
1747013083.530363,-4,11,-18
1747013083.566363,35,-76,107
1747013083.6013634,61,21,-4
1747013083.6363633,43,-14,45
1747013083.6713634,-10,13,71
1747013083.7073634,-72,35,-16
1747013083.7433634,50,33,111
1747013083.7783637,103,-23,69
1747013083.8143632,-24,-59,137
1747013083.849363,-48,44,155
1747013083.8843634,10,-115,69
1747013083.9193633,-71,68,49
1747013083.9553633,6,14,79
1747013083.9913633,-25,-23,23
1747013084.0263634,-9,-75,5
1747013084.0623634,11,-32,109
1747013084.0973637,84,52,97
1747013084.132363,-14,-10,143
1747013084.1673634,0,11,213
1747013084.2033634,21,35,79
1747013084.2393634,-30,23,63
1747013084.2743633,-26,-6,79
1747013084.3103633,7,7,21
1747013084.3453634,-42,-86,161
1747013084.3803637,-52,-6,241
1747013084.4153633,25,-36,121
1747013084.451363,-23,3,45
1747013084.487363,72,-4,33
1747013084.5223634,108,19,29
1747013084.5583634,-19,-76,37
1747013084.5933633,59,39,19
1747013084.6283634,16,-30,1
1747013084.6633637,-77,0,79
1747013084.6993637,-9,21,-4
1747013084.7353632,60,-50,43
1747013084.770363,58,0,111
1747013084.806363,78,63,21
1747013084.8413634,6,-24,163
1747013084.8763633,50,21,41
1747013084.9113634,44,21,171
1747013084.9473634,48,-14,113
1747013084.9833634,-21,-77,159
1747013085.0183637,74,-1,169
1747013085.0543633,-16,-47,31
1747013085.089363,87,72,97
1747013085.1243634,11,50,39
1747013085.1593633,41,-25,3
1747013085.1953633,25,24,29
1747013085.2313633,75,54,79
1747013085.2663634,19,6,175
1747013085.3023634,68,19,83
1747013085.3373632,-9,-58,17
1747013085.372363,-38,-46,1
1747013085.4073634,39,-6,-48
1747013085.4433634,2,35,131
1747013085.4793634,28,-50,103
1747013085.5143633,-67,1,19
1747013085.5503633,32,-16,107
1747013085.5853634,-13,-18,99
1747013085.6203637,10,15,-10
1747013085.655363,10,-48,113
1747013085.691363,-35,-8,105
1747013085.727363,-59,-8,-46
1747013085.7623634,24,-52,3
1747013085.7983634,-51,61,63
1747013085.8333633,-8,-34,41
1747013085.8683634,-76,-46,93
1747013085.9043634,97,17,61
1747013085.9393632,10,0,82
1747013085.9753633,-5,-14,31
1747013086.010363,72,41,-102
1747013086.0463634,40,7,75
1747013086.0813634,-50,65,43
1747013086.1163633,24,19,-47
1747013086.1523633,38,73,63
1747013086.1873634,-3,-66,121
1747013086.2233634,-67,-24,101
1747013086.2583632,-7,3,80
1747013086.2943633,7,16,176
1747013086.329363,7,14,81
1747013086.3643634,-53,-26,0
1747013086.4003634,16,-12,69
1747013086.4353633,14,1,93
1747013086.4713633,20,21,-2
1747013086.5133634,-1,7,79
1747013086.5503633,-44,-65,127
1747013086.5853634,-19,-41,107
1747013086.6203637,-11,-21,141
1747013086.6563632,-33,24,43
1747013086.691363,55,7,17
1747013086.727363,17,33,-66
1747013086.7623634,-10,40,33
1747013086.7983634,-24,30,161
1747013086.8333633,-50,-37,-54
1747013086.8683634,-50,17,107
1747013086.9043634,-46,106,89
1747013086.9393632,41,-43,39
1747013086.9753633,20,0,-44
1747013087.010363,40,-44,61
1747013087.0463634,-59,0,-32
1747013087.0813634,12,37,165
1747013087.1163633,6,49,55
1747013087.1523633,-71,23,192
1747013087.1873634,13,-24,132
1747013087.2233634,-31,-1,35
1747013087.2583632,14,20,40
1747013087.2943633,-56,20,206
1747013087.329363,20,35,116
1747013087.3643634,-3,-50,-29
1747013087.4003634,2,53,64
1747013087.4353633,18,97,64
1747013087.4713633,12,13,16
1747013087.5063634,-25,93,106
1747013087.5423634,6,30,148
1747013087.5773633,76,10,72
1747013087.612363,8,54,108
1747013087.6483634,14,54,132
1747013087.6833634,50,-65,34
1747013087.7193637,-65,-15,46
1747013087.7543633,12,50,102
1747013087.7893634,59,-57,118
1747013087.8243637,26,20,28
1747013087.8603632,50,18,114
1747013087.8963633,42,74,58
1747013087.931363,-31,8,30
1747013087.9673634,78,20,-69
1747013088.0023634,6,4,10
1747013088.0373633,18,-3,56
1747013088.0723634,64,26,136
1747013088.1083634,10,22,112
1747013088.1443634,-39,17,72
1747013088.1793633,-29,12,4
1747013088.2153633,-16,-21,58
1747013088.250363,-15,-2,76
1747013088.2853634,12,19,-39
1747013088.3203633,-13,51,84
1747013088.3563633,87,37,62
1747013088.3923633,40,-29,132
1747013088.4273634,-14,-13,182
1747013088.4633634,-37,20,-3
1747013088.4983633,-16,-12,66
1747013088.533363,47,30,70
1747013088.5683634,-36,-33,30
1747013088.6043634,33,-19,186
1747013088.6403637,-24,2,148
1747013088.6753633,-48,54,36
1747013088.7113633,-18,-11,20
1747013088.7463634,-120,12,84
1747013088.7813632,-50,-129,142
1747013088.816363,-28,4,-61
1747013088.852363,-26,48,118
1747013088.8883634,-11,18,106
1747013088.9233634,-3,37,64
1747013088.9593637,-5,78,74
1747013088.9943633,66,-5,60
1747013089.0293634,-113,-12,136
1747013089.0643632,68,15,64
1747013089.1003633,74,6,90
1747013089.1363633,22,-89,36
1747013089.1713634,-27,-81,14
1747013089.2073634,-40,12,124
1747013089.2423637,3,10,72
1747013089.2773633,28,-32,142
1747013089.3123634,8,-52,114
1747013089.3483634,34,1,0
1747013089.3843634,39,-23,126
1747013089.4193633,-61,-52,-21
1747013089.4553633,-20,14,58
1747013089.4903634,19,36,-19
1747013089.5253634,-32,50,4
1747013089.5603633,-20,12,8
1747013089.5963633,-9,37,104
1747013089.632363,28,1,22
1747013089.6673634,2,-20,62
1747013089.7033634,-66,-21,80
1747013089.7383633,11,18,-21
1747013089.7733634,53,44,46
1747013089.8083634,11,-13,114
1747013089.8443637,5,-65,16
1747013089.8803637,-41,93,-55
1747013089.9153633,-36,-25,-13
1747013089.951363,-22,-43,-19
1747013089.9863634,55,-21,64
1747013090.0213633,1,-63,102
1747013090.056363,35,28,66
1747013090.0923634,-53,102,118
1747013090.1283634,-19,-41,89
1747013090.1633637,61,18,130
1747013090.1993637,-54,-71,76
1747013090.2343633,42,-30,112
1747013090.2693634,42,-46,27
1747013090.3043633,48,5,-29
1747013090.3403633,4,73,100
1747013090.3763633,-29,17,129
1747013090.4113634,-35,-30,73
1747013090.4473634,-17,-68,170
1747013090.4823637,31,-12,0
1747013090.5173633,24,-2,127
1747013090.5523634,42,-17,41
1747013090.5883634,2,-35,124
1747013090.6243634,6,-37,-65
1747013090.6593633,78,26,22
1747013090.6953633,60,68,112
1747013090.7303634,50,46,70
1747013090.7653637,-59,-43,243
1747013090.8003633,-77,-15,155
1747013090.8363633,50,4,33
1747013090.872363,-49,-21,81
1747013090.9073634,34,-17,85
1747013090.9433634,-22,-14,29
1747013090.9783633,-27,-34,97
1747013091.0133634,9,3,58
1747013091.0493634,99,0,88
1747013091.0843637,-15,-38,-21
1747013091.1203637,-27,13,103
1747013091.155363,-5,-30,135
1747013091.191363,-14,46,165
1747013091.2263634,9,-19,0
1747013091.2613633,-18,32,137
1747013091.2973633,53,-54,169
1747013091.3323634,26,-21,83
1747013091.3683634,40,60,173
1747013091.4033637,-26,32,63
1747013091.4393632,33,20,155
1747013091.474363,43,-33,39
1747013091.5093634,-88,-41,35
1747013091.5453634,20,-30,7
1747013091.5803633,55,-42,49
1747013091.6163633,-28,47,27
1747013091.6513634,13,-22,71
1747013091.6873634,-6,25,20
1747013091.7223637,-62,17,50
1747013091.757363,-30,0,180
1747013091.793363,47,-68,70
1747013091.8283634,-46,-50,-4
1747013091.8643634,29,65,41
1747013091.8993633,-3,-6,21
1747013091.9353633,-11,13,-16
1747013091.9703634,-15,66,62
1747013092.0053637,-47,48,11
1747013092.0413637,22,14,106
1747013092.076363,23,23,77
1747013092.112363,17,0,-58
1747013092.1473634,40,-7,-26
1747013092.1833634,-41,-21,-4
1747013092.2183633,-63,36,37
1747013092.2533634,18,-21,15
1747013092.2893634,7,-41,163
1747013092.3243637,61,48,25
1747013092.3603632,8,6,96
1747013092.395363,-82,33,165
1747013092.431363,45,-57,39
1747013092.4663634,45,-68,-80
1747013092.5013633,2,37,-52
1747013092.5373633,16,-4,-2
1747013092.5723634,54,-40,85
1747013092.6083634,23,-42,21
1747013092.6433637,24,31,89
1747013092.6793633,72,-18,33
1747013092.7153633,-33,-12,37
1747013092.750363,-1,34,152
1747013092.7853634,-33,20,76
1747013092.8213634,-3,-61,162
1747013092.8573637,-65,30,40
1747013092.8923633,-40,-56,-9
1747013092.928363,49,53,174
1747013092.9633634,-40,-48,82
1747013092.9983633,33,12,98
1747013093.033363,-28,26,18
1747013093.0693634,-66,40,74
1747013093.1053634,31,32,86
1747013093.1403637,57,-65,40
1747013093.1763637,-17,58,0
1747013093.2113633,11,6,-27
1747013093.2463634,16,-101,78
1747013093.2813632,0,-3,106
1747013093.3173633,-36,2,104
1747013093.3533633,111,-15,60
1747013093.3883634,-14,-29,54
1747013093.4243634,43,0,70
1747013093.4593637,97,32,113
1747013093.4943633,73,-5,13
1747013093.5293634,48,4,89
1747013093.5653634,-15,-34,125
1747013093.6013634,23,49,189
1747013093.6363633,11,-36,123
1747013093.6723633,30,40,138
1747013093.7073634,-145,-45,55
1747013093.7423637,34,24,115
1747013093.7773633,30,-1,37
1747013093.8133633,56,-47,55
1747013093.849363,-6,-6,77
1747013093.8843634,17,33,115
1747013093.9203634,0,89,107
1747013093.9553633,-18,-64,51
1747013093.9903634,-28,17,52
1747013094.0253634,-21,-25,50
1747013094.0613637,-25,28,136
1747013094.0973637,-43,0,95
1747013094.132363,-21,38,83
1747013094.168363,-17,28,217
1747013094.2033634,42,72,19
1747013094.2383633,17,-63,225
1747013094.2733634,13,-9,17
1747013094.3093634,81,6,9
1747013094.3453634,-4,-30,73
1747013094.3803637,-84,-10,85
1747013094.4163637,-35,21,57
1747013094.451363,60,-34,77
1747013094.4863634,-8,-51,39
1747013094.5213633,44,11,99
1747013094.5573633,26,-14,-2
1747013094.5933633,-8,40,15
1747013094.6283634,18,11,85
1747013094.6643634,-8,38,33
1747013094.6993637,3,-53,99
1747013094.7343633,-4,-30,97
1747013094.7693634,61,-13,185
1747013094.8053634,-14,-25,43
1747013094.8413634,-6,-33,71
1747013094.8763633,13,-5,37
1747013094.9123633,-14,52,85
1747013094.9473634,37,24,151
1747013094.9823637,-44,-17,65
1747013095.0173633,5,22,183
1747013095.053363,-57,11,65
1747013095.089363,38,41,9
1747013095.1243634,-33,-22,131
1747013095.1603634,-35,-38,35
1747013095.1953633,50,-88,13
1747013095.2303634,-3,-2,141
1747013095.2653637,80,45,77
1747013095.3013637,-33,-20,167
1747013095.3373632,86,-10,83
1747013095.372363,22,21,0
1747013095.408363,48,-14,97
1747013095.4433634,9,40,69
1747013095.4783633,25,-59,-48
1747013095.5133634,49,-1,137
1747013095.5493634,-11,58,-44
1747013095.5853634,-23,12,99
1747013095.6203637,56,-63,-54
1747013095.6563632,64,14,43
1747013095.691363,-83,-19,105
1747013095.7263634,0,-8,127
1747013095.7613633,-17,-57,87
1747013095.7973633,49,11,-8
1747013095.8333633,-24,9,125
1747013095.8683634,18,26,53
1747013095.9043634,-31,-67,189
1747013095.9393632,2,-51,73
1747013095.974363,60,-20,27
1747013096.010363,12,33,63
1747013096.0453634,-31,27,17
1747013096.0813634,86,41,71
1747013096.1163633,5,-45,95
1747013096.1523633,-58,-18,39
1747013096.1873634,-52,-78,19
1747013096.2223637,20,5,105
1747013096.2583632,13,7,135
1747013096.293363,-11,63,-42
1747013096.329363,58,-56,51
1747013096.3643634,78,-26,1
1747013096.4003634,-16,-55,97
1747013096.4353633,56,-43,115
1747013096.4703634,-15,-37,99
1747013096.5063634,62,-3,111
1747013096.5483634,-20,8,43
1747013096.5853634,-17,40,45
1747013096.6203637,-7,20,87
1747013096.6563632,-48,-61,35
1747013096.691363,-42,2,85
1747013096.7263634,-110,30,-44
1747013096.7623634,-9,-47,43
1747013096.7973633,-40,10,177
1747013096.8333633,47,38,-48
1747013096.8683634,-28,20,-6
1747013096.9043634,19,36,99
1747013096.9393632,-8,-91,69
1747013096.974363,-18,-81,131
1747013097.010363,0,-7,101
1747013097.0453634,-69,1,25
1747013097.0813634,14,15,13
1747013097.1163633,-23,-6,159
1747013097.1523633,23,36,-38
1747013097.1873634,55,-23,9
1747013097.2223637,13,56,123
1747013097.2583632,-26,50,133
1747013097.293363,47,10,-4
1747013097.329363,45,18,33
1747013097.3643634,35,62,161
1747013097.4003634,-24,12,87
1747013097.4353633,-31,49,47
1747013097.4703634,29,-37,19
1747013097.5063634,-15,-2,145
1747013097.5413637,48,-46,37
1747013097.5773633,-20,122,127
1747013097.612363,37,84,7
1747013097.6483634,-14,110,13
1747013097.6833634,-12,2,69
1747013097.7183633,-51,21,31
1747013097.7543633,-48,28,-8
1747013097.7893634,-45,-24,45
1747013097.8253634,38,-9,95
1747013097.8603632,-7,16,71
1747013097.895363,-9,1,91
1747013097.9303634,23,6,-22
1747013097.9663634,-9,-37,83
1747013098.0023634,-50,44,23
1747013098.0373633,74,0,133
1747013098.0733633,-23,7,111
1747013098.1083634,14,-19,47
1747013098.1433637,-9,9,113
1747013098.178363,36,-45,39
1747013098.214363,-41,-53,-14
1747013098.250363,93,-43,47
1747013098.2853634,7,34,149
1747013098.3213634,-1,-4,5
1747013098.3563633,-20,-13,73
1747013098.3913634,-4,-29,83
1747013098.4263637,19,0,-48
1747013098.4623632,-24,-43,113
1747013098.4983633,55,38,46
1747013098.533363,-68,94,29
1747013098.5693634,29,48,24
1747013098.6043634,-16,78,105
1747013098.6393633,45,18,33
1747013098.6743634,1,48,125
1747013098.7103634,40,16,46
1747013098.7463634,-40,0,101
1747013098.7813632,-38,66,39
1747013098.8173633,-46,-29,63
1747013098.852363,-39,9,5
1747013098.8873634,-19,-94,117
1747013098.9223633,-5,33,155
1747013098.9583633,-59,-85,109
1747013098.9943633,59,0,-24
1747013099.0293634,-75,48,60
1747013099.0653634,86,18,94
1747013099.1003633,0,2,50
1747013099.135363,72,-33,74
1747013099.1703634,-43,30,50
1747013099.2063634,-21,7,-37
1747013099.2423637,-65,53,62
1747013099.2773633,-48,-89,46
1747013099.3133633,-146,-15,-5
1747013099.3483634,44,-2,-61
1747013099.3833632,-37,8,164
1747013099.418363,-3,35,92
1747013099.454363,-9,-24,20
1747013099.4903634,-15,-17,132
1747013099.5253634,37,-59,-51
1747013099.5613637,-79,20,108
1747013099.5963633,46,-5,194
1747013099.6313634,-46,-31,20
1747013099.6663637,-50,28,54
1747013099.7023633,29,42,66
1747013099.7383633,-43,24,-1
1747013099.7733634,-78,-9,126
1747013099.8093634,-12,34,42
1747013099.8443637,-25,-3,158
1747013099.8793633,-30,-41,82
1747013099.9143634,-11,51,-81
1747013099.9503634,60,-10,94
1747013099.9863634,-17,57,12
1747013100.0213633,12,29,48
1747013100.0573633,-31,-16,156
1747013100.0923634,-50,15,86
1747013100.1273634,-11,21,92
1747013100.1623633,14,1,36
1747013100.1983633,34,-16,52
1747013100.2343633,-38,38,-33
1747013100.2693634,-31,-23,150
1747013100.3053634,-7,-53,6
1747013100.3403633,-9,-19,8
1747013100.375363,132,-11,34
1747013100.4103634,24,-45,8
1747013100.4463634,38,-7,108
1747013100.4823637,-38,-10,26
1747013100.5173633,31,23,94
1747013100.553363,3,-26,40
1747013100.5883634,-80,17,56
1747013100.6233633,8,20,180
1747013100.658363,-55,8,142
1747013100.6943634,-27,-33,108
1747013100.7303634,-85,-31,248
1747013100.7653637,-93,52,4
1747013100.8013637,74,-91,180
1747013100.8363633,-23,-45,100
1747013100.8713634,-57,-5,30
1747013100.9063632,27,-42,72
1747013100.9423633,147,81,82
1747013100.9783633,28,0,96
1747013101.0133634,93,-21,80
1747013101.0493634,-54,8,44
1747013101.0843637,13,12,-3
1747013101.1193633,37,70,-41
1747013101.155363,-58,-15,36
1747013101.1903634,31,8,126
1747013101.2263634,25,-13,66
1747013101.2613633,63,36,-3
1747013101.2973633,15,-7,-33
1747013101.3323634,7,-41,150
1747013101.3673637,70,45,32
1747013101.4033637,12,-16,112
1747013101.4383633,34,-40,-85
1747013101.474363,24,61,60
1747013101.5093634,-13,-62,206
1747013101.5453634,63,26,86
1747013101.5803633,-20,0,108
1747013101.6153634,-7,-18,24
1747013101.6513634,28,-8,158
1747013101.6863637,-15,5,92
1747013101.7223637,28,33,-21
1747013101.757363,-11,6,72
1747013101.793363,39,-75,38
1747013101.8283634,-14,-29,121
1747013101.8633633,-28,-11,111
1747013101.8993633,-46,10,171
1747013101.9343634,1,10,77
1747013101.9703634,-26,-31,15
1747013102.0053637,-18,-31,-50
1747013102.0413637,0,-27,-14
1747013102.076363,-18,58,43
1747013102.1113634,-46,26,148
1747013102.1473634,1,32,143
1747013102.1823633,-30,6,26
1747013102.2183633,32,10,142
1747013102.2533634,36,60,84
1747013102.2893634,44,-27,210
1747013102.3243637,-79,-67,102
1747013102.3593633,-71,6,106
1747013102.395363,23,-102,-50
1747013102.4303634,-29,-23,67
1747013102.4663634,-7,0,121
1747013102.5013633,56,-13,62
1747013102.5373633,-41,-49,118
1747013102.5723634,-19,-53,52
1747013102.6073637,20,-32,64
1747013102.6433637,63,-46,44
1747013102.678363,-32,-102,118
1747013102.714363,-42,-28,108
1747013102.7493634,49,-12,79
1747013102.7853634,-33,-9,85
1747013102.8203633,25,61,85
1747013102.8553634,-62,67,-86
1747013102.8913634,-32,-62,-25
1747013102.9263637,62,-51,-17
1747013102.9623632,-25,-3,-5
1747013102.997363,0,-30,166
1747013103.0323634,23,-15,86
1747013103.0673633,6,4,94
1747013103.1033633,-40,46,-25
1747013103.1393633,-24,-101,114
1747013103.1743634,-8,-45,89
1747013103.2103634,4,10,69
1747013103.2453637,-8,131,127
1747013103.280363,2,-9,19
1747013103.3153634,-48,-32,155
1747013103.3513634,19,-43,123
1747013103.3873634,24,-45,109
1747013103.4223633,22,40,101
1747013103.4583633,-111,36,133
1747013103.4933634,-9,-17,113
1747013103.5283637,42,-56,7
1747013103.5633633,-53,8,111
1747013103.599363,36,-63,165
1747013103.635363,52,52,125
1747013103.6703634,-13,74,33
1747013103.7063634,-1,37,179
1747013103.7413633,22,25,57
1747013103.7763634,-90,-72,47
1747013103.8113637,-2,15,43
1747013103.8473637,-53,9,57
1747013103.8833632,56,-40,63
1747013103.918363,-11,-36,57
1747013103.954363,36,-30,73
1747013103.9893634,18,-22,91
1747013104.0243633,-85,29,63
1747013104.0593634,-7,69,79
1747013104.0953634,54,-58,105
1747013104.1313634,-53,23,51
1747013104.1663637,32,0,65
1747013104.2023633,-15,13,55
1747013104.237363,70,-8,5
1747013104.2723634,-40,26,83
1747013104.3073633,38,109,149
1747013104.3433633,-61,59,-24
1747013104.3793633,64,-24,1
1747013104.4143634,-27,67,193
1747013104.4503634,24,15,-104
1747013104.4853632,36,13,48
1747013104.520363,4,-31,40
1747013104.5553634,-29,-20,62
1747013104.5913634,16,-5,10
1747013104.6273634,106,-39,40
1747013104.6623633,-53,-30,-97
1747013104.6983633,-4,-11,96
1747013104.7333634,-11,26,146
1747013104.7683637,64,-27,-37
1747013104.803363,-9,-7,-23
1747013104.839363,-19,60,74
1747013104.875363,6,-35,180
1747013104.9103634,44,-31,114
1747013104.9463634,-15,-3,116
1747013104.9813633,118,-45,140
1747013105.0163634,23,41,56
1747013105.0513637,-67,88,34
1747013105.0873632,-1,-63,150
1747013105.1233633,-32,-17,32
1747013105.158363,5,-1,10
1747013105.1943634,-86,0,146
1747013105.2293634,55,18,12
1747013105.2643633,1,10,122
1747013105.2993634,59,2,76
1747013105.3353634,57,32,88
1747013105.3713634,-52,64,106
1747013105.4063632,55,92,216
1747013105.4423633,33,8,52
1747013105.477363,-2,10,92
1747013105.5123634,35,4,30
1747013105.5483634,39,28,76
1747013105.5833633,-51,-38,64
1747013105.6193633,-36,-15,-31
1747013105.6543634,-41,21,122
1747013105.6903634,30,-30,132
1747013105.7253633,-25,-24,48
1747013105.760363,-5,83,168
1747013105.7953634,-15,77,72
1747013105.8313634,-33,-74,82
1747013105.8673637,-38,61,-75
1747013105.9023633,-9,31,109
1747013105.9383633,6,-34,49
1747013105.9733634,-2,-16,48
1747013106.0083632,-47,85,20
1747013106.043363,20,15,36
1747013106.079363,-23,-20,115
1747013106.1153634,-53,51,69
1747013106.1503634,52,-10,75
1747013106.1863637,-57,33,69
1747013106.2213633,46,45,41
1747013106.2563634,-19,-44,35
1747013106.2923634,-91,5,53
1747013106.3273633,-8,25,49
1747013106.3633633,48,-8,17
1747013106.3983634,68,47,111
1747013106.4343634,20,-30,100
1747013106.4693637,-16,-58,34
1747013106.5043633,71,-16,66
1747013106.5403633,-42,0,110
1747013106.5823634,37,-2,164
1747013106.6193633,47,-48,99
1747013106.6543634,-41,-19,39
1747013106.6903634,5,36,37
1747013106.7253633,63,60,187
1747013106.760363,13,-32,93
1747013106.7963634,-28,-42,149
1747013106.8313634,-100,-16,23
1747013106.8673637,9,-74,37
1747013106.9023633,55,9,63
1747013106.9383633,79,7,85
1747013106.9733634,15,13,191
1747013107.0083632,5,-8,-20
1747013107.0443633,-18,8,147
1747013107.079363,18,-45,-6
1747013107.1153634,70,64,145
1747013107.1503634,-23,4,213
1747013107.1863637,28,-33,99
1747013107.2213633,-27,50,93
1747013107.2563634,-67,15,113
1747013107.2923634,-12,-36,41
1747013107.3273633,-26,9,85
1747013107.3633633,-52,55,19
1747013107.3983634,-11,19,51
1747013107.4343634,-65,-18,-22
1747013107.4693637,-37,27,-22
1747013107.5043633,-1,7,5
1747013107.5403633,-59,19,259
1747013107.5753634,-5,-46,101
1747013107.6113634,-1,-24,161
1747013107.6463633,58,-26,71
1747013107.6823633,0,5,31
1747013107.7173634,-6,-110,115
1747013107.7523634,-38,35,77
1747013107.7883637,79,-60,1
1747013107.8233633,-4,-12,19
1747013107.8593633,-113,-52,94
1747013107.8943634,50,-54,56
1747013107.9303634,89,36,58
1747013107.9663634,-1,-70,28
1747013108.0013633,-42,48,124
1747013108.0363634,-47,51,104
1747013108.0723634,-33,-19,110
1747013108.1083634,38,-32,72
1747013108.1433637,-59,93,-19
1747013108.1793633,-22,13,94
1747013108.214363,-80,37,-26
1747013108.2493634,23,-36,39
1747013108.2843633,0,15,85
1747013108.3203633,60,-10,55
1747013108.3563633,-113,-32,109
1747013108.3913634,99,55,79
1747013108.4273634,34,33,171
1747013108.4623632,4,-22,53
1747013108.497363,-9,17,81
1747013108.5323634,-47,0,87
1747013108.5683634,97,-65,13
1747013108.6043634,-15,87,109
1747013108.6393633,-85,-47,149
1747013108.6753633,-5,33,89
1747013108.7103634,62,57,59
1747013108.7453637,-5,8,89
1747013108.780363,34,-7,159
1747013108.816363,22,6,21
1747013108.852363,34,-81,53
1747013108.8873634,-9,-51,-20
1747013108.9233634,-29,94,85
1747013108.9583633,-27,-85,85
1747013108.9933634,-15,-49,87
1747013109.0283637,57,-111,155
1747013109.0643632,-80,54,-100
1747013109.1003633,0,6,105
1747013109.135363,19,-35,175
1747013109.1713634,1,-15,127
1747013109.2063634,19,102,139
1747013109.2413633,-32,-27,165
1747013109.2763634,63,6,33
1747013109.3123634,-10,-49,139
1747013109.3483634,-86,48,77
1747013109.3833632,-27,42,201
1747013109.4193633,-19,46,117
1747013109.454363,-94,-5,-18
1747013109.4893634,-30,6,107
1747013109.5243633,106,-2,69
1747013109.5603633,82,45,73
1747013109.5963633,-33,7,77
1747013109.6313634,13,-29,77
1747013109.6673634,-46,68,35
1747013109.7023633,28,29,131
1747013109.737363,-29,39,69
1747013109.7723634,-98,-13,133
1747013109.8083634,-30,6,-20
1747013109.8443637,-10,-35,93
1747013109.8793633,-80,-11,67
1747013109.9153633,65,112,37
1747013109.9503634,87,-39,73
1747013109.9853632,-28,36,79
1747013110.020363,-42,40,-2
1747013110.056363,33,-65,87
1747013110.0923634,-66,-13,97
1747013110.1273634,-88,-25,69
1747013110.1633637,4,49,73
1747013110.1983633,27,-53,35
1747013110.2333634,69,-5,91
1747013110.2683637,-14,8,-6
1747013110.3043633,-8,-43,113
1747013110.3403633,48,-3,157
1747013110.375363,56,42,49
1747013110.4113634,17,15,95
1747013110.4463634,89,-72,23
1747013110.4813633,-10,1,45
1747013110.5163634,-15,-21,-4
1747013110.5523634,-31,14,119
1747013110.5883634,54,2,131
1747013110.6233633,13,-22,-84
1747013110.6593633,69,11,-52
1747013110.6943634,42,-32,79
1747013110.7293634,32,13,25
1747013110.7643633,30,11,67
1747013110.8003633,-5,-30,99
1747013110.8363633,16,-2,41
1747013110.8713634,20,23,-80
1747013110.9073634,37,70,9
1747013110.9423633,50,-37,131
1747013110.977363,-34,-5,95
1747013111.0123634,63,6,55
1747013111.0483634,-59,-54,-8
1747013111.0843637,59,2,41
1747013111.1193633,13,-35,111
1747013111.155363,-37,25,65
1747013111.1903634,-53,22,199
1747013111.2253633,-75,42,87
1747013111.2613633,20,16,135
1747013111.2963634,-39,24,57
1747013111.3323634,-67,46,-22
1747013111.3673637,6,14,-20
1747013111.4033637,-42,62,-26
1747013111.4383633,-35,19,175
1747013111.4733634,-11,-70,-54
1747013111.5093634,-91,29,107
1747013111.5443633,-1,-34,15
1747013111.5803633,-45,-10,69
1747013111.6153634,30,24,-44
1747013111.6513634,61,23,71
1747013111.6863637,-38,-10,139
1747013111.7213633,-60,-20,127
1747013111.757363,-78,-32,147
1747013111.7923634,23,109,29
1747013111.8283634,-41,-60,57
1747013111.8633633,-21,21,123
1747013111.8993633,-38,-92,-63
1747013111.9343634,138,-26,63
1747013111.9693637,-31,-12,62
1747013112.0053637,-1,23,46
1747013112.0403633,-48,2,152
1747013112.076363,-32,-25,92
1747013112.1113634,101,36,118
1747013112.1473634,21,-19,10
1747013112.1823633,35,36,106
1747013112.2173634,-20,-41,176
1747013112.2533634,43,53,26
1747013112.2883637,-36,27,106
1747013112.3243637,-16,-90,94
1747013112.3593633,19,4,-28
1747013112.395363,7,-3,134
1747013112.4303634,109,70,153
1747013112.4653633,25,0,149
1747013112.5013633,-8,-65,55
1747013112.5363634,-34,-27,1
1747013112.5723634,29,-47,70
1747013112.6073637,20,13,54
1747013112.6433637,74,-34,-17
1747013112.678363,-3,-18,70
1747013112.7133634,124,-48,-17
1747013112.7493634,48,23,167
1747013112.7843633,-23,49,-66
1747013112.8203633,56,-56,188
1747013112.8553634,-99,-30,150
1747013112.8913634,-23,53,49
1747013112.9263637,40,-48,49
1747013112.9613633,-71,-32,-66
1747013112.997363,24,-132,125
1747013113.0323634,102,-2,113
1747013113.0683634,-5,59,81
1747013113.1033633,-43,57,11
1747013113.1383634,-82,52,-56
1747013113.1733634,59,-41,39
1747013113.2093637,54,21,107
1747013113.2453637,80,13,71
1747013113.280363,34,-30,5
1747013113.316363,18,71,99
1747013113.3513634,-58,2,-6
1747013113.3863633,-21,-35,-34
1747013113.4213634,-122,28,101
1747013113.4573634,31,36,-6
1747013113.4933634,30,71,65
1747013113.5283637,9,-39,209
1747013113.5643632,13,80,103
1747013113.599363,67,-71,83
1747013113.6343634,43,22,75
1747013113.6693633,-63,-63,126
1747013113.7053633,72,-15,104
1747013113.7413633,-77,-15,119
1747013113.7763634,36,-1,99
1747013113.8123634,18,38,71
1747013113.8473637,-5,6,70
1747013113.882363,20,4,-49
1747013113.9173634,62,-69,-28
1747013113.9533634,-19,-7,33
1747013113.9893634,17,-55,0
1747013114.0243633,-19,-34,51
1747013114.0603633,54,-32,78
1747013114.0953634,-35,-12,136
1747013114.1303637,8,1,62
1747013114.1653633,-9,37,82
1747013114.201363,45,5,10
1747013114.237363,-47,-16,74
1747013114.2723634,-47,-20,72
1747013114.3083634,-4,2,150
1747013114.3433633,21,5,194
1747013114.3783634,69,-31,-71
1747013114.4133637,57,-47,22
1747013114.4493637,-8,-19,22
1747013114.4853632,-2,48,48
1747013114.520363,-6,8,46
1747013114.556363,51,-27,98
1747013114.5913634,53,-41,108
1747013114.6263633,49,-7,254
1747013114.6613634,35,2,128
1747013114.6973634,-25,0,138
1747013114.7333634,-8,26,102
1747013114.7683637,-40,-15,72
1747013114.8043633,81,-49,0
1747013114.839363,-14,-23,36
1747013114.8743634,37,-47,72
1747013114.9093633,18,-38,168
1747013114.9453633,7,87,82
1747013114.9813633,41,20,34
1747013115.0163634,13,6,-49
1747013115.0523634,-6,10,116
1747013115.0873632,-32,54,78
1747013115.122363,-2,48,56
1747013115.1573634,-6,23,26
1747013115.1933634,34,3,158
1747013115.2293634,16,3,-19
1747013115.2643633,-51,13,46
1747013115.3003633,71,-5,150
1747013115.3353634,-20,-35,88
1747013115.3703637,85,22,64
1747013115.405363,94,16,222
1747013115.441363,-4,39,-47
1747013115.477363,61,-4,110
1747013115.5123634,-37,16,30
1747013115.5483634,-51,-21,184
1747013115.5833633,66,70,24
1747013115.6183634,-9,-15,74
1747013115.6533637,-64,5,96
1747013115.6893632,0,-22,156
1747013115.7253633,49,15,64
1747013115.760363,-6,36,28
1747013115.7963634,-124,68,23
1747013115.8313634,19,22,42
1747013115.8663633,-24,-43,-8
1747013115.9013634,71,-66,27
1747013115.9373634,51,-5,23
1747013115.9733634,2,-1,73
1747013116.0083632,36,24,-88
1747013116.0443633,-7,85,-8
1747013116.079363,0,-17,145
1747013116.1143634,22,6,75
1747013116.1493633,12,-61,52
1747013116.1853633,54,-33,33
1747013116.2213633,-31,-21,36
1747013116.2563634,-13,0,94
1747013116.2923634,26,-45,138
1747013116.3273633,-12,38,50
1747013116.362363,48,-58,50
1747013116.3983634,-31,8,-53
1747013116.4333634,6,51,105
1747013116.4693637,-35,17,61
1747013116.5043633,52,12,71
1747013116.5403633,-9,16,42
1747013116.5753634,54,-29,52
1747013116.6173637,-17,22,102
1747013116.6543634,-23,-19,139
1747013116.6893632,6,10,23
1747013116.7253633,-33,28,8
1747013116.760363,-3,-67,86
1747013116.7963634,-17,-75,128
1747013116.8313634,10,18,-19
1747013116.8663633,0,-29,104
1747013116.9023633,-27,-5,128
1747013116.9373634,-31,24,34
1747013116.9733634,-41,-33,162
1747013117.0083632,-77,6,16
1747013117.0443633,-73,50,134
1747013117.079363,28,4,98
1747013117.1143634,48,-31,102
1747013117.1503634,56,-49,56
1747013117.1853633,109,28,151
1747013117.2213633,-32,-23,179
1747013117.2563634,20,6,76
1747013117.2923634,41,35,126
1747013117.3273633,35,37,114
1747013117.362363,-72,19,29
1747013117.3983634,35,-34,81
1747013117.4333634,49,-14,103
1747013117.4693637,-37,-81,157
1747013117.5043633,-19,112,-28
1747013117.5403633,35,-44,-25
1747013117.5753634,2,-1,36
1747013117.6103632,-53,-5,10
1747013117.6463633,44,-28,80
1747013117.681363,8,43,84
1747013117.7173634,-5,-114,-15
1747013117.7523634,36,-21,53
1747013117.7883637,6,80,110
1747013117.8233633,16,-7,98
1747013117.8583634,-47,68,40
1747013117.8943634,72,-13,4
1747013117.9293633,90,-57,98
1747013117.9653633,70,42,-31
1747013118.000363,40,20,-51
1747013118.0363634,-9,-35,-93
1747013118.0723634,11,30,166
1747013118.1083634,13,-43,16
1747013118.1443634,-56,-61,130
1747013118.1793633,15,-17,96
1747013118.214363,-22,-28,-29
1747013118.250363,63,44,-59
1747013118.2863634,-70,-6,138
1747013118.3213634,59,31,30
1747013118.3573637,-28,21,-23
1747013118.3923633,13,31,-66
1747013118.4273634,0,21,82
1747013118.4623632,38,28,175
1747013118.4983633,-29,-25,-10
1747013118.5343633,45,-39,145
1747013118.5693634,85,-39,111
1747013118.6053634,-61,-19,17
1747013118.6403637,-21,24,229
1747013118.6753633,6,-53,83
1747013118.7103634,6,-57,23
1747013118.7463634,-31,-17,137
1747013118.7823634,38,24,21
1747013118.8173633,-17,29,-22
1747013118.8533633,-38,-74,33
1747013118.8883634,-22,11,93
1747013118.9233634,7,51,23
1747013118.9583633,3,-24,-16
1747013118.9943633,0,1,1
1747013119.030363,35,78,123
1747013119.0653634,8,24,119
1747013119.1013634,40,-15,151
1747013119.1363633,-80,0,89
1747013119.1713634,37,32,95
1747013119.2063634,-44,-5,23
1747013119.2423637,16,-31,65
1747013119.2783637,-11,-19,99
1747013119.3133633,51,-7,159
1747013119.349363,-54,50,33
1747013119.3843634,58,84,-32
1747013119.4193633,-17,22,83
1747013119.454363,41,26,89
1747013119.4903634,112,-15,133
1747013119.5263634,94,-15,-30
1747013119.5613637,-29,-32,-70
1747013119.5973637,34,29,135
1747013119.632363,16,45,107
1747013119.6673634,-8,56,87
1747013119.7023633,15,16,173
1747013119.7383633,-28,26,151
1747013119.7743633,80,21,21
1747013119.8093634,-114,-41,125
1747013119.8453634,-42,6,31
1747013119.8803637,31,-77,69
1747013119.9153633,113,44,109
1747013119.9503634,13,-27,119
1747013119.9863634,33,68,49
1747013120.0223634,27,-2,115
1747013120.0573633,57,-44,-52
1747013120.0933633,62,-25,19
1747013120.1283634,96,36,21
1747013120.1633637,-40,-2,117
1747013120.1983633,33,31,93
1747013120.2343633,59,-60,17
1747013120.270363,15,11,61
1747013120.3053634,4,-8,-32
1747013120.3413634,-2,41,121
1747013120.3763633,-16,-6,97
1747013120.4113634,30,45,-4
1747013120.4463634,-11,11,17
1747013120.4823637,34,7,57
1747013120.5183637,-45,24,133
1747013120.553363,-21,8,-26
1747013120.589363,34,21,1
1747013120.6243634,-39,-79,94
1747013120.6593633,-33,6,15
1747013120.6943634,78,-53,117
1747013120.7303634,-19,-11,39
1747013120.7663634,-3,-15,170
1747013120.8013637,98,80,212
1747013120.8373632,-27,16,143
1747013120.872363,55,19,-59
1747013120.9073634,-107,14,78
1747013120.9423633,74,12,42
1747013120.9783633,100,58,30
1747013121.0143633,-1,-37,116
1747013121.0493634,0,-41,58
1747013121.0853634,54,6,36
1747013121.1203637,-33,-79,32
1747013121.155363,-51,-66,-7
1747013121.1903634,42,67,-57
1747013121.2263634,32,-22,116
1747013121.2623634,56,67,34
1747013121.2973633,-15,48,2
1747013121.3333633,72,-8,152
1747013121.3683634,-35,-61,28
1747013121.4033637,-80,-38,62
1747013121.4393632,-97,25,116
1747013121.474363,-57,53,100
1747013121.510363,-25,0,104
1747013121.5453634,10,-18,72
1747013121.5813634,82,35,30
1747013121.6163633,-9,-38,10
1747013121.6513634,2,17,30
1747013121.6873634,-49,-88,-85
1747013121.7223637,-139,53,57
1747013121.7583632,-37,1,169
1747013121.793363,19,-29,87
1747013121.829363,-44,-7,193
1747013121.8643634,7,-19,117
1747013121.8993633,51,4,121
1747013121.9353633,3,8,9
1747013121.9703634,-22,-11,123
1747013122.0063634,52,-61,55
1747013122.0413637,-3,20,-94
1747013122.0773633,45,-71,151
1747013122.112363,0,-65,107
1747013122.1473634,-18,26,35
1747013122.1833634,-24,6,-40
1747013122.2183633,11,16,122
1747013122.2543633,105,68,130
1747013122.2893634,33,40,-17
1747013122.3253634,-20,62,68
1747013122.3603632,37,-23,124
1747013122.395363,33,30,90
1747013122.431363,103,-53,35
1747013122.4663634,2,23,33
1747013122.5023634,-5,-4,212
1747013122.5373633,-49,37,84
1747013122.5733633,28,52,22
1747013122.6083634,-27,25,130
1747013122.6433637,-63,-30,108
1747013122.6793633,-15,43,4
1747013122.714363,30,-38,48
1747013122.750363,31,17,8
1747013122.7853634,-9,67,100
1747013122.8213634,32,-50,71
1747013122.8563633,30,7,87
1747013122.8913634,78,-4,13
1747013122.9273634,-17,55,53
1747013122.9623632,16,31,222
1747013122.9983633,-5,-2,170
1747013123.033363,-11,22,12
1747013123.0693634,6,36,-43
1747013123.1043634,-25,44,44
1747013123.1393633,-7,-19,70
1747013123.1753633,-32,31,132
1747013123.2103634,29,73,136
1747013123.2463634,49,-13,66
1747013123.2813632,9,-17,130
1747013123.316363,-4,54,126
1747013123.3513634,-4,-1,26
1747013123.3873634,-16,-55,61
1747013123.4233634,9,56,242
1747013123.4583633,66,-34,41
1747013123.4943633,12,-62,66
1747013123.5293634,34,-2,-37
1747013123.5643632,60,25,138
1747013123.599363,49,30,23
1747013123.635363,39,-53,-100
1747013123.6713634,68,41,71
1747013123.7073634,70,-44,43
1747013123.7433634,5,-33,161
1747013123.7783637,7,-61,-20
1747013123.8143632,23,-39,191
1747013123.849363,-44,-35,155
1747013123.8843634,25,52,35
1747013123.9193633,-54,44,119
1747013123.9553633,-2,76,15
1747013123.9913633,49,30,177
1747013124.0263634,51,36,5
1747013124.0623634,-36,-57,-12
1747013124.0973637,7,110,97
1747013124.132363,-17,-18,21
1747013124.1673634,-53,23,119
1747013124.2033634,30,-8,19
1747013124.2393634,58,3,83
1747013124.2743633,56,-8,51
1747013124.3103633,12,-16,39
1747013124.3453634,52,-40,37
1747013124.3803637,8,-16,113
1747013124.4153633,-13,-46,51
1747013124.451363,-57,-24,153
1747013124.487363,-29,-24,91
1747013124.5223634,10,9,47
1747013124.5583634,-11,17,95
1747013124.5933633,44,-8,97
1747013124.6283634,68,-12,11
1747013124.6633637,-3,-9,95
1747013124.6993637,-5,-12,85
1747013124.7353632,8,31,211
1747013124.770363,32,17,87
1747013124.806363,-66,16,101
1747013124.8413634,-34,-29,155
1747013124.8763633,-14,18,-44
1747013124.9113634,-62,-7,5
1747013124.9473634,3,-41,19
1747013124.9833634,-15,13,101
1747013125.0183637,38,27,133
1747013125.0543633,-105,-25,153
1747013125.089363,-21,-28,147
1747013125.1243634,-128,-11,36
1747013125.1593633,58,-38,-81
1747013125.1953633,5,-77,-63
1747013125.2313633,48,69,112
1747013125.2663634,-13,27,52
1747013125.3023634,68,-37,-25
1747013125.3373632,18,12,76
1747013125.372363,-1,72,104
1747013125.4073634,21,28,94
1747013125.4433634,25,-89,86
1747013125.4793634,-81,21,66
1747013125.5143633,6,-62,136
1747013125.5503633,84,-70,64
1747013125.5853634,-31,19,219
1747013125.6203637,-17,-42,131
1747013125.655363,52,-36,79
1747013125.691363,-23,35,133
1747013125.727363,22,-6,155
1747013125.7623634,-7,-68,-32
1747013125.7983634,62,-26,15
1747013125.8333633,44,23,-104
1747013125.8683634,78,25,76
1747013125.9033637,-66,40,-64
1747013125.9393632,-1,12,52
1747013125.9753633,6,18,152
1747013126.010363,-88,19,154
1747013126.0463634,77,-42,-39
1747013126.0813634,19,59,72
1747013126.1163633,-76,69,82
1747013126.1513634,16,36,102
1747013126.1873634,17,15,146
1747013126.2233634,80,-4,20
1747013126.2583632,-3,-42,98
1747013126.2943633,16,3,76
1747013126.329363,-45,-50,-18
1747013126.3643634,16,13,17
1747013126.3993633,15,6,111
1747013126.4353633,-52,56,44
1747013126.4713633,7,20,-27
1747013126.5063634,13,-35,184
1747013126.5423634,69,-27,-39
1747013126.5773633,-27,6,34
1747013126.6193633,-137,34,30
1747013126.6563632,-47,-19,122
1747013126.691363,0,-12,118
1747013126.727363,-45,89,132
1747013126.7623634,-17,59,22
1747013126.7983634,-103,-82,166
1747013126.8333633,58,73,148
1747013126.8683634,-77,53,120
1747013126.9043634,-3,-27,84
1747013126.9393632,-21,34,60
1747013126.9753633,69,53,8
1747013127.010363,-82,-8,68
1747013127.0463634,-10,65,40
1747013127.0813634,26,16,58
1747013127.1163633,-15,86,68
1747013127.1523633,-29,-11,106
1747013127.1873634,-33,54,34
1747013127.2233634,-9,-72,60
1747013127.2583632,-30,20,76
1747013127.2943633,63,8,22
1747013127.329363,99,-53,153
1747013127.3643634,3,0,73
1747013127.4003634,-37,17,12
1747013127.4353633,66,63,174
1747013127.4713633,66,46,146
1747013127.5063634,108,-85,254
1747013127.5423634,-9,-19,-55
1747013127.5773633,-96,-16,42
1747013127.612363,35,19,36
1747013127.6483634,-12,59,64
1747013127.6833634,0,-27,124
1747013127.7193637,9,-73,110
1747013127.7543633,-46,6,26
1747013127.7903633,15,10,122
1747013127.8253634,8,5,56
1747013127.8603632,-56,-1,2
1747013127.8963633,-8,-81,140
1747013127.931363,-66,-31,-11
1747013127.9673634,-65,-44,90
1747013128.0023634,-40,-55,68
1747013128.0383637,24,52,157
1747013128.0733633,-99,26,-14
1747013128.1083634,102,-27,-3
1747013128.1443634,32,0,69
1747013128.1793633,-17,-13,141
1747013128.2153633,14,-25,35
1747013128.250363,38,-43,83
1747013128.2863634,-71,64,53
1747013128.3223634,40,-19,103
1747013128.3573637,18,21,61
1747013128.3923633,-23,10,157
1747013128.428363,62,27,203
1747013128.464363,-3,-2,9
1747013128.4993634,-7,18,97
1747013128.5353634,48,-17,184
1747013128.5703633,-61,-14,68
1747013128.6053634,-21,39,-1
1747013128.6403637,82,-90,120
1747013128.6763637,52,41,14
1747013128.7123632,-7,-48,78
1747013128.747363,14,-4,16
1747013128.783363,36,-11,130
1747013128.8183634,2,2,114
1747013128.8533633,-55,-31,44
1747013128.8883634,12,-15,43
1747013128.9243634,22,30,50
1747013128.9603634,-22,-19,-20
1747013128.9953637,20,50,213
1747013129.0313632,-25,90,85
1747013129.066363,87,74,39
1747013129.1013634,-34,-37,65
1747013129.1363633,-96,-19,48
1747013129.1723633,73,20,178
1747013129.2083633,9,-23,32
1747013129.2433634,-44,68,130
1747013129.2793634,33,20,192
1747013129.3143632,-26,-23,48
1747013129.349363,68,6,-45
1747013129.3843634,16,18,-1
1747013129.4203634,16,-66,44
1747013129.4563634,18,-15,97
1747013129.4913633,38,-23,93
1747013129.5273633,-21,-44,107
1747013129.5623634,-65,-20,-6
1747013129.5973637,-1,55,107
1747013129.632363,9,23,37
1747013129.668363,-20,1,105
1747013129.704363,-80,13,81
1747013129.7393634,-67,-27,19
1747013129.7753634,70,26,14
1747013129.8103633,-33,38,85
1747013129.8453634,32,-25,16
1747013129.8803637,18,70,77
1747013129.9163637,86,32,47
1747013129.9523633,35,-108,11
1747013129.987363,-89,-57,185
1747013130.0233634,34,12,56
1747013130.0583634,22,-19,95
1747013130.0933633,70,-54,43
1747013130.1283634,5,-72,103
1747013130.1643634,75,31,41
1747013130.2003634,7,7,5
1747013130.2353632,-41,-18,47
1747013130.2713633,90,49,34
1747013130.306363,41,21,72
1747013130.3413634,47,7,132
1747013130.3763633,-20,11,66
1747013130.4123633,87,7,62
1747013130.4483633,55,-56,116
1747013130.4833634,41,-42,48
1747013130.5193634,-24,-60,112
1747013130.5543633,-48,-52,142
1747013130.589363,-40,51,72
1747013130.6243634,-17,-4,118
1747013130.6603634,-43,55,114
1747013130.6963634,48,-2,116
1747013130.7313633,96,-26,68
1747013130.7673633,54,-18,44
1747013130.8023634,-3,31,30
1747013130.8373632,-39,53,40
1747013130.872363,20,-40,35
1747013130.908363,8,-14,115
1747013130.9443634,52,35,67
1747013130.9793634,-1,18,109
1747013131.0153637,44,-16,33
1747013131.0503633,18,25,110
1747013131.0853634,18,-54,106
1747013131.1203637,2,25,-23
1747013131.1563632,-11,41,74
1747013131.1923633,18,7,-1
1747013131.227363,34,-16,46
1747013131.2633634,-23,26,70
1747013131.2983634,-45,-5,32
1747013131.3333633,30,8,68
1747013131.3683634,-59,6,40
1747013131.4043634,-1,-19,78
1747013131.4403634,-46,-9,116
1747013131.4753633,31,70,26
1747013131.5113633,-8,-5,152
1747013131.5463634,-46,52,220
1747013131.5813634,-30,-65,-29
1747013131.6173637,100,12,46
1747013131.6523633,5,-1,6
1747013131.6883633,-54,50,58
1747013131.7233634,40,42,188
1747013131.7593634,-6,18,118
1747013131.7943633,4,36,100
1747013131.829363,-14,14,116
1747013131.8653634,25,42,138
1747013131.9003634,33,-27,-35
1747013131.9363637,49,12,2
1747013131.9713633,10,20,124
1747013132.007363,22,22,-91
1747013132.0423634,-53,-25,143
1747013132.0773633,5,-3,139
1747013132.1133633,-10,12,4
1747013132.1483634,43,78,102
1747013132.1843634,-24,18,96
1747013132.2193637,-10,54,248
1747013132.2553637,-2,54,182
1747013132.2903633,4,35,80
1747013132.3253634,-50,-21,142
1747013132.3613634,-24,2,140
1747013132.3963633,-19,15,-19
1747013132.4323633,50,-28,128
1747013132.4673634,2,-10,44
1747013132.5033634,-49,3,-23
1747013132.5383637,42,51,-7
1747013132.5733633,-60,18,104
1747013132.6093633,44,11,94
1747013132.6443634,20,25,92
1747013132.6803634,-35,-12,52
1747013132.7153633,-4,50,-71
1747013132.7513633,5,48,54
1747013132.7863634,18,25,76
1747013132.8213634,26,26,90
1747013132.8573637,56,102,116
1747013132.8923633,124,18,14
1747013132.928363,0,31,110
1747013132.9633634,-37,26,118
1747013132.9993634,-81,12,110
1747013133.0343633,36,32,154
1747013133.0693634,-54,-25,54
1747013133.1053634,-2,-40,156
1747013133.1403637,1,-21,92
1747013133.1763637,9,18,32
1747013133.2113633,71,-29,200
1747013133.247363,-27,-17,150
1747013133.2823634,-37,-47,138
1747013133.3173633,-17,-2,-17
1747013133.3533633,16,-72,8
1747013133.3883634,60,-56,40
1747013133.4243634,26,9,150
1747013133.4593637,-15,25,145
1747013133.4943633,66,-81,161
1747013133.5293634,-15,-51,75
1747013133.5653634,-25,-39,139
1747013133.6013634,48,-58,69
1747013133.6363633,28,-64,95
1747013133.6723633,18,39,42
1747013133.7073634,8,-12,-63
1747013133.7423637,14,-32,110
1747013133.7773633,-31,-41,-55
1747013133.8133633,31,11,-57
1747013133.849363,23,-42,44
1747013133.8843634,-2,57,122
1747013133.9203634,-54,-72,24
1747013133.9553633,-18,73,220
1747013133.9903634,42,-49,80
1747013134.0253634,56,-43,-25
1747013134.0613637,64,22,-83
1747013134.0973637,10,66,54
1747013134.132363,-65,-53,146
1747013134.168363,-59,2,164
1747013134.2033634,16,-65,34
1747013134.2383633,34,-75,172
1747013134.2733634,90,-75,60
1747013134.3093634,-17,45,115
1747013134.3453634,22,32,31
1747013134.3803637,-71,70,-50
1747013134.4163637,64,-55,155
1747013134.451363,-23,-13,-44
1747013134.4863634,-68,-7,0
1747013134.5213633,-18,46,167
1747013134.5573633,83,2,9
1747013134.5933633,30,-22,29
1747013134.6283634,-40,29,43
1747013134.6643634,-4,35,81
1747013134.6993637,-18,-20,241
1747013134.7343633,40,-28,-6
1747013134.7693634,58,4,87
1747013134.8053634,1,9,29
1747013134.8413634,-42,-70,110
1747013134.8763633,-35,-9,120
1747013134.9123633,11,5,72
1747013134.9473634,-112,-6,124
1747013134.9823637,-50,-79,96
1747013135.0173633,-58,39,36
1747013135.053363,3,0,122
1747013135.089363,11,-38,-4
1747013135.1243634,21,-6,125
1747013135.1603634,77,-30,97
1747013135.1953633,-4,39,63
1747013135.2303634,-74,-6,-10
1747013135.2653637,31,-63,61
1747013135.3013637,7,-6,-38
1747013135.3373632,45,37,167
1747013135.372363,63,10,-104
1747013135.408363,-24,-16,117
1747013135.4433634,27,-31,55
1747013135.4783633,2,-81,15
1747013135.5133634,16,-37,79
1747013135.5493634,16,-113,99
1747013135.5853634,67,51,133
1747013135.6203637,-51,-79,27
1747013135.6563632,48,-41,-6
1747013135.691363,96,-3,99
1747013135.7263634,-11,26,55
1747013135.7613633,-3,-9,71
1747013135.7973633,19,-46,95
1747013135.8333633,-39,12,125
1747013135.8683634,6,86,41
1747013135.9043634,-81,36,-100
1747013135.9393632,14,22,237
1747013135.974363,-7,-7,13
1747013136.0093634,-129,-46,43
1747013136.0453634,-39,29,55
1747013136.0813634,-57,53,73
1747013136.1163633,-113,-66,165
1747013136.1523633,30,-140,107
1747013136.1873634,152,0,131
1747013136.2223637,16,31,113
1747013136.257363,66,-88,117
1747013136.293363,-53,83,25
1747013136.329363,-54,-17,27
1747013136.3643634,-68,-1,35
1747013136.4003634,11,-77,31
1747013136.4353633,-35,-20,61
1747013136.4703634,67,38,191
1747013136.5063634,57,-57,75
1747013136.5413637,-13,-2,175
1747013136.5773633,-45,-2,69
1747013136.612363,-41,-20,131
1747013136.655363,10,-53,-6
1747013136.691363,-15,0,87
1747013136.7263634,-45,28,-2
1747013136.7623634,-5,-19,-10
1747013136.7973633,-19,-45,89
1747013136.8333633,-31,36,151
1747013136.8683634,18,-55,57
1747013136.9043634,40,-13,51
1747013136.9393632,36,40,3
1747013136.974363,14,28,15
1747013137.010363,11,15,87
1747013137.0453634,-58,33,86
1747013137.0813634,-32,-2,97
1747013137.1163633,-66,-4,55
1747013137.1523633,-74,-20,88
1747013137.1873634,-70,-80,18
1747013137.2223637,31,35,162
1747013137.2583632,17,-84,32
1747013137.293363,35,-30,40
1747013137.329363,-42,-56,126
1747013137.3643634,-54,63,126
1747013137.4003634,-58,-44,142
1747013137.4353633,80,-19,103
1747013137.4703634,-1,6,163
1747013137.5063634,-49,48,149
1747013137.5413637,52,-3,107
1747013137.5773633,28,-31,-144
1747013137.612363,-17,-25,-58
1747013137.6483634,18,-61,29
1747013137.6833634,-52,-4,33
1747013137.7183633,-4,-48,51
1747013137.7543633,9,71,107
1747013137.7893634,81,-18,69
1747013137.8253634,-62,37,149
1747013137.8603632,23,-130,127
1747013137.8963633,33,-32,-34
1747013137.931363,19,-50,-68
1747013137.9663634,-70,11,63
1747013138.0023634,-6,-58,83
1747013138.0373633,43,47,47
1747013138.0733633,83,11,15
1747013138.1083634,-6,-70,97
1747013138.1443634,-93,-37,79
1747013138.1793633,16,6,73
1747013138.214363,6,4,-10
1747013138.250363,-34,-13,113
1747013138.2853634,-25,-10,-12
1747013138.3213634,-12,28,67
1747013138.3563633,21,44,-8
1747013138.3923633,10,-84,97
1747013138.428363,70,-42,117
1747013138.4633634,31,-12,51
1747013138.4983633,-25,-1,-10
1747013138.5343633,-57,13,85
1747013138.5703633,49,-46,189
1747013138.6053634,89,43,63
1747013138.6413634,-74,31,177
1747013138.6763637,-19,24,21
1747013138.7113633,82,84,97
1747013138.7463634,43,27,117
1747013138.7823634,-56,27,5
1747013138.8183634,-41,-58,91
1747013138.8533633,0,-17,101
1747013138.8893633,-18,-1,-2
1747013138.9243634,-19,36,171
1747013138.9593637,53,20,1
1747013138.9943633,43,6,1
1747013139.030363,-44,-11,39
1747013139.066363,-100,22,25
1747013139.1013634,-30,8,-18
1747013139.1373634,53,-69,0
1747013139.1723633,75,-99,69
1747013139.2073634,-34,-33,85
1747013139.2423637,39,-51,-20
1747013139.2783637,39,68,155
1747013139.3143632,45,-15,-22
1747013139.349363,57,-11,99
1747013139.385363,-1,-24,102
1747013139.4203634,22,47,41
1747013139.4553633,46,27,171
1747013139.4903634,62,-50,-106
1747013139.5263634,106,-70,18
1747013139.5623634,-45,-72,106
1747013139.5973637,8,-42,136
1747013139.6333632,-59,-4,78
1747013139.668363,-23,44,93
1747013139.7033634,-44,-18,100
1747013139.7383633,55,33,-25
1747013139.7743633,15,-28,48
1747013139.8103633,-92,15,102
1747013139.8453634,-48,-72,82
1747013139.8813634,11,-32,82
1747013139.9163637,-64,32,124
1747013139.951363,-44,-8,-29
1747013139.9863634,-24,-24,78
1747013140.0223634,99,7,116
1747013140.0583634,-7,28,154
1747013140.0933633,7,17,76
1747013140.1293633,-24,-6,122
1747013140.1643634,-53,-39,96
1747013140.1993637,2,16,192
1747013140.2343633,52,8,20
1747013140.270363,6,-25,110
1747013140.306363,-49,30,128
1747013140.3413634,14,38,120
1747013140.3773634,-11,4,142
1747013140.4123633,85,-12,114
1747013140.4473634,-28,0,-57
1747013140.4823637,120,34,70
1747013140.5183637,35,3,100
1747013140.5543633,-25,48,102
1747013140.589363,4,24,60
1747013140.625363,6,-19,140
1747013140.6603634,42,30,38
1747013140.6953633,40,29,112
1747013140.7303634,90,-30,-11
1747013140.7663634,-91,7,20
1747013140.8023634,36,11,116
1747013140.8373632,-83,59,36
1747013140.8733633,6,41,86
1747013140.908363,44,5,36
1747013140.9433634,24,-48,30
1747013140.9783633,69,72,-33
1747013141.0143633,-38,18,46
1747013141.0503633,1,10,-43
1747013141.0853634,0,32,78
1747013141.1213634,57,-57,62
1747013141.1563632,62,22,166
1747013141.191363,-4,-35,184
1747013141.2263634,10,102,72
1747013141.2623634,-17,-57,104
1747013141.2983634,-3,50,60
1747013141.3333633,2,33,-41
1747013141.3693633,-37,32,178
1747013141.4043634,-33,-1,124
1747013141.4393632,-61,-23,52
1747013141.474363,-113,10,66
1747013141.510363,-57,-100,42
1747013141.5463634,-5,-12,58
1747013141.5813634,-119,67,122
1747013141.6173637,-16,69,80
1747013141.6523633,-24,9,46
1747013141.6873634,23,49,-31
1747013141.7233634,15,-44,28
1747013141.7583632,-86,-42,136
1747013141.7943633,27,-127,48
1747013141.829363,-12,16,-19
1747013141.8653634,35,53,174
1747013141.9003634,-112,1,70
1747013141.9353633,119,-34,88
1747013141.9713633,-6,55,6
1747013142.0063634,-22,-12,168
1747013142.0423634,-32,-80,68
1747013142.0773633,45,-6,-7
1747013142.1133633,64,-54,6
1747013142.1483634,40,-62,94
1747013142.1833634,-7,41,-39
1747013142.2193637,-15,29,32
1747013142.2543633,-11,-8,126
1747013142.2903633,80,36,148
1747013142.3253634,10,-19,-87
1747013142.3613634,-9,-19,96
1747013142.3963633,-35,3,136
1747013142.431363,42,-70,118
1747013142.4673634,-41,-14,188
1747013142.5023634,22,-6,-3
1747013142.5383637,-27,-66,14
1747013142.5733633,110,41,56
1747013142.6093633,17,9,30
1747013142.6443634,13,3,128
1747013142.6793633,-96,-8,-20
1747013142.7153633,-48,-68,36
1747013142.750363,-16,-58,52
1747013142.7863634,-30,-75,-17
1747013142.8213634,-30,-3,59
1747013142.8573637,-70,16,-43
1747013142.8923633,-40,18,154
1747013142.9273634,-2,-1,70
1747013142.9633634,51,-67,159
1747013142.9983633,43,-5,-22
1747013143.0343633,29,0,147
1747013143.0693634,-4,22,3
1747013143.1053634,18,-8,7
1747013143.1403637,46,-84,63
1747013143.1753633,-29,-20,30
1747013143.2113633,80,-2,47
1747013143.2463634,-105,-24,114
1747013143.2823634,66,15,54
1747013143.3173633,-35,-38,152
1747013143.3533633,-19,5,80
1747013143.3883634,-25,5,92
1747013143.4233634,50,27,202
1747013143.4593637,46,-46,100
1747013143.4943633,28,21,72
1747013143.530363,-41,-22,-13
1747013143.5653634,20,-26,80
1747013143.6003633,-5,1,48
1747013143.635363,-23,7,138
1747013143.6713634,-33,-2,28
1747013143.7073634,0,-4,156
1747013143.7423637,24,-10,52
1747013143.7783637,-37,-14,50
1747013143.8133633,-9,13,42
1747013143.8483634,-7,-20,100
1747013143.8833632,18,-40,16
1747013143.9193633,-29,57,22
1747013143.9553633,-2,2,68
1747013143.9903634,10,29,-15
1747013144.0263634,40,-34,100
1747013144.0613637,27,-9,-1
1747013144.0963633,53,-19,146
1747013144.1313634,40,-18,-1
1747013144.1673634,-27,-84,25
1747013144.2033634,-15,72,-34
1747013144.2383633,54,8,76
1747013144.2743633,34,38,2
1747013144.3093634,14,52,34
1747013144.3443637,-49,-31,-37
1747013144.3793633,-45,-6,84
1747013144.4153633,-25,-58,53
1747013144.451363,20,-35,100
1747013144.4863634,70,-71,168
1747013144.5223634,-19,54,27
1747013144.5573633,84,16,-42
1747013144.5923634,-39,20,61
1747013144.6273634,-7,80,3
1747013144.6633637,3,-16,181
1747013144.6993637,-93,-33,-8
1747013144.7343633,-42,-38,-18
1747013144.770363,18,33,65
1747013144.8053634,-17,8,-70
1747013144.8403633,14,30,-18
1747013144.875363,-8,-39,110
1747013144.9113634,19,0,132
1747013144.9473634,27,20,82
1747013144.9823637,50,4,118
1747013145.0183637,30,-27,50
1747013145.053363,-9,32,102
1747013145.0883634,6,-27,105
1747013145.1233633,48,-1,1
1747013145.1593633,32,20,71
1747013145.1953633,40,-5,-8
1747013145.2303634,8,-29,103
1747013145.2663634,102,-31,9
1747013145.3013637,40,-9,63
1747013145.3363633,42,22,75
1747013145.3713634,10,2,63
1747013145.4073634,90,-7,63
1747013145.4433634,-17,-63,31
1747013145.4783633,26,78,55
1747013145.5143633,25,-15,129
1747013145.5493634,39,-80,37
1747013145.5843637,-6,-126,99
1747013145.6193633,-1,-2,89
1747013145.655363,36,45,73
1747013145.691363,96,39,-40
1747013145.7263634,-13,21,33
1747013145.7623634,-29,5,85
1747013145.7973633,-63,73,75
1747013145.8323634,-63,11,43
1747013145.8673637,36,53,53
1747013145.9033637,-3,23,57
1747013145.9393632,8,-18,29
1747013145.974363,-5,59,75
1747013146.010363,-33,35,39
1747013146.0453634,-98,36,185
1747013146.0803633,76,51,-10
1747013146.1153634,38,-57,77
1747013146.1513634,27,-6,-8
1747013146.1873634,-10,-12,81
1747013146.2223637,-10,-66,153
1747013146.2583632,65,17,39
1747013146.293363,43,-20,57
1747013146.3283634,39,-4,-36
1747013146.3633633,41,9,-30
1747013146.3993633,-28,-68,125
1747013146.4353633,-36,5,89
1747013146.4703634,-31,-16,121
1747013146.5063634,2,49,88
1747013146.5413637,-17,-16,47
1747013146.576363,14,-8,101
1747013146.6113634,54,33,49
1747013146.6473634,-37,-74,79
1747013146.6903634,69,50,26
1747013146.7263634,7,20,60
1747013146.7623634,0,-21,14
1747013146.7973633,15,14,40
1747013146.8323634,63,38,-23
1747013146.8683634,-49,25,90
1747013146.9033637,65,10,42
1747013146.9393632,82,-18,12
1747013146.974363,30,57,40
1747013147.010363,4,-66,76
1747013147.0453634,44,109,124
1747013147.0803633,74,-66,-3
1747013147.1163633,-11,-8,-57
1747013147.1513634,13,14,102
1747013147.1873634,82,19,92
1747013147.2223637,-8,40,70
1747013147.2583632,-34,64,62
1747013147.293363,34,19,224
1747013147.3283634,30,19,78
1747013147.3643634,-17,25,124
1747013147.3993633,-27,31,166
1747013147.4353633,-13,5,110
1747013147.4703634,-3,49,38
1747013147.5063634,30,-32,136
1747013147.5413637,54,-19,16
1747013147.576363,72,0,130
1747013147.612363,18,1,172
1747013147.6473634,36,73,108
1747013147.6833634,-23,49,184
1747013147.7183633,25,-62,54
1747013147.7543633,-11,-22,120
1747013147.7893634,59,7,136
1747013147.8243637,30,-62,36
1747013147.8603632,40,-14,100
1747013147.895363,-33,27,54
1747013147.931363,-49,77,76
1747013147.9663634,-59,-19,40
1747013148.0023634,-23,62,94
1747013148.0373633,-7,-7,46
1747013148.0723634,-37,-4,128
1747013148.1083634,-59,-62,100
1747013148.1433637,-31,58,18
1747013148.1793633,-3,76,-29
1747013148.214363,-13,-43,108
1747013148.250363,19,-22,90
1747013148.2853634,-67,-69,136
1747013148.3203633,89,-46,2
1747013148.3563633,-58,-34,30
1747013148.3913634,65,17,206
1747013148.4273634,-48,-6,74
1747013148.4623632,30,40,100
1747013148.497363,-39,-61,-27
1747013148.5323634,-31,-6,128
1747013148.5683634,-23,-9,14
1747013148.6043634,6,-5,240
1747013148.6393633,40,0,40
1747013148.6753633,16,16,116
1747013148.7103634,48,-1,38
1747013148.7453637,10,-47,40
1747013148.780363,60,-9,114
1747013148.816363,22,-23,70
1747013148.852363,8,32,36
1747013148.8873634,10,-21,26
1747013148.9233634,26,38,150
1747013148.9583633,21,-19,190
1747013148.9933634,89,80,112
1747013149.0283637,-2,-25,50
1747013149.0643632,-4,7,12
1747013149.1003633,80,-63,88
1747013149.135363,29,-1,171
1747013149.1713634,-44,-5,133
1747013149.2063634,-40,22,107
1747013149.2413633,-40,-37,103
1747013149.2763634,0,-48,117
1747013149.3123634,-41,-12,73
1747013149.3483634,11,54,9
1747013149.3833632,-44,-13,41
1747013149.4193633,48,11,-96
1747013149.454363,-63,31,85
1747013149.4893634,-39,-2,139
1747013149.5243633,11,-54,111
1747013149.5603633,-34,3,-6
1747013149.5963633,14,-61,30
1747013149.6313634,-23,-41,189
1747013149.6673634,-52,19,119
1747013149.7023633,73,-78,97
1747013149.737363,8,-96,105
1747013149.7723634,-11,-38,93
1747013149.8083634,16,-42,69
1747013149.8443637,31,1,157
1747013149.8793633,-60,0,109
1747013149.9153633,18,5,75
1747013149.9503634,-11,-5,-2
1747013149.9853632,-73,-85,37
1747013150.020363,38,-1,59
1747013150.056363,72,43,101
1747013150.0923634,8,-78,103
1747013150.1273634,40,23,117
1747013150.1633637,32,-75,83
1747013150.1983633,32,-4,39
1747013150.2333634,54,43,32
1747013150.2683637,86,-16,34
1747013150.3043633,-31,28,28
1747013150.3403633,63,42,34
1747013150.375363,-25,-5,52
1747013150.4113634,-3,28,-53
1747013150.4463634,50,14,-56
1747013150.4813633,-3,38,41
1747013150.5163634,-29,22,97
1747013150.5523634,17,48,-10
1747013150.5883634,-24,-49,53
1747013150.6233633,-30,12,97
1747013150.6593633,-17,-5,-80
1747013150.6943634,70,62,67
1747013150.7293634,-65,-38,165
1747013150.7643633,-25,16,235
1747013150.8003633,-50,8,83
1747013150.8363633,31,22,-4
1747013150.8713634,19,-57,91
1747013150.9073634,-68,-67,87
1747013150.9423633,23,-21,53
1747013150.977363,-22,-65,119
1747013151.0123634,-4,-75,65
1747013151.0483634,0,6,5
1747013151.0843637,21,19,-8
1747013151.1193633,-41,-21,-18
1747013151.155363,-3,-25,17
1747013151.1903634,72,0,43
1747013151.2253633,-31,-71,135
1747013151.260363,-32,9,121
1747013151.2963634,57,-6,77
1747013151.3323634,79,-82,31
1747013151.3673637,75,-26,241
1747013151.4033637,-14,-26,19
1747013151.4383633,37,43,-8
1747013151.4733634,-54,3,75
1747013151.5083632,-114,-44,127
1747013151.5443633,9,87,27
1747013151.5803633,53,-50,87
1747013151.6153634,13,56,65
1747013151.6513634,-98,18,105
1747013151.6863637,82,31,29
1747013151.7213633,-37,17,-42
1747013151.7563634,-7,1,89
1747013151.7923634,11,-58,-14
1747013151.8283634,57,-46,37
1747013151.8633633,5,-78,61
1747013151.8993633,-22,19,43
1747013151.9343634,-30,-2,-32
1747013151.9693637,-12,-20,103
1747013152.0053637,39,-122,27
1747013152.0403633,-4,-10,-40
1747013152.076363,33,-2,99
1747013152.1113634,13,-28,31
1747013152.1473634,13,65,-70
1747013152.1823633,-8,-44,219
1747013152.2173634,24,-31,199
1747013152.2533634,40,20,127
1747013152.2883637,25,-25,61
1747013152.3243637,1,34,165
1747013152.3593633,57,34,81
1747013152.395363,-4,6,115
1747013152.4303634,-28,-105,-22
1747013152.4653633,-30,-51,37
1747013152.5013633,-5,-49,-28
1747013152.5363634,-5,14,77
1747013152.5723634,42,98,-14
1747013152.6073637,-25,24,85
1747013152.6433637,64,74,57
1747013152.678363,54,-41,115
1747013152.7133634,0,14,105
1747013152.7493634,-3,14,3
1747013152.7843633,-1,61,121
1747013152.8203633,0,-74,27
1747013152.8553634,-39,21,51
1747013152.8913634,44,-49,137
1747013152.9273634,82,-67,97
1747013152.9633634,4,31,137
1747013152.9983633,21,94,133
1747013153.033363,-1,-67,-4
1747013153.0693634,14,24,-44
1747013153.1043634,30,-49,151
1747013153.1403637,10,-35,209
1747013153.1753633,-31,22,113
1747013153.2113633,6,66,73
1747013153.2463634,48,26,57
1747013153.2813632,8,34,21
1747013153.3173633,0,-3,-30
1747013153.352363,26,-55,97
1747013153.3883634,74,-7,149
1747013153.4233634,-42,-54,111
1747013153.4593637,0,18,-36
1747013153.4943633,-3,48,189
1747013153.5293634,-85,-67,69
1747013153.5653634,-88,37,45
1747013153.6003633,-2,59,21
1747013153.6363633,48,62,103
1747013153.6713634,-56,-56,49
1747013153.7073634,-41,-71,133
1747013153.7433634,44,-85,37
1747013153.7783637,-62,3,-44
1747013153.8133633,45,9,55
1747013153.849363,9,69,107
1747013153.885363,-81,-37,73
1747013153.9203634,-23,-21,105
1747013153.9563634,-16,5,31
1747013153.9913633,39,31,123
1747013154.0263634,26,-1,179
1747013154.0613637,-51,-9,63
1747013154.0973637,66,-15,-36
1747013154.1333632,-17,64,131
1747013154.168363,41,47,65
1747013154.204363,-48,-4,217
1747013154.2393634,-24,35,131
1747013154.2743633,9,-29,17
1747013154.3093634,45,10,41
1747013154.3453634,-8,-53,119
1747013154.3813634,-8,32,27
1747013154.4163637,3,9,175
1747013154.4523633,-6,-14,59
1747013154.487363,-18,51,41
1747013154.5223634,10,-17,3
1747013154.5573633,30,28,49
1747013154.5933633,30,-3,0
1747013154.6293633,-5,52,-6
1747013154.6643634,-9,-23,77
1747013154.7003634,18,-59,95
1747013154.7353632,8,-17,104
1747013154.770363,70,0,-73
1747013154.8053634,4,56,6
1747013154.8413634,34,-3,116
1747013154.8773634,-94,37,-11
1747013154.9123633,3,-96,104
1747013154.9483633,-19,78,50
1747013154.9833634,26,26,60
1747013155.0183637,2,30,52
1747013155.053363,10,-1,-97
1747013155.089363,-1,-83,-23
1747013155.125363,-35,-37,18
1747013155.1603634,3,-7,84
1747013155.1963634,-14,-9,114
1747013155.2313633,30,-35,106
1747013155.2663634,93,2,-63
1747013155.3013637,95,-7,-3
1747013155.3373632,-6,54,146
1747013155.3733633,9,2,44
1747013155.408363,71,-45,110
1747013155.4443634,-14,-11,102
1747013155.4793634,-38,-23,18
1747013155.5143633,20,-51,130
1747013155.5493634,-35,-35,6
1747013155.5853634,-25,-37,40
1747013155.6213634,27,20,154
1747013155.6573634,-72,-7,20
1747013155.6933634,-78,-29,84
1747013155.7283633,-107,36,28
1747013155.7643633,-63,-5,90
1747013155.7993634,42,14,90
1747013155.8343637,-35,-19,-127
1747013155.8693633,24,8,72
1747013155.905363,17,-29,104
1747013155.941363,-12,49,164
1747013155.9763634,-40,49,244
1747013156.0123634,-6,-30,24
1747013156.0473633,-32,-40,180
1747013156.0823634,-47,-73,184
1747013156.1173637,-21,34,-5
1747013156.1533637,-6,15,122
1747013156.1893632,-41,-25,142
1747013156.224363,17,-21,10
1747013156.260363,32,-4,26
1747013156.2953634,-48,112,148
1747013156.3303633,0,-25,104
1747013156.3653634,57,-11,-17
1747013156.4013634,-14,-1,-13
1747013156.4373634,-34,64,26
1747013156.4723637,17,12,182
1747013156.5083632,4,-32,134
1747013156.543363,46,15,48
1747013156.5783634,-53,-44,54
1747013156.6133633,-37,25,102
1747013156.6493633,-11,-30,12
1747013156.6923633,-39,12,24
1747013156.7283633,0,-39,-59
1747013156.7643633,-23,-17,158
1747013156.7993634,-61,58,38
1747013156.8343637,24,-13,-125
1747013156.8693633,-31,-17,2
1747013156.905363,36,34,66
1747013156.941363,4,-7,-55
1747013156.9763634,84,-37,142
1747013157.0123634,-15,3,124
1747013157.0473633,-101,0,36
1747013157.0823634,-39,-68,88
1747013157.1183634,40,15,-59
1747013157.1533637,-63,-4,32
1747013157.1893632,64,67,8
1747013157.224363,-21,1,82
1747013157.260363,-18,41,86
1747013157.2953634,68,-4,262
1747013157.3303633,52,41,-13
1747013157.3663633,-79,61,114
1747013157.4013634,-6,-48,154
1747013157.4373634,22,29,98
1747013157.4723637,16,9,42
1747013157.5083632,-3,-50,114
1747013157.543363,24,-56,48
1747013157.5783634,-43,33,52
1747013157.6143634,14,33,90
1747013157.6493633,20,-2,-13
1747013157.6853633,112,-22,30
1747013157.7203634,80,-8,190
1747013157.7563634,21,22,160
1747013157.7913637,-16,-3,84
1747013157.826363,-93,-67,112
1747013157.862363,42,-25,42
1747013157.8973634,-37,-61,148
1747013157.9333634,30,-63,102
1747013157.9683633,-55,-51,126
1747013158.0043633,59,-54,166
1747013158.0393634,-20,75,198
1747013158.0743637,-16,-95,100
1747013158.1103632,33,50,118
1747013158.145363,17,21,82
1747013158.181363,10,-3,178
1747013158.2163634,4,36,62
1747013158.2523634,12,42,64
1747013158.2873633,64,50,34
1747013158.3223634,54,-25,-57
1747013158.3583634,38,40,182
1747013158.3933637,35,4,94
1747013158.4293633,-7,-19,14
1747013158.464363,-7,46,44
1747013158.500363,0,40,32
1747013158.5353634,49,-52,-21
1747013158.5703633,59,53,60
1747013158.6063633,5,-12,-95
1747013158.6413634,21,-36,110
1747013158.6773634,103,-22,130
1747013158.7123632,59,-32,188
1747013158.747363,25,23,102
1747013158.7823634,-40,53,-13
1747013158.8183634,17,-11,70
1747013158.8543634,-38,70,42
1747013158.8893633,-3,55,121
1747013158.9253633,78,-42,99
1747013158.9603634,32,34,78
1747013158.9953637,14,-31,30
1747013159.030363,23,19,60
1747013159.066363,95,-10,54
1747013159.102363,-75,-8,46
1747013159.1373634,84,35,-17
1747013159.1733634,-54,-41,173
1747013159.2083633,40,25,97
1747013159.2433634,-47,9,133
1747013159.2783637,-55,-56,81
1747013159.3143632,-5,13,-15
1747013159.3503633,22,5,-1
1747013159.385363,6,-76,58
1747013159.4213634,24,39,185
1747013159.4563634,-42,-60,63
1747013159.4913633,43,35,-20
1747013159.5263634,-63,19,103
1747013159.5623634,87,-34,99
1747013159.5983634,41,-30,169
1747013159.6333632,-18,-46,97
1747013159.6693633,55,-49,125
1747013159.704363,-19,35,65
1747013159.7393634,-45,51,253
1747013159.7743633,6,25,75
1747013159.8103633,29,-48,153
1747013159.8463633,-39,9,131
1747013159.8813634,32,-86,-74
1747013159.9173634,42,13,33
1747013159.9523633,16,67,89
1747013159.987363,4,-28,131
1747013160.0223634,-13,-10,99
1747013160.0583634,48,9,121
1747013160.0943637,-43,-64,87
1747013160.1293633,58,-15,63
1747013160.1653633,-25,53,171
1747013160.2003634,2,57,45
1747013160.2353632,-19,21,-4
1747013160.270363,16,-2,151
1747013160.306363,52,-14,43
1747013160.3423634,8,-56,-30
1747013160.3773634,20,-14,-54
1747013160.4133637,16,39,37
1747013160.4483633,78,-9,163
1747013160.4833634,2,-9,71
1747013160.5183637,-9,32,37
1747013160.5543633,0,51,51
1747013160.5903633,47,-50,57
1747013160.625363,78,-74,-6
1747013160.6613634,11,38,99
1747013160.6963634,-38,-11,107
1747013160.7313633,79,-49,7
1747013160.7663634,71,-33,-24
1747013160.8023634,-12,-65,-14
1747013160.8383634,29,6,100
1747013160.8733633,-4,102,-27
1747013160.9093633,-54,12,62
1747013160.9443634,37,-25,270
1747013160.9793634,35,4,46
1747013161.0143633,97,2,-23
1747013161.0503633,-26,-11,46
1747013161.0863633,33,-19,16
1747013161.1213634,41,66,66
1747013161.1573634,0,-1,-11
1747013161.1923633,35,10,34
1747013161.227363,54,23,80
1747013161.2623634,25,-21,86
1747013161.2983634,127,31,136
1747013161.3343637,49,-24,100
1747013161.3693633,-26,-14,92
1747013161.405363,-14,-48,148
1747013161.4403634,23,37,128
1747013161.4753633,67,57,42
1747013161.510363,-5,-7,44
1747013161.5463634,67,11,68
1747013161.5823634,11,-2,86
1747013161.6173637,14,-27,58
1747013161.6533637,86,124,66
1747013161.6883633,53,52,50
1747013161.7233634,-35,-33,128
1747013161.7583632,-33,-37,78
1747013161.7943633,-35,-7,-15
1747013161.8303633,84,-68,162
1747013161.8653634,-17,-33,104
1747013161.9013634,14,-43,92
1747013161.9363637,-49,0,90
1747013161.9713633,14,-27,180
1747013162.007363,-16,-36,16
1747013162.0423634,28,50,58
1747013162.0783634,-45,-9,78
1747013162.1133633,14,50,70
1747013162.1493633,-49,-41,52
1747013162.1843634,-54,8,202
1747013162.2193637,0,21,-57
1747013162.2553637,20,49,128
1747013162.2903633,14,-44,168
1747013162.326363,42,-28,-75
1747013162.3613634,-47,17,130
1747013162.3973634,-17,79,40
1747013162.4323633,-83,-10,160
1747013162.4673634,4,5,-25
1747013162.5033634,-54,-40,-37
1747013162.5383637,75,21,94
1747013162.5743637,-74,-2,16
1747013162.6093633,65,-28,153
1747013162.645363,-34,31,40
1747013162.6803634,1,89,-28
1747013162.7153633,-19,0,99
1747013162.7513633,0,15,15
1747013162.7863634,-28,9,93
1747013162.8223634,-5,49,186
1747013162.8573637,78,39,-93
1747013162.8933637,-49,-2,28
1747013162.928363,-27,-38,72
1747013162.9633634,-33,26,100
1747013162.9993634,-87,-5,-87
1747013163.0343633,-27,30,96
1747013163.0703633,-45,26,74
1747013163.1053634,60,-39,31
1747013163.1403637,-17,-5,-1
1747013163.1753633,-3,-33,12
1747013163.2113633,-3,72,76
1747013163.247363,61,20,132
1747013163.2823634,-10,26,12
1747013163.3183634,10,-21,-52
1747013163.3533633,18,90,43
1747013163.3893633,49,-69,9
1747013163.4243634,-32,-39,73
1747013163.4593637,29,-51,87
1747013163.4953637,58,2,49
1747013163.530363,19,-33,48
1747013163.566363,14,-59,154
1747013163.6013634,-41,33,135
1747013163.6373634,-35,0,43
1747013163.6723633,-67,-31,141
1747013163.7073634,0,0,79
1747013163.7433634,-94,12,86
1747013163.7783637,-77,-31,117
1747013163.8143632,-63,33,43
1747013163.849363,12,-58,67
1747013163.885363,74,29,113
1747013163.9213634,11,10,81
1747013163.9563634,80,41,50
1747013163.9913633,37,4,-23
1747013164.0273633,-21,20,142
1747013164.0633633,-26,71,178
1747013164.0983634,3,9,132
1747013164.1343634,-34,-8,-57
1747013164.1693633,18,-28,96
1747013164.204363,17,-21,146
1747013164.2393634,-65,31,160
1747013164.2753634,-43,19,-41
1747013164.3113637,36,0,134
1747013164.3463633,-56,17,72
1747013164.382363,-26,21,6
1747013164.4173634,-37,-54,60
1747013164.4523633,17,0,180
1747013164.487363,-73,-40,14
1747013164.5233634,51,20,43
1747013164.5593634,39,-66,69
1747013164.5943637,57,-16,111
1747013164.6303637,-6,55,71
1747013164.6653633,55,-50,23
1747013164.7003634,-24,-20,7
1747013164.7353632,-36,-42,119
1747013164.7713633,5,0,83
1747013164.8073633,-52,23,33
1747013164.8423634,17,37,143
1747013164.8783634,-25,18,149
1747013164.9133637,72,-51,135
1747013164.9483633,106,-37,-12
1747013164.9833634,58,-17,172
1747013165.0193634,0,64,-30
1747013165.0553634,-51,52,-110
1747013165.0903633,0,35,156
1747013165.1263633,23,-80,32
1747013165.1613634,57,-50,34
1747013165.1963634,-76,49,80
1747013165.2313633,17,76,71
1747013165.2673633,9,-9,144
1747013165.303363,-127,3,20
1747013165.3383634,22,-20,56
1747013165.3743634,-1,-54,12
1747013165.4093633,-69,-20,34
1747013165.4443634,-48,2,18
1747013165.4793634,-38,34,46
1747013165.5153637,-22,-13,4
1747013165.5513637,14,55,12
1747013165.5863633,89,-7,152
1747013165.622363,9,8,44
1747013165.6573634,43,14,-31
1747013165.6923633,47,64,182
1747013165.727363,-1,-32,46
1747013165.7633634,-57,-72,78
1747013165.7993634,18,43,6
1747013165.8343637,-6,32,4
1747013165.8703637,-14,36,-63
1747013165.905363,19,36,18
1747013165.9403634,-102,-39,78
1747013165.9753633,43,0,52
1747013166.0113633,-65,-56,68
1747013166.0473633,-3,0,110
1747013166.0823634,30,-30,90
1747013166.1183634,66,-28,154
1747013166.1533637,76,29,102
1747013166.1883633,-7,-26,122
1747013166.2233634,24,-32,126
1747013166.2593634,93,40,174
1747013166.2953634,-12,38,82
1747013166.3303633,-17,-34,86
1747013166.3663633,77,-9,63
1747013166.4013634,44,-24,19
1747013166.4363637,-31,43,23
1747013166.4713633,17,80,151
1747013166.507363,28,-50,33
1747013166.543363,36,-10,45
1747013166.5783634,68,-2,47
1747013166.6143634,14,-6,175
1747013166.6493633,16,39,71
1747013166.6843634,-29,-12,37
1747013166.727363,-17,-24,139
1747013166.7633634,-35,-20,-32
1747013166.7993634,-13,71,119
1747013166.8343637,-47,-39,271
1747013166.8703637,82,15,135
1747013166.905363,20,-4,43
1747013166.9403634,70,45,101
1747013166.9753633,72,33,60
1747013167.0113633,-5,-8,-31
1747013167.0473633,-13,-8,106
1747013167.0823634,-59,-48,96
1747013167.1183634,88,55,15
1747013167.1533637,42,23,180
1747013167.1883633,6,15,90
1747013167.224363,16,5,-9
1747013167.2593634,13,46,39
1747013167.2953634,-50,60,13
1747013167.3303633,-42,-13,27
1747013167.3663633,83,12,91
1747013167.4013634,-36,-11,109
1747013167.4363637,7,60,-12
1747013167.4723637,25,-71,31
1747013167.507363,-48,100,-2
1747013167.543363,-40,-57,-22
1747013167.5783634,-105,20,129
1747013167.6143634,-39,14,161
1747013167.6493633,-23,-86,23
1747013167.6843634,-55,68,85
1747013167.7203634,78,31,201
1747013167.7553637,-6,-48,37
1747013167.7913637,-92,-14,-6
1747013167.826363,39,8,-102
1747013167.862363,33,-51,31
1747013167.8973634,21,-88,7
1747013167.9323633,-16,-2,-64
1747013167.9683633,48,6,89
1747013168.0033634,54,48,125
1747013168.0393634,1,-30,71
1747013168.0743637,-58,-41,111
1747013168.1103632,3,28,45
1747013168.145363,-5,29,45
1747013168.1803634,79,20,169
1747013168.2163634,-26,3,157
1747013168.2513633,-62,95,43
1747013168.2873633,53,61,67
1747013168.3223634,-8,-14,105
1747013168.3583634,49,53,109
1747013168.3933637,-16,-22,83
1747013168.428363,-14,13,61
1747013168.464363,9,55,65
1747013168.4993634,15,1,49
1747013168.5353634,-26,-13,107
1747013168.5703633,-14,66,83
1747013168.6063633,-26,36,157
1747013168.6413634,-39,8,37
1747013168.6763637,78,22,219
1747013168.7123632,-11,6,1
1747013168.747363,-19,74,-92
1747013168.783363,-15,44,67
1747013168.8183634,32,-35,129
1747013168.8543634,-17,-13,-6
1747013168.8903637,14,-16,151
1747013168.9263637,-9,-4,10
1747013168.9623632,-87,21,118
1747013168.997363,-3,19,136
1747013169.0323634,-29,-4,141
1747013169.0683634,4,7,55
1747013169.1043634,3,14,44
1747013169.1393633,66,42,150
1747013169.1753633,66,38,70
1747013169.2103634,-46,8,25
1747013169.2453637,129,40,56
1747013169.280363,13,-20,45
1747013169.316363,-12,-83,85
1747013169.352363,8,35,39
1747013169.3873634,8,-20,75
1747013169.4233634,-31,51,102
1747013169.4583633,-49,-16,36
1747013169.4933634,4,-96,78
1747013169.5283637,20,-12,120
1747013169.5643632,22,59,54
1747013169.6003633,52,-39,110
1747013169.635363,-21,-25,-63
1747013169.6713634,34,-40,80
1747013169.7063634,59,-7,-33
1747013169.7413633,-40,-35,42
1747013169.7763634,-52,32,76
1747013169.8123634,33,-43,-13
1747013169.8483634,69,22,86
1747013169.8833632,-48,-33,174
1747013169.9193633,92,39,-49
1747013169.954363,-15,-62,66
1747013169.9893634,-36,40,-1
1747013170.0243633,-57,79,76
1747013170.0603633,3,8,22
1747013170.0963633,-103,13,52
1747013170.132363,38,-39,139
1747013170.168363,28,-64,109
1747013170.2033634,-67,61,81
1747013170.2393634,-45,-28,111
1747013170.2743633,25,65,119
1747013170.3093634,16,-13,83
1747013170.3443637,67,87,159
1747013170.3803637,95,34,119
1747013170.4163637,-6,25,155
1747013170.451363,27,19,149
1747013170.487363,-36,-38,-42
1747013170.5223634,29,33,-26
1747013170.5573633,33,-32,131
1747013170.5923634,-90,-20,0
1747013170.6283634,-20,25,-10
1747013170.6643634,79,81,121
1747013170.6993637,1,9,215
1747013170.7353632,27,-58,13
1747013170.770363,-66,83,151
1747013170.8053634,63,-26,71
1747013170.8403633,-60,13,-46
1747013170.8763633,21,-12,41
1747013170.9123633,33,-44,143
1747013170.9473634,-24,-96,24
1747013170.9833634,-8,83,112
1747013171.0183637,3,9,126
1747013171.053363,-24,11,160
1747013171.0883634,27,-16,78
1747013171.1243634,-27,3,126
1747013171.1603634,71,-10,10
1747013171.1953633,-16,-38,136
1747013171.2313633,-52,31,214
1747013171.2663634,71,-30,114
1747013171.3013637,89,3,166
1747013171.3363633,89,5,-25
1747013171.372363,11,-23,30
1747013171.408363,37,-19,66
1747013171.4433634,-10,27,214
1747013171.4793634,4,-36,74
1747013171.5143633,60,-50,62
1747013171.5493634,-45,-94,58
1747013171.5843637,18,5,14
1747013171.6203637,4,-48,108
1747013171.6563632,-21,17,-39
1747013171.691363,-53,31,100
1747013171.727363,65,9,-13
1747013171.7623634,50,-46,26
1747013171.7973633,-11,-6,72
1747013171.8323634,-55,-24,168
1747013171.8683634,16,63,54
1747013171.9043634,0,9,12
1747013171.9393632,16,-7,96
1747013171.9753633,18,-54,82
1747013172.010363,-19,-41,136
1747013172.0453634,4,115,-57
1747013172.0803633,-53,-18,92
1747013172.1163633,41,-17,86
1747013172.1523633,34,-52,142
1747013172.1873634,-28,24,166
1747013172.2233634,-6,14,116
1747013172.2583632,29,35,62
1747013172.293363,-60,-23,92
1747013172.329363,8,-12,106
1747013172.3643634,-5,-12,90
1747013172.4003634,-22,-9,54
1747013172.4353633,70,-24,126
1747013172.4713633,72,-34,146
1747013172.5063634,38,-3,52
1747013172.5413637,140,-81,-5
1747013172.5773633,47,4,-21
1747013172.612363,17,-43,28
1747013172.6483634,27,-81,64
1747013172.6833634,4,34,116
1747013172.7193637,-9,-25,28
1747013172.7543633,-93,-23,90
1747013172.7893634,-71,52,-57
1747013172.8253634,-1,-29,36
1747013172.8603632,8,-15,32
1747013172.8963633,-75,58,88
1747013172.931363,16,-47,110
1747013172.9673634,51,-38,102
1747013173.0023634,15,-60,68
1747013173.0373633,-28,53,-21
1747013173.0733633,47,-30,84
1747013173.1083634,-2,5,56
1747013173.1443634,45,-18,174
1747013173.1793633,23,7,119
1747013173.2153633,13,-42,-12
1747013173.250363,57,-30,109
1747013173.2853634,36,4,-52
1747013173.3213634,60,-23,141
1747013173.3563633,51,-32,83
1747013173.3923633,35,-58,110
1747013173.4273634,51,23,100
1747013173.4633634,1,-18,164
1747013173.4983633,39,0,250
1747013173.533363,5,-18,-65
1747013173.5693634,33,-16,114
1747013173.6043634,-21,-53,230
1747013173.6403637,-43,-9,-3
1747013173.6753633,104,-81,92
1747013173.7113633,-11,-9,156
1747013173.7463634,16,36,100
1747013173.7813632,-29,30,14
1747013173.8173633,7,16,22
1747013173.852363,-18,-29,-31
1747013173.8883634,43,-13,190
1747013173.9233634,32,8,60
1747013173.9593637,26,10,64
1747013173.9953637,-12,10,56
1747013174.0313632,-7,54,88
1747013174.0673633,-42,-4,-9
1747013174.1033633,7,101,180
1747013174.1393633,-14,57,120
1747013174.1743634,-2,-7,104
1747013174.2093637,7,32,64
1747013174.2453637,-7,-13,44
1747013174.2813632,38,14,110
1747013174.316363,-44,-30,70
1747013174.352363,7,-20,96
1747013174.3873634,92,26,-87
1747013174.4223633,1,31,182
1747013174.4573634,77,-4,62
1747013174.4933634,-42,109,80
1747013174.5293634,75,-76,-63
1747013174.5643632,59,51,112
1747013174.6003633,-10,55,36
1747013174.635363,1,29,86
1747013174.6703634,15,11,36
1747013174.7053633,31,-3,114
1747013174.7413633,-38,-29,62
1747013174.7773633,43,24,130
1747013174.8123634,-46,22,98
1747013174.8483634,89,100,66
1747013174.8833632,49,32,90
1747013174.918363,47,12,16
1747013174.9533634,11,-33,58
1747013174.9893634,40,61,134
1747013175.0253634,73,28,90
1747013175.0603633,41,20,138
1747013175.0963633,21,-55,174
1747013175.1313634,17,4,-29
1747013175.1663637,23,-17,198
1747013175.201363,-20,-35,16
1747013175.237363,-10,54,148
1747013175.2733634,-20,-5,24
1747013175.3083634,15,18,152
1747013175.3443637,-40,-73,-69
1747013175.3793633,-64,-17,26
1747013175.4143634,9,-13,8
1747013175.4493637,19,-15,76
1747013175.4853632,47,-1,80
1747013175.5213633,23,-67,196
1747013175.556363,-5,6,80
1747013175.5923634,-42,6,212
1747013175.6273634,-98,33,-67
1747013175.6623633,-78,-33,8
1747013175.6973634,25,44,130
1747013175.7333634,40,-40,76
1747013175.7693634,-39,-22,84
1747013175.8043633,44,-20,2
1747013175.8403633,-25,-54,10
1747013175.875363,52,-8,100
1747013175.9103634,0,1,78
1747013175.9453633,-15,-16,36
1747013175.9813633,88,9,92
1747013176.0173633,-9,-60,88
1747013176.0523634,36,-14,110
1747013176.0883634,-125,25,100
1747013176.1233633,-58,-1,100
1747013176.158363,83,-11,180
1747013176.1933634,29,60,80
1747013176.2293634,13,-9,30
1747013176.2653637,11,18,70
1747013176.3003633,-40,-34,16
1747013176.3363633,5,-44,52
1747013176.3713634,51,67,128
1747013176.4063632,-34,12,34
1747013176.441363,49,42,78
1747013176.477363,0,-41,-69
1747013176.5133634,-42,-31,10
1747013176.5483634,-57,27,158
1747013176.5843637,-39,-20,106
1747013176.6193633,34,-24,82
1747013176.6543634,-4,-4,184
1747013176.6893632,55,-32,132
1747013176.7313633,66,-10,84
1747013176.7683637,-70,-5,28
1747013176.803363,16,69,194
1747013176.8383634,-43,-28,30
1747013176.8733633,-49,57,114
1747013176.9093633,22,47,-1
1747013176.9453633,-67,-32,85
1747013176.9803634,-51,0,62
1747013177.0163634,21,-45,34
1747013177.0513637,-26,82,187
1747013177.0863633,6,-4,34
1747013177.1213634,-35,12,-51
1747013177.1573634,20,27,117
1747013177.1933634,1,-73,163
1747013177.2283633,96,48,117
1747013177.2643633,-35,-33,91
1747013177.2993634,16,-24,-39
1747013177.3343637,50,-48,44
1747013177.3703637,14,-20,94
1747013177.405363,-17,-4,-64
1747013177.441363,6,52,106
1747013177.4763634,58,54,6
1747013177.5123634,68,46,38
1747013177.5473633,-60,-13,-5
1747013177.5823634,58,-13,34
1747013177.6183634,-55,-41,94
1747013177.6533637,-33,10,180
1747013177.6893632,42,-35,76
1747013177.724363,146,-89,110
1747013177.760363,-51,2,156
1747013177.7953634,6,63,106
1747013177.8303633,-35,-44,60
1747013177.8663633,78,68,36
1747013177.9013634,38,-47,192
1747013177.9373634,20,-5,-5
1747013177.9723637,34,-37,54
1747013178.0083632,36,-1,6
1747013178.043363,-35,63,20
1747013178.0783634,-16,-48,130
1747013178.1143634,44,-38,34
1747013178.1493633,-59,0,84
1747013178.1853633,-19,49,64
1747013178.2203634,-16,23,110
1747013178.2563634,37,-10,18
1747013178.2913637,-22,53,100
1747013178.326363,1,9,-2
1747013178.362363,-29,-24,-49
1747013178.3973634,-23,9,147
1747013178.4333634,26,35,159
1747013178.4683633,-53,3,73
1747013178.5043633,10,33,171
1747013178.5393634,1,2,11
1747013178.5743637,14,-24,120
1747013178.6103632,63,-13,228
1747013178.645363,-7,31,118
1747013178.681363,4,15,69
1747013178.7163634,31,62,-20
1747013178.7523634,-100,0,164
1747013178.7873633,-18,14,126
1747013178.8223634,115,46,72
1747013178.8583634,-38,-5,70
1747013178.8933637,32,-2,-13
1747013178.9293633,49,35,18
1747013178.964363,77,-23,70
1747013179.000363,15,-11,-15
1747013179.0353634,-47,0,136
1747013179.0703633,-36,6,-31
1747013179.1063633,104,-67,104
1747013179.1413634,18,-53,170
1747013179.1773634,30,-11,30
1747013179.2123632,-21,56,138
1747013179.247363,-31,-19,146
1747013179.2823634,-73,-2,84
1747013179.3183634,-3,-18,78
1747013179.3543634,-49,-24,22
1747013179.3893633,0,77,84
1747013179.4253633,-17,29,80
1747013179.4603634,2,0,-65
1747013179.4953637,54,-22,38
1747013179.530363,-33,-38,108
1747013179.566363,75,-11,-5
1747013179.602363,-29,-20,4
1747013179.6373634,15,-43,90
1747013179.6733634,-27,25,-21
1747013179.7083633,-51,27,62
1747013179.7433634,-65,75,48
1747013179.7783637,-31,35,116
1747013179.8143632,60,5,200
1747013179.8503633,-113,-14,-53
1747013179.885363,-63,-34,38
1747013179.9213634,-2,-17,-5
1747013179.9563634,-35,-12,60
1747013179.9913633,16,57,102
1747013180.0263634,10,17,86
1747013180.0623634,57,43,-31
1747013180.0983634,-56,-8,208
1747013180.1333632,124,21,68
1747013180.1693633,27,32,34
1747013180.204363,80,-76,142
1747013180.2393634,4,-10,42
1747013180.2743633,60,-40,140
1747013180.3103633,8,37,94
1747013180.3463633,16,-4,-53
1747013180.3813634,-43,-56,24
1747013180.4173634,72,1,84
1747013180.4523633,28,-23,153
1747013180.487363,30,4,52
1747013180.5223634,-85,-19,148
1747013180.5583634,79,4,-113
1747013180.5943637,-56,23,53
1747013180.6293633,61,55,154
1747013180.6653633,-27,18,92
1747013180.7003634,65,-4,50
1747013180.7353632,48,-57,62
1747013180.770363,-13,86,-17
1747013180.806363,-91,16,50
1747013180.8423634,-37,-49,90
1747013180.8773634,-49,-29,42
1747013180.9133637,-3,34,116
1747013180.9483633,10,-1,120
1747013180.9833634,-65,-21,-53
1747013181.0183637,-29,-39,58
1747013181.0543633,-38,-4,36
1747013181.0903633,-37,48,198
1747013181.125363,55,-54,16
1747013181.1613634,48,-29,110
1747013181.1963634,-25,-47,0
1747013181.2313633,-12,-70,86
1747013181.2663634,47,-2,-3
1747013181.3023634,5,-46,170
1747013181.3383634,-12,23,162
1747013181.3733633,-13,-23,124
1747013181.4093633,-49,62,-123
1747013181.4443634,-82,-55,114
1747013181.4793634,31,-2,90
1747013181.5143633,68,-39,100
1747013181.5503633,26,-19,142
1747013181.5863633,-21,22,58
1747013181.6213634,-41,24,18
1747013181.6573634,58,30,-36
1747013181.6923633,104,4,10
1747013181.727363,-59,44,48
1747013181.7623634,-9,-15,39
1747013181.7983634,86,46,109
1747013181.8343637,-7,-3,112
1747013181.8693633,-7,-9,146
1747013181.905363,-75,-23,230
1747013181.9403634,2,40,40
1747013181.9753633,-75,32,70
1747013182.010363,-1,-69,224
1747013182.0463634,44,-53,64
1747013182.0823634,-79,-9,-21
1747013182.1173637,-5,-25,82
1747013182.1533637,-67,46,4
1747013182.1883633,-57,-5,170
1747013182.2233634,25,57,-27
1747013182.2583632,-10,-96,16
1747013182.2943633,101,-4,34
1747013182.3303633,105,23,30
1747013182.3653634,-94,31,-35
1747013182.4013634,-44,39,232
1747013182.4363637,19,-8,34
1747013182.4713633,-34,-66,84
1747013182.507363,38,26,86
1747013182.5423634,71,-4,-19
1747013182.5783634,36,2,78
1747013182.6133633,8,-107,118
1747013182.6493633,36,-7,72
1747013182.6843634,88,5,38
1747013182.7193637,-5,15,8
1747013182.7553637,24,60,98
1747013182.7903633,0,-20,-27
1747013182.826363,48,58,116
1747013182.8613634,-21,-20,0
1747013182.8973634,78,-16,-83
1747013182.9323633,-109,-17,54
1747013182.9673634,70,-15,26
1747013183.0033634,-32,-27,118
1747013183.0383637,-31,35,60
1747013183.0743637,-1,-24,118
1747013183.1093633,63,28,52
1747013183.145363,24,-17,82
1747013183.1803634,2,-37,50
1747013183.2153633,-3,-69,106
1747013183.2513633,-79,22,94
1747013183.2863634,28,16,2
1747013183.3223634,50,-17,80
1747013183.3573637,30,-63,104
1747013183.3933637,-3,36,12
1747013183.428363,-18,-53,80
1747013183.4633634,23,-5,96
1747013183.4993634,46,-9,-57
1747013183.5343633,-13,2,83
1747013183.5703633,1,-42,-35
1747013183.6053634,-20,21,122
1747013183.6403637,14,-87,106
1747013183.6753633,28,-17,94
1747013183.7113633,-5,24,128
1747013183.747363,-90,1,46
1747013183.7823634,-36,-10,104
1747013183.8183634,-2,45,112
1747013183.8533633,-57,10,2
1747013183.8893633,89,-8,146
1747013183.9243634,-82,-86,3
1747013183.9593637,1,-50,18
1747013183.9953637,29,-50,-9
1747013184.030363,-17,-39,-21
1747013184.066363,-91,2,78
1747013184.1013634,-7,-30,18
1747013184.1373634,-3,63,72
1747013184.1733634,-89,44,122
1747013184.2093637,8,54,84
1747013184.2453637,35,-57,26
1747013184.280363,-76,28,-166
1747013184.3153634,3,-3,74
1747013184.3513634,21,24,136
1747013184.3873634,-6,2,148
1747013184.4223633,14,-31,194
1747013184.4583633,-27,-11,76
1747013184.4933634,-49,-13,14
1747013184.5283637,-24,-42,78
1747013184.5633633,14,88,9
1747013184.599363,-7,16,91
1747013184.635363,30,-1,151
1747013184.6703634,21,-7,25
1747013184.7063634,-37,-23,59
1747013184.7413633,67,-65,95
1747013184.7763634,18,62,129
1747013184.8113637,-4,-57,65
1747013184.8473637,-32,0,49
1747013184.8833632,3,-27,148
1747013184.918363,30,36,67
1747013184.954363,36,-11,149
1747013184.9893634,51,-11,-16
1747013185.0243633,-68,-11,107
1747013185.0593634,23,24,33
1747013185.0953634,88,28,98
1747013185.1313634,28,0,48
1747013185.1663637,-7,-55,99
1747013185.2023633,16,-11,-38
1747013185.237363,-21,-21,-18
1747013185.2723634,-43,29,-32
1747013185.3073633,16,-63,35
1747013185.3433633,-55,-46,-16
1747013185.3793633,-29,-23,-32
1747013185.4143634,-28,-29,9
1747013185.4503634,-8,-74,127
1747013185.4853632,3,93,69
1747013185.520363,3,14,37
1747013185.5553634,-23,-9,-30
1747013185.5913634,-31,-19,-12
1747013185.6273634,-5,18,125
1747013185.6623633,32,52,181
1747013185.6983633,-37,58,69
1747013185.7333634,77,-1,3
1747013185.7683637,-13,10,11
1747013185.803363,-20,4,126
1747013185.839363,-56,24,48
1747013185.875363,-40,61,50
1747013185.9103634,-28,-23,27
1747013185.9463634,-6,21,63
1747013185.9813633,-61,35,77
1747013186.0163634,1,-22,97
1747013186.0513637,46,47,77
1747013186.0873632,37,-24,127
1747013186.1233633,49,31,49
1747013186.158363,41,-6,49
1747013186.1943634,16,-6,155
1747013186.2293634,-21,55,99
1747013186.2643633,-29,-6,9
1747013186.2993634,24,-31,71
1747013186.3353634,31,-18,159
1747013186.3713634,-12,-6,67
1747013186.4063632,-76,55,129
1747013186.4423633,20,54,73
1747013186.477363,51,45,169
1747013186.5123634,-16,36,76
1747013186.5473633,38,15,12
1747013186.5833633,-4,-51,82
1747013186.6193633,0,-13,6
1747013186.6543634,-36,20,22
1747013186.6903634,-13,-35,118
1747013186.7323637,42,68,-19
1747013186.7683637,-7,-93,58
1747013186.803363,55,6,32
1747013186.839363,3,-49,-28
1747013186.875363,7,68,142
1747013186.9103634,21,-9,-12
1747013186.9463634,-10,-65,13
1747013186.9813633,-8,-25,36
1747013187.0163634,-8,42,45
1747013187.0513637,67,46,85
1747013187.0873632,-6,-63,191
1747013187.1233633,-48,8,123
1747013187.158363,-20,32,101
1747013187.1943634,51,11,63
1747013187.2293634,41,29,89
1747013187.2643633,-78,29,23
1747013187.2993634,-24,-24,41
1747013187.3353634,-44,29,-22
1747013187.3713634,8,15,179
1747013187.4063632,70,-80,161
1747013187.4423633,40,27,120
1747013187.477363,73,17,110
1747013187.5123634,45,16,92
1747013187.5483634,13,-59,225
1747013187.5833633,-8,68,44
1747013187.6193633,-52,-45,130
1747013187.6543634,125,-67,118
1747013187.6903634,-20,40,66
1747013187.7253633,-16,20,41
1747013187.760363,23,-52,125
1747013187.7963634,-37,-47,67
1747013187.8313634,16,-47,145
1747013187.8673637,-8,-2,21
1747013187.9023633,-36,33,107
1747013187.9383633,48,10,133
1747013187.9733634,54,-51,25
1747013188.0083632,35,-54,147
1747013188.0443633,-15,-53,170
1747013188.079363,42,37,2
1747013188.1153634,66,-61,28
1747013188.1503634,44,-65,86
1747013188.1863637,39,-35,214
1747013188.2213633,18,-97,234
1747013188.2563634,-38,18,46
1747013188.2923634,-15,49,180
1747013188.3273633,-3,0,60
1747013188.3633633,-34,-63,64
1747013188.3983634,-39,61,103
1747013188.4343634,60,-2,40
1747013188.4693637,50,51,26
1747013188.5043633,100,-5,22
1747013188.5403633,56,-7,40
1747013188.5753634,-9,-2,170
1747013188.6113634,40,21,187
1747013188.6463633,3,-17,50
1747013188.6823633,-70,2,-10
1747013188.7173634,120,-20,29
1747013188.7523634,42,13,174
1747013188.7883637,20,51,114
1747013188.8233633,22,-26,44
1747013188.8593633,37,-71,134
1747013188.8943634,-32,-29,16
1747013188.9303634,-41,-81,-19
1747013188.9653633,25,4,122
1747013189.000363,-27,28,164
1747013189.0363634,27,56,33
1747013189.0713634,-30,-15,121
1747013189.1073637,12,-38,17
1747013189.1423633,-45,1,133
1747013189.178363,-35,49,141
1747013189.2133634,-27,29,-28
1747013189.2483633,-35,-8,103
1747013189.2843633,8,15,189
1747013189.3193634,23,22,9
1747013189.3553634,21,20,43
1747013189.3903637,46,5,51
1747013189.4253633,-65,-28,159
1747013189.4603634,-17,-34,167
1747013189.4963634,84,-1,39
1747013189.5323634,0,62,71
1747013189.5673633,-156,-41,67
1747013189.6033633,-24,70,-8
1747013189.6383634,-14,72,-62
1747013189.6733634,45,62,161
1747013189.7083633,89,66,37
1747013189.7443633,-20,-63,127
1747013189.780363,1,6,83
1747013189.8153634,121,-43,113
1747013189.8513634,-8,44,11
1747013189.8863633,0,10,197
1747013189.9213634,3,8,57
1747013189.9563634,64,-6,59
1747013189.9923637,-34,-17,-24
1747013190.0283637,11,16,143
1747013190.0633633,-21,43,13
1747013190.099363,-145,15,45
1747013190.1343634,67,2,105
1747013190.1693633,8,-60,99
1747013190.204363,63,-51,127
1747013190.2403634,-2,-7,61
1747013190.2763634,61,-107,103
1747013190.3113637,-48,-19,221
1747013190.3473637,-16,48,-24
1747013190.382363,-3,-59,177
1747013190.4173634,-59,-31,79
1747013190.4523633,70,-1,117
1747013190.4883633,-21,50,33
1747013190.5243633,-7,-61,-18
1747013190.5593634,34,56,23
1747013190.5953634,3,-21,13
1747013190.6303637,-98,70,107
1747013190.6653633,-44,8,153
1747013190.7003634,-62,-25,101
1747013190.7363634,49,46,89
1747013190.7723634,73,25,85
1747013190.8073633,29,-34,159
1747013190.8433633,29,14,37
1747013190.8783634,3,-10,109
1747013190.9133637,-29,-81,-114
1747013190.9483633,-63,52,53
1747013190.9843633,20,34,121
1747013191.020363,104,-30,61
1747013191.0553634,-60,-9,-50
1747013191.0913634,11,22,211
1747013191.1263633,11,66,93
1747013191.1613634,-34,-5,51
1747013191.1963634,0,-37,11
1747013191.2323637,-12,-17,55
1747013191.2683637,-47,-66,117
1747013191.303363,-3,-38,153
1747013191.339363,-17,1,53
1747013191.3743634,-55,-14,144
1747013191.4093633,-23,-66,97
1747013191.4443634,36,80,35
1747013191.4803634,48,-23,233
1747013191.5163634,54,31,78
1747013191.5513637,2,-10,110
1747013191.5873632,48,-24,18
1747013191.622363,-29,43,127
1747013191.6573634,8,-28,143
1747013191.6923633,-45,-16,-101
1747013191.7283633,-41,19,33
1747013191.7643633,8,27,13
1747013191.7993634,22,-6,159
1747013191.8353634,16,23,58
1747013191.8703637,0,-80,108
1747013191.905363,12,37,24
1747013191.941363,-21,-30,57
1747013191.9763634,66,61,129
1747013192.0123634,11,-22,117
1747013192.0473633,-2,35,143
1747013192.0833633,10,-44,38
1747013192.1183634,-13,-78,35
1747013192.1533637,88,-36,104
1747013192.1883633,4,-24,28
1747013192.224363,-23,0,80
1747013192.260363,-1,-20,40
1747013192.2953634,6,7,90
1747013192.3313634,36,-16,84
1747013192.3663633,62,0,76
1747013192.4013634,-69,-43,70
1747013192.4363637,2,25,110
1747013192.4723637,30,-4,146
1747013192.5083632,-27,-42,18
1747013192.543363,24,-10,90
1747013192.579363,52,39,36
1747013192.6143634,-21,15,-1
1747013192.6493633,56,41,78
1747013192.6853633,-51,17,178
1747013192.7203634,37,-16,40
1747013192.7563634,-12,7,78
1747013192.7913637,0,3,144
1747013192.8273633,-10,-8,22
1747013192.862363,-45,33,38
1747013192.8973634,71,-58,68
1747013192.9333634,-11,59,90
1747013192.9683633,-19,-48,136
1747013193.0043633,19,-3,108
1747013193.0393634,39,-61,42
1747013193.0753634,52,8,52
1747013193.1103632,-3,-62,72
1747013193.145363,16,-15,86
1747013193.181363,-10,24,48
1747013193.2163634,-18,-9,124
1747013193.2523634,43,30,96
1747013193.2873633,67,-43,120
1747013193.3233633,0,54,84
1747013193.3583634,25,-73,134
1747013193.3933637,1,28,24
1747013193.4293633,75,20,68
1747013193.464363,-12,50,110
1747013193.500363,-7,-64,106
1747013193.5353634,51,16,54
1747013193.5713634,30,38,64
1747013193.6063633,-46,18,16
1747013193.6413634,-4,-101,134
1747013193.6773634,-8,-17,32
1747013193.7123632,-50,-21,140
1747013193.7483633,12,-15,120
1747013193.783363,-3,-5,146
1747013193.8193634,23,-35,26
1747013193.8543634,87,-7,60
1747013193.8893633,15,-33,44
1747013193.9253633,53,-23,48
1747013193.9603634,-49,-22,104
1747013193.9963634,54,1,212
1747013194.0313632,6,-46,88
1747013194.0673633,17,-49,216
1747013194.102363,-80,14,178
1747013194.1373634,59,58,136
1747013194.1733634,-31,-20,76
1747013194.2083633,-36,-90,102
1747013194.2443633,39,-20,86
1747013194.2793634,31,-40,120
1747013194.3153634,-56,31,110
1747013194.3503633,-32,19,12
1747013194.385363,-36,5,34
1747013194.4213634,-67,55,54
1747013194.4563634,-69,-4,46
1747013194.4923637,24,19,78
1747013194.5273633,-17,-8,54
1747013194.5623634,-69,45,20
1747013194.5973637,-13,35,20
1747013194.6333632,-3,-20,108
1747013194.6693633,17,-2,74
1747013194.704363,-46,-24,88
1747013194.7403634,19,41,34
1747013194.7753634,51,13,120
1747013194.8103633,13,9,96
1747013194.8453634,17,59,66
1747013194.8813634,-41,67,104
1747013194.9173634,3,0,-17
1747013194.9523633,-19,69,34
1747013194.9883633,-7,-20,-45
1747013195.0233634,30,27,80
1747013195.0583634,-1,23,170
1747013195.0933633,97,16,98
1747013195.1293633,35,-53,82
1747013195.1653633,-116,-103,80
1747013195.2003634,1,-3,-59
1747013195.2363634,9,24,192
1747013195.2713633,-15,-69,-73
1747013195.306363,14,6,12
1747013195.3413634,-7,-33,52
1747013195.3773634,-41,-97,62
1747013195.4133637,10,-47,2
1747013195.4483633,28,-7,56
1747013195.4843633,66,-45,160
1747013195.5193634,10,-3,110
1747013195.5543633,44,-71,20
1747013195.589363,-27,44,178
1747013195.625363,50,-7,56
1747013195.6613634,-16,105,224
1747013195.6973634,57,-71,44
1747013195.7333634,47,14,108
1747013195.7683637,27,10,-39
1747013195.8043633,-30,-7,30
1747013195.839363,46,-41,-5
1747013195.8743634,-9,4,72
1747013195.9093633,-27,-45,60
1747013195.9453633,96,36,96
1747013195.9813633,8,-5,74
1747013196.0163634,128,30,38
1747013196.0523634,-43,-35,92
1747013196.0873632,-55,62,86
1747013196.122363,72,16,65
1747013196.1573634,-17,-11,37
1747013196.1933634,118,-21,33
1747013196.2293634,-34,7,155
1747013196.2643633,-76,32,-18
1747013196.3003633,17,10,109
1747013196.3353634,9,-14,135
1747013196.3703637,34,56,169
1747013196.405363,-44,16,88
1747013196.441363,-6,-39,164
1747013196.477363,-72,28,-33
1747013196.5123634,-4,-33,38
1747013196.5483634,73,50,106
1747013196.5833633,35,-9,120
1747013196.6183634,-2,-7,75
1747013196.6533637,35,1,43
1747013196.6893632,67,37,129
1747013196.7253633,51,-44,37
1747013196.7673633,83,7,6
1747013196.8043633,77,41,147
1747013196.839363,0,-12,9
1747013196.8743634,62,6,171
1747013196.9093633,-54,37,93
1747013196.9453633,27,17,93
1747013196.9813633,12,24,181
1747013197.0163634,-31,62,201
1747013197.0523634,19,75,27
1747013197.0873632,16,36,17
1747013197.122363,-57,-1,-12
1747013197.1573634,-25,-23,167
1747013197.1933634,16,-23,31
1747013197.2293634,29,39,143
1747013197.2643633,118,-29,-4
1747013197.3003633,73,50,-4
1747013197.3353634,-42,56,-6
1747013197.3703637,-16,60,35
1747013197.405363,-34,40,91
1747013197.441363,36,47,155
1747013197.477363,-5,71,51
1747013197.5123634,-11,-38,73
1747013197.5483634,-19,-20,31
1747013197.5833633,-59,-68,67
1747013197.6183634,-9,45,-84
1747013197.6543634,52,-36,97
1747013197.6893632,-20,13,225
1747013197.7253633,-14,-56,107
1747013197.760363,-13,45,123
1747013197.7963634,22,49,105
1747013197.8313634,-34,33,93
1747013197.8663633,61,-54,171
1747013197.9023633,16,25,77
1747013197.9373634,50,13,59
1747013197.9733634,-10,31,89
1747013198.0083632,-58,-16,135
1747013198.0443633,64,37,111
1747013198.079363,36,-103,-46
1747013198.1143634,54,-81,183
1747013198.1503634,6,-111,-18
1747013198.1853633,-137,-8,85
1747013198.2213633,49,-66,243
1747013198.2563634,35,-40,177
1747013198.2923634,29,-78,189
1747013198.3273633,53,23,61
1747013198.362363,17,-10,133
1747013198.3983634,-4,-8,7
1747013198.4333634,3,3,-36
1747013198.4693637,7,35,47
1747013198.5043633,87,0,103
1747013198.5403633,-20,-14,-52
1747013198.5753634,-4,35,169
1747013198.6103632,39,8,165
1747013198.6463633,-32,36,163
1747013198.681363,-102,-37,39
1747013198.7173634,-62,-10,-14
1747013198.7523634,13,-44,15
1747013198.7883637,-32,9,151
1747013198.8233633,145,-50,89
1747013198.8583634,109,-20,65
1747013198.8943634,1,-62,67
1747013198.9293633,11,-6,-6
1747013198.9653633,-8,-36,231
1747013199.000363,17,55,63
1747013199.0363634,70,-17,41
1747013199.0713634,38,160,107
1747013199.1063633,-31,80,-2
1747013199.1423633,34,0,177
1747013199.1773634,-45,2,37
1747013199.2133634,15,-16,33
1747013199.2483633,-34,-6,177
1747013199.2843633,67,-8,-4
1747013199.3193634,1,-24,35
1747013199.3543634,29,41,21
1747013199.3903637,5,69,65
1747013199.4253633,-25,12,29
1747013199.4613633,-3,48,137
1747013199.4963634,-50,1,81
1747013199.5313632,10,-19,81
1747013199.566363,-35,-29,71
1747013199.602363,-37,2,57
1747013199.6383634,56,-41,-8
1747013199.6733634,58,29,51
1747013199.7093637,0,-2,53
1747013199.7443633,17,-8,-74
1747013199.7793634,75,-14,-14
1747013199.8143632,77,37,17
1747013199.8503633,-13,-39,47
1747013199.8863633,101,3,69
1747013199.9213634,-20,35,49
1747013199.9573634,63,39,47
1747013199.9923637,-8,-34,7
1747013200.0273633,9,-62,119
1747013200.0623634,-18,-82,-20
1747013200.0983634,83,-50,73
1747013200.1343634,10,55,97
1747013200.1693633,-3,-36,-22
1747013200.2053633,-99,-6,31
1747013200.2403634,-24,19,-60
1747013200.2753634,-1,7,173
1747013200.3103633,-74,11,119
1747013200.3463633,17,-46,47
1747013200.382363,10,1,83
1747013200.4173634,17,0,47
1747013200.4533634,41,11,91
1747013200.4883633,-54,-60,109
1747013200.5233634,51,56,171
1747013200.5583634,-58,-3,85
1747013200.5943637,7,2,121
1747013200.6303637,-60,-26,127
1747013200.6653633,-40,-24,67
1747013200.701363,35,-10,87
1747013200.7363634,-53,-70,143
1747013200.7713633,-74,-3,47
1747013200.806363,-22,-3,137
1747013200.8423634,15,-43,25
1747013200.8783634,37,18,75
1747013200.9133637,-35,7,41
1747013200.9493637,-2,-68,77
1747013200.9843633,13,-12,130
1747013201.0193634,9,47,138
1747013201.0543633,-32,-34,182
1747013201.0903633,-7,-12,48
1747013201.1263633,-19,21,132
1747013201.1613634,77,28,48
1747013201.1973634,90,0,132
1747013201.2323637,-59,-12,160
1747013201.2673633,-3,31,24
1747013201.3023634,16,51,96
1747013201.3383634,-33,7,-113
1747013201.3743634,42,-28,12
1747013201.4093633,16,3,80
1747013201.4453633,8,-44,60
1747013201.4803634,8,-16,46
1747013201.5153637,36,21,26
1747013201.5503633,-65,-6,10
1747013201.5863633,18,8,114
1747013201.622363,-21,45,12
1747013201.6573634,64,29,164
1747013201.6933634,-15,11,46
1747013201.7283633,-96,32,20
1747013201.7633634,51,-85,2
1747013201.7983634,-7,-16,-19
1747013201.8343637,46,33,16
1747013201.8703637,-119,23,-69
1747013201.905363,30,-2,30
1747013201.941363,-15,9,38
1747013201.9763634,-39,65,140
1747013202.0113633,12,-2,66
1747013202.0463634,12,-8,48
1747013202.0823634,26,-30,142
1747013202.1183634,45,-9,34
1747013202.1533637,1,48,-61
1747013202.1893632,-62,62,102
1747013202.224363,15,-49,82
1747013202.2593634,-25,75,102
1747013202.2943633,-7,-24,108
1747013202.3303633,10,39,118
1747013202.3663633,-83,-28,-3
1747013202.4013634,74,-35,104
1747013202.4373634,-48,-11,72
1747013202.4723637,-19,-47,64
1747013202.507363,-12,16,-9
1747013202.5423634,-54,2,128
1747013202.5783634,-10,34,0
1747013202.6143634,71,52,154
1747013202.6493633,-16,-19,80
1747013202.6853633,7,-3,-44
1747013202.7203634,-130,22,155
1747013202.7553637,-16,-25,164
1747013202.7913637,60,61,6
1747013202.826363,36,-46,-21
1747013202.862363,40,-18,88
1747013202.8973634,35,3,84
1747013202.9333634,12,-43,-7
1747013202.9683633,-22,1,65
1747013203.0033634,19,-16,39
1747013203.0393634,47,-14,-24
1747013203.0743637,-48,7,55
1747013203.1103632,-25,-37,-4
1747013203.145363,-29,-52,-2
1747013203.181363,12,-42,5
1747013203.2163634,12,-42,120
1747013203.2513633,-30,-21,26
1747013203.2873633,7,-5,2
1747013203.3223634,50,66,52
1747013203.3583634,-51,-3,-17
1747013203.3933637,94,-87,-57
1747013203.4293633,-17,0,6
1747013203.464363,4,0,132
1747013203.4993634,27,29,48
1747013203.5353634,81,35,-21
1747013203.5703633,-99,3,148
1747013203.6063633,-38,27,31
1747013203.6413634,21,45,29
1747013203.6773634,-6,93,189
1747013203.7123632,-41,-30,143
1747013203.747363,19,-18,-52
1747013203.783363,-12,41,29
1747013203.8183634,-38,23,135
1747013203.8543634,55,-44,73
1747013203.8893633,-40,-38,15
1747013203.9253633,-20,-28,69
1747013203.9603634,-34,1,-8
1747013203.9953637,-60,-4,-31
1747013204.0313632,-24,-18,38
1747013204.066363,39,-38,120
1747013204.102363,6,-54,98
1747013204.1373634,4,-96,78
1747013204.1733634,4,62,80
1747013204.2083633,20,53,-31
1747013204.2433634,-24,-75,70
1747013204.2793634,-25,-14,174
1747013204.3143632,-11,-35,94
1747013204.3503633,36,-91,136
1747013204.385363,-89,24,14
1747013204.4213634,-45,28,92
1747013204.4563634,26,20,48
1747013204.4913633,-6,-44,170
1747013204.5273633,34,70,2
1747013204.5623634,10,20,18
1747013204.5983634,-47,-63,42
1747013204.6333632,8,60,43
1747013204.668363,-3,46,-16
1747013204.7033634,7,-35,71
1747013204.7393634,-34,52,115
1747013204.7753634,-40,0,105
1747013204.8103633,-66,-15,115
1747013204.8463633,77,32,13
1747013204.8813634,-46,20,93
1747013204.9163637,-38,34,51
1747013204.951363,33,35,119
1747013204.987363,11,-38,69
1747013205.0233634,-15,4,125
1747013205.0583634,-3,-3,157
1747013205.0943637,106,-19,81
1747013205.1293633,34,22,-26
1747013205.1643634,4,54,107
1747013205.1993637,-57,16,93
1747013205.2353632,67,-16,155
1747013205.2713633,-44,6,43
1747013205.306363,56,-47,93
1747013205.3423634,-8,12,7
1747013205.3773634,-52,72,7
1747013205.4123633,-16,-17,133
1747013205.4473634,-39,66,61
1747013205.4833634,-47,-51,67
1747013205.5193634,-29,0,17
1747013205.5543633,57,-82,71
1747013205.5903633,-16,37,115
1747013205.625363,-19,45,115
1747013205.6603634,-15,-28,7
1747013205.6953633,-41,-64,95
1747013205.7313633,-27,15,165
1747013205.7673633,-8,-28,151
1747013205.8023634,19,63,131
1747013205.8383634,15,39,155
1747013205.8733633,-60,31,37
1747013205.908363,18,-35,67
1747013205.9433634,-9,-31,73
1747013205.9793634,-97,38,33
1747013206.0153637,14,-22,29
1747013206.0503633,60,7,95
1747013206.0863633,10,70,55
1747013206.1213634,-17,15,-50
1747013206.1563632,34,44,119
1747013206.191363,32,8,29
1747013206.227363,58,65,27
1747013206.2633634,5,28,135
1747013206.2983634,-3,97,19
1747013206.3343637,0,55,55
1747013206.3693633,100,-18,83
1747013206.4043634,-33,5,9
1747013206.4393632,20,-22,63
1747013206.4753633,30,-14,-30
1747013206.5113633,42,11,107
1747013206.5463634,58,-38,47
1747013206.5823634,20,-22,203
1747013206.6173637,20,-2,201
1747013206.6523633,-8,-16,39
1747013206.6873634,58,1,89
1747013206.7233634,-22,64,135
1747013206.7593634,21,-2,127
1747013206.8013637,12,-24,131
1747013206.8383634,-19,-82,41
1747013206.8733633,-25,-16,-12
1747013206.908363,-43,-8,83
1747013206.9433634,-9,-24,41
1747013206.9793634,22,-72,133
1747013207.0153637,32,-12,-4
1747013207.0503633,-10,47,33
1747013207.0863633,56,18,21
1747013207.1213634,26,-7,71
1747013207.1563632,-11,-81,3
1747013207.191363,-17,-33,169
1747013207.227363,88,-33,69
1747013207.2633634,7,-20,55
1747013207.2983634,0,22,103
1747013207.3343637,37,-11,117
1747013207.3693633,45,29,69
1747013207.4043634,-4,-92,103
1747013207.4393632,-42,-31,58
1747013207.4753633,-54,7,41
1747013207.5113633,-36,-14,174
1747013207.5463634,-32,-22,152
1747013207.5823634,-64,-26,126
1747013207.6173637,-50,-32,56
1747013207.6523633,15,23,112
1747013207.6873634,-12,13,80
1747013207.7233634,-2,14,182
1747013207.7593634,-32,-30,72
1747013207.7943633,78,19,156
1747013207.8303633,68,-22,118
1747013207.8653634,-105,63,32
1747013207.9003634,15,2,24
1747013207.9363637,35,40,76
1747013207.9713633,61,-13,32
1747013208.007363,71,38,166
1747013208.0423634,79,10,52
1747013208.0783634,67,98,134
1747013208.1133633,-64,30,16
1747013208.1483634,-26,10,114
1747013208.1843634,-24,50,0
1747013208.2193637,-8,-91,52
1747013208.2553637,-75,43,158
1747013208.2903633,15,4,72
1747013208.326363,56,-4,12
1747013208.3613634,19,18,66
1747013208.3963633,-32,-23,42
1747013208.4323633,41,-44,146
1747013208.4673634,49,36,56
1747013208.5033634,-48,30,134
1747013208.5383637,45,42,12
1747013208.5743637,-118,12,22
1747013208.6093633,103,64,30
1747013208.6443634,-9,-98,36
1747013208.6803634,-39,27,46
1747013208.7153633,-57,-22,120
1747013208.7513633,4,0,40
1747013208.7863634,-11,23,-29
1747013208.8223634,-36,60,-5
1747013208.8573637,53,-28,24
1747013208.8923633,72,33,-33
1747013208.928363,-76,3,122
1747013208.9633634,-84,1,142
1747013208.9993634,7,29,158
1747013209.0343633,41,5,49
1747013209.0703633,-61,57,101
1747013209.1053634,58,-38,9
1747013209.1403637,32,-16,-49
1747013209.1763637,26,-58,-1
1747013209.2113633,53,-41,174
1747013209.247363,-20,72,44
1747013209.2823634,-96,-13,48
1747013209.3183634,24,-52,76
1747013209.3533633,31,-33,68
1747013209.3883634,88,1,118
1747013209.4243634,25,-9,-79
1747013209.4593637,-42,-23,-30
1747013209.4953637,19,-13,-28
1747013209.530363,41,-11,119
1747013209.566363,21,-25,29
1747013209.602363,32,-3,7
1747013209.6383634,-29,71,69
1747013209.6743634,0,33,131
1747013209.7093637,104,-11,-2
1747013209.7443633,16,-16,31
1747013209.780363,2,0,132
1747013209.816363,-51,3,10
1747013209.8513634,0,-36,192
1747013209.8873634,70,9,-1
1747013209.9223633,-25,0,60
1747013209.9573634,-37,22,30
1747013209.9923637,-47,-37,116
1747013210.0283637,-5,-19,-17
1747013210.0643632,-39,10,92
1747013210.099363,-29,56,158
1747013210.135363,10,62,78
1747013210.1703634,14,20,74
1747013210.2053633,36,0,61
1747013210.2403634,-33,116,209
1747013210.2763634,22,72,41
1747013210.3123634,4,16,53
1747013210.3473637,34,52,87
1747013210.3833632,-31,-21,173
1747013210.418363,-11,-7,51
1747013210.4533634,19,72,-48
1747013210.4883633,-26,-56,97
1747013210.5243633,31,25,127
1747013210.5603633,-60,3,23
1747013210.5953634,27,-42,125
1747013210.6313634,7,-10,73
1747013210.6663637,-40,-56,5
1747013210.701363,-4,-40,147
1747013210.7363634,-10,-44,7
1747013210.7723634,-6,57,99
1747013210.8083634,11,-54,-34
1747013210.8433633,29,-34,95
1747013210.8793633,18,91,137
1747013210.9143634,-3,13,87
1747013210.9493637,10,-58,131
1747013210.9843633,-41,-22,55
1747013211.020363,-65,-24,33
1747013211.056363,-15,-48,-40
1747013211.0913634,-45,-14,143
1747013211.1273634,-23,-18,-24
1747013211.1623633,-25,-12,89
1747013211.1973634,-9,-50,73
1747013211.2323637,30,-38,67
1747013211.2683637,-35,-30,45
1747013211.3043633,30,-18,161
1747013211.339363,14,-22,187
1747013211.375363,-79,0,39
1747013211.4103634,-43,13,35
1747013211.4453633,-23,-14,131
1747013211.4803634,-42,0,181
1747013211.5163634,6,65,67
1747013211.5523634,-33,-7,121
1747013211.5873632,-17,-70,81
1747013211.6233633,-34,28,95
1747013211.658363,-81,-18,-24
1747013211.6933634,16,-18,195
1747013211.7283633,-23,5,97
1747013211.7643633,122,40,-16
1747013211.8003633,-111,26,115
1747013211.8353634,-60,-11,129
1747013211.8713634,-20,8,85
1747013211.9063632,57,-39,-36
1747013211.941363,13,50,53
1747013211.9763634,-28,6,43
1747013212.0123634,73,-69,111
1747013212.0483634,55,2,41
1747013212.0833633,33,40,151
1747013212.1193633,-53,-62,1
1747013212.1543634,18,-14,105
1747013212.1893632,64,-18,-2
1747013212.224363,-11,21,97
1747013212.260363,-49,-36,-26
1747013212.2963634,25,-19,56
1747013212.3313634,-29,9,181
1747013212.3673637,-7,49,76
1747013212.4023633,4,0,75
1747013212.4373634,20,50,-1
1747013212.4723637,-49,40,94
1747013212.5083632,50,-29,32
1747013212.5443633,16,92,3
1747013212.579363,5,59,234
1747013212.6153634,57,15,-51
1747013212.6503634,49,-24,74
1747013212.6853633,-26,9,42
1747013212.7203634,106,-23,112
1747013212.7563634,37,-36,82
1747013212.7923634,4,-37,54
1747013212.8273633,-127,50,142
1747013212.8633633,30,-24,12
1747013212.8983634,48,31,24
1747013212.9333634,10,-10,118
1747013212.9693637,33,-34,32
1747013213.0043633,-24,8,128
1747013213.0403633,-60,-53,86
1747013213.0753634,62,-35,94
1747013213.1113634,-67,-54,90
1747013213.1463633,-41,1,-101
1747013213.181363,-29,-68,168
1747013213.2173634,-38,62,212
1747013213.2523634,-28,-25,150
1747013213.2883637,48,-9,88
1747013213.3233633,-15,0,22
1747013213.3593633,-9,-49,38
1747013213.3943634,-77,80,48
1747013213.4293633,-50,23,112
1747013213.4653633,117,-4,74
1747013213.500363,7,-46,108
1747013213.5363634,-11,32,82
1747013213.5713634,28,60,86
1747013213.6073637,-29,22,124
1747013213.6423633,-70,4,140
1747013213.6773634,24,-8,112
1747013213.7133634,73,-76,60
1747013213.7483633,67,-50,78
1747013213.7843633,-4,9,28
1747013213.8193634,25,-32,104
1747013213.8553634,1,11,86
1747013213.8903637,-46,-78,104
1747013213.9253633,-22,-24,74
1747013213.9613633,23,31,-11
1747013213.9963634,57,-43,48
1747013214.0323634,-104,-69,116
1747013214.0673633,-64,-3,84
1747013214.1033633,112,-14,150
1747013214.1383634,-21,49,148
1747013214.1733634,-3,-68,30
1747013214.2093637,-11,-46,58
1747013214.2443633,36,7,34
1747013214.280363,-69,-32,40
1747013214.3153634,14,-6,102
1747013214.3513634,-2,-5,46
1747013214.3863633,46,-30,6
1747013214.4213634,22,45,56
1747013214.4573634,58,-24,156
1747013214.4923637,95,42,-47
1747013214.5283637,39,14,48
1747013214.5633633,31,-31,44
1747013214.599363,41,6,26
1747013214.6343634,-12,40,38
1747013214.6693633,33,18,70
1747013214.7053633,-22,5,36
1747013214.7403634,20,0,26
1747013214.7763634,60,-44,20
1747013214.8113637,94,15,168
1747013214.8463633,-55,43,116
1747013214.8813634,-42,-6,88
1747013214.9173634,-15,52,58
1747013214.9533634,-13,10,24
1747013214.9883633,24,-33,-11
1747013215.0243633,-32,41,110
1747013215.0593634,37,32,180
1747013215.0943637,24,-12,102
1747013215.1293633,-4,24,-35
1747013215.1653633,17,-12,58
1747013215.201363,25,49,72
1747013215.2363634,63,15,50
1747013215.2723634,3,57,90
1747013215.3073633,11,-8,142
1747013215.3423634,96,6,114
1747013215.3773634,-47,24,50
1747013215.4133637,-35,18,38
1747013215.4493637,27,30,44
1747013215.4843633,10,-51,58
1747013215.520363,68,-37,108
1747013215.5553634,-23,-15,70
1747013215.5903633,22,26,106
1747013215.625363,-5,12,70
1747013215.6613634,64,-37,64
1747013215.6973634,-21,28,167
1747013215.7323637,42,12,-62
1747013215.7683637,54,62,143
1747013215.803363,-49,-79,16
1747013215.8383634,46,24,92
1747013215.8733633,48,-5,104
1747013215.9093633,-3,-67,-31
1747013215.9453633,66,-92,66
1747013215.9803634,-47,23,66
1747013216.0163634,2,-19,-79
1747013216.0513637,41,9,-7
1747013216.0863633,32,-6,120
1747013216.1213634,-13,-3,64
1747013216.1573634,38,4,48
1747013216.1933634,-57,102,100
1747013216.2283633,44,40,100
1747013216.2643633,56,72,56
1747013216.2993634,-5,16,46
1747013216.3343637,-29,26,70
1747013216.3693633,22,8,6
1747013216.405363,-21,8,68
1747013216.441363,-33,-25,-31
1747013216.4763634,199,-23,-31
1747013216.5123634,-6,2,-103
1747013216.5473633,-1,-16,110
1747013216.5823634,-47,5,98
1747013216.6173637,28,-26,102
1747013216.6533637,-4,1,22
1747013216.6893632,-67,119,70
1747013216.724363,-42,-3,38
1747013216.760363,5,-45,120
1747013216.8023634,52,-8,38
1747013216.8383634,-3,33,51
1747013216.8733633,18,9,105
1747013216.9093633,-98,-50,39
1747013216.9453633,27,-3,47
1747013216.9803634,31,-31,51
1747013217.0163634,-59,11,175
1747013217.0513637,-29,51,67
1747013217.0863633,-71,-9,63
1747013217.1213634,-5,-1,31
1747013217.1573634,-59,-27,167
1747013217.1933634,-9,-29,157
1747013217.2283633,-43,14,97
1747013217.2643633,-8,-28,85
1747013217.2993634,-2,39,189
1747013217.3343637,15,3,129
1747013217.3693633,50,-33,91
1747013217.405363,-35,-36,-34
1747013217.441363,44,-52,5
1747013217.4763634,82,-36,215
1747013217.5123634,68,35,53
1747013217.5473633,48,-44,183
1747013217.5823634,4,27,35
1747013217.6173637,-29,-18,-30
1747013217.6533637,42,-8,-89
1747013217.6893632,152,-16,118
1747013217.724363,-1,21,13
1747013217.760363,36,-11,108
1747013217.7953634,-36,15,152
1747013217.8303633,12,8,20
1747013217.8653634,-47,73,44
1747013217.9013634,22,23,84
1747013217.9373634,66,5,-5
1747013217.9723637,-35,84,70
1747013218.0083632,56,-73,73
1747013218.043363,17,99,111
1747013218.0783634,-37,46,117
1747013218.1143634,1,-14,87
1747013218.1493633,31,-30,77
1747013218.1853633,23,-1,163
1747013218.2203634,-19,16,143
1747013218.2563634,-7,22,203
1747013218.2913637,-13,-16,11
1747013218.326363,60,-43,107
1747013218.362363,-31,-43,91
1747013218.3973634,40,-40,89
1747013218.4333634,-15,-12,55
1747013218.4683633,-74,-60,212
1747013218.5043633,57,-50,85
1747013218.5393634,17,-8,57
1747013218.5743637,61,17,57
1747013218.6103632,-81,-10,96
1747013218.645363,-87,15,-11
1747013218.681363,-59,63,180
1747013218.7163634,-101,-52,74
1747013218.7523634,8,-12,-5
1747013218.7873633,56,-67,104
1747013218.8223634,-71,53,-8
1747013218.8583634,-16,38,77
1747013218.8933637,-42,16,166
1747013218.9293633,-6,32,85
1747013218.964363,0,84,91
1747013219.000363,-62,-21,89
1747013219.0353634,35,0,147
1747013219.0703633,-42,6,72
1747013219.1063633,-19,-42,-42
1747013219.1413634,16,-2,-146
1747013219.1773634,20,-30,135
1747013219.2123632,24,65,19
1747013219.2483633,-35,-20,109
1747013219.283363,110,3,-14
1747013219.3183634,8,-54,7
1747013219.3543634,24,-20,3
1747013219.3893633,-15,23,117
1747013219.4253633,-13,43,3
1747013219.4603634,42,-70,73
1747013219.4963634,-9,3,91
1747013219.5313632,44,43,105
1747013219.566363,31,-59,17
1747013219.602363,6,-80,31
1747013219.6373634,66,63,13
1747013219.6733634,-41,-20,-70
1747013219.7083633,36,17,-66
1747013219.7443633,66,33,79
1747013219.780363,19,7,91
1747013219.8153634,-12,8,67
1747013219.8503633,39,-85,55
1747013219.8863633,-9,14,23
1747013219.9223633,71,12,79
1747013219.9573634,-56,16,-10
1747013219.9933634,-63,32,67
1747013220.0283637,72,-49,69
1747013220.0633633,22,34,111
1747013220.0983634,52,-91,-22
1747013220.1343634,44,-7,197
1747013220.1703634,5,88,135
1747013220.2053633,-35,-19,17
1747013220.2413633,-15,30,67
1747013220.2763634,20,12,65
1747013220.3113637,11,7,131
1747013220.3463633,-8,3,177
1747013220.382363,58,2,65
1747013220.418363,46,70,59
1747013220.4533634,-66,-28,23
1747013220.4893634,27,21,-20
1747013220.5243633,124,48,65
1747013220.5593634,-41,-7,53
1747013220.5943637,48,18,98
1747013220.6303637,56,-39,62
1747013220.6663637,-31,0,129
1747013220.701363,20,-65,125
1747013220.737363,0,-33,-44
1747013220.7723634,-23,13,-24
1747013220.8073633,-22,-99,75
1747013220.8423634,17,24,1
1747013220.8783634,-19,1,-82
1747013220.9143634,-17,-10,69
1747013220.9493637,-51,57,37
1747013220.9853632,10,-46,71
1747013221.020363,81,-36,90
1747013221.0553634,7,91,56
1747013221.0903633,7,-22,192
1747013221.1263633,-2,19,16
1747013221.1623633,-34,-12,19
1747013221.1973634,-24,41,65
1747013221.2333634,-6,-38,74
1747013221.2683637,65,-13,210
1747013221.303363,-68,21,65
1747013221.3383634,23,-49,21
1747013221.3743634,-26,-39,228
1747013221.4103634,47,93,-17
1747013221.4453633,-123,17,109
1747013221.4813633,-5,-84,3
1747013221.5163634,54,25,162
1747013221.5513637,-16,87,86
1747013221.5863633,-15,45,91
1747013221.622363,8,-14,147
1747013221.658363,77,15,19
1747013221.6933634,-105,-18,171
1747013221.7293634,6,11,43
1747013221.7643633,-33,143,15
1747013221.7993634,58,23,51
1747013221.8343637,-63,43,127
1747013221.8703637,-5,-18,-46
1747013221.9063632,-63,45,51
1747013221.941363,64,-12,-18
1747013221.977363,3,32,21
1747013222.0123634,72,7,73
1747013222.0473633,10,-66,113
1747013222.0823634,-19,-24,155
1747013222.1183634,58,-22,35
1747013222.1543634,-13,-29,121
1747013222.1893632,60,11,59
1747013222.2253633,0,30,139
1747013222.260363,52,-33,217
1747013222.2953634,-79,-53,-42
1747013222.3303633,28,4,-92
1747013222.3663633,-85,16,51
1747013222.4023633,14,18,147
1747013222.4373634,48,-45,63
1747013222.4733634,-57,-44,97
1747013222.5083632,12,0,39
1747013222.543363,26,-22,183
1747013222.5783634,20,-12,85
1747013222.6143634,-48,-63,145
1747013222.6503634,12,24,-50
1747013222.6853633,-36,6,41
1747013222.7213633,-34,-37,81
1747013222.7563634,19,34,9
1747013222.7913637,101,-3,177
1747013222.826363,-10,2,137
1747013222.862363,19,-39,109
1747013222.8983634,29,50,235
1747013222.9333634,-57,-50,85
1747013222.9693637,0,-66,89
1747013223.0043633,-19,9,71
1747013223.0393634,62,-26,61
1747013223.0753634,18,-24,85
1747013223.1103632,2,0,47
1747013223.1463633,-54,-45,87
1747013223.181363,53,-17,-60
1747013223.2173634,3,-45,63
1747013223.2523634,27,-63,21
1747013223.2873633,-27,-16,157
1747013223.3233633,-31,-20,-76
1747013223.3583634,7,2,-72
1747013223.3943634,-38,30,101
1747013223.4293633,45,-15,81
1747013223.4653633,21,12,101
1747013223.500363,45,-67,97
1747013223.5353634,37,-61,171
1747013223.5713634,29,-17,-76
1747013223.6063633,73,46,110
1747013223.6423633,-46,42,70
1747013223.6773634,5,14,39
1747013223.7133634,-15,30,195
1747013223.7483633,14,6,-25
1747013223.783363,2,19,202
1747013223.8193634,-25,-18,4
1747013223.8543634,16,17,14
1747013223.8903637,-7,-11,58
1747013223.9253633,-39,-15,108
1747013223.9613633,-97,6,92
1747013223.9963634,68,45,80
1747013224.0313632,-101,63,-37
1747013224.0673633,-19,43,108
1747013224.102363,-60,-30,186
1747013224.1383634,45,-68,56
1747013224.1733634,-45,25,158
1747013224.2093637,-15,-1,134
1747013224.2443633,0,81,-11
1747013224.2793634,-25,0,66
1747013224.3153634,28,0,-1
1747013224.3503633,12,38,80
1747013224.3863633,-5,-45,42
1747013224.4213634,-17,-11,52
1747013224.4573634,-55,-23,28
1747013224.4923637,18,26,26
1747013224.5273633,34,45,100
1747013224.5633633,-27,23,2
1747013224.5983634,5,-11,148
1747013224.6343634,37,0,198
1747013224.6693633,46,-31,-35
1747013224.7053633,40,-41,-27
1747013224.7403634,8,62,88
1747013224.7753634,-95,-6,-19
1747013224.8113637,-56,-66,34
1747013224.8463633,-22,-18,94
1747013224.882363,-31,-22,18
1747013224.9173634,-32,-20,31
1747013224.9523633,-66,31,52
1747013224.987363,37,29,30
1747013225.0233634,85,-14,72
1747013225.0593634,-33,-72,180
1747013225.0943637,33,-41,20
1747013225.1303637,-46,-48,36
1747013225.1653633,-29,-34,16
1747013225.2003634,28,-40,-7
1747013225.2353632,-51,10,70
1747013225.2713633,18,-108,60
1747013225.3073633,-73,-35,46
1747013225.3423634,24,18,62
1747013225.3783634,-1,-7,-67
1747013225.4133637,22,34,172
1747013225.4483633,60,84,118
1747013225.4833634,28,-5,-55
1747013225.5193634,10,6,-51
1747013225.5553634,-21,-83,48
1747013225.5903633,-12,-15,118
1747013225.6263633,37,-56,146
1747013225.6613634,35,11,46
1747013225.6963634,13,-6,72
1747013225.7313633,-17,38,-51
1747013225.7673633,-9,20,110
1747013225.803363,22,4,184
1747013225.8383634,-26,19,32
1747013225.8743634,49,1,198
1747013225.9093633,-20,1,62
1747013225.9443634,37,29,84
1747013225.9793634,-8,-88,44
1747013226.0153637,5,17,34
1747013226.0513637,25,-80,-23
1747013226.0863633,-70,75,-57
1747013226.122363,-90,17,68
1747013226.1573634,7,-20,-77
1747013226.1923633,41,-13,42
1747013226.227363,-4,28,2
1747013226.2633634,24,31,-31
1747013226.2993634,59,-7,-21
1747013226.3343637,57,-29,60
1747013226.3703637,31,-73,128
1747013226.405363,-69,-24,80
1747013226.4403634,42,-16,49
1747013226.4753633,54,-91,91
1747013226.5113633,-3,-5,61
1747013226.5473633,-43,-60,111
1747013226.5823634,60,-44,33
1747013226.6183634,-28,30,55
1747013226.6533637,-46,-35,133
1747013226.6883633,22,-57,40
1747013226.7233634,28,62,228
1747013226.7593634,-25,-43,71
1747013226.7953634,-65,38,31
1747013226.8373632,-29,-31,38
1747013226.8743634,-18,-74,88
1747013226.9093633,7,-16,158
1747013226.9443634,15,35,192
1747013226.9793634,-10,49,130
1747013227.0153637,41,37,-25
1747013227.0513637,-88,-26,180
1747013227.0863633,17,21,0
1747013227.122363,-6,-42,54
1747013227.1573634,17,41,14
1747013227.1923633,67,29,50
1747013227.227363,42,-16,57
1747013227.2633634,-5,49,41
1747013227.2993634,16,57,5
1747013227.3343637,49,-9,23
1747013227.3703637,63,-25,45
1747013227.405363,17,45,143
1747013227.4403634,59,-42,44
1747013227.4753633,-53,-33,126
1747013227.5113633,26,-25,-21
1747013227.5473633,-54,83,126
1747013227.5823634,-68,27,130
1747013227.6183634,21,-14,56
1747013227.6533637,-38,-20,112
1747013227.6883633,-30,-132,76
1747013227.7233634,0,25,128
1747013227.7593634,55,58,76
1747013227.7953634,63,24,2
1747013227.8303633,56,-41,20
1747013227.8663633,-7,0,8
1747013227.9013634,-55,28,146
1747013227.9363637,-89,44,178
1747013227.9713633,-52,-10,216
1747013228.007363,-28,37,87
1747013228.043363,0,-2,33
1747013228.0783634,-16,25,121
1747013228.1143634,67,-56,9
1747013228.1493633,-6,15,-10
1747013228.1843634,59,1,61
1747013228.2203634,35,6,85
1747013228.2553637,1,14,113
1747013228.2913637,51,26,11
1747013228.326363,-4,-43,53
1747013228.362363,-56,56,153
1747013228.3973634,23,78,23
1747013228.4323633,49,66,-42
1747013228.4683633,59,-5,139
1747013228.5033634,31,-19,-86
1747013228.5393634,84,-11,-50
1747013228.5743637,-5,-6,101
1747013228.6103632,9,36,59
1747013228.645363,-138,-25,77
1747013228.6803634,-18,-29,169
1747013228.7163634,53,66,85
1747013228.7513633,-36,-71,-6
1747013228.7873633,-64,-11,49
1747013228.8223634,62,-30,61
1747013228.8583634,40,9,13
1747013228.8933637,22,-2,-100
1747013228.928363,53,34,159
1747013228.964363,32,-8,57
1747013228.9993634,-20,-59,125
1747013229.0353634,27,2,121
1747013229.0703633,49,-41,51
1747013229.1063633,1,28,65
1747013229.1413634,38,22,-54
1747013229.1763637,22,6,193
1747013229.2123632,34,8,-8
1747013229.247363,-45,-69,161
1747013229.283363,12,76,109
1747013229.3183634,-107,8,175
1747013229.3543634,-3,10,167
1747013229.3893633,29,61,85
1747013229.4243634,13,31,135
1747013229.4603634,-34,78,125
1747013229.4953637,4,-44,-92
1747013229.5313632,55,9,115
1747013229.566363,-22,-36,43
1747013229.602363,27,-8,-2
1747013229.6373634,3,-54,145
1747013229.6723633,-24,-2,113
1747013229.7083633,51,-36,0
1747013229.7433634,23,-94,39
1747013229.7793634,-57,-45,61
1747013229.8143632,-4,58,131
1747013229.8503633,-106,-39,65
1747013229.885363,49,-27,113
1747013229.9203634,111,-17,185
1747013229.9563634,-30,52,-4
1747013229.9913633,-4,22,103
1747013230.0273633,-28,-61,21
1747013230.0623634,-10,44,163
1747013230.0973637,75,20,37
1747013230.132363,18,-25,25
1747013230.168363,-57,-60,161
1747013230.204363,-29,17,-2
1747013230.2393634,-45,29,1
1747013230.2753634,37,-83,159
1747013230.3103633,47,-1,-80
1747013230.3453634,-20,60,-22
1747013230.3803637,-24,10,77
1747013230.4163637,103,-47,-42
1747013230.4523633,21,-40,205
1747013230.487363,-34,-3,37
1747013230.5233634,17,11,169
1747013230.5583634,75,-30,177
1747013230.5933633,-30,-24,83
1747013230.6283634,-32,-18,175
1747013230.6643634,62,11,51
1747013230.7003634,16,33,113
1747013230.7353632,-65,-62,47
1747013230.7713633,-7,5,-4
1747013230.806363,50,-72,205
1747013230.8413634,30,-22,101
1747013230.8763633,-10,9,-18
1747013230.9123633,-8,19,69
1747013230.9483633,-78,11,129
1747013230.9833634,18,-12,137
1747013231.0193634,-28,-38,54
1747013231.0543633,-122,-46,74
1747013231.089363,83,11,184
1747013231.1243634,-25,18,-21
1747013231.1603634,-68,17,0
1747013231.1963634,3,23,20
1747013231.2313633,87,15,62
1747013231.2673633,63,25,134
1747013231.3023634,1,-8,6
1747013231.3373632,33,1,238
1747013231.372363,25,-18,62
1747013231.408363,30,-9,32
1747013231.4443634,-12,-11,104
1747013231.4793634,-6,40,8
1747013231.5153637,39,-23,98
1747013231.5503633,61,-49,98
1747013231.5853634,17,4,90
1747013231.6203637,-20,28,92
1747013231.6563632,41,12,62
1747013231.6923633,-30,-33,148
1747013231.727363,13,-5,12
1747013231.7633634,49,6,94
1747013231.7983634,12,38,98
1747013231.8333633,6,-39,124
1747013231.8683634,23,-9,58
1747013231.9043634,-36,-63,116
1747013231.9403634,-22,10,82
1747013231.9753633,33,-51,-3
1747013232.0113633,45,72,22
1747013232.0463634,-2,-3,32
1747013232.0813634,5,-31,92
1747013232.1163633,0,34,100
1747013232.1523633,41,64,136
1747013232.1883633,0,-7,10
1747013232.2233634,16,48,92
1747013232.2593634,-91,-27,31
1747013232.2943633,24,-32,47
1747013232.329363,-17,-4,35
1747013232.3643634,74,23,87
1747013232.4003634,52,-14,79
1747013232.4363637,-38,34,165
1747013232.4713633,37,-5,8
1747013232.507363,75,4,24
1747013232.5423634,0,-59,36
1747013232.5773633,-36,32,150
1747013232.612363,27,-23,56
1747013232.6483634,-23,13,156
1747013232.6843634,-6,-7,88
1747013232.7193637,-56,6,-29
1747013232.7553637,33,14,50
1747013232.7903633,-62,16,75
1747013232.8253634,57,-7,35
1747013232.8603632,-26,-69,127
1747013232.8963633,19,5,-29
1747013232.9323633,60,-25,-4
1747013232.9673634,17,-11,150
1747013233.0033634,132,60,20
1747013233.0383637,-7,38,2
1747013233.0733633,44,-37,28
1747013233.1083634,37,34,54
1747013233.1443634,16,32,38
1747013233.1803634,48,-25,-12
1747013233.2153633,63,-15,101
1747013233.2513633,-8,-13,189
1747013233.2863634,9,76,20
1747013233.3213634,7,12,91
1747013233.3573637,17,-12,43
1747013233.3923633,-6,-29,90
1747013233.428363,24,-17,43
1747013233.4633634,41,-35,-26
1747013233.4993634,20,22,47
1747013233.5343633,22,14,68
1747013233.5693634,66,-33,147
1747013233.6053634,-9,-43,79
1747013233.6403637,-21,-49,141
1747013233.6763637,48,20,32
1747013233.7113633,62,34,128
1747013233.747363,38,28,79
1747013233.7823634,-31,62,129
1747013233.8173633,-10,21,79
1747013233.8533633,-14,-48,0
1747013233.8883634,-46,41,109
1747013233.9243634,21,3,-124
1747013233.9593637,-23,-23,95
1747013233.9953637,49,-12,41
1747013234.030363,43,85,141
1747013234.0653634,111,-22,93
1747013234.1013634,-25,-2,29
1747013234.1363633,10,-42,-118
1747013234.1723633,-38,-18,95
1747013234.2073634,79,-64,43
1747013234.2433634,39,57,91
1747013234.2783637,14,10,73
1747013234.3133633,-24,-11,45
1747013234.349363,129,-51,25
1747013234.3843634,-5,-16,129
1747013234.4203634,26,-22,23
1747013234.4553633,73,60,-28
1747013234.4913633,6,73,-40
1747013234.5263634,32,-50,71
1747013234.5613637,-17,-16,163
1747013234.5973637,-55,7,137
1747013234.632363,-87,39,99
1747013234.668363,-10,-2,-58
1747013234.7033634,-35,-27,45
1747013234.7393634,-134,-48,123
1747013234.7743633,72,75,67
1747013234.8093634,33,-86,129
1747013234.8453634,1,27,33
1747013234.8803637,11,37,57
1747013234.9163637,29,89,-32
1747013234.951363,-91,61,99
1747013234.987363,-17,-52,63
1747013235.0233634,-65,-130,83
1747013235.0593634,-51,-48,111
1747013235.0953634,66,-8,187
1747013235.1303637,44,13,121
1747013235.1653633,-25,11,277
1747013235.201363,36,-1,133
1747013235.237363,-7,-26,87
1747013235.2723634,4,-4,191
1747013235.3083634,-19,-16,-26
1747013235.3433633,56,45,137
1747013235.3783634,12,0,-46
1747013235.4133637,2,57,47
1747013235.4493637,-29,83,-44
1747013235.4853632,13,-31,71
1747013235.520363,15,4,49
1747013235.556363,3,22,153
1747013235.5913634,62,5,87
1747013235.6263633,11,68,121
1747013235.6613634,82,-66,61
1747013235.6973634,-4,-15,55
1747013235.7333634,29,-63,-2
1747013235.7683637,34,29,-50
1747013235.8043633,-46,-33,27
1747013235.839363,3,-25,193
1747013235.8743634,63,18,67
1747013235.9093633,98,0,55
1747013235.9453633,46,5,1
1747013235.9813633,16,33,51
1747013236.0163634,47,-5,163
1747013236.0523634,-6,-37,125
1747013236.0873632,0,-33,79
1747013236.122363,1,0,33
1747013236.1573634,-14,-29,135
1747013236.1933634,-20,22,99
1747013236.2293634,-28,50,-2
1747013236.2643633,-70,63,25
1747013236.3003633,-70,-18,135
1747013236.3353634,0,59,27
1747013236.3703637,11,-32,115
1747013236.405363,-72,59,11
1747013236.441363,-24,23,225
1747013236.477363,3,11,55
1747013236.5123634,-42,57,165
1747013236.5483634,49,-45,59
1747013236.5833633,23,1,145
1747013236.6183634,1,-100,-6
1747013236.6533637,21,-72,105
1747013236.6893632,2,0,3
1747013236.7253633,-32,-30,103
1747013236.7613633,21,9,87
1747013236.7973633,63,-12,5
1747013236.839363,63,-6,257
1747013236.8763633,23,-32,25
1747013236.9113634,4,-30,153
1747013236.9463634,1,-78,93
1747013236.9813633,76,-20,91
1747013237.0173633,57,27,39
1747013237.053363,1,-24,59
1747013237.0883634,50,53,51
1747013237.1243634,16,9,21
1747013237.1593633,-9,-2,5
1747013237.1943634,26,-7,87
1747013237.2293634,16,32,91
1747013237.2653637,70,90,29
1747013237.3013637,38,26,105
1747013237.3363633,-69,-33,85
1747013237.372363,-35,38,-34
1747013237.4073634,0,-27,-34
1747013237.4423633,-3,72,29
1747013237.477363,-129,52,67
1747013237.5133634,38,18,33
1747013237.5493634,-24,-30,99
1747013237.5843637,24,-11,-42
1747013237.6203637,-37,22,55
1747013237.655363,36,-5,77
1747013237.6903634,60,76,-64
1747013237.7253633,-8,-43,65
1747013237.7613633,2,-3,21
1747013237.7973633,0,24,41
1747013237.8323634,-81,40,105
1747013237.8683634,-73,102,111
1747013237.9033637,86,-13,33
1747013237.9383633,-25,44,3
1747013237.9733634,0,7,-100
1747013238.0093634,3,-54,123
1747013238.0453634,-62,-17,58
1747013238.0803633,7,-13,10
1747013238.1163633,-20,23,53
1747013238.1513634,-68,-31,52
1747013238.1863637,-4,69,75
1747013238.2213633,-38,-44,147
1747013238.257363,-74,-8,101
1747013238.293363,0,-10,21
1747013238.3283634,-3,-33,-42
1747013238.3643634,37,-62,175
1747013238.3993633,-40,25,25
1747013238.4343634,-60,-22,141
1747013238.4703634,-36,-8,49
1747013238.5053637,-44,5,117
1747013238.5413637,-110,-44,55
1747013238.576363,-42,21,21
1747013238.612363,0,-8,139
1747013238.6473634,21,-2,80
1747013238.6823633,67,-14,91
1747013238.7183633,60,14,130
1747013238.7533634,-33,60,20
1747013238.7893634,56,42,48
1747013238.8243637,-65,4,6
1747013238.8603632,53,43,164
1747013238.895363,25,-22,100
1747013238.9303634,-7,54,74
1747013238.9663634,-103,74,0
1747013239.0013633,-13,50,120
1747013239.0373633,-12,-4,88
1747013239.0723634,-29,-45,8
1747013239.1083634,-6,13,54
1747013239.1433637,-52,35,22
1747013239.178363,25,-22,128
1747013239.214363,21,-22,20
1747013239.2493634,23,-62,106
1747013239.2853634,-56,-54,-11
1747013239.3213634,67,17,152
1747013239.3573637,85,-22,128
1747013239.3923633,81,9,6
1747013239.428363,-31,-29,48
1747013239.4633634,30,-49,20
1747013239.4983633,1,-30,88
1747013239.5343633,13,7,232
1747013239.5693634,107,15,132
1747013239.6053634,19,73,-31
1747013239.6403637,60,58,-55
1747013239.6763637,44,7,46
1747013239.7113633,88,-82,214
1747013239.7463634,1,0,96
1747013239.7823634,11,20,68
1747013239.8173633,19,-21,70
1747013239.8533633,61,38,140
1747013239.8883634,65,-57,28
1747013239.9243634,-43,134,-43
1747013239.9593637,-88,-3,150
1747013239.9943633,-44,-37,62
1747013240.030363,-32,-55,-47
1747013240.0653634,-112,40,104
1747013240.1013634,-42,50,48
1747013240.1363633,45,-73,44
1747013240.1723633,23,8,100
1747013240.2083633,63,-61,120
1747013240.2433634,-22,0,48
1747013240.2783637,-34,-59,-7
1747013240.3143632,-22,4,138
1747013240.3503633,-42,28,92
1747013240.385363,-7,-12,106
1747013240.4213634,-21,71,42
1747013240.4563634,-65,11,126
1747013240.4913633,-1,-32,118
1747013240.5263634,-21,-82,72
1747013240.5623634,14,-4,8
1747013240.5983634,-7,7,72
1747013240.6333632,14,-4,104
1747013240.6693633,-35,0,-7
1747013240.704363,-5,-60,56
1747013240.7393634,14,-14,76
1747013240.7743633,4,-2,206
1747013240.8103633,23,-45,102
1747013240.8463633,-102,90,96
1747013240.8813634,75,22,96
1747013240.9173634,32,-12,-53
1747013240.9523633,-29,97,86
1747013240.987363,-25,-12,58
1747013241.0223634,-6,-17,52
1747013241.0583634,-27,43,38
1747013241.0943637,-15,-34,22
1747013241.1293633,-64,4,-61
1747013241.1653633,-28,-7,-77
1747013241.2003634,19,-27,22
1747013241.2353632,-47,-72,72
1747013241.270363,37,78,46
1747013241.306363,1,24,38
1747013241.3423634,41,6,-67
1747013241.3773634,-16,0,-3
1747013241.4133637,2,29,208
1747013241.4483633,-43,1,74
1747013241.4833634,28,15,158
1747013241.5183637,26,33,36
1747013241.5543633,32,6,26
1747013241.5903633,40,-22,28
1747013241.625363,-13,-28,132
1747013241.6613634,62,-32,-17
1747013241.6963634,-21,-42,89
1747013241.7313633,-17,-72,-4
1747013241.7663634,64,15,99
1747013241.8023634,-45,-38,83
1747013241.8383634,-67,-40,173
1747013241.8733633,0,-40,73
1747013241.9093633,-16,-63,-2
1747013241.9443634,-48,28,141
1747013241.9793634,69,18,93
1747013242.0143633,-23,-49,75
1747013242.0503633,69,-11,75
1747013242.0863633,6,12,52
1747013242.122363,-82,-3,79
1747013242.158363,-8,27,60
1747013242.1933634,-16,-12,112
1747013242.2293634,73,21,26
1747013242.2643633,-36,-58,70
1747013242.2993634,71,41,76
1747013242.3343637,-50,-2,-5
1747013242.3703637,-12,25,44
1747013242.4063632,15,-14,84
1747013242.441363,-6,7,160
1747013242.477363,-56,-56,42
1747013242.5123634,-32,-47,152
1747013242.5473633,65,47,94
1747013242.5823634,-8,21,65
1747013242.6183634,-36,47,28
1747013242.6543634,-40,-3,153
1747013242.6893632,25,-7,47
1747013242.7253633,-12,-27,91
1747013242.760363,11,26,-4
1747013242.7953634,17,-67,97
1747013242.8303633,43,36,37
1747013242.8663633,-24,-53,88
1747013242.9023633,1,20,167
1747013242.9373634,-42,12,123
1747013242.9733634,-31,-5,61
1747013243.0083632,-9,-46,37
1747013243.043363,-39,-130,61
1747013243.0783634,-51,21,81
1747013243.1143634,-47,-12,-58
1747013243.1503634,-52,44,0
1747013243.1853633,46,-64,70
1747013243.2213633,-90,-15,86
1747013243.2563634,-20,-53,2
1747013243.2913637,35,26,96
1747013243.326363,40,-28,141
1747013243.362363,71,-17,1
1747013243.3983634,3,22,7
1747013243.4333634,31,-11,25
1747013243.4693637,-61,-22,47
1747013243.5043633,-20,48,-12
1747013243.5393634,-56,-83,11
1747013243.5753634,-43,-11,111
1747013243.6103632,-33,-10,155
1747013243.6463633,-98,-11,191
1747013243.681363,-3,-43,-48
1747013243.7173634,-33,-45,-26
1747013243.7523634,-83,-23,95
1747013243.7873633,36,28,9
1747013243.8233633,-3,-11,69
1747013243.8583634,-108,4,105
1747013243.8943634,-72,-79,165
1747013243.9293633,-1,84,131
1747013243.9653633,-7,32,9
1747013244.000363,-65,24,99
1747013244.0353634,14,-1,99
1747013244.0713634,30,-4,89
1747013244.1063633,-33,21,71
1747013244.1423633,26,-10,63
1747013244.1773634,-118,60,151
1747013244.2133634,-24,-39,0
1747013244.2483633,31,-29,65
1747013244.283363,110,-84,91
1747013244.3193634,32,-8,157
1747013244.3543634,32,9,91
1747013244.3903637,-1,-32,107
1747013244.4253633,-58,-39,31
1747013244.4613633,20,35,123
1747013244.4963634,-1,-30,103
1747013244.5313632,21,-53,25
1747013244.5673633,-3,-28,181
1747013244.602363,63,-17,53
1747013244.6383634,-16,62,91
1747013244.6733634,-46,-9,149
1747013244.7093637,10,31,-52
1747013244.7443633,27,-13,125
1747013244.7793634,-22,-7,113
1747013244.8153634,-35,3,81
1747013244.8503633,12,-31,93
1747013244.8863633,10,62,99
1747013244.9213634,-24,0,85
1747013244.9573634,-36,62,23
1747013244.9923637,4,58,103
1747013245.0273633,-19,60,133
1747013245.0633633,74,-47,121
1747013245.0983634,24,-34,25
1747013245.1343634,-51,-67,-14
1747013245.1693633,28,-11,225
1747013245.2053633,18,-31,57
1747013245.2413633,40,-23,49
1747013245.2773633,-34,-20,123
1747013245.3133633,-13,33,9
1747013245.3483634,-9,-8,33
1747013245.3833632,33,-83,19
1747013245.4193633,-56,-51,-56
1747013245.4553633,-59,-13,101
1747013245.4903634,36,-35,55
1747013245.5263634,8,46,109
1747013245.5613637,28,6,99
1747013245.5963633,11,20,49
1747013245.6313634,-46,-19,202
1747013245.6673634,55,-1,5
1747013245.7033634,-66,-31,38
1747013245.7383633,-39,34,44
1747013245.7743633,46,-68,-28
1747013245.8093634,-17,59,15
1747013245.8443637,-3,6,51
1747013245.8793633,54,-17,73
1747013245.9153633,-29,-17,164
1747013245.951363,66,-15,186
1747013245.9863634,-29,17,102
1747013246.0223634,-34,63,97
1747013246.0573633,30,42,10
1747013246.0923634,10,-27,20
1747013246.1273634,-9,64,-15
1747013246.1633637,30,42,126
1747013246.1993637,-33,32,15
1747013246.2343633,12,82,71
1747013246.270363,-9,40,-23
1747013246.3053634,11,29,16
1747013246.3403633,-72,0,129
1747013246.375363,-30,5,168
1747013246.4113634,0,-79,246
1747013246.4473634,-32,22,162
1747013246.4823637,-24,-11,70
1747013246.5183637,-22,80,134
1747013246.553363,-20,70,168
1747013246.5883634,7,0,124
1747013246.6233633,25,-4,0
1747013246.6593633,29,1,-37
1747013246.6953633,-20,41,-53
1747013246.7303634,-20,-17,60
1747013246.7663634,95,-34,114
1747013246.8013637,52,-10,-15
1747013246.8433633,-29,-12,14
1747013246.8793633,34,-48,54
1747013246.9153633,-10,-44,-57
1747013246.951363,-28,31,-37
1747013246.9863634,19,-64,58
1747013247.0223634,16,17,12
1747013247.0573633,22,29,102
1747013247.0923634,52,-18,150
1747013247.1273634,16,15,64
1747013247.1633637,-10,10,48
1747013247.1993637,-20,-11,102
1747013247.2343633,-50,28,70
1747013247.270363,3,-27,98
1747013247.3053634,-1,-46,22
1747013247.3403633,-25,55,94
1747013247.375363,-10,60,106
1747013247.4113634,44,59,142
1747013247.4473634,-41,-20,114
1747013247.4823637,-73,49,10
1747013247.5183637,6,-4,32
1747013247.553363,78,25,-3
1747013247.5883634,86,-22,92
1747013247.6233633,36,-8,46
1747013247.6593633,10,-70,72
1747013247.6953633,-11,91,26
1747013247.7303634,-22,-6,-69
1747013247.7663634,-29,25,-79
1747013247.8013637,-5,-8,30
1747013247.8363633,-19,55,74
1747013247.8713634,44,37,64
1747013247.9073634,-5,-76,90
1747013247.9433634,84,-40,14
1747013247.9783633,104,47,64
1747013248.0143633,8,38,134
1747013248.0493634,74,-45,38
1747013248.0843637,-75,20,40
1747013248.1193633,-11,20,88
1747013248.155363,35,19,90
1747013248.191363,-2,65,112
1747013248.2263634,11,-34,54
1747013248.2623634,71,7,110
1747013248.2973633,-29,50,94
1747013248.3323634,-33,-39,38
1747013248.3673637,-3,-7,112
1747013248.4033637,28,-9,56
1747013248.4393632,42,-19,6
1747013248.474363,62,60,78
1747013248.510363,-46,7,24
1747013248.5453634,35,63,84
1747013248.5803633,23,43,130
1747013248.6163633,-48,-56,78
1747013248.6513634,42,22,34
1747013248.6873634,-36,43,128
1747013248.7223637,35,3,-45
1747013248.7583632,118,-7,100
1747013248.793363,37,14,34
1747013248.8283634,25,14,100
1747013248.8643634,-52,42,70
1747013248.8993633,-6,34,48
1747013248.9353633,13,2,-45
1747013248.9703634,45,-11,200
1747013249.0063634,24,-7,94
1747013249.0413637,8,-23,112
1747013249.076363,-9,38,92
1747013249.112363,42,1,137
1747013249.1473634,-3,50,39
1747013249.1833634,-15,-30,98
1747013249.2183633,-3,3,100
1747013249.2543633,-13,-22,30
1747013249.2893634,-25,16,36
1747013249.3243637,-85,48,72
1747013249.3603632,30,-8,62
1747013249.395363,32,51,58
1747013249.431363,14,-54,66
1747013249.4663634,-23,58,89
1747013249.5023634,-19,-3,38
1747013249.5373633,102,-77,8
1747013249.5723634,28,-5,28
1747013249.6083634,-39,72,31
1747013249.6433637,-31,14,178
1747013249.6793633,-3,42,34
1747013249.714363,-45,54,134
1747013249.750363,-27,18,45
1747013249.7853634,36,-44,106
1747013249.8203633,-21,47,63
1747013249.8563633,-1,65,40
1747013249.8913634,58,27,66
1747013249.9273634,-10,1,154
1747013249.9623632,27,17,175
1747013249.9983633,-94,-30,60
1747013250.033363,-24,-8,128
1747013250.0683634,-49,35,-7
1747013250.1043634,-7,9,65
1747013250.1393633,7,-6,47
1747013250.1753633,9,53,1
1747013250.2103634,18,18,49
1747013250.2463634,10,-22,121
1747013250.2813632,-41,1,115
1747013250.316363,-1,-12,0
1747013250.352363,-85,-2,35
1747013250.3873634,-2,10,62
1747013250.4233634,66,58,-13
1747013250.4583633,12,-2,12
1747013250.4933634,0,27,50
1747013250.5283637,20,15,92
1747013250.5643632,-58,-57,-37
1747013250.6003633,48,63,64
1747013250.635363,30,43,-23
1747013250.6713634,-23,-10,90
1747013250.7063634,56,3,68
1747013250.7413633,-5,75,64
1747013250.7763634,-7,-22,223
1747013250.8123634,-17,39,70
1747013250.8483634,-13,-2,246
1747013250.8833632,6,17,55
1747013250.9193633,-48,48,148
1747013250.954363,-11,27,62
1747013250.9893634,-9,63,8
1747013251.0243633,-29,-64,96
1747013251.0603633,-27,49,45
1747013251.0963633,-5,35,118
1747013251.1313634,-19,9,44
1747013251.1673634,-27,-38,-9
1747013251.2023633,60,71,40
1747013251.237363,-57,-68,-55
1747013251.2723634,24,49,5
1747013251.3083634,-61,75,-42
1747013251.3443637,-17,52,33
1747013251.3793633,2,18,70
1747013251.4153633,-75,-5,37
1747013251.4503634,1,-39,20
1747013251.4853632,-2,-13,58
1747013251.520363,71,-63,175
1747013251.556363,52,-59,4
1747013251.5923634,-23,-59,-156
1747013251.6273634,-15,76,25
1747013251.6633637,108,30,-55
1747013251.6983633,-32,24,215
1747013251.7333634,-101,-31,111
1747013251.7683637,-61,-1,117
1747013251.8043633,-23,-21,105
1747013251.8403633,12,-37,-24
1747013251.875363,36,-19,137
1747013251.9113634,2,-7,141
1747013251.9463634,-19,57,33
1747013251.9813633,-37,51,27
1747013252.0163634,56,3,7
1747013252.0523634,-35,-10,27
1747013252.0883634,4,-67,95
1747013252.1233633,-3,42,-64
1747013252.1593633,50,-29,7
1747013252.1943634,-3,-19,23
1747013252.2293634,-59,26,121
1747013252.2643633,8,44,245
1747013252.3003633,20,-9,59
1747013252.3363633,90,-79,147
1747013252.3713634,-5,16,199
1747013252.4073634,-45,0,-4
1747013252.4423633,-51,8,177
1747013252.477363,-25,16,9
1747013252.5123634,28,32,67
1747013252.5483634,17,-13,29
1747013252.5843637,-71,-82,-26
1747013252.6193633,-39,13,51
1747013252.655363,-16,4,159
1747013252.6903634,-60,4,129
1747013252.7253633,-4,12,95
1747013252.760363,83,-23,21
1747013252.7963634,39,-1,95
1747013252.8323634,56,-1,163
1747013252.8673637,-3,-24,109
1747013252.9033637,-11,0,-2
1747013252.9383633,-59,24,91
1747013252.9733634,4,-19,135
1747013253.0083632,-33,-21,123
1747013253.0443633,-89,2,97
1747013253.0803633,-55,-64,33
1747013253.1153634,-10,-66,-8
1747013253.1513634,1,63,-34
1747013253.1863637,-30,-30,181
1747013253.2213633,27,43,99
1747013253.2563634,-58,39,133
1747013253.2923634,79,55,25
1747013253.3283634,47,3,107
1747013253.3633633,-74,-12,107
1747013253.3993633,65,73,-12
1747013253.4343634,-4,36,109
1747013253.4693637,7,-35,127
1747013253.5053637,-6,24,115
1747013253.5403633,25,-17,95
1747013253.576363,15,-34,111
1747013253.6113634,39,52,23
1747013253.6473634,40,16,63
1747013253.6823633,27,17,-36
1747013253.7173634,-4,-30,173
1747013253.7533634,41,21,67
1747013253.7883637,-4,-28,9
1747013253.8243637,-16,-70,159
1747013253.8593633,31,-8,87
1747013253.895363,21,-6,147
1747013253.9303634,75,-50,57
1747013253.9653633,-3,-44,181
1747013254.0013633,-89,0,-32
1747013254.0363634,18,39,135
1747013254.0723634,68,-42,135
1747013254.1073637,-63,-58,25
1747013254.1433637,-19,-34,211
1747013254.178363,26,27,133
1747013254.2133634,-1,-46,111
1747013254.2493634,64,-44,41
1747013254.2843633,-3,21,131
1747013254.3203633,32,-12,47
1747013254.3553634,-95,-6,105
1747013254.3913634,-44,-30,-32
1747013254.4263637,-82,-17,139
1747013254.4613633,-79,29,71
1747013254.497363,-39,25,25
1747013254.5323634,64,-22,113
1747013254.5683634,-18,1,69
1747013254.6033633,-16,-24,111
1747013254.6393633,49,-46,82
1747013254.6743634,-24,-6,-57
1747013254.7093637,71,-38,32
1747013254.7453637,-48,9,212
1747013254.780363,-40,-42,58
1747013254.816363,4,-9,132
1747013254.8513634,-1,-45,48
1747013254.8873634,44,-85,98
1747013254.9223633,-35,33,-37
1747013254.9573634,-75,-34,106
1747013254.9933634,-33,-6,86
1747013255.0283637,-17,33,42
1747013255.0643632,-27,-30,0
1747013255.099363,24,-50,158
1747013255.135363,-31,-32,20
1747013255.1703634,69,6,154
1747013255.2053633,-43,-6,74
1747013255.2413633,-11,21,82
1747013255.2763634,-4,-15,108
1747013255.3123634,4,-20,58
1747013255.3473637,-9,-58,118
1747013255.3833632,2,-74,78
1747013255.4193633,98,-18,52
1747013255.454363,44,-69,160
1747013255.4893634,-51,-17,178
1747013255.5253634,16,-37,32
1747013255.5613637,-29,15,134
1747013255.5963633,-73,82,120
1747013255.632363,122,20,-37
1747013255.6673634,-6,54,-55
1747013255.7023633,-17,11,212
1747013255.737363,48,-26,8
1747013255.7733634,-1,-36,48
1747013255.8093634,38,-52,-1
1747013255.8443637,20,-22,102
1747013255.8803637,-5,113,26
1747013255.9153633,-31,-7,-57
1747013255.9503634,-27,7,138
1747013255.9853632,-92,15,-9
1747013256.0213633,-22,-29,86
1747013256.0573633,-12,-13,16
1747013256.0923634,13,42,14
1747013256.1283634,-60,-13,78
1747013256.1633637,-4,-16,52
1747013256.1983633,43,-13,-15
1747013256.2333634,31,12,-35
1747013256.2693634,26,13,62
1747013256.3053634,-6,22,158
1747013256.3403633,-26,-19,-29
1747013256.3763633,39,14,208
1747013256.4113634,-18,40,98
1747013256.4463634,5,-11,94
1747013256.4813633,-60,28,46
1747013256.5173633,5,20,94
1747013256.553363,0,30,116
1747013256.5883634,-92,-22,50
1747013256.6243634,4,-31,80
1747013256.6593633,105,63,68
1747013256.6943634,74,-31,188
1747013256.7293634,-3,6,46
1747013256.7653637,81,-33,90
1747013256.8013637,-46,54,122
1747013256.8363633,23,-23,186
1747013256.8793633,25,60,-85
1747013256.9153633,57,-75,90
1747013256.9503634,-23,-79,-25
1747013256.9853632,12,-17,122
1747013257.0213633,19,-40,174
1747013257.0573633,-50,-64,8
1747013257.0923634,0,-22,30
1747013257.1283634,53,33,270
1747013257.1633637,41,-59,-7
1747013257.1983633,-81,-82,128
1747013257.2333634,-11,-18,110
1747013257.2693634,-46,49,94
1747013257.3053634,4,-59,120
1747013257.3403633,-65,-31,138
1747013257.3763633,60,-43,64
1747013257.4113634,27,1,38
1747013257.4463634,-70,61,44
1747013257.4813633,65,29,112
1747013257.5173633,-42,-56,-99
1747013257.553363,-4,-40,154
1747013257.5883634,-43,0,164
1747013257.6243634,-21,-14,126
1747013257.6593633,-9,-2,-1
1747013257.6943634,87,14,158
1747013257.7293634,41,-23,26
1747013257.7653637,-4,-31,164
1747013257.8013637,33,14,172
1747013257.8363633,77,-63,50
1747013257.872363,11,-14,178
1747013257.9073634,78,-50,-21
1747013257.9423633,29,35,2
1747013257.977363,-22,-15,50
1747013258.0133634,11,-53,56
1747013258.0493634,-12,16,38
1747013258.0843637,-66,-21,22
1747013258.1203637,-22,42,2
1747013258.155363,45,0,66
1747013258.1903634,1,-19,62
1747013258.2253633,-46,-59,124
1747013258.2613633,-20,10,18
1747013258.2973633,0,-57,26
1747013258.3323634,-83,-73,108
1747013258.3683634,12,-37,60
1747013258.4033637,25,-31,82
1747013258.4383633,-40,-21,70
1747013258.4733634,25,74,50
1747013258.5093634,-46,48,52
1747013258.5453634,49,-55,92
1747013258.5803633,-52,30,140
1747013258.6163633,65,-57,88
1747013258.6513634,-58,-4,190
1747013258.6863637,-22,25,-33
1747013258.7223637,-102,3,110
1747013258.757363,3,-26,72
1747013258.793363,16,-25,92
1747013258.8283634,40,-5,26
1747013258.8643634,10,50,103
1747013258.8993633,14,-63,84
1747013258.9343634,16,-33,150
1747013258.9703634,152,12,56
1747013259.0053637,2,16,118
1747013259.0413637,8,-7,172
1747013259.076363,32,48,88
1747013259.112363,-5,-5,162
1747013259.1473634,-51,-56,94
1747013259.1823633,-19,-6,74
1747013259.2183633,-20,-50,96
1747013259.2533634,12,-10,-25
1747013259.2893634,-11,63,96
1747013259.3243637,-29,-6,12
1747013259.3603632,-7,-54,66
1747013259.395363,-22,-67,84
1747013259.4303634,-13,-45,-39
1747013259.4663634,7,2,51
1747013259.5013633,-38,-25,114
1747013259.5373633,19,4,132
1747013259.5723634,-2,2,82
1747013259.6083634,-22,10,120
1747013259.6433637,-48,0,18
1747013259.678363,53,-1,84
1747013259.714363,51,-27,45
1747013259.7493634,-2,-10,-18
1747013259.7853634,-46,22,89
1747013259.8203633,61,-57,151
1747013259.8563633,11,4,-69
1747013259.8913634,79,6,87
1747013259.9263637,-1,-14,87
1747013259.9623632,2,51,72
1747013259.997363,42,-48,70
1747013260.033363,-25,63,-41
1747013260.0683634,61,43,46
1747013260.1043634,-28,75,14
1747013260.1393633,-46,-40,86
1747013260.1743634,-14,-80,20
1747013260.2103634,-24,52,54
1747013260.2453637,11,1,16
1747013260.2813632,53,-6,106
1747013260.316363,7,-22,66
1747013260.352363,-16,4,78
1747013260.3873634,27,-15,52
1747013260.4223633,5,-77,108
1747013260.4583633,40,23,112
1747013260.4933634,72,63,56
1747013260.5293634,-96,-105,38
1747013260.5643632,-35,17,106
1747013260.599363,2,-8,84
1747013260.6343634,27,-47,46
1747013260.6703634,25,-5,-5
1747013260.7063634,25,-39,108
1747013260.7413633,-64,79,46
1747013260.7773633,43,45,0
1747013260.8123634,-33,1,184
1747013260.8473637,-27,-68,70
1747013260.882363,-3,-48,82
1747013260.918363,-75,-26,62
1747013260.954363,4,-14,34
1747013260.9893634,-3,-6,110
1747013261.0253634,23,-31,96
1747013261.0603633,66,43,88
1747013261.0953634,-46,-59,20
1747013261.1303637,-30,-17,68
1747013261.1663637,29,-41,-11
1747013261.2023633,33,36,120
1747013261.237363,-12,8,60
1747013261.2733634,3,-23,120
1747013261.3083634,39,38,86
1747013261.3433633,21,-27,46
1747013261.3783634,10,-52,-79
1747013261.4143634,14,37,158
1747013261.4503634,13,-29,36
1747013261.4853632,34,-40,126
1747013261.5213633,32,-72,115
1747013261.556363,-42,24,85
1747013261.5913634,17,1,151
1747013261.6263633,23,-56,97
1747013261.6623633,-13,33,35
1747013261.6983633,-81,-22,7
1747013261.7333634,-15,3,126
1747013261.7693634,-2,19,100
1747013261.8043633,-14,-32,36
1747013261.839363,-8,-4,144
1747013261.8743634,9,-22,174
1747013261.9103634,-50,-26,84
1747013261.9463634,20,47,172
1747013261.9813633,-15,75,-5
1747013262.0173633,-95,-70,112
1747013262.0523634,30,-26,230
1747013262.0873632,12,0,-11
1747013262.122363,58,-26,10
1747013262.158363,-67,33,156
1747013262.1943634,40,-32,74
1747013262.2293634,66,24,14
1747013262.2653637,18,10,-101
1747013262.3003633,0,4,46
1747013262.3353634,-7,8,108
1747013262.3703637,-29,-49,18
1747013262.4063632,-41,-7,16
1747013262.4423633,38,-5,126
1747013262.477363,-79,-20,166
1747013262.5133634,30,15,48
1747013262.5483634,-46,43,100
1747013262.5833633,36,-4,172
1747013262.6183634,-15,-98,212
1747013262.6543634,26,77,64
1747013262.6903634,-1,-44,-17
1747013262.7253633,68,-43,112
1747013262.7613633,44,28,84
1747013262.7963634,16,-27,156
1747013262.8313634,24,12,78
1747013262.8663633,34,-15,12
1747013262.9023633,10,38,30
1747013262.9383633,8,60,180
1747013262.9733634,-19,-1,-25
1747013263.0093634,18,4,30
1747013263.0443633,-51,-33,0
1747013263.079363,-31,-77,172
1747013263.1143634,-23,4,-3
1747013263.1503634,28,14,102
1747013263.1863637,75,57,80
1747013263.2213633,-19,-43,84
1747013263.257363,-15,-45,101
1747013263.2923634,39,15,141
1747013263.3273633,86,50,78
1747013263.362363,-27,42,133
1747013263.3983634,2,16,-8
1747013263.4343634,-62,65,101
1747013263.4693637,-31,-15,71
1747013263.5053637,-45,12,61
1747013263.5403633,-6,19,123
1747013263.5753634,11,39,207
1747013263.6103632,12,12,19
1747013263.6463633,53,37,15
1747013263.6823633,17,-26,65
1747013263.7173634,-82,-18,43
1747013263.7533634,13,23,61
1747013263.7883637,29,20,101
1747013263.8233633,43,28,33
1747013263.8593633,-26,60,-82
1747013263.8943634,-23,50,51
1747013263.9303634,-79,-25,11
1747013263.9653633,63,-35,-34
1747013264.0013633,3,-63,147
1747013264.0363634,57,17,71
1747013264.0713634,24,14,33
1747013264.1073637,-37,44,-10
1747013264.1423633,-21,58,113
1747013264.178363,-53,48,135
1747013264.2133634,39,81,139
1747013264.2493634,14,50,175
1747013264.2843633,13,13,-4
1747013264.3193634,-64,-2,63
1747013264.3553634,-39,-21,51
1747013264.3903637,44,-59,49
1747013264.4263637,40,0,83
1747013264.4613633,50,34,-52
1747013264.497363,4,-51,57
1747013264.5323634,42,8,-6
1747013264.5673633,54,-23,111
1747013264.6033633,4,14,47
1747013264.6383634,-61,-43,83
1747013264.6743634,76,66,185
1747013264.7093637,-1,-3,87
1747013264.7453637,12,-31,109
1747013264.780363,-33,2,49
1747013264.8153634,13,-7,213
1747013264.8513634,-59,-7,15
1747013264.8863633,22,-77,17
1747013264.9233634,20,44,29
1747013264.9583633,-1,-61,197
1747013264.9943633,23,-35,129
1747013265.0293634,-36,-32,181
1747013265.0653634,87,33,183
1747013265.1003633,-36,-20,117
1747013265.135363,99,81,45
1747013265.1713634,-16,-18,69
1747013265.2063634,33,-42,165
1747013265.2423637,-16,-9,42
1747013265.2773633,-36,38,-39
1747013265.3133633,-18,-24,-24
1747013265.3483634,61,-44,-14
1747013265.3833632,47,-48,53
1747013265.4193633,-10,19,137
1747013265.454363,-36,-4,101
1747013265.4903634,57,67,-6
1747013265.5253634,-74,36,114
1747013265.5613637,-37,54,186
1747013265.5973637,-69,-31,72
1747013265.6333632,33,0,142
1747013265.6693633,-36,28,162
1747013265.704363,-59,78,140
1747013265.7393634,92,42,124
1747013265.7753634,-82,20,120
1747013265.8113637,65,51,88
1747013265.8463633,129,73,92
1747013265.882363,49,-4,58
1747013265.9173634,35,44,136
1747013265.9523633,-16,-4,144
1747013265.987363,-52,16,132
1747013266.0233634,-62,-23,64
1747013266.0593634,-44,48,34
1747013266.0943637,11,-35,100
1747013266.1303637,0,-56,-11
1747013266.1653633,-84,22,102
1747013266.2003634,-19,9,176
1747013266.2353632,-82,-25,-13
1747013266.2713633,45,-69,92
1747013266.3073633,86,-62,116
1747013266.3423634,29,-37,170
1747013266.3783634,-22,92,12
1747013266.4133637,-10,-13,160
1747013266.4483633,-8,-21,30
1747013266.4833634,38,10,84
1747013266.5193634,-34,-17,76
1747013266.5553634,46,24,16
1747013266.5903633,42,-11,152
1747013266.6263633,-2,-30,36
1747013266.6613634,-28,68,95
1747013266.6963634,-53,-67,209
1747013266.7313633,21,-17,59
1747013266.7673633,-17,10,-6
1747013266.803363,14,-9,-2
1747013266.8383634,11,-47,167
1747013266.8813634,-11,20,-52
1747013266.9173634,18,-1,57
1747013266.9523633,-50,48,245
1747013266.987363,39,-58,27
1747013267.0233634,53,55,171
1747013267.0593634,9,43,53
1747013267.0943637,8,-9,107
1747013267.1303637,8,-77,171
1747013267.1653633,-1,14,65
1747013267.2003634,4,0,61
1747013267.2353632,-29,52,68
1747013267.2713633,18,11,39
1747013267.3073633,54,-2,168
1747013267.3423634,27,6,-21
1747013267.3783634,37,32,-23
1747013267.4133637,-8,86,50
1747013267.4483633,38,-8,30
1747013267.4833634,2,-6,96
1747013267.5193634,22,-14,4
1747013267.5553634,-7,-117,0
1747013267.5903633,16,-39,76
1747013267.6263633,139,6,162
1747013267.6613634,-6,16,156
1747013267.6963634,22,32,4
1747013267.7313633,-3,4,148
1747013267.7673633,3,6,104
1747013267.803363,69,-15,88
1747013267.8383634,-84,-19,58
1747013267.8743634,-98,-7,-61
1747013267.9093633,-11,-6,92
1747013267.9443634,60,53,20
1747013267.9793634,-27,-10,100
1747013268.0153637,4,-20,4
1747013268.0513637,67,23,12
1747013268.0863633,-90,-66,-19
1747013268.122363,79,-52,6
1747013268.1573634,-75,-42,84
1747013268.1923633,44,-38,14
1747013268.227363,2,17,64
1747013268.2633634,4,-30,152
1747013268.2993634,22,-36,150
1747013268.3343637,21,-35,14
1747013268.3703637,5,-13,94
1747013268.405363,-40,-47,4
1747013268.4403634,-41,-126,112
1747013268.4753633,-71,-14,100
1747013268.5113633,52,3,0
1747013268.5473633,10,-12,36
1747013268.5823634,2,-10,126
1747013268.6183634,22,-18,158
1747013268.6533637,54,-42,162
1747013268.6883633,-111,45,70
1747013268.7233634,-43,11,83
1747013268.7593634,5,34,50
1747013268.7953634,15,14,51
1747013268.8303633,-18,-19,36
1747013268.8663633,91,-17,21
1747013268.9013634,-8,-59,182
1747013268.9363637,87,12,16
1747013268.9723637,-21,46,185
1747013269.007363,46,-47,131
1747013269.043363,6,98,-6
1747013269.0783634,-9,14,109
1747013269.1143634,20,48,155
1747013269.1493633,-111,-21,129
1747013269.1843634,30,26,74
1747013269.2203634,-31,6,30
1747013269.2553637,35,20,22
1747013269.2913637,0,-37,160
1747013269.326363,65,-9,36
1747013269.362363,65,-49,-15
1747013269.3973634,59,-51,166
1747013269.4323633,20,8,80
1747013269.4683633,-45,20,-11
1747013269.5033634,95,18,82
1747013269.5393634,-77,-13,12
1747013269.5743637,94,34,124
1747013269.6103632,68,0,120
1747013269.645363,-97,56,134
1747013269.6803634,22,44,14
1747013269.7163634,-35,20,38
1747013269.7513633,12,-46,202
1747013269.7873633,-55,26,84
1747013269.8223634,-52,82,-73
1747013269.8583634,-51,43,42
1747013269.8933637,75,20,112
1747013269.928363,-52,94,28
1747013269.964363,-36,34,136
1747013269.9993634,5,-33,86
1747013270.0353634,-30,8,56
1747013270.0703633,-38,-73,74
1747013270.1063633,19,-15,138
1747013270.1413634,125,-65,-79
1747013270.1763637,-88,-46,128
1747013270.2123632,-22,-8,48
1747013270.247363,-54,-31,63
1747013270.283363,-50,14,127
1747013270.3183634,31,-21,25
1747013270.3543634,-29,17,21
1747013270.3893633,20,-46,95
1747013270.4243634,42,-30,-10
1747013270.4603634,5,75,54
1747013270.4953637,10,-62,52
1747013270.5313632,56,31,14
1747013270.566363,26,26,90
1747013270.602363,-43,5,128
1747013270.6383634,2,-31,78
1747013270.6743634,30,-35,124
1747013270.7103634,-9,36,142
1747013270.7453637,30,-33,32
1747013270.780363,-43,-57,108
1747013270.816363,42,64,98
1747013270.852363,-6,-10,99
1747013270.8873634,-41,-21,67
1747013270.9233634,-5,50,175
1747013270.9583633,10,-30,177
1747013270.9933634,0,-33,47
1747013271.0283637,-16,-103,19
1747013271.0643632,37,10,137
1747013271.1003633,25,72,69
1747013271.135363,-69,-19,37
1747013271.1713634,62,-91,47
1747013271.2063634,-39,-57,123
1747013271.2413633,-15,-7,-54
1747013271.2763634,11,-135,67
1747013271.3123634,46,-20,95
1747013271.3483634,79,14,105
1747013271.3833632,54,-12,127
1747013271.4193633,98,21,15
1747013271.454363,-5,-28,107
1747013271.4893634,-5,-16,143
1747013271.5243633,-75,13,67
1747013271.5603633,-9,-20,125
1747013271.5963633,-53,-6,37
1747013271.6313634,-5,43,71
1747013271.6673634,2,76,0
1747013271.7023633,-21,0,19
1747013271.737363,-9,-71,-6
1747013271.7723634,23,-23,43
1747013271.8083634,87,20,25
1747013271.8443637,-65,0,117
1747013271.8793633,34,65,91
1747013271.9153633,44,0,115
1747013271.9503634,-5,91,67
1747013271.9853632,102,-79,125
1747013272.020363,-20,49,69
1747013272.056363,-20,3,51
1747013272.0923634,-34,-14,111
1747013272.1273634,43,-13,-70
1747013272.1633637,28,50,111
1747013272.1983633,18,-21,131
1747013272.2333634,-31,-85,39
1747013272.2683637,-13,40,119
1747013272.3043633,-50,-16,7
1747013272.3403633,15,-18,47
1747013272.375363,13,-91,87
1747013272.4113634,47,8,127
1747013272.4463634,35,33,119
1747013272.4813633,-33,-78,51
1747013272.5163634,-76,-48,87
1747013272.5523634,-37,-18,79
1747013272.5883634,-40,-3,95
1747013272.6233633,0,-9,99
1747013272.6593633,-58,36,-48
1747013272.6943634,41,6,185
1747013272.7293634,21,62,103
1747013272.7643633,37,-31,-88
1747013272.8003633,35,22,153
1747013272.8363633,-84,-49,1
1747013272.8713634,-88,29,-68
1747013272.9073634,-14,1,65
1747013272.9423633,121,7,-4
1747013272.977363,-52,13,31
1747013273.0123634,53,9,71
1747013273.0483634,-46,23,197
1747013273.0843637,-26,17,-24
1747013273.1193633,-15,-6,139
1747013273.155363,90,-38,71
1747013273.1903634,2,5,165
1747013273.2253633,-33,19,185
1747013273.260363,38,-16,149
1747013273.2963634,42,57,61
1747013273.3323634,-60,-75,59
1747013273.3673637,-32,46,47
1747013273.4033637,-67,13,59
1747013273.4383633,64,-24,41
1747013273.4733634,-37,-34,181
1747013273.5083632,23,82,-68
1747013273.5443633,-8,-69,105
1747013273.5803633,-9,54,57
1747013273.6153634,-51,-67,95
1747013273.6513634,-44,7,23
1747013273.6863637,-37,-30,30
1747013273.7213633,43,-21,172
1747013273.7563634,22,62,143
1747013273.7923634,55,-75,66
1747013273.8283634,21,22,46
1747013273.8633633,23,-23,112
1747013273.8993633,12,42,106
1747013273.9343634,-43,-29,82
1747013273.9693637,-44,-13,-15
1747013274.0053637,-110,2,16
1747013274.0403633,-32,66,-3
1747013274.076363,45,-46,92
1747013274.1113634,59,-4,120
1747013274.1473634,47,-26,30
1747013274.1823633,-12,-38,182
1747013274.2173634,44,-3,162
1747013274.2533634,57,9,86
1747013274.2883637,123,-34,58
1747013274.3243637,-16,37,138
1747013274.3593633,-12,55,-31
1747013274.395363,39,-5,68
1747013274.4303634,31,-9,6
1747013274.4653633,-58,-75,126
1747013274.5013633,4,16,-65
1747013274.5363634,-17,-31,54
1747013274.5723634,7,-46,66
1747013274.6073637,-9,-33,94
1747013274.6433637,-60,45,82
1747013274.678363,27,121,114
1747013274.7133634,-32,-34,110
1747013274.7493634,-76,11,66
1747013274.7843633,-34,-84,60
1747013274.8203633,13,-52,38
1747013274.8553634,59,23,38
1747013274.8913634,9,43,14
1747013274.9263637,17,5,148
1747013274.9613633,-11,16,88
1747013274.997363,-49,-65,34
1747013275.0323634,-9,4,102
1747013275.0683634,-13,-43,32
1747013275.1033633,0,-59,58
1747013275.1393633,16,59,70
1747013275.1743634,-59,58,116
1747013275.2093637,-41,-87,90
1747013275.2453637,54,-29,104
1747013275.280363,36,-29,4
1747013275.316363,-125,24,4
1747013275.3513634,42,30,28
1747013275.3873634,-10,-10,12
1747013275.4223633,-11,2,20
1747013275.4573634,-38,53,56
1747013275.4933634,-17,-58,38
1747013275.5283637,60,-64,152
1747013275.5643632,31,45,60
1747013275.599363,46,7,58
1747013275.635363,-7,15,80
1747013275.6703634,-9,29,28
1747013275.7053633,-40,-34,40
1747013275.7413633,13,79,50
1747013275.7763634,17,-12,138
1747013275.8123634,-40,-22,66
1747013275.8473637,17,-28,48
1747013275.882363,10,26,-71
1747013275.9173634,-15,13,156
1747013275.9533634,-77,30,46
1747013275.9893634,-26,-77,142
1747013276.0243633,61,-33,165
1747013276.0603633,18,34,-28
1747013276.0953634,-61,-38,-9
1747013276.1303637,28,-30,37
1747013276.1653633,-63,-20,123
1747013276.201363,-31,-43,67
1747013276.237363,-42,-19,82
1747013276.2723634,32,-42,175
1747013276.3083634,-9,8,5
1747013276.3433633,-49,-24,29
1747013276.3783634,2,35,-56
1747013276.4133637,-53,61,-18
1747013276.4493637,68,-34,29
1747013276.4853632,66,-52,61
1747013276.520363,-95,13,47
1747013276.556363,-31,-2,91
1747013276.5913634,-27,-50,45
1747013276.6263633,-87,-50,113
1747013276.6613634,37,-39,-26
1747013276.6973634,32,-34,69
1747013276.7333634,-17,-102,115
1747013276.7683637,55,2,97
1747013276.8043633,41,19,3
1747013276.839363,23,-58,69
1747013276.8813634,8,23,40
1747013276.9173634,-42,55,188
1747013276.9533634,-48,-60,50
1747013276.9893634,21,67,10
1747013277.0243633,15,-54,42
1747013277.0603633,31,56,31
1747013277.0953634,-20,-7,6
1747013277.1303637,47,17,238
1747013277.1653633,-19,22,17
1747013277.201363,6,-45,59
1747013277.237363,-13,-10,37
1747013277.2723634,32,-22,87
1747013277.3083634,13,-38,51
1747013277.3433633,7,29,77
1747013277.3783634,81,1,245
1747013277.4133637,18,37,71
1747013277.4493637,-7,33,142
1747013277.4853632,68,-1,74
1747013277.520363,-19,7,117
1747013277.556363,10,0,27
1747013277.5913634,10,49,43
1747013277.6263633,-29,-65,185
1747013277.6613634,-77,-13,-26
1747013277.6973634,14,-27,111
1747013277.7333634,14,12,-18
1747013277.7683637,130,17,136
1747013277.8043633,32,-8,4
1747013277.839363,48,1,220
1747013277.8743634,-26,8,200
1747013277.9093633,-3,-49,78
1747013277.9453633,-73,24,60
1747013277.9813633,-113,50,-7
1747013278.0163634,16,-33,-23
1747013278.0523634,26,8,130
1747013278.0873632,-51,-17,30
1747013278.122363,-77,30,-41
1747013278.1573634,-29,-7,188
1747013278.1933634,-42,46,-75
1747013278.2293634,24,1,159
1747013278.2643633,12,25,-20
1747013278.3003633,-19,-32,3
1747013278.3353634,20,-50,84
1747013278.3703637,-59,-38,58
1747013278.405363,-23,77,144
1747013278.441363,16,-82,109
1747013278.477363,-59,25,29
1747013278.5123634,44,-37,225
1747013278.5483634,-94,-14,58
1747013278.5833633,-51,0,54
1747013278.6183634,64,44,32
1747013278.6533637,-78,7,12
1747013278.6893632,18,26,16
1747013278.7253633,6,28,75
1747013278.760363,-17,-27,1
1747013278.7963634,0,0,51
1747013278.8313634,-14,-10,158
1747013278.8663633,-60,-27,94
1747013278.9013634,-63,-5,81
1747013278.9373634,26,-1,37
1747013278.9733634,5,-26,70
1747013279.0083632,-30,-20,-96
1747013279.0443633,58,40,-10
1747013279.079363,-7,32,132
1747013279.1143634,53,9,188
1747013279.1503634,-64,-20,16
1747013279.1853633,-16,7,34
1747013279.2213633,-11,67,36
1747013279.2563634,-4,-20,160
1747013279.2923634,54,8,28
1747013279.3273633,34,-19,-35
1747013279.362363,32,-28,88
1747013279.3983634,-23,73,3
1747013279.4333634,-31,-24,67
1747013279.4693637,16,11,21
1747013279.5043633,-137,-6,-63
1747013279.5403633,-14,11,10
1747013279.5753634,85,35,162
1747013279.6103632,-6,3,154
1747013279.6463633,-45,-28,52
1747013279.681363,0,-10,99
1747013279.7173634,-37,-68,119
1747013279.7523634,15,-100,25
1747013279.7883637,41,-10,54
1747013279.8233633,-70,-28,25
1747013279.8583634,13,-1,119
1747013279.8943634,51,-27,88
1747013279.9293633,56,-9,178
1747013279.9653633,-97,-81,6
1747013280.000363,-13,-20,170
1747013280.0363634,21,-63,4
1747013280.0713634,-28,109,140
1747013280.1063633,79,-86,8
1747013280.1423633,65,-5,96
1747013280.1773634,-24,-13,12
1747013280.2133634,-38,42,184
1747013280.2483633,79,26,20
1747013280.283363,16,12,32
1747013280.3183634,24,-33,194
1747013280.3543634,-25,-57,65
1747013280.3903637,22,-71,119
1747013280.4253633,6,5,109
1747013280.4613633,-31,41,95
1747013280.4963634,44,9,79
1747013280.5323634,-17,-78,185
1747013280.5673633,-37,-12,-48
1747013280.602363,-59,21,18
1747013280.6383634,52,5,105
1747013280.6733634,-15,-2,19
1747013280.7093637,30,-26,13
1747013280.7443633,52,-16,61
1747013280.780363,30,-66,137
1747013280.8153634,-57,17,123
1747013280.8503633,-6,15,35
1747013280.8863633,14,-14,79
1747013280.9213634,-54,-88,15
1747013280.9573634,-4,75,113
1747013280.9923637,21,-24,88
1747013281.0273633,36,-34,-34
1747013281.0623634,-80,-8,108
1747013281.0983634,-90,0,113
1747013281.1343634,73,41,17
1747013281.1693633,15,-4,81
1747013281.2053633,35,-4,-22
1747013281.2403634,44,-30,137
1747013281.2753634,-33,-26,99
1747013281.3103633,-89,-6,77
1747013281.3463633,-23,33,49
1747013281.382363,-41,-62,29
1747013281.4173634,-23,0,141
1747013281.4533634,8,-10,101
1747013281.4883633,28,1,103
1747013281.5233634,38,-8,78
1747013281.5583634,25,-13,139
1747013281.5943637,49,40,83
1747013281.6303637,-14,24,105
1747013281.6653633,37,-41,117
1747013281.701363,33,-49,73
1747013281.7363634,53,1,99
1747013281.7713633,-76,65,141
1747013281.806363,17,-15,131
1747013281.8423634,-75,14,-8
1747013281.8783634,-3,-26,161
1747013281.9133637,63,10,53
1747013281.9493637,53,-19,-18
1747013281.9843633,-35,15,61
1747013282.0193634,10,-52,36
1747013282.0543633,-119,-2,37
1747013282.0903633,0,-64,137
1747013282.1263633,20,65,45
1747013282.1613634,38,63,61
1747013282.1973634,-104,-21,31
1747013282.2323637,-10,38,158
1747013282.2673633,68,51,58
1747013282.3023634,10,-22,140
1747013282.3383634,26,-40,105
1747013282.3743634,48,15,-17
1747013282.4093633,58,-56,66
1747013282.4453633,-21,-46,-13
1747013282.4803634,60,-4,-4
1747013282.5153637,-29,9,0
1747013282.5503633,24,-6,69
1747013282.5863633,-78,24,139
1747013282.622363,-4,-33,43
1747013282.6573634,-41,22,179
1747013282.6933634,58,43,105
1747013282.7283633,-27,27,39
1747013282.7633634,-69,-54,141
1747013282.7983634,0,34,-36
1747013282.8343637,-27,-100,133
1747013282.8703637,-59,85,9
1747013282.905363,70,0,-24
1747013282.941363,-35,-76,27
1747013282.9763634,-35,55,87
1747013283.0113633,45,33,47
1747013283.0463634,-89,61,-52
1747013283.0823634,-85,23,111
1747013283.1183634,-5,17,113
1747013283.1533637,70,35,117
1747013283.1893632,-19,61,-4
1747013283.224363,-88,-5,64
1747013283.2593634,36,-52,65
1747013283.2943633,6,111,19
1747013283.3303633,-71,-20,39
1747013283.3663633,-135,33,97
1747013283.4013634,12,39,143
1747013283.4373634,66,-16,75
1747013283.4723637,-41,43,-100
1747013283.507363,5,3,-49
1747013283.5423634,0,15,68
1747013283.5783634,17,39,126
1747013283.6143634,-20,-56,84
1747013283.6493633,-36,-17,178
1747013283.6853633,41,-4,-1
1747013283.7203634,-8,29,75
1747013283.7553637,51,15,82
1747013283.7903633,-96,21,104
1747013283.826363,-20,-92,100
1747013283.862363,29,95,48
1747013283.8973634,-22,-80,130
1747013283.9333634,53,88,26
1747013283.9683633,2,4,158
1747013284.0033634,102,64,146
1747013284.0393634,-17,7,52
1747013284.0743637,-16,-2,56
1747013284.1103632,8,-16,0
1747013284.145363,-47,-50,132
1747013284.181363,34,-32,132
1747013284.2163634,10,18,30
1747013284.2513633,-114,-20,-59
1747013284.2873633,75,89,58
1747013284.3223634,39,3,-61
1747013284.3583634,-5,19,104
1747013284.3933637,53,-52,-57
1747013284.4293633,45,-20,74
1747013284.464363,-54,-2,27
1747013284.4993634,101,23,20
1747013284.5353634,66,17,102
1747013284.5703633,-11,13,-13
1747013284.6063633,-9,-30,34
1747013284.6413634,-45,-16,22
1747013284.6773634,23,-51,-21
1747013284.7123632,-7,-60,48
1747013284.747363,-39,25,106
1747013284.783363,32,-42,112
1747013284.8183634,30,-26,-1
1747013284.8543634,48,31,48
1747013284.8893633,-9,35,115
1747013284.9253633,28,49,27
1747013284.9603634,-3,-38,-18
1747013284.9953637,6,-84,53
1747013285.0313632,18,51,201
1747013285.066363,-99,-50,127
1747013285.102363,4,-22,-6
1747013285.1373634,88,29,183
1747013285.1733634,20,-30,41
1747013285.2083633,74,-66,33
1747013285.2433634,-103,61,27
1747013285.2793634,46,-24,55
1747013285.3143632,54,-30,-64
1747013285.3503633,-5,-58,-14
1747013285.385363,105,1,125
1747013285.4213634,-57,32,141
1747013285.4563634,-17,39,-12
1747013285.4913633,52,61,33
1747013285.5273633,79,-20,73
1747013285.5623634,-19,45,197
1747013285.5983634,12,6,81
1747013285.6333632,36,22,-10
1747013285.6693633,-27,25,111
1747013285.704363,-2,39,-36
1747013285.7393634,-91,0,145
1747013285.7753634,-9,-66,63
1747013285.8103633,10,31,107
1747013285.8463633,0,-28,-9
1747013285.8813634,-1,50,10
1747013285.9173634,10,60,40
1747013285.9533634,-16,-38,-17
1747013285.9893634,-14,-54,136
1747013286.0253634,45,39,-53
1747013286.0603633,51,-24,74
1747013286.0953634,-5,41,104
1747013286.1313634,13,-14,-43
1747013286.1673634,54,-8,114
1747013286.2023633,-45,-38,10
1747013286.2383633,41,3,24
1747013286.2733634,-33,-23,16
1747013286.3083634,63,-20,91
1747013286.3433633,-8,5,-2
1747013286.3793633,17,-4,163
1747013286.4153633,-58,-50,-4
1747013286.4503634,0,11,69
1747013286.4863634,-20,-16,91
1747013286.5213633,-11,18,77
1747013286.556363,-25,10,111
1747013286.5913634,31,-26,-20
1747013286.6273634,-24,-6,95
1747013286.6633637,59,-65,107
1747013286.6983633,30,28,99
1747013286.7343633,55,-11,125
1747013286.7693634,34,-33,111
1747013286.8043633,-10,-53,209
1747013286.839363,50,46,85
1747013286.875363,103,-48,17
1747013286.918363,-13,-3,-62
1747013286.954363,4,-45,29
1747013286.9903634,56,44,47
1747013287.0253634,76,9,63
1747013287.0603633,36,-25,123
1747013287.0953634,-49,33,-14
1747013287.1313634,35,34,115
1747013287.1673634,7,-77,143
1747013287.2023633,-16,24,105
1747013287.2383633,23,-49,-56
1747013287.2733634,21,-85,33
1747013287.3083634,133,34,-12
1747013287.3433633,10,-56,43
1747013287.3793633,-61,44,113
1747013287.4153633,90,8,91
1747013287.4503634,-1,-9,51
1747013287.4863634,36,13,135
1747013287.5213633,20,-18,47
1747013287.556363,13,3,41
1747013287.5913634,43,3,145
1747013287.6273634,-55,-18,107
1747013287.6633637,98,-20,73
1747013287.6983633,121,75,-2
1747013287.7343633,12,23,-58
1747013287.7693634,-30,41,89
1747013287.8043633,42,-47,19
1747013287.839363,-3,19,81
1747013287.875363,10,63,109
1747013287.9113634,12,27,83
1747013287.9463634,-24,-50,-38
1747013287.9823637,-6,41,117
1747013288.0173633,-26,5,-6
1747013288.0523634,-42,-48,139
1747013288.0873632,19,-4,123
1747013288.1233633,33,21,137
1747013288.1593633,-4,-66,-16
1747013288.1943634,50,-1,123
1747013288.2303634,-24,99,-46
1747013288.2653637,-4,27,83
1747013288.3003633,-54,-98,43
1747013288.3353634,1,65,207
1747013288.3713634,-49,40,10
1747013288.4073634,-68,-4,46
1747013288.4423633,59,-32,109
1747013288.4783633,15,11,16
1747013288.5133634,4,72,156
1747013288.5483634,-33,-7,20
1747013288.5843637,-5,-63,76
1747013288.6193633,-27,18,184
1747013288.655363,24,-32,-19
1747013288.6903634,-19,45,-39
1747013288.7263634,48,-52,62
1747013288.7613633,-30,-8,6
1747013288.7963634,-63,11,-13
1747013288.8313634,78,5,42
1747013288.8673637,12,-2,100
1747013288.9033637,-20,-20,68
1747013288.9383633,-19,-80,62
1747013288.974363,3,-49,90
1747013289.0093634,-28,16,-11
1747013289.0443633,27,12,106
1747013289.079363,107,-49,-35
1747013289.1153634,-86,78,142
1747013289.1513634,0,4,198
1747013289.1863637,-7,5,52
1747013289.2223637,56,-12,12
1747013289.257363,68,71,124
1747013289.2923634,-1,73,30
1747013289.3283634,-55,19,282
1747013289.3633633,2,35,138
1747013289.3993633,-25,-56,18
1747013289.4343634,14,-46,106
1747013289.4703634,-39,60,82
1747013289.5053637,-25,2,104
1747013289.5403633,-21,-11,100
1747013289.576363,-3,23,-29
1747013289.6113634,60,23,-41
1747013289.6473634,99,-7,94
1747013289.6823633,-43,27,50
1747013289.7183633,-18,62,-67
1747013289.7533634,-51,-44,102
1747013289.7883637,-25,-28,116
1747013289.8243637,-43,-8,26
1747013289.8593633,14,91,98
1747013289.895363,-21,-12,56
1747013289.9303634,-25,15,86
1747013289.9663634,37,-32,-53
1747013290.0013633,-14,3,126
1747013290.0363634,69,-22,72
1747013290.0723634,2,-14,84
1747013290.1073637,1,13,90
1747013290.1433637,23,-2,-27
1747013290.178363,-13,63,208
1747013290.214363,-61,-60,130
1747013290.2493634,54,-8,14
1747013290.2843633,-1,-26,116
1747013290.3203633,122,71,44
1747013290.3553634,-39,30,220
1747013290.3913634,-11,52,-13
1747013290.4263637,8,24,152
1747013290.4623632,61,-60,138
1747013290.497363,15,-52,126
1747013290.5323634,41,83,108
1747013290.5683634,-67,-43,46
1747013290.6033633,79,83,28
1747013290.6393633,-85,2,76
1747013290.6743634,-79,-8,72
1747013290.7103634,29,25,-13
1747013290.7453637,-10,37,50
1747013290.780363,63,-6,0
1747013290.816363,-54,-13,64
1747013290.8513634,57,41,4
1747013290.8873634,40,-32,42
1747013290.9223633,-73,31,82
1747013290.9583633,-37,-26,76
1747013290.9943633,18,-53,16
1747013291.0293634,72,29,130
1747013291.0643632,-87,30,26
1747013291.1003633,-11,32,42
1747013291.1363633,-19,33,192
1747013291.1713634,8,5,108
1747013291.2073634,-65,-30,54
1747013291.2423637,-106,50,126
1747013291.2773633,47,-21,60
1747013291.3123634,73,-24,120
1747013291.3483634,27,19,10
1747013291.3843634,23,77,38
1747013291.4193633,-30,-18,118
1747013291.4553633,89,71,134
1747013291.4903634,-85,-21,6
1747013291.5253634,6,-3,152
1747013291.5603633,31,60,24
1747013291.5963633,112,118,118
1747013291.632363,36,-59,202
1747013291.6673634,-95,-59,54
1747013291.7033634,31,69,136
1747013291.7383633,-28,-22,-29
1747013291.7733634,-54,-4,68
1747013291.8083634,-29,32,42
1747013291.8443637,78,-63,94
1747013291.8803637,76,-41,80
1747013291.9153633,30,-9,90
1747013291.951363,84,-19,80
1747013291.9863634,-1,-76,186
1747013292.0213633,-2,-107,84
1747013292.056363,25,-12,178
1747013292.0923634,21,65,74
1747013292.1283634,79,-18,56
1747013292.1633637,21,-6,139
1747013292.1993637,-12,0,21
1747013292.2343633,-16,59,-5
1747013292.2693634,25,-43,112
1747013292.3043633,-16,64,163
1747013292.3403633,-16,28,1
1747013292.3763633,-32,54,-23
1747013292.4113634,23,-5,56
1747013292.4473634,-18,18,164
1747013292.4823637,-22,-7,76
1747013292.5173633,57,-21,142
1747013292.5523634,-8,34,-45
1747013292.5883634,-6,-13,130
1747013292.6243634,-55,14,66
1747013292.6593633,-23,-11,66
1747013292.6953633,28,34,18
1747013292.7303634,20,16,29
1747013292.7653637,-67,-49,133
1747013292.8003633,26,8,185
1747013292.8363633,-38,-22,175
1747013292.872363,47,-4,92
1747013292.9073634,108,96,85
1747013292.9433634,-11,-41,111
1747013292.9783633,82,22,121
1747013293.0133634,-21,90,79
1747013293.0483634,-57,-19,19
1747013293.0843637,14,-67,105
1747013293.1203637,-47,-54,75
1747013293.155363,-71,4,21
1747013293.191363,39,-41,118
1747013293.2263634,-61,-5,162
1747013293.2613633,23,-21,112
1747013293.2963634,50,-35,56
1747013293.3323634,-6,-11,68
1747013293.3683634,43,-1,190
1747013293.4033637,0,-33,-41
1747013293.4393632,-82,-1,46
1747013293.474363,41,-37,190
1747013293.5093634,-26,-36,68
1747013293.5443633,55,-24,134
1747013293.5803633,-54,-22,88
1747013293.6163633,-6,-2,134
1747013293.6513634,-6,-59,-61
1747013293.6873634,57,-47,16
1747013293.7223637,-7,30,30
1747013293.757363,28,26,2
1747013293.7923634,-13,2,96
1747013293.8283634,158,50,23
1747013293.8643634,12,-19,118
1747013293.8993633,87,-24,28
1747013293.9353633,-8,-9,118
1747013293.9703634,8,11,162
1747013294.0053637,-44,38,100
1747013294.0403633,23,38,84
1747013294.076363,101,-97,-9
1747013294.112363,-38,104,70
1747013294.1473634,53,28,-143
1747013294.1833634,-62,32,82
1747013294.2183633,79,11,62
1747013294.2533634,-28,53,16
1747013294.2893634,53,3,148
1747013294.3243637,22,6,2
1747013294.3603632,-27,58,-45
1747013294.395363,-20,29,98
1747013294.431363,12,-39,-45
1747013294.4663634,-26,1,18
1747013294.5013633,47,27,40
1747013294.5373633,-32,19,45
1747013294.5723634,9,42,92
1747013294.6083634,81,80,10
1747013294.6433637,41,1,44
1747013294.6793633,-22,45,38
1747013294.714363,-8,1,76
1747013294.7493634,58,35,146
1747013294.7853634,-28,43,104
1747013294.8203633,-29,17,4
1747013294.8563633,34,75,42
1747013294.8913634,16,-40,8
1747013294.9273634,57,-9,204
1747013294.9623632,26,3,134
1747013294.997363,43,-89,24
1747013295.033363,34,-26,97
1747013295.0683634,64,47,59
1747013295.1043634,-35,96,41
1747013295.1393633,40,0,45
1747013295.1753633,98,-64,191
1747013295.2103634,6,-2,221
1747013295.2453637,45,9,7
1747013295.2813632,-4,37,59
1747013295.316363,7,29,152
1747013295.352363,-64,-76,8
1747013295.3873634,47,-60,125
1747013295.4233634,25,-44,73
1747013295.4583633,-6,61,131
1747013295.4933634,-4,-14,27
1747013295.5293634,-44,-40,155
1747013295.5643632,-110,27,147
1747013295.6003633,11,-18,15
1747013295.635363,67,19,109
1747013295.6713634,27,17,72
1747013295.7063634,-85,-28,68
1747013295.7413633,-9,21,152
1747013295.7773633,-21,-48,66
1747013295.8123634,-28,33,-19
1747013295.849363,-4,47,71
1747013295.8843634,11,7,44
1747013295.9203634,-66,-20,16
1747013295.9553633,32,-11,-29
1747013295.9913633,19,-34,66
1747013296.0263634,-20,-84,54
1747013296.0613637,-39,8,106
1747013296.0973637,0,-23,54
1747013296.132363,37,-64,34
1747013296.168363,-46,-4,28
1747013296.2033634,-33,22,38
1747013296.2383633,77,49,58
1747013296.2733634,67,15,20
1747013296.3093634,-8,-56,99
1747013296.3453634,31,-18,5
1747013296.3803637,-12,83,-18
1747013296.4163637,-62,11,-24
1747013296.451363,-36,37,101
1747013296.4863634,38,-17,39
1747013296.5213633,54,52,89
1747013296.5573633,20,28,57
1747013296.5933633,-25,-69,135
1747013296.6283634,-40,3,229
1747013296.6643634,-61,24,13
1747013296.6993637,-56,-35,9
1747013296.7343633,-70,-87,35
1747013296.7693634,69,-14,15
1747013296.8053634,19,53,15
1747013296.8413634,-6,-22,25
1747013296.8763633,11,-76,53
1747013296.9193633,-40,-10,51
1747013296.9553633,-50,-54,97
1747013296.9903634,15,-20,-28
1747013297.0253634,-50,-22,39
1747013297.0613637,-6,-24,29
1747013297.0973637,37,-46,111
1747013297.132363,19,75,47
1747013297.168363,23,-8,55
1747013297.2033634,67,33,77
1747013297.2383633,3,-4,41
1747013297.2733634,27,-22,37
1747013297.3093634,-22,-26,-48
1747013297.3453634,33,1,55
1747013297.3803637,-2,-28,69
1747013297.4163637,13,4,129
1747013297.451363,-30,-9,65
1747013297.4863634,103,19,7
1747013297.5213633,41,39,21
1747013297.5573633,67,-14,39
1747013297.5933633,-9,-10,89
1747013297.6283634,-27,-56,73
1747013297.6643634,82,-28,137
1747013297.6993637,12,-22,1
1747013297.7343633,19,-1,-34
1747013297.7693634,0,2,9
1747013297.8053634,20,64,101
1747013297.8413634,28,-7,-28
1747013297.8763633,30,-11,167
1747013297.9123633,-39,12,21
1747013297.9473634,44,56,-46
1747013297.9823637,-3,16,95
1747013298.0173633,-5,24,-6
1747013298.053363,58,-5,77
1747013298.089363,-9,24,33
1747013298.1243634,40,68,121
1747013298.1603634,49,40,67
1747013298.1953633,-8,-89,25
1747013298.2303634,-32,-67,23
1747013298.2653637,13,-63,95
1747013298.3013637,-40,48,114
1747013298.3373632,63,48,62
1747013298.372363,-35,-36,18
1747013298.408363,-77,61,80
1747013298.4433634,-25,-46,51
1747013298.4783633,22,1,2
1747013298.5133634,16,0,179
1747013298.5493634,-11,-21,111
1747013298.5853634,-31,2,25
1747013298.6203637,-11,2,119
1747013298.6563632,19,59,185
1747013298.691363,-57,-8,143
1747013298.7263634,27,21,63
1747013298.7613633,36,-11,9
1747013298.7973633,-44,-6,89
1747013298.8333633,78,30,-10
1747013298.8683634,12,-27,117
1747013298.9043634,-13,-25,43
1747013298.9393632,8,-13,-18
1747013298.974363,8,-11,21
1747013299.0093634,9,-52,59
1747013299.0453634,-8,-12,103
1747013299.0813634,-2,31,57
1747013299.1163633,36,59,43
1747013299.1523633,44,-8,17
1747013299.1873634,38,-80,25
1747013299.2223637,26,17,-34
1747013299.257363,78,-76,127
1747013299.293363,36,33,189
1747013299.329363,-4,39,183
1747013299.3643634,19,0,77
1747013299.4003634,43,7,145
1747013299.4353633,-54,-36,107
1747013299.4703634,25,-32,21
1747013299.5063634,-12,-23,181
1747013299.5413637,-51,-1,159
1747013299.5773633,-78,51,159
1747013299.612363,-26,-46,99
1747013299.6483634,77,-4,197
1747013299.6833634,1,21,-2
1747013299.7183633,-7,-38,13
1747013299.7543633,3,6,133
1747013299.7893634,-44,28,111
1747013299.8253634,12,-14,93
1747013299.8603632,94,-32,53
1747013299.8963633,-19,-54,-134
1747013299.931363,70,39,43
1747013299.9663634,-55,43,81
1747013300.0023634,-23,19,35
1747013300.0373633,44,27,179
1747013300.0733633,-69,49,33
1747013300.1083634,-41,-18,17
1747013300.1443634,-33,-38,241
1747013300.1793633,-41,-60,197
1747013300.214363,4,-6,55
1747013300.250363,68,-28,71
1747013300.2853634,54,-25,27
1747013300.3213634,46,-51,-14
1747013300.3563633,-25,18,43
1747013300.3923633,-7,-83,113
1747013300.4273634,22,-19,125
1747013300.4623632,10,16,63
1747013300.4983633,30,8,55
1747013300.533363,2,24,79
1747013300.5693634,0,66,113
1747013300.6043634,34,-19,91
1747013300.6403637,0,9,201
1747013300.6753633,-13,-40,131
1747013300.7103634,-15,-14,115
1747013300.7463634,-34,-38,65
1747013300.7813632,-40,0,93
1747013300.8173633,-24,-2,115
1747013300.852363,-16,-4,139
1747013300.8883634,46,53,113
1747013300.9233634,-11,-72,45
1747013300.9583633,24,-42,187
1747013300.9943633,-89,15,111
1747013301.0293634,-7,5,41
1747013301.0653634,50,-18,63
1747013301.1003633,1,-25,143
1747013301.1363633,-8,-98,158
1747013301.1733634,-80,-22,42
1747013301.2093637,-78,-4,4
1747013301.2443633,-32,-91,62
1747013301.2793634,-18,26,20
1747013301.3143632,-20,-18,172
1747013301.3503633,0,-78,-27
1747013301.3863633,3,10,136
1747013301.4213634,4,4,58
1747013301.4573634,-51,-45,114
1747013301.4923637,-65,-23,30
1747013301.5273633,62,32,-1
1747013301.5623634,-1,0,-39
1747013301.5983634,-9,-99,88
1747013301.6343634,-11,64,152
1747013301.6693633,76,96,60
1747013301.7053633,13,-68,6
1747013301.7403634,1,-12,110
1747013301.7753634,-4,-6,62
1747013301.8103633,-12,-36,70
1747013301.8463633,-8,27,78
1747013301.882363,-10,19,126
1747013301.9173634,-58,34,40
1747013301.9533634,0,64,22
1747013301.9883633,-40,-56,166
1747013302.0233634,29,3,174
1747013302.0583634,-80,3,192
1747013302.0943637,-20,53,38
1747013302.1303637,-20,71,120
1747013302.1653633,-104,-22,102
1747013302.201363,-12,8,100
1747013302.2363634,-33,45,22
1747013302.2713633,-23,7,44
1747013302.306363,2,-6,68
1747013302.3423634,-85,-22,48
1747013302.3783634,-46,34,98
1747013302.4133637,-79,-16,120
1747013302.4493637,-14,6,-9
1747013302.4843633,14,-46,-25
1747013302.5193634,3,45,-41
1747013302.5543633,-40,-32,32
1747013302.5903633,-24,-50,92
1747013302.6263633,-12,81,104
1747013302.6613634,-57,14,118
1747013302.6973634,21,-19,-25
1747013302.7323637,-26,-73,184
1747013302.7673633,0,-15,56
1747013302.8023634,-16,-59,28
1747013302.8383634,93,-9,84
1747013302.8743634,23,14,206
1747013302.9093633,49,-29,-91
1747013302.9453633,39,-27,132
1747013302.9803634,57,23,180
1747013303.0153637,37,24,52
1747013303.0503633,0,30,24
1747013303.0863633,-44,-11,56
1747013303.122363,-13,-33,-53
1747013303.1573634,10,-33,-13
1747013303.1933634,-14,-56,-15
1747013303.2283633,3,-16,158
1747013303.2633634,65,76,122
1747013303.2983634,1,-14,74
1747013303.3343637,-16,20,72
1747013303.3703637,-30,-28,70
1747013303.405363,-4,13,40
1747013303.441363,57,57,120
1747013303.4763634,25,31,172
1747013303.5113633,59,-82,-41
1747013303.5463634,15,-34,100
1747013303.5823634,-33,-78,106
1747013303.6183634,-40,83,18
1747013303.6533637,47,-4,12
1747013303.6893632,2,-38,22
1747013303.724363,20,7,32
1747013303.7593634,8,7,6
1747013303.7943633,8,-30,102
1747013303.8303633,12,43,84
1747013303.8663633,-7,-38,46
1747013303.9013634,57,37,-7
1747013303.9373634,61,-36,216
1747013303.9723637,-11,-80,142
1747013304.007363,-41,-68,-73
1747013304.0423634,16,35,44
1747013304.0783634,-33,-10,130
1747013304.1143634,12,-32,30
1747013304.1493633,12,-4,78
1747013304.1853633,45,-92,38
1747013304.2203634,79,-28,94
1747013304.2553637,-27,31,124
1747013304.2903633,-17,-14,56
1747013304.326363,-5,-16,190
1747013304.362363,10,-54,4
1747013304.3973634,-91,17,136
1747013304.4333634,38,17,8
1747013304.4683633,-13,-54,-23
1747013304.5033634,-131,-26,-5
1747013304.5393634,-37,17,103
1747013304.5743637,-29,-62,92
1747013304.6103632,14,0,83
1747013304.645363,-91,-44,214
1747013304.681363,-33,3,52
1747013304.7163634,9,11,-27
1747013304.7513633,-1,-60,108
1747013304.7873633,-27,65,96
1747013304.8223634,34,-16,24
1747013304.8583634,74,3,126
1747013304.8933637,12,11,30
1747013304.9293633,-45,-8,142
1747013304.964363,-59,39,142
1747013304.9993634,82,11,110
1747013305.0353634,-5,-14,40
1747013305.0703633,-21,-22,4
1747013305.1063633,-21,89,-59
1747013305.1413634,31,-36,90
1747013305.1773634,40,67,42
1747013305.2123632,-9,55,-23
1747013305.247363,71,-80,14
1747013305.283363,-65,-61,114
1747013305.3183634,36,-53,92
1747013305.3543634,62,-10,154
1747013305.3893633,-11,39,96
1747013305.4253633,46,-46,78
1747013305.4603634,46,23,8
1747013305.4953637,-6,42,46
1747013305.5313632,25,-53,78
1747013305.566363,17,-47,-39
1747013305.602363,2,10,96
1747013305.6373634,20,-97,110
1747013305.6733634,-41,-33,90
1747013305.7083633,-7,-44,123
1747013305.7433634,-44,14,-84
1747013305.7793634,-66,20,49
1747013305.8143632,0,-9,108
1747013305.8503633,-4,-34,68
1747013305.885363,-4,-54,58
1747013305.9213634,60,-28,18
1747013305.9563634,34,67,93
1747013305.9913633,8,-30,31
1747013306.0273633,50,3,95
1747013306.0623634,19,-23,31
1747013306.0983634,82,0,-16
1747013306.1333632,28,-20,69
1747013306.1693633,46,-32,43
1747013306.204363,-73,-18,157
1747013306.2393634,10,3,47
1747013306.2753634,42,-28,177
1747013306.3103633,10,-30,54
1747013306.3463633,-85,-38,-11
1747013306.3813634,-19,-4,118
1747013306.4163637,-36,-90,88
1747013306.451363,0,-10,84
1747013306.487363,16,26,50
1747013306.5233634,-15,0,141
1747013306.5583634,-67,-4,11
1747013306.5943637,26,43,-38
1747013306.6293633,-21,69,-26
1747013306.6643634,0,-22,133
1747013306.6993637,10,11,37
1747013306.7353632,-5,31,63
1747013306.7713633,34,-75,9
1747013306.806363,-63,-7,121
1747013306.8423634,-19,0,59
1747013306.8773634,-49,0,51
1747013306.9193633,3,9,137
1747013306.9553633,18,-8,43
1747013306.9913633,30,-10,23
1747013307.0273633,16,-14,-72
1747013307.0623634,-63,31,119
1747013307.0983634,0,15,-62
1747013307.1333632,-51,-18,65
1747013307.168363,-5,-32,27
1747013307.2033634,105,-74,87
1747013307.2393634,25,87,91
1747013307.2753634,63,3,-36
1747013307.3103633,-38,-14,101
1747013307.3463633,17,11,125
1747013307.3813634,-74,1,23
1747013307.4163637,40,-2,87
1747013307.451363,-15,85,105
1747013307.487363,-49,45,119
1747013307.5233634,-19,-36,51
1747013307.5583634,-65,5,57
1747013307.5943637,-13,-14,73
1747013307.6293633,-57,-50,129
1747013307.6643634,-21,-24,185
1747013307.6993637,-53,-38,27
1747013307.7353632,2,3,75
1747013307.7713633,0,-5,33
1747013307.806363,-31,-53,11
1747013307.8423634,98,-39,201
1747013307.8773634,-37,20,9
1747013307.9123633,77,28,-24
1747013307.9473634,14,54,0
1747013307.9833634,-52,-15,107
1747013308.0193634,87,38,-18
1747013308.0543633,3,14,57
1747013308.0903633,30,79,79
1747013308.125363,-11,-80,43
1747013308.1603634,-37,13,55
1747013308.1953633,52,41,61
1747013308.2313633,8,-20,61
1747013308.2673633,-9,29,5
1747013308.3023634,10,-6,85
1747013308.3383634,-52,21,53
1747013308.3733633,-83,25,123
1747013308.408363,4,19,95
1747013308.4433634,30,-36,91
1747013308.4793634,14,3,123
1747013308.5153637,0,57,29
1747013308.5503633,68,-56,157
1747013308.5863633,-39,51,89
1747013308.6213634,-37,-60,-12
1747013308.6563632,30,-88,131
1747013308.691363,38,-64,11
1747013308.727363,-113,85,95
1747013308.7633634,16,-24,114
1747013308.7983634,-49,-7,100
1747013308.8343637,19,-26,128
1747013308.8693633,-76,47,56
1747013308.9043634,-12,-1,36
1747013308.9393632,19,4,10
1747013308.9753633,-74,-55,0
1747013309.0113633,-26,46,122
1747013309.0463634,-6,92,50
1747013309.0823634,39,29,-15
1747013309.1173637,71,18,24
1747013309.1523633,-30,-85,-13
1747013309.1873634,-26,-41,-11
1747013309.2233634,11,5,-1
1747013309.2593634,-33,28,86
1747013309.2943633,-47,4,20
1747013309.3303633,1,-38,74
1747013309.3653634,-5,-35,-5
1747013309.4003634,29,-62,114
1747013309.4353633,23,-80,66
1747013309.4713633,-15,-37,94
1747013309.507363,-8,-66,76
1747013309.5423634,-26,21,100
1747013309.5783634,13,-28,38
1747013309.6133633,16,-11,14
1747013309.6483634,30,4,94
1747013309.6843634,-70,27,68
1747013309.7193637,-40,-48,106
1747013309.7553637,-7,-9,100
1747013309.7903633,-63,2,-11
1747013309.826363,10,13,30
1747013309.8613634,32,38,156
1747013309.8963633,-7,-53,80
1747013309.9323633,66,-15,74
1747013309.9673634,-33,-59,140
1747013310.0033634,-6,15,222
1747013310.0383637,19,-56,120
1747013310.0743637,0,-76,-7
1747013310.1093633,15,18,80
1747013310.1443634,-20,-70,90
1747013310.1803634,35,-12,168
1747013310.2153633,27,-52,70
1747013310.2513633,-44,27,84
1747013310.2873633,89,-58,142
1747013310.3233633,-18,-14,96
1747013310.3583634,21,0,18
1747013310.3943634,6,-3,150
1747013310.4293633,22,2,112
1747013310.464363,2,2,56
1747013310.500363,-57,-25,154
1747013310.5353634,-35,-93,186
1747013310.5713634,-69,-15,48
1747013310.6063633,14,112,26
1747013310.6423633,45,-60,-33
1747013310.6773634,-38,-14,104
1747013310.7123632,31,-6,150
1747013310.7483633,-80,-2,10
1747013310.783363,-4,11,74
1747013310.8193634,49,-64,48
1747013310.8543634,-60,-18,64
1747013310.8903637,-58,-48,84
1747013310.9253633,17,1,48
1747013310.9603634,-55,0,36
1747013310.9963634,42,18,-15
1747013311.0313632,38,0,10
1747013311.0673633,-25,8,86
1747013311.102363,-71,-99,160
1747013311.1383634,-42,29,66
1747013311.1733634,-102,0,40
1747013311.2083633,11,89,112
1747013311.2443633,0,-19,64
1747013311.2793634,2,-13,-35
1747013311.3153634,-8,-24,20
1747013311.3503633,12,-5,152
1747013311.3863633,21,43,-12
1747013311.4223633,-81,-17,77
1747013311.4573634,-21,6,207
1747013311.4923637,-67,76,63
1747013311.5283637,-41,-7,-20
1747013311.5643632,-67,40,35
1747013311.599363,152,-27,-14
1747013311.635363,-49,42,61
1747013311.6703634,15,2,91
1747013311.7053633,67,-15,-74
1747013311.7403634,9,-15,107
1747013311.7763634,105,-33,59
1747013311.8123634,-65,6,22
1747013311.8473637,-6,-13,96
1747013311.8833632,-48,-41,8
1747013311.918363,47,-43,80
1747013311.9533634,-4,-5,100
1747013311.9883633,29,20,-55
1747013312.0243633,-36,72,-1
1747013312.0603633,21,-1,0
1747013312.0953634,3,-37,175
1747013312.1313634,61,-23,65
1747013312.1663637,-26,-33,91
1747013312.201363,0,-92,97
1747013312.2363634,55,53,59
1747013312.2723634,19,22,142
1747013312.3083634,0,15,58
1747013312.3433633,-14,10,82
1747013312.3793633,0,-22,66
1747013312.4143634,23,-53,114
1747013312.4493637,3,32,68
1747013312.4843633,-2,-31,34
1747013312.520363,65,10,40
1747013312.556363,-2,-9,66
1747013312.5913634,-32,-9,12
1747013312.6273634,29,-25,34
1747013312.6623633,15,64,86
1747013312.6973634,29,10,42
1747013312.7323637,-28,-49,74
1747013312.7683637,1,-66,70
1747013312.8043633,27,1,90
1747013312.839363,63,-50,30
1747013312.875363,14,5,132
1747013312.9103634,40,-22,62
1747013312.9453633,136,21,62
1747013312.9803634,-16,22,26
1747013313.0163634,39,16,172
1747013313.0523634,-20,36,8
1747013313.0873632,41,8,166
1747013313.1233633,15,-3,122
1747013313.158363,-18,34,-87
1747013313.1933634,31,-45,22
1747013313.2283633,-18,-69,22
1747013313.2643633,-13,-3,-7
1747013313.3003633,-36,-30,44
1747013313.3353634,-38,19,95
1747013313.3713634,3,-80,49
1747013313.4063632,-82,-42,85
1747013313.441363,47,9,37
1747013313.4763634,-28,-64,89
1747013313.5123634,53,-16,39
1747013313.5483634,-1,24,187
1747013313.5833633,-27,66,67
1747013313.6193633,-5,-14,-62
1747013313.6543634,-43,-36,99
1747013313.6893632,-19,-64,87
1747013313.724363,-118,-38,181
1747013313.760363,-8,-126,55
1747013313.7963634,32,-13,65
1747013313.8313634,110,-21,-14
1747013313.8673637,-39,90,-22
1747013313.9023633,44,-79,-2
1747013313.9373634,67,-38,151
1747013313.9723637,162,-13,125
1747013314.0083632,-6,-65,-18
1747013314.0443633,-50,58,7
1747013314.079363,-62,-84,131
1747013314.1153634,-24,9,137
1747013314.1503634,-14,13,-32
1747013314.1853633,-66,2,73
1747013314.2203634,-6,9,125
1747013314.2563634,-16,59,23
1747013314.2923634,-30,-16,0
1747013314.3273633,13,-26,109
1747013314.3633633,55,13,-72
1747013314.3983634,-4,-72,169
1747013314.4333634,-10,21,169
1747013314.4683633,-37,28,69
1747013314.5043633,-3,-14,45
1747013314.5403633,52,-20,79
1747013314.5753634,19,50,7
1747013314.6113634,9,2,11
1747013314.6463633,37,-1,47
1747013314.681363,45,58,99
1747013314.7173634,-3,-65,-8
1747013314.7523634,57,30,-22
1747013314.7883637,6,38,121
1747013314.8233633,-16,-55,82
1747013314.8593633,40,-52,26
1747013314.8943634,54,51,82
1747013314.9293633,-65,39,152
1747013314.9653633,-67,-4,136
1747013315.000363,-11,51,-53
1747013315.0363634,-43,-8,60
1747013315.0713634,68,57,80
1747013315.1073637,79,-25,52
1747013315.1423633,-6,4,148
1747013315.1773634,25,48,28
1747013315.2133634,-38,-17,20
1747013315.2483633,-12,-21,50
1747013315.2843633,5,-27,-15
1747013315.3193634,101,40,76
1747013315.3553634,73,-21,76
1747013315.3903637,-18,29,108
1747013315.4253633,35,-32,14
1747013315.4613633,15,12,122
1747013315.4963634,-44,14,-3
1747013315.5323634,0,-15,68
1747013315.5673633,1,-25,80
1747013315.6033633,49,18,42
1747013315.6383634,65,1,30
1747013315.6733634,-18,-30,26
1747013315.7093637,-154,-16,28
1747013315.7443633,-2,27,-91
1747013315.780363,1,0,-9
1747013315.8153634,60,-33,-33
1747013315.8513634,35,-52,138
1747013315.8863633,-75,-17,116
1747013315.9213634,-12,-60,96
1747013315.9573634,-86,49,6
1747013315.9923637,25,-83,172
1747013316.0283637,1,-41,36
1747013316.0633633,-12,-33,64
1747013316.099363,11,-45,46
1747013316.1343634,-32,4,36
1747013316.1693633,-62,20,98
1747013316.2053633,38,-71,102
1747013316.2403634,-7,50,34
1747013316.2763634,-8,-67,80
1747013316.3113637,-73,-47,87
1747013316.3473637,-7,-9,113
1747013316.3833632,14,2,67
1747013316.4193633,8,-43,19
1747013316.4553633,-41,-79,37
1747013316.4903634,-23,-31,21
1747013316.5253634,16,-21,44
1747013316.5613637,10,-33,-57
1747013316.5973637,40,-19,-13
1747013316.632363,42,46,74
1747013316.668363,18,34,-34
1747013316.7033634,-1,-43,37
1747013316.7383633,-98,14,95
1747013316.7733634,-33,42,27
1747013316.8093634,106,-43,76
1747013316.8453634,44,34,8
1747013316.8803637,-43,-45,122
1747013316.9233634,-63,-27,-43
1747013316.9593637,38,20,16
1747013316.9943633,4,6,90
1747013317.0293634,-8,-6,92
1747013317.0653634,28,26,50
1747013317.1013634,-65,-64,164
1747013317.1363633,24,-24,152
1747013317.1723633,-30,-90,48
1747013317.2073634,-2,-58,184
1747013317.2423637,-12,21,8
1747013317.2773633,34,13,172
1747013317.3133633,56,37,-25
1747013317.349363,21,24,52
1747013317.3843634,-76,98,-1
1747013317.4203634,-130,-11,18
1747013317.4553633,39,24,174
1747013317.4903634,22,40,-39
1747013317.5253634,-44,-2,34
1747013317.5613637,-73,0,68
1747013317.5973637,28,18,-23
1747013317.632363,-17,40,56
1747013317.668363,-94,-58,105
1747013317.7033634,73,-8,51
1747013317.7383633,61,101,-20
1747013317.7733634,-46,27,20
1747013317.8093634,19,-37,74
1747013317.8453634,59,-8,72
1747013317.8803637,25,-2,66
1747013317.9163637,-34,31,46
1747013317.951363,34,-49,96
1747013317.9863634,-69,-39,33
1747013318.0213633,26,-49,104
1747013318.0573633,2,-33,81
1747013318.0933633,9,45,53
1747013318.1283634,36,28,115
1747013318.1643634,-69,-3,23
1747013318.1993637,58,-71,45
1747013318.2343633,-40,-32,105
1747013318.2693634,-89,-19,85
1747013318.3053634,-8,-2,-36
1747013318.3413634,-46,-18,-10
1747013318.3763633,-3,32,199
1747013318.4123633,51,48,139
1747013318.4473634,23,-7,-82
1747013318.4823637,-32,-45,177
1747013318.5173633,-52,38,-96
1747013318.553363,-64,22,123
1747013318.589363,1,6,71
1747013318.6243634,13,50,91
1747013318.6603634,19,-65,138
1747013318.6953633,17,34,138
1747013318.7303634,-38,70,38
1747013318.7653637,86,-5,166
1747013318.8013637,-5,50,146
1747013318.8373632,-33,4,74
1747013318.872363,-5,18,94
1747013318.908363,-25,-43,186
1747013318.9433634,10,6,140
1747013318.9783633,-59,0,84
1747013319.0133634,16,-38,64
1747013319.0493634,38,27,155
1747013319.0853634,-27,-58,7
1747013319.1203637,-53,-30,-89
1747013319.1563632,-17,-30,8
1747013319.191363,12,33,-79
1747013319.2263634,8,23,112
1747013319.2613633,-49,-70,-35
1747013319.2973633,-11,71,106
1747013319.3333633,0,-62,110
1747013319.3683634,-39,69,32
1747013319.4043634,-3,15,32
1747013319.4393632,-11,6,101
1747013319.474363,24,0,21
1747013319.5093634,-77,10,51
1747013319.5453634,10,-25,55
1747013319.5813634,30,-21,95
1747013319.6163633,-3,18,99
1747013319.6523633,-63,-15,68
1747013319.6873634,2,-39,122
1747013319.7223637,-7,20,-7
1747013319.7583632,-66,-6,18
1747013319.793363,-15,-25,-23
1747013319.829363,29,79,88
1747013319.8643634,63,-4,112
1747013319.9003634,20,-14,-1
1747013319.9353633,-89,39,-49
1747013319.9703634,2,29,124
1747013320.0063634,60,40,0
1747013320.0413637,-13,12,44
1747013320.0773633,-51,74,122
1747013320.112363,-5,32,15
1747013320.1483634,-31,20,33
1747013320.1833634,84,4,95
1747013320.2183633,34,-28,23
1747013320.2543633,-13,47,15
1747013320.2893634,10,-64,-4
1747013320.3253634,9,21,-46
1747013320.3603632,-34,-38,11
1747013320.3963633,-14,49,57
1747013320.431363,103,30,125
1747013320.4663634,-54,42,7
1747013320.5023634,50,-41,91
1747013320.5373633,45,20,-56
1747013320.5733633,59,33,279
1747013320.6083634,-62,45,123
1747013320.6443634,1,95,85
1747013320.6793633,-78,-54,15
1747013320.714363,27,31,99
1747013320.750363,31,-40,-68
1747013320.7853634,-26,-1,43
1747013320.8213634,16,9,-12
1747013320.8563633,72,-97,81
1747013320.8923633,34,9,79
1747013320.9273634,-1,15,39
1747013320.9623632,-34,18,55
1747013320.9983633,-36,-69,61
1747013321.033363,-76,14,69
1747013321.0693634,91,6,91
1747013321.1043634,-68,-45,103
1747013321.1403637,43,-21,3
1747013321.1753633,3,-29,41
1747013321.2103634,21,-3,81
1747013321.2463634,14,-30,68
1747013321.2813632,-35,87,113
1747013321.3173633,12,27,27
1747013321.352363,66,-16,113
1747013321.3883634,86,21,83
1747013321.4233634,66,0,121
1747013321.4583633,35,-18,47
1747013321.4943633,22,8,45
1747013321.5293634,-105,2,63
1747013321.5653634,30,46,165
1747013321.6003633,10,-39,169
1747013321.635363,24,36,103
1747013321.6703634,8,38,63
1747013321.7063634,-26,-23,-50
1747013321.7423637,24,-29,75
1747013321.7773633,22,20,99
1747013321.8133633,23,-33,53
1747013321.8483634,-62,-16,-52
1747013321.8833632,-115,-13,121
1747013321.918363,49,-52,45
1747013321.954363,-67,93,77
1747013321.9903634,43,-14,219
1747013322.0253634,16,-91,159
1747013322.0613637,-98,-96,37
1747013322.0963633,84,34,109
1747013322.1313634,-69,26,111
1747013322.1663637,-63,-81,75
1747013322.2023633,-91,42,143
1747013322.2383633,66,-13,-38
1747013322.2733634,-29,-43,159
1747013322.3093634,-35,-95,41
1747013322.3443637,-1,10,185
1747013322.3793633,-23,34,-38
1747013322.4143634,62,-67,123
1747013322.4503634,-39,14,59
1747013322.4863634,-61,17,5
1747013322.5213633,14,38,-22
1747013322.5573633,12,47,33
1747013322.5923634,-9,12,-20
1747013322.6273634,-23,16,37
1747013322.6623633,-87,4,191
1747013322.6983633,-71,-13,73
1747013322.7343633,30,-15,137
1747013322.7693634,-17,-18,-86
1747013322.8053634,-49,-22,9
1747013322.8403633,6,-18,71
1747013322.875363,60,-33,-58
1747013322.9103634,51,2,79
1747013322.9463634,19,44,153
1747013322.9823637,-39,69,131
1747013323.0173633,1,54,17
1747013323.053363,-52,44,181
1747013323.0883634,29,12,47
1747013323.1233633,-46,-29,67
1747013323.158363,-10,34,141
1747013323.1943634,34,-29,23
1747013323.2303634,41,-10,27
1747013323.2653637,29,81,-10
1747013323.3013637,-74,-12,131
1747013323.3363633,25,-20,37
1747013323.3713634,13,32,57
1747013323.4063632,-8,-21,-12
1747013323.4423633,-18,-25,179
1747013323.4783633,21,4,71
1747013323.5133634,-32,-73,87
1747013323.5493634,-40,-27,159
1747013323.5843637,-8,-29,93
1747013323.6193633,15,8,51
1747013323.6543634,-33,17,101
1747013323.6903634,-13,27,-14
1747013323.7263634,63,41,-12
1747013323.7613633,9,77,93
1747013323.7973633,-37,14,155
1747013323.8323634,-7,-31,61
1747013323.8673637,-41,-9,89
1747013323.9023633,-59,42,15
1747013323.9383633,14,-57,135
1747013323.974363,-73,32,35
1747013324.0093634,-6,5,-12
1747013324.0453634,-21,-15,-46
1747013324.0803633,-3,10,153
1747013324.1153634,22,2,-34
1747013324.1503634,-1,-31,17
1747013324.1863637,20,-57,119
1747013324.2223637,-29,-24,77
1747013324.257363,44,-8,143
1747013324.293363,6,-78,95
1747013324.3283634,4,49,25
1747013324.3633633,17,45,61
1747013324.3983634,77,25,-46
1747013324.4343634,-37,-46,77
1747013324.4703634,20,-18,133
1747013324.5053637,-75,33,159
1747013324.5413637,-17,-30,59
1747013324.576363,-7,-16,101
1747013324.6113634,36,-44,147
1747013324.6463633,32,1,128
1747013324.6823633,-15,47,48
1747013324.7183633,8,55,-17
1747013324.7533634,-7,53,150
1747013324.7893634,27,-9,-29
1747013324.8243637,-66,0,52
1747013324.8593633,-20,4,-65
1747013324.895363,-52,-43,14
1747013324.9303634,-63,-28,94
1747013324.9663634,-49,-44,48
1747013325.0013633,10,13,-81
1747013325.0373633,-57,3,118
1747013325.0723634,6,-42,76
1747013325.1073637,12,18,16
1747013325.1433637,-84,-17,48
1747013325.178363,45,30,110
1747013325.214363,36,3,75
1747013325.2493634,-31,-50,-8
1747013325.2853634,-45,-60,193
1747013325.3203633,48,101,67
1747013325.3553634,70,51,78
1747013325.3913634,-51,32,43
1747013325.4263637,-9,-43,102
1747013325.4623632,-53,26,-5
1747013325.497363,-15,29,40
1747013325.533363,78,25,-7
1747013325.5683634,12,81,48
1747013325.6033633,9,-7,94
1747013325.6393633,-13,-6,74
1747013325.6743634,-37,1,58
1747013325.7103634,29,-38,82
1747013325.7453637,5,-18,58
1747013325.7813632,89,-32,50
1747013325.816363,75,0,124
1747013325.8513634,-2,-64,30
1747013325.8873634,-170,-24,12
1747013325.9223633,33,127,44
1747013325.9583633,39,-6,60
1747013325.9933634,-29,-2,52
1747013326.0293634,-19,-20,176
1747013326.0643632,20,23,6
1747013326.099363,51,-29,50
1747013326.135363,3,19,54
1747013326.1703634,-36,53,-1
1747013326.2063634,35,-48,80
1747013326.2413633,-42,-116,86
1747013326.2773633,0,-28,14
1747013326.3123634,1,-14,68
1747013326.3473637,-42,11,184
1747013326.3833632,-35,94,21
1747013326.418363,62,6,34
1747013326.454363,34,6,168
1747013326.4893634,-43,4,113
1747013326.5253634,14,-23,-1
1747013326.5613637,27,-32,-67
1747013326.5973637,103,21,98
1747013326.6333632,-56,0,92
1747013326.6693633,36,-51,-39
1747013326.7053633,30,-31,96
1747013326.7403634,3,51,42
1747013326.7753634,-82,71,56
1747013326.8113637,11,28,88
1747013326.8473637,-10,44,-17
1747013326.882363,39,85,-13
1747013326.9253633,40,57,88
1747013326.9613633,-36,-20,124
1747013326.9963634,103,-40,1
1747013327.0313632,-30,137,73
1747013327.0673633,-22,-4,18
1747013327.1033633,27,21,104
1747013327.1383634,35,5,51
1747013327.1743634,54,8,-33
1747013327.2093637,46,36,84
1747013327.2443633,-33,-17,-41
1747013327.2793634,44,-1,128
1747013327.3153634,-73,-87,112
1747013327.3513634,12,10,128
1747013327.3863633,-28,-7,-79
1747013327.4223633,-53,81,22
1747013327.4573634,-1,31,22
1747013327.4923637,-33,-16,24
1747013327.5273633,20,57,-39
1747013327.5633633,86,47,102
1747013327.599363,56,-50,54
1747013327.6343634,2,-27,84
1747013327.6703634,14,23,38
1747013327.7053633,-13,-37,94
1747013327.7403634,34,10,40
1747013327.7753634,-23,16,-29
1747013327.8113637,26,-21,42
1747013327.8473637,15,41,74
1747013327.882363,46,-17,20
1747013327.918363,56,34,82
1747013327.9533634,-3,-31,48
1747013327.9883633,60,2,34
1747013328.0233634,64,48,50
1747013328.0593634,30,88,102
1747013328.0953634,11,51,58
1747013328.1303637,89,59,170
1747013328.1663637,-78,35,70
1747013328.201363,25,47,-47
1747013328.2363634,55,-14,46
1747013328.2713633,-50,7,48
1747013328.3073633,5,-44,74
1747013328.3433633,-12,65,144
1747013328.3783634,-26,5,28
1747013328.4143634,-6,13,64
1747013328.4493637,27,-38,102
1747013328.4843633,29,-4,84
1747013328.5193634,0,48,-75
1747013328.5553634,-2,-9,86
1747013328.5913634,-14,-87,-11
1747013328.6263633,-94,-83,-5
1747013328.6623633,41,-13,114
1747013328.6973634,13,0,120
1747013328.7323637,55,31,94
1747013328.7673633,15,44,154
1747013328.803363,-50,-23,82
1747013328.839363,81,-41,80
1747013328.8743634,-48,30,84
1747013328.9103634,1,-34,90
1747013328.9453633,35,73,136
1747013328.9803634,133,35,66
1747013329.0153637,67,-58,98
1747013329.0513637,57,53,-49
1747013329.0873632,15,-68,42
1747013329.122363,-4,-42,98
1747013329.158363,59,21,166
1747013329.1933634,-44,64,52
1747013329.2283633,0,54,56
1747013329.2633634,-7,-16,142
1747013329.2993634,13,14,166
1747013329.3353634,65,116,132
1747013329.3703637,-46,4,62
1747013329.4063632,-36,-15,130
1747013329.441363,1,30,30
1747013329.4763634,-9,-1,26
1747013329.5113633,14,-13,84
1747013329.5473633,16,23,214
1747013329.5833633,77,3,0
1747013329.6183634,-10,9,74
1747013329.6543634,29,47,70
1747013329.6893632,67,3,64
1747013329.724363,-46,-11,200
1747013329.7593634,0,-4,-35
1747013329.7953634,29,-11,38
1747013329.8313634,-70,-5,134
1747013329.8663633,69,54,54
1747013329.9023633,6,-84,152
1747013329.9373634,-20,8,6
1747013329.9723637,-20,-25,172
1747013330.0083632,48,53,50
1747013330.043363,-61,-38,30
1747013330.079363,-26,-61,96
1747013330.1143634,13,-63,42
1747013330.1503634,11,54,104
1747013330.1853633,5,-1,-1
1747013330.2203634,31,-47,158
1747013330.2563634,-10,2,46
1747013330.2913637,3,-31,122
1747013330.3273633,-34,-32,4
1747013330.362363,-4,67,196
1747013330.3983634,-51,58,144
1747013330.4333634,1,4,86
1747013330.4683633,-53,1,30
1747013330.5043633,25,-14,48
1747013330.5393634,40,87,186
1747013330.5753634,31,-70,-31
1747013330.6103632,-8,-66,-41
1747013330.6463633,-47,19,116
1747013330.681363,-35,29,162
1747013330.7163634,-69,29,78
1747013330.7523634,-5,-44,72
1747013330.7873633,12,-73,52
1747013330.8233633,-65,-87,94
1747013330.8583634,-43,30,-33
1747013330.8943634,26,10,32
1747013330.9293633,52,-39,34
1747013330.964363,55,-1,64
1747013331.000363,79,-75,68
1747013331.0353634,19,-47,52
1747013331.0713634,1,-63,48
1747013331.1063633,47,-39,124
1747013331.1423633,29,52,62
1747013331.1773634,21,62,66
1747013331.2123632,-12,-5,132
1747013331.2483633,23,50,1
1747013331.283363,9,-77,141
1747013331.3193634,-28,60,101
1747013331.3543634,-60,-31,15
1747013331.3903637,-14,-33,121
1747013331.4253633,-30,60,74
1747013331.4603634,-92,52,103
1747013331.4963634,0,13,145
1747013331.5313632,19,-41,38
1747013331.5673633,-68,52,72
1747013331.602363,3,-9,-27
1747013331.6383634,17,16,116
1747013331.6733634,4,-26,20
1747013331.7083633,30,15,88
1747013331.7443633,41,34,211
1747013331.7793634,45,-45,123
1747013331.8153634,53,-21,37
1747013331.8503633,14,-20,-24
1747013331.885363,-64,40,273
1747013331.9203634,-68,-63,173
1747013331.9563634,33,-23,131
1747013331.9923637,51,30,-44
1747013332.0273633,-10,-29,67
1747013332.0633633,23,102,145
1747013332.099363,-24,-97,167
1747013332.135363,-102,4,104
1747013332.1703634,1,-19,66
1747013332.2053633,-17,59,128
1747013332.2403634,-43,-2,153
1747013332.2763634,10,-12,114
1747013332.3123634,-21,57,50
1747013332.3473637,46,-64,42
1747013332.3833632,42,11,50
1747013332.418363,25,0,2
1747013332.4533634,19,-52,56
1747013332.4883633,-60,-21,10
1747013332.5243633,-88,-23,122
1747013332.5603633,6,-30,-7
1747013332.5953634,1,90,-41
1747013332.6313634,-26,-67,-47
1747013332.6663637,104,-50,144
1747013332.701363,-39,69,-15
1747013332.7363634,26,3,148
1747013332.7723634,42,-32,-55
1747013332.8083634,46,-26,52
1747013332.8433633,-85,11,38
1747013332.8793633,60,-34,52
1747013332.9143634,-11,43,188
1747013332.9493637,67,40,20
1747013332.9843633,4,9,-9
1747013333.020363,-69,-6,102
1747013333.056363,14,-20,8
1747013333.0913634,36,-8,90
1747013333.1273634,74,25,109
1747013333.1623633,74,17,147
1747013333.1973634,-11,-51,227
1747013333.2323637,-63,-15,115
1747013333.2683637,4,36,-18
1747013333.3043633,18,-55,33
1747013333.339363,37,-3,247
1747013333.375363,-76,-11,19
1747013333.4103634,16,13,160
1747013333.4453633,-19,-20,50
1747013333.4803634,-13,-88,90
1747013333.5163634,44,-105,2
1747013333.5523634,-1,18,114
1747013333.5873632,32,-63,14
1747013333.6233633,-7,-41,106
1747013333.658363,-37,43,123
1747013333.6933634,-35,29,108
1747013333.7283633,40,1,25
1747013333.7643633,62,-38,139
1747013333.8003633,-43,13,261
1747013333.8353634,6,-28,97
1747013333.8713634,-24,-85,29
1747013333.9063632,41,28,-36
1747013333.941363,13,34,27
1747013333.9763634,-36,-31,63
1747013334.0123634,103,10,43
1747013334.0483634,-1,-26,-2
1747013334.0833633,-5,-22,65
1747013334.1193633,-25,-12,41
1747013334.1543634,-62,27,91
1747013334.1893632,-19,-114,143
1747013334.224363,0,-88,45
1747013334.260363,102,-50,39
1747013334.2963634,-13,9,33
1747013334.3313634,8,5,7
1747013334.3673637,46,13,177
1747013334.4023633,-11,-34,-22
1747013334.4373634,16,-4,73
1747013334.4723637,15,-21,45
1747013334.5083632,61,-15,39
1747013334.5443633,67,-7,-20
1747013334.579363,-30,28,79
1747013334.6153634,-80,-9,65
1747013334.6503634,-20,-23,57
1747013334.6853633,21,20,179
1747013334.7203634,10,-40,59
1747013334.7563634,1,-23,171
1747013334.7923634,47,-3,83
1747013334.8273633,-37,-16,71
1747013334.8633633,55,-29,-34
1747013334.8983634,14,-28,77
1747013334.9333634,52,-12,5
1747013334.9693637,140,33,-102
1747013335.0043633,35,-55,93
1747013335.0403633,-34,-5,97
1747013335.0753634,9,-25,147
1747013335.1113634,9,-11,91
1747013335.1463633,51,-55,-12
1747013335.181363,-54,2,75
1747013335.2173634,1,14,93
1747013335.2523634,32,40,37
1747013335.2883637,69,0,39
1747013335.3233633,45,8,149
1747013335.3593633,-50,21,63
1747013335.3943634,39,-40,-2
1747013335.4293633,-76,20,55
1747013335.4653633,-22,-39,125
1747013335.500363,51,26,-32
1747013335.5363634,-1,13,72
1747013335.5713634,-19,63,-11
1747013335.6073637,42,-5,48
1747013335.6423633,42,-9,16
1747013335.6773634,18,-45,4
1747013335.7133634,-75,-88,114
1747013335.7483633,22,37,92
1747013335.7843633,16,49,68
1747013335.8193634,-99,-36,58
1747013335.8553634,24,39,-5
1747013335.8903637,1,-6,12
1747013335.9253633,-52,-79,66
1747013335.9613633,41,30,138
1747013335.9963634,-10,9,192
1747013336.0323634,17,-47,128
1747013336.0673633,-2,-12,164
1747013336.1033633,-42,17,38
1747013336.1383634,-50,-28,-95
1747013336.1733634,7,-67,16
1747013336.2093637,9,20,-39
1747013336.2443633,55,46,58
1747013336.280363,3,50,14
1747013336.3153634,-1,12,102
1747013336.3513634,100,34,200
1747013336.3863633,62,-37,60
1747013336.4213634,113,-87,90
1747013336.4573634,-16,-65,136
1747013336.4923637,-12,28,120
1747013336.5283637,-1,-11,-33
1747013336.5633633,-28,-49,66
1747013336.599363,29,-55,-17
1747013336.6343634,49,-27,74
1747013336.6693633,-22,-43,6
1747013336.7053633,54,-36,28
1747013336.7403634,47,-35,-17
1747013336.7763634,-7,-47,72
1747013336.8113637,-41,36,74
1747013336.8463633,2,75,82
1747013336.8813634,61,65,166
1747013336.9173634,9,-4,102
1747013336.9603634,-15,29,82
1747013336.9963634,15,-12,62
1747013337.0323634,16,45,74
1747013337.0673633,8,45,24
1747013337.102363,-2,-18,104
1747013337.1373634,29,-74,110
1747013337.1733634,27,77,-111
1747013337.2093637,0,-44,98
1747013337.2443633,29,-46,128
1747013337.280363,-52,0,114
1747013337.3153634,-32,-82,72
1747013337.3503633,3,4,138
1747013337.385363,57,48,130
1747013337.4213634,-37,-49,130
1747013337.4573634,20,10,48
1747013337.4923637,0,8,-1
1747013337.5283637,20,-9,84
1747013337.5633633,-67,-21,28
1747013337.5983634,-35,36,14
1747013337.6333632,-73,76,92
1747013337.6693633,24,8,122
1747013337.7053633,-39,36,70
1747013337.7403634,68,34,100
1747013337.7763634,44,-43,144
1747013337.8113637,46,8,52
1747013337.8463633,30,-9,38
1747013337.8813634,42,16,52
1747013337.9173634,-25,22,236
1747013337.9533634,54,-65,36
1747013337.9883633,3,-44,40
1747013338.0243633,22,-39,100
1747013338.0593634,89,43,-13
1747013338.0943637,22,-63,134
1747013338.1293633,-16,-50,-3
1747013338.1653633,5,-84,82
1747013338.201363,-87,-49,48
1747013338.2363634,-38,-12,102
1747013338.2723634,31,-12,34
1747013338.3073633,9,7,106
1747013338.3423634,93,73,114
1747013338.3773634,-38,35,-9
1747013338.4133637,33,23,146
1747013338.4493637,29,9,-3
1747013338.4843633,-58,1,10
1747013338.520363,-50,61,100
1747013338.5553634,8,-20,12
1747013338.5903633,-1,11,-149
1747013338.625363,52,31,120
1747013338.6613634,-18,-58,82
1747013338.6973634,41,97,160
1747013338.7323637,21,13,192
1747013338.7683637,-26,-56,90
1747013338.803363,47,43,122
1747013338.8383634,21,-10,66
1747013338.8733633,-44,-28,20
1747013338.9093633,-24,2,130
1747013338.9453633,135,36,134
1747013338.9803634,5,-49,30
1747013339.0163634,-28,-1,96
1747013339.0513637,7,-49,36
1747013339.0863633,23,-31,38
1747013339.1213634,20,-40,128
1747013339.1573634,45,5,140
1747013339.1933634,41,1,40
1747013339.2283633,32,-24,114
1747013339.2643633,36,21,154
1747013339.2993634,51,-19,100
1747013339.3343637,57,44,48
1747013339.3693633,8,52,48
1747013339.405363,0,-25,140
1747013339.441363,64,-24,166
1747013339.4763634,24,-4,28
1747013339.5123634,-28,-23,-59
1747013339.5473633,4,110,106
1747013339.5823634,-27,-29,-5
1747013339.6173637,-41,46,36
1747013339.6533637,77,-38,24
1747013339.6893632,15,17,120
1747013339.724363,36,37,26
1747013339.760363,41,46,64
1747013339.7953634,40,31,-39
1747013339.8303633,-21,-2,22
1747013339.8653634,51,60,-3
1747013339.9013634,1,-51,174
1747013339.9373634,-31,-32,46
1747013339.9723637,-17,-26,156
1747013340.0083632,23,12,48
1747013340.043363,-24,10,-3
1747013340.0783634,31,40,62
1747013340.1143634,56,69,56
1747013340.1493633,31,-62,184
1747013340.1853633,32,-20,-13
1747013340.2203634,94,95,-15
1747013340.2563634,9,122,68
1747013340.2913637,25,-48,50
1747013340.326363,-14,-16,36
1747013340.362363,-10,-47,94
1747013340.3973634,13,35,-3
1747013340.4333634,-24,31,195
1747013340.4683633,55,-4,154
1747013340.5043633,68,-84,116
1747013340.5393634,22,61,99
1747013340.5743637,16,63,-20
1747013340.6103632,66,-46,100
1747013340.645363,86,-32,246
1747013340.681363,-69,81,-6
1747013340.7163634,-35,-104,124
1747013340.7523634,10,63,136
1747013340.7873633,130,-10,220
1747013340.8223634,-20,22,124
1747013340.8583634,-63,4,100
1747013340.8933637,6,-74,34
1747013340.9293633,20,-81,190
1747013340.964363,34,-15,4
1747013341.000363,28,14,79
1747013341.0353634,-29,16,55
1747013341.0703633,-9,16,71
1747013341.1063633,20,-21,82
1747013341.1413634,-23,-5,128
1747013341.1773634,-48,26,56
1747013341.2133634,9,-47,151
1747013341.2493634,-33,-65,45
1747013341.2843633,-16,46,224
1747013341.3203633,-5,-5,5
1747013341.3553634,16,1,67
1747013341.3903637,-24,-13,83
1747013341.4263637,18,9,218
1747013341.4613633,19,18,53
1747013341.497363,-27,-34,76
1747013341.5323634,-65,-46,115
1747013341.5683634,-31,-33,63
1747013341.6033633,29,-14,0
1747013341.6383634,63,-52,81
1747013341.6743634,-21,-6,133
1747013341.7093637,-4,27,140
1747013341.7453637,55,-62,38
1747013341.780363,-4,-6,69
1747013341.8153634,-6,-12,-15
1747013341.8503633,-40,25,-34
1747013341.8863633,39,-74,113
1747013341.9223633,75,47,53
1747013341.9573634,-66,33,40
1747013341.9933634,9,-38,204
1747013342.0283637,-50,-10,18
1747013342.0633633,-35,39,60
1747013342.0983634,29,-10,88
1747013342.1343634,31,43,-25
1747013342.1703634,21,11,4
1747013342.2053633,-2,-38,116
1747013342.2413633,11,25,-33
1747013342.2763634,21,-48,116
1747013342.3113637,1,-44,44
1747013342.3463633,21,21,36
1747013342.382363,13,-62,-3
1747013342.418363,9,-60,152
1747013342.4533634,-42,-30,-29
1747013342.4893634,-4,11,137
1747013342.5243633,59,21,8
1747013342.5593634,29,41,53
1747013342.5943637,71,29,47
1747013342.6303637,47,62,151
1747013342.6663637,3,7,203
1747013342.701363,40,36,43
1747013342.737363,14,-39,105
1747013342.7723634,-15,22,277
1747013342.8073633,-9,-23,127
1747013342.8423634,13,-2,22
1747013342.8783634,36,-31,130
1747013342.9143634,0,38,106
1747013342.9493637,40,-43,28
1747013342.9853632,17,8,62
1747013343.020363,3,0,58
1747013343.0553634,37,-21,152
1747013343.0903633,11,-32,-18
1747013343.1263633,51,-44,111
1747013343.1623633,16,-16,-34
1747013343.1973634,14,-76,61
1747013343.2333634,-62,-70,81
1747013343.2683637,0,-22,75
1747013343.303363,-56,20,99
1747013343.3383634,0,41,199
1747013343.3743634,13,20,-16
1747013343.4103634,-9,-24,105
1747013343.4453633,8,0,215
1747013343.4813633,-7,61,147
1747013343.5163634,50,57,17
1747013343.5513637,-12,16,32
1747013343.5863633,-35,-38,114
1747013343.622363,-61,27,30
1747013343.658363,5,-20,8
1747013343.6933634,2,-26,68
1747013343.7293634,20,-52,80
1747013343.7643633,63,0,16
1747013343.7993634,-23,-27,108
1747013343.8343637,32,7,170
1747013343.8703637,40,7,82
1747013343.9063632,-97,82,-43
1747013343.941363,0,-38,23
1747013343.977363,26,2,75
1747013344.0123634,-58,-58,11
1747013344.0473633,-35,44,91
1747013344.0823634,12,-21,167
1747013344.1183634,57,-14,-6
1747013344.1543634,41,-38,95
1747013344.1893632,84,3,61
1747013344.2253633,32,-2,45
1747013344.260363,-7,-96,45
1747013344.2953634,34,43,35
1747013344.3303633,52,25,85
1747013344.3663633,98,-38,9
1747013344.4023633,-4,-22,81
1747013344.4373634,-65,14,125
1747013344.4733634,-2,-30,21
1747013344.5083632,41,-14,25
1747013344.543363,101,29,5
1747013344.5783634,-62,-18,0
1747013344.6143634,-12,-24,-20
1747013344.6503634,15,-12,-58
1747013344.6853633,35,5,61
1747013344.7213633,81,17,213
1747013344.7563634,-1,-41,-10
1747013344.7913637,2,22,77
1747013344.826363,26,36,163
1747013344.862363,66,90,43
1747013344.8983634,-4,-13,1
1747013344.9333634,-18,-55,65
1747013344.9693637,-47,-29,63
1747013345.0043633,-55,24,83
1747013345.0393634,-31,-23,73
1747013345.0753634,2,8,-22
1747013345.1103632,72,-33,121
1747013345.1463633,-5,0,163
1747013345.181363,12,-13,0
1747013345.2173634,-49,-59,175
1747013345.2523634,-15,66,97
1747013345.2873633,22,56,51
1747013345.3233633,-19,-7,119
1747013345.3583634,65,-18,-6
1747013345.3943634,-25,68,63
1747013345.4293633,28,-23,95
1747013345.4653633,-72,-50,123
1747013345.500363,-10,-12,59
1747013345.5353634,71,-8,35
1747013345.5713634,17,-7,11
1747013345.6063633,21,0,51
1747013345.6423633,55,-23,-74
1747013345.6773634,-22,-29,137
1747013345.7133634,-20,50,-16
1747013345.7483633,-44,12,19
1747013345.783363,91,-21,141
1747013345.8193634,47,36,87
1747013345.8543634,-15,-27,63
1747013345.8903637,87,-87,51
1747013345.9253633,-42,-68,-23
1747013345.9613633,14,-11,124
1747013345.9963634,-24,6,110
1747013346.0313632,0,-33,47
1747013346.0673633,-20,-3,75
1747013346.102363,-20,-31,-14
1747013346.1383634,73,56,116
1747013346.1733634,45,-57,199
1747013346.2093637,45,26,25
1747013346.2443633,-39,-23,115
1747013346.2793634,27,-13,45
1747013346.3153634,-12,-47,51
1747013346.3503633,61,-41,33
1747013346.3863633,13,-12,42
1747013346.4213634,-61,-88,1
1747013346.4573634,-25,-32,15
1747013346.4923637,-69,-12,33
1747013346.5273633,-7,2,17
1747013346.5633633,22,-5,58
1747013346.5983634,-15,-11,-7
1747013346.6343634,62,-24,102
1747013346.6693633,17,24,6
1747013346.7053633,-27,30,74
1747013346.7403634,40,-32,112
1747013346.7753634,20,38,152
1747013346.8113637,-35,56,110
1747013346.8463633,1,63,10
1747013346.882363,69,-52,16
1747013346.9173634,-63,-68,54
1747013346.9533634,-23,9,92
1747013346.9953637,-5,-40,40
1747013347.0313632,58,17,98
1747013347.0673633,10,-22,22
1747013347.102363,42,-28,10
1747013347.1383634,84,-10,54
1747013347.1733634,52,-18,68
1747013347.2083633,-46,77,-11
1747013347.2433634,20,-40,74
1747013347.2793634,4,-46,110
1747013347.3153634,11,-30,234
1747013347.3503633,-44,-86,-33
1747013347.3863633,25,37,90
1747013347.4213634,-22,29,56
1747013347.4563634,39,47,12
1747013347.4913633,-28,-48,-23
1747013347.5273633,-16,17,-11
1747013347.5633633,-38,17,154
1747013347.5983634,-28,93,70
1747013347.6343634,89,-62,82
1747013347.6693633,-7,17,104
1747013347.704363,17,-30,74
1747013347.7393634,-18,-2,146
1747013347.7753634,-16,-8,80
1747013347.8113637,-40,19,42
1747013347.8463633,91,-25,-5
1747013347.882363,27,-19,58
1747013347.9173634,57,-51,26
1747013347.9523633,-26,54,58
1747013347.987363,7,-35,172
1747013348.0233634,-36,-15,124
1747013348.0593634,-2,-59,42
1747013348.0943637,-84,18,12
1747013348.1303637,3,24,200
1747013348.1653633,-7,67,106
1747013348.2003634,42,-52,88
1747013348.2353632,18,23,84
1747013348.2713633,-3,-70,32
1747013348.3073633,55,-72,-37
1747013348.3423634,-36,-38,58
1747013348.3783634,3,27,33
1747013348.4133637,-12,-98,57
1747013348.4483633,-18,-6,52
1747013348.4833634,-76,-58,104
1747013348.5193634,43,84,78
1747013348.5553634,48,10,70
1747013348.5903633,6,-21,88
1747013348.6263633,24,2,132
1747013348.6613634,41,-37,-9
1747013348.6963634,22,-9,42
1747013348.7313633,55,21,32
1747013348.7673633,147,-30,112
1747013348.803363,29,-39,59
1747013348.8383634,22,-41,136
1747013348.8743634,74,88,12
1747013348.9093633,-40,-18,50
1747013348.9443634,8,46,64
1747013348.9793634,-49,14,116
1747013349.0153637,-16,49,84
1747013349.0513637,-30,-34,53
1747013349.0863633,-24,-6,133
1747013349.122363,-66,-7,-16
1747013349.1573634,13,-50,184
1747013349.1923633,69,7,-55
1747013349.227363,-100,4,-6
1747013349.2633634,-93,-76,85
1747013349.2993634,61,29,67
1747013349.3343637,-22,5,115
1747013349.3703637,-62,47,-36
1747013349.405363,-41,-40,135
1747013349.4403634,28,-46,101
1747013349.4753633,39,29,169
1747013349.5113633,-2,5,-16
1747013349.5473633,27,-50,-34
1747013349.5823634,159,21,80
1747013349.6183634,-1,54,54
1747013349.6533637,-20,-2,146
1747013349.6883633,-68,7,66
1747013349.7233634,23,-8,34
1747013349.7593634,37,-8,90
1747013349.7953634,-61,42,64
1747013349.8303633,39,9,68
1747013349.8663633,-43,4,-71
1747013349.9013634,-58,-20,82
1747013349.9363637,19,-30,54
1747013349.9713633,14,47,-73
1747013350.007363,34,49,14
1747013350.043363,-20,-18,59
1747013350.0783634,-64,1,69
1747013350.1143634,21,21,63
1747013350.1493633,-45,-55,101
1747013350.1843634,-21,2,49
1747013350.2203634,-83,-31,-66
1747013350.2553637,-11,34,95
1747013350.2913637,-50,-30,41
1747013350.326363,14,12,35
1747013350.362363,42,-21,123
1747013350.3973634,76,-49,-26
1747013350.4323633,-42,-35,69
1747013350.4683633,1,35,119
1747013350.5033634,-54,-31,3
1747013350.5393634,9,-18,29
1747013350.5743637,62,-19,69
1747013350.6103632,-48,1,105
1747013350.645363,81,-24,73
1747013350.6803634,31,0,17
1747013350.7163634,-56,-14,103
1747013350.7513633,-7,5,57
1747013350.7873633,60,-96,209
1747013350.8223634,83,-44,25
1747013350.8583634,-6,-10,37
1747013350.8933637,17,-29,187
1747013350.928363,-4,-39,45
1747013350.964363,-21,-67,135
1747013350.9993634,-14,-19,43
1747013351.0353634,33,82,95
1747013351.0703633,19,26,31
1747013351.1063633,-42,31,69
1747013351.1413634,49,39,47
1747013351.1763637,-12,15,167
1747013351.2123632,-58,-26,-14
1747013351.247363,48,64,-22
1747013351.283363,8,62,-44
1747013351.3183634,6,-11,125
1747013351.3543634,30,-102,119
1747013351.3893633,28,58,61
1747013351.4243634,-9,40,33
1747013351.4603634,30,0,-8
1747013351.4953637,-47,12,27
1747013351.5313632,-19,-11,91
1747013351.566363,-33,58,93
1747013351.602363,59,-59,91
1747013351.6373634,43,-3,-2
1747013351.6723633,-30,10,0
1747013351.7083633,37,6,111
1747013351.7433634,53,38,19
1747013351.7793634,31,-22,129
1747013351.8143632,-12,12,-42
1747013351.849363,-59,-23,23
1747013351.8843634,34,-19,33
1747013351.9203634,-11,44,0
1747013351.9563634,-53,-65,89
1747013351.9913633,-23,-4,61
1747013352.0273633,28,28,-20
1747013352.0623634,33,-44,203
1747013352.0973637,-59,-5,23
1747013352.132363,65,-23,77
1747013352.168363,9,12,0
1747013352.204363,-8,23,47
1747013352.2393634,65,-28,-18
1747013352.2753634,4,-5,-22
1747013352.3103633,38,-31,87
1747013352.3453634,-47,-35,-48
1747013352.3803637,8,-25,169
1747013352.4163637,62,-5,65
1747013352.4523633,43,-61,53
1747013352.487363,67,0,27
1747013352.5233634,-6,44,41
1747013352.5583634,-27,-44,143
1747013352.5933633,10,-28,101
1747013352.6283634,-10,-21,-45
1747013352.6643634,-122,-68,32
1747013352.7003634,-12,56,148
1747013352.7353632,11,-17,86
1747013352.7713633,-80,-19,166
1747013352.806363,99,-96,68
1747013352.8413634,0,64,112
1747013352.8763633,35,69,80
1747013352.9123633,-12,-20,62
1747013352.9483633,23,-20,28
1747013352.9833634,-34,-8,-37
1747013353.0193634,-44,25,112
1747013353.0543633,19,-79,74
1747013353.089363,15,-11,142
1747013353.1243634,44,-3,58
1747013353.1603634,-64,-9,10
1747013353.1963634,-4,-52,-19
1747013353.2313633,-2,-38,-17
1747013353.2673633,21,-36,108
1747013353.3023634,59,-14,258
1747013353.3373632,-12,-16,98
1747013353.372363,-23,12,84
1747013353.408363,37,-52,34
1747013353.4443634,-16,-4,52
1747013353.4793634,-36,-18,108
1747013353.5153637,19,27,94
1747013353.5503633,5,-24,104
1747013353.5853634,37,-26,182
1747013353.6203637,-46,-84,84
1747013353.6563632,55,37,30
1747013353.6923633,31,29,112
1747013353.727363,-40,-52,48
1747013353.7633634,-24,76,104
1747013353.7983634,43,35,20
1747013353.8333633,-50,46,44
1747013353.8683634,59,-3,30
1747013353.9043634,77,36,130
1747013353.9403634,-12,-10,118
1747013353.9753633,23,-38,152
1747013354.0113633,37,71,10
1747013354.0463634,82,-57,-39
1747013354.0813634,2,28,28
1747013354.1163633,58,-33,96
1747013354.1523633,44,42,80
1747013354.1883633,-12,6,28
1747013354.2233634,75,-13,60
1747013354.2593634,23,-33,8
1747013354.2943633,0,-71,30
1747013354.329363,-50,-38,4
1747013354.3643634,43,-22,128
1747013354.4003634,27,-2,92
1747013354.4363637,93,14,-41
1747013354.4713633,-36,4,136
1747013354.507363,0,47,90
1747013354.5423634,-34,-25,106
1747013354.5773633,23,-12,22
1747013354.612363,45,59,42
1747013354.6483634,33,-94,2
1747013354.6843634,37,7,-11
1747013354.7193637,57,-81,12
1747013354.7553637,-40,-2,76
1747013354.7903633,3,-66,-31
1747013354.8253634,26,90,138
1747013354.8603632,27,50,128
1747013354.8963633,67,30,104
1747013354.9323633,-66,-13,52
1747013354.9673634,83,16,40
1747013355.0033634,-36,38,120
1747013355.0383637,-42,34,-13
1747013355.0733633,22,-68,64
1747013355.1083634,166,52,194
1747013355.1443634,-38,56,52
1747013355.1803634,32,-11,-5
1747013355.2153633,-29,-37,148
1747013355.2513633,-69,-11,30
1747013355.2863634,39,-15,30
1747013355.3213634,38,32,54
1747013355.3573637,150,-40,70
1747013355.3923633,-13,0,66
1747013355.428363,56,-34,-15
1747013355.4633634,8,55,10
1747013355.4993634,-7,-91,-57
1747013355.5343633,-39,-18,16
1747013355.5693634,-7,25,132
1747013355.6053634,-34,29,170
1747013355.6403637,5,1,8
1747013355.6763637,77,3,-13
1747013355.7113633,27,-36,18
1747013355.747363,-12,-14,100
1747013355.7823634,81,35,26
1747013355.8173633,-12,-40,-69
1747013355.8533633,91,-118,44
1747013355.8883634,-50,-44,52
1747013355.9243634,11,3,46
1747013355.9593637,-11,-47,-47
1747013355.9953637,-9,20,140
1747013356.030363,43,-36,8
1747013356.0653634,18,144,108
1747013356.1013634,33,-83,96
1747013356.1363633,-11,-12,54
1747013356.1723633,0,13,30
1747013356.2073634,-97,41,-1
1747013356.2433634,58,-90,114
1747013356.2783637,-3,33,140
1747013356.3133633,62,-16,48
1747013356.349363,18,-122,-11
1747013356.3843634,-33,9,65
1747013356.4203634,28,-22,93
1747013356.4553633,-67,1,103
1747013356.4913633,19,-23,53
1747013356.5263634,34,57,-44
1747013356.5613637,33,-7,201
1747013356.5973637,0,-14,150
1747013356.632363,-63,11,42
1747013356.668363,-28,-7,118
1747013356.7033634,-40,-9,156
1747013356.7393634,-70,50,42
1747013356.7743633,-10,-1,89
1747013356.8093634,62,23,-44
1747013356.8453634,-19,65,-41
1747013356.8803637,-43,19,42
1747013356.9163637,67,9,32
1747013356.951363,0,31,-41
1747013356.987363,71,25,18
1747013357.0293634,11,9,114
1747013357.0653634,-12,57,124
1747013357.1013634,-19,27,0
1747013357.1363633,-33,-34,46
1747013357.1723633,-25,31,100
1747013357.2073634,-45,-46,-19
1747013357.2423637,20,-62,80
1747013357.2773633,-9,-18,88
1747013357.3133633,-47,0,90
1747013357.349363,18,-49,108
1747013357.3843634,-11,36,96
1747013357.4203634,92,-23,-78
1747013357.4553633,8,-11,-54
1747013357.4903634,-59,-10,115
1747013357.5253634,-79,25,63
1747013357.5613637,8,119,-8
1747013357.5973637,38,0,25
1747013357.632363,15,-40,-10
1747013357.668363,-38,19,23
1747013357.7033634,-118,-18,135
1747013357.7383633,55,6,57
1747013357.7733634,7,-46,28
1747013357.8093634,-12,-46,116
1747013357.8453634,-1,29,140
1747013357.8803637,-57,-30,218
1747013357.9163637,-9,3,32
1747013357.951363,72,33,96
1747013357.9863634,12,-30,58
1747013358.0213633,-41,-24,56
1747013358.0573633,2,-38,108
1747013358.0933633,-9,17,94
1747013358.1283634,42,-56,67
1747013358.1643634,39,32,-64
1747013358.1993637,-44,24,90
1747013358.2343633,40,-16,113
1747013358.2693634,44,85,75
1747013358.3053634,-29,-36,53
1747013358.3413634,7,92,-18
1747013358.3763633,100,27,41
1747013358.4123633,-21,39,124
1747013358.4473634,-57,0,92
1747013358.4823637,46,-40,48
1747013358.5173633,30,-52,63
1747013358.553363,44,19,9
1747013358.589363,28,-18,129
1747013358.6243634,84,29,-100
1747013358.6603634,12,-34,101
1747013358.6953633,-5,-15,-32
1747013358.7303634,-29,21,121
1747013358.7653637,29,-51,13
1747013358.8013637,-39,-12,185
1747013358.8373632,-7,-46,17
1747013358.872363,48,47,35
1747013358.908363,4,-22,5
1747013358.9433634,-101,15,95
1747013358.9783633,-2,53,173
1747013359.0133634,99,0,83
1747013359.0493634,21,19,175
1747013359.0853634,43,-16,105
1747013359.1203637,-46,11,141
1747013359.1563632,-38,63,9
1747013359.191363,23,-2,65
1747013359.2263634,73,9,-28
1747013359.2613633,35,-54,75
1747013359.2973633,21,-6,63
1747013359.3333633,-50,42,-6
1747013359.3683634,-34,73,115
1747013359.4043634,-6,49,135
1747013359.4393632,-4,-48,-56
1747013359.474363,107,-35,27
1747013359.5093634,-2,15,49
1747013359.5453634,-4,-34,89
1747013359.5813634,85,3,215
1747013359.6163633,-28,-26,63
1747013359.6523633,41,5,117
1747013359.6873634,-47,-12,41
1747013359.7223637,3,-22,57
1747013359.757363,8,48,47
1747013359.793363,-44,6,65
1747013359.829363,31,-43,-46
1747013359.8643634,14,54,39
1747013359.9003634,22,18,91
1747013359.9353633,-62,-41,41
1747013359.9703634,40,-77,45
1747013360.0053637,64,68,55
1747013360.0413637,34,-39,41
1747013360.0773633,36,-49,21
1747013360.112363,34,-59,-24
1747013360.1483634,10,-3,-28
1747013360.1833634,18,24,15
1747013360.2183633,-13,16,23
1747013360.2533634,4,-3,-6
1747013360.2893634,48,-3,181
1747013360.3253634,-47,-17,25
1747013360.3603632,-35,-9,163
1747013360.3963633,-21,-41,43
1747013360.431363,54,-33,69
1747013360.4663634,-34,0,29
1747013360.5023634,15,78,71
1747013360.5373633,-30,-39,89
1747013360.5733633,37,56,119
1747013360.6083634,5,4,113
1747013360.6443634,-93,87,139
1747013360.6793633,39,14,94
1747013360.714363,14,22,118
1747013360.750363,24,14,26
1747013360.7853634,34,-47,-45
1747013360.8213634,4,-43,-31
1747013360.8563633,-21,34,62
1747013360.8923633,-11,-9,44
1747013360.9273634,2,28,68
1747013360.9623632,-21,52,-95
1747013360.9983633,-23,-79,100
1747013361.033363,36,-101,74
1747013361.0693634,6,4,56
1747013361.1043634,-31,-63,172
1747013361.1403637,20,-33,84
1747013361.1753633,58,56,148
1747013361.2103634,-17,0,30
1747013361.2463634,4,-43,44
1747013361.2813632,-41,34,-17
1747013361.3173633,-23,-12,54
1747013361.352363,49,0,-19
1747013361.3883634,69,-5,30
1747013361.4233634,33,30,0
1747013361.4583633,-28,-45,158
1747013361.4943633,19,66,96
1747013361.5293634,15,-27,2
1747013361.5653634,109,-44,-79
1747013361.6003633,-32,-26,244
1747013361.6363633,-8,19,-39
1747013361.6713634,31,14,140
1747013361.7063634,-116,-33,-135
1747013361.7423637,45,73,86
1747013361.7773633,56,-34,66
1747013361.8133633,-54,-66,116
1747013361.8483634,-94,1,-21
1747013361.8843634,59,-20,168
1747013361.9193633,-3,23,-21
1747013361.954363,-50,-53,88
1747013361.9903634,-6,-70,186
1747013362.0253634,-56,-54,156
1747013362.0613637,13,21,40
1747013362.0963633,-14,-2,82
1747013362.132363,-21,-74,92
1747013362.168363,-34,45,158
1747013362.204363,82,-56,-19
1747013362.2403634,75,-22,10
1747013362.2753634,-4,-22,118
1747013362.3103633,-6,54,118
1747013362.3463633,67,-14,106
1747013362.382363,7,-56,104
1747013362.4173634,-18,49,172
1747013362.4533634,-4,-4,58
1747013362.4883633,-38,61,6
1747013362.5233634,-2,-24,66
1747013362.5583634,-6,-53,16
1747013362.5943637,-72,-34,27
1747013362.6303637,5,71,111
1747013362.6653633,-75,-23,-37
1747013362.701363,-64,-28,98
1747013362.7363634,22,58,-5
1747013362.7713633,-23,4,90
1747013362.806363,-20,-24,73
1747013362.8423634,21,31,26
1747013362.8783634,-14,55,76
1747013362.9133637,-71,-17,94
1747013362.9493637,-20,23,-41
1747013362.9843633,11,35,176
1747013363.0193634,-67,7,138
1747013363.0543633,14,5,-39
1747013363.0903633,-9,-16,-1
1747013363.1263633,56,-22,128
1747013363.1613634,13,-16,118
1747013363.1973634,89,0,172
1747013363.2323637,-56,66,64
1747013363.2673633,75,32,78
1747013363.3023634,27,-61,32
1747013363.3383634,67,38,74
1747013363.3743634,49,54,170
1747013363.4093633,-34,-78,138
1747013363.4453633,81,15,2
1747013363.4803634,-4,-17,87
1747013363.5153637,27,-18,53
1747013363.5503633,-54,21,95
1747013363.5863633,-42,5,-14
1747013363.622363,-1,-9,98
1747013363.6573634,-14,40,88
1747013363.6933634,19,12,152
1747013363.7283633,-34,64,46
1747013363.7633634,-22,0,54
1747013363.7983634,27,12,-9
1747013363.8343637,51,6,154
1747013363.8703637,-60,64,16
1747013363.905363,-40,-35,67
1747013363.941363,16,45,86
1747013363.9763634,-2,35,69
1747013364.0113633,45,-44,31
1747013364.0463634,45,-38,197
1747013364.0823634,0,-26,-30
1747013364.1183634,107,37,111
1747013364.1533637,-14,19,83
1747013364.1893632,-9,-23,53
1747013364.224363,-23,-99,-56
1747013364.2593634,-17,18,-86
1747013364.2943633,36,-29,105
1747013364.3303633,52,-31,91
1747013364.3663633,70,8,161
1747013364.4013634,37,-11,-36
1747013364.4373634,11,-27,43
1747013364.4723637,-84,44,145
1747013364.507363,68,1,19
1747013364.5423634,-6,19,155
1747013364.5783634,-50,-24,59
1747013364.6143634,10,17,127
1747013364.6493633,35,21,-58
1747013364.6853633,30,-69,169
1747013364.7203634,-28,-22,17
1747013364.7553637,-76,-2,15
1747013364.7903633,-22,-40,53
1747013364.826363,-18,-44,73
1747013364.862363,-12,-35,209
1747013364.8973634,15,-4,-18
1747013364.9333634,13,41,9
1747013364.9683633,-27,-6,17
1747013365.0033634,8,17,7
1747013365.0383637,50,71,41
1747013365.0743637,92,16,-22
1747013365.1103632,-23,2,-22
1747013365.145363,60,12,-16
1747013365.181363,3,-15,13
1747013365.2163634,-36,18,-50
1747013365.2513633,6,-5,23
1747013365.2863634,48,16,-36
1747013365.3223634,-6,-19,121
1747013365.3583634,-13,-9,97
1747013365.3933637,0,-68,79
1747013365.4293633,51,27,79
1747013365.464363,49,41,85
1747013365.4993634,63,69,213
1747013365.5353634,-6,-22,39
1747013365.5703633,0,-32,-30
1747013365.6063633,-44,3,47
1747013365.6413634,35,-28,57
1747013365.6773634,-54,-6,107
1747013365.7123632,31,53,147
1747013365.747363,-2,3,65
1747013365.783363,17,-22,69
1747013365.8183634,-132,-66,39
1747013365.8543634,-70,-44,149
1747013365.8893633,-74,59,65
1747013365.9253633,3,30,-66
1747013365.9603634,73,20,73
1747013365.9953637,-46,40,53
1747013366.0313632,59,-5,67
1747013366.066363,-6,-71,27
1747013366.102363,-16,-20,87
1747013366.1373634,-52,19,99
1747013366.1733634,42,-8,27
1747013366.2083633,-137,-26,61
1747013366.2433634,8,11,75
1747013366.2793634,10,-20,59
1747013366.3143632,23,-70,193
1747013366.3503633,-8,-6,-42
1747013366.385363,25,-20,149
1747013366.4213634,33,27,0
1747013366.4563634,105,52,73
1747013366.4913633,139,62,39
1747013366.5273633,-24,65,-88
1747013366.5623634,-12,-51,33
1747013366.5983634,-79,-95,99
1747013366.6333632,102,54,-74
1747013366.6693633,-1,8,19
1747013366.704363,34,30,75
1747013366.7393634,0,-29,129
1747013366.7753634,-53,4,105
1747013366.8103633,-7,-63,141
1747013366.8463633,-7,-70,79
1747013366.8813634,-17,2,-106
1747013366.9173634,42,48,37
1747013366.9523633,52,12,119
1747013366.987363,45,49,91
1747013367.0233634,58,-29,191
1747013367.0653634,30,-47,23
1747013367.102363,-43,-35,-26
1747013367.1373634,3,-20,115
1747013367.1723633,5,9,81
1747013367.2073634,85,7,91
1747013367.2433634,41,-110,-8
1747013367.2793634,22,112,145
1747013367.3143632,-55,-20,25
1747013367.3503633,34,-81,29
1747013367.385363,52,-63,59
1747013367.4203634,56,-37,47
1747013367.4553633,40,-35,47
1747013367.4913633,44,39,45
1747013367.5273633,-32,-66,15
1747013367.5623634,82,-32,9
1747013367.5983634,-31,-18,155
1747013367.6333632,16,1,0
1747013367.668363,30,-10,-20
1747013367.7033634,-20,-115,37
1747013367.7393634,19,12,-36
1747013367.7753634,-5,3,105
1747013367.8103633,-19,30,183
1747013367.8463633,-3,98,91
1747013367.8813634,21,16,-10
1747013367.9163637,7,62,123
1747013367.951363,-14,16,161
1747013367.987363,99,40,-48
1747013368.0233634,-52,-31,79
1747013368.0583634,64,4,0
1747013368.0943637,-37,6,35
1747013368.1293633,-45,46,10
1747013368.1643634,-21,68,55
1747013368.1993637,-13,16,-58
1747013368.2353632,117,12,7
1747013368.2713633,-38,0,65
1747013368.306363,-52,20,52
1747013368.3423634,-2,-24,70
1747013368.3773634,-2,69,34
1747013368.4123633,-26,41,54
1747013368.4473634,44,-43,86
1747013368.4833634,-104,3,120
1747013368.5193634,28,72,80
1747013368.5543633,-67,47,42
1747013368.5903633,-39,-63,152
1747013368.625363,-23,2,50
1747013368.6603634,6,-73,48
1747013368.6953633,62,-13,62
1747013368.7313633,20,-35,93
1747013368.7673633,16,-53,168
1747013368.8023634,-123,47,0
1747013368.8383634,-25,-23,50
1747013368.8733633,-7,-37,66
1747013368.908363,-75,-5,118
1747013368.9433634,-43,22,109
1747013368.9793634,-5,34,-5
1747013369.0153637,-3,-125,98
1747013369.0503633,-67,-11,22
1747013369.0863633,-11,48,-19
1747013369.1213634,-106,11,218
1747013369.1563632,-37,26,166
1747013369.191363,21,-14,80
1747013369.227363,-4,-8,22
1747013369.2633634,70,62,42
1747013369.2983634,14,16,44
1747013369.3343637,2,28,128
1747013369.3693633,-1,2,16
1747013369.4043634,56,-49,52
1747013369.4393632,53,20,58
1747013369.4753633,3,34,126
1747013369.5113633,-30,-113,96
1747013369.5463634,23,22,78
1747013369.5823634,63,32,26
1747013369.6173637,-14,74,44
1747013369.6523633,11,-39,134
1747013369.6873634,7,10,172
1747013369.7233634,-36,-18,14
1747013369.7593634,15,-15,74
1747013369.7943633,-8,-21,92
1747013369.8303633,9,-45,10
1747013369.8653634,-34,-19,72
1747013369.9003634,57,-5,38
1747013369.9353633,35,-32,60
1747013369.9713633,-39,54,92
1747013370.007363,132,-61,138
1747013370.0423634,3,23,80
1747013370.0783634,-9,10,-35
1747013370.1133633,9,-22,138
1747013370.1483634,-6,-72,100
1747013370.1833634,0,-6,36
1747013370.2193637,53,9,84
1747013370.2553637,-38,-26,100
1747013370.2903633,55,52,94
1747013370.326363,13,0,-35
1747013370.3613634,-6,33,0
1747013370.3963633,25,-22,54
1747013370.431363,75,-60,10
1747013370.4673634,-54,-23,56
1747013370.5033634,-4,-25,36
1747013370.5383637,39,38,-71
1747013370.5743637,-4,41,-67
1747013370.6093633,39,46,22
1747013370.6443634,-28,-14,62
1747013370.6803634,-50,21,30
1747013370.7153633,50,-25,-87
1747013370.7513633,2,14,68
1747013370.7863634,-19,-9,132
1747013370.8223634,-27,36,46
1747013370.8573637,-28,36,124
1747013370.8923633,44,54,76
1747013370.928363,-49,-125,114
1747013370.9633634,24,-39,94
1747013370.9993634,66,-17,-23
1747013371.0343633,-19,-3,18
1747013371.0703633,26,10,78
1747013371.1053634,-71,61,56
1747013371.1403637,-23,72,30
1747013371.1763637,17,25,96
1747013371.2113633,61,5,26
1747013371.247363,19,9,108
1747013371.2823634,-33,0,54
1747013371.3183634,58,-3,86
1747013371.3533633,21,-11,136
1747013371.3883634,13,-9,12
1747013371.4243634,19,18,92
1747013371.4593637,35,21,106
1747013371.4953637,13,-32,154
1747013371.530363,-25,-37,28
1747013371.566363,74,38,82
1747013371.6013634,58,30,10
1747013371.6363633,14,-19,34
1747013371.6723633,-65,20,54
1747013371.7073634,-21,-27,26
1747013371.7433634,30,12,28
1747013371.7783637,31,35,30
1747013371.8143632,86,30,38
1747013371.849363,27,10,114
1747013371.8843634,-58,14,70
1747013371.9203634,17,-11,6
1747013371.9553633,35,-57,82
1747013371.9913633,-14,-69,128
1747013372.0263634,9,-79,82
1747013372.0623634,-8,5,-19
1747013372.0973637,-6,-68,112
1747013372.132363,11,24,58
1747013372.168363,43,2,64
1747013372.2033634,-26,8,80
1747013372.2393634,-37,34,-9
1747013372.2743633,-72,58,74
1747013372.3103633,-74,-10,106
1747013372.3453634,-62,-20,42
1747013372.3803637,-32,-58,122
1747013372.4163637,17,14,106
1747013372.451363,15,-91,192
1747013372.487363,55,30,72
1747013372.5223634,-86,-59,110
1747013372.5573633,29,12,-7
1747013372.5923634,5,32,-29
1747013372.6283634,13,-55,-11
1747013372.6643634,111,-30,88
1747013372.6993637,11,-2,108
1747013372.7353632,75,-40,28
1747013372.770363,29,29,112
1747013372.8053634,-10,-22,208
1747013372.8403633,-24,-8,152
1747013372.8763633,45,1,-23
1747013372.9123633,-4,-36,82
1747013372.9473634,7,29,18
1747013372.9833634,-65,-31,122
1747013373.0183637,-21,-27,104
1747013373.053363,34,0,52
1747013373.0883634,-22,37,130
1747013373.1243634,-4,9,58
1747013373.1603634,-80,89,56
1747013373.1953633,101,30,-123
1747013373.2313633,-44,24,108
1747013373.2663634,-12,34,114
1747013373.3013637,29,-35,48
1747013373.3363633,-16,-26,-27
1747013373.372363,0,-10,33
1747013373.408363,117,-17,15
1747013373.4433634,-32,-43,51
1747013373.4793634,-5,22,115
1747013373.5143633,-3,12,76
1747013373.5493634,-15,-63,29
1747013373.5843637,26,14,55
1747013373.6203637,-15,-121,159
1747013373.6563632,2,-21,83
1747013373.691363,-7,76,121
1747013373.727363,32,26,81
1747013373.7623634,42,-23,14
1747013373.7973633,-89,102,32
1747013373.8323634,21,18,146
1747013373.8683634,-36,26,12
1747013373.9043634,78,11,63
1747013373.9393632,-37,-50,160
1747013373.9753633,-6,-17,16
1747013374.010363,3,0,98
1747013374.0453634,69,-12,76
1747013374.0803633,29,42,46
1747013374.1163633,-14,-81,88
1747013374.1523633,-36,-19,152
1747013374.1873634,0,6,192
1747013374.2233634,-32,-29,118
1747013374.2583632,-20,-9,88
1747013374.293363,65,-35,116
1747013374.3283634,83,-25,158
1747013374.3643634,47,50,108
1747013374.4003634,47,-25,-35
1747013374.4353633,-30,-11,58
1747013374.4713633,0,-101,94
1747013374.5063634,31,-7,-9
1747013374.5413637,27,16,170
1747013374.576363,-8,28,24
1747013374.612363,27,34,176
1747013374.6483634,9,16,94
1747013374.6833634,24,18,164
1747013374.7193637,-17,-17,100
1747013374.7543633,3,-45,86
1747013374.7893634,-27,-47,72
1747013374.8243637,-46,-71,26
1747013374.8603632,-51,56,70
1747013374.8963633,-89,-41,142
1747013374.931363,21,69,38
1747013374.9673634,-90,37,82
1747013375.0023634,17,17,104
1747013375.0373633,44,58,22
1747013375.0723634,16,-29,102
1747013375.1083634,-59,57,-59
1747013375.1443634,-60,19,-29
1747013375.1793633,-84,-12,132
1747013375.2153633,-20,23,82
1747013375.250363,57,-22,76
1747013375.2853634,41,39,122
1747013375.3203633,-15,34,130
1747013375.3563633,-7,-55,25
1747013375.3923633,59,25,126
1747013375.4273634,0,31,52
1747013375.4633634,-39,24,148
1747013375.4983633,33,-8,82
1747013375.533363,-44,-12,62
1747013375.5683634,0,1,1
1747013375.6043634,20,-9,203
1747013375.6403637,15,-18,80
1747013375.6753633,5,23,2
1747013375.7113633,-77,-95,-5
1747013375.7463634,-10,33,55
1747013375.7813632,40,-41,97
1747013375.8173633,-39,76,15
1747013375.852363,51,-39,103
1747013375.8883634,67,-20,135
1747013375.9233634,24,35,79
1747013375.9593637,-52,18,134
1747013375.9943633,61,28,147
1747013376.0293634,81,-33,-42
1747013376.0653634,-16,74,108
1747013376.1003633,51,-87,42
1747013376.1363633,28,70,-3
1747013376.1713634,-27,24,100
1747013376.2073634,-9,-3,86
1747013376.2423637,52,-35,-27
1747013376.2773633,-5,-67,76
1747013376.3133633,52,10,180
1747013376.3483634,-44,-11,-3
1747013376.3843634,60,8,274
1747013376.4193633,2,32,-37
1747013376.4553633,2,-94,84
1747013376.4903634,10,45,70
1747013376.5253634,60,-20,44
1747013376.5613637,114,-28,72
1747013376.5963633,16,-50,-7
1747013376.632363,-45,-60,138
1747013376.6673634,40,1,-25
1747013376.7033634,-81,51,94
1747013376.7383633,-15,25,46
1747013376.7733634,-23,-68,148
1747013376.8093634,-27,45,61
1747013376.8443637,14,18,17
1747013376.8803637,5,-14,68
1747013376.9153633,-12,-51,101
1747013376.951363,61,-33,-84
1747013376.9863634,27,2,97
1747013377.0213633,-26,11,139
1747013377.0573633,-6,49,71
1747013377.099363,-47,28,109
1747013377.1363633,14,6,-90
1747013377.1713634,20,-7,19
1747013377.2073634,-15,-89,37
1747013377.2423637,88,-15,15
1747013377.2773633,-9,2,-10
1747013377.3133633,-9,28,111
1747013377.3483634,13,21,11
1747013377.3843634,-45,-14,101
1747013377.4193633,-25,-56,97
1747013377.4553633,-34,-48,81
1747013377.4913633,23,-20,3
1747013377.5263634,-32,61,63
1747013377.5613637,-20,40,59
1747013377.5973637,19,7,75
1747013377.6333632,-8,33,139
1747013377.668363,1,10,77
1747013377.704363,41,0,31
1747013377.7393634,59,17,91
1747013377.7743633,-31,-27,133
1747013377.8093634,-26,-36,23
1747013377.8453634,35,-11,-116
1747013377.8813634,-10,-51,15
1747013377.9163637,-30,24,61
1747013377.9523633,29,10,-72
1747013377.987363,-54,-41,63
1747013378.0223634,-28,36,91
1747013378.0573633,-4,-75,-34
1747013378.0933633,64,7,127
1747013378.1293633,38,19,33
1747013378.1643634,-10,30,57
1747013378.2003634,29,-11,109
1747013378.2353632,73,-73,89
1747013378.270363,35,-29,63
1747013378.3053634,-10,42,67
1747013378.3413634,-4,32,211
1747013378.3773634,37,36,151
1747013378.4123633,-6,-41,157
1747013378.4483633,-22,-27,49
1747013378.4833634,-48,-64,133
1747013378.5183637,-50,-34,87
1747013378.553363,111,19,-2
1747013378.589363,57,55,59
1747013378.625363,-18,19,61
1747013378.6603634,-10,-44,95
1747013378.6963634,-60,0,19
1747013378.7313633,73,-9,133
1747013378.7663634,91,2,47
1747013378.8013637,-138,-19,-38
1747013378.8373632,27,16,157
1747013378.8733633,-31,2,-26
1747013378.908363,37,54,27
1747013378.9443634,-154,-31,19
1747013378.9793634,42,-35,195
1747013379.0143633,26,-55,59
1747013379.0493634,-13,-27,53
1747013379.0853634,-49,-51,73
1747013379.1213634,28,-47,79
1747013379.1563632,2,-13,55
1747013379.1923633,12,60,0
1747013379.227363,24,-65,67
1747013379.2623634,39,87,95
1747013379.2973633,0,51,-116
1747013379.3333633,29,-8,35
1747013379.3693633,19,-18,29
1747013379.4043634,-89,-4,13
1747013379.4403634,34,-46,77
1747013379.4753633,-38,-49,79
1747013379.510363,13,-49,-12
1747013379.5453634,-24,20,107
1747013379.5813634,-28,34,70
1747013379.6173637,20,-2,26
1747013379.6523633,68,31,72
1747013379.6883633,15,22,28
1747013379.7233634,62,-36,14
1747013379.7583632,43,1,70
1747013379.793363,56,-16,4
1747013379.829363,96,23,78
1747013379.8653634,12,-85,130
1747013379.9003634,28,20,20
1747013379.9363637,-45,-5,48
1747013379.9713633,35,37,106
1747013380.0063634,-26,-8,142
1747013380.0413637,-6,-33,104
1747013380.0773633,-24,-26,14
1747013380.1133633,-20,-60,80
1747013380.1483634,-18,-32,-55
1747013380.1843634,-38,-40,38
1747013380.2193637,39,22,28
1747013380.2543633,-58,-33,106
1747013380.2893634,31,-23,84
1747013380.3253634,-2,74,72
1747013380.3613634,47,-66,102
1747013380.3963633,45,-30,88
1747013380.4323633,-52,41,-29
1747013380.4673634,23,-2,208
1747013380.5023634,31,-15,104
1747013380.5383637,3,-44,80
1747013380.5733633,35,9,78
1747013380.6093633,-20,-46,58
1747013380.6443634,-72,13,150
1747013380.6803634,27,23,52
1747013380.7153633,-2,-40,50
1747013380.750363,76,101,40
1747013380.7863634,31,40,76
1747013380.8213634,-38,48,50
1747013380.8573637,53,44,70
1747013380.8923633,10,-26,166
1747013380.928363,38,43,76
1747013380.9633634,-1,-26,64
1747013380.9983633,14,11,146
1747013381.0343633,-111,-18,50
1747013381.0693634,-34,-23,52
1747013381.1053634,23,6,66
1747013381.1403637,25,56,14
1747013381.1763637,88,-21,6
1747013381.2113633,90,-20,82
1747013381.2463634,-19,11,18
1747013381.2823634,128,-45,114
1747013381.3173633,92,14,98
1747013381.3533633,15,39,4
1747013381.3883634,-5,-49,46
1747013381.4243634,86,-51,-1
1747013381.4593637,4,-15,152
1747013381.4943633,5,-10,192
1747013381.530363,126,6,134
1747013381.5653634,10,14,58
1747013381.6013634,82,-5,40
1747013381.6363633,-13,-3,110
1747013381.6723633,-33,-15,172
1747013381.7073634,-5,-15,100
1747013381.7423637,30,20,156
1747013381.7783637,32,51,40
1747013381.8133633,46,12,62
1747013381.849363,44,19,86
1747013381.8843634,-66,-37,52
1747013381.9203634,-22,37,90
1747013381.9553633,-16,-43,122
1747013381.9903634,39,-41,76
1747013382.0263634,9,-1,6
1747013382.0613637,37,-47,138
1747013382.0973637,-62,5,104
1747013382.132363,-66,21,90
1747013382.168363,51,-13,170
1747013382.2033634,31,44,194
1747013382.2383633,-48,28,20
1747013382.2743633,-78,-56,10
1747013382.3093634,39,-12,36
1747013382.3453634,77,21,150
1747013382.3803637,-56,-34,88
1747013382.4163637,-80,41,94
1747013382.451363,-8,17,30
1747013382.4863634,17,-12,-53
1747013382.5223634,-36,-31,134
1747013382.5573633,21,-43,102
1747013382.5933633,108,-15,80
1747013382.6283634,-9,-5,4
1747013382.6633637,-3,52,39
1747013382.6983633,-7,38,9
1747013382.7343633,-13,12,93
1747013382.770363,17,13,39
1747013382.8053634,13,45,89
1747013382.8413634,6,-21,71
1747013382.8763633,-14,-32,33
1747013382.9113634,-11,-51,90
1747013382.9463634,-35,-85,144
1747013382.9823637,-19,64,160
1747013383.0183637,8,4,66
1747013383.053363,46,22,62
1747013383.089363,36,-69,46
1747013383.1243634,-5,40,76
1747013383.1593633,62,56,88
1747013383.1943634,19,19,4
1747013383.2303634,49,-38,58
1747013383.2663634,19,-32,98
1747013383.3013637,39,35,200
1747013383.3373632,1,-4,106
1747013383.372363,-32,-52,14
1747013383.4073634,40,-16,52
1747013383.4423633,28,-27,66
1747013383.4783633,6,21,32
1747013383.5143633,-36,7,102
1747013383.5493634,-1,-29,8
1747013383.5853634,46,-3,111
1747013383.6203637,-27,-27,28
1747013383.655363,-50,-22,61
1747013383.6903634,83,25,98
1747013383.7263634,19,79,21
1747013383.7623634,-34,53,22
1747013383.7973633,-63,-21,87
1747013383.8333633,36,-9,53
1747013383.8683634,-31,12,51
1747013383.9033637,-32,3,32
1747013383.9383633,-11,-65,76
1747013383.974363,25,17,-33
1747013384.010363,-80,115,-3
1747013384.0453634,9,-48,138
1747013384.0813634,-2,41,146
1747013384.1163633,19,-32,30
1747013384.1513634,37,-10,96
1747013384.1863637,13,83,62
1747013384.2223637,35,-48,93
1747013384.2583632,-6,-38,93
1747013384.293363,15,45,55
1747013384.329363,25,-56,141
1747013384.3643634,48,80,47
1747013384.3993633,24,-11,103
1747013384.4343634,38,-55,0
1747013384.4703634,-47,-67,9
1747013384.5063634,16,22,110
1747013384.5413637,-7,-49,172
1747013384.5773633,0,105,-29
1747013384.612363,25,0,30
1747013384.6473634,-64,-40,116
1747013384.6823633,-5,21,62
1747013384.7183633,16,38,72
1747013384.7543633,40,0,170
1747013384.7893634,-7,-17,143
1747013384.8253634,-47,-15,29
1747013384.8603632,-56,10,61
1747013384.895363,35,48,-64
1747013384.9303634,23,6,41
1747013384.9663634,-50,-45,203
1747013385.0023634,19,-11,113
1747013385.0373633,25,66,93
1747013385.0733633,-118,-91,119
1747013385.1083634,-63,-25,13
1747013385.1433637,30,48,131
1747013385.178363,-61,-27,99
1747013385.214363,4,4,93
1747013385.250363,94,-39,-6
1747013385.2853634,-47,-15,133
1747013385.3213634,46,42,97
1747013385.3563633,0,-31,11
1747013385.3913634,-11,16,79
1747013385.4263637,40,6,47
1747013385.4623632,-27,12,117
1747013385.4983633,-55,54,41
1747013385.533363,-67,30,59
1747013385.5693634,11,-3,25
1747013385.6043634,-80,-87,95
1747013385.6393633,-18,-51,19
1747013385.6743634,-45,-25,91
1747013385.7103634,4,16,129
1747013385.7463634,10,56,83
1747013385.7813632,-28,9,95
1747013385.8173633,-28,1,59
1747013385.852363,21,-51,-2
1747013385.8873634,-38,-51,127
1747013385.9233634,-18,-41,-26
1747013385.9583633,-74,36,25
1747013385.9943633,69,19,95
1747013386.0293634,65,11,9
1747013386.0653634,23,39,161
1747013386.1003633,-54,36,-34
1747013386.135363,26,24,-42
1747013386.1713634,1,-50,161
1747013386.2063634,-3,5,-34
1747013386.2423637,2,-42,49
1747013386.2773633,62,-56,121
1747013386.3133633,-59,1,1
1747013386.3483634,-29,67,147
1747013386.3833632,-47,-16,89
1747013386.4193633,34,60,95
1747013386.454363,48,12,157
1747013386.4903634,-15,-5,87
1747013386.5253634,-38,8,57
1747013386.5613637,-13,2,21
1747013386.5963633,110,14,117
1747013386.6313634,0,8,69
1747013386.6673634,40,116,99
1747013386.7023633,4,-17,65
1747013386.7383633,-31,-29,143
1747013386.7733634,52,20,13
1747013386.8093634,53,9,141
1747013386.8443637,11,-29,-14
1747013386.8793633,-40,20,37
1747013386.9153633,103,38,77
1747013386.9503634,-21,-21,75
1747013386.9863634,12,6,41
1747013387.0213633,36,-45,91
1747013387.0573633,-59,-39,17
1747013387.0923634,-24,7,-72
1747013387.1343634,-47,60,83
1747013387.1713634,-94,-80,29
1747013387.2063634,37,24,163
1747013387.2423637,123,34,127
1747013387.2773633,12,-51,29
1747013387.3133633,-42,-59,135
1747013387.3483634,5,-13,81
1747013387.3833632,49,0,155
1747013387.4193633,-28,-17,67
1747013387.454363,45,6,65
1747013387.4903634,-32,-57,121
1747013387.5253634,-76,14,-10
1747013387.5613637,-6,-13,135
1747013387.5963633,-18,12,159
1747013387.6313634,-8,-36,5
1747013387.6673634,27,46,125
1747013387.7023633,33,9,77
1747013387.7383633,-28,11,109
1747013387.7733634,27,-66,155
1747013387.8083634,51,23,117
1747013387.8433633,-20,57,29
1747013387.8793633,-12,-46,83
1747013387.9153633,85,77,1
1747013387.9503634,23,-18,15
1747013387.9863634,1,33,53
1747013388.0213633,60,50,59
1747013388.056363,-8,17,105
1747013388.0913634,-23,24,191
1747013388.1273634,6,-91,145
1747013388.1633637,20,36,133
1747013388.1983633,-9,16,187
1747013388.2343633,-9,-3,1
1747013388.2693634,54,12,33
1747013388.3043633,-3,-67,55
1747013388.339363,-16,-19,13
1747013388.375363,-40,8,105
1747013388.4113634,-20,4,87
1747013388.4463634,37,-34,183
1747013388.4823637,69,42,-14
1747013388.5173633,128,-47,115
1747013388.5523634,-36,15,47
1747013388.5873632,25,-27,5
1747013388.6233633,5,-3,209
1747013388.6593633,49,-15,47
1747013388.6943634,27,28,83
1747013388.7303634,1,-23,5
1747013388.7653637,27,30,181
1747013388.8003633,46,-15,105
1747013388.8353634,10,-57,135
1747013388.8713634,-17,10,65
1747013388.9073634,20,-21,115
1747013388.9423633,-61,-89,-35
1747013388.9783633,16,46,128
1747013389.0133634,-43,56,-25
1747013389.0483634,-52,-9,80
1747013389.0833633,5,42,214
1747013389.1193633,-82,-7,32
1747013389.155363,30,-61,146
1747013389.1903634,35,-23,96
1747013389.2263634,36,-33,28
1747013389.2613633,-58,-1,-21
1747013389.2963634,32,-7,104
1747013389.3313634,-19,-33,26
1747013389.3673637,0,-29,154
1747013389.4033637,27,5,-53
1747013389.4383633,-19,-9,44
1747013389.474363,-1,26,142
1747013389.5093634,-21,-31,114
1747013389.5443633,28,2,-3
1747013389.579363,-44,78,98
1747013389.6153634,-39,10,-27
1747013389.6513634,7,-33,78
1747013389.6863637,55,-17,66
1747013389.7223637,7,-34,116
1747013389.757363,35,-6,-3
1747013389.7923634,-52,14,-1
1747013389.8273633,43,38,18
1747013389.8633633,-6,68,136
1747013389.8993633,-56,40,102
1747013389.9343634,10,30,74
1747013389.9703634,-11,-31,-9
1747013390.0053637,43,-60,100
1747013390.0403633,-41,78,44
1747013390.0753634,-47,18,174
1747013390.1113634,8,46,44
1747013390.1473634,-7,-37,124
1747013390.1823633,-19,-47,74
1747013390.2183633,36,-47,-49
1747013390.2533634,-2,36,72
1747013390.2883637,155,8,94
1747013390.3233633,-28,-47,-23
1747013390.3593633,54,-25,106
1747013390.395363,-58,3,162
1747013390.4303634,-126,79,50
1747013390.4663634,24,36,68
1747013390.5013633,20,56,-13
1747013390.5363634,60,14,12
1747013390.5713634,-35,-31,56
1747013390.6073637,116,-39,204
1747013390.6433637,29,18,-87
1747013390.678363,45,34,52
1747013390.714363,5,-45,115
1747013390.7493634,25,22,15
1747013390.7843633,1,-13,129
1747013390.8193634,15,64,-26
1747013390.8553634,25,0,145
1747013390.8913634,7,-13,61
1747013390.9263637,-14,-65,27
1747013390.9623632,7,-5,25
1747013390.997363,51,22,121
1747013391.0323634,-42,-53,-10
1747013391.0683634,-68,-49,90
1747013391.1033633,-6,-63,176
1747013391.1393633,5,6,76
1747013391.1743634,-48,10,66
1747013391.2103634,-25,-57,66
1747013391.2453637,-35,-13,210
1747013391.280363,-44,-4,141
1747013391.316363,49,-56,101
1747013391.3513634,-70,-50,38
1747013391.3873634,0,-3,28
1747013391.4223633,24,-10,-31
1747013391.4583633,7,89,110
1747013391.4933634,-74,32,52
1747013391.5283637,11,22,104
1747013391.5643632,-22,-5,-32
1747013391.599363,23,44,17
1747013391.635363,-10,-7,128
1747013391.6703634,-56,-18,80
1747013391.7063634,67,-15,54
1747013391.7413633,-20,-61,98
1747013391.7763634,33,-35,-12
1747013391.8123634,35,-27,-4
1747013391.8473637,17,-11,41
1747013391.8833632,19,2,145
1747013391.918363,-50,-33,163
1747013391.954363,69,0,1
1747013391.9893634,42,-31,33
1747013392.0243633,102,-49,103
1747013392.0603633,0,-31,79
1747013392.0953634,54,17,155
1747013392.1313634,-83,6,41
1747013392.1663637,-14,76,117
1747013392.2023633,-56,28,109
1747013392.237363,35,-62,93
1747013392.2723634,0,18,203
1747013392.3083634,21,-19,-4
1747013392.3433633,72,-51,128
1747013392.3793633,63,22,-7
1747013392.4143634,29,34,198
1747013392.4503634,-60,26,12
1747013392.4853632,-22,-69,134
1747013392.520363,38,-23,68
1747013392.556363,45,-13,68
1747013392.5913634,37,18,80
1747013392.6273634,-20,11,87
1747013392.6623633,31,65,103
1747013392.6983633,7,81,15
1747013392.7333634,86,-38,-3
1747013392.7683637,50,17,121
1747013392.8043633,-5,13,38
1747013392.839363,15,6,139
1747013392.875363,141,-31,53
1747013392.9103634,-14,20,53
1747013392.9453633,-28,-9,15
1747013392.9803634,-36,47,97
1747013393.0163634,5,-4,62
1747013393.0523634,31,-30,28
1747013393.0873632,37,-30,134
1747013393.1233633,73,37,93
1747013393.158363,25,15,57
1747013393.1933634,-52,-70,75
1747013393.2283633,25,5,-14
1747013393.2643633,-30,15,-22
1747013393.3003633,-80,-58,-92
1747013393.3353634,-82,-28,30
1747013393.3713634,43,-84,230
1747013393.4063632,63,-4,168
1747013393.441363,38,-61,160
1747013393.4763634,-40,-22,42
1747013393.5123634,0,18,44
1747013393.5483634,-39,-6,28
1747013393.5833633,36,-86,108
1747013393.6193633,60,-24,85
1747013393.6543634,9,42,165
1747013393.6893632,-41,17,31
1747013393.724363,-52,60,117
1747013393.760363,-45,27,24
1747013393.7963634,-47,41,-36
1747013393.8313634,-7,31,23
1747013393.8673637,33,39,111
1747013393.9023633,27,-12,111
1747013393.9373634,43,57,65
1747013393.9723637,-111,97,67
1747013394.0083632,-41,17,-58
1747013394.0443633,-38,-3,159
1747013394.079363,89,-19,15
1747013394.1153634,23,18,-14
1747013394.1503634,-62,-85,73
1747013394.1853633,50,4,59
1747013394.2203634,22,-4,-8
1747013394.2563634,18,0,161
1747013394.2923634,70,-32,188
1747013394.3273633,-49,-70,-49
1747013394.3633633,-3,-64,10
1747013394.3983634,-27,18,12
1747013394.4333634,4,35,146
1747013394.4683633,-53,-18,122
1747013394.5043633,56,41,148
1747013394.5403633,13,2,14
1747013394.5753634,-8,86,120
1747013394.6113634,30,-15,-73
1747013394.6463633,-39,-97,-31
1747013394.681363,28,-33,106
1747013394.7163634,38,-1,25
1747013394.7523634,-35,-49,189
1747013394.7883637,-11,14,35
1747013394.8233633,24,54,197
1747013394.8593633,80,40,113
1747013394.8943634,71,-2,81
1747013394.9293633,33,-51,-12
1747013394.964363,22,-32,123
1747013395.000363,-29,-24,49
1747013395.0363634,94,47,113
1747013395.0713634,-2,-115,23
1747013395.1073637,6,1,179
1747013395.1423633,-42,40,21
1747013395.1773634,0,28,-76
1747013395.2123632,53,34,55
1747013395.2483633,19,-47,55
1747013395.2843633,-54,0,-6
1747013395.3193634,-29,37,71
1747013395.3553634,6,-16,23
1747013395.3903637,-5,23,17
1747013395.4253633,-13,-44,77
1747013395.4603634,-9,7,87
1747013395.4963634,-20,-4,69
1747013395.5323634,-81,39,251
1747013395.5673633,-44,-34,-32
1747013395.6033633,3,47,57
1747013395.6383634,-16,41,113
1747013395.6733634,34,-95,63
1747013395.7083633,-10,57,25
1747013395.7443633,13,51,225
1747013395.780363,-10,51,103
1747013395.8153634,-62,-100,103
1747013395.8513634,44,-62,143
1747013395.8863633,-53,63,77
1747013395.9213634,-1,-53,23
1747013395.9563634,-8,-37,83
1747013395.9923637,62,6,159
1747013396.0283637,6,-33,39
1747013396.0633633,-15,58,113
1747013396.099363,12,0,79
1747013396.1343634,10,6,95
1747013396.1693633,-1,44,229
1747013396.2053633,-19,-39,31
1747013396.2403634,34,-29,-94
1747013396.2763634,-17,21,-60
1747013396.3113637,-69,8,57
1747013396.3473637,-39,-57,71
1747013396.382363,18,8,45
1747013396.4173634,20,10,33
1747013396.4533634,71,39,-100
1747013396.4883633,59,-70,43
1747013396.5243633,-7,6,-2
1747013396.5593634,-33,-17,131
1747013396.5953634,-3,26,159
1747013396.6303637,68,22,5
1747013396.6653633,-3,-39,97
1747013396.701363,52,-13,27
1747013396.7363634,-7,-7,40
1747013396.7723634,23,-25,88
1747013396.8073633,-48,20,12
1747013396.8433633,21,-9,104
1747013396.8783634,-26,-29,10
1747013396.9133637,-2,60,12
1747013396.9493637,4,-17,16
1747013396.9843633,-17,-21,206
1747013397.020363,-34,98,60
1747013397.0553634,-56,-30,88
1747013397.0913634,11,11,40
1747013397.1263633,5,0,94
1747013397.168363,-66,71,102
1747013397.2053633,19,-80,116
1747013397.2403634,-16,15,42
1747013397.2763634,-8,27,-45
1747013397.3113637,5,-4,20
1747013397.3473637,-34,35,50
1747013397.382363,-5,-34,68
1747013397.4173634,24,-2,40
1747013397.4533634,12,-98,146
1747013397.4883633,75,33,34
1747013397.5243633,-60,35,202
1747013397.5593634,-56,8,112
1747013397.5953634,-62,-66,-25
1747013397.6303637,-30,102,138
1747013397.6653633,-44,27,4
1747013397.701363,41,-50,24
1747013397.7363634,19,27,58
1747013397.7723634,-41,78,26
1747013397.8073633,-3,-33,-35
1747013397.8433633,-26,-34,2
1747013397.8793633,-15,28,96
1747013397.9143634,76,-4,198
1747013397.9493637,32,24,78
1747013397.9853632,42,-85,26
1747013398.0213633,-19,24,-15
1747013398.056363,0,-27,58
1747013398.0923634,96,-21,24
1747013398.1273634,-21,42,82
1747013398.1623633,-9,-17,-3
1747013398.1973634,20,36,28
1747013398.2333634,24,26,24
1747013398.2693634,31,-56,104
1747013398.3043633,-16,33,-15
1747013398.3403633,7,-26,28
1747013398.375363,-3,-35,86
1747013398.4103634,10,20,46
1747013398.4453633,65,27,80
1747013398.4813633,-18,1,98
1747013398.5173633,67,61,-7
1747013398.5523634,40,-33,96
1747013398.5883634,-40,5,96
1747013398.6233633,-42,-20,188
1747013398.658363,13,-48,134
1747013398.6933634,29,-52,116
1747013398.7293634,5,-26,38
1747013398.7653637,24,0,110
1747013398.8003633,-71,24,112
1747013398.8363633,-21,94,22
1747013398.8713634,-29,2,64
1747013398.9063632,6,44,38
1747013398.941363,70,-16,134
1747013398.977363,38,46,60
1747013399.0133634,-47,0,90
1747013399.0483634,62,20,-101
1747013399.0843637,30,14,80
1747013399.1193633,58,-51,28
1747013399.1543634,10,28,196
1747013399.1893632,73,96,200
1747013399.2253633,41,32,8
1747013399.2613633,-2,78,38
1747013399.2963634,-32,51,74
1747013399.3323634,-26,-20,-25
1747013399.3673637,-59,-6,16
1747013399.4023633,40,-20,38
1747013399.4373634,-19,-24,108
1747013399.4733634,-28,-58,52
1747013399.5093634,31,19,-39
1747013399.5443633,-80,-28,112
1747013399.5803633,40,-38,-73
1747013399.6153634,8,-16,-13
1747013399.6503634,-6,44,-41
1747013399.6853633,25,-9,48
1747013399.7213633,-66,-3,70
1747013399.757363,7,10,-1
1747013399.7923634,-20,16,52
1747013399.8283634,69,68,84
1747013399.8633633,-73,18,2
1747013399.8983634,-87,-87,66
1747013399.9333634,-47,-49,198
1747013399.9693637,50,38,-29
1747013400.0053637,-43,-29,88
1747013400.0403633,-61,33,48
1747013400.076363,13,-27,162
1747013400.1113634,31,-19,-65
1747013400.1463633,32,-26,148
1747013400.181363,4,41,44
1747013400.2173634,26,13,-21
1747013400.2533634,-81,53,36
1747013400.2883637,0,-5,-41
1747013400.3243637,-37,-27,74
1747013400.3593633,-5,-31,-49
1747013400.3943634,48,-65,148
1747013400.4293633,-39,29,88
1747013400.4653633,70,-22,23
1747013400.5013633,47,-18,55
1747013400.5363634,-84,-10,123
1747013400.5723634,-92,29,25
1747013400.6073637,-14,27,12
1747013400.6423633,11,-28,-5
1747013400.6773634,-27,-44,56
1747013400.7133634,-11,-52,28
1747013400.7493634,-51,-26,32
1747013400.7843633,-73,13,-31
1747013400.8203633,66,5,48
1747013400.8553634,-63,5,-25
1747013400.8903637,-49,-6,180
1747013400.9253633,-9,-14,74
1747013400.9613633,22,45,44
1747013400.997363,84,3,80
1747013401.0323634,38,-38,50
1747013401.0683634,-10,9,26
1747013401.1033633,27,1,-9
1747013401.1383634,70,-78,39
1747013401.1743634,20,-8,131
1747013401.2093637,3,-22,-120
1747013401.2453637,11,29,47
1747013401.280363,-30,7,19
1747013401.316363,-37,-16,-2
1747013401.3513634,-24,-25,129
1747013401.3863633,66,89,71
1747013401.4223633,59,20,57
1747013401.4573634,12,-44,87
1747013401.4933634,30,-16,115
1747013401.5283637,4,20,49
1747013401.5643632,16,-12,153
1747013401.599363,4,28,67
1747013401.6343634,6,-34,15
1747013401.6703634,24,58,36
1747013401.7053633,52,43,158
1747013401.7413633,2,46,148
1747013401.7763634,-23,24,-66
1747013401.8123634,-51,-25,100
1747013401.8473637,53,-34,38
1747013401.882363,77,25,70
1747013401.918363,61,-136,79
1747013401.9533634,9,-2,39
1747013401.9893634,17,47,-8
1747013402.0243633,33,-6,-4
1747013402.0603633,29,61,157
1747013402.0953634,-40,-70,43
1747013402.1303637,-82,-6,157
1747013402.1663637,-92,93,19
1747013402.201363,-24,9,25
1747013402.237363,23,13,49
1747013402.2723634,50,-12,73
1747013402.3073633,75,-22,69
1747013402.3423634,11,117,97
1747013402.3783634,49,-22,73
1747013402.4143634,1,-46,223
1747013402.4493637,19,-90,139
1747013402.4853632,9,-6,101
1747013402.520363,66,68,-22
1747013402.556363,-36,1,137
1747013402.5913634,-8,-66,89
1747013402.6263633,-67,14,43
1747013402.6623633,24,44,43
1747013402.6973634,18,-23,147
1747013402.7333634,3,-56,73
1747013402.7683637,-14,71,11
1747013402.8043633,7,-26,113
1747013402.839363,-85,10,71
1747013402.8743634,-48,45,181
1747013402.9103634,-17,-29,55
1747013402.9453633,24,-19,83
1747013402.9813633,0,16,127
1747013403.0163634,50,26,89
1747013403.0513637,-21,-23,35
1747013403.0863633,22,60,113
1747013403.122363,-45,6,129
1747013403.158363,-7,-11,-42
1747013403.1933634,-21,-43,217
1747013403.2293634,-9,76,-10
1747013403.2643633,-59,36,-13
1747013403.2993634,-11,-41,116
1747013403.3343637,26,-19,114
1747013403.3703637,-28,-34,72
1747013403.4063632,33,-46,234
1747013403.441363,-75,-3,-29
1747013403.477363,-21,50,151
1747013403.5123634,0,-13,97
1747013403.5473633,-45,-15,-54
1747013403.5823634,-39,-18,107
1747013403.6183634,14,20,-15
1747013403.6543634,14,-8,135
1747013403.6893632,26,-40,121
1747013403.7253633,55,-15,12
1747013403.760363,-4,-39,25
1747013403.7953634,-18,-31,129
1747013403.8303633,-130,4,61
1747013403.8663633,-28,-95,-72
1747013403.9023633,-7,82,49
1747013403.9373634,-57,24,-28
1747013403.9733634,-8,23,67
1747013404.0083632,-29,-65,63
1747013404.043363,-11,0,75
1747013404.0783634,-45,36,79
1747013404.1143634,-1,72,91
1747013404.1503634,-49,44,113
1747013404.1853633,0,-45,57
1747013404.2213633,-63,-119,179
1747013404.2563634,-29,-57,0
1747013404.2913637,70,-41,112
1747013404.326363,56,-9,32
1747013404.362363,-47,-17,0
1747013404.3983634,-13,36,168
1747013404.4333634,-3,-3,101
1747013404.4693637,64,-17,83
1747013404.5043633,-54,40,55
1747013404.5393634,-28,40,19
1747013404.5743637,-32,0,32
1747013404.6103632,109,-3,-53
1747013404.6463633,-49,26,62
1747013404.681363,70,-7,239
1747013404.7173634,30,24,109
1747013404.7523634,-61,84,40
1747013404.7873633,10,-7,142
1747013404.8223634,12,-53,97
1747013404.8583634,-5,-9,54
1747013404.8943634,-23,16,144
1747013404.9293633,-1,-5,62
1747013404.9653633,15,41,-47
1747013405.000363,-14,-28,110
1747013405.0353634,-12,9,120
1747013405.0703633,77,7,8
1747013405.1063633,-104,43,37
1747013405.1423633,74,27,55
1747013405.1773634,-83,-14,107
1747013405.2133634,-12,37,111
1747013405.2483633,57,-62,-10
1747013405.283363,-36,-42,15
1747013405.3183634,-12,-34,-26
1747013405.3543634,-36,38,29
1747013405.3903637,56,-28,47
1747013405.4253633,12,41,159
1747013405.4613633,-5,33,23
1747013405.4963634,65,46,-20
1747013405.5313632,-14,88,-6
1747013405.566363,47,80,61
1747013405.602363,-53,38,-20
1747013405.6383634,46,30,83
1747013405.6733634,-50,18,129
1747013405.7093637,-59,4,-16
1747013405.7443633,1,-55,47
1747013405.7793634,-42,-71,23
1747013405.8143632,1,-36,71
1747013405.8503633,23,-10,-24
1747013405.8863633,90,-16,139
1747013405.9213634,71,0,125
1747013405.9573634,96,27,41
1747013405.9923637,-39,-18,149
1747013406.0273633,-15,-10,43
1747013406.0623634,-36,67,157
1747013406.0983634,55,1,49
1747013406.1343634,27,-45,100
1747013406.1693633,75,-73,121
1747013406.2053633,-6,-51,109
1747013406.2403634,-2,-63,-20
1747013406.2753634,-82,38,119
1747013406.3113637,-18,12,73
1747013406.3463633,-10,-63,49
1747013406.382363,33,-35,135
1747013406.4173634,33,-16,63
1747013406.4533634,-15,75,63
1747013406.4883633,47,11,89
1747013406.5233634,9,39,205
1747013406.5593634,-78,17,57
1747013406.5943637,0,-56,-7
1747013406.6303637,68,-34,83
1747013406.6653633,-5,25,58
1747013406.701363,58,7,86
1747013406.7363634,-21,-71,173
1747013406.7713633,-7,-21,42
1747013406.8073633,24,48,62
1747013406.8423634,80,68,-33
1747013406.8783634,-51,-22,60
1747013406.9133637,-37,13,168
1747013406.9493637,-20,-59,60
1747013406.9843633,-19,-22,136
1747013407.0193634,-31,-18,-37
1747013407.0553634,-62,0,-79
1747013407.0903633,-10,-19,-11
1747013407.1263633,5,38,218
1747013407.1613634,1,-7,-25
1747013407.2033634,-17,-34,128
1747013407.2393634,24,0,-25
1747013407.2753634,6,-52,78
1747013407.3113637,-67,-14,-97
1747013407.3463633,79,0,-67
1747013407.382363,27,-69,144
1747013407.4173634,-88,32,104
1747013407.4533634,1,62,38
1747013407.4883633,59,-37,110
1747013407.5233634,21,44,-35
1747013407.5593634,-22,-61,16
1747013407.5943637,109,-11,46
1747013407.6303637,25,-27,102
1747013407.6653633,-14,-41,58
1747013407.701363,121,-19,150
1747013407.7363634,-48,11,70
1747013407.7713633,-28,-18,-17
1747013407.8073633,-52,2,14
1747013407.8423634,-50,10,190
1747013407.8783634,19,-59,18
1747013407.9133637,-22,42,76
1747013407.9493637,-26,4,142
1747013407.9853632,-10,-53,-27
1747013408.0213633,83,-63,86
1747013408.0573633,105,-37,24
1747013408.0923634,42,-41,24
1747013408.1273634,-45,-57,46
1747013408.1633637,29,-15,-49
1747013408.1993637,-18,-45,-63
1747013408.2343633,-22,-37,-35
1747013408.270363,54,-33,2
1747013408.3053634,-17,40,124
1747013408.3403633,43,10,174
1747013408.375363,0,-61,20
1747013408.4113634,23,-1,36
1747013408.4473634,-9,30,-32
1747013408.4823637,0,-8,48
1747013408.5183637,-33,-20,186
1747013408.553363,-27,20,48
1747013408.5883634,-16,-135,16
1747013408.6233633,-46,12,-43
1747013408.6593633,-26,-71,90
1747013408.6953633,-22,-31,70
1747013408.7303634,11,-9,30
1747013408.7663634,-70,-55,52
1747013408.8013637,41,30,108
1747013408.8363633,0,6,0
1747013408.8713634,-40,18,142
1747013408.9073634,21,12,78
1747013408.9433634,79,-31,126
1747013408.9783633,59,26,106
1747013409.0143633,69,-75,134
1747013409.0493634,71,-5,90
1747013409.0843637,31,-21,26
1747013409.1193633,-96,-27,72
1747013409.155363,29,-45,64
1747013409.191363,-18,-23,111
1747013409.2263634,64,46,42
1747013409.2623634,-37,-37,118
1747013409.2973633,76,-13,22
1747013409.3323634,60,76,86
1747013409.3673637,47,66,132
1747013409.4033637,-97,34,48
1747013409.4393632,-1,50,44
1747013409.474363,-93,-17,34
1747013409.510363,-73,16,104
1747013409.5453634,65,-8,152
1747013409.5803633,-14,-6,156
1747013409.6153634,43,17,46
1747013409.6513634,-52,19,68
1747013409.6873634,53,-34,40
1747013409.7223637,58,-9,46
1747013409.7583632,23,-20,126
1747013409.793363,-7,-3,82
1747013409.8283634,-7,-69,-85
1747013409.8633633,19,7,54
1747013409.8993633,77,-26,140
1747013409.9353633,-28,-14,70
1747013409.9703634,21,17,56
1747013410.0063634,119,-20,36
1747013410.0413637,21,21,134
1747013410.076363,-2,-8,29
1747013410.1113634,21,-28,44
1747013410.1473634,-24,-58,0
1747013410.1833634,-62,-26,44
1747013410.2183633,-36,-66,42
1747013410.2543633,102,-7,92
1747013410.2893634,-88,37,20
1747013410.3243637,19,-12,104
1747013410.3593633,-60,-28,210
1747013410.395363,-52,0,112
1747013410.431363,-10,17,136
1747013410.4663634,-42,-12,126
1747013410.5023634,3,3,166
1747013410.5373633,13,-78,23
1747013410.5723634,-74,35,29
1747013410.6083634,-3,-47,-64
1747013410.6433637,50,16,135
1747013410.6793633,2,-23,63
1747013410.714363,29,-10,-28
1747013410.750363,-60,51,109
1747013410.7853634,-54,-4,86
1747013410.8203633,-40,19,29
1747013410.8553634,-22,-10,46
1747013410.8913634,-8,-34,80
1747013410.9273634,-67,2,16
1747013410.9623632,-53,48,110
1747013410.9983633,-27,30,78
1747013411.033363,16,-31,174
1747013411.0683634,30,94,40
1747013411.1033633,-7,-47,86
1747013411.1393633,-53,58,208
1747013411.1753633,64,-35,0
1747013411.2103634,40,10,146
1747013411.2463634,-47,-9,72
1747013411.2813632,52,6,106
1747013411.316363,-1,8,56
1747013411.352363,-2,-18,88
1747013411.3873634,29,-14,140
1747013411.4233634,-48,71,88
1747013411.4583633,0,-32,76
1747013411.4943633,35,17,44
1747013411.5293634,15,-22,94
1747013411.5643632,9,-2,87
1747013411.6003633,0,9,7
1747013411.635363,-2,-52,47
1747013411.6713634,-9,37,-26
1747013411.7063634,-1,129,152
1747013411.7423637,-47,15,34
1747013411.7773633,55,-70,156
1747013411.8123634,72,-66,49
1747013411.8483634,15,-22,211
1747013411.8833632,-14,-28,86
1747013411.9193633,47,-28,233
1747013411.954363,1,-23,95
1747013411.9903634,13,-49,-36
1747013412.0253634,20,46,107
1747013412.0603633,-40,0,111
1747013412.0963633,45,24,-26
1747013412.1313634,29,54,53
1747013412.1673634,9,20,71
1747013412.2023633,28,-20,105
1747013412.2383633,-1,45,157
1747013412.2733634,-57,-3,33
1747013412.3083634,-23,-55,-58
1747013412.3443637,-3,14,-33
1747013412.3793633,2,106,74
1747013412.4153633,106,-23,14
1747013412.4503634,50,23,64
1747013412.4863634,24,-36,149
1747013412.5213633,46,-24,27
1747013412.556363,-26,-12,115
1747013412.5923634,42,-42,75
1747013412.6273634,-4,67,57
1747013412.6633637,77,73,62
1747013412.6983633,21,-36,34
1747013412.7343633,-38,-24,38
1747013412.7693634,-52,-4,50
1747013412.8043633,57,-30,84
1747013412.8403633,-8,49,92
1747013412.875363,88,-5,112
1747013412.9113634,-27,-25,8
1747013412.9463634,-24,83,51
1747013412.9823637,5,-44,-27
1747013413.0173633,-76,21,46
1747013413.0523634,59,3,0
1747013413.0883634,-45,-34,103
1747013413.1233633,40,15,75
1747013413.1593633,46,19,103
1747013413.1943634,30,80,125
1747013413.2293634,48,-55,121
1747013413.2643633,22,33,53
1747013413.3003633,24,34,99
1747013413.3363633,34,77,89
1747013413.3713634,-37,-19,-4
1747013413.4073634,2,-45,171
1747013413.4423633,14,-47,83
1747013413.477363,10,7,143
1747013413.5123634,88,-30,37
1747013413.5483634,92,-48,39
1747013413.5843637,26,-68,9
1747013413.6193633,86,-90,105
1747013413.655363,26,7,43
1747013413.6903634,74,-16,69
1747013413.7253633,-43,-47,85
1747013413.760363,-9,-1,151
1747013413.7963634,68,26,91
1747013413.8323634,-101,95,-17
1747013413.8673637,-75,-36,110
1747013413.9033637,8,-22,92
1747013413.9383633,24,0,-17
1747013413.9733634,-37,51,190
1747013414.0083632,-8,46,92
1747013414.0443633,4,40,62
1747013414.0803633,68,0,54
1747013414.1153634,52,50,89
1747013414.1513634,-145,-21,70
1747013414.1863637,83,-52,76
1747013414.2213633,-6,-2,19
1747013414.2563634,-6,-46,3
1747013414.2923634,0,43,151
1747013414.3283634,-7,-14,64
1747013414.3633633,11,1,154
1747013414.3993633,-26,5,-55
1747013414.4343634,19,-16,24
1747013414.4693637,17,-6,110
1747013414.5043633,65,-10,54
1747013414.5403633,-18,63,86
1747013414.576363,47,20,64
1747013414.6113634,19,-4,19
1747013414.6473634,17,35,95
1747013414.6823633,27,29,77
1747013414.7173634,-36,127,-24
1747013414.7523634,88,-69,193
1747013414.7883637,-61,-9,121
1747013414.8243637,6,-35,-24
1747013414.8593633,26,-27,7
1747013414.895363,-69,28,-42
1747013414.9303634,38,-1,115
1747013414.9653633,-27,-29,143
1747013415.000363,-16,29,-26
1747013415.0363634,-51,6,115
1747013415.0723634,50,-7,45
1747013415.1073637,4,4,255
1747013415.1433637,82,18,121
1747013415.178363,-25,64,27
1747013415.2133634,0,-27,23
1747013415.2483633,-17,40,87
1747013415.2843633,-20,-26,131
1747013415.3203633,31,59,-56
1747013415.3553634,23,17,57
1747013415.3913634,7,-56,81
1747013415.4263637,13,-12,99
1747013415.4613633,-58,9,97
1747013415.4963634,23,73,49
1747013415.5323634,41,-4,29
1747013415.5683634,-88,-40,-38
1747013415.6033633,0,38,21
1747013415.6393633,-8,41,55
1747013415.6743634,-68,-28,91
1747013415.7093637,-26,5,43
1747013415.7443633,15,-94,-4
1747013415.780363,-24,-26,27
1747013415.816363,-32,31,131
1747013415.8513634,60,-30,143
1747013415.8873634,-32,-104,-22
1747013415.9223633,16,23,131
1747013415.9573634,23,-4,-14
1747013415.9923637,-29,-46,-28
1747013416.0283637,46,47,-4
1747013416.0643632,59,-10,41
1747013416.099363,-12,41,69
1747013416.135363,-6,31,91
1747013416.1703634,47,-6,-22
1747013416.2053633,19,39,129
1747013416.2403634,7,7,99
1747013416.2763634,105,-2,137
1747013416.3123634,45,21,81
1747013416.3473637,121,51,75
1747013416.3833632,-12,73,39
1747013416.418363,-32,71,202
1747013416.4533634,-6,63,124
1747013416.4893634,-24,23,66
1747013416.5243633,-35,3,6
1747013416.5603633,-43,4,72
1747013416.5953634,-45,-8,135
1747013416.6313634,-63,-16,161
1747013416.6663637,84,-40,53
1747013416.701363,65,51,119
1747013416.737363,-72,17,133
1747013416.7723634,-2,19,87
1747013416.8083634,101,33,87
1747013416.8433633,-39,-12,92
1747013416.8793633,0,19,17
1747013416.9143634,-32,31,51
1747013416.9493637,-48,69,43
1747013416.9853632,21,-44,75
1747013417.020363,-21,-4,23
1747013417.056363,-107,-14,49
1747013417.0913634,-29,33,121
1747013417.1273634,12,31,75
1747013417.1623633,-9,7,93
1747013417.204363,36,-20,113
1747013417.2413633,49,62,51
1747013417.2763634,36,56,-62
1747013417.3123634,44,-5,137
1747013417.3473637,-25,58,67
1747013417.3833632,50,31,95
1747013417.418363,-7,0,65
1747013417.4533634,32,61,149
1747013417.4893634,0,-86,149
1747013417.5243633,34,77,3
1747013417.5603633,-18,-23,105
1747013417.5953634,-64,-65,-40
1747013417.6313634,13,-27,21
1747013417.6663637,21,20,223
1747013417.701363,-30,80,27
1747013417.737363,39,-41,103
1747013417.7723634,-52,14,85
1747013417.8083634,39,74,45
1747013417.8433633,49,68,171
1747013417.8793633,17,-7,227
1747013417.9143634,7,0,81
1747013417.9493637,9,34,79
1747013417.9853632,25,12,133
1747013418.020363,-60,-7,17
1747013418.056363,7,58,15
1747013418.0913634,-126,-49,176
1747013418.1273634,-27,36,154
1747013418.1623633,49,47,4
1747013418.1973634,-86,77,35
1747013418.2333634,2,-29,41
1747013418.2683637,-49,-47,55
1747013418.3043633,2,6,74
1747013418.339363,2,-11,-53
1747013418.3743634,16,20,34
1747013418.4093633,111,19,134
1747013418.4453633,-30,-22,34
1747013418.4813633,75,-12,-45
1747013418.5163634,-27,-31,66
1747013418.5523634,-50,-27,208
1747013418.5873632,-69,-35,50
1747013418.622363,-25,-69,90
1747013418.6573634,45,42,100
1747013418.6933634,-4,17,62
1747013418.7293634,41,33,42
1747013418.7643633,-46,39,94
1747013418.8003633,63,-6,150
1747013418.8353634,-2,-2,46
1747013418.8703637,36,-52,190
1747013418.905363,51,-66,172
1747013418.941363,-16,-6,6
1747013418.977363,57,-70,172
1747013419.0123634,29,-106,124
1747013419.0483634,-60,9,-1
1747013419.0833633,-60,-52,-15
1747013419.1183634,11,13,-35
1747013419.1533637,11,-64,172
1747013419.1893632,-90,-4,6
1747013419.2253633,13,7,128
1747013419.260363,-44,-50,46
1747013419.2963634,39,-12,170
1747013419.3313634,-86,27,64
1747013419.3663633,33,-13,18
1747013419.4013634,-26,61,66
1747013419.4373634,-28,41,98
1747013419.4733634,27,-28,38
1747013419.5083632,79,8,126
1747013419.5443633,67,-21,58
1747013419.579363,72,-60,124
1747013419.6143634,63,52,44
1747013419.6493633,7,-37,146
1747013419.6853633,-98,-13,-27
1747013419.7213633,19,26,126
1747013419.7563634,-25,33,82
1747013419.7923634,19,4,120
1747013419.8273633,-49,-70,178
1747013419.862363,16,-32,118
1747013419.8973634,10,83,-65
1747013419.9333634,28,25,-37
1747013419.9693637,8,0,72
1747013420.0043633,22,15,42
1747013420.0403633,-24,22,-5
1747013420.0753634,23,28,62
1747013420.1103632,-2,-11,192
1747013420.145363,87,-21,-15
1747013420.181363,19,-11,22
1747013420.2173634,-18,-13,52
1747013420.2523634,-18,80,50
1747013420.2883637,75,8,150
1747013420.3233633,-82,2,90
1747013420.3583634,-33,19,90
1747013420.3933637,-38,-24,108
1747013420.4293633,-8,-42,102
1747013420.4653633,19,38,164
1747013420.500363,25,21,80
1747013420.5363634,16,-7,28
1747013420.5713634,-7,-107,118
1747013420.6063633,40,27,212
1747013420.6413634,22,-54,172
1747013420.6773634,-43,-36,54
1747013420.7133634,-68,25,-47
1747013420.7483633,-42,-40,154
1747013420.7843633,-46,-10,80
1747013420.8193634,-4,-8,104
1747013420.8543634,27,-14,150
1747013420.8893633,19,-16,68
1747013420.9253633,-48,13,10
1747013420.9613633,90,-9,50
1747013420.9963634,-21,32,0
1747013421.0323634,-19,82,150
1747013421.0673633,-8,-70,90
1747013421.102363,46,36,4
1747013421.1373634,-46,25,48
1747013421.1733634,51,81,114
1747013421.2093637,-40,47,18
1747013421.2443633,-12,-59,12
1747013421.280363,-17,39,92
1747013421.3153634,-34,-14,10
1747013421.3503633,-25,3,112
1747013421.3863633,1,-15,88
1747013421.4213634,44,41,-35
1747013421.4573634,-4,-19,64
1747013421.4923637,-72,18,48
1747013421.5283637,65,-25,36
1747013421.5633633,33,-31,156
1747013421.5983634,49,4,96
1747013421.6343634,-39,-40,78
1747013421.6693633,-61,-16,32
1747013421.7053633,-15,103,130
1747013421.7403634,16,-31,76
1747013421.7763634,-5,-20,66
1747013421.8113637,-15,-60,76
1747013421.8463633,17,119,50
1747013421.882363,-108,-4,114
1747013421.9173634,67,-12,20
1747013421.9533634,107,-45,152
1747013421.9883633,35,35,136
1747013422.0243633,-80,-18,60
1747013422.0593634,75,22,188
1747013422.0943637,25,-3,176
1747013422.1303637,-56,14,-71
1747013422.1653633,27,-25,208
1747013422.201363,-62,-7,36
1747013422.2363634,-90,-62,-27
1747013422.2723634,-80,15,152
1747013422.3073633,43,-11,78
1747013422.3423634,15,18,132
1747013422.3783634,17,-13,94
1747013422.4133637,58,-56,145
1747013422.4493637,8,-42,0
1747013422.4843633,33,-11,125
1747013422.520363,3,-79,70
1747013422.5553634,-16,-26,36
1747013422.5903633,35,-28,-23
1747013422.6263633,-9,-19,36
1747013422.6613634,45,-81,-1
1747013422.6973634,-73,-51,44
1747013422.7323637,82,28,2
1747013422.7683637,-20,-15,2
1747013422.803363,-28,44,96
1747013422.8383634,23,-9,80
1747013422.8743634,0,26,184
1747013422.9093633,-74,-25,100
1747013422.9453633,-44,76,150
1747013422.9803634,-24,-3,28
1747013423.0163634,-24,28,36
1747013423.0513637,19,0,-49
1747013423.0863633,17,9,66
1747013423.122363,15,16,20
1747013423.1573634,14,-55,196
1747013423.1933634,29,-1,73
1747013423.2283633,17,4,-39
1747013423.2643633,34,-27,46
1747013423.3003633,13,28,89
1747013423.3353634,63,19,141
1747013423.3703637,-2,-40,36
1747013423.4063632,39,27,132
1747013423.4423633,2,-37,122
1747013423.477363,22,-31,84
1747013423.5133634,-69,12,78
1747013423.5483634,-20,-67,244
1747013423.5833633,14,-31,-9
1747013423.6183634,-51,-67,108
1747013423.6543634,-29,-31,-1
1747013423.6903634,8,34,78
1747013423.7253633,60,10,186
1747013423.7613633,-8,-18,-47
1747013423.7963634,15,7,-41
1747013423.8313634,11,3,20
1747013423.8663633,4,6,140
1747013423.9023633,60,-17,20
1747013423.9383633,-29,-61,-1
1747013423.9733634,66,-35,-3
1747013424.0093634,2,-3,35
1747013424.0443633,-53,40,67
1747013424.079363,18,22,-164
1747013424.1143634,1,32,128
1747013424.1503634,79,-13,170
1747013424.1863637,32,-46,156
1747013424.2213633,54,59,56
1747013424.257363,-9,-40,-25
1747013424.2923634,-13,-34,74
1747013424.3273633,-22,-25,150
1747013424.362363,98,-36,28
1747013424.3983634,-32,-27,88
1747013424.4343634,-100,-17,174
1747013424.4693637,0,46,130
1747013424.5053637,37,70,128
1747013424.5403633,63,74,134
1747013424.5753634,-20,-13,-47
1747013424.6103632,-33,-26,94
1747013424.6463633,67,-7,40
1747013424.6823633,18,30,-8
1747013424.7173634,-19,22,57
1747013424.7533634,23,-19,151
1747013424.7883637,-24,-9,105
1747013424.8233633,-4,2,117
1747013424.8583634,-30,-1,1
1747013424.8943634,-34,-19,1
1747013424.9303634,-24,-19,3
1747013424.9653633,49,-17,33
1747013425.0013633,95,-47,-58
1747013425.0363634,-20,20,21
1747013425.0713634,19,-3,181
1747013425.1063633,13,-39,34
1747013425.1423633,-36,0,61
1747013425.178363,27,19,161
1747013425.2133634,63,-32,47
1747013425.2493634,-6,-19,81
1747013425.2843633,65,-1,27
1747013425.3193634,-26,88,59
1747013425.3543634,7,68,157
1747013425.3903637,45,4,171
1747013425.4263637,-24,-13,-3
1747013425.4613633,51,1,120
1747013425.497363,32,0,68
1747013425.5323634,7,-15,8
1747013425.5673633,23,-43,84
1747013425.602363,-82,9,73
1747013425.6383634,-28,-43,53
1747013425.6743634,0,12,-18
1747013425.7093637,-22,18,55
1747013425.7453637,-24,72,29
1747013425.780363,51,40,119
1747013425.8153634,-84,-41,76
1747013425.8503633,7,20,42
1747013425.8863633,-38,-25,15
1747013425.9223633,6,-12,-1
1747013425.9573634,-35,65,102
1747013425.9933634,-51,-86,84
1747013426.0283637,-55,-16,-14
1747013426.0633633,55,-27,95
1747013426.0983634,-30,8,96
1747013426.1343634,76,-33,60
1747013426.1703634,20,-27,19
1747013426.2053633,2,70,-48
1747013426.2413633,4,49,-66
1747013426.2763634,10,67,39
1747013426.3113637,78,15,191
1747013426.3463633,68,-42,3
1747013426.382363,34,6,17
1747013426.418363,-79,16,141
1747013426.4533634,10,28,73
1747013426.4893634,82,12,109
1747013426.5243633,8,11,-12
1747013426.5593634,-29,-34,73
1747013426.5953634,68,13,-26
1747013426.6303637,132,1,23
1747013426.6663637,38,-28,-50
1747013426.701363,26,1,-4
1747013426.737363,-63,-49,33
1747013426.7723634,4,-31,133
1747013426.8073633,128,-5,-14
1747013426.8433633,-23,10,129
1747013426.8783634,24,-103,49
1747013426.9143634,17,-15,147
1747013426.9493637,-8,22,139
1747013426.9853632,30,56,99
1747013427.020363,80,-33,173
1747013427.0553634,110,24,291
1747013427.0913634,-17,14,-88
1747013427.1263633,58,-66,69
1747013427.1623633,69,42,19
1747013427.1973634,-42,-55,137
1747013427.2393634,-12,40,71
1747013427.2753634,33,48,119
1747013427.3113637,0,83,35
1747013427.3473637,59,-16,71
1747013427.382363,-31,-54,165
1747013427.418363,14,15,147
1747013427.4533634,15,8,131
1747013427.4893634,15,18,67
1747013427.5243633,1,-29,97
1747013427.5593634,1,-21,119
1747013427.5953634,-74,-49,19
1747013427.6303637,-26,4,-68
1747013427.6663637,-12,30,27
1747013427.701363,-12,-33,3
1747013427.737363,58,0,29
1747013427.7723634,-38,-10,82
1747013427.8073633,-53,-30,98
1747013427.8433633,-31,17,148
1747013427.8783634,98,-26,106
1747013427.9143634,12,13,66
1747013427.9493637,-70,105,20
1747013427.9853632,1,7,158
1747013428.020363,-86,-43,90
1747013428.0553634,25,-21,96
1747013428.0913634,-18,-64,68
1747013428.1263633,-12,-13,78
1747013428.1623633,-44,45,108
1747013428.1973634,27,-24,186
1747013428.2333634,-9,-23,128
1747013428.2683637,56,36,38
1747013428.303363,81,44,94
1747013428.339363,38,-25,66
1747013428.3743634,7,-3,142
1747013428.4103634,36,-21,14
1747013428.4453633,35,22,170
1747013428.4803634,35,-1,122
1747013428.5153637,6,-49,84
1747013428.5513637,8,-32,98
1747013428.5873632,-17,25,64
1747013428.622363,23,19,56
1747013428.658363,-61,53,104
1747013428.6933634,0,-26,-59
1747013428.7283633,-5,49,52
1747013428.7633634,-2,-49,-43
1747013428.7993634,-11,-14,24
1747013428.8353634,-55,-20,38
1747013428.8703637,39,38,18
1747013428.9063632,-29,-13,44
1747013428.941363,92,0,102
1747013428.9763634,52,-21,140
1747013429.0113633,-9,44,-103
1747013429.0473633,53,0,6
1747013429.0833633,-21,-9,64
1747013429.1183634,82,12,146
1747013429.1543634,-30,-23,82
1747013429.1893632,67,38,170
1747013429.224363,-10,60,-59
1747013429.2593634,15,-7,38
1747013429.2953634,49,14,110
1747013429.3313634,78,-39,140
1747013429.3663633,41,42,112
1747013429.4023633,54,64,56
1747013429.4373634,-13,-5,78
1747013429.4723637,52,-11,104
1747013429.507363,-69,6,78
1747013429.543363,-15,8,172
1747013429.579363,60,-37,114
1747013429.6143634,46,-65,12
1747013429.6503634,-43,16,82
1747013429.6853633,16,-35,-9
1747013429.7203634,80,-59,258
1747013429.7553637,9,10,32
1747013429.7913637,56,-92,-59
1747013429.8273633,-45,65,142
1747013429.862363,26,59,136
1747013429.8983634,12,29,66
1747013429.9333634,-34,20,110
1747013429.9683633,31,36,-53
1747013430.0033634,54,-4,-9
1747013430.0393634,80,-58,45
1747013430.0753634,-45,-26,117
1747013430.1103632,42,31,29
1747013430.1463633,60,-62,111
1747013430.181363,70,43,33
1747013430.2163634,-47,-8,-6
1747013430.2513633,-11,-36,193
1747013430.2873633,0,47,1
1747013430.3233633,-25,25,83
1747013430.3583634,61,-54,117
1747013430.3943634,0,67,77
1747013430.4293633,-5,-46,-52
1747013430.464363,103,2,103
1747013430.4993634,2,9,111
1747013430.5353634,24,27,73
1747013430.5713634,24,1,61
1747013430.6063633,-15,-32,73
1747013430.6423633,26,11,139
1747013430.6773634,31,-38,179
1747013430.7123632,-28,15,7
1747013430.747363,-52,-46,59
1747013430.783363,69,-4,208
1747013430.8193634,-6,39,54
1747013430.8543634,81,53,-93
1747013430.8903637,-20,-32,-3
1747013430.9253633,-8,13,153
1747013430.9603634,-84,67,81
1747013430.9953637,79,4,33
1747013431.0313632,-46,66,36
1747013431.0673633,1,16,34
1747013431.102363,57,-19,49
1747013431.1383634,18,-2,-47
1747013431.1733634,-30,-55,-56
1747013431.2083633,2,6,43
1747013431.2433634,29,-49,-68
1747013431.2793634,24,-11,19
1747013431.3153634,-41,44,41
1747013431.3503633,-61,-69,133
1747013431.3863633,12,-51,12
1747013431.4213634,-91,18,236
1747013431.4563634,-75,-59,92
1747013431.4913633,69,-83,-7
1747013431.5273633,-20,6,-41
1747013431.5633633,-22,42,62
1747013431.5983634,123,56,56
1747013431.6343634,-28,10,130
1747013431.6693633,-20,4,29
1747013431.704363,-74,-1,47
1747013431.7403634,55,-45,145
1747013431.7753634,-26,-9,19
1747013431.8113637,-30,-5,18
1747013431.8463633,23,78,240
1747013431.882363,-42,-9,86
1747013431.9173634,-25,-19,174
1747013431.9523633,4,52,272
1747013431.9883633,-69,-25,64
1747013432.0233634,58,-9,100
1747013432.0593634,19,6,32
1747013432.0943637,41,6,142
1747013432.1303637,-32,-35,-13
1747013432.1653633,0,-1,20
1747013432.2003634,72,45,62
1747013432.2363634,41,-52,-69
1747013432.2713633,-16,-6,136
1747013432.3073633,14,-20,72
1747013432.3423634,-17,-10,120
1747013432.3783634,4,5,72
1747013432.4133637,-63,-50,24
1747013432.4483633,42,-8,110
1747013432.4843633,6,45,84
1747013432.5193634,24,11,71
1747013432.5553634,58,-14,-56
1747013432.5903633,62,-76,17
1747013432.6263633,52,33,-3
1747013432.6613634,35,-56,-1
1747013432.6963634,-25,43,11
1747013432.7323637,36,-34,75
1747013432.7673633,-7,-50,49
1747013432.803363,4,55,117
1747013432.8383634,-36,21,189
1747013432.8743634,-72,-4,49
1747013432.9093633,12,3,92
1747013432.9443634,-39,7,16
1747013432.9803634,-29,-8,16
1747013433.0153637,98,-38,62
1747013433.0513637,49,12,24
1747013433.0863633,7,-49,134
1747013433.122363,22,6,56
1747013433.1573634,18,-61,78
1747013433.1923633,64,-29,46
1747013433.2283633,-2,-13,102
1747013433.2633634,-22,-19,14
1747013433.2993634,-62,-34,87
1747013433.3343637,71,-42,105
1747013433.3693633,38,7,85
1747013433.4043634,-113,-16,65
1747013433.4403634,52,39,85
1747013433.4763634,-7,-30,103
1747013433.5113633,-47,49,25
1747013433.5473633,51,-29,-44
1747013433.5823634,0,30,-4
1747013433.6173637,71,-35,91
1747013433.6523633,25,24,35
1747013433.6883633,-14,0,-28
1747013433.724363,9,-43,103
1747013433.7593634,-60,-19,93
1747013433.7953634,-36,-47,-60
1747013433.8303633,-46,-63,-28
1747013433.8653634,43,36,39
1747013433.9003634,-53,-71,103
1747013433.9363637,-21,17,-36
1747013433.9723637,-41,18,94
1747013434.007363,-17,4,120
1747013434.043363,-64,1,176
1747013434.0783634,-29,-27,202
1747013434.1133633,36,-3,58
1747013434.1483634,16,48,-9
1747013434.1843634,-43,-73,78
1747013434.2203634,-76,11,178
1747013434.2553637,-13,54,-9
1747013434.2913637,78,52,108
1747013434.326363,-23,42,84
1747013434.3613634,22,-27,18
1747013434.3963633,-8,65,48
1747013434.4323633,101,-46,175
1747013434.4683633,31,-26,107
1747013434.5033634,-22,37,204
1747013434.5393634,-38,11,1
1747013434.5743637,-13,-7,85
1747013434.6093633,30,52,3
1747013434.6443634,-31,26,69
1747013434.6803634,0,-15,-6
1747013434.7163634,-55,-33,93
1747013434.7513633,16,-49,149
1747013434.7873633,96,-21,103
1747013434.8223634,-3,-5,-12
1747013434.8573637,-1,64,91
1747013434.8923633,75,69,71
1747013434.928363,-24,-94,153
1747013434.964363,-70,7,3
1747013434.9993634,43,-32,-20
1747013435.0353634,-12,-42,-28
1747013435.0703633,-74,11,51
1747013435.1053634,12,-19,139
1747013435.1403637,-19,30,57
1747013435.1763637,-43,0,-8
1747013435.2123632,-13,30,43
1747013435.247363,13,-14,55
1747013435.283363,17,-6,13
1747013435.3183634,-40,-6,35
1747013435.3533633,38,-47,53
1747013435.3883634,49,9,119
1747013435.4243634,-20,59,17
1747013435.4603634,16,-72,21
1747013435.4953637,-3,41,27
1747013435.5313632,-55,-30,5
1747013435.566363,14,-11,103
1747013435.6013634,30,-53,19
1747013435.6363633,-33,2,145
1747013435.6723633,30,-1,77
1747013435.7083633,-23,30,153
1747013435.7433634,-89,-13,67
1747013435.7793634,94,60,-12
1747013435.8143632,-62,-62,25
1747013435.849363,-9,-44,105
1747013435.8843634,31,-34,63
1747013435.9203634,-42,23,11
1747013435.9563634,9,14,85
1747013435.9913633,3,-15,-6
1747013436.0273633,64,-18,35
1747013436.0623634,-16,-31,33
1747013436.0973637,-14,-93,101
1747013436.132363,63,35,-32
1747013436.168363,3,-21,25
1747013436.204363,36,-53,141
1747013436.2393634,-33,46,43
1747013436.2753634,-27,-39,53
1747013436.3103633,35,49,169
1747013436.3453634,0,7,19
1747013436.3803637,51,-52,143
1747013436.4163637,-30,-70,81
1747013436.4523633,-84,-2,-74
1747013436.487363,-50,13,153
1747013436.5233634,61,-2,109
1747013436.5583634,-24,57,103
1747013436.5933633,-2,-8,125
1747013436.6283634,37,1,319
1747013436.6643634,31,-46,113
1747013436.7003634,32,60,105
1747013436.7353632,2,16,147
1747013436.7713633,70,-31,-20
1747013436.806363,37,-42,71
1747013436.8413634,1,-50,29
1747013436.8773634,-21,32,71
1747013436.9123633,16,78,121
1747013436.9483633,-44,19,155
1747013436.9833634,-63,-11,81
1747013437.0193634,18,72,111
1747013437.0543633,-71,59,-48
1747013437.089363,-13,-4,31
1747013437.125363,58,16,-6
1747013437.1603634,-72,0,85
1747013437.1963634,63,-48,1
1747013437.2313633,51,3,121
1747013437.2733634,-47,-31,101
1747013437.3093634,-51,-13,74
1747013437.3453634,23,61,-37
1747013437.3813634,105,-16,18
1747013437.4163637,-40,19,94
1747013437.4523633,-8,9,-47
1747013437.487363,11,-22,12
1747013437.5233634,0,-16,22
1747013437.5583634,7,-2,164
1747013437.5933633,-42,-42,-39
1747013437.6293633,0,18,104
1747013437.6643634,46,22,48
1747013437.7003634,-13,94,150
1747013437.7353632,12,-57,18
1747013437.7713633,52,-23,96
1747013437.806363,-32,0,232
1747013437.8413634,65,-22,138
1747013437.8773634,56,14,72
1747013437.9123633,59,-36,54
1747013437.9483633,1,-14,72
1747013437.9833634,-18,7,44
1747013438.0193634,-32,41,80
1747013438.0543633,-14,23,240
1747013438.089363,-58,43,70
1747013438.125363,-114,49,144
1747013438.1603634,45,15,26
1747013438.1963634,-66,7,94
1747013438.2313633,-52,41,112
1747013438.2673633,3,-30,74
1747013438.3023634,35,31,146
1747013438.3373632,81,0,32
1747013438.3733633,-38,-13,54
1747013438.408363,-23,26,24
1747013438.4443634,-95,-29,8
1747013438.4793634,-39,42,14
1747013438.5153637,-23,12,120
1747013438.5513637,48,28,144
1747013438.5873632,20,-17,-33
1747013438.6233633,76,-117,54
1747013438.658363,84,4,50
1747013438.6933634,-9,-1,168
1747013438.7293634,-9,20,118
1747013438.7653637,-21,-55,22
1747013438.8003633,75,22,46
1747013438.8363633,33,-25,104
1747013438.8713634,33,18,58
1747013438.9063632,1,12,123
1747013438.941363,-9,108,-58
1747013438.977363,-61,18,-10
1747013439.0133634,2,-49,105
1747013439.0483634,16,-9,21
1747013439.0843637,-3,-3,45
1747013439.1193633,-12,-33,199
1747013439.1543634,-28,-34,157
1747013439.1893632,82,-17,-9
1747013439.2253633,6,-11,92
1747013439.2613633,-52,10,70
1747013439.2963634,43,-19,206
1747013439.3323634,-48,-10,92
1747013439.3673637,-28,49,82
1747013439.4023633,43,59,62
1747013439.4373634,41,15,132
1747013439.4733634,-50,-40,188
1747013439.5093634,39,31,-39
1747013439.5443633,42,-121,116
1747013439.5803633,23,-101,216
1747013439.6153634,-83,17,98
1747013439.6503634,46,17,80
1747013439.6853633,-82,42,36
1747013439.7213633,-24,30,-81
1747013439.757363,-2,17,51
1747013439.7923634,49,57,-22
1747013439.8283634,81,-62,91
1747013439.8633633,-18,-14,181
1747013439.8983634,-36,-34,147
1747013439.9333634,-48,-18,15
1747013439.9693637,44,114,55
1747013440.0053637,-23,-27,-21
1747013440.0403633,35,-113,22
1747013440.076363,-46,-93,68
1747013440.1113634,5,46,-76
1747013440.1463633,-34,44,-4
1747013440.181363,27,-67,81
1747013440.2173634,25,-55,131
1747013440.2533634,5,-19,85
1747013440.2883637,-8,-57,161
1747013440.3243637,0,36,-34
1747013440.3593633,43,-13,57
1747013440.3943634,69,-19,120
1747013440.4293633,1,-79,92
1747013440.4653633,-36,68,146
1747013440.5013633,-54,8,198
1747013440.5363634,64,-6,96
1747013440.5723634,44,31,-35
1747013440.6073637,-21,-10,22
1747013440.6423633,-10,-15,26
1747013440.6773634,-52,-19,16
1747013440.7133634,15,-15,30
1747013440.7493634,-40,-29,79
1747013440.7843633,78,33,50
1747013440.8203633,-47,-6,-45
1747013440.8553634,102,27,100
1747013440.8903637,44,3,-29
1747013440.9253633,46,55,138
1747013440.9613633,28,-66,44
1747013440.997363,50,-52,-49
1747013441.0323634,-37,29,39
1747013441.0683634,-13,29,102
1747013441.1033633,42,5,82
1747013441.1383634,-6,-17,-17
1747013441.1733634,63,-73,236
1747013441.2093637,3,-73,118
1747013441.2453637,-50,54,72
1747013441.280363,23,44,64
1747013441.316363,-8,-51,12
1747013441.3513634,-38,22,132
1747013441.3863633,19,120,14
1747013441.4213634,-55,32,-25
1747013441.4573634,38,-29,54
1747013441.4933634,61,3,114
1747013441.5283637,-90,-31,50
1747013441.5643632,-4,-19,89
1747013441.599363,121,30,25
1747013441.6343634,-16,-6,11
1747013441.6693633,-44,18,19
1747013441.7053633,56,-36,15
1747013441.7413633,4,53,13
1747013441.7763634,46,-8,31
1747013441.8123634,-17,-32,75
1747013441.8473637,122,-41,185
1747013441.882363,-13,7,49
1747013441.918363,18,32,137
1747013441.9533634,100,7,37
1747013441.9893634,-69,16,47
1747013442.0243633,5,-37,59
1747013442.0603633,-6,39,133
1747013442.0953634,35,35,43
1747013442.1303637,29,8,156
1747013442.1663637,-20,1,101
1747013442.201363,-6,-45,63
1747013442.237363,57,-7,85
1747013442.2723634,-58,-40,53
1747013442.3083634,27,60,25
1747013442.3433633,-80,10,189
1747013442.3783634,35,7,99
1747013442.4143634,13,-35,27
1747013442.4493637,35,-59,65
1747013442.4853632,59,-53,149
1747013442.520363,27,51,95
1747013442.556363,12,2,117
1747013442.5913634,-31,-1,75
1747013442.6263633,-32,91,39
1747013442.6623633,-45,38,91
1747013442.6973634,8,4,83
1747013442.7333634,19,-66,-62
1747013442.7683637,0,-66,39
1747013442.8043633,79,45,155
1747013442.839363,43,3,9
1747013442.8743634,9,17,14
1747013442.9103634,-22,-26,-51
1747013442.9453633,21,39,84
1747013442.9813633,-24,-10,76
1747013443.0163634,-74,29,-81
1747013443.0523634,-14,-4,98
1747013443.0873632,-76,17,88
1747013443.122363,1,45,102
1747013443.158363,61,15,48
1747013443.1933634,-98,-24,72
1747013443.2293634,-34,-12,48
1747013443.2643633,-38,-2,88
1747013443.3003633,-22,13,-29
1747013443.3353634,-36,-22,4
1747013443.3703637,53,40,-9
1747013443.4063632,24,-90,-57
1747013443.441363,20,33,138
1747013443.477363,21,-42,166
1747013443.5123634,44,-48,68
1747013443.5483634,11,-34,226
1747013443.5833633,7,-18,38
1747013443.6183634,-32,97,-26
1747013443.6543634,17,-52,127
1747013443.6893632,-88,-28,165
1747013443.7253633,-68,-14,67
1747013443.760363,-14,11,107
1747013443.7953634,-28,-10,141
1747013443.8303633,-63,66,41
1747013443.8663633,-4,11,50
1747013443.9023633,-64,-14,34
1747013443.9373634,-18,-16,10
1747013443.9733634,47,59,110
1747013444.0083632,-54,31,184
1747013444.043363,5,57,-67
1747013444.0783634,7,39,30
1747013444.1143634,13,17,-3
1747013444.1503634,-20,1,12
1747013444.1853633,7,-26,-1
1747013444.2213633,-82,-38,19
1747013444.2563634,-24,-58,66
1747013444.2913637,-4,-10,66
1747013444.326363,-70,19,-47
1747013444.362363,5,11,80
1747013444.3983634,5,-19,232
1747013444.4333634,-26,44,34
1747013444.4693637,9,-53,158
1747013444.5043633,67,60,106
1747013444.5393634,27,-17,98
1747013444.5743637,-59,-31,148
1747013444.6103632,70,-11,48
1747013444.6463633,24,-35,50
1747013444.681363,2,-67,235
1747013444.7173634,82,8,131
1747013444.7523634,-15,-29,37
1747013444.7873633,-55,-61,0
1747013444.8223634,28,4,111
1747013444.8583634,-25,74,43
1747013444.8943634,37,80,115
1747013444.9293633,-52,6,89
1747013444.9653633,77,-95,195
1747013445.000363,-21,-21,13
1747013445.0353634,-109,-11,7
1747013445.0703633,29,49,124
1747013445.1063633,-26,-40,123
1747013445.1423633,35,-76,1
1747013445.1773634,-8,-31,129
1747013445.2133634,43,61,49
1747013445.2483633,25,-25,21
1747013445.283363,5,29,19
1747013445.3183634,1,85,0
1747013445.3543634,7,-20,75
1747013445.3903637,-2,15,19
1747013445.4253633,-26,-2,45
1747013445.4613633,67,-22,43
1747013445.4963634,-22,-12,99
1747013445.5313632,1,-18,-56
1747013445.566363,49,-18,46
1747013445.602363,-52,24,58
1747013445.6383634,19,-15,108
1747013445.6733634,-67,24,268
1747013445.7093637,-16,72,143
1747013445.7443633,-44,20,97
1747013445.7793634,-103,-15,25
1747013445.8143632,-73,-27,7
1747013445.8503633,-65,-5,147
1747013445.8863633,54,-65,43
1747013445.9213634,-77,4,0
1747013445.9573634,34,38,71
1747013445.9923637,-5,8,265
1747013446.0273633,32,-3,39
1747013446.0623634,48,50,71
1747013446.0983634,-19,20,99
1747013446.1343634,-21,74,103
1747013446.1693633,20,-24,27
1747013446.2053633,46,-24,23
1747013446.2403634,32,8,87
1747013446.2753634,6,-9,-8
1747013446.3103633,-53,36,28
1747013446.3463633,28,-51,88
1747013446.382363,32,28,-9
1747013446.4173634,86,-17,68
1747013446.4533634,-113,-53,54
1747013446.4883633,-25,-37,10
1747013446.5233634,-20,-55,-69
1747013446.5583634,-18,-12,-51
1747013446.5943637,115,-38,93
1747013446.6303637,9,70,100
1747013446.6653633,15,-29,75
1747013446.701363,1,-33,59
1747013446.7363634,-34,40,43
1747013446.7713633,11,-7,47
1747013446.806363,91,4,-28
1747013446.8423634,75,52,173
1747013446.8783634,105,74,59
1747013446.9133637,0,18,153
1747013446.9493637,57,40,107
1747013446.9843633,7,16,165
1747013447.0193634,-18,14,21
1747013447.0553634,-36,16,75
1747013447.0903633,55,-31,139
1747013447.1263633,-76,2,101
1747013447.1613634,11,-95,3
1747013447.1973634,-88,10,39
1747013447.2323637,33,-49,83
1747013447.2743633,65,48,239
1747013447.3113637,29,-17,227
1747013447.3463633,-44,-47,57
1747013447.382363,-4,-60,29
1747013447.4173634,-13,-10,-16
1747013447.4533634,11,0,-20
1747013447.4883633,77,3,197
1747013447.5233634,37,-50,-56
1747013447.5593634,24,21,85
1747013447.5943637,-33,11,175
1747013447.6303637,40,53,197
1747013447.6653633,-19,-12,69
1747013447.701363,8,29,82
1747013447.7363634,6,-48,0
1747013447.7713633,-67,3,44
1747013447.8073633,-73,-22,8
1747013447.8423634,2,41,82
1747013447.8783634,16,-2,64
1747013447.9133637,46,-40,-38
1747013447.9493637,14,-25,11
1747013447.9843633,55,-67,61
1747013448.0193634,26,-48,55
1747013448.0553634,80,11,101
1747013448.0903633,-47,-12,143
1747013448.1263633,-1,-22,15
1747013448.1613634,50,119,71
1747013448.1973634,35,-5,87
1747013448.2323637,9,-20,65
1747013448.2673633,-18,9,0
1747013448.303363,49,-34,51
1747013448.3383634,12,6,57
1747013448.3743634,-43,-45,158
1747013448.4093633,-5,52,37
1747013448.4453633,20,82,70
1747013448.4803634,-43,-23,74
1747013448.5153637,40,-17,48
1747013448.5513637,-21,60,79
1747013448.5863633,-37,-21,83
1747013448.622363,42,-66,111
1747013448.6573634,18,-105,111
1747013448.6933634,-31,15,-12
1747013448.7293634,0,-3,-100
1747013448.7653637,37,-48,191
1747013448.8013637,-62,-60,-2
1747013448.8373632,33,-14,1
1747013448.8733633,5,-30,37
1747013448.908363,-105,14,67
1747013448.9433634,9,83,85
1747013448.9793634,-19,-85,103
1747013449.0153637,110,-19,127
1747013449.0503633,-38,31,127
1747013449.0863633,24,-5,117
1747013449.1213634,-32,29,83
1747013449.1563632,-80,7,83
1747013449.191363,-102,51,111
1747013449.227363,7,25,129
1747013449.2633634,13,-13,81
1747013449.2983634,61,16,199
1747013449.3343637,11,-17,67
1747013449.3693633,1,-41,115
1747013449.4043634,-32,80,193
1747013449.4393632,-14,-19,99
1747013449.4753633,65,-51,-6
1747013449.5113633,123,-41,145
1747013449.5463634,23,-39,77
1747013449.5823634,-30,-19,131
1747013449.6173637,3,-1,-52
1747013449.6523633,47,-6,33
1747013449.6873634,-30,31,127
1747013449.7233634,17,-17,91
1747013449.7593634,65,-13,121
1747013449.7943633,17,-55,-30
1747013449.8303633,51,-3,49
1747013449.8653634,25,15,151
1747013449.9003634,-14,7,43
1747013449.9353633,2,46,33
1747013449.9713633,1,-44,31
1747013450.007363,-30,-16,125
1747013450.0423634,0,37,95
1747013450.0783634,77,23,83
1747013450.1133633,-9,-16,-35
1747013450.1483634,68,-62,52
1747013450.1833634,-1,-20,56
1747013450.2193637,8,41,-23
1747013450.2553637,58,-30,90
1747013450.2903633,11,43,40
1747013450.326363,-30,-34,26
1747013450.3613634,25,-38,86
1747013450.3963633,-20,21,106
1747013450.431363,-13,-2,-3
1747013450.4673634,-59,41,22
1747013450.5033634,51,-30,122
1747013450.5383637,125,1,8
1747013450.5743637,8,29,44
1747013450.6093633,24,-16,-23
1747013450.6443634,67,29,66
1747013450.6793633,26,53,36
1747013450.7153633,90,25,52
1747013450.7513633,-17,0,-11
1747013450.7863634,16,-16,86
1747013450.8223634,-14,-22,8
1747013450.8573637,9,51,-13
1747013450.8923633,51,9,120
1747013450.9273634,0,-31,58
1747013450.9633634,16,0,104
1747013450.9993634,-5,-5,150
1747013451.0343633,-2,24,132
1747013451.0703633,25,-35,152
1747013451.1053634,61,40,132
1747013451.1403637,17,0,204
1747013451.1753633,41,2,96
1747013451.2113633,51,-25,134
1747013451.247363,27,-35,-27
1747013451.2823634,12,-27,88
1747013451.3183634,-32,26,132
1747013451.3533633,66,-35,22
1747013451.3883634,-15,-15,78
1747013451.4233634,42,-47,-19
1747013451.4593637,24,-17,122
1747013451.4953637,-7,-25,23
1747013451.530363,94,-19,-48
1747013451.566363,-19,22,108
1747013451.6013634,-58,-9,14
1747013451.6363633,-91,17,176
1747013451.6713634,52,-72,4
1747013451.7073634,36,45,8
1747013451.7433634,60,-50,136
1747013451.7783637,28,-42,-15
1747013451.8143632,30,-12,40
1747013451.849363,-1,23,8
1747013451.8843634,-13,55,126
1747013451.9203634,-37,-28,226
1747013451.9553633,20,-8,60
1747013451.9913633,18,-72,-9
1747013452.0263634,-41,49,88
1747013452.0623634,20,23,74
1747013452.0973637,39,-17,118
1747013452.132363,11,-41,42
1747013452.168363,-6,-51,20
1747013452.2033634,71,20,-35
1747013452.2393634,-59,-89,144
1747013452.2743633,-14,-45,18
1747013452.3103633,-12,-35,73
1747013452.3453634,65,-49,83
1747013452.3803637,53,26,115
1747013452.4163637,61,66,71
1747013452.451363,81,-23,113
1747013452.487363,-10,20,53
1747013452.5223634,-42,16,50
1747013452.5583634,62,-5,112
1747013452.5933633,43,10,148
1747013452.6283634,81,-31,52
1747013452.6643634,31,16,150
1747013452.6993637,59,66,44
1747013452.7353632,9,-1,50
1747013452.770363,79,-35,106
1747013452.806363,-14,-14,102
1747013452.8413634,-42,27,56
1747013452.8763633,-73,73,120
1747013452.9123633,0,0,66
1747013452.9473634,-28,55,18
1747013452.9833634,-29,-44,103
1747013453.0183637,86,-6,-58
1747013453.0543633,-15,21,23
1747013453.089363,28,47,43
1747013453.1243634,18,25,109
1747013453.1603634,-79,19,59
1747013453.1953633,33,31,47
1747013453.2313633,-34,-62,3
1747013453.2663634,-9,-17,3
1747013453.3023634,-103,-51,237
1747013453.3373632,40,-31,85
1747013453.372363,-5,-9,59
1747013453.408363,-35,54,203
1747013453.4433634,18,0,33
1747013453.4793634,12,-21,151
1747013453.5143633,62,30,49
1747013453.5513637,-19,-29,79
1747013453.5863633,-15,44,31
1747013453.622363,64,12,5
1747013453.6573634,-51,-9,111
1747013453.6923633,-29,72,105
1747013453.7283633,-59,-7,113
1747013453.7633634,-18,-34,67
1747013453.7993634,-17,25,111
1747013453.8343637,-52,7,161
1747013453.8693633,-39,10,97
1747013453.9043634,37,57,37
1747013453.9403634,-48,-18,79
1747013453.9763634,5,-8,137
1747013454.0113633,37,-50,135
1747013454.0473633,-16,-52,129
1747013454.0823634,-23,-46,49
1747013454.1173637,-45,0,147
1747013454.1523633,60,21,75
1747013454.1883633,45,-38,67
1747013454.224363,15,-27,65
1747013454.2593634,19,-9,67
1747013454.2953634,109,-15,-18
1747013454.3303633,7,-22,45
1747013454.3653634,-14,41,115
1747013454.4003634,-10,43,9
1747013454.4363637,-34,36,69
1747013454.4723637,33,13,-8
1747013454.507363,-4,41,101
1747013454.543363,-54,95,139
1747013454.5783634,-26,33,33
1747013454.6133633,-50,27,105
1747013454.6483634,-42,8,147
1747013454.6843634,-3,-3,-50
1747013454.7203634,32,-15,23
1747013454.7553637,14,-7,191
1747013454.7913637,-30,-13,99
1747013454.826363,-9,-99,215
1747013454.8613634,-11,28,81
1747013454.8963633,-29,62,159
1747013454.9323633,-63,24,85
1747013454.9683633,34,10,-76
1747013455.0033634,-79,-75,17
1747013455.0393634,-65,38,67
1747013455.0743637,-1,-75,141
1747013455.1093633,20,44,7
1747013455.1443634,74,-45,113
1747013455.1803634,-28,24,73
1747013455.2163634,79,9,61
1747013455.2513633,-48,-8,69
1747013455.2873633,-85,-109,23
1747013455.3223634,-35,-31,99
1747013455.3573637,42,44,139
1747013455.3923633,58,68,-46
1747013455.428363,-59,-57,41
1747013455.464363,-42,-33,0
1747013455.4993634,43,26,103
1747013455.5353634,-18,-24,9
1747013455.5703633,21,61,69
1747013455.6053634,-60,-17,75
1747013455.6403637,-70,-13,97
1747013455.6763637,99,54,-18
1747013455.7123632,-7,-81,29
1747013455.747363,72,12,113
1747013455.783363,-98,-30,195
1747013455.8183634,23,-12,135
1747013455.8533633,-19,4,-40
1747013455.8883634,104,-31,141
1747013455.9243634,-69,28,83
1747013455.9603634,-47,24,37
1747013455.9953637,-21,-47,193
1747013456.0313632,-119,10,139
1747013456.066363,63,-22,59
1747013456.1013634,-12,-38,95
1747013456.1363633,-87,5,89
1747013456.1723633,17,46,155
1747013456.2083633,-10,44,7
1747013456.2433634,9,81,71
1747013456.2793634,3,-31,-36
1747013456.3153634,-26,45,35
1747013456.3513634,3,-21,-24
1747013456.3863633,-44,59,-30
1747013456.4213634,21,9,83
1747013456.4563634,-24,-8,31
1747013456.4923637,-38,11,157
1747013456.5283637,-8,24,129
1747013456.5633633,-14,30,11
1747013456.599363,43,21,11
1747013456.6343634,-20,-12,17
1747013456.6693633,-14,47,33
1747013456.704363,-16,15,131
1747013456.7403634,11,7,127
1747013456.7763634,89,7,67
1747013456.8113637,3,19,37
1747013456.8473637,-82,7,39
1747013456.882363,32,-52,-20
1747013456.9173634,4,-28,39
1747013456.9523633,7,-10,89
1747013456.9883633,-50,19,81
1747013457.0243633,-10,-36,77
1747013457.0593634,-41,-72,41
1747013457.0953634,3,-26,193
1747013457.1303637,22,11,-62
1747013457.1653633,-41,53,171
1747013457.201363,12,-2,131
1747013457.2363634,-55,-34,139
1747013457.2793634,45,51,163
1747013457.3153634,63,-32,49
1747013457.3513634,-52,-6,-28
1747013457.3863633,85,-20,-6
1747013457.4213634,24,-46,37
1747013457.4573634,55,-18,-8
1747013457.4923637,33,59,55
1747013457.5283637,42,-100,89
1747013457.5633633,-4,-6,55
1747013457.599363,145,-10,103
1747013457.6343634,-9,24,61
1747013457.6693633,-58,30,109
1747013457.7053633,53,-60,21
1747013457.7403634,7,65,131
1747013457.7763634,31,-40,-120
1747013457.8113637,0,45,133
1747013457.8473637,11,-35,49
1747013457.882363,93,64,27
1747013457.9173634,-50,-79,23
1747013457.9533634,17,52,47
1747013457.9883633,23,26,133
1747013458.0243633,-34,-17,217
1747013458.0593634,-56,26,85
1747013458.0953634,19,36,123
1747013458.1303637,-8,-33,-24
1747013458.1653633,15,16,187
1747013458.201363,-35,-17,-24
1747013458.2363634,58,20,105
1747013458.2723634,16,10,143
1747013458.3073633,-32,-21,91
1747013458.3433633,-12,14,15
1747013458.3783634,-6,14,43
1747013458.4133637,-80,102,97
1747013458.4493637,23,-33,17
1747013458.4843633,-32,23,7
1747013458.520363,51,-30,49
1747013458.5553634,0,3,155
1747013458.5913634,72,27,-34
1747013458.6263633,-14,-51,71
1747013458.6613634,60,11,53
1747013458.6973634,-95,-16,79
1747013458.7323637,7,9,-26
1747013458.7683637,-2,-14,97
1747013458.803363,20,12,97
1747013458.839363,-21,40,9
1747013458.875363,34,72,101
1747013458.9113634,-25,-71,57
1747013458.9473634,-35,-39,9
1747013458.9823637,-17,58,71
1747013459.0173633,60,36,3
1747013459.053363,-2,31,141
1747013459.089363,-34,-46,93
1747013459.1243634,-52,-26,55
1747013459.1603634,-2,25,11
1747013459.1953633,22,28,97
1747013459.2303634,17,11,-6
1747013459.2653637,-12,-8,53
1747013459.3013637,33,41,105
1747013459.3373632,-50,31,91
1747013459.372363,-15,-43,101
1747013459.408363,21,-27,47
1747013459.4433634,27,-1,273
1747013459.4783633,-30,20,31
1747013459.5133634,-56,-9,51
1747013459.5493634,8,8,21
1747013459.5853634,-21,6,87
1747013459.6203637,-51,-17,-8
1747013459.6563632,-21,60,43
1747013459.691363,-57,0,89
1747013459.7263634,-25,-69,-16
1747013459.7613633,-31,-7,87
1747013459.7973633,10,56,113
1747013459.8333633,23,30,113
1747013459.8683634,-60,-5,87
1747013459.9043634,-49,42,-14
1747013459.9393632,46,30,217
1747013459.974363,-25,66,-14
1747013460.0093634,34,-5,75
1747013460.0453634,-73,-11,213
1747013460.0813634,20,18,75
1747013460.1163633,68,-23,-12
1747013460.1523633,-59,-1,131
1747013460.1873634,-23,-13,25
1747013460.2223637,19,66,-30
1747013460.257363,37,-34,-36
1747013460.293363,17,-110,89
1747013460.329363,39,-42,-2
1747013460.3643634,5,3,69
1747013460.4003634,59,11,114
1747013460.4353633,65,7,156
1747013460.4703634,-4,39,66
1747013460.5053637,-31,8,94
1747013460.5413637,-58,-65,-15
1747013460.5773633,-10,-55,46
1747013460.612363,61,-15,-85
1747013460.6483634,-31,46,74
1747013460.6833634,-49,7,100
1747013460.7183633,0,30,54
1747013460.7533634,27,-22,50
1747013460.7893634,5,11,72
1747013460.8253634,-14,-38,162
1747013460.8603632,21,17,-45
1747013460.8963633,-16,7,-7
1747013460.931363,-120,-104,76
1747013460.9663634,59,39,122
1747013461.0013633,17,9,-9
1747013461.0373633,-63,28,80
1747013461.0733633,7,65,-83
1747013461.1083634,12,4,210
1747013461.1443634,29,39,144
1747013461.1793633,49,95,140
1747013461.214363,-74,3,60
1747013461.2493634,99,55,2
1747013461.2853634,101,30,116
1747013461.3213634,-13,-51,72
1747013461.3563633,-3,36,82
1747013461.3923633,26,24,24
1747013461.4273634,75,23,222
1747013461.4623632,17,31,94
1747013461.497363,-37,-75,146
1747013461.533363,96,-10,50
1747013461.5693634,-31,38,-25
1747013461.6043634,36,-23,166
1747013461.6413634,8,22,-77
1747013461.6763637,-23,-10,126
1747013461.7123632,38,-2,-5
1747013461.747363,40,-40,96
1747013461.7823634,-7,-16,84
1747013461.8173633,6,27,16
1747013461.8533633,-12,-29,128
1747013461.8893633,-86,-65,64
1747013461.9243634,42,-25,36
1747013461.9603634,-3,-71,48
1747013461.9953637,-55,-1,170
1747013462.030363,70,-51,143
1747013462.0653634,-27,14,31
1747013462.1013634,20,-31,60
1747013462.1373634,-16,-48,95
1747013462.1723633,-5,10,192
1747013462.2083633,-31,-63,117
1747013462.2433634,37,-27,107
1747013462.2783637,-4,-9,169
1747013462.3143632,1,65,161
1747013462.349363,19,93,13
1747013462.385363,-102,-18,3
1747013462.4203634,103,43,59
1747013462.4563634,-38,105,-66
1747013462.4913633,-36,31,85
1747013462.5263634,-16,-10,118
1747013462.5623634,69,9,94
1747013462.5973637,-53,53,189
1747013462.6333632,-10,9,29
1747013462.668363,39,21,-38
1747013462.704363,-70,21,45
1747013462.7393634,-28,-2,167
1747013462.7743633,-30,-34,103
1747013462.8103633,-2,-96,221
1747013462.8453634,-18,-24,197
1747013462.8813634,-18,106,39
1747013462.9163637,20,73,123
1747013462.9523633,0,78,73
1747013462.987363,27,15,25
1747013463.0223634,-43,11,136
1747013463.0583634,76,41,104
1747013463.0933633,17,-36,96
1747013463.1293633,17,-26,280
1747013463.1643634,-64,31,26
1747013463.2003634,38,107,38
1747013463.2353632,36,13,84
1747013463.270363,-93,19,98
1747013463.306363,-72,60,88
1747013463.3413634,-8,8,28
1747013463.3773634,77,-54,104
1747013463.4123633,-42,33,70
1747013463.4483633,59,15,106
1747013463.4833634,69,45,132
1747013463.5183637,0,33,106
1747013463.5543633,-25,-36,136
1747013463.589363,-90,8,138
1747013463.625363,17,-30,82
1747013463.6603634,-12,5,60
1747013463.6963634,-13,30,76
1747013463.7313633,47,-24,116
1747013463.7663634,31,-68,120
1747013463.8023634,-86,97,28
1747013463.8373632,-30,-72,96
1747013463.8733633,15,85,170
1747013463.908363,1,-48,76
1747013463.9443634,-6,-43,160
1747013463.9803634,31,-3,-39
1747013464.0163634,29,-21,42
1747013464.0523634,35,-13,82
1747013464.0873632,-8,32,-57
1747013464.122363,-20,-47,0
1747013464.158363,-4,40,97
1747013464.1943634,27,58,77
1747013464.2293634,51,-41,161
1747013464.2653637,-18,15,-14
1747013464.3003633,81,-52,93
1747013464.3353634,37,1,154
1747013464.3703637,-24,25,0
1747013464.4063632,51,-29,1
1747013464.4423633,-6,-3,130
1747013464.477363,82,29,-81
1747013464.5133634,38,78,142
1747013464.5483634,-11,-24,22
1747013464.5833633,-49,-14,106
1747013464.6183634,30,-12,-15
1747013464.6543634,71,-93,98
1747013464.6903634,0,-23,100
1747013464.7253633,-55,5,22
1747013464.7613633,24,33,10
1747013464.7963634,59,-1,50
1747013464.8313634,6,-46,76
1747013464.8663633,-3,-44,146
1747013464.9023633,10,-66,54
1747013464.9383633,-9,25,118
1747013464.9733634,44,-50,90
1747013465.0093634,-22,-100,154
1747013465.0443633,-50,-61,-21
1747013465.079363,64,45,100
1747013465.1143634,-59,-46,88
1747013465.1503634,20,-46,46
1747013465.1863637,-41,43,22
1747013465.2213633,-57,-16,54
1747013465.257363,-2,70,-42
1747013465.2923634,41,-51,129
1747013465.3273633,29,-90,51
1747013465.362363,-80,-16,99
1747013465.3983634,-60,-34,-26
1747013465.4343634,45,19,-28
1747013465.4693637,21,-2,129
1747013465.5053637,13,-86,43
1747013465.5403633,-54,23,39
1747013465.5753634,37,51,179
1747013465.6103632,-18,54,89
1747013465.6463633,-92,-4,147
1747013465.6823633,60,32,61
1747013465.7173634,-21,-41,39
1747013465.7533634,34,-29,-30
1747013465.7883637,34,-47,33
1747013465.8233633,71,75,113
1747013465.8583634,75,23,43
1747013465.8943634,-28,15,117
1747013465.9303634,79,15,-78
1747013465.9653633,-18,47,71
1747013466.0013633,5,-56,213
1747013466.0363634,36,-89,-28
1747013466.0713634,-37,-23,35
1747013466.1063633,-23,-39,7
1747013466.1423633,56,-3,151
1747013466.178363,58,14,53
1747013466.2133634,-3,-9,27
1747013466.2493634,19,38,167
1747013466.2843633,-20,-97,111
1747013466.3193634,42,-2,141
1747013466.3543634,-6,-8,21
1747013466.3903637,-33,1,101
1747013466.4263637,-27,11,59
1747013466.4613633,-7,43,7
1747013466.497363,-33,-36,139
1747013466.5323634,-1,9,21
1747013466.5673633,-33,-17,49
1747013466.602363,-31,9,97
1747013466.6383634,19,22,93
1747013466.6743634,75,-41,97
1747013466.7093637,-16,10,27
1747013466.7453637,-22,-11,11
1747013466.780363,15,-35,81
1747013466.8153634,-26,20,-10
1747013466.8503633,-84,-77,149
1747013466.8863633,-33,-30,5
1747013466.9223633,32,67,111
1747013466.9573634,-35,27,121
1747013466.9933634,70,-28,89
1747013467.0283637,24,-6,138
1747013467.0633633,12,61,20
1747013467.0983634,-51,45,124
1747013467.1343634,-88,56,104
1747013467.1703634,-55,-30,82
1747013467.2053633,35,37,30
1747013467.2413633,7,-48,60
1747013467.283363,-32,-60,140
1747013467.3193634,-64,-16,0
1747013467.3553634,-59,17,54
1747013467.3903637,-19,-2,-25
1747013467.4263637,16,-52,20
1747013467.4613633,-47,1,136
1747013467.497363,44,-36,138
1747013467.5323634,-27,-46,54
1747013467.5673633,82,67,90
1747013467.6033633,0,37,206
1747013467.6383634,64,103,92
1747013467.6743634,60,37,-41
1747013467.7093637,82,26,80
1747013467.7453637,-25,2,166
1747013467.780363,62,-5,94
1747013467.8153634,7,44,-11
1747013467.8513634,-26,-5,130
1747013467.8863633,20,-29,96
1747013467.9223633,-2,5,16
1747013467.9573634,45,12,12
1747013467.9933634,8,31,24
1747013468.0283637,-77,-44,0
1747013468.0633633,110,71,34
1747013468.099363,74,11,58
1747013468.1343634,30,1,20
1747013468.1703634,10,65,-59
1747013468.2053633,36,13,-37
1747013468.2413633,48,3,202
1747013468.2763634,18,1,46
1747013468.3113637,24,-10,114
1747013468.3473637,30,-42,100
1747013468.382363,-1,-32,40
1747013468.418363,6,29,64
1747013468.4533634,-31,-6,54
1747013468.4893634,-34,35,88
1747013468.5243633,17,-9,104
1747013468.5593634,15,32,16
1747013468.5953634,135,-104,100
1747013468.6303637,91,-2,96
1747013468.6663637,3,13,122
1747013468.701363,-13,-23,42
1747013468.737363,-9,75,96
1747013468.7723634,-61,-78,112
1747013468.8073633,-17,-6,84
1747013468.8433633,22,35,184
1747013468.8783634,34,31,100
1747013468.9143634,-77,17,70
1747013468.9493637,24,29,124
1747013468.9843633,14,0,-21
1747013469.0193634,34,0,32
1747013469.0553634,-3,15,90
1747013469.0913634,-26,-32,-15
1747013469.1263633,-2,-6,164
1747013469.1623633,72,10,184
1747013469.1973634,42,12,24
1747013469.2323637,-3,-113,64
1747013469.2673633,-13,6,-23
1747013469.303363,82,-23,42
1747013469.339363,-23,16,-39
1747013469.3743634,14,10,66
1747013469.4103634,52,20,108
1747013469.4453633,72,68,-33
1747013469.4803634,-43,38,-1
1747013469.5153637,-13,-17,32
1747013469.5513637,-29,-23,168
1747013469.5873632,54,-49,82
1747013469.622363,68,-3,112
1747013469.658363,26,-5,12
1747013469.6933634,50,-27,94
1747013469.7283633,114,-19,90
1747013469.7633634,82,-1,70
1747013469.7993634,57,-53,74
1747013469.8353634,9,-41,154
1747013469.8703637,-36,2,48
1747013469.9063632,3,42,-19
1747013469.941363,47,-27,32
1747013469.9763634,74,75,68
1747013470.0113633,23,36,118
1747013470.0473633,1,-52,120
1747013470.0833633,-38,-14,38
1747013470.1183634,48,60,128
1747013470.1543634,0,-3,28
1747013470.1893632,56,20,70
1747013470.224363,-2,34,92
1747013470.2593634,-44,30,-31
1747013470.2953634,-42,-35,148
1747013470.3313634,68,30,100
1747013470.3663633,49,-19,132
1747013470.4023633,-62,-31,58
1747013470.4373634,-20,-93,14
1747013470.4723637,10,2,-7
1747013470.507363,-35,-99,82
1747013470.543363,0,50,0
1747013470.579363,58,-7,-7
1747013470.6143634,34,-72,72
1747013470.6503634,104,-42,-63
1747013470.6853633,78,53,14
1747013470.7203634,12,19,6
1747013470.7553637,16,-48,187
1747013470.7913637,-27,3,101
1747013470.8273633,24,-30,-84
1747013470.862363,9,32,127
1747013470.8983634,-18,-23,95
1747013470.9333634,-28,-53,53
1747013470.9683633,5,-93,67
1747013471.0033634,-75,53,38
1747013471.0393634,73,3,28
1747013471.0753634,25,-10,70
1747013471.1103632,-26,-18,84
1747013471.1463633,15,-22,74
1747013471.181363,-18,-12,38
1747013471.2163634,-44,19,52
1747013471.2513633,11,-64,70
1747013471.2873633,31,35,208
1747013471.3233633,17,0,194
1747013471.3583634,-12,109,90
1747013471.3943634,68,64,106
1747013471.4293633,14,-7,156
1747013471.464363,-27,-73,82
1747013471.4993634,-61,34,40
1747013471.5353634,30,2,60
1747013471.5713634,-33,48,140
1747013471.6063633,17,55,136
1747013471.6423633,91,15,8
1747013471.6773634,-30,-80,132
1747013471.7123632,8,-29,42
1747013471.747363,22,-43,60
1747013471.783363,-14,-2,22
1747013471.8193634,42,-17,109
1747013471.8543634,-90,27,-34
1747013471.8903637,-49,-11,63
1747013471.9253633,20,-15,147
1747013471.9603634,32,32,115
1747013471.9953637,46,32,109
1747013472.0313632,67,-64,66
1747013472.0673633,25,-20,16
1747013472.102363,21,-76,8
1747013472.1383634,-40,35,51
1747013472.1733634,37,-3,-22
1747013472.2083633,26,-14,167
1747013472.2433634,6,-20,39
1747013472.2793634,-3,4,111
1747013472.3153634,-27,14,55
1747013472.3503633,32,10,0
1747013472.3863633,36,-28,123
1747013472.4213634,8,-16,61
1747013472.4563634,48,-38,101
1747013472.4923637,-77,39,59
1747013472.5273633,100,-106,129
1747013472.5633633,36,9,117
1747013472.5983634,34,21,49
1747013472.6343634,28,-18,37
1747013472.6693633,-31,7,83
1747013472.704363,-2,40,81
1747013472.7403634,5,9,211
1747013472.7753634,17,-86,189
1747013472.8113637,-54,-20,31
1747013472.8463633,11,62,117
1747013472.882363,0,10,157
1747013472.9173634,-51,-34,59
1747013472.9523633,9,-45,99
1747013472.9883633,-59,45,93
1747013473.0233634,85,13,-74
1747013473.0593634,49,-26,173
1747013473.0943637,33,27,-18
1747013473.1303637,7,-32,53
1747013473.1653633,-2,-55,71
1747013473.2003634,-30,0,123
1747013473.2363634,37,7,1
1747013473.2713633,-52,-4,99
1747013473.3073633,6,22,73
1747013473.3423634,-2,-4,75
1747013473.3783634,-36,16,71
1747013473.4133637,11,34,53
1747013473.4483633,93,16,-46
1747013473.4843633,-42,65,47
1747013473.5193634,0,-70,23
1747013473.5553634,-72,-9,35
1747013473.5903633,7,53,113
1747013473.6263633,-34,29,-76
1747013473.6613634,25,-53,-116
1747013473.6963634,-8,15,-64
1747013473.7323637,21,-4,85
1747013473.7673633,53,-10,125
1747013473.803363,-53,-31,53
1747013473.8383634,8,-61,99
1747013473.8743634,88,0,17
1747013473.9093633,0,-21,67
1747013473.9443634,12,-23,61
1747013473.9803634,72,-25,209
1747013474.0153637,46,-73,-66
1747013474.0513637,-38,-65,107
1747013474.0863633,52,34,-114
1747013474.122363,-57,8,-26
1747013474.158363,-72,-40,87
1747013474.1943634,62,-33,40
1747013474.2303634,76,-45,87
1747013474.2653637,36,-1,180
1747013474.3003633,32,28,-14
1747013474.3363633,-19,66,-55
1747013474.372363,-60,34,2
1747013474.4073634,50,-45,70
1747013474.4433634,-10,20,-5
1747013474.4783633,-38,-27,64
1747013474.5133634,-24,-1,84
1747013474.5483634,20,75,-11
1747013474.5843637,-87,85,134
1747013474.6203637,-39,41,-17
1747013474.655363,-3,-16,-31
1747013474.691363,-11,-6,82
1747013474.7263634,42,-104,46
1747013474.7613633,28,6,148
1747013474.7963634,22,-15,8
1747013474.8323634,-113,-37,60
1747013474.8683634,37,27,-25
1747013474.9033637,29,-36,76
1747013474.9393632,-4,-80,-15
1747013474.974363,-22,45,-3
1747013475.0093634,-9,14,74
1747013475.0443633,-35,-33,44
1747013475.0803633,-97,-59,152
1747013475.1163633,-65,-49,2
1747013475.1513634,-17,56,-55
1747013475.1873634,0,14,66
1747013475.2223637,4,18,116
1747013475.257363,34,-1,64
1747013475.2923634,-29,-61,78
1747013475.3283634,-85,-71,-9
1747013475.3643634,-37,8,182
1747013475.3993633,-33,24,58
1747013475.4353633,22,6,76
1747013475.4703634,6,70,90
1747013475.5053637,-29,108,16
1747013475.5403633,0,-16,22
1747013475.576363,-26,-20,224
1747013475.612363,-31,10,126
1747013475.6473634,-9,-43,42
1747013475.6833634,10,4,188
1747013475.7183633,-25,66,124
1747013475.7533634,-13,-57,44
1747013475.7883637,-14,-8,78
1747013475.8243637,-13,16,100
1747013475.8603632,-38,-26,-23
1747013475.895363,-26,87,-3
1747013475.931363,1,9,178
1747013475.9663634,-24,1,98
1747013476.0013633,-72,3,28
1747013476.0363634,25,-54,180
1747013476.0723634,-22,-38,54
1747013476.1083634,-34,19,65
1747013476.1433637,-36,-4,-11
1747013476.1793633,-74,35,72
1747013476.214363,61,-34,89
1747013476.2493634,-18,-18,183
1747013476.2843633,27,12,29
1747013476.3203633,-50,30,23
1747013476.3563633,-44,-13,88
1747013476.3913634,25,94,-38
1747013476.4273634,-26,-32,117
1747013476.4623632,55,-94,60
1747013476.497363,-14,8,-4
1747013476.5323634,15,22,39
1747013476.5683634,-48,-17,-41
1747013476.6043634,-24,-5,80
1747013476.6393633,-32,-41,-25
1747013476.6753633,35,-27,80
1747013476.7103634,22,0,107
1747013476.7453637,54,56,-24
1747013476.780363,6,64,23
1747013476.816363,20,36,45
1747013476.852363,42,-45,-2
1747013476.8873634,36,-38,59
1747013476.9233634,-7,96,92
1747013476.9583633,-35,-28,3
1747013476.9933634,-9,-24,201
1747013477.0283637,-47,5,-9
1747013477.0643632,32,12,110
1747013477.1003633,-65,-17,230
1747013477.135363,80,-41,12
1747013477.1713634,-45,-2,124
1747013477.2063634,8,-9,84
1747013477.2413633,72,21,24
1747013477.2763634,-55,-45,164
1747013477.3193634,1,71,30
1747013477.3563633,15,53,146
1747013477.3913634,31,-36,136
1747013477.4273634,-44,19,117
1747013477.4623632,-80,71,11
1747013477.497363,11,67,127
1747013477.533363,-44,12,27
1747013477.5683634,61,34,81
1747013477.6043634,13,36,43
1747013477.6393633,93,0,30
1747013477.6753633,-36,-38,85
1747013477.7103634,47,48,-52
1747013477.7453637,0,17,44
1747013477.7813632,-26,3,-5
1747013477.816363,-4,-68,94
1747013477.852363,35,-62,146
1747013477.8873634,-100,-24,27
1747013477.9233634,41,11,30
1747013477.9583633,-16,-74,122
1747013477.9933634,-12,69,140
1747013478.0293634,-8,109,62
1747013478.0643632,-26,-26,18
1747013478.1003633,-46,-54,60
1747013478.135363,-5,-29,168
1747013478.1713634,20,18,50
1747013478.2063634,-1,-67,86
1747013478.2413633,22,-15,126
1747013478.2773633,28,-35,76
1747013478.3123634,38,14,22
1747013478.3483634,-29,8,78
1747013478.3833632,-13,18,160
1747013478.4193633,12,-11,148
1747013478.454363,-79,4,96
1747013478.4893634,1,27,119
1747013478.5253634,-7,20,35
1747013478.5603633,120,-71,-2
1747013478.5963633,46,28,69
1747013478.6313634,148,-5,-4
1747013478.6673634,-11,2,-36
1747013478.7023633,-29,0,150
1747013478.737363,-59,-35,-19
1747013478.7733634,1,-48,110
1747013478.8083634,19,-44,-7
1747013478.8443637,42,90,-3
1747013478.8793633,64,42,174
1747013478.9153633,72,-99,-11
1747013478.9503634,10,58,128
1747013478.9853632,18,18,38
1747013479.0213633,-26,53,226
1747013479.056363,25,-6,-5
1747013479.0923634,-20,23,-13
1747013479.1273634,-58,-26,114
1747013479.1633637,-4,9,80
1747013479.1983633,29,3,118
1747013479.2333634,49,1,80
1747013479.2693634,-16,11,90
1747013479.3043633,67,-12,130
1747013479.3403633,113,3,97
1747013479.375363,-33,2,121
1747013479.4103634,2,-19,105
1747013479.4453633,28,-1,129
1747013479.4813633,-50,33,75
1747013479.5173633,13,34,25
1747013479.5523634,57,67,33
1747013479.5883634,-2,-18,91
1747013479.6233633,13,-70,131
1747013479.658363,-14,42,99
1747013479.6933634,23,-32,-6
1747013479.7293634,9,7,95
1747013479.7653637,17,7,-6
1747013479.8003633,-66,7,-24
1747013479.8363633,-24,13,-25
1747013479.8713634,-14,43,66
1747013479.9063632,31,39,44
1747013479.941363,21,1,37
1747013479.977363,-52,27,159
1747013480.0133634,91,31,7
1747013480.0483634,41,-36,69
1747013480.0843637,91,47,95
1747013480.1193633,23,39,7
1747013480.1543634,-22,79,107
1747013480.1893632,-34,-15,265
1747013480.2253633,-11,153,99
1747013480.2613633,22,-60,173
1747013480.2963634,7,8,115
1747013480.3323634,-58,-49,71
1747013480.3673637,40,30,73
1747013480.4023633,-5,-43,115
1747013480.4373634,-55,28,1
1747013480.4733634,-29,-29,51
1747013480.5093634,-65,-69,99
1747013480.5443633,20,6,-30
1747013480.5803633,8,80,75
1747013480.6153634,-3,-41,-6
1747013480.6503634,38,42,71
1747013480.6853633,7,22,-14
1747013480.7213633,-39,54,-46
1747013480.757363,-27,64,37
1747013480.7923634,52,92,59
1747013480.8283634,0,-39,35
1747013480.8633633,58,-111,115
1747013480.8983634,-1,-9,263
1747013480.9333634,-1,-9,47
1747013480.9693637,-11,-17,103
1747013481.0053637,56,-43,63
1747013481.0403633,-33,-57,95
1747013481.076363,25,85,59
1747013481.1113634,25,14,-36
1747013481.1463633,-30,18,147
1747013481.181363,9,20,119
1747013481.2173634,-108,-40,31
1747013481.2533634,41,-3,3
1747013481.2883637,-7,13,73
1747013481.3243637,41,-33,95
1747013481.3593633,44,-48,1
1747013481.3943634,4,37,7
1747013481.4293633,26,13,-24
1747013481.4653633,-91,-60,95
1747013481.5013633,110,41,-8
1747013481.5363634,10,13,91
1747013481.5723634,32,17,75
1747013481.6073637,82,20,21
1747013481.6423633,52,3,13
1747013481.6773634,20,-13,63
1747013481.7133634,8,-5,117
1747013481.7493634,-13,-21,117
1747013481.7843633,-7,-15,63
1747013481.8203633,7,-86,51
1747013481.8553634,23,-5,77
1747013481.8903637,-47,-52,9
1747013481.9253633,-15,33,11
1747013481.9613633,-13,-30,79
1747013481.997363,-38,-38,-12
1747013482.0323634,6,67,-2
1747013482.0683634,-19,19,150
1747013482.1033633,34,35,98
1747013482.1383634,72,9,138
1747013482.1733634,59,52,66
1747013482.2093637,5,-25,-11
1747013482.2453637,-38,21,96
1747013482.280363,-82,-23,106
1747013482.316363,-20,65,34
1747013482.3513634,-54,13,48
1747013482.3863633,-10,3,82
1747013482.4213634,9,9,44
1747013482.4573634,-46,26,20
1747013482.4933634,83,79,66
1747013482.5283637,13,13,-5
1747013482.5643632,-4,11,56
1747013482.599363,53,21,48
1747013482.6343634,-32,13,36
1747013482.6703634,-54,16,36
1747013482.7053633,21,73,82
1747013482.7413633,44,23,22
1747013482.7763634,38,-44,176
1747013482.8123634,-19,9,112
1747013482.8473637,-1,12,-35
1747013482.882363,-5,-17,88
1747013482.918363,2,-63,54
1747013482.9533634,80,-27,170
1747013482.9893634,4,-31,10
1747013483.0243633,116,-55,194
1747013483.0603633,34,-5,-5
1747013483.0953634,-32,17,10
1747013483.1303637,3,-56,-45
1747013483.1663637,-11,8,120
1747013483.201363,12,-7,178
1747013483.237363,-67,-21,74
1747013483.2723634,16,2,74
1747013483.3083634,-13,24,78
1747013483.3433633,20,97,12
1747013483.3783634,42,1,66
1747013483.4143634,-53,1,34
1747013483.4493637,82,80,136
1747013483.4853632,78,-21,116
1747013483.520363,73,51,30
1747013483.556363,27,-18,106
1747013483.5913634,44,61,40
1747013483.6263633,-10,-53,136
1747013483.6623633,-18,-7,-39
1747013483.6973634,-88,-7,196
1747013483.7333634,-44,36,56
1747013483.7683637,-23,14,132
1747013483.8043633,39,-13,46
1747013483.839363,59,22,1
1747013483.8743634,11,-67,126
1747013483.9103634,-1,-25,129
1747013483.9453633,-34,-31,113
1747013483.9813633,-73,-11,18
1747013484.0163634,42,-3,152
1747013484.0523634,-20,-27,-21
1747013484.0873632,-27,52,42
1747013484.122363,-6,-20,98
1747013484.158363,13,51,98
1747013484.1933634,75,-26,78
1747013484.2293634,31,13,68
1747013484.2643633,23,1,142
1747013484.3003633,7,5,29
1747013484.3363633,-68,47,99
1747013484.372363,-12,-38,137
1747013484.408363,-72,1,79
1747013484.4433634,37,-32,97
1747013484.4783633,2,-40,-48
1747013484.5143633,21,17,53
1747013484.5503633,-18,23,-2
1747013484.5853634,11,-10,110
1747013484.6213634,43,7,89
1747013484.6563632,27,-50,142
1747013484.691363,7,-2,48
1747013484.7263634,50,-17,-19
1747013484.7623634,-3,-25,88
1747013484.7983634,-41,14,91
1747013484.8333633,30,10,73
1747013484.8693633,27,-49,43
1747013484.9043634,-10,34,98
1747013484.9393632,-72,-15,190
1747013484.974363,15,28,100
1747013485.010363,-6,-7,120
1747013485.0463634,-35,19,108
1747013485.0813634,20,19,52
1747013485.1173637,-10,-35,104
1747013485.1523633,-31,-82,56
1747013485.1873634,-6,-21,180
1747013485.2223637,-2,54,38
1747013485.2583632,11,-15,-101
1747013485.2943633,37,-32,232
1747013485.329363,17,73,80
1747013485.3653634,15,-56,76
1747013485.4003634,-40,73,70
1747013485.4353633,50,-7,64
1747013485.4703634,-103,8,32
1747013485.5063634,46,-25,132
1747013485.5423634,50,0,16
1747013485.5773633,14,22,-25
1747013485.6133633,80,34,132
1747013485.6483634,17,-37,-55
1747013485.6833634,-14,-21,84
1747013485.7183633,37,-17,68
1747013485.7543633,105,38,109
1747013485.7903633,20,-67,-20
1747013485.8253634,18,-25,80
1747013485.8613634,6,-23,72
1747013485.8963633,29,-38,133
1747013485.931363,31,67,133
1747013485.9663634,-24,-34,67
1747013486.0023634,7,-48,51
1747013486.0383637,24,2,225
1747013486.0733633,-49,-9,125
1747013486.1093633,-129,-129,87
1747013486.1443634,-27,12,29
1747013486.1793633,12,38,37
1747013486.214363,69,-93,0
1747013486.250363,-36,10,51
1747013486.2863634,-14,-109,103
1747013486.3213634,-53,17,105
1747013486.3573637,-22,38,-20
1747013486.3923633,45,16,81
1747013486.4273634,20,10,75
1747013486.4623632,-26,16,97
1747013486.4983633,-3,0,93
1747013486.5343633,32,30,84
1747013486.5693634,-96,-36,-26
1747013486.6053634,10,26,33
1747013486.6403637,-77,10,57
1747013486.6753633,-38,-30,119
1747013486.7103634,-36,59,5
1747013486.7463634,27,-54,179
1747013486.7823634,5,31,26
1747013486.8173633,15,35,52
1747013486.8533633,5,-46,22
1747013486.8883634,-7,-19,34
1747013486.9233634,14,-29,32
1747013486.9583633,-47,54,96
1747013486.9943633,56,36,140
1747013487.030363,0,34,52
1747013487.0653634,24,48,55
1747013487.1013634,-43,-7,102
1747013487.1363633,73,-19,62
1747013487.1713634,40,44,64
1747013487.2063634,-5,12,80
1747013487.2423637,-25,-45,66
1747013487.2783637,-33,-3,156
1747013487.3203633,35,22,40
1747013487.3573637,-4,-15,60
1747013487.3923633,-84,38,96
1747013487.4273634,-8,-55,-61
1747013487.4623632,-4,8,96
1747013487.4983633,0,-55,222
1747013487.5343633,1,46,121
1747013487.5693634,-15,33,139
1747013487.6053634,-4,30,157
1747013487.6403637,-25,-70,159
1747013487.6753633,40,-58,81
1747013487.7113633,-19,-16,-24
1747013487.7463634,-23,49,10
1747013487.7823634,0,39,22
1747013487.8173633,-2,18,104
1747013487.8533633,85,36,78
1747013487.8883634,-74,-85,-2
1747013487.9233634,-60,-63,51
1747013487.9593637,47,-43,69
1747013487.9943633,-12,-11,57
1747013488.030363,-52,-25,35
1747013488.0653634,24,16,163
1747013488.1013634,-4,6,85
1747013488.1363633,43,-37,47
1747013488.1713634,65,-13,139
1747013488.2073634,-54,18,-10
1747013488.2423637,3,46,61
1747013488.2783637,11,-57,159
1747013488.3133633,-64,5,127
1747013488.349363,-44,7,23
1747013488.3843634,17,-26,92
1747013488.4193633,25,34,-23
1747013488.4553633,36,45,84
1747013488.4903634,66,43,-67
1747013488.5263634,48,-12,135
1747013488.5613637,20,67,45
1747013488.5973637,0,11,89
1747013488.632363,50,13,37
1747013488.6673634,51,29,110
1747013488.7033634,-39,44,114
1747013488.7383633,13,-18,-10
1747013488.7743633,-34,-4,64
1747013488.8093634,17,25,60
1747013488.8453634,27,-10,-24
1747013488.8803637,17,31,-49
1747013488.9153633,-31,6,32
1747013488.951363,-2,26,-27
1747013488.9863634,11,-32,66
1747013489.0223634,22,26,28
1747013489.0573633,2,16,102
1747013489.0933633,48,48,124
1747013489.1283634,-52,84,-15
1747013489.1633637,-9,66,174
1747013489.1993637,-19,-89,163
1747013489.2343633,50,42,128
1747013489.270363,-37,16,130
1747013489.3053634,40,23,68
1747013489.3413634,-7,14,-29
1747013489.3763633,4,-27,78
1747013489.4113634,-3,102,140
1747013489.4473634,-7,-47,146
1747013489.4823637,26,0,3
1747013489.5183637,120,-33,119
1747013489.553363,17,-23,29
1747013489.5883634,57,-9,95
1747013489.6233633,-30,7,-28
1747013489.6593633,-52,-44,103
1747013489.6953633,25,25,-14
1747013489.7303634,47,-18,173
1747013489.7663634,-28,-33,105
1747013489.8013637,-32,40,17
1747013489.8363633,-22,-11,57
1747013489.8713634,-108,46,47
1747013489.9073634,61,20,171
1747013489.9433634,49,-43,137
1747013489.9783633,-80,90,7
1747013490.0143633,5,-38,61
1747013490.0493634,15,-14,61
1747013490.0843637,-38,-20,81
1747013490.1193633,17,-30,25
1747013490.155363,-32,-10,-8
1747013490.191363,-80,-6,59
1747013490.2263634,-6,37,75
1747013490.2623634,-24,-11,93
1747013490.2973633,71,-61,69
1747013490.3323634,25,3,91
1747013490.3673637,-62,30,15
1747013490.4033637,-28,-55,15
1747013490.4393632,23,-13,81
1747013490.474363,-6,52,61
1747013490.510363,-44,34,29
1747013490.5453634,-26,-1,171
1747013490.5803633,-6,42,133
1747013490.6153634,27,10,157
1747013490.6513634,-16,-5,123
1747013490.6873634,47,56,11
1747013490.7223637,-14,5,91
1747013490.7583632,-32,-2,-36
1747013490.793363,-8,-16,71
1747013490.8283634,61,-34,33
1747013490.8633633,51,35,107
1747013490.8993633,-25,5,15
1747013490.9353633,-15,-10,5
1747013490.9703634,62,7,185
1747013491.0063634,31,56,111
1747013491.0413637,36,8,21
1747013491.076363,-15,-25,17
1747013491.1113634,-4,-43,55
1747013491.1473634,-7,-47,35
1747013491.1833634,82,-55,79
1747013491.2183633,-19,-17,89
1747013491.2543633,-9,-33,67
1747013491.2893634,-23,22,199
1747013491.3243637,-22,11,71
1747013491.3593633,-50,-4,129
1747013491.395363,14,-1,26
1747013491.431363,-16,-38,-21
1747013491.4663634,-92,-30,70
1747013491.5023634,57,-42,116
1747013491.5373633,18,-49,-7
1747013491.5723634,42,-23,68
1747013491.6073637,35,75,-1
1747013491.6433637,53,-50,84
1747013491.6793633,-2,-48,18
1747013491.714363,-49,-103,54
1747013491.750363,-9,12,114
1747013491.7853634,6,26,56
1747013491.8203633,14,-39,44
1747013491.8553634,-1,42,40
1747013491.8913634,-23,-7,66
1747013491.9273634,-21,6,144
1747013491.9623632,20,-1,82
1747013491.9983633,-27,130,30
1747013492.033363,-54,7,-19
1747013492.0683634,-34,-38,52
1747013492.1033633,-14,-54,172
1747013492.1393633,44,16,62
1747013492.1753633,91,-60,124
1747013492.2103634,57,-6,114
1747013492.2463634,15,49,40
1747013492.2813632,-32,43,-7
1747013492.316363,63,57,152
1747013492.3513634,75,-68,-1
1747013492.3873634,67,-4,108
1747013492.4233634,-6,-10,132
1747013492.4583633,-52,19,86
1747013492.4943633,-40,-32,64
1747013492.5293634,1,-50,24
1747013492.5643632,-19,36,134
1747013492.599363,29,-90,0
1747013492.635363,-54,-6,104
1747013492.6713634,48,100,118
1747013492.7063634,0,-57,8
1747013492.7423637,-37,-3,76
1747013492.7773633,8,-3,52
1747013492.8123634,18,20,-33
1747013492.8483634,4,18,-25
1747013492.8833632,-80,-60,122
1747013492.9193633,43,-6,176
1747013492.954363,21,47,166
1747013492.9903634,47,-66,96
1747013493.0253634,17,21,6
1747013493.0603633,131,-45,58
1747013493.0963633,5,25,122
1747013493.1313634,-8,-32,-45
1747013493.1673634,-40,17,28
1747013493.2023633,53,-14,4
1747013493.2383633,-8,57,34
1747013493.2733634,-10,5,132
1747013493.3083634,71,31,28
1747013493.3443637,104,62,148
1747013493.3793633,-4,-26,86
1747013493.4153633,43,63,38
1747013493.4503634,-10,4,24
1747013493.4863634,15,10,170
1747013493.5213633,-74,-62,70
1747013493.556363,27,-18,116
1747013493.5923634,-78,61,-35
1747013493.6273634,-44,-26,-36
1747013493.6633637,-5,30,91
1747013493.6983633,6,106,33
1747013493.7343633,69,23,-23
1747013493.7693634,-54,-42,-21
1747013493.8043633,-62,-8,50
1747013493.8403633,15,45,236
1747013493.875363,51,17,114
1747013493.9113634,93,19,26
1747013493.9463634,-28,2,172
1747013493.9823637,28,16,52
1747013494.0173633,14,4,102
1747013494.0523634,-3,0,6
1747013494.0883634,-81,-5,19
1747013494.1233633,38,-89,-42
1747013494.1593633,-5,-11,63
1747013494.1943634,40,-9,107
1747013494.2303634,-81,-27,111
1747013494.2653637,14,-13,-12
1747013494.3003633,-39,68,106
1747013494.3363633,64,-19,30
1747013494.3713634,10,-37,70
1747013494.4073634,12,28,-23
1747013494.4423633,-97,-39,96
1747013494.4783633,-16,-55,54
1747013494.5143633,22,-45,-23
1747013494.5503633,18,41,206
1747013494.5863633,-73,-19,96
1747013494.6213634,-25,-31,88
1747013494.6563632,74,-75,-167
1747013494.6923633,72,-7,9
1747013494.7283633,47,24,-78
1747013494.7633634,32,9,115
1747013494.7993634,-5,43,163
1747013494.8343637,43,-38,-22
1747013494.8693633,-34,39,45
1747013494.9043634,-20,29,47
1747013494.9403634,-47,-16,-10
1747013494.9763634,-16,-20,53
1747013495.0113633,-72,73,73
1747013495.0473633,-90,51,41
1747013495.0823634,29,-46,-16
1747013495.1173637,32,-44,61
1747013495.1523633,43,29,97
1747013495.1883633,29,-28,57
1747013495.224363,47,-10,223
1747013495.2593634,45,-45,51
1747013495.2953634,77,-24,137
1747013495.3303633,41,49,-54
1747013495.3653634,31,5,71
1747013495.4003634,35,-2,175
1747013495.4363637,21,27,-36
1747013495.4723637,-17,-30,-34
1747013495.507363,2,-12,57
1747013495.543363,-15,61,-6
1747013495.5783634,-25,11,-2
1747013495.6133633,34,-28,125
1747013495.6483634,60,-10,169
1747013495.6843634,0,-2,107
1747013495.7203634,-39,-48,99
1747013495.7553637,13,-75,31
1747013495.7913637,-21,-28,21
1747013495.826363,36,55,-92
1747013495.8613634,-48,-51,75
1747013495.8963633,-41,-8,79
1747013495.9323633,-18,18,43
1747013495.9683633,42,-4,53
1747013496.0033634,8,-16,29
1747013496.0393634,-3,65,83
1747013496.0743637,-21,-6,29
1747013496.1093633,64,35,23
1747013496.1443634,38,11,89
1747013496.1803634,-15,11,185
1747013496.2163634,4,-35,63
1747013496.2513633,28,94,145
1747013496.2873633,-7,-38,59
1747013496.3223634,-83,3,137
1747013496.3573637,-29,-51,129
1747013496.3923633,20,86,153
1747013496.428363,-17,28,25
1747013496.464363,59,-46,33
1747013496.4993634,-21,16,77
1747013496.5353634,-13,34,145
1747013496.5703633,-13,14,47
1747013496.6053634,-98,87,113
1747013496.6403637,-22,-44,117
1747013496.6763637,-15,-49,53
1747013496.7123632,57,-14,159
1747013496.747363,14,-5,51
1747013496.783363,8,-13,125
1747013496.8183634,-23,-37,91
1747013496.8533633,-17,-33,-42
1747013496.8883634,-70,-7,27
1747013496.9243634,25,-41,1
1747013496.9603634,-6,29,93
1747013496.9953637,66,12,-18
1747013497.0313632,39,33,87
1747013497.066363,-96,31,83
1747013497.1013634,-52,25,71
1747013497.1363633,63,-30,47
1747013497.1723633,-24,-8,133
1747013497.2083633,-10,51,119
1747013497.2433634,1,3,-34
1747013497.2793634,3,5,87
1747013497.3213634,-46,11,109
1747013497.3573637,27,59,-14
1747013497.3923633,-101,1,1
1747013497.428363,45,25,93
1747013497.464363,-18,-25,117
1747013497.4993634,65,-13,-18
1747013497.5353634,87,58,-6
1747013497.5703633,45,-51,85
1747013497.6053634,45,-5,51
1747013497.6403637,-8,-18,117
1747013497.6763637,-6,-50,133
1747013497.7123632,-36,85,61
1747013497.747363,67,0,163
1747013497.783363,-23,39,73
1747013497.8183634,16,-34,147
1747013497.8533633,-15,-28,-16
1747013497.8893633,-4,29,125
1747013497.9243634,31,41,137
1747013497.9603634,-66,-40,19
1747013497.9953637,-27,0,53
1747013498.0313632,10,-20,-54
1747013498.066363,64,3,-42
1747013498.1013634,30,5,97
1747013498.1373634,-22,-82,-28
1747013498.1723633,-16,-4,81
1747013498.2083633,50,-56,45
1747013498.2433634,-17,51,43
1747013498.2793634,53,33,7
1747013498.3143632,71,-52,133
1747013498.349363,-4,45,63
1747013498.385363,79,-81,171
1747013498.4203634,15,26,71
1747013498.4563634,65,38,99
1747013498.4913633,-62,8,-14
1747013498.5273633,81,2,11
1747013498.5623634,18,-5,3
1747013498.5973637,0,55,163
1747013498.6333632,-73,-67,113
1747013498.668363,63,18,29
1747013498.704363,22,14,95
1747013498.7393634,0,-39,123
1747013498.7753634,-38,-23,63
1747013498.8103633,-120,-27,-34
1747013498.8453634,-44,-77,-116
1747013498.8813634,-20,-103,75
1747013498.9163637,-5,32,-30
1747013498.9523633,55,-37,139
1747013498.987363,-16,-89,113
1747013499.0233634,-16,12,67
1747013499.0583634,-85,-27,-26
1747013499.0933633,-51,-45,93
1747013499.1293633,3,36,95
1747013499.1643634,33,-39,47
1747013499.2003634,-28,24,153
1747013499.2353632,31,-21,133
1747013499.2713633,-8,50,117
1747013499.306363,-82,-105,69
1747013499.3413634,-47,-42,117
1747013499.3773634,96,-54,37
1747013499.4123633,96,13,99
1747013499.4483633,16,1,63
1747013499.4833634,-9,0,109
1747013499.5193634,-26,-53,61
1747013499.5543633,-30,-37,99
1747013499.589363,-47,-36,125
1747013499.625363,-23,-58,-8
1747013499.6603634,-17,-20,99
1747013499.6963634,4,5,113
1747013499.7313633,-44,8,153
1747013499.7663634,-81,-98,39
1747013499.8013637,44,-60,43
1747013499.8373632,9,-29,9
1747013499.8733633,-13,15,119
1747013499.908363,49,20,109
1747013499.9443634,16,13,-14
1747013499.9793634,-28,-1,39
1747013500.0143633,61,26,37
1747013500.0493634,-92,61,23
1747013500.0853634,19,74,45
1747013500.1213634,1,18,37
1747013500.1563632,17,0,75
1747013500.1923633,-18,-35,101
1747013500.227363,-16,-47,159
1747013500.2623634,57,14,53
1747013500.2973633,3,-28,147
1747013500.3333633,97,-60,15
1747013500.3693633,-48,-104,151
1747013500.4043634,90,-69,97
1747013500.4403634,22,-35,23
1747013500.4753633,-41,-51,33
1747013500.510363,58,-21,87
1747013500.5453634,-2,-27,89
1747013500.5813634,-50,12,-40
1747013500.6173637,23,-25,97
1747013500.6523633,3,-63,-38
1747013500.6883633,47,-1,61
1747013500.7233634,99,-15,113
1747013500.7583632,58,10,103
1747013500.793363,-3,0,55
1747013500.829363,-4,35,61
1747013500.8653634,51,-2,27
1747013500.9003634,-47,-35,7
1747013500.9363637,11,69,67
1747013500.9713633,-15,38,79
1747013501.0063634,-18,69,67
1747013501.0413637,15,27,149
1747013501.0773633,14,30,-10
1747013501.1133633,-25,-11,217
1747013501.1483634,22,12,41
1747013501.1843634,-25,-4,43
1747013501.2193637,38,30,75
1747013501.2543633,6,-25,123
1747013501.2893634,-37,-77,-38
1747013501.3253634,-11,46,-58
1747013501.3613634,38,50,87
1747013501.3963633,45,-7,23
1747013501.4323633,-63,-61,125
1747013501.4673634,39,12,29
1747013501.5023634,-35,-37,53
1747013501.5373633,22,68,201
1747013501.5733633,12,-37,9
1747013501.6093633,2,-37,47
1747013501.6443634,-25,-45,125
1747013501.6803634,-8,92,181
1747013501.7153633,-98,20,-8
1747013501.750363,-2,-33,99
1747013501.7853634,0,-31,-50
1747013501.8213634,7,10,159
1747013501.8573637,47,-21,35
1747013501.8923633,21,-43,31
1747013501.928363,17,109,97
1747013501.9633634,17,0,-2
1747013501.9983633,-26,79,51
1747013502.033363,-8,-24,101
1747013502.0693634,30,23,89
1747013502.1053634,-38,35,-6
1747013502.1403637,13,63,141
1747013502.1763637,-14,3,15
1747013502.2113633,0,13,-10
1747013502.2463634,-80,45,-74
1747013502.2813632,53,-24,65
1747013502.3173633,-13,0,113
1747013502.3533633,30,19,77
1747013502.3883634,-34,49,27
1747013502.4243634,-54,-46,15
1747013502.4593637,-27,-64,87
1747013502.4943633,2,-68,-4
1747013502.5293634,39,17,41
1747013502.5653634,21,67,-38
1747013502.6013634,26,61,-2
1747013502.6363633,54,17,63
1747013502.6723633,56,-40,-10
1747013502.7073634,0,-28,-80
1747013502.7423637,78,51,49
1747013502.7773633,-9,23,85
1747013502.8133633,54,-52,45
1747013502.849363,-30,24,3
1747013502.8843634,21,40,141
1747013502.9203634,115,38,145
1747013502.9553633,-16,9,65
1747013502.9903634,-20,-2,105
1747013503.0263634,17,31,71
1747013503.0613637,-16,26,147
1747013503.0973637,0,-61,85
1747013503.132363,-6,37,199
1747013503.168363,-14,-32,-18
1747013503.2033634,-26,79,139
1747013503.2383633,53,40,159
1747013503.2743633,-20,80,69
1747013503.3093634,30,24,-50
1747013503.3453634,50,5,63
1747013503.3803637,8,-2,157
1747013503.4163637,34,-50,65
1747013503.451363,24,21,49
1747013503.4863634,2,-44,73
1747013503.5223634,37,-23,119
1747013503.5573633,75,10,119
1747013503.5933633,62,-14,163
1747013503.6283634,-1,-27,39
1747013503.6643634,-75,-13,29
1747013503.6993637,46,-25,135
1747013503.7343633,64,-99,25
1747013503.770363,54,-57,115
1747013503.8053634,-7,-25,113
1747013503.8413634,-55,6,33
1747013503.8763633,-11,-78,95
1747013503.9123633,110,2,91
1747013503.9473634,90,-17,-12
1747013503.9823637,17,48,117
1747013504.0183637,-8,20,33
1747013504.053363,41,68,63
1747013504.089363,-59,-11,-10
1747013504.1243634,-52,38,151
1747013504.1603634,43,16,119
1747013504.1953633,55,-51,37
1747013504.2303634,27,-13,99
1747013504.2663634,10,0,115
1747013504.3013637,66,-5,85
1747013504.3373632,25,4,125
1747013504.372363,27,39,65
1747013504.4073634,-28,55,121
1747013504.4423633,-56,-108,149
1747013504.4783633,-18,31,157
1747013504.5143633,21,71,49
1747013504.5493634,3,-46,51
1747013504.5853634,-20,-44,17
1747013504.6203637,11,75,53
1747013504.6563632,6,78,63
1747013504.691363,22,12,131
1747013504.7263634,-66,21,55
1747013504.7623634,-61,0,33
1747013504.7973633,58,-33,51
1747013504.8333633,-1,-3,7
1747013504.8683634,88,18,167
1747013504.9033637,-67,25,133
1747013504.9383633,16,74,-22
1747013504.974363,-1,13,109
1747013505.010363,10,-71,61
1747013505.0453634,88,-7,-108
1747013505.0813634,-11,-51,57
1747013505.1163633,22,5,141
1747013505.1513634,-29,5,57
1747013505.1863637,74,-14,151
1747013505.2223637,28,-130,-60
1747013505.2583632,-63,29,143
1747013505.293363,-59,-2,37
1747013505.329363,23,17,-40
1747013505.3643634,-4,-82,33
1747013505.3993633,41,35,-14
1747013505.4343634,-50,-5,61
1747013505.4703634,41,59,165
1747013505.5063634,-2,-43,-36
1747013505.5413637,-25,37,-50
1747013505.5773633,40,73,47
1747013505.612363,10,-50,135
1747013505.6473634,-27,25,42
1747013505.6823633,0,-1,122
1747013505.7183633,-54,50,62
1747013505.7543633,59,44,44
1747013505.7893634,13,-39,174
1747013505.8253634,-7,-19,97
1747013505.8603632,-70,-5,-39
1747013505.895363,83,-26,74
1747013505.9303634,-64,-4,48
1747013505.9663634,-44,23,150
1747013506.0023634,-18,45,6
1747013506.0373633,-20,21,6
1747013506.0733633,-42,21,56
1747013506.1083634,64,-16,-21
1747013506.1433637,22,35,128
1747013506.178363,10,-41,146
1747013506.214363,38,26,30
1747013506.250363,-50,9,34
1747013506.2853634,-11,-5,154
1747013506.3213634,48,-41,86
1747013506.3563633,-21,8,134
1747013506.3913634,39,-92,134
1747013506.4263637,-26,41,72
1747013506.4623632,-12,-78,-13
1747013506.4983633,-44,-22,18
1747013506.533363,-42,-64,153
1747013506.5693634,-2,53,-20
1747013506.6043634,49,-30,97
1747013506.6393633,41,-33,107
1747013506.6743634,-73,29,-10
1747013506.7103634,-5,-58,100
1747013506.7463634,2,-21,28
1747013506.7813632,101,-8,66
1747013506.8173633,3,83,28
1747013506.852363,121,107,120
1747013506.8873634,-6,-14,96
1747013506.9223633,49,-42,0
1747013506.9583633,-12,-24,-1
1747013506.9943633,9,75,196
1747013507.0293634,-31,-27,58
1747013507.0653634,-2,23,54
1747013507.1003633,11,37,164
1747013507.135363,-16,-18,16
1747013507.1703634,88,-6,0
1747013507.2063634,-65,17,98
1747013507.2423637,1,-2,-5
1747013507.2773633,27,-32,150
1747013507.3133633,147,33,96
1747013507.3553634,-58,-6,-3
1747013507.3913634,0,-28,148
1747013507.4263637,-20,-76,-51
1747013507.4623632,32,28,60
1747013507.4983633,15,3,60
1747013507.533363,-66,-48,132
1747013507.5693634,118,10,140
1747013507.6043634,17,65,74
1747013507.6393633,-49,-9,-29
1747013507.6743634,0,4,100
1747013507.7103634,18,-27,82
1747013507.7463634,40,-39,64
1747013507.7813632,-47,16,136
1747013507.8173633,51,27,-9
1747013507.852363,-31,14,122
1747013507.8873634,63,49,96
1747013507.9223633,-16,35,150
1747013507.9583633,6,32,82
1747013507.9943633,-3,28,50
1747013508.0293634,-49,-32,-50
1747013508.0653634,14,-19,132
1747013508.1003633,-75,-109,14
1747013508.135363,18,-45,152
1747013508.1713634,28,38,178
1747013508.2063634,20,-19,178
1747013508.2423637,-20,1,48
1747013508.2773633,-17,83,100
1747013508.3133633,-41,49,-27
1747013508.3483634,30,24,92
1747013508.3833632,36,82,-25
1747013508.4193633,-67,-40,64
1747013508.454363,76,31,24
1747013508.4903634,20,35,80
1747013508.5253634,6,-38,136
1747013508.5613637,116,39,110
1747013508.5963633,-35,-28,-7
1747013508.6313634,-35,3,16
1747013508.6673634,-48,1,16
1747013508.7023633,57,67,70
1747013508.7383633,61,45,14
1747013508.7733634,8,0,174
1747013508.8093634,98,-90,124
1747013508.8443637,30,34,112
1747013508.8793633,46,2,96
1747013508.9153633,-15,-27,56
1747013508.9503634,-7,-37,86
1747013508.9863634,30,-32,108
1747013509.0213633,-7,-11,162
1747013509.0573633,29,-10,98
1747013509.0923634,49,-26,44
1747013509.1273634,31,10,188
1747013509.1633637,29,46,90
1747013509.1983633,-8,-91,36
1747013509.2343633,9,-13,-59
1747013509.2693634,-48,-8,-13
1747013509.3053634,27,14,112
1747013509.3403633,0,26,-9
1747013509.375363,25,-58,42
1747013509.4113634,-32,-4,-77
1747013509.4463634,53,-44,-35
1747013509.4823637,-8,56,58
1747013509.5173633,-14,0,8
1747013509.553363,39,-14,58
1747013509.5883634,-50,-56,-23
1747013509.6233633,5,-27,216
1747013509.6593633,-30,36,76
1747013509.6943634,-32,46,-131
1747013509.7303634,-21,28,234
1747013509.7653637,5,26,48
1747013509.8013637,27,-26,144
1747013509.8373632,15,105,74
1747013509.872363,3,36,64
1747013509.9073634,-80,6,-13
1747013509.9433634,21,22,38
1747013509.9793634,-5,-18,134
1747013510.0143633,-15,-64,-9
1747013510.0503633,104,13,-14
1747013510.0853634,28,-16,94
1747013510.1203637,-27,17,4
1747013510.155363,42,-18,11
1747013510.191363,31,-18,11
1747013510.227363,53,19,37
1747013510.2623634,22,-83,89
1747013510.2983634,46,-27,67
1747013510.3333633,34,66,105
1747013510.3683634,14,60,99
1747013510.4033637,28,80,132
1747013510.4393632,24,14,157
1747013510.4753633,8,12,172
1747013510.510363,30,8,24
1747013510.5463634,48,-18,168
1747013510.5813634,1,10,12
1747013510.6163633,-14,11,218
1747013510.6513634,-42,-62,200
1747013510.6873634,-100,9,130
1747013510.7233634,-20,-14,123
1747013510.7583632,53,39,107
1747013510.7943633,-38,45,185
1747013510.829363,47,-40,11
1747013510.8643634,-48,89,87
1747013510.8993633,-38,-36,102
1747013510.9353633,-32,-37,81
1747013510.9713633,-14,-25,68
1747013511.0063634,-80,-32,60
1747013511.0423634,-17,-21,140
1747013511.0773633,-1,-73,94
1747013511.112363,-63,-33,32
1747013511.1473634,-19,30,78
1747013511.1833634,-13,12,34
1747013511.2193637,58,38,14
1747013511.2543633,22,-55,50
1747013511.2903633,34,-5,132
1747013511.3253634,-87,66,74
1747013511.3603632,2,37,78
1747013511.395363,-1,28,181
1747013511.431363,66,-9,53
1747013511.4673634,36,-30,61
1747013511.5023634,-3,-32,117
1747013511.5383637,-34,-27,-126
1747013511.5733633,25,-60,47
1747013511.6083634,-5,75,7
1747013511.6433637,-11,21,27
1747013511.6793633,8,-34,143
1747013511.7153633,32,-18,89
1747013511.750363,22,-2,87
1747013511.7863634,-16,61,130
1747013511.8213634,25,15,100
1747013511.8563633,-54,1,18
1747013511.8913634,11,27,-27
1747013511.9273634,-31,1,88
1747013511.9633634,4,-22,142
1747013511.9983633,9,-8,80
1747013512.0343633,-41,27,124
1747013512.0693634,-4,41,-61
1747013512.1043634,-26,27,106
1747013512.1393633,81,11,86
1747013512.1753633,-82,91,-12
1747013512.2113633,-12,49,89
1747013512.2463634,22,-4,75
1747013512.2823634,48,-46,241
1747013512.3173633,30,51,69
1747013512.352363,50,-14,67
1747013512.3873634,-8,-26,104
1747013512.4233634,-27,27,-22
1747013512.4593637,18,-64,107
1747013512.4943633,40,-80,85
1747013512.530363,95,43,140
1747013512.5653634,65,82,28
1747013512.6003633,21,-42,70
1747013512.635363,-46,-28,0
1747013512.6713634,-60,-2,86
1747013512.7073634,7,-4,-107
1747013512.7423637,-24,93,90
1747013512.7783637,-52,10,34
1747013512.8133633,51,-17,96
1747013512.8483634,12,74,28
1747013512.8833632,2,-49,76
1747013512.9193633,21,0,26
1747013512.9553633,5,-3,102
1747013512.9903634,2,11,234
1747013513.0263634,-11,21,56
1747013513.0613637,-27,-38,136
1747013513.0963633,37,48,108
1747013513.132363,11,-27,112
1747013513.1673634,-40,42,122
1747013513.2033634,-46,6,154
1747013513.2383633,-72,-25,110
1747013513.2743633,-60,0,94
1747013513.3093634,3,62,-8
1747013513.3443637,-16,40,179
1747013513.3803637,-82,-19,58
1747013513.4153633,15,-60,63
1747013513.451363,3,53,129
1747013513.4863634,51,-7,71
1747013513.5223634,22,37,141
1747013513.5573633,6,-58,89
1747013513.5923634,0,69,242
1747013513.6283634,-14,11,146
1747013513.6633637,54,5,1
1747013513.6993637,-31,-22,-27
1747013513.7343633,50,41,54
1747013513.770363,-3,3,42
1747013513.8053634,12,27,-65
1747013513.8403633,10,27,-1
1747013513.8763633,6,-60,112
1747013513.9113634,-163,48,55
1747013513.9473634,-51,-17,124
1747013513.9823637,-10,5,132
1747013514.0183637,-38,25,174
1747013514.053363,-31,-10,-70
1747013514.0883634,-20,15,166
1747013514.1243634,-57,-68,119
1747013514.1593633,27,0,-6
1747013514.1953633,37,-38,-36
1747013514.2303634,-76,-38,49
1747013514.2663634,-30,77,-12
1747013514.3013637,19,-14,143
1747013514.3363633,1,-74,95
1747013514.372363,41,35,-44
1747013514.4073634,23,-38,15
1747013514.4433634,53,15,25
1747013514.4783633,-30,-50,-40
1747013514.5143633,-14,51,119
1747013514.5493634,37,1,37
1747013514.5843637,13,-4,123
1747013514.6203637,25,-8,61
1747013514.655363,45,-6,59
1747013514.691363,13,53,71
1747013514.7263634,11,45,19
1747013514.7623634,-54,21,39
1747013514.7973633,-26,-36,137
1747013514.8323634,41,15,91
1747013514.8683634,35,13,55
1747013514.9033637,-60,15,-42
1747013514.9393632,63,21,-2
1747013514.974363,-8,37,135
1747013515.0093634,-40,-8,75
1747013515.0443633,-8,53,-6
1747013515.0803633,-12,-18,111
1747013515.1163633,-136,-38,71
1747013515.1513634,-48,13,163
1747013515.1873634,-26,8,21
1747013515.2223637,-38,48,19
1747013515.257363,-38,10,3
1747013515.2923634,5,94,29
1747013515.3283634,-24,-86,-4
1747013515.3643634,69,-58,7
1747013515.3993633,-38,-88,123
1747013515.4353633,83,31,49
1747013515.4703634,-58,21,81
1747013515.5053637,-10,-8,97
1747013515.5403633,3,-25,201
1747013515.576363,79,-16,167
1747013515.612363,-95,19,155
1747013515.6473634,-21,17,-92
1747013515.6833634,-28,45,61
1747013515.7183633,59,9,153
1747013515.7533634,0,25,129
1747013515.7883637,29,7,33
1747013515.8243637,40,31,71
1747013515.8603632,78,37,1
1747013515.895363,-33,7,-122
1747013515.931363,46,55,-28
1747013515.9663634,4,45,111
1747013516.0013633,-7,98,43
1747013516.0363634,3,-67,0
1747013516.0723634,-10,16,17
1747013516.1083634,-116,26,-24
1747013516.1433637,-40,2,63
1747013516.1793633,15,-9,35
1747013516.214363,1,60,67
1747013516.2493634,3,6,-32
1747013516.2843633,1,42,105
1747013516.3203633,10,-21,147
1747013516.3563633,-45,-43,110
1747013516.3913634,-115,2,197
1747013516.4273634,16,14,23
1747013516.4623632,-19,24,80
1747013516.497363,-23,2,132
1747013516.5323634,46,-39,77
1747013516.5683634,-3,74,170
1747013516.6043634,17,49,52
1747013516.6393633,-18,-10,134
1747013516.6753633,-29,41,106
1747013516.7103634,38,20,174
1747013516.7453637,8,-22,-7
1747013516.780363,6,7,-19
1747013516.816363,22,-75,128
1747013516.852363,-23,-55,14
1747013516.8873634,38,19,84
1747013516.9233634,4,3,18
1747013516.9583633,-31,40,46
1747013516.9933634,66,-84,0
1747013517.0283637,-33,-76,154
1747013517.0643632,8,-30,66
1747013517.1003633,2,21,94
1747013517.135363,50,-28,112
1747013517.1713634,-80,61,93
1747013517.2063634,-32,-26,192
1747013517.2413633,-2,-2,-19
1747013517.2763634,25,5,60
1747013517.3123634,31,-52,44
1747013517.3483634,-36,49,68
1747013517.3903637,-2,-4,108
1747013517.4273634,-30,31,84
1747013517.4623632,-54,11,94
1747013517.497363,0,43,150
1747013517.5323634,18,-102,194
1747013517.5683634,-64,-16,38
1747013517.6043634,-72,61,150
1747013517.6393633,14,65,-89
1747013517.6753633,4,41,42
1747013517.7103634,5,-16,140
1747013517.7453637,7,101,100
1747013517.780363,-34,-51,174
1747013517.816363,35,-27,204
1747013517.852363,-64,-77,20
1747013517.8873634,56,29,56
1747013517.9233634,45,17,-31
1747013517.9583633,-30,31,180
1747013517.9933634,5,-16,74
1747013518.0283637,3,5,104
1747013518.0643632,23,-4,0
1747013518.1003633,105,-56,24
1747013518.135363,-18,-78,-15
1747013518.1713634,-94,41,136
1747013518.2063634,19,22,146
1747013518.2413633,31,14,24
1747013518.2773633,-55,27,30
1747013518.3123634,-9,-20,24
1747013518.3483634,87,62,96
1747013518.3833632,22,17,90
1747013518.4193633,24,9,44
1747013518.454363,14,-60,31
1747013518.4893634,0,-20,14
1747013518.5253634,27,0,50
1747013518.5603633,36,10,96
1747013518.5963633,-14,53,50
1747013518.6313634,-52,-22,202
1747013518.6673634,-42,-20,92
1747013518.7023633,-58,21,148
1747013518.737363,-62,0,74
1747013518.7733634,41,45,126
1747013518.8083634,127,-30,170
1747013518.8443637,101,-4,24
1747013518.8793633,36,64,4
1747013518.9153633,0,-19,48
1747013518.9503634,42,42,74
1747013518.9853632,-24,29,-9
1747013519.0213633,3,31,26
1747013519.056363,31,67,6
1747013519.0923634,46,48,124
1747013519.1273634,47,-36,46
1747013519.1633637,-2,15,194
1747013519.1983633,40,12,115
1747013519.2333634,30,42,152
1747013519.2693634,8,-73,94
1747013519.3043633,-5,24,72
1747013519.3403633,-37,64,14
1747013519.375363,-42,-60,104
1747013519.4113634,-83,8,48
1747013519.4463634,-47,-11,80
1747013519.4813633,-113,8,56
1747013519.5173633,-9,-89,108
1747013519.5523634,-19,10,104
1747013519.5883634,-42,61,36
1747013519.6233633,-20,-34,132
1747013519.6593633,54,-14,44
1747013519.6943634,-27,-70,-55
1747013519.7293634,-57,-40,130
1747013519.7653637,28,14,116
1747013519.8003633,96,-29,14
1747013519.8363633,42,-41,56
1747013519.8713634,-22,-42,14
1747013519.9073634,-1,32,100
1747013519.9433634,2,-17,122
1747013519.9793634,-7,-15,96
1747013520.0153637,-18,-28,40
1747013520.0503633,17,-24,156
1747013520.0853634,105,7,12
1747013520.1213634,43,-48,8
1747013520.1573634,-21,-12,34
1747013520.1923633,25,-44,34
1747013520.2283633,1,-68,84
1747013520.2633634,-2,-16,22
1747013520.2983634,0,13,180
1747013520.3333633,68,71,98
1747013520.3693633,84,27,170
1747013520.405363,-27,-17,112
1747013520.4403634,88,-3,136
1747013520.4763634,2,-53,46
1747013520.5113633,76,62,86
1747013520.5463634,-57,16,18
1747013520.5813634,58,-27,64
1747013520.6173637,72,-63,48
1747013520.6533637,-13,-100,74
1747013520.6883633,-11,-3,-37
1747013520.724363,12,-5,126
1747013520.7593634,-17,-15,52
1747013520.7943633,58,17,16
1747013520.829363,-65,-56,202
1747013520.8653634,11,-9,-29
1747013520.9013634,-16,40,140
1747013520.9363637,48,19,98
1747013520.9723637,-104,49,58
1747013521.007363,-70,5,26
1747013521.0423634,-19,-12,76
1747013521.0773633,24,13,66
1747013521.1133633,-70,-20,66
1747013521.1493633,27,-12,96
1747013521.1843634,-20,-10,-5
1747013521.2203634,35,11,168
1747013521.2553637,-88,63,62
1747013521.2903633,101,-86,112
1747013521.3253634,-50,70,80
1747013521.3613634,-75,-5,26
1747013521.3973634,-77,6,30
1747013521.4323633,51,-70,74
1747013521.4683633,41,-1,60
1747013521.5033634,1,12,102
1747013521.5383637,-12,-83,158
1747013521.5733633,2,-7,94
1747013521.6093633,-49,40,56
1747013521.645363,8,-27,-7
1747013521.6803634,83,-65,80
1747013521.7163634,52,-15,160
1747013521.7513633,26,112,110
1747013521.7863634,-23,18,66
1747013521.8213634,-23,-75,-77
1747013521.8573637,20,-31,64
1747013521.8933637,50,103,54
1747013521.928363,60,-106,64
1747013521.964363,-43,-18,3
1747013521.9993634,36,-6,-26
1747013522.0343633,50,15,55
1747013522.0693634,-14,-46,12
1747013522.1053634,102,-16,146
1747013522.1413634,-8,-2,49
1747013522.1763637,-26,-46,37
1747013522.2123632,-16,61,102
1747013522.247363,7,117,84
1747013522.2823634,-54,31,83
1747013522.3173633,-21,29,39
1747013522.3533633,8,27,37
1747013522.3893633,-24,-6,-16
1747013522.4243634,67,57,34
1747013522.4603634,-15,111,12
1747013522.4953637,-45,15,105
1747013522.530363,-48,10,67
1747013522.5653634,-52,-77,215
1747013522.6013634,-16,26,21
1747013522.6373634,65,30,147
1747013522.6723633,-66,-105,97
1747013522.7083633,20,-36,121
1747013522.7433634,-19,33,158
1747013522.7783637,26,-24,94
1747013522.8133633,2,-8,52
1747013522.849363,-43,44,-89
1747013522.885363,-23,-33,102
1747013522.9203634,-13,16,128
1747013522.9563634,60,-37,33
1747013522.9913633,66,-29,-25
1747013523.0263634,80,-35,98
1747013523.0613637,34,-7,48
1747013523.0973637,60,-44,178
1747013523.1333632,-19,49,72
1747013523.168363,-65,75,38
1747013523.204363,-12,69,28
1747013523.2393634,-6,-36,228
1747013523.2743633,0,9,110
1747013523.3103633,-32,-108,-27
1747013523.3453634,-31,0,168
1747013523.3813634,-54,-39,74
1747013523.4163637,26,25,6
1747013523.4523633,-11,-12,164
1747013523.487363,9,24,51
1747013523.5223634,46,-74,139
1747013523.5583634,-9,9,125
1747013523.5933633,64,21,23
1747013523.6293633,13,-21,74
1747013523.6643634,34,9,122
1747013523.7003634,-113,12,86
1747013523.7353632,58,5,-21
1747013523.770363,-17,-28,-27
1747013523.806363,-26,11,-5
1747013523.8413634,0,8,-23
1747013523.8773634,-116,-26,-9
1747013523.9123633,57,-52,170
1747013523.9483633,47,9,156
1747013523.9833634,-77,0,4
1747013524.0183637,-30,-10,-45
1747013524.0543633,18,7,0
1747013524.089363,20,-81,28
1747013524.125363,-15,60,-5
1747013524.1603634,16,46,154
1747013524.1963634,-17,-81,60
1747013524.2313633,6,45,156
1747013524.2663634,-75,-63,106
1747013524.3023634,-49,30,108
1747013524.3373632,-5,54,64
1747013524.3733633,12,74,126
1747013524.408363,-20,25,20
1747013524.4443634,5,-74,22
1747013524.4793634,-38,-5,116
1747013524.5143633,0,-27,46
1747013524.5503633,-24,-25,-13
1747013524.5853634,13,-23,14
1747013524.6213634,61,-23,-36
1747013524.6563632,119,18,97
1747013524.6923633,-36,44,27
1747013524.727363,57,-15,-32
1747013524.7623634,-6,0,71
1747013524.7983634,21,-15,75
1747013524.8333633,71,-61,5
1747013524.8693633,-6,18,127
1747013524.9043634,-26,-47,169
1747013524.9403634,-16,44,93
1747013524.9753633,38,-63,-44
1747013525.010363,-39,-59,79
1747013525.0463634,63,60,1
1747013525.0813634,69,2,101
1747013525.1173637,49,-27,113
1747013525.1523633,13,-50,5
1747013525.1873634,-43,-53,135
1747013525.2223637,56,-8,-6
1747013525.2583632,-17,-53,113
1747013525.2943633,2,8,47
1747013525.329363,18,-15,229
1747013525.3653634,-112,59,39
1747013525.4003634,12,40,105
1747013525.4353633,52,4,29
1747013525.4703634,-70,-32,81
1747013525.5063634,33,41,95
1747013525.5423634,39,33,173
1747013525.5773633,32,-86,137
1747013525.6133633,12,25,45
1747013525.6483634,-10,-25,-100
1747013525.6833634,-15,-22,199
1747013525.7183633,30,21,3
1747013525.7543633,20,0,5
1747013525.7903633,-15,1,119
1747013525.8253634,10,11,163
1747013525.8613634,10,-58,-10
1747013525.8963633,-3,-84,115
1747013525.931363,-35,-6,177
1747013525.9663634,-15,51,145
1747013526.0023634,120,0,-20
1747013526.0383637,34,-10,3
1747013526.0733633,-9,53,3
1747013526.1093633,27,-34,-12
1747013526.1443634,93,37,103
1747013526.1793633,-6,11,29
1747013526.214363,-29,17,-34
1747013526.250363,17,-17,169
1747013526.2863634,78,-44,51
1747013526.3213634,43,0,107
1747013526.3573637,-20,18,99
1747013526.3923633,3,23,175
1747013526.4273634,39,-16,41
1747013526.4623632,11,1,101
1747013526.4983633,25,-6,49
1747013526.5343633,-16,7,95
1747013526.5693634,-24,-24,131
1747013526.6053634,-4,83,-50
1747013526.6403637,44,-26,117
1747013526.6753633,-5,9,87
1747013526.7103634,72,65,73
1747013526.7463634,38,-34,-38
1747013526.7823634,-46,28,-4
1747013526.8173633,-88,-17,109
1747013526.8533633,-66,8,173
1747013526.8883634,30,37,25
1747013526.9233634,0,-91,121
1747013526.9583633,46,29,93
1747013526.9943633,-14,-89,125
1747013527.030363,52,33,15
1747013527.0653634,-29,51,79
1747013527.1013634,48,19,21
1747013527.1363633,2,-17,84
1747013527.1713634,54,64,122
1747013527.2063634,58,16,100
1747013527.2423637,32,-13,114
1747013527.2783637,-6,80,64
1747013527.3133633,-26,-47,106
1747013527.349363,9,2,20
1747013527.3913634,33,-35,40
1747013527.4273634,-44,28,132
1747013527.4623632,-42,14,112
1747013527.4983633,-14,-23,-13
1747013527.5343633,-40,14,-33
1747013527.5693634,-72,-53,208
1747013527.6053634,-30,-3,46
1747013527.6403637,33,-21,98
1747013527.6753633,27,-1,68
1747013527.7103634,53,34,70
1747013527.7463634,-26,-7,48
1747013527.7823634,-38,16,154
1747013527.8173633,53,-7,138
1747013527.8533633,-62,4,92
1747013527.8883634,73,-36,82
1747013527.9233634,-36,-12,142
1747013527.9583633,23,-62,116
1747013527.9943633,59,42,170
1747013528.030363,-34,0,50
1747013528.0653634,0,-31,72
1747013528.1013634,1,-51,-13
1747013528.1363633,9,6,-13
1747013528.1713634,71,-17,70
1747013528.2063634,129,30,124
1747013528.2423637,0,-19,80
1747013528.2783637,1,-85,-9
1747013528.3133633,-93,-19,20
1747013528.349363,-15,8,68
1747013528.3843634,-59,63,8
1747013528.4193633,82,-16,50
1747013528.4553633,44,-32,42
1747013528.4903634,14,-102,-39
1747013528.5263634,44,-64,54
1747013528.5613637,22,42,-23
1747013528.5973637,-49,-21,42
1747013528.632363,18,27,132
1747013528.6673634,70,5,82
1747013528.7033634,9,-20,62
1747013528.7383633,-9,-3,38
1747013528.7743633,-49,-3,86
1747013528.8093634,-24,61,-49
1747013528.8453634,-30,42,-47
1747013528.8803637,-30,26,88
1747013528.9153633,8,-13,66
1747013528.951363,41,60,90
1747013528.9863634,72,12,48
1747013529.0223634,-87,22,92
1747013529.0573633,12,16,84
1747013529.0933633,-9,-44,70
1747013529.1283634,18,-10,198
1747013529.1633637,12,15,-119
1747013529.1993637,66,-86,32
1747013529.2343633,-31,-4,182
1747013529.270363,66,-74,34
1747013529.3053634,-51,-96,58
1747013529.3413634,39,19,-61
1747013529.3763633,69,-5,2
1747013529.4113634,35,-7,120
1747013529.4473634,0,-31,28
1747013529.4823637,9,-9,94
1747013529.5183637,-22,-35,92
1747013529.553363,66,62,58
1747013529.589363,8,34,28
1747013529.6243634,66,-19,-45
1747013529.6593633,-86,-1,4
1747013529.6953633,21,-23,30
1747013529.7303634,52,-44,62
1747013529.7663634,-5,-48,132
1747013529.8013637,64,21,118
1747013529.8373632,62,-54,152
1747013529.872363,18,13,16
1747013529.9073634,-20,-8,36
1747013529.9433634,-52,15,-5
1747013529.9783633,14,-44,128
1747013530.0143633,50,31,130
1747013530.0493634,-29,30,164
1747013530.0853634,86,1,-33
1747013530.1213634,-53,-38,-13
1747013530.1563632,58,-20,96
1747013530.191363,-33,85,-17
1747013530.227363,-1,-32,112
1747013530.2633634,-1,-50,34
1747013530.2983634,74,-50,74
1747013530.3343637,-9,3,122
1747013530.3693633,-33,-54,64
1747013530.4043634,0,-52,74
1747013530.4393632,42,37,126
1747013530.4753633,0,25,-28
1747013530.5113633,-20,27,21
1747013530.5463634,-7,-28,-52
1747013530.5823634,92,-52,17
1747013530.6173637,-23,-6,33
1747013530.6523633,-7,7,177
1747013530.6873634,42,-32,131
1747013530.7233634,23,27,55
1747013530.7593634,-41,60,116
1747013530.7943633,14,-42,-21
1747013530.8303633,58,55,90
1747013530.8653634,-30,39,22
1747013530.9003634,1,-40,78
1747013530.9353633,19,-16,46
1747013530.9713633,25,45,36
1747013531.007363,25,35,148
1747013531.0423634,-28,51,-1
1747013531.0783634,-34,-28,52
1747013531.1133633,75,33,228
1747013531.1483634,23,13,180
1747013531.1833634,-52,11,182
1747013531.2193637,-64,15,-9
1747013531.2553637,-68,51,72
1747013531.2903633,69,71,6
1747013531.326363,-12,23,24
1747013531.3613634,45,-28,99
1747013531.3963633,24,24,155
1747013531.431363,5,-12,93
1747013531.4673634,104,42,150
1747013531.5033634,-49,6,28
1747013531.5383637,0,14,155
1747013531.5743637,-46,-62,57
1747013531.6093633,7,-4,-34
1747013531.6443634,31,39,69
1747013531.6793633,22,21,83
1747013531.7153633,-25,-66,7
1747013531.7513633,30,23,10
1747013531.7863634,51,13,-69
1747013531.8223634,71,21,112
1747013531.8573637,61,31,-45
1747013531.8923633,91,59,71
1747013531.9273634,35,-26,83
1747013531.9633634,9,-6,109
1747013531.9993634,27,81,17
1747013532.0343633,31,-64,111
1747013532.0703633,52,-11,23
1747013532.1053634,6,30,41
1747013532.1403637,8,-21,113
1747013532.1753633,-13,-50,3
1747013532.2113633,-11,6,83
1747013532.247363,52,1,-4
1747013532.2823634,10,31,51
1747013532.3183634,-5,3,177
1747013532.3533633,-4,56,93
1747013532.3883634,-58,2,117
1747013532.4233634,7,-65,107
1747013532.4593637,-1,12,105
1747013532.4953637,-14,-22,91
1747013532.530363,-62,1,143
1747013532.566363,-62,-56,115
1747013532.6013634,4,24,103
1747013532.6363633,-17,-57,67
1747013532.6713634,22,6,73
1747013532.7073634,46,12,109
1747013532.7433634,-77,21,51
1747013532.7783637,20,44,73
1747013532.8143632,56,-63,-30
1747013532.849363,-21,70,75
1747013532.8843634,-5,14,-44
1747013532.9193633,-63,16,181
1747013532.9553633,-19,-13,35
1747013532.9913633,-8,-3,99
1747013533.0263634,20,26,-30
1747013533.0623634,-9,0,25
1747013533.0973637,-14,-15,-12
1747013533.132363,8,-64,49
1747013533.1673634,-93,-38,127
1747013533.2033634,-75,21,143
1747013533.2393634,50,-6,93
1747013533.2743633,-45,-19,195
1747013533.3103633,-9,20,-26
1747013533.3453634,0,28,23
1747013533.3803637,-41,8,63
1747013533.4163637,-9,-21,51
1747013533.451363,50,13,203
1747013533.487363,-7,55,113
1747013533.5223634,78,-24,41
1747013533.5583634,87,40,51
1747013533.5933633,21,-1,47
1747013533.6283634,38,62,-16
1747013533.6643634,-12,-1,7
1747013533.6993637,15,-49,149
1747013533.7353632,33,-57,-74
1747013533.770363,59,22,139
1747013533.806363,9,-52,169
1747013533.8413634,-41,-74,35
1747013533.8763633,80,-50,135
1747013533.9123633,24,85,19
1747013533.9473634,94,17,165
1747013533.9833634,43,-70,37
1747013534.0183637,-23,5,25
1747013534.0543633,50,33,115
1747013534.089363,38,21,89
1747013534.1243634,13,-64,47
1747013534.1603634,16,-20,115
1747013534.1953633,-16,53,99
1747013534.2313633,35,-68,141
1747013534.2663634,-14,-18,141
1747013534.3023634,10,34,243
1747013534.3373632,-47,-4,45
1747013534.372363,-136,-44,-32
1747013534.408363,-30,13,127
1747013534.4433634,8,-9,119
1747013534.4793634,-13,83,39
1747013534.5143633,58,15,73
1747013534.5503633,4,-40,51
1747013534.5853634,-13,17,53
1747013534.6203637,-1,-86,81
1747013534.6563632,-29,33,9
1747013534.691363,80,-72,173
1747013534.727363,-37,1,-62
1747013534.7623634,-43,23,95
1747013534.7983634,-73,23,9
1747013534.8333633,-5,29,45
1747013534.8683634,-11,-14,125
1747013534.9043634,-13,11,105
1747013534.9393632,-40,-8,-44
1747013534.9753633,8,9,65
1747013535.010363,24,65,185
1747013535.0463634,-21,-24,7
1747013535.0813634,-49,-18,89
1747013535.1163633,66,-56,141
1747013535.1523633,-13,21,79
1747013535.1873634,-19,119,61
1747013535.2233634,120,-6,91
1747013535.2583632,26,-10,169
1747013535.293363,8,25,123
1747013535.3283634,92,-34,123
1747013535.3643634,28,15,-42
1747013535.4003634,-29,-33,63
1747013535.4353633,39,-48,29
1747013535.4713633,-78,9,165
1747013535.5063634,25,23,95
1747013535.5413637,-26,53,123
1747013535.576363,85,45,207
1747013535.612363,-81,7,67
1747013535.6483634,-43,-24,107
1747013535.6833634,26,29,141
1747013535.7193637,61,27,-34
1747013535.7543633,75,1,113
1747013535.7893634,90,-3,93
1747013535.8243637,46,-80,27
1747013535.8603632,6,-33,55
1747013535.8963633,-44,-10,49
1747013535.931363,45,-22,39
1747013535.9673634,-9,49,-18
1747013536.0023634,4,5,105
1747013536.0373633,-29,-34,-18
1747013536.0723634,-39,40,71
1747013536.1083634,52,-117,155
1747013536.1443634,92,24,19
1747013536.1793633,-46,-17,-34
1747013536.2153633,52,-29,153
1747013536.250363,22,10,-22
1747013536.2853634,9,-35,77
1747013536.3203633,-28,-3,91
1747013536.3563633,41,-15,33
1747013536.3923633,-118,58,47
1747013536.4273634,0,18,81
1747013536.4633634,65,45,115
1747013536.4983633,-94,21,81
1747013536.533363,11,-32,37
1747013536.5683634,47,-31,127
1747013536.6043634,10,58,143
1747013536.6403637,59,29,127
1747013536.6753633,-68,-14,119
1747013536.7113633,-10,-84,5
1747013536.7463634,47,-76,-6
1747013536.7813632,-61,80,29
1747013536.816363,53,-10,21
1747013536.852363,52,-31,125
1747013536.8883634,2,-18,105
1747013536.9233634,78,23,135
1747013536.9593637,76,-60,115
1747013536.9943633,-15,-154,13
1747013537.0293634,-15,-2,-2
1747013537.0643632,-33,-42,85
1747013537.1003633,-7,-58,37
1747013537.1363633,28,29,45
1747013537.1713634,-23,83,51
1747013537.2073634,68,-18,147
1747013537.2423637,-55,-16,114
1747013537.2773633,2,59,172
1747013537.3123634,4,-36,92
1747013537.3483634,-46,15,230
1747013537.3843634,51,-36,94
1747013537.4263637,29,15,136
1747013537.4633634,23,-24,44
1747013537.4983633,31,-11,128
1747013537.533363,79,27,8
1747013537.5683634,37,-24,-71
1747013537.6043634,38,-22,96
1747013537.6403637,42,25,110
1747013537.6753633,50,17,-27
1747013537.7113633,-39,-42,-53
1747013537.7463634,-76,-13,32
1747013537.7813632,-17,33,94
1747013537.816363,29,29,54
1747013537.852363,-28,26,4
1747013537.8883634,-8,3,30
1747013537.9233634,-79,-26,-41
1747013537.9593637,34,21,-49
1747013537.9943633,-25,-14,66
1747013538.0293634,-1,-16,8
1747013538.0643632,-5,-62,62
1747013538.1003633,-36,-99,104
1747013538.1363633,3,84,108
1747013538.1713634,25,29,140
1747013538.2073634,37,59,102
1747013538.2423637,-20,15,82
1747013538.2773633,13,30,106
1747013538.3123634,11,-29,10
1747013538.3483634,55,-9,156
1747013538.3843634,-34,-31,208
1747013538.4193633,9,-71,6
1747013538.4553633,51,-14,10
1747013538.4903634,-2,-13,126
1747013538.5253634,-104,-29,-19
1747013538.5613637,-50,-35,128
1747013538.5963633,49,0,28
1747013538.632363,-29,-1,122
1747013538.6673634,60,-17,112
1747013538.7033634,25,-11,20
1747013538.7383633,-89,50,-27
1747013538.7733634,-50,-38,140
1747013538.8093634,0,31,146
1747013538.8443637,-71,50,90
1747013538.8803637,34,32,26
1747013538.9153633,-27,46,16
1747013538.951363,17,-16,60
1747013538.9863634,29,95,152
1747013539.0213633,1,0,70
1747013539.0573633,23,-24,22
1747013539.0923634,-24,117,76
1747013539.1283634,-16,9,174
1747013539.1633637,49,-28,166
1747013539.1993637,-106,73,48
1747013539.2343633,31,-12,248
1747013539.2693634,13,93,-5
1747013539.3053634,45,-105,26
1747013539.3403633,-38,36,60
1747013539.3763633,-28,10,116
1747013539.4113634,-2,-69,120
1747013539.4473634,-24,14,84
1747013539.4823637,-74,-47,132
1747013539.5173633,-84,-15,74
1747013539.553363,11,-9,92
1747013539.5883634,-116,10,112
1747013539.6243634,-87,47,38
1747013539.6593633,-17,-56,90
1747013539.6953633,-9,-16,22
1747013539.7303634,-21,5,-33
1747013539.7653637,6,-16,170
1747013539.8013637,17,21,152
1747013539.8363633,79,13,36
1747013539.872363,33,-10,116
1747013539.9073634,-3,-6,122
1747013539.9433634,-42,33,150
1747013539.9793634,17,59,70
1747013540.0153637,-4,57,-27
1747013540.0503633,13,73,-41
1747013540.0853634,-66,13,46
1747013540.1213634,43,-52,30
1747013540.1563632,41,-10,140
1747013540.1923633,71,-18,152
1747013540.227363,-13,22,84
1747013540.2633634,22,-27,-11
1747013540.2993634,10,74,48
1747013540.3353634,80,-3,54
1747013540.3713634,-8,63,82
1747013540.4063632,105,13,66
1747013540.441363,-66,-18,-45
1747013540.477363,-8,43,134
1747013540.5133634,-44,87,170
1747013540.5483634,87,-12,192
1747013540.5843637,25,7,96
1747013540.6193633,27,-20,42
1747013540.6543634,-17,-22,-27
1747013540.6893632,34,-16,6
1747013540.7253633,-51,23,-39
1747013540.7613633,-33,5,39
1747013540.7963634,36,49,135
1747013540.8323634,10,-19,93
1747013540.8673637,48,10,73
1747013540.9023633,-26,63,110
1747013540.9373634,33,47,16
1747013540.9733634,0,-57,40
1747013541.0093634,14,8,8
1747013541.0443633,14,-18,80
1747013541.0803633,-21,-2,62
1747013541.1153634,14,1,64
1747013541.1503634,-103,-8,58
1747013541.1853633,44,-48,-1
1747013541.2213633,54,-48,-25
1747013541.257363,-45,-28,86
1747013541.2923634,-27,27,-75
1747013541.3283634,-57,124,64
1747013541.3633633,-27,48,-45
1747013541.3983634,-5,-25,160
1747013541.4333634,-91,38,103
1747013541.4693637,-15,86,-56
1747013541.5053637,30,-57,115
1747013541.5403633,-85,8,74
1747013541.576363,-3,-67,7
1747013541.6113634,-37,-55,-106
1747013541.6463633,-11,46,27
1747013541.681363,77,9,-44
1747013541.7173634,-26,57,-48
1747013541.7533634,-44,-78,-56
1747013541.7883637,-63,-45,59
1747013541.8243637,-69,-27,70
1747013541.8593633,44,36,183
1747013541.8943634,10,0,99
1747013541.9293633,-2,0,85
1747013541.9653633,3,51,63
1747013542.0013633,7,37,107
1747013542.0363634,-25,9,-46
1747013542.0723634,-51,-32,96
1747013542.1073637,-51,-20,-3
1747013542.1423633,81,17,80
1747013542.1773634,-38,-52,-3
1747013542.2133634,-96,65,66
1747013542.2493634,44,-34,172
1747013542.2843633,9,-114,38
1747013542.3203633,-42,-72,72
1747013542.3553634,52,-34,96
1747013542.3903637,68,21,62
1747013542.4253633,29,-38,-3
1747013542.4613633,47,3,48
1747013542.497363,19,-26,147
1747013542.5323634,59,23,37
1747013542.5683634,97,19,25
1747013542.6033633,67,55,0
1747013542.6383634,95,-30,163
1747013542.6733634,-20,1,79
1747013542.7093637,31,9,79
1747013542.7453637,-12,21,95
1747013542.780363,-12,-14,65
1747013542.816363,1,33,-44
1747013542.8513634,37,23,147
1747013542.8863633,41,15,59
1747013542.9213634,-66,39,33
1747013542.9573634,50,-7,105
1747013542.9933634,-47,51,111
1747013543.0283637,19,45,137
1747013543.0643632,0,93,103
1747013543.099363,-2,49,107
1747013543.1343634,77,30,45
1747013543.1693633,-12,64,85
1747013543.2053633,74,8,171
1747013543.2413633,-23,58,117
1747013543.2763634,-17,-27,43
1747013543.3123634,51,127,101
1747013543.3473637,71,17,159
1747013543.382363,11,-76,67
1747013543.418363,6,-5,9
1747013543.4533634,-26,-26,127
1747013543.4893634,-131,-39,43
1747013543.5243633,108,-27,-8
1747013543.5603633,-25,-7,37
1747013543.5953634,40,22,159
1747013543.6303637,-73,31,191
1747013543.6663637,26,25,155
1747013543.701363,61,-28,131
1747013543.737363,-13,32,25
1747013543.7723634,-86,17,91
1747013543.8083634,41,-62,67
1747013543.8433633,-33,29,31
1747013543.8783634,102,-104,139
1747013543.9143634,85,-48,109
1747013543.9493637,64,-17,-6
1747013543.9853632,62,-17,109
1747013544.020363,46,-5,103
1747013544.056363,-81,9,157
1747013544.0913634,76,12,41
1747013544.1263633,14,16,7
1747013544.1623633,-23,64,61
1747013544.1973634,-69,6,109
1747013544.2333634,42,-95,105
1747013544.2683637,-15,-111,39
1747013544.3043633,-73,4,51
1747013544.339363,-49,42,35
1747013544.3743634,15,-37,75
1747013544.4103634,-47,33,65
1747013544.4453633,-27,30,-2
1747013544.4813633,62,9,57
1747013544.5163634,-63,23,165
1747013544.5523634,78,19,33
1747013544.5873632,60,0,81
1747013544.622363,-27,0,79
1747013544.658363,-39,29,-70
1747013544.6933634,66,-40,105
1747013544.7293634,67,-70,107
1747013544.7643633,11,-54,5
1747013544.8003633,45,37,-8
1747013544.8353634,-86,-6,121
1747013544.8703637,-80,-46,53
1747013544.9063632,-28,41,173
1747013544.941363,9,9,53
1747013544.977363,-18,-2,131
1747013545.0123634,19,-12,65
1747013545.0483634,19,-88,9
1747013545.0833633,-18,-20,173
1747013545.1183634,33,-54,83
1747013545.1543634,0,-32,51
1747013545.1893632,-2,19,57
1747013545.2253633,-12,5,83
1747013545.260363,-17,-46,111
1747013545.2963634,6,25,67
1747013545.3313634,-15,-46,149
1747013545.3663633,-9,15,173
1747013545.4023633,90,-50,7
1747013545.4373634,52,-68,85
1747013545.4733634,-37,-58,41
1747013545.5083632,15,-40,111
1747013545.543363,79,-10,31
1747013545.5783634,30,-12,183
1747013545.6143634,44,-36,153
1747013545.6503634,-21,-97,121
1747013545.6853633,8,-4,13
1747013545.7213633,-43,-4,173
1747013545.7563634,-71,13,63
1747013545.7913637,76,-86,73
1747013545.826363,52,-22,-4
1747013545.862363,70,-34,97
1747013545.8983634,-119,17,155
1747013545.9333634,62,47,89
1747013545.9693637,24,-54,161
1747013546.0043633,-31,-5,79
1747013546.0393634,70,-64,51
1747013546.0743637,35,-14,121
1747013546.1103632,-48,-28,85
1747013546.1463633,9,-6,81
1747013546.181363,42,113,-34
1747013546.2173634,4,65,77
1747013546.2523634,80,49,-32
1747013546.2873633,-3,-32,153
1747013546.3223634,-63,17,227
1747013546.3583634,12,1,131
1747013546.3943634,-32,55,123
1747013546.4293633,-30,61,-11
1747013546.4653633,-7,29,118
1747013546.500363,-12,15,54
1747013546.5353634,-18,33,-83
1747013546.5703633,-56,13,91
1747013546.6063633,9,19,107
1747013546.6423633,-68,-10,17
1747013546.6773634,-108,-8,179
1747013546.7133634,0,-43,208
1747013546.7483633,47,-64,-49
1747013546.783363,67,-34,-24
1747013546.8183634,39,-20,180
1747013546.8543634,73,6,135
1747013546.8903637,38,4,107
1747013546.9253633,-1,-87,65
1747013546.9613633,-63,8,181
1747013546.9963634,42,34,87
1747013547.0313632,12,13,3
1747013547.066363,72,-40,63
1747013547.102363,32,-108,55
1747013547.1383634,48,-51,115
1747013547.1733634,70,-7,236
1747013547.2093637,24,0,95
1747013547.2443633,-91,-21,113
1747013547.2793634,-11,6,68
1747013547.3143632,-67,-3,122
1747013547.3503633,28,4,19
1747013547.3863633,-69,-17,17
1747013547.428363,-74,31,31
1747013547.4653633,60,47,49
1747013547.500363,50,-54,-60
1747013547.5353634,-9,35,9
1747013547.5703633,19,39,27
1747013547.6063633,-2,-20,43
1747013547.6423633,12,55,57
1747013547.6773634,54,-32,59
1747013547.7133634,57,-46,225
1747013547.7483633,-72,-17,-82
1747013547.783363,25,55,29
1747013547.8183634,-16,45,200
1747013547.8543634,-8,-36,168
1747013547.8903637,9,-28,20
1747013547.9253633,27,-16,12
1747013547.9613633,-44,17,100
1747013547.9963634,-31,56,122
1747013548.0313632,60,-7,154
1747013548.066363,-43,42,36
1747013548.102363,15,-50,136
1747013548.1383634,-59,-12,98
1747013548.1733634,-27,-40,0
1747013548.2093637,86,-28,16
1747013548.2443633,7,-14,16
1747013548.2793634,-20,-62,54
1747013548.3143632,70,-4,12
1747013548.3503633,67,-2,18
1747013548.3863633,-101,-87,100
1747013548.4213634,2,-2,112
1747013548.4573634,-11,-62,78
1747013548.4923637,60,57,32
1747013548.5273633,22,17,116
1747013548.5623634,16,-8,56
1747013548.5983634,50,87,-7
1747013548.6343634,67,-4,128
1747013548.6693633,-18,53,146
1747013548.7053633,37,23,68
1747013548.7403634,17,-4,44
1747013548.7753634,-4,-14,-11
1747013548.8113637,24,65,62
1747013548.8463633,27,-24,32
1747013548.882363,-48,7,38
1747013548.9173634,-10,3,4
1747013548.9533634,59,-18,76
1747013548.9883633,-16,65,-35
1747013549.0233634,-8,45,76
1747013549.0593634,-6,-32,56
1747013549.0943637,64,82,194
1747013549.1303637,51,75,-35
1747013549.1653633,-26,-33,82
1747013549.201363,71,-27,62
1747013549.2363634,-42,0,-71
1747013549.2713633,-6,7,48
1747013549.3073633,-94,29,46
1747013549.3423634,99,-4,32
1747013549.3783634,-49,63,32
1747013549.4133637,-9,-70,-53
1747013549.4493637,25,1,234
1747013549.4843633,-113,19,68
1747013549.5193634,73,-16,122
1747013549.5553634,-24,-68,76
1747013549.5903633,-12,7,96
1747013549.6263633,-24,-3,134
1747013549.6613634,29,-45,32
1747013549.6973634,7,-31,86
1747013549.7323637,-8,-57,12
1747013549.7673633,13,-17,58
1747013549.803363,11,-9,126
1747013549.8383634,-30,-31,118
1747013549.8743634,-14,-1,116
1747013549.9093633,37,36,164
1747013549.9453633,-57,-18,22
1747013549.9803634,-54,38,52
1747013550.0153637,-60,-25,-3
1747013550.0513637,-36,-23,92
1747013550.0863633,40,10,22
1747013550.122363,-1,26,-15
1747013550.1573634,-59,-35,18
1747013550.1933634,-49,-7,98
1747013550.2283633,-41,-69,70
1747013550.2633634,8,12,146
1747013550.2993634,-11,7,20
1747013550.3343637,32,59,-7
1747013550.3703637,29,5,12
1747013550.405363,-17,-36,98
1747013550.441363,-38,-60,-3
1747013550.477363,0,-10,120
1747013550.5133634,63,-10,134
1747013550.5493634,-8,51,208
1747013550.5843637,-24,-14,170
1747013550.6193633,3,29,-31
1747013550.655363,9,-30,26
1747013550.691363,-50,21,-27
1747013550.7263634,-26,-24,40
1747013550.7623634,-101,-6,38
1747013550.7973633,-12,-18,26
1747013550.8323634,69,57,88
1747013550.8673637,-66,87,59
1747013550.9033637,65,-16,132
1747013550.9393632,50,63,136
1747013550.974363,36,31,246
1747013551.010363,17,5,83
1747013551.0453634,26,37,119
1747013551.0803633,-51,-64,-92
1747013551.1153634,-65,-53,135
1747013551.1513634,78,-51,106
1747013551.1873634,7,-31,152
1747013551.2223637,11,-17,164
1747013551.2583632,0,-25,84
1747013551.293363,50,-49,6
1747013551.3283634,-52,-17,14
1747013551.3633633,58,-38,108
1747013551.3993633,-35,23,-25
1747013551.4353633,-89,-43,40
1747013551.4703634,-1,-77,-91
1747013551.5063634,42,-6,69
1747013551.5413637,-47,-44,84
1747013551.576363,-109,13,36
1747013551.6113634,22,5,94
1747013551.6473634,31,-42,228
1747013551.6833634,-9,-18,102
1747013551.7183633,50,1,-83
1747013551.7543633,58,61,114
1747013551.7893634,43,-32,106
1747013551.8243637,-59,-8,32
1747013551.8593633,19,17,-9
1747013551.895363,-30,33,58
1747013551.931363,45,-28,6
1747013551.9663634,-56,-16,-63
1747013552.0023634,43,0,0
1747013552.0373633,49,27,124
1747013552.0723634,-16,15,130
1747013552.1073637,4,-50,120
1747013552.1433637,-13,-90,-3
1747013552.1793633,35,11,-55
1747013552.214363,0,-68,140
1747013552.250363,35,17,22
1747013552.2853634,13,39,6
1747013552.3203633,-40,7,0
1747013552.3553634,-28,-66,98
1747013552.3913634,-44,-60,130
1747013552.4273634,13,-74,42
1747013552.4623632,-1,8,85
1747013552.4983633,12,16,40
1747013552.533363,14,90,42
1747013552.5683634,23,5,85
1747013552.6033633,0,-97,67
1747013552.6393633,49,0,66
1747013552.6753633,7,40,110
1747013552.7103634,13,-33,30
1747013552.7463634,25,26,48
1747013552.7813632,-75,-11,176
1747013552.816363,19,-74,-39
1747013552.8513634,-13,-19,31
1747013552.8873634,-12,-26,26
1747013552.9233634,28,66,37
1747013552.9583633,30,38,123
1747013552.9943633,-56,19,235
1747013553.0293634,63,-22,138
1747013553.0643632,-102,-66,94
1747013553.099363,-48,-8,108
1747013553.135363,-4,21,-51
1747013553.1713634,-24,35,35
1747013553.2063634,13,-4,1
1747013553.2423637,25,-6,-10
1747013553.2773633,-40,51,15
1747013553.3123634,53,17,9
1747013553.3473637,43,-55,31
1747013553.3833632,77,0,51
1747013553.4193633,13,-31,49
1747013553.454363,-26,2,6
1747013553.4903634,-26,23,87
1747013553.5253634,51,-54,135
1747013553.5603633,59,-47,31
1747013553.5953634,-26,-27,25
1747013553.6313634,-58,-43,124
1747013553.6673634,71,-21,142
1747013553.7023633,1,-27,24
1747013553.7383633,28,-12,78
1747013553.7733634,-5,-39,194
1747013553.8083634,65,-7,46
1747013553.8443637,63,-27,-17
1747013553.8793633,-18,-45,20
1747013553.9153633,37,-45,-1
1747013553.9503634,33,-57,170
1747013553.9863634,0,-35,78
1747013554.0213633,47,-18,74
1747013554.056363,33,-56,96
1747013554.0923634,9,-8,98
1747013554.1273634,-44,-12,23
1747013554.1633637,27,41,98
1747013554.1983633,55,7,35
1747013554.2343633,43,0,71
1747013554.2693634,45,-68,127
1747013554.3043633,91,-6,-6
1747013554.3403633,47,0,-60
1747013554.375363,-53,52,-40
1747013554.4113634,-71,-64,95
1747013554.4463634,-53,37,117
1747013554.4823637,44,-7,47
1747013554.5173633,76,36,85
1747013554.5523634,0,-39,19
1747013554.5883634,-6,-54,43
1747013554.6233633,49,9,35
1747013554.6593633,35,-8,19
1747013554.6943634,23,5,25
1747013554.7303634,0,117,71
1747013554.7653637,23,-60,57
1747013554.8003633,77,29,131
1747013554.8363633,-4,-2,94
1747013554.8713634,65,23,170
1747013554.9073634,-102,17,28
1747013554.9423633,-130,-78,87
1747013554.9783633,-28,-22,50
1747013555.0133634,33,29,22
1747013555.0483634,-26,-32,126
1747013555.0843637,13,-10,62
1747013555.1193633,20,-20,76
1747013555.155363,37,13,123
1747013555.1903634,16,-36,35
1747013555.2263634,0,45,208
1747013555.2613633,4,21,60
1747013555.2963634,-9,69,25
1747013555.3323634,4,-41,74
1747013555.3673637,-17,3,71
1747013555.4033637,-23,-42,-12
1747013555.4383633,2,-37,45
1747013555.474363,-82,0,171
1747013555.5093634,11,17,-34
1747013555.5443633,-2,-46,113
1747013555.5803633,99,23,107
1747013555.6153634,11,45,211
1747013555.6513634,1,-4,67
1747013555.6863637,51,-88,107
1747013555.7213633,4,-31,39
1747013555.7563634,26,-25,43
1747013555.7923634,-109,20,67
1747013555.8283634,-40,7,97
1747013555.8633633,-41,27,-22
1747013555.8993633,-36,-50,127
1747013555.9343634,-28,-12,67
1747013555.9693637,-26,25,-6
1747013556.0043633,115,26,95
1747013556.0403633,-53,6,45
1747013556.076363,-26,-41,79
1747013556.1113634,79,-53,73
1747013556.1473634,-34,15,59
1747013556.1823633,59,21,207
1747013556.2173634,57,-26,53
1747013556.2523634,-44,7,-4
1747013556.2883637,-54,-2,153
1747013556.3243637,13,85,51
1747013556.3593633,-65,-15,37
1747013556.395363,35,-50,93
1747013556.4303634,-56,-52,209
1747013556.4673634,2,2,67
1747013556.5023634,35,-63,139
1747013556.5373633,-18,-19,45
1747013556.5723634,59,-83,107
1747013556.6083634,71,0,-20
1747013556.6443634,-8,-89,47
1747013556.6793633,61,-6,-40
1747013556.7153633,19,49,41
1747013556.750363,-6,-1,27
1747013556.7853634,-12,64,59
1747013556.8203633,-28,-52,169
1747013556.8563633,3,-17,153
1747013556.8923633,58,20,195
1747013556.9273634,18,-9,89
1747013556.9633634,-31,-25,-80
1747013556.9983633,-11,-11,59
1747013557.033363,3,-23,79
1747013557.0683634,-26,17,195
1747013557.1043634,127,-64,77
1747013557.1403637,-46,-62,15
1747013557.1753633,-36,-60,0
1747013557.2113633,15,-128,109
1747013557.2463634,-4,-37,133
1747013557.2813632,-12,-33,-10
1747013557.316363,-58,-9,121
1747013557.352363,-16,-13,85
1747013557.3883634,-54,28,77
1747013557.4303634,25,28,131
1747013557.4673634,-16,58,21
1747013557.5023634,-4,24,41
1747013557.5373633,-44,-26,147
1747013557.5723634,0,61,1
1747013557.6083634,-42,-34,147
1747013557.6443634,-48,4,31
1747013557.6793633,-32,14,11
1747013557.7153633,-10,-45,73
1747013557.750363,-18,30,75
1747013557.7853634,5,-17,19
1747013557.8203633,-32,-27,79
1747013557.8563633,-4,60,-44
1747013557.8923633,59,-17,55
1747013557.9273634,55,-33,-14
1747013557.9633634,-54,20,131
1747013557.9983633,-46,-83,-12
1747013558.033363,-19,-24,105
1747013558.0683634,-37,-94,105
1747013558.1043634,102,-66,-10
1747013558.1403637,-7,-52,33
1747013558.1753633,14,49,-122
1747013558.2113633,69,3,81
1747013558.2463634,57,21,85
1747013558.2813632,-26,-56,37
1747013558.316363,-24,72,25
1747013558.352363,75,36,23
1747013558.3883634,-12,12,-2
1747013558.4233634,-54,20,-10
1747013558.4593637,0,-65,121
1747013558.4943633,-14,-11,69
1747013558.5293634,-25,-34,239
1747013558.5643632,56,-54,63
1747013558.6003633,60,-50,81
1747013558.6363633,-101,-14,-4
1747013558.6713634,14,-12,47
1747013558.7073634,-9,1,159
1747013558.7423637,62,-8,89
1747013558.7773633,-37,-72,-26
1747013558.8133633,-8,-13,69
1747013558.8483634,45,-21,99
1747013558.8843634,3,-83,55
1747013558.9193633,51,-79,-90
1747013558.9553633,35,-3,55
1747013558.9903634,-15,33,97
1747013559.0253634,-17,-48,97
1747013559.0613637,37,-100,109
1747013559.0963633,14,-14,95
1747013559.132363,10,-4,37
1747013559.1673634,39,69,173
1747013559.2033634,-42,-44,125
1747013559.2383633,-4,3,13
1747013559.2733634,-9,70,175
1747013559.3093634,-19,-31,63
1747013559.3443637,44,-51,193
1747013559.3803637,-25,12,-56
1747013559.4153633,14,22,-62
1747013559.451363,14,-65,61
1747013559.4863634,8,-73,-40
1747013559.5213633,-55,-33,-78
1747013559.5573633,9,-49,-18
1747013559.5923634,-26,4,205
1747013559.6283634,-13,-65,71
1747013559.6633637,-7,-85,95
1747013559.6993637,-85,40,107
1747013559.7343633,18,-41,11
1747013559.7693634,4,52,65
1747013559.8053634,30,4,93
1747013559.8403633,-49,62,137
1747013559.8763633,-9,-12,115
1747013559.9113634,16,68,57
1747013559.9473634,-35,-35,163
1747013559.9823637,-20,14,53
1747013560.0173633,48,7,5
1747013560.053363,46,47,117
1747013560.0883634,1,70,47
1747013560.1243634,-21,-48,-2
1747013560.1593633,-11,-36,125
1747013560.1953633,20,30,41
1747013560.2303634,-49,-48,69
1747013560.2653637,45,-67,39
1747013560.3013637,-52,-23,121
1747013560.3363633,9,-41,41
1747013560.372363,-48,30,63
1747013560.4073634,-56,2,167
1747013560.4433634,-48,-71,47
1747013560.4793634,47,32,-78
1747013560.5153637,-70,-65,117
1747013560.5503633,5,-11,67
1747013560.5853634,-14,-43,89
1747013560.6213634,-7,-42,-2
1747013560.6563632,-23,-12,81
1747013560.6923633,43,2,53
1747013560.727363,44,5,11
1747013560.7623634,28,3,105
1747013560.7973633,8,3,123
1747013560.8333633,21,7,19
1747013560.8693633,-15,2,149
1747013560.9043634,-59,-39,5
1747013560.9403634,60,36,5
1747013560.9753633,-55,0,-20
1747013561.010363,-33,20,23
1747013561.0453634,19,-31,251
1747013561.0813634,18,32,-40
1747013561.1173637,50,-19,145
1747013561.1523633,5,-8,91
1747013561.1883633,-53,0,-22
1747013561.2233634,-12,47,-88
1747013561.2583632,-36,-58,143
1747013561.293363,27,-74,103
1747013561.329363,18,-53,99
1747013561.3653634,-31,17,63
1747013561.4003634,-122,-10,111
1747013561.4363637,27,5,149
1747013561.4713633,-116,17,25
1747013561.5063634,-20,17,61
1747013561.5413637,68,-39,17
1747013561.5773633,12,-38,113
1747013561.6133633,-25,23,-38
1747013561.6483634,-41,49,95
1747013561.6843634,20,-50,65
1747013561.7193637,-79,96,141
1747013561.7543633,-15,2,151
1747013561.7893634,2,-16,83
1747013561.8253634,-35,-6,137
1747013561.8613634,28,-24,143
1747013561.8963633,-29,17,47
1747013561.9323633,-41,-4,105
1747013561.9673634,18,77,9
1747013562.0023634,9,-5,-16
1747013562.0373633,17,2,75
1747013562.0733633,33,-9,9
1747013562.1093633,-14,46,-48
1747013562.1443634,5,-31,73
1747013562.1803634,77,4,49
1747013562.2153633,-8,38,137
1747013562.250363,-30,-23,55
1747013562.2853634,69,64,151
1747013562.3213634,-80,15,137
1747013562.3573637,63,-97,9
1747013562.3923633,79,-20,173
1747013562.428363,-18,-10,175
1747013562.4633634,21,41,233
1747013562.4983633,0,-80,29
1747013562.533363,10,37,89
1747013562.5693634,-93,-9,155
1747013562.6053634,64,45,129
1747013562.6403637,-19,-28,125
1747013562.6763637,-109,-7,149
1747013562.7113633,-48,2,53
1747013562.7463634,19,14,93
1747013562.7813632,-41,-57,61
1747013562.8173633,97,-84,55
1747013562.8533633,23,-23,97
1747013562.8883634,-14,2,53
1747013562.9243634,25,-56,67
1747013562.9593637,63,-91,69
1747013562.9943633,45,8,233
1747013563.0293634,51,8,21
1747013563.0653634,-54,-29,115
1747013563.1013634,-6,-77,141
1747013563.1363633,0,-77,71
1747013563.1723633,21,40,131
1747013563.2073634,-16,26,1
1747013563.2423637,-54,13,29
1747013563.2773633,29,21,61
1747013563.3133633,-36,49,63
1747013563.349363,58,30,97
1747013563.3843634,-9,-39,49
1747013563.4203634,78,-6,107
1747013563.4553633,28,41,207
1747013563.4903634,-23,-48,161
1747013563.5253634,44,-16,139
1747013563.5613637,36,23,45
1747013563.5973637,-45,10,7
1747013563.632363,-57,59,97
1747013563.668363,-1,15,23
1747013563.7033634,-55,27,103
1747013563.7383633,-37,-44,19
1747013563.7733634,-1,45,193
1747013563.8093634,40,69,183
1747013563.8453634,-15,13,159
1747013563.8803637,30,-62,83
1747013563.9163637,8,11,57
1747013563.951363,-60,-1,39
1747013563.9863634,-40,70,117
1747013564.0223634,12,24,9
1747013564.0573633,-17,-37,-12
1747013564.0933633,40,48,15
1747013564.1283634,-3,-13,67
1747013564.1643634,4,-11,57
1747013564.1993637,-19,-7,71
1747013564.2343633,-59,-35,25
1747013564.270363,-15,-73,127
1747013564.3053634,18,74,-16
1747013564.3413634,51,-12,137
1747013564.3763633,-14,19,23
1747013564.4123633,-7,-15,-4
1747013564.4473634,27,34,43
1747013564.4823637,32,4,65
1747013564.5183637,-57,-37,31
1747013564.553363,8,-39,35
1747013564.589363,80,-5,145
1747013564.6243634,-45,-19,21
1747013564.6603634,-5,12,-4
1747013564.6953633,-81,-8,87
1747013564.7303634,90,30,-22
1747013564.7663634,109,53,63
1747013564.8013637,8,-77,75
1747013564.8373632,-33,4,65
1747013564.872363,-32,66,21
1747013564.908363,-54,-48,59
1747013564.9433634,-12,-8,107
1747013564.9783633,15,-30,41
1747013565.0143633,-43,-10,53
1747013565.0493634,-39,-30,-10
1747013565.0853634,-21,-54,59
1747013565.1203637,4,-4,41
1747013565.1563632,0,23,0
1747013565.191363,2,25,64
1747013565.2263634,48,17,57
1747013565.2623634,-55,49,5
1747013565.2973633,-67,37,188
1747013565.3333633,-47,57,109
1747013565.3683634,45,29,195
1747013565.4043634,-21,34,45
1747013565.4393632,56,-11,-30
1747013565.474363,36,-27,16
1747013565.510363,-37,-45,20
1747013565.5453634,-21,-15,28
1747013565.5813634,28,-25,58
1747013565.6163633,-9,-53,126
1747013565.6523633,-49,10,84
1747013565.6873634,16,-63,52
1747013565.7223637,48,-35,78
1747013565.7583632,-65,26,144
1747013565.793363,-1,40,72
1747013565.829363,-19,30,76
1747013565.8643634,-9,2,110
1747013565.8993633,83,-38,4
1747013565.9343634,46,-87,74
1747013565.9703634,36,-89,60
1747013566.0063634,10,12,132
1747013566.0413637,-33,20,94
1747013566.0773633,-80,37,122
1747013566.112363,0,37,28
1747013566.1473634,39,-40,56
1747013566.1823633,-37,4,100
1747013566.2183633,-39,-41,36
1747013566.2543633,47,21,42
1747013566.2893634,-35,-83,42
1747013566.3253634,-24,-16,33
1747013566.3603632,-30,9,21
1747013566.395363,1,-118,99
1747013566.4303634,33,-42,87
1747013566.4663634,49,17,108
1747013566.5023634,30,-25,84
1747013566.5373633,-42,-18,92
1747013566.5733633,36,-27,70
1747013566.6083634,-41,82,52
1747013566.6433637,6,-5,41
1747013566.678363,0,-25,252
1747013566.714363,44,102,77
1747013566.750363,12,64,182
1747013566.7853634,-65,-11,-60
1747013566.8213634,36,-17,72
1747013566.8563633,55,-117,161
1747013566.8913634,-28,-81,133
1747013566.9263637,-32,-35,6
1747013566.9623632,0,-30,140
1747013566.9983633,36,13,82
1747013567.033363,-39,-40,138
1747013567.0693634,44,95,130
1747013567.1043634,-27,-68,228
1747013567.1393633,45,-11,70
1747013567.1743634,67,2,87
1747013567.2103634,95,5,26
1747013567.2463634,-64,14,98
1747013567.2813632,23,0,134
1747013567.3173633,6,-16,42
1747013567.352363,-61,31,156
1747013567.3873634,0,-17,123
1747013567.4223633,-19,37,111
1747013567.4653633,35,22,23
1747013567.5023634,-118,-63,139
1747013567.5373633,-4,85,151
1747013567.5733633,11,-27,149
1747013567.6083634,-28,60,107
1747013567.6433637,9,-33,7
1747013567.678363,-28,-96,225
1747013567.714363,-14,41,-1
1747013567.750363,-110,-24,160
1747013567.7853634,15,15,152
1747013567.8213634,-18,-64,24
1747013567.8563633,-14,23,134
1747013567.8913634,43,-58,35
1747013567.9263637,-28,-12,45
1747013567.9623632,7,-25,59
1747013567.9983633,83,-16,161
1747013568.033363,-52,-70,25
1747013568.0693634,1,24,145
1747013568.1043634,-8,-13,-4
1747013568.1413634,-28,8,19
1747013568.1763637,-57,-9,109
1747013568.2113633,-29,3,37
1747013568.2463634,-11,7,85
1747013568.2823634,-19,-39,75
1747013568.3183634,-57,60,21
1747013568.3533633,-62,69,91
1747013568.3893633,24,70,163
1747013568.4243634,-19,-15,-36
1747013568.4593637,-29,2,127
1747013568.4943633,4,8,225
1747013568.530363,0,2,75
1747013568.566363,-33,-63,37
1747013568.6013634,59,7,31
1747013568.6373634,17,-44,33
1747013568.6723633,11,-46,49
1747013568.7073634,37,-18,-2
1747013568.7423637,109,-36,31
1747013568.7783637,1,-16,15
1747013568.8143632,69,-20,69
1747013568.849363,-7,-51,129
1747013568.885363,-9,-45,15
1747013568.9203634,38,76,133
1747013568.9553633,26,-15,29
1747013568.9913633,0,38,127
1747013569.0263634,-39,12,95
1747013569.0623634,34,-23,-2
1747013569.0973637,-31,-51,61
1747013569.1333632,44,16,57
1747013569.168363,48,-29,59
1747013569.2033634,-1,-40,125
1747013569.2393634,-19,-47,49
1747013569.2743633,34,-97,97
1747013569.3103633,-13,-145,-14
1747013569.3453634,-51,-33,45
1747013569.3813634,86,40,23
1747013569.4163637,32,-45,29
1747013569.451363,-2,20,-14
1747013569.487363,-62,-39,99
1747013569.5223634,19,-19,147
1747013569.5583634,1,-33,135
1747013569.5933633,-10,58,-22
1747013569.6293633,-38,10,95
1747013569.6643634,-8,-1,15
1747013569.6993637,54,47,11
1747013569.7353632,24,21,71
1747013569.770363,25,-41,29
1747013569.806363,-18,29,-28
1747013569.8413634,-26,83,-18
1747013569.8773634,-40,19,-22
1747013569.9123633,77,1,25
1747013569.9473634,-16,61,45
1747013569.9833634,-62,-66,95
1747013570.0183637,19,2,-30
1747013570.0543633,21,0,143
1747013570.089363,87,101,-36
1747013570.125363,-16,7,173
1747013570.1603634,-96,-23,97
1747013570.1953633,-42,-9,127
1747013570.2313633,24,12,73
1747013570.2663634,-22,-20,63
1747013570.3023634,66,-43,159
1747013570.3373632,-46,-60,123
1747013570.3733633,-15,52,71
1747013570.408363,16,-25,131
1747013570.4433634,-61,46,133
1747013570.4793634,-35,-27,101
1747013570.5143633,50,12,51
1747013570.5503633,3,-26,71
1747013570.5853634,2,-47,61
1747013570.6213634,37,18,81
1747013570.6563632,23,62,45
1747013570.691363,-91,36,71
1747013570.727363,31,8,113
1747013570.7623634,-38,-25,69
1747013570.7983634,-53,62,-34
1747013570.8333633,-9,-53,115
1747013570.8693633,26,23,37
1747013570.905363,-13,34,15
1747013570.9403634,-11,-2,217
1747013570.9753633,-21,43,47
1747013571.0113633,0,-86,161
1747013571.0473633,-27,9,91
1747013571.0823634,56,69,57
1747013571.1183634,40,14,227
1747013571.1533637,-3,32,55
1747013571.1883633,-43,-57,47
1747013571.2233634,-23,-11,91
1747013571.2593634,40,-46,179
1747013571.2953634,26,-12,55
1747013571.3303633,-1,-20,3
1747013571.3663633,14,-36,137
1747013571.4013634,90,-20,49
1747013571.4363637,24,-12,187
1747013571.4713633,-137,66,-22
1747013571.507363,4,-121,65
1747013571.543363,-29,62,175
1747013571.5783634,6,-34,143
1747013571.6143634,12,7,137
1747013571.6493633,18,-56,79
1747013571.6843634,-53,25,51
1747013571.7193637,-24,0,47
1747013571.7553637,-4,-15,51
1747013571.7913637,61,-13,35
1747013571.826363,17,26,115
1747013571.862363,-88,-53,101
1747013571.8973634,5,18,109
1747013571.9323633,71,0,77
1747013571.9673634,-96,20,59
1747013572.0033634,-12,14,13
1747013572.0393634,0,-67,95
1747013572.0743637,-2,-19,-80
1747013572.1103632,-3,14,-24
1747013572.145363,-22,28,31
1747013572.1803634,-12,-3,149
1747013572.2153633,-38,-9,127
1747013572.2513633,-32,14,-10
1747013572.2873633,-78,52,59
1747013572.3223634,0,-17,-34
1747013572.3583634,24,-33,145
1747013572.3933637,2,-23,53
1747013572.428363,-51,20,86
1747013572.4633634,-69,-1,17
1747013572.4993634,38,-15,55
1747013572.5353634,-63,-27,79
1747013572.5703633,-27,4,39
1747013572.6063633,50,0,75
1747013572.6413634,26,4,175
1747013572.6763637,22,-97,-72
1747013572.7113633,48,-41,-86
1747013572.747363,-61,60,65
1747013572.783363,-50,-51,85
1747013572.8183634,-67,-27,31
1747013572.8543634,-21,-33,37
1747013572.8893633,10,-5,141
1747013572.9243634,0,-27,39
1747013572.9593637,-91,-48,129
1747013572.9953637,52,15,143
1747013573.0313632,36,-19,41
1747013573.066363,-31,-63,109
1747013573.102363,-33,4,108
1747013573.1373634,-9,0,22
1747013573.1723633,-21,-1,40
1747013573.2073634,-37,70,168
1747013573.2433634,-15,-17,110
1747013573.2793634,-1,34,86
1747013573.3143632,2,-48,168
1747013573.3503633,37,-87,118
1747013573.385363,40,-13,-37
1747013573.4203634,-1,-42,14
1747013573.4553633,6,-8,-83
1747013573.4913633,42,-86,116
1747013573.5273633,-53,0,34
1747013573.5623634,-1,-77,182
1747013573.5983634,-53,26,8
1747013573.6333632,29,-54,26
1747013573.668363,45,49,168
1747013573.7033634,-56,49,-75
1747013573.7393634,31,-64,118
1747013573.7753634,-71,22,54
1747013573.8103633,41,-40,208
1747013573.8463633,44,-25,-97
1747013573.8813634,24,-31,-51
1747013573.9163637,12,1,2
1747013573.951363,33,14,42
1747013573.987363,-21,-71,80
1747013574.0233634,33,61,4
1747013574.0583634,159,-56,50
1747013574.0943637,16,-7,108
1747013574.1293633,64,-25,90
1747013574.1643634,8,48,94
1747013574.2003634,-50,51,12
1747013574.2353632,69,-30,92
1747013574.2713633,-29,-2,156
1747013574.306363,-53,-20,-47
1747013574.3423634,20,13,106
1747013574.3773634,-9,-130,40
1747013574.4123633,41,24,-23
1747013574.4483633,-14,-1,170
1747013574.4833634,82,-56,112
1747013574.5193634,-18,26,122
1747013574.5543633,-62,68,112
1747013574.5903633,9,-40,148
1747013574.625363,-30,12,134
1747013574.6603634,-18,-44,56
1747013574.6963634,-34,-2,91
1747013574.7313633,-28,13,185
1747013574.7673633,11,7,-56
1747013574.8023634,13,-25,120
1747013574.8383634,6,-44,9
1747013574.8733633,-30,-7,111
1747013574.908363,10,15,19
1747013574.9443634,16,37,21
1747013574.9793634,30,-28,82
1747013575.0153637,-39,3,65
1747013575.0503633,-108,44,76
1747013575.0863633,-27,55,20
1747013575.1213634,56,-26,170
1747013575.1563632,26,35,68
1747013575.1923633,-77,21,116
1747013575.227363,-112,-11,210
1747013575.2633634,21,-37,104
1747013575.2983634,-18,-69,78
1747013575.3343637,11,-9,38
1747013575.3693633,-20,-63,14
1747013575.4043634,15,4,94
1747013575.4403634,31,32,174
1747013575.4753633,95,0,-45
1747013575.5113633,-28,6,64
1747013575.5463634,-46,-39,68
1747013575.5813634,66,-56,144
1747013575.6163633,-7,39,-41
1747013575.6523633,-11,37,100
1747013575.6883633,12,-2,138
1747013575.7233634,66,43,138
1747013575.7593634,36,-14,205
1747013575.7943633,-9,9,-60
1747013575.8303633,-3,-16,137
1747013575.8653634,-21,-38,23
1747013575.9003634,-5,3,107
1747013575.9363637,-22,-61,93
1747013575.9713633,43,-3,49
1747013576.007363,-40,0,5
1747013576.0423634,-26,-21,126
1747013576.0773633,57,6,95
1747013576.112363,-1,32,57
1747013576.1483634,29,52,77
1747013576.1843634,0,84,-8
1747013576.2193637,-6,-77,17
1747013576.2553637,3,-7,183
1747013576.2903633,23,-25,-72
1747013576.3253634,95,-63,185
1747013576.3603632,44,-54,133
1747013576.3963633,48,25,31
1747013576.4323633,12,39,6
1747013576.4673634,-53,-28,14
1747013576.5033634,56,-34,-103
1747013576.5383637,-5,-20,22
1747013576.5733633,-121,-48,-1
1747013576.6083634,18,13,-9
1747013576.6443634,-33,1,124
1747013576.6803634,23,26,12
1747013576.7153633,-60,-111,46
1747013576.7513633,-46,46,108
1747013576.7863634,-2,44,87
1747013576.8213634,-80,-45,79
1747013576.8563633,-4,-7,7
1747013576.8923633,32,41,-30
1747013576.928363,31,12,31
1747013576.9633634,-148,98,13
1747013576.9993634,32,24,-140
1747013577.0343633,-17,-27,159
1747013577.0693634,103,-11,122
1747013577.1043634,-20,36,70
1747013577.1403637,12,32,84
1747013577.1763637,-53,14,58
1747013577.2113633,-53,-19,118
1747013577.247363,30,-19,65
1747013577.2823634,40,-19,57
1747013577.3173633,-43,74,7
1747013577.352363,-45,-17,-42
1747013577.3883634,43,-34,59
1747013577.4243634,14,72,81
1747013577.4663634,37,-19,-92
1747013577.5033634,62,8,57
1747013577.5383637,12,26,75
1747013577.5733633,2,-9,91
1747013577.6083634,11,0,109
1747013577.6443634,-23,-47,123
1747013577.6803634,34,-3,23
1747013577.7153633,22,-17,-50
1747013577.7513633,70,4,153
1747013577.7863634,-21,-5,145
1747013577.8213634,-7,8,153
1747013577.8563633,24,-8,-28
1747013577.8923633,-36,18,147
1747013577.928363,31,8,-2
1747013577.9633634,29,26,21
1747013577.9993634,4,8,-8
1747013578.0343633,45,-23,87
1747013578.0693634,75,-51,13
1747013578.1043634,-70,-12,17
1747013578.1403637,20,54,57
1747013578.1763637,21,-49,73
1747013578.2113633,19,-61,123
1747013578.247363,33,-3,187
1747013578.2823634,-1,-1,-6
1747013578.3173633,30,-9,159
1747013578.352363,-44,-64,55
1747013578.3883634,47,26,171
1747013578.4243634,17,-1,-2
1747013578.4593637,51,8,47
1747013578.4953637,-28,-29,-8
1747013578.530363,47,28,-66
1747013578.5653634,-64,54,29
1747013578.6003633,0,-9,67
1747013578.6363633,-20,-7,51
1747013578.6723633,-8,12,57
1747013578.7073634,-54,-53,105
1747013578.7433634,-64,26,189
1747013578.7783637,11,24,127
1747013578.8133633,31,36,57
1747013578.8483634,15,-31,45
1747013578.8843634,-49,68,109
1747013578.9203634,26,36,185
1747013578.9553633,66,-42,91
1747013578.9913633,60,19,36
1747013579.0263634,-25,49,68
1747013579.0613637,4,45,-77
1747013579.0963633,80,17,-143
1747013579.132363,-23,7,68
1747013579.168363,-1,-2,98
1747013579.2033634,41,12,116
1747013579.2393634,7,40,-3
1747013579.2743633,91,-28,104
1747013579.3093634,46,-43,24
1747013579.3453634,14,-69,74
1747013579.3803637,12,-45,70
1747013579.4163637,14,32,118
1747013579.451363,-131,26,178
1747013579.487363,80,-31,30
1747013579.5223634,30,-13,60
1747013579.5573633,-73,-21,106
1747013579.5933633,-28,11,86
1747013579.6283634,15,-20,46
1747013579.6643634,-24,22,-35
1747013579.6993637,19,10,-41
1747013579.7353632,0,-23,134
1747013579.770363,-2,-11,-49
1747013579.8053634,9,26,102
1747013579.8413634,-100,74,124
1747013579.8763633,19,-9,22
1747013579.9123633,-38,-41,86
1747013579.9473634,-36,-69,-131
1747013579.9833634,89,0,62
1747013580.0183637,-2,38,130
1747013580.053363,39,-57,140
1747013580.089363,43,18,108
1747013580.1243634,11,60,94
1747013580.1603634,-30,-15,108
1747013580.1953633,43,44,-15
1747013580.2313633,-40,-5,89
1747013580.2663634,24,71,95
1747013580.3013637,96,-51,51
1747013580.3373632,-61,29,216
1747013580.372363,-64,-21,66
1747013580.408363,86,-31,136
1747013580.4433634,1,-3,16
1747013580.4793634,29,2,122
1747013580.5143633,-1,-33,108
1747013580.5493634,24,-89,96
1747013580.5853634,-29,17,-13
1747013580.6203637,36,-96,58
1747013580.6563632,16,-53,46
1747013580.691363,-51,-11,108
1747013580.727363,12,35,92
1747013580.7623634,-21,-12,24
1747013580.7973633,152,-22,38
1747013580.8333633,-29,0,26
1747013580.8683634,-81,57,140
1747013580.9043634,38,25,-11
1747013580.9393632,-23,9,76
1747013580.9753633,-39,-13,90
1747013581.010363,-31,8,176
1747013581.0453634,44,46,-9
1747013581.0813634,17,4,76
1747013581.1163633,-11,48,112
1747013581.1523633,-103,-19,30
1747013581.1873634,-26,9,130
1747013581.2223637,-8,-24,116
1747013581.257363,-18,33,22
1747013581.293363,3,-60,60
1747013581.329363,47,21,5
1747013581.3643634,-16,39,87
1747013581.4003634,-36,55,43
1747013581.4353633,81,-21,111
1747013581.4703634,119,3,129
1747013581.5053637,11,-44,89
1747013581.5413637,29,-42,169
1747013581.5773633,21,43,32
1747013581.612363,-88,-72,68
1747013581.6483634,-18,-16,30
1747013581.6833634,-35,-25,132
1747013581.7183633,-1,106,182
1747013581.7533634,-66,-92,132
1747013581.7893634,-85,31,44
1747013581.8253634,-11,-54,202
1747013581.8603632,-65,-32,48
1747013581.8963633,-51,51,74
1747013581.931363,10,129,146
1747013581.9663634,20,1,14
1747013582.0013633,-109,1,-13
1747013582.0373633,-17,11,-3
1747013582.0733633,2,-14,74
1747013582.1083634,-52,112,64
1747013582.1443634,39,-45,20
1747013582.1793633,-26,-55,168
1747013582.214363,1,4,12
1747013582.2493634,51,-35,90
1747013582.2853634,29,-37,202
1747013582.3213634,3,-33,42
1747013582.3563633,-70,4,84
1747013582.3923633,20,10,116
1747013582.4273634,4,22,-7
1747013582.4623632,4,62,46
1747013582.497363,46,0,-77
1747013582.533363,-69,66,102
1747013582.5693634,28,-48,130
1747013582.6043634,-40,22,88
1747013582.6403637,18,79,78
1747013582.6753633,-13,-28,132
1747013582.7103634,12,87,-3
1747013582.7453637,-24,-34,170
1747013582.7813632,47,-27,104
1747013582.8173633,87,17,184
1747013582.852363,-2,-72,88
1747013582.8883634,-19,9,164
1747013582.9233634,34,1,162
1747013582.9583633,111,-22,30
1747013582.9933634,-56,15,48
1747013583.0293634,-79,-43,42
1747013583.0653634,70,-17,124
1747013583.1003633,62,-23,20
1747013583.1363633,-19,-15,80
1747013583.1713634,-65,-59,68
1747013583.2063634,46,-46,132
1747013583.2413633,25,-18,40
1747013583.2773633,-6,-56,122
1747013583.3133633,1,27,14
1747013583.3483634,-47,-55,-61
1747013583.3843634,-53,54,164
1747013583.4193633,-21,-3,-65
1747013583.454363,50,-9,116
1747013583.4893634,-3,54,146
1747013583.5253634,-3,70,-111
1747013583.5613637,27,-32,60
1747013583.5963633,9,47,86
1747013583.632363,-37,-56,108
1747013583.6673634,-33,81,70
1747013583.7023633,-1,-12,88
1747013583.737363,-33,-12,60
1747013583.7733634,-15,-30,8
1747013583.8093634,144,-64,112
1747013583.8443637,-27,-3,122
1747013583.8803637,-25,-24,-3
1747013583.9153633,-5,33,114
1747013583.9503634,20,11,54
1747013583.9853632,20,-35,-13
1747013584.0213633,32,-5,178
1747013584.0573633,-14,-8,222
1747013584.0923634,57,-8,122
1747013584.1283634,55,-32,-33
1747013584.1633637,-46,69,-17
1747013584.1983633,25,-20,256
1747013584.2343633,-60,-16,-50
1747013584.2693634,-87,8,115
1747013584.3053634,34,-61,59
1747013584.3403633,17,-40,127
1747013584.3763633,21,-6,151
1747013584.4113634,27,37,83
1747013584.4463634,-70,11,87
1747013584.4823637,-84,-30,-8
1747013584.5173633,-64,-2,89
1747013584.553363,-24,-30,31
1747013584.5883634,19,5,151
1747013584.6243634,51,19,11
1747013584.6593633,-26,-20,59
1747013584.6943634,-25,-54,69
1747013584.7303634,5,11,5
1747013584.7653637,33,7,67
1747013584.8013637,10,-38,57
1747013584.8363633,80,-124,-70
1747013584.872363,-8,-53,87
1747013584.9073634,21,-33,-46
1747013584.9423633,-11,-16,64
1747013584.9783633,19,-22,60
1747013585.0133634,-54,77,124
1747013585.0493634,0,83,21
1747013585.0843637,-54,83,169
1747013585.1203637,-54,5,41
1747013585.155363,-50,-61,57
1747013585.1903634,11,-11,141
1747013585.2263634,-44,2,-104
1747013585.2613633,43,-32,85
1747013585.2973633,13,-31,107
1747013585.3323634,-4,-73,71
1747013585.3683634,27,28,3
1747013585.4033637,39,0,87
1747013585.4383633,-49,-20,115
1747013585.474363,13,81,95
1747013585.5093634,7,8,49
1747013585.5453634,58,-46,123
1747013585.5803633,17,-60,99
1747013585.6163633,73,-5,15
1747013585.6513634,29,6,309
1747013585.6863637,39,-135,99
1747013585.7223637,-50,-1,65
1747013585.757363,-64,-25,159
1747013585.793363,-26,64,55
1747013585.8283634,-18,42,147
1747013585.8643634,31,-17,178
1747013585.8993633,-14,110,172
1747013585.9343634,-15,20,159
1747013585.9703634,24,38,97
1747013586.0053637,-78,88,-6
1747013586.0413637,103,-27,135
1747013586.076363,55,-27,154
1747013586.112363,7,6,241
1747013586.1483634,45,64,85
1747013586.1843634,31,46,67
1747013586.2203634,23,-29,-6
1747013586.2553637,-39,57,151
1747013586.2903633,28,-14,96
1747013586.326363,15,91,76
1747013586.362363,-19,51,142
1747013586.3973634,-34,-123,142
1747013586.4333634,-59,10,6
1747013586.4683633,4,-25,12
1747013586.5033634,3,27,-31
1747013586.5383637,21,106,40
1747013586.5743637,-18,-73,98
1747013586.6103632,-43,48,58
1747013586.645363,-45,-19,-13
1747013586.681363,86,40,35
1747013586.7163634,-74,-44,11
1747013586.7513633,-18,-22,125
1747013586.7863634,70,14,127
1747013586.8223634,-83,76,84
1747013586.8583634,-11,119,60
1747013586.8933637,70,-8,60
1747013586.9293633,28,69,84
1747013586.964363,3,-44,62
1747013586.9993634,-48,-16,96
1747013587.0343633,-15,43,-9
1747013587.0703633,-48,-11,144
1747013587.1063633,56,63,-51
1747013587.1413634,8,-18,150
1747013587.1773634,32,1,8
1747013587.2123632,26,13,30
1747013587.247363,-35,-10,-19
1747013587.2823634,-59,-24,0
1747013587.3183634,-77,19,14
1747013587.3543634,15,-7,98
1747013587.3893633,95,90,120
1747013587.4253633,23,22,155
1747013587.4673634,-12,34,43
1747013587.5033634,53,-19,25
1747013587.5383637,-42,48,22
1747013587.5743637,20,-33,206
1747013587.6103632,8,-71,6
1747013587.645363,52,64,120
1747013587.681363,-55,-17,30
1747013587.7163634,-10,-43,61
1747013587.7513633,-20,-25,121
1747013587.7863634,11,46,111
1747013587.8223634,-44,76,87
1747013587.8583634,5,-13,93
1747013587.8933637,10,1,-22
1747013587.9293633,-27,-22,133
1747013587.964363,-11,-30,232
1747013587.9993634,18,13,42
1747013588.0343633,68,-26,-23
1747013588.0703633,46,0,112
1747013588.1063633,-19,47,106
1747013588.1413634,56,-4,62
1747013588.1773634,1,32,-29
1747013588.2123632,-30,4,36
1747013588.247363,-2,-7,94
1747013588.2823634,35,-57,80
1747013588.3183634,19,-5,62
1747013588.3543634,-8,-27,44
1747013588.3893633,65,-5,106
1747013588.4253633,73,32,184
1747013588.4603634,57,-4,104
1747013588.4953637,21,19,148
1747013588.530363,34,52,62
1747013588.566363,12,44,22
1747013588.602363,-39,-28,14
1747013588.6373634,-31,20,0
1747013588.6733634,12,-34,128
1747013588.7083633,-33,27,176
1747013588.7433634,136,-21,12
1747013588.7783637,-71,-25,44
1747013588.8143632,14,14,234
1747013588.8503633,-48,-29,138
1747013588.885363,83,-5,103
1747013588.9213634,-107,61,149
1747013588.9563634,-3,85,79
1747013588.9913633,38,63,111
1747013589.0263634,52,-60,109
1747013589.0623634,-21,-30,117
1747013589.0983634,-64,-3,29
1747013589.1333632,80,111,37
1747013589.1693633,67,7,155
1747013589.204363,-68,-2,-38
1747013589.2393634,8,27,125
1747013589.2743633,20,113,113
1747013589.3103633,6,-16,75
1747013589.3463633,-14,57,5
1747013589.3813634,-67,25,99
1747013589.4173634,56,-30,129
1747013589.4523633,16,65,5
1747013589.487363,-11,11,101
1747013589.5233634,8,-10,91
1747013589.5583634,-43,15,5
1747013589.5943637,-61,-63,53
1747013589.6293633,-17,6,51
1747013589.6653633,31,33,71
1747013589.7003634,56,22,-76
1747013589.7353632,-29,33,115
1747013589.7713633,-5,-38,115
1747013589.806363,-15,51,115
1747013589.8423634,0,27,131
1747013589.8773634,-95,-14,37
1747013589.9133637,-5,-48,51
1747013589.9483633,-123,79,101
1747013589.9833634,10,-6,29
1747013590.0193634,34,19,199
1747013590.0543633,-3,31,-32
1747013590.0903633,14,-28,63
1747013590.125363,20,-38,105
1747013590.1613634,46,3,121
1747013590.1963634,2,19,-46
1747013590.2313633,-41,25,39
1747013590.2673633,-55,27,11
1747013590.3023634,43,-86,167
1747013590.3383634,-27,-46,17
1747013590.3733633,-16,-6,115
1747013590.4093633,-18,37,81
1747013590.4443634,-33,9,52
1747013590.4793634,67,32,-23
1747013590.5153637,18,-28,174
1747013590.5503633,-40,-23,142
1747013590.5863633,-56,-1,20
1747013590.6213634,-4,54,6
1747013590.6573634,31,-25,58
1747013590.6923633,61,-3,-35
1747013590.727363,0,2,22
1747013590.7633634,7,-43,-11
1747013590.7983634,49,-10,156
1747013590.8343637,-12,24,-27
1747013590.8693633,-34,80,94
1747013590.905363,-18,10,50
1747013590.9403634,-8,-23,140
1747013590.9753633,35,-13,22
1747013591.0113633,-4,-25,-149
1747013591.0463634,36,24,-101
1747013591.0823634,12,28,10
1747013591.1173637,56,30,110
1747013591.1533637,-14,-31,168
1747013591.1893632,78,-43,118
1747013591.224363,-81,-57,86
1747013591.2593634,-19,-19,136
1747013591.2953634,6,-34,60
1747013591.3313634,28,-27,-13
1747013591.3663633,41,-45,132
1747013591.4023633,-63,-27,10
1747013591.4373634,-82,-9,138
1747013591.4723637,-34,-29,-19
1747013591.507363,5,-4,-17
1747013591.543363,23,-51,124
1747013591.579363,27,-97,-29
1747013591.6143634,68,-4,-5
1747013591.6503634,-29,-12,6
1747013591.6853633,-22,14,-1
1747013591.7203634,-6,36,124
1747013591.7553637,-52,42,54
1747013591.7913637,21,-1,2
1747013591.8273633,-10,-50,98
1747013591.862363,57,5,96
1747013591.8983634,-2,-44,104
1747013591.9333634,-40,-85,62
1747013591.9683633,-40,68,182
1747013592.0033634,117,24,144
1747013592.0393634,49,50,-7
1747013592.0753634,-12,-39,32
1747013592.1103632,-78,80,34
1747013592.1463633,6,-2,126
1747013592.181363,-19,-2,118
1747013592.2163634,52,-14,-45
1747013592.2513633,46,-38,66
1747013592.2873633,-79,13,144
1747013592.3233633,10,-62,108
1747013592.3583634,-1,-16,28
1747013592.3943634,48,-88,142
1747013592.4293633,60,-48,176
1747013592.464363,46,23,180
1747013592.4993634,4,-12,130
1747013592.5353634,-3,-110,56
1747013592.5713634,-17,-26,12
1747013592.6063633,-5,21,44
1747013592.6423633,36,5,76
1747013592.6773634,80,-4,82
1747013592.7123632,32,55,6
1747013592.747363,-17,9,10
1747013592.783363,-7,31,10
1747013592.8193634,-42,-43,64
1747013592.8543634,-38,-16,84
1747013592.8903637,-18,93,-25
1747013592.9253633,-32,0,52
1747013592.9603634,-46,-28,110
1747013592.9953637,78,5,-19
1747013593.0313632,9,72,82
1747013593.0673633,-36,20,-49
1747013593.102363,32,53,20
1747013593.1383634,-23,-32,6
1747013593.1733634,2,7,86
1747013593.2083633,6,43,52
1747013593.2433634,-17,29,74
1747013593.2793634,0,19,94
1747013593.3153634,46,-64,68
1747013593.3503633,18,-24,-83
1747013593.3863633,6,-4,54
1747013593.4213634,52,19,32
1747013593.4563634,-19,31,34
1747013593.4913633,22,57,202
1747013593.5273633,-11,21,218
1747013593.5633633,49,40,144
1747013593.5983634,-54,72,-3
1747013593.6343634,127,-13,-43
1747013593.6693633,-24,76,-11
1747013593.704363,35,28,52
1747013593.7393634,27,32,-21
1747013593.7753634,35,-1,-11
1747013593.8113637,-6,16,104
1747013593.8463633,57,-9,24
1747013593.882363,16,35,-41
1747013593.9173634,-34,-35,172
1747013593.9523633,-34,42,-13
1747013593.987363,-56,26,8
1747013594.0233634,-22,-3,24
1747013594.0593634,19,65,40
1747013594.0943637,10,20,-27
1747013594.1303637,19,-30,66
1747013594.1653633,93,-87,130
1747013594.2003634,49,7,128
1747013594.2353632,-14,30,46
1747013594.2713633,-26,-3,50
1747013594.3073633,-22,38,92
1747013594.3423634,-7,-40,34
1747013594.3783634,-103,19,102
1747013594.4133637,8,-40,22
1747013594.4483633,4,-18,93
1747013594.4843633,40,45,54
1747013594.5193634,-59,0,-104
1747013594.5553634,-51,13,-22
1747013594.5903633,-21,0,21
1747013594.6263633,22,-4,19
1747013594.6613634,108,17,57
1747013594.6963634,44,0,169
1747013594.7323637,-58,-1,111
1747013594.7673633,-7,51,93
1747013594.803363,-26,1,61
1747013594.8383634,31,38,-63
1747013594.8743634,-28,-101,168
1747013594.9093633,-52,-12,28
1747013594.9443634,-34,4,114
1747013594.9803634,1,26,116
1747013595.0153637,21,-5,48
1747013595.0513637,-78,-1,116
1747013595.0863633,-30,37,98
1747013595.122363,-8,-6,42
1747013595.1573634,9,-71,-29
1747013595.1923633,23,-65,88
1747013595.2283633,11,-28,124
1747013595.2633634,51,24,94
1747013595.2993634,-62,-61,-15
1747013595.3343637,15,-5,82
1747013595.3703637,17,8,-37
1747013595.405363,-22,-54,39
1747013595.4403634,37,21,29
1747013595.4763634,-22,76,83
1747013595.5113633,27,28,-30
1747013595.5473633,85,10,49
1747013595.5823634,6,12,51
1747013595.6183634,10,52,59
1747013595.6533637,-69,-2,41
1747013595.6883633,2,21,117
1747013595.724363,16,-6,65
1747013595.7593634,-21,57,95
1747013595.7953634,6,-34,93
1747013595.8303633,30,19,-47
1747013595.8663633,2,-41,56
1747013595.9013634,28,-63,-35
1747013595.9363637,-42,-42,14
1747013595.9723637,38,58,132
1747013596.007363,-45,-21,50
1747013596.043363,104,8,156
1747013596.0783634,-15,1,72
1747013596.1143634,2,3,48
1747013596.1493633,94,15,56
1747013596.1843634,7,-14,72
1747013596.2203634,-59,59,98
1747013596.2553637,49,64,40
1747013596.2913637,0,63,52
1747013596.326363,-11,31,-15
1747013596.3613634,65,14,110
1747013596.3963633,64,-22,-11
1747013596.4323633,-47,3,100
1747013596.4683633,52,-8,-17
1747013596.5033634,6,1,-7
1747013596.5393634,-33,-62,74
1747013596.5743637,-36,-65,118
1747013596.6093633,-7,67,126
1747013596.6443634,24,-10,42
1747013596.6803634,66,-50,112
1747013596.7163634,-17,-2,56
1747013596.7513633,46,-12,-1
1747013596.7873633,90,-12,246
1747013596.8223634,-23,-20,94
1747013596.8573637,-55,-18,92
1747013596.8923633,32,-30,92
1747013596.928363,11,-24,40
1747013596.964363,-44,35,102
1747013596.9993634,8,-58,-152
1747013597.0353634,33,34,88
1747013597.0703633,20,-6,143
1747013597.1053634,16,-32,67
1747013597.1403637,26,-16,7
1747013597.1763637,30,0,153
1747013597.2123632,-21,-6,67
1747013597.247363,90,-26,59
1747013597.283363,-33,-58,135
1747013597.3183634,14,9,59
1747013597.3533633,54,61,65
1747013597.3883634,-33,5,3
1747013597.4243634,-47,58,219
1747013597.4603634,-29,-39,-116
1747013597.5023634,-59,20,187
1747013597.5393634,80,24,147
1747013597.5743637,11,-31,70
1747013597.6093633,56,-11,13
1747013597.6443634,4,-17,29
1747013597.6803634,-6,14,105
1747013597.7163634,5,-107,243
1747013597.7513633,-39,-1,39
1747013597.7873633,-81,-23,67
1747013597.8223634,-21,34,133
1747013597.8573637,28,14,65
1747013597.8923633,-57,-33,103
1747013597.928363,21,-92,59
1747013597.964363,75,67,-20
1747013597.9993634,-50,21,11
1747013598.0353634,19,59,-27
1747013598.0703633,-10,-71,112
1747013598.1053634,-40,52,154
1747013598.1403637,33,-19,46
1747013598.1763637,-2,66,48
1747013598.2123632,51,-35,76
1747013598.247363,37,10,70
1747013598.283363,-6,-27,175
1747013598.3183634,-18,-77,45
1747013598.3533633,67,14,149
1747013598.3883634,13,42,183
1747013598.4243634,29,-37,-18
1747013598.4603634,70,20,73
1747013598.4953637,11,-16,99
1747013598.5313632,12,4,60
1747013598.566363,-36,21,100
1747013598.6013634,-38,15,71
1747013598.6363633,16,-95,35
1747013598.6723633,74,16,45
1747013598.7083633,-17,-1,-4
1747013598.7433634,17,66,123
1747013598.7793634,-40,32,89
1747013598.8143632,37,90,139
1747013598.849363,9,-15,89
1747013598.8843634,44,-61,147
1747013598.9203634,32,-55,29
1747013598.9563634,38,6,247
1747013598.9913633,-26,-5,105
1747013599.0273633,-32,48,-18
1747013599.0623634,6,46,91
1747013599.0973637,-29,0,95
1747013599.132363,25,6,59
1747013599.168363,-18,2,59
1747013599.204363,28,-18,61
1747013599.2393634,88,-30,0
1747013599.2753634,-7,-22,91
1747013599.3103633,36,-22,-20
1747013599.3453634,-5,31,51
1747013599.3803637,-40,46,23
1747013599.4163637,-19,-4,123
1747013599.4523633,-14,64,43
1747013599.487363,-81,-38,75
1747013599.5233634,-45,25,87
1747013599.5583634,76,15,93
1747013599.5933633,-59,-18,59
1747013599.6293633,12,-24,150
1747013599.6643634,8,-16,70
1747013599.7003634,54,-34,19
1747013599.7353632,6,15,134
1747013599.7713633,15,-53,58
1747013599.806363,34,10,26
1747013599.8413634,-133,-4,100
1747013599.8773634,20,28,120
1747013599.9123633,32,52,104
1747013599.9483633,-47,-17,116
1747013599.9833634,32,-85,134
1747013600.0193634,38,36,150
1747013600.0543633,-15,-41,82
1747013600.0913634,-60,67,84
1747013600.1263633,-62,-84,61
1747013600.1613634,7,-18,67
1747013600.1973634,69,-14,-42
1747013600.2323637,48,-76,-22
1747013600.2683637,-65,-26,15
1747013600.303363,30,-87,116
1747013600.339363,48,28,132
1747013600.3743634,14,66,80
1747013600.4093633,34,-59,-95
1747013600.4453633,-7,-48,54
1747013600.4803634,30,73,64
1747013600.5163634,-1,-12,98
1747013600.5513637,-37,15,-5
1747013600.5873632,-42,-2,118
1747013600.622363,-28,-18,110
1747013600.6573634,-20,13,-27
1747013600.6933634,11,18,132
1747013600.7283633,-16,58,116
1747013600.7643633,13,-13,-61
1747013600.7993634,-22,22,-82
1747013600.8353634,-92,-30,108
1747013600.8703637,3,-36,17
1747013600.905363,-70,-21,31
1747013600.941363,5,-55,7
1747013600.9763634,19,-15,289
1747013601.0123634,-2,84,127
1747013601.0473633,-12,44,87
1747013601.0833633,12,-2,79
1747013601.1183634,-47,-8,65
1747013601.1533637,-7,-92,133
1747013601.1893632,6,9,41
1747013601.224363,18,25,109
1747013601.260363,38,5,67
1747013601.2953634,16,-76,75
1747013601.3313634,4,57,47
1747013601.3673637,3,-21,55
1747013601.4023633,0,-7,27
1747013601.4373634,16,-28,23
1747013601.4733634,48,27,75
1747013601.5093634,26,-6,29
1747013601.5443633,24,-76,35
1747013601.5803633,-28,-4,181
1747013601.6153634,-22,27,137
1747013601.6503634,-64,17,115
1747013601.6853633,-63,-36,-10
1747013601.7213633,30,-14,19
1747013601.757363,1,51,75
1747013601.7923634,37,-14,15
1747013601.8283634,-4,17,17
1747013601.8633633,59,3,19
1747013601.8983634,-29,-2,121
1747013601.9333634,26,-6,-4
1747013601.9693637,8,75,-46
1747013602.0053637,68,-18,141
1747013602.0403633,23,-44,17
1747013602.076363,8,1,91
1747013602.1113634,-11,-4,-40
1747013602.1463633,-30,-28,117
1747013602.181363,18,29,67
1747013602.2173634,83,-19,119
1747013602.2533634,98,-8,79
1747013602.2883637,-5,45,115
1747013602.3243637,22,59,-10
1747013602.3593633,-33,-26,217
1747013602.3943634,-71,-32,11
1747013602.4293633,-9,39,-6
1747013602.4653633,24,80,91
1747013602.5013633,-39,10,153
1747013602.5363634,18,44,31
1747013602.5723634,-41,-13,87
1747013602.6073637,122,6,113
1747013602.6423633,32,74,37
1747013602.6773634,0,-42,57
1747013602.7133634,59,3,73
1747013602.7493634,-12,-104,179
1747013602.7843633,-52,27,99
1747013602.8203633,35,-12,63
1747013602.8553634,99,-2,71
1747013602.8903637,29,7,87
1747013602.9253633,-46,3,115
1747013602.9613633,95,13,55
1747013602.997363,13,59,27
1747013603.0323634,-16,-9,197
1747013603.0683634,-34,12,93
1747013603.1033633,-36,77,31
1747013603.1383634,24,-26,5
1747013603.1733634,2,-24,89
1747013603.2093637,-83,62,25
1747013603.2453637,-28,-10,101
1747013603.280363,-76,95,43
1747013603.316363,-22,77,127
1747013603.3513634,-56,-32,27
1747013603.3863633,11,21,35
1747013603.4213634,67,65,153
1747013603.4573634,-8,5,7
1747013603.4933634,83,51,71
1747013603.5283637,58,-10,87
1747013603.5643632,6,-2,-10
1747013603.599363,77,93,11
1747013603.6343634,4,71,47
1747013603.6693633,98,13,71
1747013603.7053633,11,-14,53
1747013603.7413633,-87,-25,189
1747013603.7763634,-15,-23,85
1747013603.8123634,4,-19,11
1747013603.8473637,53,-4,57
1747013603.882363,13,30,-62
1747013603.9173634,0,111,-8
1747013603.9533634,31,-19,83
1747013603.9893634,-12,25,93
1747013604.0243633,-10,25,75
1747013604.0603633,17,-2,61
1747013604.0953634,-5,1,77
1747013604.1303637,4,-18,47
1747013604.1653633,50,-7,115
1747013604.201363,-101,-6,49
1747013604.237363,-29,17,-34
1747013604.2723634,36,-34,41
1747013604.3083634,-48,-24,65
1747013604.3433633,-60,37,71
1747013604.3783634,11,-20,29
1747013604.4133637,-10,81,13
1747013604.4493637,19,39,87
1747013604.4853632,-120,15,113
1747013604.520363,13,-68,49
1747013604.556363,-65,42,-44
1747013604.5913634,-19,-56,61
1747013604.6263633,-56,17,-68
1747013604.6623633,-9,25,13
1747013604.6973634,26,-31,81
1747013604.7333634,58,-51,137
1747013604.7683637,52,79,-124
1747013604.8043633,50,-19,115
1747013604.839363,-22,-26,-98
1747013604.8743634,0,-37,65
1747013604.9103634,-36,47,-18
1747013604.9453633,-64,-26,-12
1747013604.9813633,-48,29,87
1747013605.0163634,-70,-4,131
1747013605.0523634,27,-12,9
1747013605.0873632,-52,83,13
1747013605.122363,-14,-16,-34
1747013605.158363,-10,-20,-6
1747013605.1933634,30,50,-10
1747013605.2293634,20,0,-6
1747013605.2643633,58,-43,79
1747013605.3003633,42,-3,48
1747013605.3353634,-33,44,82
1747013605.3703637,-25,-17,74
1747013605.4063632,22,-27,84
1747013605.441363,8,-91,148
1747013605.477363,51,-1,126
1747013605.5123634,-52,-39,132
1747013605.5483634,-4,49,158
1747013605.5833633,27,-48,68
1747013605.6183634,16,56,126
1747013605.6543634,-53,-39,166
1747013605.6893632,-45,32,118
1747013605.7253633,50,-19,-31
1747013605.760363,22,62,52
1747013605.7963634,82,-35,132
1747013605.8313634,6,-13,74
1747013605.8663633,16,-51,2
1747013605.9023633,-15,14,62
1747013605.9373634,-35,-73,98
1747013605.9733634,34,76,72
1747013606.0083632,16,8,92
1747013606.0443633,-47,-5,64
1747013606.079363,14,-35,-49
1747013606.1143634,-44,-22,-43
1747013606.1503634,-114,-5,16
1747013606.1853633,-53,-1,-11
1747013606.2213633,-37,-45,94
1747013606.2563634,26,-45,102
1747013606.2923634,-27,24,152
1747013606.3273633,-15,-15,172
1747013606.362363,10,-9,112
1747013606.3983634,38,-27,-31
1747013606.4333634,-63,20,172
1747013606.4693637,51,66,22
1747013606.5043633,9,12,-1
1747013606.5403633,27,20,-17
1747013606.576363,103,-61,72
1747013606.6113634,19,-9,134
1747013606.6463633,40,-53,-31
1747013606.6823633,-25,26,-33
1747013606.7183633,-43,-7,36
1747013606.7533634,48,2,34
1747013606.7893634,6,-83,102
1747013606.8243637,-20,-47,152
1747013606.8593633,-49,-5,36
1747013606.8943634,49,48,-89
1747013606.9303634,-48,-37,60
1747013606.9663634,-20,64,156
1747013607.0013633,47,-3,80
1747013607.0373633,-10,0,-57
1747013607.0723634,-12,-17,96
1747013607.1073637,-50,-47,78
1747013607.1423633,27,84,38
1747013607.178363,-68,-11,90
1747013607.214363,28,-98,-37
1747013607.2493634,-67,8,70
1747013607.2853634,-17,-57,4
1747013607.3203633,0,-55,112
1747013607.3553634,8,-1,0
1747013607.3903637,-29,-3,138
1747013607.4263637,25,-43,-41
1747013607.4623632,-15,-57,20
1747013607.5043633,32,-15,98
1747013607.5413637,-41,-15,88
1747013607.576363,18,-3,10
1747013607.6113634,33,-143,40
1747013607.6463633,47,-36,10
1747013607.6823633,-28,-22,-72
1747013607.7183633,-36,5,11
1747013607.7533634,-8,48,79
1747013607.7893634,14,-43,75
1747013607.8243637,8,3,98
1747013607.8593633,-73,-28,70
1747013607.8943634,54,-58,101
1747013607.9303634,88,47,143
1747013607.9663634,-25,77,43
1747013608.0013633,-51,-64,89
1747013608.0373633,28,-50,21
1747013608.0723634,-25,33,55
1747013608.1073637,69,59,91
1747013608.1423633,-42,2,-32
1747013608.178363,-42,-21,-6
1747013608.214363,27,22,129
1747013608.2493634,-34,-31,145
1747013608.2853634,-30,-13,31
1747013608.3203633,13,-59,-49
1747013608.3553634,-72,71,-127
1747013608.3903637,-48,-56,112
1747013608.4263637,11,-78,28
1747013608.4623632,47,6,234
1747013608.497363,-34,-11,206
1747013608.533363,-16,-17,52
1747013608.5683634,15,42,24
1747013608.6033633,-9,-14,14
1747013608.6383634,-9,31,158
1747013608.6743634,64,-28,30
1747013608.7103634,-17,-12,84
1747013608.7453637,42,-40,108
1747013608.7813632,28,-68,20
1747013608.816363,10,-26,62
1747013608.8513634,-37,39,68
1747013608.8863633,24,39,42
1747013608.9223633,-21,15,160
1747013608.9583633,0,27,116
1747013608.9933634,-13,-50,-77
1747013609.0293634,40,47,130
1747013609.0643632,-63,-8,98
1747013609.099363,-53,11,96
1747013609.1343634,-17,33,58
1747013609.1703634,6,85,12
1747013609.2063634,-67,-16,16
1747013609.2413633,4,12,76
1747013609.2773633,20,-37,34
1747013609.3123634,-189,-3,-15
1747013609.3473637,18,-59,218
1747013609.382363,-1,10,58
1747013609.418363,34,-65,124
1747013609.454363,74,24,6
1747013609.4893634,82,10,30
1747013609.5253634,54,12,66
1747013609.5603633,14,-50,-17
1747013609.5953634,-47,30,52
1747013609.6303637,22,-78,140
1747013609.6663637,-5,-64,6
1747013609.7023633,0,-28,12
1747013609.737363,49,24,5
1747013609.7733634,33,-15,151
1747013609.8083634,-10,30,78
1747013609.8433633,-14,19,247
1747013609.8793633,31,-9,-62
1747013609.9143634,-44,-7,5
1747013609.9503634,-5,-6,-21
1747013609.9853632,38,0,108
1747013610.0213633,43,51,148
1747013610.056363,31,32,163
1747013610.0913634,-2,2,40
1747013610.1273634,-36,-53,16
1747013610.1623633,-8,3,137
1747013610.1983633,33,-8,109
1747013610.2333634,-64,20,149
1747013610.2693634,14,5,7
1747013610.3043633,-7,-58,131
1747013610.339363,34,-20,91
1747013610.375363,-20,-33,29
1747013610.4103634,32,-20,122
1747013610.4463634,-83,37,-45
1747013610.4813633,0,-22,18
1747013610.5173633,-6,56,119
1747013610.5523634,-83,63,13
1747013610.5873632,22,3,57
1747013610.6233633,-85,-8,111
1747013610.658363,76,-20,93
1747013610.6943634,-101,-6,63
1747013610.7293634,43,0,10
1747013610.7653637,15,25,-1
1747013610.8003633,30,-92,100
1747013610.8353634,0,-18,171
1747013610.8713634,59,-93,95
1747013610.9063632,23,108,117
1747013610.9423633,7,64,99
1747013610.977363,14,37,79
1747013611.0133634,22,37,1
1747013611.0483634,-20,-34,147
1747013611.0833633,-38,8,-61
1747013611.1193633,84,-56,65
1747013611.1543634,-3,-33,111
1747013611.1903634,-3,42,90
1747013611.2253633,-31,-19,100
1747013611.2613633,-7,-75,124
1747013611.2963634,-91,-29,-1
1747013611.3313634,-29,-35,194
1747013611.3673637,74,50,52
1747013611.4023633,-51,-111,58
1747013611.4383633,60,46,130
1747013611.4733634,-16,0,52
1747013611.5093634,-10,3,108
1747013611.5453634,25,1,-21
1747013611.5813634,21,55,14
1747013611.6173637,13,-78,100
1747013611.6523633,-56,45,175
1747013611.6873634,-53,-19,36
1747013611.7233634,-19,60,133
1747013611.7593634,-9,-59,217
1747013611.7943633,28,-1,-44
1747013611.8303633,40,4,62
1747013611.8653634,40,30,0
1747013611.9003634,3,31,71
1747013611.9353633,27,29,54
1747013611.9713633,55,83,50
1747013612.007363,15,-36,89
1747013612.0423634,27,33,-41
1747013612.0783634,22,11,108
1747013612.1133633,10,3,56
1747013612.1483634,26,51,108
1747013612.1833634,4,-67,118
1747013612.2193637,-11,58,108
1747013612.2553637,-11,2,108
1747013612.2903633,31,47,6
1747013612.326363,39,17,231
1747013612.3613634,5,109,120
1747013612.3963633,51,3,28
1747013612.431363,-44,0,-20
1747013612.4673634,-29,-29,-88
1747013612.5033634,-77,34,115
1747013612.5383637,42,10,45
1747013612.5743637,62,74,121
1747013612.6093633,50,-44,-4
1747013612.6443634,76,-50,111
1747013612.6793633,1,32,33
1747013612.7153633,63,-55,11
1747013612.7513633,11,-9,115
1747013612.7863634,21,-63,-58
1747013612.8223634,27,126,29
1747013612.8573637,-47,4,23
1747013612.8923633,85,-21,15
1747013612.9273634,17,-29,95
1747013612.9633634,72,22,-4
1747013612.9993634,7,-72,60
1747013613.0343633,-64,20,125
1747013613.0703633,-10,43,77
1747013613.1053634,-52,28,47
1747013613.1403637,-12,-11,136
1747013613.1753633,-70,-55,-94
1747013613.2113633,7,-21,83
1747013613.247363,145,-23,49
1747013613.2823634,47,28,47
1747013613.3183634,-63,17,97
1747013613.3533633,149,18,-2
1747013613.3883634,-70,56,79
1747013613.4233634,67,12,130
1747013613.4593637,-24,-5,137
1747013613.4953637,49,26,19
1747013613.530363,-24,44,39
1747013613.566363,29,8,41
1747013613.6013634,73,58,149
1747013613.6363633,-8,-11,-66
1747013613.6713634,40,-8,197
1747013613.7073634,-89,-12,161
1747013613.7433634,8,-52,117
1747013613.7783637,8,-82,21
1747013613.8143632,-70,14,83
1747013613.849363,-34,-49,-16
1747013613.8843634,21,46,89
1747013613.9193633,9,-23,11
1747013613.9553633,-2,-64,37
1747013613.9913633,29,-22,185
1747013614.0263634,9,-8,51
1747013614.0623634,17,-16,145
1747013614.0973637,85,45,29
1747013614.132363,65,-14,29
1747013614.1673634,-56,-38,171
1747013614.2033634,27,27,49
1747013614.2393634,-61,27,103
1747013614.2743633,-35,17,15
1747013614.3103633,-23,27,107
1747013614.3453634,28,23,169
1747013614.3803637,8,19,57
1747013614.4153633,46,-14,-56
1747013614.451363,38,-2,123
1747013614.487363,14,-20,27
1747013614.5223634,76,1,63
1747013614.5583634,30,-56,153
1747013614.5933633,-2,18,31
1747013614.6283634,62,91,139
1747013614.6633637,-37,-24,113
1747013614.6993637,80,-18,173
1747013614.7353632,-45,-24,31
1747013614.770363,-16,-27,85
1747013614.806363,48,67,33
1747013614.8413634,51,-25,55
1747013614.8763633,-53,121,61
1747013614.9123633,45,-35,85
1747013614.9473634,69,-29,45
1747013614.9833634,-10,-19,63
1747013615.0183637,-62,2,5
1747013615.0543633,57,-3,37
1747013615.089363,-28,54,97
1747013615.1243634,3,-19,101
1747013615.1603634,-16,-69,57
1747013615.1953633,-18,4,207
1747013615.2313633,-47,13,-4
1747013615.2663634,-60,-43,69
1747013615.3023634,9,12,189
1747013615.3373632,-4,-61,123
1747013615.372363,106,11,55
1747013615.408363,10,-22,27
1747013615.4433634,35,18,9
1747013615.4793634,83,-61,175
1747013615.5143633,54,-8,131
1747013615.5503633,-92,-16,103
1747013615.5853634,29,19,59
1747013615.6203637,11,-10,-32
1747013615.6563632,-45,-38,99
1747013615.691363,-9,-54,63
1747013615.727363,13,-67,85
1747013615.7623634,-75,51,-94
1747013615.7983634,-15,-52,73
1747013615.8333633,-81,21,79
1747013615.8683634,24,-58,71
1747013615.9043634,26,27,141
1747013615.9393632,30,-16,177
1747013615.9753633,25,-52,137
1747013616.010363,45,74,119
1747013616.0463634,45,42,17
1747013616.0813634,-10,30,43
1747013616.1163633,73,24,119
1747013616.1523633,11,27,13
1747013616.1873634,-40,-6,65
1747013616.2233634,-38,33,31
1747013616.2583632,31,-3,37
1747013616.2943633,54,-82,101
1747013616.329363,22,-20,-20
1747013616.3643634,-8,39,25
1747013616.4003634,-73,56,-4
1747013616.4353633,40,14,23
1747013616.4713633,48,-67,-62
1747013616.5063634,56,16,175
1747013616.5423634,-25,32,17
1747013616.5773633,42,-45,37
1747013616.612363,-23,18,119
1747013616.6483634,-1,58,45
1747013616.6833634,20,54,13
1747013616.7193637,-29,64,-18
1747013616.7543633,56,-11,71
1747013616.7893634,-48,8,110
1747013616.8243637,-20,60,44
1747013616.8603632,-4,12,44
1747013616.8963633,3,9,4
1747013616.931363,-60,43,-29
1747013616.9673634,-5,11,29
1747013617.0023634,58,-24,-46
1747013617.0373633,14,-98,251
1747013617.0723634,-11,-34,23
1747013617.1083634,50,37,123
1747013617.1443634,-59,-32,12
1747013617.1793633,30,0,93
1747013617.2153633,36,-5,-36
1747013617.250363,16,-10,30
1747013617.2853634,20,31,129
1747013617.3203633,-3,25,25
1747013617.3563633,-43,29,73
1747013617.3923633,16,-36,9
1747013617.4273634,80,9,113
1747013617.4633634,-15,49,45
1747013617.5053637,-17,17,77
1747013617.5413637,-30,-92,-28
1747013617.576363,-16,-44,129
1747013617.612363,-52,-28,56
1747013617.6483634,0,-28,-25
1747013617.6833634,-72,72,44
1747013617.7193637,13,52,72
1747013617.7543633,-84,-15,188
1747013617.7893634,-32,-29,150
1747013617.8243637,-64,-11,-29
1747013617.8603632,23,-78,96
1747013617.8963633,-22,37,-33
1747013617.931363,29,-46,34
1747013617.9673634,-36,-2,50
1747013618.0023634,72,74,36
1747013618.0373633,-37,-64,96
1747013618.0723634,0,25,98
1747013618.1083634,75,-32,-9
1747013618.1443634,27,-30,128
1747013618.1793633,-110,-4,-67
1747013618.2153633,13,-8,50
1747013618.250363,-50,26,44
1747013618.2853634,-26,6,42
1747013618.3203633,9,-26,174
1747013618.3563633,-38,-68,144
1747013618.3923633,-50,-46,124
1747013618.4273634,5,6,232
1747013618.4633634,-10,-7,86
1747013618.4983633,-54,4,-21
1747013618.533363,12,13,58
1747013618.5683634,-19,33,76
1747013618.6043634,28,-18,-45
1747013618.6403637,-28,4,74
1747013618.6753633,45,34,26
1747013618.7113633,36,3,74
1747013618.7463634,31,-85,116
1747013618.7813632,21,40,126
1747013618.816363,47,86,62
1747013618.852363,85,-15,-1
1747013618.8883634,-38,-29,16
1747013618.9233634,-6,-5,-19
1747013618.9593637,-9,15,54
1747013618.9943633,8,-24,60
1747013619.0293634,-59,-24,188
1747013619.0643632,38,31,109
1747013619.1003633,46,23,89
1747013619.1363633,11,-35,72
1747013619.1713634,1,20,108
1747013619.2073634,65,-43,60
1747013619.2423637,17,-35,64
1747013619.2773633,43,78,80
1747013619.3123634,71,4,134
1747013619.3483634,-46,-7,122
1747013619.3843634,54,17,20
1747013619.4193633,-1,41,104
1747013619.4553633,0,44,268
1747013619.4903634,-40,-23,192
1747013619.5253634,15,-34,60
1747013619.5603633,-30,19,62
1747013619.5963633,85,81,6
1747013619.632363,63,-43,52
1747013619.6673634,-16,-47,14
1747013619.7033634,-20,-9,88
1747013619.7383633,-52,-3,70
1747013619.7733634,59,26,-17
1747013619.8083634,47,-35,16
1747013619.8443637,-55,23,62
1747013619.8803637,-85,63,158
1747013619.9153633,27,37,84
1747013619.951363,-3,-50,119
1747013619.9863634,39,51,176
1747013620.0213633,23,11,186
1747013620.0573633,21,36,64
1747013620.0923634,-88,1,-153
1747013620.1283634,-26,9,76
1747013620.1633637,8,15,74
1747013620.1993637,-33,-12,68
1747013620.2343633,-18,42,104
1747013620.2693634,-7,-32,-37
1747013620.3053634,39,0,160
1747013620.3403633,61,61,51
1747013620.3763633,65,38,93
1747013620.4113634,1,-53,64
1747013620.4473634,63,-11,62
1747013620.4823637,5,-17,302
1747013620.5173633,91,0,84
1747013620.553363,13,-13,110
1747013620.5883634,-20,-33,68
1747013620.6243634,3,-38,186
1747013620.6593633,11,-28,2
1747013620.6953633,53,-44,24
1747013620.7303634,-44,-15,150
1747013620.7653637,-22,-11,142
1747013620.8013637,3,32,54
1747013620.8363633,-70,-11,34
1747013620.872363,-8,-13,86
1747013620.9073634,-66,2,-1
1747013620.9433634,67,98,111
1747013620.9783633,11,-24,81
1747013621.0133634,5,41,201
1747013621.0493634,45,3,75
1747013621.0843637,17,25,68
1747013621.1203637,17,27,146
1747013621.155363,29,15,74
1747013621.191363,21,17,-49
1747013621.2263634,53,-6,170
1747013621.2613633,57,-106,5
1747013621.2973633,17,7,134
1747013621.3323634,89,-34,-2
1747013621.3683634,-71,0,9
1747013621.4033637,38,-1,195
1747013621.4393632,39,-37,149
1747013621.474363,15,-25,45
1747013621.5093634,1,58,-18
1747013621.5453634,-44,-13,87
1747013621.5803633,-35,37,38
1747013621.6163633,-54,-35,30
1747013621.6513634,33,0,59
1747013621.6873634,-10,-45,45
1747013621.7233634,-29,-34,193
1747013621.7593634,63,-29,99
1747013621.7953634,56,20,25
1747013621.8303633,-38,22,51
1747013621.8653634,52,22,127
1747013621.9013634,-93,-41,41
1747013621.9373634,72,54,61
1747013621.9723637,-3,-29,115
1747013622.0083632,36,48,105
1747013622.043363,18,-85,195
1747013622.0783634,-16,38,99
1747013622.1133633,-69,-3,0
1747013622.1493633,85,64,38
1747013622.1853633,21,80,170
1747013622.2203634,-56,-3,56
1747013622.2563634,77,-37,43
1747013622.2913637,37,-12,-24
1747013622.326363,-30,-47,73
1747013622.3613634,-8,17,129
1747013622.3973634,85,60,111
1747013622.4333634,5,-23,105
1747013622.4683633,107,8,-2
1747013622.5043633,-18,54,57
1747013622.5393634,-18,-21,68
1747013622.5743637,-70,26,60
1747013622.6093633,49,56,90
1747013622.645363,-36,-19,-95
1747013622.681363,-30,-25,14
1747013622.7163634,-2,11,10
1747013622.7523634,-24,47,44
1747013622.7873633,33,0,60
1747013622.8223634,-6,-19,-27
1747013622.8573637,33,14,-51
1747013622.8933637,-58,4,-13
1747013622.9293633,23,-123,72
1747013622.964363,91,24,106
1747013623.000363,-40,0,152
1747013623.0353634,-68,28,-25
1747013623.0703633,100,95,87
1747013623.1053634,65,22,157
1747013623.1413634,-58,-53,107
1747013623.1773634,22,-42,35
1747013623.2123632,62,-8,123
1747013623.2483633,-9,-20,83
1747013623.283363,-5,69,63
1747013623.3183634,-47,37,111
1747013623.3533633,10,-38,69
1747013623.3893633,-79,-14,33
1747013623.4253633,8,3,83
1747013623.4603634,5,-54,151
1747013623.4963634,-12,-28,-112
1747013623.5313632,47,-4,67
1747013623.566363,-30,11,141
1747013623.6013634,120,82,159
1747013623.6373634,-37,10,153
1747013623.6733634,-15,-54,43
1747013623.7083633,-15,45,150
1747013623.7443633,-5,-34,64
1747013623.7793634,-38,-13,130
1747013623.8143632,29,12,135
1747013623.849363,81,-59,67
1747013623.885363,77,-37,111
1747013623.9213634,-4,74,-14
1747013623.9563634,25,-12,-38
1747013623.9923637,107,-39,55
1747013624.0273633,13,-12,101
1747013624.0623634,-20,-26,123
1747013624.0973637,0,1,269
1747013624.1333632,-17,7,95
1747013624.1693633,44,-52,100
1747013624.204363,-91,27,92
1747013624.2403634,-85,0,146
1747013624.2753634,16,0,158
1747013624.3103633,0,21,106
1747013624.3453634,0,31,54
1747013624.3813634,-39,-54,-4
1747013624.4173634,-49,64,37
1747013624.4523633,-25,-97,41
1747013624.4883633,50,-29,49
1747013624.5233634,28,-29,31
1747013624.5583634,-11,-5,39
1747013624.5933633,-72,-22,20
1747013624.6293633,-7,0,-1
1747013624.6653633,-93,68,206
1747013624.7003634,53,95,168
1747013624.7363634,-90,-18,-49
1747013624.7713633,99,-20,190
1747013624.806363,63,31,-5
1747013624.8413634,1,56,60
1747013624.8773634,-58,-11,142
1747013624.9133637,13,-3,118
1747013624.9483633,-38,22,66
1747013624.9843633,0,6,100
1747013625.0193634,-40,-3,18
1747013625.0543633,46,22,50
1747013625.0903633,-89,-1,140
1747013625.125363,40,-25,88
1747013625.1613634,-1,-35,52
1747013625.1963634,12,-15,46
1747013625.2323637,-17,-25,152
1747013625.2673633,-21,10,59
1747013625.3023634,-8,-58,-60
1747013625.3383634,29,-43,107
1747013625.3733633,7,2,57
1747013625.4093633,-53,8,63
1747013625.4443634,-81,35,33
1747013625.4803634,0,-25,65
1747013625.5153637,38,-47,3
1747013625.5503633,-111,-109,-50
1747013625.5863633,-73,4,59
1747013625.6213634,-12,0,-32
1747013625.6573634,-4,59,25
1747013625.6923633,77,-64,29
1747013625.7283633,9,25,35
1747013625.7633634,-22,-10,9
1747013625.7983634,37,-44,61
1747013625.8343637,77,-14,-24
1747013625.8693633,15,-50,-24
1747013625.905363,59,45,77
1747013625.9403634,-87,-25,131
1747013625.9763634,31,-32,-46
1747013626.0113633,35,1,77
1747013626.0463634,-16,7,-40
1747013626.0823634,19,-6,39
1747013626.1173637,7,-24,7
1747013626.1533637,69,105,155
1747013626.1883633,-28,93,225
1747013626.224363,-1,-75,75
1747013626.2593634,45,-16,-36
1747013626.2943633,-52,45,117
1747013626.3303633,51,1,197
1747013626.3653634,107,-32,79
1747013626.4013634,60,57,65
1747013626.4363637,-12,-4,123
1747013626.4723637,-12,7,73
1747013626.507363,43,47,61
1747013626.5423634,17,15,-46
1747013626.5783634,-74,37,-12
1747013626.6133633,-22,41,67
1747013626.6493633,16,-2,-12
1747013626.6843634,0,-23,153
1747013626.7203634,29,-62,155
1747013626.7553637,97,6,75
1747013626.7903633,24,100,39
1747013626.826363,92,-41,3
1747013626.8613634,54,10,75
1747013626.8973634,3,6,85
1747013626.9323633,-2,68,5
1747013626.9673634,51,-1,51
1747013627.0023634,17,84,87
1747013627.0383637,-40,-37,55
1747013627.0743637,53,-5,99
1747013627.1093633,5,-71,-30
1747013627.145363,47,82,41
1747013627.1803634,-88,-20,187
1747013627.2153633,91,28,-58
1747013627.250363,-70,60,-8
1747013627.2863634,-33,-32,129
1747013627.3223634,-51,5,-4
1747013627.3573637,-24,-21,101
1747013627.3933637,-24,13,63
1747013627.428363,31,-6,81
1747013627.4633634,-4,-51,53
1747013627.4983633,-102,-29,175
1747013627.5413637,21,-39,107
1747013627.5783634,51,-20,121
1747013627.6133633,21,69,191
1747013627.6493633,-14,77,13
1747013627.6843634,17,1,89
1747013627.7193637,-63,48,119
1747013627.7543633,-73,48,121
1747013627.7903633,5,59,202
1747013627.826363,-82,-64,45
1747013627.8613634,-78,-77,53
1747013627.8973634,26,40,61
1747013627.9323633,-10,-65,69
1747013627.9673634,53,-1,-38
1747013628.0023634,-24,-1,79
1747013628.0383637,-52,24,15
1747013628.0743637,71,2,-62
1747013628.1093633,-24,-45,97
1747013628.145363,31,-11,171
1747013628.1803634,77,-9,77
1747013628.2153633,10,-38,89
1747013628.250363,-6,-19,151
1747013628.2863634,11,-45,9
1747013628.3223634,-30,4,-32
1747013628.3573637,-45,-104,67
1747013628.3933637,19,58,-33
1747013628.428363,-4,-80,96
1747013628.4633634,-14,49,100
1747013628.4983633,25,-94,64
1747013628.5343633,35,51,136
1747013628.5703633,11,-2,62
1747013628.6053634,39,-13,82
1747013628.6413634,35,-15,-19
1747013628.6763637,-32,-10,63
1747013628.7113633,59,-6,67
1747013628.7463634,119,-30,55
1747013628.7823634,-24,39,129
1747013628.8183634,11,71,79
1747013628.8533633,-48,-10,25
1747013628.8893633,33,95,169
1747013628.9243634,13,47,67
1747013628.9593637,-22,-39,107
1747013628.9943633,-4,44,87
1747013629.030363,40,-16,207
1747013629.066363,-13,-40,53
1747013629.1013634,24,5,32
1747013629.1373634,4,47,23
1747013629.1723633,22,61,25
1747013629.2073634,-45,15,-14
1747013629.2423637,67,21,97
1747013629.2783637,-24,-8,27
1747013629.3143632,10,-65,151
1747013629.349363,75,14,73
1747013629.385363,-22,-8,73
1747013629.4203634,33,-50,113
1747013629.4553633,-3,38,197
1747013629.4903634,53,29,85
1747013629.5263634,11,-10,-44
1747013629.5623634,-7,-18,129
1747013629.5973637,27,32,45
1747013629.6333632,13,11,48
1747013629.668363,-32,-82,91
1747013629.7033634,45,-30,-48
1747013629.7383633,35,-11,153
1747013629.7743633,-10,-77,-36
1747013629.8103633,60,-50,-70
1747013629.8453634,-52,0,99
1747013629.8813634,52,-108,53
1747013629.9163637,-30,21,67
1747013629.951363,-25,51,71
1747013629.9863634,0,-11,115
1747013630.0223634,102,-31,119
1747013630.0583634,-21,42,3
1747013630.0933633,2,-35,35
1747013630.1293633,9,-42,113
1747013630.1643634,1,25,165
1747013630.1993637,-48,-56,-64
1747013630.2353632,53,-96,-4
1747013630.270363,53,29,-34
1747013630.306363,-2,47,47
1747013630.3413634,67,-38,195
1747013630.3773634,9,-42,49
1747013630.4123633,79,-30,10
1747013630.4473634,-10,17,-41
1747013630.4833634,-44,13,59
1747013630.5183637,10,9,73
1747013630.5543633,52,26,-60
1747013630.589363,-11,-62,147
1747013630.625363,-59,55,159
1747013630.6603634,41,-17,117
1747013630.6953633,19,30,87
1747013630.7313633,50,-30,57
1747013630.7663634,61,-2,3
1747013630.8023634,59,-28,-21
1747013630.8373632,1,0,14
1747013630.8733633,-32,-23,158
1747013630.908363,3,-3,-15
1747013630.9433634,-10,24,76
1747013630.9793634,45,7,71
1747013631.0143633,-26,1,87
1747013631.0503633,29,-40,131
1747013631.0853634,31,27,115
1747013631.1213634,-68,1,78
1747013631.1563632,-18,-12,-6
1747013631.191363,93,-60,98
1747013631.227363,39,-26,98
1747013631.2623634,47,7,124
1747013631.2983634,39,-62,-1
1747013631.3333633,17,34,94
1747013631.3693633,-12,-31,-27
1747013631.4043634,15,144,-19
1747013631.4393632,-48,12,60
1747013631.4753633,31,50,26
1747013631.510363,19,-27,-39
1747013631.5463634,3,-23,56
1747013631.5813634,57,44,111
1747013631.6173637,33,0,53
1747013631.6523633,-23,-34,5
1747013631.6873634,-26,-29,37
1747013631.7233634,46,-57,-2
1747013631.7583632,-11,16,-18
1747013631.7943633,67,37,101
1747013631.829363,-17,17,99
1747013631.8653634,49,-14,131
1747013631.9013634,0,-20,143
1747013631.9373634,6,-69,-2
1747013631.9723637,68,-41,109
1747013632.007363,47,-1,140
1747013632.043363,49,-39,58
1747013632.0783634,-22,-53,86
1747013632.1143634,30,-8,20
1747013632.1493633,-15,45,80
1747013632.1843634,-45,-28,46
1747013632.2193637,-5,13,98
1747013632.2553637,-12,8,46
1747013632.2913637,51,40,36
1747013632.326363,9,-83,116
1747013632.362363,-30,-33,90
1747013632.3973634,-62,-39,33
1747013632.4323633,0,4,-12
1747013632.4673634,0,-5,34
1747013632.5033634,7,51,127
1747013632.5393634,15,10,47
1747013632.5743637,-24,-44,79
1747013632.6103632,-34,38,-4
1747013632.645363,-49,76,137
1747013632.6803634,55,-9,77
1747013632.7153633,0,-87,25
1747013632.7513633,-64,22,87
1747013632.7873633,-2,-43,77
1747013632.8223634,-6,23,175
1747013632.8583634,-52,-17,-42
1747013632.8933637,12,-17,-40
1747013632.928363,-49,6,181
1747013632.9633634,-91,26,149
1747013632.9993634,4,-33,1
1747013633.0353634,65,-24,55
1747013633.0703633,-31,-51,0
1747013633.1063633,4,38,115
1747013633.1413634,28,-15,85
1747013633.1763637,14,-49,69
1747013633.2113633,4,-53,153
1747013633.247363,7,-1,-8
1747013633.283363,-16,32,81
1747013633.3183634,29,26,45
1747013633.3543634,-4,34,77
1747013633.3893633,-67,-14,67
1747013633.4243634,-31,-24,-28
1747013633.4593637,52,7,93
1747013633.4953637,76,-9,55
1747013633.5313632,37,-17,103
1747013633.566363,4,48,-23
1747013633.602363,29,-45,60
1747013633.6373634,-36,-19,129
1747013633.6723633,-44,30,40
1747013633.7073634,0,7,54
1747013633.7433634,-7,-20,18
1747013633.7793634,17,-42,102
1747013633.8143632,-38,62,16
1747013633.8503633,-3,-30,-29
1747013633.885363,50,-24,50
1747013633.9203634,70,-14,50
1747013633.9553633,-19,-12,86
1747013633.9913633,46,-86,124
1747013634.0273633,44,15,-1
1747013634.0623634,-37,-30,-11
1747013634.0983634,-16,8,78
1747013634.1333632,-139,-4,64
1747013634.168363,-26,-41,-85
1747013634.2033634,-24,8,132
1747013634.2393634,-64,-21,178
1747013634.2753634,101,-85,52
1747013634.3103633,5,10,146
1747013634.3463633,-24,-9,12
1747013634.3813634,37,-1,110
1747013634.4163637,-120,-41,-31
1747013634.451363,9,16,44
1747013634.487363,-34,16,24
1747013634.5233634,67,-95,100
1747013634.5583634,67,14,152
1747013634.5943637,-16,6,66
1747013634.6293633,81,32,68
1747013634.6643634,-51,25,140
1747013634.6993637,-64,-13,20
1747013634.7353632,39,-7,118
1747013634.7713633,-20,-37,-49
1747013634.806363,19,-51,54
1747013634.8423634,29,72,124
1747013634.8773634,40,-110,104
1747013634.9123633,45,-17,100
1747013634.9473634,20,-14,46
1747013634.9833634,-12,-42,142
1747013635.0193634,-19,11,76
1747013635.0543633,36,-70,-47
1747013635.0903633,-61,-34,218
1747013635.125363,31,-19,-45
1747013635.1603634,85,46,122
1747013635.1963634,25,34,-35
1747013635.2313633,67,-25,112
1747013635.2673633,71,-41,-69
1747013635.3023634,-11,-46,32
1747013635.3383634,48,-10,154
1747013635.3733633,-6,-55,74
1747013635.408363,23,-37,104
1747013635.4443634,11,-61,68
1747013635.4793634,-3,-58,18
1747013635.5153637,18,-22,144
1747013635.5503633,22,39,46
1747013635.5863633,40,15,22
1747013635.6213634,-2,0,30
1747013635.6563632,-21,65,143
1747013635.6923633,-1,-10,27
1747013635.727363,-5,21,146
1747013635.7633634,-7,-86,158
1747013635.7983634,48,-12,-25
1747013635.8343637,60,11,140
1747013635.8693633,-36,-7,-13
1747013635.9043634,-37,29,70
1747013635.9403634,-36,21,70
1747013635.9753633,-38,-54,138
1747013636.0113633,79,-30,141
1747013636.0463634,5,-53,91
1747013636.0823634,-122,-5,131
1747013636.1173637,-27,41,35
1747013636.1523633,62,72,-25
1747013636.1883633,26,8,71
1747013636.2233634,-31,-33,-4
1747013636.2593634,92,-49,71
1747013636.2943633,-5,66,41
1747013636.3303633,-29,38,80
1747013636.3653634,-9,26,26
1747013636.4003634,-33,50,-31
1747013636.4363637,-4,-59,32
1747013636.4713633,-75,21,114
1747013636.507363,-41,-4,114
1747013636.5423634,24,-48,102
1747013636.5783634,15,-40,104
1747013636.6133633,-81,20,44
1747013636.6483634,-10,40,84
1747013636.6843634,34,-14,130
1747013636.7193637,-3,69,244
1747013636.7553637,80,-24,170
1747013636.7903633,-49,9,16
1747013636.826363,67,59,-3
1747013636.8613634,35,-70,-63
1747013636.8963633,-10,-40,30
1747013636.9323633,-54,57,4
1747013636.9673634,-80,39,-77
1747013637.0033634,-20,11,132
1747013637.0383637,23,-82,144
1747013637.0733633,-40,-14,192
1747013637.1083634,45,-14,138
1747013637.1443634,-57,-86,128
1747013637.1803634,49,3,86
1747013637.2153633,-37,-20,70
1747013637.2513633,74,11,116
1747013637.2863634,26,-28,48
1747013637.3213634,-41,-2,48
1747013637.3563633,-9,-29,80
1747013637.3923633,10,-50,10
1747013637.428363,-37,-56,173
1747013637.4633634,-27,67,110
1747013637.4993634,1,-40,40
1747013637.5413637,50,-18,16
1747013637.5773633,46,9,50
1747013637.612363,-88,39,122
1747013637.6483634,63,91,40
1747013637.6843634,-66,-30,127
1747013637.7193637,39,-72,193
1747013637.7553637,-78,51,218
1747013637.7903633,-34,-55,44
1747013637.8253634,-36,-35,78
1747013637.8603632,-66,12,150
1747013637.8963633,0,-17,94
1747013637.9323633,-104,36,39
1747013637.9673634,-22,-35,23
1747013638.0033634,-30,-1,-8
1747013638.0383637,-42,-11,0
1747013638.0733633,-54,4,27
1747013638.1083634,-14,37,11
1747013638.1443634,17,3,27
1747013638.1803634,7,9,39
1747013638.2153633,-16,59,-60
1747013638.2513633,-9,-47,25
1747013638.2863634,-45,-54,75
1747013638.3213634,-15,0,3
1747013638.3563633,-13,-32,49
1747013638.3923633,8,-36,1
1747013638.428363,4,-3,83
1747013638.4633634,8,29,3
1747013638.4993634,70,21,19
1747013638.5343633,32,-74,151
1747013638.5693634,50,-44,81
1747013638.6043634,-81,-18,77
1747013638.6403637,4,17,13
1747013638.6763637,-109,-12,85
1747013638.7113633,76,-20,49
1747013638.747363,96,15,51
1747013638.7823634,-25,-18,21
1747013638.8173633,-45,43,83
1747013638.852363,-67,37,-7
1747013638.8883634,-13,-42,45
1747013638.9243634,-91,-26,-99
1747013638.9593637,-31,-10,14
1747013638.9953637,80,23,54
1747013639.030363,29,35,28
1747013639.0653634,17,-24,82
1747013639.1003633,32,29,144
1747013639.1363633,-6,-28,-45
1747013639.1723633,21,22,96
1747013639.2073634,-22,120,30
1747013639.2433634,57,-15,82
1747013639.2783637,27,94,-53
1747013639.3133633,-62,56,138
1747013639.3483634,-66,-43,108
1747013639.3843634,107,-67,-61
1747013639.4203634,-10,-12,69
1747013639.4553633,-72,-61,105
1747013639.4913633,14,-72,79
1747013639.5263634,-26,41,41
1747013639.5613637,-15,31,47
1747013639.5963633,16,-42,3
1747013639.632363,-56,1,101
1747013639.668363,67,-34,89
1747013639.7033634,-14,-20,111
1747013639.7393634,-34,25,101
1747013639.7743633,-2,-15,13
1747013639.8093634,91,10,91
1747013639.8443637,67,16,115
1747013639.8803637,33,-43,127
1747013639.9163637,41,28,71
1747013639.951363,55,30,95
1747013639.987363,-28,-33,127
1747013640.0223634,19,-19,141
1747013640.0573633,-24,-75,53
1747013640.0923634,29,34,43
1747013640.1283634,55,14,107
1747013640.1643634,17,-47,-56
1747013640.1993637,-48,110,229
1747013640.2353632,97,-37,27
1747013640.270363,-52,-13,117
1747013640.3053634,-12,30,-46
1747013640.3413634,61,4,85
1747013640.3763633,35,-17,81
1747013640.4123633,7,-33,55
1747013640.4473634,-24,-15,115
1747013640.4833634,51,86,-28
1747013640.5183637,-2,-7,51
1747013640.553363,-42,-51,109
1747013640.589363,51,40,60
1747013640.6243634,0,18,88
1747013640.6603634,3,4,90
1747013640.6953633,-54,24,62
1747013640.7313633,7,4,40
1747013640.7663634,-50,22,40
1747013640.8013637,61,-39,-15
1747013640.8373632,17,-19,-1
1747013640.872363,43,2,188
1747013640.908363,15,-5,-25
1747013640.9433634,-16,2,76
1747013640.9793634,-102,50,-7
1747013641.0143633,33,-9,34
1747013641.0493634,30,19,-53
1747013641.0853634,-7,-64,15
1747013641.1203637,-34,-66,111
1747013641.1563632,25,9,222
1747013641.191363,-7,-14,28
1747013641.227363,21,-13,164
1747013641.2623634,67,46,74
1747013641.2973633,-48,-2,116
1747013641.3333633,-2,-33,-45
1747013641.3683634,-66,-39,38
1747013641.4043634,-44,1,60
1747013641.4393632,-24,-29,136
1747013641.474363,0,52,-83
1747013641.5093634,11,-33,128
1747013641.5453634,-74,59,2
1747013641.5813634,13,8,52
1747013641.6163633,-8,-17,28
1747013641.6523633,28,-52,104
1747013641.6873634,105,12,98
1747013641.7233634,-38,-11,90
1747013641.7583632,23,-23,88
1747013641.793363,-18,30,96
1747013641.829363,-8,-43,64
1747013641.8643634,51,14,92
1747013641.9003634,-68,-7,134
1747013641.9353633,-34,-19,100
1747013641.9713633,-20,22,178
1747013642.0063634,50,27,171
1747013642.0413637,-31,25,122
1747013642.0773633,-45,25,62
1747013642.112363,-5,23,44
1747013642.1483634,11,-15,47
1747013642.1833634,19,-25,69
1747013642.2183633,2,21,-44
1747013642.2533634,50,45,113
1747013642.2893634,-5,-54,55
1747013642.3253634,-56,30,-106
1747013642.3603632,-26,-15,103
1747013642.3963633,5,-9,17
1747013642.431363,-52,-63,161
1747013642.4663634,-46,-11,-10
1747013642.5013633,-44,-65,169
1747013642.5373633,-64,-47,195
1747013642.5733633,-61,-50,-66
1747013642.6083634,-31,-22,-30
1747013642.6443634,98,25,47
1747013642.6793633,-25,33,161
1747013642.714363,0,37,91
1747013642.7493634,-43,63,79
1747013642.7853634,39,-31,31
1747013642.8213634,-50,-99,99
1747013642.8563633,-18,-81,117
1747013642.8923633,-30,-33,83
1747013642.9273634,-4,52,149
1747013642.9623632,-4,-17,99
1747013642.997363,-32,74,13
1747013643.033363,3,-27,81
1747013643.0693634,-23,-87,109
1747013643.1043634,4,-23,7
1747013643.1403637,-95,-11,87
1747013643.1753633,-57,-27,30
1747013643.2103634,26,-59,121
1747013643.2453637,-28,-53,83
1747013643.2813632,18,22,82
1747013643.3173633,-8,50,170
1747013643.352363,12,66,6
1747013643.3883634,66,-11,190
1747013643.4233634,-47,34,42
1747013643.4583633,3,-64,40
1747013643.4933634,-7,41,0
1747013643.5293634,-48,18,114
1747013643.5653634,55,-23,172
1747013643.6003633,51,-57,38
1747013643.6363633,-54,20,12
1747013643.6713634,-14,92,194
1747013643.7063634,-24,10,174
1747013643.7413633,6,-10,130
1747013643.7773633,-72,23,-10
1747013643.8133633,-74,-21,91
1747013643.8483634,-19,7,97
1747013643.8843634,-4,-45,189
1747013643.9193633,-34,-25,-84
1747013643.954363,31,-33,97
1747013643.9893634,-40,16,79
1747013644.0253634,45,-57,67
1747013644.0613637,70,-12,107
1747013644.0963633,-6,24,-82
1747013644.132363,-4,12,119
1747013644.1673634,-54,-13,133
1747013644.2023633,-58,-35,23
1747013644.237363,16,-28,61
1747013644.2733634,45,-53,59
1747013644.3093634,37,-5,167
1747013644.3443637,-92,-47,129
1747013644.3803637,-38,-29,43
1747013644.4153633,13,-53,85
1747013644.4503634,57,42,181
1747013644.4853632,-40,-53,1
1747013644.5213633,-78,-19,63
1747013644.5573633,35,70,51
1747013644.5923634,30,-16,163
1747013644.6283634,-2,-137,189
1747013644.6633637,9,-37,-14
1747013644.6983633,-68,16,123
1747013644.7333634,-72,-99,25
1747013644.7693634,-110,10,69
1747013644.8053634,7,-47,85
1747013644.8403633,7,32,95
1747013644.8763633,61,36,-76
1747013644.9113634,61,-13,123
1747013644.9463634,-64,-73,161
1747013644.9813633,71,30,37
1747013645.0173633,77,-13,59
1747013645.053363,-99,47,67
1747013645.0883634,-16,0,59
1747013645.1243634,-37,-14,19
1747013645.1593633,-36,-70,147
1747013645.1943634,-26,-56,23
1747013645.2293634,95,3,71
1747013645.2653637,11,31,65
1747013645.3013637,33,9,121
1747013645.3363633,-52,47,123
1747013645.372363,-31,-7,79
1747013645.4073634,41,18,37
1747013645.4423633,-66,42,25
1747013645.4783633,17,-14,14
1747013645.5133634,1,-8,58
1747013645.5493634,25,66,66
1747013645.5843637,-22,11,68
1747013645.6203637,-16,19,-3
1747013645.655363,77,90,96
1747013645.6903634,7,-7,136
1747013645.7263634,13,4,42
1747013645.7613633,47,2,146
1747013645.7973633,5,0,18
1747013645.8323634,-44,-29,156
1747013645.8683634,-30,-40,110
1747013645.9033637,-60,75,112
1747013645.9383633,-20,-32,90
1747013645.974363,-78,-53,86
1747013646.0093634,1,-23,34
1747013646.0453634,35,-69,50
1747013646.0803633,19,-63,66
1747013646.1163633,-4,46,42
1747013646.1513634,-33,23,28
1747013646.1863637,28,-26,72
1747013646.2223637,26,-24,64
1747013646.257363,-4,-84,114
1747013646.293363,-27,25,36
1747013646.3283634,0,18,24
1747013646.3643634,-21,12,8
1747013646.3993633,-43,40,18
1747013646.4343634,-38,-60,170
1747013646.4703634,21,-16,-9
1747013646.5053637,0,32,104
1747013646.5413637,25,-23,-5
1747013646.576363,13,-7,42
1747013646.612363,-10,14,204
1747013646.6473634,-12,-61,40
1747013646.6823633,7,50,212
1747013646.7183633,53,14,-33
1747013646.7533634,-20,72,42
1747013646.7893634,-57,-6,72
1747013646.8243637,17,44,120
1747013646.8603632,21,16,54
1747013646.895363,-24,-58,118
1747013646.9303634,15,-1,24
1747013646.9663634,9,71,78
1747013647.0013633,47,31,204
1747013647.0373633,-42,20,116
1747013647.0723634,19,-55,147
1747013647.1083634,-9,43,65
1747013647.1443634,24,-16,69
1747013647.1803634,-30,32,49
1747013647.2163634,8,-77,120
1747013647.2513633,58,46,58
1747013647.2863634,-2,-27,6
1747013647.3223634,13,-33,-57
1747013647.3583634,63,-66,112
1747013647.3933637,19,45,98
1747013647.4293633,31,-4,22
1747013647.464363,23,-22,112
1747013647.4993634,1,57,16
1747013647.5343633,49,-122,84
1747013647.5773633,-36,7,170
1747013647.6143634,-40,31,88
1747013647.6493633,-30,-72,89
1747013647.6853633,13,-47,55
1747013647.7203634,49,48,-10
1747013647.7553637,-59,52,65
1747013647.7903633,-55,-11,171
1747013647.826363,46,-11,75
1747013647.862363,-21,-13,123
1747013647.8973634,-7,-23,47
1747013647.9333634,-21,18,63
1747013647.9683633,-24,22,89
1747013648.0033634,27,10,-62
1747013648.0383637,-32,-33,101
1747013648.0743637,-11,-54,37
1747013648.1103632,-46,-43,29
1747013648.145363,-14,30,32
1747013648.181363,28,39,134
1747013648.2163634,101,-13,126
1747013648.2513633,15,24,228
1747013648.2863634,59,60,66
1747013648.3223634,81,-27,44
1747013648.3583634,-40,-45,-129
1747013648.3933637,35,-1,90
1747013648.4293633,47,-5,56
1747013648.464363,-24,-33,34
1747013648.4993634,-20,-19,48
1747013648.5343633,-52,40,54
1747013648.5703633,-22,-23,124
1747013648.6063633,-26,65,20
1747013648.6413634,-54,-34,-37
1747013648.6773634,53,14,96
1747013648.7123632,99,28,74
1747013648.747363,4,42,106
1747013648.7823634,112,-25,83
1747013648.8183634,26,-5,191
1747013648.8543634,29,34,121
1747013648.8893633,-51,-43,117
1747013648.9253633,59,25,65
1747013648.9603634,101,47,135
1747013648.9953637,98,49,87
1747013649.030363,-10,-24,49
1747013649.066363,-34,-7,165
1747013649.102363,-36,8,45
1747013649.1373634,23,80,81
1747013649.1733634,-24,-33,19
1747013649.2083633,-36,66,113
1747013649.2453637,23,30,38
1747013649.280363,-24,-15,90
1747013649.3153634,43,-29,100
1747013649.3503633,53,52,44
1747013649.3863633,-23,23,-23
1747013649.4223633,-9,-36,118
1747013649.4573634,33,-33,116
1747013649.4933634,-30,-31,94
1747013649.5283637,27,-37,24
1747013649.5633633,-15,31,-44
1747013649.5983634,66,-66,173
1747013649.6343634,-17,0,110
1747013649.6703634,-31,-62,76
1747013649.7053633,80,-16,20
1747013649.7413633,-29,23,26
1747013649.7763634,70,-4,114
1747013649.8113637,51,-9,-39
1747013649.8463633,0,10,44
1747013649.882363,15,2,-1
1747013649.918363,-58,-51,-25
1747013649.9533634,-50,28,116
1747013649.9893634,13,66,44
1747013650.0243633,-50,16,60
1747013650.0593634,27,2,214
1747013650.0943637,-32,48,100
1747013650.1303637,-68,-5,161
1747013650.1663637,-50,-25,109
1747013650.201363,-54,-11,47
1747013650.237363,-69,38,-17
1747013650.2723634,3,65,71
1747013650.3073633,-20,-6,59
1747013650.3423634,-38,-54,61
1747013650.3783634,-36,3,133
1747013650.4143634,-46,127,97
1747013650.4493637,-39,-73,25
1747013650.4853632,17,0,111
1747013650.520363,-19,0,63
1747013650.5553634,-5,-3,63
1747013650.5913634,11,30,49
1747013650.6263633,7,66,37
1747013650.6623633,-73,2,63
1747013650.6973634,35,-1,62
1747013650.7333634,-32,-23,204
1747013650.7683637,47,-38,10
1747013650.803363,-48,-65,-57
1747013650.839363,-6,-45,26
1747013650.8743634,5,-81,-31
1747013650.9103634,11,42,-25
1747013650.9453633,10,-101,42
1747013650.9813633,21,-11,62
1747013651.0163634,-28,-5,154
1747013651.0513637,-34,8,29
1747013651.0873632,-21,-2,77
1747013651.122363,-58,-15,21
1747013651.158363,55,6,180
1747013651.1933634,39,33,36
1747013651.2293634,25,48,100
1747013651.2643633,-74,23,-21
1747013651.2993634,41,-19,196
1747013651.3353634,13,35,-23
1747013651.3703637,-39,-34,108
1747013651.4063632,-35,0,50
1747013651.441363,-47,-147,110
1747013651.477363,-46,-18,39
1747013651.5123634,-10,-58,36
1747013651.5473633,-22,45,144
1747013651.5833633,18,-61,94
1747013651.6183634,-59,-7,52
1747013651.6543634,9,-38,-67
1747013651.6893632,27,-38,24
1747013651.724363,1,-26,50
1747013651.7593634,19,0,120
1747013651.7953634,-16,-20,68
1747013651.8313634,-17,23,197
1747013651.8663633,67,15,37
1747013651.9023633,61,-10,30
1747013651.9373634,-4,35,48
1747013651.9733634,-36,-4,70
1747013652.0083632,61,-6,137
1747013652.043363,70,74,23
1747013652.079363,-16,-46,23
1747013652.1143634,35,71,33
1747013652.1503634,-21,61,69
1747013652.1853633,8,55,45
1747013652.2213633,47,-28,69
1747013652.257363,34,-24,-32
1747013652.293363,-64,47,95
1747013652.329363,69,-12,149
1747013652.3643634,49,-64,129
1747013652.3993633,-102,-84,63
1747013652.4353633,108,-22,71
1747013652.4713633,-56,-16,73
1747013652.5063634,57,18,33
1747013652.5423634,0,16,115
1747013652.5773633,19,-51,57
1747013652.612363,-54,-39,99
1747013652.6473634,49,-73,119
1747013652.6833634,-23,-34,167
1747013652.7193637,28,61,93
1747013652.7543633,24,49,-24
1747013652.7903633,-16,-12,88
1747013652.8253634,-19,95,108
1747013652.8603632,157,-28,60
1747013652.895363,-66,-26,10
1747013652.931363,-18,-34,212
1747013652.9673634,-78,11,142
1747013653.0023634,13,35,54
1747013653.0383637,-12,8,-25
1747013653.0733633,-64,3,106
1747013653.1083634,17,58,-9
1747013653.1433637,-22,-8,100
1747013653.1793633,-10,-7,102
1747013653.2153633,9,-38,70
1747013653.250363,83,-49,18
1747013653.2863634,83,46,30
1747013653.3213634,-8,-27,224
1747013653.3563633,26,0,112
1747013653.3913634,-79,-18,108
1747013653.4273634,16,59,110
1747013653.4633634,50,-56,-14
1747013653.4983633,28,5,111
1747013653.5343633,42,13,-40
1747013653.5693634,-8,-2,205
1747013653.6043634,71,-14,83
1747013653.6393633,-60,-42,75
1747013653.6753633,98,45,-56
1747013653.7113633,-1,5,91
1747013653.7463634,-25,51,105
1747013653.7823634,37,-34,107
1747013653.8173633,30,-18,-38
1747013653.852363,62,69,51
1747013653.8873634,2,53,161
1747013653.9233634,4,47,103
1747013653.9593637,-57,-62,165
1747013653.9943633,34,-18,33
1747013654.030363,-18,14,73
1747013654.0653634,22,19,127
1747013654.1003633,-15,-112,51
1747013654.135363,-54,-1,181
1747013654.1713634,-54,22,109
1747013654.2073634,-51,61,45
1747013654.2423637,77,16,33
1747013654.2783637,53,38,39
1747013654.3133633,52,-72,53
1747013654.3483634,-139,-26,101
1747013654.3833632,-55,13,133
1747013654.4193633,6,5,99
1747013654.4553633,-35,-16,57
1747013654.4903634,-89,-22,121
1747013654.5263634,-17,-20,61
1747013654.5613637,66,61,117
1747013654.5963633,-65,-18,123
1747013654.6313634,-66,66,39
1747013654.6673634,2,21,13
1747013654.7033634,30,-14,43
1747013654.7383633,84,-48,23
1747013654.7743633,1,6,0
1747013654.8093634,-2,114,-70
1747013654.8443637,73,-47,5
1747013654.8793633,7,36,93
1747013654.9153633,-66,18,3
1747013654.951363,-22,40,81
1747013654.9863634,-28,-25,31
1747013655.0223634,-44,-65,117
1747013655.0573633,20,35,147
1747013655.0923634,-29,-76,91
1747013655.1273634,-25,21,-32
1747013655.1633637,-14,-51,-54
1747013655.1993637,66,31,155
1747013655.2343633,28,19,-2
1747013655.270363,-23,11,19
1747013655.3053634,10,-24,111
1747013655.3403633,-15,3,51
1747013655.375363,-24,-5,93
1747013655.4113634,-6,-1,55
1747013655.4473634,-58,-27,173
1747013655.4823637,-15,-22,5
1747013655.5183637,23,-81,103
1747013655.553363,-10,-26,-28
1747013655.5883634,-14,39,51
1747013655.6243634,-4,-14,79
1747013655.6593633,-84,15,21
1747013655.6953633,-36,-34,31
1747013655.7303634,-72,3,93
1747013655.7663634,-18,69,105
1747013655.8013637,13,45,93
1747013655.8363633,1,-82,43
1747013655.872363,-28,51,69
1747013655.9073634,1,-26,-20
1747013655.9433634,45,33,89
1747013655.9783633,21,-6,69
1747013656.0143633,-17,-13,-10
1747013656.0493634,-59,21,-32
1747013656.0843637,-69,27,33
1747013656.1203637,74,-28,111
1747013656.155363,-25,-10,-2
1747013656.191363,-83,43,107
1747013656.2263634,28,-28,61
1747013656.2623634,28,-1,-6
1747013656.2973633,-83,20,93
1747013656.3323634,-19,2,71
1747013656.3683634,-7,76,153
1747013656.4033637,-111,-1,-14
1747013656.4393632,-19,6,45
1747013656.474363,18,35,83
1747013656.510363,58,41,-48
1747013656.5453634,-13,-36,129
1747013656.5803633,-51,7,43
1747013656.6163633,-24,22,43
1747013656.6513634,-10,32,75
1747013656.6873634,-58,0,29
1747013656.7223637,-8,6,47
1747013656.7583632,-50,56,109
1747013656.793363,28,-17,119
1747013656.8283634,23,26,139
1747013656.8643634,-56,28,153
1747013656.8993633,-84,0,0
1747013656.9353633,-37,58,-4
1747013656.9703634,-2,-32,173
1747013657.0063634,16,16,51
1747013657.0413637,-39,-11,73
1747013657.076363,-85,18,83
1747013657.112363,22,24,133
1747013657.1473634,25,-13,-28
1747013657.1833634,89,78,-6
1747013657.2183633,-10,38,187
1747013657.2543633,16,12,17
1747013657.2893634,74,-23,159
1747013657.3243637,22,-17,25
1747013657.3603632,-25,-25,165
1747013657.395363,-41,-21,119
1747013657.431363,52,-43,3
1747013657.4663634,-9,-2,47
1747013657.5013633,-90,0,109
1747013657.5363634,49,32,85
1747013657.5783634,-32,-47,167
1747013657.6153634,9,56,215
1747013657.6503634,9,94,37
1747013657.6853633,-73,-70,99
1747013657.7203634,-51,15,135
1747013657.7563634,35,60,145
1747013657.7923634,-36,-23,-32
1747013657.8273633,-48,12,-40
1747013657.8633633,-80,96,247
1747013657.8983634,-41,15,21
1747013657.9333634,43,-15,67
1747013657.9683633,21,-5,-8
1747013658.0043633,-74,55,95
1747013658.0403633,35,-22,-38
1747013658.0753634,-14,-11,161
1747013658.1113634,25,40,89
1747013658.1463633,-16,-75,95
1747013658.181363,3,10,-46
1747013658.2163634,33,12,59
1747013658.2523634,-6,92,83
1747013658.2883637,9,-32,71
1747013658.3233633,55,-6,25
1747013658.3593633,27,-30,9
1747013658.3943634,17,-12,133
1747013658.4293633,72,-60,99
1747013658.464363,-36,-39,-30
1747013658.500363,82,-44,29
1747013658.5363634,-64,33,65
1747013658.5713634,47,-64,-16
1747013658.6073637,-32,39,119
1747013658.6423633,-50,23,71
1747013658.6773634,19,-56,61
1747013658.7123632,30,-28,143
1747013658.7483633,-47,-50,183
1747013658.7843633,2,-10,33
1747013658.8193634,40,5,81
1747013658.8553634,-89,-22,27
1747013658.8903637,44,-8,94
1747013658.9253633,-56,18,-45
1747013658.9603634,-42,-2,-53
1747013658.9963634,11,-30,86
1747013659.0323634,-6,-63,96
1747013659.0673633,7,20,97
1747013659.1033633,31,46,8
1747013659.1383634,45,14,70
1747013659.1733634,41,22,96
1747013659.2083633,85,52,66
1747013659.2443633,-29,59,-59
1747013659.280363,14,-36,12
1747013659.3153634,42,-36,77
1747013659.3513634,-47,-41,59
1747013659.3863633,21,-48,91
1747013659.4213634,27,-28,25
1747013659.4563634,-58,-22,19
1747013659.4923637,5,-32,125
1747013659.5283637,55,-30,143
1747013659.5633633,-6,41,59
1747013659.599363,57,33,135
1747013659.6343634,23,-6,-60
1747013659.6693633,47,14,125
1747013659.704363,17,33,81
1747013659.7403634,35,44,41
1747013659.7763634,3,-5,89
1747013659.8113637,55,-13,19
1747013659.8473637,21,-7,-40
1747013659.882363,43,-13,87
1747013659.9173634,73,22,109
1747013659.9523633,25,12,72
1747013659.9883633,-50,12,114
1747013660.0243633,19,38,22
1747013660.0593634,2,84,32
1747013660.0953634,76,37,8
1747013660.1303637,-36,-39,62
1747013660.1653633,-40,-29,50
1747013660.2003634,-32,50,22
1747013660.2363634,-20,30,152
1747013660.2723634,-9,20,122
1747013660.3073633,54,-89,-49
1747013660.3433633,67,16,28
1747013660.3783634,45,50,20
1747013660.4133637,58,-18,90
1747013660.4483633,-44,14,58
1747013660.4843633,90,33,-17
1747013660.520363,43,2,-23
1747013660.5553634,-66,-61,102
1747013660.5913634,-17,4,14
1747013660.6263633,49,-69,182
1747013660.6613634,-52,48,46
1747013660.6973634,31,2,80
1747013660.7323637,-52,0,86
1747013660.7683637,7,-23,68
1747013660.803363,9,30,42
1747013660.839363,-39,-10,132
1747013660.8743634,4,29,-79
1747013660.9093633,-79,-26,84
1747013660.9453633,52,53,54
1747013660.9803634,-23,-42,0
1747013661.0163634,-100,2,10
1747013661.0513637,81,-17,-83
1747013661.0873632,-26,2,32
1747013661.122363,12,26,66
1747013661.1573634,9,22,70
1747013661.1933634,-36,-19,60
1747013661.2283633,7,35,188
1747013661.2643633,-62,61,-88
1747013661.2993634,66,-48,154
1747013661.3353634,28,-48,88
1747013661.3703637,6,-2,24
1747013661.405363,5,-44,162
1747013661.441363,-12,-14,12
1747013661.4763634,25,55,164
1747013661.5123634,34,-18,170
1747013661.5473633,28,67,34
1747013661.5833633,28,33,9
1747013661.6183634,8,9,85
1747013661.6533637,-7,25,7
1747013661.6893632,30,-57,27
1747013661.724363,64,-62,106
1747013661.760363,-1,17,141
1747013661.7953634,48,-20,136
1747013661.8313634,56,-53,114
1747013661.8663633,0,78,12
1747013661.9013634,-15,-60,34
1747013661.9373634,26,-38,98
1747013661.9723637,12,47,112
1747013662.0083632,85,4,42
1747013662.043363,29,33,18
1747013662.079363,-26,11,137
1747013662.1143634,-6,-2,100
1747013662.1493633,-66,-9,44
1747013662.1853633,-20,30,51
1747013662.2203634,-22,-23,115
1747013662.2563634,-42,-15,116
1747013662.2913637,-10,37,129
1747013662.3273633,-14,12,101
1747013662.362363,-4,2,39
1747013662.3973634,25,13,60
1747013662.4333634,4,-96,120
1747013662.4683633,-7,-76,76
1747013662.5043633,-33,-13,54
1747013662.5393634,-15,20,168
1747013662.5743637,26,-17,96
1747013662.6093633,4,-65,124
1747013662.645363,-11,4,154
1747013662.681363,80,-5,55
1747013662.7163634,112,14,59
1747013662.7523634,-6,-21,29
1747013662.7873633,-75,-14,197
1747013662.8223634,-30,28,15
1747013662.8573637,-2,58,31
1747013662.8933637,29,-23,149
1747013662.9293633,18,-73,77
1747013662.964363,-33,-3,1
1747013663.000363,12,22,121
1747013663.0353634,12,36,1
1747013663.0703633,-99,0,59
1747013663.1053634,0,-63,61
1747013663.1413634,34,-39,1
1747013663.1773634,-15,30,73
1747013663.2123632,-43,-25,105
1747013663.2483633,6,-42,13
1747013663.283363,22,7,89
1747013663.3183634,74,63,82
1747013663.3533633,38,-32,96
1747013663.3893633,18,11,41
1747013663.4253633,-22,-55,62
1747013663.4603634,29,9,88
1747013663.4963634,93,-44,170
1747013663.5313632,9,-18,140
1747013663.566363,-24,-23,178
1747013663.6013634,-58,44,174
1747013663.6373634,-22,48,146
1747013663.6733634,-34,38,35
1747013663.7083633,-63,45,59
1747013663.7443633,-7,-1,41
1747013663.7793634,-54,6,29
1747013663.8143632,-25,34,-2
1747013663.849363,46,-3,125
1747013663.885363,56,-79,147
1747013663.9213634,-67,-39,-16
1747013663.9563634,-103,6,-70
1747013663.9923637,4,16,47
1747013664.0273633,-39,-63,63
1747013664.0623634,78,66,117
1747013664.0973637,62,-35,71
1747013664.1333632,0,-5,53
1747013664.1693633,8,-57,-14
1747013664.204363,12,16,113
1747013664.2403634,95,1,61
1747013664.2753634,-44,23,113
1747013664.3103633,-20,-2,-56
1747013664.3453634,5,2,1
1747013664.3813634,18,36,103
1747013664.4173634,95,16,-10
1747013664.4523633,-25,-37,117
1747013664.4883633,-57,-37,71
1747013664.5233634,40,-23,135
1747013664.5583634,6,-49,113
1747013664.5933633,18,2,-22
1747013664.6293633,-14,-42,37
1747013664.6653633,7,-22,53
1747013664.7003634,2,-10,-10
1747013664.7363634,-9,-8,57
1747013664.7713633,8,45,109
1747013664.806363,56,-77,5
1747013664.8413634,66,40,117
1747013664.8773634,0,66,185
1747013664.9133637,111,-1,25
1747013664.9483633,53,36,79
1747013664.9843633,10,34,79
1747013665.0193634,4,36,17
1747013665.0543633,-78,-57,111
1747013665.089363,9,42,155
1747013665.125363,-96,14,-84
1747013665.1613634,41,0,85
1747013665.1963634,0,-23,-80
1747013665.2323637,-26,24,63
1747013665.2673633,69,14,51
1747013665.3023634,-48,60,189
1747013665.3373632,49,2,97
1747013665.3733633,7,-5,69
1747013665.4093633,39,32,-92
1747013665.4443634,27,2,66
1747013665.4803634,-42,44,164
1747013665.5153637,83,-75,120
1747013665.5503633,3,70,94
1747013665.5853634,65,-34,134
1747013665.6213634,-21,-30,-21
1747013665.6573634,-20,97,58
1747013665.6923633,-8,-56,58
1747013665.7283633,-16,-42,42
1747013665.7633634,-69,-29,-19
1747013665.7983634,-47,-41,90
1747013665.8343637,60,-9,76
1747013665.8693633,-47,17,48
1747013665.905363,0,61,32
1747013665.9403634,-37,-12,54
1747013665.9763634,2,-6,-29
1747013666.0113633,-15,0,20
1747013666.0463634,-3,-8,208
1747013666.0823634,-63,-22,58
1747013666.1173637,36,11,40
1747013666.1533637,-51,1,16
1747013666.1883633,-59,-48,116
1747013666.224363,20,9,62
1747013666.2593634,39,43,112
1747013666.2943633,-28,-34,-11
1747013666.3303633,59,15,34
1747013666.3653634,51,67,28
1747013666.4013634,33,-56,68
1747013666.4363637,15,-14,30
1747013666.4723637,15,-22,146
1747013666.507363,11,12,112
1747013666.5423634,7,12,228
1747013666.5783634,-26,-27,30
1747013666.6133633,-22,76,74
1747013666.6493633,-17,9,4
1747013666.6843634,32,63,20
1747013666.7203634,94,-52,16
1747013666.7553637,-42,42,18
1747013666.7903633,2,-124,38
1747013666.826363,38,-78,110
1747013666.8613634,24,35,70
1747013666.8973634,-7,-158,134
1747013666.9323633,-29,13,105
1747013666.9683633,49,-42,112
1747013667.0033634,-32,-2,124
1747013667.0383637,37,39,106
1747013667.0743637,-2,-4,-51
1747013667.1093633,25,-23,134
1747013667.145363,85,54,10
1747013667.1803634,-16,50,84
1747013667.2163634,39,-26,126
1747013667.2513633,53,-18,38
1747013667.2863634,31,3,66
1747013667.3223634,0,-46,96
1747013667.3573637,-68,-27,112
1747013667.3933637,-4,-53,54
1747013667.428363,37,32,10
1747013667.464363,-6,20,108
1747013667.4993634,83,-2,48
1747013667.5343633,45,11,56
1747013667.5703633,65,-18,-13
1747013667.612363,-45,-29,4
1747013667.6493633,117,120,-1
1747013667.6843634,-22,9,100
1747013667.7193637,-71,-9,52
1747013667.7543633,5,14,62
1747013667.7903633,-18,36,146
1747013667.826363,-10,-13,21
1747013667.8613634,-50,-1,158
1747013667.8973634,51,-35,204
1747013667.9323633,25,-67,68
1747013667.9673634,44,-24,140
1747013668.0023634,-31,3,124
1747013668.0383637,32,-76,218
1747013668.0743637,49,-6,44
1747013668.1093633,31,6,180
1747013668.145363,-11,17,52
1747013668.1803634,-30,-31,96
1747013668.2153633,-6,46,58
1747013668.250363,28,-6,-7
1747013668.2863634,-33,61,104
1747013668.3223634,38,-27,84
1747013668.3573637,14,96,-43
1747013668.3933637,-35,2,60
1747013668.428363,-53,-14,40
1747013668.4633634,28,5,84
1747013668.4983633,-41,-86,66
1747013668.5343633,-23,27,-37
1747013668.5703633,16,45,46
1747013668.6053634,66,27,-59
1747013668.6413634,-47,-2,18
1747013668.6763637,15,-5,54
1747013668.7113633,0,76,94
1747013668.7463634,39,6,52
1747013668.7823634,-46,-1,-1
1747013668.8183634,5,-75,8
1747013668.8533633,-37,18,140
1747013668.8893633,18,-5,-19
1747013668.9243634,-5,-7,24
1747013668.9593637,36,30,28
1747013668.9943633,-33,-12,90
1747013669.030363,-28,-33,152
1747013669.066363,-49,13,64
1747013669.1013634,33,67,-9
1747013669.1373634,10,-14,60
1747013669.1723633,16,-78,78
1747013669.2073634,90,15,100
1747013669.2423637,0,43,88
1747013669.2783637,29,7,72
1747013669.3143632,15,83,58
1747013669.349363,-17,5,-3
1747013669.385363,-15,32,30
1747013669.4203634,51,-8,-25
1747013669.4553633,15,37,136
1747013669.4903634,-62,-26,138
1747013669.5263634,-71,-35,0
1747013669.5623634,-9,-41,58
1747013669.5973637,0,85,-61
1747013669.6333632,59,7,-7
1747013669.668363,31,23,8
1747013669.7033634,31,45,92
1747013669.7383633,-6,-16,24
1747013669.7743633,25,17,-3
1747013669.8103633,48,61,64
1747013669.8453634,20,-20,98
1747013669.8813634,-12,19,148
1747013669.9163637,-4,23,66
1747013669.951363,107,9,62
1747013669.9863634,-2,4,106
1747013670.0223634,59,70,130
1747013670.0583634,67,73,54
1747013670.0933633,17,103,208
1747013670.1293633,21,59,0
1747013670.1643634,43,-40,68
1747013670.1993637,71,57,32
1747013670.2343633,5,-8,-15
1747013670.270363,-15,90,104
1747013670.306363,-53,-47,184
1747013670.3413634,66,-7,176
1747013670.3773634,78,-52,88
1747013670.4123633,-5,31,118
1747013670.4473634,-8,-78,14
1747013670.4823637,0,-16,20
1747013670.5183637,-24,-28,62
1747013670.5543633,15,55,138
1747013670.589363,5,-66,18
1747013670.625363,-42,17,164
1747013670.6603634,-8,-16,36
1747013670.6953633,11,27,34
1747013670.7303634,-108,-44,166
1747013670.7663634,-6,-48,136
1747013670.8023634,-8,37,-1
1747013670.8373632,115,42,118
1747013670.8733633,29,30,78
1747013670.908363,64,-1,74
1747013670.9433634,-11,-79,-79
1747013670.9793634,-66,37,30
1747013671.0143633,0,20,74
1747013671.0503633,12,30,64
1747013671.0853634,13,50,50
1747013671.1213634,89,-11,117
1747013671.1563632,-34,-9,-40
1747013671.191363,-40,10,-12
1747013671.227363,51,-73,79
1747013671.2623634,51,40,-78
1747013671.2983634,10,5,-11
1747013671.3333633,13,8,100
1747013671.3693633,-12,36,69
1747013671.4043634,-98,-37,105
1747013671.4393632,23,8,77
1747013671.4753633,-58,6,117
1747013671.510363,-40,-50,222
1747013671.5463634,19,64,18
1747013671.5813634,-8,-3,20
1747013671.6173637,15,16,36
1747013671.6523633,57,8,106
1747013671.6873634,9,2,302
1747013671.7233634,3,19,2
1747013671.7583632,-14,35,140
1747013671.7943633,13,-15,175
1747013671.829363,97,-57,115
1747013671.8653634,-31,-9,133
1747013671.9003634,-14,12,43
1747013671.9353633,48,-71,115
1747013671.9713633,115,-23,200
1747013672.0063634,-14,38,33
1747013672.0423634,93,-51,195
1747013672.0773633,-7,-10,62
1747013672.1133633,50,9,13
1747013672.1483634,-87,91,77
1747013672.1833634,-29,9,19
1747013672.2193637,60,-42,163
1747013672.2543633,40,-56,159
1747013672.2903633,-37,-24,13
1747013672.3253634,-77,-2,46
1747013672.3613634,-22,41,160
1747013672.3963633,45,-14,86
1747013672.431363,-75,3,64
1747013672.4673634,20,73,16
1747013672.5023634,-35,17,16
1747013672.5383637,-27,-54,12
1747013672.5733633,-72,21,-5
1747013672.6093633,82,7,90
1747013672.645363,16,64,86
1747013672.6803634,-71,22,20
1747013672.7153633,-121,20,78
1747013672.7513633,-17,80,120
1747013672.7873633,-13,2,88
1747013672.8223634,55,44,34
1747013672.8583634,22,22,193
1747013672.8933637,61,15,-23
1747013672.928363,18,42,101
1747013672.9633634,15,12,81
1747013672.9993634,-94,30,68
1747013673.0353634,-42,0,120
1747013673.0703633,-84,-69,-19
1747013673.1063633,0,-29,94
1747013673.1413634,-86,-13,0
1747013673.1763637,-50,-65,108
1747013673.2113633,-80,72,32
1747013673.247363,-50,-59,64
1747013673.283363,37,-15,44
1747013673.3183634,5,12,88
1747013673.3543634,9,12,136
1747013673.3893633,-28,-15,-13
1747013673.4243634,-82,-69,94
1747013673.4593637,53,36,176
1747013673.4953637,64,-25,32
1747013673.5313632,-11,-15,128
1747013673.566363,-53,-1,68
1747013673.602363,64,-72,110
1747013673.6373634,60,-12,114
1747013673.6723633,-39,-12,56
1747013673.7073634,48,0,-25
1747013673.7433634,52,68,53
1747013673.7793634,41,24,63
1747013673.8143632,-12,12,15
1747013673.8503633,62,40,-48
1747013673.885363,-67,16,121
1747013673.9203634,-19,-49,95
1747013673.9553633,-50,52,-44
1747013673.9913633,-8,14,89
1747013674.0273633,1,-17,79
1747013674.0623634,29,-59,179
1747013674.0983634,32,35,73
1747013674.1333632,42,-40,51
1747013674.168363,60,0,-72
1747013674.2033634,-42,2,49
1747013674.2393634,37,34,81
1747013674.2753634,-50,-48,33
1747013674.3103633,45,-8,-62
1747013674.3463633,-30,-45,72
1747013674.3813634,0,58,-39
1747013674.4163637,3,6,131
1747013674.451363,3,6,11
1747013674.487363,13,28,23
1747013674.5233634,51,-29,-4
1747013674.5583634,27,77,29
1747013674.5943637,-22,-60,85
1747013674.6293633,43,41,87
1747013674.6643634,86,-39,115
1747013674.6993637,27,-50,109
1747013674.7353632,133,-46,51
1747013674.7713633,-83,-10,55
1747013674.806363,18,6,25
1747013674.8423634,-8,-28,-36
1747013674.8773634,55,25,75
1747013674.9123633,73,-30,151
1747013674.9473634,-51,-28,-36
1747013674.9833634,-59,11,45
1747013675.0193634,-91,-22,163
1747013675.0543633,46,23,35
1747013675.0903633,-5,-70,-22
1747013675.125363,-11,-38,133
1747013675.1603634,39,7,-16
1747013675.1953633,-32,-13,-16
1747013675.2313633,-56,-5,-12
1747013675.2673633,-20,30,181
1747013675.3023634,-2,10,145
1747013675.3383634,5,93,127
1747013675.3733633,11,30,91
1747013675.408363,-2,-29,69
1747013675.4433634,-81,7,119
1747013675.4793634,37,-34,73
1747013675.5153637,37,48,-68
1747013675.5503633,-96,-15,149
1747013675.5863633,51,-15,-42
1747013675.6213634,65,22,41
1747013675.6563632,-34,32,61
1747013675.691363,57,38,-21
1747013675.727363,45,-71,70
1747013675.7633634,79,-51,98
1747013675.7983634,15,-55,32
1747013675.8343637,41,0,100
1747013675.8693633,-44,-7,162
1747013675.9043634,-24,4,-129
1747013675.9403634,42,-16,100
1747013675.9753633,10,71,-83
1747013676.0113633,-70,86,58
1747013676.0463634,-111,3,110
1747013676.0823634,14,21,102
1747013676.1173637,-15,75,54
1747013676.1523633,-13,-88,146
1747013676.1883633,32,-76,50
1747013676.2233634,-35,-4,18
1747013676.2593634,60,37,42
1747013676.2943633,14,19,162
1747013676.3303633,-15,-50,2
1747013676.3653634,-34,-4,-21
1747013676.4003634,52,61,-45
1747013676.4363637,38,17,48
1747013676.4713633,34,49,64
1747013676.507363,-47,17,2
1747013676.5423634,48,-20,8
1747013676.5783634,-79,39,-35
1747013676.6133633,96,-34,104
1747013676.6483634,-67,-52,182
1747013676.6843634,4,0,96
1747013676.7193637,0,-26,150
1747013676.7553637,-65,-102,126
1747013676.7903633,-125,1,178
1747013676.826363,43,-2,80
1747013676.8613634,60,33,16
1747013676.8963633,42,-30,86
1747013676.9323633,-37,-8,48
1747013676.9673634,60,61,24
1747013677.0033634,60,-77,156
1747013677.0383637,-19,2,48
1747013677.0743637,7,37,22
1747013677.1093633,12,13,106
1747013677.1443634,-31,-20,144
1747013677.1803634,-35,15,80
1747013677.2153633,6,-28,106
1747013677.2513633,-41,26,16
1747013677.2863634,21,-31,86
1747013677.3223634,8,-19,54
1747013677.3573637,32,-3,86
1747013677.3923633,72,49,86
1747013677.428363,18,-7,58
1747013677.4633634,-25,13,114
1747013677.4993634,24,-10,36
1747013677.5343633,-33,-36,98
1747013677.5703633,10,-28,-35
1747013677.6053634,-12,5,76
1747013677.6473634,-43,49,-55
1747013677.6843634,-59,-66,68
1747013677.7193637,6,-14,168
1747013677.7553637,0,75,18
1747013677.7903633,28,-62,84
1747013677.8253634,-63,-36,30
1747013677.8603632,-8,75,47
1747013677.8963633,27,37,185
1747013677.9323633,-2,-20,-184
1747013677.9673634,45,-6,19
1747013678.0033634,-57,19,-2
1747013678.0383637,-29,-12,145
1747013678.0733633,62,49,3
1747013678.1083634,-13,-56,-19
1747013678.1443634,61,105,15
1747013678.1803634,-25,51,19
1747013678.2153633,32,-68,101
1747013678.2513633,102,25,-6
1747013678.2863634,-77,3,52
1747013678.3213634,-15,9,140
1747013678.3563633,8,0,144
1747013678.3923633,44,-40,74
1747013678.428363,86,27,24
1747013678.4633634,56,27,90
1747013678.4993634,-20,-29,92
1747013678.5343633,-51,-21,90
1747013678.5693634,-34,2,-23
1747013678.6043634,3,-143,120
1747013678.6403637,-18,80,74
1747013678.6763637,31,-23,2
1747013678.7113633,-50,-45,78
1747013678.747363,28,-47,28
1747013678.7823634,104,-3,52
1747013678.8173633,0,20,-87
1747013678.852363,1,37,150
1747013678.8883634,-13,-49,40
1747013678.9243634,-27,46,-139
1747013678.9593637,23,59,40
1747013678.9953637,-32,-8,76
1747013679.030363,40,-33,246
1747013679.0653634,39,-8,22
1747013679.1003633,84,64,30
1747013679.1363633,-11,-1,18
1747013679.1723633,72,-71,230
1747013679.2073634,-20,76,106
1747013679.2433634,51,-111,-41
1747013679.2783637,-21,-16,43
1747013679.3133633,-68,10,-36
1747013679.3483634,-63,-10,-24
1747013679.3843634,-101,-37,71
1747013679.4203634,102,0,139
1747013679.4553633,-35,10,85
1747013679.4913633,-62,55,89
1747013679.5263634,19,-4,55
1747013679.5613637,-38,5,159
1747013679.5963633,-10,46,2
1747013679.632363,18,-42,48
1747013679.668363,46,-2,102
1747013679.7033634,20,-56,108
1747013679.7393634,12,8,112
1747013679.7743633,-46,48,120
1747013679.8093634,-27,-36,193
1747013679.8443637,8,-20,107
1747013679.8803637,12,-34,99
1747013679.9163637,11,11,-24
1747013679.951363,-83,-36,177
1747013679.987363,20,11,89
1747013680.0223634,86,9,43
1747013680.0573633,104,-16,167
1747013680.0923634,6,33,53
1747013680.1283634,8,-64,57
1747013680.1643634,-25,-2,77
1747013680.1993637,-33,-28,103
1747013680.2353632,26,40,107
1747013680.270363,-67,-63,73
1747013680.3053634,-7,-62,93
1747013680.3403633,-9,42,89
1747013680.3763633,10,-20,29
1747013680.4123633,68,-15,57
1747013680.4473634,-113,-7,77
1747013680.4833634,14,9,103
1747013680.5183637,76,55,-22
1747013680.553363,-29,-59,63
1747013680.5883634,-41,32,157
1747013680.6243634,-65,76,35
1747013680.6603634,43,-12,155
1747013680.6953633,2,18,179
1747013680.7313633,52,42,135
1747013680.7663634,-11,24,129
1747013680.8013637,-3,-29,15
1747013680.8363633,-20,-6,147
1747013680.872363,15,7,93
1747013680.908363,-18,0,-8
1747013680.9433634,-10,-45,107
1747013680.9793634,15,-5,3
1747013681.0143633,39,-59,169
1747013681.0493634,130,15,15
1747013681.0853634,-55,22,29
1747013681.1203637,-26,6,31
1747013681.1563632,27,16,39
1747013681.191363,-4,-51,133
1747013681.227363,-16,4,-48
1747013681.2623634,-46,28,-56
1747013681.2973633,-50,8,73
1747013681.3333633,-53,-5,117
1747013681.3683634,-11,-45,-26
1747013681.4043634,-7,22,133
1747013681.4393632,-30,-50,0
1747013681.4753633,78,-7,103
1747013681.510363,27,20,53
1747013681.5453634,-41,-25,35
1747013681.5813634,-1,-5,125
1747013681.6163633,-25,52,55
1747013681.6523633,-28,-30,35
1747013681.6873634,13,-16,51
1747013681.7233634,7,9,53
1747013681.7583632,-10,-70,61
1747013681.793363,-7,-27,67
1747013681.829363,-71,-28,101
1747013681.8643634,7,3,71
1747013681.9003634,-60,62,101
1747013681.9353633,25,-13,-22
1747013681.9713633,-38,14,25
1747013682.0063634,-16,8,29
1747013682.0413637,-94,38,137
1747013682.0773633,13,-15,31
1747013682.112363,96,18,99
1747013682.1483634,54,-11,77
1747013682.1833634,-41,50,123
1747013682.2193637,29,-16,153
1747013682.2543633,-24,-26,-66
1747013682.2893634,15,-2,83
1747013682.3253634,78,6,69
1747013682.3603632,15,87,129
1747013682.3963633,45,-30,105
1747013682.431363,37,3,129
1747013682.4673634,-34,23,93
1747013682.5023634,-6,-2,129
1747013682.5373633,-12,101,133
1747013682.5733633,17,13,35
1747013682.6083634,23,-52,27
1747013682.6443634,-4,3,203
1747013682.6793633,-20,-42,-2
1747013682.7153633,-25,31,119
1747013682.7513633,52,19,13
1747013682.7873633,40,-38,91
1747013682.8233633,4,7,39
1747013682.8583634,-45,17,81
1747013682.8933637,-2,35,71
1747013682.9293633,-54,7,65
1747013682.9653633,7,-65,123
1747013683.000363,-102,9,123
1747013683.0363634,79,-23,37
1747013683.0713634,-64,-35,163
1747013683.1063633,5,-55,45
1747013683.1413634,-28,-6,23
1747013683.1773634,53,13,119
1747013683.2133634,32,39,49
1747013683.2483633,60,3,121
1747013683.2843633,-77,21,5
1747013683.3193634,-55,-26,73
1747013683.3543634,-19,21,-10
1747013683.3893633,-24,14,3
1747013683.4253633,73,-11,0
1747013683.4613633,-20,42,105
1747013683.4963634,75,-43,-12
1747013683.5323634,17,-38,65
1747013683.5673633,-26,43,171
1747013683.602363,38,-6,129
1747013683.6373634,-55,35,-40
1747013683.6733634,4,-8,-6
1747013683.7093637,34,31,5
1747013683.7443633,8,-50,59
1747013683.780363,-55,-64,91
1747013683.8153634,28,-47,23
1747013683.8503633,-5,11,9
1747013683.885363,-11,-12,-2
1747013683.9213634,-23,61,115
1747013683.9573634,-31,7,-14
1747013683.9923637,19,4,71
1747013684.0283637,64,-20,107
1747013684.0633633,92,57,85
1747013684.0983634,-57,-48,77
1747013684.1333632,72,-40,-60
1747013684.1693633,-1,13,217
1747013684.2053633,-13,11,67
1747013684.2403634,-19,-4,85
1747013684.2763634,-46,10,37
1747013684.3113637,24,-2,113
1747013684.3463633,6,-12,61
1747013684.3813634,-28,-23,-72
1747013684.4173634,-42,54,141
1747013684.4533634,9,10,-14
1747013684.4883633,0,18,95
1747013684.5243633,15,16,145
1747013684.5593634,-29,23,97
1747013684.5943637,15,-79,43
1747013684.6293633,3,-77,-60
1747013684.6653633,27,-33,15
1747013684.701363,38,28,105
1747013684.7363634,99,50,-60
1747013684.7723634,-21,-12,-12
1747013684.8073633,-25,-8,149
1747013684.8423634,27,-19,55
1747013684.8773634,-7,-28,15
1747013684.9133637,-29,3,107
1747013684.9493637,21,31,125
1747013684.9843633,-21,25,119
1747013685.020363,78,63,87
1747013685.0553634,4,69,87
1747013685.0903633,-5,-42,83
1747013685.125363,40,-20,79
1747013685.1613634,-33,-50,135
1747013685.1973634,15,-11,57
1747013685.2323637,-5,23,87
1747013685.2683637,24,-4,107
1747013685.303363,-8,-28,103
1747013685.3383634,-10,42,57
1747013685.3733633,-33,-12,141
1747013685.4093633,4,-12,129
1747013685.4453633,110,21,61
1747013685.4803634,68,5,135
1747013685.5163634,15,22,-4
1747013685.5513637,-18,43,101
1747013685.5863633,-46,-20,13
1747013685.622363,59,-12,-74
1747013685.6573634,0,-19,55
1747013685.6933634,5,36,-78
1747013685.7283633,-2,32,35
1747013685.7643633,-18,45,53
1747013685.7993634,-19,-39,95
1747013685.8343637,-5,52,-30
1747013685.8693633,-15,0,125
1747013685.905363,10,-5,139
1747013685.941363,-28,-52,41
1747013685.9763634,-36,-35,13
1747013686.0123634,3,26,121
1747013686.0473633,-37,-5,-30
1747013686.0823634,-12,-17,61
1747013686.1183634,9,10,3
1747013686.1533637,-6,-5,97
1747013686.1893632,9,25,99
1747013686.224363,27,27,51
1747013686.260363,-49,8,79
1747013686.2953634,37,-13,123
1747013686.3303633,81,14,91
1747013686.3663633,-18,-45,41
1747013686.4013634,-14,-29,23
1747013686.4373634,15,34,109
1747013686.4723637,-6,-33,-36
1747013686.5083632,-54,-79,29
1747013686.543363,17,1,119
1747013686.5783634,31,-23,-46
1747013686.6143634,-6,28,50
1747013686.6493633,65,46,41
1747013686.6853633,-44,40,45
1747013686.7203634,-48,-1,18
1747013686.7563634,3,-73,88
1747013686.7913637,7,-9,-37
1747013686.826363,-8,-73,18
1747013686.862363,45,-48,166
1747013686.8973634,85,37,66
1747013686.9333634,-20,-18,136
1747013686.9683633,15,25,174
1747013687.0043633,19,29,46
1747013687.0393634,0,-35,120
1747013687.0743637,-118,2,124
1747013687.1103632,-86,50,124
1747013687.145363,19,-23,126
1747013687.181363,-104,24,174
1747013687.2163634,-14,6,-17
1747013687.2523634,-22,32,-29
1747013687.2873633,-61,-23,74
1747013687.3223634,-8,-25,116
1747013687.3583634,-52,-53,60
1747013687.3933637,59,22,202
1747013687.4293633,-46,18,108
1747013687.464363,-45,-15,124
1747013687.500363,-13,-19,12
1747013687.5363634,32,32,34
1747013687.5723634,36,10,174
1747013687.6073637,10,-59,44
1747013687.6493633,26,-19,10
1747013687.6863637,-43,24,-27
1747013687.7213633,26,48,48
1747013687.757363,-5,54,92
1747013687.7923634,-39,-19,-31
1747013687.8283634,-1,68,106
1747013687.8643634,-8,43,96
1747013687.9003634,-17,14,2
1747013687.9363637,24,-5,78
1747013687.9713633,23,-29,88
1747013688.0063634,-13,-57,34
1747013688.0423634,-13,-53,64
1747013688.0783634,-74,-16,-137
1747013688.1133633,46,-21,-45
1747013688.1493633,-19,62,112
1747013688.1843634,-91,-21,96
1747013688.2193637,-25,-41,-57
1747013688.2543633,-18,65,138
1747013688.2903633,36,-4,-11
1747013688.326363,7,-2,128
1747013688.3613634,9,-36,60
1747013688.3973634,47,-26,4
1747013688.4323633,-84,65,124
1747013688.4673634,-20,-56,188
1747013688.5023634,93,-70,114
1747013688.5383637,-100,-48,26
1747013688.5743637,80,-4,-57
1747013688.6093633,44,115,62
1747013688.645363,5,0,14
1747013688.6803634,-16,17,-53
1747013688.7153633,-44,-38,42
1747013688.750363,47,49,144
1747013688.7863634,13,-32,42
1747013688.8223634,61,-26,68
1747013688.8573637,-44,-16,36
1747013688.8933637,7,77,-1
1747013688.928363,80,-1,-37
1747013688.9633634,19,63,-29
1747013688.9983633,-31,28,26
1747013689.0343633,10,34,244
1747013689.0703633,98,60,26
1747013689.1053634,-15,102,80
1747013689.1413634,17,65,-1
1747013689.1763637,49,29,68
1747013689.2113633,-14,19,76
1747013689.2463634,4,-5,-11
1747013689.2823634,20,-93,100
1747013689.3183634,16,4,86
1747013689.3533633,26,-83,162
1747013689.3893633,-35,-55,88
1747013689.4243634,18,-33,2
1747013689.4593637,-49,-35,104
1747013689.4943633,12,-7,174
1747013689.530363,80,4,116
1747013689.566363,14,16,0
1747013689.6013634,-27,0,96
1747013689.6373634,-27,-11,0
1747013689.6723633,32,94,106
1747013689.7073634,-1,110,188
1747013689.7423637,38,76,60
1747013689.7783637,14,-37,40
1747013689.8143632,-10,-3,0
1747013689.849363,-15,22,142
1747013689.885363,-46,44,-3
1747013689.9203634,15,34,34
1747013689.9553633,-24,60,66
1747013689.9903634,-58,12,134
1747013690.0263634,25,-1,178
1747013690.0623634,21,10,-7
1747013690.0973637,-10,88,62
1747013690.1333632,201,-77,70
1747013690.168363,15,-29,-15
1747013690.2033634,29,32,20
1747013690.2383633,0,14,64
1747013690.2743633,0,-19,-2
1747013690.3103633,-58,-1,139
1747013690.3453634,5,-23,59
1747013690.3813634,41,-65,184
1747013690.4163637,-24,-73,72
1747013690.451363,47,-69,-5
1747013690.4863634,33,-97,-5
1747013690.5223634,-116,-6,80
1747013690.5583634,-4,23,146
1747013690.5933633,45,-46,98
1747013690.6293633,-16,-79,26
1747013690.6643634,25,-43,26
1747013690.6993637,-74,-71,-1
1747013690.7343633,-62,-45,122
1747013690.770363,15,-3,128
1747013690.806363,-2,24,70
1747013690.8413634,57,-25,92
1747013690.8773634,42,11,248
1747013690.9123633,12,0,122
1747013690.9473634,45,4,-1
1747013690.9833634,-23,-127,150
1747013691.0183637,-35,-11,-17
1747013691.0543633,-10,6,89
1747013691.089363,37,12,127
1747013691.125363,-31,17,27
1747013691.1603634,42,0,45
1747013691.1953633,-21,17,71
1747013691.2313633,0,-62,223
1747013691.2663634,49,54,49
1747013691.3023634,15,-23,-6
1747013691.3373632,42,27,79
1747013691.3733633,-51,-20,84
1747013691.408363,6,-8,-43
1747013691.4433634,26,15,138
1747013691.4793634,42,13,-85
1747013691.5143633,9,-69,16
1747013691.5503633,7,-17,38
1747013691.5853634,-74,-44,96
1747013691.6213634,69,-38,128
1747013691.6563632,0,25,100
1747013691.691363,53,11,108
1747013691.727363,6,-17,112
1747013691.7623634,53,-21,30
1747013691.7983634,-130,116,10
1747013691.8333633,3,-51,150
1747013691.8693633,-28,28,46
1747013691.9043634,-10,-17,50
1747013691.9393632,11,14,71
1747013691.9753633,-4,-63,7
1747013692.010363,-2,18,25
1747013692.0463634,-26,-9,35
1747013692.0813634,17,-29,19
1747013692.1173637,-1,-16,-32
1747013692.1523633,62,-24,24
1747013692.1873634,-11,31,94
1747013692.2233634,92,4,198
1747013692.2583632,0,10,110
1747013692.2943633,24,-29,-17
1747013692.329363,91,32,84
1747013692.3653634,19,-33,0
1747013692.4003634,75,40,76
1747013692.4353633,-18,-67,90
1747013692.4713633,-4,-19,190
1747013692.5063634,-64,-29,136
1747013692.5423634,93,-11,108
1747013692.5773633,45,17,52
1747013692.6133633,9,-64,96
1747013692.6483634,13,23,124
1747013692.6833634,19,-31,82
1747013692.7193637,-30,83,70
1747013692.7543633,-50,-12,168
1747013692.7903633,9,-40,128
1747013692.8253634,-18,-12,38
1747013692.8613634,-86,21,-21
1747013692.8963633,29,-14,184
1747013692.931363,-36,68,24
1747013692.9673634,-26,6,58
1747013693.0023634,23,-41,44
1747013693.0383637,17,16,106
1747013693.0733633,-114,-33,108
1747013693.1083634,7,-79,46
1747013693.1433637,-18,-1,40
1747013693.1793633,68,8,118
1747013693.2153633,72,28,126
1747013693.250363,28,-22,-42
1747013693.2863634,-25,25,174
1747013693.3213634,-69,-16,7
1747013693.3563633,-5,-27,92
1747013693.3913634,63,37,31
1747013693.4273634,-6,21,52
1747013693.4633634,-36,-5,138
1747013693.4983633,9,46,62
1747013693.5343633,53,-54,64
1747013693.5693634,49,-64,32
1747013693.6043634,27,-6,8
1747013693.6393633,-14,-20,70
1747013693.6753633,-62,19,54
1747013693.7113633,95,15,102
1747013693.7463634,-9,-32,176
1747013693.7823634,46,61,84
1747013693.8173633,-13,-62,70
1747013693.852363,-32,20,142
1747013693.8873634,-108,40,58
1747013693.9233634,-16,20,29
1747013693.9593637,-14,24,104
1747013693.9943633,-13,2,20
1747013694.030363,44,-47,150
1747013694.0653634,23,-61,154
1747013694.1003633,157,-57,38
1747013694.135363,-11,26,34
1747013694.1713634,66,-25,-43
1747013694.2073634,-49,20,74
1747013694.2423637,40,26,112
1747013694.2783637,30,58,70
1747013694.3133633,8,-5,54
1747013694.3483634,-17,8,28
1747013694.3833632,22,-25,84
1747013694.4193633,-10,46,46
1747013694.4553633,15,-9,0
1747013694.4903634,67,104,26
1747013694.5263634,-108,-31,29
1747013694.5613637,65,-61,-94
1747013694.5963633,-56,-35,17
1747013694.6313634,13,50,123
1747013694.6673634,1,-20,100
1747013694.7033634,-30,-8,28
1747013694.7383633,-124,-8,0
1747013694.7743633,41,57,100
1747013694.8093634,-5,-6,112
1747013694.8443637,-3,-44,92
1747013694.8793633,45,19,84
1747013694.9153633,-35,-22,60
1747013694.951363,-96,21,112
1747013694.9863634,-29,-21,94
1747013695.0223634,8,74,18
1747013695.0573633,25,-52,124
1747013695.0923634,72,40,78
1747013695.1273634,16,71,42
1747013695.1633637,-25,-26,-77
1747013695.1993637,-111,-30,122
1747013695.2343633,-81,5,66
1747013695.270363,-45,-42,6
1747013695.3053634,-1,45,52
1747013695.3403633,-33,45,6
1747013695.375363,48,-36,162
1747013695.4113634,-31,-92,64
1747013695.4473634,41,67,120
1747013695.4823637,-8,-2,32
1747013695.5183637,68,1,78
1747013695.553363,64,-44,159
1747013695.5883634,14,-12,141
1747013695.6233633,-41,-16,39
1747013695.6593633,12,31,71
1747013695.6953633,65,9,0
1747013695.7303634,-45,0,75
1747013695.7663634,52,-80,-12
1747013695.8013637,60,-56,97
1747013695.8363633,30,-112,3
1747013695.8713634,-78,-20,-25
1747013695.9073634,-40,-20,-56
1747013695.9433634,4,-53,183
1747013695.9783633,-60,39,39
1747013696.0143633,-18,21,59
1747013696.0493634,48,-10,195
1747013696.0843637,-33,101,79
1747013696.1193633,70,22,-12
1747013696.155363,-25,16,63
1747013696.191363,-1,-12,19
1747013696.2263634,14,-8,53
1747013696.2623634,-71,85,95
1747013696.2973633,-6,-75,91
1747013696.3323634,-9,17,169
1747013696.3683634,-93,77,127
1747013696.4033637,-65,-24,27
1747013696.4393632,28,-12,165
1747013696.474363,36,47,81
1747013696.510363,54,37,89
1747013696.5453634,-53,23,37
1747013696.5803633,-3,7,203
1747013696.6163633,-42,-37,130
1747013696.6513634,-17,69,44
1747013696.6873634,76,47,116
1747013696.7223637,50,-36,21
1747013696.7583632,48,-2,28
1747013696.793363,53,7,-41
1747013696.8283634,32,-28,92
1747013696.8643634,-15,47,103
1747013696.8993633,-39,55,27
1747013696.9353633,60,-4,116
1747013696.9703634,54,-28,56
1747013697.0063634,-53,31,136
1747013697.0413637,-87,-38,38
1747013697.076363,50,-36,106
1747013697.112363,-17,-40,142
1747013697.1473634,72,15,46
1747013697.1833634,-49,-4,32
1747013697.2183633,96,49,104
1747013697.2543633,-49,57,154
1747013697.2893634,-73,-10,50
1747013697.3243637,22,-56,34
1747013697.3603632,29,-65,4
1747013697.395363,-12,50,145
1747013697.431363,5,74,100
1747013697.4663634,19,32,46
1747013697.5023634,81,14,142
1747013697.5373633,-23,-74,96
1747013697.5723634,60,27,2
1747013697.6083634,-66,-45,66
1747013697.6503634,-27,-46,148
1747013697.6873634,76,17,146
1747013697.7223637,26,13,46
1747013697.7583632,22,-17,-106
1747013697.793363,-55,-8,3
1747013697.8283634,22,48,121
1747013697.8643634,-35,-44,125
1747013697.8993633,-4,17,99
1747013697.9353633,-23,-48,119
1747013697.9703634,53,-36,-2
1747013698.0063634,-51,0,13
1747013698.0423634,-43,-22,95
1747013698.0783634,96,-44,41
1747013698.1143634,-29,-76,77
1747013698.1493633,21,-5,75
1747013698.1843634,-90,-33,57
1747013698.2203634,-38,12,109
1747013698.2563634,-32,-61,159
1747013698.2913637,39,-35,1
1747013698.3273633,-22,62,-12
1747013698.362363,23,58,41
1747013698.3973634,0,33,33
1747013698.4323633,46,-4,19
1747013698.4683633,20,-40,39
1747013698.5043633,9,-51,119
1747013698.5393634,61,-51,103
1747013698.5753634,-10,-23,-16
1747013698.6103632,21,-25,-54
1747013698.645363,-98,46,-12
1747013698.6803634,23,-49,-36
1747013698.7163634,75,-77,145
1747013698.7523634,-2,40,45
1747013698.7873633,25,-11,33
1747013698.8233633,97,-2,11
1747013698.8583634,9,-52,63
1747013698.8933637,17,-18,93
1747013698.928363,-82,-40,21
1747013698.964363,45,0,39
1747013699.000363,47,55,123
1747013699.0353634,34,-66,45
1747013699.0713634,66,-70,69
1747013699.1063633,36,-74,51
1747013699.1413634,30,-2,101
1747013699.1763637,-2,37,137
1747013699.2123632,-5,-24,19
1747013699.2483633,7,31,113
1747013699.283363,-24,-35,-32
1747013699.3193634,22,23,23
1747013699.3543634,-20,-101,111
1747013699.3893633,-58,36,-32
1747013699.4243634,48,-24,191
1747013699.4603634,-63,-16,47
1747013699.4963634,-70,-7,71
1747013699.5313632,45,22,55
1747013699.5673633,95,46,169
1747013699.602363,-40,1,37
1747013699.6373634,-2,-56,45
1747013699.6723633,0,-86,1
1747013699.7083633,-55,-40,119
1747013699.7443633,-3,-18,53
1747013699.7793634,-1,29,-4
1747013699.8153634,-5,27,23
1747013699.8503633,-3,49,139
1747013699.885363,-12,-52,23
1747013699.9203634,8,-26,129
1747013699.9563634,14,-42,79
1747013699.9923637,34,7,65
1747013700.0273633,146,-4,63
1747013700.0633633,-48,75,23
1747013700.0983634,-9,19,99
1747013700.1333632,-13,-42,45
1747013700.168363,64,-28,107
1747013700.204363,4,-50,71
1747013700.2403634,-19,-24,15
1747013700.2753634,10,47,51
1747013700.3113637,-21,-18,105
1747013700.3463633,-77,-74,19
1747013700.3813634,-30,29,69
1747013700.4163637,-5,0,79
1747013700.4523633,36,-8,-44
1747013700.4883633,37,17,71
1747013700.5233634,-98,-64,47
1747013700.5593634,-18,25,123
1747013700.5943637,19,-44,5
1747013700.6293633,-32,19,-40
1747013700.6643634,-38,43,103
1747013700.7003634,-59,16,49
1747013700.7363634,33,0,123
1747013700.7713633,-28,2,91
1747013700.8073633,11,0,157
1747013700.8423634,3,0,159
1747013700.8773634,33,-25,89
1747013700.9123633,14,-46,209
1747013700.9483633,-79,93,151
1747013700.9843633,-45,-13,72
1747013701.0193634,-12,-70,44
1747013701.0553634,-6,-40,142
1747013701.0903633,-7,47,44
1747013701.125363,108,31,162
1747013701.1603634,10,-24,134
1747013701.1963634,23,0,-9
1747013701.2323637,5,-18,166
1747013701.2673633,79,27,26
1747013701.303363,-10,-20,54
1747013701.3383634,-24,41,86
1747013701.3733633,3,-44,42
1747013701.4093633,-12,5,42
1747013701.4443634,5,7,102
1747013701.4803634,-98,2,28
1747013701.5153637,0,20,12
1747013701.5513637,5,91,-13
1747013701.5863633,19,-34,44
1747013701.6213634,45,-34,140
1747013701.6573634,-19,13,64
1747013701.6923633,-14,-44,20
1747013701.7283633,-35,27,54
1747013701.7633634,21,11,28
1747013701.7993634,-23,21,58
1747013701.8343637,36,-12,26
1747013701.8693633,75,-16,122
1747013701.905363,10,-20,66
1747013701.9403634,26,-22,42
1747013701.9763634,-25,19,34
1747013702.0113633,27,15,78
1747013702.0473633,27,-16,12
1747013702.0823634,-34,0,66
1747013702.1173637,47,-10,26
1747013702.1533637,-16,27,-19
1747013702.1883633,-41,-3,22
1747013702.224363,12,-21,86
1747013702.2593634,76,18,36
1747013702.2953634,38,-17,34
1747013702.3303633,-12,88,92
1747013702.3653634,45,16,144
1747013702.4013634,32,-3,134
1747013702.4363637,-19,-29,106
1747013702.4723637,64,14,-61
1747013702.507363,-33,-1,108
1747013702.543363,24,32,90
1747013702.5783634,3,-24,128
1747013702.6133633,43,14,20
1747013702.6493633,-64,-33,-5
1747013702.6843634,-44,42,-9
1747013702.7203634,18,11,112
1747013702.7553637,-79,-12,96
1747013702.7913637,65,22,32
1747013702.826363,55,-31,94
1747013702.8613634,-42,36,-9
1747013702.8973634,33,0,44
1747013702.9323633,35,44,82
1747013702.9683633,-65,49,-71
1747013703.0033634,40,-12,142
1747013703.0393634,-52,80,58
1747013703.0743637,-36,-9,-7
1747013703.1093633,78,-11,114
1747013703.145363,21,-85,40
1747013703.1803634,-38,6,136
1747013703.2163634,41,36,48
1747013703.2513633,-56,42,42
1747013703.2863634,39,58,144
1747013703.3213634,58,-56,100
1747013703.3573637,-12,4,-49
1747013703.3933637,5,24,90
1747013703.428363,-110,55,72
1747013703.464363,21,18,70
1747013703.4993634,-45,-14,-45
1747013703.5343633,65,-34,24
1747013703.5693634,43,41,126
1747013703.6053634,-7,-84,18
1747013703.6413634,89,-4,144
1747013703.6763637,35,-56,12
1747013703.7123632,0,-35,84
1747013703.747363,-30,42,50
1747013703.7823634,35,-55,102
1747013703.8173633,19,40,200
1747013703.8533633,-46,22,18
1747013703.8893633,-10,-12,-77
1747013703.9243634,19,12,22
1747013703.9603634,-36,-45,-1
1747013703.9953637,49,8,-27
1747013704.030363,-48,-19,-5
1747013704.0653634,1,-39,118
1747013704.1013634,-12,-103,42
1747013704.1373634,3,14,70
1747013704.1723633,47,-67,22
1747013704.2083633,-48,-19,118
1747013704.2433634,-94,-49,74
1747013704.2783637,33,-39,16
1747013704.3133633,76,36,74
1747013704.349363,0,8,88
1747013704.385363,-14,8,44
1747013704.4203634,20,10,116
1747013704.4563634,9,8,8
1747013704.4913633,75,-61,222
1747013704.5263634,23,56,50
1747013704.5613637,127,4,90
1747013704.5973637,7,-29,-49
1747013704.6333632,-14,0,142
1747013704.668363,-2,32,-1
1747013704.704363,27,26,48
1747013704.7393634,5,-55,52
1747013704.7743633,47,19,78
1747013704.8093634,19,0,-17
1747013704.8453634,-14,-2,-31
1747013704.8813634,37,25,166
1747013704.9163637,-46,-22,36
1747013704.9523633,-18,0,122
1747013704.987363,47,-39,50
1747013705.0223634,-22,-23,68
1747013705.0573633,57,-13,56
1747013705.0933633,-74,-27,140
1747013705.1293633,67,8,174
1747013705.1643634,-6,-51,178
1747013705.2003634,-14,0,66
1747013705.2353632,29,16,76
1747013705.270363,-71,5,126
1747013705.3053634,67,-99,72
1747013705.3413634,5,6,224
1747013705.3773634,41,-39,140
1747013705.4123633,27,6,116
1747013705.4483633,-24,72,-17
1747013705.4833634,21,-19,100
1747013705.5183637,-26,-29,140
1747013705.553363,1,-31,28
1747013705.589363,-32,-73,-19
1747013705.625363,-54,-45,98
1747013705.6603634,47,34,28
1747013705.6963634,-12,94,65
1747013705.7313633,-27,-108,211
1747013705.7663634,-31,-42,-6
1747013705.8013637,41,18,113
1747013705.8373632,-6,8,-16
1747013705.8733633,0,-3,133
1747013705.908363,-4,12,51
1747013705.9443634,25,-79,155
1747013705.9793634,-24,-37,203
1747013706.0143633,-46,25,42
1747013706.0493634,-72,-61,46
1747013706.0853634,87,-21,110
1747013706.1213634,-55,-24,64
1747013706.1563632,4,-10,28
1747013706.1923633,29,6,74
1747013706.227363,86,-28,-77
1747013706.2623634,-29,43,-37
1747013706.2973633,-3,-30,-13
1747013706.3333633,32,55,68
1747013706.3693633,64,27,-57
1747013706.4043634,-11,5,76
1747013706.4403634,64,7,58
1747013706.4753633,2,-30,44
1747013706.510363,-51,18,46
1747013706.5463634,143,-28,46
1747013706.5813634,45,13,136
1747013706.6173637,-15,-49,168
1747013706.6523633,-6,-4,63
1747013706.6883633,8,54,154
1747013706.7233634,6,-35,13
1747013706.7583632,-9,-34,-62
1747013706.7943633,8,115,67
1747013706.829363,16,-73,185
1747013706.8653634,48,-31,71
1747013706.9003634,14,-16,-12
1747013706.9363637,6,27,119
1747013706.9713633,10,23,52
1747013707.0063634,64,-100,95
1747013707.0423634,-109,-54,117
1747013707.0773633,3,-25,143
1747013707.1133633,-50,58,-6
1747013707.1483634,-4,18,-12
1747013707.1843634,25,19,179
1747013707.2193637,-10,-3,73
1747013707.2543633,-36,-96,61
1747013707.2903633,-4,-14,48
1747013707.3253634,-30,37,69
1747013707.3613634,21,-30,-42
1747013707.3963633,-14,-52,115
1747013707.4323633,-10,14,97
1747013707.4673634,21,48,88
1747013707.5023634,14,64,146
1747013707.5383637,61,49,50
1747013707.5733633,105,-48,10
1747013707.6093633,-31,2,-33
1747013707.6513634,-78,9,121
1747013707.6883633,-33,78,2
1747013707.7233634,35,30,7
1747013707.7583632,-31,26,61
1747013707.7943633,-24,-69,103
1747013707.829363,-16,4,85
1747013707.8653634,13,-11,83
1747013707.9003634,-34,-29,67
1747013707.9363637,75,-7,131
1747013707.9713633,85,12,19
1747013708.0063634,9,36,76
1747013708.0423634,-96,36,30
1747013708.0773633,93,56,44
1747013708.1133633,-36,76,-53
1747013708.1483634,31,12,70
1747013708.1843634,61,22,4
1747013708.2203634,-28,-1,154
1747013708.2563634,-18,32,76
1747013708.2923634,45,-17,6
1747013708.3273633,35,-81,2
1747013708.362363,-48,-7,-99
1747013708.3983634,-66,-79,80
1747013708.4343634,-20,8,112
1747013708.4693637,5,108,2
1747013708.5053637,11,20,110
1747013708.5403633,-42,-29,12
1747013708.5753634,43,28,97
1747013708.6103632,-38,-19,105
1747013708.6463633,-36,-57,109
1747013708.6823633,61,28,-10
1747013708.7173634,-34,40,61
1747013708.7533634,-24,22,-58
1747013708.7883637,1,2,69
1747013708.8233633,-48,34,169
1747013708.8583634,15,-41,-4
1747013708.8943634,51,-79,87
1747013708.9303634,-6,18,93
1747013708.9653633,-16,-17,-54
1747013709.0013633,-48,-9,15
1747013709.0363634,65,30,51
1747013709.0713634,19,0,55
1747013709.1063633,43,36,51
1747013709.1423633,43,-39,-44
1747013709.178363,35,8,59
1747013709.2133634,55,-31,61
1747013709.2493634,-15,-6,97
1747013709.2843633,-10,-25,79
1747013709.3193634,-36,54,97
1747013709.3553634,35,-30,145
1747013709.3913634,-25,-49,103
1747013709.4263637,-21,2,73
1747013709.4623632,52,-25,99
1747013709.4983633,33,9,101
1747013709.533363,29,43,39
1747013709.5693634,-71,-24,87
1747013709.6043634,8,11,89
1747013709.6393633,-64,-56,153
1747013709.6743634,47,-68,-10
1747013709.7103634,59,-8,51
1747013709.7463634,7,33,27
1747013709.7813632,-2,109,-6
1747013709.8173633,39,-35,3
1747013709.852363,-7,12,83
1747013709.8873634,55,-19,45
1747013709.9223633,-38,-26,105
1747013709.9583633,4,78,103
1747013709.9943633,-6,-56,25
1747013710.0293634,6,-51,145
1747013710.0653634,-17,76,-58
1747013710.1003633,-21,-1,-44
1747013710.135363,56,-17,50
1747013710.1703634,28,-33,98
1747013710.2063634,16,8,84
1747013710.2423637,24,-59,116
1747013710.2773633,36,-23,24
1747013710.3133633,12,25,122
1747013710.3483634,-7,-8,74
1747013710.3833632,21,-25,184
1747013710.418363,-26,-1,46
1747013710.454363,19,-3,-5
1747013710.4903634,-42,-27,186
1747013710.5253634,24,-8,-161
1747013710.5613637,-46,34,18
1747013710.5963633,-23,23,76
1747013710.6313634,38,7,-31
1747013710.6663637,-93,9,60
1747013710.7023633,46,-78,40
1747013710.7383633,-29,38,100
1747013710.7733634,38,38,92
1747013710.8093634,14,-24,0
1747013710.8443637,11,-45,74
1747013710.8793633,-102,0,106
1747013710.9143634,102,-53,118
1747013710.9503634,82,18,152
1747013710.9863634,-94,-3,54
1747013711.0213633,55,-9,-7
1747013711.0573633,-65,56,34
1747013711.0923634,60,-27,132
1747013711.1273634,-41,3,-13
1747013711.1623633,-14,12,62
1747013711.1983633,-22,44,20
1747013711.2343633,-2,32,6
1747013711.2693634,39,44,126
1747013711.3053634,37,53,34
1747013711.3403633,-12,40,68
1747013711.375363,-44,32,66
1747013711.4103634,-38,-27,84
1747013711.4463634,-28,50,-19
1747013711.4823637,-52,-1,0
1747013711.5173633,-2,14,120
1747013711.553363,53,12,160
1747013711.5883634,-10,44,152
1747013711.6233633,66,-32,106
1747013711.6593633,-11,-4,50
1747013711.6943634,-7,41,54
1747013711.7303634,-71,33,110
1747013711.7653637,-7,-6,-69
1747013711.8013637,-7,-93,-7
1747013711.8363633,19,-45,90
1747013711.8713634,-56,-9,80
1747013711.9073634,33,76,48
1747013711.9423633,-9,28,146
1747013711.9783633,-67,42,32
1747013712.0133634,-21,24,196
1747013712.0493634,12,4,42
1747013712.0843637,-52,42,116
1747013712.1193633,-24,10,-35
1747013712.155363,-32,96,100
1747013712.1903634,-50,2,-11
1747013712.2263634,-17,2,38
1747013712.2613633,38,59,128
1747013712.2973633,-37,4,-23
1747013712.3323634,7,-75,52
1747013712.3673637,-7,0,90
1747013712.4033637,-25,34,20
1747013712.4383633,-10,-27,68
1747013712.474363,19,11,110
1747013712.5093634,-38,31,64
1747013712.5453634,-74,21,162
1747013712.5803633,19,21,100
1747013712.6153634,38,5,28
1747013712.6513634,-3,-90,46
1747013712.6863637,55,32,56
1747013712.7223637,1,-23,6
1747013712.757363,-12,26,24
1747013712.793363,34,63,50
1747013712.8283634,11,-15,44
1747013712.8633633,39,-49,82
1747013712.8993633,-6,39,-3
1747013712.9343634,45,22,180
1747013712.9703634,29,46,70
1747013713.0053637,29,-15,52
1747013713.0413637,36,-50,180
1747013713.076363,-52,18,28
1747013713.1113634,-46,60,94
1747013713.1473634,57,-57,79
1747013713.1823633,125,45,71
1747013713.2183633,-42,15,65
1747013713.2533634,-16,13,15
1747013713.2883637,43,-32,144
1747013713.3233633,-34,-72,105
1747013713.3593633,41,-80,53
1747013713.395363,70,-31,43
1747013713.4303634,26,6,61
1747013713.4663634,10,-5,36
1747013713.5013633,20,36,148
1747013713.5363634,-23,24,84
1747013713.5713634,30,20,2
1747013713.6073637,-57,2,76
1747013713.6433637,26,-23,47
1747013713.678363,0,51,65
1747013713.714363,24,-38,17
1747013713.7493634,42,51,135
1747013713.7843633,26,73,-60
1747013713.8193634,8,-10,72
1747013713.8553634,14,17,52
1747013713.8913634,-43,15,64
1747013713.9263637,52,-22,-15
1747013713.9623632,10,-84,38
1747013713.997363,-101,0,114
1747013714.0323634,46,-16,30
1747013714.0673633,17,54,24
1747013714.1033633,37,46,8
1747013714.1393633,0,4,54
1747013714.1743634,-90,-11,62
1747013714.2103634,-36,48,22
1747013714.2453637,-16,-19,57
1747013714.280363,-30,-64,99
1747013714.3153634,-52,-21,81
1747013714.3513634,101,4,57
1747013714.3873634,49,44,-16
1747013714.4223633,-36,30,89
1747013714.4583633,5,-39,89
1747013714.4933634,17,18,31
1747013714.5283637,19,-33,131
1747013714.5633633,19,-65,4
1747013714.599363,0,32,-17
1747013714.635363,27,-83,154
1747013714.6703634,-26,-39,4
1747013714.7063634,34,1,-39
1747013714.7413633,102,19,-21
1747013714.7763634,-53,69,34
1747013714.8113637,58,-8,18
1747013714.8473637,52,21,-13
1747013714.8833632,-3,-10,6
1747013714.918363,54,-2,64
1747013714.954363,14,-26,114
1747013714.9893634,90,-70,81
1747013715.0243633,14,3,67
1747013715.0593634,52,-30,181
1747013715.0953634,-49,15,179
1747013715.1313634,99,24,53
1747013715.1663637,69,38,61
1747013715.2023633,-83,-30,80
1747013715.237363,16,0,24
1747013715.2723634,49,30,156
1747013715.3073633,-46,-67,34
1747013715.3433633,-24,-63,52
1747013715.3793633,-11,-20,42
1747013715.4143634,-23,17,28
1747013715.4503634,25,9,52
1747013715.4853632,-30,58,150
1747013715.520363,-12,30,0
1747013715.5553634,-16,-23,166
1747013715.5913634,41,84,124
1747013715.6273634,53,2,178
1747013715.6623633,0,-4,43
1747013715.6983633,-11,3,136
1747013715.7333634,22,-64,-92
1747013715.7683637,-49,-12,-26
1747013715.803363,24,19,181
1747013715.839363,39,8,138
1747013715.875363,35,6,66
1747013715.9103634,-2,-41,8
1747013715.9463634,-31,-16,83
1747013715.9813633,62,-8,83
1747013716.0163634,-52,56,153
1747013716.0513637,11,-51,11
1747013716.0873632,-32,-23,19
1747013716.1233633,-6,4,105
1747013716.158363,14,-20,59
1747013716.1943634,-33,-28,83
1747013716.2293634,-21,-18,21
1747013716.2643633,30,-42,63
1747013716.2993634,79,-27,-60
1747013716.3353634,27,-27,127
1747013716.3713634,-90,10,153
1747013716.4063632,-40,-21,179
1747013716.4423633,-9,10,7
1747013716.477363,-29,52,135
1747013716.5123634,46,48,129
1747013716.5483634,-38,9,111
1747013716.5833633,-44,-61,29
1747013716.6193633,67,-12,39
1747013716.6543634,-9,31,201
1747013716.6903634,-38,-32,43
1747013716.7253633,46,-32,127
1747013716.760363,-45,-40,27
1747013716.7963634,42,0,73
1747013716.8313634,-53,-58,-24
1747013716.8673637,-5,19,195
1747013716.9023633,46,87,-42
1747013716.9383633,16,-10,71
1747013716.9733634,22,11,161
1747013717.0083632,-11,37,87
1747013717.0443633,84,-21,25
1747013717.079363,-89,-21,97
1747013717.1153634,-69,14,51
1747013717.1503634,-42,8,105
1747013717.1863637,-16,-47,59
1747013717.2213633,43,-33,95
1747013717.2563634,48,-15,55
1747013717.2923634,27,-87,47
1747013717.3273633,-24,12,1
1747013717.3633633,-22,36,7
1747013717.3983634,0,-63,-8
1747013717.4343634,71,-43,25
1747013717.4693637,39,56,89
1747013717.5043633,17,40,91
1747013717.5403633,-41,11,-36
1747013717.5753634,-5,-74,139
1747013717.6113634,0,19,-82
1747013717.6533637,53,-21,-10
1747013717.6903634,7,38,87
1747013717.7253633,43,64,33
1747013717.760363,-50,2,117
1747013717.7963634,-10,10,-8
1747013717.8313634,-24,8,5
1747013717.8673637,-28,-49,71
1747013717.9023633,15,-26,-80
1747013717.9383633,-8,-79,131
1747013717.9733634,-8,20,43
1747013718.0083632,41,2,139
1747013718.0443633,-52,28,39
1747013718.079363,81,-63,93
1747013718.1153634,-25,12,-40
1747013718.1503634,14,-81,7
1747013718.1863637,-23,20,15
1747013718.2213633,-49,-9,85
1747013718.2563634,61,37,5
1747013718.2923634,43,67,173
1747013718.3273633,-2,-16,269
1747013718.3633633,-53,-4,125
1747013718.3983634,-8,47,87
1747013718.4343634,-20,-110,115
1747013718.4703634,-10,-54,141
1747013718.5053637,-26,-16,127
1747013718.5403633,28,28,103
1747013718.576363,-52,43,99
1747013718.612363,-56,-46,77
1747013718.6473634,25,-5,107
1747013718.6833634,37,52,38
1747013718.7183633,-14,24,0
1747013718.7533634,64,74,138
1747013718.7883637,-4,-56,24
1747013718.8243637,7,43,70
1747013718.8603632,23,37,44
1747013718.895363,-1,32,4
1747013718.931363,92,62,88
1747013718.9663634,0,-13,48
1747013719.0013633,-48,65,72
1747013719.0363634,41,15,68
1747013719.0723634,11,-28,20
1747013719.1083634,67,-40,4
1747013719.1433637,7,-54,88
1747013719.1793633,17,-28,120
1747013719.214363,-14,29,52
1747013719.2493634,56,-14,42
1747013719.2843633,72,-12,8
1747013719.3203633,-2,-102,112
1747013719.3563633,57,77,56
1747013719.3913634,-1,-1,34
1747013719.4273634,44,-14,70
1747013719.4623632,22,-16,12
1747013719.497363,58,7,110
1747013719.5323634,55,24,108
1747013719.5683634,15,-27,70
1747013719.6043634,-56,30,74
1747013719.6393633,95,22,112
1747013719.6753633,-24,52,120
1747013719.7103634,-134,-19,210
1747013719.7453637,9,-7,102
1747013719.780363,53,-21,98
1747013719.816363,1,28,60
1747013719.852363,47,-75,80
1747013719.8873634,29,-27,8
1747013719.9233634,15,44,90
1747013719.9583633,-64,9,84
1747013719.9933634,-20,-47,84
1747013720.0283637,3,98,34
1747013720.0643632,3,-4,74
1747013720.1003633,23,26,134
1747013720.135363,25,-40,-39
1747013720.1713634,34,34,60
1747013720.2063634,23,-66,90
1747013720.2413633,7,4,202
1747013720.2763634,-28,4,10
1747013720.3123634,39,-1,74
1747013720.3483634,105,-1,-39
1747013720.3833632,-12,-10,16
1747013720.4193633,-20,-34,32
1747013720.454363,-26,15,216
1747013720.4893634,65,-12,116
1747013720.5243633,25,24,80
1747013720.5603633,27,-19,-39
1747013720.5963633,-8,-53,102
1747013720.6313634,-4,-46,82
1747013720.6673634,-2,76,-25
1747013720.7023633,95,43,156
1747013720.737363,-22,23,24
1747013720.7723634,7,11,78
1747013720.8083634,-46,-8,22
1747013720.8443637,-42,59,146
1747013720.8793633,-4,-7,94
1747013720.9153633,28,33,24
1747013720.9503634,-29,-64,132
1747013720.9853632,45,2,82
1747013721.020363,-42,-21,12
1747013721.056363,-20,30,76
1747013721.0923634,21,-13,130
1747013721.1273634,9,48,30
1747013721.1633637,-3,-38,28
1747013721.1983633,-58,-53,122
1747013721.2333634,-37,37,68
1747013721.2683637,48,1,0
1747013721.3043633,74,-8,20
1747013721.3403633,8,5,80
1747013721.375363,44,-2,10
1747013721.4113634,35,-91,42
1747013721.4463634,-43,-48,88
1747013721.4813633,-21,29,80
1747013721.5163634,6,47,8
1747013721.5523634,32,-58,112
1747013721.5883634,36,-12,152
1747013721.6233633,53,-63,-59
1747013721.6593633,-44,6,6
1747013721.6943634,-48,-1,170
1747013721.7293634,-44,-75,108
1747013721.7653637,30,46,-45
1747013721.8003633,0,-41,174
1747013721.8363633,2,-20,228
1747013721.8713634,-83,0,6
1747013721.9073634,50,-70,94
1747013721.9423633,0,20,34
1747013721.977363,-5,35,34
1747013722.0133634,6,-2,6
1747013722.0483634,-51,4,4
1747013722.0843637,-71,3,100
1747013722.1193633,-71,68,162
1747013722.155363,80,-1,-9
1747013722.1903634,54,-13,142
1747013722.2253633,27,3,158
1747013722.2613633,1,6,80
1747013722.2963634,-10,60,62
1747013722.3323634,-27,91,138
1747013722.3673637,27,32,80
1747013722.4033637,-17,-75,130
1747013722.4383633,-14,92,6
1747013722.4733634,-31,6,30
1747013722.5093634,-57,40,108
1747013722.5443633,-31,36,87
1747013722.5803633,-67,4,2
1747013722.6153634,30,-69,125
1747013722.6513634,-95,11,53
1747013722.6863637,-69,-31,83
1747013722.7213633,-29,-2,125
1747013722.757363,48,-70,35
1747013722.7923634,-41,35,89
1747013722.8283634,-55,-22,2
1747013722.8633633,5,-21,98
1747013722.8993633,64,7,136
1747013722.9343634,4,-22,18
1747013722.9693637,-47,-4,88
1747013723.0053637,-9,61,111
1747013723.0403633,26,23,102
1747013723.076363,-66,68,54
1747013723.1113634,-25,-2,60
1747013723.1473634,6,21,68
1747013723.1823633,4,31,166
1747013723.2173634,-22,-3,78
1747013723.2533634,33,-13,97
1747013723.2883637,95,-49,64
1747013723.3243637,-14,0,9
1747013723.3593633,-49,-2,-23
1747013723.395363,-2,-75,-75
1747013723.4303634,-78,-9,4
1747013723.4653633,17,-7,30
1747013723.5013633,-10,-21,34
1747013723.5363634,23,86,42
1747013723.5723634,-27,16,58
1747013723.6073637,-99,-95,4
1747013723.6423633,44,14,14
1747013723.6773634,-83,-7,-19
1747013723.7133634,-30,20,-33
1747013723.7493634,60,6,38
1747013723.7843633,-25,32,28
1747013723.8203633,-31,46,-69
1747013723.8553634,52,-1,62
1747013723.8903637,10,-21,50
1747013723.9253633,6,-57,19
1747013723.9613633,4,16,-54
1747013723.997363,16,-11,43
1747013724.0323634,-11,4,129
1747013724.0683634,-7,44,196
1747013724.1033633,-71,4,106
1747013724.1383634,-1,-32,-7
1747013724.1733634,-50,-55,88
1747013724.2093637,-126,16,22
1747013724.2453637,-97,65,78
1747013724.280363,-1,0,60
1747013724.316363,-14,2,-31
1747013724.3513634,-16,-89,38
1747013724.3863633,-28,-49,136
1747013724.4213634,48,-16,52
1747013724.4573634,-69,37,-5
1747013724.4933634,60,25,70
1747013724.5283637,0,-12,-97
1747013724.5643632,0,25,41
1747013724.599363,-26,37,29
1747013724.6343634,-9,-30,37
1747013724.6693633,-59,-70,65
1747013724.7053633,-45,43,25
1747013724.7413633,-21,5,103
1747013724.7763634,-49,3,43
1747013724.8123634,-29,31,56
1747013724.8473637,-91,41,163
1747013724.882363,-43,27,101
1747013724.9173634,-25,55,59
1747013724.9533634,26,-2,71
1747013724.9893634,-52,-32,-20
1747013725.0243633,31,7,117
1747013725.0603633,43,-8,175
1747013725.0953634,-38,-40,83
1747013725.1303637,-22,38,27
1747013725.1653633,71,-5,76
1747013725.201363,17,44,74
1747013725.237363,71,-59,16
1747013725.2723634,50,-29,200
1747013725.3083634,-1,-52,-33
1747013725.3433633,-15,45,58
1747013725.3783634,54,52,132
1747013725.4133637,74,29,-27
1747013725.4493637,40,61,-9
1747013725.4853632,28,6,50
1747013725.520363,53,30,100
1747013725.556363,-10,-15,0
1747013725.5913634,-5,106,123
1747013725.6263633,65,98,59
1747013725.6613634,-32,-3,71
1747013725.6973634,-86,30,91
1747013725.7333634,-12,-35,89
1747013725.7683637,43,-27,169
1747013725.8043633,-4,12,94
1747013725.839363,23,-37,54
1747013725.8743634,33,-67,98
1747013725.9093633,37,-77,82
1747013725.9453633,34,-8,42
1747013725.9813633,64,37,146
1747013726.0163634,-18,6,-67
1747013726.0523634,8,60,16
1747013726.0873632,18,14,-19
1747013726.122363,72,-15,4
1747013726.1573634,36,8,12
1747013726.1933634,-13,32,66
1747013726.2293634,-36,31,-4
1747013726.2643633,-54,53,71
1747013726.3003633,41,-20,31
1747013726.3353634,-32,-36,52
1747013726.3703637,20,-33,96
1747013726.4063632,-29,-107,126
1747013726.441363,44,-47,172
1747013726.477363,-63,-3,96
1747013726.5123634,1,22,20
1747013726.5483634,-50,-11,130
1747013726.5833633,-12,24,80
1747013726.6183634,-10,52,32
1747013726.6533637,16,-15,44
1747013726.6893632,-82,-3,149
1747013726.7253633,1,-45,-14
1747013726.760363,-34,-105,15
1747013726.7963634,59,35,-14
1747013726.8313634,0,-40,93
1747013726.8663633,-20,71,27
1747013726.9023633,-18,-4,-108
1747013726.9373634,33,33,123
1747013726.9733634,21,-26,-4
1747013727.0083632,105,36,89
1747013727.0443633,-78,-31,15
1747013727.079363,31,54,-46
1747013727.1143634,35,-43,133
1747013727.1503634,27,25,43
1747013727.1853633,63,-26,53
1747013727.2213633,21,49,177
1747013727.2563634,51,-18,121
1747013727.2923634,-114,-28,-34
1747013727.3273633,81,-40,-10
1747013727.362363,-8,25,-4
1747013727.3983634,-75,14,19
1747013727.4333634,-53,47,71
1747013727.4693637,13,15,99
1747013727.5043633,-42,-48,17
1747013727.5403633,22,-54,197
1747013727.5753634,-8,43,51
1747013727.6103632,16,3,25
1747013727.6463633,43,7,23
1747013727.6883633,78,-76,47
1747013727.7253633,-49,-13,17
1747013727.760363,32,32,19
1747013727.7963634,-3,27,193
1747013727.8313634,-51,-47,165
1747013727.8663633,46,-12,129
1747013727.9023633,-36,-24,83
1747013727.9373634,73,45,-110
1747013727.9733634,-26,-22,111
1747013728.0083632,-17,73,61
1747013728.0443633,39,-56,177
1747013728.079363,-107,-6,161
1747013728.1143634,-11,-4,-58
1747013728.1503634,15,80,39
1747013728.1853633,-8,-75,-32
1747013728.2213633,39,-59,21
1747013728.2563634,45,-21,87
1747013728.2923634,-34,-3,79
1747013728.3273633,-16,-27,-82
1747013728.362363,51,8,49
1747013728.3983634,20,5,5
1747013728.4333634,-15,13,115
1747013728.4693637,-15,-74,135
1747013728.5043633,-49,-76,-32
1747013728.5403633,-11,39,27
1747013728.576363,48,63,-26
1747013728.612363,-111,-34,125
1747013728.6483634,32,-30,97
1747013728.6833634,62,-28,55
1747013728.7183633,-11,-30,55
1747013728.7543633,-5,1,13
1747013728.7903633,20,-32,57
1747013728.8253634,86,95,175
1747013728.8613634,-71,52,173
1747013728.8963633,-69,-15,27
1747013728.931363,0,6,139
1747013728.9663634,69,0,51
1747013729.0023634,-4,-61,41
1747013729.0383637,-36,-25,105
1747013729.0733633,-18,12,87
1747013729.1093633,8,23,93
1747013729.1443634,-22,-37,135
1747013729.1793633,-33,-26,119
1747013729.214363,63,6,43
1747013729.250363,-49,-30,257
1747013729.2863634,24,-2,-6
1747013729.3213634,49,20,89
1747013729.3573637,-85,33,75
1747013729.3923633,-27,-40,31
1747013729.4273634,-1,-14,55
1747013729.4623632,5,10,-2
1747013729.4983633,-46,72,153
1747013729.5343633,-8,-15,103
1747013729.5693634,-61,31,-4
1747013729.6053634,92,-28,19
1747013729.6403637,-7,-14,155
1747013729.6753633,0,1,33
1747013729.7103634,-67,25,-28
1747013729.7463634,18,0,155
1747013729.7823634,-6,-23,143
1747013729.8173633,44,-16,-8
1747013729.8533633,-14,12,177
1747013729.8883634,-92,-9,157
1747013729.9233634,89,-11,73
1747013729.9583633,23,-45,-6
1747013729.9943633,83,-31,17
1747013730.030363,-24,48,31
1747013730.0653634,-59,20,0
1747013730.1013634,-31,24,49
1747013730.1363633,22,-35,167
1747013730.1713634,-27,38,111
1747013730.2063634,-74,26,9
1747013730.2423637,44,34,197
1747013730.2783637,20,-55,107
1747013730.3133633,-43,-7,5
1747013730.349363,28,56,13
1747013730.3843634,-5,9,-20
1747013730.4193633,5,-69,163
1747013730.454363,61,-3,43
1747013730.4903634,-44,-25,31
1747013730.5263634,49,42,81
1747013730.5613637,-14,64,-62
1747013730.5973637,-8,-37,243
1747013730.632363,-76,18,27
1747013730.6673634,81,36,57
1747013730.7023633,36,11,89
1747013730.7383633,-7,-44,57
1747013730.7743633,14,5,115
1747013730.8093634,-65,29,85
1747013730.8453634,-89,-22,97
1747013730.8803637,44,37,59
1747013730.9153633,-43,31,177
1747013730.9503634,43,-81,-45
1747013730.9863634,32,-82,56
1747013731.0223634,0,27,76
1747013731.0573633,18,4,84
1747013731.0933633,-66,40,22
1747013731.1283634,-44,-57,16
1747013731.1633637,-56,64,-13
1747013731.1983633,13,16,-23
1747013731.2343633,7,-27,180
1747013731.270363,5,-19,206
1747013731.3053634,-4,-6,-39
1747013731.3413634,23,-28,224
1747013731.3763633,9,-6,134
1747013731.4113634,47,17,116
1747013731.4463634,-6,9,28
1747013731.4823637,-48,-16,32
1747013731.5183637,-22,61,-27
1747013731.553363,77,-48,-29
1747013731.589363,-38,43,68
1747013731.6243634,-5,-6,144
1747013731.6593633,13,-42,32
1747013731.6943634,-98,-10,100
1747013731.7303634,-41,-24,158
1747013731.7663634,-21,58,72
1747013731.8013637,-2,25,98
1747013731.8373632,59,59,144
1747013731.872363,-11,-58,48
1747013731.9073634,34,-18,100
1747013731.9433634,46,-36,30
1747013731.9783633,-9,0,120
1747013732.0143633,-64,-58,72
1747013732.0493634,-11,-46,118
1747013732.0853634,-33,-82,80
1747013732.1203637,74,23,158
1747013732.155363,33,-29,112
1747013732.191363,39,-5,134
1747013732.2263634,97,36,30
1747013732.2623634,37,-53,98
1747013732.2973633,-20,10,16
1747013732.3333633,69,-29,102
1747013732.3683634,7,52,80
1747013732.4033637,-74,-39,60
1747013732.4393632,-54,14,64
1747013732.474363,13,8,106
1747013732.510363,-48,84,60
1747013732.5453634,1,76,20
1747013732.5813634,106,2,114
1747013732.6163633,33,0,124
1747013732.6513634,13,-17,66
1747013732.6873634,30,-6,50
1747013732.7223637,-21,57,-19
1747013732.7583632,-44,-41,94
1747013732.793363,15,-47,36
1747013732.829363,-67,43,68
1747013732.8643634,-29,-91,36
1747013732.8993633,57,44,32
1747013732.9353633,-32,4,84
1747013732.9703634,53,2,14
1747013733.0063634,23,-4,160
1747013733.0413637,5,-55,58
1747013733.0773633,150,-1,-43
1747013733.112363,76,-23,34
1747013733.1473634,-60,-13,-41
1747013733.1833634,3,-33,76
1747013733.2183633,-4,-41,208
1747013733.2543633,-42,24,70
1747013733.2893634,33,48,140
1747013733.3253634,47,59,104
1747013733.3603632,-38,-56,68
1747013733.395363,47,3,68
1747013733.431363,55,84,114
1747013733.4663634,39,-19,0
1747013733.5023634,0,0,-91
1747013733.5373633,39,-3,212
1747013733.5733633,-16,10,76
1747013733.6083634,49,-63,40
1747013733.6433637,-66,-67,-37
1747013733.6793633,61,-51,150
1747013733.714363,-3,-13,96
1747013733.750363,-60,8,144
1747013733.7853634,45,-5,36
1747013733.8203633,51,-107,122
1747013733.8553634,15,40,106
1747013733.8913634,-83,-9,88
1747013733.9273634,-5,2,24
1747013733.9623632,-29,-19,60
1747013733.9983633,-4,-73,168
1747013734.033363,84,-32,60
1747013734.0683634,-11,-60,20
1747013734.1033633,-47,-28,74
1747013734.1393633,8,29,88
1747013734.1753633,-32,56,128
1747013734.2103634,-30,-20,202
1747013734.2463634,-44,-34,136
1747013734.2813632,19,40,72
1747013734.316363,5,-28,54
1747013734.3513634,6,56,146
1747013734.3873634,17,-4,46
1747013734.4233634,-19,-29,-7
1747013734.4583633,13,-74,76
1747013734.4943633,-61,32,132
1747013734.5293634,35,11,114
1747013734.5643632,-14,-30,76
1747013734.599363,27,-6,0
1747013734.635363,29,-46,192
1747013734.6713634,-29,13,48
1747013734.7063634,18,-24,134
1747013734.7423637,38,-18,104
1747013734.7773633,46,-34,16
1747013734.8123634,52,-28,86
1747013734.8473637,-17,-24,78
1747013734.8833632,-59,41,2
1747013734.9193633,8,-80,84
1747013734.954363,10,-34,146
1747013734.9903634,14,-38,94
1747013735.0253634,-83,-94,134
1747013735.0603633,-37,29,-13
1747013735.0953634,6,7,26
1747013735.1313634,-1,31,98
1747013735.1673634,-21,-13,-13
1747013735.2023633,-69,-37,20
1747013735.2383633,-17,-19,78
1747013735.2733634,12,44,34
1747013735.3083634,8,-67,106
1747013735.3433633,6,-71,48
1747013735.3793633,144,27,194
1747013735.4153633,-49,-28,98
1747013735.4503634,20,-12,65
1747013735.4863634,58,-12,111
1747013735.5213633,-7,8,41
1747013735.556363,1,11,27
1747013735.5913634,-26,-32,67
1747013735.6273634,-60,-48,-112
1747013735.6633637,21,-6,52
1747013735.6983633,11,-78,192
1747013735.7343633,27,3,102
1747013735.7693634,-68,-17,104
1747013735.8043633,-40,-18,-59
1747013735.839363,-15,2,64
1747013735.875363,-51,28,10
1747013735.9113634,52,100,96
1747013735.9463634,-77,-26,123
1747013735.9823637,42,7,81
1747013736.0173633,12,7,3
1747013736.0523634,52,-7,17
1747013736.0873632,28,-30,73
1747013736.1233633,5,14,-36
1747013736.1593633,13,21,116
1747013736.1943634,27,23,-19
1747013736.2303634,-33,-16,74
1747013736.2653637,-34,17,40
1747013736.3003633,33,13,202
1747013736.3353634,-26,71,126
1747013736.3713634,53,41,106
1747013736.4073634,-9,-96,70
1747013736.4423633,-37,-10,136
1747013736.4783633,-49,-50,50
1747013736.5133634,-55,1,27
1747013736.5483634,74,21,51
1747013736.5833633,18,67,129
1747013736.6193633,-22,50,153
1747013736.655363,-4,-19,59
1747013736.6903634,25,-17,15
1747013736.7263634,43,56,95
1747013736.7613633,41,14,141
1747013736.7963634,-6,2,141
1747013736.8313634,60,7,-4
1747013736.8673637,-22,-65,47
1747013736.9033637,41,32,93
1747013736.9383633,-36,-15,59
1747013736.974363,-37,25,59
1747013737.0093634,26,-126,139
1747013737.0443633,55,22,43
1747013737.0803633,-63,19,-4
1747013737.1153634,27,2,11
1747013737.1513634,19,24,113
1747013737.1863637,57,10,59
1747013737.2223637,7,15,125
1747013737.257363,65,5,51
1747013737.2923634,-70,-36,57
1747013737.3283634,-45,14,161
1747013737.3633633,0,40,-12
1747013737.3993633,-3,-3,91
1747013737.4343634,-132,1,141
1747013737.4703634,-41,32,-18
1747013737.5053637,-52,-95,-16
1747013737.5403633,-32,-14,113
1747013737.576363,120,-31,29
1747013737.6113634,-37,40,169
1747013737.6473634,16,22,-64
1747013737.6893632,20,48,121
1747013737.7263634,-3,8,-20
1747013737.7613633,6,-29,151
1747013737.7963634,58,-34,69
1747013737.8323634,-33,-15,131
1747013737.8673637,-21,8,47
1747013737.9033637,47,-27,61
1747013737.9383633,-12,8,-18
1747013737.974363,27,-25,63
1747013738.0093634,-20,48,63
1747013738.0443633,-54,-25,-26
1747013738.0803633,-2,-53,-18
1747013738.1153634,21,40,51
1747013738.1513634,43,-7,103
1747013738.1863637,-54,40,45
1747013738.2223637,-4,28,133
1747013738.257363,-4,-7,73
1747013738.2923634,83,32,101
1747013738.3283634,-1,-17,97
1747013738.3633633,-3,80,177
1747013738.3993633,-14,10,147
1747013738.4343634,51,78,57
1747013738.4703634,51,-67,159
1747013738.5053637,-24,-27,39
1747013738.5403633,28,-25,73
1747013738.576363,39,-31,65
1747013738.6113634,33,-83,129
1747013738.6473634,-16,22,37
1747013738.6823633,47,-41,-2
1747013738.7183633,76,34,147
1747013738.7543633,58,6,69
1747013738.7903633,16,36,109
1747013738.826363,-59,-36,119
1747013738.8613634,8,-15,55
1747013738.8963633,54,-21,-32
1747013738.9323633,-1,32,115
1747013738.9683633,-27,-42,37
1747013739.0033634,-19,-61,151
1747013739.0393634,20,-24,73
1747013739.0743637,68,-14,145
1747013739.1093633,25,68,119
1747013739.1443634,26,21,89
1747013739.1803634,-21,-64,39
1747013739.2163634,58,65,29
1747013739.2513633,34,1,59
1747013739.2873633,31,-2,3
1747013739.3223634,31,65,1
1747013739.3573637,13,-50,43
1747013739.3923633,-48,-8,-22
1747013739.428363,43,27,119
1747013739.464363,-22,-86,203
1747013739.4993634,-43,11,157
1747013739.5353634,-27,21,17
1747013739.5703633,-43,38,73
1747013739.6053634,-55,22,65
1747013739.6403637,-31,20,85
1747013739.6763637,13,5,-20
1747013739.7123632,62,27,9
1747013739.747363,20,-14,87
1747013739.783363,-10,-74,-90
1747013739.8183634,-16,35,1
1747013739.8533633,-26,21,35
1747013739.8883634,-41,-62,0
1747013739.9243634,26,35,11
1747013739.9603634,46,33,-24
1747013739.9953637,-52,31,55
1747013740.0313632,-13,-14,39
1747013740.066363,52,-46,27
1747013740.1013634,16,43,97
1747013740.1363633,30,-12,79
1747013740.1723633,36,-16,105
1747013740.2083633,28,41,157
1747013740.2433634,28,-38,65
1747013740.2793634,0,-6,-70
1747013740.3143632,-3,-52,57
1747013740.349363,-8,-49,0
1747013740.3843634,-36,-15,98
1747013740.4203634,42,-26,8
1747013740.4563634,-7,31,-28
1747013740.4913633,23,16,3
1747013740.5273633,19,-1,157
1747013740.5623634,30,-48,132
1747013740.5973637,44,-50,-17
1747013740.632363,-69,39,-113
1747013740.668363,6,-56,30
1747013740.704363,-80,-51,40
1747013740.7393634,61,24,-52
1747013740.7753634,42,-64,67
1747013740.8103633,62,-4,43
1747013740.8453634,-77,-18,77
1747013740.8803637,14,-2,75
1747013740.9163637,26,-34,65
1747013740.9523633,24,-42,147
1747013740.987363,4,-14,95
1747013741.0233634,-9,-6,19
1747013741.0583634,-27,-12,51
1747013741.0933633,-69,39,145
1747013741.1283634,24,0,29
1747013741.1643634,72,-2,123
1747013741.2003634,-1,15,45
1747013741.2353632,24,-44,83
1747013741.2713633,-9,23,87
1747013741.306363,14,0,135
1747013741.3413634,1,42,64
1747013741.3763633,-35,0,96
1747013741.4123633,-73,-2,-27
1747013741.4483633,70,12,18
1747013741.4833634,-44,48,98
1747013741.5193634,-30,26,32
1747013741.5543633,37,50,98
1747013741.589363,-46,60,72
1747013741.6243634,-6,50,142
1747013741.6603634,-12,-3,70
1747013741.6963634,34,28,54
1747013741.7313633,6,34,74
1747013741.7673633,-33,4,78
1747013741.8023634,-7,-62,30
1747013741.8373632,-67,-40,34
1747013741.872363,-49,33,50
1747013741.908363,42,15,64
1747013741.9443634,-58,11,16
1747013741.9793634,-18,27,6
1747013742.0153637,-13,-24,124
1747013742.0503633,25,95,38
1747013742.0853634,43,-42,50
1747013742.1213634,44,15,42
1747013742.1563632,-4,86,82
1747013742.1923633,-10,-59,128
1747013742.227363,-25,-5,-67
1747013742.2633634,6,0,-11
1747013742.2983634,-89,-35,112
1747013742.3333633,-15,-21,56
1747013742.3693633,22,-17,120
1747013742.4043634,-48,-55,152
1747013742.4403634,-18,46,2
1747013742.4753633,-18,-37,134
1747013742.5113633,-83,-2,-25
1747013742.5463634,-13,-86,94
1747013742.5813634,-29,35,-21
1747013742.6173637,40,-42,104
1747013742.6523633,76,35,98
1747013742.6883633,92,-49,8
1747013742.7233634,-29,60,22
1747013742.7593634,-34,-19,74
1747013742.7943633,21,-27,30
1747013742.829363,52,-37,56
1747013742.8653634,97,8,36
1747013742.9003634,14,65,72
1747013742.9363637,54,-24,14
1747013742.9713633,72,-40,2
1747013743.007363,38,62,72
1747013743.0423634,-39,1,-41
1747013743.0773633,-5,57,-65
1747013743.1133633,-45,-29,56
1747013743.1483634,-3,-133,16
1747013743.1843634,24,-34,100
1747013743.2193637,-65,-8,-27
1747013743.2553637,-33,-1,2
1747013743.2903633,20,-15,62
1747013743.3253634,42,-53,0
1747013743.3613634,29,-51,10
1747013743.3963633,-14,-19,86
1747013743.4323633,14,26,-67
1747013743.4673634,25,52,100
1747013743.5033634,-16,28,68
1747013743.5383637,5,-31,108
1747013743.5733633,39,-57,224
1747013743.6093633,101,10,-5
1747013743.6443634,-36,-7,126
1747013743.6803634,-20,-27,78
1747013743.7153633,-46,-65,104
1747013743.7513633,87,6,106
1747013743.7863634,13,40,128
1747013743.8213634,43,-57,12
1747013743.8573637,45,14,18
1747013743.8923633,54,-76,74
1747013743.928363,36,-50,-21
1747013743.9633634,36,-100,-71
1747013743.9983633,-56,6,-51
1747013744.033363,-38,2,66
1747013744.0703633,25,-9,-17
1747013744.1053634,33,9,80
1747013744.1413634,69,-57,-3
1747013744.1773634,4,-13,118
1747013744.2123632,-90,-9,84
1747013744.2483633,20,-51,28
1747013744.283363,24,-37,64
1747013744.3183634,8,11,94
1747013744.3533633,-18,78,-55
1747013744.3893633,-26,6,210
1747013744.4253633,15,-31,86
1747013744.4603634,23,-73,46
1747013744.4963634,-28,-13,-7
1747013744.5313632,-54,24,-17
1747013744.566363,-12,-69,58
1747013744.6013634,-16,-27,116
1747013744.6373634,0,14,182
1747013744.6733634,-119,6,154
1747013744.7083633,66,18,110
1747013744.7443633,48,64,-63
1747013744.7793634,34,-51,62
1747013744.8143632,-27,-43,178
1747013744.849363,-53,94,160
1747013744.885363,-67,-13,75
1747013744.9213634,-67,-3,-10
1747013744.9563634,-3,-61,15
1747013744.9923637,22,0,85
1747013745.0273633,13,-16,89
1747013745.0623634,5,35,150
1747013745.0973637,17,-13,126
1747013745.1333632,-58,7,-5
1747013745.1693633,17,0,28
1747013745.204363,65,-46,102
1747013745.2403634,-10,-28,24
1747013745.2753634,27,61,78
1747013745.3103633,83,57,116
1747013745.3453634,-78,-36,130
1747013745.3813634,23,-18,160
1747013745.4173634,37,-34,32
1747013745.4523633,-53,-3,66
1747013745.4883633,39,-1,100
1747013745.5233634,-31,-13,124
1747013745.5583634,13,32,132
1747013745.5933633,57,1,-45
1747013745.6293633,-29,-35,-57
1747013745.6653633,-19,-73,98
1747013745.7003634,3,17,78
1747013745.7363634,-3,66,92
1747013745.7713633,-87,-33,0
1747013745.806363,30,38,52
1747013745.8413634,-45,42,144
1747013745.8773634,18,8,152
1747013745.9133637,31,-49,-1
1747013745.9483633,50,1,60
1747013745.9843633,-13,25,64
1747013746.0193634,94,-14,98
1747013746.0543633,12,45,66
1747013746.089363,6,23,-31
1747013746.125363,-17,3,2
1747013746.1613634,36,33,54
1747013746.1963634,-76,55,-109
1747013746.2323637,-32,-51,48
1747013746.2673633,-20,44,4
1747013746.3023634,5,-77,108
1747013746.3373632,-2,32,-43
1747013746.3733633,9,-43,72
1747013746.4093633,-38,0,86
1747013746.4443634,-88,84,32
1747013746.4803634,15,20,42
1747013746.5153637,24,-14,66
1747013746.5503633,-104,-25,12
1747013746.5853634,-60,34,-29
1747013746.6213634,21,-18,18
1747013746.6573634,41,43,66
1747013746.6923633,31,5,9
1747013746.7283633,17,-43,109
1747013746.7633634,57,-8,126
1747013746.7983634,41,-25,96
1747013746.8333633,20,23,126
1747013746.8693633,38,-44,94
1747013746.905363,52,-46,114
1747013746.9403634,40,-58,54
1747013746.9763634,78,-94,78
1747013747.0113633,28,-24,63
1747013747.0463634,19,-18,45
1747013747.0823634,98,42,-1
1747013747.1173637,49,-30,108
1747013747.1533637,-34,-18,12
1747013747.1883633,-82,63,22
1747013747.224363,-2,61,154
1747013747.2593634,-20,71,32
1747013747.2943633,9,-52,129
1747013747.3303633,99,-4,33
1747013747.3653634,-17,101,161
1747013747.4013634,-19,-86,73
1747013747.4363637,92,-24,37
1747013747.4723637,58,23,57
1747013747.507363,-15,35,47
1747013747.5423634,-91,65,109
1747013747.5783634,24,33,145
1747013747.6133633,82,-54,98
1747013747.6493633,77,-19,91
1747013747.691363,10,-26,52
1747013747.7283633,50,-34,84
1747013747.7633634,-33,23,124
1747013747.7983634,-4,-57,85
1747013747.8343637,50,-15,91
1747013747.8693633,-34,-63,10
1747013747.905363,2,-39,184
1747013747.9403634,2,-51,-7
1747013747.9763634,-25,28,110
1747013748.0113633,40,14,118
1747013748.0463634,-39,-119,-39
1747013748.0823634,53,18,92
1747013748.1173637,-48,12,88
1747013748.1533637,85,14,108
1747013748.1883633,15,-35,88
1747013748.224363,-18,46,8
1747013748.2593634,-42,52,-30
1747013748.2943633,-1,-43,113
1747013748.3303633,-24,3,41
1747013748.3653634,27,-91,35
1747013748.4013634,9,-82,123
1747013748.4363637,33,89,15
1747013748.4723637,81,63,107
1747013748.507363,-78,6,197
1747013748.5423634,49,-19,79
1747013748.5783634,81,15,103
1747013748.6133633,18,38,149
1747013748.6493633,-12,19,121
1747013748.6843634,43,-34,123
1747013748.7203634,-26,-2,23
1747013748.7553637,-44,15,17
1747013748.7903633,13,-66,63
1747013748.826363,51,-8,118
1747013748.8613634,15,-103,144
1747013748.8973634,0,-38,35
1747013748.9323633,25,61,79
1747013748.9683633,-14,-24,37
1747013749.0043633,-79,48,1
1747013749.0403633,39,0,-19
1747013749.076363,29,0,76
1747013749.1113634,54,-46,61
1747013749.1463633,-19,-18,161
1747013749.1823633,-9,-28,169
1747013749.2183633,-13,23,61
1747013749.2533634,-39,14,79
1747013749.2893634,-17,-20,187
1747013749.3243637,-29,-8,49
1747013749.3593633,68,-26,97
1747013749.395363,28,-4,157
1747013749.431363,-80,43,45
1747013749.4663634,0,31,109
1747013749.5023634,37,15,77
1747013749.5383637,11,75,51
1747013749.5733633,0,-8,69
1747013749.6093633,11,-28,123
1747013749.6443634,-18,5,7
1747013749.6793633,-8,67,83
1747013749.714363,33,-68,45
1747013749.750363,-14,63,39
1747013749.7863634,39,-36,131
1747013749.8213634,-47,41,123
1747013749.8573637,121,-27,29
1747013749.8923633,33,15,39
1747013749.9273634,-32,-10,119
1747013749.9623632,-32,-62,75
1747013749.9983633,22,-54,-2
1747013750.0343633,-13,37,107
1747013750.0693634,-35,3,43
1747013750.1053634,62,-64,157
1747013750.1403637,-17,-8,203
1747013750.1753633,14,-4,75
1747013750.2103634,26,21,55
1747013750.2463634,-79,9,145
1747013750.2823634,-7,-35,135
1747013750.3173633,17,14,53
1747013750.3533633,19,-81,158
1747013750.3883634,87,-7,64
1747013750.4233634,-16,40,78
1747013750.4583633,71,51,100
1747013750.4943633,-28,11,13
1747013750.530363,-92,-30,54
1747013750.5653634,-6,63,146
1747013750.6013634,11,-20,50
1747013750.6363633,-12,-4,108
1747013750.6713634,-50,5,98
1747013750.7063634,35,-18,42
1747013750.7423637,-85,17,34
1747013750.7783637,-7,-28,58
1747013750.8133633,4,-72,-151
1747013750.849363,-65,0,-31
1747013750.8843634,-49,-32,82
1747013750.9193633,108,-66,114
1747013750.954363,-45,47,32
1747013750.9903634,44,-8,30
1747013751.0263634,44,-60,124
1747013751.0613637,-49,-36,48
1747013751.0973637,26,57,142
1747013751.132363,-41,1,20
1747013751.1673634,6,-20,20
1747013751.2023633,7,-43,100
1747013751.2383633,56,-32,30
1747013751.2743633,26,39,-9
1747013751.3093634,63,-11,-89
1747013751.3453634,22,-18,62
1747013751.3803637,-23,37,168
1747013751.4153633,22,-36,18
1747013751.4503634,14,-56,-5
1747013751.4863634,-10,-51,38
1747013751.5223634,-22,26,138
1747013751.5573633,29,-21,200
1747013751.5933633,37,-85,32
1747013751.6283634,-4,14,62
1747013751.6633637,1,-45,66
1747013751.6983633,-42,4,-43
1747013751.7343633,-10,54,132
1747013751.770363,65,-41,44
1747013751.8053634,-8,-33,34
1747013751.8413634,-58,-3,50
1747013751.8763633,-63,-17,116
1747013751.9113634,74,0,158
1747013751.9463634,52,17,72
1747013751.9823637,40,47,100
1747013752.0183637,-3,-18,98
1747013752.053363,11,-61,38
1747013752.089363,-42,-11,84
1747013752.1243634,0,78,106
1747013752.1593633,-64,-35,190
1747013752.1953633,31,-65,16
1747013752.2303634,35,6,44
1747013752.2663634,111,-9,92
1747013752.3013637,25,-46,140
1747013752.3373632,33,-52,80
1747013752.372363,-24,29,30
1747013752.4073634,5,47,76
1747013752.4433634,0,-28,60
1747013752.4783633,-28,13,184
1747013752.5143633,67,13,70
1747013752.5493634,35,55,34
1747013752.5853634,-42,-30,6
1747013752.6203637,-30,-29,48
1747013752.655363,69,-53,100
1747013752.691363,18,-19,60
1747013752.7263634,-77,-27,68
1747013752.7623634,-3,58,150
1747013752.7973633,35,9,104
1747013752.8333633,-42,-38,50
1747013752.8683634,16,18,110
1747013752.9033637,-1,-32,166
1747013752.9393632,-19,3,66
1747013752.974363,64,9,128
1747013753.010363,0,-56,17
1747013753.0453634,-52,27,47
1747013753.0813634,-12,57,89
1747013753.1163633,19,-84,57
1747013753.1513634,53,-18,129
1747013753.1873634,7,31,3
1747013753.2223637,18,33,-13
1747013753.2583632,41,-31,92
1747013753.293363,42,29,82
1747013753.329363,58,-58,-49
1747013753.3643634,27,53,40
1747013753.3993633,3,-44,82
1747013753.4353633,63,8,54
1747013753.4703634,47,-85,74
1747013753.5063634,-59,-7,45
1747013753.5413637,48,-32,136
1747013753.5773633,96,-38,18
1747013753.612363,-1,-18,151
1747013753.6473634,25,20,-13
1747013753.6833634,-27,-2,36
1747013753.7183633,-52,68,7
1747013753.7543633,-22,-25,155
1747013753.7893634,40,-4,193
1747013753.8253634,-3,25,123
1747013753.8603632,12,-81,117
1747013753.895363,18,16,53
1747013753.931363,-50,-7,73
1747013753.9663634,67,30,19
1747013754.0023634,-44,-59,38
1747013754.0373633,-18,-5,38
1747013754.0733633,-26,-3,146
1747013754.1093633,-30,-9,68
1747013754.1443634,-96,-31,92
1747013754.1793633,-3,2,146
1747013754.2153633,-16,-1,162
1747013754.2513633,24,-64,90
1747013754.2863634,-5,-42,-5
1747013754.3223634,22,-51,122
1747013754.3573637,34,-13,120
1747013754.3923633,-34,132,66
1747013754.4273634,7,0,-25
1747013754.4633634,73,34,157
1747013754.4993634,-26,26,-21
1747013754.5343633,-82,-27,40
1747013754.5703633,4,7,90
1747013754.6053634,20,-12,78
1747013754.6403637,-50,-45,110
1747013754.6753633,-67,11,78
1747013754.7113633,-39,15,108
1747013754.747363,6,43,32
1747013754.7823634,-45,13,56
1747013754.8183634,8,51,170
1747013754.8533633,-1,-20,26
1747013754.8883634,36,-8,52
1747013754.9233634,-16,-57,74
1747013754.9593637,0,14,94
1747013754.9953637,-74,44,142
1747013755.030363,-28,42,82
1747013755.066363,-67,98,88
1747013755.1013634,80,-59,18
1747013755.1363633,22,-16,68
1747013755.1713634,18,106,-27
1747013755.2073634,78,8,76
1747013755.2433634,1,-29,28
1747013755.2783637,-94,26,137
1747013755.3143632,-14,30,181
1747013755.349363,-74,4,129
1747013755.3843634,-39,80,58
1747013755.4193633,14,-41,110
1747013755.4553633,124,20,118
1747013755.4913633,-33,54,14
1747013755.5263634,16,6,138
1747013755.5623634,30,-5,126
1747013755.5973637,60,-18,-61
1747013755.632363,-31,-60,176
1747013755.6673634,-40,-4,66
1747013755.7033634,-84,11,-53
1747013755.7393634,0,-31,54
1747013755.7743633,20,-2,174
1747013755.8103633,72,21,102
1747013755.8453634,-7,-42,-56
1747013755.8803637,42,-30,142
1747013755.9153633,5,30,78
1747013755.951363,49,34,-50
1747013755.987363,-46,96,97
1747013756.0223634,21,62,79
1747013756.0583634,19,38,2
1747013756.0933633,97,4,-37
1747013756.1283634,99,58,130
1747013756.1633637,29,-43,48
1747013756.1993637,-52,32,66
1747013756.2353632,-38,56,8
1747013756.270363,-20,28,92
1747013756.306363,75,-57,36
1747013756.3413634,41,8,-79
1747013756.3763633,67,12,0
1747013756.4113634,-6,14,152
1747013756.4473634,1,-19,148
1747013756.4833634,-11,16,-1
1747013756.5183637,-38,-15,108
1747013756.5543633,41,-7,92
1747013756.589363,-60,20,84
1747013756.6243634,-20,-1,156
1747013756.6593633,-6,-79,4
1747013756.6953633,-40,-11,12
1747013756.7313633,3,10,102
1747013756.7663634,-26,26,156
1747013756.8023634,-44,32,18
1747013756.8373632,67,-5,64
1747013756.872363,70,-32,106
1747013756.9073634,-18,-19,76
1747013756.9433634,89,-1,-11
1747013756.9793634,43,4,94
1747013757.0143633,-32,30,14
1747013757.0503633,-44,-77,98
1747013757.0853634,53,0,130
1747013757.1203637,69,26,68
1747013757.1563632,-41,-31,22
1747013757.191363,-49,22,26
1747013757.227363,-31,6,6
1747013757.2623634,-45,14,34
1747013757.2983634,49,24,136
1747013757.3333633,-28,-11,60
1747013757.3683634,-40,24,68
1747013757.4043634,-56,-1,94
1747013757.4393632,-10,-29,38
1747013757.4753633,-82,78,124
1747013757.510363,-34,-43,-9
1747013757.5463634,-28,-51,16
1747013757.5813634,-74,-25,47
1747013757.6163633,124,-28,120
1747013757.6523633,10,-16,-49
1747013757.6943634,18,37,62
1747013757.7313633,-54,2,176
1747013757.7663634,32,-92,2
1747013757.8023634,-45,-18,104
1747013757.8373632,-18,-11,92
1747013757.872363,25,-17,176
1747013757.908363,-11,3,76
1747013757.9433634,-23,-12,64
1747013757.9793634,-56,62,96
1747013758.0143633,-25,51,98
1747013758.0503633,52,23,120
1747013758.0853634,-27,31,118
1747013758.1203637,-31,-2,-17
1747013758.1563632,32,5,94
1747013758.191363,-33,-6,126
1747013758.227363,2,13,8
1747013758.2623634,36,39,124
1747013758.2983634,54,-12,20
1747013758.3333633,125,94,70
1747013758.3683634,99,6,70
1747013758.4043634,6,-26,30
1747013758.4393632,51,38,64
1747013758.4753633,43,80,-61
1747013758.510363,33,-13,82
1747013758.5463634,-12,-31,108
1747013758.5813634,27,34,198
1747013758.6163633,-7,-40,218
1747013758.6523633,-60,20,86
1747013758.6873634,27,-67,106
1747013758.7233634,38,-50,46
1747013758.7583632,-17,25,182
1747013758.7943633,32,7,64
1747013758.829363,-37,9,140
1747013758.8643634,0,31,122
1747013758.9003634,-59,-10,72
1747013758.9353633,92,-34,114
1747013758.9713633,30,11,-33
1747013759.0063634,36,29,116
1747013759.0423634,-49,-8,48
1747013759.0783634,-48,24,102
1747013759.1133633,-49,-74,166
1747013759.1483634,-21,-104,68
1747013759.1843634,-10,12,44
1747013759.2203634,-19,-14,10
1747013759.2553637,-9,7,220
1747013759.2913637,-21,-26,56
1747013759.326363,36,59,100
1747013759.3613634,20,13,190
1747013759.3963633,-3,45,18
1747013759.4323633,-58,-3,-95
1747013759.4683633,72,-10,102
1747013759.5033634,0,-70,58
1747013759.5393634,52,16,86
1747013759.5743637,-39,62,-27
1747013759.6093633,-25,22,-41
1747013759.6443634,64,-43,66
1747013759.6803634,-71,-8,-5
1747013759.7163634,-5,-41,2
1747013759.7513633,-17,-19,96
1747013759.7873633,-3,62,100
1747013759.8223634,-33,-30,146
1747013759.8573637,38,31,-15
1747013759.8923633,18,23,98
1747013759.928363,-66,-29,-81
1747013759.964363,28,-28,30
1747013759.9993634,45,-63,22
1747013760.0353634,31,10,6
1747013760.0703633,-10,72,98
1747013760.1053634,-62,6,112
1747013760.1403637,33,6,-21
1747013760.1763637,-28,-11,46
1747013760.2123632,39,-71,26
1747013760.247363,-14,-7,50
1747013760.283363,19,-37,180
1747013760.3183634,101,-11,167
1747013760.3533633,32,-16,140
1747013760.3883634,-40,-27,15
1747013760.4243634,13,-9,185
1747013760.4603634,61,2,-30
1747013760.4953637,-20,-55,-29
1747013760.5313632,-13,-41,30
1747013760.566363,6,58,74
1747013760.6013634,-65,-15,88
1747013760.6363633,28,34,122
1747013760.6723633,63,42,52
1747013760.7083633,91,-85,78
1747013760.7433634,-37,-40,-17
1747013760.7793634,14,-14,0
1747013760.8143632,12,-70,94
1747013760.849363,-42,30,32
1747013760.8843634,39,46,84
1747013760.9203634,-30,68,22
1747013760.9563634,28,-40,24
1747013760.9913633,-15,3,22
1747013761.0273633,-55,-22,42
1747013761.0623634,-13,12,178
1747013761.0973637,92,52,42
1747013761.132363,36,60,160
1747013761.168363,38,52,128
1747013761.204363,2,60,-1
1747013761.2393634,-53,60,66
1747013761.2753634,12,40,9
1747013761.3103633,-15,-43,6
1747013761.3453634,22,-69,34
1747013761.3803637,-35,-7,52
1747013761.4163637,41,46,41
1747013761.4523633,-42,142,143
1747013761.487363,-34,14,91
1747013761.5233634,-86,-63,76
1747013761.5583634,59,6,106
1747013761.5933633,-12,-1,105
1747013761.6283634,71,-57,62
1747013761.6643634,-22,-25,68
1747013761.7003634,33,-11,90
1747013761.7353632,23,-61,114
1747013761.7713633,13,-39,44
1747013761.806363,-113,4,-53
1747013761.8413634,5,22,134
1747013761.8763633,-1,18,-63
1747013761.9123633,137,-29,-15
1747013761.9483633,-26,-35,108
1747013761.9833634,12,-29,116
1747013762.0193634,-21,7,42
1747013762.0543633,-6,28,73
1747013762.089363,15,-13,83
1747013762.1243634,59,-31,3
1747013762.1603634,78,-49,63
1747013762.1963634,73,-81,151
1747013762.2313633,-28,-91,-46
1747013762.2673633,29,54,166
1747013762.3023634,75,-21,147
1747013762.3373632,-68,54,191
1747013762.3733633,-19,-48,29
1747013762.408363,46,-25,29
1747013762.4443634,-4,26,45
1747013762.4793634,23,-11,59
1747013762.5153637,-30,-37,-4
1747013762.5503633,39,-19,59
1747013762.5853634,81,32,-20
1747013762.6213634,-22,2,33
1747013762.6563632,31,70,121
1747013762.6923633,-15,-48,105
1747013762.727363,83,64,95
1747013762.7633634,24,23,129
1747013762.7983634,-43,30,197
1747013762.8333633,-26,-1,61
1747013762.8693633,28,10,155
1747013762.9043634,30,5,79
1747013762.9403634,88,71,163
1747013762.9753633,80,-58,62
1747013763.0113633,40,-54,-43
1747013763.0463634,30,-2,182
1747013763.0813634,-23,-54,98
1747013763.1173637,-33,35,91
1747013763.1523633,-37,31,129
1747013763.1883633,-8,70,-102
1747013763.2233634,-49,-44,180
1747013763.2593634,-24,-35,46
1747013763.2943633,55,16,62
1747013763.329363,28,35,40
1747013763.3653634,70,-30,128
1747013763.4003634,-27,-28,-5
1747013763.4363637,3,58,20
1747013763.4713633,-1,-6,22
1747013763.507363,-27,-6,148
1747013763.5423634,-1,37,57
1747013763.5773633,-35,40,31
1747013763.6133633,-40,-16,-54
1747013763.6483634,85,-6,-14
1747013763.6843634,24,18,21
1747013763.7193637,42,-25,-62
1747013763.7553637,-23,63,-18
1747013763.7903633,-53,-84,137
1747013763.8253634,-24,-8,19
1747013763.8613634,1,-130,17
1747013763.8963633,52,84,157
1747013763.9323633,70,12,107
1747013763.9673634,62,-21,9
1747013764.0033634,-10,13,77
1747013764.0383637,96,22,105
1747013764.0733633,18,-11,51
1747013764.1093633,-21,42,0
1747013764.1443634,60,22,75
1747013764.1803634,-33,19,123
1747013764.2153633,-25,-48,5
1747013764.2513633,-53,-50,161
1747013764.2863634,40,24,87
1747013764.3213634,1,-26,79
1747013764.3573637,9,-10,85
1747013764.3923633,51,-52,141
1747013764.428363,29,15,94
1747013764.4633634,11,-76,-30
1747013764.4983633,-26,45,39
1747013764.533363,-4,-24,83
1747013764.5693634,7,9,135
1747013764.6053634,24,-42,110
1747013764.6403637,-65,41,98
1747013764.6763637,-59,43,14
1747013764.7113633,38,27,110
1747013764.7463634,26,-50,14
1747013764.7813632,-6,22,52
1747013764.8173633,87,-89,84
1747013764.8533633,-29,21,114
1747013764.8883634,-35,33,-3
1747013764.9243634,4,29,52
1747013764.9593637,-43,-36,-21
1747013764.9943633,38,-146,187
1747013765.0293634,-13,-21,65
1747013765.0653634,26,-27,83
1747013765.1013634,78,18,86
1747013765.1363633,60,-17,109
1747013765.1723633,19,-91,61
1747013765.2073634,71,-15,45
1747013765.2423637,1,-45,-24
1747013765.2773633,-54,-68,41
1747013765.3133633,33,-15,29
1747013765.349363,115,-65,39
1747013765.3843634,-8,-30,-80
1747013765.4203634,-16,46,95
1747013765.4553633,23,-64,19
1747013765.4903634,37,35,87
1747013765.5253634,-16,104,159
1747013765.5613637,-34,32,-40
1747013765.5973637,-26,50,79
1747013765.632363,37,-23,11
1747013765.668363,34,30,81
1747013765.7033634,-5,28,-2
1747013765.7383633,60,-5,125
1747013765.7733634,-77,2,75
1747013765.8093634,-79,44,83
1747013765.8453634,37,-57,55
1747013765.8803637,-61,-19,157
1747013765.9163637,34,-39,93
1747013765.951363,86,-11,141
1747013765.9863634,6,6,79
1747013766.0213633,-1,-17,177
1747013766.0573633,-3,10,53
1747013766.0933633,-37,-22,119
1747013766.1283634,-26,-34,51
1747013766.1643634,31,63,57
1747013766.1993637,35,-16,105
1747013766.2343633,155,0,-20
1747013766.2693634,31,-58,145
1747013766.3053634,17,60,151
1747013766.3413634,47,9,63
1747013766.3763633,-6,49,123
1747013766.4123633,-5,-92,85
1747013766.4473634,46,15,41
1747013766.4823637,-5,-4,27
1747013766.5173633,-8,-14,45
1747013766.553363,73,-8,107
1747013766.589363,31,-28,0
1747013766.6243634,-24,9,25
1747013766.6603634,-14,53,131
1747013766.6953633,0,23,145
1747013766.7303634,-32,-60,125
1747013766.7653637,0,5,193
1747013766.8013637,9,9,35
1747013766.8373632,-6,25,39
1747013766.872363,7,29,69
1747013766.908363,-16,-18,13
1747013766.9433634,-14,47,25
1747013766.9783633,10,-24,53
1747013767.0133634,48,0,149
1747013767.0493634,-11,-20,121
1747013767.0853634,56,23,5
1747013767.1203637,26,24,151
1747013767.1563632,44,-19,121
1747013767.191363,49,9,101
1747013767.2263634,-36,-25,97
1747013767.2623634,-34,-65,173
1747013767.2973633,27,-3,181
1747013767.3333633,-52,14,3
1747013767.3683634,-24,26,35
1747013767.4043634,73,-15,113
1747013767.4393632,1,40,57
1747013767.474363,89,-57,-16
1747013767.510363,59,-1,7
1747013767.5453634,-60,50,67
1747013767.5813634,-10,31,59
1747013767.6163633,-56,27,-38
1747013767.6523633,-21,14,113
1747013767.6873634,12,6,-6
1747013767.7293634,17,44,83
1747013767.7663634,84,-27,187
1747013767.8013637,-14,22,185
1747013767.8373632,80,45,131
1747013767.872363,-5,-54,11
1747013767.908363,-3,-12,179
1747013767.9433634,-9,-32,-100
1747013767.9783633,40,-12,-12
1747013768.0143633,84,41,51
1747013768.0493634,-35,25,-42
1747013768.0853634,8,-62,85
1747013768.1203637,86,-16,71
1747013768.1563632,-57,25,139
1747013768.191363,38,31,89
1747013768.2263634,26,-8,-64
1747013768.2623634,-59,25,197
1747013768.2973633,-45,11,143
1747013768.3333633,28,35,93
1747013768.3683634,-68,16,57
1747013768.4043634,-8,26,131
1747013768.4393632,-3,-26,63
1747013768.474363,-6,-5,187
1747013768.510363,-10,-45,-12
1747013768.5453634,17,-45,91
1747013768.5813634,-48,-11,79
1747013768.6163633,27,84,0
1747013768.6523633,51,-53,-22
1747013768.6873634,-60,28,240
1747013768.7223637,-59,45,36
1747013768.7583632,42,-34,54
1747013768.793363,-41,87,146
1747013768.829363,-32,18,132
1747013768.8643634,21,58,72
1747013768.9003634,5,66,130
1747013768.9353633,4,-44,136
1747013768.9703634,-91,9,86
1747013769.0063634,2,21,146
1747013769.0413637,8,11,31
1747013769.0773633,-41,-34,5
1747013769.112363,-11,5,-4
1747013769.1483634,-39,21,-6
1747013769.1833634,64,-24,41
1747013769.2183633,-72,20,137
1747013769.2543633,-7,83,77
1747013769.2893634,54,45,25
1747013769.3253634,-12,-31,57
1747013769.3603632,-52,30,68
1747013769.395363,51,12,122
1747013769.4303634,-16,8,54
1747013769.4663634,-8,39,136
1747013769.5023634,-26,30,100
1747013769.5373633,1,5,96
1747013769.5733633,63,-50,82
1747013769.6083634,-38,-34,8
1747013769.6433637,25,5,28
1747013769.678363,36,-56,26
1747013769.714363,-20,-4,44
1747013769.750363,82,1,-67
1747013769.7853634,16,-26,-31
1747013769.8213634,25,-21,106
1747013769.8563633,-18,22,16
1747013769.8913634,55,-79,52
1747013769.9263637,73,-6,50
1747013769.9623632,49,-1,90
1747013769.9983633,-23,-12,20
1747013770.033363,-19,1,46
1747013770.0693634,-15,19,98
1747013770.1043634,7,-72,30
1747013770.1393633,3,-4,-7
1747013770.1743634,-32,47,202
1747013770.2103634,-64,7,72
1747013770.2463634,13,0,144
1747013770.2813632,-24,-34,80
1747013770.3173633,-56,-70,136
1747013770.352363,3,-43,42
1747013770.3873634,-34,-41,82
1747013770.4223633,-12,32,80
1747013770.4583633,27,-29,-1
1747013770.4943633,-16,-25,-69
1747013770.5293634,-58,34,18
1747013770.5653634,-28,16,106
1747013770.6003633,3,6,140
1747013770.635363,-18,38,82
1747013770.6703634,3,71,174
1747013770.7063634,61,55,94
1747013770.7423637,-6,3,114
1747013770.7773633,0,5,32
1747013770.8133633,-44,29,222
1747013770.8483634,-48,27,84
1747013770.8833632,-8,39,156
1747013770.918363,81,-56,162
1747013770.954363,-4,35,32
1747013770.9903634,23,-48,46
1747013771.0253634,-32,-6,82
1747013771.0613637,43,15,140
1747013771.0963633,124,-12,46
1747013771.1313634,49,-70,-29
1747013771.1663637,4,-42,128
1747013771.2023633,-46,4,32
1747013771.2383633,0,29,160
1747013771.2733634,-20,65,112
1747013771.3093634,33,-16,56
1747013771.3443637,57,0,194
1747013771.3793633,-32,-32,98
1747013771.4143634,35,-2,138
1747013771.4503634,18,9,94
1747013771.4863634,23,49,58
1747013771.5213633,-58,-22,36
1747013771.5573633,23,-88,114
1747013771.5923634,-18,33,46
1747013771.6273634,-4,-44,80
1747013771.6623633,44,-48,118
1747013771.6983633,40,-60,132
1747013771.7343633,12,-102,-17
1747013771.7693634,-10,45,84
1747013771.8053634,-22,-33,28
1747013771.8403633,-6,-3,104
1747013771.875363,-20,18,194
1747013771.9103634,3,27,44
1747013771.9463634,21,21,152
1747013771.9823637,25,91,60
1747013772.0173633,-58,37,64
1747013772.053363,-72,17,166
1747013772.0883634,46,-28,100
1747013772.1233633,9,86,-13
1747013772.158363,61,13,64
1747013772.1943634,27,-23,126
1747013772.2303634,-9,-46,98
1747013772.2653637,6,23,38
1747013772.3013637,-9,-14,10
1747013772.3363633,75,67,62
1747013772.3713634,0,-58,27
1747013772.4063632,-38,-16,122
1747013772.4423633,47,-42,52
1747013772.4783633,-16,-12,38
1747013772.5133634,-14,-16,99
1747013772.5493634,0,-14,-48
1747013772.5843637,11,-32,-52
1747013772.6193633,-82,31,222
1747013772.655363,0,-8,82
1747013772.6903634,97,-54,76
1747013772.7263634,19,0,136
1747013772.7613633,-8,55,130
1747013772.7973633,33,5,-9
1747013772.8323634,8,-40,98
1747013772.8673637,-32,-19,96
1747013772.9033637,11,12,95
1747013772.9383633,0,13,137
1747013772.974363,8,-46,215
1747013773.0093634,37,-2,-8
1747013773.0453634,59,-14,80
1747013773.0803633,-59,-70,97
1747013773.1153634,-76,-72,131
1747013773.1513634,1,47,-27
1747013773.1863637,81,-6,20
1747013773.2223637,3,-2,-26
1747013773.257363,21,-8,65
1747013773.293363,123,-16,62
1747013773.3283634,61,-28,120
1747013773.3633633,15,-42,-27
1747013773.3993633,-6,-2,-36
1747013773.4343634,-6,5,-50
1747013773.4703634,77,-24,9
1747013773.5053637,-9,7,13
1747013773.5413637,82,-18,151
1747013773.576363,16,-22,63
1747013773.6113634,-5,23,3
1747013773.6473634,-11,-6,97
1747013773.6823633,-20,-53,-20
1747013773.7183633,3,2,153
1747013773.7533634,-44,-65,151
1747013773.7893634,37,-30,99
1747013773.8243637,15,-8,-28
1747013773.8593633,-70,33,89
1747013773.895363,-8,-90,65
1747013773.9303634,-32,-24,33
1747013773.9663634,-44,-24,25
1747013774.0013633,79,-94,89
1747013774.0373633,97,-2,-26
1747013774.0723634,-58,-22,49
1747013774.1073637,13,-40,1
1747013774.1433637,-24,1,35
1747013774.178363,-4,-28,135
1747013774.214363,-31,-16,69
1747013774.2493634,30,-68,101
1747013774.2853634,12,9,65
1747013774.3203633,70,-54,66
1747013774.3553634,4,-26,72
1747013774.3913634,-7,-18,71
1747013774.4263637,-10,-28,45
1747013774.4623632,-21,81,24
1747013774.497363,-39,1,27
1747013774.5323634,2,-52,72
1747013774.5673633,80,-54,33
1747013774.6033633,28,-48,84
1747013774.6393633,-60,-38,77
1747013774.6743634,-35,-38,67
1747013774.7103634,30,25,91
1747013774.7453637,-32,-2,37
1747013774.780363,-16,59,145
1747013774.8153634,-46,35,137
1747013774.8513634,-62,-30,-164
1747013774.8873634,-66,36,153
1747013774.9223633,57,-83,111
1747013774.9583633,-27,-23,81
1747013774.9933634,-71,22,51
1747013775.0283637,-110,53,47
1747013775.0633633,-70,-51,99
1747013775.099363,-6,20,3
1747013775.135363,-32,34,95
1747013775.1703634,25,30,43
1747013775.2063634,-10,-51,39
1747013775.2413633,-68,4,33
1747013775.2763634,-6,2,14
1747013775.3113637,-35,-14,96
1747013775.3473637,136,-16,6
1747013775.3833632,-37,23,38
1747013775.418363,32,59,46
1747013775.454363,28,9,94
1747013775.4893634,-97,-10,125
1747013775.5243633,-39,-2,65
1747013775.5593634,38,25,-20
1747013775.5953634,-28,37,9
1747013775.6313634,-58,57,97
1747013775.6663637,29,41,31
1747013775.7023633,37,13,181
1747013775.737363,61,9,25
1747013775.7723634,-72,5,113
1747013775.8073633,-6,50,43
1747013775.8433633,33,18,117
1747013775.8793633,-24,-91,119
1747013775.9143634,0,8,45
1747013775.9503634,1,30,199
1747013775.9853632,47,16,-22
1747013776.020363,53,13,19
1747013776.0553634,7,-90,15
1747013776.0913634,69,-37,138
1747013776.1273634,-68,66,148
1747013776.1623633,-24,10,2
1747013776.1983633,-100,32,24
1747013776.2333634,-85,38,110
1747013776.2683637,-1,-51,98
1747013776.303363,-39,22,56
1747013776.339363,-33,50,62
1747013776.375363,-4,10,58
1747013776.4103634,-77,-16,74
1747013776.4463634,2,-50,108
1747013776.4813633,1,-47,99
1747013776.5163634,-33,57,105
1747013776.5513637,53,4,-20
1747013776.5873632,19,-75,127
1747013776.6233633,77,30,-18
1747013776.658363,0,25,93
1747013776.6943634,105,-59,-24
1747013776.7293634,17,-43,89
1747013776.7643633,57,-21,57
1747013776.7993634,16,-31,97
1747013776.8353634,46,-69,33
1747013776.8713634,-76,4,47
1747013776.9063632,15,76,163
1747013776.9423633,-8,82,103
1747013776.977363,25,-21,37
1747013777.0123634,69,-25,-24
1747013777.0473633,-20,-55,-112
1747013777.0833633,-12,18,0
1747013777.1193633,82,8,47
1747013777.1543634,-51,-5,29
1747013777.1903634,-57,-25,39
1747013777.2253633,32,-47,91
1747013777.260363,46,-45,61
1747013777.2953634,-53,6,-102
1747013777.3313634,38,-87,93
1747013777.3673637,-17,57,1
1747013777.4023633,-37,-36,73
1747013777.4383633,-26,72,201
1747013777.4733634,-24,24,137
1747013777.5083632,14,-21,73
1747013777.543363,-51,10,-8
1747013777.579363,-23,108,93
1747013777.6153634,-59,-5,9
1747013777.6503634,-31,34,-24
1747013777.6863637,51,-7,259
1747013777.7213633,-45,-16,55
1747013777.7633634,4,59,95
1747013777.8003633,80,71,139
1747013777.8353634,-35,-6,173
1747013777.8713634,42,-34,127
1747013777.9063632,-49,46,-24
1747013777.9423633,30,23,15
1747013777.977363,-39,39,107
1747013778.0123634,14,-16,117
1747013778.0483634,-45,-52,-12
1747013778.0833633,4,25,68
1747013778.1193633,50,-15,117
1747013778.1543634,88,-43,70
1747013778.1903634,20,-30,74
1747013778.2253633,12,5,0
1747013778.260363,-95,43,42
1747013778.2963634,-33,55,102
1747013778.3313634,-35,-54,186
1747013778.3673637,56,16,-77
1747013778.4023633,-9,50,92
1747013778.4383633,-97,-29,82
1747013778.4733634,-19,-8,130
1747013778.5083632,26,0,40
1747013778.5443633,18,-32,-39
1747013778.579363,42,22,124
1747013778.6153634,-33,28,48
1747013778.6503634,-6,-67,112
1747013778.6863637,38,2,-27
1747013778.7213633,76,46,-21
1747013778.7563634,60,-65,-29
1747013778.7923634,-33,34,76
1747013778.8273633,-23,81,146
1747013778.8633633,-61,57,46
1747013778.8983634,-33,-61,90
1747013778.9343634,-23,-9,110
1747013778.9693637,-28,8,35
1747013779.0043633,-10,20,86
1747013779.0403633,19,-11,47
1747013779.0753634,21,20,6
1747013779.1113634,2,7,104
1747013779.1463633,18,-49,146
1747013779.1823633,48,25,36
1747013779.2173634,-27,89,116
1747013779.2523634,0,37,130
1747013779.2883637,-71,31,-1
1747013779.3233633,66,-14,28
1747013779.3593633,24,29,44
1747013779.3943634,8,19,44
1747013779.4303634,-64,-39,158
1747013779.4663634,14,75,188
1747013779.5023634,10,33,18
1747013779.5383637,-22,-75,182
1747013779.5733633,-35,11,96
1747013779.6083634,-2,48,58
1747013779.6443634,36,-34,252
1747013779.6803634,-35,-24,62
1747013779.7153633,16,42,122
1747013779.7513633,156,2,40
1747013779.7863634,64,5,88
1747013779.8213634,10,-38,62
1747013779.8563633,38,-4,60
1747013779.8923633,9,16,122
1747013779.928363,83,0,62
1747013779.9633634,38,66,240
1747013779.9993634,-15,54,124
1747013780.0343633,-11,4,118
1747013780.0693634,6,15,-3
1747013780.1043634,20,37,-105
1747013780.1403637,60,19,104
1747013780.1763637,13,77,84
1747013780.2113633,23,-18,64
1747013780.247363,-70,73,128
1747013780.2823634,-68,45,66
1747013780.3173633,-62,-12,-73
1747013780.352363,-24,1,170
1747013780.3883634,-12,9,134
1747013780.4243634,3,18,84
1747013780.4593637,35,58,-55
1747013780.4953637,22,34,108
1747013780.530363,-12,-10,84
1747013780.5653634,29,-22,32
1747013780.6003633,50,23,86
1747013780.6363633,-51,-24,124
1747013780.6723633,80,1,96
1747013780.7073634,-67,35,126
1747013780.7433634,46,3,6
1747013780.7783637,-25,-24,158
1747013780.8133633,-31,-22,-39
1747013780.8483634,6,-43,94
1747013780.8843634,-3,-19,68
1747013780.9203634,43,6,14
1747013780.9553633,-1,-24,-25
1747013780.9913633,-5,-11,80
1747013781.0263634,2,7,100
1747013781.0613637,-12,-11,56
1747013781.0963633,-40,14,48
1747013781.132363,-35,-28,-27
1747013781.168363,-93,-48,76
1747013781.2033634,-55,-36,22
1747013781.2393634,19,24,-25
1747013781.2743633,48,-16,-75
1747013781.3093634,2,-24,52
1747013781.3453634,-17,61,144
1747013781.3813634,69,-71,24
1747013781.4163637,23,50,-21
1747013781.4523633,41,100,96
1747013781.4883633,-20,24,34
1747013781.5233634,1,4,36
1747013781.5593634,-19,32,72
1747013781.5943637,-28,-31,104
1747013781.6293633,-12,24,88
1747013781.6643634,-26,4,-23
1747013781.7003634,0,10,128
1747013781.7363634,25,80,-37
1747013781.7713633,58,48,-45
1747013781.8073633,76,-9,68
1747013781.8423634,-13,-3,76
1747013781.8773634,-35,-45,102
1747013781.9123633,4,-1,100
1747013781.9483633,-30,7,104
1747013781.9843633,-23,-43,54
1747013782.0193634,-59,20,146
1747013782.0553634,-39,14,-75
1747013782.0903633,28,-33,42
1747013782.125363,-147,8,-73
1747013782.1603634,-39,2,80
1747013782.1963634,34,-61,48
1747013782.2323637,66,-19,74
1747013782.2673633,44,-4,98
1747013782.303363,86,-50,138
1747013782.3383634,-67,-78,122
1747013782.3733633,33,-1,54
1747013782.408363,27,22,74
1747013782.4443634,42,-20,102
1747013782.4803634,-9,-19,46
1747013782.5153637,0,13,36
1747013782.5513637,84,-6,-79
1747013782.5863633,-9,70,160
1747013782.6213634,0,-5,90
1747013782.6563632,-34,12,34
1747013782.6923633,0,2,94
1747013782.7283633,-88,-31,104
1747013782.7633634,-14,-65,230
1747013782.7993634,-20,10,186
1747013782.8343637,15,26,53
1747013782.8693633,-24,34,-45
1747013782.905363,33,-21,-63
1747013782.9403634,-46,-91,89
1747013782.9763634,-62,-51,227
1747013783.0113633,-84,2,115
1747013783.0473633,71,22,82
1747013783.0823634,-136,-15,198
1747013783.1173637,12,-6,96
1747013783.1533637,-69,-8,98
1747013783.1883633,-32,22,92
1747013783.224363,39,-71,68
1747013783.2593634,-38,42,2
1747013783.2953634,3,-51,66
1747013783.3303633,31,8,26
1747013783.3653634,5,8,34
1747013783.4013634,79,28,92
1747013783.4363637,5,-11,32
1747013783.4723637,-46,29,14
1747013783.507363,3,39,120
1747013783.543363,21,-40,112
1747013783.5783634,9,15,110
1747013783.6133633,25,61,90
1747013783.6493633,25,47,50
1747013783.6843634,-30,13,164
1747013783.7203634,-14,15,-19
1747013783.7553637,3,3,56
1747013783.7913637,29,-34,2
1747013783.826363,83,-36,-37
1747013783.8613634,-28,-30,20
1747013783.8973634,70,-26,134
1747013783.9323633,10,51,64
1747013783.9683633,75,-8,97
1747013784.0033634,83,-4,15
1747013784.0393634,-8,59,29
1747013784.0743637,11,-20,137
1747013784.1093633,-26,47,55
1747013784.145363,2,3,126
1747013784.1803634,-79,-48,145
1747013784.2163634,12,-44,-41
1747013784.2513633,52,-19,18
1747013784.2873633,31,36,6
1747013784.3223634,26,46,-18
1747013784.3573637,-8,8,39
1747013784.3933637,-36,-13,79
1747013784.428363,35,32,-12
1747013784.464363,49,-23,215
1747013784.4993634,19,4,32
1747013784.5353634,49,-103,-20
1747013784.5713634,5,-65,-41
1747013784.6073637,-32,-23,108
1747013784.6433637,7,72,84
1747013784.6793633,7,18,88
1747013784.7153633,-24,-1,85
1747013784.750363,41,-29,-91
1747013784.7853634,37,-49,71
1747013784.8213634,-34,-43,132
1747013784.8573637,-35,0,124
1747013784.8923633,60,21,104
1747013784.928363,88,-36,26
1747013784.9633634,46,27,172
1747013784.9983633,24,11,126
1747013785.033363,-33,27,124
1747013785.0693634,-67,35,124
1747013785.1053634,-43,-14,32
1747013785.1403637,59,14,126
1747013785.1763637,-24,-1,236
1747013785.2113633,-72,-69,69
1747013785.2463634,-1,21,69
1747013785.2813632,75,-15,29
1747013785.3173633,58,11,91
1747013785.3533633,80,-2,147
1747013785.3883634,-37,-36,-62
1747013785.4243634,85,-19,73
1747013785.4593637,-27,7,-52
1747013785.4943633,24,63,77
1747013785.5293634,8,9,113
1747013785.5653634,-45,-16,71
1747013785.6013634,30,-22,-139
1747013785.6363633,-11,-24,-64
1747013785.6723633,20,-4,111
1747013785.7073634,-22,-15,63
1747013785.7423637,35,50,-30
1747013785.7773633,30,-27,13
1747013785.8133633,33,50,115
1747013785.849363,-60,12,-61
1747013785.8843634,17,-23,55
1747013785.9203634,21,14,-28
1747013785.9553633,1,-39,83
1747013785.9903634,-18,24,92
1747013786.0253634,21,24,68
1747013786.0613637,-48,8,161
1747013786.0973637,59,-45,11
1747013786.132363,-48,-59,31
1747013786.168363,26,-32,-16
1747013786.2033634,36,7,41
1747013786.2383633,22,-22,151
1747013786.2733634,-9,41,0
1747013786.3093634,78,5,52
1747013786.3453634,50,25,96
1747013786.3803637,-5,-64,54
1747013786.4163637,-7,37,186
1747013786.451363,7,-4,2
1747013786.4863634,-2,-16,4
1747013786.5213633,83,-32,142
1747013786.5573633,-86,73,62
1747013786.5933633,-29,-25,-21
1747013786.6283634,41,-54,190
1747013786.6643634,-86,81,109
1747013786.6993637,-58,19,-12
1747013786.7343633,-46,-22,127
1747013786.7693634,15,19,-6
1747013786.8053634,-49,89,25
1747013786.8413634,-12,-80,135
1747013786.8763633,27,-58,37
1747013786.9123633,-4,-69,137
1747013786.9473634,71,28,21
1747013786.9823637,-4,42,121
1747013787.0173633,15,-15,23
1747013787.053363,3,-57,9
1747013787.089363,-2,-25,93
1747013787.1243634,47,-69,105
1747013787.1603634,-4,40,45
1747013787.1953633,-34,-61,31
1747013787.2303634,-28,-9,35
1747013787.2653637,77,-35,-48
1747013787.3013637,-74,-84,11
1747013787.3373632,-20,-16,70
1747013787.372363,-22,35,104
1747013787.408363,-58,-10,44
1747013787.4433634,16,38,48
1747013787.4783633,-28,-44,112
1747013787.5133634,40,-53,84
1747013787.5493634,62,20,80
1747013787.5853634,-25,2,38
1747013787.6203637,-43,26,22
1747013787.6563632,22,-7,122
1747013787.691363,26,-97,14
1747013787.7263634,87,101,42
1747013787.7693634,-87,-19,170
1747013787.8053634,-13,-19,75
1747013787.8413634,16,-47,69
1747013787.8763633,70,26,163
1747013787.9123633,116,-33,75
1747013787.9473634,-25,-87,1
1747013787.9823637,-41,-19,69
1747013788.0183637,14,24,129
1747013788.053363,-23,8,55
1747013788.089363,25,63,3
1747013788.1243634,-34,-22,-12
1747013788.1603634,27,-24,45
1747013788.1953633,9,0,17
1747013788.2303634,-44,30,83
1747013788.2663634,-10,-54,-10
1747013788.3013637,43,-22,17
1747013788.3373632,-74,23,103
1747013788.372363,21,-2,-4
1747013788.408363,-27,-38,159
1747013788.4433634,4,-4,17
1747013788.4783633,-35,-10,103
1747013788.5143633,-35,-24,211
1747013788.5493634,-30,6,51
1747013788.5853634,-23,-80,65
1747013788.6203637,59,20,123
1747013788.6563632,48,0,-38
1747013788.691363,54,21,73
1747013788.7263634,32,19,81
1747013788.7623634,27,-37,117
1747013788.7973633,44,15,121
1747013788.8333633,-33,31,55
1747013788.8683634,-58,66,-24
1747013788.9043634,-21,-31,91
1747013788.9393632,7,-53,157
1747013788.974363,74,9,95
1747013789.010363,32,-26,-30
1747013789.0453634,54,71,-60
1747013789.0813634,-9,49,51
1747013789.1163633,92,3,19
1747013789.1523633,28,-14,163
1747013789.1873634,-28,21,63
1747013789.2223637,0,-6,83
1747013789.2583632,-23,59,115
1747013789.293363,0,40,201
1747013789.329363,37,72,33
1747013789.3643634,-61,73,57
1747013789.4003634,22,23,169
1747013789.4353633,-35,39,37
1747013789.4703634,18,-12,0
1747013789.5063634,20,-40,-16
1747013789.5413637,-34,-8,177
1747013789.5773633,3,-54,131
1747013789.612363,9,19,231
1747013789.6483634,-20,53,87
1747013789.6843634,-28,13,-36
1747013789.7203634,-2,59,93
1747013789.7563634,3,17,-108
1747013789.7913637,29,-114,35
1747013789.826363,-54,93,75
1747013789.862363,19,1,151
1747013789.8983634,11,56,-18
1747013789.9333634,-54,-28,99
1747013789.9693637,0,17,-12
1747013790.0043633,101,11,83
1747013790.0393634,-44,-16,15
1747013790.0743637,-39,-20,27
1747013790.1103632,-37,-20,5
1747013790.1463633,-6,40,151
1747013790.181363,80,49,123
1747013790.2173634,62,-2,59
1747013790.2523634,-31,-68,85
1747013790.2873633,88,7,123
1747013790.3223634,48,-6,-28
1747013790.3583634,74,17,0
1747013790.3943634,10,57,103
1747013790.4293633,4,1,63
1747013790.4653633,20,-56,131
1747013790.500363,43,-40,101
1747013790.5353634,63,-26,145
1747013790.5703633,-18,3,151
1747013790.6063633,57,41,71
1747013790.6423633,-28,33,45
1747013790.6773634,-68,-14,-18
1747013790.7133634,-119,93,39
1747013790.7483633,-47,-58,67
1747013790.783363,52,25,67
1747013790.8183634,-34,-63,51
1747013790.8543634,-9,17,-28
1747013790.8903637,49,8,-42
1747013790.9253633,-36,17,25
1747013790.9613633,-6,-56,63
1747013790.9963634,75,-14,-52
1747013791.0313632,15,21,151
1747013791.066363,5,-14,97
1747013791.102363,83,35,69
1747013791.1383634,-72,-4,27
1747013791.1733634,53,-16,53
1747013791.2093637,-16,-60,101
1747013791.2443633,4,-12,103
1747013791.2793634,16,-60,-62
1747013791.3143632,-9,-14,71
1747013791.3503633,-66,59,29
1747013791.3863633,-12,15,69
1747013791.4213634,-30,19,181
1747013791.4573634,9,-48,39
1747013791.4923637,61,0,75
1747013791.5273633,53,31,45
1747013791.5623634,-25,-54,129
1747013791.5983634,35,-52,147
1747013791.6343634,3,71,-72
1747013791.6693633,48,-34,115
1747013791.7053633,-27,0,-22
1747013791.7403634,-27,19,121
1747013791.7753634,8,19,83
1747013791.8103633,90,-2,75
1747013791.8463633,-99,-44,21
1747013791.882363,-1,3,17
1747013791.9173634,4,-46,9
1747013791.9533634,-23,-33,15
1747013791.9883633,-47,-8,87
1747013792.0233634,-51,-27,140
1747013792.0583634,110,-91,65
1747013792.0943637,-79,26,33
1747013792.1303637,-59,-35,135
1747013792.1653633,36,-18,-17
1747013792.201363,18,-20,22
1747013792.2363634,-17,1,44
1747013792.2713633,58,44,118
1747013792.306363,-25,-2,-37
1747013792.3423634,42,-18,123
1747013792.3783634,-37,43,28
1747013792.4133637,4,-70,59
1747013792.4493637,-71,55,-36
1747013792.4843633,-14,-10,31
1747013792.5193634,-20,23,-25
1747013792.5543633,1,27,-17
1747013792.5903633,27,61,43
1747013792.6263633,-26,-12,57
1747013792.6613634,14,66,125
1747013792.6973634,-23,-55,-16
1747013792.7323637,54,20,71
1747013792.7673633,-21,-14,137
1747013792.8023634,-60,64,53
1747013792.8383634,-64,-19,143
1747013792.8743634,-64,24,73
1747013792.9093633,79,-57,-20
1747013792.9453633,-8,6,69
1747013792.9803634,3,52,89
1747013793.0153637,9,40,43
1747013793.0513637,5,-33,151
1747013793.0863633,21,-43,53
1747013793.122363,-12,18,89
1747013793.1573634,-16,24,97
1747013793.1933634,-6,14,35
1747013793.2283633,49,8,5
1747013793.2633634,17,-13,-6
1747013793.2993634,-12,-1,113
1747013793.3343637,-20,88,163
1747013793.3703637,48,0,163
1747013793.405363,-23,-27,71
1747013793.441363,-81,29,-37
1747013793.4763634,24,-8,135
1747013793.5113633,-5,9,35
1747013793.5473633,12,7,103
1747013793.5823634,22,-38,-40
1747013793.6183634,-25,-32,109
1747013793.6533637,-52,-43,97
1747013793.6893632,55,-33,-33
1747013793.724363,28,-24,135
1747013793.7593634,1,10,142
1747013793.7953634,-38,-59,136
1747013793.8303633,37,74,160
1747013793.8663633,-5,11,142
1747013793.9013634,-49,-1,22
1747013793.9373634,90,-8,164
1747013793.9723637,-63,18,46
1747013794.007363,34,-26,96
1747013794.043363,22,-14,128
1747013794.0783634,24,-64,97
1747013794.1143634,30,-36,91
1747013794.1493633,16,-16,-20
1747013794.1853633,-43,-42,39
1747013794.2203634,13,-17,61
1747013794.2553637,-18,80,93
1747013794.2913637,-26,-17,39
1747013794.326363,12,-66,101
1747013794.362363,-53,45,91
1747013794.3973634,25,-11,9
1747013794.4333634,-60,10,119
1747013794.4683633,-22,-47,135
1747013794.5033634,34,0,117
1747013794.5393634,102,7,-8
1747013794.5743637,136,44,163
1747013794.6103632,-64,0,13
1747013794.645363,-26,2,177
1747013794.681363,44,39,55
1747013794.7173634,73,-35,141
1747013794.7523634,21,46,105
1747013794.7873633,-50,46,119
1747013794.8233633,9,50,85
1747013794.8593633,47,16,121
1747013794.8943634,78,-40,185
1747013794.9303634,-32,38,-26
1747013794.9653633,-3,-56,91
1747013795.000363,-69,29,41
1747013795.0353634,0,20,15
1747013795.0713634,30,1,-12
1747013795.1073637,-28,42,149
1747013795.1423633,-10,-39,45
1747013795.178363,-63,-42,129
1747013795.2133634,-4,4,-18
1747013795.2483633,-48,-29,125
1747013795.283363,0,19,23
1747013795.3193634,60,-20,43
1747013795.3553634,26,21,25
1747013795.3903637,-7,-38,-26
1747013795.4263637,-53,9,153
1747013795.4613633,18,57,59
1747013795.4963634,36,7,17
1747013795.5313632,10,-3,105
1747013795.5673633,-55,53,191
1747013795.6033633,82,-94,15
1747013795.6383634,-57,15,51
1747013795.6743634,-26,-21,5
1747013795.7093637,30,-8,-96
1747013795.7443633,-29,-152,147
1747013795.7793634,34,1,179
1747013795.8153634,16,-22,73
1747013795.8513634,-26,-10,-122
1747013795.8863633,-40,-12,179
1747013795.9223633,24,38,103
1747013795.9573634,50,-33,53
1747013795.9923637,102,10,71
1747013796.0273633,-5,-21,67
1747013796.0633633,20,8,-36
1747013796.099363,-61,22,-24
1747013796.1343634,38,2,-2
1747013796.1703634,1,29,113
1747013796.2053633,-5,34,75
1747013796.2403634,21,0,-28
1747013796.2753634,-33,33,55
1747013796.3113637,14,51,145
1747013796.3473637,20,-32,87
1747013796.382363,-55,12,29
1747013796.418363,32,-31,49
1747013796.4533634,34,-53,79
1747013796.4883633,35,24,161
1747013796.5233634,-88,24,109
1747013796.5593634,-30,-13,127
1747013796.5953634,-58,-55,129
1747013796.6303637,-24,-2,93
1747013796.6663637,20,12,263
1747013796.701363,-44,-3,155
1747013796.7363634,-16,-1,37
1747013796.7713633,57,-29,159
1747013796.8083634,-37,-11,-24
1747013796.8433633,46,54,187
1747013796.8793633,-33,6,89
1747013796.9153633,-53,-43,111
1747013796.9503634,121,-34,21
1747013796.9863634,-83,46,-6
1747013797.0213633,-32,2,37
1747013797.056363,-90,-53,139
1747013797.0913634,-4,-45,29
1747013797.1273634,-46,-9,15
1747013797.1633637,-38,-61,109
1747013797.1983633,-4,24,145
1747013797.2343633,0,60,39
1747013797.2693634,16,60,7
1747013797.3043633,-65,34,79
1747013797.339363,18,0,121
1747013797.375363,41,-17,67
1747013797.4113634,33,-25,19
1747013797.4463634,-2,18,97
1747013797.4823637,13,-49,-16
1747013797.5173633,-27,97,-30
1747013797.5523634,9,40,109
1747013797.5873632,4,-28,85
1747013797.6233633,116,39,41
1747013797.6593633,48,63,-16
1747013797.6943634,-5,-17,67
1747013797.7303634,-87,1,184
1747013797.7723634,-61,5,98
1747013797.8083634,-32,-46,48
1747013797.8433633,33,-6,40
1747013797.8793633,17,5,116
1747013797.9153633,-10,-34,-43
1747013797.9503634,89,72,30
1747013797.9863634,-30,53,70
1747013798.0213633,28,-20,22
1747013798.056363,72,-10,110
1747013798.0923634,4,57,76
1747013798.1273634,26,-6,166
1747013798.1633637,-15,-98,-13
1747013798.1983633,10,-54,220
1747013798.2343633,40,-44,-7
1747013798.2693634,-111,-4,100
1747013798.3043633,-7,-46,-3
1747013798.3403633,0,-32,164
1747013798.375363,52,13,48
1747013798.4113634,-17,-64,34
1747013798.4463634,-13,-2,26
1747013798.4823637,44,85,146
1747013798.5173633,-73,-2,44
1747013798.5523634,-45,-2,206
1747013798.5883634,-25,-24,82
1747013798.6233633,-10,-9,44
1747013798.6593633,46,-34,90
1747013798.6943634,10,-20,-7
1747013798.7303634,-43,1,86
1747013798.7653637,-37,25,84
1747013798.8003633,43,-20,46
1747013798.8363633,6,75,-1
1747013798.8713634,130,23,276
1747013798.9073634,19,-54,224
1747013798.9423633,-30,82,38
1747013798.9783633,-24,15,122
1747013799.0133634,-8,-34,42
1747013799.0483634,-34,-10,70
1747013799.0843637,-34,41,150
1747013799.1193633,37,-6,52
1747013799.155363,9,-50,36
1747013799.1903634,43,-52,24
1747013799.2263634,-57,32,78
1747013799.2613633,-93,42,120
1747013799.2963634,-16,24,-3
1747013799.3323634,47,16,234
1747013799.3673637,-10,-32,68
1747013799.4033637,-28,20,20
1747013799.4383633,-44,-23,-7
1747013799.474363,-9,23,82
1747013799.5093634,-44,21,-11
1747013799.5443633,-90,11,56
1747013799.5803633,23,75,64
1747013799.6153634,-18,-40,20
1747013799.6513634,21,15,0
1747013799.6863637,41,3,-51
1747013799.7223637,-26,25,84
1747013799.757363,-68,-14,86
1747013799.7923634,51,-32,104
1747013799.8283634,7,29,38
1747013799.8633633,88,13,2
1747013799.8993633,52,7,80
1747013799.9343634,16,-60,86
1747013799.9693637,-15,55,86
1747013800.0043633,-40,6,180
1747013800.0403633,-18,10,106
1747013800.076363,-39,33,78
1747013800.1113634,54,-76,0
1747013800.1473634,-16,-39,10
1747013800.1823633,3,2,86
1747013800.2173634,23,-1,46
1747013800.2523634,21,-19,68
1747013800.2883637,47,48,204
1747013800.3243637,26,-41,168
1747013800.3593633,16,12,104
1747013800.395363,-7,-57,64
1747013800.4303634,-37,34,-21
1747013800.4653633,18,60,158
1747013800.500363,-39,-43,86
1747013800.5363634,-73,-39,44
1747013800.5723634,-47,22,-15
1747013800.6073637,16,0,154
1747013800.6433637,-17,12,60
1747013800.678363,28,-31,-7
1747013800.7133634,-37,-3,62
1747013800.7483633,-33,56,92
1747013800.7843633,73,-39,50
1747013800.8203633,-8,-75,68
1747013800.8553634,-30,-9,176
1747013800.8913634,-10,4,22
1747013800.9263637,14,21,158
1747013800.9613633,4,-4,98
1747013800.9963634,15,-13,86
1747013801.0323634,9,-5,2
1747013801.0683634,75,2,20
1747013801.1033633,-80,-87,0
1747013801.1393633,-30,34,-3
1747013801.1743634,31,-1,38
1747013801.2093637,15,-55,-39
1747013801.2443633,-28,36,32
1747013801.280363,-28,22,30
1747013801.316363,-25,49,67
1747013801.3513634,-64,-9,0
1747013801.3873634,7,0,72
1747013801.4223633,-7,10,-104
1747013801.4573634,-37,49,113
1747013801.4923637,-56,-31,38
1747013801.5283637,27,50,68
1747013801.5643632,-28,-27,26
1747013801.599363,-8,18,44
1747013801.635363,-8,24,120
1747013801.6703634,-12,-51,8
1747013801.7053633,59,50,16
1747013801.7403634,33,0,98
1747013801.7763634,-40,-13,142
1747013801.8123634,-6,12,152
1747013801.8473637,39,-1,114
1747013801.8833632,-5,7,128
1747013801.918363,-3,-18,129
1747013801.9533634,44,57,119
1747013801.9883633,10,-70,3
1747013802.0243633,-11,-78,115
1747013802.0603633,-88,53,83
1747013802.0953634,37,-80,127
1747013802.1313634,7,15,-31
1747013802.1663637,41,21,-45
1747013802.201363,0,39,146
1747013802.2363634,-86,8,68
1747013802.2723634,-63,-12,104
1747013802.3083634,9,33,101
1747013802.3433633,23,-22,-84
1747013802.3793633,-2,-42,55
1747013802.4143634,1,5,155
1747013802.4493637,23,-62,33
1747013802.4843633,-52,-4,73
1747013802.520363,3,13,59
1747013802.556363,-36,43,85
1747013802.5913634,69,-7,113
1747013802.6273634,-36,42,91
1747013802.6623633,9,32,131
1747013802.6973634,7,-57,69
1747013802.7323637,-8,-38,80
1747013802.7683637,-64,60,48
1747013802.8043633,-48,8,12
1747013802.839363,37,56,60
1747013802.875363,17,-15,114
1747013802.9103634,77,-45,96
1747013802.9453633,39,-23,91
1747013802.9803634,-4,47,153
1747013803.0163634,-24,-19,149
1747013803.0523634,-72,10,50
1747013803.0873632,23,64,208
1747013803.1233633,-39,-16,-5
1747013803.158363,0,-21,156
1747013803.1933634,23,38,2
1747013803.2293634,64,23,0
1747013803.2643633,-11,5,-33
1747013803.3003633,-38,-27,74
1747013803.3353634,77,-11,-13
1747013803.3713634,1,72,4
1747013803.4063632,-31,-17,144
1747013803.441363,-45,70,50
1747013803.477363,10,-49,162
1747013803.5123634,4,-59,101
1747013803.5483634,50,14,73
1747013803.5833633,-73,4,91
1747013803.6193633,-51,52,27
1747013803.6543634,76,-53,227
1747013803.6893632,36,-79,97
1747013803.7253633,-33,-1,79
1747013803.760363,-21,-55,99
1747013803.7963634,38,-95,79
1747013803.8313634,-7,-15,150
1747013803.8673637,-53,79,40
1747013803.9023633,-47,31,-17
1747013803.9373634,50,25,100
1747013803.9733634,-87,-36,56
1747013804.0083632,-27,4,80
1747013804.0443633,-23,56,23
1747013804.079363,-31,-32,47
1747013804.1153634,8,-39,111
1747013804.1503634,8,88,-22
1747013804.1853633,24,-75,31
1747013804.2213633,46,-9,81
1747013804.2563634,160,10,31
1747013804.2923634,30,102,163
1747013804.3273633,-25,-17,150
1747013804.3633633,18,-12,19
1747013804.3983634,60,-31,7
1747013804.4333634,-81,19,96
1747013804.4693637,-13,-71,-42
1747013804.5043633,32,-32,103
1747013804.5403633,-33,-59,29
1747013804.5753634,-51,-70,0
1747013804.6113634,4,26,73
1747013804.6463633,-5,-59,81
1747013804.681363,22,34,165
1747013804.7173634,36,-58,79
1747013804.7523634,-1,22,156
1747013804.7883637,25,9,64
1747013804.8233633,89,-62,49
1747013804.8593633,-56,-22,161
1747013804.895363,-9,-3,95
1747013804.9303634,43,-34,123
1747013804.9653633,37,76,87
1747013805.0013633,41,-39,51
1747013805.0373633,17,42,59
1747013805.0723634,-19,20,15
1747013805.1083634,-65,30,122
1747013805.1433637,-58,32,174
1747013805.178363,39,36,65
1747013805.2133634,-37,10,80
1747013805.2493634,-79,30,80
1747013805.2853634,32,-57,158
1747013805.3203633,6,-33,56
1747013805.3563633,16,44,30
1747013805.3913634,33,-11,40
1747013805.4263637,95,-47,234
1747013805.4613633,-14,14,-22
1747013805.497363,-32,-65,155
1747013805.533363,43,-39,97
1747013805.5683634,-35,44,55
1747013805.6043634,40,6,157
1747013805.6393633,54,0,75
1747013805.6743634,-5,36,23
1747013805.7093637,-59,-11,44
1747013805.7453637,22,42,80
1747013805.7813632,-21,28,8
1747013805.816363,8,-59,115
1747013805.852363,9,14,109
1747013805.8873634,-70,50,94
1747013805.9223633,-19,10,-5
1747013805.9573634,-22,-57,54
1747013805.9933634,6,8,178
1747013806.0293634,52,0,46
1747013806.0643632,19,-19,182
1747013806.1003633,10,32,0
1747013806.135363,-94,20,56
1747013806.1703634,6,-21,114
1747013806.2053633,-28,-29,174
1747013806.2413633,103,-11,110
1747013806.2773633,12,-11,132
1747013806.3123634,-43,14,48
1747013806.3483634,54,75,90
1747013806.3833632,31,-25,32
1747013806.418363,5,-39,12
1747013806.4533634,5,46,54
1747013806.4893634,-42,-27,58
1747013806.5253634,-23,12,102
1747013806.5603633,24,-71,110
1747013806.5963633,-1,29,68
1747013806.6313634,37,14,92
1747013806.6663637,-94,-11,8
1747013806.701363,61,42,-7
1747013806.737363,98,50,65
1747013806.7733634,-24,-17,31
1747013806.8083634,19,-7,93
1747013806.8443637,42,25,16
1747013806.8793633,-5,-36,78
1747013806.9143634,68,79,56
1747013806.9493637,28,-26,120
1747013806.9853632,-14,-51,-25
1747013807.0213633,-25,-10,98
1747013807.056363,56,-34,-3
1747013807.0923634,-18,12,2
1747013807.1273634,-8,-63,-13
1747013807.1623633,-12,64,-85
1747013807.1973634,-41,30,125
1747013807.2333634,44,6,59
1747013807.2693634,56,32,123
1747013807.3043633,3,-29,103
1747013807.3403633,0,-11,139
1747013807.375363,22,15,157
1747013807.4103634,18,1,179
1747013807.4453633,42,109,165
1747013807.4813633,64,3,115
1747013807.5173633,34,-46,51
1747013807.5523634,22,1,105
1747013807.5883634,12,35,75
1747013807.6233633,56,57,53
1747013807.658363,32,13,133
1747013807.6933634,-49,19,35
1747013807.7293634,-13,-66,41
1747013807.7653637,35,42,59
1747013807.8073633,-21,-26,83
1747013807.8443637,29,24,57
1747013807.8793633,31,86,17
1747013807.9143634,62,31,79
1747013807.9493637,-49,5,53
1747013807.9853632,-23,-38,85
1747013808.0213633,54,-16,33
1747013808.056363,38,85,45
1747013808.0923634,30,9,-39
1747013808.1273634,-19,-30,71
1747013808.1623633,36,-48,53
1747013808.1983633,12,1,16
1747013808.2333634,-19,-20,115
1747013808.2693634,12,-20,75
1747013808.3043633,46,5,107
1747013808.3403633,-37,23,58
1747013808.375363,10,-14,96
1747013808.4103634,34,7,-31
1747013808.4463634,-42,-3,50
1747013808.4823637,37,38,102
1747013808.5183637,61,-19,116
1747013808.553363,48,-9,18
1747013808.589363,-8,-21,160
1747013808.6243634,0,12,-27
1747013808.6603634,-31,72,-10
1747013808.6953633,32,20,47
1747013808.7303634,-5,8,81
1747013808.7663634,41,-20,-4
1747013808.8013637,-34,31,66
1747013808.8373632,54,3,96
1747013808.872363,-60,31,-7
1747013808.908363,-31,25,12
1747013808.9433634,-15,-8,170
1747013808.9783633,53,15,156
1747013809.0143633,60,-79,98
1747013809.0493634,-5,74,145
1747013809.0853634,-61,19,0
1747013809.1203637,-63,19,17
1747013809.1563632,-71,11,113
1747013809.191363,86,-2,93
1747013809.2263634,-23,-22,57
1747013809.2623634,20,-18,-2
1747013809.2973633,24,21,-30
1747013809.3333633,18,23,99
1747013809.3683634,0,-10,85
1747013809.4043634,-21,31,-32
1747013809.4393632,-93,11,89
1747013809.474363,-36,-22,51
1747013809.510363,-42,29,17
1747013809.5453634,-26,-56,211
1747013809.5813634,75,71,69
1747013809.6163633,-40,41,32
1747013809.6523633,-8,-32,-5
1747013809.6873634,53,-13,28
1747013809.7223637,-64,-9,174
1747013809.7583632,21,6,86
1747013809.793363,-56,-76,250
1747013809.829363,-16,-26,4
1747013809.8643634,-46,-8,-10
1747013809.9003634,87,13,19
1747013809.9363637,46,-2,119
1747013809.9723637,99,-27,204
1747013810.0083632,73,24,17
1747013810.0443633,7,-15,85
1747013810.0803633,73,-19,-42
1747013810.1153634,-55,-30,63
1747013810.1503634,-40,-38,-30
1747013810.1863637,33,21,35
1747013810.2223637,55,-44,-48
1747013810.257363,-12,7,-20
1747013810.293363,-38,37,59
1747013810.3283634,64,-70,29
1747013810.3633633,74,47,113
1747013810.3983634,24,-64,67
1747013810.4343634,-101,13,59
1747013810.4703634,59,27,89
1747013810.5053637,47,-32,107
1747013810.5413637,-68,1,113
1747013810.576363,-48,53,41
1747013810.6113634,-32,-38,55
1747013810.6463633,-58,41,95
1747013810.6823633,37,-18,9
1747013810.7183633,82,23,41
1747013810.7533634,-29,-18,69
1747013810.7893634,-58,38,151
1747013810.8243637,-22,-45,105
1747013810.8593633,79,10,49
1747013810.8943634,19,4,65
1747013810.9303634,55,-71,81
1747013810.9663634,-41,-44,21
1747013811.0013633,-36,0,31
1747013811.0373633,42,-66,159
1747013811.0723634,-21,-8,103
1747013811.1073637,8,15,13
1747013811.1423633,15,-17,65
1747013811.178363,-100,-3,107
1747013811.214363,-10,46,151
1747013811.2493634,21,-15,89
1747013811.2853634,-32,22,59
1747013811.3203633,-14,14,145
1747013811.3553634,-22,30,-108
1747013811.3903637,-10,-77,-14
1747013811.4263637,13,-31,-34
1747013811.4623632,-40,-21,179
1747013811.497363,45,-1,5
1747013811.533363,44,-108,101
1747013811.5683634,48,-46,65
1747013811.6033633,0,69,-26
1747013811.6383634,-58,-32,199
1747013811.6743634,28,-45,31
1747013811.7103634,-32,3,69
1747013811.7453637,-27,-26,83
1747013811.7813632,-60,-28,-50
1747013811.816363,85,25,45
1747013811.8513634,-29,-18,-12
1747013811.8863633,-18,-14,-40
1747013811.9223633,-26,45,115
1747013811.9583633,0,-56,87
1747013811.9933634,-10,-24,107
1747013812.0293634,-48,-3,81
1747013812.0643632,-76,38,69
1747013812.099363,67,29,-98
1747013812.1343634,59,-62,91
1747013812.1703634,45,-24,75
1747013812.2063634,13,16,75
1747013812.2413633,-10,-41,85
1747013812.2773633,1,22,108
1747013812.3123634,-2,11,186
1747013812.3473637,-32,-54,14
1747013812.382363,-28,7,4
1747013812.418363,39,-24,2
1747013812.454363,19,-47,88
1747013812.4893634,-52,57,66
1747013812.5253634,27,-13,16
1747013812.5603633,48,-21,126
1747013812.5953634,-19,16,130
1747013812.6303637,-18,-23,88
1747013812.6663637,-48,-97,-11
1747013812.7023633,-50,44,32
1747013812.737363,0,6,114
1747013812.7733634,26,-41,8
1747013812.8083634,110,46,64
1747013812.8433633,58,-41,6
1747013812.8783634,10,4,10
1747013812.9143634,83,-15,186
1747013812.9503634,19,-35,114
1747013812.9853632,43,-17,162
1747013813.0213633,28,29,130
1747013813.056363,-9,23,102
1747013813.0913634,-1,-4,94
1747013813.1263633,-47,25,88
1747013813.1623633,-14,-21,50
1747013813.1983633,-1,-8,98
1747013813.2333634,4,5,122
1747013813.2693634,-1,-14,150
1747013813.3043633,-53,40,68
1747013813.339363,-13,-37,86
1747013813.375363,46,-5,48
1747013813.4103634,-9,-79,100
1747013813.4463634,23,44,92
1747013813.4813633,-18,58,46
1747013813.5173633,-3,14,-37
1747013813.5523634,-63,-57,74
1747013813.5873632,-5,94,158
1747013813.6233633,46,4,174
1747013813.658363,-15,-35,68
1747013813.6943634,18,-73,96
1747013813.7293634,36,-81,116
1747013813.7653637,-3,16,26
1747013813.8003633,-15,-46,-9
1747013813.8353634,10,-8,104
1747013813.8713634,-1,53,72
1747013813.9063632,-27,-82,84
1747013813.9423633,24,-70,132
1747013813.977363,120,5,46
1747013814.0133634,-13,11,-19
1747013814.0483634,-65,29,84
1747013814.0833633,-45,-2,150
1747013814.1193633,-31,45,-9
1747013814.1543634,2,-6,-37
1747013814.1903634,53,-49,89
1747013814.2253633,73,28,142
1747013814.2613633,-82,-7,156
1747013814.2973633,-17,6,166
1747013814.3333633,-29,2,104
1747013814.3683634,-1,12,40
1747013814.4033637,26,-69,-5
1747013814.4393632,38,22,52
1747013814.474363,-71,-5,-17
1747013814.510363,-10,90,6
1747013814.5453634,-54,-107,104
1747013814.5813634,-36,-11,98
1747013814.6163633,0,-29,60
1747013814.6513634,6,12,10
1747013814.6873634,-10,-33,58
1747013814.7223637,7,-107,26
1747013814.7583632,20,12,180
1747013814.793363,-64,12,68
1747013814.829363,-46,-47,-35
1747013814.8643634,43,6,54
1747013814.8993633,5,-67,-11
1747013814.9353633,-40,-43,66
1747013814.9703634,82,41,194
1747013815.0063634,-47,55,-85
1747013815.0413637,36,-38,168
1747013815.0773633,14,-42,94
1747013815.1133633,42,9,80
1747013815.1483634,-55,-4,112
1747013815.1833634,12,-40,44
1747013815.2193637,36,71,196
1747013815.2553637,-71,11,34
1747013815.2903633,37,-89,72
1747013815.326363,-38,-10,24
1747013815.3613634,15,11,214
1747013815.3963633,19,41,112
1747013815.431363,53,13,-5
1747013815.4673634,25,37,-93
1747013815.5033634,-36,47,-3
1747013815.5383637,15,-14,134
1747013815.5743637,41,33,46
1747013815.6093633,-26,9,206
1747013815.6443634,-35,-60,74
1747013815.6793633,-30,-40,118
1747013815.7153633,86,49,94
1747013815.7513633,-11,5,90
1747013815.7863634,-1,-4,70
1747013815.8223634,-15,13,66
1747013815.8573637,10,-46,58
1747013815.8923633,0,13,60
1747013815.9273634,-25,11,122
1747013815.9633634,27,8,10
1747013815.9993634,94,-17,-9
1747013816.0343633,-3,-53,98
1747013816.0703633,7,0,-37
1747013816.1053634,-28,14,22
1747013816.1403637,53,16,26
1747013816.1753633,1,-69,94
1747013816.2113633,-9,-14,-67
1747013816.247363,13,10,164
1747013816.2823634,15,52,-27
1747013816.3183634,-37,5,22
1747013816.3533633,-52,44,96
1747013816.3883634,-16,8,158
1747013816.4233634,-98,64,-63
1747013816.4593637,31,28,-25
1747013816.4953637,-72,36,26
1747013816.530363,53,-33,42
1747013816.566363,-40,42,14
1747013816.6013634,-9,23,182
1747013816.6363633,-70,20,86
1747013816.6713634,54,1,2
1747013816.7073634,4,-24,156
1747013816.7433634,32,43,142
1747013816.7783637,10,-68,132
1747013816.8143632,-1,-32,2
1747013816.849363,84,58,128
1747013816.8843634,28,36,-19
1747013816.9193633,0,-4,80
1747013816.9553633,29,49,38
1747013816.9913633,11,-70,-43
1747013817.0263634,31,-18,-7
1747013817.0623634,-18,11,32
1747013817.0973637,10,-78,94
1747013817.132363,82,19,52
1747013817.1673634,51,-6,138
1747013817.2033634,-43,19,8
1747013817.2393634,-90,-24,134
1747013817.2743633,-47,0,78
1747013817.3103633,2,-47,127
1747013817.3453634,-28,0,169
1747013817.3803637,-80,3,-16
1747013817.4153633,5,-25,-79
1747013817.451363,-32,22,6
1747013817.487363,23,-17,50
1747013817.5223634,-5,32,70
1747013817.5583634,58,24,72
1747013817.5933633,60,40,-53
1747013817.6283634,22,24,22
1747013817.6633637,-81,54,-21
1747013817.6993637,-58,24,188
1747013817.7353632,38,-37,180
1747013817.770363,4,14,146
1747013817.8133633,-7,-39,141
1747013817.849363,30,22,45
1747013817.8843634,20,16,108
1747013817.9193633,-3,57,126
1747013817.9553633,10,-41,64
1747013817.9913633,38,-45,0
1747013818.0263634,52,-87,232
1747013818.0623634,62,0,115
1747013818.0973637,40,11,31
1747013818.132363,26,1,37
1747013818.168363,99,0,49
1747013818.2033634,41,32,92
1747013818.2393634,-6,-25,23
1747013818.2743633,31,-45,43
1747013818.3103633,-44,-25,47
1747013818.3453634,53,-23,135
1747013818.3803637,11,18,166
1747013818.4163637,47,-23,51
1747013818.451363,-44,-55,-44
1747013818.487363,-26,40,54
1747013818.5223634,-32,54,-21
1747013818.5583634,7,-47,38
1747013818.5933633,-14,40,40
1747013818.6283634,-40,2,-51
1747013818.6643634,-6,-9,48
1747013818.6993637,77,-13,103
1747013818.7353632,3,34,77
1747013818.770363,-12,-73,151
1747013818.806363,-11,-18,95
1747013818.8413634,18,3,41
1747013818.8763633,2,-14,25
1747013818.9123633,82,0,-14
1747013818.9473634,-27,-48,31
1747013818.9833634,28,-38,121
1747013819.0183637,-28,-57,37
1747013819.0543633,-14,-63,157
1747013819.089363,7,-17,1
1747013819.1243634,23,-51,93
1747013819.1603634,-7,46,63
1747013819.1953633,-27,-1,57
1747013819.2313633,-13,-23,97
1747013819.2663634,-35,70,59
1747013819.3023634,-57,-13,51
1747013819.3373632,12,42,95
1747013819.372363,-7,18,109
1747013819.408363,46,14,0
1747013819.4433634,16,15,33
1747013819.4793634,22,4,33
1747013819.5143633,2,44,141
1747013819.5503633,-15,-95,-68
1747013819.5853634,-16,3,89
1747013819.6203637,63,5,39
1747013819.6563632,55,26,49
1747013819.691363,-12,-45,29
1747013819.727363,71,-23,69
1747013819.7623634,13,-57,81
1747013819.7983634,-25,-6,95
1747013819.8333633,24,-38,107
1747013819.8683634,32,-43,71
1747013819.9043634,68,5,3
1747013819.9393632,-45,-31,61
1747013819.9753633,-31,-70,167
1747013820.010363,42,-7,-126
1747013820.0463634,-87,-1,85
1747013820.0813634,14,-3,39
1747013820.1163633,-7,-14,123
1747013820.1523633,116,-102,55
1747013820.1873634,-29,-6,25
1747013820.2233634,-82,-3,13
1747013820.2583632,-33,53,129
1747013820.293363,-48,10,-56
1747013820.3283634,11,30,37
1747013820.3643634,-10,16,15
1747013820.4003634,-18,-61,35
1747013820.4353633,17,-65,17
1747013820.4713633,30,-44,-52
1747013820.5063634,64,-30,79
1747013820.5413637,-86,52,33
1747013820.576363,42,21,22
1747013820.612363,-15,9,52
1747013820.6483634,-37,0,32
1747013820.6833634,8,-8,-16
1747013820.7193637,-67,-3,-18
1747013820.7543633,14,55,131
1747013820.7893634,-29,22,51
1747013820.8243637,56,16,79
1747013820.8603632,54,8,133
1747013820.8963633,-13,56,71
1747013820.931363,68,70,59
1747013820.9673634,83,-9,-32
1747013821.0023634,-22,-55,84
1747013821.0373633,126,82,170
1747013821.0723634,-41,12,160
1747013821.1083634,96,12,78
1747013821.1443634,9,23,60
1747013821.1793633,-29,-19,-21
1747013821.2153633,54,61,114
1747013821.250363,98,2,200
1747013821.2853634,12,-1,178
1747013821.3203633,8,-44,94
1747013821.3563633,-107,-8,60
1747013821.3923633,19,-88,200
1747013821.4273634,9,-58,226
1747013821.4633634,39,65,174
1747013821.4983633,31,47,50
1747013821.533363,35,11,28
1747013821.5683634,21,-50,58
1747013821.6043634,64,14,46
1747013821.6403637,-27,22,72
1747013821.6753633,-62,-56,32
1747013821.7113633,-35,-25,34
1747013821.7463634,-30,77,-31
1747013821.7813632,25,63,226
1747013821.816363,-75,-13,204
1747013821.852363,40,23,124
1747013821.8883634,-19,-86,-85
1747013821.9233634,21,-28,94
1747013821.9593637,-71,-15,68
1747013821.9943633,35,-20,44
1747013822.0293634,13,-36,60
1747013822.0643632,-25,24,164
1747013822.1003633,0,-27,10
1747013822.1363633,-33,56,66
1747013822.1713634,22,-81,10
1747013822.2073634,-3,0,134
1747013822.2423637,36,-22,38
1747013822.2773633,-130,58,22
1747013822.3123634,25,8,166
1747013822.3483634,45,-7,108
1747013822.3843634,95,10,124
1747013822.4193633,9,22,88
1747013822.4553633,53,-81,226
1747013822.4903634,-21,-6,32
1747013822.5253634,10,67,178
1747013822.5613637,24,9,14
1747013822.5963633,62,71,106
1747013822.632363,50,7,10
1747013822.6673634,-24,4,86
1747013822.7033634,-18,9,120
1747013822.7383633,14,48,6
1747013822.7733634,0,-11,78
1747013822.8083634,-87,36,50
1747013822.8443637,-18,-22,160
1747013822.8803637,25,-58,96
1747013822.9153633,-24,-26,88
1747013822.951363,70,32,162
1747013822.9863634,2,28,8
1747013823.0213633,-25,-3,120
1747013823.056363,2,-1,10
1747013823.0923634,50,-39,42
1747013823.1283634,-48,14,76
1747013823.1633637,33,-51,52
1747013823.1993637,25,-9,-27
1747013823.2343633,13,-45,82
1747013823.2693634,24,22,74
1747013823.3043633,-7,30,48
1747013823.3403633,20,-33,148
1747013823.3763633,43,50,42
1747013823.4113634,37,-11,28
1747013823.4473634,-19,-37,134
1747013823.4823637,41,-51,52
1747013823.5173633,73,-113,86
1747013823.553363,-92,4,62
1747013823.5883634,31,-41,34
1747013823.6243634,49,30,148
1747013823.6593633,-5,33,6
1747013823.6953633,137,46,68
1747013823.7303634,59,-57,44
1747013823.7653637,13,47,98
1747013823.8013637,4,9,40
1747013823.8363633,6,7,74
1747013823.872363,-31,29,14
1747013823.9073634,48,35,-7
1747013823.9433634,50,-32,120
1747013823.9783633,-35,-94,40
1747013824.0133634,44,-38,86
1747013824.0493634,8,26,122
1747013824.0843637,-33,-19,-119
1747013824.1203637,-31,51,186
1747013824.155363,-15,55,78
1747013824.191363,56,82,100
1747013824.2263634,-2,19,96
1747013824.2613633,-13,2,66
1747013824.2973633,-77,-3,14
1747013824.3323634,64,36,14
1747013824.3683634,62,-69,58
1747013824.4033637,28,6,48
1747013824.4393632,-30,-66,12
1747013824.474363,67,79,140
1747013824.5093634,41,-51,80
1747013824.5453634,-6,3,8
1747013824.5803633,-42,-18,16
1747013824.6163633,40,-26,152
1747013824.6513634,-29,40,72
1747013824.6873634,36,-47,210
1747013824.7223637,48,-7,30
1747013824.757363,-31,52,-5
1747013824.793363,47,-80,72
1747013824.8283634,-60,-14,112
1747013824.8643634,7,-40,146
1747013824.8993633,-9,81,-7
1747013824.9353633,-24,0,28
1747013824.9703634,7,-7,162
1747013825.0053637,8,20,176
1747013825.0413637,23,6,130
1747013825.076363,-8,6,154
1747013825.112363,23,-3,56
1747013825.1473634,-14,-33,100
1747013825.1833634,67,20,48
1747013825.2183633,77,0,36
1747013825.2533634,-48,90,30
1747013825.2893634,55,1,42
1747013825.3243637,0,-14,26
1747013825.3603632,18,4,-111
1747013825.395363,71,-20,-9
1747013825.4303634,-9,-73,160
1747013825.4653633,35,-40,22
1747013825.5013633,-66,27,94
1747013825.5373633,29,-10,210
1747013825.5723634,-18,-6,-5
1747013825.6083634,-18,77,12
1747013825.6433637,27,-9,-15
1747013825.678363,39,44,104
1747013825.7133634,27,-11,118
1747013825.7493634,25,22,148
1747013825.7853634,53,24,66
1747013825.8203633,-64,-122,76
1747013825.8563633,57,-15,30
1747013825.8913634,-63,-4,68
1747013825.9263637,-19,-22,4
1747013825.9613633,26,15,148
1747013825.997363,-3,-32,62
1747013826.033363,-47,-4,40
1747013826.0683634,-5,-24,134
1747013826.1043634,-75,-30,22
1747013826.1393633,4,-30,36
1747013826.1743634,39,-21,70
1747013826.2093637,14,-40,176
1747013826.2453637,8,-80,0
1747013826.2813632,-71,-14,70
1747013826.316363,55,-11,68
1747013826.352363,-1,-15,80
1747013826.3873634,-18,-27,40
1747013826.4223633,-22,-31,-55
1747013826.4573634,-4,-61,64
1747013826.4933634,21,-8,-5
1747013826.5293634,9,-24,24
1747013826.5643632,-20,-4,56
1747013826.6003633,131,24,54
1747013826.635363,18,24,88
1747013826.6703634,29,99,60
1747013826.7053633,-18,-32,-17
1747013826.7413633,13,-24,128
1747013826.7773633,-38,-8,122
1747013826.8123634,50,-1,86
1747013826.8483634,-70,-20,62
1747013826.8833632,73,28,-61
1747013826.918363,7,-35,104
1747013826.9533634,33,16,72
1747013826.9893634,55,0,-79
1747013827.0253634,95,20,10
1747013827.0603633,-24,16,106
1747013827.0963633,-1,-12,202
1747013827.1313634,67,4,14
1747013827.1663637,21,-15,2
1747013827.201363,-14,24,-61
1747013827.237363,-5,23,58
1747013827.2733634,22,0,92
1747013827.3083634,14,0,64
1747013827.3443637,46,65,10
1747013827.3793633,63,-35,24
1747013827.4143634,-45,-14,20
1747013827.4493637,-5,65,24
1747013827.4853632,2,-42,16
1747013827.5213633,13,66,14
1747013827.556363,97,6,112
1747013827.5923634,5,-41,114
1747013827.6273634,12,-15,-67
1747013827.6623633,66,10,108
1747013827.6973634,31,35,104
1747013827.7343633,1,13,112
1747013827.7693634,-121,32,-49
1747013827.8053634,44,-3,66
1747013827.8483634,-50,-88,18
1747013827.8843634,111,-7,88
1747013827.9203634,27,-25,100
1747013827.9553633,37,74,-21
1747013827.9903634,3,-61,150
1747013828.0253634,-114,-55,86
1747013828.0613637,17,12,146
1747013828.0973637,-28,-59,200
1747013828.132363,47,-9,50
1747013828.168363,-42,12,107
1747013828.2033634,43,-41,109
1747013828.2383633,-4,60,46
1747013828.2733634,3,18,29
1747013828.3093634,-32,12,97
1747013828.3453634,30,-42,37
1747013828.3803637,-13,26,-32
1747013828.4163637,54,97,69
1747013828.451363,50,3,127
1747013828.4863634,-116,-17,125
1747013828.5223634,65,-27,145
1747013828.5573633,38,-16,91
1747013828.5933633,-64,-9,53
1747013828.6283634,-23,-2,-20
1747013828.6643634,-9,-96,35
1747013828.6993637,0,14,-4
1747013828.7343633,22,27,13
1747013828.770363,-59,-24,134
1747013828.8053634,-19,27,76
1747013828.8413634,14,31,110
1747013828.8763633,17,-13,-47
1747013828.9123633,-104,0,74
1747013828.9473634,-108,-33,82
1747013828.9823637,72,-24,98
1747013829.0183637,62,-18,8
1747013829.053363,-28,0,60
1747013829.089363,27,-3,92
1747013829.1243634,23,-47,120
1747013829.1603634,-60,-33,100
1747013829.1953633,-52,-63,-43
1747013829.2303634,85,-11,172
1747013829.2663634,-8,38,94
1747013829.3013637,53,-37,0
1747013829.3373632,-35,82,10
1747013829.372363,-26,-43,89
1747013829.408363,-26,-43,25
1747013829.4433634,17,-15,-20
1747013829.4783633,27,8,-44
1747013829.5143633,-20,-15,109
1747013829.5493634,-37,35,73
1747013829.5853634,-19,59,109
1747013829.6203637,-16,68,-45
1747013829.6563632,-54,-67,54
1747013829.691363,-37,-15,98
1747013829.7263634,-106,-13,28
1747013829.7623634,-14,-79,60
1747013829.7973633,-19,-39,10
1747013829.8333633,-48,92,82
1747013829.8683634,-34,-11,10
1747013829.9043634,7,2,-21
1747013829.9393632,87,-51,90
1747013829.974363,-4,-24,116
1747013830.010363,51,-38,144
1747013830.0453634,-64,-2,78
1747013830.0813634,44,25,26
1747013830.1163633,37,41,164
1747013830.1523633,11,23,130
1747013830.1873634,19,19,70
1747013830.2223637,43,58,31
1747013830.2583632,-30,-59,9
1747013830.293363,5,-7,109
1747013830.329363,-48,56,55
1747013830.3643634,-22,-1,111
1747013830.3993633,23,-5,104
1747013830.4343634,22,4,18
1747013830.4703634,-25,2,156
1747013830.5063634,-57,-117,49
1747013830.5413637,-61,16,75
1747013830.5773633,-4,-43,93
1747013830.612363,1,-33,105
1747013830.6473634,-22,-19,39
1747013830.6823633,83,14,149
1747013830.7183633,-40,4,71
1747013830.7543633,13,18,103
1747013830.7893634,-26,-13,0
1747013830.8253634,-8,-49,165
1747013830.8603632,3,-3,63
1747013830.895363,62,17,131
1747013830.9303634,-3,71,23
1747013830.9663634,2,-52,65
1747013831.0023634,27,7,-16
1747013831.0373633,-14,-68,55
1747013831.0733633,-39,32,161
1747013831.1083634,-45,-35,45
1747013831.1433637,-24,35,207
1747013831.178363,-78,9,1
1747013831.214363,79,34,5
1747013831.250363,-13,36,149
1747013831.2853634,-15,-5,67
1747013831.3213634,27,11,7
1747013831.3563633,-22,-18,43
1747013831.3913634,-34,17,35
1747013831.4263637,39,35,69
1747013831.4623632,-48,11,-12
1747013831.4983633,77,39,85
1747013831.533363,-2,-90,91
1747013831.5693634,-38,-40,-6
1747013831.6043634,-6,-52,35
1747013831.6393633,-44,35,25
1747013831.6743634,40,-13,93
1747013831.7103634,31,-52,135
1747013831.7463634,-149,1,65
1747013831.7813632,-11,65,123
1747013831.8173633,33,29,129
1747013831.852363,8,34,3
1747013831.8873634,-9,-79,117
1747013831.9223633,-47,-21,11
1747013831.9583633,-4,-4,41
1747013831.9943633,7,33,143
1747013832.0293634,-6,127,97
1747013832.0653634,37,-35,83
1747013832.1003633,-81,66,53
1747013832.135363,102,-89,81
1747013832.1703634,51,-3,69
1747013832.2063634,-18,96,5
1747013832.2423637,38,114,159
1747013832.2773633,42,-31,141
1747013832.3133633,46,34,109
1747013832.3483634,12,-47,23
1747013832.3833632,-47,6,5
1747013832.418363,1,-8,109
1747013832.454363,44,-9,89
1747013832.4903634,37,-36,117
1747013832.5253634,4,68,127
1747013832.5613637,10,6,-44
1747013832.5963633,-7,56,9
1747013832.6313634,-19,-59,15
1747013832.6663637,34,-33,47
1747013832.7023633,-61,0,169
1747013832.7383633,30,61,49
1747013832.7733634,28,-25,201
1747013832.8093634,46,18,-40
1747013832.8443637,-14,-18,75
1747013832.8793633,-73,18,0
1747013832.9143634,-20,-24,175
1747013832.9503634,-87,44,29
1747013832.9863634,37,-16,153
1747013833.0213633,0,9,49
1747013833.0573633,-23,-5,153
1747013833.0923634,49,0,181
1747013833.1273634,-12,-15,25
1747013833.1623633,-24,12,-100
1747013833.1983633,53,24,3
1747013833.2343633,19,-77,-54
1747013833.2693634,21,-8,-22
1747013833.3053634,21,-5,53
1747013833.3403633,13,14,37
1747013833.375363,-10,26,23
1747013833.4103634,-48,30,-2
1747013833.4463634,-118,46,75
1747013833.4823637,-49,23,207
1747013833.5173633,-25,-68,123
1747013833.553363,-33,15,-26
1747013833.5883634,-67,33,-24
1747013833.6233633,-7,5,-52
1747013833.6593633,12,-88,21
1747013833.6943634,15,52,163
1747013833.7303634,11,-63,43
1747013833.7653637,-69,27,157
1747013833.8013637,-11,-16,93
1747013833.8363633,-80,-58,123
1747013833.8713634,0,83,-6
1747013833.9073634,5,-22,101
1747013833.9423633,95,0,135
1747013833.9783633,63,17,39
1747013834.0133634,-28,1,155
1747013834.0493634,59,41,75
1747013834.0843637,55,-52,75
1747013834.1193633,-2,33,35
1747013834.155363,64,39,-24
1747013834.1903634,-35,-48,37
1747013834.2263634,64,-14,-24
1747013834.2613633,17,-14,-38
1747013834.2973633,-62,-90,-58
1747013834.3323634,40,-20,105
1747013834.3673637,-50,19,44
1747013834.4033637,-16,33,-25
1747013834.4383633,14,-7,116
1747013834.474363,-2,-17,74
1747013834.5093634,-20,10,-25
1747013834.5453634,79,3,-23
1747013834.5803633,-90,-8,46
1747013834.6153634,-3,19,62
1747013834.6513634,68,29,206
1747013834.6863637,-21,51,154
1747013834.7223637,74,11,94
1747013834.757363,-3,-2,112
1747013834.793363,-4,36,72
1747013834.8283634,85,0,172
1747013834.8633633,-2,28,80
1747013834.8993633,5,7,122
1747013834.9343634,75,19,74
1747013834.9703634,-28,20,30
1747013835.0053637,-14,-35,116
1747013835.0413637,61,-43,94
1747013835.076363,19,-5,-35
1747013835.1113634,19,54,-27
1747013835.1473634,-48,-83,-29
1747013835.1823633,2,-23,38
1747013835.2183633,-59,42,-91
1747013835.2533634,127,48,186
1747013835.2893634,-96,-31,156
1747013835.3243637,-27,-16,140
1747013835.3593633,10,-12,70
1747013835.395363,32,-8,218
1747013835.4303634,12,0,-15
1747013835.4663634,148,49,62
1747013835.5013633,4,-112,58
1747013835.5363634,-7,23,138
1747013835.5713634,-73,-6,118
1747013835.6073637,20,13,-13
1747013835.6433637,18,-8,184
1747013835.678363,-3,-52,-17
1747013835.714363,-69,19,-17
1747013835.7493634,20,27,142
1747013835.7843633,-37,49,66
1747013835.8193634,-13,-62,86
1747013835.8553634,20,-32,88
1747013835.8913634,-1,-2,76
1747013835.9263637,-26,-5,154
1747013835.9623632,-32,-17,48
1747013835.997363,79,-61,70
1747013836.0323634,35,8,76
1747013836.0673633,-52,6,92
1747013836.1033633,-22,-69,144
1747013836.1393633,-14,-29,42
1747013836.1743634,5,-57,172
1747013836.2103634,73,10,146
1747013836.2453637,-2,14,172
1747013836.280363,49,-17,48
1747013836.3153634,67,74,122
1747013836.3513634,19,-41,144
1747013836.3873634,36,-28,-19
1747013836.4223633,73,68,110
1747013836.4583633,0,-28,-33
1747013836.4933634,-65,57,88
1747013836.5283637,60,-30,112
1747013836.5633633,18,3,16
1747013836.599363,-33,-8,60
1747013836.635363,-29,19,148
1747013836.6703634,24,9,-5
1747013836.7063634,61,0,12
1747013836.7413633,-46,-6,-15
1747013836.7763634,13,35,60
1747013836.8113637,67,-6,118
1747013836.8473637,-40,-10,52
1747013836.8833632,99,9,41
1747013836.918363,61,-56,89
1747013836.954363,-4,-44,110
1747013836.9893634,-55,47,-1
1747013837.0243633,81,0,107
1747013837.0593634,55,-2,2
1747013837.0953634,19,23,104
1747013837.1313634,-36,44,-57
1747013837.1663637,-66,16,98
1747013837.2023633,-28,-31,80
1747013837.237363,75,-27,88
1747013837.2723634,5,14,-95
1747013837.3073633,49,-15,74
1747013837.3433633,-12,2,188
1747013837.3793633,-10,0,126
1747013837.4143634,-50,-29,193
1747013837.4503634,-100,44,1
1747013837.4853632,-16,56,28
1747013837.520363,-62,70,71
1747013837.5553634,55,-17,96
1747013837.5913634,64,32,174
1747013837.6273634,72,-23,1
1747013837.6623633,12,24,-29
1747013837.6983633,52,-47,55
1747013837.7333634,-33,0,21
1747013837.7683637,52,-79,32
1747013837.803363,12,30,184
1747013837.839363,44,32,230
1747013837.882363,76,15,104
1747013837.918363,11,42,14
1747013837.954363,138,-51,100
1747013837.9893634,-18,52,68
1747013838.0243633,-34,42,124
1747013838.0593634,-54,46,48
1747013838.0953634,-12,12,90
1747013838.1313634,-42,-69,-17
1747013838.1663637,64,-37,68
1747013838.2023633,40,-17,70
1747013838.237363,8,-2,32
1747013838.2723634,16,-42,76
1747013838.3073633,69,53,146
1747013838.3433633,-15,4,108
1747013838.3793633,-46,39,-5
1747013838.4143634,13,23,-3
1747013838.4503634,-15,10,109
1747013838.4853632,-68,36,43
1747013838.520363,-70,-38,157
1747013838.5553634,57,-24,123
1747013838.5913634,77,-28,149
1747013838.6273634,-20,15,118
1747013838.6623633,-27,-47,91
1747013838.6983633,31,-2,37
1747013838.7333634,-38,30,129
1747013838.7683637,-52,-10,77
1747013838.8043633,33,53,109
1747013838.839363,-56,31,103
1747013838.875363,-28,-3,127
1747013838.9103634,5,-6,-6
1747013838.9463634,-14,-40,137
1747013838.9813633,-52,18,115
1747013839.0163634,9,-4,170
1747013839.0523634,-6,-30,63
1747013839.0873632,9,-12,93
1747013839.1233633,-43,-43,1
1747013839.158363,-58,-6,65
1747013839.1943634,33,0,62
1747013839.2293634,28,-78,112
1747013839.2643633,-30,-94,218
1747013839.3003633,4,-10,140
1747013839.3353634,-15,-38,78
1747013839.3713634,-29,41,84
1747013839.4063632,-71,-4,70
1747013839.4423633,2,21,24
1747013839.477363,-47,-54,64
1747013839.5123634,-22,9,102
1747013839.5483634,-33,-62,154
1747013839.5833633,-39,-102,40
1747013839.6193633,13,-6,108
1747013839.6543634,39,-24,5
1747013839.6903634,-6,-40,85
1747013839.7253633,-20,19,21
1747013839.760363,0,5,149
1747013839.7963634,33,7,144
1747013839.8313634,-13,28,89
1747013839.8673637,-11,-23,-82
1747013839.9023633,82,-75,75
1747013839.9383633,58,0,80
1747013839.9733634,51,43,6
1747013840.0083632,19,-22,-95
1747013840.0443633,-20,33,-29
1747013840.079363,-4,-38,214
1747013840.1153634,23,25,56
1747013840.1503634,122,21,90
1747013840.1863637,2,-88,-27
1747013840.2213633,50,-58,128
1747013840.2563634,-26,-23,112
1747013840.2923634,-29,1,-129
1747013840.3273633,-9,35,124
1747013840.3633633,-62,0,85
1747013840.3983634,-90,-23,141
1747013840.4343634,-6,-29,122
1747013840.4703634,7,-85,119
1747013840.5063634,8,-76,247
1747013840.5423634,20,-12,123
1747013840.5773633,60,59,9
1747013840.612363,69,21,119
1747013840.6483634,46,69,126
1747013840.6843634,55,-20,61
1747013840.7193637,41,-51,7
1747013840.7553637,13,22,33
1747013840.7903633,42,29,-34
1747013840.8253634,2,19,78
1747013840.8603632,29,-61,74
1747013840.8963633,37,4,106
1747013840.9323633,3,68,6
1747013840.9673634,53,76,88
1747013841.0033634,3,40,176
1747013841.0383637,85,-23,-29
1747013841.0733633,-58,-13,72
1747013841.1083634,-69,93,21
1747013841.1443634,-1,-6,-12
1747013841.1803634,80,9,-52
1747013841.2153633,92,31,-13
1747013841.2513633,14,-28,102
1747013841.2863634,0,19,83
1747013841.3213634,-75,21,101
1747013841.3563633,22,-64,110
1747013841.3923633,18,-52,57
1747013841.428363,-55,7,157
1747013841.4633634,6,-32,51
1747013841.4993634,44,0,-8
1747013841.5343633,24,9,43
1747013841.5693634,-41,81,27
1747013841.6043634,103,-26,-2
1747013841.6403637,-4,99,55
1747013841.6763637,-11,25,101
1747013841.7113633,-13,17,113
1747013841.747363,-7,-36,97
1747013841.7823634,80,5,89
1747013841.8173633,28,15,87
1747013841.852363,32,67,107
1747013841.8883634,-35,-32,87
1747013841.9243634,28,-26,85
1747013841.9593637,47,-24,119
1747013841.9953637,48,-49,107
1747013842.030363,48,18,63
1747013842.0653634,88,38,119
1747013842.1003633,-23,-8,79
1747013842.1363633,40,53,51
1747013842.1723633,4,15,77
1747013842.2073634,-55,11,177
1747013842.2433634,8,3,-36
1747013842.2783637,32,11,111
1747013842.3133633,-53,-66,-62
1747013842.3483634,-71,25,145
1747013842.3843634,-43,-30,91
1747013842.4203634,-35,0,15
1747013842.4553633,-101,13,89
1747013842.4913633,42,-36,1
1747013842.5263634,-48,-19,129
1747013842.5613637,103,12,77
1747013842.5963633,-35,13,77
1747013842.632363,-2,36,59
1747013842.668363,60,-62,59
1747013842.7033634,33,72,163
1747013842.7393634,57,-63,89
1747013842.7743633,98,35,53
1747013842.8093634,154,-10,51
1747013842.8443637,-15,-18,131
1747013842.8803637,20,-48,57
1747013842.9163637,58,-36,-54
1747013842.951363,18,-32,-62
1747013842.987363,48,-64,147
1747013843.0223634,-37,69,89
1747013843.0573633,31,-109,165
1747013843.0923634,-52,-53,145
1747013843.1283634,0,-45,-92
1747013843.1643634,1,-34,21
1747013843.1993637,91,-15,73
1747013843.2353632,69,-17,13
1747013843.270363,-90,60,-66
1747013843.3053634,37,-33,-64
1747013843.3403633,-66,-49,39
1747013843.3763633,111,-7,13
1747013843.4123633,67,1,91
1747013843.4473634,15,-10,89
1747013843.4833634,-29,-53,71
1747013843.5183637,25,7,133
1747013843.553363,27,-14,47
1747013843.5883634,-24,0,49
1747013843.6243634,-84,29,81
1747013843.6603634,67,-64,31
1747013843.6953633,-28,-46,-20
1747013843.7313633,35,-4,81
1747013843.7663634,1,99,-6
1747013843.8013637,21,-12,117
1747013843.8373632,-35,14,227
1747013843.872363,0,-26,29
1747013843.908363,-23,16,89
1747013843.9433634,41,57,57
1747013843.9793634,29,117,69
1747013844.0143633,-43,-8,7
1747013844.0493634,-11,3,63
1747013844.0853634,-26,-21,237
1747013844.1203637,110,-10,75
1747013844.1563632,17,8,15
1747013844.191363,-4,24,32
1747013844.227363,-57,23,24
1747013844.2623634,0,1,14
1747013844.2973633,22,-10,170
1747013844.3333633,20,-45,60
1747013844.3683634,-61,-72,10
1747013844.4043634,-7,-2,20
1747013844.4393632,-57,-40,144
1747013844.4753633,-45,-54,140
1747013844.510363,60,29,126
1747013844.5453634,8,58,50
1747013844.5813634,54,46,32
1747013844.6163633,8,-60,-13
1747013844.6523633,26,81,212
1747013844.6873634,-27,1,156
1747013844.7233634,-2,-62,162
1747013844.7583632,44,23,88
1747013844.793363,-47,31,114
1747013844.829363,-95,65,250
1747013844.8643634,14,16,4
1747013844.9003634,-28,-82,20
1747013844.9353633,9,59,-19
1747013844.9713633,-9,-6,-3
1747013845.0063634,-136,31,-125
1747013845.0413637,-38,-34,68
1747013845.0773633,-18,-32,104
1747013845.112363,85,-10,94
1747013845.1483634,15,-26,44
1747013845.1833634,-44,11,-113
1747013845.2193637,-3,-21,68
1747013845.2543633,85,37,20
1747013845.2893634,43,75,2
1747013845.3253634,13,43,150
1747013845.3603632,19,-124,50
1747013845.3963633,50,-10,52
1747013845.431363,-45,-32,100
1747013845.4673634,-11,-20,118
1747013845.5023634,13,30,194
1747013845.5373633,27,14,60
1747013845.5733633,57,100,126
1747013845.6083634,-16,-51,38
1747013845.6443634,-19,-54,114
1747013845.6793633,10,-34,137
1747013845.714363,-30,-13,73
1747013845.7493634,-31,-17,59
1747013845.7853634,30,80,107
1747013845.8213634,-39,-68,176
1747013845.8563633,-58,12,232
1747013845.8923633,17,6,-34
1747013845.9273634,9,-11,67
1747013845.9623632,101,26,2
1747013845.997363,-6,-5,116
1747013846.033363,-18,-11,88
1747013846.0693634,-30,-39,48
1747013846.1043634,-36,48,118
1747013846.1403637,17,36,178
1747013846.1753633,3,84,118
1747013846.2103634,65,-9,10
1747013846.2453637,-71,8,14
1747013846.2813632,-18,20,82
1747013846.3173633,5,-61,68
1747013846.352363,11,-49,68
1747013846.3883634,41,-69,98
1747013846.4233634,-32,8,72
1747013846.4583633,-17,-13,44
1747013846.4933634,-51,-21,-143
1747013846.5293634,-8,-19,-7
1747013846.5653634,-55,54,-91
1747013846.6003633,-26,68,78
1747013846.6363633,3,-45,-15
1747013846.6713634,3,-77,58
1747013846.7063634,3,-73,28
1747013846.7413633,15,29,18
1747013846.7773633,27,-50,72
1747013846.8133633,-42,-20,48
1747013846.8483634,-68,-80,66
1747013846.8843634,37,0,90
1747013846.9193633,-36,-6,150
1747013846.954363,5,-14,96
1747013846.9893634,7,-20,134
1747013847.0253634,5,-1,26
1747013847.0613637,-59,39,-57
1747013847.0963633,-39,15,88
1747013847.132363,-9,-14,44
1747013847.1673634,-5,27,112
1747013847.2023633,-58,3,76
1747013847.237363,-31,0,16
1747013847.2733634,36,7,40
1747013847.3093634,18,19,38
1747013847.3443637,34,-16,54
1747013847.3803637,-41,19,64
1747013847.4153633,-14,3,70
1747013847.4503634,0,-10,86
1747013847.4853632,75,5,104
1747013847.5213633,39,5,102
1747013847.5573633,17,-22,30
1747013847.5923634,-8,51,140
1747013847.6283634,-14,9,140
1747013847.6633637,53,13,106
1747013847.6983633,-10,-32,80
1747013847.7333634,67,17,38
1747013847.7693634,23,7,70
1747013847.8053634,-20,1,104
1747013847.8403633,20,5,2
1747013847.8833632,51,-54,56
1747013847.9193633,-44,-50,141
1747013847.954363,-26,19,111
1747013847.9893634,-142,-18,93
1747013848.0253634,46,-12,59
1747013848.0613637,-20,-10,61
1747013848.0963633,43,71,133
1747013848.132363,-32,-60,102
1747013848.1673634,45,65,88
1747013848.2023633,-52,-42,8
1747013848.237363,-26,49,120
1747013848.2733634,63,-54,48
1747013848.3093634,-89,57,106
1747013848.3443637,12,11,-67
1747013848.3803637,21,16,100
1747013848.4153633,27,-7,103
1747013848.4503634,7,-27,22
1747013848.4853632,-22,-11,30
1747013848.5223634,-45,-65,215
1747013848.5573633,73,-13,64
1747013848.5933633,-47,63,108
1747013848.6293633,-35,-14,110
1747013848.6643634,-11,-82,136
1747013848.7003634,-67,-50,26
1747013848.7353632,-21,-2,-31
1747013848.770363,-26,-20,64
1747013848.806363,-45,115,178
1747013848.8413634,-79,-22,126
1747013848.8773634,52,-32,3
1747013848.9123633,-7,-50,-23
1747013848.9483633,16,-6,108
1747013848.9833634,47,-24,50
1747013849.0183637,16,7,50
1747013849.0543633,-3,-54,-3
1747013849.089363,34,43,72
1747013849.125363,-3,-15,66
1747013849.1603634,-9,24,80
1747013849.1963634,-9,-15,130
1747013849.2313633,48,56,16
1747013849.2663634,38,6,240
1747013849.3023634,-13,-25,36
1747013849.3373632,42,-21,48
1747013849.3733633,-24,-11,-51
1747013849.408363,-8,-39,4
1747013849.4443634,-35,17,152
1747013849.4793634,42,-37,88
1747013849.5143633,24,-10,150
1747013849.5503633,2,-20,-25
1747013849.5853634,-51,-80,-73
1747013849.6213634,12,-25,85
1747013849.6563632,10,-10,5
1747013849.6923633,-35,0,86
1747013849.727363,38,-48,112
1747013849.7623634,86,37,-19
1747013849.7983634,-29,-16,208
1747013849.8333633,-13,63,2
1747013849.8693633,40,1,116
1747013849.9043634,-16,-5,98
1747013849.9403634,38,-56,110
1747013849.9753633,-59,1,116
1747013850.010363,-21,-21,148
1747013850.0463634,32,16,175
1747013850.0813634,12,52,-10
1747013850.1173637,9,10,129
1747013850.1523633,-42,18,90
1747013850.1883633,-4,60,172
1747013850.2233634,-18,-17,96
1747013850.2583632,-20,-39,24
1747013850.2943633,58,-80,76
1747013850.329363,-18,-45,134
1747013850.3653634,32,39,48
1747013850.4003634,-41,1,50
1747013850.4363637,2,-40,104
1747013850.4713633,-87,-88,58
1747013850.5063634,20,-18,70
1747013850.5423634,35,-29,122
1747013850.5773633,37,-3,-7
1747013850.6133633,-25,19,4
1747013850.6483634,-48,2,98
1747013850.6843634,29,26,46
1747013850.7203634,-30,-25,-49
1747013850.7553637,-41,-37,112
1747013850.7903633,-74,-67,178
1747013850.826363,79,26,48
1747013850.862363,5,-57,132
1747013850.8973634,45,8,44
1747013850.9333634,37,34,130
1747013850.9683633,9,16,-9
1747013851.0033634,-4,48,80
1747013851.0383637,3,40,158
1747013851.0743637,1,-21,-17
1747013851.1103632,-4,18,35
1747013851.145363,23,-143,11
1747013851.181363,-27,-47,195
1747013851.2163634,-50,28,28
1747013851.2513633,-24,-36,122
1747013851.2863634,33,-9,-20
1747013851.3223634,-62,-43,115
1747013851.3583634,-12,6,4
1747013851.3933637,41,-35,190
1747013851.4293633,-52,-63,-2
1747013851.464363,14,-22,12
1747013851.4993634,-53,0,94
1747013851.5343633,-13,-38,39
1747013851.5703633,62,-48,25
1747013851.6063633,-58,26,11
1747013851.6413634,-19,37,43
1747013851.6773634,-35,27,141
1747013851.7123632,-33,33,93
1747013851.747363,16,3,69
1747013851.7823634,45,-59,87
1747013851.8183634,85,-15,160
1747013851.8543634,19,-27,77
1747013851.8893633,66,37,159
1747013851.9253633,-66,90,37
1747013851.9603634,-24,-37,-6
1747013851.9953637,37,12,137
1747013852.030363,9,110,17
1747013852.066363,-92,32,124
1747013852.102363,-12,18,-39
1747013852.1373634,-10,24,-54
1747013852.1733634,-76,12,95
1747013852.2083633,-16,0,158
1747013852.2433634,-69,52,69
1747013852.2783637,-4,22,-5
1747013852.3143632,66,5,-21
1747013852.3503633,17,54,82
1747013852.385363,-36,38,26
1747013852.4213634,31,29,120
1747013852.4563634,47,31,52
1747013852.4913633,23,-12,-12
1747013852.5263634,-30,-116,119
1747013852.5623634,-15,10,42
1747013852.5983634,-27,96,74
1747013852.6333632,-80,-24,71
1747013852.6693633,-58,79,72
1747013852.704363,-36,-30,108
1747013852.7393634,27,19,80
1747013852.7743633,7,-40,148
1747013852.8103633,53,-52,30
1747013852.8463633,-35,-31,91
1747013852.8813634,17,-36,252
1747013852.9173634,109,53,43
1747013852.9523633,15,-2,110
1747013852.987363,-18,-38,87
1747013853.0223634,52,36,140
1747013853.0583634,-21,32,132
1747013853.0943637,-23,12,108
1747013853.1293633,88,-17,22
1747013853.1653633,78,79,62
1747013853.2003634,-47,-40,128
1747013853.2353632,40,41,76
1747013853.270363,-18,63,48
1747013853.306363,-56,39,82
1747013853.3423634,-74,-20,-39
1747013853.3773634,106,-46,46
1747013853.4133637,31,-6,72
1747013853.4483633,63,11,-19
1747013853.4833634,19,11,178
1747013853.5183637,82,22,114
1747013853.5543633,17,-44,116
1747013853.5903633,74,-25,119
1747013853.625363,-48,45,155
1747013853.6613634,53,-26,-6
1747013853.6963634,-80,45,43
1747013853.7313633,-62,9,7
1747013853.7663634,33,21,49
1747013853.8023634,-20,-4,87
1747013853.8383634,-54,-44,170
1747013853.8733633,35,-8,180
1747013853.9093633,-70,84,92
1747013853.9443634,-21,-7,74
1747013853.9793634,10,10,12
1747013854.0153637,87,32,-3
1747013854.0503633,-9,-83,80
1747013854.0863633,-43,10,-5
1747013854.1213634,70,-27,38
1747013854.1573634,3,-10,104
1747013854.1923633,-61,2,115
1747013854.227363,55,15,105
1747013854.2633634,-44,-14,-40
1747013854.2983634,-48,-80,3
1747013854.3343637,-61,16,38
1747013854.3693633,74,-27,82
1747013854.405363,-4,3,68
1747013854.4403634,77,-10,156
1747013854.4753633,-51,-2,138
1747013854.5113633,-13,-18,136
1747013854.5463634,-27,-30,-7
1747013854.5823634,40,34,140
1747013854.6173637,5,-2,-7
1747013854.6533637,-53,-28,36
1747013854.6883633,50,-44,50
1747013854.7233634,4,-18,62
1747013854.7593634,34,-4,116
1747013854.7943633,22,-44,164
1747013854.8303633,-9,-22,76
1747013854.8653634,40,5,186
1747013854.9013634,50,-56,-1
1747013854.9363637,26,-76,62
1747013854.9713633,-23,5,116
1747013855.007363,9,-20,48
1747013855.0423634,-8,37,108
1747013855.0783634,-16,45,104
1747013855.1133633,13,-12,28
1747013855.1493633,45,75,160
1747013855.1843634,7,-93,38
1747013855.2193637,56,43,22
1747013855.2553637,-33,3,172
1747013855.2903633,-19,29,20
1747013855.326363,-37,-34,118
1747013855.3613634,23,36,118
1747013855.3973634,21,-49,140
1747013855.4323633,61,42,70
1747013855.4673634,-30,-103,104
1747013855.5033634,31,-27,44
1747013855.5383637,21,-79,102
1747013855.5743637,-13,23,-17
1747013855.6093633,49,-17,90
1747013855.645363,53,-3,2
1747013855.6803634,-24,-25,97
1747013855.7153633,43,45,85
1747013855.7513633,23,-9,35
1747013855.7863634,1,-37,81
1747013855.8223634,-42,63,9
1747013855.8573637,47,-17,-2
1747013855.8923633,-24,55,35
1747013855.9273634,23,-40,125
1747013855.9633634,-62,-40,85
1747013855.9993634,29,68,195
1747013856.0343633,45,-27,153
1747013856.0703633,-20,60,63
1747013856.1053634,-26,28,87
1747013856.1403637,-62,-43,-14
1747013856.1753633,56,3,73
1747013856.2113633,-11,-34,-6
1747013856.247363,-22,78,111
1747013856.2823634,-42,66,159
1747013856.3183634,27,2,61
1747013856.3533633,-44,52,67
1747013856.3883634,16,16,11
1747013856.4233634,26,20,79
1747013856.4593637,78,2,19
1747013856.4953637,36,-87,85
1747013856.530363,-14,-37,75
1747013856.566363,-14,52,59
1747013856.6013634,79,16,99
1747013856.6363633,26,21,19
1747013856.6713634,-24,-17,123
1747013856.7073634,32,49,207
1747013856.7433634,0,13,41
1747013856.7783637,-12,-15,29
1747013856.8143632,3,-31,-26
1747013856.849363,-83,-22,-2
1747013856.8843634,-43,3,59
1747013856.9193633,-20,-31,77
1747013856.9553633,0,-30,13
1747013856.9913633,-50,14,103
1747013857.0263634,23,12,51
1747013857.0623634,-102,15,17
1747013857.0973637,25,37,89
1747013857.132363,-42,-56,59
1747013857.1673634,25,79,41
1747013857.2033634,47,-50,-96
1747013857.2393634,-12,-28,-26
1747013857.2743633,-24,-24,13
1747013857.3103633,35,45,135
1747013857.3453634,-40,23,47
1747013857.3803637,-11,-31,195
1747013857.4153633,56,42,155
1747013857.451363,46,4,123
1747013857.487363,-27,-27,53
1747013857.5223634,-41,-57,19
1747013857.5583634,62,-33,-4
1747013857.5933633,34,-17,133
1747013857.6283634,26,-15,7
1747013857.6633637,-20,21,129
1747013857.6993637,68,-38,219
1747013857.7353632,-103,3,47
1747013857.770363,52,-16,109
1747013857.806363,37,41,171
1747013857.8413634,22,-48,-8
1747013857.8833632,37,10,79
1747013857.9193633,66,21,169
1747013857.9553633,57,56,195
1747013857.9913633,63,-65,83
1747013858.0263634,-48,30,115
1747013858.0623634,-38,-49,193
1747013858.0973637,-19,12,77
1747013858.132363,3,20,-86
1747013858.1673634,-20,61,143
1747013858.2033634,81,-25,3
1747013858.2393634,-66,-49,93
1747013858.2743633,-68,-35,133
1747013858.3103633,121,6,135
1747013858.3453634,-34,4,87
1747013858.3803637,57,66,91
1747013858.4153633,-71,-70,127
1747013858.451363,-5,43,55
1747013858.487363,-73,22,43
1747013858.5223634,-55,2,139
1747013858.5583634,0,-19,83
1747013858.5933633,25,36,39
1747013858.6283634,17,0,75
1747013858.6633637,-21,85,55
1747013858.6993637,-43,13,125
1747013858.7353632,-89,-4,97
1747013858.770363,92,-4,165
1747013858.806363,108,29,159
1747013858.8413634,-53,-38,37
1747013858.8763633,42,-16,201
1747013858.9113634,22,37,49
1747013858.9473634,34,43,91
1747013858.9833634,-71,-12,115
1747013859.0183637,14,-34,79
1747013859.0543633,-23,-60,7
1747013859.089363,91,-7,61
1747013859.1243634,31,32,157
1747013859.1603634,-31,10,49
1747013859.1953633,42,26,69
1747013859.2313633,-38,46,123
1747013859.2663634,36,-20,67
1747013859.3023634,-21,-28,51
1747013859.3373632,-43,45,39
1747013859.372363,-41,16,81
1747013859.408363,78,-2,-42
1747013859.4433634,-17,21,29
1747013859.4793634,-9,9,42
1747013859.5143633,78,-24,100
1747013859.5503633,24,-4,128
1747013859.5853634,-78,16,128
1747013859.6203637,59,10,98
1747013859.6563632,-21,29,20
1747013859.691363,-5,35,0
1747013859.727363,-9,0,100
1747013859.7623634,-27,-66,72
1747013859.7983634,48,51,114
1747013859.8333633,-19,-32,116
1747013859.8683634,78,-10,82
1747013859.9043634,38,-2,-3
1747013859.9393632,-45,67,84
1747013859.9753633,84,19,128
1747013860.010363,-17,-62,102
1747013860.0463634,112,7,92
1747013860.0813634,0,-30,100
1747013860.1163633,-19,-38,92
1747013860.1523633,84,-18,72
1747013860.1873634,38,20,18
1747013860.2233634,10,24,108
1747013860.2583632,73,5,56
1747013860.2943633,-46,25,110
1747013860.329363,-30,-66,80
1747013860.3643634,33,-30,28
1747013860.4003634,23,-90,104
1747013860.4353633,-53,-57,32
1747013860.4713633,14,-19,60
1747013860.5063634,31,13,116
1747013860.5423634,-93,0,32
1747013860.5773633,-45,43,130
1747013860.612363,42,-52,148
1747013860.6483634,64,-12,48
1747013860.6833634,74,0,100
1747013860.7193637,-17,3,46
1747013860.7543633,50,45,136
1747013860.7903633,54,-16,214
1747013860.826363,8,47,-7
1747013860.862363,36,-4,146
1747013860.8983634,-63,13,138
1747013860.9333634,2,13,82
1747013860.9683633,62,13,46
1747013861.0043633,62,43,118
1747013861.0403633,30,-62,-29
1747013861.0753634,-8,-87,80
1747013861.1113634,-27,91,-35
1747013861.1463633,8,39,78
1747013861.181363,-15,-30,178
1747013861.2163634,0,-12,78
1747013861.2523634,18,3,22
1747013861.2883637,-39,109,108
1747013861.3233633,-11,44,112
1747013861.3593633,2,74,40
1747013861.3943634,-19,94,86
1747013861.4293633,-1,-19,-1
1747013861.464363,-51,-33,138
1747013861.500363,56,25,58
1747013861.5363634,46,31,40
1747013861.5713634,-19,9,94
1747013861.6073637,70,13,136
1747013861.6423633,4,-1,80
1747013861.6773634,-34,12,-15
1747013861.7123632,27,12,40
1747013861.7483633,-8,60,104
1747013861.7843633,-20,24,-76
1747013861.8193634,-28,4,145
1747013861.8553634,-26,4,5
1747013861.8903637,52,-22,121
1747013861.9253633,-1,12,81
1747013861.9603634,39,-45,27
1747013861.9963634,0,-3,-5
1747013862.0323634,1,-55,88
1747013862.0673633,-80,-9,92
1747013862.1033633,49,0,12
1747013862.1383634,-49,105,148
1747013862.1733634,-41,45,-131
1747013862.2083633,-55,-36,162
1747013862.2443633,62,3,-15
1747013862.280363,26,-30,84
1747013862.3153634,63,36,162
1747013862.3513634,9,18,212
1747013862.3863633,21,-45,122
1747013862.4213634,-12,0,104
1747013862.4563634,17,86,116
1747013862.4923637,14,19,188
1747013862.5283637,-81,-2,12
1747013862.5633633,-33,87,51
1747013862.599363,-7,20,-58
1747013862.6343634,56,-59,33
1747013862.6693633,-33,56,215
1747013862.704363,11,12,-24
1747013862.7403634,15,84,-75
1747013862.7763634,46,-17,98
1747013862.8113637,17,2,60
1747013862.8473637,17,-65,54
1747013862.882363,41,-15,78
1747013862.9173634,-66,-67,30
1747013862.9523633,77,2,30
1747013862.9883633,-34,32,64
1747013863.0243633,35,44,16
1747013863.0593634,-42,6,136
1747013863.0953634,-8,36,0
1747013863.1303637,5,-102,88
1747013863.1653633,53,8,158
1747013863.2003634,-30,-7,8
1747013863.2363634,13,12,48
1747013863.2723634,15,80,54
1747013863.3073633,-36,56,100
1747013863.3433633,-24,73,82
1747013863.3783634,-24,-72,118
1747013863.4133637,71,-28,48
1747013863.4483633,72,6,48
1747013863.4843633,48,-13,46
1747013863.520363,-4,40,164
1747013863.5553634,7,18,54
1747013863.5913634,80,64,-23
1747013863.6263633,22,6,80
1747013863.6613634,80,52,2
1747013863.6963634,-59,50,214
1747013863.7323637,18,-71,110
1747013863.7683637,30,12,87
1747013863.803363,56,-29,151
1747013863.839363,34,-85,27
1747013863.8743634,-33,-28,109
1747013863.9093633,42,37,69
1747013863.9443634,-21,-50,-26
1747013863.9803634,-3,-24,-14
1747013864.0163634,74,47,65
1747013864.0513637,50,35,21
1747013864.0873632,-19,33,21
1747013864.122363,18,31,119
1747013864.1573634,49,32,209
1747013864.1933634,-56,8,129
1747013864.2283633,29,-13,-34
1747013864.2643633,-8,-29,59
1747013864.2993634,0,-15,115
1747013864.3353634,-27,19,-35
1747013864.3703637,-49,9,33
1747013864.405363,42,-54,51
1747013864.441363,-37,19,31
1747013864.4763634,22,37,-26
1747013864.5123634,4,9,91
1747013864.5473633,-63,-60,131
1747013864.5833633,-35,-40,13
1747013864.6183634,26,-2,47
1747013864.6533637,-90,16,71
1747013864.6893632,-1,65,12
1747013864.724363,-48,-34,20
1747013864.760363,-92,-18,-35
1747013864.7953634,53,-18,49
1747013864.8313634,23,-33,77
1747013864.8663633,27,-49,73
1747013864.9013634,59,-49,72
1747013864.9373634,-8,32,64
1747013864.9723637,19,-33,80
1747013865.0083632,-4,88,-3
1747013865.043363,19,56,104
1747013865.079363,-2,20,195
1747013865.1143634,-14,-16,77
1747013865.1493633,-2,-12,125
1747013865.1853633,-28,24,49
1747013865.2203634,18,-11,161
1747013865.2563634,58,44,67
1747013865.2913637,58,-55,25
1747013865.3273633,36,-46,189
1747013865.362363,-1,25,133
1747013865.3973634,-79,32,-58
1747013865.4333634,-21,34,101
1747013865.4683633,-102,-20,125
1747013865.5043633,13,31,165
1747013865.5393634,105,1,87
1747013865.5753634,-19,3,69
1747013865.6103632,-59,-86,1
1747013865.645363,-47,87,95
1747013865.681363,-111,13,91
1747013865.7163634,60,-2,145
1747013865.7523634,-30,-14,3
1747013865.7873633,38,-44,75
1747013865.8233633,7,-14,87
1747013865.8583634,-6,-24,-4
1747013865.8933637,37,-34,75
1747013865.9293633,25,-86,-58
1747013865.964363,14,26,155
1747013866.000363,78,-29,49
1747013866.0353634,-31,-15,65
1747013866.0703633,-15,-21,183
1747013866.1053634,64,16,49
1747013866.1413634,24,-1,169
1747013866.1773634,58,4,97
1747013866.2123632,4,-57,63
1747013866.2483633,17,-24,-42
1747013866.283363,5,-26,131
1747013866.3183634,3,-16,-10
1747013866.3533633,-8,-9,-6
1747013866.3893633,9,5,-6
1747013866.4253633,39,-26,127
1747013866.4603634,-2,87,61
1747013866.4963634,3,-44,41
1747013866.5313632,18,-50,137
1747013866.566363,63,-32,101
1747013866.6013634,4,-23,87
1747013866.6373634,16,24,-96
1747013866.6733634,46,2,17
1747013866.7083633,-15,-53,103
1747013866.7443633,-13,-7,267
1747013866.7793634,85,37,-6
1747013866.8143632,-58,-10,179
1747013866.849363,27,-62,73
1747013866.885363,57,-28,-26
1747013866.9213634,-9,11,173
1747013866.9563634,-81,-4,47
1747013866.9923637,6,9,143
1747013867.0273633,-38,-78,-6
1747013867.0623634,-12,21,195
1747013867.0973637,-49,-12,59
1747013867.1333632,69,-5,77
1747013867.1693633,11,36,127
1747013867.204363,23,-45,63
1747013867.2403634,47,-19,103
1747013867.2753634,5,18,129
1747013867.3103633,5,36,7
1747013867.3453634,-41,-32,19
1747013867.3813634,44,81,75
1747013867.4173634,4,2,175
1747013867.4523633,142,-97,55
1747013867.4883633,60,-5,123
1747013867.5233634,-23,-4,269
1747013867.5583634,16,-57,39
1747013867.5933633,43,-52,57
1747013867.6293633,3,-14,14
1747013867.6653633,29,-60,110
1747013867.7003634,12,60,74
1747013867.7363634,11,55,166
1747013867.7713633,41,11,-37
1747013867.806363,39,21,84
1747013867.8413634,-26,-28,70
1747013867.8773634,-16,-32,-43
1747013867.9203634,50,26,44
1747013867.9563634,38,-61,86
1747013867.9923637,52,-45,132
1747013868.0273633,-17,52,86
1747013868.0623634,60,-53,34
1747013868.0973637,66,8,30
1747013868.1333632,51,40,48
1747013868.1693633,-65,-5,32
1747013868.204363,40,60,-13
1747013868.2403634,-13,-1,54
1747013868.2753634,67,46,64
1747013868.3103633,41,4,134
1747013868.3453634,49,-15,34
1747013868.3813634,-92,-5,84
1747013868.4173634,-44,-31,78
1747013868.4523633,43,22,68
1747013868.4883633,61,-19,26
1747013868.5233634,-12,4,4
1747013868.5583634,1,-33,32
1747013868.5933633,11,-49,98
1747013868.6293633,-10,18,122
1747013868.6653633,71,6,70
1747013868.7003634,-13,25,6
1747013868.7363634,-19,-16,148
1747013868.7713633,56,-4,42
1747013868.806363,-8,73,140
1747013868.8413634,49,-36,88
1747013868.8773634,4,-10,24
1747013868.9133637,-25,21,-5
1747013868.9483633,31,-106,152
1747013868.9843633,83,-40,92
1747013869.0193634,-19,-89,120
1747013869.0543633,42,10,60
1747013869.089363,34,-67,42
1747013869.125363,-3,17,174
1747013869.1613634,27,-91,120
1747013869.1963634,6,-6,116
1747013869.2323637,42,30,36
1747013869.2673633,-35,-55,90
1747013869.3023634,10,-61,60
1747013869.3383634,-13,-19,24
1747013869.3733633,30,-49,30
1747013869.4093633,-21,-25,78
1747013869.4443634,28,-13,122
1747013869.4803634,-75,10,58
1747013869.5153637,-19,85,-51
1747013869.5503633,-95,-29,68
1747013869.5863633,34,-4,128
1747013869.6213634,-9,43,152
1747013869.6573634,-52,25,76
1747013869.6923633,-20,-61,-45
1747013869.7283633,-81,61,96
1747013869.7633634,-17,29,-25
1747013869.7983634,-31,-18,4
1747013869.8343637,4,13,-13
1747013869.8693633,24,48,66
1747013869.905363,-5,-5,196
1747013869.9403634,4,-11,114
1747013869.9763634,66,4,164
1747013870.0113633,-69,-23,180
1747013870.0463634,20,40,16
1747013870.0823634,15,-73,72
1747013870.1173637,50,-60,12
1747013870.1533637,44,-30,48
1747013870.1883633,-20,30,178
1747013870.224363,29,10,160
1747013870.2593634,41,-15,92
1747013870.2943633,-46,-6,20
1747013870.3303633,1,-50,72
1747013870.3653634,-8,-42,-47
1747013870.4013634,-37,-10,32
1747013870.4363637,96,13,-107
1747013870.4723637,-29,0,144
1747013870.507363,42,29,-57
1747013870.5423634,-9,67,110
1747013870.5783634,78,-39,78
1747013870.6133633,-15,76,2
1747013870.6493633,23,67,76
1747013870.6843634,30,-10,94
1747013870.7203634,4,23,122
1747013870.7553637,-43,5,132
1747013870.7903633,-14,11,-125
1747013870.826363,47,-26,-43
1747013870.8613634,-24,-44,-13
1747013870.8973634,-4,-6,42
1747013870.9323633,5,13,40
1747013870.9683633,11,84,16
1747013871.0033634,37,-55,16
1747013871.0383637,-36,-4,64
1747013871.0743637,-32,-58,74
1747013871.1093633,-64,-102,84
1747013871.145363,-20,-22,62
1747013871.1803634,63,27,16
1747013871.2153633,39,-44,36
1747013871.250363,1,49,122
1747013871.2863634,52,8,106
1747013871.3223634,22,-29,26
1747013871.3583634,-56,27,200
1747013871.3943634,-14,5,50
1747013871.4293633,-40,-30,80
1747013871.4653633,-88,-9,0
1747013871.500363,-56,-40,98
1747013871.5353634,83,-40,78
1747013871.5703633,21,13,50
1747013871.6063633,-8,17,-77
1747013871.6423633,30,57,76
1747013871.6773634,-57,-30,44
1747013871.7133634,-23,35,159
1747013871.7483633,10,75,100
1747013871.783363,6,-16,74
1747013871.8183634,-93,31,69
1747013871.8543634,38,-1,89
1747013871.8903637,-17,-12,21
1747013871.9253633,90,30,51
1747013871.9613633,58,86,79
1747013871.9963634,24,22,5
1747013872.0313632,-85,14,23
1747013872.066363,-25,70,143
1747013872.102363,-3,-66,159
1747013872.1383634,62,-8,18
1747013872.1733634,63,-3,158
1747013872.2093637,43,6,116
1747013872.2443633,7,26,104
1747013872.2793634,13,2,120
1747013872.3143632,-72,24,48
1747013872.3503633,65,98,74
1747013872.3863633,81,56,10
1747013872.4213634,9,-63,128
1747013872.4573634,23,-1,42
1747013872.4923637,-50,-33,86
1747013872.5273633,-87,-8,107
1747013872.5623634,34,22,13
1747013872.5983634,128,20,153
1747013872.6343634,-23,-19,55
1747013872.6693633,46,18,54
1747013872.7053633,26,-1,78
1747013872.7403634,-57,-37,214
1747013872.7753634,4,16,-9
1747013872.8103633,30,-5,16
1747013872.8463633,72,-17,110
1747013872.882363,34,-43,182
1747013872.9173634,-19,-103,49
1747013872.9533634,40,-63,2
1747013872.9883633,-24,39,55
1747013873.0233634,81,51,121
1747013873.0583634,-70,-16,63
1747013873.0943637,-2,25,23
1747013873.1303637,-68,63,-20
1747013873.1653633,-38,39,-6
1747013873.201363,83,-4,103
1747013873.2363634,-36,41,13
1747013873.2713633,-34,1,59
1747013873.306363,-12,11,17
1747013873.3423634,13,9,93
1747013873.3783634,7,-28,75
1747013873.4133637,31,-14,-26
1747013873.4493637,39,-34,147
1747013873.4843633,61,-2,85
1747013873.5193634,9,-8,-116
1747013873.5543633,-20,-20,43
1747013873.5903633,-14,-6,87
1747013873.6263633,47,53,83
1747013873.6613634,35,-2,125
1747013873.6973634,-24,-28,109
1747013873.7323637,-18,-52,76
1747013873.7673633,41,-6,5
1747013873.8023634,-24,-46,65
1747013873.8383634,-36,37,153
1747013873.8743634,11,11,127
1747013873.9093633,13,-66,157
1747013873.9453633,-36,-18,-4
1747013873.9803634,15,61,140
1747013874.0153637,-15,-23,92
1747013874.0503633,46,-29,64
1747013874.0863633,21,30,128
1747013874.122363,0,78,-9
1747013874.1573634,-49,28,-1
1747013874.1933634,39,20,63
1747013874.2283633,-39,-31,77
1747013874.2633634,15,42,11
1747013874.2993634,-18,20,-2
1747013874.3343637,25,24,189
1747013874.3703637,42,-38,105
1747013874.405363,-15,-14,137
1747013874.441363,-9,-18,117
1747013874.4763634,-27,45,17
1747013874.5113633,-27,-20,43
1747013874.5473633,-3,-32,29
1747013874.5823634,74,57,65
1747013874.6183634,34,-6,101
1747013874.6533637,-17,51,37
1747013874.6893632,-1,0,55
1747013874.724363,-11,-12,-84
1747013874.7593634,-30,-28,77
1747013874.7953634,-26,3,171
1747013874.8303633,0,21,111
1747013874.8663633,-39,-20,25
1747013874.9013634,57,29,95
1747013874.9373634,-58,43,175
1747013874.9723637,-56,-10,201
1747013875.007363,25,-28,107
1747013875.043363,-56,-33,53
1747013875.0783634,-28,-29,69
1747013875.1143634,-18,72,17
1747013875.1493633,21,6,131
1747013875.1853633,35,34,141
1747013875.2203634,-82,8,-10
1747013875.2553637,39,56,61
1747013875.2913637,10,59,25
1747013875.326363,5,-15,149
1747013875.362363,-36,-13,1
1747013875.3973634,-112,98,83
1747013875.4333634,60,-44,141
1747013875.4683633,100,22,53
1747013875.5033634,-18,57,95
1747013875.5393634,-12,-52,57
1747013875.5743637,30,13,107
1747013875.6103632,0,43,29
1747013875.645363,-55,-2,17
1747013875.681363,-65,-26,-26
1747013875.7163634,-55,-32,63
1747013875.7513633,-18,68,193
1747013875.7873633,9,-37,11
1747013875.8223634,-23,67,71
1747013875.8583634,-47,15,39
1747013875.8933637,4,-2,33
1747013875.9293633,-11,65,181
1747013875.964363,46,21,35
1747013875.9993634,45,37,55
1747013876.0353634,25,38,57
1747013876.0703633,17,-20,161
1747013876.1063633,12,0,17
1747013876.1413634,-45,-72,99
1747013876.1763637,12,-40,129
1747013876.2113633,97,-100,85
1747013876.247363,-13,39,117
1747013876.283363,22,-6,-3
1747013876.3183634,-61,-2,94
1747013876.3543634,-40,-10,56
1747013876.3893633,-63,-40,188
1747013876.4243634,-81,41,62
1747013876.4593637,44,11,34
1747013876.4953637,18,-13,4
1747013876.5313632,-11,17,64
1747013876.566363,58,-114,134
1747013876.602363,-33,37,148
1747013876.6373634,60,-22,140
1747013876.6723633,0,-16,84
1747013876.7073634,20,37,178
1747013876.7433634,-61,51,162
1747013876.7793634,-51,-4,172
1747013876.8143632,-57,-56,128
1747013876.8503633,-71,-18,180
1747013876.885363,62,55,70
1747013876.9203634,6,71,138
1747013876.9553633,16,-14,26
1747013876.9913633,57,-53,78
1747013877.0273633,31,18,110
1747013877.0623634,-48,-75,78
1747013877.0983634,5,76,110
1747013877.1333632,-55,-11,-101
1747013877.168363,-29,-17,-33
1747013877.2033634,29,-13,130
1747013877.2393634,-34,54,100
1747013877.2753634,-27,-39,56
1747013877.3103633,14,56,166
1747013877.3463633,26,-15,58
1747013877.3813634,-67,18,84
1747013877.4163637,58,30,134
1747013877.451363,38,-33,44
1747013877.487363,-59,16,78
1747013877.5233634,-27,22,172
1747013877.5583634,94,0,192
1747013877.5943637,-77,-43,108
1747013877.6293633,25,-23,36
1747013877.6643634,59,-23,180
1747013877.6993637,11,-43,192
1747013877.7353632,37,-35,68
1747013877.7713633,49,-19,26
1747013877.806363,-18,-65,20
1747013877.8423634,7,-25,100
1747013877.8773634,45,84,116
1747013877.9123633,-62,-27,-29
1747013877.9553633,16,-11,-9
1747013877.9913633,20,-19,54
1747013878.0273633,-29,-77,108
1747013878.0623634,2,44,66
1747013878.0983634,-41,-25,78
1747013878.1333632,20,-25,-63
1747013878.168363,54,-17,4
1747013878.2033634,12,52,-37
1747013878.2393634,84,-10,46
1747013878.2753634,60,-94,24
1747013878.3103633,-36,-68,-23
1747013878.3463633,-10,-40,-19
1747013878.3813634,4,-63,-41
1747013878.4163637,-41,-25,46
1747013878.451363,70,32,60
1747013878.487363,18,8,110
1747013878.5233634,3,-4,164
1747013878.5583634,-5,-41,40
1747013878.5943637,-121,-97,82
1747013878.6293633,-25,32,20
1747013878.6643634,28,-31,98
1747013878.6993637,-21,-89,26
1747013878.7353632,-1,-9,74
1747013878.7713633,33,19,-7
1747013878.806363,-48,59,-25
1747013878.8423634,31,25,-7
1747013878.8773634,77,42,90
1747013878.9123633,59,2,112
1747013878.9473634,-8,26,-33
1747013878.9833634,-16,32,44
1747013879.0193634,7,55,32
1747013879.0543633,105,-58,20
1747013879.0903633,31,19,76
1747013879.125363,-16,-3,26
1747013879.1603634,-10,35,188
1747013879.1953633,-87,18,158
1747013879.2313633,62,24,102
1747013879.2673633,-29,-39,126
1747013879.3023634,-23,-3,74
1747013879.3383634,37,-11,-19
1747013879.3733633,7,-43,106
1747013879.408363,19,-45,100
1747013879.4443634,-32,-8,80
1747013879.4793634,105,4,38
1747013879.5153637,45,-37,-31
1747013879.5503633,-32,40,94
1747013879.5863633,45,26,4
1747013879.6213634,2,-9,142
1747013879.6563632,38,-65,70
1747013879.6923633,84,-19,196
1747013879.727363,34,6,32
1747013879.7633634,30,22,74
1747013879.7983634,20,64,-7
1747013879.8343637,-13,26,48
1747013879.8693633,-36,-59,42
1747013879.9043634,20,-7,72
1747013879.9403634,43,-49,50
1747013879.9753633,-5,-13,64
1747013880.0113633,-25,-72,14
1747013880.0463634,-98,38,80
1747013880.0823634,-35,-52,-83
1747013880.1173637,33,-61,142
1747013880.1523633,46,3,100
1747013880.1883633,-1,-13,160
1747013880.2233634,13,24,74
1747013880.2593634,55,-43,62
1747013880.2943633,1,48,74
1747013880.3303633,-12,62,56
1747013880.3653634,8,-18,52
1747013880.4003634,18,5,96
1747013880.4363637,116,29,22
1747013880.4723637,73,-49,124
1747013880.5083632,-57,75,70
1747013880.543363,74,-44,10
1747013880.579363,-5,-20,106
1747013880.6143634,48,3,172
1747013880.6503634,-75,37,12
1747013880.6853633,-5,-12,68
1747013880.7203634,72,-42,12
1747013880.7563634,26,-10,-41
1747013880.7913637,20,-34,208
1747013880.8273633,74,-46,118
1747013880.862363,40,-28,52
1747013880.8983634,-53,23,96
1747013880.9333634,67,38,94
1747013880.9683633,19,-57,32
1747013881.0043633,-28,-3,94
1747013881.0393634,-26,-43,-55
1747013881.0753634,-10,38,-27
1747013881.1103632,-9,-27,-31
1747013881.1463633,2,26,38
1747013881.1823633,42,46,92
1747013881.2183633,53,-21,-21
1747013881.2543633,-75,16,108
1747013881.2903633,42,20,6
1747013881.326363,-65,14,44
1747013881.3613634,23,16,120
1747013881.3963633,68,8,-13
1747013881.4323633,45,-16,100
1747013881.4683633,49,-55,44
1747013881.5033634,-60,-5,-13
1747013881.5393634,39,-19,14
1747013881.5743637,53,6,40
1747013881.6093633,1,17,130
1747013881.6443634,66,-27,52
1747013881.6803634,74,2,142
1747013881.7163634,24,26,22
1747013881.7513633,-41,-9,110
1747013881.7873633,-41,50,60
1747013881.8223634,4,3,110
1747013881.8573637,-75,-4,96
1747013881.8923633,-41,4,6
1747013881.928363,-31,68,130
1747013881.964363,-33,16,-27
1747013881.9993634,32,-17,4
1747013882.0353634,0,40,120
1747013882.0703633,84,12,100
1747013882.1053634,28,24,42
1747013882.1403637,14,-69,-41
1747013882.1763637,98,54,70
1747013882.2123632,26,19,32
1747013882.247363,-21,-54,142
1747013882.283363,-73,37,46
1747013882.3183634,32,49,-1
1747013882.3533633,32,-36,130
1747013882.3883634,11,0,82
1747013882.4243634,18,-30,74
1747013882.4603634,64,20,0
1747013882.4953637,86,16,34
1747013882.5313632,-36,-75,18
1747013882.566363,-31,0,114
1747013882.6013634,-40,-25,120
1747013882.6363633,44,-29,130
1747013882.6723633,75,-5,128
1747013882.7083633,-12,-21,104
1747013882.7433634,23,16,82
1747013882.7793634,-34,54,-23
1747013882.8143632,-15,-79,150
1747013882.849363,-37,-17,110
1747013882.8843634,-9,46,214
1747013882.9203634,58,-5,12
1747013882.9563634,-29,-25,66
1747013882.9913633,68,2,54
1747013883.0273633,-52,29,162
1747013883.0623634,-42,13,102
1747013883.0973637,103,37,98
1747013883.132363,-10,-22,62
1747013883.168363,45,73,80
1747013883.204363,-60,-2,58
1747013883.2393634,50,-38,68
1747013883.2753634,13,-4,28
1747013883.3103633,-21,-25,180
1747013883.3453634,-35,-55,-123
1747013883.3803637,118,16,-59
1747013883.4163637,-63,-15,46
1747013883.4523633,49,19,100
1747013883.487363,65,-11,54
1747013883.5233634,52,-69,36
1747013883.5583634,29,-41,124
1747013883.5933633,-58,-5,30
1747013883.6283634,51,-11,114
1747013883.6643634,10,-43,4
1747013883.7003634,-8,-9,26
1747013883.7353632,12,-18,100
1747013883.7713633,0,51,86
1747013883.806363,68,-36,106
1747013883.8413634,44,-12,-3
1747013883.8763633,11,-57,98
1747013883.9123633,3,-37,110
1747013883.9483633,-41,7,-5
1747013883.9833634,33,-49,-77
1747013884.0193634,-45,-38,114
1747013884.0543633,18,64,52
1747013884.089363,36,40,62
1747013884.1243634,38,-26,166
1747013884.1603634,49,-1,148
1747013884.1963634,50,-23,86
1747013884.2313633,-25,-31,100
1747013884.2673633,58,-27,136
1747013884.3023634,-37,-17,106
1747013884.3373632,-39,16,72
1747013884.372363,6,-59,186
1747013884.408363,13,8,-23
1747013884.4443634,-56,42,110
1747013884.4793634,-12,-23,86
1747013884.5153637,28,0,182
1747013884.5503633,6,23,78
1747013884.5853634,38,3,-33
1747013884.6213634,100,-20,154
1747013884.6563632,-61,-30,144
1747013884.6923633,-25,31,138
1747013884.727363,-35,-12,46
1747013884.7633634,78,-4,110
1747013884.7983634,10,-18,112
1747013884.8333633,-37,-36,168
1747013884.8693633,22,-46,60
1747013884.9043634,132,43,78
1747013884.9403634,-23,33,104
1747013884.9753633,46,-4,134
1747013885.0113633,60,23,70
1747013885.0463634,-23,-54,72
1747013885.0813634,80,31,44
1747013885.1173637,-60,21,26
1747013885.1523633,19,11,220
1747013885.1883633,-64,-8,36
1747013885.2233634,21,-20,201
1747013885.2593634,73,-8,62
1747013885.2943633,12,-6,48
1747013885.329363,-30,-34,67
1747013885.3653634,45,31,284
1747013885.4003634,61,5,112
1747013885.4363637,-14,-30,110
1747013885.4713633,-30,-2,-23
1747013885.507363,-6,27,6
1747013885.5423634,19,-34,66
1747013885.5773633,17,25,74
1747013885.6133633,75,-3,87
1747013885.6483634,-8,-41,95
1747013885.6843634,-10,-75,115
1747013885.7193637,19,72,81
1747013885.7553637,-18,-50,217
1747013885.7903633,43,-41,149
1747013885.8253634,25,53,35
1747013885.8613634,0,76,195
1747013885.8963633,-2,-69,79
1747013885.9323633,7,-43,91
1747013885.9673634,-42,-19,3
1747013886.0033634,12,33,89
1747013886.0383637,0,4,1
1747013886.0733633,31,-43,55
1747013886.1093633,-54,26,-74
1747013886.1443634,23,50,-8
1747013886.1803634,73,12,117
1747013886.2153633,0,34,-62
1747013886.2513633,-22,-58,67
1747013886.2873633,-58,-46,19
1747013886.3233633,49,-5,-1
1747013886.3593633,-30,34,4
1747013886.3943634,-38,9,148
1747013886.4293633,-20,-10,48
1747013886.4653633,-58,-36,6
1747013886.5013633,76,16,40
1747013886.5363634,6,-11,-7
1747013886.5723634,36,24,6
1747013886.6073637,67,-38,64
1747013886.6423633,49,-68,94
1747013886.6773634,-68,-8,66
1747013886.7133634,99,-41,28
1747013886.7493634,43,38,52
1747013886.7843633,-6,-9,16
1747013886.8203633,87,-21,-13
1747013886.8553634,11,50,106
1747013886.8903637,-30,58,92
1747013886.9253633,19,8,116
1747013886.9613633,-24,-3,159
1747013886.997363,88,-23,79
1747013887.0323634,-6,-7,197
1747013887.0683634,9,12,25
1747013887.1033633,53,-15,179
1747013887.1383634,79,-81,19
1747013887.1733634,53,-9,137
1747013887.2093637,17,-35,112
1747013887.2453637,-20,-95,-29
1747013887.280363,-55,-21,56
1747013887.316363,35,43,46
1747013887.3513634,38,-39,98
1747013887.3863633,-3,8,62
1747013887.4213634,-79,-9,142
1747013887.4573634,-71,34,56
1747013887.4933634,-11,30,-39
1747013887.5283637,74,-80,5
1747013887.5643632,24,23,121
1747013887.599363,10,35,93
1747013887.6343634,24,11,109
1747013887.6693633,88,-24,-23
1747013887.7053633,45,13,158
1747013887.7413633,-24,31,154
1747013887.7763634,11,1,150
1747013887.8123634,12,-6,24
1747013887.8473637,2,-50,46
1747013887.882363,-25,25,30
1747013887.9173634,87,14,36
1747013887.9603634,9,-40,96
1747013887.997363,52,-2,182
1747013888.0323634,-73,46,60
1747013888.0683634,18,-6,60
1747013888.1033633,88,53,-11
1747013888.1383634,-53,9,8
1747013888.1733634,-17,-24,-43
1747013888.2093637,16,29,-48
1747013888.2453637,36,77,114
1747013888.280363,48,-56,-18
1747013888.316363,88,-42,-1
1747013888.3513634,-3,0,71
1747013888.3863633,-17,-4,199
1747013888.4213634,-55,5,126
1747013888.4573634,-27,7,1
1747013888.4933634,26,-73,111
1747013888.5283637,-23,35,71
1747013888.5643632,26,-33,43
1747013888.599363,-49,80,42
1747013888.6343634,-83,72,-90
1747013888.6693633,114,38,11
1747013888.7053633,4,10,111
1747013888.7413633,16,12,163
1747013888.7763634,-71,5,111
1747013888.8123634,56,2,149
1747013888.8473637,-99,-31,71
1747013888.882363,-3,-4,1
1747013888.9173634,-83,34,212
1747013888.9533634,-75,78,26
1747013888.9893634,-24,31,104
1747013889.0243633,-32,21,-5
1747013889.0603633,26,30,56
1747013889.0953634,27,19,58
1747013889.1303637,-44,-18,-69
1747013889.1653633,-49,-61,50
1747013889.201363,36,10,96
1747013889.237363,-35,-7,84
1747013889.2723634,32,-9,36
1747013889.3083634,63,-38,150
1747013889.3433633,3,-34,-2
1747013889.3783634,-21,-15,146
1747013889.4133637,46,22,151
1747013889.4493637,36,86,68
1747013889.4853632,-11,-85,38
1747013889.520363,-107,48,60
1747013889.556363,-61,-3,20
1747013889.5913634,-111,-15,68
1747013889.6263633,70,0,82
1747013889.6623633,-15,-21,146
1747013889.6973634,-45,-13,138
1747013889.7333634,-99,-17,204
1747013889.7683637,2,-13,26
1747013889.8043633,14,40,-73
1747013889.839363,-9,20,90
1747013889.8743634,-75,-27,59
1747013889.9103634,14,-7,125
1747013889.9453633,57,50,-12
1747013889.9813633,15,6,39
1747013890.0163634,57,-31,171
1747013890.0523634,36,-31,65
1747013890.0873632,45,-5,57
1747013890.122363,26,-41,87
1747013890.158363,-28,-15,125
1747013890.1933634,27,-23,-55
1747013890.2293634,39,34,201
1747013890.2643633,9,18,38
1747013890.3003633,71,-31,70
1747013890.3353634,-28,0,26
1747013890.3703637,75,11,82
1747013890.4063632,25,-42,76
1747013890.441363,-14,45,-35
1747013890.477363,13,-60,102
1747013890.5123634,27,5,48
1747013890.5483634,63,-22,52
1747013890.5833633,25,15,20
1747013890.6183634,-36,29,-19
1747013890.6543634,-75,24,126
1747013890.6893632,-16,20,-17
1747013890.7253633,-18,72,100
1747013890.760363,25,33,-85
1747013890.7963634,9,5,76
1747013890.8313634,51,14,-31
1747013890.8663633,-1,-67,68
1747013890.9023633,-38,-28,108
1747013890.9373634,97,-44,138
1747013890.9733634,3,-10,178
1747013891.0083632,33,19,172
1747013891.0443633,-22,-8,30
1747013891.079363,25,9,98
1747013891.1143634,-30,-48,92
1747013891.1503634,-6,17,58
1747013891.1853633,0,15,86
1747013891.2213633,-27,11,82
1747013891.2563634,-35,-18,33
1747013891.2923634,-39,-6,34
1747013891.3283634,18,-21,8
1747013891.3643634,-31,9,126
1747013891.4003634,-41,-16,122
1747013891.4363637,-75,17,47
1747013891.4713633,60,-22,32
1747013891.5063634,44,89,112
1747013891.5423634,49,-67,66
1747013891.5773633,45,44,16
1747013891.6133633,50,6,124
1747013891.6483634,36,-51,60
1747013891.6833634,20,21,152
1747013891.7183633,8,-16,202
1747013891.7543633,59,56,52
1747013891.7903633,35,-51,42
1747013891.8253634,9,76,114
1747013891.8613634,13,26,10
1747013891.8963633,19,12,84
1747013891.931363,11,30,-38
1747013891.9663634,15,24,66
1747013892.0023634,111,24,38
1747013892.0383637,2,14,48
1747013892.0733633,0,-91,70
1747013892.1093633,7,16,70
1747013892.1443634,15,10,182
1747013892.1793633,22,-6,86
1747013892.214363,31,16,78
1747013892.250363,25,-23,198
1747013892.2863634,66,40,122
1747013892.3213634,-28,27,-14
1747013892.3573637,12,1,83
1747013892.3923633,-51,-40,125
1747013892.4273634,56,-10,85
1747013892.4623632,-61,36,105
1747013892.4983633,2,-59,179
1747013892.5343633,35,23,91
1747013892.5693634,23,31,113
1747013892.6053634,58,31,125
1747013892.6403637,-71,14,81
1747013892.6753633,-23,6,105
1747013892.7103634,-35,-1,109
1747013892.7463634,20,11,65
1747013892.7823634,32,-3,93
1747013892.8173633,28,3,135
1747013892.8533633,12,5,39
1747013892.8883634,-5,33,23
1747013892.9233634,-19,7,61
1747013892.9583633,-72,43,17
1747013892.9943633,-26,-40,127
1747013893.030363,-20,33,63
1747013893.0653634,35,-44,193
1747013893.1013634,26,-13,23
1747013893.1363633,57,51,85
1747013893.1713634,-22,-32,-76
1747013893.2063634,-24,-6,117
1747013893.2423637,11,45,75
1747013893.2783637,13,-32,78
1747013893.3133633,59,65,81
1747013893.349363,-44,-16,115
1747013893.3843634,23,17,-10
1747013893.4193633,26,49,53
1747013893.454363,92,35,95
1747013893.4903634,-66,1,-36
1747013893.5263634,21,-10,199
1747013893.5613637,73,17,180
1747013893.5973637,-16,39,130
1747013893.632363,-14,-38,66
1747013893.6673634,22,-28,86
1747013893.7023633,-41,-22,25
1747013893.7383633,-7,-78,108
1747013893.7743633,6,-46,96
1747013893.8093634,8,-44,142
1747013893.8453634,4,-32,-34
1747013893.8803637,-7,43,131
1747013893.9153633,-105,-60,29
1747013893.9503634,-3,23,61
1747013893.9863634,32,-38,39
1747013894.0223634,-27,19,166
1747013894.0573633,-60,-39,-19
1747013894.0933633,-26,-28,41
1747013894.1283634,133,-26,-10
1747013894.1633637,-52,17,195
1747013894.1983633,25,11,1
1747013894.2343633,-10,-72,35
1747013894.270363,45,-18,37
1747013894.3053634,-7,-7,177
1747013894.3413634,-13,30,39
1747013894.3763633,-1,22,27
1747013894.4113634,-68,-20,115
1747013894.4463634,-25,-19,73
1747013894.4823637,28,66,71
1747013894.5183637,-19,-3,117
1747013894.553363,-7,42,77
1747013894.589363,-61,68,65
1747013894.6243634,-1,-7,39
1747013894.6593633,6,-29,115
1747013894.6953633,19,0,251
1747013894.7303634,31,8,145
1747013894.7663634,3,-17,51
1747013894.8013637,-18,64,167
1747013894.8373632,35,22,35
1747013894.872363,36,3,57
1747013894.9073634,52,9,113
1747013894.9433634,-41,-12,137
1747013894.9783633,-31,63,93
1747013895.0143633,111,13,113
1747013895.0493634,57,-48,67
1747013895.0853634,25,-42,107
1747013895.1203637,-13,34,161
1747013895.155363,-73,-6,81
1747013895.191363,-1,-2,-6
1747013895.2263634,-19,3,69
1747013895.2623634,4,53,67
1747013895.2973633,-28,-53,75
1747013895.3333633,-88,-11,125
1747013895.3683634,-27,121,39
1747013895.4033637,-58,-58,-12
1747013895.4393632,-14,7,97
1747013895.474363,-19,-12,0
1747013895.510363,-21,-28,53
1747013895.5453634,48,67,159
1747013895.5813634,8,-82,163
1747013895.6163633,42,-10,-20
1747013895.6513634,38,35,-2
1747013895.6873634,88,35,129
1747013895.7223637,19,61,33
1747013895.7583632,10,-51,-72
1747013895.793363,-13,-61,119
1747013895.829363,0,15,-8
1747013895.8643634,-29,53,185
1747013895.8993633,-48,-14,129
1747013895.9353633,41,-62,57
1747013895.9713633,-91,-19,159
1747013896.007363,-75,24,111
1747013896.0423634,-19,-4,87
1747013896.0783634,26,53,149
1747013896.1133633,96,17,155
1747013896.1493633,-117,-36,95
1747013896.1843634,52,-20,73
1747013896.2193637,-85,-51,97
1747013896.2553637,-22,-11,-100
1747013896.2903633,-41,-12,21
1747013896.326363,20,3,71
1747013896.3613634,-37,-58,-44
1747013896.3973634,-53,11,67
1747013896.4333634,-15,17,169
1747013896.4693637,-2,-52,183
1747013896.5053637,-22,20,117
1747013896.5403633,0,0,239
1747013896.5753634,-27,-30,89
1747013896.6113634,-79,15,51
1747013896.6473634,-5,-6,67
1747013896.6823633,8,-32,0
1747013896.7183633,22,3,157
1747013896.7533634,-29,11,109
1747013896.7883637,20,-56,-28
1747013896.8233633,-5,-24,61
1747013896.8593633,-13,-6,85
1747013896.895363,13,-20,23
1747013896.9303634,-9,-12,53
1747013896.9663634,-29,23,19
1747013897.0013633,24,31,-18
1747013897.0363634,-3,-2,191
1747013897.0713634,-12,13,-38
1747013897.1073637,-55,-66,-24
1747013897.1433637,-35,-95,17
1747013897.178363,-31,0,83
1747013897.214363,4,53,41
1747013897.2493634,-46,-43,79
1747013897.2843633,45,14,-6
1747013897.3193634,41,28,145
1747013897.3553634,-34,-5,-26
1747013897.3913634,-62,6,65
1747013897.4263637,1,-7,189
1747013897.4623632,99,20,143
1747013897.497363,7,-65,25
1747013897.5323634,9,6,-4
1747013897.5673633,65,-3,109
1747013897.6033633,-46,6,145
1747013897.6393633,32,0,73
1747013897.6743634,-63,-9,71
1747013897.7103634,27,-44,-14
1747013897.7453637,-44,49,143
1747013897.780363,-56,-16,103
1747013897.8153634,-92,-16,125
1747013897.8513634,-17,20,155
1747013897.8873634,-32,5,33
1747013897.9223633,-56,75,131
1747013897.9653633,32,48,17
1747013898.0013633,43,-22,21
1747013898.0363634,-8,-70,143
1747013898.0713634,38,6,-16
1747013898.1073637,34,0,5
1747013898.1433637,-85,64,91
1747013898.178363,27,-112,115
1747013898.214363,27,-14,79
1747013898.2493634,13,1,47
1747013898.2843633,0,-26,61
1747013898.3193634,-3,43,-4
1747013898.3553634,31,19,51
1747013898.3913634,-57,50,-44
1747013898.4263637,72,-46,91
1747013898.4623632,16,-16,15
1747013898.497363,-15,-18,31
1747013898.5323634,-43,15,0
1747013898.5673633,-3,-60,213
1747013898.6033633,-39,-108,65
1747013898.6393633,42,-44,95
1747013898.6743634,-109,29,45
1747013898.7103634,-38,36,123
1747013898.7453637,12,0,161
1747013898.780363,-33,-76,62
1747013898.8153634,18,30,85
1747013898.8513634,22,-8,18
1747013898.8873634,-27,-44,114
1747013898.9223633,70,-10,150
1747013898.9583633,7,-68,162
1747013898.9933634,31,1,90
1747013899.0283637,-20,49,188
1747013899.0633633,-44,56,72
1747013899.099363,-20,-21,66
1747013899.135363,-62,-41,96
1747013899.1703634,53,6,56
1747013899.2063634,47,-55,56
1747013899.2413633,-84,18,37
1747013899.2763634,-70,-21,48
1747013899.3113637,-16,14,101
1747013899.3473637,78,-1,245
1747013899.3833632,-7,5,40
1747013899.418363,-8,-55,76
1747013899.454363,-56,50,16
1747013899.4893634,17,10,128
1747013899.5243633,109,2,74
1747013899.5593634,-56,-49,96
1747013899.5953634,-8,6,64
1747013899.6313634,31,-51,62
1747013899.6663637,17,-82,52
1747013899.7023633,4,17,50
1747013899.737363,17,2,164
1747013899.7723634,31,-50,118
1747013899.8083634,59,-75,178
1747013899.8433633,-31,-18,-49
1747013899.8793633,84,37,56
1747013899.9143634,-29,37,90
1747013899.9503634,118,-8,10
1747013899.9853632,2,-42,150
1747013900.020363,79,46,-23
1747013900.056363,29,14,78
1747013900.0913634,9,-27,104
1747013900.1273634,-17,-16,48
1747013900.1623633,-40,-21,48
1747013900.1983633,71,-88,48
1747013900.2333634,65,89,120
1747013900.2683637,-38,-59,18
1747013900.3043633,21,32,76
1747013900.339363,35,19,62
1747013900.375363,65,-24,300
1747013900.4103634,-26,-30,26
1747013900.4463634,-26,-14,-51
1747013900.4813633,-31,41,42
1747013900.5163634,-16,-25,56
1747013900.5523634,-38,4,150
1747013900.5873632,59,-63,174
1747013900.6233633,-42,14,-7
1747013900.658363,61,-109,76
1747013900.6943634,15,-41,14
1747013900.7293634,-72,-29,46
1747013900.7643633,21,-109,112
1747013900.8003633,105,20,130
1747013900.8353634,31,-41,118
1747013900.8713634,50,29,2
1747013900.9063632,16,-20,-133
1747013900.9423633,-7,-18,-33
1747013900.977363,51,-89,88
1747013901.0123634,8,-12,160
1747013901.0483634,-88,9,74
1747013901.0833633,-100,49,82
1747013901.1193633,-8,11,68
1747013901.1543634,3,11,36
1747013901.1903634,-10,-68,-27
1747013901.2253633,-38,5,-3
1747013901.260363,-86,-12,146
1747013901.2963634,49,-6,100
1747013901.3313634,7,-8,-27
1747013901.3673637,19,-62,-43
1747013901.4023633,104,37,42
1747013901.4383633,5,17,-7
1747013901.4733634,-27,-30,32
1747013901.5083632,-16,-33,168
1747013901.5443633,33,30,58
1747013901.579363,0,49,192
1747013901.6153634,93,-15,10
1747013901.6503634,-46,-34,136
1747013901.6853633,45,-4,80
1747013901.7203634,27,-36,94
1747013901.7563634,-11,30,98
1747013901.7923634,-13,-44,-5
1747013901.8273633,-51,-1,128
1747013901.8633633,14,10,122
1747013901.8983634,-11,16,104
1747013901.9333634,-29,-39,-41
1747013901.9683633,34,-25,-71
1747013902.0043633,-1,49,70
1747013902.0403633,18,-7,34
1747013902.0753634,-31,-14,140
1747013902.1113634,-67,27,82
1747013902.1463633,-41,57,156
1747013902.181363,60,35,108
1747013902.2163634,-29,47,72
1747013902.2523634,26,-23,-27
1747013902.2883637,-15,-14,84
1747013902.3233633,46,-79,95
1747013902.3593633,0,18,21
1747013902.3943634,24,16,-86
1747013902.4293633,-9,-17,109
1747013902.464363,-35,-24,93
1747013902.500363,10,-42,25
1747013902.5363634,54,-26,105
1747013902.5713634,40,-60,-2
1747013902.6073637,-51,5,121
1747013902.6423633,13,-13,97
1747013902.6773634,-88,-11,167
1747013902.7123632,25,13,131
1747013902.7483633,-22,-39,145
1747013902.7843633,27,-1,-56
1747013902.8193634,29,-33,191
1747013902.8553634,13,22,95
1747013902.8903637,-4,3,179
1747013902.9253633,-20,-8,-26
1747013902.9603634,-98,16,-48
1747013902.9963634,0,-58,73
1747013903.0323634,13,-34,71
1747013903.0673633,-22,13,9
1747013903.1033633,-68,1,139
1747013903.1383634,-12,5,47
1747013903.1733634,-2,19,92
1747013903.2083633,-66,6,-43
1747013903.2443633,53,13,-15
1747013903.280363,-38,19,216
1747013903.3153634,11,-8,14
1747013903.3513634,-74,-10,116
1747013903.3863633,77,0,-33
1747013903.4213634,9,46,97
1747013903.4563634,-6,18,137
1747013903.4923637,-106,42,111
1747013903.5283637,-32,24,143
1747013903.5633633,-38,12,-8
1747013903.599363,5,50,-13
1747013903.6343634,5,-1,84
1747013903.6693633,38,-9,33
1747013903.704363,27,-1,64
1747013903.7403634,-76,40,133
1747013903.7763634,84,14,35
1747013903.8113637,26,8,153
1747013903.8473637,19,47,-44
1747013903.882363,-13,70,72
1747013903.9173634,-45,-7,78
1747013903.9523633,33,-12,144
1747013903.9883633,15,-16,10
1747013904.0243633,52,-47,28
1747013904.0593634,36,44,50
1747013904.0953634,-72,21,42
1747013904.1303637,-65,19,116
1747013904.1653633,-53,17,5
1747013904.2003634,-34,31,-22
1747013904.2363634,23,-34,83
1747013904.2723634,15,-66,139
1747013904.3073633,31,93,57
1747013904.3433633,41,-24,77
1747013904.3783634,61,53,57
1747013904.4133637,17,-16,-14
1747013904.4483633,81,-46,85
1747013904.4843633,65,33,39
1747013904.520363,115,27,47
1747013904.5553634,63,47,45
1747013904.5913634,89,-44,69
1747013904.6263633,7,-14,53
1747013904.6613634,-23,2,39
1747013904.6963634,-107,38,130
1747013904.7323637,-18,-84,49
1747013904.7683637,-27,44,-56
1747013904.803363,28,-21,156
1747013904.839363,-37,-35,41
1747013904.8743634,0,-45,121
1747013904.9093633,-4,-38,127
1747013904.9453633,16,-19,-34
1747013904.9803634,-75,16,139
1747013905.0163634,-4,-16,107
1747013905.0513637,-14,44,37
1747013905.0873632,19,-62,55
1747013905.122363,-112,62,7
1747013905.1573634,-33,17,43
1747013905.1933634,-64,52,57
1747013905.2283633,99,14,34
1747013905.2643633,1,32,58
1747013905.2993634,17,70,2
1747013905.3353634,-75,45,88
1747013905.3703637,5,-21,36
1747013905.405363,33,13,212
1747013905.441363,23,0,-3
1747013905.4763634,21,-82,52
1747013905.5123634,-12,11,92
1747013905.5473633,-21,-39,56
1747013905.5833633,-59,130,83
1747013905.6183634,-53,-41,5
1747013905.6533637,-105,28,-44
1747013905.6893632,-42,-16,-36
1747013905.724363,63,-58,91
1747013905.760363,-50,62,-16
1747013905.7953634,-52,-2,-4
1747013905.8313634,-14,-65,39
1747013905.8663633,-32,-12,159
1747013905.9013634,1,7,-20
1747013905.9373634,45,7,28
1747013905.9723637,-50,-4,136
1747013906.0083632,-56,-49,148
1747013906.043363,3,-70,144
1747013906.079363,18,77,22
1747013906.1143634,10,27,86
1747013906.1493633,-19,0,80
1747013906.1853633,-7,6,176
1747013906.2203634,-1,-37,52
1747013906.2563634,12,47,26
1747013906.2913637,6,-19,62
1747013906.3273633,12,12,52
1747013906.362363,-35,63,26
1747013906.3973634,-11,-10,95
1747013906.4333634,-7,-6,120
1747013906.4683633,-3,22,18
1747013906.5043633,-15,-20,157
1747013906.5393634,-57,21,57
1747013906.5753634,27,1,15
1747013906.6113634,53,1,139
1747013906.6473634,-2,1,49
1747013906.6833634,-14,-32,127
1747013906.7183633,5,93,25
1747013906.7533634,-24,-4,45
1747013906.7893634,47,-1,19
1747013906.8253634,-42,6,119
1747013906.8603632,45,-67,32
1747013906.8963633,45,-47,21
1747013906.931363,5,-27,85
1747013906.9663634,-42,-85,157
1747013907.0013633,-34,-49,53
1747013907.0373633,23,20,239
1747013907.0733633,-24,27,-50
1747013907.1083634,21,-64,171
1747013907.1443634,-38,-40,81
1747013907.1793633,57,27,91
1747013907.214363,-22,-40,55
1747013907.2493634,39,33,75
1747013907.2853634,75,-29,153
1747013907.3213634,41,-22,43
1747013907.3563633,59,37,21
1747013907.3923633,-32,-8,-16
1747013907.4273634,19,-88,147
1747013907.4623632,21,6,97
1747013907.497363,17,48,39
1747013907.533363,83,8,81
1747013907.5693634,-12,76,33
1747013907.6043634,0,33,53
1747013907.6403637,-21,-66,13
1747013907.6753633,10,1,7
1747013907.7103634,-157,47,-8
1747013907.7453637,23,-15,67
1747013907.7813632,-38,23,-8
1747013907.8173633,80,-10,85
1747013907.852363,72,0,77
1747013907.8883634,76,25,107
1747013907.9233634,0,-22,103
1747013907.9653633,12,51,69
1747013908.0013633,-8,-23,37
1747013908.0373633,4,4,23
1747013908.0733633,-51,49,0
1747013908.1083634,26,-50,57
1747013908.1443634,-48,20,81
1747013908.1793633,28,-58,55
1747013908.214363,68,-3,-8
1747013908.2493634,27,-22,21
1747013908.2853634,-100,53,141
1747013908.3213634,39,-60,157
1747013908.3563633,-53,30,215
1747013908.3923633,0,-60,7
1747013908.4273634,21,78,127
1747013908.4623632,71,-31,45
1747013908.497363,-38,103,25
1747013908.533363,53,-6,33
1747013908.5693634,28,-14,129
1747013908.6043634,-26,-19,29
1747013908.6403637,27,-29,79
1747013908.6753633,-38,6,85
1747013908.7103634,-46,-11,123
1747013908.7453637,0,-52,87
1747013908.7813632,19,-25,37
1747013908.8173633,-32,7,183
1747013908.852363,-54,6,111
1747013908.8883634,0,-61,29
1747013908.9233634,-44,65,101
1747013908.9583633,38,-16,-22
1747013908.9933634,70,-10,63
1747013909.0293634,37,31,109
1747013909.0653634,26,-40,15
1747013909.1003633,-27,31,91
1747013909.1363633,-31,-8,141
1747013909.1713634,57,-19,71
1747013909.2063634,-18,-30,95
1747013909.2413633,103,31,27
1747013909.2773633,-58,27,71
1747013909.3133633,45,-2,67
1747013909.3483634,9,-20,93
1747013909.3843634,65,-90,-10
1747013909.4193633,41,17,69
1747013909.454363,-38,17,109
1747013909.4893634,68,-24,1
1747013909.5253634,18,5,191
1747013909.5613637,5,9,109
1747013909.5963633,21,-48,187
1747013909.632363,35,75,105
1747013909.6673634,-82,-76,63
1747013909.7023633,4,5,131
1747013909.737363,38,57,161
1747013909.7733634,-1,-62,95
1747013909.8093634,-22,77,-34
1747013909.8443637,47,-12,93
1747013909.8803637,-28,55,83
1747013909.9153633,34,-31,131
1747013909.9503634,29,-48,11
1747013909.9863634,-33,66,177
1747013910.0213633,15,27,-4
1747013910.0573633,35,15,71
1747013910.0923634,103,45,13
1747013910.1283634,-44,19,75
1747013910.1633637,-20,61,-52
1747013910.1983633,-16,45,-8
1747013910.2343633,-14,9,173
1747013910.2693634,91,21,37
1747013910.3053634,7,-48,47
1747013910.3403633,31,51,-40
1747013910.3763633,-20,-12,39
1747013910.4113634,-42,7,69
1747013910.4463634,21,-56,125
1747013910.4823637,20,-18,91
1747013910.5173633,22,7,59
1747013910.553363,30,-100,77
1747013910.5883634,-59,45,127
1747013910.6243634,24,25,141
1747013910.6593633,16,9,67
1747013910.6943634,40,-65,53
1747013910.7303634,94,17,31
1747013910.7653637,68,7,25
1747013910.8013637,62,-10,-28
1747013910.8363633,120,-12,-40
1747013910.872363,-59,118,29
1747013910.9073634,-89,8,21
1747013910.9423633,15,-2,155
1747013910.9783633,-65,54,-4
1747013911.0133634,1,9,45
1747013911.0493634,31,-14,71
1747013911.0843637,5,-76,-26
1747013911.1203637,-18,-40,75
1747013911.155363,122,70,-48
1747013911.1903634,52,-11,45
1747013911.2263634,-92,-1,47
1747013911.2613633,-9,-61,7
1747013911.2973633,8,-93,-6
1747013911.3323634,-33,-27,43
1747013911.3683634,-41,-29,113
1747013911.4033637,26,-31,39
1747013911.4383633,-1,30,141
1747013911.474363,12,-3,15
1747013911.5093634,5,-94,-24
1747013911.5453634,-32,-42,-50
1747013911.5803633,7,83,-32
1747013911.6163633,27,-72,53
1747013911.6513634,-6,39,115
1747013911.6863637,-41,16,-24
1747013911.7223637,62,-7,125
1747013911.757363,-2,39,45
1747013911.793363,-7,56,11
1747013911.8283634,11,33,63
1747013911.8633633,14,-36,135
1747013911.8983634,-37,-43,-60
1747013911.9343634,-46,-8,82
1747013911.9703634,29,29,134
1747013912.0053637,-88,1,78
1747013912.0413637,71,21,160
1747013912.076363,-74,9,42
1747013912.1113634,1,79,8
1747013912.1463633,-6,-23,-11
1747013912.1823633,-10,2,36
1747013912.2183633,-50,-76,18
1747013912.2533634,39,20,58
1747013912.2893634,0,9,140
1747013912.3243637,-36,5,124
1747013912.3593633,37,-40,48
1747013912.3943634,85,18,-19
1747013912.4303634,-60,-8,20
1747013912.4663634,-69,-9,94
1747013912.5013633,64,-1,72
1747013912.5373633,8,-37,146
1747013912.5723634,0,0,150
1747013912.6073637,-57,5,132
1747013912.6423633,10,-28,98
1747013912.678363,30,-34,74
1747013912.714363,61,-87,66
1747013912.7493634,-44,-37,106
1747013912.7853634,-62,16,60
1747013912.8203633,-66,2,196
1747013912.8553634,42,-1,154
1747013912.8903637,-38,-51,-63
1747013912.9263637,7,-35,108
1747013912.9623632,61,0,98
1747013912.997363,-104,7,136
1747013913.033363,48,10,72
1747013913.0683634,-16,103,110
1747013913.1033633,29,-10,186
1747013913.1383634,-38,49,16
1747013913.1743634,-24,3,150
1747013913.2103634,71,0,178
1747013913.2453637,-74,-9,100
1747013913.2813632,47,-41,152
1747013913.316363,-81,-81,118
1747013913.3513634,-16,18,26
1747013913.3863633,23,-50,50
1747013913.4223633,49,-4,-27
1747013913.4583633,0,-24,174
1747013913.4933634,20,7,-21
1747013913.5293634,39,-40,66
1747013913.5643632,-66,-50,218
1747013913.599363,-14,69,16
1747013913.6343634,16,55,160
1747013913.6703634,72,49,186
1747013913.7063634,-21,47,148
1747013913.7413633,34,65,110
1747013913.7773633,-89,33,102
1747013913.8123634,4,39,70
1747013913.8473637,44,63,122
1747013913.882363,21,7,50
1747013913.918363,-52,9,220
1747013913.954363,-8,-6,-53
1747013913.9893634,53,77,0
1747013914.0253634,-40,-42,106
1747013914.0603633,-35,83,202
1747013914.0953634,-1,51,120
1747013914.1303637,38,11,-17
1747013914.1663637,38,-5,74
1747013914.2023633,10,12,-5
1747013914.237363,32,-13,132
1747013914.2733634,-5,-23,58
1747013914.3083634,16,12,146
1747013914.3433633,-76,-34,60
1747013914.3783634,100,30,120
1747013914.4143634,-76,-42,194
1747013914.4503634,23,-20,86
1747013914.4853632,-34,-44,16
1747013914.5213633,7,-2,24
1747013914.556363,-14,0,-1
1747013914.5913634,-16,28,88
1747013914.6263633,-30,-23,80
1747013914.6623633,-38,94,0
1747013914.6983633,29,-51,54
1747013914.7333634,54,35,96
1747013914.7693634,-3,42,144
1747013914.8043633,34,-37,92
1747013914.839363,8,-25,74
1747013914.8743634,34,2,140
1747013914.9103634,-1,36,76
1747013914.9463634,-3,-33,74
1747013914.9813633,68,-12,38
1747013915.0173633,36,51,34
1747013915.0523634,0,-5,52
1747013915.0873632,6,-27,48
1747013915.1233633,2,28,42
1747013915.158363,98,-43,-89
1747013915.1943634,-31,-29,136
1747013915.2293634,-20,19,10
1747013915.2653637,-66,19,58
1747013915.3003633,100,-15,58
1747013915.3353634,-59,34,150
1747013915.3713634,38,32,158
1747013915.4063632,61,5,-5
1747013915.4423633,-24,-42,108
1747013915.477363,13,-22,84
1747013915.5133634,-30,27,28
1747013915.5483634,38,0,4
1747013915.5833633,37,5,202
1747013915.6193633,-20,0,66
1747013915.6543634,73,51,26
1747013915.6903634,-48,35,116
1747013915.7253633,47,-74,152
1747013915.7613633,49,-5,118
1747013915.7963634,-48,-14,98
1747013915.8313634,-22,-40,58
1747013915.8673637,41,45,126
1747013915.9023633,-20,-36,164
1747013915.9383633,13,0,-1
1747013915.9733634,49,35,106
1747013916.0093634,31,-26,70
1747013916.0443633,13,11,36
1747013916.079363,49,1,60
1747013916.1153634,-30,-14,40
1747013916.1503634,57,41,24
1747013916.1863637,-28,-12,88
1747013916.2213633,-42,53,72
1747013916.257363,13,15,-15
1747013916.2923634,-37,21,78
1747013916.3273633,25,-13,-5
1747013916.3633633,-90,34,-85
1747013916.3983634,-20,-15,20
1747013916.4343634,-50,11,10
1747013916.4693637,-78,-13,-77
1747013916.5053637,-64,0,20
1747013916.5403633,3,54,22
1747013916.5753634,41,98,2
1747013916.6113634,41,-51,71
1747013916.6463633,-44,70,29
1747013916.6823633,-34,-61,54
1747013916.7173634,19,-46,79
1747013916.7533634,-15,16,122
1747013916.7893634,-1,44,-45
1747013916.8243637,-3,-31,134
1747013916.8593633,-35,-87,82
1747013916.895363,22,-33,-45
1747013916.931363,-39,-9,84
1747013916.9663634,-19,-101,90
1747013917.0023634,-6,7,70
1747013917.0373633,57,-54,-19
1747013917.0723634,11,-9,-25
1747013917.1073637,-2,-18,-1
1747013917.1433637,69,-34,140
1747013917.1793633,-28,23,-75
1747013917.214363,65,-14,6
1747013917.250363,-4,-20,72
1747013917.2853634,3,0,-27
1747013917.3203633,3,43,10
1747013917.3553634,0,17,92
1747013917.3913634,36,25,29
1747013917.4273634,-56,41,17
1747013917.4623632,-52,-36,103
1747013917.4983633,-54,-22,3
1747013917.533363,51,5,100
1747013917.5683634,-136,7,82
1747013917.6033633,-29,-48,122
1747013917.6393633,10,7,139
1747013917.6753633,-19,51,147
1747013917.7103634,56,71,171
1747013917.7463634,-84,38,53
1747013917.7813632,82,31,119
1747013917.816363,-52,-37,134
1747013917.8513634,-64,18,104
1747013917.8873634,9,-1,0
1747013917.9233634,-53,0,-1
1747013917.9583633,-16,-45,90
1747013918.0013633,14,1,26
1747013918.0373633,48,-14,90
1747013918.0723634,-1,77,44
1747013918.1073637,42,-14,84
1747013918.1433637,-71,-96,72
1747013918.1793633,-69,-76,74
1747013918.214363,68,-8,172
1747013918.250363,-21,-22,-12
1747013918.2853634,82,2,3
1747013918.3203633,4,-2,33
1747013918.3553634,18,77,67
1747013918.3913634,2,-50,197
1747013918.4273634,-35,15,95
1747013918.4623632,4,1,39
1747013918.4983633,-74,13,207
1747013918.533363,-36,-54,129
1747013918.5683634,60,-70,41
1747013918.6033633,-37,-6,-14
1747013918.6393633,26,-9,51
1747013918.6753633,-35,-2,46
1747013918.7103634,18,33,17
1747013918.7463634,38,-58,153
1747013918.7813632,50,1,61
1747013918.816363,64,-16,-61
1747013918.8513634,-15,-8,88
1747013918.8873634,-59,-19,-39
1747013918.9233634,-53,-27,80
1747013918.9583633,-23,-33,4
1747013918.9943633,52,9,148
1747013919.0293634,40,-12,78
1747013919.0643632,4,28,146
1747013919.099363,37,-14,-99
1747013919.135363,-34,25,66
1747013919.1713634,7,-46,73
1747013919.2063634,7,-43,13
1747013919.2423637,59,29,-24
1747013919.2773633,-11,-49,23
1747013919.3123634,33,33,79
1747013919.3473637,-24,-32,119
1747013919.3833632,47,34,137
1747013919.4193633,-8,-23,77
1747013919.454363,67,26,155
1747013919.4903634,61,39,27
1747013919.5253634,9,-72,35
1747013919.5603633,-9,-17,-8
1747013919.5953634,-22,-95,-160
1747013919.6313634,-64,-42,29
1747013919.6673634,-20,45,94
1747013919.7023633,-28,7,172
1747013919.7383633,31,7,97
1747013919.7733634,-60,-14,175
1747013919.8083634,15,33,89
1747013919.8433633,22,-2,97
1747013919.8793633,7,24,-12
1747013919.9153633,35,-61,41
1747013919.9503634,-10,8,171
1747013919.9863634,67,6,-30
1747013920.0213633,-49,-12,147
1747013920.056363,10,-16,63
1747013920.0923634,38,115,97
1747013920.1273634,8,43,-50
1747013920.1633637,-49,-40,97
1747013920.1983633,-27,81,5
1747013920.2343633,44,-24,79
1747013920.2693634,-18,72,5
1747013920.3043633,-24,57,59
1747013920.3403633,23,52,91
1747013920.375363,33,-83,79
1747013920.4113634,-30,20,121
1747013920.4463634,-38,-41,59
1747013920.4823637,-14,-99,101
1747013920.5173633,39,-5,3
1747013920.5523634,-34,26,87
1747013920.5883634,-88,38,27
1747013920.6233633,-2,28,179
1747013920.6593633,-39,19,117
1747013920.6943634,0,0,7
1747013920.7303634,45,49,-48
1747013920.7653637,-35,71,77
1747013920.8003633,-70,45,55
1747013920.8363633,-96,19,7
1747013920.8713634,-50,-22,53
1747013920.9073634,0,-32,31
1747013920.9423633,25,0,121
1747013920.9783633,29,13,57
1747013921.0133634,-90,15,153
1747013921.0483634,-48,-8,179
1747013921.0843637,-38,-18,1
1747013921.1193633,71,-8,37
1747013921.155363,33,-8,75
1747013921.1903634,-4,47,-52
1747013921.2263634,20,-23,143
1747013921.2613633,-9,-25,171
1747013921.2963634,19,53,-26
1747013921.3323634,-11,9,145
1747013921.3673637,40,-120,51
1747013921.4033637,22,31,113
1747013921.4383633,29,-21,87
1747013921.474363,-16,72,147
1747013921.5093634,89,8,41
1747013921.5443633,-16,-12,-38
1747013921.5803633,5,9,-38
1747013921.6153634,-4,-2,121
1747013921.6513634,-22,8,37
1747013921.6863637,-78,21,55
1747013921.7223637,25,-6,27
1747013921.757363,-1,30,95
1747013921.7923634,78,-43,97
1747013921.8283634,-13,14,137
1747013921.8633633,-25,-19,49
1747013921.8993633,44,-7,45
1747013921.9343634,36,64,43
1747013921.9693637,-25,8,145
1747013922.0043633,24,-29,-66
1747013922.0403633,-49,42,107
1747013922.076363,62,-29,53
1747013922.1113634,22,-59,57
1747013922.1473634,-21,-21,19
1747013922.1823633,86,-9,37
1747013922.2173634,118,32,111
1747013922.2523634,40,22,13
1747013922.2883637,-37,7,89
1747013922.3243637,40,9,165
1747013922.3593633,20,-4,121
1747013922.395363,14,-15,85
1747013922.4303634,-13,10,51
1747013922.4653633,2,-18,-20
1747013922.500363,-73,-11,55
1747013922.5363634,-1,-44,-4
1747013922.5723634,14,45,75
1747013922.6073637,26,0,95
1747013922.6433637,23,12,1
1747013922.678363,-22,-21,47
1747013922.7133634,26,99,83
1747013922.7483633,-9,53,135
1747013922.7843633,-38,4,0
1747013922.8203633,-32,-13,103
1747013922.8553634,-16,8,87
1747013922.8913634,19,68,121
1747013922.9263637,58,36,121
1747013922.9613633,-32,-9,41
1747013922.9963634,-64,54,39
1747013923.0323634,-68,-61,183
1747013923.0683634,16,-11,73
1747013923.1033633,67,58,69
1747013923.1393633,-44,49,65
1747013923.1743634,7,-12,113
1747013923.2093637,-12,-72,151
1747013923.2443633,-20,19,243
1747013923.280363,15,45,49
1747013923.316363,-12,7,65
1747013923.3513634,43,-30,109
1747013923.3873634,-136,33,85
1747013923.4223633,-14,-48,103
1747013923.4573634,19,-59,61
1747013923.4923637,-38,32,127
1747013923.5283637,-42,42,117
1747013923.5643632,-50,33,9
1747013923.599363,42,14,63
1747013923.635363,-14,45,145
1747013923.6703634,42,15,43
1747013923.7053633,8,11,275
1747013923.7403634,4,-4,125
1747013923.7763634,6,-46,105
1747013923.8123634,2,27,-50
1747013923.8473637,13,-83,95
1747013923.8833632,-6,-27,-16
1747013923.918363,11,30,-22
1747013923.9533634,8,-52,49
1747013923.9883633,38,-16,17
1747013924.0243633,12,15,97
1747013924.0603633,8,33,17
1747013924.0953634,-15,7,85
1747013924.1313634,28,-25,173
1747013924.1663637,18,24,87
1747013924.201363,38,-12,143
1747013924.2363634,-83,-56,149
1747013924.2723634,78,-4,-2
1747013924.3083634,32,1,171
1747013924.3433633,19,11,-22
1747013924.3793633,-12,4,133
1747013924.4143634,0,79,35
1747013924.4493637,12,-16,-118
1747013924.4843633,99,-53,39
1747013924.520363,40,-74,93
1747013924.556363,4,-10,-10
1747013924.5913634,-30,53,163
1747013924.6273634,-34,-78,71
1747013924.6623633,-71,56,221
1747013924.6973634,34,-53,91
1747013924.7323637,-2,-18,125
1747013924.7683637,49,-28,-24
1747013924.8043633,47,-20,125
1747013924.839363,23,65,181
1747013924.875363,-18,-10,109
1747013924.9103634,65,51,169
1747013924.9453633,-30,1,59
1747013924.9803634,5,15,29
1747013925.0163634,-14,-60,229
1747013925.0523634,5,-30,-34
1747013925.0873632,-56,-10,65
1747013925.1233633,-1,-14,83
1747013925.158363,54,69,61
1747013925.1933634,86,0,77
1747013925.2293634,-14,-21,63
1747013925.2643633,11,8,59
1747013925.3003633,46,-64,5
1747013925.3353634,22,67,73
1747013925.3713634,-4,-5,81
1747013925.4063632,49,2,63
1747013925.441363,73,5,17
1747013925.477363,3,30,49
1747013925.5123634,37,-59,165
1747013925.5483634,-30,38,195
1747013925.5833633,-74,60,121
1747013925.6193633,3,84,83
1747013925.6543634,9,-45,39
1747013925.6893632,17,-1,7
1747013925.7253633,-39,-1,65
1747013925.760363,-65,-27,97
1747013925.7963634,54,34,105
1747013925.8313634,-67,-3,15
1747013925.8673637,-33,2,79
1747013925.9023633,-5,-25,147
1747013925.9373634,33,32,-44
1747013925.9733634,-31,-31,-84
1747013926.0083632,12,18,109
1747013926.0443633,-19,-45,117
1747013926.079363,10,20,85
1747013926.1153634,-8,12,65
1747013926.1503634,72,-28,87
1747013926.1853633,37,-21,83
1747013926.2213633,-65,-58,181
1747013926.2563634,-33,-6,33
1747013926.2923634,-49,45,75
1747013926.3273633,-79,-76,83
1747013926.3633633,-15,9,-22
1747013926.3983634,-5,59,89
1747013926.4333634,6,37,83
1747013926.4693637,-104,13,15
1747013926.5043633,-48,0,31
1747013926.5403633,1,9,47
1747013926.5753634,6,-47,-14
1747013926.6113634,29,-64,17
1747013926.6463633,73,-30,71
1747013926.681363,11,-3,217
1747013926.7173634,-47,-60,-36
1747013926.7523634,-47,-10,-74
1747013926.7883637,39,37,35
1747013926.8233633,41,59,105
1747013926.8583634,-46,7,133
1747013926.8933637,13,45,59
1747013926.9293633,-46,10,45
1747013926.9653633,-28,74,9
1747013927.000363,25,4,-76
1747013927.0363634,-98,2,106
1747013927.0713634,-39,-26,12
1747013927.1063633,112,25,82
1747013927.1413634,-77,47,184
1747013927.1773634,-59,-20,102
1747013927.2133634,33,-32,82
1747013927.2483633,15,7,96
1747013927.2843633,37,-12,-21
1747013927.3193634,64,-18,84
1747013927.3543634,98,25,74
1747013927.3893633,-45,5,18
1747013927.4253633,87,16,-31
1747013927.4613633,47,-64,84
1747013927.4963634,-66,-43,62
1747013927.5323634,23,-9,134
1747013927.5673633,-13,-30,76
1747013927.602363,-23,-12,14
1747013927.6373634,84,60,34
1747013927.6733634,-73,56,-7
1747013927.7093637,-7,-25,-51
1747013927.7443633,-13,-43,54
1747013927.780363,86,-11,8
1747013927.8153634,-33,124,130
1747013927.8503633,6,42,96
1747013927.885363,-37,-23,100
1747013927.9213634,14,-61,178
1747013927.9573634,-21,69,112
1747013927.9923637,-29,-38,52
1747013928.0353634,40,7,20
1747013928.0713634,-41,5,164
1747013928.1063633,76,-16,42
1747013928.1413634,60,31,98
1747013928.1773634,18,4,106
1747013928.2133634,64,-73,58
1747013928.2483633,12,-17,86
1747013928.2843633,97,-31,12
1747013928.3193634,-60,-109,138
1747013928.3543634,-72,-53,160
1747013928.3893633,53,-43,-5
1747013928.4253633,-86,60,126
1747013928.4613633,-4,-13,104
1747013928.4963634,-56,0,28
1747013928.5323634,-19,2,62
1747013928.5673633,84,18,-7
1747013928.602363,62,4,78
1747013928.6373634,-57,-1,6
1747013928.6733634,-45,44,-39
1747013928.7093637,-42,-12,114
1747013928.7443633,46,-33,90
1747013928.780363,-41,0,84
1747013928.8153634,-13,74,84
1747013928.8503633,-60,-24,110
1747013928.885363,-38,37,80
1747013928.9213634,21,-7,14
1747013928.9573634,15,0,98
1747013928.9923637,-46,-41,-31
1747013929.0283637,-21,30,6
1747013929.0633633,64,30,128
1747013929.0983634,14,-19,72
1747013929.1333632,-41,-41,110
1747013929.1693633,-25,62,66
1747013929.2053633,59,4,64
1747013929.2403634,-19,26,-47
1747013929.2763634,-25,-11,40
1747013929.3113637,-87,60,-23
1747013929.3463633,42,-81,224
1747013929.3813634,12,2,60
1747013929.4173634,-37,-55,176
1747013929.4533634,-31,-23,106
1747013929.4883633,-5,-40,118
1747013929.5243633,-13,-10,206
1747013929.5593634,18,19,82
1747013929.5943637,-86,-25,138
1747013929.6293633,-20,18,118
1747013929.6653633,0,-3,4
1747013929.701363,-29,-41,18
1747013929.7363634,12,-17,86
1747013929.7723634,-10,36,166
1747013929.8073633,-18,-37,66
1747013929.8423634,-86,-53,92
1747013929.8773634,34,-10,100
1747013929.9133637,-8,14,26
1747013929.9493637,-29,-11,52
1747013929.9843633,-38,-25,110
1747013930.020363,-12,-21,-121
1747013930.0553634,13,50,-11
1747013930.0903633,-6,0,6
1747013930.125363,11,-71,114
1747013930.1613634,-14,3,46
1747013930.1973634,13,33,28
1747013930.2323637,19,15,-15
1747013930.2683637,-12,3,106
1747013930.303363,13,47,-1
1747013930.3383634,-96,-8,104
1747013930.3743634,-30,-4,74
1747013930.4093633,41,9,4
1747013930.4453633,31,-10,54
1747013930.4803634,-54,1,-10
1747013930.5163634,-4,55,-10
1747013930.5513637,13,65,107
1747013930.5863633,-98,-88,-13
1747013930.622363,41,7,58
1747013930.6573634,-6,-62,-23
1747013930.6933634,-6,7,72
1747013930.7283633,31,-38,76
1747013930.7643633,-34,15,30
1747013930.7993634,-58,17,120
1747013930.8343637,27,-50,16
1747013930.8703637,-75,11,112
1747013930.905363,-49,-24,122
1747013930.941363,-33,14,116
1747013930.9763634,-33,-21,42
1747013931.0123634,8,-2,140
1747013931.0473633,-41,-19,50
1747013931.0823634,-39,-5,4
1747013931.1183634,44,14,30
1747013931.1533637,70,-11,108
1747013931.1893632,88,38,8
1747013931.224363,40,-8,72
1747013931.260363,-5,15,50
1747013931.2953634,-109,96,109
1747013931.3303633,120,3,13
1747013931.3663633,-14,-29,172
1747013931.4013634,-51,7,80
1747013931.4373634,42,11,-11
1747013931.4723637,-35,5,-62
1747013931.5083632,-32,48,39
1747013931.543363,-32,48,21
1747013931.5783634,-37,-11,29
1747013931.6143634,-63,9,35
1747013931.6493633,24,1,35
1747013931.6853633,-51,14,66
1747013931.7203634,-5,-5,40
1747013931.7563634,23,-18,44
1747013931.7913637,25,47,56
1747013931.826363,-22,61,212
1747013931.862363,-18,1,139
1747013931.8973634,-10,1,183
1747013931.9333634,107,9,80
1747013931.9683633,-21,24,264
1747013932.0043633,46,38,159
1747013932.0403633,12,0,45
1747013932.076363,-69,15,95
1747013932.112363,-41,-76,133
1747013932.1473634,-83,27,111
1747013932.1823633,36,65,85
1747013932.2183633,12,-36,0
1747013932.2543633,-78,-54,-24
1747013932.2893634,7,-16,47
1747013932.3253634,73,-22,6
1747013932.3603632,-40,15,32
1747013932.395363,5,25,88
1747013932.4303634,63,56,40
1747013932.4663634,-74,-2,-15
1747013932.5023634,5,-3,48
1747013932.5373633,-6,-43,176
1747013932.5733633,-20,-53,104
1747013932.6083634,19,44,30
1747013932.6433637,-27,-13,164
1747013932.678363,-5,-3,-12
1747013932.714363,-1,-35,115
1747013932.750363,-34,46,85
1747013932.7853634,35,-49,-16
1747013932.8213634,3,-33,97
1747013932.8563633,-68,50,241
1747013932.8913634,1,-4,113
1747013932.9263637,-26,-2,19
1747013932.9623632,27,27,23
1747013932.9983633,39,9,51
1747013933.033363,-24,37,67
1747013933.0693634,-80,-48,183
1747013933.1043634,17,-79,-112
1747013933.1393633,5,-44,85
1747013933.1743634,-6,59,107
1747013933.2103634,27,-30,63
1747013933.2463634,47,22,71
1747013933.2813632,13,-43,45
1747013933.3173633,95,8,-14
1747013933.352363,-34,42,-2
1747013933.3873634,31,-21,193
1747013933.4223633,-46,30,169
1747013933.4583633,-20,-34,11
1747013933.4943633,16,-49,53
1747013933.5293634,-56,-114,23
1747013933.5653634,37,-48,23
1747013933.6003633,-26,-28,-26
1747013933.635363,-32,70,-74
1747013933.6703634,-52,8,75
1747013933.7063634,19,36,55
1747013933.7423637,-96,5,141
1747013933.7773633,-52,27,109
1747013933.8133633,-35,19,-30
1747013933.8483634,-53,21,0
1747013933.8833632,-1,-42,101
1747013933.918363,-44,-20,39
1747013933.954363,8,-29,125
1747013933.9903634,7,-28,-14
1747013934.0253634,28,-5,105
1747013934.0613637,17,-84,111
1747013934.0963633,-92,45,143
1747013934.1313634,-79,-19,97
1747013934.1663637,35,-77,27
1747013934.2023633,-28,88,-42
1747013934.2383633,-56,-55,-62
1747013934.2733634,-52,2,21
1747013934.3093634,-10,11,117
1747013934.3443637,5,91,125
1747013934.3793633,-10,1,26
1747013934.4143634,35,15,76
1747013934.4503634,73,0,136
1747013934.4863634,9,45,84
1747013934.5213633,-40,-10,190
1747013934.5573633,25,-24,80
1747013934.5923634,23,23,28
1747013934.6273634,29,45,122
1747013934.6623633,-6,3,114
1747013934.6983633,-22,-16,298
1747013934.7343633,33,-82,50
1747013934.7693634,-10,-12,-85
1747013934.8053634,27,7,50
1747013934.8403633,-24,-24,16
1747013934.875363,-8,-16,148
1747013934.9103634,7,86,84
1747013934.9463634,-12,-47,94
1747013934.9823637,16,-30,14
1747013935.0173633,69,-53,90
1747013935.053363,37,64,-53
1747013935.0883634,-22,-49,132
1747013935.1233633,43,-61,27
1747013935.158363,-54,-97,183
1747013935.1943634,57,-41,-16
1747013935.2303634,79,76,41
1747013935.2653637,75,-18,33
1747013935.3013637,39,32,63
1747013935.3363633,-64,-42,27
1747013935.3713634,53,-98,7
1747013935.4073634,-41,-52,47
1747013935.4423633,96,3,75
1747013935.4783633,-1,29,-38
1747013935.5133634,-79,3,173
1747013935.5493634,-17,1,13
1747013935.5843637,49,5,139
1747013935.6193633,-4,-33,147
1747013935.655363,3,41,101
1747013935.6903634,-12,-12,63
1747013935.7263634,53,53,85
1747013935.7613633,-34,-42,65
1747013935.7973633,-70,19,105
1747013935.8323634,23,-28,173
1747013935.8673637,-24,-8,129
1747013935.9033637,-46,75,157
1747013935.9383633,41,-14,13
1747013935.974363,-40,-46,115
1747013936.0093634,9,15,121
1747013936.0453634,-48,66,153
1747013936.0803633,9,16,33
1747013936.1153634,0,26,-4
1747013936.1513634,23,-32,5
1747013936.1863637,20,38,87
1747013936.2223637,-50,9,153
1747013936.257363,65,11,3
1747013936.293363,40,0,13
1747013936.3283634,-31,6,31
1747013936.3633633,-51,2,-2
1747013936.3993633,-53,-53,149
1747013936.4343634,-37,-23,0
1747013936.4703634,51,-4,-78
1747013936.5053637,17,41,59
1747013936.5413637,18,-37,59
1747013936.576363,9,-10,-58
1747013936.6113634,61,-50,85
1747013936.6473634,25,55,83
1747013936.6823633,-15,-24,55
1747013936.7183633,-30,59,-22
1747013936.7533634,-24,-80,93
1747013936.7893634,-16,3,5
1747013936.8243637,-30,0,75
1747013936.8593633,19,-36,119
1747013936.895363,-40,13,-14
1747013936.9303634,5,32,111
1747013936.9663634,95,-71,117
1747013937.0013633,19,-15,69
1747013937.0373633,-12,-29,125
1747013937.0723634,-25,14,151
1747013937.1073637,-45,48,155
1747013937.1433637,14,-57,59
1747013937.178363,-5,-65,-30
1747013937.214363,34,-5,161
1747013937.2493634,54,-89,81
1747013937.2843633,-6,1,-44
1747013937.3193634,21,-68,125
1747013937.3553634,16,102,-6
1747013937.3913634,1,-38,53
1747013937.4263637,-32,39,-82
1747013937.4623632,-13,44,45
1747013937.497363,26,16,0
1747013937.5323634,-38,27,3
1747013937.5673633,-88,40,5
1747013937.6033633,69,34,177
1747013937.6393633,45,-79,73
1747013937.6743634,-6,30,45
1747013937.7103634,-100,0,121
1747013937.7453637,-2,4,-36
1747013937.780363,35,-17,47
1747013937.8153634,12,-30,123
1747013937.8513634,47,-17,35
1747013937.8873634,59,-17,105
1747013937.9223633,-30,-5,53
1747013937.9583633,43,-33,167
1747013937.9933634,5,26,29
1747013938.0353634,99,8,123
1747013938.0713634,-3,1,83
1747013938.1073637,-37,5,137
1747013938.1433637,-66,42,-6
1747013938.178363,63,-5,43
1747013938.214363,-30,4,25
1747013938.2493634,-18,2,15
1747013938.2843633,-14,-5,159
1747013938.3193634,-44,2,99
1747013938.3553634,-8,-15,57
1747013938.3913634,19,-25,115
1747013938.4263637,7,-19,39
1747013938.4623632,81,5,31
1747013938.497363,-36,21,107
1747013938.5323634,-6,64,187
1747013938.5673633,-14,-26,85
1747013938.6033633,-34,38,115
1747013938.6393633,85,-3,157
1747013938.6743634,15,28,67
1747013938.7103634,-64,-59,3
1747013938.7453637,55,-79,139
1747013938.780363,3,-45,181
1747013938.8153634,-36,-19,25
1747013938.8513634,1,-9,-8
1747013938.8873634,27,-43,53
1747013938.9223633,-26,32,135
1747013938.9583633,38,-44,127
1747013938.9933634,-19,-92,-58
1747013939.0283637,22,31,73
1747013939.0633633,-57,39,79
1747013939.099363,48,55,73
1747013939.135363,55,-2,149
1747013939.1703634,56,17,-12
1747013939.2063634,14,0,5
1747013939.2413633,-17,-104,203
1747013939.2763634,-7,-16,17
1747013939.3113637,70,55,-12
1747013939.3473637,44,41,73
1747013939.3833632,118,-52,13
1747013939.418363,78,-8,121
1747013939.454363,6,-24,-86
1747013939.4893634,48,23,67
1747013939.5243633,-79,-3,19
1747013939.5593634,-11,32,-4
1747013939.5953634,172,3,-26
1747013939.6313634,-39,-9,-34
1747013939.6663637,14,-45,19
1747013939.7023633,-64,-42,87
1747013939.737363,-2,-38,67
1747013939.7723634,-42,21,173
1747013939.8073633,-26,23,27
1747013939.8433633,7,13,35
1747013939.8793633,13,39,121
1747013939.9143634,-31,-6,-32
1747013939.9503634,-27,12,-38
1747013939.9853632,46,-67,49
1747013940.020363,12,56,37
1747013940.0553634,70,50,123
1747013940.0913634,21,-30,159
1747013940.1273634,42,138,61
1747013940.1623633,62,-25,99
1747013940.1983633,76,-45,156
1747013940.2333634,-23,20,222
1747013940.2683637,-61,-15,110
1747013940.303363,34,34,46
1747013940.339363,-21,-75,36
1747013940.375363,-29,34,40
1747013940.4103634,-7,2,6
1747013940.4463634,22,-9,104
1747013940.4813633,-53,16,104
1747013940.5163634,-10,-4,18
1747013940.5523634,67,-70,82
1747013940.5873632,37,33,108
1747013940.6233633,-1,-32,152
1747013940.658363,85,9,138
1747013940.6943634,42,-25,106
1747013940.7293634,40,-55,4
1747013940.7643633,40,-9,170
1747013940.8003633,34,20,-29
1747013940.8353634,-65,-76,58
1747013940.8713634,-5,-72,56
1747013940.9063632,4,3,164
1747013940.9423633,92,5,-19
1747013940.977363,-15,-16,84
1747013941.0123634,-43,-12,126
1747013941.0483634,10,-18,64
1747013941.0833633,82,96,64
1747013941.1193633,26,38,28
1747013941.1543634,-30,-32,36
1747013941.1903634,69,24,38
1747013941.2253633,-27,1,168
1747013941.260363,34,27,106
1747013941.2963634,-35,-17,82
1747013941.3313634,-21,20,-7
1747013941.3673637,-49,-5,-85
1747013941.4023633,28,-13,94
1747013941.4383633,-59,-14,120
1747013941.4733634,-121,20,78
1747013941.5083632,8,122,70
1747013941.5443633,14,-71,58
1747013941.579363,20,25,102
1747013941.6153634,44,56,26
1747013941.6503634,68,-7,126
1747013941.6863637,40,39,44
1747013941.7213633,-40,52,126
1747013941.7563634,68,-4,-29
1747013941.7923634,-37,-58,118
1747013941.8273633,86,-76,160
1747013941.8633633,-68,-68,18
1747013941.8983634,-3,-12,116
1747013941.9343634,17,-55,130
1747013941.9693637,-28,-25,142
1747013942.0043633,53,30,28
1747013942.0403633,-26,47,10
1747013942.0753634,-17,-41,146
1747013942.1113634,26,-33,102
1747013942.1463633,-13,-11,48
1747013942.1823633,-33,32,122
1747013942.2183633,30,11,20
1747013942.2533634,5,-38,126
1747013942.2883637,16,-11,62
1747013942.3243637,24,-21,178
1747013942.3603632,1,-21,176
1747013942.395363,85,41,54
1747013942.431363,51,-50,106
1747013942.4663634,-2,23,146
1747013942.5013633,25,3,80
1747013942.5363634,93,-8,76
1747013942.5723634,-28,19,34
1747013942.6083634,-18,-15,96
1747013942.6433637,-14,-10,-45
1747013942.6793633,-46,57,22
1747013942.714363,21,15,142
1747013942.7493634,-37,-12,98
1747013942.7843633,54,53,2
1747013942.8203633,56,-27,116
1747013942.8563633,4,-21,68
1747013942.8913634,-17,26,84
1747013942.9273634,-22,-34,6
1747013942.9623632,111,37,42
1747013942.997363,33,-6,46
1747013943.0323634,11,18,90
1747013943.0683634,13,18,46
1747013943.1043634,0,-3,118
1747013943.1393633,19,0,22
1747013943.1753633,-8,-45,-31
1747013943.2103634,-16,-35,64
1747013943.2453637,-3,-7,88
1747013943.280363,-119,24,38
1747013943.316363,52,-13,94
1747013943.352363,71,-19,34
1747013943.3873634,94,-68,38
1747013943.4233634,25,14,94
1747013943.4583633,-103,-9,34
1747013943.4933634,-41,35,-101
1747013943.5283637,23,6,166
1747013943.5643632,0,-28,12
1747013943.6003633,-48,-17,100
1747013943.635363,67,16,188
1747013943.6713634,-34,21,-31
1747013943.7063634,5,-12,132
1747013943.7413633,-33,8,38
1747013943.7763634,-3,74,168
1747013943.8123634,75,-27,210
1747013943.8483634,85,19,122
1747013943.8833632,9,37,2
1747013943.9193633,79,79,64
1747013943.954363,0,7,104
1747013943.9893634,-87,-102,-33
1747013944.0243633,12,-8,82
1747013944.0603633,-8,-1,-61
1747013944.0963633,77,-1,120
1747013944.1313634,-22,-41,56
1747013944.1673634,-72,-9,32
1747013944.2023633,-34,10,30
1747013944.237363,-28,19,64
1747013944.2723634,61,3,40
1747013944.3083634,44,-42,38
1747013944.3443637,73,33,166
1747013944.3793633,-72,39,156
1747013944.4153633,-40,-64,14
1747013944.4503634,-62,-39,196
1747013944.4853632,25,-81,116
1747013944.520363,-60,-33,-77
1747013944.556363,68,0,38
1747013944.5923634,2,-28,116
1747013944.6273634,-1,57,-3
1747013944.6633637,-20,-53,78
1747013944.6983633,18,-14,40
1747013944.7333634,36,75,140
1747013944.7683637,-5,-11,-37
1747013944.8043633,-21,-5,26
1747013944.8403633,22,-61,72
1747013944.875363,-37,-14,-3
1747013944.9113634,-65,20,-45
1747013944.9463634,66,64,16
1747013944.9813633,-11,-27,4
1747013945.0163634,-27,2,166
1747013945.0523634,-105,10,8
1747013945.0883634,-91,2,52
1747013945.1233633,6,-29,104
1747013945.1593633,19,83,199
1747013945.1943634,-9,-5,-5
1747013945.2293634,-45,-95,66
1747013945.2643633,-48,-6,-31
1747013945.3003633,88,30,84
1747013945.3363633,-3,18,116
1747013945.3713634,-46,-54,166
1747013945.4073634,-52,-56,2
1747013945.4423633,-18,9,20
1747013945.477363,-22,49,114
1747013945.5133634,25,17,48
1747013945.5483634,5,-58,68
1747013945.5843637,-19,-14,70
1747013945.6193633,-57,-46,86
1747013945.655363,54,7,106
1747013945.6903634,29,4,38
1747013945.7253633,-2,-57,154
1747013945.7613633,-13,60,32
1747013945.7963634,-1,32,62
1747013945.8323634,72,58,83
1747013945.8673637,0,-33,161
1747013945.9033637,52,-49,121
1747013945.9383633,77,36,45
1747013945.9733634,5,-34,51
1747013946.0093634,22,10,119
1747013946.0443633,-5,-29,-1
1747013946.0803633,45,-45,215
1747013946.1153634,-42,-29,53
1747013946.1513634,-82,30,-49
1747013946.1863637,21,-31,62
1747013946.2213633,113,4,-3
1747013946.257363,-58,-61,52
1747013946.2923634,-64,0,87
1747013946.3283634,38,48,118
1747013946.3633633,-33,-12,131
1747013946.3993633,30,-50,223
1747013946.4343634,-59,-29,54
1747013946.4693637,24,7,79
1747013946.5053637,36,-72,41
1747013946.5403633,-3,79,23
1747013946.576363,-43,31,9
1747013946.6113634,1,-4,-4
1747013946.6473634,-36,-44,127
1747013946.6823633,49,69,-24
1747013946.7173634,-2,-24,16
1747013946.7533634,19,31,-28
1747013946.7883637,-14,55,110
1747013946.8243637,75,-8,46
1747013946.8593633,6,-19,70
1747013946.895363,26,-58,44
1747013946.9303634,26,-52,40
1747013946.9653633,-25,-16,-63
1747013947.0013633,-39,-41,124
1747013947.0363634,14,62,-51
1747013947.0723634,-7,51,152
1747013947.1073637,4,12,98
1747013947.1433637,2,-10,5
1747013947.178363,26,-60,-20
1747013947.2133634,20,9,141
1747013947.2493634,-41,103,89
1747013947.2843633,43,-35,21
1747013947.3203633,-30,37,3
1747013947.3553634,-76,-14,13
1747013947.3903637,13,-33,101
1747013947.4253633,59,20,-58
1747013947.4613633,69,-87,129
1747013947.497363,1,-11,75
1747013947.5323634,27,28,97
1747013947.5683634,55,6,41
1747013947.6033633,63,46,35
1747013947.6383634,25,32,13
1747013947.6733634,61,-33,129
1747013947.7093637,-2,8,88
1747013947.7453637,-172,38,8
1747013947.780363,93,-3,14
1747013947.816363,-22,-5,62
1747013947.8513634,5,110,-55
1747013947.8863633,12,23,-59
1747013947.9213634,31,-49,34
1747013947.9573634,119,4,-43
1747013947.9933634,-16,90,96
1747013948.0283637,5,-9,87
1747013948.0713634,19,-15,18
1747013948.1073637,37,-7,18
1747013948.1423633,53,6,78
1747013948.1773634,-8,-37,173
1747013948.2133634,23,26,25
1747013948.2493634,75,14,31
1747013948.2843633,-26,-59,43
1747013948.3203633,-28,12,115
1747013948.3553634,-48,-21,146
1747013948.3903637,23,14,66
1747013948.4253633,-22,-73,-19
1747013948.4613633,7,2,104
1747013948.497363,60,66,-31
1747013948.5323634,51,42,158
1747013948.5683634,8,2,150
1747013948.6033633,-60,11,26
1747013948.6383634,45,-16,84
1747013948.6733634,1,0,74
1747013948.7093637,-26,-27,47
1747013948.7453637,39,0,-2
1747013948.780363,-46,-5,35
1747013948.816363,71,30,-50
1747013948.8513634,-65,-25,-6
1747013948.8863633,1,23,53
1747013948.9213634,-108,23,-2
1747013948.9573634,35,31,31
1747013948.9933634,37,-30,-36
1747013949.0283637,0,-24,63
1747013949.0643632,-92,-42,95
1747013949.099363,-12,-44,189
1747013949.1343634,90,25,37
1747013949.1693633,0,41,51
1747013949.2053633,4,37,-4
1747013949.2413633,-39,-64,-30
1747013949.2763634,44,25,83
1747013949.3123634,68,-20,153
1747013949.3473637,31,31,-102
1747013949.382363,-11,3,33
1747013949.4173634,62,-72,70
1747013949.4533634,-3,15,-31
1747013949.4893634,47,-38,50
1747013949.5243633,-54,-2,132
1747013949.5603633,43,-19,62
1747013949.5953634,-46,24,222
1747013949.6303637,46,-24,64
1747013949.6653633,108,11,184
1747013949.701363,-26,-67,51
1747013949.737363,2,12,80
1747013949.7723634,14,55,-54
1747013949.8083634,20,-51,101
1747013949.8433633,-29,-29,75
1747013949.8783634,-41,-33,176
1747013949.9133637,-27,36,16
1747013949.9493637,-23,30,132
1747013949.9853632,-47,76,2
1747013950.020363,42,-81,84
1747013950.056363,40,32,31
1747013950.0913634,1,-10,55
1747013950.1263633,-25,-5,116
1747013950.1613634,-7,-7,26
1747013950.1973634,26,-37,38
1747013950.2333634,-59,-11,46
1747013950.2683637,-49,2,1
1747013950.3043633,-31,6,213
1747013950.339363,56,2,85
1747013950.3743634,30,-41,35
1747013950.4093633,-43,-11,45
1747013950.4453633,-25,10,153
1747013950.4813633,4,-25,153
1747013950.5163634,60,4,-28
1747013950.5523634,2,-28,103
1747013950.5873632,-35,7,191
1747013950.622363,-27,7,157
1747013950.658363,14,31,95
1747013950.6933634,55,-4,103
1747013950.7293634,87,-6,129
1747013950.7643633,51,1,37
1747013950.8003633,-50,51,197
1747013950.8353634,-89,6,197
1747013950.8703637,-64,-23,103
1747013950.9063632,0,-19,0
1747013950.941363,-32,26,79
1747013950.977363,57,12,73
1747013951.0123634,107,-45,181
1747013951.0483634,-8,-19,39
1747013951.0833633,-76,4,-36
1747013951.1183634,34,-45,13
1747013951.1543634,-29,-34,45
1747013951.1893632,-47,21,55
1747013951.2253633,-31,-56,1
1747013951.260363,-27,-12,147
1747013951.2963634,-7,39,-12
1747013951.3313634,-68,25,105
1747013951.3663633,73,-28,-28
1747013951.4023633,68,17,125
1747013951.4373634,49,-12,39
1747013951.4733634,45,39,13
1747013951.5083632,85,17,15
1747013951.5443633,15,25,139
1747013951.579363,30,27,25
1747013951.6143634,-55,89,63
1747013951.6503634,34,-40,21
1747013951.6853633,-53,-17,203
1747013951.7213633,-13,29,77
1747013951.7563634,-3,-24,91
1747013951.7923634,14,9,95
1747013951.8273633,54,7,-28
1747013951.862363,-51,-30,75
1747013951.8983634,-115,-38,47
1747013951.9333634,20,-78,135
1747013951.9693637,-35,0,93
1747013952.0043633,34,8,63
1747013952.0403633,8,-110,165
1747013952.0753634,-29,-4,13
1747013952.1103632,-39,1,123
1747013952.1463633,56,17,65
1747013952.181363,-35,17,3
1747013952.2173634,14,-42,49
1747013952.2523634,34,-28,63
1747013952.2883637,-27,11,-14
1747013952.3233633,18,-28,33
1747013952.3583634,24,-12,63
1747013952.3943634,-55,-24,227
1747013952.4293633,-7,37,-8
1747013952.4653633,36,-36,139
1747013952.500363,55,-3,117
1747013952.5353634,-70,-3,183
1747013952.5703633,22,37,93
1747013952.6063633,18,-28,33
1747013952.6423633,24,0,113
1747013952.6773634,-21,-6,21
1747013952.7133634,7,-52,104
1747013952.7483633,-21,3,73
1747013952.783363,-20,-4,17
1747013952.8183634,-31,-26,53
1747013952.8543634,30,-3,79
1747013952.8903637,-37,40,135
1747013952.9253633,-22,53,67
1747013952.9613633,12,-29,89
1747013952.9963634,33,-43,147
1747013953.0313632,-34,-24,81
1747013953.066363,37,-47,67
1747013953.102363,34,38,-4
1747013953.1383634,39,11,105
1747013953.1733634,24,0,-42
1747013953.2093637,-11,-18,41
1747013953.2443633,-77,21,-4
1747013953.2793634,-5,29,115
1747013953.3143632,-20,85,121
1747013953.3503633,-11,45,97
1747013953.3863633,52,97,43
1747013953.4213634,24,-15,41
1747013953.4573634,20,46,59
1747013953.4923637,-41,-16,193
1747013953.5273633,57,45,19
1747013953.5623634,55,-18,45
1747013953.5983634,-2,-48,53
1747013953.6343634,4,30,97
1747013953.6693633,-15,-47,-14
1747013953.7053633,8,-50,147
1747013953.7403634,-95,-40,99
1747013953.7753634,27,21,143
1747013953.8103633,32,7,79
1747013953.8463633,-4,1,61
1747013953.882363,9,-62,181
1747013953.9173634,-11,-140,1
1747013953.9533634,37,15,-72
1747013953.9883633,19,13,61
1747013954.0233634,-10,-2,105
1747013954.0583634,51,-74,123
1747013954.0943637,-10,25,11
1747013954.1303637,-30,5,171
1747013954.1653633,0,43,181
1747013954.201363,35,-2,31
1747013954.2363634,37,23,119
1747013954.2713633,12,26,69
1747013954.306363,-32,-40,-8
1747013954.3423634,-9,-35,-2
1747013954.3783634,27,17,129
1747013954.4133637,49,17,131
1747013954.4493637,13,13,-26
1747013954.4843633,-4,-10,91
1747013954.5193634,83,-28,-2
1747013954.5543633,69,-13,153
1747013954.5903633,-2,-21,-22
1747013954.6263633,23,-7,159
1747013954.6613634,1,-57,67
1747013954.6973634,-62,3,111
1747013954.7323637,47,-64,95
1747013954.7673633,27,-31,69
1747013954.8023634,35,26,65
1747013954.8383634,-32,-59,105
1747013954.8743634,-4,46,101
1747013954.9093633,27,28,83
1747013954.9453633,-22,-4,39
1747013954.9803634,-50,37,41
1747013955.0153637,109,-22,121
1747013955.0503633,-25,-23,63
1747013955.0863633,-12,-62,99
1747013955.122363,63,26,-12
1747013955.1573634,35,3,-54
1747013955.1933634,25,-10,37
1747013955.2283633,-48,9,111
1747013955.2633634,-6,-60,97
1747013955.2983634,54,-16,179
1747013955.3343637,-21,-16,73
1747013955.3703637,76,99,123
1747013955.405363,18,-8,85
1747013955.441363,-21,-19,1
1747013955.4763634,9,-4,91
1747013955.5113633,36,13,121
1747013955.5463634,-25,10,17
1747013955.5823634,-23,2,209
1747013955.6183634,-57,-27,49
1747013955.6533637,-35,0,69
1747013955.6893632,-21,8,125
1747013955.724363,24,24,133
1747013955.7593634,19,14,79
1747013955.7953634,-12,-15,51
1747013955.8303633,-9,43,81
1747013955.8663633,-57,19,-2
1747013955.9013634,24,19,117
1747013955.9373634,32,-34,-2
1747013955.9723637,36,77,29
1747013956.007363,-72,-32,139
1747013956.043363,7,-60,-90
1747013956.0783634,-38,49,25
1747013956.1143634,-78,11,155
1747013956.1493633,15,-42,167
1747013956.1853633,-20,-26,65
1747013956.2203634,-75,-19,83
1747013956.2553637,-50,-14,-22
1747013956.2913637,24,-30,1
1747013956.326363,68,-20,207
1747013956.362363,-9,-14,127
1747013956.3973634,-2,-28,3
1747013956.4333634,-55,25,21
1747013956.4683633,4,29,69
1747013956.5033634,36,-22,143
1747013956.5393634,2,39,147
1747013956.5743637,-1,25,145
1747013956.6103632,-53,1,63
1747013956.645363,6,-80,131
1747013956.681363,-1,-2,5
1747013956.7163634,-59,11,201
1747013956.7513633,50,-52,59
1747013956.7873633,-29,-34,101
1747013956.8223634,-54,-6,75
1747013956.8583634,11,19,127
1747013956.8933637,-92,65,112
1747013956.9293633,-8,-24,50
1747013956.964363,-108,43,136
1747013956.9993634,59,-30,24
1747013957.0353634,-24,-72,114
1747013957.0703633,-10,-34,4
1747013957.1063633,-50,-58,80
1747013957.1413634,83,-7,-3
1747013957.1773634,-11,-9,68
1747013957.2123632,38,-23,82
1747013957.247363,11,-46,74
1747013957.283363,39,-17,132
1747013957.3183634,-48,14,2
1747013957.3543634,-62,-19,12
1747013957.3893633,-28,-1,68
1747013957.4253633,73,8,130
1747013957.4603634,99,-7,58
1747013957.4953637,-84,-15,28
1747013957.5313632,51,-15,66
1747013957.566363,14,19,124
1747013957.602363,-35,37,96
1747013957.6373634,35,26,114
1747013957.6723633,-24,-55,-11
1747013957.7073634,57,-11,-13
1747013957.7433634,-116,-93,136
1747013957.7793634,0,-25,10
1747013957.8143632,28,33,64
1747013957.8503633,46,-96,36
1747013957.885363,87,-8,22
1747013957.9203634,-2,-16,58
1747013957.9553633,-16,79,-29
1747013957.9913633,-38,5,156
1747013958.0273633,45,-10,100
1747013958.0623634,11,0,156
1747013958.1053634,33,-27,28
1747013958.1413634,35,-29,204
1747013958.1763637,57,-10,150
1747013958.2113633,-27,-36,112
1747013958.247363,29,-14,126
1747013958.283363,1,-14,82
1747013958.3183634,47,-40,-21
1747013958.3543634,-11,47,8
1747013958.3893633,24,-74,30
1747013958.4243634,-16,10,144
1747013958.4593637,-7,37,122
1747013958.4953637,-40,-61,42
1747013958.5313632,-25,73,100
1747013958.566363,12,27,74
1747013958.602363,3,84,82
1747013958.6373634,12,-2,10
1747013958.6723633,-6,-21,104
1747013958.7073634,51,-3,138
1747013958.7433634,-8,68,46
1747013958.7793634,58,29,198
1747013958.8143632,30,10,-77
1747013958.8503633,56,6,-77
1747013958.885363,26,-49,28
1747013958.9203634,0,99,72
1747013958.9553633,-70,36,90
1747013958.9913633,7,-19,230
1747013959.0273633,-32,28,48
1747013959.0623634,-38,-7,-45
1747013959.0983634,-38,0,140
1747013959.1333632,41,-49,134
1747013959.168363,43,-143,102
1747013959.2033634,51,-3,138
1747013959.2393634,9,38,136
1747013959.2753634,-10,-44,68
1747013959.3103633,19,-46,158
1747013959.3463633,91,-6,92
1747013959.3813634,-48,-24,234
1747013959.4163637,7,-58,62
1747013959.451363,-8,65,4
1747013959.487363,7,-68,-13
1747013959.5233634,49,-44,4
1747013959.5583634,11,-50,138
1747013959.5943637,-28,32,-75
1747013959.6293633,21,-37,94
1747013959.6643634,-16,-13,72
1747013959.6993637,29,26,4
1747013959.7353632,47,20,38
1747013959.7713633,91,-13,128
1747013959.806363,71,18,34
1747013959.8423634,60,28,90
1747013959.8773634,16,45,22
1747013959.9123633,-110,28,72
1747013959.9473634,-45,-16,60
1747013959.9833634,96,-18,-45
1747013960.0193634,24,13,160
1747013960.0543633,65,-84,70
1747013960.0903633,57,21,96
1747013960.125363,-24,-20,-2
1747013960.1603634,12,-34,43
1747013960.1953633,-4,-51,172
1747013960.2313633,49,98,18
1747013960.2673633,-32,8,53
1747013960.3023634,25,18,67
1747013960.3383634,9,-51,81
1747013960.3733633,57,-47,-48
1747013960.408363,-13,1,130
1747013960.4433634,58,83,-60
1747013960.4793634,12,41,145
1747013960.5153637,-24,-27,9
1747013960.5503633,-8,63,45
1747013960.5863633,-50,51,132
1747013960.6213634,17,-86,9
1747013960.6563632,-66,-62,55
1747013960.6923633,-65,2,5
1747013960.727363,-9,64,-14
1747013960.7633634,-29,12,84
1747013960.7983634,24,-1,60
1747013960.8343637,14,54,14
1747013960.8693633,-75,48,58
1747013960.9043634,-19,-87,90
1747013960.9403634,-23,-44,140
1747013960.9753633,-15,31,-33
1747013961.0113633,-37,17,-7
1747013961.0463634,16,-34,76
1747013961.0823634,106,-26,66
1747013961.1173637,32,-42,-27
1747013961.1523633,14,-57,32
1747013961.1883633,-59,34,63
1747013961.2233634,10,49,11
1747013961.2593634,-13,47,179
1747013961.2943633,118,35,69
1747013961.3303633,-2,-28,12
1747013961.3653634,9,37,36
1747013961.4003634,87,-14,28
1747013961.4363637,-44,7,102
1747013961.4713633,11,27,18
1747013961.507363,17,17,8
1747013961.5423634,51,32,43
1747013961.5783634,-24,-24,42
1747013961.6133633,77,5,112
1747013961.6483634,-28,50,-17
1747013961.6843634,-24,-110,40
1747013961.7193637,21,-18,2
1747013961.7553637,61,14,-1
1747013961.7903633,11,12,-21
1747013961.826363,-60,-53,162
1747013961.8613634,15,-5,50
1747013961.8963633,-8,-1,-19
1747013961.9323633,33,0,64
1747013961.9673634,-36,4,-7
1747013962.0033634,2,-32,224
1747013962.0383637,46,13,92
1747013962.0743637,19,22,55
1747013962.1093633,-34,79,157
1747013962.1443634,-28,-37,101
1747013962.1803634,0,-16,93
1747013962.2153633,-22,-34,15
1747013962.2513633,87,-22,93
1747013962.2863634,0,-51,61
1747013962.3223634,5,41,100
1747013962.3573637,53,85,24
1747013962.3923633,12,-21,150
1747013962.428363,68,36,156
1747013962.4633634,-71,-65,144
1747013962.4993634,22,-42,197
1747013962.5343633,36,99,151
1747013962.5703633,-11,61,49
1747013962.6063633,50,112,-34
1747013962.6413634,-59,-18,143
1747013962.6763637,-67,5,47
1747013962.7123632,-25,77,123
1747013962.7483633,55,-3,75
1747013962.783363,-46,56,87
1747013962.8193634,36,38,59
1747013962.8543634,5,-19,163
1747013962.8893633,-60,46,97
1747013962.9243634,15,34,115
1747013962.9603634,14,-28,53
1747013962.9963634,-36,-29,3
1747013963.0313632,-96,-39,-78
1747013963.0673633,-8,-5,33
1747013963.102363,15,26,53
1747013963.1373634,-74,-33,39
1747013963.1723633,20,-2,127
1747013963.2083633,52,17,97
1747013963.2443633,9,96,193
1747013963.2793634,-2,20,67
1747013963.3153634,-44,-1,5
1747013963.3503633,94,-42,155
1747013963.385363,23,-61,-8
1747013963.4203634,14,-44,81
1747013963.4563634,35,36,89
1747013963.4923637,-28,15,71
1747013963.5273633,-18,-42,-32
1747013963.5633633,-19,-53,173
1747013963.5983634,12,-35,57
1747013963.6333632,74,-19,73
1747013963.668363,-70,21,25
1747013963.704363,-19,17,105
1747013963.7403634,-24,2,-12
1747013963.7753634,-29,-48,77
1747013963.8113637,56,-76,69
1747013963.8463633,26,7,61
1747013963.8813634,58,-27,221
1747013963.9163637,28,-109,47
1747013963.9523633,28,26,17
1747013963.9883633,39,92,65
1747013964.0233634,93,38,35
1747013964.0593634,-74,18,77
1747013964.0943637,47,-71,111
1747013964.1293633,46,2,37
1747013964.1643634,-51,32,149
1747013964.2003634,-16,16,133
1747013964.2363634,42,-19,9
1747013964.2713633,102,0,71
1747013964.3073633,51,-51,-52
1747013964.3423634,-22,-40,107
1747013964.3773634,-14,-20,9
1747013964.4123633,9,-38,-56
1747013964.4483633,16,-17,45
1747013964.4843633,-16,-8,47
1747013964.5193634,-58,-12,95
1747013964.5553634,-21,-37,193
1747013964.5903633,105,-68,53
1747013964.625363,43,-67,83
1747013964.6603634,-12,16,81
1747013964.6963634,17,30,-12
1747013964.7323637,-10,76,97
1747013964.7673633,-18,28,79
1747013964.803363,-8,-38,171
1747013964.8383634,23,19,23
1747013964.8733633,31,4,125
1747013964.908363,61,-19,67
1747013964.9443634,29,-93,-26
1747013964.9803634,-36,14,39
1747013965.0153637,17,67,85
1747013965.0513637,15,-6,163
1747013965.0863633,37,31,105
1747013965.1213634,-14,13,55
1747013965.1563632,-14,-46,119
1747013965.1923633,-42,66,103
1747013965.2283633,3,2,25
1747013965.2633634,-4,32,1
1747013965.2993634,19,6,-46
1747013965.3343637,11,12,195
1747013965.3693633,90,82,49
1747013965.4043634,-38,-19,103
1747013965.4403634,5,-17,51
1747013965.4763634,-31,-23,91
1747013965.5113633,-91,16,55
1747013965.5473633,21,-19,-10
1747013965.5823634,17,-17,63
1747013965.6173637,-22,52,67
1747013965.6523633,12,1,41
1747013965.6883633,-81,39,-46
1747013965.724363,4,49,137
1747013965.7593634,72,21,1
1747013965.7953634,-36,5,109
1747013965.8303633,-8,7,59
1747013965.8653634,-38,-40,153
1747013965.9013634,21,1,83
1747013965.9363637,-26,49,25
1747013965.9723637,-60,-14,21
1747013966.007363,37,1,41
1747013966.043363,1,-60,63
1747013966.0783634,-48,25,107
1747013966.1133633,11,-6,3
1747013966.1493633,7,0,137
1747013966.1843634,-64,107,67
1747013966.2203634,0,-14,-46
1747013966.2553637,36,-11,85
1747013966.2913637,34,-31,125
1747013966.326363,66,27,109
1747013966.3613634,74,-4,121
1747013966.3973634,54,-12,-8
1747013966.4323633,-21,-46,51
1747013966.4683633,-21,24,115
1747013966.5033634,-7,80,39
1747013966.5393634,-13,36,115
1747013966.5743637,-66,23,65
1747013966.6093633,-34,13,-8
1747013966.645363,64,35,-52
1747013966.6803634,50,45,155
1747013966.7163634,72,-34,35
1747013966.7513633,-31,39,61
1747013966.7873633,112,-22,9
1747013966.8223634,-133,-40,173
1747013966.8573637,22,0,-14
1747013966.8933637,44,17,-8
1747013966.928363,32,31,45
1747013966.964363,6,-16,67
1747013966.9993634,-7,19,25
1747013967.0343633,10,11,175
1747013967.0693634,-43,17,45
1747013967.1053634,-53,97,93
1747013967.1413634,16,13,119
1747013967.1763637,-9,31,-16
1747013967.2123632,84,-12,-44
1747013967.247363,-21,33,1
1747013967.283363,5,32,105
1747013967.3183634,-20,-17,27
1747013967.3533633,12,-35,123
1747013967.3893633,13,-1,83
1747013967.4243634,-3,35,115
1747013967.4603634,-9,-20,131
1747013967.4953637,-15,-56,-92
1747013967.5313632,22,43,149
1747013967.566363,-14,-35,25
1747013967.6013634,1,-107,135
1747013967.6373634,13,46,181
1747013967.6723633,-4,-49,-56
1747013967.7083633,-19,96,9
1747013967.7433634,-39,50,117
1747013967.7783637,32,-15,69
1747013967.8133633,18,10,-2
1747013967.849363,8,-15,17
1747013967.885363,20,-93,59
1747013967.9203634,10,-25,73
1747013967.9563634,-5,-17,-54
1747013967.9913633,31,0,35
1747013968.0263634,134,56,31
1747013968.0613637,4,-25,133
1747013968.0973637,28,14,85
1747013968.1403637,26,28,195
1747013968.1763637,4,12,83
1747013968.2123632,-11,-39,127
1747013968.247363,58,12,-26
1747013968.2823634,82,9,121
1747013968.3173633,22,-44,79
1747013968.3533633,24,-42,115
1747013968.3893633,-61,56,47
1747013968.4243634,-99,38,131
1747013968.4603634,21,77,45
1747013968.4953637,-86,-16,-2
1747013968.530363,56,32,11
1747013968.5653634,70,47,31
1747013968.6013634,28,102,117
1747013968.6373634,35,67,73
1747013968.6723633,-21,36,21
1747013968.7083633,34,4,-12
1747013968.7433634,48,-67,101
1747013968.7783637,47,-72,65
1747013968.8133633,-12,77,123
1747013968.849363,-20,-16,29
1747013968.885363,11,17,-36
1747013968.9203634,-40,-2,145
1747013968.9563634,43,21,67
1747013968.9913633,-29,26,65
1747013969.0263634,1,-32,109
1747013969.0613637,34,42,165
1747013969.0973637,26,90,121
1747013969.1333632,22,32,39
1747013969.168363,24,74,9
1747013969.204363,-25,40,47
1747013969.2393634,-40,5,102
1747013969.2743633,39,3,90
1747013969.3093634,1,29,182
1747013969.3453634,13,-58,24
1747013969.3813634,30,-41,102
1747013969.4163637,0,65,10
1747013969.4523633,-33,-43,104
1747013969.487363,36,37,2
1747013969.5223634,-29,7,60
1747013969.5573633,-23,34,28
1747013969.5933633,53,-2,-73
1747013969.6293633,-54,7,10
1747013969.6643634,56,-19,-13
1747013969.7003634,-17,2,22
1747013969.7353632,-17,30,26
1747013969.770363,-21,-1,26
1747013969.8053634,16,63,78
1747013969.8413634,-24,-80,-9
1747013969.8773634,0,-56,94
1747013969.9123633,61,-34,20
1747013969.9483633,-16,71,164
1747013969.9833634,97,-37,40
1747013970.0183637,53,14,70
1747013970.053363,7,-21,84
1747013970.089363,-10,-41,190
1747013970.125363,-66,43,146
1747013970.1603634,-6,23,120
1747013970.1963634,-102,-14,-99
1747013970.2313633,37,-2,46
1747013970.2663634,5,25,40
1747013970.3013637,-12,-43,90
1747013970.3373632,-18,21,62
1747013970.3733633,119,31,-21
1747013970.408363,17,27,30
1747013970.4443634,59,27,102
1747013970.4793634,6,-47,132
1747013970.5143633,51,0,74
1747013970.5493634,45,-42,24
1747013970.5853634,-4,-20,94
1747013970.6213634,-88,-10,-1
1747013970.6563632,-20,48,-25
1747013970.6923633,-100,-10,126
1747013970.727363,13,-68,148
1747013970.7623634,30,27,86
1747013970.7973633,1,37,44
1747013970.8333633,9,-14,-3
1747013970.8693633,0,-18,44
1747013970.9043634,67,59,150
1747013970.9403634,-22,-29,132
1747013970.9753633,55,15,90
1747013971.010363,-32,91,78
1747013971.0463634,9,-8,160
1747013971.0813634,25,-20,-45
1747013971.1173637,-82,47,74
1747013971.1523633,-46,19,106
1747013971.1883633,24,-16,84
1747013971.2233634,2,59,36
1747013971.2583632,24,-8,40
1747013971.2943633,-9,-28,102
1747013971.329363,30,13,34
1747013971.3653634,10,16,76
1747013971.4003634,-61,8,-39
1747013971.4363637,-25,54,-43
1747013971.4713633,-11,56,98
1747013971.5063634,32,16,-5
1747013971.5423634,20,-17,156
1747013971.5773633,-23,50,68
1747013971.6133633,24,-15,84
1747013971.6483634,-77,-41,46
1747013971.6843634,-85,18,62
1747013971.7193637,-89,-44,20
1747013971.7543633,70,40,22
1747013971.7903633,0,32,56
1747013971.8253634,42,41,176
1747013971.8613634,-5,65,18
1747013971.8963633,-22,20,74
1747013971.9323633,-2,-53,8
1747013971.9673634,21,-9,40
1747013972.0023634,-58,0,104
1747013972.0383637,-17,65,144
1747013972.0733633,-58,-6,80
1747013972.1093633,-54,18,40
1747013972.1443634,-22,-51,164
1747013972.1803634,-24,-45,-47
1747013972.2153633,5,30,138
1747013972.250363,-76,-73,50
1747013972.2863634,133,38,124
1747013972.3213634,59,-13,88
1747013972.3573637,35,2,72
1747013972.3923633,-11,22,114
1747013972.428363,-137,-15,118
1747013972.4633634,-26,-69,130
1747013972.4983633,-28,-7,84
1747013972.5343633,85,-5,2
1747013972.5693634,13,-35,162
1747013972.6053634,3,14,138
1747013972.6403637,-58,34,76
1747013972.6763637,70,8,34
1747013972.7123632,-50,-11,74
1747013972.7483633,33,-33,16
1747013972.7843633,71,-59,32
1747013972.8193634,-6,-1,110
1747013972.8543634,-8,22,118
1747013972.8903637,-54,-59,134
1747013972.9263637,-35,-26,-59
1747013972.9613633,26,-62,96
1747013972.997363,-16,43,116
1747013973.0323634,75,-79,114
1747013973.0673633,-170,26,66
1747013973.102363,-74,46,-17
1747013973.1383634,5,-33,6
1747013973.1743634,5,-21,-1
1747013973.2093637,79,-101,122
1747013973.2453637,-16,-24,-25
1747013973.280363,55,-28,-17
1747013973.3153634,7,41,88
1747013973.3503633,-62,-30,12
1747013973.3863633,-62,-4,12
1747013973.4223633,-2,-22,46
1747013973.4573634,40,4,54
1747013973.4933634,60,-73,150
1747013973.5283637,13,-17,112
1747013973.5633633,21,-49,38
1747013973.5983634,82,2,86
1747013973.6343634,14,-17,58
1747013973.6703634,14,56,110
1747013973.7053633,-49,-7,38
1747013973.7413633,58,33,146
1747013973.7763634,-53,-14,-37
1747013973.8113637,18,67,64
1747013973.8463633,54,0,120
1747013973.882363,-20,-56,6
1747013973.918363,56,8,86
1747013973.9533634,-30,-56,2
1747013973.9893634,-1,-27,110
1747013974.0243633,-3,16,184
1747013974.0593634,-9,-19,26
1747013974.0943637,-63,-13,58
1747013974.1303637,10,-13,66
1747013974.1663637,40,-27,32
1747013974.201363,98,18,-15
1747013974.237363,34,-3,88
1747013974.2723634,17,18,40
1747013974.3073633,23,-5,138
1747013974.3423634,69,-65,68
1747013974.3783634,103,28,78
1747013974.4143634,53,32,40
1747013974.4493637,-20,96,-13
1747013974.4853632,70,26,40
1747013974.520363,20,-1,55
1747013974.5553634,-21,-22,-28
1747013974.5903633,14,56,63
1747013974.6263633,-69,16,49
1747013974.6623633,18,-41,87
1747013974.6973634,32,-72,136
1747013974.7333634,2,32,74
1747013974.7683637,60,-7,156
1747013974.803363,-63,-12,34
1747013974.8383634,38,114,106
1747013974.8743634,39,-12,82
1747013974.9103634,-4,75,42
1747013974.9453633,-13,-32,72
1747013974.9813633,100,31,-37
1747013975.0163634,-14,41,124
1747013975.0513637,16,0,81
1747013975.0863633,10,53,146
1747013975.122363,42,31,112
1747013975.158363,4,25,58
1747013975.1933634,-27,-22,70
1747013975.2293634,-31,-36,-35
1747013975.2643633,-37,-6,76
1747013975.2993634,6,-10,30
1747013975.3353634,-1,-14,72
1747013975.3703637,-39,-16,86
1747013975.4063632,-45,29,138
1747013975.441363,30,-70,12
1747013975.477363,-30,-7,158
1747013975.5123634,33,-51,76
1747013975.5473633,47,-29,-15
1747013975.5823634,27,2,-105
1747013975.6183634,-14,-73,102
1747013975.6543634,7,6,-37
1747013975.6893632,0,3,82
1747013975.7253633,57,-60,8
1747013975.760363,54,36,18
1747013975.7953634,17,-81,-3
1747013975.8303633,21,-12,110
1747013975.8663633,61,2,168
1747013975.9023633,-148,-88,136
1747013975.9373634,49,-87,-21
1747013975.9733634,-6,12,102
1747013976.0083632,38,-31,26
1747013976.043363,-57,22,68
1747013976.079363,-39,14,28
1747013976.1143634,-4,4,78
1747013976.1503634,0,82,114
1747013976.1853633,-21,-9,112
1747013976.2213633,15,-32,112
1747013976.2563634,-56,15,78
1747013976.2913637,63,27,104
1747013976.3273633,10,-20,112
1747013976.362363,5,5,26
1747013976.3983634,35,11,16
1747013976.4333634,6,18,126
1747013976.4693637,26,28,38
1747013976.5043633,-65,16,130
1747013976.5393634,-19,-31,72
1747013976.5753634,-31,-11,100
1747013976.6103632,-49,-35,6
1747013976.6463633,-78,-1,28
1747013976.681363,-50,18,92
1747013976.7173634,45,-87,102
1747013976.7523634,-36,-61,44
1747013976.7873633,12,52,92
1747013976.8233633,-7,-25,34
1747013976.8583634,54,18,184
1747013976.8943634,-55,61,106
1747013976.9293633,84,-8,88
1747013976.9653633,-13,-60,152
1747013977.000363,11,25,136
1747013977.0353634,-31,-43,86
1747013977.0713634,21,20,48
1747013977.1063633,-6,82,-65
1747013977.1423633,-28,41,56
1747013977.1773634,27,57,-39
1747013977.2133634,15,-60,36
1747013977.2483633,-56,-72,58
1747013977.283363,68,-104,142
1747013977.3193634,64,17,82
1747013977.3543634,-37,-29,126
1747013977.3903637,-33,-61,176
1747013977.4253633,66,80,110
1747013977.4613633,13,-3,-13
1747013977.4963634,66,18,118
1747013977.5313632,5,-37,40
1747013977.5673633,66,18,74
1747013977.602363,-13,-41,32
1747013977.6383634,-19,-67,-9
1747013977.6733634,-72,-54,88
1747013977.7093637,30,-33,-21
1747013977.7443633,-19,-1,-65
1747013977.7793634,-13,-9,110
1747013977.8153634,-31,-53,66
1747013977.8503633,-51,-87,100
1747013977.8863633,-39,50,58
1747013977.9213634,10,-129,78
1747013977.9563634,16,16,30
1747013977.9913633,-33,-69,82
1747013978.0273633,-33,-7,6
1747013978.0633633,36,-3,48
1747013978.0983634,-5,66,76
1747013978.1413634,81,-12,-51
1747013978.1773634,-7,7,20
1747013978.2123632,-55,15,142
1747013978.247363,-39,-26,152
1747013978.283363,-11,-8,18
1747013978.3193634,28,21,76
1747013978.3543634,90,-10,34
1747013978.3903637,-8,48,116
1747013978.4253633,25,0,42
1747013978.4603634,69,12,40
1747013978.4953637,-74,-21,88
1747013978.5313632,15,-23,94
1747013978.5673633,55,-51,226
1747013978.602363,-32,-103,-15
1747013978.6383634,31,-16,16
1747013978.6733634,35,97,98
1747013978.7083633,27,-10,36
1747013978.7433634,93,41,102
1747013978.7793634,-16,38,206
1747013978.8153634,63,-59,42
1747013978.8503633,21,82,154
1747013978.8863633,9,26,60
1747013978.9213634,16,7,128
1747013978.9563634,46,35,176
1747013978.9913633,-71,56,6
1747013979.0273633,-31,-23,144
1747013979.0633633,-39,14,142
1747013979.0983634,0,-37,-33
1747013979.1343634,42,-27,168
1747013979.1693633,-79,-24,46
1747013979.204363,-28,-40,98
1747013979.2393634,-26,31,100
1747013979.2753634,-78,67,112
1747013979.3113637,-56,-28,20
1747013979.3463633,-28,-4,64
1747013979.382363,-14,41,184
1747013979.4173634,69,-54,174
1747013979.4523633,-80,31,122
1747013979.487363,11,3,-11
1747013979.5233634,51,17,132
1747013979.5593634,81,-40,118
1747013979.5943637,155,-16,16
1747013979.6303637,13,-26,-3
1747013979.6653633,41,-15,204
1747013979.7003634,29,15,68
1747013979.7353632,-94,-19,-21
1747013979.7713633,37,21,46
1747013979.8073633,7,32,168
1747013979.8423634,-2,4,156
1747013979.8783634,11,24,82
1747013979.9133637,-22,4,134
1747013979.9483633,-14,0,104
1747013979.9833634,36,-7,106
1747013980.0193634,17,-17,22
1747013980.0553634,-88,-36,70
1747013980.0903633,75,-12,88
1747013980.1263633,25,-2,4
1747013980.1613634,1,-10,-43
1747013980.1963634,55,17,-69
1747013980.2313633,-14,74,102
1747013980.2673633,-28,35,-15
1747013980.303363,27,14,4
1747013980.3383634,-36,70,54
1747013980.3743634,7,-12,90
1747013980.4093633,8,-5,30
1747013980.4443634,-11,-27,-17
1747013980.4793634,-11,-21,80
1747013980.5153637,-20,7,44
1747013980.5513637,-58,35,54
1747013980.5863633,11,-57,-43
1747013980.622363,-14,22,48
1747013980.6573634,-56,-25,220
1747013980.6923633,-32,-39,46
1747013980.727363,31,22,174
1747013980.7633634,25,32,94
1747013980.7993634,0,-129,164
1747013980.8343637,-28,41,76
1747013980.8703637,-8,-21,16
1747013980.905363,-30,10,72
1747013980.9403634,0,28,-61
1747013980.9753633,32,32,74
1747013981.0113633,35,-9,112
1747013981.0473633,22,-13,68
1747013981.0823634,46,-35,44
1747013981.1183634,-16,-21,194
1747013981.1533637,-45,54,22
1747013981.1883633,-32,40,118
1747013981.224363,84,12,112
1747013981.2593634,6,64,32
1747013981.2953634,20,-35,176
1747013981.3303633,11,-19,56
1747013981.3663633,106,-15,82
1747013981.4013634,103,42,206
1747013981.4363637,45,28,-55
1747013981.4723637,25,-106,150
1747013981.507363,-18,-6,8
1747013981.543363,-2,-2,132
1747013981.5783634,21,-30,22
1747013981.6143634,-30,1,80
1747013981.6493633,7,-27,-49
1747013981.6843634,95,29,-13
1747013981.7203634,24,-47,54
1747013981.7553637,58,-53,88
1747013981.7913637,70,-54,-49
1747013981.826363,16,-32,182
1747013981.862363,0,-8,4
1747013981.8973634,18,-26,14
1747013981.9323633,-21,-44,60
1747013981.9683633,-13,54,56
1747013982.0033634,-89,29,2
1747013982.0393634,34,-14,-63
1747013982.0743637,-69,-51,84
1747013982.1103632,-55,70,52
1747013982.145363,16,-31,-9
1747013982.1803634,-41,28,118
1747013982.2163634,-45,40,104
1747013982.2513633,-24,15,6
1747013982.2873633,-18,31,164
1747013982.3223634,19,23,166
1747013982.3583634,39,-8,4
1747013982.3933637,51,-30,-43
1747013982.428363,93,-2,42
1747013982.464363,25,69,140
1747013982.4993634,-66,-38,58
1747013982.5353634,54,-5,-19
1747013982.5703633,41,-21,118
1747013982.6063633,-12,26,-13
1747013982.6413634,25,12,-89
1747013982.6763637,7,-119,46
1747013982.7123632,3,-20,152
1747013982.747363,58,6,118
1747013982.783363,78,-1,72
1747013982.8183634,-7,40,20
1747013982.8543634,-52,67,-57
1747013982.8903637,-44,9,42
1747013982.9263637,-34,-14,4
1747013982.9623632,-82,17,-49
1747013982.9983633,21,2,-1
1747013983.0343633,5,68,46
1747013983.0693634,-22,-43,-93
1747013983.1043634,-26,-23,160
1747013983.1403637,-8,32,32
1747013983.1763637,41,38,34
1747013983.2113633,-86,-35,-13
1747013983.247363,33,-63,42
1747013983.2823634,13,-51,66
1747013983.3173633,-26,-31,22
1747013983.352363,-26,-69,124
1747013983.3883634,19,40,72
1747013983.4243634,71,-69,128
1747013983.4593637,45,-11,122
1747013983.4953637,-26,-11,86
1747013983.530363,5,-81,32
1747013983.5653634,-28,-93,160
1747013983.6003633,7,-23,87
1747013983.6363633,-55,-46,73
1747013983.6723633,-47,-6,-26
1747013983.7073634,54,-45,19
1747013983.7433634,-85,-43,82
1747013983.7783637,-31,-17,-47
1747013983.8133633,14,-47,88
1747013983.8483634,-14,-17,72
1747013983.8843634,-7,-4,116
1747013983.9203634,-32,-13,148
1747013983.9553633,7,22,134
1747013983.9913633,-32,10,34
1747013984.0263634,47,34,98
1747013984.0613637,15,10,-4
1747013984.0963633,-108,-59,114
1747013984.132363,18,-48,-69
1747013984.168363,20,47,56
1747013984.2033634,-57,-6,110
1747013984.2393634,36,-68,10
1747013984.2743633,-12,-38,200
1747013984.3093634,-19,38,96
1747013984.3443637,-75,36,172
1747013984.3803637,30,23,208
1747013984.4163637,0,35,-7
1747013984.451363,58,49,182
1747013984.487363,-28,8,-3
1747013984.5223634,115,-7,87
1747013984.5573633,-50,-33,9
1747013984.5923634,-24,-23,-34
1747013984.6283634,-24,4,199
1747013984.6643634,7,70,121
1747013984.6993637,-44,20,-54
1747013984.7353632,-45,17,107
1747013984.770363,60,27,-38
1747013984.8053634,-16,-49,87
1747013984.8403633,77,-77,-10
1747013984.8763633,-94,42,90
1747013984.9123633,26,73,97
1747013984.9473634,-16,-13,133
1747013984.9833634,-62,-13,37
1747013985.0183637,-4,63,35
1747013985.053363,-100,41,31
1747013985.0883634,-91,-2,103
1747013985.1243634,53,57,17
1747013985.1603634,28,24,127
1747013985.1953633,6,-19,27
1747013985.2313633,1,-19,89
1747013985.2663634,-19,54,95
1747013985.3013637,-69,18,252
1747013985.3363633,-51,-17,102
1747013985.372363,14,-33,117
1747013985.408363,3,-66,48
1747013985.4433634,-9,64,76
1747013985.4793634,-1,-5,72
1747013985.5143633,-18,-64,-9
1747013985.5493634,-2,-40,120
1747013985.5853634,-6,1,102
1747013985.6203637,-60,40,-16
1747013985.6563632,-44,77,159
1747013985.691363,67,1,15
1747013985.727363,-36,37,101
1747013985.7623634,-10,65,73
1747013985.7973633,50,-48,163
1747013985.8323634,4,-70,45
1747013985.8683634,32,-68,13
1747013985.9043634,-43,45,87
1747013985.9393632,76,-14,115
1747013985.9753633,17,0,78
1747013986.010363,47,-44,94
1747013986.0453634,-76,19,-39
1747013986.0813634,23,0,134
1747013986.1163633,-48,33,39
1747013986.1523633,-21,24,15
1747013986.1873634,1,-4,95
1747013986.2233634,27,-3,137
1747013986.2583632,75,-27,58
1747013986.293363,17,-2,42
1747013986.329363,17,-3,45
1747013986.3643634,53,-52,-14
1747013986.4003634,-24,-30,101
1747013986.4353633,31,-73,-10
1747013986.4713633,73,-38,107
1747013986.5063634,21,19,-70
1747013986.5413637,-24,63,77
1747013986.5773633,-12,10,149
1747013986.612363,59,13,75
1747013986.6483634,39,-53,103
1747013986.6833634,11,37,45
1747013986.7193637,61,69,23
1747013986.7543633,30,-1,-24
1747013986.7893634,-20,41,63
1747013986.8253634,56,108,147
1747013986.8603632,-3,-25,207
1747013986.8963633,-49,-53,-44
1747013986.931363,16,22,-16
1747013986.9673634,86,-27,111
1747013987.0023634,36,-27,163
1747013987.0373633,-25,-53,117
1747013987.0733633,-29,-7,7
1747013987.1083634,-59,-149,151
1747013987.1443634,56,-1,55
1747013987.1793633,-83,4,105
1747013987.2153633,-25,-39,65
1747013987.250363,-81,-5,23
1747013987.2853634,-1,22,151
1747013987.3213634,-3,-19,75
1747013987.3563633,-47,8,85
1747013987.3923633,56,-49,163
1747013987.4273634,28,52,103
1747013987.4633634,10,-33,57
1747013987.4983633,32,-27,0
1747013987.533363,-25,11,93
1747013987.5693634,-21,-28,67
1747013987.6043634,-37,-15,33
1747013987.6403637,8,-2,53
1747013987.6753633,-49,-50,137
1747013987.7113633,-7,37,119
1747013987.7463634,2,-30,145
1747013987.7813632,-13,39,-4
1747013987.8173633,-3,-16,113
1747013987.852363,-53,-16,133
1747013987.8883634,-7,-6,31
1747013987.9233634,-25,-8,7
1747013987.9593637,-13,38,83
1747013987.9953637,8,-36,55
1747013988.030363,20,-40,85
1747013988.0653634,28,32,15
1747013988.1013634,-9,-17,37
1747013988.1443634,47,31,39
1747013988.1803634,-48,-14,157
1747013988.2163634,39,-60,245
1747013988.2513633,87,7,19
1747013988.2873633,-36,59,39
1747013988.3233633,-61,32,11
1747013988.3583634,11,29,169
1747013988.3933637,-64,-24,-16
1747013988.4293633,-31,40,33
1747013988.4653633,-9,-8,67
1747013988.500363,10,-4,-14
1747013988.5363634,-58,-7,209
1747013988.5713634,37,2,115
1747013988.6063633,41,-71,51
1747013988.6413634,17,40,73
1747013988.6773634,44,-77,235
1747013988.7133634,34,50,-26
1747013988.7483633,67,86,15
1747013988.7843633,-66,-5,15
1747013988.8193634,47,42,103
1747013988.8543634,-61,-16,-56
1747013988.8893633,0,-14,49
1747013988.9253633,12,-10,153
1747013988.9613633,-30,-79,133
1747013988.9963634,57,-19,127
1747013989.0323634,40,-32,64
1747013989.0673633,33,-57,38
1747013989.102363,32,5,86
1747013989.1373634,54,45,146
1747013989.1733634,114,-4,60
1747013989.2093637,-55,-25,100
1747013989.2443633,-11,52,28
1747013989.280363,32,21,60
1747013989.3153634,24,45,38
1747013989.3503633,0,57,62
1747013989.385363,-8,-82,9
1747013989.4213634,-28,3,43
1747013989.4573634,45,-12,19
1747013989.4923637,45,49,107
1747013989.5283637,15,15,49
1747013989.5633633,52,74,-10
1747013989.5983634,69,11,19
1747013989.6333632,1,29,65
1747013989.6693633,6,-38,-1
1747013989.7053633,64,31,134
1747013989.7403634,56,-6,192
1747013989.7763634,18,-6,-25
1747013989.8113637,-123,-41,92
1747013989.8463633,27,-11,55
1747013989.8813634,-8,-5,-88
1747013989.9173634,0,22,79
1747013989.9533634,11,11,63
1747013989.9883633,-98,-72,119
1747013990.0243633,-34,-25,160
1747013990.0593634,47,56,92
1747013990.0943637,1,22,116
1747013990.1293633,-80,-15,108
1747013990.1653633,-16,2,-27
1747013990.201363,5,54,76
1747013990.2363634,62,-118,140
1747013990.2723634,-61,39,132
1747013990.3073633,5,19,-3
1747013990.3423634,-4,15,38
1747013990.3773634,2,-12,20
1747013990.4133637,-97,21,-77
1747013990.4493637,46,-16,114
1747013990.4843633,-12,15,72
1747013990.520363,-76,-28,108
1747013990.5553634,-34,-104,152
1747013990.5903633,57,13,-19
1747013990.625363,-24,-38,-49
1747013990.6613634,-2,31,118
1747013990.6973634,59,-30,78
1747013990.7323637,27,-6,174
1747013990.7683637,-10,-15,62
1747013990.803363,47,82,162
1747013990.8383634,45,-53,168
1747013990.8733633,-6,-12,98
1747013990.9093633,9,-32,80
1747013990.9453633,-8,79,6
1747013990.9803634,41,83,56
1747013991.0163634,-33,-39,86
1747013991.0513637,84,-79,30
1747013991.0863633,-82,48,84
1747013991.1213634,61,7,162
1747013991.1573634,-10,-58,150
1747013991.1933634,43,39,86
1747013991.2283633,33,-70,54
1747013991.2643633,-14,-86,136
1747013991.2993634,-4,25,-3
1747013991.3343637,43,-2,28
1747013991.3703637,-14,-20,-3
1747013991.405363,33,-46,-21
1747013991.441363,-3,-26,130
1747013991.4763634,-59,-88,-49
1747013991.5123634,28,13,64
1747013991.5473633,-6,-23,32
1747013991.5823634,9,-34,8
1747013991.6183634,-94,-46,44
1747013991.6533637,-34,-32,152
1747013991.6893632,-36,-66,0
1747013991.724363,-80,25,-51
1747013991.760363,59,-10,148
1747013991.7953634,21,-2,56
1747013991.8303633,-46,-3,-13
1747013991.8663633,7,8,-25
1747013991.9013634,-26,10,-3
1747013991.9373634,99,-23,-13
1747013991.9723637,-60,16,2
1747013992.0083632,-72,34,198
1747013992.043363,-54,-62,46
1747013992.0783634,26,-71,174
1747013992.1143634,12,6,58
1747013992.1493633,56,62,96
1747013992.1853633,-35,42,74
1747013992.2203634,50,46,130
1747013992.2563634,46,-5,38
1747013992.2913637,40,-1,-29
1747013992.326363,-9,-9,32
1747013992.362363,-5,60,128
1747013992.3973634,22,-23,30
1747013992.4333634,60,39,140
1747013992.4683633,-98,-6,-37
1747013992.5043633,65,-114,64
1747013992.5393634,-16,5,74
1747013992.5743637,-28,-46,50
1747013992.6103632,-56,37,202
1747013992.645363,8,23,218
1747013992.681363,16,-26,118
1747013992.7163634,30,-14,128
1747013992.7523634,-21,41,142
1747013992.7873633,-25,27,4
1747013992.8223634,10,-24,26
1747013992.8583634,-77,-42,132
1747013992.8933637,-19,-8,-47
1747013992.9293633,-43,-48,40
1747013992.964363,56,26,166
1747013993.000363,22,-104,42
1747013993.0353634,-69,-40,114
1747013993.0703633,16,0,120
1747013993.1063633,56,-20,136
1747013993.1413634,67,-10,72
1747013993.1773634,-30,9,48
1747013993.2123632,11,44,146
1747013993.247363,4,-4,186
1747013993.2823634,47,30,96
1747013993.3183634,7,-49,88
1747013993.3543634,-7,-28,-9
1747013993.3893633,-21,-56,88
1747013993.4253633,-40,-4,120
1747013993.4603634,-23,-21,-27
1747013993.4953637,88,62,100
1747013993.530363,-5,29,142
1747013993.566363,80,36,42
1747013993.602363,-31,-47,54
1747013993.6373634,-45,10,34
1747013993.6733634,-51,-7,134
1747013993.7083633,16,24,90
1747013993.7433634,8,-17,98
1747013993.7783637,-43,-11,160
1747013993.8143632,0,-31,20
1747013993.8503633,-15,85,140
1747013993.885363,96,15,62
1747013993.9213634,2,7,92
1747013993.9563634,-64,53,158
1747013993.9913633,6,-13,134
1747013994.0263634,-121,44,72
1747013994.0623634,-17,14,86
1747013994.0983634,-16,-42,86
1747013994.1333632,31,18,-1
1747013994.1693633,-24,3,100
1747013994.204363,-52,21,196
1747013994.2393634,19,-45,10
1747013994.2743633,-2,18,30
1747013994.3103633,69,8,-9
1747013994.3463633,55,-16,86
1747013994.3813634,25,29,-31
1747013994.4173634,29,-77,32
1747013994.4523633,11,2,104
1747013994.487363,71,-41,132
1747013994.5223634,59,-4,0
1747013994.5583634,-1,16,50
1747013994.5943637,-10,5,8
1747013994.6293633,57,53,88
1747013994.6653633,-4,7,92
1747013994.7003634,-4,-18,32
1747013994.7353632,-24,45,124
1747013994.770363,-8,17,51
1747013994.806363,-66,-24,-22
1747013994.8423634,49,9,17
1747013994.8773634,-22,77,-16
1747013994.9133637,-4,-46,-22
1747013994.9483633,83,27,133
1747013994.9833634,-76,51,-71
1747013995.0183637,27,76,48
1747013995.0543633,35,-3,57
1747013995.0903633,39,-13,31
1747013995.125363,20,-7,105
1747013995.1613634,-28,-41,75
1747013995.1963634,25,-15,115
1747013995.2313633,23,-57,83
1747013995.2663634,-14,57,14
1747013995.3023634,-20,0,204
1747013995.3383634,5,8,-91
1747013995.3733633,28,78,144
1747013995.4093633,-69,19,51
1747013995.4443634,-15,0,17
1747013995.4793634,-43,57,123
1747013995.5143633,-21,-78,41
1747013995.5503633,7,-3,137
1747013995.5863633,8,-41,1
1747013995.6213634,-17,-21,3
1747013995.6573634,-9,-61,15
1747013995.6923633,40,-41,139
1747013995.727363,-27,0,-11
1747013995.7623634,-21,18,180
1747013995.7983634,16,-11,112
1747013995.8343637,21,17,4
1747013995.8693633,10,-25,52
1747013995.905363,-1,-49,42
1747013995.9403634,11,50,22
1747013995.9753633,-26,-31,128
1747013996.010363,3,-23,214
1747013996.0463634,-6,-1,30
1747013996.0823634,38,-7,142
1747013996.1173637,50,72,154
1747013996.1533637,9,50,-21
1747013996.1883633,2,23,120
1747013996.2233634,17,80,38
1747013996.2583632,12,35,36
1747013996.2943633,-3,-60,66
1747013996.3303633,-31,9,-76
1747013996.3653634,34,3,129
1747013996.4013634,-8,34,185
1747013996.4363637,-47,93,-10
1747013996.4713633,3,-35,1
1747013996.507363,-21,-61,-26
1747013996.5423634,42,52,39
1747013996.5783634,-63,66,75
1747013996.6133633,-97,-51,83
1747013996.6493633,94,88,113
1747013996.6843634,-51,-25,71
1747013996.7193637,-61,17,-6
1747013996.7553637,-53,-36,41
1747013996.7903633,-45,-4,159
1747013996.826363,-52,-21,95
1747013996.8613634,0,14,171
1747013996.8973634,38,-27,-5
1747013996.9323633,18,-77,110
1747013996.9673634,-11,-31,58
1747013997.0033634,17,-43,-5
1747013997.0383637,-54,-37,8
1747013997.0743637,49,16,6
1747013997.1103632,-22,-53,74
1747013997.1463633,-84,82,102
1747013997.181363,49,-53,40
1747013997.2173634,-60,115,64
1747013997.2523634,31,55,38
1747013997.2873633,33,2,94
1747013997.3233633,33,57,0
1747013997.3583634,-54,14,60
1747013997.3943634,3,2,117
1747013997.4293633,1,-57,173
1747013997.4653633,-30,6,207
1747013997.500363,0,-60,-52
1747013997.5353634,65,31,135
1747013997.5713634,-30,-142,89
1747013997.6063633,-34,41,-16
1747013997.6423633,98,-82,77
1747013997.6773634,-1,-58,1
1747013997.7133634,8,4,5
1747013997.7483633,-1,-43,49
1747013997.783363,-17,0,63
1747013997.8193634,46,-13,62
1747013997.8543634,28,-61,32
1747013997.8903637,60,35,56
1747013997.9253633,29,-53,92
1747013997.9613633,11,60,28
1747013997.9963634,-17,5,158
1747013998.0313632,26,-2,36
1747013998.0673633,-7,-36,-71
1747013998.102363,134,19,14
1747013998.145363,53,-89,74
1747013998.181363,-58,-41,186
1747013998.2173634,76,-24,113
1747013998.2533634,-84,-49,81
1747013998.2893634,-37,17,119
1747013998.3253634,56,-18,-28
1747013998.3603632,-53,19,51
1747013998.395363,-9,-31,57
1747013998.431363,-45,-19,-66
1747013998.4673634,-61,34,89
1747013998.5023634,-15,36,37
1747013998.5383637,-34,-45,37
1747013998.5733633,41,-11,145
1747013998.6083634,3,-71,69
1747013998.6433637,-67,10,29
1747013998.6793633,14,36,51
1747013998.7153633,5,42,111
1747013998.750363,-72,-35,43
1747013998.7863634,-38,-47,61
1747013998.8213634,18,-80,147
1747013998.8563633,-35,99,-48
1747013998.8913634,-47,-60,171
1747013998.9273634,-24,-7,5
1747013998.9633634,-40,-37,103
1747013998.9983633,-7,7,59
1747013999.0343633,-63,-22,-96
1747013999.0693634,-28,14,149
1747013999.1043634,12,-48,-55
1747013999.1393633,72,1,17
1747013999.1753633,-43,-42,242
1747013999.2113633,80,5,111
1747013999.2463634,-3,45,7
1747013999.2823634,49,40,61
1747013999.3173633,9,-55,61
1747013999.352363,6,28,195
1747013999.3873634,43,36,49
1747013999.4233634,11,20,117
1747013999.4593637,17,22,47
1747013999.4943633,3,-59,17
1747013999.530363,-18,48,67
1747013999.5653634,27,-21,11
1747013999.6003633,-46,6,123
1747013999.635363,-77,33,17
1747013999.6713634,10,-24,13
1747013999.7073634,50,-48,89
1747013999.7423637,-34,78,79
1747013999.7783637,9,-45,105
1747013999.8133633,2,53,47
1747013999.8483634,37,-17,-18
1747013999.8833632,31,38,89
1747013999.9193633,-11,-12,167
1747013999.9553633,30,13,161
1747013999.9903634,-1,-22,87
1747014000.0263634,34,83,49
1747014000.0613637,60,55,-14
1747014000.0963633,80,49,-52
1747014000.1313634,-12,0,27
1747014000.1673634,-42,-8,257
1747014000.2033634,23,-20,125
1747014000.2383633,62,1,67
1747014000.2743633,0,-74,45
1747014000.3093634,34,-32,233
1747014000.3443637,40,7,65
1747014000.3793633,89,-42,35
1747014000.4153633,-15,27,121
1747014000.451363,45,-28,61
1747014000.4863634,-78,-90,7
1747014000.5223634,28,67,141
1747014000.5573633,10,73,53
1747014000.5923634,-7,-65,-12
1747014000.6273634,-23,8,75
1747014000.6633637,38,-29,137
1747014000.6993637,-30,-22,17
1747014000.7343633,-34,-16,125
1747014000.770363,-10,7,31
1747014000.8053634,85,33,59
1747014000.8403633,37,-16,163
1747014000.875363,8,-30,151
1747014000.9113634,54,0,67
1747014000.9473634,-19,-68,103
1747014000.9823637,-22,6,37
1747014001.0183637,15,27,13
1747014001.053363,-14,51,25
1747014001.0883634,1,1,28
1747014001.1233633,-52,1,192
1747014001.1593633,1,-88,82
1747014001.1953633,-42,7,53
1747014001.2303634,95,13,92
1747014001.2663634,51,115,-43
1747014001.3013637,105,60,4
1747014001.3363633,27,9,-3
1747014001.372363,0,89,94
1747014001.4073634,19,-21,-55
1747014001.4433634,13,41,46
1747014001.4783633,-46,-60,194
1747014001.5143633,-50,9,114
1747014001.5493634,17,-48,-11
1747014001.5843637,85,-28,168
1747014001.6203637,25,21,56
1747014001.655363,45,-1,82
1747014001.691363,-12,16,86
1747014001.7263634,5,24,18
1747014001.7623634,63,18,182
1747014001.7973633,31,-83,112
1747014001.8323634,-86,-35,-79
1747014001.8683634,17,-10,184
1747014001.9033637,35,-22,104
1747014001.9393632,23,-49,14
1747014001.974363,-22,-55,52
1747014002.010363,-56,40,54
1747014002.0453634,7,12,26
1747014002.0803633,10,50,2
1747014002.1163633,-25,-18,208
1747014002.1513634,-42,64,54
1747014002.1873634,23,-47,72
1747014002.2223637,-4,-108,110
1747014002.2583632,9,-47,82
1747014002.293363,-14,-58,82
1747014002.3283634,31,-26,8
1747014002.3643634,-3,-4,46
1747014002.3993633,-7,-34,80
1747014002.4363637,-68,3,68
1747014002.4713633,39,29,120
1747014002.507363,35,-42,-37
1747014002.5423634,-34,-36,34
1747014002.5783634,49,-16,118
1747014002.6133633,37,-14,120
1747014002.6483634,-4,-20,174
1747014002.6843634,23,13,94
1747014002.7193637,-38,35,204
1747014002.7553637,-17,76,40
1747014002.7903633,-59,-29,8
1747014002.826363,-21,-19,86
1747014002.8613634,-47,24,138
1747014002.8963633,-61,14,126
1747014002.9323633,-5,-73,-45
1747014002.9673634,-103,14,120
1747014003.0033634,31,27,74
1747014003.0383637,-20,-24,86
1747014003.0743637,25,-19,18
1747014003.1093633,-50,-43,80
1747014003.1443634,-38,82,162
1747014003.1803634,-5,0,10
1747014003.2153633,32,-14,62
1747014003.2513633,-99,33,26
1747014003.2863634,-55,3,84
1747014003.3213634,-20,4,238
1747014003.3563633,4,-24,102
1747014003.3923633,-21,-60,154
1747014003.428363,15,-37,-121
1747014003.4633634,-18,24,28
1747014003.4993634,21,-35,170
1747014003.5343633,-20,-25,-23
1747014003.5693634,-34,-53,76
1747014003.6043634,7,16,78
1747014003.6403637,13,-57,108
1747014003.6763637,12,-44,146
1747014003.7113633,-14,28,24
1747014003.747363,42,55,102
1747014003.7823634,38,37,98
1747014003.8173633,7,-27,126
1747014003.852363,-22,0,118
1747014003.8883634,13,51,68
1747014003.9243634,0,39,198
1747014003.9593637,3,-12,126
1747014003.9953637,-32,-74,148
1747014004.030363,-34,-78,46
1747014004.0653634,-100,75,2
1747014004.1003633,-41,26,-9
1747014004.1363633,-37,-34,66
1747014004.1723633,10,37,102
1747014004.2073634,-45,-48,178
1747014004.2433634,28,-38,110
1747014004.2783637,-79,23,-35
1747014004.3133633,34,-2,87
1747014004.3483634,-7,-57,100
1747014004.3843634,-33,71,15
1747014004.4203634,2,-4,1
1747014004.4553633,24,17,89
1747014004.4913633,21,6,-42
1747014004.5263634,-7,-10,23
1747014004.5613637,38,-4,-4
1747014004.5963633,24,-22,191
1747014004.632363,16,67,66
1747014004.668363,-35,41,186
1747014004.7033634,60,-50,42
1747014004.7393634,-21,31,54
1747014004.7743633,60,19,136
1747014004.8093634,-35,-42,142
1747014004.8443637,-11,0,2
1747014004.8803637,-39,-6,16
1747014004.9163637,22,13,116
1747014004.951363,38,2,-30
1747014004.987363,22,-101,95
1747014005.0223634,-45,4,-2
1747014005.0573633,10,10,55
1747014005.0923634,-74,-26,67
1747014005.1283634,-33,-81,103
1747014005.1643634,16,-9,199
1747014005.2003634,89,19,105
1747014005.2363634,-45,22,129
1747014005.2713633,19,57,41
1747014005.3073633,25,-4,135
1747014005.3423634,-22,19,-20
1747014005.3773634,65,-58,37
1747014005.4123633,29,-60,35
1747014005.4483633,-30,21,17
1747014005.4843633,-46,-58,125
1747014005.5193634,-60,-28,19
1747014005.5553634,-30,-34,105
1747014005.5903633,-72,-12,36
1747014005.625363,-6,19,58
1747014005.6603634,51,58,68
1747014005.6963634,39,-12,50
1747014005.7323637,-9,-1,-25
1747014005.7673633,-108,-64,0
1747014005.803363,-36,43,16
1747014005.8383634,-8,-16,148
1747014005.8733633,-56,45,48
1747014005.908363,37,51,48
1747014005.9443634,-64,-82,54
1747014005.9803634,-64,7,106
1747014006.0153637,-17,-24,62
1747014006.0513637,26,30,38
1747014006.0863633,36,-25,86
1747014006.1213634,-36,78,172
1747014006.1563632,19,-11,-37
1747014006.1923633,39,-9,-21
1747014006.2283633,99,32,190
1747014006.2633634,-38,-53,126
1747014006.2993634,29,-39,96
1747014006.3343637,42,-35,46
1747014006.3693633,14,34,107
1747014006.4043634,-33,22,62
1747014006.4403634,24,-49,64
1747014006.4763634,18,8,66
1747014006.5113633,20,58,-31
1747014006.5473633,26,34,78
1747014006.5823634,0,-25,74
1747014006.6173637,-11,50,34
1747014006.6533637,-22,-1,102
1747014006.6883633,-25,-82,62
1747014006.724363,-41,-38,-35
1747014006.7593634,-57,-30,4
1747014006.7953634,6,-34,96
1747014006.8303633,0,-68,73
1747014006.8653634,-61,35,-114
1747014006.9013634,4,-39,-38
1747014006.9363637,26,-29,133
1747014006.9723637,80,-51,33
1747014007.007363,12,-9,-10
1747014007.043363,1,-40,-20
1747014007.0783634,52,-69,55
1747014007.1133633,-45,-3,-2
1747014007.1493633,-47,-11,33
1747014007.1843634,24,-37,21
1747014007.2203634,-40,50,68
1747014007.2553637,-24,14,-11
1747014007.2913637,3,-9,96
1747014007.326363,-6,10,54
1747014007.3613634,-29,30,112
1747014007.3973634,-1,19,50
1747014007.4323633,-25,11,96
1747014007.4683633,4,24,80
1747014007.5033634,-23,-31,-15
1747014007.5393634,54,-101,184
1747014007.5743637,-77,30,246
1747014007.6093633,-65,28,177
1747014007.645363,20,60,75
1747014007.6803634,112,2,61
1747014007.7163634,4,-1,105
1747014007.7513633,22,0,153
1747014007.7873633,56,-13,-24
1747014007.8223634,0,58,43
1747014007.8573637,-47,-7,-14
1747014007.8933637,18,98,55
1747014007.928363,-17,-27,169
1747014007.964363,-58,-59,71
1747014007.9993634,-27,-36,25
1747014008.0343633,40,-10,77
1747014008.0693634,-113,44,213
1747014008.1053634,-71,32,105
1747014008.1483634,14,-79,113
1747014008.1843634,24,-21,65
1747014008.2203634,-3,28,153
1747014008.2553637,-31,36,49
1747014008.2913637,32,24,83
1747014008.326363,-37,34,47
1747014008.3613634,-54,-6,71
1747014008.3973634,-6,84,103
1747014008.4323633,-4,-11,87
1747014008.4683633,33,70,31
1747014008.5033634,-20,-12,11
1747014008.5383637,17,19,57
1747014008.5733633,126,28,-64
1747014008.6093633,62,76,285
1747014008.645363,3,15,77
1747014008.6803634,-8,-7,67
1747014008.7163634,-50,-51,51
1747014008.7513633,15,40,151
1747014008.7863634,57,-57,153
1747014008.8213634,43,35,-30
1747014008.8573637,-10,21,207
1747014008.8933637,31,50,25
1747014008.928363,-58,-110,153
1747014008.964363,-28,11,123
1747014008.9993634,45,13,129
1747014009.0343633,37,9,127
1747014009.0693634,-14,0,35
1747014009.1053634,7,-54,61
1747014009.1413634,-76,-34,73
1747014009.1763637,-68,25,7
1747014009.2123632,117,-12,125
1747014009.247363,-46,7,45
1747014009.2823634,-16,15,47
1747014009.3173633,-56,12,163
1747014009.3533633,-14,-33,107
1747014009.3893633,-74,-15,103
1747014009.4243634,107,82,29
1747014009.4603634,-74,-15,47
1747014009.4953637,45,56,173
1747014009.530363,0,-89,31
1747014009.5653634,-26,29,85
1747014009.6013634,-40,42,-24
1747014009.6373634,-20,26,65
1747014009.6723633,41,-17,-88
1747014009.7083633,0,-4,101
1747014009.7433634,18,13,-24
1747014009.7783637,64,-50,131
1747014009.8133633,-59,-62,57
1747014009.849363,24,-56,235
1747014009.885363,-23,-100,15
1747014009.9203634,-9,5,-4
1747014009.9563634,19,4,141
1747014009.9913633,47,105,-14
1747014010.0263634,-26,-30,35
1747014010.0613637,65,21,-116
1747014010.0973637,5,9,-10
1747014010.1333632,45,12,-26
1747014010.168363,-70,-43,49
1747014010.204363,27,-25,159
1747014010.2393634,-10,34,149
1747014010.2743633,-56,-21,39
1747014010.3093634,-18,20,69
1747014010.3453634,65,-37,-2
1747014010.3813634,3,-41,143
1747014010.4163637,-3,-116,93
1747014010.4523633,74,29,17
1747014010.487363,-27,1,79
1747014010.5223634,-3,-56,43
1747014010.5573633,74,69,89
1747014010.5933633,-17,-6,51
1747014010.6293633,6,1,97
1747014010.6643634,-47,-82,41
1747014010.7003634,42,43,-54
1747014010.7353632,99,3,41
1747014010.770363,26,29,9
1747014010.8053634,-97,-17,43
1747014010.8413634,2,59,103
1747014010.8773634,4,13,-70
1747014010.9123633,82,77,65
1747014010.9483633,57,-21,9
1747014010.9833634,27,-26,53
1747014011.0183637,-24,26,63
1747014011.053363,15,6,63
1747014011.089363,2,-68,63
1747014011.125363,24,-44,13
1747014011.1603634,10,1,145
1747014011.1963634,25,-46,113
1747014011.2313633,-43,17,159
1747014011.2663634,-33,-14,139
1747014011.3013637,-25,-42,85
1747014011.3373632,44,-100,165
1747014011.3733633,24,5,153
1747014011.408363,34,-44,25
1747014011.4443634,100,-4,53
1747014011.4793634,4,9,73
1747014011.5143633,20,1,89
1747014011.5493634,-11,-20,-20
1747014011.5853634,-5,-84,177
1747014011.6213634,0,-70,-24
1747014011.6563632,-35,-142,99
1747014011.6923633,10,47,43
1747014011.727363,45,64,19
1747014011.7623634,-10,-57,3
1747014011.7983634,-18,0,66
1747014011.8333633,-16,-3,118
1747014011.8693633,-4,-3,50
1747014011.9043634,-78,54,62
1747014011.9403634,12,-110,110
1747014011.9753633,34,15,44
1747014012.010363,-21,21,58
1747014012.0463634,115,6,176
1747014012.0813634,13,11,-19
1747014012.1173637,-16,-14,114
1747014012.1523633,-24,71,137
1747014012.1883633,-19,70,-10
1747014012.2233634,-79,-31,11
1747014012.2583632,24,-35,35
1747014012.2943633,22,-65,79
1747014012.329363,2,40,37
1747014012.3653634,-69,-45,81
1747014012.4003634,27,-70,49
1747014012.4363637,-2,-44,77
1747014012.4713633,27,-47,15
1747014012.5063634,-12,-3,79
1747014012.5423634,-16,-25,165
1747014012.5773633,-8,28,77
1747014012.6133633,-12,13,63
1747014012.6483634,83,104,-12
1747014012.6843634,29,-37,21
1747014012.7193637,5,-39,13
1747014012.7543633,-24,-7,31
1747014012.7903633,-108,51,55
1747014012.8253634,-58,31,163
1747014012.8613634,-18,-8,49
1747014012.8963633,71,31,45
1747014012.9323633,7,7,17
1747014012.9673634,13,21,7
1747014013.0023634,39,37,63
1747014013.0383637,70,57,71
1747014013.0733633,-35,-72,49
1747014013.1093633,18,67,-2
1747014013.1443634,120,3,137
1747014013.1803634,67,-8,137
1747014013.2153633,95,47,87
1747014013.250363,38,-40,-54
1747014013.2863634,11,1,59
1747014013.3213634,-86,-22,41
1747014013.3573637,-18,0,63
1747014013.3923633,43,-48,111
1747014013.428363,9,-94,-60
1747014013.464363,-72,-8,17
1747014013.4993634,-6,-26,99
1747014013.5343633,1,19,73
1747014013.5703633,0,-12,79
1747014013.6063633,-30,-94,69
1747014013.6413634,-14,-30,61
1747014013.6773634,-56,-12,89
1747014013.7123632,16,-23,161
1747014013.747363,39,-18,109
1747014013.7823634,-40,29,25
1747014013.8183634,-26,-4,175
1747014013.8543634,55,-8,21
1747014013.8893633,0,-50,49
1747014013.9253633,-34,23,27
1747014013.9603634,65,-20,25
1747014013.9953637,-32,29,-16
1747014014.030363,-48,-28,59
1747014014.066363,-3,9,129
1747014014.102363,-20,-84,121
1747014014.1373634,7,11,61
1747014014.1733634,1,91,92
1747014014.2083633,51,-5,98
1747014014.2433634,1,34,170
1747014014.2783637,81,80,5
1747014014.3143632,-36,6,111
1747014014.3503633,151,-11,106
1747014014.385363,-18,13,122
1747014014.4213634,-24,-35,-45
1747014014.4563634,-48,54,92
1747014014.4913633,-66,-91,50
1747014014.5263634,-16,-59,18
1747014014.5623634,-2,36,74
1747014014.5983634,2,18,40
1747014014.6333632,-56,22,-31
1747014014.6693633,77,-19,-23
1747014014.704363,37,8,92
1747014014.7393634,22,-119,26
1747014014.7743633,80,66,86
1747014014.8103633,71,59,76
1747014014.8463633,-28,48,138
1747014014.8813634,-22,-26,0
1747014014.9173634,-16,13,26
1747014014.9523633,49,-20,96
1747014014.987363,-88,13,39
1747014015.0223634,21,-108,22
1747014015.0583634,43,-18,96
1747014015.0943637,107,-22,10
1747014015.1293633,-10,0,10
1747014015.1653633,-14,-24,136
1747014015.2003634,-40,-8,-41
1747014015.2353632,-40,0,94
1747014015.270363,-40,-10,84
1747014015.306363,7,1,54
1747014015.3423634,-72,82,-11
1747014015.3773634,12,-41,30
1747014015.4133637,45,86,-45
1747014015.4483633,6,-55,38
1747014015.4833634,55,-23,106
1747014015.5183637,28,69,-69
1747014015.5543633,48,35,42
1747014015.5903633,-9,0,-13
1747014015.625363,-27,-68,54
1747014015.6613634,-11,33,116
1747014015.6963634,22,-2,34
1747014015.7313633,66,49,62
1747014015.7663634,-79,6,2
1747014015.8023634,-23,-91,54
1747014015.8383634,-17,-79,70
1747014015.8733633,-15,-17,140
1747014015.9093633,-57,41,80
1747014015.9443634,-7,-34,46
1747014015.9793634,102,-16,-53
1747014016.0143633,-31,-86,44
1747014016.0503633,44,-14,42
1747014016.0863633,81,8,92
1747014016.1213634,49,10,-105
1747014016.1573634,33,-11,46
1747014016.1923633,39,-63,108
1747014016.227363,41,36,-21
1747014016.2623634,15,-71,-3
1747014016.2983634,-47,-33,74
1747014016.3343637,-17,20,134
1747014016.3693633,14,-31,24
1747014016.405363,-67,-25,100
1747014016.4403634,16,-43,42
1747014016.4753633,36,-3,98
1747014016.510363,163,28,80
1747014016.5463634,11,-49,84
1747014016.5823634,-56,-23,96
1747014016.6173637,21,0,86
1747014016.6533637,25,-1,80
1747014016.6883633,-6,34,18
1747014016.7233634,89,46,26
1747014016.7593634,7,0,8
1747014016.7943633,7,-43,-31
1747014016.8303633,48,-40,-13
1747014016.8653634,-21,22,114
1747014016.9013634,-23,-33,-1
1747014016.9363637,-32,-31,-81
1747014016.9713633,-34,-9,110
1747014017.007363,-2,-63,70
1747014017.0423634,73,18,12
1747014017.0783634,24,6,46
1747014017.1133633,19,34,-41
1747014017.1493633,-14,44,224
1747014017.1843634,-62,-1,50
1747014017.2193637,7,-7,172
1747014017.2553637,-63,28,90
1747014017.2903633,51,18,116
1747014017.326363,54,23,52
1747014017.3613634,-40,23,-3
1747014017.3973634,0,-38,-87
1747014017.4323633,-119,-85,46
1747014017.4673634,-18,59,120
1747014017.5033634,30,-29,32
1747014017.5383637,-17,18,192
1747014017.5743637,-15,37,62
1747014017.6093633,8,74,-5
1747014017.645363,-41,-25,84
1747014017.6803634,-31,-37,96
1747014017.7153633,10,46,140
1747014017.7513633,-127,49,150
1747014017.7863634,-29,-78,60
1747014017.8223634,-20,25,-49
1747014017.8573637,-8,28,106
1747014017.8933637,33,-6,18
1747014017.928363,59,-83,2
1747014017.9633634,-40,10,44
1747014017.9993634,-24,2,100
1747014018.0343633,56,-24,144
1747014018.0703633,8,-7,-99
1747014018.1053634,100,-19,54
1747014018.1413634,66,11,18
1747014018.1833634,58,41,24
1747014018.2193637,-31,-22,38
1747014018.2553637,-51,0,-77
1747014018.2903633,6,0,10
1747014018.326363,-26,-27,-5
1747014018.3613634,-19,37,26
1747014018.3973634,-8,-3,106
1747014018.4323633,34,-34,16
1747014018.4673634,58,37,-1
1747014018.5033634,-89,25,-19
1747014018.5383637,-25,-30,73
1747014018.5743637,44,23,125
1747014018.6093633,-3,9,1
1747014018.6443634,63,-75,181
1747014018.6793633,69,-19,-105
1747014018.7153633,-9,-12,100
1747014018.7513633,-85,-30,112
1747014018.7863634,52,-33,0
1747014018.8223634,30,-25,74
1747014018.8573637,20,42,42
1747014018.8923633,54,-57,74
1747014018.9273634,1,-53,24
1747014018.9633634,77,56,56
1747014018.9993634,-6,40,138
1747014019.0343633,0,-47,84
1747014019.0703633,-33,-30,12
1747014019.1053634,33,-55,6
1747014019.1403637,73,0,16
1747014019.1753633,13,60,132
1747014019.2113633,-60,-55,34
1747014019.247363,35,-47,73
1747014019.2823634,37,-33,-62
1747014019.3183634,-40,34,119
1747014019.3533633,-58,-25,99
1747014019.3883634,37,-101,69
1747014019.4233634,55,-37,47
1747014019.4593637,-68,19,45
1747014019.4953637,-18,-77,-12
1747014019.530363,19,-15,73
1747014019.566363,-30,-39,235
1747014019.6013634,5,4,23
1747014019.6363633,3,-47,43
1747014019.6713634,-29,-47,99
1747014019.7073634,76,-49,57
1747014019.7433634,-78,30,-32
1747014019.7783637,27,102,102
1747014019.8143632,33,4,21
1747014019.849363,23,28,-40
1747014019.8843634,23,-17,141
1747014019.9193633,-34,-3,40
1747014019.9553633,-52,16,96
1747014019.9913633,-6,-3,38
1747014020.0263634,-8,-63,48
1747014020.0623634,-62,-81,36
1747014020.0973637,7,-72,30
1747014020.132363,15,-59,-31
1747014020.1673634,27,-51,82
1747014020.2033634,48,22,-5
1747014020.2393634,15,-61,88
1747014020.2743633,35,27,40
1747014020.3103633,43,0,24
1747014020.3453634,-50,52,92
1747014020.3803637,5,9,-5
1747014020.4153633,9,-17,50
1747014020.451363,-14,-1,48
1747014020.487363,23,-26,164
1747014020.5223634,11,-60,228
1747014020.5583634,15,-90,24
1747014020.5933633,15,-26,106
1747014020.6283634,43,29,94
1747014020.6633637,-59,12,16
1747014020.6993637,26,38,78
1747014020.7353632,-45,88,156
1747014020.770363,10,-46,102
1747014020.806363,-13,33,236
1747014020.8413634,-53,-40,138
1747014020.8763633,-11,61,50
1747014020.9113634,1,12,89
1747014020.9473634,-12,67,83
1747014020.9833634,-36,-82,107
1747014021.0183637,21,71,187
1747014021.0543633,-15,-33,177
1747014021.089363,-31,-25,42
1747014021.1243634,-39,90,73
1747014021.1593633,20,-110,-6
1747014021.1953633,-87,6,133
1747014021.2313633,54,24,27
1747014021.2663634,18,14,127
1747014021.3023634,-110,43,93
1747014021.3373632,-48,70,-16
1747014021.372363,11,-17,141
1747014021.4073634,93,-63,-14
1747014021.4433634,-38,37,47
1747014021.4793634,16,-9,57
1747014021.5143633,-9,12,103
1747014021.5503633,-59,-31,141
1747014021.5853634,28,-5,-12
1747014021.6203637,17,9,175
1747014021.655363,-35,-59,87
1747014021.691363,32,12,69
1747014021.727363,29,11,77
1747014021.7623634,55,33,-28
1747014021.7983634,-15,-59,33
1747014021.8333633,21,-12,69
1747014021.8683634,-27,34,129
1747014021.9043634,-6,-10,185
1747014021.9393632,32,14,114
1747014021.9753633,64,-56,56
1747014022.010363,4,-56,74
1747014022.0463634,30,55,88
1747014022.0813634,4,-64,6
1747014022.1163633,-88,-80,138
1747014022.1523633,-68,37,44
1747014022.1873634,-37,-10,29
1747014022.2233634,4,17,21
1747014022.2583632,20,-66,137
1747014022.2943633,-9,-16,17
1747014022.329363,8,-28,121
1747014022.3643634,36,-10,-50
1747014022.4003634,-57,-16,99
1747014022.4353633,16,7,7
1747014022.4713633,62,113,-26
1747014022.5063634,-27,9,-64
1747014022.5423634,28,41,-22
1747014022.5773633,-64,-29,47
1747014022.612363,-8,-51,7
1747014022.6483634,11,-48,-4
1747014022.6833634,-2,25,135
1747014022.7193637,-144,63,51
1747014022.7543633,4,-17,59
1747014022.7903633,-10,67,141
1747014022.8253634,-42,-48,211
1747014022.8603632,49,47,85
1747014022.8963633,-12,81,85
1747014022.931363,43,27,45
1747014022.9673634,49,11,141
1747014023.0023634,-46,-4,163
1747014023.0383637,-22,-100,166
1747014023.0733633,-64,37,60
1747014023.1083634,-14,1,54
1747014023.1443634,63,32,-37
1747014023.1793633,3,-24,72
1747014023.2153633,29,-78,58
1747014023.250363,-75,-11,24
1747014023.2863634,22,-7,146
1747014023.3213634,48,52,-51
1747014023.3563633,20,30,92
1747014023.3923633,-18,3,72
1747014023.4273634,45,45,72
1747014023.4633634,-2,-10,-33
1747014023.4983633,57,57,166
1747014023.5343633,3,31,87
1747014023.5693634,-10,-42,87
1747014023.6043634,-52,43,-36
1747014023.6403637,23,-58,7
1747014023.6753633,-24,95,69
1747014023.7113633,101,45,58
1747014023.7463634,33,-24,120
1747014023.7813632,-72,-16,130
1747014023.816363,8,-64,199
1747014023.852363,-21,17,-2
1747014023.8883634,18,-20,15
1747014023.9233634,-9,-52,121
1747014023.9593637,-30,-17,-98
1747014023.9943633,-12,28,1
1747014024.0293634,-71,25,193
1747014024.0643632,-17,79,30
1747014024.1003633,16,-46,46
1747014024.1363633,32,35,138
1747014024.1713634,29,-39,94
1747014024.2073634,16,-4,52
1747014024.2423637,-31,39,46
1747014024.2773633,-49,43,24
1747014024.3123634,-95,-16,96
1747014024.3483634,-38,12,110
1747014024.3843634,37,32,51
1747014024.4193633,105,-1,78
1747014024.4553633,32,-56,43
1747014024.4903634,-47,71,91
1747014024.5253634,46,-50,41
1747014024.5603633,64,29,85
1747014024.5963633,-64,-51,123
1747014024.632363,-36,-3,3
1747014024.6673634,26,5,69
1747014024.7033634,32,29,89
1747014024.7383633,41,-29,13
1747014024.7733634,19,-7,23
1747014024.8083634,10,-86,27
1747014024.8443637,46,35,19
1747014024.8803637,2,-88,2
1747014024.9153633,4,29,70
1747014024.951363,3,-56,26
1747014024.9863634,9,-62,-55
1747014025.0213633,-52,11,106
1747014025.056363,13,49,12
1747014025.0923634,-24,49,81
1747014025.1283634,-26,-4,59
1747014025.1633637,19,65,57
1747014025.1993637,43,-2,78
1747014025.2343633,11,5,48
1747014025.2693634,-48,23,137
1747014025.3043633,-83,-13,71
1747014025.3403633,8,-99,-6
1747014025.3763633,34,4,-46
1747014025.4113634,-51,-19,43
1747014025.4473634,-15,14,-50
1747014025.4823637,-27,8,-10
1747014025.5173633,44,-9,117
1747014025.5523634,34,10,-76
1747014025.5883634,24,-87,93
1747014025.6243634,12,-29,-12
1747014025.6593633,-49,-25,53
1747014025.6953633,-21,8,177
1747014025.7303634,-19,-78,55
1747014025.7653637,-11,11,21
1747014025.8003633,2,33,103
1747014025.8363633,-9,69,107
1747014025.872363,-31,-55,47
1747014025.9073634,36,-38,-58
1747014025.9433634,50,-12,31
1747014025.9783633,66,-34,83
1747014026.0133634,-2,-20,87
1747014026.0483634,4,-28,0
1747014026.0843637,51,3,3
1747014026.1203637,9,13,71
1747014026.155363,42,48,-68
1747014026.191363,-8,47,47
1747014026.2263634,-27,9,65
1747014026.2613633,27,-32,105
1747014026.2963634,-106,-6,65
1747014026.3323634,20,-16,25
1747014026.3683634,0,-22,-82
1747014026.4033637,-1,-50,89
1747014026.4393632,7,42,135
1747014026.474363,-21,3,85
1747014026.5093634,43,34,57
1747014026.5443633,-51,17,47
1747014026.5803633,-96,63,123
1747014026.6163633,-80,13,69
1747014026.6513634,-30,-16,115
1747014026.6873634,-17,-13,77
1747014026.7223637,58,-61,69
1747014026.757363,-67,-31,77
1747014026.7923634,56,-56,163
1747014026.8283634,17,-54,-168
1747014026.8643634,17,51,-28
1747014026.8993633,85,-60,87
1747014026.9353633,-24,-44,-30
1747014026.9703634,-46,0,115
1747014027.0053637,-12,1,23
1747014027.0413637,-31,-11,143
1747014027.076363,36,-47,109
1747014027.112363,12,28,23
1747014027.1473634,-3,12,63
1747014027.1833634,20,-3,113
1747014027.2183633,54,56,127
1747014027.2533634,-17,-55,-116
1747014027.2893634,-11,-40,-24
1747014027.3243637,30,43,1
1747014027.3603632,-105,-16,93
1747014027.395363,10,9,71
1747014027.431363,-31,-54,77
1747014027.4663634,-68,29,-2
1747014027.5013633,3,-18,21
1747014027.5373633,-70,-58,47
1747014027.5723634,69,37,33
1747014027.6083634,-20,-8,119
1747014027.6433637,-20,29,291
1747014027.6793633,-56,-10,149
1747014027.714363,35,5,15
1747014027.7493634,-42,-51,59
1747014027.7853634,-84,2,73
1747014027.8203633,-38,-23,35
1747014027.8563633,-34,18,-48
1747014027.8913634,6,52,181
1747014027.9273634,20,44,31
1747014027.9623632,48,62,3
1747014027.997363,4,10,15
1747014028.033363,7,3,-8
1747014028.0683634,89,47,119
1747014028.1043634,25,-34,45
1747014028.1393633,-12,-22,-32
1747014028.1753633,0,-23,39
1747014028.2173634,-116,10,163
1747014028.2533634,-14,-31,35
1747014028.2893634,-28,11,-26
1747014028.3243637,21,19,31
1747014028.3603632,77,-7,45
1747014028.395363,-26,39,47
1747014028.431363,-26,69,63
1747014028.4663634,-64,-22,75
1747014028.5013633,69,39,43
1747014028.5373633,79,-46,113
1747014028.5723634,49,-68,1
1747014028.6083634,25,0,-10
1747014028.6433637,19,21,203
1747014028.678363,-12,59,49
1747014028.7133634,-3,50,77
1747014028.7493634,56,8,95
1747014028.7853634,84,29,-36
1747014028.8203633,18,-10,-12
1747014028.8563633,-81,-12,115
1747014028.8913634,62,45,85
1747014028.9263637,32,-10,25
1747014028.9613633,68,-52,81
1747014028.997363,0,-36,189
1747014029.033363,11,17,7
1747014029.0683634,-5,21,77
1747014029.1043634,18,57,79
1747014029.1393633,-63,3,35
1747014029.1743634,82,27,125
1747014029.2093637,36,13,101
1747014029.2453637,28,33,21
1747014029.2813632,-17,13,85
1747014029.316363,10,79,127
1747014029.352363,20,33,48
1747014029.3873634,10,-14,176
1747014029.4223633,60,9,82
1747014029.4573634,-13,81,50
1747014029.4933634,-37,-15,76
1747014029.5293634,34,-10,216
1747014029.5643632,-7,-32,80
1747014029.6003633,-57,-10,96
1747014029.635363,24,-36,110
1747014029.6703634,78,47,102
1747014029.7053633,-43,-46,20
1747014029.7413633,-39,1,74
1747014029.7773633,26,-4,66
1747014029.8123634,-12,53,32
1747014029.8483634,-44,-8,-1
1747014029.8833632,3,-8,52
1747014029.918363,-10,-6,182
1747014029.9533634,63,-34,94
1747014029.9893634,-34,17,92
1747014030.0253634,1,-36,60
1747014030.0603633,-6,-28,84
1747014030.0963633,6,-55,208
1747014030.1313634,-55,-11,54
1747014030.1663637,-23,22,112
1747014030.201363,-10,19,186
1747014030.237363,103,-56,10
1747014030.2733634,23,21,134
1747014030.3083634,0,-40,90
1747014030.3443637,1,11,128
1747014030.3793633,125,17,120
1747014030.4143634,-96,-44,50
1747014030.4493637,-19,1,-17
1747014030.4853632,-1,-96,56
1747014030.5213633,58,-30,26
1747014030.556363,-70,-23,52
1747014030.5923634,-27,71,60
1747014030.6273634,58,13,-41
1747014030.6623633,0,22,26
1747014030.6973634,71,59,6
1747014030.7333634,-36,-50,92
1747014030.7693634,-14,13,92
1747014030.8043633,22,43,70
1747014030.8403633,-51,9,64
1747014030.875363,-20,-66,132
1747014030.9103634,-3,-14,14
1747014030.9453633,59,-18,142
1747014030.9813633,53,77,72
1747014031.0173633,63,41,130
1747014031.0523634,17,-46,-23
1747014031.0883634,77,15,-21
1747014031.1233633,-4,-20,0
1747014031.158363,-33,-31,24
1747014031.1933634,-11,8,16
1747014031.2293634,38,-9,10
1747014031.2653637,44,-71,48
1747014031.3003633,-9,2,-21
1747014031.3363633,-31,-27,28
1747014031.3713634,68,-47,-13
1747014031.4063632,-31,-115,16
1747014031.441363,106,0,86
1747014031.477363,20,-9,188
1747014031.5133634,42,60,44
1747014031.5483634,-9,30,56
1747014031.5843637,16,56,58
1747014031.6193633,4,10,180
1747014031.6543634,40,-5,124
1747014031.6893632,-75,50,14
1747014031.7253633,-2,33,190
1747014031.7613633,-26,31,40
1747014031.7963634,-25,55,14
1747014031.8323634,-39,21,170
1747014031.8673637,37,3,67
1747014031.9023633,-14,-46,105
1747014031.9383633,-14,-47,-9
1747014031.9733634,64,-82,54
1747014032.0093634,5,34,18
1747014032.0443633,17,34,92
1747014032.0803633,87,39,-49
1747014032.1153634,-4,-22,2
1747014032.1503634,-50,-32,130
1747014032.1863637,35,41,132
1747014032.2213633,17,-80,102
1747014032.257363,42,47,68
1747014032.2923634,17,-67,202
1747014032.3283634,-59,15,50
1747014032.3633633,-18,20,198
1747014032.3983634,87,22,15
1747014032.4343634,11,42,161
1747014032.4693637,-62,40,77
1747014032.5053637,61,-57,153
1747014032.5403633,1,8,23
1747014032.576363,-15,-36,167
1747014032.6113634,4,-28,15
1747014032.6463633,-33,37,5
1747014032.6823633,-7,-18,155
1747014032.7173634,-55,20,45
1747014032.7533634,30,19,-24
1747014032.7883637,38,27,57
1747014032.8243637,38,-20,79
1747014032.8593633,67,-18,43
1747014032.8943634,32,31,71
1747014032.9303634,-33,-34,93
1747014032.9653633,22,-42,135
1747014033.0013633,-39,-6,111
1747014033.0363634,54,-66,60
1747014033.0723634,33,62,51
1747014033.1073637,6,11,70
1747014033.1423633,-2,-41,58
1747014033.178363,-48,-13,120
1747014033.2133634,9,74,34
1747014033.2493634,-5,-28,56
1747014033.2843633,69,24,98
1747014033.3203633,-2,-65,116
1747014033.3553634,-126,30,155
1747014033.3903637,-32,-4,144
1747014033.4263637,-3,57,100
1747014033.4613633,13,15,-8
1747014033.497363,81,-18,45
1747014033.5323634,0,31,81
1747014033.5683634,30,-36,13
1747014033.6033633,-45,-4,69
1747014033.6383634,20,55,63
1747014033.6743634,-7,-34,19
1747014033.7093637,-51,-10,59
1747014033.7453637,90,33,131
1747014033.780363,0,-22,-4
1747014033.816363,-57,0,71
1747014033.852363,4,9,65
1747014033.8873634,-1,-20,113
1747014033.9223633,-40,67,59
1747014033.9583633,-66,83,13
1747014033.9943633,47,13,45
1747014034.0293634,43,-108,139
1747014034.0653634,-46,31,68
1747014034.1003633,-2,-14,14
1747014034.135363,-20,-51,38
1747014034.1703634,22,-16,118
1747014034.2063634,144,-4,-47
1747014034.2423637,-31,-26,48
1747014034.2773633,-39,-20,114
1747014034.3133633,14,27,-9
1747014034.3483634,26,-54,60
1747014034.3833632,98,-36,182
1747014034.418363,-11,-2,114
1747014034.454363,44,-20,6
1747014034.4903634,53,12,8
1747014034.5253634,21,66,31
1747014034.5613637,31,16,-29
1747014034.5963633,-14,46,99
1747014034.6313634,57,40,44
1747014034.6663637,-2,-25,0
1747014034.7023633,-16,-107,-4
1747014034.7383633,90,27,103
1747014034.7733634,34,51,49
1747014034.8093634,-37,19,129
1747014034.8443637,88,1,-4
1747014034.8793633,2,-84,49
1747014034.9143634,1,17,95
1747014034.9503634,-10,57,43
1747014034.9863634,27,67,7
1747014035.0213633,-18,21,93
1747014035.0573633,-20,5,100
1747014035.0923634,91,-83,10
1747014035.1273634,0,-53,44
1747014035.1623633,133,64,62
1747014035.1983633,-48,8,176
1747014035.2343633,13,-57,96
1747014035.2693634,-36,-53,70
1747014035.3053634,39,11,220
1747014035.3403633,-14,40,52
1747014035.375363,21,-37,174
1747014035.4103634,-10,38,116
1747014035.4463634,23,-41,70
1747014035.4823637,15,-29,67
1747014035.5173633,69,-9,-1
1747014035.553363,15,-37,-13
1747014035.5883634,-62,-61,60
1747014035.6233633,-16,64,46
1747014035.658363,36,-1,48
1747014035.6943634,42,14,206
1747014035.7303634,-76,9,42
1747014035.7653637,23,-25,48
1747014035.8013637,-26,60,-55
1747014035.8363633,59,38,214
1747014035.8713634,-82,-17,66
1747014035.9063632,-75,-13,61
1747014035.9423633,43,-20,73
1747014035.9783633,-34,-47,131
1747014036.0133634,-2,-21,86
1747014036.0493634,-14,39,-49
1747014036.0843637,-24,19,134
1747014036.1193633,-6,-52,-37
1747014036.1543634,83,-10,114
1747014036.1903634,-127,25,106
1747014036.2263634,78,-27,-46
1747014036.2613633,-39,74,76
1747014036.2973633,-65,-13,66
1747014036.3323634,-25,78,64
1747014036.3673637,102,30,110
1747014036.4023633,30,-9,50
1747014036.4383633,-53,-47,36
1747014036.474363,-109,-79,102
1747014036.5093634,0,14,102
1747014036.5453634,36,-13,41
1747014036.5803633,-8,0,293
1747014036.6153634,55,-27,119
1747014036.6503634,-1,-47,163
1747014036.6863637,-73,14,73
1747014036.7223637,-1,-33,119
1747014036.757363,16,-1,269
1747014036.793363,-55,-3,-78
1747014036.8283634,31,-5,87
1747014036.8633633,20,-27,13
1747014036.8983634,36,-39,-90
1747014036.9343634,37,-96,119
1747014036.9703634,51,33,19
1747014037.0053637,21,1,23
1747014037.0413637,17,3,67
1747014037.076363,125,-17,125
1747014037.1113634,-26,-7,101
1747014037.1473634,35,-39,163
1747014037.1823633,3,-21,61
1747014037.2183633,0,4,5
1747014037.2533634,-68,26,-30
1747014037.2893634,5,-47,95
1747014037.3243637,-9,89,111
1747014037.3593633,-5,-9,97
1747014037.395363,24,-59,181
1747014037.4303634,-11,24,69
1747014037.4663634,58,52,11
1747014037.5013633,-7,-35,67
1747014037.5373633,104,-41,135
1747014037.5723634,36,-19,9
1747014037.6073637,40,52,111
1747014037.6433637,-15,-31,139
1747014037.678363,-15,-29,-10
1747014037.714363,54,-3,51
1747014037.7493634,-30,-21,207
1747014037.7853634,27,-59,63
1747014037.8203633,16,18,13
1747014037.8553634,-95,48,25
1747014037.8913634,15,28,123
1747014037.9263637,-28,-29,17
1747014037.9623632,6,-15,91
1747014037.997363,40,-23,59
1747014038.033363,0,28,67
1747014038.0683634,-51,-33,89
1747014038.1033633,-13,-23,129
1747014038.1393633,-11,46,31
1747014038.1743634,29,-45,55
1747014038.2103634,-54,16,181
1747014038.2523634,46,20,27
1747014038.2893634,-5,40,1
1747014038.3243637,14,80,39
1747014038.3593633,30,-9,-54
1747014038.395363,21,64,37
1747014038.4303634,-81,9,71
1747014038.4663634,60,34,0
1747014038.5013633,70,16,23
1747014038.5373633,46,16,47
1747014038.5723634,-39,-19,-48
1747014038.6073637,-45,0,95
1747014038.6433637,-3,-30,175
1747014038.678363,-3,-44,129
1747014038.714363,15,16,91
1747014038.7493634,-26,38,-12
1747014038.7843633,-5,-14,77
1747014038.8193634,-20,18,81
1747014038.8553634,41,26,1
1747014038.8913634,-14,24,81
1747014038.9263637,49,-25,15
1747014038.9623632,-17,9,107
1747014038.997363,78,51,23
1747014039.0323634,-33,-30,105
1747014039.0673633,-39,67,215
1747014039.1033633,-41,-3,-6
1747014039.1393633,-29,-7,21
1747014039.1743634,-18,-2,67
1747014039.2103634,-22,11,-36
1747014039.2453637,82,-21,124
1747014039.280363,-16,7,0
1747014039.3153634,70,-51,37
1747014039.3513634,42,42,77
1747014039.3873634,-11,2,135
1747014039.4223633,27,1,107
1747014039.4583633,-28,-48,99
1747014039.4933634,-6,65,176
1747014039.5283637,-24,33,64
1747014039.5633633,-22,-68,106
1747014039.599363,-60,24,12
1747014039.635363,-24,-43,22
1747014039.6703634,-14,-59,76
1747014039.7063634,13,-83,-5
1747014039.7413633,3,-5,98
1747014039.7763634,17,-23,104
1747014039.8113637,47,36,68
1747014039.8473637,-34,-35,80
1747014039.8833632,13,46,86
1747014039.918363,46,39,54
1747014039.954363,-21,39,24
1747014039.9893634,-77,-27,118
1747014040.0243633,-57,29,70
1747014040.0593634,8,15,110
1747014040.0953634,-6,10,-17
1747014040.1313634,31,-35,116
1747014040.1663637,11,-8,162
1747014040.2023633,57,-45,-41
1747014040.237363,5,-73,50
1747014040.2723634,31,-88,42
1747014040.3073633,11,-29,116
1747014040.3433633,-20,-20,94
1747014040.3793633,-55,3,-27
1747014040.4143634,90,-20,190
1747014040.4503634,-65,5,78
1747014040.4853632,20,17,38
1747014040.520363,28,-62,-5
1747014040.5553634,-11,-38,132
1747014040.5913634,14,-12,116
1747014040.6273634,25,58,68
1747014040.6623633,92,53,34
1747014040.6983633,42,-30,-95
1747014040.7333634,-31,19,168
1747014040.7683637,58,77,142
1747014040.803363,27,2,-73
1747014040.839363,73,50,50
1747014040.875363,-28,-73,118
1747014040.9103634,5,10,154
1747014040.9463634,-36,18,10
1747014040.9813633,-46,-23,2
1747014041.0163634,-70,0,-77
1747014041.0513637,-22,-1,40
1747014041.0873632,-50,-11,70
1747014041.1233633,123,6,22
1747014041.158363,70,94,18
1747014041.1943634,52,30,64
1747014041.2293634,38,-45,2
1747014041.2643633,62,40,78
1747014041.2993634,-39,-7,90
1747014041.3353634,-5,-18,108
1747014041.3713634,-53,-11,16
1747014041.4063632,-53,36,152
1747014041.4423633,45,-3,26
1747014041.477363,21,-77,48
1747014041.5123634,-44,18,40
1747014041.5473633,-32,-45,114
1747014041.5833633,-26,60,104
1747014041.6193633,16,-55,16
1747014041.6543634,-68,76,54
1747014041.6903634,-26,-61,30
1747014041.7253633,61,32,142
1747014041.760363,-35,119,82
1747014041.7953634,40,-12,34
1747014041.8313634,-42,18,186
1747014041.8673637,-77,-24,-15
1747014041.9023633,60,67,-13
1747014041.9383633,-39,58,96
1747014041.9733634,-57,20,30
1747014042.0083632,-33,-21,10
1747014042.043363,22,-5,-53
1747014042.079363,30,-31,120
1747014042.1153634,42,-5,34
1747014042.1503634,-17,12,52
1747014042.1863637,-3,64,30
1747014042.2213633,-34,-15,62
1747014042.2563634,7,-3,222
1747014042.2923634,-28,6,-11
1747014042.3273633,-28,28,-47
1747014042.3633633,27,-37,-3
1747014042.3983634,-16,-3,140
1747014042.4343634,19,5,76
1747014042.4693637,9,-20,82
1747014042.5043633,-28,-62,40
1747014042.5403633,0,-22,46
1747014042.5753634,44,13,38
1747014042.6113634,-15,45,104
1747014042.6463633,10,7,66
1747014042.6823633,10,71,242
1747014042.7173634,60,29,46
1747014042.7523634,12,-58,-47
1747014042.7883637,-41,-34,108
1747014042.8233633,76,31,-49
1747014042.8593633,-35,45,8
1747014042.8943634,60,-28,104
1747014042.9303634,4,-26,80
1747014042.9653633,-22,-29,152
1747014043.000363,51,-19,-103
1747014043.0363634,-23,20,86
1747014043.0713634,-21,54,160
1747014043.1073637,14,-41,202
1747014043.1423633,-7,-21,38
1747014043.178363,12,28,10
1747014043.214363,42,28,60
1747014043.250363,-3,6,32
1747014043.2853634,42,-71,12
1747014043.3203633,10,-21,142
1747014043.3563633,-85,93,90
1747014043.3913634,56,-33,108
1747014043.4273634,56,58,96
1747014043.4623632,-43,86,98
1747014043.4983633,-43,-1,-23
1747014043.533363,48,40,94
1747014043.5683634,50,-23,136
1747014043.6043634,-63,35,-9
1747014043.6393633,-35,-47,116
1747014043.6753633,-1,-75,42
1747014043.7103634,-75,12,72
1747014043.7463634,-47,0,20
1747014043.7813632,-45,76,48
1747014043.816363,42,-44,130
1747014043.852363,50,10,30
1747014043.8873634,-27,48,126
1747014043.9233634,50,18,26
1747014043.9583633,-38,51,54
1747014043.9943633,-19,-21,94
1747014044.030363,4,66,88
1747014044.0653634,-10,0,68
1747014044.1003633,1,53,76
1747014044.1363633,62,24,26
1747014044.1723633,31,-8,15
1747014044.2073634,-58,-44,93
1747014044.2433634,-30,-36,136
1747014044.2783637,101,-40,115
1747014044.3133633,-19,54,73
1747014044.3483634,3,-15,41
1747014044.3843634,-68,44,112
1747014044.4203634,-32,-43,120
1747014044.4553633,27,44,-2
1747014044.4913633,-4,55,9
1747014044.5263634,11,-37,255
1747014044.5613637,0,-1,103
1747014044.5963633,43,46,23
1747014044.632363,-27,9,113
1747014044.668363,92,-12,103
1747014044.7033634,-33,49,69
1747014044.7393634,-71,13,11
1747014044.7743633,-39,1,77
1747014044.8093634,23,-32,63
1747014044.8443637,76,104,57
1747014044.8803637,18,0,-26
1747014044.9163637,-19,-35,105
1747014044.951363,-24,-42,20
1747014044.987363,0,-6,197
1747014045.0223634,-53,33,105
1747014045.0573633,48,-30,-68
1747014045.0923634,82,31,37
1747014045.1283634,0,59,43
1747014045.1643634,2,-42,107
1747014045.1993637,-21,-30,83
1747014045.2353632,-5,-12,135
1747014045.270363,-19,-16,94
1747014045.3053634,14,-44,-107
1747014045.3403633,-39,-26,158
1747014045.3763633,36,9,134
1747014045.4123633,6,-74,78
1747014045.4473634,-119,-16,-55
1747014045.4833634,20,7,96
1747014045.5183637,-3,-2,92
1747014045.553363,-45,-16,51
1747014045.5883634,-21,-24,73
1747014045.6243634,-49,25,155
1747014045.6603634,16,-6,51
1747014045.6953633,-17,-20,123
1747014045.7313633,8,0,113
1747014045.7663634,-43,1,95
1747014045.8013637,22,-48,47
1747014045.8363633,6,48,-58
1747014045.872363,-79,-14,9
1747014045.908363,12,28,-16
1747014045.9433634,-39,16,-8
1747014045.9793634,12,-7,75
1747014046.0143633,-97,10,123
1747014046.0493634,20,-20,79
1747014046.0843637,0,-23,-44
1747014046.1203637,-99,0,67
1747014046.1563632,35,-17,161
1747014046.191363,-38,34,31
1747014046.227363,7,-81,-44
1747014046.2623634,81,-35,45
1747014046.2973633,-23,32,112
1747014046.3323634,34,-11,-25
1747014046.3683634,-46,-3,-73
1747014046.4043634,-56,36,102
1747014046.4393632,-4,-23,76
1747014046.4753633,34,-8,78
1747014046.510363,-5,-54,16
1747014046.5453634,-15,13,84
1747014046.5803633,-15,-44,52
1747014046.6163633,24,17,-27
1747014046.6523633,-17,-30,72
1747014046.6873634,-51,15,40
1747014046.7233634,66,1,-23
1747014046.7583632,-2,27,32
1747014046.793363,5,0,136
1747014046.8283634,31,39,90
1747014046.8643634,-47,62,48
1747014046.9003634,13,-46,95
1747014046.9353633,-44,15,-18
1747014046.9713633,-35,13,1
1747014047.0063634,0,-30,-58
1747014047.0413637,9,3,-30
1747014047.076363,11,54,55
1747014047.112363,55,-21,120
1747014047.1483634,25,-16,28
1747014047.1833634,5,0,50
1747014047.2193637,31,5,238
1747014047.2543633,-67,45,156
1747014047.2893634,-17,-10,18
1747014047.3253634,31,-5,24
1747014047.3603632,-30,20,-43
1747014047.3963633,-110,96,141
1747014047.431363,-51,-12,89
1747014047.4673634,21,-86,23
1747014047.5023634,17,-28,51
1747014047.5373633,-118,31,-40
1747014047.5733633,-29,64,111
1747014047.6083634,-15,-32,99
1747014047.6443634,-39,-96,39
1747014047.6793633,-18,-43,127
1747014047.7153633,81,2,153
1747014047.750363,59,12,31
1747014047.7853634,31,24,148
1747014047.8213634,21,-51,147
1747014047.8563633,-44,-17,85
1747014047.8923633,-16,-17,22
1747014047.9273634,31,-77,222
1747014047.9633634,80,40,-17
1747014047.9983633,-34,20,118
1747014048.033363,19,-23,18
1747014048.0693634,-28,-43,114
1747014048.1043634,34,-3,-11
1747014048.1403637,-21,-23,68
1747014048.1753633,18,22,116
1747014048.2113633,-79,-15,40
1747014048.2533634,-69,-39,182
1747014048.2893634,4,-79,2
1747014048.3253634,50,4,136
1747014048.3603632,-91,-27,126
1747014048.3963633,20,-29,46
1747014048.431363,24,-43,22
1747014048.4673634,6,-21,0
1747014048.5023634,36,24,63
1747014048.5373633,27,-26,84
1747014048.5733633,20,-17,12
1747014048.6083634,76,0,76
1747014048.6443634,-17,-9,170
1747014048.6793633,-11,4,-57
1747014048.7153633,-33,34,58
1747014048.750363,93,6,122
1747014048.7853634,2,-45,70
1747014048.8213634,-83,-25,112
1747014048.8563633,6,-39,100
1747014048.8923633,-56,-37,108
1747014048.9273634,75,68,50
1747014048.9633634,-19,-144,24
1747014048.9993634,36,-28,-5
1747014049.0343633,24,-22,59
1747014049.0693634,-31,-24,92
1747014049.1053634,-25,-70,-9
1747014049.1413634,-8,9,47
1747014049.1763637,59,15,210
1747014049.2123632,-10,19,73
1747014049.247363,-127,0,-34
1747014049.2823634,-29,21,7
1747014049.3173633,-8,-2,233
1747014049.3533633,14,-20,79
1747014049.3893633,-15,-34,73
1747014049.4243634,3,59,67
1747014049.4603634,-4,-6,85
1747014049.4953637,-2,35,198
1747014049.530363,-50,-10,168
1747014049.5653634,-23,-22,96
1747014049.6013634,9,-7,64
1747014049.6373634,-23,-12,132
1747014049.6723633,-47,-6,130
1747014049.7083633,13,-32,48
1747014049.7433634,-17,101,168
1747014049.7783637,-28,-14,62
1747014049.8133633,19,55,158
1747014049.849363,-4,87,176
1747014049.885363,-8,-20,21
1747014049.9203634,38,-52,91
1747014049.9563634,-3,47,35
1747014049.9913633,-46,53,113
1747014050.0263634,0,-24,-78
1747014050.0613637,2,55,81
1747014050.0973637,-47,-6,1
1747014050.1333632,-57,-22,-4
1747014050.168363,-9,45,57
1747014050.204363,-63,-32,75
1747014050.2393634,76,3,-30
1747014050.2743633,100,-72,113
1747014050.3093634,36,-62,107
1747014050.3453634,31,-3,-4
1747014050.3813634,7,-7,79
1747014050.4163637,-14,42,-15
1747014050.4523633,25,-35,91
1747014050.487363,-21,11,84
1747014050.5223634,46,-55,116
1747014050.5573633,-39,15,-5
1747014050.5933633,42,-19,98
1747014050.6293633,22,11,90
1747014050.6643634,32,-61,-23
1747014050.7003634,22,48,190
1747014050.7353632,35,5,-9
1747014050.770363,-22,-36,24
1747014050.8053634,-76,-26,72
1747014050.8413634,5,-12,138
1747014050.8773634,65,-28,53
1747014050.9123633,-54,38,81
1747014050.9483633,-44,18,125
1747014050.9833634,13,-5,44
1747014051.0183637,42,42,104
1747014051.053363,-1,34,150
1747014051.089363,0,44,156
1747014051.125363,3,-13,70
1747014051.1603634,43,-66,76
1747014051.1963634,65,52,152
1747014051.2313633,157,-27,8
1747014051.2663634,-4,-19,14
1747014051.3013637,-11,7,59
1747014051.3373632,88,-32,-42
1747014051.3733633,-57,9,-37
1747014051.408363,-25,-2,92
1747014051.4443634,-102,22,-14
1747014051.4793634,-27,-50,150
1747014051.5143633,58,-4,30
1747014051.5493634,-34,9,28
1747014051.5853634,-12,-2,14
1747014051.6213634,25,48,144
1747014051.6563632,-14,-4,74
1747014051.6923633,29,15,140
1747014051.727363,-20,42,94
1747014051.7623634,-52,14,182
1747014051.7973633,67,-39,58
1747014051.8333633,63,16,-5
1747014051.8693633,-36,0,168
1747014051.9043634,-21,26,52
1747014051.9403634,-20,-43,68
1747014051.9753633,-34,18,158
1747014052.010363,-10,-71,124
1747014052.0453634,49,-39,170
1747014052.0813634,-48,18,170
1747014052.1173637,13,34,148
1747014052.1523633,57,-21,188
1747014052.1883633,-24,-37,-5
1747014052.2233634,-38,18,18
1747014052.2583632,49,20,110
1747014052.2943633,-2,-9,114
1747014052.329363,-32,12,74
1747014052.3653634,7,0,50
1747014052.4003634,-68,18,156
1747014052.4363637,-15,1,52
1747014052.4713633,22,-72,138
1747014052.5063634,-51,71,4
1747014052.5423634,-45,41,92
1747014052.5773633,50,83,42
1747014052.6143634,-91,11,74
1747014052.6493633,9,-8,14
1747014052.6853633,-47,15,71
1747014052.7203634,-57,-18,19
1747014052.7563634,-43,7,35
1747014052.7913637,-23,-48,75
1747014052.826363,22,-6,113
1747014052.862363,18,21,21
1747014052.8973634,16,-24,69
1747014052.9333634,-17,-17,117
1747014052.9683633,84,10,65
1747014053.0043633,-27,18,77
1747014053.0393634,8,20,31
1747014053.0743637,-95,10,131
1747014053.1103632,-17,22,121
1747014053.145363,42,-23,67
1747014053.181363,16,32,-34
1747014053.2163634,44,-5,91
1747014053.2523634,50,-21,-12
1747014053.2873633,-19,-13,25
1747014053.3223634,-27,2,-54
1747014053.3583634,6,2,87
1747014053.3933637,18,26,95
1747014053.4293633,50,-1,81
1747014053.464363,-6,-65,17
1747014053.500363,5,12,147
1747014053.5353634,6,38,55
1747014053.5703633,-86,26,27
1747014053.6063633,-78,-1,63
1747014053.6413634,135,-25,209
1747014053.6773634,69,36,-22
1747014053.7123632,72,-73,-72
1747014053.7483633,-14,6,23
1747014053.783363,-4,4,155
1747014053.8183634,-60,15,119
1747014053.8543634,37,8,37
1747014053.8893633,67,21,-52
1747014053.9253633,65,11,109
1747014053.9603634,27,-8,-28
1747014053.9963634,-72,-20,-24
1747014054.0313632,11,17,13
1747014054.066363,49,18,151
1747014054.102363,-104,-29,65
1747014054.1373634,65,40,49
1747014054.1733634,67,-13,69
1747014054.2083633,13,-67,7
1747014054.2433634,15,-33,179
1747014054.2783637,61,-3,109
1747014054.3143632,51,-3,21
1747014054.3503633,61,-73,119
1747014054.385363,-96,-45,39
1747014054.4213634,23,42,131
1747014054.4563634,-18,-21,141
1747014054.4913633,-46,62,157
1747014054.5263634,-98,12,47
1747014054.5623634,-48,26,43
1747014054.5983634,-31,59,67
1747014054.6333632,20,-64,117
1747014054.6693633,-25,0,87
1747014054.704363,20,-42,73
1747014054.7393634,-44,42,41
1747014054.7743633,-20,-32,-48
1747014054.8103633,-2,-4,81
1747014054.8463633,-14,-12,125
1747014054.8813634,23,-32,113
1747014054.9173634,15,37,-10
1747014054.9523633,89,-15,-64
1747014054.987363,-24,-1,71
1747014055.0223634,115,3,-14
1747014055.0583634,-8,39,121
1747014055.0943637,6,-18,73
1747014055.1293633,8,-68,-6
1747014055.1653633,-11,-84,-38
1747014055.2003634,16,-176,-8
1747014055.2353632,82,-56,53
1747014055.270363,0,97,77
1747014055.306363,-37,103,13
1747014055.3423634,64,0,119
1747014055.3773634,-61,11,69
1747014055.4133637,8,51,21
1747014055.4483633,40,-58,71
1747014055.4833634,10,-48,21
1747014055.5183637,42,-26,41
1747014055.5543633,-19,27,69
1747014055.5903633,40,25,-50
1747014055.625363,62,-24,79
1747014055.6613634,-13,-30,221
1747014055.6963634,34,-26,49
1747014055.7313633,5,5,111
1747014055.7663634,7,-4,21
1747014055.8023634,17,-8,79
1747014055.8383634,11,-18,51
1747014055.8733633,-37,4,27
1747014055.9093633,-3,4,75
1747014055.9443634,-11,-15,-90
1747014055.9793634,-51,-25,87
1747014056.0143633,-43,20,-58
1747014056.0503633,-31,4,87
1747014056.0863633,-27,-20,23
1747014056.1213634,-74,-67,127
1747014056.1573634,22,40,13
1747014056.1923633,-12,34,115
1747014056.227363,14,-50,207
1747014056.2623634,26,-80,87
1747014056.2983634,46,0,111
1747014056.3343637,50,-48,143
1747014056.3693633,-5,1,9
1747014056.405363,14,-72,45
1747014056.4403634,-11,-28,65
1747014056.4753633,-1,-24,-18
1747014056.510363,68,-49,63
1747014056.5463634,6,-29,37
1747014056.5823634,33,-37,125
1747014056.6173637,21,44,53
1747014056.6533637,-4,28,3
1747014056.6883633,22,38,103
1747014056.7233634,-34,-7,23
1747014056.7583632,19,-9,17
1747014056.7943633,-16,4,165
1747014056.8303633,-12,44,95
1747014056.8653634,26,-60,205
1747014056.9013634,-58,-27,103
1747014056.9363637,29,-9,71
1747014056.9713633,33,2,136
1747014057.0063634,-5,30,34
1747014057.0423634,-75,54,88
1747014057.0783634,14,1,36
1747014057.1133633,30,-25,154
1747014057.1493633,-31,70,44
1747014057.1843634,31,-21,30
1747014057.2193637,-24,-23,-6
1747014057.2543633,-8,-25,63
1747014057.2903633,18,-54,77
1747014057.326363,46,25,127
1747014057.3613634,76,1,175
1747014057.3973634,-11,49,57
1747014057.4323633,2,-16,49
1747014057.4673634,-54,6,27
1747014057.5033634,-78,38,26
1747014057.5383637,-10,20,102
1747014057.5743637,-22,-39,88
1747014057.6093633,-10,42,-29
1747014057.645363,-56,8,24
1747014057.6803634,-5,25,162
1747014057.7153633,-23,-77,64
1747014057.7513633,-93,78,194
1747014057.7863634,-1,36,136
1747014057.8223634,9,31,100
1747014057.8573637,-59,-7,76
1747014057.8933637,-1,0,64
1747014057.928363,-3,8,40
1747014057.9633634,11,5,154
1747014057.9993634,28,4,64
1747014058.0343633,23,-48,-17
1747014058.0703633,16,-25,162
1747014058.1053634,-78,14,-107
1747014058.1413634,40,0,42
1747014058.1763637,108,-4,108
1747014058.2113633,-46,-45,112
1747014058.247363,63,-11,18
1747014058.2893634,-36,-43,36
1747014058.326363,-5,-19,64
1747014058.3613634,-11,60,42
1747014058.3973634,39,2,108
1747014058.4323633,34,32,92
1747014058.4673634,-3,-29,120
1747014058.5033634,62,-19,16
1747014058.5383637,40,10,174
1747014058.5743637,-5,26,82
1747014058.6093633,62,64,54
1747014058.645363,-17,-55,16
1747014058.6803634,-101,-55,30
1747014058.7153633,-26,68,144
1747014058.7513633,112,-49,182
1747014058.7863634,-43,-15,70
1747014058.8223634,-74,36,100
1747014058.8573637,45,-29,176
1747014058.8933637,-42,4,-51
1747014058.928363,7,-19,112
1747014058.9633634,-14,82,12
1747014058.9993634,-20,-4,-7
1747014059.0343633,79,-16,46
1747014059.0703633,-18,-14,174
1747014059.1053634,-48,2,6
1747014059.1413634,23,32,56
1747014059.1773634,15,-55,30
1747014059.2133634,5,-71,-75
1747014059.2493634,1,-61,68
1747014059.2843633,-14,-1,86
1747014059.3193634,4,-7,-29
1747014059.3553634,49,30,14
1747014059.3913634,7,54,-23
1747014059.4263637,-32,-13,108
1747014059.4623632,-60,-105,94
1747014059.497363,-74,62,2
1747014059.5323634,-6,20,62
1747014059.5673633,85,-3,132
1747014059.6033633,59,72,60
1747014059.6393633,121,46,42
1747014059.6743634,0,-29,36
1747014059.7103634,94,9,16
1747014059.7453637,80,-36,102
1747014059.780363,-11,-10,80
1747014059.8153634,8,-24,-51
1747014059.8513634,-19,9,-15
1747014059.8873634,26,19,14
1747014059.9223633,100,-24,-17
1747014059.9583633,-53,-6,64
1747014059.9933634,40,59,96
1747014060.0283637,52,-48,120
1747014060.0633633,-61,27,118
1747014060.099363,-15,1,114
1747014060.135363,-31,9,22
1747014060.1703634,-19,51,52
1747014060.2063634,-37,35,40
1747014060.2413633,-59,37,24
1747014060.2763634,54,-60,-31
1747014060.3113637,10,0,64
1747014060.3473637,86,13,96
1747014060.3833632,14,59,16
1747014060.418363,-53,-14,156
1747014060.454363,83,28,-47
1747014060.4893634,34,-64,26
1747014060.5243633,-27,-133,178
1747014060.5593634,-23,-1,42
1747014060.5953634,48,-7,24
1747014060.6313634,20,-15,110
1747014060.6663637,-35,48,46
1747014060.7023633,-37,7,64
1747014060.737363,24,21,30
1747014060.7723634,104,-20,-45
1747014060.8073633,-11,21,70
1747014060.8433633,17,-2,-21
1747014060.8793633,-36,-20,76
1747014060.9143634,-35,-1,16
1747014060.9503634,-5,10,48
1747014060.9853632,-47,-49,36
1747014061.020363,-63,-72,88
1747014061.0553634,-26,-18,102
1747014061.0913634,55,-50,104
1747014061.1273634,75,-18,132
1747014061.1623633,45,-60,146
1747014061.1983633,29,-66,62
1747014061.2333634,-40,-64,136
1747014061.2683637,35,19,140
1747014061.303363,-31,-5,118
1747014061.339363,-35,27,78
1747014061.375363,16,-73,128
1747014061.4103634,-63,-46,114
1747014061.4463634,84,27,10
1747014061.4813633,-29,-74,88
1747014061.5163634,-32,-49,132
1747014061.5513637,9,-28,106
1747014061.5873632,-26,0,94
1747014061.6233633,36,13,52
1747014061.658363,-1,-4,16
1747014061.6943634,-81,-12,4
1747014061.7293634,13,18,-13
1747014061.7643633,-75,39,68
1747014061.7993634,4,0,24
1747014061.8353634,-66,-75,58
1747014061.8713634,-20,-21,-3
1747014061.9063632,32,75,-5
1747014061.9423633,-70,-64,108
1747014061.977363,-30,-26,46
1747014062.0123634,9,3,82
1747014062.0473633,37,-26,88
1747014062.0833633,63,24,190
1747014062.1193633,-48,-13,78
1747014062.1543634,-4,10,162
1747014062.1903634,-58,-41,-29
1747014062.2253633,41,0,46
1747014062.260363,29,-7,2
1747014062.2953634,-68,42,-47
1747014062.3313634,-34,-7,-31
1747014062.3673637,1,48,14
1747014062.4023633,24,-42,60
1747014062.4383633,0,-71,84
1747014062.4733634,-76,-85,62
1747014062.5083632,-8,-31,114
1747014062.5443633,15,-10,-77
1747014062.579363,46,13,-3
1747014062.6153634,-95,29,114
1747014062.6503634,20,7,108
1747014062.6863637,-53,13,62
1747014062.7213633,-11,87,108
1747014062.7563634,76,75,76
1747014062.7923634,50,-4,128
1747014062.8273633,-57,-126,146
1747014062.8633633,-35,47,-5
1747014062.8983634,-7,-4,126
1747014062.9343634,-25,-22,62
1747014062.9693637,-3,1,12
1747014063.0043633,56,5,94
1747014063.0403633,-64,29,116
1747014063.0753634,-69,-34,94
1747014063.1113634,5,-38,84
1747014063.1463633,-8,-30,112
1747014063.1823633,50,-78,110
1747014063.2173634,-45,1,72
1747014063.2523634,-111,115,82
1747014063.2883637,72,28,-99
1747014063.3233633,-37,51,44
1747014063.3593633,26,-20,-31
1747014063.3943634,-29,49,56
1747014063.4303634,58,-26,82
1747014063.4653633,-80,-30,68
1747014063.500363,4,-54,58
1747014063.5363634,-40,24,100
1747014063.5713634,-44,-19,46
1747014063.6073637,49,-45,164
1747014063.6423633,-10,28,-53
1747014063.6773634,9,24,142
1747014063.7123632,-27,29,98
1747014063.7483633,47,8,80
1747014063.7843633,35,6,30
1747014063.8193634,-29,-26,112
1747014063.8553634,-42,-25,-75
1747014063.8903637,104,47,178
1747014063.9263637,11,-23,50
1747014063.9613633,-76,-65,144
1747014063.9963634,0,4,-39
1747014064.0323634,21,24,54
1747014064.0673633,-24,-53,40
1747014064.1033633,-60,-28,110
1747014064.1383634,-12,5,110
1747014064.1743634,11,-12,-131
1747014064.2093637,3,-74,72
1747014064.2443633,41,45,-11
1747014064.280363,-73,-4,72
1747014064.3153634,-17,25,110
1747014064.3513634,-33,-48,86
1747014064.3863633,-54,-3,42
1747014064.4213634,65,-23,62
1747014064.4563634,9,22,-27
1747014064.4923637,72,21,126
1747014064.5283637,34,7,32
1747014064.5633633,34,11,122
1747014064.599363,-55,15,-15
1747014064.6343634,25,88,182
1747014064.6693633,-4,70,178
1747014064.704363,-2,64,92
1747014064.7403634,-16,-81,134
1747014064.7763634,9,-18,98
1747014064.8113637,23,3,34
1747014064.8473637,25,22,-23
1747014064.882363,-26,-80,22
1747014064.9173634,103,51,74
1747014064.9523633,-32,15,140
1747014064.9883633,-36,51,100
1747014065.0243633,59,7,18
1747014065.0593634,-22,35,56
1747014065.0953634,63,32,76
1747014065.1303637,55,58,-11
1747014065.1653633,-28,-55,-9
1747014065.2003634,13,-16,56
1747014065.2363634,-27,14,172
1747014065.2723634,14,-13,-35
1747014065.3073633,11,18,42
1747014065.3433633,10,-21,74
1747014065.3783634,56,-1,62
1747014065.4133637,-23,-129,90
1747014065.4483633,38,-19,102
1747014065.4843633,-5,39,120
1747014065.520363,-54,-52,130
1747014065.5553634,-28,-22,90
1747014065.5913634,-13,-35,44
1747014065.6263633,-29,40,78
1747014065.6613634,30,67,68
1747014065.6963634,81,21,44
1747014065.7323637,-38,-24,174
1747014065.7683637,-19,39,118
1747014065.803363,45,-12,6
1747014065.839363,-2,63,0
1747014065.8743634,-5,-33,124
1747014065.9093633,58,70,38
1747014065.9443634,22,-17,-7
1747014065.9803634,-93,-59,84
1747014066.0163634,-77,-25,64
1747014066.0513637,2,-1,87
1747014066.0873632,-26,17,168
1747014066.122363,-34,-17,72
1747014066.1573634,5,-7,148
1747014066.1923633,-7,-3,106
1747014066.2283633,-2,-35,18
1747014066.2643633,3,50,76
1747014066.2993634,-40,6,-67
1747014066.3353634,-41,0,44
1747014066.3703637,-61,-24,-19
1747014066.405363,-17,41,68
1747014066.4403634,-50,60,-87
1747014066.4763634,21,26,2
1747014066.5123634,-39,-58,121
1747014066.5473633,40,-18,35
1747014066.5833633,42,55,-22
1747014066.6183634,5,31,161
1747014066.6533637,26,57,51
1747014066.6883633,-11,-6,161
1747014066.724363,6,-42,-67
1747014066.760363,-69,9,-7
1747014066.7953634,56,-34,184
1747014066.8313634,-113,-48,143
1747014066.8663633,-21,3,97
1747014066.9013634,32,63,135
1747014066.9363637,10,3,43
1747014066.9723637,-16,10,-2
1747014067.0083632,0,6,-94
1747014067.043363,103,-31,-71
1747014067.079363,90,-16,66
1747014067.1143634,62,-60,16
1747014067.1493633,16,-50,30
1747014067.1843634,-93,-18,116
1747014067.2203634,-12,36,70
1747014067.2563634,1,18,70
1747014067.2913637,31,-47,146
1747014067.3273633,-10,34,-31
1747014067.362363,9,-5,48
1747014067.3973634,0,27,228
1747014067.4323633,32,-4,148
1747014067.4683633,-36,-59,158
1747014067.5043633,-19,-92,38
1747014067.5393634,16,-20,-3
1747014067.5753634,-91,-16,57
1747014067.6103632,-45,37,107
1747014067.645363,50,-78,80
1747014067.681363,-4,-15,175
1747014067.7163634,53,50,81
1747014067.7523634,-6,-5,7
1747014067.7873633,2,41,-42
1747014067.8233633,-43,-12,48
1747014067.8583634,-45,35,50
1747014067.8933637,40,-30,18
1747014067.9293633,-9,11,150
1747014067.964363,107,18,40
1747014068.000363,-18,52,72
1747014068.0353634,-30,60,232
1747014068.0713634,71,86,46
1747014068.1063633,19,24,-63
1747014068.1413634,19,20,66
1747014068.1773634,-3,0,178
1747014068.2123632,64,-58,56
1747014068.2483633,-13,5,80
1747014068.2903633,102,-10,104
1747014068.3273633,0,25,26
1747014068.362363,2,33,84
1747014068.3973634,-43,-2,102
1747014068.4333634,-55,1,50
1747014068.4683633,-5,-88,116
1747014068.5043633,38,-54,104
1747014068.5393634,8,7,108
1747014068.5753634,101,-26,30
1747014068.6103632,-26,-30,72
1747014068.645363,88,37,-39
1747014068.681363,52,27,50
1747014068.7163634,-19,-21,96
1747014068.7523634,46,-36,76
1747014068.7873633,-25,43,-3
1747014068.8233633,28,21,28
1747014068.8583634,44,-10,46
1747014068.8933637,-19,-62,-3
1747014068.9293633,-35,-32,32
1747014068.964363,88,-54,94
1747014069.000363,34,9,-1
1747014069.0353634,6,0,98
1747014069.0713634,-75,75,-35
1747014069.1063633,-16,111,152
1747014069.1413634,-4,-12,-23
1747014069.1773634,29,24,46
1747014069.2123632,131,-5,64
1747014069.2483633,-32,-55,-27
1747014069.283363,49,-43,58
1747014069.3193634,-59,45,41
1747014069.3543634,30,-50,2
1747014069.3893633,0,-6,59
1747014069.4253633,-20,8,146
1747014069.4603634,-22,-3,104
1747014069.4963634,67,-49,67
1747014069.5313632,-44,16,145
1747014069.566363,37,-14,187
1747014069.6013634,-30,14,-24
1747014069.6373634,35,-69,37
1747014069.6733634,49,-2,71
1747014069.7083633,-36,32,99
1747014069.7443633,-50,28,38
1747014069.7793634,-14,38,42
1747014069.8143632,-39,-40,72
1747014069.849363,12,-18,64
1747014069.885363,-19,-40,66
1747014069.9213634,-41,-26,88
1747014069.9563634,14,37,-43
1747014069.9923637,-9,-78,-109
1747014070.0273633,-5,-78,-11
1747014070.0623634,42,0,136
1747014070.0973637,-5,-4,93
1747014070.1333632,54,1,66
1747014070.1693633,40,-14,50
1747014070.204363,56,63,106
1747014070.2403634,-64,0,192
1747014070.2753634,-54,64,102
1747014070.3103633,-14,-7,47
1747014070.3453634,-29,-28,158
1747014070.3813634,93,98,84
1747014070.4173634,45,70,66
1747014070.4523633,45,-31,4
1747014070.4883633,-40,-11,-19
1747014070.5233634,-78,-61,174
1747014070.5583634,19,-49,122
1747014070.5933633,-4,0,117
1747014070.6293633,191,-5,63
1747014070.6653633,77,10,65
1747014070.7003634,36,3,96
1747014070.7363634,84,-26,137
1747014070.7713633,38,-28,89
1747014070.806363,16,-108,39
1747014070.8413634,20,-16,-54
1747014070.8773634,-5,17,-74
1747014070.9133637,-4,-3,131
1747014070.9483633,49,16,96
1747014070.9843633,77,-11,17
1747014071.0193634,-38,50,19
1747014071.0543633,51,-15,39
1747014071.089363,-67,-48,59
1747014071.125363,-35,41,25
1747014071.1613634,41,-25,19
1747014071.1963634,7,-43,93
1747014071.2323637,25,-5,117
1747014071.2673633,-8,-55,185
1747014071.3023634,31,14,169
1747014071.3373632,55,-3,15
1747014071.3733633,-20,30,85
1747014071.4093633,41,24,88
1747014071.4443634,11,-59,134
1747014071.4803634,-30,93,268
1747014071.5153637,-44,-26,48
1747014071.5503633,-28,63,106
1747014071.5853634,-14,0,106
1747014071.6213634,-2,-6,8
1747014071.6573634,-50,-85,76
1747014071.6923633,-49,74,220
1747014071.7283633,-25,-13,168
1747014071.7633634,34,80,144
1747014071.7983634,-29,42,64
1747014071.8333633,54,20,44
1747014071.8693633,-57,30,2
1747014071.905363,22,-69,-85
1747014071.9403634,-12,35,-9
1747014071.9763634,47,-46,60
1747014072.0113633,35,33,-23
1747014072.0463634,-2,-44,34
1747014072.0813634,-9,24,0
1747014072.1173637,38,-25,93
1747014072.1533637,70,-79,59
1747014072.1883633,-55,40,17
1747014072.224363,-15,4,87
1747014072.2593634,-42,-20,105
1747014072.2943633,-25,60,159
1747014072.329363,-22,-8,-134
1747014072.3653634,-62,7,103
1747014072.4013634,14,-8,-2
1747014072.4363637,0,7,-159
1747014072.4723637,27,32,65
1747014072.507363,20,-77,152
1747014072.5423634,6,-1,147
1747014072.5773633,-11,5,102
1747014072.6133633,-5,0,56
1747014072.6493633,13,14,-85
1747014072.6843634,88,20,138
1747014072.7203634,20,36,96
1747014072.7553637,22,15,6
1747014072.7903633,73,34,46
1747014072.826363,-52,-73,198
1747014072.8613634,99,-5,20
1747014072.8973634,103,8,181
1747014072.9323633,11,-55,79
1747014072.9683633,50,36,33
1747014073.0033634,50,22,69
1747014073.0383637,-127,-23,113
1747014073.0743637,-61,10,29
1747014073.1093633,-1,12,67
1747014073.145363,-49,-17,135
1747014073.1803634,61,-6,41
1747014073.2163634,-100,-31,73
1747014073.2513633,-46,-19,-8
1747014073.2863634,-18,-57,85
1747014073.3223634,31,-19,185
1747014073.3573637,69,-49,43
1747014073.3933637,69,49,88
1747014073.428363,-14,-30,18
1747014073.464363,3,76,80
1747014073.4993634,-18,-27,8
1747014073.5343633,7,-87,-47
1747014073.5703633,-18,-2,62
1747014073.6053634,71,-32,96
1747014073.6413634,11,-55,198
1747014073.6763637,23,-21,118
1747014073.7123632,3,6,-31
1747014073.747363,0,-43,46
1747014073.7823634,73,-46,125
1747014073.8183634,71,-41,105
1747014073.8533633,-58,-61,83
1747014073.8893633,25,22,43
1747014073.9243634,-24,-11,65
1747014073.9603634,23,-19,25
1747014073.9953637,-32,64,19
1747014074.030363,13,10,29
1747014074.066363,31,48,83
1747014074.1013634,-34,18,175
1747014074.1373634,1,11,139
1747014074.1723633,52,24,16
1747014074.2083633,-9,44,140
1747014074.2433634,44,16,122
1747014074.2783637,-39,-61,100
1747014074.3143632,-48,29,2
1747014074.349363,63,-46,130
1747014074.385363,-2,36,106
1747014074.4203634,61,-1,82
1747014074.4563634,127,-51,-33
1747014074.4923637,0,22,91
1747014074.5283637,17,36,-7
1747014074.5643632,-16,-19,57
1747014074.599363,1,26,55
1747014074.6343634,-82,6,-98
1747014074.6703634,49,68,135
1747014074.7063634,55,0,152
1747014074.7413633,89,34,70
1747014074.7773633,57,-3,-15
1747014074.8123634,-74,-26,111
1747014074.8473637,-76,39,140
1747014074.882363,-42,21,28
1747014074.918363,-15,67,18
1747014074.954363,-57,-58,158
1747014074.9893634,42,-14,-58
1747014075.0253634,28,-82,54
1747014075.0603633,39,-10,91
1747014075.0953634,-72,39,135
1747014075.1303637,55,-34,63
1747014075.1663637,61,-38,31
1747014075.2023633,-54,-132,31
1747014075.237363,13,75,105
1747014075.2733634,16,34,17
1747014075.3083634,15,51,57
1747014075.3433633,-8,1,53
1747014075.3783634,24,-10,199
1747014075.4143634,38,-66,65
1747014075.4503634,-29,-24,77
1747014075.4853632,34,-28,121
1747014075.5213633,76,51,29
1747014075.556363,16,-46,135
1747014075.5913634,40,23,105
1747014075.6263633,2,15,-30
1747014075.6623633,13,7,169
1747014075.6983633,0,64,-112
1747014075.7333634,-57,118,205
1747014075.7693634,55,87,175
1747014075.8043633,-61,-67,79
1747014075.839363,-11,34,47
1747014075.8743634,49,14,15
1747014075.9103634,35,15,117
1747014075.9463634,-42,-25,143
1747014075.9813633,49,74,99
1747014076.0173633,31,38,57
1747014076.0523634,7,-29,97
1747014076.0873632,4,-49,131
1747014076.122363,82,-9,165
1747014076.158363,44,38,-68
1747014076.1943634,35,40,15
1747014076.2293634,33,-15,71
1747014076.2653637,33,92,23
1747014076.3003633,-22,12,85
1747014076.3353634,83,-7,69
1747014076.3703637,23,110,-4
1747014076.4063632,-2,52,87
1747014076.4423633,-81,-10,-10
1747014076.477363,-52,-57,29
1747014076.5133634,-32,3,137
1747014076.5483634,36,-14,103
1747014076.5833633,-28,27,69
1747014076.6183634,9,16,97
1747014076.6543634,-71,13,1
1747014076.6903634,-29,-2,59
1747014076.7253633,88,-26,85
1747014076.7613633,54,0,93
1747014076.7963634,-9,-2,61
1747014076.8313634,1,-50,-38
1747014076.8663633,37,-72,27
1747014076.9023633,89,13,153
1747014076.9383633,-52,11,-40
1747014076.9733634,-4,-12,95
1747014077.0093634,-32,73,81
1747014077.0443633,-78,0,0
1747014077.079363,13,-40,9
1747014077.1143634,-12,-16,119
1747014077.1503634,53,-48,81
1747014077.1863637,31,-11,151
1747014077.2213633,-54,-59,79
1747014077.257363,-8,44,43
1747014077.2923634,-13,-48,167
1747014077.3273633,36,33,63
1747014077.362363,73,-45,105
1747014077.3983634,19,-101,-14
1747014077.4343634,21,-47,-54
1747014077.4693637,-32,0,131
1747014077.5053637,-2,-1,87
1747014077.5403633,-38,-31,133
1747014077.5753634,-24,12,163
1747014077.6103632,15,-9,97
1747014077.6463633,23,-15,59
1747014077.6823633,-20,-10,143
1747014077.7173634,-50,-100,16
1747014077.7533634,-15,-2,98
1747014077.7883637,-65,-58,74
1747014077.8233633,-23,-44,112
1747014077.8593633,-23,0,-5
1747014077.8943634,-59,73,56
1747014077.9303634,46,29,30
1747014077.9653633,-33,-24,-153
1747014078.0013633,68,-16,156
1747014078.0363634,-53,3,130
1747014078.0713634,14,-16,146
1747014078.1073637,-38,4,-63
1747014078.1423633,5,-23,184
1747014078.178363,-26,28,-9
1747014078.2133634,9,-41,94
1747014078.2493634,35,0,6
1747014078.2913637,46,33,2
1747014078.3273633,19,64,44
1747014078.3633633,-37,-76,132
1747014078.3983634,3,-9,76
1747014078.4343634,-20,-15,50
1747014078.4693637,-6,24,28
1747014078.5053637,50,-44,8
1747014078.5403633,50,-18,108
1747014078.5753634,4,49,248
1747014078.6113634,-72,-69,100
1747014078.6463633,43,-59,30
1747014078.6823633,-74,66,52
1747014078.7173634,-16,-63,82
1747014078.7533634,23,-47,2
1747014078.7883637,5,-1,168
1747014078.8233633,9,-53,12
1747014078.8593633,-50,32,42
1747014078.8943634,63,-1,36
1747014078.9303634,70,51,128
1747014078.9653633,12,-6,-25
1747014079.0013633,-37,-20,22
1747014079.0363634,-16,-43,184
1747014079.0713634,-37,-34,84
1747014079.1073637,-79,0,134
1747014079.1423633,34,-46,40
1747014079.178363,26,33,-9
1747014079.2133634,12,1,-29
1747014079.2493634,-66,49,30
1747014079.2843633,1,-58,58
1747014079.3193634,22,55,190
1747014079.3553634,24,-6,108
1747014079.3903637,-17,-48,60
1747014079.4263637,-53,25,38
1747014079.4613633,-77,-15,-53
1747014079.497363,36,23,216
1747014079.5323634,56,65,106
1747014079.5673633,-86,-1,52
1747014079.6033633,47,44,24
1747014079.6383634,-16,-41,88
1747014079.6743634,48,-33,68
1747014079.7093637,-28,-11,6
1747014079.7443633,36,11,88
1747014079.7793634,-18,83,98
1747014079.8153634,-52,-6,-1
1747014079.8513634,15,29,93
1747014079.8863633,-16,11,250
1747014079.9223633,57,39,154
1747014079.9573634,112,15,32
1747014079.9923637,-39,-30,117
1747014080.0273633,29,-42,62
1747014080.0633633,6,-24,152
1747014080.099363,10,-58,108
1747014080.1343634,4,13,26
1747014080.1703634,15,77,26
1747014080.2053633,16,15,37
1747014080.2403634,-39,43,-40
1747014080.2753634,-33,-12,-9
1747014080.3113637,-63,-6,48
1747014080.3473637,16,5,22
1747014080.382363,-55,-34,136
1747014080.418363,18,-95,-56
1747014080.4533634,-5,22,-39
1747014080.4883633,52,12,16
1747014080.5233634,4,1,146
1747014080.5593634,-33,-19,134
1747014080.5953634,30,42,18
1747014080.6303637,57,-8,12
1747014080.6663637,77,61,26
1747014080.701363,15,-70,38
1747014080.7363634,91,59,-9
1747014080.7713633,16,-23,18
1747014080.8073633,31,57,34
1747014080.8433633,-18,25,92
1747014080.8783634,49,29,-45
1747014080.9143634,-11,-13,46
1747014080.9493637,-12,23,100
1747014080.9843633,53,45,-43
1747014081.0193634,6,1,122
1747014081.0553634,-3,-22,-33
1747014081.0913634,29,28,-13
1747014081.1263633,-36,33,64
1747014081.1623633,85,-28,85
1747014081.1973634,23,-12,-30
1747014081.2323637,19,11,35
1747014081.2673633,106,57,102
1747014081.303363,2,49,79
1747014081.339363,1,25,85
1747014081.3743634,1,-43,81
1747014081.4103634,-38,66,-26
1747014081.4453633,-15,-34,29
1747014081.4803634,34,67,28
1747014081.5153637,-56,24,153
1747014081.5513637,-71,-9,71
1747014081.5873632,-54,30,-2
1747014081.622363,-16,-7,-32
1747014081.658363,83,55,45
1747014081.6933634,-14,17,127
1747014081.7283633,-82,-44,173
1747014081.7633634,8,10,43
1747014081.7993634,-53,-43,7
1747014081.8353634,27,-34,81
1747014081.8703637,-10,41,-20
1747014081.9063632,69,13,75
1747014081.941363,-12,43,87
1747014081.9763634,-8,53,211
1747014082.0113633,11,-4,95
1747014082.0473633,17,-64,-40
1747014082.0833633,-8,1,61
1747014082.1183634,-35,7,101
1747014082.1543634,-19,-48,23
1747014082.1893632,-76,8,17
1747014082.224363,-29,43,59
1747014082.2593634,28,13,38
1747014082.2953634,72,-12,-20
1747014082.3313634,20,-24,105
1747014082.3663633,-3,7,56
1747014082.4023633,8,-47,65
1747014082.4373634,60,14,62
1747014082.4723637,34,22,64
1747014082.507363,18,-5,150
1747014082.543363,-50,-9,136
1747014082.579363,-54,-9,110
1747014082.6143634,12,76,14
1747014082.6503634,-22,64,-23
1747014082.6853633,-47,-20,136
1747014082.7203634,-24,-49,130
1747014082.7553637,5,-3,46
1747014082.7913637,17,18,172
1747014082.8273633,-50,-31,106
1747014082.862363,39,6,84
1747014082.8983634,-28,-7,108
1747014082.9333634,24,16,130
1747014082.9683633,-75,40,52
1747014083.0043633,11,-1,48
1747014083.0393634,47,-3,79
1747014083.0753634,80,-35,93
1747014083.1103632,-82,-60,71
1747014083.1463633,-26,79,40
1747014083.181363,-71,6,-67
1747014083.2163634,28,42,76
1747014083.2523634,-7,-28,28
1747014083.2873633,0,41,100
1747014083.3233633,-19,-38,70
1747014083.3583634,-77,25,24
1747014083.3943634,14,12,40
1747014083.4293633,52,-8,14
1747014083.464363,10,26,90
1747014083.500363,46,-31,33
1747014083.5353634,10,-49,169
1747014083.5713634,-45,56,57
1747014083.6063633,18,20,82
1747014083.6423633,-53,2,15
1747014083.6773634,76,42,24
1747014083.7123632,-23,22,150
1747014083.7483633,110,-15,10
1747014083.783363,-25,-34,-47
1747014083.8193634,-33,-44,118
1747014083.8543634,106,-16,-67
1747014083.8903637,-15,-26,82
1747014083.9253633,-9,-68,18
1747014083.9603634,-43,39,50
1747014083.9963634,-59,-8,32
1747014084.0313632,0,-58,70
1747014084.0673633,24,9,16
1747014084.102363,-9,43,50
1747014084.1383634,-21,51,60
1747014084.1733634,49,-10,176
1747014084.2083633,-76,23,62
1747014084.2443633,39,-4,178
1747014084.2793634,-18,-26,90
1747014084.3153634,34,19,30
1747014084.3503633,-57,-46,55
1747014084.3863633,26,-46,110
1747014084.4213634,-25,-8,-103
1747014084.4563634,-30,41,52
1747014084.4923637,-5,59,163
1747014084.5273633,-17,-22,143
1747014084.5643632,-33,45,15
1747014084.599363,-2,-13,63
1747014084.635363,-20,-81,99
1747014084.6703634,-30,84,131
1747014084.7063634,-31,31,25
1747014084.7423637,26,25,161
1747014084.7773633,-44,8,56
1747014084.8123634,0,18,107
1747014084.8483634,1,4,84
1747014084.8843634,51,-13,-79
1747014084.9193633,-71,-74,93
1747014084.9553633,-23,21,74
1747014084.9903634,-19,11,185
1747014085.0253634,-13,0,119
1747014085.0603633,-5,-54,151
1747014085.0963633,28,-38,161
1747014085.132363,24,-6,-14
1747014085.1673634,34,13,167
1747014085.2033634,56,-94,43
1747014085.2383633,12,13,97
1747014085.2733634,60,-48,53
1747014085.3083634,51,-9,-8
1747014085.3443637,41,-38,57
1747014085.3803637,51,-28,95
1747014085.4153633,-96,47,63
1747014085.451363,30,37,199
1747014085.4863634,38,-24,145
1747014085.5213633,-15,39,43
1747014085.556363,-33,39,185
1747014085.5923634,32,15,103
1747014085.6283634,12,-2,89
1747014085.6633637,-27,-16,45
1747014085.6993637,-3,25,67
1747014085.7343633,-11,3,137
1747014085.7693634,-29,-50,43
1747014085.8043633,24,7,173
1747014085.8403633,42,17,-6
1747014085.8763633,118,43,-44
1747014085.9113634,68,5,-66
1747014085.9473634,-23,47,169
1747014085.9823637,8,45,117
1747014086.0173633,-39,9,63
1747014086.0523634,22,45,151
1747014086.0883634,-13,-40,15
1747014086.1243634,16,33,65
1747014086.1593633,-66,-30,25
1747014086.1953633,-34,-38,-2
1747014086.2303634,93,34,93
1747014086.2653637,1,5,103
1747014086.3003633,7,1,133
1747014086.3363633,-58,65,57
1747014086.372363,63,-44,127
1747014086.4073634,-57,-78,65
1747014086.4433634,-36,-9,107
1747014086.4783633,60,55,73
1747014086.5133634,-43,-28,43
1747014086.5483634,-88,18,141
1747014086.5843637,109,-21,131
1747014086.6203637,35,-11,111
1747014086.655363,64,-31,111
1747014086.691363,-25,40,75
1747014086.7263634,41,-27,105
1747014086.7613633,-39,54,175
1747014086.7963634,21,38,129
1747014086.8323634,141,24,87
1747014086.8683634,45,10,97
1747014086.9033637,107,-4,-16
1747014086.9393632,67,5,-44
1747014086.974363,12,6,13
1747014087.0093634,-57,-37,141
1747014087.0443633,-135,-34,37
1747014087.0803633,-30,79,95
1747014087.1163633,37,3,37
1747014087.1513634,-42,-20,51
1747014087.1873634,18,56,123
1747014087.2223637,121,5,29
1747014087.257363,54,44,75
1747014087.2923634,54,-1,83
1747014087.3283634,-30,14,-14
1747014087.3643634,-38,-85,85
1747014087.3993633,62,-15,63
1747014087.4353633,0,-43,1
1747014087.4703634,-46,6,151
1747014087.5053637,-20,26,125
1747014087.5403633,0,20,-8
1747014087.576363,-14,-45,115
1747014087.612363,63,36,19
1747014087.6473634,23,66,21
1747014087.6833634,-41,64,23
1747014087.7183633,-70,22,215
1747014087.7533634,-97,44,55
1747014087.7883637,2,-41,117
1747014087.8243637,23,1,-30
1747014087.8603632,-20,97,179
1747014087.895363,45,24,41
1747014087.931363,7,-69,73
1747014087.9663634,28,-37,27
1747014088.0013633,7,12,83
1747014088.0373633,-14,-11,213
1747014088.0723634,21,-1,97
1747014088.1083634,-39,40,17
1747014088.1433637,-28,6,113
1747014088.1793633,89,-39,-28
1747014088.214363,-14,-61,63
1747014088.2493634,-28,-1,149
1747014088.2853634,-11,60,163
1747014088.3273633,13,-3,163
1747014088.3643634,25,-16,73
1747014088.3993633,-8,-27,-18
1747014088.4353633,5,-35,-12
1747014088.4703634,-70,-35,-26
1747014088.5053637,-20,52,161
1747014088.5413637,51,-61,61
1747014088.576363,7,-39,-16
1747014088.612363,-114,46,29
1747014088.6473634,56,-70,-26
1747014088.6833634,26,-10,-30
1747014088.7183633,10,-32,89
1747014088.7533634,22,-112,87
1747014088.7893634,15,76,147
1747014088.8243637,21,39,73
1747014088.8603632,-46,-46,81
1747014088.895363,13,-41,59
1747014088.931363,-32,10,21
1747014088.9663634,-77,-27,65
1747014089.0013633,-46,22,21
1747014089.0373633,-54,74,5
1747014089.0723634,11,-26,-30
1747014089.1083634,29,-21,131
1747014089.1433637,3,-19,49
1747014089.1793633,-25,-62,25
1747014089.214363,63,-45,169
1747014089.2493634,21,32,115
1747014089.2853634,-22,34,-14
1747014089.3203633,-75,-76,125
1747014089.3563633,-49,-6,-34
1747014089.3913634,62,49,69
1747014089.4273634,-11,-8,67
1747014089.4623632,32,1,117
1747014089.497363,46,69,59
1747014089.533363,138,23,3
1747014089.5683634,52,-32,23
1747014089.6043634,-53,-6,49
1747014089.6393633,32,33,197
1747014089.6743634,30,11,45
1747014089.7093637,34,55,115
1747014089.7453637,-19,-30,-74
1747014089.7813632,66,-20,63
1747014089.816363,-16,77,61
1747014089.852363,0,9,-6
1747014089.8883634,70,-68,15
1747014089.9243634,-75,-38,-76
1747014089.9593637,22,-66,147
1747014089.9943633,46,0,21
1747014090.0293634,-43,-56,-62
1747014090.0653634,-26,35,115
1747014090.1013634,-48,-20,141
1747014090.1363633,-18,21,-28
1747014090.1723633,-48,1,183
1747014090.2073634,2,-27,-42
1747014090.2423637,34,-8,21
1747014090.2773633,44,3,167
1747014090.3133633,-60,32,19
1747014090.349363,-14,-23,83
1747014090.3843634,43,-57,-80
1747014090.4203634,-41,-10,147
1747014090.4553633,30,21,45
1747014090.4903634,-10,-47,119
1747014090.5253634,-60,41,-36
1747014090.5613637,-19,9,-14
1747014090.5973637,22,47,5
1747014090.632363,-31,-54,73
1747014090.668363,-37,5,101
1747014090.7033634,46,-24,5
1747014090.7383633,22,-20,7
1747014090.7733634,40,17,15
1747014090.8093634,-39,6,-38
1747014090.8453634,-11,19,129
1747014090.8803637,14,27,51
1747014090.9163637,22,35,95
1747014090.951363,-27,23,123
1747014090.9863634,-13,9,53
1747014091.0213633,-21,61,137
1747014091.0573633,-65,25,135
1747014091.0933633,-49,5,31
1747014091.1283634,20,55,79
1747014091.1643634,-3,13,67
1747014091.1993637,-25,7,147
1747014091.2343633,-24,42,119
1747014091.2693634,19,-47,29
1747014091.3053634,27,-37,-66
1747014091.3413634,0,17,-96
1747014091.3763633,-14,-19,9
1747014091.4123633,59,6,45
1747014091.4473634,47,-7,33
1747014091.4823637,67,10,151
1747014091.5173633,22,-60,29
1747014091.553363,26,-14,105
1747014091.589363,48,53,159
1747014091.6243634,7,-16,77
1747014091.6603634,-44,3,7
1747014091.6953633,69,20,63
1747014091.7303634,-25,-30,83
1747014091.7653637,95,17,109
1747014091.8013637,8,13,87
1747014091.8373632,-49,-32,-152
1747014091.872363,-7,29,103
1747014091.908363,-29,-12,-16
1747014091.9433634,75,22,31
1747014091.9783633,35,-39,139
1747014092.0133634,15,-5,111
1747014092.0493634,3,84,7
1747014092.0853634,82,-28,115
1747014092.1203637,10,-52,99
1747014092.1563632,45,-3,191
1747014092.191363,127,30,15
1747014092.2263634,103,-33,123
1747014092.2613633,-2,52,135
1747014092.2973633,5,11,31
1747014092.3333633,-9,26,105
1747014092.3683634,-13,24,93
1747014092.4043634,90,52,7
1747014092.4393632,-28,33,203
1747014092.474363,-48,-21,-38
1747014092.5093634,14,-15,97
1747014092.5453634,24,-28,83
1747014092.5813634,14,-13,71
1747014092.6163633,-33,-10,121
1747014092.6523633,-50,-17,15
1747014092.6873634,63,-3,-60
1747014092.7223637,71,2,109
1747014092.757363,57,24,-22
1747014092.793363,69,58,63
1747014092.829363,25,8,77
1747014092.8643634,13,22,7
1747014092.9003634,43,-7,57
1747014092.9353633,3,-20,157
1747014092.9703634,9,5,-44
1747014093.0063634,27,-62,7
1747014093.0413637,-24,-30,47
1747014093.0773633,59,23,71
1747014093.112363,1,1,185
1747014093.1483634,15,48,49
1747014093.1833634,15,30,90
1747014093.2183633,-58,-45,-46
1747014093.2543633,-11,-4,77
1747014093.2893634,10,0,-47
1747014093.3253634,-19,-50,86
1747014093.3603632,-5,-26,-21
1747014093.3963633,-13,-18,46
1747014093.431363,50,-34,24
1747014093.4663634,45,-20,86
1747014093.5023634,-2,25,74
1747014093.5373633,-30,17,24
1747014093.5733633,-118,-28,12
1747014093.6083634,13,39,42
1747014093.6443634,33,-4,74
1747014093.6793633,21,-50,150
1747014093.714363,-42,55,42
1747014093.750363,53,17,-103
1747014093.7853634,6,45,60
1747014093.8213634,13,-2,114
1747014093.8563633,-45,-2,20
1747014093.8923633,-52,-1,116
1747014093.9273634,-27,33,114
1747014093.9623632,10,-24,100
1747014093.9983633,20,-3,120
1747014094.033363,-23,0,106
1747014094.0693634,30,-60,124
1747014094.1043634,70,5,88
1747014094.1403637,76,-36,86
1747014094.1753633,-55,-46,62
1747014094.2103634,-24,61,4
1747014094.2463634,26,29,136
1747014094.2813632,17,-104,72
1747014094.3173633,4,-16,162
1747014094.352363,-35,19,160
1747014094.3883634,28,-96,4
1747014094.4233634,-13,-70,148
1747014094.4583633,64,-14,136
1747014094.4943633,38,78,118
1747014094.5293634,-29,9,54
1747014094.5653634,37,-22,28
1747014094.6003633,-51,35,124
1747014094.6363633,-20,-44,140
1747014094.6713634,37,25,10
1747014094.7063634,40,57,92
1747014094.7423637,54,-2,112
1747014094.7773633,113,-100,80
1747014094.8133633,7,-76,132
1747014094.8483634,85,13,-19
1747014094.8833632,-57,25,4
1747014094.918363,-1,-34,60
1747014094.954363,-45,55,146
1747014094.9903634,44,5,50
1747014095.0253634,18,-34,28
1747014095.0613637,100,-18,54
1747014095.0963633,14,1,152
1747014095.1313634,38,67,4
1747014095.1663637,-1,5,88
1747014095.2023633,-55,-16,48
1747014095.2383633,56,11,146
1747014095.2733634,84,-90,-27
1747014095.3093634,48,83,14
1747014095.3443637,-51,-30,98
1747014095.3793633,-1,23,18
1747014095.4143634,-35,-12,94
1747014095.4503634,18,-14,92
1747014095.4863634,50,-24,-75
1747014095.5213633,120,-32,112
1747014095.5573633,-10,-27,62
1747014095.5923634,21,14,-9
1747014095.6273634,6,-10,102
1747014095.6623633,-14,28,86
1747014095.6983633,-103,7,140
1747014095.7343633,78,19,124
1747014095.7693634,26,31,74
1747014095.8053634,2,-12,54
1747014095.8403633,-11,-20,-43
1747014095.875363,-22,-15,80
1747014095.9103634,-47,1,38
1747014095.9463634,99,-63,63
1747014095.9823637,15,22,15
1747014096.0173633,-20,6,107
1747014096.053363,49,25,121
1747014096.0883634,-36,-13,103
1747014096.1233633,-104,-55,5
1747014096.158363,-43,10,-40
1747014096.1943634,-34,32,-19
1747014096.2303634,21,-1,33
1747014096.2653637,1,14,31
1747014096.3013637,-42,8,117
1747014096.3363633,-32,-44,64
1747014096.3713634,73,29,62
1747014096.4063632,26,-23,93
1747014096.4423633,-12,-48,83
1747014096.4783633,0,-9,21
1747014096.5133634,16,2,47
1747014096.5493634,-33,-41,132
1747014096.5843637,12,-85,44
1747014096.6193633,29,1,38
1747014096.6543634,-6,0,188
1747014096.6903634,-91,-22,132
1747014096.7263634,-15,41,182
1747014096.7613633,-37,-14,132
1747014096.7973633,-101,17,10
1747014096.8323634,14,125,161
1747014096.8673637,19,-12,52
1747014096.9023633,13,-26,110
1747014096.9383633,60,45,58
1747014096.974363,24,-10,144
1747014097.0093634,20,39,131
1747014097.0453634,74,31,77
1747014097.0803633,-28,-56,86
1747014097.1153634,18,-22,6
1747014097.1503634,-10,-41,3
1747014097.1863637,-1,-16,64
1747014097.2223637,43,88,52
1747014097.257363,7,-29,33
1747014097.293363,61,-9,-8
1747014097.3283634,-62,-1,41
1747014097.3633633,-20,-11,-47
1747014097.3983634,-8,20,10
1747014097.4343634,30,-26,62
1747014097.4703634,24,0,84
1747014097.5053637,49,31,48
1747014097.5413637,-22,14,46
1747014097.576363,1,-9,48
1747014097.6113634,-92,28,202
1747014097.6463633,-90,2,-15
1747014097.6823633,-2,-33,70
1747014097.7183633,-46,1,106
1747014097.7533634,19,65,44
1747014097.7893634,-8,49,68
1747014097.8243637,153,33,217
1747014097.8593633,13,23,88
1747014097.8943634,-23,61,35
1747014097.9303634,-1,-30,49
1747014097.9663634,-13,35,-8
1747014098.0013633,-57,73,151
1747014098.0373633,25,93,54
1747014098.0723634,50,6,76
1747014098.1073637,32,-19,88
1747014098.1433637,104,14,50
1747014098.178363,29,14,86
1747014098.214363,41,48,-85
1747014098.2493634,39,-68,76
1747014098.2853634,-62,3,122
1747014098.3203633,-40,106,157
1747014098.362363,-36,12,-16
1747014098.3993633,69,-43,121
1747014098.4343634,-21,-17,103
1747014098.4703634,9,-14,-77
1747014098.5053637,-93,-3,121
1747014098.5413637,-21,64,-91
1747014098.576363,-29,-15,-1
1747014098.6113634,22,-89,88
1747014098.6473634,-17,-21,98
1747014098.6823633,54,-29,60
1747014098.7183633,-6,-34,84
1747014098.7533634,-55,58,32
1747014098.7893634,81,29,-1
1747014098.8243637,-26,-28,120
1747014098.8593633,-67,0,102
1747014098.895363,66,-38,32
1747014098.9303634,-48,31,152
1747014098.9663634,-39,-44,146
1747014099.0023634,-113,0,90
1747014099.0383637,18,43,88
1747014099.0733633,-60,-32,150
1747014099.1093633,39,41,72
1747014099.1443634,85,39,105
1747014099.1793633,19,-60,119
1747014099.2153633,75,83,101
1747014099.250363,101,-19,101
1747014099.2863634,27,-5,51
1747014099.3213634,0,52,103
1747014099.3573637,51,-11,65
1747014099.3923633,12,-34,141
1747014099.4273634,37,66,62
1747014099.4633634,-151,85,148
1747014099.4983633,52,31,102
1747014099.5343633,10,35,-57
1747014099.5693634,22,-48,113
1747014099.6053634,41,-1,127
1747014099.6403637,41,-13,0
1747014099.6753633,59,4,51
1747014099.7113633,0,84,7
1747014099.7463634,-60,9,200
1747014099.7823634,25,19,50
1747014099.8173633,64,9,118
1747014099.8533633,16,57,48
1747014099.8883634,94,38,-19
1747014099.9233634,-32,-28,102
1747014099.9593637,55,-36,12
1747014099.9943633,-44,45,10
1747014100.030363,-23,-32,131
1747014100.0653634,-39,129,45
1747014100.1003633,90,-56,89
1747014100.135363,6,-28,75
1747014100.1713634,6,0,87
1747014100.2073634,4,-70,123
1747014100.2423637,-15,-12,-2
1747014100.2783637,16,-28,207
1747014100.3133633,-21,-64,43
1747014100.3483634,-3,-60,49
1747014100.3833632,24,5,70
1747014100.4193633,6,-4,57
1747014100.4553633,96,-40,-46
1747014100.4903634,8,23,-38
1747014100.5263634,-29,29,47
1747014100.5613637,-37,-10,39
1747014100.5963633,-65,-34,15
1747014100.6313634,52,12,86
1747014100.6673634,3,-80,87
1747014100.7033634,-32,25,92
1747014100.7383633,37,-20,22
1747014100.7743633,37,23,37
1747014100.8093634,-42,-90,35
1747014100.8443637,-6,1,42
1747014100.8793633,-69,5,66
1747014100.9153633,-16,-53,124
1747014100.951363,43,-51,96
1747014100.9863634,32,1,-39
1747014101.0223634,102,55,84
1747014101.0573633,74,-48,-25
1747014101.0923634,-11,1,76
1747014101.1273634,-89,-56,-15
1747014101.1633637,-2,12,180
1747014101.1993637,-53,-50,46
1747014101.2343633,-7,39,93
1747014101.270363,-19,-64,10
1747014101.3053634,62,5,71
1747014101.3403633,-93,21,102
1747014101.375363,-23,77,62
1747014101.4113634,28,21,124
1747014101.4473634,-69,-46,32
1747014101.4823637,46,-54,71
1747014101.5183637,-83,3,85
1747014101.553363,23,-25,127
1747014101.5883634,-36,6,81
1747014101.6233633,-36,40,119
1747014101.6593633,-20,18,53
1747014101.6953633,3,0,115
1747014101.7303634,21,-5,108
1747014101.7663634,52,1,148
1747014101.8013637,78,-70,128
1747014101.8363633,-51,43,50
1747014101.8713634,-23,-28,152
1747014101.9073634,-29,83,72
1747014101.9433634,20,0,80
1747014101.9783633,40,-30,95
1747014102.0143633,-21,-62,45
1747014102.0493634,-79,25,47
1747014102.0843637,66,19,113
1747014102.1193633,64,-46,143
1747014102.155363,-2,82,101
1747014102.191363,109,-49,85
1747014102.2263634,-39,-8,63
1747014102.2623634,69,-49,67
1747014102.2973633,30,-12,29
1747014102.3323634,19,10,-56
1747014102.3673637,-2,-9,169
1747014102.4033637,29,42,13
1747014102.4393632,-82,-67,31
1747014102.474363,51,54,-32
1747014102.510363,-43,-50,95
1747014102.5453634,-21,-30,67
1747014102.5803633,59,14,135
1747014102.6153634,24,-30,21
1747014102.6513634,-17,15,103
1747014102.6873634,-46,46,33
1747014102.7223637,16,23,59
1747014102.7583632,-85,-32,73
1747014102.793363,-19,-96,77
1747014102.8283634,50,-70,-20
1747014102.8633633,-9,-70,45
1747014102.8993633,-13,-50,-62
1747014102.9353633,28,-90,9
1747014102.9703634,-18,-39,197
1747014103.0063634,-11,-32,39
1747014103.0413637,-92,-1,33
1747014103.076363,-27,11,13
1747014103.112363,-16,-43,137
1747014103.1473634,-45,-74,93
1747014103.1833634,45,-13,93
1747014103.2183633,87,-83,153
1747014103.2543633,25,10,41
1747014103.2893634,5,-5,105
1747014103.3243637,-78,38,179
1747014103.3603632,36,10,91
1747014103.395363,20,24,49
1747014103.431363,-21,6,59
1747014103.4663634,-1,6,127
1747014103.5023634,6,-19,89
1747014103.5373633,-17,-49,-60
1747014103.5723634,-31,-23,173
1747014103.6083634,-1,-71,-26
1747014103.6433637,26,-21,105
1747014103.6793633,-28,22,-36
1747014103.714363,59,78,97
1747014103.750363,57,-17,55
1747014103.7853634,33,-13,89
1747014103.8203633,1,-103,55
1747014103.8563633,-10,0,41
1747014103.8913634,-16,77,-6
1747014103.9273634,11,47,69
1747014103.9623632,11,-24,103
1747014103.9983633,-2,-4,45
1747014104.033363,39,-84,-102
1747014104.0683634,87,-11,-20
1747014104.1043634,51,-33,131
1747014104.1393633,47,-17,139
1747014104.1753633,3,4,105
1747014104.2103634,-25,-1,151
1747014104.2463634,-18,83,-74
1747014104.2813632,-26,36,61
1747014104.316363,-14,65,83
1747014104.352363,-22,45,41
1747014104.3873634,31,12,89
1747014104.4233634,4,-32,111
1747014104.4583633,14,21,1
1747014104.4943633,-32,-35,7
1747014104.5293634,-75,-32,55
1747014104.5643632,-15,11,67
1747014104.6003633,38,-46,205
1747014104.635363,39,2,17
1747014104.6713634,16,-40,81
1747014104.7063634,-21,17,23
1747014104.7423637,-17,-42,85
1747014104.7773633,39,60,147
1747014104.8123634,48,-6,23
1747014104.8483634,-49,51,15
1747014104.8833632,69,52,63
1747014104.9193633,-16,-3,-18
1747014104.954363,5,4,55
1747014104.9903634,73,-25,117
1747014105.0263634,69,-7,31
1747014105.0613637,63,6,3
1747014105.0963633,19,74,79
1747014105.132363,52,0,57
1747014105.168363,13,28,45
1747014105.2033634,-16,4,109
1747014105.2393634,81,4,39
1747014105.2743633,81,36,-32
1747014105.3093634,-10,11,63
1747014105.3443637,-24,-26,181
1747014105.3803637,51,21,163
1747014105.4163637,33,69,77
1747014105.451363,81,-44,131
1747014105.487363,-40,46,135
1747014105.5223634,123,46,99
1747014105.5573633,125,-53,21
1747014105.5923634,29,-1,57
1747014105.6283634,45,6,107
1747014105.6643634,9,40,125
1747014105.6993637,5,6,59
1747014105.7353632,117,-10,85
1747014105.770363,-36,13,23
1747014105.8053634,43,13,-58
1747014105.8403633,-22,15,29
1747014105.8763633,-77,76,221
1747014105.9123633,-33,26,-14
1747014105.9473634,-39,-65,101
1747014105.9833634,-12,47,7
1747014106.0183637,-4,-7,117
1747014106.053363,-6,7,137
1747014106.0883634,9,23,41
1747014106.1243634,-2,-16,131
1747014106.1603634,-42,5,51
1747014106.1953633,-36,-12,169
1747014106.2313633,34,8,175
1747014106.2663634,48,-105,-10
1747014106.3013637,-32,47,47
1747014106.3363633,25,-34,51
1747014106.372363,39,-38,49
1747014106.408363,-77,11,55
1747014106.4433634,-33,-36,-18
1747014106.4793634,-27,-13,85
1747014106.5143633,-13,-35,125
1747014106.5493634,-19,-22,21
1747014106.5843637,28,-25,123
1747014106.6203637,-3,25,61
1747014106.6563632,-33,44,117
1747014106.691363,32,30,187
1747014106.727363,6,20,65
1747014106.7623634,-51,-4,109
1747014106.7973633,92,1,-36
1747014106.8323634,0,-42,-14
1747014106.8683634,4,-16,-38
1747014106.9043634,-35,29,71
1747014106.9393632,-51,-60,123
1747014106.9753633,-93,67,125
1747014107.010363,-67,1,0
1747014107.0453634,-13,-6,41
1747014107.0803633,-21,69,113
1747014107.1163633,-33,23,11
1747014107.1523633,55,-9,15
1747014107.1873634,-83,12,65
1747014107.2233634,-45,3,163
1747014107.2583632,26,-76,73
1747014107.293363,18,18,65
1747014107.3283634,-17,7,147
1747014107.3643634,11,-15,69
1747014107.4003634,73,4,39
1747014107.4353633,33,52,65
1747014107.4713633,48,-56,127
1747014107.5063634,-105,55,53
1747014107.5413637,49,23,-12
1747014107.576363,-54,29,121
1747014107.612363,9,-92,53
1747014107.6483634,31,73,107
1747014107.6833634,-4,25,29
1747014107.7193637,21,-122,-54
1747014107.7543633,-20,-33,31
1747014107.7893634,7,-42,223
1747014107.8243637,19,-22,143
1747014107.8603632,28,28,127
1747014107.8963633,58,-31,39
1747014107.931363,44,8,143
1747014107.9673634,35,-39,103
1747014108.0023634,39,-22,71
1747014108.0373633,87,-15,-59
1747014108.0723634,5,-9,41
1747014108.1083634,-36,88,5
1747014108.1443634,-22,-43,-13
1747014108.1793633,111,40,-7
1747014108.2153633,-98,132,146
1747014108.250363,105,-79,144
1747014108.2853634,29,2,94
1747014108.3213634,23,14,74
1747014108.3633633,13,14,-89
1747014108.4003634,47,3,34
1747014108.4353633,21,7,156
1747014108.4713633,-48,37,194
1747014108.5063634,39,37,194
1747014108.5413637,17,-68,152
1747014108.5773633,-12,23,238
1747014108.612363,1,11,-1
1747014108.6483634,93,5,12
1747014108.6833634,30,31,168
1747014108.7193637,-12,21,66
1747014108.7543633,15,18,56
1747014108.7893634,55,14,-1
1747014108.8253634,53,-35,82
1747014108.8603632,-54,-21,68
1747014108.8963633,-32,0,64
1747014108.931363,79,17,82
1747014108.9673634,69,-81,22
1747014109.0023634,21,-44,-73
1747014109.0373633,-42,-39,98
1747014109.0733633,37,-18,132
1747014109.1083634,45,36,14
1747014109.1443634,31,18,108
1747014109.1793633,-43,21,-37
1747014109.2153633,11,-45,0
1747014109.250363,-34,42,120
1747014109.2853634,-86,35,200
1747014109.3213634,33,-9,42
1747014109.3563633,-32,-28,36
1747014109.3923633,-74,31,56
1747014109.4273634,4,-33,120
1747014109.4633634,24,28,140
1747014109.4983633,-27,-23,94
1747014109.533363,66,18,60
1747014109.5693634,-39,32,-13
1747014109.6043634,-9,-41,30
1747014109.6403637,4,-85,160
1747014109.6753633,2,9,130
1747014109.7113633,-23,-20,32
1747014109.7463634,29,19,68
1747014109.7813632,25,3,0
1747014109.8173633,24,11,178
1747014109.852363,-51,-38,40
1747014109.8883634,27,37,122
1747014109.9233634,13,23,96
1747014109.9593637,47,15,188
1747014109.9943633,25,5,60
1747014110.0293634,-26,33,78
1747014110.0653634,83,-20,-69
1747014110.1003633,0,78,166
1747014110.1363633,-10,13,68
1747014110.1713634,102,3,32
1747014110.2063634,-33,83,88
1747014110.2413633,60,-10,60
1747014110.2773633,-37,-48,24
1747014110.3133633,44,13,60
1747014110.3483634,-3,-39,144
1747014110.3843634,20,0,-21
1747014110.4193633,2,11,18
1747014110.454363,-15,-18,38
1747014110.4893634,56,35,104
1747014110.5253634,33,55,64
1747014110.5613637,92,37,146
1747014110.5963633,-38,-20,-41
1747014110.632363,63,43,138
1747014110.6673634,-54,-36,222
1747014110.7023633,-26,-16,82
1747014110.737363,-70,-40,102
1747014110.7733634,-36,5,160
1747014110.8093634,43,15,148
1747014110.8443637,11,-38,86
1747014110.8803637,17,-45,42
1747014110.9153633,67,-21,-83
1747014110.9503634,-128,-15,64
1747014110.9853632,-81,51,6
1747014111.0213633,-21,11,-9
1747014111.0573633,-3,-24,170
1747014111.0923634,37,10,150
1747014111.1283634,24,14,154
1747014111.1633637,12,26,42
1747014111.1983633,-35,-101,84
1747014111.2333634,-7,-23,91
1747014111.2693634,-9,-27,31
1747014111.3053634,22,80,16
1747014111.3403633,26,-113,114
1747014111.3763633,13,50,82
1747014111.4113634,-15,-7,124
1747014111.4463634,63,-35,76
1747014111.4813633,47,34,69
1747014111.5173633,60,-7,-62
1747014111.553363,-92,0,39
1747014111.5883634,130,-9,-21
1747014111.6243634,80,-26,126
1747014111.6593633,-47,-30,23
1747014111.6943634,-30,85,108
1747014111.7293634,20,-91,48
1747014111.7653637,-27,-5,94
1747014111.8013637,75,57,-23
1747014111.8363633,-58,-37,82
1747014111.872363,3,18,37
1747014111.9073634,23,-23,151
1747014111.9423633,3,24,41
1747014111.977363,46,9,-160
1747014112.0133634,50,-10,207
1747014112.0493634,52,-8,8
1747014112.0843637,2,9,44
1747014112.1203637,66,-36,42
1747014112.155363,40,-26,16
1747014112.1903634,47,24,-47
1747014112.2253633,-21,19,76
1747014112.2613633,37,-18,96
1747014112.2973633,-84,-3,150
1747014112.3323634,30,-44,92
1747014112.3683634,-66,-83,98
1747014112.4033637,25,-23,92
1747014112.4383633,-20,8,28
1747014112.4733634,29,-21,72
1747014112.5093634,55,42,110
1747014112.5453634,-23,13,96
1747014112.5803633,-62,8,129
1747014112.6163633,23,-15,-2
1747014112.6513634,15,10,110
1747014112.6863637,2,-10,-17
1747014112.7213633,15,-25,59
1747014112.757363,-24,-43,45
1747014112.793363,67,-33,31
1747014112.8283634,-14,-1,107
1747014112.8643634,-12,-33,59
1747014112.8993633,-20,58,49
1747014112.9343634,3,68,37
1747014112.9693637,33,30,5
1747014113.0053637,119,-92,101
1747014113.0413637,-90,-40,-38
1747014113.076363,-16,99,133
1747014113.112363,16,28,33
1747014113.1473634,-35,-27,41
1747014113.1823633,7,-1,70
1747014113.2173634,-20,-7,-3
1747014113.2533634,43,24,14
1747014113.2893634,-6,12,76
1747014113.3243637,12,-24,156
1747014113.3603632,-17,-6,118
1747014113.395363,17,-11,112
1747014113.4303634,2,-9,52
1747014113.4663634,-49,-5,20
1747014113.5013633,26,-15,162
1747014113.5373633,-43,17,88
1747014113.5723634,-24,-23,110
1747014113.6083634,-5,2,24
1747014113.6433637,-2,66,-18
1747014113.678363,-14,48,-71
1747014113.714363,27,56,20
1747014113.7493634,15,-81,106
1747014113.7853634,25,48,126
1747014113.8203633,-44,-111,102
1747014113.8563633,88,-42,128
1747014113.8913634,-10,-9,54
1747014113.9263637,-36,-31,70
1747014113.9623632,3,-3,38
1747014113.997363,-10,-3,108
1747014114.033363,-38,-29,8
1747014114.0683634,-32,4,-55
1747014114.1043634,3,32,158
1747014114.1393633,31,-37,36
1747014114.1743634,-38,72,44
1747014114.2103634,1,6,38
1747014114.2453637,-20,8,90
1747014114.2813632,-46,32,140
1747014114.316363,39,-17,124
1747014114.352363,-64,-23,0
1747014114.3873634,11,-61,94
1747014114.4223633,-70,-5,150
1747014114.4583633,51,-33,14
1747014114.4933634,101,56,126
1747014114.5293634,82,68,16
1747014114.5643632,-4,-38,94
1747014114.6003633,23,-3,-47
1747014114.635363,25,-45,74
1747014114.6703634,58,60,95
1747014114.7063634,-25,24,97
1747014114.7413633,4,-25,23
1747014114.7773633,-59,-9,255
1747014114.8123634,-67,-31,103
1747014114.8483634,-77,-37,75
1747014114.8833632,-51,-9,187
1747014114.918363,26,52,105
1747014114.954363,60,-9,-10
1747014114.9893634,-25,-49,-31
1747014115.0253634,38,-55,148
1747014115.0603633,46,-35,130
1747014115.0963633,90,8,30
1747014115.1313634,23,-32,42
1747014115.1663637,55,37,70
1747014115.2023633,-8,-4,160
1747014115.237363,-19,6,54
1747014115.2733634,42,8,76
1747014115.3083634,46,-20,84
1747014115.3433633,6,20,32
1747014115.3783634,-57,50,22
1747014115.4143634,58,-19,36
1747014115.4503634,72,-3,18
1747014115.4853632,-119,14,174
1747014115.5213633,-12,30,81
1747014115.556363,24,22,87
1747014115.5913634,-17,14,-18
1747014115.6263633,17,35,-26
1747014115.6623633,-36,-20,105
1747014115.6983633,-2,-30,37
1747014115.7333634,93,65,25
1747014115.7693634,36,21,67
1747014115.8043633,-25,-16,35
1747014115.839363,67,9,145
1747014115.8743634,20,23,119
1747014115.9103634,39,-31,65
1747014115.9463634,-83,-42,122
1747014115.9813633,-5,29,-8
1747014116.0173633,-83,-10,19
1747014116.0523634,-15,-8,19
1747014116.0873632,10,-26,-26
1747014116.122363,46,15,65
1747014116.158363,28,11,121
1747014116.1943634,12,-50,11
1747014116.2293634,-37,11,31
1747014116.2653637,44,-32,47
1747014116.3003633,24,51,17
1747014116.3353634,-11,-98,175
1747014116.3703637,-12,-21,18
1747014116.4063632,51,-37,96
1747014116.4423633,5,-23,86
1747014116.477363,37,-119,-84
1747014116.5143633,14,-27,149
1747014116.5493634,51,-8,137
1747014116.5853634,9,51,57
1747014116.6203637,-17,-31,25
1747014116.655363,11,-42,88
1747014116.6903634,38,36,-21
1747014116.7263634,-28,41,92
1747014116.7623634,18,-13,138
1747014116.7973633,29,-7,94
1747014116.8333633,65,18,83
1747014116.8683634,31,-123,119
1747014116.9033637,-42,-27,137
1747014116.9383633,31,-61,-2
1747014116.974363,99,-69,109
1747014117.010363,-50,-19,100
1747014117.0453634,-14,-9,76
1747014117.0813634,5,-4,72
1747014117.1163633,27,-51,116
1747014117.1513634,-10,-27,19
1747014117.1863637,-8,6,164
1747014117.2223637,-16,32,48
1747014117.2583632,-20,50,122
1747014117.293363,71,-15,12
1747014117.329363,-14,-24,80
1747014117.3643634,7,-28,222
1747014117.3993633,87,7,258
1747014117.4343634,-37,24,0
1747014117.4703634,4,-5,184
1747014117.5063634,38,28,72
1747014117.5413637,-31,10,38
1747014117.5773633,46,16,79
1747014117.612363,-71,8,47
1747014117.6473634,24,16,95
1747014117.6823633,0,-19,97
1747014117.7183633,24,8,-18
1747014117.7543633,-89,78,149
1747014117.7893634,23,-53,-14
1747014117.8253634,-40,16,105
1747014117.8603632,7,28,71
1747014117.895363,-40,-23,89
1747014117.9303634,-28,-69,51
1747014117.9663634,-46,50,177
1747014118.0023634,7,32,89
1747014118.0373633,-70,28,-6
1747014118.0733633,15,6,67
1747014118.1083634,-10,22,75
1747014118.1433637,35,-13,-56
1747014118.178363,-17,-10,7
1747014118.214363,0,-54,-2
1747014118.250363,-115,-76,153
1747014118.2853634,-43,-6,39
1747014118.3213634,-9,7,-48
1747014118.3563633,-24,-38,59
1747014118.3983634,-37,29,71
1747014118.4353633,54,-30,111
1747014118.4703634,34,23,73
1747014118.5063634,6,-22,5
1747014118.5413637,112,43,199
1747014118.5773633,7,21,31
1747014118.612363,-11,-8,91
1747014118.6473634,24,-97,103
1747014118.6833634,-21,22,57
1747014118.7183633,22,-39,161
1747014118.7543633,8,-61,89
1747014118.7893634,-45,12,85
1747014118.8253634,-17,8,31
1747014118.8603632,-21,-88,109
1747014118.895363,-44,6,-62
1747014118.931363,-53,3,109
1747014118.9663634,-46,0,77
1747014119.0023634,61,32,73
1747014119.0373633,-40,4,119
1747014119.0733633,-18,-43,95
1747014119.1083634,131,44,179
1747014119.1433637,-20,-33,133
1747014119.1793633,-82,-3,209
1747014119.214363,8,37,117
1747014119.250363,53,-68,67
1747014119.2853634,-15,11,49
1747014119.3213634,84,-26,79
1747014119.3563633,-35,69,5
1747014119.3913634,10,-14,71
1747014119.4273634,-19,-46,143
1747014119.4623632,-73,1,15
1747014119.4983633,-49,27,185
1747014119.533363,18,61,11
1747014119.5693634,-35,-32,81
1747014119.6043634,78,99,143
1747014119.6393633,40,9,87
1747014119.6753633,-9,-28,99
1747014119.7103634,-25,31,163
1747014119.7463634,-10,-16,71
1747014119.7813632,57,-32,37
1747014119.8173633,70,-44,211
1747014119.852363,57,1,93
1747014119.8873634,30,-28,241
1747014119.9233634,54,-36,25
1747014119.9583633,-20,-62,43
1747014119.9943633,84,-48,1
1747014120.0293634,11,-28,73
1747014120.0653634,-23,27,161
1747014120.1003633,67,-42,161
1747014120.135363,45,3,-6
1747014120.1713634,-73,-38,0
1747014120.2063634,-51,73,45
1747014120.2423637,3,-16,-24
1747014120.2773633,18,9,61
1747014120.3133633,38,-20,21
1747014120.349363,-62,-18,-46
1747014120.3843634,17,-92,47
1747014120.4193633,5,-10,185
1747014120.4553633,3,11,161
1747014120.4913633,47,-38,69
1747014120.5263634,67,-6,119
1747014120.5623634,1,-6,29
1747014120.5973637,85,-56,63
1747014120.632363,13,13,71
1747014120.6673634,-36,17,-14
1747014120.7033634,-4,-39,3
1747014120.7393634,-34,-68,7
1747014120.7743633,0,67,45
1747014120.8103633,29,-22,53
1747014120.8453634,3,-46,49
1747014120.8803637,-2,17,39
1747014120.9153633,-19,-24,161
1747014120.951363,21,35,63
1747014120.987363,0,-7,89
1747014121.0223634,16,-9,77
1747014121.0583634,26,-9,-42
1747014121.0933633,80,-5,89
1747014121.1283634,86,42,59
1747014121.1633637,93,46,-47
1747014121.1993637,10,62,-23
1747014121.2353632,-43,-17,-69
1747014121.270363,8,-79,-43
1747014121.306363,44,-11,100
1747014121.3413634,-3,46,2
1747014121.3763633,56,-3,220
1747014121.4113634,-43,11,-33
1747014121.4473634,64,61,88
1747014121.4833634,-25,71,46
1747014121.5183637,60,-33,76
1747014121.5543633,20,26,206
1747014121.589363,70,50,22
1747014121.6243634,-16,74,20
1747014121.6593633,5,-27,60
1747014121.6953633,-9,-21,90
1747014121.7313633,8,-41,-9
1747014121.7663634,46,-3,118
1747014121.8023634,-21,4,172
1747014121.8383634,-19,-21,-15
1747014121.8743634,50,-13,-7
1747014121.9093633,-99,-61,-9
1747014121.9443634,-37,42,142
1747014121.9793634,2,14,108
1747014122.0153637,34,-48,160
1747014122.0513637,-37,31,90
1747014122.0863633,14,53,48
1747014122.122363,26,0,48
1747014122.1573634,4,51,50
1747014122.1923633,106,-28,140
1747014122.227363,14,11,-93
1747014122.2633634,-43,7,26
1747014122.2993634,53,7,80
1747014122.3343637,-50,-28,-7
1747014122.3703637,-22,7,48
1747014122.405363,-64,17,32
1747014122.4403634,-28,105,8
1747014122.4753633,63,-24,44
1747014122.5113633,-55,-14,118
1747014122.5473633,-54,-13,72
1747014122.5823634,-4,-97,34
1747014122.6183634,-95,-10,82
1747014122.6533637,40,41,76
1747014122.6883633,17,2,24
1747014122.7233634,-28,8,-25
1747014122.7593634,77,12,112
1747014122.7953634,2,-32,128
1747014122.8303633,37,20,-1
1747014122.8663633,-8,-21,-47
1747014122.9013634,51,-21,96
1747014122.9363637,-6,-59,148
1747014122.9713633,27,-39,-27
1747014123.007363,-98,-31,82
1747014123.043363,51,-66,52
1747014123.0783634,47,35,12
1747014123.1143634,-100,-16,20
1747014123.1493633,-10,11,38
1747014123.1843634,73,41,68
1747014123.2193637,5,-9,112
1747014123.2553637,3,88,-69
1747014123.2913637,27,-89,70
1747014123.326363,-10,4,66
1747014123.362363,-45,16,56
1747014123.3973634,-89,-3,42
1747014123.4323633,-51,-17,46
1747014123.4683633,2,28,104
1747014123.5033634,0,19,132
1747014123.5393634,-62,26,-1
1747014123.5743637,29,-27,38
1747014123.6103632,-34,20,26
1747014123.645363,37,-46,136
1747014123.6803634,-50,43,54
1747014123.7163634,35,-42,90
1747014123.7513633,63,-18,50
1747014123.7873633,11,27,52
1747014123.8223634,-2,26,68
1747014123.8583634,-42,-41,22
1747014123.8933637,79,31,6
1747014123.928363,-24,-41,102
1747014123.964363,-58,61,90
1747014123.9993634,39,-37,32
1747014124.0353634,21,55,100
1747014124.0703633,31,26,46
1747014124.1063633,11,-25,100
1747014124.1413634,-37,15,56
1747014124.1763637,-8,-5,138
1747014124.2123632,9,4,22
1747014124.247363,-40,-45,-73
1747014124.283363,-10,-81,134
1747014124.3183634,55,-19,62
1747014124.3543634,51,22,34
1747014124.3893633,7,-5,128
1747014124.4243634,-34,-53,42
1747014124.4603634,39,8,77
1747014124.4953637,-38,-3,53
1747014124.5313632,15,7,3
1747014124.566363,5,-30,87
1747014124.602363,-2,15,53
1747014124.6373634,21,-12,117
1747014124.6723633,9,32,127
1747014124.7083633,-36,-1,59
1747014124.7433634,37,17,61
1747014124.7793634,-8,-7,31
1747014124.8143632,-28,-21,23
1747014124.8503633,36,-15,-4
1747014124.885363,88,-9,163
1747014124.9203634,52,-103,103
1747014124.9563634,-39,-27,-50
1747014124.9913633,-23,-61,103
1747014125.0273633,-63,64,137
1747014125.0623634,4,-25,80
1747014125.0983634,-65,27,-13
1747014125.1333632,-18,-3,14
1747014125.168363,59,-43,86
1747014125.204363,13,6,20
1747014125.2393634,-20,-81,52
1747014125.2753634,-44,0,4
1747014125.3103633,-4,-71,0
1747014125.3463633,83,20,82
1747014125.382363,-70,-21,92
1747014125.418363,3,26,54
1747014125.454363,-54,-15,118
1747014125.4893634,1,38,48
1747014125.5243633,-18,-33,84
1747014125.5603633,100,-52,-31
1747014125.5963633,46,-6,166
1747014125.6313634,6,13,110
1747014125.6673634,28,-50,-47
1747014125.7023633,6,0,80
1747014125.737363,58,63,130
1747014125.7723634,10,17,163
1747014125.8083634,41,-61,73
1747014125.8443637,-9,-49,35
1747014125.8793633,48,24,182
1747014125.9153633,-32,0,98
1747014125.9503634,13,-74,42
1747014125.9853632,75,-8,23
1747014126.020363,57,43,109
1747014126.056363,-19,-52,-28
1747014126.0923634,-70,49,21
1747014126.1273634,-68,-14,167
1747014126.1633637,-6,23,5
1747014126.1983633,52,-36,73
1747014126.2333634,4,4,202
1747014126.2683637,-1,34,-37
1747014126.3043633,34,-39,47
1747014126.3403633,50,52,-29
1747014126.375363,11,3,6
1747014126.4113634,35,33,104
1747014126.4463634,65,-110,78
1747014126.4813633,31,-56,162
1747014126.5163634,11,-34,10
1747014126.5523634,-93,49,66
1747014126.5883634,56,-24,152
1747014126.6233633,-59,51,147
1747014126.6593633,41,-38,85
1747014126.6943634,33,-4,107
1747014126.7293634,-4,-68,139
1747014126.7643633,-19,-6,127
1747014126.8003633,30,-10,185
1747014126.8363633,2,75,45
1747014126.8713634,32,-36,87
1747014126.9073634,8,1,33
1747014126.9423633,7,-47,53
1747014126.977363,4,-30,51
1747014127.0123634,84,27,95
1747014127.0483634,15,12,-46
1747014127.0843637,9,36,128
1747014127.1193633,47,16,-22
1747014127.155363,20,-89,69
1747014127.1903634,64,64,9
1747014127.2253633,-91,-15,34
1747014127.260363,75,-9,52
1747014127.2963634,-27,-27,-55
1747014127.3323634,12,-25,44
1747014127.3673637,56,16,142
1747014127.4033637,-13,20,32
1747014127.4383633,28,51,104
1747014127.4733634,36,-18,126
1747014127.5083632,10,4,44
1747014127.5443633,-17,-17,83
1747014127.5803633,40,22,-57
1747014127.6153634,76,-57,16
1747014127.6513634,18,-21,55
1747014127.6863637,-11,-17,151
1747014127.7213633,-41,18,-4
1747014127.7563634,79,-31,73
1747014127.7923634,-74,18,-30
1747014127.8283634,-22,-41,41
1747014127.8633633,17,138,-2
1747014127.8993633,-12,22,81
1747014127.9343634,71,-3,-14
1747014127.9693637,-46,-23,-30
1747014128.0043633,-50,-3,45
1747014128.0403633,-24,-27,83
1747014128.076363,81,40,129
1747014128.1113634,-44,-23,92
1747014128.1473634,5,-91,10
1747014128.1823633,-29,53,64
1747014128.2173634,39,-56,66
1747014128.2523634,0,-1,94
1747014128.2883637,26,-1,178
1747014128.3243637,-60,6,148
1747014128.3593633,-35,38,34
1747014128.4023633,-26,-46,110
1747014128.4383633,-14,-62,108
1747014128.4733634,19,17,16
1747014128.5083632,31,-60,108
1747014128.5443633,7,-2,52
1747014128.5803633,25,-10,-33
1747014128.6153634,-75,-54,-14
1747014128.6513634,40,-22,121
1747014128.6863637,-43,7,56
1747014128.7213633,68,-22,59
1747014128.757363,0,5,133
1747014128.7923634,7,-80,15
1747014128.8283634,-18,-52,25
1747014128.8633633,65,47,75
1747014128.8993633,-76,-42,23
1747014128.9343634,-10,57,75
1747014128.9693637,11,-50,91
1747014129.0053637,-10,0,135
1747014129.0403633,-73,24,123
1747014129.076363,-51,20,69
1747014129.1113634,-15,-29,133
1747014129.1473634,-11,86,23
1747014129.1823633,45,-2,27
1747014129.2173634,-7,-3,55
1747014129.2533634,18,-1,155
1747014129.2883637,-17,12,-36
1747014129.3243637,-37,70,-18
1747014129.3593633,72,-71,-22
1747014129.395363,5,-15,20
1747014129.4303634,28,-74,174
1747014129.4653633,-15,-26,76
1747014129.5013633,54,-38,54
1747014129.5363634,-63,-7,140
1747014129.5723634,-7,-67,1
1747014129.6073637,-17,24,-8
1747014129.6433637,-31,46,97
1747014129.678363,-67,4,77
1747014129.7133634,29,-37,-8
1747014129.7493634,27,-13,-2
1747014129.7843633,-16,88,89
1747014129.8203633,145,4,35
1747014129.8553634,35,-5,-50
1747014129.8913634,79,40,177
1747014129.9263637,41,-3,105
1747014129.9613633,37,72,35
1747014129.997363,-4,28,39
1747014130.0323634,49,66,113
1747014130.0683634,57,6,93
1747014130.1033633,-15,32,47
1747014130.1393633,-9,26,93
1747014130.1743634,10,44,33
1747014130.2093637,-15,40,121
1747014130.2453637,12,72,55
1747014130.280363,32,32,63
1747014130.316363,-85,-15,3
1747014130.3513634,68,70,91
1747014130.3873634,148,-57,7
1747014130.4233634,38,-11,35
1747014130.4593637,-12,-14,131
1747014130.4953637,-54,-70,109
1747014130.530363,55,-40,5
1747014130.5653634,25,19,35
1747014130.6013634,-3,-27,35
1747014130.6373634,44,-89,-24
1747014130.6723633,-16,74,59
1747014130.7083633,35,38,-70
1747014130.7433634,0,-41,179
1747014130.7783637,0,10,9
1747014130.8133633,-10,-103,-46
1747014130.849363,5,-80,179
1747014130.885363,-40,-79,-46
1747014130.9203634,47,-5,-22
1747014130.9563634,23,-3,137
1747014130.9913633,-9,83,55
1747014131.0263634,-93,-30,39
1747014131.0613637,-21,-36,147
1747014131.0973637,-40,19,75
1747014131.1333632,16,-50,103
1747014131.168363,114,-52,49
1747014131.204363,-13,19,65
1747014131.2393634,0,11,59
1747014131.2743633,58,-20,17
1747014131.3093634,11,20,135
1747014131.3453634,0,29,73
1747014131.3813634,92,-57,81
1747014131.4163637,-5,-15,99
1747014131.4523633,-121,-43,107
1747014131.487363,-16,-18,19
1747014131.5223634,21,30,37
1747014131.5573633,65,-49,-94
1747014131.5933633,-8,73,117
1747014131.6293633,-54,34,57
1747014131.6643634,2,-9,-4
1747014131.7003634,54,-33,45
1747014131.7353632,1,30,37
1747014131.770363,-37,-32,-8
1747014131.8053634,96,31,85
1747014131.8413634,-15,-36,-44
1747014131.8773634,-5,-36,19
1747014131.9123633,-6,58,101
1747014131.9483633,-45,-50,55
1747014131.9833634,-43,-20,39
1747014132.0183637,30,9,97
1747014132.053363,62,-58,19
1747014132.089363,-13,16,13
1747014132.125363,-17,16,45
1747014132.1603634,4,46,35
1747014132.1963634,-17,-59,193
1747014132.2313633,100,-23,77
1747014132.2663634,-13,38,133
1747014132.3013637,-53,70,141
1747014132.3373632,-45,-63,75
1747014132.3733633,48,10,-24
1747014132.408363,-5,-13,135
1747014132.4443634,21,-5,131
1747014132.4793634,52,38,-66
1747014132.5143633,-21,82,91
1747014132.5493634,48,14,45
1747014132.5853634,-49,48,-52
1747014132.6213634,18,66,91
1747014132.6563632,12,-15,43
1747014132.6923633,-24,-43,97
1747014132.727363,0,26,127
1747014132.7623634,61,0,89
1747014132.7973633,66,-58,53
1747014132.8333633,14,91,93
1747014132.8693633,52,15,67
1747014132.9043634,50,-30,85
1747014132.9403634,71,-45,1
1747014132.9753633,-16,18,13
1747014133.010363,-12,72,101
1747014133.0453634,-14,14,111
1747014133.0813634,6,-60,71
1747014133.1173637,27,-1,19
1747014133.1523633,-13,5,11
1747014133.1883633,-7,41,85
1747014133.2233634,-49,-26,223
1747014133.2583632,48,57,155
1747014133.293363,-19,-24,101
1747014133.329363,35,-5,-48
1747014133.3653634,-3,-86,155
1747014133.4003634,22,7,95
1747014133.4363637,48,37,77
1747014133.4713633,18,-4,129
1747014133.5063634,26,-50,159
1747014133.5413637,64,25,-58
1747014133.5773633,-3,81,137
1747014133.6133633,-31,-37,-40
1747014133.6483634,-43,4,133
1747014133.6843634,50,26,95
1747014133.7193637,54,58,29
1747014133.7543633,52,0,113
1747014133.7903633,-75,-29,111
1747014133.8253634,50,62,79
1747014133.8613634,-55,-13,69
1747014133.8963633,-79,-21,65
1747014133.9323633,100,40,219
1747014133.9673634,33,-41,51
1747014134.0023634,14,-17,253
1747014134.0383637,-36,82,71
1747014134.0733633,-2,-5,61
1747014134.1093633,-18,2,23
1747014134.1443634,-8,56,203
1747014134.1803634,17,-83,39
1747014134.2153633,75,-7,-62
1747014134.250363,37,34,57
1747014134.2863634,27,-9,119
1747014134.3213634,95,-6,25
1747014134.3573637,11,27,147
1747014134.3923633,-108,35,1
1747014134.428363,27,-74,17
1747014134.4633634,-14,-32,31
1747014134.4983633,21,-33,73
1747014134.5343633,15,4,19
1747014134.5693634,-56,50,128
1747014134.6053634,55,-60,6
1747014134.6403637,-66,22,130
1747014134.6763637,13,-40,70
1747014134.7113633,5,-32,142
1747014134.7463634,31,35,76
1747014134.7823634,121,-64,20
1747014134.8173633,-10,-56,122
1747014134.8533633,13,-29,-3
1747014134.8883634,55,-91,-47
1747014134.9243634,-18,10,76
1747014134.9593637,-40,4,36
1747014134.9943633,-54,36,76
1747014135.030363,43,-17,-21
1747014135.0653634,-70,-19,50
1747014135.1013634,37,14,88
1747014135.1363633,37,-11,50
1747014135.1723633,-12,-21,4
1747014135.2073634,9,-25,152
1747014135.2423637,28,76,64
1747014135.2783637,53,40,138
1747014135.3133633,-12,-35,226
1747014135.349363,-144,-51,70
1747014135.3843634,-28,-33,50
1747014135.4203634,-47,4,18
1747014135.4553633,-75,-27,80
1747014135.4903634,26,-67,196
1747014135.5263634,88,-95,174
1747014135.5613637,46,51,98
1747014135.5973637,-61,88,-29
1747014135.632363,22,-27,14
1747014135.6673634,-1,36,36
1747014135.7023633,-15,-79,78
1747014135.7383633,-23,44,140
1747014135.7743633,-29,42,70
1747014135.8093634,-45,62,104
1747014135.8453634,-31,-12,8
1747014135.8803637,-7,95,84
1747014135.9153633,-43,31,102
1747014135.9503634,-25,47,172
1747014135.9863634,-12,-32,78
1747014136.0223634,-10,-4,80
1747014136.0573633,9,-14,158
1747014136.0933633,-20,53,30
1747014136.1283634,7,53,102
1747014136.1633637,-38,-52,66
1747014136.1983633,59,62,-9
1747014136.2343633,-28,-22,-55
1747014136.270363,101,27,-75
1747014136.3053634,13,-62,166
1747014136.3413634,51,-70,120
1747014136.3763633,-4,-24,84
1747014136.4113634,-8,-11,-11
1747014136.4463634,11,-71,176
1747014136.4823637,25,16,-67
1747014136.5183637,-25,-21,90
1747014136.553363,55,-51,196
1747014136.589363,-57,-57,108
1747014136.6243634,16,-31,124
1747014136.6593633,-87,0,128
1747014136.6943634,-58,-30,88
1747014136.7303634,-68,10,62
1747014136.7663634,-26,-33,76
1747014136.8013637,-54,7,64
1747014136.8373632,47,76,42
1747014136.872363,9,-27,72
1747014136.9073634,-48,-56,148
1747014136.9423633,-26,-11,70
1747014136.9783633,33,12,112
1747014137.0143633,73,82,-13
1747014137.0493634,-38,-49,62
1747014137.0853634,61,14,-35
1747014137.1203637,57,38,120
1747014137.155363,33,-39,144
1747014137.1903634,1,-13,170
1747014137.2263634,3,-2,50
1747014137.2623634,43,-46,6
1747014137.2973633,14,-9,100
1747014137.3333633,2,-10,-33
1747014137.3683634,76,52,158
1747014137.4033637,-27,14,18
1747014137.4383633,-81,-47,-91
1747014137.474363,8,20,60
1747014137.510363,24,-15,-9
1747014137.5453634,-9,10,-37
1747014137.5813634,82,-18,44
1747014137.6163633,-1,-31,30
1747014137.6513634,-73,14,-37
1747014137.6863637,-19,8,94
1747014137.7223637,-47,-15,68
1747014137.7583632,48,-6,152
1747014137.793363,18,-33,52
1747014137.829363,10,-46,86
1747014137.8643634,4,-46,78
1747014137.8993633,32,-68,64
1747014137.9343634,-11,31,32
1747014137.9703634,44,0,136
1747014138.0063634,-1,13,76
1747014138.0413637,-83,-20,-7
1747014138.0773633,60,-54,98
1747014138.112363,30,-30,40
1747014138.1473634,16,-12,50
1747014138.1823633,-5,93,208
1747014138.2183633,34,-22,102
1747014138.2543633,14,18,64
1747014138.2893634,-59,-39,2
1747014138.3253634,-10,-20,10
1747014138.3603632,-40,21,134
1747014138.4023633,-14,-29,150
1747014138.4383633,77,-11,-29
1747014138.474363,-14,-27,18
1747014138.510363,35,-51,96
1747014138.5453634,-58,-17,-35
1747014138.5813634,90,40,50
1747014138.6163633,-33,-83,38
1747014138.6513634,-25,64,23
1747014138.6863637,2,38,32
1747014138.7223637,18,-31,104
1747014138.7583632,65,-27,58
1747014138.793363,66,-93,102
1747014138.829363,60,10,114
1747014138.8643634,-65,-49,-16
1747014138.8993633,8,-43,59
1747014138.9353633,71,19,105
1747014138.9703634,-66,-14,75
1747014139.0063634,35,54,-40
1747014139.0413637,-20,-21,213
1747014139.0773633,51,-31,14
1747014139.112363,83,24,72
1747014139.1473634,-42,7,149
1747014139.1833634,31,-14,75
1747014139.2183633,-28,-8,105
1747014139.2543633,-12,-6,-56
1747014139.2893634,-6,-88,19
1747014139.3253634,-16,89,77
1747014139.3603632,33,53,43
1747014139.395363,-1,18,-54
1747014139.431363,-23,-25,105
1747014139.4663634,92,10,21
1747014139.5023634,-7,38,90
1747014139.5373633,11,-54,68
1747014139.5733633,-10,2,68
1747014139.6083634,-38,-67,4
1747014139.6433637,7,-9,146
1747014139.6793633,49,-33,-9
1747014139.714363,-76,-16,66
1747014139.750363,-55,-69,76
1747014139.7853634,48,52,58
1747014139.8203633,17,73,36
1747014139.8553634,-66,-14,38
1747014139.8913634,-49,-76,36
1747014139.9273634,-47,7,205
1747014139.9623632,14,41,119
1747014139.9983633,92,45,142
1747014140.033363,-38,74,132
1747014140.0693634,-36,34,56
1747014140.1043634,8,-12,4
1747014140.1393633,47,-24,30
1747014140.1753633,117,-60,66
1747014140.2103634,27,-34,81
1747014140.2463634,13,69,-36
1747014140.2813632,-26,33,73
1747014140.3173633,35,-10,39
1747014140.352363,-34,-36,40
1747014140.3873634,-2,-14,58
1747014140.4233634,19,-28,168
1747014140.4583633,26,-17,48
1747014140.4943633,-71,-71,102
1747014140.5293634,20,36,-49
1747014140.5653634,-23,34,102
1747014140.6013634,28,8,140
1747014140.6373634,-22,-24,54
1747014140.6733634,89,-78,109
1747014140.7083633,-32,-30,35
1747014140.7433634,-26,69,159
1747014140.7793634,-18,51,17
1747014140.8153634,19,8,129
1747014140.8503633,11,-15,-4
1747014140.8863633,57,32,9
1747014140.9213634,0,22,73
1747014140.9563634,35,24,25
1747014140.9913633,-46,-19,147
1747014141.0273633,-60,-69,81
1747014141.0633633,7,-15,23
1747014141.0983634,31,-19,21
1747014141.1343634,29,-9,33
1747014141.1693633,-90,43,155
1747014141.204363,27,7,89
1747014141.2393634,-20,-32,121
1747014141.2753634,1,10,-25
1747014141.3113637,35,-16,132
1747014141.3463633,-60,31,62
1747014141.382363,39,33,-6
1747014141.4173634,-96,-22,25
1747014141.4523633,23,-6,1
1747014141.487363,67,9,65
1747014141.5233634,-18,47,-24
1747014141.5593634,-28,-28,73
1747014141.5943637,-10,-70,25
1747014141.6303637,14,32,0
1747014141.6653633,-15,12,27
1747014141.7003634,32,12,113
1747014141.7353632,10,15,183
1747014141.7713633,50,7,-103
1747014141.8073633,-51,9,72
1747014141.8423634,55,8,92
1747014141.8783634,52,19,-53
1747014141.9133637,64,-10,45
1747014141.9483633,11,-5,-92
1747014141.9833634,-73,13,51
1747014142.0193634,-25,1,-40
1747014142.0553634,46,31,35
1747014142.0903633,-3,22,37
1747014142.1263633,42,-37,213
1747014142.1613634,8,20,26
1747014142.1963634,7,37,64
1747014142.2313633,58,-23,4
1747014142.2673633,-51,-37,116
1747014142.303363,66,-17,132
1747014142.3383634,6,-21,-31
1747014142.3743634,36,0,124
1747014142.4093633,-25,-41,74
1747014142.4443634,-13,72,104
1747014142.4793634,30,-17,-39
1747014142.5153637,2,-23,8
1747014142.5513637,-19,20,79
1747014142.5863633,-13,-47,-26
1747014142.622363,-41,-100,156
1747014142.6573634,-115,-19,156
1747014142.6923633,-15,-33,100
1747014142.727363,100,-49,6
1747014142.7633634,106,12,100
1747014142.7993634,-53,-67,42
1747014142.8343637,-7,-51,68
1747014142.8703637,62,-1,64
1747014142.905363,20,-77,-27
1747014142.9403634,60,-36,68
1747014142.9753633,18,-80,32
1747014143.0113633,68,-49,80
1747014143.0473633,27,-66,78
1747014143.0823634,10,-22,182
1747014143.1183634,-64,-122,78
1747014143.1533637,21,-4,38
1747014143.1883633,13,11,94
1747014143.2233634,-4,23,64
1747014143.2593634,-16,-2,60
1747014143.2953634,37,51,100
1747014143.3303633,21,-4,80
1747014143.3663633,-34,61,70
1747014143.4013634,-26,-40,154
1747014143.4363637,-30,87,50
1747014143.4713633,-12,27,2
1747014143.507363,-8,17,-29
1747014143.543363,-34,-14,-35
1747014143.5783634,9,-46,126
1747014143.6143634,-26,23,26
1747014143.6503634,-82,-20,81
1747014143.6863637,1,-80,123
1747014143.7213633,3,-2,-47
1747014143.7563634,24,7,104
1747014143.7923634,-31,39,84
1747014143.8273633,-49,-28,59
1747014143.8633633,26,-46,85
1747014143.8983634,-1,39,81
1747014143.9343634,23,18,65
1747014143.9693637,-48,-39,89
1747014144.0043633,58,10,91
1747014144.0403633,42,0,41
1747014144.0753634,24,-9,-4
1747014144.1113634,30,55,147
1747014144.1463633,10,4,61
1747014144.1823633,113,-13,-26
1747014144.2173634,-59,-80,151
1747014144.2523634,-69,8,53
1747014144.2883637,-29,-43,115
1747014144.3233633,-10,-13,11
1747014144.3593633,3,40,209
1747014144.3943634,-13,36,175
1747014144.4303634,29,28,99
1747014144.4653633,61,-35,81
1747014144.500363,-37,-19,31
1747014144.5363634,19,-1,7
1747014144.5713634,-2,74,69
1747014144.6073637,-42,32,15
1747014144.6423633,-44,6,69
1747014144.678363,-14,-33,25
1747014144.7133634,5,0,68
1747014144.7483633,-35,29,110
1747014144.7843633,32,-18,30
1747014144.8193634,50,-67,192
1747014144.8553634,-70,16,-15
1747014144.8903637,24,1,132
1747014144.9263637,-27,-16,-21
1747014144.9613633,22,5,72
1747014144.9963634,40,-60,82
1747014145.0323634,-57,7,43
1747014145.0673633,81,3,-30
1747014145.1033633,-24,-32,23
1747014145.1383634,-38,-96,198
1747014145.1743634,-18,-4,-17
1747014145.2093637,63,5,142
1747014145.2443633,-34,15,60
1747014145.280363,51,-78,54
1747014145.3153634,35,17,232
1747014145.3513634,23,-32,49
1747014145.3863633,17,-32,57
1747014145.4223633,-42,-20,13
1747014145.4573634,32,21,-8
1747014145.4923637,5,-36,59
1747014145.5283637,75,-20,-8
1747014145.5633633,-8,5,91
1747014145.599363,29,21,198
1747014145.6343634,13,47,50
1747014145.6703634,17,-40,112
1747014145.7063634,59,-22,65
1747014145.7423637,29,-50,-12
1747014145.7783637,-78,-52,69
1747014145.8133633,15,29,33
1747014145.8483634,-6,43,-52
1747014145.8843634,13,1,1
1747014145.9203634,8,27,103
1747014145.9553633,12,11,105
1747014145.9913633,82,-43,77
1747014146.0263634,-42,25,0
1747014146.0613637,20,37,83
1747014146.0963633,-69,7,-18
1747014146.132363,-27,-50,131
1747014146.168363,-12,-83,135
1747014146.2033634,-72,44,123
1747014146.2393634,31,14,43
1747014146.2743633,6,31,151
1747014146.3093634,10,20,44
1747014146.3443637,26,-37,97
1747014146.3803637,10,-19,94
1747014146.4163637,-37,0,98
1747014146.451363,-40,23,206
1747014146.487363,11,33,153
1747014146.5223634,35,-47,-58
1747014146.5573633,-12,-35,140
1747014146.5923634,14,-15,23
1747014146.6283634,-39,76,100
1747014146.6643634,34,32,56
1747014146.6993637,66,62,34
1747014146.7353632,-45,-9,76
1747014146.770363,10,18,92
1747014146.8053634,40,59,-15
1747014146.8403633,78,3,68
1747014146.8763633,-48,-40,105
1747014146.9123633,24,-2,11
1747014146.9473634,-15,-72,-28
1747014146.9833634,-119,39,94
1747014147.0183637,-105,-26,52
1747014147.053363,-23,-40,134
1747014147.0883634,-78,0,138
1747014147.1243634,-123,11,150
1747014147.1603634,8,-110,58
1747014147.1953633,-19,-86,54
1747014147.2313633,-35,-92,72
1747014147.2663634,40,27,-77
1747014147.3013637,87,-32,134
1747014147.3363633,-43,-35,64
1747014147.372363,-22,-31,62
1747014147.408363,-9,-57,103
1747014147.4433634,32,24,50
1747014147.4793634,28,-23,56
1747014147.5143633,92,-4,122
1747014147.5493634,-19,-2,102
1747014147.5843637,6,-39,82
1747014147.6203637,4,-42,-43
1747014147.6563632,4,30,144
1747014147.691363,22,-17,-13
1747014147.727363,1,61,-33
1747014147.7623634,1,-16,124
1747014147.7973633,-22,45,58
1747014147.8323634,-19,40,32
1747014147.8683634,40,34,109
1747014147.9043634,-5,-1,155
1747014147.9393632,-76,-4,63
1747014147.9753633,1,-28,141
1747014148.010363,15,-28,53
1747014148.0453634,37,21,107
1747014148.0803633,-4,17,135
1747014148.1163633,15,-12,17
1747014148.1523633,25,73,3
1747014148.1873634,99,41,171
1747014148.2233634,-2,-35,111
1747014148.2583632,19,-31,89
1747014148.293363,49,-65,113
1747014148.3283634,-44,-94,93
1747014148.3643634,3,-6,41
1747014148.4073634,39,-59,37
1747014148.4433634,27,77,-96
1747014148.4793634,57,-37,-10
1747014148.5143633,-100,97,227
1747014148.5493634,-11,-2,-16
1747014148.5843637,-7,-46,23
1747014148.6203637,50,79,149
1747014148.6563632,18,-28,-56
1747014148.691363,35,22,-26
1747014148.727363,15,-7,61
1747014148.7623634,29,32,-22
1747014148.7973633,19,8,89
1747014148.8323634,31,-43,29
1747014148.8683634,-68,67,59
1747014148.9043634,-102,39,71
1747014148.9393632,-30,49,-2
1747014148.9753633,-8,-40,81
1747014149.010363,11,4,89
1747014149.0453634,-8,-9,163
1747014149.0813634,-28,14,81
1747014149.1163633,24,-41,29
1747014149.1523633,110,-21,29
1747014149.1873634,-65,14,11
1747014149.2233634,-1,-47,61
1747014149.2583632,-17,-35,73
1747014149.293363,0,16,23
1747014149.329363,-11,2,29
1747014149.3643634,4,-7,41
1747014149.4003634,14,-12,18
1747014149.4353633,69,-18,36
1747014149.4713633,-40,-3,38
1747014149.5063634,2,-31,118
1747014149.5413637,-33,-7,186
1747014149.5773633,-5,-9,34
1747014149.612363,48,-9,44
1747014149.6483634,10,-11,-135
1747014149.6833634,11,32,14
1747014149.7193637,-33,36,98
1747014149.7543633,32,68,-15
1747014149.7893634,48,22,52
1747014149.8253634,-12,2,60
1747014149.8603632,37,32,42
1747014149.8963633,40,32,156
1747014149.931363,-2,-67,108
1747014149.9673634,-56,48,22
1747014150.0023634,-4,-59,100
1747014150.0373633,61,56,16
1747014150.0733633,3,10,88
1747014150.1083634,-63,-21,104
1747014150.1443634,73,-21,-67
1747014150.1793633,-10,-47,64
1747014150.2153633,13,-1,135
1747014150.250363,55,-33,123
1747014150.2853634,46,42,107
1747014150.3213634,-19,72,61
1747014150.3563633,38,-7,-22
1747014150.3923633,30,-17,24
1747014150.4273634,-61,-7,120
1747014150.4633634,-71,4,56
1747014150.4983633,10,0,28
1747014150.533363,56,0,18
1747014150.5693634,-72,18,82
1747014150.6043634,14,60,80
1747014150.6403637,-12,2,20
1747014150.6753633,-82,-7,55
1747014150.7113633,46,-62,165
1747014150.7463634,42,-30,69
1747014150.7813632,33,0,57
1747014150.8173633,-19,40,-4
1747014150.852363,-19,36,-91
1747014150.8883634,-4,-15,-27
1747014150.9233634,31,34,58
1747014150.9583633,37,-26,34
1747014150.9933634,-48,-10,54
1747014151.0293634,-20,-8,-69
1747014151.0653634,-28,119,32
1747014151.1003633,-41,-19,-31
1747014151.1363633,0,28,116
1747014151.1713634,-43,-35,-15
1747014151.2063634,38,-7,20
1747014151.2413633,66,-31,126
1747014151.2773633,4,44,6
1747014151.3133633,126,16,105
1747014151.3483634,-31,-61,91
1747014151.3843634,22,-21,129
1747014151.4193633,11,-29,71
1747014151.454363,57,88,101
1747014151.4893634,-45,-19,115
1747014151.5253634,-14,31,113
1747014151.5613637,80,21,-58
1747014151.5963633,26,1,-50
1747014151.632363,-2,80,153
1747014151.6673634,49,-22,-8
1747014151.7023633,5,-18,-8
1747014151.737363,8,-22,239
1747014151.7733634,0,-34,41
1747014151.8093634,-18,23,103
1747014151.8443637,23,-42,45
1747014151.8803637,65,-42,-2
1747014151.9153633,97,67,27
1747014151.9503634,-22,1,59
1747014151.9853632,-3,-104,15
1747014152.0213633,-59,43,0
1747014152.0573633,-35,-22,37
1747014152.0923634,-32,-35,-64
1747014152.1283634,51,-19,49
1747014152.1633637,-66,-62,54
1747014152.1983633,3,37,113
1747014152.2333634,36,55,-2
1747014152.2693634,-2,-29,-4
1747014152.3053634,41,-21,131
1747014152.3403633,-81,-52,69
1747014152.3763633,-69,39,-16
1747014152.4113634,23,-83,79
1747014152.4463634,11,42,87
1747014152.4813633,16,7,91
1747014152.5173633,34,-40,35
1747014152.553363,115,74,121
1747014152.5883634,85,8,125
1747014152.6243634,-88,-31,49
1747014152.6593633,27,66,115
1747014152.6943634,61,-3,37
1747014152.7293634,-50,-5,109
1747014152.7653637,15,-45,81
1747014152.8013637,13,-51,105
1747014152.8363633,-75,-4,139
1747014152.872363,38,-32,49
1747014152.9073634,-11,67,69
1747014152.9423633,60,-14,189
1747014152.977363,-28,-9,141
1747014153.0133634,19,-23,-19
1747014153.0493634,19,8,56
1747014153.0843637,33,-61,70
1747014153.1203637,31,-7,-1
1747014153.155363,35,80,32
1747014153.1903634,1,-47,83
1747014153.2253633,21,-5,42
1747014153.2613633,-22,-9,76
1747014153.2973633,-33,-9,-54
1747014153.3323634,78,-163,91
1747014153.3683634,54,114,119
1747014153.4033637,-7,40,139
1747014153.4383633,78,-53,15
1747014153.4733634,-17,-117,219
1747014153.5093634,14,-49,5
1747014153.5453634,-52,-81,-4
1747014153.5803633,-20,26,135
1747014153.6163633,12,-34,159
1747014153.6513634,32,-54,139
1747014153.6863637,-15,-48,97
1747014153.7213633,39,25,159
1747014153.757363,2,13,63
1747014153.793363,48,-64,5
1747014153.8283634,-29,39,67
1747014153.8643634,-75,11,37
1747014153.8993633,-25,-10,71
1747014153.9343634,62,-22,29
1747014153.9693637,44,-8,117
1747014154.0053637,11,-39,193
1747014154.0413637,23,-7,131
1747014154.076363,-57,-32,-62
1747014154.112363,0,6,107
1747014154.1473634,-19,-71,167
1747014154.1823633,13,24,55
1747014154.2183633,35,33,7
1747014154.2533634,-64,20,-14
1747014154.2893634,-16,-21,37
1747014154.3243637,-12,-13,81
1747014154.3603632,3,32,39
1747014154.395363,3,-7,157
1747014154.4303634,-46,-53,49
1747014154.4663634,0,-1,129
1747014154.5013633,3,-81,55
1747014154.5373633,-62,-3,137
1747014154.5723634,35,-59,35
1747014154.6083634,-14,64,31
1747014154.6433637,-40,14,-62
1747014154.678363,51,-77,77
1747014154.714363,1,26,111
1747014154.7493634,23,-9,41
1747014154.7853634,-30,0,217
1747014154.8203633,-60,22,-2
1747014154.8563633,26,76,33
1747014154.8913634,97,-8,97
1747014154.9263637,-22,7,241
1747014154.9623632,27,42,97
1747014154.997363,-23,58,-22
1747014155.033363,18,-85,63
1747014155.0683634,-51,50,31
1747014155.1043634,-3,-51,-84
1747014155.1393633,-51,0,57
1747014155.1743634,-91,10,111
1747014155.2103634,32,20,1
1747014155.2453637,22,-59,-52
1747014155.2813632,-9,-13,89
1747014155.316363,-59,-33,-42
1747014155.352363,-15,-13,5
1747014155.3873634,72,-101,-16
1747014155.4223633,-35,-60,33
1747014155.4583633,77,32,163
1747014155.4933634,80,4,67
1747014155.5293634,48,15,123
1747014155.5643632,-37,6,95
1747014155.6003633,28,40,123
1747014155.635363,10,-67,67
1747014155.6703634,-71,14,-12
1747014155.7063634,42,48,81
1747014155.7413633,25,33,143
1747014155.7773633,-38,33,125
1747014155.8123634,23,-58,-2
1747014155.8483634,-30,89,85
1747014155.8843634,-52,-44,207
1747014155.9193633,1,7,99
1747014155.954363,-32,38,0
1747014155.9903634,-38,-37,65
1747014156.0263634,-60,22,85
1747014156.0613637,51,57,99
1747014156.0973637,-8,24,25
1747014156.132363,-32,-41,89
1747014156.1673634,28,36,-36
1747014156.2023633,-9,-9,-10
1747014156.2383633,36,-1,151
1747014156.2743633,1,19,-4
1747014156.3093634,43,65,71
1747014156.3453634,-52,-5,83
1747014156.3803637,-65,-25,101
1747014156.4153633,22,-13,-22
1747014156.4503634,-18,7,235
1747014156.4863634,-38,-36,85
1747014156.5223634,-4,11,153
1747014156.5573633,-52,9,59
1747014156.5933633,-32,16,149
1747014156.6283634,-46,-47,55
1747014156.6633637,-23,-28,1
1747014156.6983633,-60,-25,141
1747014156.7343633,-86,34,121
1747014156.770363,-52,28,125
1747014156.8053634,-2,-7,127
1747014156.8413634,19,32,111
1747014156.8763633,23,-25,0
1747014156.9113634,-18,20,119
1747014156.9463634,-28,10,53
1747014156.9823637,72,-75,45
1747014157.0183637,-27,0,97
1747014157.053363,23,2,-52
1747014157.089363,-22,40,101
1747014157.1243634,41,34,93
1747014157.1593633,45,22,27
1747014157.1943634,35,20,67
1747014157.2303634,23,-13,149
1747014157.2663634,91,-69,119
1747014157.3013637,25,2,73
1747014157.3373632,32,-11,107
1747014157.372363,83,0,35
1747014157.4073634,73,34,21
1747014157.4423633,-71,-11,35
1747014157.4783633,-73,-69,45
1747014157.5143633,24,48,159
1747014157.5493634,-20,-36,0
1747014157.5853634,29,-18,201
1747014157.6203637,-17,30,57
1747014157.655363,10,12,71
1747014157.6903634,67,-7,33
1747014157.7263634,36,-41,117
1747014157.7623634,-23,-73,29
1747014157.7973633,-18,14,111
1747014157.8333633,71,20,149
1747014157.8683634,33,28,115
1747014157.9033637,11,-89,23
1747014157.9383633,-41,-39,141
1747014157.974363,-33,2,187
1747014158.010363,-80,9,-16
1747014158.0453634,-12,14,71
1747014158.0813634,71,-45,-34
1747014158.1163633,-40,-2,71
1747014158.1513634,-38,-68,132
1747014158.1863637,20,-36,135
1747014158.2223637,-79,-56,39
1747014158.2583632,-89,-22,69
1747014158.293363,-83,-31,67
1747014158.329363,-55,2,122
1747014158.3643634,52,-1,46
1747014158.3993633,40,-9,168
1747014158.4423633,-1,26,174
1747014158.4783633,-3,34,76
1747014158.5143633,-36,70,176
1747014158.5493634,72,-48,88
1747014158.5853634,48,30,38
1747014158.6203637,14,-37,-69
1747014158.655363,44,27,-5
1747014158.6903634,30,30,72
1747014158.7263634,24,16,36
1747014158.7623634,54,27,62
1747014158.7973633,44,-34,10
1747014158.8333633,-15,-30,184
1747014158.8683634,54,17,32
1747014158.9033637,-30,26,4
1747014158.9383633,7,-80,56
1747014158.974363,61,14,176
1747014159.010363,25,8,-13
1747014159.0453634,-36,-11,76
1747014159.0813634,43,-5,202
1747014159.1163633,89,-3,70
1747014159.1513634,41,14,26
1747014159.1873634,11,12,76
1747014159.2223637,19,-13,-53
1747014159.2583632,-30,-47,132
1747014159.293363,-18,-7,12
1747014159.329363,0,-63,108
1747014159.3643634,19,18,-65
1747014159.3993633,-41,32,26
1747014159.4353633,67,14,140
1747014159.4703634,7,-35,180
1747014159.5063634,-6,54,44
1747014159.5413637,-16,-89,32
1747014159.5773633,9,54,100
1747014159.612363,-66,-21,66
1747014159.6473634,-36,12,86
1747014159.6833634,15,26,64
1747014159.7183633,-2,-63,116
1747014159.7543633,-54,-7,220
1747014159.7893634,-24,-23,-25
1747014159.8253634,-18,-67,6
1747014159.8603632,60,59,66
1747014159.895363,22,-12,124
1747014159.931363,56,-58,-107
1747014159.9663634,35,-16,42
1747014160.0023634,-29,55,96
1747014160.0373633,6,11,148
1747014160.0733633,28,-6,42
1747014160.1083634,20,7,96
1747014160.1433637,79,61,-9
1747014160.1793633,-33,-10,144
1747014160.214363,62,47,46
1747014160.250363,35,0,120
1747014160.2853634,-82,-48,40
1747014160.3203633,57,11,76
1747014160.3553634,12,25,52
1747014160.3913634,16,19,162
1747014160.4273634,32,-34,56
1747014160.4623632,14,-14,112
1747014160.4983633,-51,-30,124
1747014160.533363,-8,-30,154
1747014160.5693634,-6,13,84
1747014160.6043634,23,39,110
1747014160.6393633,12,-10,92
1747014160.6753633,-25,-4,50
1747014160.7103634,141,-18,13
1747014160.7463634,61,-74,60
1747014160.7813632,69,-42,140
1747014160.8173633,1,21,104
1747014160.852363,-36,45,148
1747014160.8873634,29,55,66
1747014160.9233634,83,11,136
1747014160.9583633,-16,57,50
1747014160.9943633,-52,-4,38
1747014161.0293634,15,-26,122
1747014161.0643632,-18,9,82
1747014161.099363,111,-12,64
1747014161.135363,11,-32,96
1747014161.1713634,28,-5,-27
1747014161.2063634,0,87,122
1747014161.2423637,34,-75,124
1747014161.2773633,-12,65,73
1747014161.3123634,34,-9,35
1747014161.3473637,0,22,25
1747014161.3833632,20,-67,-6
1747014161.4193633,14,35,149
1747014161.454363,16,31,147
1747014161.4903634,-53,-73,23
1747014161.5253634,48,-59,75
1747014161.5603633,-11,-6,139
1747014161.5953634,6,44,65
1747014161.6313634,-1,28,35
1747014161.6673634,32,5,71
1747014161.7023633,-71,44,128
1747014161.7383633,-9,-5,6
1747014161.7733634,-47,50,82
1747014161.8083634,38,18,-67
1747014161.8433633,20,42,-1
1747014161.8793633,72,14,57
1747014161.9153633,-101,18,43
1747014161.9503634,-25,-45,200
1747014161.9863634,-29,-25,48
1747014162.0213633,-3,6,88
1747014162.056363,-41,24,-67
1747014162.0913634,-23,-1,-15
1747014162.1273634,2,-7,-13
1747014162.1633637,66,-1,146
1747014162.1983633,8,60,74
1747014162.2343633,-27,-17,128
1747014162.2693634,-43,24,14
1747014162.3043633,-53,-73,34
1747014162.339363,14,44,60
1747014162.375363,-31,34,54
1747014162.4113634,-15,-26,58
1747014162.4463634,-22,-78,50
1747014162.4823637,-34,-106,0
1747014162.5173633,0,33,118
1747014162.5523634,67,25,54
1747014162.5873632,33,-84,64
1747014162.6233633,-42,-40,92
1747014162.6593633,63,27,71
1747014162.6943634,-54,11,-23
1747014162.7303634,30,31,127
1747014162.7653637,-58,27,130
1747014162.8003633,-8,23,102
1747014162.8353634,-66,31,92
1747014162.8713634,3,-14,88
1747014162.9073634,-28,-37,-5
1747014162.9423633,-7,-4,12
1747014162.9783633,39,21,130
1747014163.0133634,23,-56,122
1747014163.0483634,-32,7,104
1747014163.0833633,-24,-36,88
1747014163.1193633,0,17,66
1747014163.155363,-20,52,10
1747014163.1903634,-60,-49,78
1747014163.2263634,43,36,98
1747014163.2613633,1,-14,100
1747014163.2963634,15,26,130
1747014163.3313634,43,-107,16
1747014163.3673637,-56,-25,56
1747014163.4033637,0,-19,38
1747014163.4383633,-40,-19,-53
1747014163.474363,-8,8,70
1747014163.5093634,89,-38,46
1747014163.5443633,85,51,86
1747014163.579363,75,-36,112
1747014163.6153634,-16,7,24
1747014163.6513634,33,5,30
1747014163.6863637,-70,71,70
1747014163.7223637,-6,49,140
1747014163.757363,-22,0,132
1747014163.7923634,1,57,68
1747014163.8273633,-20,31,20
1747014163.8633633,77,-74,142
1747014163.8993633,57,11,104
1747014163.9343634,-38,25,108
1747014163.9703634,14,4,-57
1747014164.0053637,-39,52,-15
1747014164.0403633,46,26,104
1747014164.0753634,-23,-22,76
1747014164.1113634,-31,-33,94
1747014164.1473634,24,48,-3
1747014164.1823633,44,6,104
1747014164.2183633,56,41,-107
1747014164.2533634,-37,39,124
1747014164.2883637,-39,-8,176
1747014164.3243637,-4,28,64
1747014164.3593633,8,-54,-19
1747014164.395363,-67,71,186
1747014164.4303634,-80,-1,72
1747014164.4663634,23,-17,100
1747014164.5013633,-21,-12,0
1747014164.5363634,107,26,174
1747014164.5723634,-23,-11,68
1747014164.6073637,4,-7,100
1747014164.6433637,42,14,46
1747014164.678363,-18,-29,122
1747014164.714363,-8,-15,194
1747014164.7493634,43,32,90
1747014164.7843633,58,-73,-3
1747014164.8203633,67,-50,24
1747014164.8553634,-1,-29,-7
1747014164.8913634,-53,38,50
1747014164.9263637,75,9,10
1747014164.9623632,-59,-33,96
1747014164.997363,7,-46,-47
1747014165.0323634,-25,32,-15
1747014165.0683634,-5,-63,28
1747014165.1033633,-137,16,114
1747014165.1393633,-51,50,92
1747014165.1743634,41,-25,28
1747014165.2103634,6,-27,86
1747014165.2453637,36,-61,32
1747014165.280363,22,20,118
1747014165.316363,-43,2,42
1747014165.3513634,41,-21,10
1747014165.3873634,-8,-37,114
1747014165.4223633,85,90,22
1747014165.4583633,85,26,-41
1747014165.4933634,49,-23,92
1747014165.5283637,-65,-7,22
1747014165.5643632,-6,36,92
1747014165.599363,23,50,210
1747014165.635363,-113,-33,-25
1747014165.6703634,68,68,114
1747014165.7063634,-5,6,82
1747014165.7413633,-23,-9,-5
1747014165.7763634,-19,30,100
1747014165.8123634,-37,-83,84
1747014165.8473637,-45,-7,62
1747014165.8833632,86,-11,96
1747014165.918363,34,64,64
1747014165.954363,60,-25,144
1747014165.9893634,48,60,66
1747014166.0243633,-33,4,18
1747014166.0603633,-95,26,236
1747014166.0953634,38,20,-21
1747014166.1313634,-19,0,96
1747014166.1663637,-1,28,20
1747014166.201363,-12,1,86
1747014166.2363634,54,4,72
1747014166.2723634,-13,38,50
1747014166.3083634,15,-8,116
1747014166.3433633,-66,37,30
1747014166.3793633,-37,10,126
1747014166.4143634,58,6,190
1747014166.4493637,3,-55,180
1747014166.4843633,38,-38,132
1747014166.520363,-83,53,28
1747014166.556363,0,-13,40
1747014166.5913634,-35,-10,22
1747014166.6273634,76,27,82
1747014166.6623633,54,15,40
1747014166.6973634,126,-58,98
1747014166.7323637,20,-4,158
1747014166.7683637,-19,11,-43
1747014166.8043633,-8,-11,186
1747014166.839363,24,0,6
1747014166.875363,35,-21,152
1747014166.9103634,-12,4,48
1747014166.9453633,97,-25,54
1747014166.9803634,50,69,164
1747014167.0163634,-52,2,38
1747014167.0523634,42,-46,72
1747014167.0873632,-35,22,86
1747014167.1233633,38,2,172
1747014167.158363,32,64,40
1747014167.1933634,9,20,46
1747014167.2283633,73,-43,78
1747014167.2643633,-26,24,114
1747014167.3003633,29,10,-33
1747014167.3353634,59,24,56
1747014167.3713634,-6,19,112
1747014167.4063632,-22,3,186
1747014167.441363,-4,0,102
1747014167.4763634,88,37,0
1747014167.5123634,10,67,126
1747014167.5483634,-77,39,110
1747014167.5833633,20,0,114
1747014167.6193633,22,24,92
1747014167.6543634,46,-91,116
1747014167.6893632,23,31,78
1747014167.724363,71,-4,-5
1747014167.760363,29,-11,158
1747014167.7963634,109,52,106
1747014167.8313634,-47,55,96
1747014167.8673637,-17,17,154
1747014167.9023633,54,9,72
1747014167.9373634,6,-22,86
1747014167.9723637,-17,-36,64
1747014168.0083632,-1,-50,-93
1747014168.0443633,-35,-54,2
1747014168.079363,-2,40,6
1747014168.1153634,46,6,160
1747014168.1503634,-4,42,30
1747014168.1853633,-16,-33,126
1747014168.2203634,-39,27,-19
1747014168.2563634,13,53,-19
1747014168.2923634,-64,29,100
1747014168.3273633,11,7,22
1747014168.3633633,-50,-12,50
1747014168.3983634,-90,31,32
1747014168.4333634,33,-46,122
1747014168.4763634,-26,0,58
1747014168.5123634,27,9,-41
1747014168.5483634,13,-148,192
1747014168.5833633,-1,-44,138
1747014168.6193633,-59,5,98
1747014168.6543634,4,27,56
1747014168.6893632,38,-36,130
1747014168.724363,46,3,-9
1747014168.760363,-27,69,72
1747014168.7963634,-19,-20,78
1747014168.8313634,-31,-5,30
1747014168.8673637,-77,52,92
1747014168.9023633,-41,67,106
1747014168.9373634,56,31,34
1747014168.9723637,-59,54,200
1747014169.0083632,-19,20,36
1747014169.0443633,-31,-6,102
1747014169.079363,-23,-26,-33
1747014169.1153634,-15,9,68
1747014169.1503634,24,-32,148
1747014169.1853633,32,39,54
1747014169.2203634,-81,-18,106
1747014169.2563634,-19,33,124
1747014169.2923634,-47,-40,-1
1747014169.3273633,-33,-50,92
1747014169.3633633,38,51,41
1747014169.3983634,30,7,111
1747014169.4333634,-7,-14,59
1747014169.4693637,-39,-40,-12
1747014169.5043633,-73,15,177
1747014169.5403633,-57,55,-60
1747014169.5753634,101,-32,-46
1747014169.6113634,-50,-6,-11
1747014169.6463633,-12,-18,32
1747014169.681363,9,-12,38
1747014169.7173634,13,-26,-45
1747014169.7523634,13,-4,60
1747014169.7883637,-12,55,18
1747014169.8233633,-60,-16,91
1747014169.8593633,7,-2,65
1747014169.8943634,86,52,71
1747014169.9293633,-85,-11,205
1747014169.9653633,-7,42,77
1747014170.000363,-20,28,49
1747014170.0363634,19,-1,59
1747014170.0713634,3,16,63
1747014170.1073637,35,38,60
1747014170.1423633,-74,4,22
1747014170.1773634,-106,-25,84
1747014170.2133634,-50,12,-7
1747014170.2483633,-28,13,116
1747014170.2843633,86,-61,181
1747014170.3193634,-39,-19,83
1747014170.3553634,-48,13,29
1747014170.3903637,-43,18,25
1747014170.4253633,60,-9,73
1747014170.4613633,0,28,-68
1747014170.4963634,58,12,62
1747014170.5323634,-23,42,-9
1747014170.5673633,-48,4,106
1747014170.6033633,-52,-63,34
1747014170.6383634,52,20,40
1747014170.6733634,-19,-63,54
1747014170.7093637,32,2,178
1747014170.7443633,48,34,44
1747014170.780363,14,36,100
1747014170.8153634,21,-1,134
1747014170.8513634,-14,-95,-17
1747014170.8863633,10,7,8
1747014170.9213634,-37,35,106
1747014170.9573634,-37,-54,168
1747014170.9923637,30,9,68
1747014171.0283637,-12,0,192
1747014171.0633633,45,-79,94
1747014171.099363,-43,-20,108
1747014171.135363,107,-27,84
1747014171.1713634,-54,-31,112
1747014171.2073634,-29,16,68
1747014171.2423637,60,36,136
1747014171.2773633,-70,24,62
1747014171.3133633,21,8,184
1747014171.349363,22,-73,82
1747014171.3843634,14,-87,2
1747014171.4203634,18,30,124
1747014171.4553633,-30,106,25
1747014171.4903634,-54,-81,54
1747014171.5253634,28,31,-20
1747014171.5613637,-95,9,121
1747014171.5973637,68,-74,137
1747014171.632363,30,-42,83
1747014171.668363,-66,45,87
1747014171.7033634,3,-16,8
1747014171.7383633,31,67,-3
1747014171.7733634,11,-18,142
1747014171.8093634,-16,27,10
1747014171.8453634,25,37,103
1747014171.8803637,-12,-52,47
1747014171.9163637,7,7,195
1747014171.951363,19,-98,179
1747014171.9863634,17,55,89
1747014172.0213633,87,17,59
1747014172.0573633,-38,41,56
1747014172.0933633,-49,-5,18
1747014172.1283634,4,64,18
1747014172.1643634,53,25,110
1747014172.1993637,73,-110,71
1747014172.2343633,-22,39,32
1747014172.2693634,45,-24,67
1747014172.3053634,77,9,95
1747014172.3413634,-16,33,91
1747014172.3763633,-80,-40,108
1747014172.4123633,22,12,74
1747014172.4473634,-63,54,94
1747014172.4823637,28,0,76
1747014172.5173633,-35,-93,10
1747014172.553363,60,1,0
1747014172.589363,-11,77,160
1747014172.6243634,37,-29,64
1747014172.6603634,-72,4,224
1747014172.6953633,-13,0,12
1747014172.7303634,-89,33,34
1747014172.7653637,-2,35,214
1747014172.8013637,75,-14,154
1747014172.8373632,-19,93,-23
1747014172.872363,-19,-8,-41
1747014172.908363,19,35,80
1747014172.9433634,15,5,-17
1747014172.9783633,-8,69,-15
1747014173.0133634,-28,0,22
1747014173.0493634,-4,-8,107
1747014173.0853634,-26,-28,9
1747014173.1203637,-46,-48,111
1747014173.1563632,-38,-4,34
1747014173.191363,-36,-10,142
1747014173.2263634,41,-25,-5
1747014173.2613633,29,13,132
1747014173.2973633,-14,77,116
1747014173.3333633,1,7,128
1747014173.3683634,75,13,-30
1747014173.4043634,39,-74,61
1747014173.4393632,-10,1,91
1747014173.474363,-20,-8,7
1747014173.5093634,19,41,9
1747014173.5453634,-30,19,127
1747014173.5813634,1,35,133
1747014173.6163633,-27,-4,143
1747014173.6523633,20,0,123
1747014173.6873634,74,37,35
1747014173.7223637,97,-2,105
1747014173.757363,-79,-30,18
1747014173.793363,17,-44,34
1747014173.829363,-10,97,78
1747014173.8643634,27,-20,150
1747014173.9003634,-8,23,176
1747014173.9353633,25,-16,79
1747014173.9703634,57,-68,105
1747014174.0053637,24,73,29
1747014174.0413637,2,-22,97
1747014174.0773633,50,-32,127
1747014174.112363,-71,9,-10
1747014174.1483634,22,7,41
1747014174.1833634,45,0,21
1747014174.2183633,-34,-6,81
1747014174.2533634,-2,-6,19
1747014174.2893634,-7,-16,-86
1747014174.3253634,-6,-68,129
1747014174.3603632,25,4,-25
1747014174.3963633,-31,-6,60
1747014174.431363,83,-30,-9
1747014174.4663634,67,9,74
1747014174.5023634,21,-44,36
1747014174.5373633,-14,-52,112
1747014174.5733633,-16,23,3
1747014174.6083634,-30,-14,51
1747014174.6443634,-46,43,81
1747014174.6793633,-78,-96,43
1747014174.714363,39,-8,83
1747014174.750363,13,23,53
1747014174.7853634,0,27,63
1747014174.8213634,8,-30,103
1747014174.8563633,0,55,157
1747014174.8923633,-21,19,53
1747014174.9273634,-51,5,67
1747014174.9623632,36,13,135
1747014174.9983633,-91,-78,73
1747014175.033363,14,13,21
1747014175.0693634,-39,5,25
1747014175.1043634,10,-44,59
1747014175.1403637,-10,-5,103
1747014175.1753633,-86,-79,-56
1747014175.2103634,4,35,45
1747014175.2463634,18,-15,-12
1747014175.2813632,-43,35,25
1747014175.3173633,86,10,9
1747014175.352363,-38,43,65
1747014175.3883634,-14,11,133
1747014175.4233634,-8,28,-16
1747014175.4583633,-38,30,97
1747014175.4943633,-16,42,83
1747014175.5293634,105,40,45
1747014175.5653634,29,24,95
1747014175.6003633,18,-89,-66
1747014175.6363633,-5,-19,-4
1747014175.6713634,-14,-9,-48
1747014175.7063634,44,-26,95
1747014175.7423637,60,25,9
1747014175.7773633,57,-55,39
1747014175.8133633,-52,36,151
1747014175.8483634,-62,-13,61
1747014175.8843634,-10,50,27
1747014175.9193633,95,-67,37
1747014175.954363,11,-25,97
1747014175.9903634,47,56,109
1747014176.0253634,1,-121,143
1747014176.0613637,26,10,-26
1747014176.0963633,-3,30,89
1747014176.132363,-4,-30,175
1747014176.1673634,-5,-36,61
1747014176.2023633,-33,-37,69
1747014176.2383633,50,-9,17
1747014176.2733634,-33,-1,65
1747014176.3093634,-58,-24,145
1747014176.3443637,-46,-36,-4
1747014176.3793633,-30,-26,-78
1747014176.4143634,40,-15,179
1747014176.4503634,67,32,101
1747014176.4863634,-126,-55,11
1747014176.5213633,29,-29,97
1747014176.5573633,-44,-8,167
1747014176.5923634,-18,3,87
1747014176.6273634,-72,-20,107
1747014176.6623633,-28,-91,25
1747014176.6983633,23,-106,-20
1747014176.7343633,-28,35,11
1747014176.7693634,-28,-23,85
1747014176.8053634,-49,-1,53
1747014176.8403633,-66,-52,107
1747014176.875363,-5,30,67
1747014176.9103634,-73,14,43
1747014176.9463634,1,105,117
1747014176.9823637,38,42,24
1747014177.0173633,-60,35,89
1747014177.053363,-70,21,-4
1747014177.0883634,21,38,77
1747014177.1233633,79,72,37
1747014177.158363,13,-31,71
1747014177.1943634,4,2,100
1747014177.2303634,50,22,96
1747014177.2653637,49,-49,157
1747014177.3013637,-2,-65,13
1747014177.3363633,13,-82,7
1747014177.3713634,-2,-1,43
1747014177.4063632,-50,47,47
1747014177.4423633,-42,9,9
1747014177.4783633,35,-17,177
1747014177.5133634,-27,-31,78
1747014177.5493634,-56,25,91
1747014177.5843637,-36,60,125
1747014177.6193633,53,-9,7
1747014177.6543634,-64,-45,46
1747014177.6903634,54,49,102
1747014177.7263634,-137,-16,96
1747014177.7613633,-10,-40,68
1747014177.7973633,-54,27,148
1747014177.8323634,-22,38,98
1747014177.8673637,19,-9,90
1747014177.9023633,41,-119,128
1747014177.9383633,-29,17,66
1747014177.974363,-7,7,30
1747014178.0093634,4,-30,64
1747014178.0453634,-43,33,94
1747014178.0803633,-19,-28,48
1747014178.1153634,-14,-33,30
1747014178.1503634,-26,16,-19
1747014178.1863637,-60,32,-47
1747014178.2223637,93,-41,100
1747014178.257363,-12,-17,70
1747014178.293363,29,24,96
1747014178.3283634,13,-49,62
1747014178.3633633,-6,14,64
1747014178.3983634,-22,-17,116
1747014178.4343634,-26,44,2
1747014178.477363,15,-7,134
1747014178.5133634,-46,22,-17
1747014178.5493634,1,-37,76
1747014178.5843637,19,-17,114
1747014178.6193633,51,29,116
1747014178.6543634,8,55,10
1747014178.6903634,67,39,100
1747014178.7263634,2,-10,72
1747014178.7613633,-27,-60,18
1747014178.7973633,8,53,104
1747014178.8323634,18,11,56
1747014178.8673637,-27,67,54
1747014178.9023633,30,-10,164
1747014178.9383633,38,57,-25
1747014178.974363,-32,4,248
1747014179.0093634,70,-16,162
1747014179.0453634,-14,-29,158
1747014179.0803633,-8,32,30
1747014179.1153634,27,-23,144
1747014179.1503634,15,-1,90
1747014179.1863637,-1,13,116
1747014179.2223637,-84,-28,114
1747014179.257363,-72,-46,-55
1747014179.293363,-2,-40,18
1747014179.3283634,59,13,178
1747014179.3633633,29,1,58
1747014179.3993633,42,55,168
1747014179.4343634,-11,-22,88
1747014179.4703634,-105,-26,76
1747014179.5053637,-51,-26,100
1747014179.5413637,-23,69,68
1747014179.576363,-60,-38,46
1747014179.6113634,33,29,36
1747014179.6473634,35,21,102
1747014179.6823633,-32,-8,12
1747014179.7183633,59,7,-87
1747014179.7533634,-36,-8,34
1747014179.7893634,53,5,-7
1747014179.8243637,-25,91,156
1747014179.8593633,98,-38,6
1747014179.895363,-10,-42,144
1747014179.9303634,41,67,62
1747014179.9663634,-38,0,72
1747014180.0013633,-10,-51,-41
1747014180.0373633,-22,84,112
1747014180.0723634,-27,21,6
1747014180.1073637,-50,-31,20
1747014180.1433637,-21,3,8
1747014180.178363,-59,25,112
1747014180.214363,-26,-5,-57
1747014180.2493634,20,29,22
1747014180.2853634,-22,-11,64
1747014180.3203633,7,-55,136
1747014180.3553634,-53,49,8
1747014180.3913634,-21,-2,112
1747014180.4263637,-29,43,-1
1747014180.4623632,-21,19,124
1747014180.497363,-5,-16,-9
1747014180.533363,42,-32,68
1747014180.5683634,-13,-46,38
1747014180.6033633,-45,103,38
1747014180.6393633,69,40,-3
1747014180.6743634,115,-18,110
1747014180.7103634,41,25,192
1747014180.7453637,-77,47,136
1747014180.7813632,-10,-12,36
1747014180.816363,-26,-54,98
1747014180.8513634,-4,-20,50
1747014180.8873634,-8,-88,158
1747014180.9223633,-54,45,44
1747014180.9583633,-10,-27,30
1747014180.9933634,-16,-57,40
1747014181.0293634,40,19,106
1747014181.0643632,41,-46,70
1747014181.099363,-63,-36,18
1747014181.135363,-29,-74,118
1747014181.1703634,-47,13,-17
1747014181.2063634,68,57,52
1747014181.2413633,-33,17,180
1747014181.2773633,-135,-42,130
1747014181.3133633,16,24,36
1747014181.349363,-11,26,54
1747014181.385363,10,16,174
1747014181.4203634,-43,18,-15
1747014181.4553633,-5,-33,32
1747014181.4913633,66,-4,-47
1747014181.5273633,17,-5,106
1747014181.5623634,6,1,14
1747014181.5983634,-5,63,108
1747014181.6333632,-49,6,174
1747014181.668363,-26,-55,80
1747014181.7033634,-21,-48,52
1747014181.7393634,58,51,-3
1747014181.7753634,-41,27,116
1747014181.8103633,-59,-18,52
1747014181.8463633,-18,10,58
1747014181.8813634,10,29,-13
1747014181.9163637,20,25,146
1747014181.951363,16,71,98
1747014181.987363,-19,-44,44
1747014182.0233634,-81,-24,68
1747014182.0583634,26,-52,-65
1747014182.0943637,11,37,100
1747014182.1293633,-14,-22,84
1747014182.1643634,8,7,120
1747014182.1993637,-34,102,114
1747014182.2353632,21,-21,86
1747014182.2713633,-4,40,204
1747014182.306363,27,-38,116
1747014182.3423634,83,45,152
1747014182.3773634,-80,35,104
1747014182.4123633,-50,-14,110
1747014182.4473634,-32,27,22
1747014182.4833634,23,-86,60
1747014182.5193634,9,93,92
1747014182.5543633,-41,36,50
1747014182.5903633,135,45,112
1747014182.625363,-21,-40,16
1747014182.6603634,-11,-22,46
1747014182.6953633,7,0,120
1747014182.7313633,92,3,64
1747014182.7673633,-37,-18,24
1747014182.8023634,73,-22,36
1747014182.8383634,-29,11,-93
1747014182.8733633,-86,12,-19
1747014182.908363,71,-24,44
1747014182.9433634,-116,0,2
1747014182.9793634,17,61,66
1747014183.0153637,-42,-10,-5
1747014183.0503633,0,47,26
1747014183.0863633,43,55,4
1747014183.1213634,-38,0,218
1747014183.1563632,-18,-24,12
1747014183.191363,-87,-28,58
1747014183.227363,-27,1,54
1747014183.2633634,20,-34,144
1747014183.2983634,29,-28,44
1747014183.3343637,81,-54,170
1747014183.3693633,-16,13,240
1747014183.4043634,-84,-28,202
1747014183.4393632,33,-6,62
1747014183.4753633,-76,-5,138
1747014183.5113633,33,59,44
1747014183.5463634,-12,40,66
1747014183.5823634,53,56,48
1747014183.6173637,17,28,-41
1747014183.6523633,37,-13,-57
1747014183.6873634,-16,8,62
1747014183.7233634,51,-19,78
1747014183.7593634,25,-17,6
1747014183.7943633,0,19,-33
1747014183.8303633,15,-13,142
1747014183.8653634,-60,-30,94
1747014183.9003634,55,31,-23
1747014183.9353633,-26,-72,232
1747014183.9713633,-10,-36,76
1747014184.007363,-122,-16,148
1747014184.0423634,3,64,140
1747014184.0783634,79,76,-57
1747014184.1133633,-68,-11,84
1747014184.1483634,53,24,54
1747014184.1833634,-80,66,68
1747014184.2193637,47,-3,80
1747014184.2553637,-88,72,58
1747014184.2903633,13,16,12
1747014184.326363,43,-41,78
1747014184.3613634,45,8,-1
1747014184.3963633,-8,-59,56
1747014184.431363,-42,28,134
1747014184.4673634,59,42,164
1747014184.5033634,-23,0,100
1747014184.5383637,16,13,114
1747014184.5743637,-23,31,46
1747014184.6093633,35,6,34
1747014184.6443634,1,-23,40
1747014184.6803634,9,-3,80
1747014184.7153633,-75,-26,120
1747014184.7513633,-22,14,94
1747014184.7863634,9,18,56
1747014184.8223634,16,61,70
1747014184.8573637,-72,-26,138
1747014184.8923633,33,88,40
1747014184.928363,17,-51,-9
1747014184.9633634,15,-66,140
1747014184.9993634,23,-34,-57
1747014185.0343633,-92,9,150
1747014185.0703633,-30,-16,-29
1747014185.1053634,-30,-28,10
1747014185.1403637,87,-24,156
1747014185.1763637,41,3,142
1747014185.2113633,-37,-7,16
1747014185.247363,68,-19,120
1747014185.2823634,-31,32,54
1747014185.3183634,4,-58,0
1747014185.3533633,-21,30,80
1747014185.3883634,-45,-25,0
1747014185.4243634,44,-101,236
1747014185.4593637,29,1,-19
1747014185.4953637,-56,33,6
1747014185.530363,3,-34,156
1747014185.566363,83,93,158
1747014185.6013634,37,-41,-5
1747014185.6363633,72,-4,162
1747014185.6723633,-16,30,116
1747014185.7073634,-14,-11,70
1747014185.7433634,53,80,16
1747014185.7783637,-44,-78,58
1747014185.8143632,0,47,124
1747014185.849363,-28,-16,88
1747014185.8843634,53,17,176
1747014185.9203634,-72,-7,120
1747014185.9553633,37,16,88
1747014185.9913633,17,-51,88
1747014186.0263634,-16,14,118
1747014186.0623634,17,0,52
1747014186.0973637,2,-23,54
1747014186.132363,58,4,200
1747014186.168363,94,46,128
1747014186.2033634,53,-41,76
1747014186.2393634,-22,-21,90
1747014186.2743633,-22,-25,-7
1747014186.3103633,-40,-1,126
1747014186.3463633,-32,-121,38
1747014186.382363,-14,34,-11
1747014186.418363,71,12,64
1747014186.4533634,-26,-31,64
1747014186.4883633,31,-39,142
1747014186.5243633,29,-19,106
1747014186.5603633,46,-86,148
1747014186.5953634,-13,-50,20
1747014186.6313634,-46,29,150
1747014186.6663637,-4,-4,40
1747014186.701363,-62,-102,32
1747014186.7363634,-24,-104,24
1747014186.7723634,-58,58,-27
1747014186.8083634,61,16,-17
1747014186.8433633,-26,-48,94
1747014186.8793633,39,47,146
1747014186.9143634,-49,62,104
1747014186.9493637,7,-73,-23
1747014186.9843633,22,-10,24
1747014187.020363,87,34,38
1747014187.056363,15,-9,120
1747014187.0913634,63,-35,34
1747014187.1273634,-64,28,56
1747014187.1623633,5,50,94
1747014187.1973634,-43,24,90
1747014187.2323637,87,-16,162
1747014187.2683637,-40,101,90
1747014187.3043633,-16,26,-19
1747014187.339363,-21,-17,142
1747014187.375363,129,32,172
1747014187.4103634,40,22,210
1747014187.4453633,20,44,30
1747014187.4803634,56,1,206
1747014187.5163634,-35,-33,142
1747014187.5523634,-103,-28,110
1747014187.5873632,45,-34,108
1747014187.6233633,7,-12,68
1747014187.658363,15,37,34
1747014187.6933634,-40,43,-43
1747014187.7283633,-82,51,100
1747014187.7643633,13,69,94
1747014187.8003633,-1,17,188
1747014187.8353634,1,87,38
1747014187.8713634,13,-10,204
1747014187.9063632,77,-44,68
1747014187.941363,53,25,128
1747014187.9763634,9,17,68
1747014188.0123634,49,-30,104
1747014188.0483634,-46,-18,24
1747014188.0833633,43,55,-27
1747014188.1193633,35,-2,32
1747014188.1543634,-6,8,90
1747014188.1893632,-34,27,88
1747014188.224363,-54,0,84
1747014188.260363,37,48,30
1747014188.2963634,-16,-31,84
1747014188.3313634,43,62,44
1747014188.3673637,37,8,30
1747014188.4023633,17,-51,52
1747014188.4373634,105,14,152
1747014188.4803634,25,-51,90
1747014188.5163634,39,36,-35
1747014188.5523634,-6,98,18
1747014188.5873632,67,88,-23
1747014188.6233633,49,8,76
1747014188.658363,-24,43,90
1747014188.6933634,72,-5,124
1747014188.7283633,0,35,18
1747014188.7643633,61,-52,158
1747014188.8003633,-8,70,42
1747014188.8353634,53,-23,22
1747014188.8713634,-42,30,98
1747014188.9063632,23,-27,30
1747014188.941363,7,-21,76
1747014188.9763634,79,24,64
1747014189.0123634,-20,-7,-11
1747014189.0483634,33,22,110
1747014189.0833633,-20,-79,-95
1747014189.1193633,79,30,110
1747014189.1543634,7,-57,-39
1747014189.1893632,2,-65,84
1747014189.224363,-43,46,36
1747014189.260363,0,84,10
1747014189.2963634,34,16,86
1747014189.3313634,-41,-32,98
1747014189.3673637,62,-34,148
1747014189.4023633,-6,-20,114
1747014189.4373634,-14,-52,94
1747014189.4723637,27,23,160
1747014189.5083632,-14,5,104
1747014189.5443633,39,63,204
1747014189.579363,-30,-33,72
1747014189.6153634,16,21,-27
1747014189.6503634,30,-32,10
1747014189.6853633,48,7,122
1747014189.7213633,73,0,118
1747014189.7563634,5,-11,94
1747014189.7923634,-66,8,0
1747014189.8273633,19,-25,40
1747014189.8633633,23,-89,38
1747014189.8983634,-12,-2,68
1747014189.9333634,3,70,134
1747014189.9693637,19,-3,198
1747014190.0043633,-76,-6,139
1747014190.0403633,73,54,111
1747014190.0753634,33,-89,142
1747014190.1113634,-40,6,112
1747014190.1463633,13,0,34
1747014190.181363,25,-11,48
1747014190.2173634,-6,-34,124
1747014190.2523634,47,-78,50
1747014190.2883637,-84,11,20
1747014190.3233633,1,4,148
1747014190.3593633,4,-17,23
1747014190.3943634,-8,-29,-14
1747014190.4293633,-24,64,57
1747014190.4653633,3,-7,13
1747014190.500363,-34,-11,2
1747014190.5363634,13,3,164
1747014190.5713634,23,-23,199
1747014190.6073637,10,-16,122
1747014190.6423633,5,-27,11
1747014190.6773634,-75,-26,-6
1747014190.7133634,18,-26,66
1747014190.7483633,-33,-20,68
1747014190.7843633,102,-36,132
1747014190.8193634,-95,5,-49
1747014190.8553634,37,14,162
1747014190.8903637,-14,-31,95
1747014190.9253633,5,66,126
1747014190.9613633,-36,26,142
1747014190.9963634,-72,-3,130
1747014191.0323634,-4,-42,64
1747014191.0673633,39,-22,116
1747014191.1033633,8,-56,112
1747014191.1383634,-6,25,78
1747014191.1733634,-56,35,70
1747014191.2093637,-12,-12,78
1747014191.2443633,19,11,96
1747014191.280363,-54,-8,36
1747014191.3153634,11,27,132
1747014191.3513634,-6,53,74
1747014191.3863633,49,68,-63
1747014191.4213634,-6,12,82
1747014191.4573634,6,24,236
1747014191.4923637,8,-105,180
1747014191.5283637,-31,-43,64
1747014191.5633633,56,10,-67
1747014191.5983634,-25,18,42
1747014191.6333632,68,23,106
1747014191.6693633,-33,7,134
1747014191.7053633,32,41,12
1747014191.7403634,-63,-6,128
1747014191.7763634,0,-39,118
1747014191.8113637,-54,28,82
1747014191.8463633,72,28,98
1747014191.8813634,4,-19,-11
1747014191.9173634,1,-29,104
1747014191.9533634,-4,12,-5
1747014191.9883633,-2,48,8
1747014192.0243633,-58,-15,124
1747014192.0593634,-12,4,82
1747014192.0943637,-8,-73,196
1747014192.1293633,-22,-39,80
1747014192.1653633,-11,-24,140
1747014192.201363,23,16,76
1747014192.2363634,-76,-77,130
1747014192.2723634,-78,-5,164
1747014192.3073633,25,-5,144
1747014192.3423634,-68,34,208
1747014192.3773634,-8,0,100
1747014192.4133637,1,-11,108
1747014192.4493637,-40,72,-11
1747014192.4843633,39,-17,126
1747014192.520363,-2,-3,90
1747014192.5553634,-43,-28,82
1747014192.5903633,4,-55,74
1747014192.625363,-43,35,146
1747014192.6613634,-21,15,146
1747014192.6973634,-9,-41,94
1747014192.7323637,34,-39,8
1747014192.7683637,-33,-30,-75
1747014192.8043633,-29,-3,36
1747014192.8403633,-67,-125,-75
1747014192.875363,-3,46,30
1747014192.9103634,-19,-43,56
1747014192.9453633,-35,2,66
1747014192.9813633,-81,4,34
1747014193.0173633,-121,-33,86
1747014193.0523634,-62,-78,100
1747014193.0883634,36,19,190
1747014193.1233633,1,-12,100
1747014193.158363,-67,0,10
1747014193.1933634,-27,-52,16
1747014193.2293634,-43,17,22
1747014193.2653637,-55,-86,118
1747014193.3003633,-3,-16,64
1747014193.3363633,-15,-55,16
1747014193.3713634,-1,15,66
1747014193.4063632,-109,35,94
1747014193.441363,40,-3,152
1747014193.477363,-12,12,50
1747014193.5133634,-25,76,-49
1747014193.5483634,114,-1,104
1747014193.5843637,-15,-29,66
1747014193.6193633,0,10,106
1747014193.6543634,-89,56,-31
1747014193.6893632,5,4,18
1747014193.7253633,-55,-9,98
1747014193.7613633,-41,38,172
1747014193.7963634,6,-11,84
1747014193.8323634,52,-83,56
1747014193.8673637,42,6,96
1747014193.9023633,3,-29,62
1747014193.9373634,58,10,46
1747014193.9733634,32,-43,-25
1747014194.0093634,-63,-55,-37
1747014194.0443633,54,24,90
1747014194.0803633,20,2,-7
1747014194.1153634,-74,10,70
1747014194.1503634,65,-21,140
1747014194.1853633,-8,20,150
1747014194.2213633,-1,20,212
1747014194.257363,-90,-1,116
1747014194.2923634,-6,26,78
1747014194.3283634,-24,-79,108
1747014194.3633633,-14,-63,-49
1747014194.3983634,21,36,-61
1747014194.4333634,39,8,-57
1747014194.4693637,-99,0,152
1747014194.5053637,26,23,150
1747014194.5403633,38,-14,116
1747014194.576363,-23,9,74
1747014194.6113634,-41,-34,32
1747014194.6463633,-25,-30,126
1747014194.681363,30,-50,156
1747014194.7173634,-9,3,-57
1747014194.7533634,50,-22,274
1747014194.7883637,-15,11,34
1747014194.8243637,-31,13,46
1747014194.8593633,-57,65,18
1747014194.8943634,-14,49,140
1747014194.9303634,-4,-4,18
1747014194.9653633,-36,20,82
1747014195.0013633,-94,12,52
1747014195.0363634,5,-2,80
1747014195.0723634,-24,-43,0
1747014195.1073637,17,18,110
1747014195.1423633,-50,14,114
1747014195.178363,65,-35,129
1747014195.2133634,37,60,177
1747014195.2493634,33,-15,125
1747014195.2843633,11,32,41
1747014195.3203633,-26,-49,189
1747014195.3553634,2,-19,115
1747014195.3903637,-66,-33,-22
1747014195.4263637,67,-9,174
1747014195.4613633,-84,70,21
1747014195.497363,-40,-21,3
1747014195.5323634,39,50,13
1747014195.5683634,39,18,148
1747014195.6033633,39,-29,-3
1747014195.6383634,29,-39,4
1747014195.6743634,42,0,142
1747014195.7093637,77,5,-25
1747014195.7453637,27,32,64
1747014195.780363,27,-7,62
1747014195.816363,55,-9,51
1747014195.8513634,-40,-47,77
1747014195.8863633,55,2,83
1747014195.9223633,33,-11,91
1747014195.9573634,-14,-2,98
1747014195.9933634,38,46,189
1747014196.0283637,-10,-17,84
1747014196.0643632,-7,14,75
1747014196.099363,-14,-1,139
1747014196.1343634,24,28,5
1747014196.1703634,-5,-51,-14
1747014196.2053633,18,56,51
1747014196.2413633,-51,-37,81
1747014196.2763634,85,3,-10
1747014196.3123634,-58,11,21
1747014196.3473637,-150,-22,89
1747014196.382363,-30,11,41
1747014196.418363,10,-13,95
1747014196.4533634,80,22,45
1747014196.4893634,-25,30,105
1747014196.5243633,2,48,-12
1747014196.5593634,-6,-53,41
1747014196.5943637,-6,30,-36
1747014196.6303637,43,-49,49
1747014196.6663637,7,-19,53
1747014196.701363,-34,41,119
1747014196.737363,-40,-26,77
1747014196.7723634,-12,-56,83
1747014196.8073633,-26,-32,195
1747014196.8423634,-39,-86,73
1747014196.8783634,23,-33,57
1747014196.9143634,-8,-55,31
1747014196.9493637,-24,-41,75
1747014196.9853632,23,-15,85
1747014197.020363,-76,52,137
1747014197.0553634,23,-39,83
1747014197.0903633,-39,11,121
1747014197.1263633,84,31,115
1747014197.1623633,-1,59,-21
1747014197.1973634,39,43,190
1747014197.2333634,-5,5,114
1747014197.2683637,-53,67,230
1747014197.303363,-23,-28,30
1747014197.3383634,-9,-34,95
1747014197.3743634,-3,-60,91
1747014197.4103634,40,-6,81
1747014197.4453633,34,35,127
1747014197.4813633,-44,-30,119
1747014197.5163634,-71,23,65
1747014197.5513637,57,-8,109
1747014197.5863633,45,59,-12
1747014197.622363,59,15,67
1747014197.658363,42,-42,-32
1747014197.6933634,7,-38,73
1747014197.7293634,-36,-22,77
1747014197.7643633,13,-8,72
1747014197.7993634,29,25,42
1747014197.8343637,7,-38,24
1747014197.8703637,35,-80,80
1747014197.9063632,39,3,206
1747014197.941363,-14,13,30
1747014197.977363,-82,33,22
1747014198.0123634,3,-42,84
1747014198.0473633,43,-16,40
1747014198.0823634,90,-29,92
1747014198.1183634,-48,-56,78
1747014198.1543634,61,13,-26
1747014198.1893632,-29,26,47
1747014198.2253633,-48,70,75
1747014198.260363,9,-55,110
1747014198.2953634,-30,-13,64
1747014198.3303633,-38,4,232
1747014198.3663633,5,-23,144
1747014198.4023633,24,-73,-15
1747014198.4373634,-39,54,41
1747014198.4733634,-6,-13,105
1747014198.5153637,-6,38,13
1747014198.5513637,-22,18,-24
1747014198.5863633,-2,-75,29
1747014198.622363,-1,4,3
1747014198.658363,-1,-13,65
1747014198.6933634,102,18,89
1747014198.7293634,-29,-21,79
1747014198.7643633,-31,6,211
1747014198.7993634,-29,-11,24
1747014198.8343637,-33,-83,-1
1747014198.8703637,-43,-39,52
1747014198.9063632,-65,70,30
1747014198.941363,-67,24,-67
1747014198.977363,-53,78,47
1747014199.0123634,60,-69,89
1747014199.0473633,14,-15,59
1747014199.0823634,74,-77,-20
1747014199.1183634,38,-25,47
1747014199.1543634,-4,73,111
1747014199.1893632,72,50,69
1747014199.2253633,52,-45,137
1747014199.260363,-22,57,83
1747014199.2953634,-83,24,59
1747014199.3303633,38,-24,23
1747014199.3663633,-41,-31,183
1747014199.4023633,61,3,175
1747014199.4373634,54,6,-2
1747014199.4733634,-77,2,69
1747014199.5083632,18,2,37
1747014199.543363,-63,63,85
1747014199.5783634,-35,-4,77
1747014199.6143634,4,24,43
1747014199.6503634,4,-7,-18
1747014199.6853633,30,30,179
1747014199.7213633,8,-16,109
1747014199.7563634,8,30,127
1747014199.7913637,82,13,19
1747014199.8273633,24,-12,-6
1747014199.862363,-51,1,119
1747014199.8983634,41,-55,61
1747014199.9333634,-8,-43,43
1747014199.9693637,10,-52,87
1747014200.0043633,54,41,65
1747014200.0393634,36,69,137
1747014200.0753634,48,-32,25
1747014200.1103632,4,7,113
1747014200.1463633,38,26,129
1747014200.181363,28,-64,109
1747014200.2173634,42,35,-10
1747014200.2523634,48,-52,19
1747014200.2873633,-11,45,71
1747014200.3233633,-25,51,55
1747014200.3583634,-51,-24,-52
1747014200.3943634,-46,22,21
1747014200.4293633,3,10,117
1747014200.4653633,23,4,35
1747014200.500363,59,0,71
1747014200.5353634,85,-31,57
1747014200.5713634,-30,-5,91
1747014200.6063633,-28,50,-10
1747014200.6423633,73,-27,93
1747014200.6773634,-16,-49,63
1747014200.7133634,11,-67,-24
1747014200.7483633,35,-59,193
1747014200.783363,-78,-11,113
1747014200.8193634,5,76,179
1747014200.8543634,31,-15,27
1747014200.8903637,-42,-9,105
1747014200.9253633,-59,56,87
1747014200.9613633,-82,46,169
1747014200.9963634,-39,16,-60
1747014201.0313632,-41,-21,109
1747014201.0673633,32,40,107
1747014201.102363,8,-47,59
1747014201.1383634,26,-3,31
1747014201.1733634,6,16,13
1747014201.2093637,-67,10,61
1747014201.2443633,-35,36,55
1747014201.2793634,-19,28,45
1747014201.3153634,-13,-11,83
1747014201.3503633,-65,-46,41
1747014201.3863633,-83,-56,127
1747014201.4213634,51,-60,-12
1747014201.4573634,45,-16,115
1747014201.4923637,8,-32,9
1747014201.5273633,8,89,149
1747014201.5633633,73,-10,5
1747014201.5983634,4,-6,61
1747014201.6343634,62,37,115
1747014201.6693633,-9,-4,127
1747014201.704363,54,11,57
1747014201.7393634,-7,19,109
1747014201.7753634,8,-46,65
1747014201.8113637,15,-85,41
1747014201.8463633,-8,-9,61
1747014201.882363,33,16,135
1747014201.9173634,-89,31,179
1747014201.9523633,-93,-6,9
1747014201.987363,-31,-46,221
1747014202.0233634,-73,-112,35
1747014202.0593634,61,-63,39
1747014202.0943637,88,-31,85
1747014202.1303637,10,-35,185
1747014202.1653633,-71,-55,27
1747014202.2003634,16,0,79
1747014202.2353632,52,-17,-16
1747014202.2713633,-3,102,29
1747014202.3073633,-57,34,-40
1747014202.3423634,-15,26,89
1747014202.3783634,55,-46,11
1747014202.4133637,-57,10,13
1747014202.4483633,78,-29,49
1747014202.4833634,18,-64,153
1747014202.5193634,-61,0,101
1747014202.5553634,26,5,87
1747014202.5903633,79,-37,89
1747014202.6263633,23,-31,213
1747014202.6613634,15,9,47
1747014202.6963634,-2,-28,29
1747014202.7313633,-58,11,21
1747014202.7673633,-22,15,129
1747014202.803363,37,-50,33
1747014202.8383634,5,19,73
1747014202.8743634,-49,66,153
1747014202.9093633,12,-27,31
1747014202.9443634,2,-25,37
1747014202.9793634,-10,-60,95
1747014203.0153637,0,-2,119
1747014203.0513637,27,7,135
1747014203.0863633,38,46,69
1747014203.122363,-31,26,155
1747014203.1573634,78,20,171
1747014203.1923633,72,19,-38
1747014203.227363,-8,29,13
1747014203.2633634,72,30,65
1747014203.2993634,22,-47,82
1747014203.3343637,70,-21,-43
1747014203.3703637,10,-69,1
1747014203.405363,4,-12,131
1747014203.4403634,30,13,114
1747014203.4753633,-20,0,30
1747014203.5113633,-24,-28,104
1747014203.5473633,93,-39,48
1747014203.5823634,-64,16,59
1747014203.6183634,29,4,-12
1747014203.6533637,21,-23,-23
1747014203.6883633,37,-11,113
1747014203.7233634,3,-35,86
1747014203.7593634,-57,-36,81
1747014203.7953634,22,43,70
1747014203.8303633,79,26,-17
1747014203.8663633,52,87,-34
1747014203.9013634,-34,12,86
1747014203.9363637,-54,-81,124
1747014203.9713633,-90,-55,88
1747014204.007363,-88,-29,60
1747014204.043363,39,38,176
1747014204.0783634,13,18,-21
1747014204.1143634,42,29,28
1747014204.1493633,14,-10,140
1747014204.1843634,26,9,18
1747014204.2193637,-33,67,30
1747014204.2553637,-16,-35,90
1747014204.2913637,-36,-19,116
1747014204.326363,15,-29,108
1747014204.362363,7,22,-9
1747014204.3973634,72,-2,94
1747014204.4323633,12,-22,82
1747014204.4673634,-47,12,-9
1747014204.5033634,-11,-27,142
1747014204.5393634,11,-8,58
1747014204.5743637,0,17,2
1747014204.6103632,-34,-24,12
1747014204.645363,-20,5,186
1747014204.6803634,-64,31,26
1747014204.7153633,-46,55,140
1747014204.7513633,45,-22,134
1747014204.7873633,-36,-58,-25
1747014204.8223634,29,67,-39
1747014204.8583634,-54,17,118
1747014204.8933637,-68,21,180
1747014204.928363,3,5,6
1747014204.964363,-80,-30,128
1747014204.9993634,9,-30,184
1747014205.0353634,0,29,142
1747014205.0703633,20,-48,-63
1747014205.1063633,-64,-39,244
1747014205.1413634,-10,37,194
1747014205.1763637,-6,27,82
1747014205.2123632,-29,11,186
1747014205.247363,46,-16,90
1747014205.283363,-24,-2,156
1747014205.3183634,-57,17,68
1747014205.3543634,16,-18,-73
1747014205.3893633,6,-100,90
1747014205.4243634,-11,30,22
1747014205.4603634,5,-33,46
1747014205.4953637,81,6,60
1747014205.5313632,5,0,-19
1747014205.566363,-85,34,130
1747014205.602363,-4,-55,204
1747014205.6373634,-14,92,28
1747014205.6723633,105,28,-17
1747014205.7083633,53,-9,122
1747014205.7433634,7,18,50
1747014205.7793634,-19,7,188
1747014205.8143632,-86,3,16
1747014205.8503633,116,25,116
1747014205.885363,-3,0,48
1747014205.9203634,47,-74,50
1747014205.9563634,0,-3,-25
1747014205.9913633,2,-23,-43
1747014206.0273633,-47,-5,100
1747014206.0623634,74,66,80
1747014206.0983634,-17,-35,88
1747014206.1333632,-3,30,22
1747014206.168363,-50,47,-17
1747014206.204363,41,3,88
1747014206.2393634,33,71,132
1747014206.2753634,-24,-60,-63
1747014206.3103633,131,-10,76
1747014206.3463633,-19,-13,120
1747014206.3813634,-2,3,32
1747014206.4163637,-63,-24,32
1747014206.4523633,70,9,0
1747014206.487363,-9,-38,14
1747014206.5233634,26,0,-23
1747014206.5583634,-25,-76,-57
1747014206.5943637,20,29,130
1747014206.6293633,-55,29,70
1747014206.6643634,-33,-60,128
1747014206.7003634,-9,-6,144
1747014206.7353632,2,5,96
1747014206.7713633,28,47,178
1747014206.806363,10,77,94
1747014206.8413634,10,15,118
1747014206.8763633,42,17,106
1747014206.9123633,-48,-38,-13
1747014206.9483633,-26,23,38
1747014206.9833634,0,2,-37
1747014207.0193634,-46,35,2
1747014207.0543633,-66,-34,66
1747014207.089363,-50,-60,58
1747014207.1243634,-18,-58,76
1747014207.1603634,-20,-18,92
1747014207.1963634,56,18,30
1747014207.2313633,18,-23,158
1747014207.2673633,-41,-9,106
1747014207.3023634,-57,-17,110
1747014207.3373632,-9,16,132
1747014207.372363,26,-15,150
1747014207.408363,-29,8,212
1747014207.4443634,-25,-39,26
1747014207.4793634,-32,46,26
1747014207.5153637,59,-35,40
1747014207.5503633,-40,-117,78
1747014207.5853634,-16,-27,26
1747014207.6203637,69,62,34
1747014207.6563632,-2,-23,50
1747014207.6923633,21,16,-39
1747014207.727363,88,10,100
1747014207.7633634,24,16,94
1747014207.7983634,-4,-9,38
1747014207.8333633,27,14,86
1747014207.8683634,19,-33,-73
1747014207.9043634,-50,36,116
1747014207.9403634,-24,-19,34
1747014207.9753633,-56,-25,84
1747014208.0113633,85,-52,113
1747014208.0463634,41,39,15
1747014208.0813634,73,-74,65
1747014208.1163633,65,-32,166
1747014208.1523633,-30,15,96
1747014208.1883633,39,46,88
1747014208.2233634,-4,84,119
1747014208.2593634,5,24,17
1747014208.2943633,-17,-29,40
1747014208.329363,40,2,122
1747014208.3643634,-6,43,58
1747014208.4003634,-13,-23,-61
1747014208.4363637,-47,4,190
1747014208.4713633,23,28,66
1747014208.507363,-18,6,94
1747014208.5493634,-34,26,100
1747014208.5853634,-32,-49,48
1747014208.6203637,79,-10,134
1747014208.6563632,47,48,4
1747014208.6923633,-42,30,114
1747014208.727363,-12,16,144
1747014208.7633634,-32,4,120
1747014208.7983634,60,-3,90
1747014208.8333633,-6,-25,-19
1747014208.8683634,-31,40,-37
1747014208.9043634,39,6,-1
1747014208.9403634,65,2,4
1747014208.9753633,14,-97,224
1747014209.0113633,38,-59,122
1747014209.0463634,2,-25,184
1747014209.0813634,49,22,162
1747014209.1163633,13,-37,178
1747014209.1523633,-44,52,42
1747014209.1883633,-31,-15,90
1747014209.2233634,-15,16,46
1747014209.2593634,16,-81,-1
1747014209.2943633,-23,54,120
1747014209.329363,-59,8,92
1747014209.3643634,22,-39,54
1747014209.4003634,-46,27,70
1747014209.4363637,-41,32,124
1747014209.4713633,58,-61,120
1747014209.507363,58,-13,108
1747014209.5423634,36,12,58
1747014209.5773633,6,30,168
1747014209.612363,-1,-9,-41
1747014209.6483634,-3,14,108
1747014209.6843634,-47,-5,131
1747014209.7193637,-67,-42,69
1747014209.7553637,7,-45,37
1747014209.7903633,-8,-73,-20
1747014209.8253634,1,40,61
1747014209.8613634,73,30,39
1747014209.8963633,-4,26,43
1747014209.9323633,87,38,38
1747014209.9673634,34,-1,78
1747014210.0033634,-31,-45,82
1747014210.0383637,4,-7,188
1747014210.0733633,-15,14,118
1747014210.1093633,12,-25,36
1747014210.1443634,88,28,78
1747014210.1803634,-27,76,38
1747014210.2153633,-9,26,138
1747014210.2513633,30,0,-45
1747014210.2863634,42,-61,52
1747014210.3213634,-21,-23,92
1747014210.3573637,62,-19,102
1747014210.3923633,4,12,-43
1747014210.428363,-5,54,223
1747014210.4633634,-15,-47,64
1747014210.4993634,-41,-25,35
1747014210.5343633,46,24,107
1747014210.5693634,-51,-33,69
1747014210.6053634,-25,-27,77
1747014210.6403637,49,-1,1
1747014210.6763637,97,-1,113
1747014210.7113633,51,-49,127
1747014210.747363,-33,-14,4
1747014210.7823634,9,24,108
1747014210.8173633,-26,32,-3
1747014210.8533633,-52,-7,66
1747014210.8883634,28,63,132
1747014210.9243634,-4,-43,100
1747014210.9593637,-22,-11,82
1747014210.9953637,-17,37,46
1747014211.030363,54,-6,47
1747014211.0653634,40,51,177
1747014211.1013634,-36,-49,89
1747014211.1363633,37,-11,133
1747014211.1723633,7,-51,-34
1747014211.2073634,57,20,85
1747014211.2433634,-2,-59,-38
1747014211.2783637,-15,-4,133
1747014211.3133633,-37,-16,47
1747014211.349363,33,-21,31
1747014211.3843634,-26,-93,39
1747014211.4203634,1,-9,127
1747014211.4553633,16,-49,93
1747014211.4913633,28,-49,79
1747014211.5263634,70,4,11
1747014211.5613637,26,-5,126
1747014211.5973637,12,-45,-12
1747014211.632363,-111,14,-6
1747014211.668363,8,-33,-66
1747014211.7033634,-37,-21,21
1747014211.7393634,16,14,-84
1747014211.7743633,0,64,88
1747014211.8093634,8,-57,10
1747014211.8453634,-51,-49,68
1747014211.8803637,-79,0,62
1747014211.9163637,4,26,100
1747014211.951363,-15,24,41
1747014211.9863634,-53,54,-46
1747014212.0213633,10,32,63
1747014212.0573633,-72,-32,109
1747014212.0933633,-18,85,109
1747014212.1283634,7,-6,91
1747014212.1643634,35,7,93
1747014212.1993637,-40,15,177
1747014212.2343633,-16,-16,-14
1747014212.2693634,-12,-25,89
1747014212.3053634,-46,38,191
1747014212.3413634,5,-29,143
1747014212.3763633,-61,32,69
1747014212.4123633,-15,14,80
1747014212.4473634,-16,-67,0
1747014212.4823637,-64,-3,72
1747014212.5173633,-12,-11,-30
1747014212.553363,9,14,-38
1747014212.589363,-28,-17,36
1747014212.6243634,-6,0,32
1747014212.6603634,-36,-122,-5
1747014212.6953633,61,32,24
1747014212.7303634,-7,-50,144
1747014212.7653637,33,-63,92
1747014212.8013637,-138,72,160
1747014212.8373632,93,-39,94
1747014212.872363,69,-31,-50
1747014212.908363,17,-61,152
1747014212.9433634,-58,18,113
1747014212.9783633,69,-21,105
1747014213.0133634,59,-49,121
1747014213.0493634,-44,-43,75
1747014213.0853634,61,24,93
1747014213.1203637,5,78,23
1747014213.1563632,-12,2,13
1747014213.191363,0,64,105
1747014213.2263634,107,-35,125
1747014213.2613633,7,8,69
1747014213.2973633,-9,-1,-8
1747014213.3333633,7,12,1
1747014213.3683634,-68,-11,173
1747014213.4043634,-86,8,73
1747014213.4393632,-16,-13,167
1747014213.474363,47,6,123
1747014213.5093634,-82,4,195
1747014213.5453634,77,6,77
1747014213.5813634,71,16,-46
1747014213.6163633,-30,-21,195
1747014213.6523633,-38,-15,105
1747014213.6873634,-16,-13,213
1747014213.7223637,15,78,121
1747014213.757363,65,-3,35
1747014213.793363,-86,-17,59
1747014213.829363,14,-15,53
1747014213.8643634,62,-84,9
1747014213.9003634,-53,24,-30
1747014213.9353633,-47,-16,23
1747014213.9703634,-41,28,33
1747014214.0053637,20,-13,29
1747014214.0413637,-97,16,15
1747014214.0773633,34,-17,1
1747014214.112363,87,-48,11
1747014214.1483634,-44,13,99
1747014214.1833634,40,-1,71
1747014214.2183633,-19,-3,-36
1747014214.2533634,74,-1,41
1747014214.2893634,26,-25,51
1747014214.3253634,49,-9,53
1747014214.3603632,-56,-13,81
1747014214.3963633,48,-71,81
1747014214.431363,-58,18,215
1747014214.4663634,44,-18,55
1747014214.5023634,88,-90,45
1747014214.5373633,-39,29,77
1747014214.5733633,124,37,47
1747014214.6083634,-7,-64,57
1747014214.6443634,40,15,-2
1747014214.6793633,62,75,3
1747014214.714363,20,19,109
1747014214.7493634,23,16,-44
1747014214.7853634,-2,-23,207
1747014214.8213634,115,-37,165
1747014214.8563633,-62,-69,153
1747014214.8923633,-30,-51,101
1747014214.9273634,-9,-68,109
1747014214.9623632,-17,-37,7
1747014214.9983633,0,-44,95
1747014215.033363,2,22,81
1747014215.0693634,14,-13,3
1747014215.1043634,-43,46,77
1747014215.1403637,24,-45,49
1747014215.1753633,26,-61,-6
1747014215.2103634,-89,-25,119
1747014215.2463634,-59,-10,-68
1747014215.2813632,22,-43,-44
1747014215.3173633,21,-8,-16
1747014215.352363,33,-22,17
1747014215.3883634,-1,-73,47
1747014215.4233634,7,80,43
1747014215.4583633,19,20,177
1747014215.4943633,39,-81,-78
1747014215.5293634,-70,8,3
1747014215.5653634,-14,11,63
1747014215.6003633,0,41,-102
1747014215.6363633,1,17,79
1747014215.6713634,-84,-50,47
1747014215.7063634,55,11,-42
1747014215.7423637,-38,81,-4
1747014215.7773633,-52,-50,63
1747014215.8133633,9,-14,-38
1747014215.8483634,31,65,105
1747014215.8843634,69,-26,-58
1747014215.9193633,20,-53,-24
1747014215.954363,-66,-50,33
1747014215.9903634,-52,-2,65
1747014216.0253634,55,3,11
1747014216.0613637,-14,37,75
1747014216.0963633,45,11,23
1747014216.132363,-54,-8,-48
1747014216.1673634,100,-86,107
1747014216.2023633,6,-48,81
1747014216.2383633,-2,-17,127
1747014216.2733634,37,37,111
1747014216.3093634,-30,17,1
1747014216.3443637,-49,-12,65
1747014216.3803637,18,-2,51
1747014216.4153633,7,-61,43
1747014216.4503634,-38,-9,243
1747014216.4863634,-76,-11,57
1747014216.5213633,111,-7,129
1747014216.5573633,-58,-3,79
1747014216.5923634,-48,-95,-12
1747014216.6283634,31,12,113
1747014216.6643634,-32,-5,-10
1747014216.7003634,-2,30,5
1747014216.7353632,57,-13,143
1747014216.770363,9,-9,107
1747014216.806363,129,18,-86
1747014216.8413634,-90,-45,17
1747014216.8773634,57,-97,95
1747014216.9123633,67,42,-66
1747014216.9473634,5,-33,181
1747014216.9823637,7,-57,5
1747014217.0183637,-75,-55,1
1747014217.0543633,-16,30,193
1747014217.089363,47,6,159
1747014217.125363,11,-21,-48
1747014217.1603634,83,-72,97
1747014217.1953633,-16,27,103
1747014217.2303634,-80,21,35
1747014217.2663634,-12,-94,157
1747014217.3023634,-46,-76,-14
1747014217.3373632,17,-13,-48
1747014217.3733633,-18,-34,201
1747014217.408363,55,-26,29
1747014217.4433634,-48,53,21
1747014217.4783633,-18,56,209
1747014217.5143633,77,24,163
1747014217.5503633,-42,-21,99
1747014217.5853634,55,18,13
1747014217.6213634,-34,18,25
1747014217.6563632,-27,-99,203
1747014217.691363,66,18,-60
1747014217.7263634,58,64,1
1747014217.7623634,-39,6,55
1747014217.7983634,-8,24,103
1747014217.8333633,14,53,115
1747014217.8693633,-56,-65,139
1747014217.9043634,97,-61,53
1747014217.9393632,-39,-13,17
1747014217.974363,-8,-2,-8
1747014218.010363,9,0,19
1747014218.0463634,7,5,95
1747014218.0813634,-20,33,57
1747014218.1173637,-54,16,109
1747014218.1523633,-54,-52,217
1747014218.1873634,21,-16,89
1747014218.2223637,-10,58,25
1747014218.2583632,31,-103,129
1747014218.2943633,41,12,187
1747014218.329363,37,89,53
1747014218.3653634,59,-1,-16
1747014218.4003634,-54,13,41
1747014218.4353633,-16,17,63
1747014218.4703634,-56,-17,20
1747014218.5063634,87,16,-17
1747014218.5423634,39,-25,112
1747014218.5843637,37,6,92
1747014218.6213634,47,-36,116
1747014218.6563632,51,46,56
1747014218.691363,87,0,6
1747014218.7263634,37,-43,84
1747014218.7623634,19,-143,124
1747014218.7983634,72,-13,122
1747014218.8333633,56,44,74
1747014218.8693633,-40,48,22
1747014218.9043634,21,-39,98
1747014218.9393632,-16,20,18
1747014218.974363,28,0,94
1747014219.010363,50,-26,36
1747014219.0463634,-25,-29,132
1747014219.0813634,-19,-53,50
1747014219.1173637,105,16,100
1747014219.1523633,-37,0,8
1747014219.1873634,-1,4,122
1747014219.2223637,40,10,116
1747014219.2583632,40,-39,98
1747014219.2943633,31,-101,15
1747014219.329363,-14,-9,153
1747014219.3653634,-34,-5,14
1747014219.4003634,57,74,84
1747014219.4353633,11,-54,183
1747014219.4703634,49,-46,36
1747014219.5063634,20,50,110
1747014219.5423634,-54,32,87
1747014219.5773633,11,12,68
1747014219.6133633,13,10,162
1747014219.6483634,-24,6,86
1747014219.6833634,87,44,122
1747014219.7183633,-126,-6,24
1747014219.7543633,-26,8,54
1747014219.7903633,-8,40,36
1747014219.8253634,-8,-19,102
1747014219.8613634,-97,68,52
1747014219.8963633,30,-21,18
1747014219.931363,-57,58,-59
1747014219.9663634,123,28,58
1747014220.0023634,13,-17,-23
1747014220.0383637,9,14,72
1747014220.0733633,-84,-13,122
1747014220.1093633,-60,20,154
1747014220.1443634,35,-11,28
1747014220.1793633,89,-37,108
1747014220.2153633,14,-3,96
1747014220.250363,-34,32,138
1747014220.2863634,-64,-67,94
1747014220.3213634,-8,-15,96
1747014220.3573637,26,72,110
1747014220.3923633,32,46,118
1747014220.4273634,14,-9,78
1747014220.4633634,-35,-11,52
1747014220.4983633,-33,-13,92
1747014220.5343633,12,-27,90
1747014220.5693634,10,-59,34
1747014220.6053634,5,-62,-61
1747014220.6403637,39,15,76
1747014220.6753633,25,32,132
1747014220.7113633,3,8,146
1747014220.7463634,19,76,82
1747014220.7823634,33,54,-5
1747014220.8173633,11,1,86
1747014220.8533633,5,16,18
1747014220.8883634,0,48,26
1747014220.9233634,119,12,20
1747014220.9593637,-70,31,84
1747014220.9943633,-30,43,20
1747014221.030363,59,-2,78
1747014221.0653634,-40,57,-17
1747014221.1013634,-1,-26,38
1747014221.1363633,8,-30,-9
1747014221.1713634,-23,19,98
1747014221.2073634,-25,-36,56
1747014221.2423637,-35,-82,142
1747014221.2783637,-38,-58,20
1747014221.3133633,4,24,102
1747014221.349363,8,-39,-9
1747014221.3843634,56,-83,66
1747014221.4193633,-22,-74,90
1747014221.4553633,30,-46,100
1747014221.4903634,-49,-10,-23
1747014221.5263634,20,-12,86
1747014221.5613637,-30,41,84
1747014221.5973637,-60,-74,130
1747014221.632363,-11,-10,176
1747014221.6673634,4,-8,24
1747014221.7033634,56,-46,-37
1747014221.7383633,-9,53,70
1747014221.7743633,-40,57,118
1747014221.8093634,-24,44,-75
1747014221.8453634,71,-9,62
1747014221.8803637,15,-8,194
1747014221.9153633,-42,-8,36
1747014221.951363,-42,-2,76
1747014221.9863634,-30,-20,90
1747014222.0223634,-22,67,-7
1747014222.0573633,-18,-43,50
1747014222.0923634,-28,6,176
1747014222.1273634,64,-62,116
1747014222.1633637,-27,-12,144
1747014222.1993637,-52,20,120
1747014222.2343633,7,4,-17
1747014222.270363,59,22,-27
1747014222.3053634,-4,-36,124
1747014222.3403633,14,-35,246
1747014222.375363,-7,40,126
1747014222.4113634,-24,-44,-109
1747014222.4473634,0,-62,188
1747014222.4823637,65,13,64
1747014222.5183637,-18,-54,-45
1747014222.553363,57,-20,66
1747014222.5883634,-26,73,182
1747014222.6233633,-18,15,176
1747014222.6593633,-36,11,160
1747014222.6953633,14,6,-19
1747014222.7303634,18,-61,-63
1747014222.7663634,7,-50,28
1747014222.8013637,-42,-8,78
1747014222.8363633,47,-31,108
1747014222.8713634,41,-74,110
1747014222.9073634,-87,-7,28
1747014222.9433634,-1,51,20
1747014222.9783633,48,25,162
1747014223.0143633,-7,27,20
1747014223.0493634,0,9,8
1747014223.0843637,-11,-26,8
1747014223.1193633,-23,-76,74
1747014223.155363,-52,-73,60
1747014223.191363,-108,-3,176
1747014223.2263634,36,3,0
1747014223.2623634,-40,-109,-39
1747014223.2973633,5,-61,100
1747014223.3323634,-22,-45,188
1747014223.3673637,-42,-21,100
1747014223.4033637,41,-35,26
1747014223.4393632,82,8,-15
1747014223.474363,-69,26,140
1747014223.510363,46,-1,98
1747014223.5453634,-29,6,-13
1747014223.5803633,-11,-20,38
1747014223.6153634,12,55,104
1747014223.6513634,-35,33,-41
1747014223.6873634,61,-30,6
1747014223.7223637,-83,54,24
1747014223.7583632,-118,-8,220
1747014223.793363,-10,0,148
1747014223.8283634,43,21,80
1747014223.8633633,30,14,48
1747014223.8993633,56,8,158
1747014223.9353633,-137,56,40
1747014223.9703634,-55,64,-43
1747014224.0063634,4,26,-95
1747014224.0413637,82,26,92
1747014224.076363,-51,-21,72
1747014224.1113634,-51,-55,282
1747014224.1473634,26,-23,80
1747014224.1833634,-89,-109,14
1747014224.2183633,32,-21,84
1747014224.2543633,30,24,86
1747014224.2893634,23,-16,162
1747014224.3243637,57,49,10
1747014224.3593633,-97,30,24
1747014224.395363,-38,24,36
1747014224.431363,-28,-42,164
1747014224.4663634,-110,-28,0
1747014224.5023634,-4,0,38
1747014224.5373633,66,-23,54
1747014224.5723634,-30,65,10
1747014224.6073637,34,18,100
1747014224.6433637,22,18,216
1747014224.6793633,-6,25,100
1747014224.714363,40,25,162
1747014224.750363,18,38,0
1747014224.7853634,-45,-91,-47
1747014224.8203633,10,-36,96
1747014224.8553634,-12,-5,98
1747014224.8913634,-66,42,74
1747014224.9273634,-78,48,42
1747014224.9623632,-71,-50,82
1747014224.9983633,55,-27,130
1747014225.033363,-68,-11,98
1747014225.0683634,-32,2,-151
1747014225.1033633,-2,-25,52
1747014225.1393633,-77,-11,-39
1747014225.1753633,-15,37,142
1747014225.2103634,-25,-78,-1
1747014225.2463634,26,14,150
1747014225.2813632,18,1,-93
1747014225.316363,-33,-60,-61
1747014225.352363,58,-18,68
1747014225.3873634,-12,0,74
1747014225.4233634,52,39,96
1747014225.4583633,-49,51,84
1747014225.4943633,62,6,38
1747014225.5293634,-49,-37,55
1747014225.5643632,14,-1,41
1747014225.6003633,14,-11,21
1747014225.635363,34,-23,94
1747014225.6713634,-55,30,57
1747014225.7063634,-1,-15,33
1747014225.7423637,-1,-29,53
1747014225.7783637,94,26,137
1747014225.8143632,94,50,27
1747014225.849363,60,-51,23
1747014225.8843634,-11,38,118
1747014225.9203634,55,6,250
1747014225.9553633,69,44,-33
1747014225.9913633,54,-21,21
1747014226.0263634,2,-25,184
1747014226.0623634,-37,-3,92
1747014226.0973637,-31,-5,55
1747014226.132363,-74,-1,184
1747014226.168363,66,-23,2
1747014226.2033634,10,-27,88
1747014226.2393634,0,20,48
1747014226.2743633,60,16,86
1747014226.3103633,42,-37,106
1747014226.3453634,-15,26,58
1747014226.3803637,72,-3,6
1747014226.4163637,60,4,14
1747014226.451363,-1,42,132
1747014226.487363,-1,22,138
1747014226.5223634,-55,-141,-11
1747014226.5583634,-21,-6,44
1747014226.5933633,-95,-37,82
1747014226.6283634,-19,-33,114
1747014226.6643634,34,-23,114
1747014226.6993637,54,-19,54
1747014226.7353632,1,-64,134
1747014226.770363,39,59,99
1747014226.806363,-1,-65,75
1747014226.8413634,-35,-9,111
1747014226.8763633,-39,-31,25
1747014226.9123633,78,-77,83
1747014226.9473634,-69,-33,155
1747014226.9833634,-61,-87,5
1747014227.0183637,-25,-16,133
1747014227.0543633,-83,-57,54
1747014227.0903633,-13,-19,14
1747014227.125363,12,74,128
1747014227.1603634,-45,-39,198
1747014227.1963634,28,-15,30
1747014227.2323637,40,-65,106
1747014227.2673633,56,2,12
1747014227.303363,-47,-5,188
1747014227.3383634,-23,6,86
1747014227.3733633,42,21,2
1747014227.408363,-1,8,150
1747014227.4443634,6,42,112
1747014227.4803634,32,-79,62
1747014227.5153637,-23,-9,55
1747014227.5513637,-67,-41,105
1747014227.5863633,-29,16,-8
1747014227.6213634,6,2,77
1747014227.6563632,-51,-1,97
1747014227.6923633,-40,11,26
1747014227.7283633,39,0,12
1747014227.7633634,9,-30,43
1747014227.7993634,4,15,72
1747014227.8343637,33,-50,-8
1747014227.8693633,1,-20,133
1747014227.9043634,3,39,-40
1747014227.9403634,-14,23,-46
1747014227.9763634,9,52,58
1747014228.0113633,28,28,255
1747014228.0473633,-13,-23,123
1747014228.0823634,-53,-21,140
1747014228.1173637,-10,51,138
1747014228.1523633,-73,24,116
1747014228.1883633,68,-49,176
1747014228.224363,4,32,48
1747014228.2593634,66,12,36
1747014228.2953634,31,-43,42
1747014228.3303633,11,12,126
1747014228.3653634,47,-11,44
1747014228.4003634,17,11,24
1747014228.4363637,-40,-36,68
1747014228.4723637,21,-74,14
1747014228.507363,-32,-41,88
1747014228.543363,61,6,134
1747014228.5853634,13,14,196
1747014228.6213634,11,38,6
1747014228.6563632,7,82,206
1747014228.6923633,-18,-13,62
1747014228.7283633,18,10,134
1747014228.7633634,66,24,-83
1747014228.7993634,-43,-73,142
1747014228.8343637,46,4,38
1747014228.8693633,83,-64,58
1747014228.9043634,39,5,-5
1747014228.9403634,-64,55,80
1747014228.9763634,-56,54,120
1747014229.0113633,-46,72,30
1747014229.0473633,91,-21,-33
1747014229.0823634,51,21,64
1747014229.1173637,7,52,178
1747014229.1523633,-10,-3,45
1747014229.1883633,-46,-15,5
1747014229.224363,15,-63,179
1747014229.2593634,3,18,134
1747014229.2953634,-6,16,132
1747014229.3303633,85,-51,213
1747014229.3653634,-18,-19,113
1747014229.4003634,-54,4,147
1747014229.4363637,18,10,119
1747014229.4723637,99,-49,-60
1747014229.507363,-4,-9,139
1747014229.543363,83,6,-40
1747014229.5783634,-58,55,62
1747014229.6133633,-10,16,20
1747014229.6483634,-44,-31,40
1747014229.6843634,27,-15,87
1747014229.7203634,-54,-45,-48
1747014229.7553637,16,36,1
1747014229.7913637,14,38,65
1747014229.826363,-18,10,37
1747014229.8613634,67,-39,15
1747014229.8963633,-67,30,101
1747014229.9323633,-25,-75,-24
1747014229.9683633,-13,-22,53
1747014230.0033634,16,-30,157
1747014230.0393634,-2,11,9
1747014230.0743637,53,14,43
1747014230.1093633,17,-13,20
1747014230.1443634,37,-57,66
1747014230.1803634,-11,46,86
1747014230.2163634,-44,-105,62
1747014230.2513633,63,62,70
1747014230.2873633,-128,-17,28
1747014230.3223634,9,26,87
1747014230.3573637,41,27,41
1747014230.3933637,-74,20,-39
1747014230.428363,39,-45,-2
1747014230.464363,-108,18,63
1747014230.4993634,-40,14,44
1747014230.5353634,41,94,10
1747014230.5703633,32,5,90
1747014230.6053634,0,75,33
1747014230.6413634,-37,39,47
1747014230.6763637,-52,-9,41
1747014230.7123632,59,2,38
1747014230.747363,75,-77,25
1747014230.783363,22,23,-21
1747014230.8183634,81,10,90
1747014230.8533633,-10,-31,-25
1747014230.8893633,63,-13,112
1747014230.9243634,53,-1,-41
1747014230.9603634,77,24,62
1747014230.9953637,65,42,-7
1747014231.0313632,7,-17,52
1747014231.066363,-54,22,140
1747014231.1013634,145,11,20
1747014231.1373634,43,19,54
1747014231.1723633,27,25,56
1747014231.2083633,85,29,84
1747014231.2433634,-52,0,-141
1747014231.2793634,-18,43,84
1747014231.3143632,19,41,-65
1747014231.349363,-16,9,140
1747014231.385363,-48,15,46
1747014231.4203634,-8,15,37
1747014231.4563634,119,-26,33
1747014231.4913633,21,-78,76
1747014231.5273633,31,-44,204
1747014231.5623634,29,15,62
1747014231.5973637,-26,31,92
1747014231.6333632,65,13,152
1747014231.668363,-42,9,-31
1747014231.704363,-42,55,78
1747014231.7393634,25,-30,52
1747014231.7753634,25,-46,130
1747014231.8103633,15,-44,98
1747014231.8453634,-25,56,64
1747014231.8813634,6,12,-92
1747014231.9163637,-33,82,23
1747014231.9523633,21,12,1
1747014231.987363,49,68,161
1747014232.0233634,-52,14,21
1747014232.0583634,-8,54,49
1747014232.0933633,49,16,129
1747014232.1293633,22,-43,61
1747014232.1643634,-7,38,71
1747014232.2003634,-6,1,-54
1747014232.2353632,62,2,101
1747014232.270363,-2,-4,143
1747014232.3053634,-33,-13,133
1747014232.3413634,49,-2,171
1747014232.3773634,-38,-53,55
1747014232.4123633,72,-88,19
1747014232.4483633,-33,31,-84
1747014232.4833634,46,-29,87
1747014232.5183637,-22,-5,167
1747014232.553363,-12,-31,39
1747014232.589363,-40,6,-8
1747014232.625363,1,-13,17
1747014232.6603634,-42,8,41
1747014232.6963634,-68,-41,109
1747014232.7313633,-2,-19,-92
1747014232.7663634,37,-23,145
1747014232.8013637,-78,-69,27
1747014232.8373632,-76,-43,39
1747014232.8733633,-46,10,115
1747014232.908363,15,44,41
1747014232.9443634,39,60,11
1747014232.9793634,-51,-34,1
1747014233.0143633,62,-46,37
1747014233.0493634,16,27,93
1747014233.0853634,38,-36,101
1747014233.1213634,-37,67,99
1747014233.1563632,8,38,95
1747014233.1923633,92,-25,57
1747014233.227363,-13,-55,35
1747014233.2623634,0,6,98
1747014233.2973633,26,44,84
1747014233.3333633,-13,26,124
1747014233.3693633,69,93,59
1747014233.4043634,-91,-40,86
1747014233.4403634,76,2,144
1747014233.4753633,74,-66,50
1747014233.510363,-23,25,44
1747014233.5453634,-82,48,70
1747014233.5813634,-68,-23,68
1747014233.6173637,21,6,-25
1747014233.6523633,-107,1,-5
1747014233.6883633,-30,20,14
1747014233.7233634,-102,14,135
1747014233.7583632,13,-21,133
1747014233.793363,0,-21,21
1747014233.829363,37,-63,29
1747014233.8653634,-14,2,191
1747014233.9003634,-34,52,-6
1747014233.9363637,-32,-53,17
1747014233.9713633,-12,-27,-26
1747014234.0063634,6,-41,93
1747014234.0413637,-11,2,-14
1747014234.0773633,12,-33,47
1747014234.1133633,-22,45,55
1747014234.1483634,-64,-26,25
1747014234.1843634,-54,0,12
1747014234.2193637,-8,3,34
1747014234.2543633,-14,67,40
1747014234.2893634,15,33,87
1747014234.3253634,35,31,-24
1747014234.3613634,85,47,121
1747014234.3963633,35,31,13
1747014234.4323633,-26,31,119
1747014234.4673634,-2,13,-56
1747014234.5023634,-51,14,97
1747014234.5373633,-6,-22,97
1747014234.5733633,-71,12,81
1747014234.6093633,-59,-5,43
1747014234.6443634,0,-5,23
1747014234.6803634,0,7,143
1747014234.7153633,-47,6,15
1747014234.750363,-43,0,21
1747014234.7853634,-9,-20,105
1747014234.8213634,-13,-10,37
1747014234.8573637,-119,5,155
1747014234.8923633,-12,-48,105
1747014234.928363,-3,-30,53
1747014234.9633634,52,3,-80
1747014234.9983633,-11,-10,89
1747014235.033363,-53,-16,134
1747014235.0693634,-11,-38,70
1747014235.1053634,20,-66,66
1747014235.1403637,48,-53,43
1747014235.1763637,5,36,149
1747014235.2113633,-62,-3,19
1747014235.2463634,5,-9,28
1747014235.2813632,-14,-27,133
1747014235.3173633,-32,-13,7
1747014235.3533633,21,4,75
1747014235.3883634,55,-65,165
1747014235.4243634,-14,-35,65
1747014235.4593637,-8,12,45
1747014235.4943633,16,48,139
1747014235.530363,20,54,159
1747014235.5653634,85,2,51
1747014235.6013634,-46,-69,65
1747014235.6363633,-114,-45,31
1747014235.6723633,-20,-39,-24
1747014235.7073634,13,18,23
1747014235.7423637,44,101,83
1747014235.7783637,16,-12,27
1747014235.8133633,-75,-24,5
1747014235.849363,12,-52,-2
1747014235.8843634,20,10,35
1747014235.9203634,40,20,27
1747014235.9553633,-24,48,77
1747014235.9903634,44,60,23
1747014236.0263634,-29,22,-2
1747014236.0613637,-3,-45,23
1747014236.0973637,-11,80,-2
1747014236.132363,10,54,23
1747014236.168363,81,51,-32
1747014236.2033634,-59,-67,53
1747014236.2383633,25,-4,65
1747014236.2743633,-66,-32,1
1747014236.3093634,-60,-16,113
1747014236.3453634,-84,41,83
1747014236.3803637,27,37,55
1747014236.4163637,15,33,101
1747014236.451363,-50,-8,13
1747014236.4863634,-34,-64,-26
1747014236.5223634,19,-54,0
1747014236.5573633,-64,-2,33
1747014236.5933633,53,-32,139
1747014236.6283634,-84,-8,89
1747014236.6643634,26,-33,21
1747014236.6993637,11,-34,-8
1747014236.7343633,-8,-12,53
1747014236.770363,-48,-20,99
1747014236.8053634,-57,-101,61
1747014236.8413634,102,-22,207
1747014236.8763633,-17,40,107
1747014236.9123633,14,37,111
1747014236.9473634,42,-16,3
1747014236.9823637,-9,-24,117
1747014237.0183637,-87,59,89
1747014237.053363,16,-16,211
1747014237.089363,40,72,115
1747014237.1243634,-85,-18,55
1747014237.1603634,-75,22,-14
1747014237.1963634,-1,24,89
1747014237.2323637,-67,-25,165
1747014237.2683637,-35,-57,-38
1747014237.303363,-13,-63,73
1747014237.3383634,-5,-49,89
1747014237.3743634,29,9,-12
1747014237.4103634,-21,-1,51
1747014237.4453633,-31,-13,137
1747014237.4813633,54,-19,127
1747014237.5163634,2,-27,-38
1747014237.5513637,11,19,133
1747014237.5863633,43,83,93
1747014237.622363,83,-25,83
1747014237.658363,41,42,91
1747014237.6933634,-34,-1,-10
1747014237.7293634,-9,-49,-6
1747014237.7643633,-40,66,5
1747014237.7993634,27,-53,47
1747014237.8343637,89,72,126
1747014237.8703637,-30,-43,9
1747014237.9063632,-44,28,105
1747014237.941363,-2,-51,9
1747014237.977363,33,-67,50
1747014238.0123634,-78,0,88
1747014238.0473633,-46,-15,3
1747014238.0823634,-56,96,49
1747014238.1183634,-38,-53,-32
1747014238.1543634,43,36,148
1747014238.1893632,45,89,-1
1747014238.2253633,1,-94,96
1747014238.260363,11,-18,4
1747014238.2953634,7,49,104
1747014238.3303633,-16,-14,74
1747014238.3663633,97,37,164
1747014238.4023633,-14,-24,112
1747014238.4373634,59,-16,176
1747014238.4733634,-8,9,94
1747014238.5083632,-76,-14,128
1747014238.543363,-56,31,52
1747014238.5783634,-12,-72,106
1747014238.6213634,-52,19,68
1747014238.658363,16,35,50
1747014238.6933634,-52,-58,92
1747014238.7293634,-30,-18,166
1747014238.7643633,-22,-53,24
1747014238.7993634,-15,-5,56
1747014238.8343637,7,13,94
1747014238.8703637,-60,-18,96
1747014238.9063632,25,7,82
1747014238.941363,101,-40,80
1747014238.977363,-68,0,222
1747014239.0123634,39,35,78
1747014239.0473633,33,-12,100
1747014239.0823634,-81,102,-87
1747014239.1183634,-7,-33,-15
1747014239.1543634,0,-117,22
1747014239.1893632,-51,52,52
1747014239.2253633,22,-25,-11
1747014239.260363,-9,0,154
1747014239.2953634,26,23,106
1747014239.3303633,46,27,-15
1747014239.3663633,-23,-15,62
1747014239.4023633,47,-1,48
1747014239.4373634,13,-9,48
1747014239.4733634,43,92,140
1747014239.5083632,-84,-3,234
1747014239.543363,43,0,136
1747014239.5783634,-70,-53,-3
1747014239.6143634,-60,26,86
1747014239.6503634,-12,26,206
1747014239.6853633,-8,14,-29
1747014239.7213633,-43,-72,118
1747014239.7563634,-51,1,42
1747014239.7913637,2,13,12
1747014239.826363,33,-18,150
1747014239.862363,-6,7,14
1747014239.8983634,43,37,66
1747014239.9333634,-44,-54,-15
1747014239.9693637,-5,-93,26
1747014240.0043633,42,12,114
1747014240.0393634,68,-7,92
1747014240.0743637,34,126,20
1747014240.1103632,30,30,194
1747014240.1463633,-42,13,54
1747014240.181363,-91,18,118
1747014240.2173634,16,9,112
1747014240.2523634,-41,24,36
1747014240.2873633,-51,74,34
1747014240.3223634,77,-19,-23
1747014240.3583634,44,-20,-39
1747014240.3943634,6,-12,160
1747014240.4293633,-58,26,150
1747014240.4653633,57,-63,140
1747014240.500363,37,54,56
1747014240.5353634,90,116,-69
1747014240.5713634,-21,62,156
1747014240.6063633,-27,30,48
1747014240.6423633,14,16,32
1747014240.6773634,20,-42,66
1747014240.7133634,60,92,78
1747014240.7483633,16,-41,82
1747014240.783363,107,-49,20
1747014240.8193634,1,-25,6
1747014240.8543634,51,10,28
1747014240.8903637,-51,-23,82
1747014240.9253633,64,-29,88
1747014240.9613633,-33,0,84
1747014240.9963634,-6,-9,46
1747014241.0313632,-38,-25,0
1747014241.0673633,16,70,108
1747014241.102363,-11,46,70
1747014241.1383634,-65,6,184
1747014241.1733634,14,44,22
1747014241.2093637,-25,-23,62
1747014241.2443633,-34,-23,84
1747014241.2793634,49,18,118
1747014241.3153634,-72,30,-51
1747014241.3503633,57,44,138
1747014241.3863633,-82,18,58
1747014241.4213634,7,-37,-33
1747014241.4573634,81,-17,68
1747014241.4923637,77,48,82
1747014241.5273633,11,-35,102
1747014241.5633633,-22,68,168
1747014241.5983634,13,32,12
1747014241.6343634,-4,42,122
1747014241.6693633,-10,41,-3
1747014241.7053633,73,9,140
1747014241.7403634,-42,-8,180
1747014241.7753634,-19,1,-59
1747014241.8113637,34,-50,86
1747014241.8463633,-9,19,80
1747014241.882363,-9,2,64
1747014241.9173634,28,-69,154
1747014241.9533634,22,58,30
1747014241.9883633,-61,42,-41
1747014242.0233634,14,-49,-45
1747014242.0593634,30,-5,46
1747014242.0943637,78,-55,-61
1747014242.1303637,36,-83,-151
1747014242.1653633,2,-63,98
1747014242.201363,-28,-24,-19
1747014242.2363634,37,29,-19
1747014242.2713633,43,-14,62
1747014242.3073633,-44,-48,56
1747014242.3423634,-4,-36,210
1747014242.3783634,-6,7,128
1747014242.4133637,87,52,76
1747014242.4483633,23,-41,-73
1747014242.4833634,47,93,284
1747014242.5193634,-4,23,102
1747014242.5553634,-6,77,20
1747014242.5903633,23,-52,162
1747014242.6263633,29,-70,74
1747014242.6613634,13,1,38
1747014242.6963634,28,39,6
1747014242.7313633,-12,5,50
1747014242.7673633,19,31,-35
1747014242.803363,-24,-66,120
1747014242.8383634,79,55,-27
1747014242.8743634,-91,18,-15
1747014242.9093633,-1,20,6
1747014242.9443634,-42,-30,140
1747014242.9793634,-49,-66,38
1747014243.0153637,-29,16,92
1747014243.0513637,-29,-3,24
1747014243.0863633,24,-5,202
1747014243.122363,-17,-37,54
1747014243.1573634,96,-46,-5
1747014243.1923633,-23,-3,154
1747014243.227363,60,18,-15
1747014243.2633634,-49,4,-61
1747014243.2993634,14,-17,132
1747014243.3343637,11,5,-105
1747014243.3703637,-54,-56,144
1747014243.405363,-28,41,50
1747014243.4403634,47,0,32
1747014243.4753633,-52,-20,66
1747014243.5113633,23,51,248
1747014243.5473633,10,-52,-57
1747014243.5823634,20,-8,10
1747014243.6183634,31,-46,110
1747014243.6533637,-8,7,22
1747014243.6883633,117,-6,84
1747014243.7233634,56,-14,200
1747014243.7593634,89,65,-62
1747014243.7953634,80,41,143
1747014243.8303633,17,-14,199
1747014243.8663633,85,26,0
1747014243.9013634,-24,-35,126
1747014243.9363637,47,-8,-11
1747014243.9713633,-18,-10,116
1747014244.007363,-70,-22,148
1747014244.043363,35,35,108
1747014244.0783634,94,-27,-25
1747014244.1143634,-41,-7,180
1747014244.1493633,-26,-42,-2
1747014244.1843634,-48,61,-48
1747014244.2193637,-4,3,177
1747014244.2553637,-18,-22,-32
1747014244.2913637,25,-64,15
1747014244.326363,-7,45,77
1747014244.362363,24,-52,109
1747014244.3973634,20,-50,40
1747014244.4323633,2,-70,74
1747014244.4673634,-16,-78,42
1747014244.5033634,-18,-10,114
1747014244.5393634,-41,36,-53
1747014244.5743637,-22,45,108
1747014244.6103632,-27,34,142
1747014244.645363,45,-32,-5
1747014244.6803634,58,8,-57
1747014244.7153633,-11,-43,-15
1747014244.7513633,-23,36,88
1747014244.7873633,-91,-79,88
1747014244.8223634,10,-57,124
1747014244.8583634,-37,10,36
1747014244.8933637,-68,-28,250
1747014244.928363,-30,-46,76
1747014244.9633634,59,17,52
1747014244.9993634,-32,9,100
1747014245.0353634,10,-67,56
1747014245.0703633,-36,-3,150
1747014245.1063633,-8,-68,22
1747014245.1413634,-24,-10,78
1747014245.1763637,-8,3,108
1747014245.2113633,-60,-30,83
1747014245.247363,123,31,45
1747014245.283363,71,-14,81
1747014245.3183634,81,31,63
1747014245.3543634,1,-52,59
1747014245.3893633,45,7,-38
1747014245.4243634,61,11,149
1747014245.4593637,-25,66,13
1747014245.4953637,-24,7,97
1747014245.5313632,35,15,65
1747014245.566363,11,-18,122
1747014245.602363,3,23,167
1747014245.6373634,-2,11,107
1747014245.6723633,95,17,-20
1747014245.7083633,-27,6,31
1747014245.7433634,45,0,85
1747014245.7793634,53,-15,79
1747014245.8143632,-36,-3,98
1747014245.8503633,107,-67,40
1747014245.885363,-12,11,200
1747014245.9203634,56,48,12
1747014245.9563634,-43,44,124
1747014245.9913633,-6,47,107
1747014246.0273633,29,-48,-4
1747014246.0623634,28,18,81
1747014246.0983634,-23,32,-2
1747014246.1333632,-72,-58,44
1747014246.168363,0,57,129
1747014246.204363,55,-75,31
1747014246.2393634,23,-47,116
1747014246.2753634,83,-1,-75
1747014246.3103633,-43,-9,72
1747014246.3463633,-23,18,140
1747014246.3813634,-1,-20,108
1747014246.4163637,-11,26,100
1747014246.4523633,-25,50,28
1747014246.487363,-29,-50,-7
1747014246.5233634,-63,12,63
1747014246.5583634,58,-49,67
1747014246.5943637,20,26,117
1747014246.6293633,4,6,109
1747014246.6643634,-17,-15,17
1747014246.7003634,0,52,93
1747014246.7353632,-99,74,126
1747014246.7713633,-65,-13,162
1747014246.806363,12,75,54
1747014246.8423634,-57,-1,118
1747014246.8773634,16,-33,-21
1747014246.9123633,31,-18,0
1747014246.9483633,4,15,-48
1747014246.9833634,-55,-8,94
1747014247.0193634,12,32,35
1747014247.0543633,30,64,-42
1747014247.0903633,-35,-48,109
1747014247.125363,68,-26,79
1747014247.1603634,0,17,17
1747014247.1963634,20,63,48
1747014247.2313633,36,-19,92
1747014247.2673633,-33,48,79
1747014247.3023634,30,16,101
1747014247.3383634,12,-7,61
1747014247.3743634,-18,-97,97
1747014247.4103634,4,-49,73
1747014247.4463634,-89,4,145
1747014247.4813633,65,40,173
1747014247.5163634,-12,36,4
1747014247.5523634,-43,33,122
1747014247.5883634,-25,-69,-91
1747014247.6233633,-7,-8,0
1747014247.6593633,0,33,-58
1747014247.6943634,-4,12,101
1747014247.7293634,25,-9,97
1747014247.7643633,-48,-37,107
1747014247.8003633,11,16,96
1747014247.8363633,15,-3,95
1747014247.8713634,-4,-11,113
1747014247.9073634,4,2,12
1747014247.9423633,39,-39,69
1747014247.977363,-32,28,-101
1747014248.0123634,-29,-15,42
1747014248.0483634,60,54,146
1747014248.0843637,9,8,122
1747014248.1193633,-52,4,14
1747014248.155363,-94,4,36
1747014248.1903634,-94,-45,71
1747014248.2253633,27,-31,119
1747014248.260363,-52,24,69
1747014248.2963634,-96,-57,103
1747014248.3323634,69,32,27
1747014248.3673637,47,-29,3
1747014248.4033637,57,36,-6
1747014248.4383633,21,-17,99
1747014248.4733634,5,60,165
1747014248.5083632,53,-21,155
1747014248.5443633,25,-9,131
1747014248.5803633,-32,-1,151
1747014248.622363,-46,-61,84
1747014248.6593633,-22,22,34
1747014248.6943634,3,46,78
1747014248.7293634,17,-7,123
1747014248.7643633,11,-64,101
1747014248.8003633,79,-30,133
1747014248.8363633,15,81,59
1747014248.8713634,-79,20,63
1747014248.9073634,110,-63,105
1747014248.9423633,-43,64,25
1747014248.977363,-23,-31,-52
1747014249.0123634,15,22,126
1747014249.0483634,34,50,-3
1747014249.0843637,44,-15,138
1747014249.1193633,50,-3,106
1747014249.155363,49,39,48
1747014249.1903634,3,25,4
1747014249.2253633,-33,-27,-11
1747014249.260363,11,-62,44
1747014249.2963634,-50,35,-23
1747014249.3323634,-15,5,20
1747014249.3673637,-15,-12,108
1747014249.4033637,-11,-32,96
1747014249.4383633,-10,-55,86
1747014249.4733634,42,26,3
1747014249.5083632,-45,24,9
1747014249.5443633,-65,52,7
1747014249.5803633,96,-101,63
1747014249.6153634,18,32,199
1747014249.6513634,-3,50,149
1747014249.6863637,30,28,105
1747014249.7213633,-10,11,175
1747014249.7563634,-26,-36,-2
1747014249.7923634,100,86,51
1747014249.8283634,-13,-15,71
1747014249.8633633,64,-17,-8
1747014249.8993633,-92,-25,139
1747014249.9343634,31,64,41
1747014249.9693637,-43,-61,125
1747014250.0043633,-14,-79,87
1747014250.0403633,-49,0,-4
1747014250.076363,33,4,145
1747014250.1113634,8,-59,153
1747014250.1473634,-19,-9,153
1747014250.1823633,14,-49,0
1747014250.2173634,36,10,91
1747014250.2523634,-13,78,57
1747014250.2883637,1,-7,107
1747014250.3243637,8,-29,-10
1747014250.3593633,26,-21,183
1747014250.395363,34,-79,-68
1747014250.4303634,-89,-31,99
1747014250.4653633,44,-32,73
1747014250.500363,21,-55,21
1747014250.5363634,40,66,99
1747014250.5723634,38,2,179
1747014250.6073637,25,6,109
1747014250.6433637,-6,68,225
1747014250.678363,-68,44,-26
1747014250.7133634,1,-55,33
1747014250.7493634,-5,20,113
1747014250.7843633,2,62,67
1747014250.8203633,-39,2,127
1747014250.8553634,0,18,101
1747014250.8913634,39,-1,53
1747014250.9263637,-26,-64,119
1747014250.9613633,72,-3,45
1747014250.997363,-20,-23,103
1747014251.0323634,-33,-19,105
1747014251.0683634,101,-42,101
1747014251.1033633,1,5,75
1747014251.1393633,9,-18,163
1747014251.1743634,37,36,7
1747014251.2093637,-76,91,67
1747014251.2453637,-56,50,91
1747014251.280363,-42,24,51
1747014251.316363,89,-43,35
1747014251.3513634,-32,-34,123
1747014251.3873634,104,-5,103
1747014251.4223633,7,25,17
1747014251.4573634,111,-20,0
1747014251.4933634,-22,-20,65
1747014251.5283637,-6,-26,1
1747014251.5643632,-15,70,121
1747014251.599363,-69,-21,-2
1747014251.635363,86,46,-16
1747014251.6703634,-5,-1,155
1747014251.7053633,34,-1,69
1747014251.7413633,-75,-79,85
1747014251.7763634,16,6,41
1747014251.8123634,-31,-9,135
1747014251.8473637,4,-37,55
1747014251.8833632,-5,-25,109
1747014251.918363,10,-17,15
1747014251.9533634,-25,-79,-50
1747014251.9893634,96,-57,115
1747014252.0243633,10,-9,213
1747014252.0603633,-27,-33,103
1747014252.0953634,-13,-1,131
1747014252.1313634,-10,-3,223
1747014252.1663637,2,-24,-42
1747014252.201363,34,37,59
1747014252.237363,-13,21,-12
1747014252.2723634,19,-25,59
1747014252.3083634,49,16,81
1747014252.3433633,-50,0,91
1747014252.3793633,-115,19,15
1747014252.4143634,39,50,15
1747014252.4493637,-41,35,111
1747014252.4853632,-19,69,35
1747014252.520363,-41,-57,145
1747014252.556363,106,-19,71
1747014252.5913634,2,-7,25
1747014252.6263633,90,91,111
1747014252.6613634,-3,1,141
1747014252.6973634,-85,-53,115
1747014252.7333634,18,8,45
1747014252.7683637,-7,-59,105
1747014252.8043633,30,-35,77
1747014252.839363,46,0,-54
1747014252.8743634,-99,-27,-36
1747014252.9093633,36,-1,-12
1747014252.9453633,-25,16,91
1747014252.9813633,-16,-6,97
1747014253.0163634,-114,-8,191
1747014253.0523634,-78,43,45
1747014253.0873632,45,33,135
1747014253.122363,30,-40,109
1747014253.1573634,10,-24,121
1747014253.1933634,52,-8,51
1747014253.2293634,70,-26,97
1747014253.2643633,-17,34,13
1747014253.3003633,22,40,125
1747014253.3353634,26,-34,125
1747014253.3703637,34,7,23
1747014253.405363,-5,-58,87
1747014253.441363,-13,-19,145
1747014253.477363,-63,-16,85
1747014253.5123634,-77,-76,135
1747014253.5483634,12,-3,73
1747014253.5833633,36,-70,69
1747014253.6183634,2,33,-2
1747014253.6533637,26,-42,27
1747014253.6893632,-13,25,171
1747014253.7253633,-31,5,-136
1747014253.760363,50,55,99
1747014253.7963634,-18,6,5
1747014253.8313634,89,26,83
1747014253.8663633,-56,30,121
1747014253.9013634,-34,-8,125
1747014253.9373634,25,40,81
1747014253.9733634,71,8,115
1747014254.0083632,21,8,29
1747014254.0443633,14,15,21
1747014254.079363,-16,44,95
1747014254.1143634,5,90,93
1747014254.1493633,61,-4,159
1747014254.1853633,-86,-28,41
1747014254.2213633,14,-34,26
1747014254.2563634,30,21,20
1747014254.2923634,-79,-20,76
1747014254.3273633,-5,73,102
1747014254.362363,-71,-82,80
1747014254.3973634,-3,-60,64
1747014254.4333634,-22,-14,26
1747014254.4693637,-51,8,-1
1747014254.5043633,-23,-53,170
1747014254.5403633,45,1,-55
1747014254.5753634,-64,-116,42
1747014254.6103632,-1,-21,136
1747014254.645363,-57,12,-91
1747014254.681363,-11,-5,166
1747014254.7173634,20,-12,12
1747014254.7523634,55,-40,62
1747014254.7883637,-8,1,-5
1747014254.8233633,-14,-34,176
1747014254.8583634,-4,-72,110
1747014254.8933637,49,-10,32
1747014254.9293633,-4,-38,144
1747014254.9653633,56,-13,32
1747014255.000363,6,-33,14
1747014255.0363634,48,30,126
1747014255.0713634,20,-17,48
1747014255.1063633,15,62,62
1747014255.1413634,-13,37,136
1747014255.1773634,32,-36,2
1747014255.2133634,25,-17,58
1747014255.2483633,34,-2,58
1747014255.2843633,65,-29,68
1747014255.3193634,35,-41,88
1747014255.3543634,57,76,66
1747014255.3893633,-10,-45,32
1747014255.4253633,-52,84,116
1747014255.4613633,-12,-73,64
1747014255.4963634,3,26,-9
1747014255.5323634,19,78,78
1747014255.5673633,50,0,92
1747014255.602363,-13,29,104
1747014255.6373634,104,17,106
1747014255.6733634,-69,71,-17
1747014255.7093637,62,29,50
1747014255.7443633,-47,43,64
1747014255.780363,-31,-40,68
1747014255.8153634,-3,0,-3
1747014255.8503633,32,-94,30
1747014255.8863633,28,1,128
1747014255.9213634,33,-9,92
1747014255.9573634,-68,-19,-37
1747014255.9923637,79,-53,48
1747014256.0283637,-40,6,-7
1747014256.0633633,27,10,80
1747014256.0983634,-108,54,126
1747014256.1343634,44,27,160
1747014256.1693633,-43,37,168
1747014256.2053633,-17,12,26
1747014256.2403634,34,-45,252
1747014256.2763634,-13,53,94
1747014256.3113637,-24,-69,72
1747014256.3463633,17,-19,146
1747014256.382363,-14,-41,166
1747014256.4173634,57,-1,84
1747014256.4533634,21,-17,74
1747014256.4883633,54,32,56
1747014256.5243633,69,0,92
1747014256.5593634,2,24,14
1747014256.5943637,-25,-1,156
1747014256.6303637,45,-13,156
1747014256.6653633,9,-7,94
1747014256.701363,120,18,124
1747014256.7363634,52,-105,144
1747014256.7723634,38,-37,50
1747014256.8073633,52,48,76
1747014256.8423634,-40,-29,176
1747014256.8783634,3,-27,-83
1747014256.9133637,-10,64,-51
1747014256.9493637,42,0,106
1747014256.9843633,-1,12,-23
1747014257.020363,0,10,86
1747014257.0553634,0,34,152
1747014257.0903633,-135,34,216
1747014257.1263633,10,60,-37
1747014257.1613634,32,18,180
1747014257.1973634,-15,72,120
1747014257.2323637,100,50,92
1747014257.2683637,-77,10,-43
1747014257.303363,-36,47,-21
1747014257.3383634,-20,13,126
1747014257.3743634,-52,17,-15
1747014257.4093633,-158,-36,-39
1747014257.4453633,51,-44,48
1747014257.4803634,155,-118,72
1747014257.5163634,70,-41,42
1747014257.5513637,36,-91,130
1747014257.5863633,-3,-9,148
1747014257.622363,-25,62,4
1747014257.6573634,24,56,72
1747014257.6933634,59,97,-15
1747014257.7283633,77,13,214
1747014257.7633634,-2,-4,136
1747014257.7983634,-36,19,178
1747014257.8343637,-8,15,58
1747014257.8703637,36,18,-5
1747014257.905363,12,68,-5
1747014257.941363,14,-31,84
1747014257.9763634,-35,-4,122
1747014258.0113633,-1,-42,18
1747014258.0463634,34,-62,96
1747014258.0823634,-29,-36,138
1747014258.1183634,26,33,114
1747014258.1533637,8,17,38
1747014258.1893632,32,-28,49
1747014258.224363,26,-57,118
1747014258.2593634,-83,85,31
1747014258.2943633,-15,-12,24
1747014258.3303633,6,68,71
1747014258.3663633,26,24,119
1747014258.4013634,6,56,-44
1747014258.4373634,-45,-1,101
1747014258.4723637,-17,-34,140
1747014258.507363,-98,-12,66
1747014258.5423634,25,-24,18
1747014258.5783634,30,-51,48
1747014258.6143634,22,-31,48
1747014258.6563632,-19,-15,36
1747014258.6933634,48,12,84
1747014258.7283633,86,24,125
1747014258.7633634,-54,24,229
1747014258.7983634,0,-1,85
1747014258.8343637,99,72,65
1747014258.8703637,55,-9,-59
1747014258.905363,35,-29,-29
1747014258.941363,25,26,56
1747014258.9763634,23,-1,58
1747014259.0113633,1,-5,82
1747014259.0463634,-66,-27,168
1747014259.0823634,-24,-19,174
1747014259.1183634,-12,14,110
1747014259.1533637,81,-45,80
1747014259.1893632,-60,-56,58
1747014259.224363,-53,64,-69
1747014259.2593634,-4,-19,-33
1747014259.2943633,-62,72,-47
1747014259.3303633,42,62,46
1747014259.3663633,7,48,28
1747014259.4013634,-56,-100,70
1747014259.4373634,69,-66,152
1747014259.4723637,-27,-49,132
1747014259.507363,40,4,122
1747014259.5423634,-29,66,33
1747014259.5783634,-38,0,105
1747014259.6143634,45,33,95
1747014259.6493633,0,-28,173
1747014259.6853633,-3,-30,27
1747014259.7203634,26,17,55
1747014259.7553637,-51,-34,-10
1747014259.7903633,80,23,113
1747014259.826363,86,-36,165
1747014259.862363,32,59,110
1747014259.8973634,71,-36,146
1747014259.9333634,31,31,134
1747014259.9683633,-14,23,156
1747014260.0033634,-3,-44,32
1747014260.0383637,3,-22,74
1747014260.0743637,41,-60,108
1747014260.1103632,-26,33,128
1747014260.145363,-39,29,130
1747014260.181363,-2,41,141
1747014260.2163634,41,23,57
1747014260.2513633,71,-18,107
1747014260.2863634,64,30,59
1747014260.3223634,-45,-9,75
1747014260.3583634,122,18,5
1747014260.3933637,-23,-29,17
1747014260.4293633,-34,-13,207
1747014260.464363,3,-13,155
1747014260.4993634,35,-81,127
1747014260.5343633,61,52,33
1747014260.5703633,25,64,55
1747014260.6063633,57,35,122
1747014260.6413634,13,-52,146
1747014260.6773634,-14,-4,2
1747014260.7123632,-14,7,86
1747014260.747363,-44,89,-29
1747014260.7823634,83,45,34
1747014260.8183634,-18,11,110
1747014260.8543634,41,-40,13
1747014260.8893633,-66,-12,65
1747014260.9253633,35,65,162
1747014260.9603634,-14,-24,2
1747014260.9953637,-14,91,-5
1747014261.0313632,11,67,106
1747014261.066363,25,-68,-15
1747014261.102363,-32,-2,78
1747014261.1373634,-48,23,52
1747014261.1733634,37,-59,60
1747014261.2083633,-26,20,120
1747014261.2433634,-62,-35,138
1747014261.2793634,79,-53,62
1747014261.3143632,33,2,155
1747014261.3503633,25,-17,-56
1747014261.385363,97,48,51
1747014261.4213634,11,-49,135
1747014261.4563634,-18,-25,15
1747014261.4913633,0,-23,55
1747014261.5273633,23,10,-30
1747014261.5623634,1,-42,-68
1747014261.5983634,42,-51,141
1747014261.6333632,-87,-31,82
1747014261.6693633,18,16,48
1747014261.704363,-21,-28,78
1747014261.7393634,-90,-98,112
1747014261.7753634,-2,-24,44
1747014261.8103633,47,5,79
1747014261.8463633,-6,49,-11
1747014261.8813634,-46,-12,95
1747014261.9173634,9,-82,46
1747014261.9523633,24,-3,69
1747014261.987363,-15,-79,187
1747014262.0233634,-17,42,-8
1747014262.0583634,0,38,-10
1747014262.0943637,-43,-33,113
1747014262.1293633,-1,104,-24
1747014262.1653633,7,-58,77
1747014262.2003634,8,27,115
1747014262.2353632,22,3,131
1747014262.2713633,32,-26,-66
1747014262.306363,-15,-100,-48
1747014262.3423634,132,-90,153
1747014262.3773634,-11,-63,129
1747014262.4133637,34,8,13
1747014262.4483633,-17,-77,101
1747014262.4833634,10,-25,71
1747014262.5193634,8,-20,-28
1747014262.5543633,-31,-80,113
1747014262.5903633,8,45,71
1747014262.625363,-22,-60,76
1747014262.6613634,-8,-38,80
1747014262.6973634,-26,25,-1
1747014262.7323637,-24,55,-15
1747014262.7673633,61,-16,63
1747014262.803363,19,9,1
1747014262.839363,-8,35,16
1747014262.8743634,1,33,99
1747014262.9103634,40,-37,77
1747014262.9453633,-48,11,103
1747014262.9803634,71,7,-12
1747014263.0153637,-43,2,15
1747014263.0513637,-12,73,63
1747014263.0873632,3,93,65
1747014263.122363,-36,-6,95
1747014263.158363,-56,-20,-18
1747014263.1933634,17,23,143
1747014263.2283633,7,41,1
1747014263.2633634,23,15,71
1747014263.2993634,59,-32,123
1747014263.3353634,3,-14,21
1747014263.3703637,73,-22,-89
1747014263.4063632,1,3,91
1747014263.441363,0,-59,95
1747014263.4763634,-18,-13,87
1747014263.5113633,22,4,55
1747014263.5473633,60,-25,119
1747014263.5833633,-4,99,113
1747014263.6183634,-47,0,167
1747014263.6543634,36,-23,51
1747014263.6893632,34,-21,63
1747014263.724363,118,108,53
1747014263.7593634,-13,-113,83
1747014263.7953634,45,-27,17
1747014263.8313634,-5,54,133
1747014263.8663633,47,-51,77
1747014263.9023633,-10,38,-28
1747014263.9373634,29,-5,95
1747014263.9723637,4,-23,123
1747014264.007363,40,-41,43
1747014264.043363,-19,-41,25
1747014264.079363,37,-2,-52
1747014264.1143634,76,40,113
1747014264.1503634,-23,-63,101
1747014264.1853633,10,94,45
1747014264.2203634,10,-65,175
1747014264.2553637,-63,-3,247
1747014264.2913637,-27,58,-16
1747014264.3273633,1,54,107
1747014264.362363,-17,36,60
1747014264.3983634,-58,25,38
1747014264.4333634,77,-14,-25
1747014264.4683633,59,21,286
1747014264.5033634,-52,-30,46
1747014264.5393634,-2,0,47
1747014264.5753634,-16,-60,95
1747014264.6103632,-34,43,31
1747014264.6463633,-9,32,37
1747014264.681363,20,-1,157
1747014264.7163634,53,-40,-33
1747014264.7513633,13,15,122
1747014264.7873633,-36,137,-51
1747014264.8233633,25,-22,59
1747014264.8583634,-12,-36,-20
1747014264.8943634,12,-7,47
1747014264.9293633,62,-83,109
1747014264.964363,30,18,7
1747014264.9993634,-117,-59,217
1747014265.0353634,-19,26,41
1747014265.0713634,-21,43,27
1747014265.1063633,23,42,185
1747014265.1423633,10,22,23
1747014265.1773634,44,2,139
1747014265.2123632,38,12,65
1747014265.247363,44,0,43
1747014265.283363,-23,-65,39
1747014265.3193634,-59,12,-2
1747014265.3543634,12,38,23
1747014265.3903637,38,22,131
1747014265.4253633,-31,-17,-2
1747014265.4603634,54,-67,-56
1747014265.4953637,12,-53,-80
1747014265.5313632,-1,-3,91
1747014265.5673633,-37,-17,169
1747014265.602363,34,25,15
1747014265.6383634,-35,-10,9
1747014265.6733634,64,56,-2
1747014265.7083633,10,-1,-44
1747014265.7433634,-23,28,89
1747014265.7793634,58,-17,83
1747014265.8153634,-57,3,11
1747014265.8503633,-7,-4,133
1747014265.8863633,-23,16,17
1747014265.9213634,-71,-11,17
1747014265.9563634,-43,-43,29
1747014265.9923637,-25,-41,75
1747014266.0273633,-3,-31,9
1747014266.0633633,42,-61,0
1747014266.0983634,32,42,25
1747014266.1343634,-7,-75,101
1747014266.1693633,-23,-23,25
1747014266.204363,-5,0,101
1747014266.2403634,40,-27,127
1747014266.2753634,48,28,57
1747014266.3113637,30,-103,-62
1747014266.3463633,0,36,42
1747014266.382363,-47,-33,82
1747014266.4173634,-61,19,-34
1747014266.4523633,8,-9,75
1747014266.4883633,40,6,136
1747014266.5233634,-57,-13,21
1747014266.5593634,-37,-55,57
1747014266.5943637,70,-15,61
1747014266.6303637,38,-55,23
1747014266.6653633,16,-33,65
1747014266.7003634,-7,-31,19
1747014266.7363634,1,47,49
1747014266.7713633,18,20,159
1747014266.8073633,68,-31,98
1747014266.8423634,26,42,110
1747014266.8783634,2,-37,135
1747014266.9133637,42,-27,72
1747014266.9483633,-63,-11,104
1747014266.9843633,-5,-51,54
1747014267.0193634,-121,2,74
1747014267.0553634,-51,-13,50
1747014267.0903633,-59,-17,-8
1747014267.1263633,-69,-25,-14
1747014267.1613634,-31,2,-78
1747014267.1963634,-57,34,147
1747014267.2323637,5,-31,141
1747014267.2673633,-52,-35,63
1747014267.303363,31,-65,103
1747014267.3383634,17,-33,49
1747014267.3743634,39,-19,97
1747014267.4093633,11,-43,63
1747014267.4443634,31,24,63
1747014267.4803634,-18,-29,45
1747014267.5153637,-96,4,-10
1747014267.5513637,73,4,127
1747014267.5863633,1,34,21
1747014267.622363,13,-3,49
1747014267.6573634,43,18,51
1747014267.6923633,21,26,83
1747014267.7283633,65,-57,115
1747014267.7633634,-55,-28,49
1747014267.7993634,18,-16,103
1747014267.8343637,95,54,171
1747014267.8693633,34,-29,35
1747014267.9043634,74,-71,103
1747014267.9403634,-13,38,25
1747014267.9763634,-69,16,53
1747014268.0113633,43,-109,53
1747014268.0473633,67,-70,11
1747014268.0823634,-6,-5,79
1747014268.1173637,83,-30,-8
1747014268.1523633,-58,3,39
1747014268.1883633,8,25,17
1747014268.224363,86,-90,53
1747014268.2593634,70,111,127
1747014268.2953634,-15,45,35
1747014268.3303633,-7,63,21
1747014268.3653634,9,47,29
1747014268.4003634,29,-16,151
1747014268.4363637,-33,-9,-48
1747014268.4723637,-5,-49,117
1747014268.507363,78,88,229
1747014268.543363,48,20,45
1747014268.5783634,2,-5,-68
1747014268.6133633,-55,-23,67
1747014268.6483634,-121,-10,251
1747014268.691363,-7,38,67
1747014268.7283633,112,86,107
1747014268.7633634,-50,-40,27
1747014268.7993634,-18,-14,91
1747014268.8343637,-16,-30,59
1747014268.8693633,-44,-74,1
1747014268.9043634,13,47,55
1747014268.9403634,-48,-20,21
1747014268.9763634,53,-20,-18
1747014269.0113633,0,-18,7
1747014269.0473633,-56,45,191
1747014269.0823634,39,-48,87
1747014269.1173637,-28,11,35
1747014269.1523633,-30,-62,95
1747014269.1883633,-17,0,137
1747014269.224363,30,-10,33
1747014269.2593634,30,37,33
1747014269.2953634,4,15,87
1747014269.3303633,66,29,17
1747014269.3653634,-13,25,45
1747014269.4003634,-51,15,9
1747014269.4363637,-15,3,217
1747014269.4723637,-14,25,113
1747014269.507363,13,-74,27
1747014269.543363,-37,57,149
1747014269.5783634,-2,61,89
1747014269.6133633,13,38,-30
1747014269.6483634,-19,47,123
1747014269.6843634,26,-78,15
1747014269.7203634,1,67,83
1747014269.7553637,-32,-10,189
1747014269.7913637,59,65,153
1747014269.826363,0,-33,201
1747014269.8613634,-38,-4,239
1747014269.8963633,47,19,87
1747014269.9323633,-36,35,1
1747014269.9683633,-42,-52,123
1747014270.0033634,-92,-24,13
1747014270.0393634,-20,-26,15
1747014270.0743637,-8,-8,-66
1747014270.1093633,-44,-32,61
1747014270.145363,-56,-12,123
1747014270.1803634,11,19,81
1747014270.2163634,38,54,191
1747014270.2513633,26,-133,97
1747014270.2873633,18,-7,61
1747014270.3223634,58,54,283
1747014270.3573637,2,-35,195
1747014270.3923633,-23,2,39
1747014270.428363,-47,-43,49
1747014270.464363,32,14,77
1747014270.4993634,-21,-27,149
1747014270.5353634,35,-38,53
1747014270.5703633,-33,-15,41
1747014270.6053634,-91,-69,11
1747014270.6403637,-28,29,21
1747014270.6763637,-66,49,-18
1747014270.7123632,25,-32,155
1747014270.747363,-33,15,-14
1747014270.783363,54,-32,-82
1747014270.8183634,8,42,39
1747014270.8533633,28,-22,81
1747014270.8883634,-49,-2,65
1747014270.9243634,44,-22,119
1747014270.9603634,-26,95,201
1747014270.9953637,27,10,-2
1747014271.0313632,19,32,3
1747014271.066363,-46,-33,115
1747014271.1013634,39,-1,81
1747014271.1373634,65,6,77
1747014271.1723633,73,-7,131
1747014271.2083633,5,-15,109
1747014271.2433634,-76,27,63
1747014271.2793634,-37,-23,-142
1747014271.3143632,73,23,97
1747014271.349363,9,43,115
1747014271.385363,-9,18,75
1747014271.4203634,8,32,91
1747014271.4563634,22,-49,211
1747014271.4913633,42,12,129
1747014271.5273633,-39,-5,107
1747014271.5623634,20,-27,-10
1747014271.5973637,28,0,21
1747014271.6333632,-15,22,23
1747014271.668363,9,-4,125
1747014271.704363,-26,-22,-52
1747014271.7393634,17,41,85
1747014271.7753634,-36,27,75
1747014271.8103633,53,1,91
1747014271.8453634,61,22,17
1747014271.8813634,35,-23,251
1747014271.9163637,7,4,119
1747014271.9523633,-4,-13,151
1747014271.987363,25,-65,147
1747014272.0233634,-16,-15,147
1747014272.0583634,-28,94,-8
1747014272.0933633,-34,1,29
1747014272.1293633,-96,68,49
1747014272.1643634,75,-113,151
1747014272.2003634,89,20,13
1747014272.2353632,-58,19,103
1747014272.2713633,-34,16,129
1747014272.306363,9,-25,-18
1747014272.3413634,23,-30,125
1747014272.3773634,21,25,31
1747014272.4123633,0,11,1
1747014272.4483633,-36,23,73
1747014272.4833634,37,0,-62
1747014272.5193634,99,15,201
1747014272.5543633,-22,-22,59
1747014272.589363,-17,40,59
1747014272.625363,-39,0,171
1747014272.6603634,44,-23,51
1747014272.6963634,-31,-63,0
1747014272.7313633,-5,26,41
1747014272.7673633,38,14,81
1747014272.8023634,0,-15,155
1747014272.8373632,108,11,63
1747014272.8733633,32,31,102
1747014272.908363,4,-78,150
1747014272.9443634,58,31,52
1747014272.9793634,-23,5,76
1747014273.0143633,-23,-16,-7
1747014273.0493634,-4,-41,82
1747014273.0853634,38,-54,104
1747014273.1213634,-32,36,156
1747014273.1563632,-51,-12,114
1747014273.1923633,-15,-54,78
1747014273.227363,7,83,108
1747014273.2623634,-10,39,-7
1747014273.2973633,67,-2,30
1747014273.3333633,-73,29,114
1747014273.3693633,23,-76,128
1747014273.4043634,-41,-4,102
1747014273.4403634,-4,51,-29
1747014273.4753633,-66,5,104
1747014273.510363,-74,3,130
1747014273.5453634,11,-73,22
1747014273.5813634,-18,7,-27
1747014273.6173637,3,-30,110
1747014273.6523633,-12,1,68
1747014273.6883633,-3,-21,170
1747014273.7233634,-29,44,124
1747014273.7583632,20,-65,94
1747014273.793363,41,-31,188
1747014273.829363,-22,28,64
1747014273.8653634,25,-52,88
1747014273.9003634,61,-55,-25
1747014273.9363637,-74,10,42
1747014273.9713633,-40,64,76
1747014274.0063634,59,4,-31
1747014274.0413637,3,83,-5
1747014274.0773633,5,-39,54
1747014274.1133633,-29,-37,140
1747014274.1483634,14,-17,114
1747014274.1843634,6,-63,82
1747014274.2193637,11,2,112
1747014274.2543633,25,-15,140
1747014274.2893634,51,-1,-33
1747014274.3253634,-4,40,28
1747014274.3613634,33,-25,76
1747014274.3963633,-14,-7,-19
1747014274.4323633,103,64,98
1747014274.4673634,47,-1,136
1747014274.5023634,60,-52,72
1747014274.5373633,-99,71,32
1747014274.5733633,-9,18,274
1747014274.6093633,-9,4,52
1747014274.6443634,32,-7,-27
1747014274.6803634,-53,-33,90
1747014274.7153633,6,-39,74
1747014274.750363,86,18,94
1747014274.7853634,10,-15,24
1747014274.8213634,-41,110,72
1747014274.8573637,-49,74,74
1747014274.8923633,9,88,162
1747014274.928363,-18,-13,-11
1747014274.9633634,-32,44,64
1747014274.9983633,-23,2,152
1747014275.033363,18,-107,38
1747014275.0693634,-21,-11,70
1747014275.1053634,114,35,-33
1747014275.1403637,32,33,114
1747014275.1763637,2,22,104
1747014275.2113633,-10,27,-5
1747014275.2463634,-26,-10,-25
1747014275.2813632,30,46,26
1747014275.3173633,0,42,54
1747014275.3533633,48,42,148
1747014275.3883634,-3,34,196
1747014275.4243634,6,2,30
1747014275.4593637,52,-7,66
1747014275.4943633,42,-3,26
1747014275.5293634,-3,-11,-9
1747014275.5653634,10,66,58
1747014275.6013634,-11,70,52
1747014275.6363633,-11,14,2
1747014275.6723633,21,47,246
1747014275.7073634,25,-40,46
1747014275.7423637,68,24,114
1747014275.7773633,-36,-32,114
1747014275.8133633,66,2,96
1747014275.849363,94,72,130
1747014275.8843634,12,-7,36
1747014275.9203634,-63,-23,134
1747014275.9553633,58,13,-7
1747014275.9903634,-61,-16,44
1747014276.0263634,-19,11,-27
1747014276.0613637,58,34,94
1747014276.0973637,-35,-5,182
1747014276.132363,22,50,46
1747014276.168363,44,6,-19
1747014276.2033634,18,22,142
1747014276.2383633,-69,-21,78
1747014276.2743633,-25,36,100
1747014276.3093634,-41,-25,100
1747014276.3453634,28,16,4
1747014276.3803637,-4,24,-17
1747014276.4163637,66,33,110
1747014276.451363,37,-43,-9
1747014276.4863634,9,-3,24
1747014276.5223634,19,46,104
1747014276.5573633,-48,38,120
1747014276.5933633,41,-41,58
1747014276.6283634,76,-39,-61
1747014276.6643634,18,8,-41
1747014276.6993637,-103,-71,-17
1747014276.7343633,38,-47,184
1747014276.770363,38,4,24
1747014276.8053634,-71,44,108
1747014276.8413634,-17,-67,162
1747014276.8763633,80,38,-19
1747014276.9123633,28,-21,162
1747014276.9473634,28,6,100
1747014276.9823637,100,-73,-129
1747014277.0183637,62,44,-65
1747014277.053363,45,-3,82
1747014277.089363,12,-23,128
1747014277.1243634,100,-23,116
1747014277.1603634,24,28,30
1747014277.1953633,26,6,52
1747014277.2303634,86,-42,68
1747014277.2663634,-57,-87,162
1747014277.3013637,-41,22,62
1747014277.3373632,38,22,185
1747014277.372363,6,12,-4
1747014277.408363,107,-80,159
1747014277.4433634,44,-41,53
1747014277.4783633,64,22,61
1747014277.5143633,10,48,107
1747014277.5493634,-71,42,-26
1747014277.5853634,3,35,87
1747014277.6203637,-10,1,12
1747014277.6563632,35,-26,129
1747014277.691363,-40,-26,169
1747014277.7263634,17,-40,183
1747014277.7623634,-21,53,-12
1747014277.7973633,-21,-12,91
1747014277.8333633,-16,-50,138
1747014277.8683634,34,-11,11
1747014277.9043634,26,38,-48
1747014277.9403634,20,4,-2
1747014277.9763634,26,24,187
1747014278.0123634,18,16,54
1747014278.0473633,30,-63,100
1747014278.0823634,30,78,54
1747014278.1183634,65,-58,186
1747014278.1543634,56,-15,92
1747014278.1893632,-16,-50,-3
1747014278.2253633,-4,29,76
1747014278.260363,5,-40,146
1747014278.2953634,-114,55,78
1747014278.3303633,65,9,38
1747014278.3663633,-31,-37,-77
1747014278.4023633,58,-31,0
1747014278.4373634,11,51,114
1747014278.4733634,-4,-4,168
1747014278.5083632,17,-71,-29
1747014278.543363,43,52,28
1747014278.5783634,-22,57,-87
1747014278.6143634,5,-18,68
1747014278.6503634,29,29,-55
1747014278.6923633,-9,6,50
1747014278.7293634,-5,3,12
1747014278.7643633,-24,-64,36
1747014278.7993634,32,66,34
1747014278.8343637,-37,-15,133
1747014278.8703637,34,-31,30
1747014278.9063632,-88,8,192
1747014278.941363,-12,6,109
1747014278.977363,-24,62,-12
1747014279.0123634,30,-72,83
1747014279.0473633,76,-8,119
1747014279.0823634,11,-29,93
1747014279.1183634,-82,-6,21
1747014279.1543634,7,66,101
1747014279.1893632,-10,-55,128
1747014279.2253633,5,80,172
1747014279.260363,29,-35,56
1747014279.2953634,1,-19,166
1747014279.3303633,0,43,144
1747014279.3663633,-83,19,56
1747014279.4023633,-23,17,56
1747014279.4373634,-81,-50,114
1747014279.4733634,3,37,8
1747014279.5083632,5,23,124
1747014279.543363,5,17,108
1747014279.5783634,57,31,62
1747014279.6143634,24,-44,74
1747014279.6503634,91,-30,98
1747014279.6853633,117,25,154
1747014279.7213633,-12,17,26
1747014279.7563634,5,-6,48
1747014279.7913637,17,-18,-17
1747014279.826363,-12,-46,-27
1747014279.862363,33,49,-1
1747014279.8983634,51,17,69
1747014279.9333634,-18,33,137
1747014279.9693637,-36,-46,183
1747014280.0043633,-4,49,-44
1747014280.0393634,-14,36,180
1747014280.0743637,63,-11,122
1747014280.1103632,-54,-85,18
1747014280.1463633,-48,16,99
1747014280.181363,14,50,-6
1747014280.2173634,28,4,133
1747014280.2523634,-83,-11,91
1747014280.2873633,-29,14,182
1747014280.3223634,-37,33,75
1747014280.3583634,61,-34,32
1747014280.3943634,0,-53,126
1747014280.4293633,-30,26,74
1747014280.4653633,29,0,89
1747014280.500363,27,-63,29
1747014280.5353634,-2,0,10
1747014280.5703633,-12,-69,14
1747014280.6063633,31,-69,123
1747014280.6423633,57,-11,199
1747014280.6773634,-24,-19,85
1747014280.7133634,-38,84,0
1747014280.7483633,-15,-87,97
1747014280.783363,-3,2,131
1747014280.8183634,12,48,-11
1747014280.8543634,-13,10,96
1747014280.8903637,-53,44,154
1747014280.9253633,-43,4,84
1747014280.9613633,-43,54,142
1747014280.9963634,40,2,142
1747014281.0313632,-51,-63,30
1747014281.066363,18,42,106
1747014281.102363,114,-19,62
1747014281.1383634,-55,4,6
1747014281.1733634,12,7,74
1747014281.2093637,-44,6,-27
1747014281.2443633,62,16,30
1747014281.2793634,10,-32,60
1747014281.3153634,18,27,34
1747014281.3503633,21,-59,156
1747014281.3863633,-32,-39,96
1747014281.4213634,113,-45,18
1747014281.4573634,-38,-87,102
1747014281.4923637,19,34,122
1747014281.5273633,-47,-14,-5
1747014281.5633633,77,46,74
1747014281.5983634,46,7,20
1747014281.6343634,26,-18,54
1747014281.6693633,22,31,26
1747014281.7053633,0,88,92
1747014281.7403634,64,-22,62
1747014281.7753634,-87,-32,74
1747014281.8113637,-20,-8,212
1747014281.8463633,-13,-28,82
1747014281.882363,-4,-36,108
1747014281.9173634,33,7,-15
1747014281.9533634,25,75,62
1747014281.9883633,-2,-18,106
1747014282.0233634,47,5,-63
1747014282.0593634,5,45,32
1747014282.0943637,-14,25,22
1747014282.1303637,-38,1,54
1747014282.1653633,23,3,52
1747014282.201363,75,-32,92
1747014282.2363634,17,57,72
1747014282.2713633,11,3,-1
1747014282.3073633,3,-36,20
1747014282.3423634,-54,-22,172
1747014282.3783634,-62,-8,98
1747014282.4133637,15,-26,76
1747014282.4493637,-6,-32,60
1747014282.4843633,7,-10,142
1747014282.5193634,59,0,84
1747014282.5553634,13,101,100
1747014282.5903633,-10,-74,-57
1747014282.6263633,-38,-8,56
1747014282.6613634,47,5,120
1747014282.6973634,-6,0,114
1747014282.7323637,-20,-62,54
1747014282.7673633,80,-80,68
1747014282.803363,72,25,28
1747014282.8383634,45,26,106
1747014282.8743634,-16,-19,-39
1747014282.9093633,33,48,99
1747014282.9453633,99,40,39
1747014282.9813633,-60,-1,97
1747014283.0173633,65,-35,87
1747014283.053363,-36,-69,171
1747014283.0883634,-30,-41,37
1747014283.1233633,-35,51,-18
1747014283.1593633,50,17,0
1747014283.1953633,68,-52,33
1747014283.2303634,121,8,179
1747014283.2663634,27,-23,-78
1747014283.3013637,3,44,62
1747014283.3363633,-10,-9,-24
1747014283.3713634,39,36,11
1747014283.4073634,-74,-45,181
1747014283.4433634,37,-27,85
1747014283.4783633,-40,24,29
1747014283.5143633,57,34,94
1747014283.5493634,59,56,47
1747014283.5843637,33,6,174
1747014283.6193633,-30,-51,98
1747014283.655363,-9,-63,104
1747014283.691363,-76,19,4
1747014283.7263634,-12,-60,132
1747014283.7623634,-14,-10,30
1747014283.7973633,-4,-48,90
1747014283.8323634,-46,-52,70
1747014283.8673637,-86,-56,18
1747014283.9033637,57,-88,112
1747014283.9393632,16,0,118
1747014283.974363,86,33,46
1747014284.010363,-6,-10,34
1747014284.0453634,-14,39,166
1747014284.0803633,-24,69,130
1747014284.1153634,-62,-2,90
1747014284.1513634,47,-28,130
1747014284.1873634,55,1,118
1747014284.2223637,89,27,37
1747014284.2583632,-23,-18,173
1747014284.293363,-41,-44,53
1747014284.3283634,26,-66,133
1747014284.3633633,3,11,197
1747014284.3993633,0,-10,-16
1747014284.4353633,-90,-20,201
1747014284.4703634,0,-4,99
1747014284.5063634,-91,-32,63
1747014284.5413637,122,9,21
1747014284.576363,18,45,51
1747014284.6113634,17,-30,73
1747014284.6473634,37,-44,-50
1747014284.6833634,21,-22,27
1747014284.7183633,-36,-14,99
1747014284.7543633,-4,-104,51
1747014284.7893634,-22,-11,87
1747014284.8243637,-6,2,135
1747014284.8593633,58,44,33
1747014284.895363,-23,60,121
1747014284.931363,8,57,-2
1747014284.9663634,-59,71,121
1747014285.0023634,-7,15,107
1747014285.0373633,-69,17,53
1747014285.0723634,4,-112,58
1747014285.1073637,-19,-38,66
1747014285.1433637,-91,9,4
1747014285.1793633,-3,0,64
1747014285.214363,2,-14,102
1747014285.250363,47,17,80
1747014285.2853634,31,-20,196
1747014285.3203633,72,-8,-43
1747014285.3553634,-61,47,63
1747014285.3913634,55,-60,-75
1747014285.4273634,-41,7,112
1747014285.4623632,36,21,50
1747014285.4983633,28,-44,87
1747014285.533363,22,-17,99
1747014285.5683634,-15,-72,97
1747014285.6033633,-93,-1,161
1747014285.6393633,-38,-18,-22
1747014285.6753633,40,-37,14
1747014285.7103634,21,31,42
1747014285.7463634,-4,-8,-35
1747014285.7813632,27,23,56
1747014285.816363,33,-24,74
1747014285.8513634,32,-5,-46
1747014285.8873634,-22,-16,153
1747014285.9233634,51,-36,49
1747014285.9583633,43,-50,-6
1747014285.9943633,-30,83,85
1747014286.0293634,-44,-145,79
1747014286.0643632,31,-11,99
1747014286.099363,-16,2,47
1747014286.135363,-28,30,-12
1747014286.1713634,-88,5,69
1747014286.2063634,21,27,148
1747014286.2423637,-8,9,226
1747014286.2773633,-54,33,48
1747014286.3123634,39,-46,36
1747014286.3483634,85,65,72
1747014286.3833632,0,-35,112
1747014286.4193633,-78,22,-79
1747014286.454363,-32,-48,164
1747014286.4903634,7,83,28
1747014286.5253634,30,108,31
1747014286.5603633,-46,32,-9
1747014286.5963633,1,-44,71
1747014286.6313634,-20,28,143
1747014286.6673634,-7,18,119
1747014286.7023633,106,-23,122
1747014286.7383633,8,-41,128
1747014286.7733634,-3,18,-13
1747014286.8083634,22,-7,107
1747014286.8443637,-74,37,-34
1747014286.8793633,48,28,97
1747014286.9153633,10,4,97
1747014286.9503634,55,3,111
1747014286.9863634,21,29,19
1747014287.0213633,25,46,67
1747014287.056363,-98,103,129
1747014287.0923634,47,-21,57
1747014287.1273634,-22,16,43
1747014287.1633637,-52,10,-82
1747014287.1983633,-10,-117,99
1747014287.2343633,79,83,52
1747014287.2693634,5,-24,108
1747014287.3043633,-32,59,96
1747014287.3403633,5,-19,163
1747014287.375363,-24,52,-104
1747014287.4113634,33,-143,0
1747014287.4463634,31,14,86
1747014287.4823637,-58,34,58
1747014287.5173633,29,-61,30
1747014287.5523634,33,-37,174
1747014287.5883634,27,-61,-19
1747014287.6233633,5,44,54
1747014287.6593633,-18,-59,180
1747014287.6943634,65,20,-21
1747014287.7303634,13,14,92
1747014287.7653637,3,22,70
1747014287.8003633,55,-35,164
1747014287.8363633,41,34,158
1747014287.8713634,-73,88,214
1747014287.9073634,57,-45,154
1747014287.9423633,-41,-31,44
1747014287.9783633,12,40,203
1747014288.0143633,40,74,31
1747014288.0503633,-25,-49,107
1747014288.0863633,60,55,68
1747014288.1213634,34,-14,100
1747014288.1563632,2,-4,22
1747014288.1923633,-7,-22,-57
1747014288.2283633,-17,-32,32
1747014288.2633634,-115,35,60
1747014288.2993634,-141,73,4
1747014288.3343637,108,29,128
1747014288.3693633,8,-6,114
1747014288.4043634,-12,63,160
1747014288.4403634,-42,-30,36
1747014288.4763634,4,-2,-3
1747014288.5113633,-85,1,61
1747014288.5473633,-47,63,1
1747014288.5823634,-115,7,33
1747014288.6173637,8,-32,111
1747014288.6523633,20,29,133
1747014288.6953633,52,-8,-17
1747014288.7323637,88,-7,-67
1747014288.7673633,38,62,50
1747014288.803363,22,42,108
1747014288.8383634,52,-41,58
1747014288.8733633,39,-28,100
1747014288.908363,29,-14,118
1747014288.9443634,-14,-40,66
1747014288.9803634,36,34,125
1747014289.0153637,-125,-49,105
1747014289.0513637,-34,0,35
1747014289.0863633,-2,35,-16
1747014289.1213634,1,33,139
1747014289.1563632,90,-29,99
1747014289.1923633,55,-50,49
1747014289.2283633,-29,-59,-4
1747014289.2633634,40,4,71
1747014289.2993634,-47,-3,101
1747014289.3343637,-15,66,19
1747014289.3693633,28,-17,7
1747014289.4043634,-47,18,91
1747014289.4403634,-7,-11,73
1747014289.4763634,42,17,37
1747014289.5113633,-5,-102,67
1747014289.5473633,-85,66,-4
1747014289.5823634,22,-99,137
1747014289.6173637,58,0,135
1747014289.6523633,22,40,75
1747014289.6883633,13,-42,59
1747014289.724363,-11,14,-74
1747014289.7593634,-55,28,25
1747014289.7953634,4,36,151
1747014289.8303633,72,-105,-16
1747014289.8653634,68,32,13
1747014289.9003634,0,-41,121
1747014289.9363637,-11,56,159
1747014289.9723637,84,18,91
1747014290.007363,-39,-47,-18
1747014290.043363,10,10,107
1747014290.0783634,50,30,13
1747014290.1133633,4,-51,49
1747014290.1483634,-35,19,135
1747014290.1843634,4,-3,27
1747014290.2203634,-95,12,0
1747014290.2553637,11,-26,95
1747014290.2913637,-20,-36,-12
1747014290.326363,10,-19,25
1747014290.3613634,-18,-6,107
1747014290.3963633,73,61,165
1747014290.4323633,29,-40,17
1747014290.4683633,19,-32,15
1747014290.5033634,18,-13,0
1747014290.5393634,44,83,113
1747014290.5743637,44,24,105
1747014290.6093633,48,-51,-16
1747014290.645363,26,-27,27
1747014290.6803634,-11,-77,-58
1747014290.7163634,-65,-67,133
1747014290.7513633,29,-20,71
1747014290.7873633,-60,52,41
1747014290.8223634,-46,-43,35
1747014290.8573637,-32,36,51
1747014290.8923633,13,-21,71
1747014290.928363,131,55,57
1747014290.964363,55,-34,117
1747014290.9993634,35,-32,103
1747014291.0353634,21,-6,33
1747014291.0703633,-6,-34,73
1747014291.1053634,-78,-12,131
1747014291.1403637,-16,3,1
1747014291.1763637,38,22,-10
1747014291.2123632,89,1,79
1747014291.247363,-1,-37,107
1747014291.283363,11,-32,125
1747014291.3183634,7,0,105
1747014291.3533633,19,-36,27
1747014291.3893633,25,-5,-8
1747014291.4243634,35,-7,71
1747014291.4603634,-1,-79,193
1747014291.4953637,-41,-21,101
1747014291.5313632,-49,-45,67
1747014291.566363,0,19,15
1747014291.6013634,-22,47,69
1747014291.6373634,-37,-9,99
1747014291.6723633,-31,50,25
1747014291.7083633,-21,4,-52
1747014291.7433634,-21,18,61
1747014291.7793634,20,-29,-34
1747014291.8143632,16,42,-46
1747014291.849363,80,-15,79
1747014291.885363,2,-61,153
1747014291.9203634,22,-13,13
1747014291.9563634,96,20,135
1747014291.9913633,-43,-55,49
1747014292.0273633,46,34,135
1747014292.0623634,20,-17,51
1747014292.0973637,18,16,43
1747014292.1333632,-39,46,63
1747014292.168363,-10,38,103
1747014292.204363,-34,26,111
1747014292.2393634,55,-50,7
1747014292.2753634,11,12,-10
1747014292.3103633,-2,-21,45
1747014292.3453634,-20,-65,77
1747014292.3813634,29,-82,-74
1747014292.4163637,50,-37,31
1747014292.4523633,62,48,105
1747014292.487363,10,-3,89
1747014292.5233634,-38,6,65
1747014292.5583634,-50,20,93
1747014292.5933633,-6,-7,-16
1747014292.6293633,-12,27,45
1747014292.6643634,43,-53,31
1747014292.7003634,7,7,283
1747014292.7353632,41,-6,43
1747014292.7713633,15,-23,27
1747014292.806363,27,50,11
1747014292.8413634,-30,92,105
1747014292.8773634,5,-45,-28
1747014292.9123633,-42,46,21
1747014292.9483633,-60,0,37
1747014292.9833634,-26,-39,25
1747014293.0193634,-14,-29,9
1747014293.0543633,33,26,187
1747014293.089363,-104,-59,89
1747014293.125363,11,-25,69
1747014293.1603634,23,46,61
1747014293.1963634,23,-38,89
1747014293.2313633,31,-4,3
1747014293.2673633,30,-9,13
1747014293.303363,52,-55,33
1747014293.3383634,-7,34,43
1747014293.3733633,34,56,199
1747014293.4093633,-27,36,133
1747014293.4453633,53,-41,3
1747014293.4803634,-140,40,57
1747014293.5163634,9,-13,151
1747014293.5513637,61,14,161
1747014293.5863633,65,-8,5
1747014293.6213634,-64,5,141
1747014293.6573634,-7,-15,121
1747014293.6933634,-75,48,151
1747014293.7283633,63,-55,1
1747014293.7643633,-6,10,109
1747014293.7993634,48,-27,97
1747014293.8343637,2,30,21
1747014293.8693633,-37,31,141
1747014293.905363,2,22,-78
1747014293.941363,4,-29,45
1747014293.9763634,-41,2,103
1747014294.0123634,73,-20,39
1747014294.0473633,-10,-14,57
1747014294.0823634,62,47,17
1747014294.1173637,136,26,-154
1747014294.1533637,-11,-6,25
1747014294.1893632,-17,-40,99
1747014294.224363,-29,45,-49
1747014294.260363,22,39,48
1747014294.2953634,30,-9,102
1747014294.3303633,-97,-19,48
1747014294.3653634,80,4,68
1747014294.4013634,-27,4,30
1747014294.4373634,19,19,54
1747014294.4723637,8,29,14
1747014294.5083632,94,-1,30
1747014294.543363,12,-19,24
1747014294.5783634,84,62,78
1747014294.6133633,-61,88,90
1747014294.6493633,8,16,80
1747014294.6853633,38,-5,16
1747014294.7203634,18,-15,72
1747014294.7563634,-17,-67,152
1747014294.7913637,-29,26,190
1747014294.826363,14,-85,-17
1747014294.8613634,32,-5,94
1747014294.8973634,-15,-15,36
1747014294.9333634,-69,-77,54
1747014294.9683633,24,30,0
1747014295.0043633,-15,-15,24
1747014295.0393634,-1,8,-41
1747014295.0743637,74,-79,56
1747014295.1093633,46,14,110
1747014295.145363,-81,20,44
1747014295.181363,39,-11,2
1747014295.2163634,-78,-75,-43
1747014295.2523634,-26,20,42
1747014295.2873633,-24,-29,84
1747014295.3223634,-23,0,16
1747014295.3573637,-37,22,-49
1747014295.3933637,26,-59,28
1747014295.4293633,97,-19,32
1747014295.464363,17,-55,22
1747014295.500363,-50,-63,60
1747014295.5353634,11,16,36
1747014295.5703633,27,-29,106
1747014295.6053634,64,-8,138
1747014295.6413634,28,-96,68
1747014295.6773634,-6,73,36
1747014295.7123632,-32,3,-105
1747014295.7483633,2,-42,154
1747014295.783363,-18,-31,172
1747014295.8183634,36,31,60
1747014295.8533633,20,93,52
1747014295.8893633,-13,27,38
1747014295.9253633,26,23,-15
1747014295.9603634,-4,2,204
1747014295.9963634,51,28,26
1747014296.0313632,-28,-11,180
1747014296.066363,37,4,12
1747014296.1013634,-10,13,52
1747014296.1373634,-28,-10,114
1747014296.1733634,7,17,20
1747014296.2083633,69,37,-15
1747014296.2443633,45,37,140
1747014296.2793634,8,36,64
1747014296.3143632,-40,6,52
1747014296.3503633,-76,34,134
1747014296.385363,-34,-27,62
1747014296.4213634,-28,2,-15
1747014296.4563634,-46,-13,114
1747014296.4923637,-46,32,44
1747014296.5273633,46,9,-13
1747014296.5623634,16,57,116
1747014296.5983634,-18,-67,70
1747014296.6333632,-82,12,-29
1747014296.6693633,-38,-31,62
1747014296.704363,27,-13,154
1747014296.7403634,-32,28,152
1747014296.7753634,31,35,64
1747014296.8103633,41,-4,74
1747014296.8463633,-32,-21,56
1747014296.8813634,31,-35,74
1747014296.9173634,5,-43,52
1747014296.9523633,-70,86,14
1747014296.9883633,53,-29,-25
1747014297.0233634,-8,6,-35
1747014297.0583634,15,-23,84
1747014297.0943637,53,93,30
1747014297.1293633,29,-13,232
1747014297.1653633,-37,-9,140
1747014297.2003634,87,-25,-137
1747014297.2363634,11,70,122
1747014297.2713633,-10,18,78
1747014297.306363,59,48,144
1747014297.3423634,25,-11,92
1747014297.3773634,21,2,32
1747014297.4133637,7,0,72
1747014297.4483633,61,-45,38
1747014297.4843633,81,-65,108
1747014297.5193634,72,33,148
1747014297.5543633,29,15,56
1747014297.5903633,-16,35,-5
1747014297.625363,23,32,116
1747014297.6613634,-44,-7,182
1747014297.6963634,-40,60,46
1747014297.7323637,-20,52,6
1747014297.7683637,65,12,172
1747014297.8043633,95,2,0
1747014297.839363,18,-56,42
1747014297.8743634,-24,64,34
1747014297.9103634,55,46,28
1747014297.9453633,42,-45,72
1747014297.9813633,-16,98,26
1747014298.0163634,-10,-23,120
1747014298.0523634,17,-7,64
1747014298.0873632,-28,38,110
1747014298.122363,-60,20,112
1747014298.158363,75,-89,30
1747014298.1933634,81,26,140
1747014298.2293634,-6,-15,-41
1747014298.2643633,-16,-9,70
1747014298.3003633,0,2,112
1747014298.3363633,55,10,-1
1747014298.3713634,-65,31,106
1747014298.4063632,34,29,-3
1747014298.4423633,-6,-5,-35
1747014298.4783633,-48,-16,156
1747014298.5133634,-4,-58,130
1747014298.5493634,23,91,136
1747014298.5843637,-10,55,94
1747014298.6193633,-41,-12,80
1747014298.6543634,57,-26,-49
1747014298.6973634,-35,-57,38
1747014298.7343633,22,40,88
1747014298.7693634,30,48,126
1747014298.8053634,4,-11,106
1747014298.8403633,-27,40,124
1747014298.875363,47,45,142
1747014298.9103634,123,-39,144
1747014298.9463634,37,20,24
1747014298.9823637,-50,50,84
1747014299.0173633,-21,32,176
1747014299.053363,-72,7,72
1747014299.0883634,74,-57,126
1747014299.1233633,-25,6,-3
1747014299.158363,60,8,66
1747014299.1943634,-87,26,102
1747014299.2303634,13,-41,120
1747014299.2653637,-54,34,96
1747014299.3013637,1,10,172
1747014299.3363633,-22,-17,96
1747014299.3713634,-82,-13,166
1747014299.4063632,18,-97,130
1747014299.4423633,-27,22,-61
1747014299.4783633,48,-21,-35
1747014299.5133634,-13,26,86
1747014299.5493634,30,-13,42
1747014299.5843637,48,-53,16
1747014299.6193633,-83,-53,2
1747014299.6543634,12,-39,18
1747014299.6903634,-1,-82,46
1747014299.7263634,-65,9,118
1747014299.7613633,-53,13,50
1747014299.7973633,4,37,22
1747014299.8323634,18,-12,134
1747014299.8673637,-12,-26,36
1747014299.9023633,28,25,128
1747014299.9383633,40,5,99
1747014299.974363,10,-18,55
1747014300.0093634,-5,19,96
1747014300.0453634,48,-20,24
1747014300.0803633,0,-24,-41
1747014300.1153634,-19,29,-149
1747014300.1503634,-12,42,4
1747014300.1863637,57,2,18
1747014300.2223637,-33,16,106
1747014300.257363,-101,-19,-95
1747014300.293363,26,-57,130
1747014300.3283634,28,10,8
1747014300.3633633,-7,-19,80
1747014300.3983634,2,43,-17
1747014300.4343634,-43,-75,60
1747014300.4703634,-21,2,-23
1747014300.5053637,-1,-17,76
1747014300.5413637,60,42,24
1747014300.576363,50,-19,138
1747014300.6113634,0,-15,80
1747014300.6463633,-12,-59,-25
1747014300.6823633,31,42,74
1747014300.7183633,51,-23,134
1747014300.7533634,11,-17,68
1747014300.7893634,-58,8,104
1747014300.8243637,46,33,-47
1747014300.8593633,2,47,102
1747014300.895363,2,3,146
1747014300.9303634,29,3,62
1747014300.9663634,68,-6,-39
1747014301.0013633,-13,45,50
1747014301.0373633,-17,-46,30
1747014301.0723634,78,27,22
1747014301.1073637,22,-34,176
1747014301.1423633,28,21,-3
1747014301.178363,-13,-42,20
1747014301.214363,-24,-79,54
1747014301.2493634,-4,-23,50
1747014301.2853634,-20,22,-51
1747014301.3203633,35,-67,-72
1747014301.3553634,-15,50,42
1747014301.3903637,44,-91,44
1747014301.4263637,-37,-45,58
1747014301.4623632,10,28,60
1747014301.497363,27,-13,54
1747014301.533363,-16,-17,126
1747014301.5683634,-18,-27,88
1747014301.6033633,-80,7,-53
1747014301.6393633,23,15,8
1747014301.6743634,49,-15,-11
1747014301.7103634,-4,-32,10
1747014301.7453637,-6,15,61
1747014301.7813632,13,-40,102
1747014301.816363,-52,-46,131
1747014301.8513634,-42,28,107
1747014301.8873634,24,65,-62
1747014301.9223633,39,22,17
1747014301.9583633,31,-25,23
1747014301.9933634,-36,2,11
1747014302.0293634,77,-29,39
1747014302.0643632,-63,3,-46
1747014302.099363,44,63,107
1747014302.135363,22,26,95
1747014302.1703634,-11,34,61
1747014302.2063634,-13,-87,64
1747014302.2413633,-1,-7,43
1747014302.2773633,1,76,52
1747014302.3123634,-50,-22,8
1747014302.3473637,-53,-35,86
1747014302.3833632,-43,-15,-11
1747014302.418363,-13,12,58
1747014302.454363,-30,-56,112
1747014302.4893634,-33,2,73
1747014302.5253634,-8,7,194
1747014302.5603633,9,13,106
1747014302.5953634,31,-108,14
1747014302.6313634,49,-24,54
1747014302.6663637,1,-20,38
1747014302.7023633,-55,-69,-19
1747014302.737363,69,-37,50
1747014302.7733634,-44,16,130
1747014302.8083634,-32,32,170
1747014302.8433633,59,-11,30
1747014302.8793633,65,-131,36
1747014302.9143634,-22,-5,66
1747014302.9503634,-16,-39,149
1747014302.9853632,29,-9,59
1747014303.0213633,15,-53,51
1747014303.056363,-8,-13,51
1747014303.0913634,90,0,35
1747014303.1273634,81,-28,93
1747014303.1623633,-168,22,91
1747014303.1983633,9,0,29
1747014303.2333634,-86,-1,107
1747014303.2693634,-13,110,84
1747014303.3053634,-23,-11,22
1747014303.3413634,-72,4,-7
1747014303.3773634,1,-31,128
1747014303.4123633,82,-25,84
1747014303.4473634,-8,-27,62
1747014303.4833634,24,12,-57
1747014303.5193634,64,-21,136
1747014303.5543633,-21,-27,60
1747014303.5903633,7,22,94
1747014303.625363,67,-41,15
1747014303.6603634,-72,-3,91
1747014303.6953633,62,2,9
1747014303.7313633,52,36,17
1747014303.7673633,69,-23,93
1747014303.8023634,7,-1,75
1747014303.8383634,43,34,136
1747014303.8733633,74,26,162
1747014303.908363,-67,-53,-1
1747014303.9433634,-17,46,-45
1747014303.9793634,5,58,194
1747014304.0153637,68,52,-43
1747014304.0503633,66,34,16
1747014304.0863633,-141,24,78
1747014304.1213634,46,-13,56
1747014304.1563632,-1,2,150
1747014304.191363,38,40,54
1747014304.227363,27,-54,95
1747014304.2633634,7,-6,215
1747014304.2983634,11,-60,85
1747014304.3343637,-17,55,27
1747014304.3693633,-25,55,129
1747014304.4043634,27,12,91
1747014304.4393632,-22,98,59
1747014304.4753633,62,-4,105
1747014304.5113633,-69,-104,15
1747014304.5463634,-39,-1,-28
1747014304.5823634,-45,4,66
1747014304.6173637,-25,-11,92
1747014304.6523633,-12,2,74
1747014304.6873634,-82,-21,100
1747014304.7233634,3,-19,78
1747014304.7593634,-44,98,22
1747014304.7943633,-1,34,102
1747014304.8303633,78,30,53
1747014304.8653634,32,31,165
1747014304.9003634,-15,48,151
1747014304.9353633,81,-23,183
1747014304.9713633,-28,-23,51
1747014305.007363,-14,80,105
1747014305.0423634,-38,-40,39
1747014305.0783634,0,49,27
1747014305.1133633,27,46,25
1747014305.1483634,53,-45,47
1747014305.1833634,-8,69,-6
1747014305.2193637,107,25,127
1747014305.2553637,11,26,129
1747014305.2903633,13,-28,55
1747014305.326363,21,-18,61
1747014305.3613634,-10,7,85
1747014305.3963633,3,-55,47
1747014305.431363,3,43,83
1747014305.4673634,21,-50,-48
1747014305.5033634,27,15,9
1747014305.5383637,-20,15,51
1747014305.5743637,5,-24,77
1747014305.6093633,5,39,-14
1747014305.6443634,19,46,107
1747014305.6793633,-18,23,53
1747014305.7153633,19,-71,32
1747014305.7513633,87,8,70
1747014305.7863634,11,70,72
1747014305.8223634,-88,-37,-51
1747014305.8573637,97,-50,112
1747014305.8923633,-64,94,32
1747014305.9273634,-12,16,58
1747014305.9633634,3,6,-22
1747014305.9993634,9,-7,148
1747014306.0343633,37,36,-18
1747014306.0703633,-22,-27,27
1747014306.1053634,29,52,115
1747014306.1403637,9,-34,71
1747014306.1753633,37,-11,37
1747014306.2113633,-4,-45,81
1747014306.247363,-68,-3,183
1747014306.2823634,25,-25,-24
1747014306.3183634,8,-12,47
1747014306.3533633,-35,-18,63
1747014306.3883634,52,-34,123
1747014306.4233634,-47,-4,131
1747014306.4593637,24,55,141
1747014306.4953637,0,67,171
1747014306.530363,-69,-12,-20
1747014306.566363,-19,11,55
1747014306.6013634,-21,5,3
1747014306.6363633,-5,-35,95
1747014306.6723633,14,-5,109
1747014306.7073634,30,-151,31
1747014306.7433634,-18,-24,47
1747014306.7783637,-58,11,103
1747014306.8143632,17,-18,87
1747014306.849363,-28,-74,-8
1747014306.8843634,47,3,67
1747014306.9203634,7,-2,19
1747014306.9553633,-51,-53,105
1747014306.9913633,-67,-5,87
1747014307.0263634,20,38,91
1747014307.0623634,-19,44,85
1747014307.0973637,16,6,35
1747014307.132363,-41,-7,65
1747014307.168363,-65,4,91
1747014307.2033634,6,32,-42
1747014307.2393634,-7,40,121
1747014307.2743633,-31,-27,111
1747014307.3103633,32,-17,169
1747014307.3453634,78,-107,145
1747014307.3803637,-13,-69,45
1747014307.4163637,-5,-63,19
1747014307.451363,-1,14,117
1747014307.487363,-5,-33,107
1747014307.5223634,18,-23,137
1747014307.5583634,22,18,129
1747014307.5933633,47,16,45
1747014307.6283634,-10,-63,17
1747014307.6643634,-38,24,95
1747014307.6993637,11,-93,3
1747014307.7353632,33,-99,-30
1747014307.770363,47,-33,163
1747014307.806363,-33,-55,27
1747014307.8413634,-4,60,149
1747014307.8763633,-14,64,127
1747014307.9123633,21,-39,139
1747014307.9473634,9,-21,7
1747014307.9833634,82,16,-32
1747014308.0183637,86,-5,157
1747014308.0543633,32,44,-22
1747014308.089363,-34,-36,73
1747014308.1243634,7,-13,129
1747014308.1603634,-46,78,99
1747014308.1953633,-14,32,61
1747014308.2313633,43,-64,-2
1747014308.2663634,-26,-54,87
1747014308.3023634,-50,13,35
1747014308.3373632,-16,-6,95
1747014308.372363,19,0,-6
1747014308.408363,50,28,195
1747014308.4433634,-81,-35,81
1747014308.4793634,42,-55,71
1747014308.5143633,6,34,121
1747014308.5493634,1,80,91
1747014308.5843637,13,24,59
1747014308.6203637,34,-47,139
1747014308.6563632,-7,54,83
1747014308.6983633,-37,0,137
1747014308.7353632,-27,74,49
1747014308.770363,58,-25,223
1747014308.8053634,-63,32,59
1747014308.8403633,-15,28,135
1747014308.8763633,34,-1,125
1747014308.9123633,8,-45,1
1747014308.9473634,-38,45,97
1747014308.9833634,64,-33,-72
1747014309.0183637,34,76,111
1747014309.053363,-33,70,163
1747014309.0883634,28,-13,149
1747014309.1243634,24,12,131
1747014309.1603634,42,30,103
1747014309.1953633,-3,-52,85
1747014309.2313633,-19,14,21
1747014309.2663634,34,-1,79
1747014309.3013637,-11,38,145
1747014309.3363633,62,16,161
1747014309.372363,96,44,67
1747014309.408363,-123,-86,133
1747014309.4433634,12,27,115
1747014309.4793634,-38,32,75
1747014309.5143633,-22,-109,-20
1747014309.5493634,49,-47,45
1747014309.5843637,-54,82,-6
1747014309.6203637,39,36,51
1747014309.6563632,-24,62,-108
1747014309.691363,38,45,-10
1747014309.727363,70,59,101
1747014309.7623634,6,0,135
1747014309.7973633,-11,29,25
1747014309.8323634,48,3,-20
1747014309.8683634,-55,1,153
1747014309.9043634,6,-20,-16
1747014309.9393632,-9,61,87
1747014309.9753633,12,27,67
1747014310.010363,44,29,69
1747014310.0453634,39,-13,57
1747014310.0803633,-12,6,-36
1747014310.1163633,-58,-1,-12
1747014310.1523633,21,18,77
1747014310.1873634,5,6,51
1747014310.2233634,49,38,76
1747014310.2583632,15,52,77
1747014310.293363,-28,-58,239
1747014310.3283634,-46,-63,58
1747014310.3643634,9,-27,124
1747014310.4003634,-68,80,130
1747014310.4353633,11,52,172
1747014310.4713633,-56,38,60
1747014310.5063634,37,0,92
1747014310.5413637,0,0,56
1747014310.576363,15,24,-29
1747014310.612363,-72,120,44
1747014310.6483634,-66,24,122
1747014310.6833634,29,58,26
1747014310.7193637,75,-19,88
1747014310.7543633,-64,-31,112
1747014310.7893634,-36,0,16
1747014310.8243637,-70,80,60
1747014310.8603632,-38,0,60
1747014310.8963633,-26,28,-1
1747014310.931363,-36,19,90
1747014310.9673634,-54,-46,4
1747014311.0023634,-42,65,42
1747014311.0373633,9,27,96
1747014311.0723634,-73,-32,-1
1747014311.1083634,41,76,94
1747014311.1443634,-89,-18,110
1747014311.1793633,-123,17,58
1747014311.2153633,19,40,44
1747014311.250363,-41,3,56
1747014311.2853634,53,-67,180
1747014311.3203633,75,-23,156
1747014311.3563633,23,-17,130
1747014311.3923633,-27,-60,40
1747014311.4273634,-23,65,34
1747014311.4633634,-3,37,62
1747014311.4983633,8,-24,-19
1747014311.533363,-30,-30,146
1747014311.5683634,33,-18,50
1747014311.6043634,-26,29,-5
1747014311.6403637,22,-9,60
1747014311.6753633,-23,-21,64
1747014311.7113633,-18,15,80
1747014311.7463634,57,-20,80
1747014311.7813632,85,23,90
1747014311.8173633,-50,54,24
1747014311.852363,-17,-8,50
1747014311.8883634,-58,34,-155
1747014311.9233634,121,-23,4
1747014311.9593637,45,30,68
1747014311.9943633,-50,32,142
1747014312.0293634,-12,-15,16
1747014312.0653634,25,65,134
1747014312.1003633,101,51,14
1747014312.1363633,5,107,140
1747014312.1713634,37,21,144
1747014312.2073634,-16,-4,16
1747014312.2423637,-7,-15,128
1747014312.2773633,-82,27,147
1747014312.3133633,71,15,5
1747014312.3483634,-23,-9,7
1747014312.3843634,44,14,167
1747014312.4193633,52,4,155
1747014312.4553633,-43,24,135
1747014312.4903634,-40,95,105
1747014312.5253634,-49,48,37
1747014312.5613637,97,71,105
1747014312.5963633,110,-31,109
1747014312.632363,50,46,137
1747014312.6673634,10,-81,141
1747014312.7033634,14,-21,85
1747014312.7383633,-27,36,37
1747014312.7733634,34,14,41
1747014312.8093634,-83,-15,-92
1747014312.8443637,-13,-27,65
1747014312.8803637,-22,39,61
1747014312.9153633,29,65,181
1747014312.951363,38,-3,13
1747014312.9863634,-85,-1,-1
1747014313.0213633,-59,-41,56
1747014313.0573633,20,-27,40
1747014313.0923634,66,-47,16
1747014313.1283634,-113,30,112
1747014313.1633637,-33,62,87
1747014313.1993637,52,-10,121
1747014313.2343633,34,-32,58
1747014313.2693634,-5,-2,74
1747014313.3053634,38,29,58
1747014313.3403633,35,66,-19
1747014313.3763633,-5,1,154
1747014313.4113634,-21,34,212
1747014313.4473634,46,-3,-2
1747014313.4823637,-57,-21,-44
1747014313.5173633,34,12,61
1747014313.553363,-49,22,161
1747014313.5883634,46,-75,-22
1747014313.6243634,-53,-53,99
1747014313.6593633,-59,20,57
1747014313.6943634,-11,-27,57
1747014313.7293634,-42,-30,-10
1747014313.7653637,-51,2,35
1747014313.8013637,-30,7,71
1747014313.8363633,41,-38,53
1747014313.872363,67,-14,37
1747014313.9073634,61,21,219
1747014313.9423633,-56,57,61
1747014313.977363,-37,8,91
1747014314.0133634,-22,-98,3
1747014314.0493634,-48,-6,45
1747014314.0843637,-8,11,41
1747014314.1203637,43,57,39
1747014314.155363,-15,35,135
1747014314.1903634,-19,-28,85
1747014314.2253633,-71,-12,21
1747014314.2613633,-89,-100,45
1747014314.2973633,-31,0,87
1747014314.3323634,-45,-32,-2
1747014314.3683634,54,-20,-72
1747014314.4033637,-41,39,101
1747014314.4383633,13,-50,83
1747014314.4733634,43,21,143
1747014314.5093634,17,1,39
1747014314.5453634,-50,-10,95
1747014314.5803633,7,13,123
1747014314.6163633,19,3,93
1747014314.6513634,-36,1,99
1747014314.6863637,-22,15,133
1747014314.7213633,-18,39,53
1747014314.757363,-50,-4,67
1747014314.793363,-26,-48,159
1747014314.8283634,55,27,87
1747014314.8643634,47,3,-32
1747014314.8993633,14,5,99
1747014314.9343634,14,3,-82
1747014314.9693637,-3,-78,-2
1747014315.0053637,8,-14,167
1747014315.0413637,12,-8,125
1747014315.076363,12,71,-50
1747014315.112363,66,-16,-32
1747014315.1473634,68,3,-2
1747014315.1823633,-83,-6,9
1747014315.2173634,22,0,-40
1747014315.2533634,-19,7,65
1747014315.2893634,70,20,47
1747014315.3243637,-9,-32,-32
1747014315.3603632,56,10,139
1747014315.395363,62,-3,51
1747014315.4303634,-17,22,97
1747014315.4653633,-55,12,-64
1747014315.5013633,88,58,49
1747014315.5373633,80,-51,73
1747014315.5723634,-41,22,9
1747014315.6083634,72,2,145
1747014315.6433637,40,10,-10
1747014315.678363,-1,-75,-10
1747014315.7133634,4,76,-10
1747014315.7493634,0,31,191
1747014315.7853634,1,0,97
1747014315.8203633,10,-13,69
1747014315.8563633,56,-49,69
1747014315.8913634,-11,-27,47
1747014315.9263637,36,-63,127
1747014315.9613633,-35,-9,105
1747014315.997363,22,10,149
1747014316.033363,-11,-13,5
1747014316.0683634,26,12,75
1747014316.1043634,-22,-95,-10
1747014316.1393633,-10,40,61
1747014316.1743634,59,14,101
1747014316.2093637,70,-163,99
1747014316.2453637,7,10,1
1747014316.2813632,69,22,59
1747014316.316363,25,30,-40
1747014316.352363,103,-81,111
1747014316.3873634,49,-11,39
1747014316.4223633,7,-5,73
1747014316.4573634,-22,78,141
1747014316.4933634,12,-31,133
1747014316.5293634,-59,64,3
1747014316.5643632,36,24,127
1747014316.6003633,-25,-31,189
1747014316.635363,4,-13,131
1747014316.6703634,56,14,5
1747014316.7053633,-37,20,177
1747014316.7413633,2,-31,83
1747014316.7773633,-1,18,69
1747014316.8123634,-36,6,51
1747014316.8483634,74,-42,69
1747014316.8833632,-7,-4,49
1747014316.918363,28,15,121
1747014316.954363,-7,29,129
1747014316.9893634,47,0,51
1747014317.0253634,-78,-7,93
1747014317.0603633,42,-42,137
1747014317.0963633,-5,-18,57
1747014317.1313634,-44,-61,121
1747014317.1663637,-18,4,167
1747014317.2023633,-6,6,15
1747014317.237363,25,64,97
1747014317.2733634,-8,-63,51
1747014317.3083634,-8,-47,131
1747014317.3443637,-2,-61,3
1747014317.3793633,13,-23,-58
1747014317.4143634,-10,26,125
1747014317.4503634,-12,10,61
1747014317.4853632,33,12,145
1747014317.5213633,-20,2,147
1747014317.556363,-24,10,225
1747014317.5923634,42,21,159
1747014317.6273634,-39,-36,41
1747014317.6623633,-3,77,101
1747014317.6983633,1,60,111
1747014317.7333634,71,4,121
1747014317.7693634,15,37,89
1747014317.8043633,39,22,149
1747014317.8403633,-20,12,241
1747014317.875363,-66,44,35
1747014317.9103634,-50,-39,103
1747014317.9463634,-28,38,61
1747014317.9813633,-36,-1,-70
1747014318.0173633,-16,-15,201
1747014318.0523634,-50,-17,55
1747014318.0883634,-90,-31,71
1747014318.1233633,-34,32,67
1747014318.158363,15,30,177
1747014318.1943634,-45,28,53
1747014318.2293634,78,-53,145
1747014318.2653637,16,40,141
1747014318.3003633,68,34,25
1747014318.3363633,-61,-33,-34
1747014318.3713634,80,10,233
1747014318.4063632,116,-1,-48
1747014318.4423633,4,78,25
1747014318.477363,76,2,-6
1747014318.5133634,26,-3,97
1747014318.5483634,54,-7,123
1747014318.5843637,16,77,129
1747014318.6203637,4,56,33
1747014318.6563632,-40,29,83
1747014318.6923633,45,-40,121
1747014318.7343633,28,34,201
1747014318.770363,3,3,73
1747014318.806363,-39,-19,77
1747014318.8423634,28,33,7
1747014318.8773634,-1,16,111
1747014318.9133637,30,2,75
1747014318.9483633,44,-49,133
1747014318.9833634,46,-17,111
1747014319.0183637,36,56,17
1747014319.0543633,14,-5,29
1747014319.0903633,-3,24,61
1747014319.125363,-13,-15,-8
1747014319.1613634,-27,-25,123
1747014319.1963634,28,8,71
1747014319.2313633,16,-7,79
1747014319.2663634,66,12,51
1747014319.3023634,-96,49,143
1747014319.3383634,-54,-58,233
1747014319.3733633,21,19,85
1747014319.4093633,-13,80,155
1747014319.4443634,30,6,35
1747014319.4793634,34,94,81
1747014319.5143633,-42,-24,141
1747014319.5503633,40,-69,-28
1747014319.5863633,-54,-34,53
1747014319.6213634,-1,-5,75
1747014319.6573634,44,12,13
1747014319.6923633,28,68,119
1747014319.727363,44,44,-20
1747014319.7623634,17,15,79
1747014319.7983634,49,-38,179
1747014319.8343637,-47,15,121
1747014319.8693633,32,37,131
1747014319.905363,-37,-54,-28
1747014319.9403634,56,-45,-16
1747014319.9753633,26,-8,135
1747014320.010363,23,23,89
1747014320.0463634,-77,-11,119
1747014320.0823634,62,-23,81
1747014320.1173637,-81,-13,83
1747014320.1533637,-35,-15,7
1747014320.1883633,-29,-25,51
1747014320.2233634,-11,1,87
1747014320.2583632,-97,44,-58
1747014320.2943633,-27,6,0
1747014320.3303633,38,-2,-20
1747014320.3653634,20,7,-6
1747014320.4013634,4,25,-38
1747014320.4363637,20,-52,56
1747014320.4713633,-7,-3,112
1747014320.5063634,26,-1,96
1747014320.5423634,4,-48,214
1747014320.5783634,-33,-4,56
1747014320.6133633,-55,26,88
1747014320.6493633,-15,-126,96
1747014320.6843634,-105,111,192
1747014320.7193637,-81,57,40
1747014320.7543633,-6,3,120
1747014320.7903633,-16,5,124
1747014320.826363,13,-44,58
1747014320.8613634,-32,-30,110
1747014320.8973634,-42,29,68
1747014320.9323633,19,21,78
1747014320.9673634,34,-117,102
1747014321.0023634,-43,-7,12
1747014321.0383637,-109,32,4
1747014321.0743637,-21,-65,148
1747014321.1093633,-69,-73,154
1747014321.145363,52,-9,44
1747014321.1803634,20,24,54
1747014321.2153633,0,-25,8
1747014321.250363,78,-51,40
1747014321.2863634,-37,6,18
1747014321.3223634,-53,-4,42
1747014321.3573637,-46,-26,58
1747014321.3933637,149,-26,-3
1747014321.428363,-14,1,54
1747014321.4633634,-21,-4,86
1747014321.4983633,78,-8,206
1747014321.5343633,14,-32,150
1747014321.5703633,-55,-28,254
1747014321.6053634,67,-5,56
1747014321.6413634,38,13,188
1747014321.6763637,52,-28,110
1747014321.7113633,-3,-51,70
1747014321.7463634,76,100,28
1747014321.7823634,-73,-16,150
1747014321.8183634,-77,-16,138
1747014321.8533633,27,-76,92
1747014321.8893633,-17,108,176
1747014321.9243634,26,48,-35
1747014321.9593637,34,78,38
1747014321.9953637,-13,63,208
1747014322.030363,13,-39,4
1747014322.066363,13,-23,112
1747014322.1013634,-69,-14,28
1747014322.1373634,-19,19,26
1747014322.1723633,-15,-19,172
1747014322.2073634,40,-7,8
1747014322.2433634,-75,-17,-31
1747014322.2783637,6,42,0
1747014322.3143632,18,-69,102
1747014322.349363,-82,-58,-35
1747014322.385363,-25,-68,-15
1747014322.4203634,-50,9,36
1747014322.4553633,63,-2,42
1747014322.4913633,8,50,64
1747014322.5263634,42,-5,70
1747014322.5623634,-4,13,140
1747014322.5973637,-70,-24,40
1747014322.6333632,33,1,120
1747014322.668363,-13,-62,38
1747014322.7033634,8,-26,-43
1747014322.7393634,90,59,36
1747014322.7743633,-69,-9,34
1747014322.8103633,-21,1,132
1747014322.8453634,-44,-45,90
1747014322.8813634,28,-8,30
1747014322.9163637,28,-60,40
1747014322.951363,76,-12,70
1747014322.987363,5,-35,-29
1747014323.0223634,3,-37,118
1747014323.0583634,-75,-81,90
1747014323.0933633,-13,46,18
1747014323.1293633,4,5,58
1747014323.1643634,16,58,46
1747014323.1993637,-41,42,42
1747014323.2353632,-17,44,-3
1747014323.270363,14,32,76
1747014323.306363,40,12,56
1747014323.3413634,-53,-3,-19
1747014323.3773634,44,-71,42
1747014323.4123633,-36,20,12
1747014323.4473634,14,2,60
1747014323.4833634,-75,8,10
1747014323.5183637,-17,-32,128
1747014323.5543633,67,50,6
1747014323.589363,-18,54,4
1747014323.625363,35,-47,20
1747014323.6613634,-39,-18,70
1747014323.6973634,-2,-27,42
1747014323.7333634,4,-32,80
1747014323.7683637,23,37,90
1747014323.803363,9,59,148
1747014323.839363,-14,-22,205
1747014323.875363,44,71,19
1747014323.9103634,6,19,54
1747014323.9463634,-71,-10,49
1747014323.9813633,49,41,83
1747014324.0163634,-51,43,63
1747014324.0513637,14,5,-70
1747014324.0873632,16,-106,87
1747014324.1233633,4,-16,47
1747014324.158363,8,21,75
1747014324.1943634,0,17,22
1747014324.2293634,-19,19,74
1747014324.2643633,-85,-4,218
1747014324.2993634,48,45,-68
1747014324.3353634,27,46,81
1747014324.3713634,16,16,135
1747014324.4063632,-19,25,5
1747014324.4423633,-35,-47,71
1747014324.477363,28,-17,75
1747014324.5123634,48,-3,-15
1747014324.5473633,10,-61,140
1747014324.5833633,-45,-82,58
1747014324.6193633,-25,70,110
1747014324.6543634,34,22,-3
1747014324.6903634,-9,-31,108
1747014324.7253633,82,-6,108
1747014324.760363,-34,-28,46
1747014324.7953634,48,-48,-46
1747014324.8313634,-59,35,163
1747014324.8673637,-63,57,121
1747014324.9023633,36,60,-8
1747014324.9383633,-47,-5,11
1747014324.9733634,72,80,42
1747014325.0083632,-9,-23,127
1747014325.043363,18,2,8
1747014325.079363,-77,-3,2
1747014325.1153634,32,-23,29
1747014325.1503634,-3,14,16
1747014325.1863637,58,6,-41
1747014325.2213633,48,14,38
1747014325.2563634,-18,16,-51
1747014325.2913637,-34,-29,98
1747014325.3273633,-28,-5,154
1747014325.3633633,-38,-59,138
1747014325.3983634,-28,36,134
1747014325.4343634,31,-85,-11
1747014325.4693637,65,45,-67
1747014325.5043633,-56,-38,144
1747014325.5393634,-28,1,-3
1747014325.5753634,-27,-71,166
1747014325.6113634,88,0,78
1747014325.6463633,43,12,138
1747014325.6823633,-80,-29,118
1747014325.7173634,11,4,12
1747014325.7523634,70,-117,50
1747014325.7873633,-56,-67,-35
1747014325.8233633,-37,-11,28
1747014325.8593633,59,2,66
1747014325.8943634,-12,-23,201
1747014325.9303634,-20,18,-7
1747014325.9653633,2,-65,99
1747014326.000363,-28,-25,141
1747014326.0353634,-1,-70,99
1747014326.0713634,-39,1,-12
1747014326.1073637,91,-59,46
1747014326.1423633,85,-25,127
1747014326.178363,39,-68,34
1747014326.2133634,3,-91,153
1747014326.2483633,-54,-43,43
1747014326.283363,115,22,49
1747014326.3193634,-34,-5,161
1747014326.3553634,-6,-21,75
1747014326.3903637,-18,6,-26
1747014326.4263637,0,48,-52
1747014326.4613633,65,64,39
1747014326.4963634,35,6,63
1747014326.5313632,3,-61,57
1747014326.5673633,-14,38,-70
1747014326.6033633,75,8,-10
1747014326.6383634,-56,-19,19
1747014326.6743634,3,30,0
1747014326.7093637,25,6,94
1747014326.7443633,-1,68,72
1747014326.7793634,18,32,76
1747014326.8153634,24,-5,84
1747014326.8513634,41,17,192
1747014326.8863633,48,24,214
1747014326.9223633,11,2,104
1747014326.9573634,-40,-32,42
1747014326.9923637,69,48,42
1747014327.0283637,-89,-36,48
1747014327.0633633,2,19,65
1747014327.099363,54,-44,171
1747014327.1343634,38,-6,75
1747014327.1703634,45,49,181
1747014327.2053633,80,15,91
1747014327.2403634,96,-6,-42
1747014327.2763634,-41,33,205
1747014327.3113637,-3,-34,150
1747014327.3473637,-21,-30,38
1747014327.382363,13,-69,68
1747014327.418363,-16,-20,140
1747014327.4533634,1,-16,163
1747014327.4883633,13,-49,84
1747014327.5243633,-14,90,87
1747014327.5593634,61,36,32
1747014327.5953634,-54,-3,83
1747014327.6303637,27,16,11
1747014327.6663637,-16,41,107
1747014327.701363,-16,-21,41
1747014327.7363634,107,10,-25
1747014327.7723634,-14,-72,114
1747014327.8073633,3,-68,90
1747014327.8433633,47,-20,105
1747014327.8783634,40,-95,237
1747014327.9143634,-87,100,75
1747014327.9493637,-81,-57,-2
1747014327.9843633,-33,2,75
1747014328.020363,-64,-14,143
1747014328.0553634,25,-7,101
1747014328.0913634,41,-4,7
1747014328.1263633,49,-50,111
1747014328.1623633,87,41,20
1747014328.1973634,-2,52,-9
1747014328.2323637,49,19,52
1747014328.2683637,-27,51,78
1747014328.303363,-3,5,63
1747014328.339363,-21,31,64
1747014328.3743634,74,81,124
1747014328.4103634,-53,-38,134
1747014328.4453633,94,-72,158
1747014328.4803634,86,3,106
1747014328.5163634,-32,47,62
1747014328.5513637,-50,-18,64
1747014328.5873632,-40,-18,103
1747014328.622363,18,-6,45
1747014328.658363,27,-33,187
1747014328.6933634,-12,-3,15
1747014328.7353632,42,38,47
1747014328.7723634,-48,-17,-4
1747014328.8073633,2,-43,129
1747014328.8433633,54,42,27
1747014328.8783634,-3,26,-76
1747014328.9133637,34,-13,-6
1747014328.9483633,58,14,43
1747014328.9843633,-11,-23,155
1747014329.020363,80,-71,89
1747014329.0553634,-23,86,13
1747014329.0913634,4,48,177
1747014329.1263633,28,23,41
1747014329.1613634,-53,-10,15
1747014329.1963634,0,39,97
1747014329.2323637,8,-76,41
1747014329.2683637,20,-24,61
1747014329.303363,30,3,-68
1747014329.339363,36,-48,115
1747014329.3743634,24,48,41
1747014329.4093633,-63,14,75
1747014329.4443634,-49,-15,65
1747014329.4803634,2,-9,131
1747014329.5163634,-11,48,139
1747014329.5513637,65,0,123
1747014329.5873632,40,64,117
1747014329.622363,-7,16,95
1747014329.6573634,14,41,-20
1747014329.6923633,16,-43,74
1747014329.7283633,-19,-39,20
1747014329.7643633,-13,-29,122
1747014329.7993634,-17,48,108
1747014329.8353634,48,90,134
1747014329.8703637,26,48,6
1747014329.905363,46,6,72
1747014329.9403634,4,1,90
1747014329.9763634,9,-2,-9
1747014330.0123634,-52,-56,-26
1747014330.0473633,-22,-14,0
1747014330.0833633,65,33,113
1747014330.1183634,-24,13,103
1747014330.1533637,-24,1,33
1747014330.1883633,27,31,59
1747014330.224363,-100,3,97
1747014330.260363,0,-89,89
1747014330.2953634,-20,-5,25
1747014330.3313634,37,-61,55
1747014330.3663633,41,-20,43
1747014330.4013634,-24,2,59
1747014330.4363637,-28,54,-4
1747014330.4723637,-24,22,125
1747014330.5083632,17,-15,133
1747014330.543363,-6,10,61
1747014330.579363,-26,50,-12
1747014330.6143634,19,18,7
1747014330.6493633,63,-49,91
1747014330.6843634,-20,5,-14
1747014330.7203634,-64,72,127
1747014330.7563634,53,65,49
1747014330.7913637,19,-36,73
1747014330.8273633,8,-5,95
1747014330.862363,-101,-41,69
1747014330.8973634,-7,58,51
1747014330.9323633,-121,-19,45
1747014330.9683633,82,10,169
1747014331.0043633,34,82,167
1747014331.0393634,28,-34,169
1747014331.0753634,48,-16,25
1747014331.1103632,54,56,89
1747014331.145363,-21,-23,159
1747014331.1803634,16,36,61
1747014331.2163634,26,-85,73
1747014331.2523634,14,51,75
1747014331.2873633,62,9,129
1747014331.3233633,-13,23,89
1747014331.3583634,31,15,-10
1747014331.3933637,-27,-22,-42
1747014331.428363,-5,-25,123
1747014331.464363,-21,-6,159
1747014331.500363,-65,-24,117
1747014331.5353634,12,13,197
1747014331.5713634,40,62,-12
1747014331.6063633,-56,-66,63
1747014331.6413634,29,27,43
1747014331.6763637,98,-22,73
1747014331.7123632,38,37,59
1747014331.7483633,18,-4,69
1747014331.783363,-136,9,73
1747014331.8193634,31,99,55
1747014331.8543634,29,21,21
1747014331.8893633,69,63,-20
1747014331.9243634,12,43,175
1747014331.9603634,-42,-44,87
1747014331.9963634,15,-90,-40
1747014332.0313632,-36,-12,-60
1747014332.0673633,-4,-25,83
1747014332.102363,1,34,-4
1747014332.1373634,-4,-22,-4
1747014332.1733634,-8,78,5
1747014332.2083633,-16,-28,17
1747014332.2443633,-100,18,105
1747014332.2793634,27,6,-20
1747014332.3153634,38,1,207
1747014332.3503633,89,99,79
1747014332.385363,-38,21,159
1747014332.4213634,-46,-42,21
1747014332.4563634,-50,-4,3
1747014332.4923637,-26,21,15
1747014332.5273633,73,-50,77
1747014332.5633633,0,37,-38
1747014332.5983634,17,15,25
1747014332.6333632,-72,-2,63
1747014332.6693633,95,5,-90
1747014332.704363,-69,29,79
1747014332.7403634,28,-30,-106
1747014332.7753634,-25,23,-22
1747014332.8113637,-41,11,127
1747014332.8463633,50,-50,35
1747014332.8813634,-17,-11,15
1747014332.9173634,-9,54,3
1747014332.9523633,26,-1,117
1747014332.9883633,-55,-21,63
1747014333.0233634,-56,41,57
1747014333.0593634,8,0,-12
1747014333.0943637,5,89,99
1747014333.1293633,-85,-13,135
1747014333.1653633,7,-28,133
1747014333.2003634,-26,29,-30
1747014333.2363634,45,-22,39
1747014333.2713633,47,5,17
1747014333.3073633,15,25,69
1747014333.3423634,-3,-13,111
1747014333.3773634,38,4,129
1747014333.4133637,72,-73,63
1747014333.4483633,14,98,163
1747014333.4843633,74,12,97
1747014333.5193634,-20,1,83
1747014333.5543633,-48,17,179
1747014333.589363,37,61,87
1747014333.625363,-61,7,73
1747014333.6613634,-35,16,5
1747014333.6963634,-43,-1,57
1747014333.7323637,72,-41,-32
1747014333.7673633,4,36,23
1747014333.803363,14,-53,101
1747014333.839363,-27,16,33
1747014333.875363,-49,94,135
1747014333.9113634,20,16,131
1747014333.9463634,-29,26,45
1747014333.9813633,23,18,11
1747014334.0173633,12,-15,5
1747014334.053363,-53,-1,49
1747014334.0883634,-25,-25,27
1747014334.1243634,-7,110,125
1747014334.1593633,30,48,111
1747014334.1943634,-1,32,129
1747014334.2293634,33,72,141
1747014334.2653637,-36,5,83
1747014334.3013637,-1,-27,55
1747014334.3363633,-70,-74,53
1747014334.372363,-4,11,167
1747014334.4073634,7,1,5
1747014334.4423633,-31,59,101
1747014334.477363,127,-4,99
1747014334.5133634,31,15,95
1747014334.5493634,3,-10,101
1747014334.5843637,1,-30,71
1747014334.6203637,-32,26,-80
1747014334.655363,81,-31,123
1747014334.6903634,-92,52,179
1747014334.7253633,63,-53,-40
1747014334.7613633,-65,25,29
1747014334.7973633,-20,-36,185
1747014334.8323634,9,-54,135
1747014334.8683634,40,31,61
1747014334.9033637,-36,-14,-28
1747014334.9383633,49,35,49
1747014334.9733634,19,-14,17
1747014335.0093634,-65,11,57
1747014335.0453634,-31,31,69
1747014335.0803633,-74,31,63
1747014335.1163633,-10,-32,-44
1747014335.1513634,41,-12,55
1747014335.1863637,-56,-18,33
1747014335.2213633,-24,-14,-44
1747014335.257363,46,3,-6
1747014335.293363,60,4,-46
1747014335.3283634,4,-63,53
1747014335.3643634,30,39,47
1747014335.3993633,14,4,-36
1747014335.4343634,36,-29,61
1747014335.4693637,-19,20,111
1747014335.5053637,38,-11,91
1747014335.5413637,88,-10,83
1747014335.576363,-41,29,73
1747014335.612363,-69,51,89
1747014335.6473634,-49,-2,-12
1747014335.6823633,11,28,61
1747014335.7173634,16,-48,159
1747014335.7533634,-9,37,25
1747014335.7893634,82,-44,77
1747014335.8243637,20,78,197
1747014335.8603632,-15,34,169
1747014335.895363,-1,-33,21
1747014335.9303634,24,22,37
1747014335.9653633,-43,2,35
1747014336.0013633,38,34,49
1747014336.0373633,10,30,79
1747014336.0723634,-41,-15,22
1747014336.1083634,-35,6,180
1747014336.1433637,-37,66,184
1747014336.178363,80,-54,10
1747014336.2133634,-15,11,128
1747014336.2493634,14,-48,-5
1747014336.2853634,-31,-38,40
1747014336.3203633,50,-46,86
1747014336.3563633,-9,83,100
1747014336.3913634,-33,7,58
1747014336.4263637,-79,-14,150
1747014336.4613633,8,5,0
1747014336.497363,-29,13,-15
1747014336.533363,-35,-34,50
1747014336.5683634,38,42,32
1747014336.6043634,4,7,40
1747014336.6393633,20,-8,116
1747014336.6743634,-55,-66,156
1747014336.7093637,10,-36,118
1747014336.7453637,37,-45,164
1747014336.7813632,32,13,102
1747014336.816363,9,74,2
1747014336.852363,-13,9,2
1747014336.8873634,60,-2,60
1747014336.9223633,3,-12,24
1747014336.9573634,43,-4,138
1747014336.9933634,7,7,192
1747014337.0293634,73,59,32
1747014337.0643632,19,21,72
1747014337.1003633,83,41,124
1747014337.135363,11,-38,120
1747014337.1703634,-54,16,132
1747014337.2063634,3,-60,104
1747014337.2413633,55,-64,72
1747014337.2773633,-74,55,34
1747014337.3123634,-42,15,66
1747014337.3483634,-38,-18,66
1747014337.3833632,24,21,64
1747014337.418363,-36,35,88
1747014337.454363,11,-30,80
1747014337.4893634,35,-100,84
1747014337.5253634,-76,41,20
1747014337.5603633,-14,-10,48
1747014337.5963633,83,-86,50
1747014337.6313634,-4,-46,26
1747014337.6663637,-9,50,158
1747014337.7023633,-36,-64,58
1747014337.737363,33,-4,78
1747014337.7733634,45,-2,-47
1747014337.8083634,-42,23,56
1747014337.8443637,55,43,132
1747014337.8793633,78,55,32
1747014337.9143634,29,19,6
1747014337.9503634,16,-10,96
1747014337.9853632,-59,35,162
1747014338.0213633,-59,41,-5
1747014338.056363,82,19,18
1747014338.0923634,139,3,190
1747014338.1273634,83,7,66
1747014338.1623633,-64,-6,42
1747014338.1983633,10,40,194
1747014338.2333634,-64,-7,108
1747014338.2693634,-48,6,52
1747014338.3043633,-34,-8,88
1747014338.3403633,19,-23,106
1747014338.375363,-44,-7,152
1747014338.4103634,7,-23,12
1747014338.4463634,-43,-7,4
1747014338.4813633,-89,-37,144
1747014338.5173633,-9,-54,144
1747014338.5523634,-52,42,32
1747014338.5883634,-80,22,156
1747014338.6233633,-12,-3,120
1747014338.658363,41,24,8
1747014338.6943634,-5,-37,62
1747014338.7363634,61,-85,4
1747014338.7733634,29,-15,130
1747014338.8083634,-96,-21,108
1747014338.8443637,-37,33,152
1747014338.8803637,-6,-55,110
1747014338.9163637,-9,0,24
1747014338.9523633,19,-29,-85
1747014338.987363,69,48,-3
1747014339.0223634,91,20,126
1747014339.0583634,-42,14,122
1747014339.0943637,97,32,106
1747014339.1293633,71,18,86
1747014339.1653633,-70,2,50
1747014339.2003634,-66,-15,94
1747014339.2353632,7,-26,62
1747014339.270363,0,-34,62
1747014339.306363,-38,-12,12
1747014339.3423634,-42,-54,112
1747014339.3773634,25,-40,42
1747014339.4133637,111,24,124
1747014339.4483633,71,0,12
1747014339.4833634,31,-11,16
1747014339.5183637,27,-47,48
1747014339.5543633,-2,-31,136
1747014339.5903633,13,-81,30
1747014339.625363,-3,3,16
1747014339.6613634,54,41,72
1747014339.6963634,55,-25,-7
1747014339.7313633,3,-35,-29
1747014339.7663634,-48,-3,38
1747014339.8023634,-94,-1,178
1747014339.8383634,-78,-91,66
1747014339.8733633,-14,4,88
1747014339.9093633,33,68,46
1747014339.9443634,8,56,26
1747014339.9793634,-9,-31,36
1747014340.0143633,-61,-29,52
1747014340.0503633,35,16,92
1747014340.0863633,31,-11,-17
1747014340.1213634,-60,-33,190
1747014340.1573634,-32,-37,52
1747014340.1923633,-22,-18,158
1747014340.227363,17,29,128
1747014340.2623634,31,47,36
1747014340.2983634,-52,15,220
1747014340.3343637,69,25,110
1747014340.3693633,73,-32,44
1747014340.405363,-22,13,24
1747014340.4403634,-16,-4,-53
1747014340.4753633,-60,-16,20
1747014340.510363,-55,-60,74
1747014340.5463634,-12,-10,100
1747014340.5823634,-38,-2,108
1747014340.6173637,-26,27,114
1747014340.6533637,-16,-14,0
1747014340.6883633,-26,-26,104
1747014340.7233634,13,43,104
1747014340.7583632,-4,79,48
1747014340.7943633,11,-114,72
1747014340.8303633,47,-30,132
1747014340.8653634,57,-22,-47
1747014340.9013634,63,84,4
1747014340.9363637,-8,-57,59
1747014340.9713633,-2,-47,63
1747014341.0063634,29,-104,5
1747014341.0423634,83,25,135
1747014341.0783634,27,-14,106
1747014341.1133633,-28,-124,-7
1747014341.1493633,-10,-10,51
1747014341.1843634,-40,74,157
1747014341.2193637,9,19,83
1747014341.2543633,-52,-2,190
1747014341.2903633,55,21,118
1747014341.326363,69,-78,98
1747014341.3613634,17,51,52
1747014341.3973634,9,-26,114
1747014341.4323633,-8,-33,118
1747014341.4673634,-30,-83,18
1747014341.5023634,-18,10,92
1747014341.5383637,-3,70,12
1747014341.5743637,34,-16,42
1747014341.6093633,54,-54,-9
1747014341.645363,-109,41,22
1747014341.6803634,16,59,30
1747014341.7153633,-19,7,81
1747014341.750363,-61,-52,113
1747014341.7863634,-67,49,213
1747014341.8223634,-21,-35,-1
1747014341.8573637,-3,20,38
1747014341.8933637,-84,-48,-7
1747014341.928363,0,0,98
1747014341.9633634,29,-40,-93
1747014341.9983633,-6,-8,148
1747014342.0343633,-21,-52,68
1747014342.0703633,86,-58,16
1747014342.1053634,81,19,-89
1747014342.1413634,-137,15,-1
1747014342.1763637,-73,-6,29
1747014342.2113633,-22,53,155
1747014342.247363,44,23,103
1747014342.2823634,-15,17,-38
1747014342.3183634,-62,-17,43
1747014342.3533633,-45,-58,-120
1747014342.3893633,55,-38,35
1747014342.4243634,-30,-10,93
1747014342.4593637,-12,17,-4
1747014342.4953637,21,13,133
1747014342.530363,33,29,83
1747014342.566363,-14,81,47
1747014342.6013634,39,65,27
1747014342.6373634,-60,-30,65
1747014342.6723633,27,46,51
1747014342.7073634,50,9,-54
1747014342.7433634,-27,-34,-14
1747014342.7783637,14,6,57
1747014342.8143632,-27,-45,-32
1747014342.849363,16,66,167
1747014342.885363,-10,-8,117
1747014342.9203634,-38,-26,71
1747014342.9553633,-22,-4,5
1747014342.9913633,58,-52,115
1747014343.0263634,46,1,-12
1747014343.0623634,-63,-14,46
1747014343.0973637,61,12,-13
1747014343.1333632,50,51,84
1747014343.168363,56,53,-15
1747014343.2033634,10,79,106
1747014343.2393634,6,61,-23
1747014343.2743633,2,-11,44
1747014343.3103633,26,-28,-37
1747014343.3453634,48,5,58
1747014343.3813634,68,3,28
1747014343.4163637,42,-4,110
1747014343.451363,-57,19,32
1747014343.487363,4,1,40
1747014343.5223634,54,-85,56
1747014343.5583634,-105,149,122
1747014343.5933633,-74,41,114
1747014343.6293633,-9,0,192
1747014343.6643634,42,-11,94
1747014343.6993637,-6,9,214
1747014343.7353632,7,11,0
1747014343.770363,-33,-61,98
1747014343.806363,49,-14,16
1747014343.8413634,38,76,4
1747014343.8773634,29,29,96
1747014343.9123633,-36,-30,154
1747014343.9473634,-22,33,52
1747014343.9833634,-10,15,-27
1747014344.0183637,17,-4,30
1747014344.0543633,0,19,19
1747014344.089363,13,41,15
1747014344.1243634,11,33,109
1747014344.1593633,35,24,17
1747014344.1953633,43,-4,123
1747014344.2313633,-30,-106,19
1747014344.2663634,23,-12,67
1747014344.3023634,25,-16,27
1747014344.3373632,0,-40,69
1747014344.372363,-16,8,5
1747014344.4073634,15,-12,153
1747014344.4433634,0,54,7
1747014344.4793634,25,-41,85
1747014344.5143633,-38,-9,95
1747014344.5503633,37,22,151
1747014344.5853634,15,-1,42
1747014344.6203637,-16,0,116
1747014344.655363,5,23,-5
1747014344.691363,97,-76,8
1747014344.727363,7,-17,-117
1747014344.7623634,-48,-25,118
1747014344.7983634,81,34,106
1747014344.8333633,21,-3,19
1747014344.8683634,69,0,-43
1747014344.9033637,-2,62,148
1747014344.9393632,21,-67,54
1747014344.9753633,-88,-3,80
1747014345.010363,61,24,28
1747014345.0463634,7,-27,16
1747014345.0813634,0,-66,31
1747014345.1163633,59,-18,138
1747014345.1513634,-2,44,74
1747014345.1873634,-18,-51,-20
1747014345.2233634,-86,88,7
1747014345.2583632,-26,82,103
1747014345.2943633,39,-9,69
1747014345.329363,-18,59,49
1747014345.3643634,-22,-47,101
1747014345.3993633,19,32,52
1747014345.4353633,-6,-13,-83
1747014345.4713633,-16,34,30
1747014345.5063634,-14,-53,88
1747014345.5423634,63,4,104
1747014345.5773633,31,-65,70
1747014345.612363,65,-65,182
1747014345.6473634,56,16,126
1747014345.6833634,28,-17,-37
1747014345.7193637,-23,-1,5
1747014345.7543633,6,0,65
1747014345.7903633,-43,8,57
1747014345.8253634,-31,-57,71
1747014345.8603632,-77,36,71
1747014345.895363,-5,100,179
1747014345.931363,-107,-37,15
1747014345.9673634,-3,46,113
1747014346.0023634,22,-45,-66
1747014346.0383637,-39,-12,10
1747014346.0733633,-23,43,104
1747014346.1083634,-7,-8,50
1747014346.1433637,26,6,7
1747014346.1793633,8,-61,-6
1747014346.2153633,50,-67,45
1747014346.250363,30,-129,43
1747014346.2863634,72,-33,31
1747014346.3213634,57,13,75
1747014346.3563633,53,-30,-4
1747014346.3913634,25,37,13
1747014346.4273634,-54,-44,77
1747014346.4633634,40,-55,143
1747014346.4983633,-16,-14,61
1747014346.5343633,13,-67,157
1747014346.5693634,9,118,127
1747014346.6043634,-32,-21,111
1747014346.6393633,-55,9,197
1747014346.6753633,8,53,83
1747014346.7113633,33,26,-6
1747014346.7463634,14,-9,137
1747014346.7823634,-32,2,143
1747014346.8173633,-25,-29,135
1747014346.852363,-24,56,87
1747014346.8873634,-37,-29,41
1747014346.9233634,17,-52,187
1747014346.9593637,-52,-24,111
1747014346.9943633,17,-76,39
1747014347.030363,-2,-30,29
1747014347.0653634,-3,30,-10
1747014347.1003633,-67,-75,59
1747014347.135363,70,-25,79
1747014347.1713634,30,6,173
1747014347.2073634,30,8,43
1747014347.2423637,46,-27,-16
1747014347.2783637,2,-49,47
1747014347.3133633,-35,6,74
1747014347.3483634,70,-97,46
1747014347.3843634,82,20,93
1747014347.4193633,-27,-51,-12
1747014347.4553633,-32,80,72
1747014347.4903634,44,-35,-29
1747014347.5263634,30,-17,30
1747014347.5613637,71,-31,48
1747014347.5963633,-9,34,149
1747014347.632363,0,12,57
1747014347.6673634,-1,2,65
1747014347.7033634,-90,-43,-12
1747014347.7383633,-18,14,-1
1747014347.7743633,-25,4,11
1747014347.8093634,-21,-7,45
1747014347.8443637,7,-37,1
1747014347.8803637,57,-73,131
1747014347.9153633,27,2,147
1747014347.951363,-74,20,5
1747014347.9863634,-10,46,55
1747014348.0223634,17,12,69
1747014348.0573633,-8,-71,23
1747014348.0923634,77,-7,-42
1747014348.1283634,23,34,95
1747014348.1633637,-34,12,64
1747014348.1993637,13,0,-19
1747014348.2343633,-26,55,136
1747014348.270363,-72,0,58
1747014348.3053634,-16,-3,94
1747014348.3403633,23,58,72
1747014348.3763633,-30,34,70
1747014348.4113634,-76,50,44
1747014348.4473634,44,7,-2
1747014348.4823637,37,59,138
1747014348.5183637,-63,-8,34
1747014348.553363,-15,45,25
1747014348.5883634,49,7,-6
1747014348.6243634,19,-48,65
1747014348.6593633,1,-4,137
1747014348.6953633,-69,19,61
1747014348.737363,-13,15,101
1747014348.7743633,-10,-164,41
1747014348.8093634,65,-8,95
1747014348.8443637,3,11,211
1747014348.8803637,57,-24,4
1747014348.9153633,4,-17,-17
1747014348.951363,38,20,88
1747014348.9863634,-38,-18,144
1747014349.0223634,-27,-40,-5
1747014349.0583634,-93,-14,2
1747014349.0943637,-69,0,128
1747014349.1303637,-45,-34,132
1747014349.1653633,18,17,22
1747014349.2003634,-13,19,84
1747014349.2363634,-28,34,104
1747014349.2723634,35,-53,-25
1747014349.3073633,-30,0,18
1747014349.3433633,29,-35,124
1747014349.3783634,-44,24,110
1747014349.4133637,-44,2,66
1747014349.4483633,-62,0,76
1747014349.4843633,51,-3,-31
1747014349.520363,-42,-39,144
1747014349.5553634,17,30,182
1747014349.5913634,-6,30,-29
1747014349.6263633,55,4,26
1747014349.6613634,61,24,150
1747014349.6963634,94,12,6
1747014349.7323637,77,26,-27
1747014349.7683637,35,2,113
1747014349.803363,-10,68,107
1747014349.839363,63,86,-72
1747014349.8743634,-18,22,135
1747014349.9093633,36,0,87
1747014349.9443634,-81,-15,27
1747014349.9803634,-21,-17,169
1747014350.0163634,24,-35,161
1747014350.0513637,-7,44,127
1747014350.0873632,-13,28,91
1747014350.122363,-17,-51,-98
1747014350.1573634,-61,-13,117
1747014350.1923633,-76,-45,157
1747014350.2283633,-38,-29,83
1747014350.2643633,-54,22,35
1747014350.2993634,17,13,85
1747014350.3353634,65,49,101
1747014350.3703637,66,-3,103
1747014350.405363,26,6,91
1747014350.4403634,30,-9,9
1747014350.4763634,74,-53,-30
1747014350.5123634,17,-29,-24
1747014350.5473633,24,-82,139
1747014350.5833633,-25,22,158
1747014350.6183634,18,60,32
1747014350.6533637,-63,36,50
1747014350.6883633,-32,4,-28
1747014350.724363,21,-11,-44
1747014350.760363,25,-16,109
1747014350.7953634,73,-33,195
1747014350.8313634,55,-1,53
1747014350.8663633,83,24,71
1747014350.9013634,15,-23,61
1747014350.9363637,57,6,87
1747014350.9723637,-16,-45,19
1747014351.0083632,17,38,83
1747014351.043363,28,50,55
1747014351.079363,-5,-3,257
1747014351.1143634,51,-2,3
1747014351.1493633,-14,-20,65
1747014351.1843634,-29,37,-70
1747014351.2203634,-69,17,127
1747014351.2563634,-42,49,27
1747014351.2913637,67,-42,133
1747014351.3273633,69,61,107
1747014351.362363,165,-4,267
1747014351.3973634,-1,19,135
1747014351.4323633,-29,-38,51
1747014351.4683633,-57,19,107
1747014351.5043633,-1,7,161
1747014351.5393634,32,-38,45
1747014351.5753634,14,-10,121
1747014351.6103632,0,-30,29
1747014351.645363,-17,1,117
1747014351.6803634,-45,-20,33
1747014351.7163634,-16,0,95
1747014351.7523634,47,-46,115
1747014351.7873633,63,19,67
1747014351.8233633,-42,39,95
1747014351.8583634,-16,-30,127
1747014351.8933637,11,-30,93
1747014351.928363,41,-32,107
1747014351.964363,103,-20,225
1747014352.000363,1,-36,37
1747014352.0353634,21,93,39
1747014352.0713634,-10,0,141
1747014352.1063633,-46,6,99
1747014352.1413634,131,0,131
1747014352.1763637,3,-21,11
1747014352.2123632,33,68,63
1747014352.2483633,35,-14,199
1747014352.283363,-8,-18,-6
1747014352.3193634,-28,-40,57
1747014352.3543634,-16,-26,195
1747014352.3893633,-12,-76,93
1747014352.4253633,15,-52,1
1747014352.4603634,-80,58,87
1747014352.4963634,-52,-59,11
1747014352.5313632,-50,-5,97
1747014352.5673633,51,48,-44
1747014352.602363,-26,-7,43
1747014352.6373634,45,0,163
1747014352.6733634,15,40,63
1747014352.7083633,-12,-83,-50
1747014352.7443633,-39,1,133
1747014352.7793634,-24,-73,-32
1747014352.8153634,17,34,93
1747014352.8503633,37,12,133
1747014352.885363,69,-27,159
1747014352.9213634,8,8,123
1747014352.9563634,36,-1,23
1747014352.9923637,30,14,55
1747014353.0273633,35,13,-28
1747014353.0633633,-24,-70,-108
1747014353.0983634,73,-10,59
1747014353.1333632,-38,-26,113
1747014353.1693633,-52,32,7
1747014353.204363,-42,8,49
1747014353.2403634,-118,-43,43
1747014353.2753634,19,32,29
1747014353.3113637,33,-21,107
1747014353.3463633,-19,-89,133
1747014353.3813634,-63,-7,175
1747014353.4173634,-23,16,55
1747014353.4523633,58,-29,125
1747014353.4883633,46,-53,77
1747014353.5233634,-25,86,173
1747014353.5593634,45,-13,139
1747014353.5943637,-23,-33,67
1747014353.6293633,77,4,79
1747014353.6653633,-16,38,73
1747014353.7003634,-23,-55,-32
1747014353.7363634,-27,-35,121
1747014353.7713633,21,12,119
1747014353.8073633,57,-27,165
1747014353.8423634,73,-57,-80
1747014353.8773634,-76,-21,109
1747014353.9133637,-28,8,55
1747014353.9483633,-64,-37,65
1747014353.9843633,-61,14,85
1747014354.0193634,60,-49,27
1747014354.0553634,-18,-39,81
1747014354.0913634,31,42,143
1747014354.1273634,77,-15,63
1747014354.1633637,35,4,39
1747014354.1993637,8,-20,135
1747014354.2353632,-39,-58,43
1747014354.270363,75,6,155
1747014354.3053634,39,6,87
1747014354.3413634,-2,-73,57
1747014354.3773634,-38,72,121
1747014354.4123633,-36,12,-62
1747014354.4483633,-34,14,0
1747014354.4833634,-10,32,43
1747014354.5183637,-40,-33,17
1747014354.553363,59,30,25
1747014354.589363,81,21,5
1747014354.625363,-76,-53,-6
1747014354.6603634,-8,-1,35
1747014354.6963634,-46,32,-48
1747014354.7313633,45,42,53
1747014354.7663634,-31,1,99
1747014354.8013637,18,-6,117
1747014354.8373632,24,-22,51
1747014354.8733633,-1,-10,5
1747014354.908363,42,-18,57
1747014354.9443634,76,39,67
1747014354.9793634,-41,-26,43
1747014355.0143633,52,9,-16
1747014355.0493634,2,47,33
1747014355.0853634,-21,81,109
1747014355.1213634,10,27,83
1747014355.1563632,32,15,77
1747014355.1923633,-47,-6,57
1747014355.227363,19,-24,-46
1747014355.2623634,-32,-12,165
1747014355.2973633,88,-84,141
1747014355.3333633,-55,55,33
1747014355.3693633,-38,-36,39
1747014355.4043634,-75,-74,85
1747014355.4403634,-1,-42,195
1747014355.4753633,-45,2,73
1747014355.510363,20,-37,123
1747014355.5453634,-69,76,113
1747014355.5813634,-5,54,85
1747014355.6173637,-5,57,-26
1747014355.6523633,-19,-57,89
1747014355.6883633,4,-7,99
1747014355.7233634,40,-80,-24
1747014355.7583632,-47,45,53
1747014355.793363,-15,9,-24
1747014355.829363,-20,-6,99
1747014355.8653634,26,-24,-32
1747014355.9003634,40,27,89
1747014355.9363637,-113,11,141
1747014355.9713633,-89,-18,35
1747014356.0063634,72,7,97
1747014356.0413637,66,-110,27
1747014356.0773633,70,7,61
1747014356.1133633,20,39,159
1747014356.1483634,38,-10,25
1747014356.1843634,28,-52,-86
1747014356.2193637,38,47,65
1747014356.2543633,-27,-68,87
1747014356.2893634,-17,71,41
1747014356.3253634,36,47,183
1747014356.3613634,20,-14,97
1747014356.3963633,90,-68,-48
1747014356.4323633,52,-14,47
1747014356.4673634,-25,33,131
1747014356.5023634,12,0,63
1747014356.5373633,6,-34,35
1747014356.5733633,74,63,39
1747014356.6093633,-5,-28,29
1747014356.6443634,-35,-94,103
1747014356.6803634,-6,-6,99
1747014356.7153633,-14,9,49
1747014356.750363,2,-12,-12
1747014356.7853634,18,-58,115
1747014356.8213634,-28,-50,23
1747014356.8573637,7,-20,35
1747014356.8923633,27,23,109
1747014356.928363,9,13,141
1747014356.9633634,0,25,77
1747014356.9983633,-2,51,35
1747014357.033363,-96,-59,43
1747014357.0693634,17,62,79
1747014357.1053634,-12,-59,211
1747014357.1403637,-22,-5,83
1747014357.1763637,33,-73,33
1747014357.2113633,73,14,249
1747014357.2463634,75,-50,161
1747014357.2813632,-28,-66,3
1747014357.3173633,-40,18,1
1747014357.3533633,55,-13,17
1747014357.3883634,-94,-57,85
1747014357.4243634,-27,17,95
1747014357.4593637,-125,-4,87
1747014357.4943633,-9,-20,69
1747014357.530363,24,-14,85
1747014357.5653634,60,-22,81
1747014357.6013634,-38,-19,129
1747014357.6363633,-33,41,47
1747014357.6723633,-17,-94,139
1747014357.7073634,-12,32,161
1747014357.7423637,4,28,107
1747014357.7783637,16,8,121
1747014357.8133633,-9,22,13
1747014357.849363,-67,40,5
1747014357.8843634,14,-41,11
1747014357.9203634,58,6,-68
1747014357.9553633,-27,62,93
1747014357.9903634,30,18,109
1747014358.0263634,-47,-15,43
1747014358.0613637,62,22,145
1747014358.0973637,28,-37,9
1747014358.132363,13,-3,-102
1747014358.168363,17,-25,-92
1747014358.2033634,33,-15,137
1747014358.2383633,13,-23,15
1747014358.2743633,78,29,179
1747014358.3093634,7,18,-54
1747014358.3453634,13,36,131
1747014358.3803637,67,-24,69
1747014358.4163637,33,49,7
1747014358.451363,-7,-18,115
1747014358.4863634,2,6,117
1747014358.5223634,-17,-89,85
1747014358.5573633,56,90,133
1747014358.5933633,43,-4,1
1747014358.6283634,-60,53,89
1747014358.6643634,-1,37,55
1747014358.6993637,6,-16,199
1747014358.7413633,53,8,37
1747014358.7783637,43,-11,-16
1747014358.8133633,-56,-14,123
1747014358.849363,41,44,265
1747014358.8843634,3,-25,105
1747014358.9203634,-38,55,121
1747014358.9553633,-114,-8,87
1747014358.9903634,-32,15,125
1747014359.0263634,35,22,55
1747014359.0613637,-53,-56,-22
1747014359.0973637,42,-14,123
1747014359.132363,17,-22,-8
1747014359.168363,50,-82,67
1747014359.2033634,59,-74,55
1747014359.2383633,-27,3,163
1747014359.2743633,-33,-66,16
1747014359.3093634,17,-2,155
1747014359.3453634,5,-44,80
1747014359.3803637,23,105,8
1747014359.4153633,-68,-4,-19
1747014359.4503634,14,-7,160
1747014359.4863634,8,-47,34
1747014359.5223634,-77,36,60
1747014359.5573633,-3,40,-47
1747014359.5933633,8,52,0
1747014359.6283634,-7,62,92
1747014359.6633637,-86,-49,72
1747014359.6983633,36,1,-23
1747014359.7343633,4,-60,118
1747014359.770363,-39,-17,36
1747014359.8053634,50,-5,210
1747014359.8413634,4,-5,60
1747014359.8763633,111,4,94
1747014359.9113634,-55,49,34
1747014359.9463634,50,-78,80
1747014359.9823637,20,-37,30
1747014360.0183637,30,-41,48
1747014360.053363,-19,-43,148
1747014360.089363,-33,-39,-3
1747014360.1243634,-71,80,-7
1747014360.1593633,-49,-33,126
1747014360.1943634,12,-3,-93
1747014360.2303634,24,-61,92
1747014360.2663634,-19,-1,106
1747014360.3013637,-33,6,82
1747014360.3373632,60,-17,136
1747014360.372363,-29,-17,58
1747014360.4073634,-9,-39,142
1747014360.4423633,7,-28,72
1747014360.4783633,-10,-88,66
1747014360.5143633,-79,38,76
1747014360.5493634,-53,-43,-73
1747014360.5853634,-11,-75,92
1747014360.6203637,20,10,70
1747014360.655363,68,-19,172
1747014360.6903634,-19,32,62
1747014360.7263634,-15,50,144
1747014360.7623634,-31,26,-23
1747014360.7973633,-14,54,62
1747014360.8333633,35,36,80
1747014360.8683634,35,2,-1
1747014360.9033637,-28,-2,-15
1747014360.9383633,-68,28,24
1747014360.974363,-2,54,184
1747014361.010363,59,10,90
1747014361.0453634,9,36,112
1747014361.0813634,-76,-15,174
1747014361.1163633,-8,-7,-17
1747014361.1513634,-9,-39,48
1747014361.1863637,64,0,68
1747014361.2223637,22,-23,88
1747014361.2583632,-47,3,-19
1747014361.293363,-51,1,152
1747014361.329363,-37,-87,98
1747014361.3643634,82,20,110
1747014361.3993633,-7,-11,66
1747014361.4343634,-15,-37,26
1747014361.4703634,-27,86,-9
1747014361.5063634,-1,48,78
1747014361.5413637,-25,54,44
1747014361.5773633,36,9,-35
1747014361.612363,-7,70,128
1747014361.6473634,68,55,34
1747014361.6823633,-61,42,-19
1747014361.7183633,-29,-50,-39
1747014361.7543633,76,29,62
1747014361.7893634,-61,-24,56
1747014361.8253634,74,-4,124
1747014361.8603632,-17,8,-19
1747014361.895363,37,-32,30
1747014361.9303634,-61,-135,128
1747014361.9663634,4,40,-15
1747014362.0023634,-1,-21,22
1747014362.0373633,84,14,-43
1747014362.0733633,8,18,126
1747014362.1083634,72,-33,102
1747014362.1433637,40,-11,-19
1747014362.178363,-46,13,178
1747014362.214363,21,9,154
1747014362.250363,7,43,126
1747014362.2853634,-4,-6,32
1747014362.3213634,-16,-8,148
1747014362.3563633,41,6,128
1747014362.3913634,-114,-15,0
1747014362.4263637,-133,25,-25
1747014362.4623632,-33,49,110
1747014362.4983633,30,-8,-15
1747014362.533363,10,-98,24
1747014362.5693634,-99,21,32
1747014362.6043634,-31,-32,10
1747014362.6393633,-112,6,124
1747014362.6753633,-40,-11,148
1747014362.7103634,17,-17,12
1747014362.7463634,-44,26,60
1747014362.7813632,21,4,-87
1747014362.8173633,7,-25,-23
1747014362.852363,113,14,12
1747014362.8873634,-54,-3,-31
1747014362.9233634,81,-13,74
1747014362.9583633,-8,-63,116
1747014362.9943633,9,0,66
1747014363.0293634,5,24,70
1747014363.0653634,-65,-58,58
1747014363.1003633,-47,15,74
1747014363.135363,82,-26,68
1747014363.1713634,-3,2,120
1747014363.2063634,-41,-116,12
1747014363.2423637,0,-37,56
1747014363.2773633,-93,39,130
1747014363.3133633,45,-19,26
1747014363.3483634,51,-27,126
1747014363.3833632,-16,-31,54
1747014363.4193633,-7,11,18
1747014363.454363,13,35,72
1747014363.4903634,-38,13,34
1747014363.5253634,34,0,20
1747014363.5613637,-19,21,114
1747014363.5963633,41,-28,122
1747014363.6313634,25,-45,154
1747014363.6673634,31,82,20
1747014363.7023633,-48,-71,4
1747014363.7383633,21,58,100
1747014363.7733634,51,-37,160
1747014363.8093634,-98,-23,116
1747014363.8443637,45,-27,170
1747014363.8793633,-18,-35,170
1747014363.9153633,69,-3,104
1747014363.9503634,-46,-11,36
1747014363.9863634,-74,14,146
1747014364.0213633,-12,-5,60
1747014364.0573633,-36,32,58
1747014364.0923634,29,22,80
1747014364.1273634,-16,-35,92
1747014364.1633637,37,-51,26
1747014364.1983633,-68,-21,56
1747014364.2343633,3,-29,10
1747014364.2693634,-50,10,70
1747014364.3053634,-6,-17,-9
1747014364.3413634,-36,-11,-25
1747014364.3763633,-26,-29,104
1747014364.4113634,15,0,126
1747014364.4473634,63,-23,-69
1747014364.4833634,-6,0,198
1747014364.5183637,-22,-47,38
1747014364.5543633,19,2,-29
1747014364.589363,-82,-9,32
1747014364.6243634,21,20,166
1747014364.6593633,4,12,208
1747014364.6953633,-44,40,4
1747014364.7313633,21,26,80
1747014364.7663634,110,-30,130
1747014364.8023634,-5,-20,210
1747014364.8373632,-5,1,90
1747014364.872363,-12,-7,106
1747014364.9073634,-38,46,114
1747014364.9433634,-35,-4,82
1747014364.9793634,-47,-10,164
1747014365.0143633,-27,45,128
1747014365.0503633,46,89,28
1747014365.0853634,39,3,-23
1747014365.1203637,-48,7,94
1747014365.155363,61,11,30
1747014365.191363,-46,-21,44
1747014365.227363,-28,-22,14
1747014365.2623634,33,-44,6
1747014365.2983634,33,1,194
1747014365.3333633,45,21,82
1747014365.3683634,21,47,168
1747014365.4033637,-74,65,-59
1747014365.4393632,-58,49,36
1747014365.4753633,-38,-60,108
1747014365.510363,11,25,64
1747014365.5463634,45,3,-15
1747014365.5813634,31,-10,-1
1747014365.6163633,27,-68,238
1747014365.6513634,-4,-8,94
1747014365.6873634,66,-88,-51
1747014365.7233634,20,-10,124
1747014365.7583632,-68,-17,34
1747014365.7943633,25,-42,72
1747014365.829363,3,17,-7
1747014365.8643634,73,27,166
1747014365.8993633,-10,28,96
1747014365.9353633,115,20,82
1747014365.9713633,-4,-1,152
1747014366.0063634,16,-45,50
1747014366.0423634,-51,-83,28
1747014366.0773633,-35,-7,118
1747014366.112363,-29,-29,78
1747014366.1473634,-23,-79,62
1747014366.1833634,52,32,40
1747014366.2193637,36,42,-31
1747014366.2543633,58,2,120
1747014366.2903633,29,-11,56
1747014366.3253634,-10,-37,132
1747014366.3603632,-54,-5,86
1747014366.395363,-16,2,92
1747014366.431363,15,-11,46
1747014366.4673634,-12,-61,-59
1747014366.5023634,97,-5,146
1747014366.5383637,0,-43,82
1747014366.5733633,27,100,24
1747014366.6083634,20,-9,150
1747014366.6433637,20,30,74
1747014366.6793633,10,-25,46
1747014366.7153633,44,34,48
1747014366.750363,50,-40,72
1747014366.7863634,-37,69,92
1747014366.8213634,7,-67,-5
1747014366.8563633,-53,-26,96
1747014366.8913634,-65,-18,82
1747014366.9273634,-7,-38,12
1747014366.9633634,-28,15,2
1747014366.9983633,15,73,38
1747014367.0343633,39,-67,58
1747014367.0693634,-36,25,66
1747014367.1043634,-124,42,134
1747014367.1393633,3,-26,108
1747014367.1753633,49,16,86
1747014367.2113633,103,-11,116
1747014367.2463634,-32,62,104
1747014367.2823634,43,-9,136
1747014367.3173633,-18,38,80
1747014367.352363,44,42,116
1747014367.3873634,-31,-27,68
1747014367.4233634,52,14,14
1747014367.4593637,30,-35,16
1747014367.4943633,1,-3,172
1747014367.530363,23,-19,-5
1747014367.5653634,-26,56,38
1747014367.6003633,33,-3,10
1747014367.6363633,29,-17,124
1747014367.6713634,45,-1,112
1747014367.7073634,25,-3,130
1747014367.7423637,-32,55,128
1747014367.7783637,13,63,48
1747014367.8133633,-23,-48,228
1747014367.8483634,-75,-20,138
1747014367.8843634,33,-2,182
1747014367.9193633,5,-14,80
1747014367.9553633,41,0,102
1747014367.9903634,73,42,10
1747014368.0263634,-44,-43,42
1747014368.0613637,-68,24,64
1747014368.0963633,119,16,134
1747014368.132363,63,-23,98
1747014368.1673634,-56,-19,90
1747014368.2033634,93,9,20
1747014368.2383633,45,31,34
1747014368.2743633,71,-44,94
1747014368.3093634,13,35,130
1747014368.3443637,-48,95,-5
1747014368.3803637,-17,-40,-11
1747014368.4153633,-6,17,72
1747014368.451363,-66,77,18
1747014368.4863634,-33,-2,76
1747014368.5223634,-11,-18,138
1747014368.5573633,-29,31,-19
1747014368.5923634,42,81,48
1747014368.6283634,-44,29,168
1747014368.6633637,-72,37,-21
1747014368.6993637,-16,3,183
1747014368.7343633,9,-32,85
1747014368.7763634,12,88,15
1747014368.8123634,-53,10,111
1747014368.8483634,62,-9,27
1747014368.8843634,47,-36,41
1747014368.9193633,-30,85,34
1747014368.9553633,-35,-3,96
1747014368.9903634,-67,-15,22
1747014369.0263634,46,-21,94
1747014369.0613637,13,7,186
1747014369.0963633,47,21,14
1747014369.132363,37,13,189
1747014369.1673634,68,24,111
1747014369.2033634,14,-93,159
1747014369.2383633,-20,87,33
1747014369.2743633,40,5,13
1747014369.3093634,-38,-4,87
1747014369.3443637,-5,-28,36
1747014369.3803637,7,3,44
1747014369.4153633,-32,-44,188
1747014369.451363,5,21,38
1747014369.4863634,3,11,126
1747014369.5213633,-36,53,118
1747014369.556363,0,-14,74
1747014369.5923634,99,-12,88
1747014369.6283634,-2,5,-4
1747014369.6633637,165,53,51
1747014369.6993637,-29,-40,27
1747014369.7343633,-18,56,141
1747014369.7693634,-8,12,177
1747014369.8043633,45,-41,70
1747014369.8403633,-23,-62,-15
1747014369.8763633,75,-21,26
1747014369.9113634,-65,-38,102
1747014369.9473634,72,-35,-11
1747014369.9823637,18,-76,-46
1747014370.0173633,6,-2,97
1747014370.0523634,-5,-2,33
1747014370.0883634,-67,-28,113
1747014370.1243634,-26,12,101
1747014370.1593633,-26,42,123
1747014370.1953633,69,-31,45
1747014370.2303634,-4,-42,135
1747014370.2653637,-48,114,44
1747014370.3003633,3,18,36
1747014370.3363633,0,5,114
1747014370.372363,39,0,84
1747014370.4073634,25,42,58
1747014370.4433634,-40,40,66
1747014370.4783633,-28,22,26
1747014370.5133634,-52,-21,50
1747014370.5483634,-14,-21,196
1747014370.5843637,57,12,20
1747014370.6203637,-60,-11,88
1747014370.655363,29,-25,24
1747014370.691363,59,12,108
1747014370.7263634,51,16,10
1747014370.7613633,-78,-53,30
1747014370.7963634,-35,21,116
1747014370.8323634,-48,22,46
1747014370.8683634,46,41,150
1747014370.9033637,-32,22,-19
1747014370.9393632,-40,-5,24
1747014370.974363,-38,24,59
1747014371.0093634,72,-28,215
1747014371.0443633,18,73,67
1747014371.0803633,6,5,159
1747014371.1163633,-5,45,43
1747014371.1513634,0,-72,21
1747014371.1873634,30,35,119
1747014371.2223637,97,67,77
1747014371.257363,57,-30,113
1747014371.2923634,8,5,69
1747014371.3283634,-45,-8,3
1747014371.3643634,-33,1,167
1747014371.3993633,-93,31,59
1747014371.4353633,-42,67,13
1747014371.4703634,-85,19,33
1747014371.5053637,6,35,43
1747014371.5403633,86,0,39
1747014371.576363,12,53,49
1747014371.612363,12,7,83
1747014371.6473634,28,27,111
1747014371.6833634,6,5,91
1747014371.7183633,1,70,119
1747014371.7533634,83,48,79
1747014371.7883637,11,34,110
1747014371.8243637,-29,-96,108
1747014371.8603632,-51,-40,98
1747014371.895363,-49,-22,138
1747014371.931363,8,33,-12
1747014371.9663634,4,19,79
1747014372.0013633,90,-42,5
1747014372.0363634,-51,21,102
1747014372.0723634,-10,31,42
1747014372.1083634,-52,-4,68
1747014372.1433637,56,-40,6
1747014372.1793633,-9,23,88
1747014372.214363,-3,55,144
1747014372.2493634,-58,-34,66
1747014372.2843633,60,-2,126
1747014372.3203633,-47,-46,146
1747014372.3563633,-51,-32,14
1747014372.3913634,-16,-37,92
1747014372.4273634,-110,14,57
1747014372.4623632,-26,36,60
1747014372.497363,-33,7,101
1747014372.5323634,-8,-53,53
1747014372.5683634,20,-48,121
1747014372.6043634,-9,47,99
1747014372.6393633,-17,23,65
1747014372.6753633,-5,-16,20
1747014372.7103634,-79,-56,104
1747014372.7453637,-39,61,20
1747014372.7813632,-56,65,48
1747014372.816363,4,92,82
1747014372.852363,16,76,-71
1747014372.8873634,-73,12,138
1747014372.9233634,-41,0,114
1747014372.9583633,-41,16,140
1747014372.9933634,72,69,50
1747014373.0293634,43,46,52
1747014373.0643632,-89,-32,98
1747014373.1003633,-9,57,110
1747014373.135363,8,-42,70
1747014373.1713634,-55,-34,-11
1747014373.2063634,16,-60,64
1747014373.2413633,20,-21,10
1747014373.2773633,-18,77,52
1747014373.3123634,125,27,6
1747014373.3483634,-40,11,124
1747014373.3833632,49,-13,105
1747014373.4193633,-8,-20,111
1747014373.454363,-46,-24,69
1747014373.4893634,-64,-14,-8
1747014373.5253634,-5,0,131
1747014373.5603633,-73,55,57
1747014373.5963633,-79,5,-68
1747014373.6313634,34,57,185
1747014373.6673634,42,7,67
1747014373.7023633,-67,15,39
1747014373.737363,-55,-69,101
1747014373.7733634,-91,27,-60
1747014373.8083634,37,11,27
1747014373.8443637,19,11,187
1747014373.8793633,45,-24,127
1747014373.9153633,5,5,27
1747014373.9503634,-34,5,111
1747014373.9853632,45,58,-4
1747014374.0213633,29,27,85
1747014374.056363,-58,21,215
1747014374.0923634,-30,-22,57
1747014374.1273634,55,-18,147
1747014374.1633637,63,15,95
1747014374.1983633,17,30,161
1747014374.2333634,-56,28,113
1747014374.2693634,-18,29,43
1747014374.3043633,-20,31,135
1747014374.3403633,6,38,145
1747014374.375363,2,40,57
1747014374.4113634,49,27,67
1747014374.4473634,-19,6,17
1747014374.4833634,80,-3,47
1747014374.5193634,-59,-5,55
1747014374.5543633,74,-67,113
1747014374.589363,-11,-4,47
1747014374.625363,47,-48,77
1747014374.6613634,-15,-46,-40
1747014374.6963634,-45,-70,39
1747014374.7323637,-79,-34,163
1747014374.7673633,66,90,103
1747014374.8023634,-79,53,127
1747014374.8373632,18,5,125
1747014374.8733633,4,91,7
1747014374.9093633,-5,-40,85
1747014374.9443634,6,47,17
1747014374.9803634,72,-52,25
1747014375.0153637,4,25,107
1747014375.0503633,-9,33,-4
1747014375.0853634,-5,-22,32
1747014375.1213634,4,83,88
1747014375.1573634,27,-58,94
1747014375.1923633,27,-22,178
1747014375.2283633,-3,-68,126
1747014375.2633634,26,9,20
1747014375.2983634,26,-6,31
1747014375.3333633,20,-42,-12
1747014375.3693633,62,27,89
1747014375.405363,-75,9,-4
1747014375.4403634,-25,-44,139
1747014375.4763634,-35,-6,-20
1747014375.5113633,36,-4,151
1747014375.5463634,-37,-58,37
1747014375.5813634,18,25,31
1747014375.6173637,-41,-52,3
1747014375.6533637,20,0,28
1747014375.6883633,-5,35,144
1747014375.724363,-27,1,164
1747014375.7593634,12,7,68
1747014375.7943633,-10,27,70
1747014375.829363,28,59,84
1747014375.8653634,61,73,100
1747014375.9013634,-47,-26,73
1747014375.9363637,23,-54,68
1747014375.9723637,25,-73,119
1747014376.007363,-60,12,99
1747014376.0423634,-16,-9,105
1747014376.0773633,-4,38,221
1747014376.1133633,-28,14,49
1747014376.1493633,3,-53,47
1747014376.1843634,-28,-47,153
1747014376.2203634,47,-1,51
1747014376.2553637,35,55,51
1747014376.2903633,25,32,10
1747014376.3253634,89,-11,-27
1747014376.3613634,-30,-25,33
1747014376.3973634,-34,26,145
1747014376.4323633,-54,-19,29
1747014376.4683633,30,-38,141
1747014376.5033634,15,4,1
1747014376.5383637,-33,36,1
1747014376.5733633,-8,-89,93
1747014376.6093633,0,9,119
1747014376.645363,-87,72,87
1747014376.6803634,14,0,137
1747014376.7163634,-21,4,85
1747014376.7513633,46,-11,-35
1747014376.7863634,8,2,34
1747014376.8213634,90,26,4
1747014376.8573637,-58,-61,110
1747014376.8933637,10,42,54
1747014376.928363,34,34,-41
1747014376.964363,71,-9,4
1747014376.9993634,-23,40,36
1747014377.0343633,52,14,156
1747014377.0693634,-4,40,16
1747014377.1053634,-38,-17,-69
1747014377.1413634,-45,-54,80
1747014377.1763637,53,32,58
1747014377.2123632,45,12,112
1747014377.247363,-1,-44,117
1747014377.2823634,21,14,83
1747014377.3173633,59,10,47
1747014377.3533633,-38,-7,95
1747014377.3893633,58,13,5
1747014377.4243634,-19,63,111
1747014377.4603634,-23,7,109
1747014377.4953637,-13,-58,61
1747014377.530363,117,-75,163
1747014377.5653634,-45,-70,-36
1747014377.6013634,48,45,23
1747014377.6373634,-14,-7,-10
1747014377.6723633,-32,26,-12
1747014377.7083633,71,14,157
1747014377.7433634,-52,-4,-2
1747014377.7783637,-10,-94,-82
1747014377.8143632,23,1,193
1747014377.849363,65,0,149
1747014377.885363,47,1,117
1747014377.9203634,41,28,-32
1747014377.9563634,15,-39,29
1747014377.9913633,95,-3,71
1747014378.0263634,44,-85,117
1747014378.0623634,-29,56,7
1747014378.0973637,53,-52,155
1747014378.1333632,-8,-24,9
1747014378.168363,47,-42,157
1747014378.204363,5,-4,39
1747014378.2393634,54,-100,15
1747014378.2743633,39,3,109
1747014378.3103633,17,-32,-12
1747014378.3453634,-44,3,73
1747014378.3813634,21,-36,45
1747014378.4163637,10,-37,0
1747014378.4523633,34,-15,123
1747014378.487363,56,-17,5
1747014378.5223634,-31,20,89
1747014378.5583634,-51,32,59
1747014378.5933633,44,76,113
1747014378.6293633,14,-8,29
1747014378.6643634,54,37,199
1747014378.7003634,96,-66,69
1747014378.7353632,-77,-84,63
1747014378.7773633,-59,13,59
1747014378.8143632,3,33,-44
1747014378.849363,-4,-8,-46
1747014378.885363,79,-18,-12
1747014378.9203634,-18,-22,41
1747014378.9563634,85,-4,-44
1747014378.9913633,1,-19,3
1747014379.0263634,13,-42,121
1747014379.0623634,46,3,87
1747014379.0973637,-82,36,17
1747014379.1333632,-40,18,93
1747014379.168363,-16,12,-68
1747014379.204363,25,-27,199
1747014379.2393634,-26,58,103
1747014379.2743633,37,25,-20
1747014379.3103633,-16,-19,119
1747014379.3453634,28,-12,-86
1747014379.3813634,66,-20,49
1747014379.4163637,-29,7,81
1747014379.4523633,2,-42,99
1747014379.487363,-14,24,75
1747014379.5223634,-41,51,129
1747014379.5583634,-55,-6,31
1747014379.5933633,-29,-32,187
1747014379.6293633,-1,61,73
1747014379.6643634,-11,41,87
1747014379.6993637,-43,-60,101
1747014379.7343633,-21,-20,85
1747014379.770363,4,-16,89
1747014379.806363,-77,23,51
1747014379.8413634,8,-40,45
1747014379.8773634,86,59,107
1747014379.9123633,-23,-2,245
1747014379.9473634,-13,-88,155
1747014379.9823637,-17,23,123
1747014380.0183637,34,-2,19
1747014380.0543633,18,-4,19
1747014380.089363,2,-4,145
1747014380.125363,52,-10,31
1747014380.1603634,-21,-31,107
1747014380.1953633,-31,82,125
1747014380.2303634,40,-11,75
1747014380.2663634,-1,18,103
1747014380.3023634,-13,102,79
1747014380.3373632,28,-41,131
1747014380.3733633,-37,-71,-2
1747014380.408363,22,8,23
1747014380.4433634,-55,-61,61
1747014380.4783633,-19,-127,171
1747014380.5143633,-11,84,11
1747014380.5503633,-9,-19,123
1747014380.5853634,28,-1,7
1747014380.6213634,-51,12,1
1747014380.6563632,-27,-75,39
1747014380.691363,-27,-71,5
1747014380.7263634,-19,32,87
1747014380.7623634,30,-55,37
1747014380.7983634,48,-2,195
1747014380.8333633,10,13,87
1747014380.8693633,-55,-26,143
1747014380.9043634,37,-59,7
1747014380.9393632,55,22,101
1747014380.974363,10,-4,171
1747014381.010363,-9,71,137
1747014381.0463634,39,-9,47
1747014381.0813634,57,32,169
1747014381.1173637,15,-25,37
1747014381.1523633,59,12,83
1747014381.1873634,-16,30,205
1747014381.2223637,47,8,17
1747014381.2583632,41,30,37
1747014381.2943633,-36,34,139
1747014381.329363,77,-85,147
1747014381.3653634,-89,28,83
1747014381.4003634,65,46,-38
1747014381.4353633,-47,6,105
1747014381.4703634,-22,2,23
1747014381.5063634,0,-5,-64
1747014381.5423634,84,16,57
1747014381.5773633,-41,-61,29
1747014381.6133633,40,-17,145
1747014381.6483634,17,-23,-6
1747014381.6833634,73,8,59
1747014381.7183633,19,10,27
1747014381.7543633,33,30,23
1747014381.7903633,-20,-25,63
1747014381.8253634,-46,57,147
1747014381.8613634,-50,21,137
1747014381.8963633,-6,-32,113
1747014381.931363,65,30,27
1747014381.9663634,-45,-48,143
1747014382.0023634,-2,-53,43
1747014382.0383637,11,-33,69
1747014382.0733633,39,57,89
1747014382.1093633,37,-23,35
1747014382.1443634,8,23,117
1747014382.1793633,33,-63,7
1747014382.214363,9,-49,61
1747014382.250363,-58,26,151
1747014382.2863634,43,52,31
1747014382.3213634,55,32,69
1747014382.3573637,-12,4,41
1747014382.3923633,57,42,-2
1747014382.4273634,-44,-19,61
1747014382.4623632,-16,36,129
1747014382.4983633,-56,-29,45
1747014382.5343633,-66,69,9
1747014382.5693634,-52,7,0
1747014382.6053634,-36,35,85
1747014382.6403637,43,90,51
1747014382.6753633,21,12,91
1747014382.7103634,-34,-53,139
1747014382.7463634,127,62,193
1747014382.7823634,25,52,9
1747014382.8173633,13,2,177
1747014382.8533633,-64,0,33
1747014382.8883634,79,42,121
1747014382.9233634,-30,-87,5
1747014382.9593637,86,-4,-10
1747014382.9943633,67,-57,79
1747014383.030363,25,-2,-48
1747014383.0653634,-22,-18,-46
1747014383.1013634,31,-17,29
1747014383.1363633,-106,-42,-42
1747014383.1713634,-38,52,15
1747014383.2073634,-41,11,27
1747014383.2423637,-34,30,117
1747014383.2783637,-32,-19,7
1747014383.3133633,-12,-17,37
1747014383.349363,-44,-59,-18
1747014383.3843634,-40,-7,103
1747014383.4193633,-4,-63,91
1747014383.4553633,-38,106,-10
1747014383.4903634,-116,32,33
1747014383.5263634,31,24,-36
1747014383.5613637,0,44,45
1747014383.5973637,21,18,95
1747014383.632363,-28,31,67
1747014383.6673634,-72,41,185
1747014383.7033634,67,39,175
1747014383.7383633,3,-76,73
1747014383.7743633,-70,25,143
1747014383.8093634,10,0,79
1747014383.8453634,110,-56,79
1747014383.8803637,118,33,67
1747014383.9153633,74,85,151
1747014383.951363,12,-28,0
1747014383.9863634,-51,-30,119
1747014384.0223634,-27,-38,72
1747014384.0573633,21,-18,-6
1747014384.0933633,-33,71,49
1747014384.1283634,-15,-4,-48
1747014384.1633637,50,-76,65
1747014384.1993637,92,13,98
1747014384.2343633,-95,-4,82
1747014384.270363,42,-16,30
1747014384.3053634,44,-32,38
1747014384.3413634,-35,17,108
1747014384.3763633,17,-45,84
1747014384.4113634,-126,24,16
1747014384.4473634,71,-41,164
1747014384.4823637,-12,38,202
1747014384.5183637,17,-19,-23
1747014384.553363,13,46,104
1747014384.589363,65,52,26
1747014384.625363,-52,44,18
1747014384.6613634,13,56,8
1747014384.6973634,119,-33,86
1747014384.7323637,9,30,-53
1747014384.7673633,25,-51,8
1747014384.803363,-2,-53,184
1747014384.839363,3,-58,152
1747014384.8743634,-54,53,108
1747014384.9103634,-19,60,42
1747014384.9453633,67,27,34
1747014384.9803634,69,45,-37
1747014385.0153637,-24,-105,54
1747014385.0513637,-44,-31,18
1747014385.0873632,0,-25,-37
1747014385.122363,-68,28,148
1747014385.158363,-18,-10,44
1747014385.1933634,-46,-60,22
1747014385.2283633,1,45,-15
1747014385.2633634,7,-10,148
1747014385.2993634,7,55,124
1747014385.3353634,-18,33,-49
1747014385.3703637,-6,-18,146
1747014385.4063632,-46,27,44
1747014385.441363,0,-20,76
1747014385.4763634,-100,24,74
1747014385.5113633,-70,32,42
1747014385.5473633,-32,-3,-27
1747014385.5833633,-19,-24,68
1747014385.6183634,6,-52,110
1747014385.6543634,27,17,40
1747014385.6893632,60,21,64
1747014385.724363,20,-76,108
1747014385.7593634,14,-66,94
1747014385.7953634,46,5,36
1747014385.8313634,-19,15,104
1747014385.8663633,16,35,70
1747014385.9023633,70,-6,16
1747014385.9373634,-29,63,74
1747014385.9723637,-41,-67,-21
1747014386.007363,76,-19,144
1747014386.043363,27,-9,44
1747014386.079363,49,-19,100
1747014386.1143634,1,8,74
1747014386.1503634,0,-19,202
1747014386.1853633,39,8,34
1747014386.2203634,5,-1,118
1747014386.2553637,-14,4,56
1747014386.2913637,-8,64,116
1747014386.3273633,32,-60,-1
1747014386.362363,41,1,34
1747014386.3983634,76,15,116
1747014386.4333634,-73,47,110
1747014386.4683633,-60,31,96
1747014386.5033634,12,28,28
1747014386.5393634,-127,-7,156
1747014386.5753634,-69,-7,64
1747014386.6103632,100,50,106
1747014386.6463633,16,20,16
1747014386.681363,36,-6,130
1747014386.7163634,12,-10,46
1747014386.7513633,-39,-24,-1
1747014386.7873633,-19,-2,146
1747014386.8233633,12,-44,96
1747014386.8583634,10,49,66
1747014386.8943634,46,-26,60
1747014386.9293633,-49,-46,56
1747014386.964363,69,-25,86
1747014386.9993634,77,12,74
1747014387.0353634,-106,-115,116
1747014387.0713634,29,8,54
1747014387.1063633,-1,-42,24
1747014387.1423633,15,-15,108
1747014387.1773634,32,-38,156
1747014387.2123632,0,7,-13
1747014387.247363,20,-50,-23
1747014387.283363,22,33,12
1747014387.3193634,33,26,66
1747014387.3543634,-19,39,86
1747014387.3903637,41,44,128
1747014387.4253633,-11,51,102
1747014387.4603634,-77,-18,122
1747014387.4953637,-14,-52,150
1747014387.5313632,-50,1,22
1747014387.5673633,17,26,128
1747014387.602363,-56,-1,132
1747014387.6383634,17,40,88
1747014387.6733634,41,-25,-101
1747014387.7083633,83,50,100
1747014387.7433634,-26,60,116
1747014387.7793634,89,47,128
1747014387.8153634,-28,0,122
1747014387.8503633,91,-54,32
1747014387.8863633,-122,-24,82
1747014387.9213634,-14,-38,134
1747014387.9563634,111,1,-51
1747014387.9923637,53,43,94
1747014388.0273633,-22,61,108
1747014388.0633633,33,35,118
1747014388.0983634,73,-52,82
1747014388.1343634,-20,-40,64
1747014388.1693633,-24,1,90
1747014388.204363,-48,73,64
1747014388.2403634,-26,1,-35
1747014388.2753634,25,-10,52
1747014388.3113637,7,-54,118
1747014388.3463633,19,-54,138
1747014388.382363,17,25,-3
1747014388.4173634,11,87,46
1747014388.4523633,-6,-35,42
1747014388.4883633,-22,39,80
1747014388.5233634,13,17,42
1747014388.5593634,-72,-30,-29
1747014388.5943637,-34,-102,184
1747014388.6303637,-12,1,-5
1747014388.6653633,69,-30,-25
1747014388.7003634,31,-2,-25
1747014388.7363634,-28,-10,184
1747014388.7783637,39,33,82
1747014388.8153634,17,13,152
1747014388.8503633,-74,-2,12
1747014388.8863633,-17,61,48
1747014388.9213634,30,-34,102
1747014388.9563634,10,7,118
1747014388.9923637,-1,3,126
1747014389.0273633,-32,-58,116
1747014389.0633633,2,0,50
1747014389.0983634,8,-32,174
1747014389.1343634,-85,-24,144
1747014389.1693633,-15,56,66
1747014389.204363,-25,-39,88
1747014389.2403634,-1,-48,64
1747014389.2753634,42,-56,124
1747014389.3113637,21,-21,82
1747014389.3463633,-24,42,-37
1747014389.382363,5,-67,-151
1747014389.4173634,-24,-27,28
1747014389.4523633,-18,32,50
1747014389.4883633,59,-3,50
1747014389.5233634,-12,60,134
1747014389.5593634,11,-67,16
1747014389.5943637,7,20,60
1747014389.6303637,61,8,32
1747014389.6653633,41,32,24
1747014389.7003634,21,-1,4
1747014389.7363634,19,-99,106
1747014389.7713633,-36,-49,-79
1747014389.8073633,-8,-57,66
1747014389.8423634,79,43,26
1747014389.8773634,-40,32,60
1747014389.9123633,-22,-23,72
1747014389.9483633,-40,-19,102
1747014389.9843633,-86,-55,202
1747014390.0193634,-8,-69,100
1747014390.0553634,45,-7,-29
1747014390.0903633,-68,36,60
1747014390.125363,41,18,99
1747014390.1603634,72,-10,-41
1747014390.1963634,-42,-83,117
1747014390.2323637,67,-31,59
1747014390.2673633,24,-33,132
1747014390.303363,82,1,115
1747014390.3383634,-15,13,161
1747014390.3733633,-13,49,-17
1747014390.408363,32,34,62
1747014390.4443634,-19,0,160
1747014390.4803634,8,20,28
1747014390.5153637,8,37,-105
1747014390.5513637,6,-24,-81
1747014390.5863633,50,-34,-81
1747014390.6213634,28,-74,129
1747014390.6563632,-27,49,-69
1747014390.6923633,-7,39,99
1747014390.7283633,-29,-58,83
1747014390.7633634,50,-18,159
1747014390.7993634,12,6,66
1747014390.8343637,-25,4,48
1747014390.8693633,-23,20,76
1747014390.9043634,-39,0,-5
1747014390.9403634,62,-53,56
1747014390.9763634,42,-29,102
1747014391.0113633,62,23,-9
1747014391.0473633,22,-18,-15
1747014391.0823634,-89,3,193
1747014391.1173637,-7,1,63
1747014391.1523633,-41,25,53
1747014391.1883633,17,-47,-35
1747014391.224363,51,4,-21
1747014391.2593634,-24,22,55
1747014391.2953634,55,-21,-9
1747014391.3303633,-42,-33,23
1747014391.3653634,119,-11,36
1747014391.4003634,41,0,-3
1747014391.4363637,82,-14,44
1747014391.4723637,3,28,-5
1747014391.507363,36,-8,172
1747014391.543363,-83,9,196
1747014391.5783634,24,33,65
1747014391.6133633,-42,34,99
1747014391.6483634,25,-57,173
1747014391.6843634,-37,1,91
1747014391.7203634,-55,53,22
1747014391.7553637,-57,49,74
1747014391.7913637,66,19,98
1747014391.826363,-87,15,114
1747014391.8613634,-14,54,36
1747014391.8963633,-21,63,84
1747014391.9323633,-81,-50,192
1747014391.9683633,-15,-22,56
1747014392.0033634,47,40,178
1747014392.0393634,51,40,74
1747014392.0743637,-12,-61,170
1747014392.1093633,13,-7,32
1747014392.1443634,-52,-13,36
1747014392.1803634,-62,38,72
1747014392.2163634,-146,-49,58
1747014392.2513633,-51,-28,44
1747014392.2873633,-31,-56,4
1747014392.3223634,-15,43,14
1747014392.3573637,-1,-2,92
1747014392.3923633,27,9,-53
1747014392.428363,-50,37,82
1747014392.464363,-11,41,68
1747014392.4993634,-21,-52,100
1747014392.5353634,-25,-20,-25
1747014392.5703633,4,11,87
1747014392.6053634,14,-7,-10
1747014392.6403637,52,-14,165
1747014392.6763637,-65,51,-6
1747014392.7123632,42,-8,46
1747014392.747363,50,71,115
1747014392.783363,-15,75,30
1747014392.8183634,28,19,154
1747014392.8533633,-83,-46,106
1747014392.8883634,-117,-59,120
1747014392.9243634,82,-71,4
1747014392.9603634,-5,-17,146
1747014392.9953637,-67,-23,102
1747014393.0313632,66,18,98
1747014393.066363,-40,-2,-21
1747014393.1013634,52,11,-5
1747014393.1373634,20,-38,117
1747014393.1723633,0,89,29
1747014393.2083633,-31,7,85
1747014393.2433634,-41,-56,120
1747014393.2793634,-55,21,42
1747014393.3143632,55,8,82
1747014393.349363,-50,22,76
1747014393.385363,-16,60,46
1747014393.4203634,55,0,-5
1747014393.4563634,13,50,170
1747014393.4913633,0,-5,10
1747014393.5273633,-70,-18,20
1747014393.5623634,-71,18,45
1747014393.5973637,59,25,143
1747014393.6333632,-54,42,24
1747014393.668363,25,24,-57
1747014393.704363,-33,13,38
1747014393.7393634,-58,-13,92
1747014393.7753634,-21,-18,218
1747014393.8103633,-79,25,224
1747014393.8453634,49,14,-37
1747014393.8813634,-22,88,-7
1747014393.9163637,45,-47,134
1747014393.9523633,45,-3,66
1747014393.987363,39,18,78
1747014394.0233634,-38,-37,80
1747014394.0583634,13,46,30
1747014394.0933633,-150,-15,124
1747014394.1293633,27,-81,54
1747014394.1643634,9,-63,-43
1747014394.2003634,29,-9,144
1747014394.2353632,-6,-51,122
1747014394.2713633,-50,2,130
1747014394.306363,17,22,116
1747014394.3413634,5,-56,24
1747014394.3773634,9,-36,46
1747014394.4123633,27,39,-15
1747014394.4483633,-66,17,50
1747014394.4833634,-47,-39,54
1747014394.5193634,-33,52,78
1747014394.5543633,36,-11,-59
1747014394.589363,-10,41,22
1747014394.625363,-34,25,147
1747014394.6603634,-10,17,84
1747014394.6963634,45,38,44
1747014394.7313633,-30,6,172
1747014394.7673633,33,16,-18
1747014394.803363,0,-36,171
1747014394.839363,9,-31,27
1747014394.875363,45,26,153
1747014394.9103634,-16,13,171
1747014394.9453633,-66,-29,-54
1747014394.9813633,-58,31,197
1747014395.0173633,-44,27,30
1747014395.0523634,60,31,41
1747014395.0883634,31,17,-108
1747014395.1233633,49,-62,231
1747014395.158363,-40,9,97
1747014395.1933634,33,-5,135
1747014395.2293634,-10,51,42
1747014395.2653637,-58,85,148
1747014395.3003633,31,-28,-29
1747014395.3363633,-45,-12,39
1747014395.3713634,39,-28,51
1747014395.4063632,59,23,26
1747014395.441363,49,7,-33
1747014395.477363,37,29,16
1747014395.5133634,61,-16,1
1747014395.5483634,-30,39,128
1747014395.5843637,11,21,139
1747014395.6193633,19,-24,9
1747014395.6543634,7,33,-48
1747014395.6893632,23,-28,53
1747014395.7253633,49,-4,33
1747014395.7613633,-59,-33,17
1747014395.7963634,-20,25,-11
1747014395.8323634,74,79,37
1747014395.8673637,-43,-28,-65
1747014395.9023633,48,-16,108
1747014395.9373634,-9,61,47
1747014395.9733634,-89,-34,211
1747014396.0093634,16,-14,-32
1747014396.0443633,94,-74,15
1747014396.0803633,88,0,21
1747014396.1153634,4,55,33
1747014396.1503634,-25,-20,-68
1747014396.1853633,-25,-36,34
1747014396.2213633,-11,-28,254
1747014396.257363,-43,-46,116
1747014396.2923634,-13,51,98
1747014396.3283634,-57,3,148
1747014396.3633633,-17,-26,112
1747014396.3983634,-70,29,200
1747014396.4333634,0,-22,218
1747014396.4693637,-108,15,54
1747014396.5053637,-8,0,10
1747014396.5403633,27,55,102
1747014396.576363,47,45,-55
1747014396.6113634,-48,55,34
1747014396.6463633,33,-68,174
1747014396.681363,45,-32,72
1747014396.7173634,-49,54,4
1747014396.7533634,-57,-13,70
1747014396.7883637,-7,-9,60
1747014396.8243637,80,-87,58
1747014396.8593633,14,-43,84
1747014396.8963633,37,-61,159
1747014396.931363,-13,-11,85
1747014396.9663634,24,62,147
1747014397.0013633,84,72,7
1747014397.0373633,-25,22,75
1747014397.0733633,26,6,27
1747014397.1083634,-55,-23,125
1747014397.1443634,8,66,61
1747014397.1793633,-57,34,9
1747014397.214363,-11,-9,135
1747014397.2493634,16,-53,37
1747014397.2853634,-49,2,87
1747014397.3213634,91,-54,-12
1747014397.3563633,-66,-32,73
1747014397.3923633,28,50,119
1747014397.4273634,32,86,111
1747014397.4623632,-7,-3,-14
1747014397.497363,34,-53,145
1747014397.533363,-51,-15,-108
1747014397.5693634,-10,-53,127
1747014397.6043634,27,94,-32
1747014397.6403637,-14,74,89
1747014397.6753633,-99,-26,83
1747014397.7103634,44,-48,-52
1747014397.7453637,-7,-20,43
1747014397.7813632,24,86,67
1747014397.8173633,-15,2,179
1747014397.852363,-32,-69,173
1747014397.8883634,12,0,89
1747014397.9233634,36,10,75
1747014397.9583633,28,72,252
1747014397.9943633,62,-17,-33
1747014398.0293634,-23,-37,40
1747014398.0653634,-38,-21,206
1747014398.1003633,84,58,96
1747014398.1363633,42,36,158
1747014398.1713634,-9,-71,74
1747014398.2063634,-13,16,92
1747014398.2423637,-9,50,-45
1747014398.2773633,-79,4,200
1747014398.3133633,16,28,-2
1747014398.3483634,28,20,123
1747014398.3843634,-25,-7,89
1747014398.4193633,16,-15,89
1747014398.454363,-65,0,83
1747014398.4903634,-29,44,288
1747014398.5253634,-11,-35,-13
1747014398.5613637,-7,14,120
1747014398.5963633,-41,-13,8
1747014398.632363,-11,26,114
1747014398.6673634,2,14,-1
1747014398.7023633,-14,11,-73
1747014398.7383633,31,75,160
1747014398.780363,24,53,-23
1747014398.8173633,-13,-62,-1
1747014398.852363,-21,49,-21
1747014398.8883634,28,-76,48
1747014398.9233634,-8,35,76
1747014398.9583633,-34,-8,190
1747014398.9943633,-46,9,32
1747014399.0293634,0,23,78
1747014399.0653634,67,15,-63
1747014399.1003633,-85,-19,10
1747014399.1363633,16,-20,-28
1747014399.1713634,-71,-70,103
1747014399.2063634,16,-34,121
1747014399.2423637,-23,-12,-29
1747014399.2773633,8,-2,65
1747014399.3133633,-39,45,109
1747014399.3483634,-41,51,121
1747014399.3843634,-33,43,95
1747014399.4193633,18,-22,74
1747014399.4563634,56,21,98
1747014399.4913633,-28,-10,145
1747014399.5263634,-14,-6,37
1747014399.5623634,-42,13,67
1747014399.5973637,37,17,23
1747014399.6333632,-110,73,39
1747014399.668363,35,-62,109
1747014399.704363,-18,-56,85
1747014399.7393634,81,-9,115
1747014399.7743633,-9,0,-8
1747014399.8103633,-34,-28,87
1747014399.8453634,22,-18,77
1747014399.8813634,96,-46,76
1747014399.9163637,-90,9,-101
1747014399.951363,3,35,-5
1747014399.9863634,-33,25,106
1747014400.0223634,49,64,74
1747014400.0583634,0,-3,44
1747014400.0933633,-12,-1,70
1747014400.1293633,0,4,2
1747014400.1643634,-21,-84,-43
1747014400.1993637,-31,-18,74
1747014400.2343633,16,-44,20
1747014400.270363,24,95,102
1747014400.306363,24,-70,182
1747014400.3413634,26,-40,128
1747014400.3773634,68,-33,200
1747014400.4123633,-72,-10,148
1747014400.4473634,-22,9,6
1747014400.4823637,29,-38,170
1747014400.5183637,41,-6,126
1747014400.5543633,-81,-21,38
1747014400.589363,14,-9,190
1747014400.625363,21,-16,184
1747014400.6603634,5,0,14
1747014400.6953633,-55,-20,-17
1747014400.7303634,32,5,56
1747014400.7663634,-34,-32,66
1747014400.8023634,41,39,25
1747014400.8373632,-74,37,-21
1747014400.8733633,49,59,-14
1747014400.908363,15,-30,103
1747014400.9433634,29,-38,9
1747014400.9783633,41,-36,-98
1747014401.0143633,39,0,85
1747014401.0503633,-23,-32,202
1747014401.0853634,-36,-14,38
1747014401.1213634,1,27,12
1747014401.1563632,41,11,36
1747014401.191363,97,11,66
1747014401.2263634,0,-14,166
1747014401.2623634,4,108,24
1747014401.2983634,-72,-64,104
1747014401.3333633,-6,9,94
1747014401.3693633,71,-30,130
1747014401.4043634,-34,-26,84
1747014401.4393632,-52,35,48
1747014401.474363,67,25,54
1747014401.510363,75,63,22
1747014401.5463634,21,5,93
1747014401.5813634,-62,11,209
1747014401.6173637,53,23,57
1747014401.6523633,-12,93,119
1747014401.6873634,22,18,77
1747014401.7223637,36,-19,71
1747014401.7583632,-20,25,107
1747014401.7943633,-70,-62,-36
1747014401.829363,-56,-76,43
1747014401.8653634,-12,37,189
1747014401.9003634,123,-4,95
1747014401.9353633,1,-10,159
1747014401.9703634,23,11,17
1747014402.0063634,-88,-48,-130
1747014402.0423634,-9,-11,17
1747014402.0773633,-59,-21,130
1747014402.1133633,26,4,12
1747014402.1483634,-82,3,184
1747014402.1833634,6,-61,150
1747014402.2183633,-21,-3,-53
1747014402.2543633,-55,-59,-9
1747014402.2903633,112,13,64
1747014402.3253634,54,-14,26
1747014402.3613634,-97,-56,-17
1747014402.3963633,-18,46,-5
1747014402.431363,-2,-11,56
1747014402.4663634,8,-7,221
1747014402.5023634,28,27,28
1747014402.5383637,10,23,76
1747014402.5733633,-49,64,168
1747014402.6093633,20,-45,203
1747014402.6443634,-23,38,87
1747014402.6793633,48,14,87
1747014402.714363,-3,78,77
1747014402.750363,-14,9,127
1747014402.7863634,-6,59,63
1747014402.8213634,-6,61,125
1747014402.8573637,3,15,95
1747014402.8923633,131,51,193
1747014402.9273634,1,-50,-30
1747014402.9623632,-24,-30,-30
1747014402.9983633,-118,16,127
1747014403.0343633,13,-95,97
1747014403.0693634,23,-69,-2
1747014403.1053634,77,-7,131
1747014403.1403637,-15,19,43
1747014403.1753633,26,43,23
1747014403.2113633,46,33,93
1747014403.2463634,62,35,-32
1747014403.2823634,-71,-38,201
1747014403.3173633,-19,43,129
1747014403.3533633,34,1,95
1747014403.3883634,28,-14,187
1747014403.4233634,10,85,203
1747014403.4593637,-37,-45,165
1747014403.4943633,16,-13,41
1747014403.530363,84,20,49
1747014403.5653634,-49,77,-32
1747014403.6013634,-6,25,127
1747014403.6363633,21,59,-36
1747014403.6713634,9,-36,89
1747014403.7073634,13,21,83
1747014403.7423637,-50,-34,65
1747014403.7783637,-44,0,-90
1747014403.8133633,-30,43,-12
1747014403.849363,-42,-19,195
1747014403.8843634,-64,-82,25
1747014403.9193633,35,11,169
1747014403.9553633,13,-48,117
1747014403.9903634,27,-50,61
1747014404.0263634,39,9,157
1747014404.0613637,-42,-22,5
1747014404.0973637,-28,-46,31
1747014404.132363,-78,4,-10
1747014404.1673634,-40,16,93
1747014404.2033634,139,34,121
1747014404.2383633,-16,18,197
1747014404.2743633,27,-27,3
1747014404.3093634,-18,48,159
1747014404.3453634,-48,6,103
1747014404.3803637,-51,-60,-2
1747014404.4153633,19,-1,105
1747014404.451363,-40,-27,15
1747014404.4863634,-38,-17,125
1747014404.5223634,0,-65,135
1747014404.5573633,-48,2,29
1747014404.5933633,-2,58,-30
1747014404.6283634,-16,64,87
1747014404.6633637,53,-19,147
1747014404.6993637,33,0,25
1747014404.7343633,7,64,261
1747014404.770363,-18,-41,69
1747014404.8053634,-8,-17,-56
1747014404.8413634,37,44,73
1747014404.8763633,-50,4,19
1747014404.9113634,37,-71,35
1747014404.9473634,9,-39,201
1747014404.9823637,17,-25,97
1747014405.0183637,69,10,121
1747014405.053363,61,0,207
1747014405.0883634,12,19,193
1747014405.1233633,-1,3,-30
1747014405.1593633,-43,-60,201
1747014405.1953633,-29,33,-92
1747014405.2303634,46,-70,39
1747014405.2663634,-24,-21,85
1747014405.3013637,53,-73,23
1747014405.3363633,-82,28,53
1747014405.3713634,-14,-29,27
1747014405.4073634,17,40,151
1747014405.4433634,-8,62,25
1747014405.4783633,57,-35,0
1747014405.5143633,-36,-71,127
1747014405.5493634,-4,-53,-26
1747014405.5843637,97,-13,29
1747014405.6193633,3,2,197
1747014405.655363,3,-29,41
1747014405.691363,-13,-1,175
1747014405.7263634,-23,6,35
1747014405.7623634,17,-49,39
1747014405.7973633,-22,26,77
1747014405.8323634,23,44,39
1747014405.8673637,15,30,-4
1747014405.9033637,29,62,125
1747014405.9393632,-11,-23,35
1747014405.974363,-72,-18,47
1747014406.010363,13,69,149
1747014406.0453634,50,-16,181
1747014406.0803633,-29,-14,213
1747014406.1153634,6,-46,59
1747014406.1513634,-10,12,23
1747014406.1873634,20,23,71
1747014406.2223637,-55,-42,223
1747014406.2583632,-2,-69,159
1747014406.293363,9,48,-80
1747014406.3283634,-3,-80,91
1747014406.3633633,16,18,141
1747014406.3993633,43,-47,-104
1747014406.4353633,-30,36,105
1747014406.4703634,19,10,93
1747014406.5063634,70,-44,107
1747014406.5413637,12,-2,87
1747014406.576363,20,-28,77
1747014406.6113634,-58,-25,155
1747014406.6473634,45,12,-30
1747014406.6833634,49,14,185
1747014406.7183633,-52,60,157
1747014406.7543633,-42,34,71
1747014406.7893634,19,46,25
1747014406.8243637,-21,19,175
1747014406.8593633,-58,-27,-118
1747014406.895363,-4,12,33
1747014406.931363,39,-13,81
1747014406.9663634,-30,-43,5
1747014407.0023634,65,78,11
1747014407.0373633,-79,-22,33
1747014407.0723634,1,-31,39
1747014407.1073637,21,-27,75
1747014407.1433637,68,-1,191
1747014407.1793633,-11,24,69
1747014407.214363,-6,100,65
1747014407.250363,-46,32,125
1747014407.2853634,-2,48,95
1747014407.3203633,-46,48,31
1747014407.3553634,-39,10,169
1747014407.3913634,-49,70,37
1747014407.4273634,86,-19,85
1747014407.4623632,6,-1,13
1747014407.4983633,18,-42,3
1747014407.533363,6,1,119
1747014407.5683634,-1,1,73
1747014407.6033633,-14,-29,3
1747014407.6393633,28,-34,67
1747014407.6753633,46,1,29
1747014407.7103634,88,-10,-24
1747014407.7463634,-76,61,81
1747014407.7813632,-10,-20,49
1747014407.816363,64,-37,95
1747014407.8513634,37,-34,31
1747014407.8873634,5,0,81
1747014407.9233634,59,1,63
1747014407.9583633,-7,64,17
1747014407.9943633,20,20,-20
1747014408.0293634,-1,-29,155
1747014408.0643632,-4,-36,115
1747014408.099363,-98,-49,121
1747014408.135363,32,25,115
1747014408.1713634,-67,15,163
1747014408.2063634,-89,-70,163
1747014408.2423637,7,4,35
1747014408.2773633,78,39,3
1747014408.3123634,8,-90,105
1747014408.3483634,5,-7,93
1747014408.3833632,0,24,-6
1747014408.4193633,45,16,35
1747014408.454363,19,-31,-28
1747014408.4903634,29,-15,99
1747014408.5253634,5,-13,81
1747014408.5603633,-43,-78,129
1747014408.5963633,-24,112,115
1747014408.6313634,-74,-3,55
1747014408.6673634,43,10,15
1747014408.7023633,3,62,95
1747014408.7383633,-12,41,69
1747014408.7733634,9,34,-39
1747014408.8153634,-18,-69,61
1747014408.852363,5,-7,54
1747014408.8873634,-100,4,76
1747014408.9233634,-46,84,29
1747014408.9583633,3,0,157
1747014408.9943633,-68,10,75
1747014409.0293634,-61,26,50
1747014409.0643632,36,-79,-59
1747014409.1003633,22,-75,24
1747014409.135363,-63,-39,168
1747014409.1713634,22,-29,-61
1747014409.2063634,-61,44,12
1747014409.2423637,-3,-27,24
1747014409.2773633,-13,-45,112
1747014409.3123634,-41,-41,86
1747014409.3483634,24,-59,82
1747014409.3833632,-35,-51,134
1747014409.4193633,10,9,-3
1747014409.454363,92,-36,132
1747014409.4903634,8,-33,-5
1747014409.5253634,-59,-5,26
1747014409.5603633,-7,26,110
1747014409.5963633,44,30,64
1747014409.6313634,42,-22,4
1747014409.6673634,-9,43,46
1747014409.7023633,27,-2,154
1747014409.737363,-9,83,12
1747014409.7723634,14,20,120
1747014409.8083634,22,-77,-33
1747014409.8443637,-3,72,138
1747014409.8793633,4,-25,48
1747014409.9153633,34,-17,66
1747014409.9503634,-4,25,178
1747014409.9863634,35,35,48
1747014410.0213633,53,-72,32
1747014410.056363,-52,43,-5
1747014410.0923634,27,-32,68
1747014410.1273634,-48,51,40
1747014410.1633637,19,75,-15
1747014410.1983633,-34,-24,32
1747014410.2333634,29,-6,148
1747014410.2683637,3,-48,58
1747014410.3043633,-44,-34,92
1747014410.3403633,33,39,86
1747014410.375363,-2,-22,14
1747014410.4113634,-56,47,56
1747014410.4463634,45,-4,40
1747014410.4813633,45,65,146
1747014410.5163634,-12,35,146
1747014410.5523634,47,-16,76
1747014410.5883634,53,-8,16
1747014410.6233633,41,-103,66
1747014410.6593633,-18,58,30
1747014410.6943634,35,90,164
1747014410.7293634,33,-1,-119
1747014410.7643633,-128,-5,-1
1747014410.8003633,25,5,60
1747014410.8363633,-27,7,236
1747014410.8713634,-94,-43,82
1747014410.9073634,-30,62,-13
1747014410.9423633,-39,-32,100
1747014410.977363,55,-40,48
1747014411.0123634,-36,11,174
1747014411.0483634,51,-25,166
1747014411.0843637,1,76,30
1747014411.1193633,-16,-7,76
1747014411.155363,61,-9,84
1747014411.1903634,-45,53,108
1747014411.2253633,9,-77,132
1747014411.260363,-26,-27,44
1747014411.2963634,-12,-53,-7
1747014411.3323634,-22,-19,62
1747014411.3673637,54,-54,64
1747014411.4033637,14,3,202
1747014411.4383633,-25,76,28
1747014411.4733634,-20,24,144
1747014411.5083632,-29,43,66
1747014411.5443633,-14,72,-39
1747014411.5803633,31,28,146
1747014411.6153634,45,78,30
1747014411.6513634,-87,49,86
1747014411.6863637,84,21,46
1747014411.7213633,-57,47,38
1747014411.7563634,90,-6,66
1747014411.7923634,70,-10,144
1747014411.8283634,-58,-5,122
1747014411.8633633,-54,-17,108
1747014411.8993633,-18,-47,-1
1747014411.9343634,-52,112,104
1747014411.9693637,59,4,-1
1747014412.0043633,35,-27,178
1747014412.0403633,0,26,28
1747014412.076363,10,-24,110
1747014412.1113634,40,-46,98
1747014412.1473634,20,3,132
1747014412.1823633,0,-2,126
1747014412.2173634,-62,-21,124
1747014412.2523634,-14,-52,22
1747014412.2883637,25,15,-5
1747014412.3243637,-36,24,84
1747014412.3593633,27,-16,130
1747014412.395363,3,-81,98
1747014412.4303634,-54,8,154
1747014412.4653633,-42,-13,130
1747014412.500363,-30,-1,22
1747014412.5363634,5,-45,102
1747014412.5723634,31,-53,100
1747014412.6073637,65,-18,22
1747014412.6433637,87,29,16
1747014412.678363,57,79,34
1747014412.7133634,-18,61,104
1747014412.7483633,-19,25,176
1747014412.7843633,42,-62,66
1747014412.8203633,27,-31,32
1747014412.8553634,9,-29,138
1747014412.8913634,-28,19,0
1747014412.9263637,-10,-20,22
1747014412.9613633,55,-36,68
1747014412.9963634,51,23,50
1747014413.0323634,-54,-10,48
1747014413.0683634,41,-44,68
1747014413.1033633,29,-46,158
1747014413.1393633,-50,51,-1
1747014413.1743634,17,-43,104
1747014413.2093637,-54,38,24
1747014413.2443633,-18,24,116
1747014413.280363,-38,-63,112
1747014413.316363,1,-42,-21
1747014413.3513634,125,-12,-5
1747014413.3873634,-20,-38,88
1747014413.4223633,0,-24,50
1747014413.4573634,19,-20,118
1747014413.4933634,-138,-12,-45
1747014413.5283637,-99,-9,126
1747014413.5643632,-16,-54,74
1747014413.599363,-16,5,106
1747014413.635363,53,60,64
1747014413.6703634,17,-11,138
1747014413.7053633,-44,-17,0
1747014413.7413633,39,-51,72
1747014413.7763634,-19,-8,44
1747014413.8123634,58,-12,98
1747014413.8473637,-19,17,66
1747014413.8833632,11,23,66
1747014413.918363,-42,-4,74
1747014413.9533634,-6,-42,114
1747014413.9893634,-39,-112,142
1747014414.0243633,-15,33,24
1747014414.0603633,-29,-44,90
1747014414.0953634,66,-27,118
1747014414.1313634,-43,24,146
1747014414.1663637,19,7,22
1747014414.201363,10,5,11
1747014414.237363,2,15,109
1747014414.2723634,-73,11,47
1747014414.3083634,122,-6,97
1747014414.3433633,-13,-14,45
1747014414.3793633,12,-10,80
1747014414.4143634,4,-2,-30
1747014414.4493637,-74,-42,95
1747014414.4853632,-10,-6,161
1747014414.520363,8,26,50
1747014414.556363,68,6,-23
1747014414.5913634,42,22,26
1747014414.6273634,28,-71,58
1747014414.6623633,8,10,206
1747014414.6973634,-35,-53,116
1747014414.7333634,-15,10,90
1747014414.7683637,14,-82,226
1747014414.8043633,-14,-17,146
1747014414.839363,0,69,78
1747014414.875363,-67,-10,12
1747014414.9103634,-7,-18,-23
1747014414.9453633,-23,15,62
1747014414.9813633,38,-30,46
1747014415.0163634,57,-15,26
1747014415.0523634,96,-32,50
1747014415.0873632,-49,-2,240
1747014415.1233633,42,34,-7
1747014415.1593633,4,-9,130
1747014415.1943634,-9,-11,54
1747014415.2293634,20,10,12
1747014415.2653637,-3,-49,80
1747014415.3013637,8,-16,14
1747014415.3363633,10,14,178
1747014415.372363,22,10,163
1747014415.4073634,-27,-4,99
1747014415.4423633,-3,-6,79
1747014415.477363,4,-68,104
1747014415.5133634,33,-78,-31
1747014415.5493634,43,-52,110
1747014415.5843637,56,-8,80
1747014415.6203637,-35,-12,86
1747014415.655363,44,-30,76
1747014415.6903634,-69,23,10
1747014415.7253633,8,19,88
1747014415.7613633,-79,47,122
1747014415.7973633,6,-26,46
1747014415.8323634,-1,39,60
1747014415.8683634,26,13,-10
1747014415.9033637,-59,1,133
1747014415.9383633,-37,-24,-22
1747014415.9733634,24,-22,-44
1747014416.0093634,78,-8,151
1747014416.0453634,-55,66,25
1747014416.0803633,46,32,127
1747014416.1163633,-27,5,141
1747014416.1513634,0,-19,72
1747014416.1863637,5,-5,69
1747014416.2213633,-28,-37,83
1747014416.257363,-36,72,47
1747014416.293363,98,-4,109
1747014416.3283634,-24,-48,39
1747014416.3643634,63,-40,62
1747014416.3993633,-76,54,8
1747014416.4343634,-10,46,184
1747014416.4693637,-70,12,-39
1747014416.5053637,-56,-44,178
1747014416.5413637,-30,68,150
1747014416.576363,83,6,68
1747014416.612363,3,1,54
1747014416.6473634,3,33,112
1747014416.6823633,29,12,100
1747014416.7173634,77,16,136
1747014416.7533634,27,4,100
1747014416.7893634,25,44,102
1747014416.8243637,9,-1,-1
1747014416.8603632,-52,-9,34
1747014416.895363,-84,90,52
1747014416.9303634,39,8,95
1747014416.9653633,83,14,125
1747014417.0013633,-90,-49,115
1747014417.0373633,-48,62,167
1747014417.0723634,45,-48,21
1747014417.1083634,3,-36,71
1747014417.1433637,-22,-58,53
1747014417.178363,43,-12,23
1747014417.2133634,38,10,39
1747014417.2493634,45,-20,-57
1747014417.2853634,46,28,164
1747014417.3203633,-11,-3,36
1747014417.3563633,-6,43,-5
1747014417.3913634,-70,-60,222
1747014417.4263637,13,55,-32
1747014417.4613633,43,-17,24
1747014417.497363,-26,118,98
1747014417.533363,17,54,162
1747014417.5683634,-24,18,42
1747014417.6043634,97,24,16
1747014417.6393633,31,38,98
1747014417.6743634,0,24,72
1747014417.7093637,61,45,110
1747014417.7453637,-18,-71,100
1747014417.7813632,-68,6,42
1747014417.816363,3,72,0
1747014417.852363,-16,3,41
1747014417.8873634,-8,-26,51
1747014417.9223633,-21,-53,16
1747014417.9573634,-30,-46,125
1747014417.9933634,9,17,-4
1747014418.0293634,-32,-12,8
1747014418.0643632,103,-40,64
1747014418.1003633,37,51,84
1747014418.135363,-38,0,-41
1747014418.1703634,3,1,-95
1747014418.2053633,11,19,110
1747014418.2413633,-46,-12,8
1747014418.2773633,29,-50,106
1747014418.3123634,-28,-16,114
1747014418.3483634,35,-50,94
1747014418.3833632,-30,17,111
1747014418.418363,-8,65,210
1747014418.454363,-102,9,39
1747014418.4893634,-20,-2,111
1747014418.5253634,41,-4,115
1747014418.5603633,53,55,54
1747014418.5963633,23,0,36
1747014418.6313634,33,-1,-53
1747014418.6663637,-8,27,108
1747014418.7023633,-8,-72,46
1747014418.737363,-44,-81,46
1747014418.7733634,-26,6,10
1747014418.8083634,-68,14,53
1747014418.8503633,-38,-13,34
1747014418.8863633,-78,-37,180
1747014418.9223633,19,-55,92
1747014418.9583633,-32,-76,26
1747014418.9933634,73,-67,144
1747014419.0293634,39,34,160
1747014419.0643632,-68,-27,168
1747014419.1003633,9,-62,82
1747014419.135363,37,56,82
1747014419.1703634,13,-35,78
1747014419.2063634,3,10,-7
1747014419.2413633,3,35,130
1747014419.2773633,-76,37,26
1747014419.3123634,23,5,-29
1747014419.3483634,-29,2,18
1747014419.3833632,-67,6,6
1747014419.418363,55,11,-23
1747014419.454363,-38,34,60
1747014419.4893634,-66,-31,-23
1747014419.5253634,31,-12,105
1747014419.5603633,-14,-20,192
1747014419.5963633,-38,-64,142
1747014419.6313634,67,22,152
1747014419.6663637,69,-97,178
1747014419.7023633,-48,-55,116
1747014419.737363,-4,-40,26
1747014419.7733634,-80,91,-21
1747014419.8083634,53,51,16
1747014419.8443637,49,-34,118
1747014419.8793633,0,-18,92
1747014419.9143634,-11,-44,138
1747014419.9503634,126,-32,-13
1747014419.9853632,19,-35,92
1747014420.0213633,61,32,-37
1747014420.056363,-56,-50,134
1747014420.0923634,-24,23,-19
1747014420.1273634,21,43,66
1747014420.1623633,-60,41,146
1747014420.1983633,53,-33,106
1747014420.2333634,-20,56,142
1747014420.2693634,-48,-9,50
1747014420.3043633,-58,44,10
1747014420.339363,93,-31,108
1747014420.3743634,65,12,250
1747014420.4103634,1,10,-87
1747014420.4463634,-20,-9,160
1747014420.4813633,5,65,102
1747014420.5173633,49,55,-17
1747014420.5523634,31,-6,150
1747014420.5873632,-18,-4,70
1747014420.622363,75,-98,206
1747014420.658363,-24,-58,26
1747014420.6943634,31,35,75
1747014420.7293634,15,-7,175
1747014420.7653637,1,20,41
1747014420.8003633,135,22,89
1747014420.8353634,61,20,3
1747014420.8703637,73,38,41
1747014420.9063632,68,-65,105
1747014420.9423633,-13,10,79
1747014420.977363,33,-21,67
1747014421.0133634,-20,20,93
1747014421.0483634,51,10,-92
1747014421.0833633,-11,44,110
1747014421.1183634,72,6,132
1747014421.1543634,-30,30,112
1747014421.1903634,54,52,15
1747014421.2253633,23,-47,-79
1747014421.2613633,19,-28,32
1747014421.2963634,-23,16,98
1747014421.3313634,51,25,71
1747014421.3663633,55,-68,63
1747014421.4023633,-66,41,65
1747014421.4383633,-79,-35,70
1747014421.4733634,30,-17,71
1747014421.5093634,28,-7,39
1747014421.5443633,60,-25,115
1747014421.579363,0,-19,18
1747014421.6143634,42,-29,-11
1747014421.6503634,8,-49,-55
1747014421.6863637,-12,-73,-1
1747014421.7213633,1,-1,202
1747014421.757363,-3,30,104
1747014421.7923634,-2,68,52
1747014421.8273633,-69,49,32
1747014421.862363,46,45,126
1747014421.8983634,1,30,-23
1747014421.9343634,36,85,0
1747014421.9693637,2,29,-41
1747014422.0053637,9,-1,30
1747014422.0403633,-18,48,134
1747014422.0753634,-4,-43,94
1747014422.1103632,83,40,54
1747014422.1463633,13,52,6
1747014422.1823633,39,16,39
1747014422.2173634,39,-9,11
1747014422.2533634,-18,-57,31
1747014422.2883637,-76,16,171
1747014422.3233633,-123,2,35
1747014422.3583634,22,20,15
1747014422.3943634,20,86,53
1747014422.4303634,12,-11,115
1747014422.4653633,-16,28,97
1747014422.5013633,-27,6,29
1747014422.5363634,14,21,61
1747014422.5713634,18,-26,87
1747014422.6063633,-52,-9,-4
1747014422.6423633,-26,-37,137
1747014422.678363,52,-11,21
1747014422.7133634,6,-19,41
1747014422.7493634,-39,22,-6
1747014422.7843633,4,22,35
1747014422.8193634,55,-3,-68
1747014422.8543634,26,8,73
1747014422.8903637,75,10,87
1747014422.9263637,71,12,49
1747014422.9613633,11,-48,-6
1747014422.997363,-20,44,112
1747014423.0323634,31,-23,99
1747014423.0673633,-8,-67,177
1747014423.102363,-16,28,58
1747014423.1383634,11,-17,23
1747014423.1743634,91,8,-47
1747014423.2093637,-31,54,168
1747014423.2453637,-40,30,84
1747014423.280363,-11,-1,104
1747014423.3153634,109,38,90
1747014423.3503633,-22,-59,1
1747014423.3863633,-34,44,52
1747014423.4223633,-70,-5,93
1747014423.4573634,39,-49,-50
1747014423.4933634,27,-87,15
1747014423.5283637,21,18,23
1747014423.5633633,43,34,258
1747014423.599363,-46,6,94
1747014423.6343634,-52,67,5
1747014423.6703634,23,-26,79
1747014423.7053633,-24,45,77
1747014423.7413633,-14,14,114
1747014423.7763634,13,144,51
1747014423.8113637,59,8,-51
1747014423.8473637,-14,-23,72
1747014423.882363,17,-15,44
1747014423.918363,-22,12,14
1747014423.9533634,-6,6,8
1747014423.9893634,86,40,66
1747014424.0243633,22,-13,52
1747014424.0593634,76,-21,50
1747014424.0953634,-70,11,20
1747014424.1303637,-30,5,126
1747014424.1663637,-2,-20,40
1747014424.201363,-16,-90,182
1747014424.237363,9,-6,-6
1747014424.2723634,-132,-18,113
1747014424.3073633,-4,-17,60
1747014424.3433633,-68,67,-5
1747014424.3783634,35,-61,92
1747014424.4143634,13,76,38
1747014424.4493637,63,-19,24
1747014424.4853632,-20,66,166
1747014424.520363,75,18,138
1747014424.5553634,-22,-17,30
1747014424.5913634,-25,3,118
1747014424.6263633,-40,-3,-23
1747014424.6623633,45,20,28
1747014424.6973634,7,64,-29
1747014424.7333634,-56,-9,17
1747014424.7683637,-14,4,69
1747014424.803363,-11,-35,-86
1747014424.839363,-26,26,173
1747014424.8743634,-18,-25,47
1747014424.9103634,-62,4,57
1747014424.9453633,5,-65,-28
1747014424.9813633,-60,-11,81
1747014425.0163634,9,18,41
1747014425.0513637,33,10,81
1747014425.0873632,-26,20,59
1747014425.122363,13,10,47
1747014425.158363,-16,-51,49
1747014425.1933634,-7,9,133
1747014425.2293634,19,-37,155
1747014425.2653637,-8,-67,41
1747014425.3013637,54,-51,18
1747014425.3373632,-53,14,149
1747014425.372363,29,6,69
1747014425.4073634,-5,23,-24
1747014425.4433634,-6,-5,125
1747014425.4793634,42,-14,15
1747014425.5143633,41,54,55
1747014425.5503633,-106,4,7
1747014425.5853634,4,-2,61
1747014425.6203637,59,12,103
1747014425.655363,-58,14,59
1747014425.691363,55,6,108
1747014425.727363,15,-41,100
1747014425.7623634,-18,-7,72
1747014425.7983634,0,36,242
1747014425.8333633,102,-5,122
1747014425.8683634,38,-40,172
1747014425.9033637,-7,-106,-63
1747014425.9393632,-81,5,6
1747014425.9753633,2,35,200
1747014426.010363,-77,17,90
1747014426.0463634,22,37,104
1747014426.0813634,54,-28,153
1747014426.1163633,-6,-55,93
1747014426.1513634,4,-12,52
1747014426.1873634,55,-33,154
1747014426.2233634,43,-1,96
1747014426.2583632,-28,-37,-23
1747014426.2943633,-74,-52,44
1747014426.329363,51,-16,-75
1747014426.3643634,-22,-4,-55
1747014426.3993633,-30,-25,61
1747014426.4353633,-26,20,0
1747014426.4713633,27,-1,75
1747014426.5063634,-32,32,121
1747014426.5423634,-45,-20,146
1747014426.5773633,-39,-8,-8
1747014426.612363,83,44,8
1747014426.6473634,-18,-43,-3
1747014426.6833634,-38,36,38
1747014426.7193637,-25,-39,222
1747014426.7543633,43,-45,120
1747014426.7903633,59,24,24
1747014426.8253634,55,12,68
1747014426.8603632,-20,4,-29
1747014426.895363,21,47,98
1747014426.931363,34,-31,94
1747014426.9673634,-19,-90,-7
1747014427.0023634,-1,-38,40
1747014427.0383637,-33,-6,100
1747014427.0733633,-131,-12,8
1747014427.1083634,-45,15,88
1747014427.1433637,-63,-30,2
1747014427.1793633,30,-48,104
1747014427.2153633,2,20,39
1747014427.250363,4,-21,116
1747014427.2863634,70,12,124
1747014427.3213634,62,-35,144
1747014427.3563633,-2,-20,-6
1747014427.3913634,9,19,-24
1747014427.4273634,58,-1,81
1747014427.4633634,42,40,1
1747014427.4983633,59,-2,19
1747014427.5343633,99,10,13
1747014427.5693634,-30,28,187
1747014427.6043634,-40,22,57
1747014427.6393633,57,32,21
1747014427.6753633,109,-33,179
1747014427.7113633,-67,20,172
1747014427.7463634,14,7,184
1747014427.7823634,34,-36,161
1747014427.8173633,-21,47,31
1747014427.852363,78,41,80
1747014427.8873634,54,-30,46
1747014427.9233634,14,29,30
1747014427.9593637,8,19,54
1747014427.9943633,-57,-28,18
1747014428.030363,-22,-121,59
1747014428.0653634,-5,13,-26
1747014428.1003633,39,10,138
1747014428.135363,25,0,4
1747014428.1713634,7,4,88
1747014428.2073634,47,20,56
1747014428.2423637,53,26,59
1747014428.2783637,6,10,102
1747014428.3133633,88,28,128
1747014428.3483634,28,5,138
1747014428.3833632,-43,7,8
1747014428.4193633,-41,61,80
1747014428.4553633,52,-48,36
1747014428.4903634,54,-44,38
1747014428.5263634,-11,1,142
1747014428.5613637,-13,-16,214
1747014428.5963633,105,-21,128
1747014428.632363,23,-53,142
1747014428.6673634,-68,-28,122
1747014428.7033634,-60,35,74
1747014428.7383633,43,24,160
1747014428.7743633,57,18,5
1747014428.8093634,-36,16,69
1747014428.8513634,-2,-13,87
1747014428.8883634,-39,32,21
1747014428.9233634,-38,24,68
1747014428.9593637,-48,6,68
1747014428.9943633,-18,-5,36
1747014429.030363,-38,-17,124
1747014429.0653634,73,-30,67
1747014429.1003633,-68,-16,75
1747014429.1363633,-56,-58,84
1747014429.1713634,43,-42,94
1747014429.2073634,-54,65,108
1747014429.2423637,-34,5,66
1747014429.2783637,21,-8,146
1747014429.3133633,47,29,62
1747014429.3483634,-34,83,18
1747014429.3843634,-97,1,8
1747014429.4193633,-79,23,54
1747014429.4553633,-7,-30,66
1747014429.4903634,2,-175,136
1747014429.5263634,20,-36,46
1747014429.5613637,-115,33,158
1747014429.5963633,46,0,68
1747014429.632363,-71,29,50
1747014429.6673634,24,38,74
1747014429.7033634,10,42,60
1747014429.7383633,-39,-3,90
1747014429.7743633,64,-91,101
1747014429.8093634,-32,31,105
1747014429.8443637,56,-57,103
1747014429.8803637,44,12,24
1747014429.9153633,50,54,164
1747014429.951363,-39,58,93
1747014429.9863634,-35,-27,47
1747014430.0223634,14,55,9
1747014430.0573633,-18,72,63
1747014430.0923634,30,-64,125
1747014430.1283634,-67,14,-4
1747014430.1633637,-19,3,51
1747014430.1993637,30,-8,53
1747014430.2343633,16,51,50
1747014430.270363,-54,37,52
1747014430.3053634,-44,0,126
1747014430.3403633,22,-34,85
1747014430.3763633,11,15,-31
1747014430.4113634,-45,33,-33
1747014430.4473634,28,9,36
1747014430.4823637,-25,24,174
1747014430.5173633,-67,-6,85
1747014430.5523634,-19,33,-67
1747014430.5883634,20,-49,76
1747014430.6243634,56,-64,36
1747014430.6593633,-51,7,59
1747014430.6953633,-115,-30,65
1747014430.7303634,7,-33,125
1747014430.7653637,7,-17,-1
1747014430.8003633,44,-2,71
1747014430.8363633,-1,0,33
1747014430.872363,-23,0,127
1747014430.9073634,-7,-38,73
1747014430.9433634,-17,2,119
1747014430.9783633,-71,-28,61
1747014431.0133634,-79,-70,83
1747014431.0483634,-19,-30,103
1747014431.0843637,24,-66,143
1747014431.1203637,-20,9,69
1747014431.155363,43,-12,69
1747014431.191363,13,32,65
1747014431.2263634,-69,-16,59
1747014431.2613633,10,57,9
1747014431.2963634,15,10,-24
1747014431.3323634,15,-20,69
1747014431.3683634,0,-29,73
1747014431.4033637,-16,-53,-2
1747014431.4393632,-32,58,102
1747014431.474363,-14,6,-91
1747014431.5093634,17,-5,-19
1747014431.5443633,11,58,64
1747014431.5803633,-23,20,32
1747014431.6163633,52,-33,30
1747014431.6513634,-72,44,222
1747014431.6873634,12,10,118
1747014431.7223637,35,45,-27
1747014431.757363,-38,46,28
1747014431.7923634,57,27,92
1747014431.8283634,-34,-34,-31
1747014431.8643634,-8,39,-29
1747014431.8993633,-67,-18,42
1747014431.9353633,-76,0,44
1747014431.9703634,-12,3,111
1747014432.0053637,-48,29,-17
1747014432.0403633,39,7,40
1747014432.076363,-23,63,70
1747014432.112363,-18,-18,76
1747014432.1473634,-66,-22,124
1747014432.1833634,-64,-24,56
1747014432.2183633,-32,-7,-13
1747014432.2533634,-32,-32,-3
1747014432.2883637,-34,-48,102
1747014432.3243637,47,-36,63
1747014432.3603632,-16,84,89
1747014432.395363,-4,12,97
1747014432.431363,41,10,43
1747014432.4663634,41,4,171
1747014432.5013633,-26,42,51
1747014432.5363634,51,-33,169
1747014432.5723634,-11,-6,105
1747014432.6083634,64,-4,45
1747014432.6433637,36,-66,57
1747014432.6793633,52,63,-8
1747014432.714363,-23,-30,139
1747014432.7493634,-5,-38,165
1747014432.7843633,-3,-1,-53
1747014432.8203633,30,-28,-66
1747014432.8563633,-41,5,99
1747014432.8913634,-41,68,17
1747014432.9273634,33,-2,103
1747014432.9623632,-62,21,47
1747014432.997363,-32,17,134
1747014433.0323634,-70,-62,101
1747014433.0683634,-20,50,117
1747014433.1043634,-42,10,89
1747014433.1393633,7,-69,119
1747014433.1753633,55,33,165
1747014433.2103634,1,-34,34
1747014433.2453637,-8,2,92
1747014433.280363,-68,-19,-19
1747014433.316363,33,-47,50
1747014433.352363,85,-55,58
1747014433.3873634,87,12,128
1747014433.4233634,8,27,64
1747014433.4583633,-27,-44,132
1747014433.4933634,22,29,84
1747014433.5283637,-41,43,38
1747014433.5643632,-10,70,44
1747014433.6003633,42,19,166
1747014433.635363,-9,35,42
1747014433.6713634,26,3,-79
1747014433.7063634,-14,-27,-41
1747014433.7413633,11,19,-1
1747014433.7773633,-12,-4,68
1747014433.8123634,-82,17,98
1747014433.8483634,31,-46,64
1747014433.8833632,43,-3,35
1747014433.9193633,1,49,37
1747014433.954363,13,35,109
1747014433.9893634,-16,19,7
1747014434.0253634,21,-88,11
1747014434.0603633,32,0,-20
1747014434.0963633,-27,-12,59
1747014434.1313634,82,17,-36
1747014434.1673634,-3,78,49
1747014434.2023633,2,-33,-6
1747014434.237363,28,-13,75
1747014434.2733634,30,-35,37
1747014434.3083634,54,-9,-38
1747014434.3443637,-1,31,89
1747014434.3793633,-45,0,233
1747014434.4153633,0,-38,51
1747014434.4503634,10,28,-2
1747014434.4853632,-55,7,9
1747014434.5213633,-39,4,63
1747014434.556363,-42,20,247
1747014434.5923634,-58,-1,44
1747014434.6273634,-24,68,82
1747014434.6633637,23,36,198
1747014434.6983633,10,38,74
1747014434.7333634,2,40,48
1747014434.7693634,-61,-3,58
1747014434.8043633,-3,-59,118
1747014434.8403633,-29,48,-11
1747014434.875363,18,54,86
1747014434.9113634,30,0,114
1747014434.9463634,-27,8,90
1747014434.9813633,-23,56,-29
1747014435.0173633,6,10,240
1747014435.0523634,-8,-13,180
1747014435.0883634,32,-15,78
1747014435.1233633,10,-69,56
1747014435.1593633,39,-30,190
1747014435.1943634,-64,1,-63
1747014435.2293634,-72,15,22
1747014435.2653637,-54,-16,6
1747014435.3003633,19,13,196
1747014435.3363633,-14,15,18
1747014435.3713634,29,27,-23
1747014435.4073634,-26,15,22
1747014435.4433634,109,-16,18
1747014435.4783633,63,-50,32
1747014435.5133634,-28,-42,131
1747014435.5493634,17,23,25
1747014435.5853634,-58,33,-24
1747014435.6203637,-38,24,75
1747014435.6563632,93,-82,67
1747014435.691363,61,70,93
1747014435.7263634,-49,-20,15
1747014435.7613633,24,-28,11
1747014435.7973633,-26,-6,91
1747014435.8333633,-4,39,-78
1747014435.8683634,-60,-31,105
1747014435.9043634,-74,11,147
1747014435.9393632,45,39,25
1747014435.974363,0,30,177
1747014436.0093634,-22,25,51
1747014436.0453634,-40,-57,122
1747014436.0813634,9,-81,168
1747014436.1163633,57,11,14
1747014436.1523633,-20,52,148
1747014436.1873634,-24,-49,76
1747014436.2223637,33,2,58
1747014436.257363,37,-41,26
1747014436.293363,33,24,12
1747014436.329363,-6,-31,77
1747014436.3643634,19,-20,23
1747014436.4003634,-38,-55,101
1747014436.4353633,55,28,56
1747014436.4703634,-50,-16,82
1747014436.5053637,85,13,4
1747014436.5413637,-98,-6,46
1747014436.5773633,0,-64,-19
1747014436.612363,-73,15,8
1747014436.6483634,10,-48,8
1747014436.6833634,-37,7,121
1747014436.7183633,-25,-65,151
1747014436.7533634,-29,1,111
1747014436.7893634,-37,30,73
1747014436.8253634,6,-37,29
1747014436.8603632,-15,2,59
1747014436.8963633,-45,14,49
1747014436.931363,-75,6,87
1747014436.9663634,33,-39,57
1747014437.0013633,-52,-63,-12
1747014437.0373633,43,46,67
1747014437.0733633,45,-1,-2
1747014437.1083634,5,64,-5
1747014437.1443634,-43,33,-1
1747014437.1793633,-8,58,-5
1747014437.214363,29,52,-69
1747014437.2493634,-20,-37,0
1747014437.2853634,15,-1,-33
1747014437.3213634,-118,-3,94
1747014437.3563633,-6,48,120
1747014437.3923633,71,78,99
1747014437.4273634,43,-7,66
1747014437.4623632,-24,16,94
1747014437.497363,37,-33,86
1747014437.533363,-82,-35,134
1747014437.5693634,43,38,-14
1747014437.6043634,-54,12,101
1747014437.6403637,72,87,103
1747014437.6753633,0,42,26
1747014437.7103634,31,94,9
1747014437.7453637,47,4,-62
1747014437.7813632,-22,-11,43
1747014437.8173633,-27,-44,88
1747014437.852363,12,-2,157
1747014437.8883634,14,-27,83
1747014437.9233634,-24,54,65
1747014437.9583633,-60,-43,73
1747014437.9933634,41,-31,-68
1747014438.0293634,17,-15,105
1747014438.0653634,-46,-1,195
1747014438.1003633,1,90,43
1747014438.1363633,-114,8,37
1747014438.1713634,23,-55,51
1747014438.2063634,17,32,-6
1747014438.2413633,-4,-45,209
1747014438.2773633,51,66,25
1747014438.3133633,21,-61,65
1747014438.3483634,-82,24,97
1747014438.3843634,-16,72,113
1747014438.4193633,-46,78,27
1747014438.454363,-90,8,134
1747014438.4893634,19,-15,92
1747014438.5253634,58,-28,143
1747014438.5613637,-17,23,28
1747014438.5963633,-14,-55,38
1747014438.632363,-63,-46,105
1747014438.6673634,-15,3,24
1747014438.7023633,30,-30,-29
1747014438.7383633,-7,23,-49
1747014438.7733634,-3,-52,-47
1747014438.8093634,-11,79,74
1747014438.8443637,-83,-10,70
1747014438.8873634,-63,5,62
1747014438.9233634,-41,-7,-63
1747014438.9583633,-60,18,-3
1747014438.9943633,-88,8,61
1747014439.0293634,-20,70,169
1747014439.0653634,33,44,47
1747014439.1003633,35,44,-12
1747014439.1363633,-56,-3,91
1747014439.1713634,33,-15,185
1747014439.2063634,-62,26,93
1747014439.2423637,-32,-11,73
1747014439.2773633,9,-11,115
1747014439.3133633,-30,-13,13
1747014439.3483634,90,10,61
1747014439.3843634,-18,8,43
1747014439.4193633,-41,22,125
1747014439.454363,-45,24,-6
1747014439.4903634,50,50,107
1747014439.5253634,-33,-21,65
1747014439.5613637,-1,8,119
1747014439.5963633,-9,64,151
1747014439.632363,12,-50,157
1747014439.6673634,-15,-6,55
1747014439.7023633,-51,-37,165
1747014439.7383633,34,-22,149
1747014439.7733634,-5,-6,28
1747014439.8093634,16,-16,122
1747014439.8443637,90,3,170
1747014439.8803637,-7,65,180
1747014439.9153633,24,-16,29
1747014439.9503634,-21,-50,67
1747014439.9863634,22,25,135
1747014440.0213633,6,-22,5
1747014440.0573633,2,-8,25
1747014440.0923634,-47,11,-20
1747014440.1283634,-25,49,3
1747014440.1633637,-31,3,153
1747014440.1983633,26,-60,19
1747014440.2343633,-77,0,125
1747014440.2693634,12,-3,143
1747014440.3053634,-17,-16,83
1747014440.3403633,6,-48,13
1747014440.3763633,6,25,97
1747014440.4123633,97,94,-26
1747014440.4483633,-3,-10,37
1747014440.4843633,35,-27,77
1747014440.520363,59,8,17
1747014440.556363,17,52,191
1747014440.5913634,-7,65,85
1747014440.6263633,-9,35,41
1747014440.6623633,17,2,151
1747014440.6983633,69,-50,83
1747014440.7333634,-106,28,43
1747014440.7693634,85,56,139
1747014440.8043633,-39,21,3
1747014440.839363,56,-5,65
1747014440.8743634,62,-5,57
1747014440.9103634,-75,-21,-30
1747014440.9463634,-14,-5,169
1747014440.9813633,10,-105,141
1747014441.0173633,-21,20,57
1747014441.0523634,112,64,-30
1747014441.0873632,-39,18,115
1747014441.122363,34,-24,-24
1747014441.158363,-56,50,53
1747014441.1943634,15,-37,-4
1747014441.2293634,9,58,49
1747014441.2653637,29,-37,107
1747014441.3003633,9,22,21
1747014441.3353634,-28,6,83
1747014441.3703637,-36,2,57
1747014441.4063632,27,-51,31
1747014441.4423633,-22,-45,71
1747014441.477363,7,42,127
1747014441.5133634,-17,-14,51
1747014441.5483634,-103,-64,-4
1747014441.5833633,-143,-38,15
1747014441.6183634,-15,31,83
1747014441.6543634,-29,-18,69
1747014441.6903634,0,5,-16
1747014441.7253633,-42,80,95
1747014441.7613633,-49,5,89
1747014441.7963634,2,-6,111
1747014441.8313634,98,-16,107
1747014441.8663633,-3,7,25
1747014441.9023633,52,39,-76
1747014441.9383633,-45,46,91
1747014441.9733634,-81,-22,151
1747014442.0093634,-19,49,63
1747014442.0443633,-45,-26,141
1747014442.079363,36,39,123
1747014442.1143634,8,39,183
1747014442.1503634,-31,-60,-34
1747014442.1863637,0,16,131
1747014442.2213633,-21,-9,43
1747014442.257363,30,34,145
1747014442.2923634,-23,-57,39
1747014442.3273633,36,-61,75
1747014442.362363,-25,-11,15
1747014442.3983634,78,9,3
1747014442.4343634,58,-32,121
1747014442.4693637,6,107,-64
1747014442.5053637,-21,-8,85
1747014442.5403633,-57,33,125
1747014442.5753634,-21,-58,-46
1747014442.6103632,-25,-42,-22
1747014442.6463633,68,65,75
1747014442.6823633,-66,20,13
1747014442.7173634,38,43,-12
1747014442.7533634,31,-47,63
1747014442.7883637,87,14,53
1747014442.8233633,31,8,19
1747014442.8583634,-33,-8,115
1747014442.8943634,-89,-8,-22
1747014442.9303634,11,8,-20
1747014442.9653633,5,-23,47
1747014443.0013633,8,31,-42
1747014443.0363634,-15,3,151
1747014443.0713634,-5,-32,5
1747014443.1063633,29,24,79
1747014443.1423633,35,28,25
1747014443.178363,0,44,111
1747014443.2133634,67,-39,209
1747014443.2493634,-36,50,151
1747014443.2843633,-18,-5,39
1747014443.3193634,-86,-17,-46
1747014443.3543634,19,-16,111
1747014443.3903637,63,-68,-26
1747014443.4263637,-28,-48,209
1747014443.4613633,-4,-8,25
1747014443.497363,-58,-12,65
1747014443.5323634,3,-74,53
1747014443.5673633,-41,-14,121
1747014443.602363,-70,29,95
1747014443.6383634,41,-50,37
1747014443.6743634,29,-26,81
1747014443.7093637,-28,-66,123
1747014443.7453637,49,-64,145
1747014443.780363,-17,-26,-8
1747014443.8153634,118,-20,13
1747014443.8513634,81,60,-62
1747014443.8863633,3,54,99
1747014443.9223633,-14,30,149
1747014443.9573634,-4,18,143
1747014443.9933634,7,20,197
1747014444.0283637,5,22,59
1747014444.0633633,93,52,129
1747014444.099363,-105,-46,9
1747014444.1343634,65,-24,103
1747014444.1703634,41,13,11
1747014444.2053633,-14,11,121
1747014444.2413633,-22,75,-12
1747014444.2763634,89,-65,7
1747014444.3113637,-50,-27,105
1747014444.3473637,51,-27,165
1747014444.382363,-10,3,213
1747014444.418363,1,0,19
1747014444.4533634,1,12,57
1747014444.4893634,47,24,5
1747014444.5243633,8,-6,9
1747014444.5593634,59,-1,173
1747014444.5953634,-30,-16,81
1747014444.6303637,46,-76,79
1747014444.6663637,-9,3,25
1747014444.701363,9,8,97
1747014444.737363,23,-5,1
1747014444.7723634,-8,18,25
1747014444.8073633,-16,-85,243
1747014444.8433633,-134,70,137
1747014444.8783634,59,-35,53
1747014444.9143634,25,-45,89
1747014444.9493637,37,32,231
1747014444.9853632,-74,0,81
1747014445.020363,49,-33,-14
1747014445.0553634,65,52,91
1747014445.0913634,-25,6,15
1747014445.1263633,-33,14,1
1747014445.1623633,25,-1,-26
1747014445.1973634,36,-76,33
1747014445.2333634,22,-14,33
1747014445.2683637,36,-82,131
1747014445.303363,-29,-28,-42
1747014445.339363,86,-18,-50
1747014445.3743634,17,-9,39
1747014445.4103634,-13,51,13
1747014445.4453633,-22,68,115
1747014445.4813633,-76,32,129
1747014445.5163634,20,69,-26
1747014445.5513637,38,-42,51
1747014445.5873632,-60,-15,57
1747014445.622363,75,70,41
1747014445.658363,-34,-47,63
1747014445.6933634,-56,-5,-24
1747014445.7283633,-44,20,23
1747014445.7633634,-3,77,227
1747014445.7993634,-21,17,223
1747014445.8353634,26,-28,-14
1747014445.8703637,2,59,33
1747014445.9063632,-9,21,159
1747014445.941363,69,-33,47
1747014445.9763634,35,-69,145
1747014446.0113633,44,-8,25
1747014446.0473633,-9,9,81
1747014446.0833633,-39,-34,213
1747014446.1183634,25,110,21
1747014446.1543634,7,-103,37
1747014446.1893632,3,-37,171
1747014446.224363,77,-51,21
1747014446.2593634,-24,9,81
1747014446.2953634,-3,-49,41
1747014446.3313634,-47,-37,27
1747014446.3663633,-28,-16,7
1747014446.4023633,17,-14,-14
1747014446.4373634,-7,-49,65
1747014446.4723637,22,-78,-92
1747014446.507363,45,3,1
1747014446.543363,3,27,89
1747014446.579363,55,-12,143
1747014446.6143634,-50,-26,-20
1747014446.6503634,-20,-1,145
1747014446.6853633,56,57,77
1747014446.7203634,-29,7,159
1747014446.7553637,46,0,149
1747014446.7913637,90,-66,201
1747014446.8273633,62,27,27
1747014446.862363,-27,35,-20
1747014446.8983634,38,28,-14
1747014446.9333634,3,-31,47
1747014446.9683633,75,-23,125
1747014447.0033634,48,-18,51
1747014447.0393634,-37,77,97
1747014447.0753634,-20,14,81
1747014447.1103632,-87,85,187
1747014447.1463633,42,29,-14
1747014447.181363,-36,13,93
1747014447.2163634,13,37,113
1747014447.2513633,-7,-69,31
1747014447.2873633,41,3,93
1747014447.3233633,63,43,13
1747014447.3583634,15,-26,11
1747014447.3943634,-102,35,57
1747014447.4293633,9,23,-4
1747014447.464363,15,-2,201
1747014447.4993634,79,-20,23
1747014447.5353634,17,-22,5
1747014447.5713634,-22,1,121
1747014447.6063633,27,25,45
1747014447.6423633,41,17,53
1747014447.6773634,39,-94,111
1747014447.7123632,-65,43,67
1747014447.747363,-72,53,111
1747014447.783363,-70,-18,119
1747014447.8193634,-66,-10,119
1747014447.8543634,17,-36,71
1747014447.8903637,84,-24,73
1747014447.9253633,-101,19,33
1747014447.9603634,-9,-32,19
1747014447.9953637,56,19,61
1747014448.0313632,103,0,73
1747014448.0673633,41,7,65
1747014448.102363,-25,-8,91
1747014448.1383634,-68,59,63
1747014448.1733634,51,61,57
1747014448.2083633,77,53,21
1747014448.2433634,9,6,29
1747014448.2793634,29,14,25
1747014448.3153634,7,-19,63
1747014448.3503633,-29,5,-12
1747014448.3863633,38,0,65
1747014448.4213634,45,59,71
1747014448.4563634,57,-58,83
1747014448.4913633,-48,41,105
1747014448.5273633,-13,-25,-18
1747014448.5633633,33,-72,75
1747014448.5983634,41,-32,79
1747014448.6343634,-26,15,119
1747014448.6693633,57,5,65
1747014448.704363,17,9,75
1747014448.7393634,31,36,81
1747014448.7753634,5,-7,29
1747014448.8113637,29,-51,-42
1747014448.8463633,-16,-31,121
1747014448.8893633,35,-91,133
1747014448.9253633,-62,82,41
1747014448.9603634,16,-28,77
1747014448.9963634,-9,0,137
1747014449.0313632,-5,-56,39
1747014449.0673633,-30,-49,21
1747014449.102363,88,-4,147
1747014449.1383634,-37,-26,57
1747014449.1733634,-61,14,69
1747014449.2083633,20,-46,5
1747014449.2443633,53,-8,-12
1747014449.2793634,63,1,97
1747014449.3153634,64,-49,5
1747014449.3503633,116,2,29
1747014449.3863633,-27,23,-56
1747014449.4213634,0,-26,-12
1747014449.4563634,-31,-40,37
1747014449.4923637,-55,-76,79
1747014449.5273633,-27,-16,129
1747014449.5633633,-9,-70,105
1747014449.5983634,48,-28,63
1747014449.6343634,-5,35,111
1747014449.6693633,-15,41,27
1747014449.704363,-51,-24,17
1747014449.7403634,-49,-98,87
1747014449.7753634,40,-46,15
1747014449.8113637,4,-8,85
1747014449.8463633,-31,-104,127
1747014449.882363,-41,55,5
1747014449.9173634,-70,124,29
1747014449.9523633,-16,34,29
1747014449.9883633,-24,61,143
1747014450.0233634,27,-17,-66
1747014450.0593634,19,-61,35
1747014450.0943637,-12,56,87
1747014450.1303637,59,-5,125
1747014450.1653633,-30,0,61
1747014450.2003634,55,37,81
1747014450.2363634,13,32,173
1747014450.2713633,9,55,-34
1747014450.3073633,6,44,51
1747014450.3423634,8,-133,43
1747014450.3783634,40,52,117
1747014450.4133637,10,-3,21
1747014450.4483633,-27,-19,119
1747014450.4843633,-31,6,81
1747014450.5193634,43,48,7
1747014450.5553634,28,-13,145
1747014450.5903633,-87,60,67
1747014450.6263633,-67,-47,103
1747014450.6623633,18,50,-8
1747014450.6983633,-27,23,131
1747014450.7343633,54,-2,59
1747014450.7693634,-29,-4,73
1747014450.8043633,4,-23,47
1747014450.8403633,-15,24,129
1747014450.8763633,58,20,101
1747014450.9113634,-18,21,89
1747014450.9473634,-40,-18,163
1747014450.9823637,13,-16,1
1747014451.0173633,-29,90,-70
1747014451.0523634,73,-25,97
1747014451.0883634,2,-44,93
1747014451.1243634,32,-6,135
1747014451.1593633,-16,31,1
1747014451.1953633,106,-6,161
1747014451.2303634,-98,35,23
1747014451.2653637,-18,81,105
1747014451.3003633,-17,20,115
1747014451.3363633,148,-3,177
1747014451.372363,58,-81,145
1747014451.4073634,4,16,98
1747014451.4433634,48,-34,133
1747014451.4783633,-5,-16,123
1747014451.5133634,8,-64,56
1747014451.5483634,-11,49,5
1747014451.5843637,-26,18,10
1747014451.6203637,51,16,-7
1747014451.655363,-24,46,-9
1747014451.691363,-119,81,14
1747014451.7263634,18,-106,118
1747014451.7613633,52,83,150
1747014451.7963634,84,-64,32
1747014451.8323634,51,52,168
1747014451.8683634,81,-57,70
1747014451.9033637,-32,-3,102
1747014451.9393632,53,44,64
1747014451.974363,32,-3,-23
1747014452.0093634,102,-1,84
1747014452.0443633,67,2,108
1747014452.0803633,34,99,-19
1747014452.1163633,85,-45,4
1747014452.1513634,-9,44,64
1747014452.1873634,14,-1,136
1747014452.2223637,17,-5,102
1747014452.257363,0,-6,-19
1747014452.2923634,36,19,112
1747014452.3283634,18,33,100
1747014452.3643634,93,16,164
1747014452.3993633,-32,18,138
1747014452.4353633,29,49,134
1747014452.4703634,65,16,-21
1747014452.5053637,35,-45,52
1747014452.5403633,1,-13,-43
1747014452.576363,33,-17,82
1747014452.612363,78,23,148
1747014452.6473634,60,69,170
1747014452.6833634,24,-34,112
1747014452.7183633,49,18,178
1747014452.7533634,103,-55,82
1747014452.7883637,-23,46,82
1747014452.8243637,54,4,0
1747014452.8603632,14,59,-3
1747014452.895363,-9,-28,268
1747014452.931363,-23,-4,-85
1747014452.9663634,-13,-52,12
1747014453.0013633,26,-10,108
1747014453.0363634,-85,-58,-133
1747014453.0723634,14,51,-7
1747014453.1083634,41,72,72
1747014453.1433637,66,0,56
1747014453.1793633,20,-2,106
1747014453.214363,18,21,20
1747014453.2493634,26,-38,40
1747014453.2843633,-63,71,80
1747014453.3203633,-85,33,114
1747014453.3563633,-3,-29,46
1747014453.3913634,-5,46,72
1747014453.4273634,-65,74,106
1747014453.4623632,38,39,52
1747014453.497363,14,-52,86
1747014453.5323634,22,31,52
1747014453.5683634,64,15,196
1747014453.6043634,32,11,-73
1747014453.6393633,-79,-62,-29
1747014453.6753633,12,-8,0
1747014453.7103634,57,-10,88
1747014453.7453637,-4,-14,68
1747014453.780363,-56,-46,32
1747014453.816363,-54,-10,108
1747014453.852363,1,53,168
1747014453.8873634,-48,53,22
1747014453.9233634,-8,7,98
1747014453.9583633,-56,27,54
1747014453.9933634,5,16,118
1747014454.0293634,3,3,86
1747014454.0643632,35,1,32
1747014454.1003633,-12,-34,-13
1747014454.135363,19,-18,24
1747014454.1713634,34,30,-61
1747014454.2063634,46,-19,74
1747014454.2413633,46,-65,162
1747014454.2773633,16,-53,88
1747014454.3123634,2,-15,88
1747014454.3483634,-8,29,198
1747014454.3833632,-32,-14,6
1747014454.4193633,69,-48,-45
1747014454.454363,-62,1,60
1747014454.4893634,-33,-55,102
1747014454.5253634,-24,51,102
1747014454.5603633,-26,72,42
1747014454.5963633,15,-24,96
1747014454.6313634,-30,-5,144
1747014454.6673634,-30,0,150
1747014454.7023633,-14,-31,20
1747014454.737363,23,-66,24
1747014454.7733634,31,-60,-29
1747014454.8083634,21,17,138
1747014454.8443637,3,-24,164
1747014454.8793633,57,-50,118
1747014454.9153633,15,-4,84
1747014454.9503634,39,29,66
1747014454.9853632,99,15,-81
1747014455.0213633,38,-123,146
1747014455.056363,70,10,-33
1747014455.0923634,-21,-11,110
1747014455.1273634,-13,72,-5
1747014455.1633637,-30,-18,38
1747014455.1983633,23,-4,52
1747014455.2333634,19,1,46
1747014455.2693634,65,-25,-55
1747014455.3043633,-89,-52,74
1747014455.3403633,-30,-22,44
1747014455.375363,75,1,14
1747014455.4113634,59,-50,184
1747014455.4463634,20,-6,-31
1747014455.4813633,-2,21,74
1747014455.5173633,-25,35,58
1747014455.5523634,13,-8,84
1747014455.5883634,-8,-76,102
1747014455.6233633,13,-58,194
1747014455.6593633,9,-28,114
1747014455.6943634,-52,7,-17
1747014455.7293634,-32,23,34
1747014455.7653637,59,11,140
1747014455.8003633,5,-126,104
1747014455.8363633,-90,-66,76
1747014455.8713634,1,-42,78
1747014455.9063632,11,-58,-29
1747014455.941363,116,3,74
1747014455.977363,2,7,62
1747014456.0133634,72,27,164
1747014456.0483634,16,11,-5
1747014456.0843637,8,-84,26
1747014456.1193633,22,31,42
1747014456.1543634,-130,-66,-89
1747014456.1893632,51,-62,94
1747014456.2253633,7,11,104
1747014456.2613633,59,-76,24
1747014456.2963634,101,-86,156
1747014456.3323634,39,41,-57
1747014456.3673637,47,13,92
1747014456.4023633,-22,-86,114
1747014456.4373634,-16,-22,22
1747014456.4733634,-6,-46,6
1747014456.5093634,-8,-41,90
1747014456.5443633,41,16,70
1747014456.5803633,-44,-7,58
1747014456.6153634,21,-94,38
1747014456.6503634,-34,33,118
1747014456.6853633,51,-14,142
1747014456.7213633,-49,-12,84
1747014456.757363,70,19,88
1747014456.7923634,-11,-61,92
1747014456.8283634,-21,-33,72
1747014456.8633633,28,38,146
1747014456.8983634,-61,88,12
1747014456.9333634,-9,-1,110
1747014456.9693637,-11,-33,76
1747014457.0053637,2,14,62
1747014457.0403633,19,1,34
1747014457.076363,58,-19,96
1747014457.1113634,-40,-18,30
1747014457.1463633,-6,39,128
1747014457.181363,-27,-64,194
1747014457.2173634,-1,24,44
1747014457.2533634,-109,-23,120
1747014457.2883637,68,-73,78
1747014457.3243637,-11,57,-35
1747014457.3593633,56,10,82
1747014457.3943634,10,-59,96
1747014457.4293633,40,-55,110
1747014457.4653633,118,20,68
1747014457.5013633,44,-51,24
1747014457.5363634,-21,14,164
1747014457.5723634,-43,-7,-41
1747014457.6073637,-18,-14,90
1747014457.6423633,9,-18,-7
1747014457.6773634,-25,-69,78
1747014457.7133634,17,33,4
1747014457.7493634,-117,-17,32
1747014457.7843633,-15,32,38
1747014457.8203633,8,6,76
1747014457.8553634,-41,-29,104
1747014457.8903637,-47,18,58
1747014457.9253633,-13,26,14
1747014457.9613633,26,-41,-13
1747014457.997363,36,14,148
1747014458.0323634,8,-14,96
1747014458.0683634,22,11,28
1747014458.1033633,-25,13,106
1747014458.1383634,-29,7,44
1747014458.1733634,26,27,-19
1747014458.2093637,22,-144,124
1747014458.2453637,24,61,38
1747014458.280363,74,25,-27
1747014458.316363,71,-48,76
1747014458.3513634,-16,-20,-45
1747014458.3863633,-3,36,26
1747014458.4213634,56,-35,16
1747014458.4573634,63,1,22
1747014458.4933634,16,-53,36
1747014458.5283637,24,-21,96
1747014458.5643632,-8,-88,132
1747014458.599363,13,21,68
1747014458.6343634,-113,48,20
1747014458.6693633,-21,32,118
1747014458.7053633,9,6,40
1747014458.7413633,7,-9,92
1747014458.7763634,45,-3,136
1747014458.8123634,-16,6,84
1747014458.8473637,-28,4,64
1747014458.8893633,-24,8,68
1747014458.9253633,37,-83,88
1747014458.9613633,1,-35,60
1747014458.997363,-32,-131,72
1747014459.0323634,27,22,64
1747014459.0683634,-38,-63,156
1747014459.1033633,-30,-9,78
1747014459.1383634,-72,-69,168
1747014459.1743634,5,70,240
1747014459.2093637,-51,-49,28
1747014459.2453637,-38,53,58
1747014459.280363,61,34,5
1747014459.316363,17,-22,25
1747014459.3513634,11,36,67
1747014459.3863633,-72,-9,100
1747014459.4223633,-15,-28,140
1747014459.4573634,-8,19,70
1747014459.4933634,-20,-6,4
1747014459.5283637,101,-40,38
1747014459.5643632,-18,8,43
1747014459.599363,33,-53,245
1747014459.6343634,0,104,37
1747014459.6703634,9,-31,177
1747014459.7053633,-40,87,59
1747014459.7413633,-21,-21,36
1747014459.7763634,25,23,92
1747014459.8123634,-10,-6,38
1747014459.8473637,-72,0,170
1747014459.882363,7,-28,56
1747014459.918363,79,-34,52
1747014459.9533634,52,5,20
1747014459.9893634,48,-4,20
1747014460.0243633,38,0,58
1747014460.0603633,76,23,44
1747014460.0953634,32,25,38
1747014460.1303637,20,1,94
1747014460.1663637,49,57,50
1747014460.201363,60,-32,-33
1747014460.237363,107,-9,8
1747014460.2723634,17,10,109
1747014460.3083634,-33,-25,74
1747014460.3433633,63,71,99
1747014460.3783634,107,17,129
1747014460.4143634,47,64,-26
1747014460.4493637,-56,20,35
1747014460.4853632,-16,-9,19
1747014460.520363,41,-11,151
1747014460.556363,-71,-60,113
1747014460.5913634,-16,-58,41
1747014460.6263633,-44,-36,91
1747014460.6623633,-3,-52,51
1747014460.6973634,46,-66,1
1747014460.7333634,-63,41,194
1747014460.7683637,20,-18,52
1747014460.8043633,-45,-42,32
1747014460.8403633,-7,25,-23
1747014460.875363,121,44,92
1747014460.9103634,63,-67,66
1747014460.9463634,18,0,56
1747014460.9823637,-61,-15,16
1747014461.0173633,-17,90,73
1747014461.053363,78,-73,-14
1747014461.0883634,16,25,-44
1747014461.1233633,4,-16,169
1747014461.158363,-30,-1,37
1747014461.1943634,1,40,31
1747014461.2303634,-26,-127,31
1747014461.2653637,83,60,167
1747014461.3013637,53,48,-6
1747014461.3363633,-22,49,-34
1747014461.3713634,-80,-24,145
1747014461.4063632,49,0,110
1747014461.4423633,107,-36,92
1747014461.4783633,-18,-20,30
1747014461.5133634,21,9,64
1747014461.5493634,19,47,74
1747014461.5843637,-2,-10,81
1747014461.6193633,-29,70,57
1747014461.6543634,-129,27,143
1747014461.6903634,26,47,89
1747014461.7263634,-10,-48,-9
1747014461.7613633,17,-42,132
1747014461.7973633,-6,-6,35
1747014461.8323634,-46,-74,35
1747014461.8673637,0,-62,-8
1747014461.9023633,-58,45,54
1747014461.9383633,0,-26,102
1747014461.974363,1,-49,128
1747014462.0093634,-54,76,168
1747014462.0453634,75,-3,106
1747014462.0803633,31,55,114
1747014462.1153634,1,77,130
1747014462.1503634,-78,-17,39
1747014462.1863637,38,3,189
1747014462.2223637,-61,0,125
1747014462.257363,-82,-50,-46
1747014462.293363,-16,-14,65
1747014462.3283634,3,1,-14
1747014462.3633633,65,-12,165
1747014462.3983634,47,0,219
1747014462.4343634,-26,49,-50
1747014462.4703634,-4,-34,83
1747014462.5053637,-18,13,59
1747014462.5413637,5,-2,32
1747014462.576363,-87,26,76
1747014462.6113634,103,101,40
1747014462.6463633,31,81,-15
1747014462.6823633,47,31,38
1747014462.7183633,49,-32,-1
1747014462.7533634,35,-10,98
1747014462.7893634,37,-50,104
1747014462.8243637,55,29,-7
1747014462.8593633,-4,23,138
1747014462.8943634,-28,9,92
1747014462.9303634,47,41,30
1747014462.9663634,-68,41,20
1747014463.0013633,-67,40,88
1747014463.0373633,-20,22,48
1747014463.0723634,3,-17,58
1747014463.1073637,211,9,147
1747014463.1423633,-72,71,131
1747014463.178363,-20,-10,51
1747014463.214363,11,35,-44
1747014463.2493634,-104,-2,177
1747014463.2853634,-134,17,77
1747014463.3203633,-26,-36,139
1747014463.3553634,-52,0,109
1747014463.3903637,29,-56,221
1747014463.4263637,-28,-76,-6
1747014463.4623632,38,41,92
1747014463.497363,50,1,54
1747014463.533363,26,-19,178
1747014463.5683634,-6,-24,132
1747014463.6033633,-93,40,26
1747014463.6383634,4,-5,73
1747014463.6743634,26,0,177
1747014463.7103634,-6,21,-4
1747014463.7453637,-59,-23,-24
1747014463.7813632,-16,69,170
1747014463.816363,-18,21,116
1747014463.8513634,-72,83,-49
1747014463.8863633,34,3,98
1747014463.9223633,23,37,-27
1747014463.9583633,-25,15,134
1747014463.9933634,45,-37,-9
1747014464.0293634,-15,-72,70
1747014464.0643632,26,49,4
1747014464.099363,28,5,28
1747014464.135363,-13,51,88
1747014464.1703634,18,28,-2
1747014464.2063634,2,-30,75
1747014464.2413633,-85,13,59
1747014464.2773633,-95,-16,68
1747014464.3123634,-15,-6,-16
1747014464.3473637,52,-54,69
1747014464.3833632,-37,-38,117
1747014464.418363,3,11,83
1747014464.454363,-2,-6,193
1747014464.4893634,6,25,73
1747014464.5253634,6,65,151
1747014464.5603633,-25,-56,51
1747014464.5953634,18,-8,71
1747014464.6313634,74,27,-78
1747014464.6663637,-27,-8,103
1747014464.7023633,20,-30,157
1747014464.737363,9,-67,205
1747014464.7733634,35,4,129
1747014464.8083634,31,-83,27
1747014464.8433633,35,-53,67
1747014464.8793633,21,-23,-16
1747014464.9143634,-22,-95,96
1747014464.9503634,-14,-25,182
1747014464.9853632,1,-3,158
1747014465.0213633,11,48,90
1747014465.056363,17,30,60
1747014465.0913634,13,-49,18
1747014465.1273634,22,61,199
1747014465.1623633,-9,5,101
1747014465.1983633,-93,-20,189
1747014465.2333634,-13,-102,125
1747014465.2693634,107,-1,29
1747014465.3043633,49,-48,112
1747014465.339363,77,-35,147
1747014465.375363,-3,-46,62
1747014465.4103634,-67,3,165
1747014465.4463634,-4,57,27
1747014465.4813633,-46,-18,129
1747014465.5173633,33,-40,23
1747014465.5523634,13,-32,33
1747014465.5873632,27,-28,69
1747014465.6233633,-55,-42,23
1747014465.658363,-37,-58,73
1747014465.6943634,-62,-28,121
1747014465.7293634,11,65,125
1747014465.7653637,-50,0,148
1747014465.8003633,3,31,59
1747014465.8353634,1,103,57
1747014465.8713634,62,-14,29
1747014465.9063632,20,-56,77
1747014465.9423633,-31,11,-2
1747014465.977363,57,-12,-72
1747014466.0123634,6,27,28
1747014466.0473633,-34,3,144
1747014466.0833633,-31,-12,78
1747014466.1193633,53,49,-69
1747014466.1543634,-20,-78,-1
1747014466.1903634,-18,-30,74
1747014466.2253633,15,21,109
1747014466.260363,17,-24,123
1747014466.2953634,59,-42,-85
1747014466.3313634,-76,25,34
1747014466.3673637,35,-52,60
1747014466.4023633,-37,-6,-19
1747014466.4383633,53,29,94
1747014466.4733634,3,21,175
1747014466.5083632,-8,58,-11
1747014466.543363,25,-5,37
1747014466.579363,9,-12,151
1747014466.6153634,-26,-22,75
1747014466.6503634,21,-24,98
1747014466.6863637,62,23,-29
1747014466.7213633,-24,-26,2
1747014466.7563634,-28,61,140
1747014466.7913637,45,-14,151
1747014466.8273633,9,17,15
1747014466.8633633,21,-42,94
1747014466.8983634,23,-13,26
1747014466.9343634,21,-12,-47
1747014466.9693637,20,-74,56
1747014467.0043633,84,-20,52
1747014467.0393634,83,4,-3
1747014467.0753634,-12,-25,-117
1747014467.1113634,-80,0,118
1747014467.1463633,29,26,-39
1747014467.1823633,-18,4,70
1747014467.2173634,17,-33,86
1747014467.2523634,-46,-37,96
1747014467.2873633,-20,-16,116
1747014467.3233633,25,-47,62
1747014467.3593633,-14,28,70
1747014467.3943634,-82,-11,-19
1747014467.4303634,21,-12,90
1747014467.4653633,-4,-24,142
1747014467.500363,-20,10,184
1747014467.5353634,27,104,101
1747014467.5713634,35,27,19
1747014467.6073637,12,53,279
1747014467.6423633,7,62,11
1747014467.678363,27,12,153
1747014467.7133634,19,-1,1
1747014467.7483633,22,45,-12
1747014467.783363,-25,0,133
1747014467.8193634,14,-8,150
1747014467.8553634,-46,46,36
1747014467.8903637,-9,-16,47
1747014467.9263637,-13,9,51
1747014467.9613633,-13,49,33
1747014467.9963634,-61,-78,59
1747014468.0313632,71,-43,67
1747014468.0673633,62,-24,149
1747014468.1033633,3,38,1
1747014468.1383634,29,47,61
1747014468.1743634,23,2,171
1747014468.2093637,-20,-9,117
1747014468.2443633,-14,-50,15
1747014468.2793634,-28,59,-25
1747014468.3153634,-54,27,268
1747014468.3513634,-33,35,134
1747014468.3863633,3,-24,60
1747014468.4223633,66,-26,166
1747014468.4573634,58,-16,-21
1747014468.4923637,-16,26,71
1747014468.5273633,15,-23,85
1747014468.5633633,-1,71,179
1747014468.599363,51,45,59
1747014468.6343634,-24,-20,159
1747014468.6703634,106,-3,165
1747014468.7053633,42,-81,193
1747014468.7403634,-53,12,61
1747014468.7753634,-93,-57,-14
1747014468.8113637,51,-1,95
1747014468.8473637,-14,30,3
1747014468.882363,31,-5,89
1747014468.9253633,17,-33,13
1747014468.9613633,39,-1,-30
1747014468.9963634,-31,-39,61
1747014469.0313632,22,2,121
1747014469.0673633,-71,-57,67
1747014469.1033633,-46,3,-22
1747014469.1383634,53,29,-170
1747014469.1743634,38,20,105
1747014469.2093637,96,-53,23
1747014469.2443633,53,9,83
1747014469.280363,-63,3,11
1747014469.3153634,4,3,39
1747014469.3513634,-64,-18,-6
1747014469.3863633,-48,-2,85
1747014469.4223633,-22,-38,185
1747014469.4573634,-80,9,47
1747014469.4923637,6,17,11
1747014469.5283637,-45,-34,69
1747014469.5633633,72,11,31
1747014469.599363,-33,-50,51
1747014469.6343634,-24,23,133
1747014469.6703634,-6,-30,-34
1747014469.7053633,-39,-66,73
1747014469.7403634,22,-6,143
1747014469.7763634,-18,-3,79
1747014469.8113637,19,-93,23
1747014469.8473637,73,32,147
1747014469.882363,-24,-77,103
1747014469.918363,-6,-41,77
1747014469.9533634,-46,30,143
1747014469.9883633,122,69,29
1747014470.0243633,-18,12,83
1747014470.0593634,-18,32,53
1747014470.0953634,-42,18,-22
1747014470.1303637,-32,18,45
1747014470.1663637,0,-31,39
1747014470.201363,51,38,-2
1747014470.2363634,33,17,55
1747014470.2723634,-8,-14,57
1747014470.3073633,134,6,289
1747014470.3433633,32,18,-48
1747014470.3783634,-5,40,97
1747014470.4143634,100,-15,83
1747014470.4493637,-5,2,9
1747014470.4843633,60,16,0
1747014470.520363,61,-45,-22
1747014470.5553634,35,-95,49
1747014470.5913634,-26,-23,107
1747014470.6263633,30,-56,95
1747014470.6623633,-38,0,13
1747014470.6973634,40,23,137
1747014470.7323637,56,17,83
1747014470.7683637,17,37,147
1747014470.803363,47,25,125
1747014470.839363,13,45,-32
1747014470.8743634,-57,-36,17
1747014470.9103634,-22,-36,139
1747014470.9453633,-46,19,1
1747014470.9803634,52,0,91
1747014471.0163634,-10,16,69
1747014471.0513637,55,-45,59
1747014471.0873632,28,0,91
1747014471.122363,6,-102,143
1747014471.1573634,19,16,47
1747014471.1923633,49,-25,91
1747014471.2283633,-4,1,23
1747014471.2643633,-80,-8,117
1747014471.2993634,-90,-28,17
1747014471.3353634,-116,-28,111
1747014471.3703637,107,-2,127
1747014471.405363,-70,-2,31
1747014471.4403634,45,-54,85
1747014471.4763634,-40,19,125
1747014471.5123634,-16,-21,69
1747014471.5473633,-44,32,3
1747014471.5833633,-33,14,213
1747014471.6183634,9,11,117
1747014471.6533637,87,-42,153
1747014471.6883633,53,-14,43
1747014471.724363,39,-24,99
1747014471.760363,-69,34,161
1747014471.7953634,-77,-1,121
1747014471.8313634,115,-17,119
1747014471.8663633,51,46,175
1747014471.9013634,-16,4,19
1747014471.9363637,-54,-7,151
1747014471.9723637,-44,-89,59
1747014472.0083632,13,-27,67
1747014472.043363,21,16,159
1747014472.079363,-40,6,-56
1747014472.1143634,-24,-32,-18
1747014472.1493633,-68,31,201
1747014472.1843634,23,-87,1
1747014472.2203634,8,-10,153
1747014472.2563634,2,-30,45
1747014472.2913637,-43,37,219
1747014472.3273633,-63,71,93
1747014472.362363,-56,0,47
1747014472.3973634,-26,74,65
1747014472.4323633,0,-21,83
1747014472.4693637,-18,6,95
1747014472.5043633,105,-23,-52
1747014472.5403633,-52,-37,91
1747014472.576363,-32,30,87
1747014472.6113634,31,-13,35
1747014472.6473634,0,20,-42
1747014472.6823633,72,30,-38
1747014472.7173634,-12,5,69
1747014472.7523634,-26,31,-36
1747014472.7883637,-10,13,29
1747014472.8243637,-66,21,71
1747014472.8593633,-16,-8,25
1747014472.895363,-38,-36,195
1747014472.9303634,-6,31,81
1747014472.9653633,-68,-2,89
1747014473.000363,-48,57,53
1747014473.0363634,9,36,77
1747014473.0723634,-62,-54,39
1747014473.1073637,83,105,127
1747014473.1433637,47,-16,37
1747014473.178363,39,26,-14
1747014473.2133634,-14,-2,99
1747014473.2483633,45,-53,81
1747014473.2843633,-20,13,71
1747014473.3203633,37,42,13
1747014473.3553634,-18,1,7
1747014473.3913634,-57,41,69
1747014473.4263637,51,1,129
1747014473.4613633,63,-32,163
1747014473.4963634,-16,-66,85
1747014473.5323634,-14,-30,57
1747014473.5683634,-12,-47,63
1747014473.6033633,15,33,61
1747014473.6393633,-4,-23,39
1747014473.6743634,-18,34,-6
1747014473.7093637,79,-25,113
1747014473.7443633,-106,-3,69
1747014473.780363,119,32,81
1747014473.816363,35,-5,13
1747014473.8513634,-38,-15,31
1747014473.8873634,17,35,-20
1747014473.9223633,-26,4,-74
1747014473.9573634,57,-10,113
1747014473.9923637,-26,-66,-136
1747014474.0283637,-67,-31,21
1747014474.0643632,-8,21,-118
1747014474.099363,-48,-38,85
1747014474.135363,-78,-22,87
1747014474.1703634,0,-1,53
1747014474.2053633,53,-22,33
1747014474.2413633,18,39,125
1747014474.2763634,107,60,99
1747014474.3123634,-34,53,59
1747014474.3473637,16,77,63
1747014474.3833632,58,3,-18
1747014474.418363,-84,-62,11
1747014474.4533634,0,8,37
1747014474.4893634,31,-47,69
1747014474.5243633,-60,-33,29
1747014474.5603633,-10,-23,71
1747014474.5953634,9,2,185
1747014474.6313634,-55,11,59
1747014474.6663637,2,69,9
1747014474.701363,-29,-4,51
1747014474.737363,-87,-78,87
1747014474.7723634,108,-10,103
1747014474.8083634,-27,-4,59
1747014474.8433633,20,-16,105
1747014474.8793633,94,11,-20
1747014474.9143634,-35,-26,21
1747014474.9493637,14,21,-14
1747014474.9853632,-16,18,87
1747014475.020363,33,48,17
1747014475.056363,-14,-51,75
1747014475.0913634,3,19,163
1747014475.1273634,5,14,79
1747014475.1623633,39,66,197
1747014475.1973634,87,54,113
1747014475.2333634,-54,4,123
1747014475.2683637,23,50,35
1747014475.3043633,-54,52,65
1747014475.339363,-30,40,85
1747014475.375363,-4,0,-12
1747014475.4103634,21,22,61
1747014475.4453633,21,50,5
1747014475.4813633,-18,-7,43
1747014475.5163634,-16,56,67
1747014475.5523634,-2,39,131
1747014475.5873632,21,-3,49
1747014475.6233633,47,13,21
1747014475.658363,-46,95,49
1747014475.6933634,-78,23,-72
1747014475.7293634,-20,65,47
1747014475.7643633,49,41,143
1747014475.8003633,33,-10,-92
1747014475.8353634,33,-44,127
1747014475.8713634,-6,65,51
1747014475.9063632,51,-28,45
1747014475.941363,-70,18,93
1747014475.977363,25,-29,107
1747014476.0123634,37,52,31
1747014476.0483634,-8,-5,53
1747014476.0833633,-30,-71,-2
1747014476.1183634,-4,-3,29
1747014476.1533637,-4,22,57
1747014476.1893632,0,-31,49
1747014476.2253633,-40,-27,29
1747014476.260363,48,40,45
1747014476.2963634,-39,16,79
1747014476.3313634,60,3,103
1747014476.3663633,-31,-8,-22
1747014476.4013634,-34,49,168
1747014476.4373634,-1,-6,52
1747014476.4733634,14,33,82
1747014476.5083632,78,31,14
1747014476.5443633,128,7,104
1747014476.579363,-56,-10,174
1747014476.6143634,-36,7,36
1747014476.6493633,-22,53,62
1747014476.6853633,-30,-16,120
1747014476.7213633,-54,-6,150
1747014476.7563634,-47,64,38
1747014476.7923634,58,26,86
1747014476.8273633,44,-35,82
1747014476.862363,-18,4,112
1747014476.8973634,-36,-49,68
1747014476.9333634,-8,6,94
1747014476.9693637,-24,-15,108
1747014477.0043633,-57,46,74
1747014477.0403633,38,8,148
1747014477.0753634,-33,34,160
1747014477.1103632,-59,72,104
1747014477.145363,0,32,-77
1747014477.181363,-36,-14,34
1747014477.2173634,68,22,156
1747014477.2523634,4,10,34
1747014477.2883637,26,-13,24
1747014477.3233633,-4,46,82
1747014477.3583634,-88,-21,162
1747014477.3933637,10,20,92
1747014477.4293633,-27,22,44
1747014477.4653633,16,-51,48
1747014477.500363,-59,7,58
1747014477.5363634,46,27,228
1747014477.5713634,-15,-94,144
1747014477.6063633,52,1,68
1747014477.6413634,16,37,52
1747014477.6773634,-6,13,226
1747014477.7133634,-21,-92,56
1747014477.7483633,14,-17,142
1747014477.7843633,-7,28,32
1747014477.8193634,-61,-68,18
1747014477.8543634,-29,-50,238
1747014477.8893633,-23,113,32
1747014477.9253633,55,43,108
1747014477.9613633,37,5,-21
1747014477.9963634,-28,-4,80
1747014478.0323634,7,-12,58
1747014478.0673633,31,27,-33
1747014478.102363,-76,-54,76
1747014478.1373634,27,-16,98
1747014478.1733634,83,-116,76
1747014478.2093637,-52,15,66
1747014478.2443633,35,-114,62
1747014478.280363,-16,11,14
1747014478.3153634,-14,15,112
1747014478.3503633,-34,-2,36
1747014478.385363,35,43,-27
1747014478.4213634,9,-18,56
1747014478.4573634,33,-88,-3
1747014478.4923637,23,21,136
1747014478.5283637,41,63,96
1747014478.5633633,115,17,-31
1747014478.5983634,-1,-65,118
1747014478.6333632,-4,-1,102
1747014478.6693633,-24,-1,90
1747014478.7053633,-44,-6,-43
1747014478.7403634,-31,-31,64
1747014478.7763634,-76,16,-25
1747014478.8113637,9,-2,144
1747014478.8463633,-90,-45,10
1747014478.8813634,-16,-5,30
1747014478.9173634,-32,-7,126
1747014478.9603634,-74,-37,10
1747014478.9963634,85,-35,2
1747014479.0323634,61,38,126
1747014479.0673633,-110,38,8
1747014479.102363,-10,9,-47
1747014479.1373634,35,3,106
1747014479.1733634,-38,50,70
1747014479.2093637,9,20,56
1747014479.2443633,-14,64,24
1747014479.280363,-24,22,130
1747014479.3153634,41,32,140
1747014479.3503633,19,58,84
1747014479.3863633,-36,8,42
1747014479.4213634,-2,22,-37
1747014479.4573634,-5,48,182
1747014479.4923637,-21,44,-65
1747014479.5283637,-53,48,44
1747014479.5633633,-4,22,80
1747014479.5983634,-13,-23,112
1747014479.6343634,131,-7,88
1747014479.6693633,-34,48,134
1747014479.7053633,-67,18,44
1747014479.7403634,8,8,-101
1747014479.7763634,29,8,56
1747014479.8113637,5,22,128
1747014479.8463633,-6,14,168
1747014479.882363,-46,4,98
1747014479.9173634,57,-43,40
1747014479.9533634,97,-39,164
1747014479.9883633,27,73,72
1747014480.0243633,-42,-42,90
1747014480.0593634,21,72,74
1747014480.0943637,-42,-2,110
1747014480.1303637,-62,-37,30
1747014480.1653633,51,55,-29
1747014480.201363,-2,81,58
1747014480.2363634,63,-22,-85
1747014480.2723634,29,93,-3
1747014480.3073633,35,5,58
1747014480.3423634,2,-61,24
1747014480.3783634,38,20,130
1747014480.4133637,31,10,68
1747014480.4493637,-10,-23,-3
1747014480.4843633,31,52,124
1747014480.520363,0,50,6
1747014480.5553634,39,20,32
1747014480.5903633,31,2,22
1747014480.6263633,20,-31,88
1747014480.6613634,114,-1,88
1747014480.6973634,-33,6,70
1747014480.7323637,-95,-67,140
1747014480.7683637,-42,51,18
1747014480.803363,6,-27,28
1747014480.8383634,66,10,38
1747014480.8743634,-1,-61,112
1747014480.9093633,-65,-63,8
1747014480.9453633,8,18,-67
1747014480.9803634,9,-59,-105
1747014481.0163634,-95,81,122
1747014481.0513637,-13,22,90
1747014481.0863633,4,-1,248
1747014481.122363,5,46,44
1747014481.1573634,10,62,-5
1747014481.1933634,96,60,50
1747014481.2283633,-30,64,124
1747014481.2633634,88,51,106
1747014481.2983634,-9,-52,136
1747014481.3343637,-35,21,72
1747014481.3703637,-39,38,16
1747014481.405363,-7,30,-31
1747014481.441363,-63,19,56
1747014481.4763634,-51,0,10
1747014481.5113633,-59,60,122
1747014481.5463634,42,-39,72
1747014481.5833633,-3,30,102
1747014481.6183634,-79,28,2
1747014481.6543634,-101,-27,90
1747014481.6903634,-87,-11,106
1747014481.7253633,-33,53,70
1747014481.7613633,-79,-36,82
1747014481.7963634,30,61,118
1747014481.8313634,-31,47,66
1747014481.8663633,-56,26,136
1747014481.9023633,5,64,-7
1747014481.9383633,21,-55,42
1747014481.9733634,-16,-19,220
1747014482.0093634,-26,8,24
1747014482.0443633,21,-9,90
1747014482.079363,8,-40,150
1747014482.1143634,36,27,78
1747014482.1503634,103,34,80
1747014482.1863637,-119,-4,154
1747014482.2213633,-51,43,66
1747014482.257363,18,-38,110
1747014482.2923634,96,75,138
1747014482.3273633,-23,3,114
1747014482.362363,4,29,108
1747014482.3983634,92,-10,34
1747014482.4343634,68,41,20
1747014482.4693637,-12,34,-41
1747014482.5053637,-70,-21,220
1747014482.5403633,-32,-53,242
1747014482.5753634,-27,-32,124
1747014482.6103632,37,3,60
1747014482.6463633,-22,-58,96
1747014482.6823633,-32,-6,-39
1747014482.7173634,26,-16,48
1747014482.7533634,-63,13,-43
1747014482.7883637,-39,-50,138
1747014482.8233633,-41,-62,120
1747014482.8583634,-23,1,-45
1747014482.8943634,-33,31,-3
1747014482.9303634,-51,23,-7
1747014482.9653633,-67,-51,74
1747014483.0013633,16,-49,-15
1747014483.0363634,-41,0,94
1747014483.0713634,16,-51,72
1747014483.1063633,49,-24,70
1747014483.1423633,67,-56,-57
1747014483.178363,-31,-15,48
1747014483.2133634,-33,-19,-37
1747014483.2493634,-27,22,70
1747014483.2843633,-13,12,10
1747014483.3193634,-27,-47,80
1747014483.3543634,-43,-11,64
1747014483.3903637,0,36,86
1747014483.4263637,37,-56,0
1747014483.4613633,-19,22,126
1747014483.497363,-71,-36,80
1747014483.5323634,80,-33,52
1747014483.5673633,114,58,186
1747014483.602363,-16,-26,14
1747014483.6383634,-46,-42,168
1747014483.6743634,-50,13,34
1747014483.7093637,-12,-36,150
1747014483.7453637,19,13,134
1747014483.780363,-18,23,62
1747014483.8153634,-63,-100,98
1747014483.8503633,17,4,96
1747014483.8863633,-110,66,72
1747014483.9223633,-22,48,-41
1747014483.9573634,29,-24,136
1747014483.9933634,8,47,106
1747014484.0283637,-81,47,46
1747014484.0633633,48,23,12
1747014484.0983634,36,24,78
1747014484.1343634,-35,-25,78
1747014484.1703634,18,8,64
1747014484.2053633,-1,-21,102
1747014484.2413633,42,31,90
1747014484.2763634,26,23,44
1747014484.3113637,18,-14,188
1747014484.3463633,-1,51,0
1747014484.382363,38,-64,-1
1747014484.418363,41,23,104
1747014484.4533634,14,-7,-25
1747014484.4893634,-17,-31,58
1747014484.5243633,74,-1,138
1747014484.5593634,24,20,60
1747014484.5953634,55,-32,38
1747014484.6303637,55,17,74
1747014484.6663637,19,35,162
1747014484.701363,12,11,-59
1747014484.737363,26,-34,8
1747014484.7723634,22,-52,-17
1747014484.8073633,47,15,88
1747014484.8433633,-26,-22,124
1747014484.8783634,27,33,48
1747014484.9143634,-52,-8,158
1747014484.9493637,-4,25,-83
1747014484.9853632,1,45,22
1747014485.020363,25,-30,98
1747014485.0553634,25,-72,96
1747014485.0913634,11,-70,0
1747014485.1263633,-67,23,30
1747014485.1623633,-128,-8,114
1747014485.1973634,-38,37,8
1747014485.2333634,55,49,82
1747014485.2683637,9,-56,-58
1747014485.303363,15,-42,173
1747014485.339363,97,14,132
1747014485.3743634,39,47,34
1747014485.4103634,33,25,116
1747014485.4453633,43,29,17
1747014485.4813633,49,47,35
1747014485.5163634,39,-24,95
1747014485.5513637,-10,29,26
1747014485.5873632,57,-90,90
1747014485.622363,-39,25,160
1747014485.658363,12,-56,146
1747014485.6933634,65,-64,-7
1747014485.7293634,61,-62,84
1747014485.7643633,11,1,92
1747014485.7993634,11,23,42
1747014485.8353634,-14,54,14
1747014485.8703637,-56,-2,144
1747014485.9063632,-18,-37,144
1747014485.941363,57,97,-29
1747014485.977363,1,42,43
1747014486.0123634,69,35,-14
1747014486.0473633,57,-51,-78
1747014486.0833633,53,8,47
1747014486.1183634,-38,-73,83
1747014486.1543634,5,38,-16
1747014486.1893632,-46,-19,-5
1747014486.2253633,11,32,42
1747014486.2613633,9,17,40
1747014486.2973633,-38,38,224
1747014486.3333633,19,-21,78
1747014486.3683634,-36,-6,72
1747014486.4033637,-56,63,4
1747014486.4393632,91,3,128
1747014486.4753633,51,-37,126
1747014486.510363,75,26,-7
1747014486.5463634,47,0,45
1747014486.5813634,-16,17,97
1747014486.6163633,-30,3,55
1747014486.6513634,35,-12,69
1747014486.6873634,99,33,51
1747014486.7233634,-14,25,-48
1747014486.7583632,11,53,20
1747014486.7943633,47,-18,-7
1747014486.829363,29,1,92
1747014486.8643634,-58,-26,56
1747014486.8993633,0,-14,64
1747014486.9353633,-6,44,58
1747014486.9713633,10,-58,-53
1747014487.0063634,20,69,122
1747014487.0423634,0,-26,72
1747014487.0773633,-26,-19,84
1747014487.112363,77,-25,30
1747014487.1473634,-40,12,62
1747014487.1833634,37,46,60
1747014487.2193637,32,-10,52
1747014487.2543633,17,-42,-19
1747014487.2903633,-48,-83,90
1747014487.3253634,-26,-3,-23
1747014487.3603632,9,-15,126
1747014487.395363,71,-13,84
1747014487.431363,43,85,20
1747014487.4673634,9,-22,76
1747014487.5023634,54,13,16
1747014487.5383637,-15,29,-53
1747014487.5733633,-47,7,-5
1747014487.6083634,72,54,66
1747014487.6433637,-5,-3,80
1747014487.6793633,4,26,30
1747014487.7153633,102,-7,26
1747014487.750363,22,-35,154
1747014487.7863634,64,-13,38
1747014487.8213634,4,-45,104
1747014487.8563633,-35,-19,-47
1747014487.8913634,34,10,36
1747014487.9273634,4,-5,-29
1747014487.9633634,12,-51,72
1747014487.9983633,10,46,-13
1747014488.0343633,34,-30,-81
1747014488.0693634,-1,-60,60
1747014488.1043634,66,-30,-23
1747014488.1393633,99,-74,106
1747014488.1753633,11,-4,54
1747014488.2113633,27,-60,200
1747014488.2463634,69,45,52
1747014488.2823634,19,67,122
1747014488.3173633,72,-100,116
1747014488.352363,-20,51,110
1747014488.3873634,27,57,56
1747014488.4233634,-56,-12,98
1747014488.4593637,13,45,-13
1747014488.4943633,-38,-60,72
1747014488.530363,-38,51,-47
1747014488.5653634,-58,45,106
1747014488.6003633,7,25,110
1747014488.635363,-12,-14,95
1747014488.6713634,47,48,35
1747014488.7073634,61,-37,-8
1747014488.7423637,1,-71,1
1747014488.7783637,11,-21,36
1747014488.8133633,0,16,104
1747014488.8483634,130,-18,16
1747014488.8833632,36,7,-11
1747014488.9193633,22,-36,-7
1747014488.9623632,36,11,4
1747014488.9983633,-67,-8,5
1747014489.0343633,-91,-16,44
1747014489.0693634,48,55,128
1747014489.1043634,-5,-28,149
1747014489.1393633,31,6,172
1747014489.1753633,-30,2,-27
1747014489.2113633,-38,-57,207
1747014489.2463634,17,-43,122
1747014489.2823634,-14,-5,-41
1747014489.3173633,-94,100,-21
1747014489.352363,-72,-31,130
1747014489.3873634,6,-22,212
1747014489.4233634,52,-22,102
1747014489.4593637,32,27,2
1747014489.4943633,-50,33,74
1747014489.530363,32,15,72
1747014489.5653634,0,-32,-5
1747014489.6003633,5,-56,-71
1747014489.6363633,-88,-14,168
1747014489.6713634,-19,-49,107
1747014489.7073634,-12,-52,56
1747014489.7423637,0,26,89
1747014489.7783637,61,-57,-30
1747014489.8133633,9,38,149
1747014489.8483634,-62,20,11
1747014489.8843634,-46,-24,101
1747014489.9193633,-28,53,-70
1747014489.9553633,-14,30,126
1747014489.9903634,37,-53,84
1747014490.0263634,74,-21,152
1747014490.0613637,15,-52,116
1747014490.0963633,59,-38,-67
1747014490.132363,-26,-11,88
1747014490.1673634,63,-67,10
1747014490.2033634,-132,21,-101
1747014490.2383633,41,17,54
1747014490.2743633,-14,37,156
1747014490.3093634,-21,-74,74
1747014490.3443637,-15,-22,-53
1747014490.3803637,-84,0,116
1747014490.4153633,-130,-27,44
1747014490.451363,-10,10,34
1747014490.4863634,-12,34,72
1747014490.5223634,4,-11,139
1747014490.5573633,-124,54,49
1747014490.5923634,-52,-40,-28
1747014490.6283634,39,-62,33
1747014490.6633637,-8,-14,131
1747014490.6993637,16,27,113
1747014490.7343633,15,18,111
1747014490.770363,13,0,235
1747014490.8053634,-64,-7,51
1747014490.8403633,15,-53,-54
1747014490.8763633,-24,-31,-4
1747014490.9113634,16,34,75
1747014490.9473634,-7,18,53
1747014490.9823637,-89,8,23
1747014491.0183637,-44,30,173
1747014491.053363,21,-1,0
1747014491.0883634,9,6,26
1747014491.1243634,-28,-1,1
1747014491.1593633,77,17,17
1747014491.1953633,39,-71,75
1747014491.2303634,-83,19,28
1747014491.2663634,-33,-18,2
1747014491.3023634,-10,-1,4
1747014491.3383634,43,64,96
1747014491.3743634,-66,8,138
1747014491.4093633,-24,-31,80
1747014491.4443634,89,42,68
1747014491.4803634,19,24,212
1747014491.5163634,-60,14,68
1747014491.5513637,-50,8,66
1747014491.5873632,-44,-35,30
1747014491.622363,-12,-53,20
1747014491.6573634,41,-15,26
1747014491.6923633,-50,-43,62
1747014491.7283633,37,24,36
1747014491.7643633,29,-15,-79
1747014491.7993634,39,-43,94
1747014491.8353634,-14,-21,80
1747014491.8703637,-10,-19,40
1747014491.905363,87,22,64
1747014491.9403634,3,12,94
1747014491.9763634,-44,-39,76
1747014492.0123634,-52,11,26
1747014492.0473633,40,-17,113
1747014492.0833633,-25,-29,-17
1747014492.1183634,-16,0,16
1747014492.1533637,51,26,37
1747014492.1883633,-32,23,103
1747014492.224363,33,-8,103
1747014492.260363,-34,49,167
1747014492.2953634,-40,-14,19
1747014492.3313634,41,15,227
1747014492.3663633,-36,-8,129
1747014492.4013634,-56,21,171
1747014492.4363637,19,0,-24
1747014492.4723637,-89,0,9
1747014492.5083632,-31,13,25
1747014492.543363,-45,2,79
1747014492.579363,-1,-16,35
1747014492.6143634,40,-8,117
1747014492.6493633,-21,14,155
1747014492.6843634,-123,-10,39
1747014492.7203634,6,41,139
1747014492.7563634,106,-8,67
1747014492.7913637,18,-66,-4
1747014492.8273633,28,-10,95
1747014492.862363,48,21,27
1747014492.8973634,4,97,62
1747014492.9323633,-53,-76,-77
1747014492.9683633,10,-64,86
1747014493.0043633,13,-20,18
1747014493.0393634,-4,-104,0
1747014493.0753634,-12,-36,82
1747014493.1103632,73,19,-15
1747014493.145363,-22,7,107
1747014493.1803634,9,-47,3
1747014493.2163634,-34,68,73
1747014493.2523634,79,110,25
1747014493.2873633,25,60,75
1747014493.3233633,41,50,43
1747014493.3583634,-22,4,57
1747014493.3933637,31,-51,137
1747014493.428363,49,5,39
1747014493.464363,-38,5,29
1747014493.500363,-12,-43,47
1747014493.5353634,41,-9,88
1747014493.5713634,-30,14,53
1747014493.6063633,1,-29,97
1747014493.6413634,-146,-29,193
1747014493.6763637,-32,-17,143
1747014493.7123632,-114,72,143
1747014493.7483633,30,-12,159
1747014493.783363,44,9,53
1747014493.8193634,-56,-33,77
1747014493.8543634,-63,13,93
1747014493.8893633,-3,25,7
1747014493.9243634,-1,37,-84
1747014493.9603634,44,0,107
1747014493.9963634,-15,-68,59
1747014494.0313632,42,43,35
1747014494.0673633,6,1,89
1747014494.102363,-27,17,47
1747014494.1373634,44,27,59
1747014494.1723633,-17,33,121
1747014494.2083633,-27,13,-54
1747014494.2443633,-19,-12,139
1747014494.2793634,-131,47,63
1747014494.3153634,6,-38,61
1747014494.3503633,72,5,57
1747014494.385363,34,-8,100
1747014494.4203634,36,23,10
1747014494.4563634,28,1,50
1747014494.4923637,0,-44,-41
1747014494.5273633,30,33,91
1747014494.5633633,28,53,91
1747014494.5983634,22,-6,-6
1747014494.6333632,14,-6,127
1747014494.6693633,38,-30,-50
1747014494.704363,-12,20,67
1747014494.7403634,-112,-64,-10
1747014494.7753634,-58,-16,145
1747014494.8113637,-38,-8,69
1747014494.8463633,31,-11,73
1747014494.8813634,8,1,195
1747014494.9173634,-70,-45,147
1747014494.9523633,-76,-40,127
1747014494.9883633,29,-64,37
1747014495.0233634,61,29,125
1747014495.0593634,-38,51,45
1747014495.0943637,-49,-90,105
1747014495.1293633,5,-26,77
1747014495.1653633,-2,13,-66
1747014495.2003634,-58,2,-16
1747014495.2363634,-6,20,7
1747014495.2713633,-84,-9,95
1747014495.3073633,22,-30,90
1747014495.3423634,0,3,0
1747014495.3773634,97,16,153
1747014495.4133637,-13,20,-4
1747014495.4483633,16,-41,95
1747014495.4843633,10,-33,65
1747014495.5193634,10,-21,5
1747014495.5553634,-81,-27,109
1747014495.5903633,57,-72,51
1747014495.625363,-25,40,51
1747014495.6613634,1,-28,-84
1747014495.6963634,-67,-50,3
1747014495.7323637,-16,-24,57
1747014495.7673633,-46,53,63
1747014495.803363,94,-17,205
1747014495.8383634,88,-16,61
1747014495.8733633,16,-12,27
1747014495.9093633,-65,121,15
1747014495.9443634,2,39,59
1747014495.9803634,-75,-17,81
1747014496.0153637,-13,-79,29
1747014496.0513637,-23,38,199
1747014496.0863633,12,52,135
1747014496.1213634,-32,-64,47
1747014496.1573634,10,-53,15
1747014496.1923633,21,13,105
1747014496.2283633,-8,59,83
1747014496.2633634,20,60,151
1747014496.2993634,-9,2,71
1747014496.3343637,22,16,17
1747014496.3693633,8,54,-62
1747014496.405363,68,24,-4
1747014496.4403634,40,-6,98
1747014496.4763634,4,-6,47
1747014496.5113633,66,-26,41
1747014496.5463634,118,0,103
1747014496.5813634,8,46,55
1747014496.6173637,46,32,161
1747014496.6533637,-25,36,188
1747014496.6883633,-35,68,33
1747014496.724363,4,20,137
1747014496.7593634,46,-94,97
1747014496.7943633,-19,41,102
1747014496.829363,34,40,112
1747014496.8653634,56,-31,131
1747014496.9013634,141,1,33
1747014496.9363637,24,2,43
1747014496.9723637,-65,12,-30
1747014497.007363,-13,36,-46
1747014497.0423634,18,-23,33
1747014497.0773633,-37,-81,-24
1747014497.1133633,-27,-85,112
1747014497.1493633,-5,-27,47
1747014497.1843634,23,63,159
1747014497.2203634,-28,24,89
1747014497.2553637,44,-47,8
1747014497.2903633,3,-17,102
1747014497.3253634,93,44,18
1747014497.3613634,-104,-17,-41
1747014497.3973634,-32,34,96
1747014497.4323633,-6,24,156
1747014497.4683633,6,20,56
1747014497.5033634,19,37,2
1747014497.5383637,41,33,28
1747014497.5733633,117,-23,96
1747014497.6093633,-82,12,120
1747014497.645363,43,-65,82
1747014497.6803634,-39,-35,70
1747014497.7163634,-16,30,146
1747014497.7513633,24,72,98
1747014497.7863634,-29,40,73
1747014497.8213634,8,32,140
1747014497.8573637,10,30,6
1747014497.8933637,12,60,58
1747014497.928363,32,92,-77
1747014497.964363,-4,64,86
1747014497.9993634,29,-7,15
1747014498.0343633,-28,86,98
1747014498.0703633,22,73,70
1747014498.1063633,10,69,-46
1747014498.1413634,40,0,85
1747014498.1773634,-45,-12,16
1747014498.2133634,64,-54,73
1747014498.2483633,72,-39,91
1747014498.2843633,-15,12,-4
1747014498.3193634,20,-20,161
1747014498.3543634,16,51,65
1747014498.3893633,-7,22,165
1747014498.4253633,26,0,29
1747014498.4613633,-83,8,93
1747014498.4963634,-1,80,75
1747014498.5323634,0,26,-12
1747014498.5673633,-15,44,57
1747014498.602363,18,33,97
1747014498.6373634,-63,57,69
1747014498.6733634,38,-4,11
1747014498.7093637,-15,15,27
1747014498.7443633,-129,-10,95
1747014498.780363,-60,37,15
1747014498.8153634,18,-45,-12
1747014498.8503633,-87,22,120
1747014498.885363,-3,-21,42
1747014498.9213634,-41,42,90
1747014498.964363,-59,-65,-42
1747014499.000363,-18,13,101
1747014499.0363634,107,1,59
1747014499.0713634,70,-28,95
1747014499.1063633,-45,27,177
1747014499.1413634,-93,-64,73
1747014499.1773634,-21,-18,61
1747014499.2133634,-32,3,47
1747014499.2483633,-50,19,-18
1747014499.2843633,-41,-7,-4
1747014499.3193634,-10,9,75
1747014499.3543634,48,39,-22
1747014499.3893633,52,-7,23
1747014499.4253633,-63,10,93
1747014499.4613633,-21,106,23
1747014499.4963634,-38,-20,-76
1747014499.5323634,-91,-61,103
1747014499.5673633,-1,42,109
1747014499.602363,86,-7,217
1747014499.6383634,-5,-79,149
1747014499.6733634,-17,-19,11
1747014499.7093637,-49,-19,105
1747014499.7443633,10,1,43
1747014499.780363,-11,-5,51
1747014499.8153634,58,-25,103
1747014499.8503633,74,44,83
1747014499.8863633,60,-21,195
1747014499.9213634,44,36,145
1747014499.9573634,10,-33,-144
1747014499.9923637,70,-65,25
1747014500.0283637,-62,22,61
1747014500.0633633,45,-44,47
1747014500.0983634,-102,-14,23
1747014500.1343634,-28,19,-86
1747014500.1693633,119,-89,41
1747014500.2053633,37,-17,83
1747014500.2403634,-10,-49,59
1747014500.2763634,62,35,25
1747014500.3113637,3,-38,79
1747014500.3463633,-20,-62,1
1747014500.382363,-23,43,121
1747014500.4173634,-35,81,-20
1747014500.4533634,-91,29,15
1747014500.4883633,4,9,35
1747014500.5243633,17,-42,11
1747014500.5593634,43,-86,183
1747014500.5943637,133,1,65
1747014500.6303637,15,-57,221
1747014500.6653633,1,34,63
1747014500.701363,45,-19,203
1747014500.7363634,-34,30,27
1747014500.7723634,-53,-1,-20
1747014500.8073633,4,10,135
1747014500.8423634,-21,-39,41
1747014500.8783634,0,-17,61
1747014500.9133637,-72,-23,135
1747014500.9493637,-2,-31,-6
1747014500.9843633,-27,32,49
1747014501.020363,13,28,37
1747014501.0553634,-60,10,17
1747014501.0903633,21,20,135
1747014501.1263633,-20,10,119
1747014501.1613634,3,16,39
1747014501.1973634,5,-44,167
1747014501.2323637,7,48,95
1747014501.2683637,55,-61,161
1747014501.303363,-19,26,79
1747014501.3383634,-29,-51,0
1747014501.3743634,-18,-13,119
1747014501.4093633,-73,14,99
1747014501.4453633,62,-15,61
1747014501.4803634,-24,14,95
1747014501.5163634,42,16,-6
1747014501.5523634,80,-29,115
1747014501.5873632,-8,38,43
1747014501.622363,-37,-21,31
1747014501.658363,0,36,135
1747014501.6943634,66,-29,105
1747014501.7293634,-70,-9,-38
1747014501.7653637,-26,2,41
1747014501.8003633,-8,-47,-4
1747014501.8353634,-100,-9,35
1747014501.8703637,-54,30,15
1747014501.9063632,-39,32,137
1747014501.9423633,28,2,145
1747014501.977363,80,-55,131
1747014502.0133634,-35,-56,7
1747014502.0483634,50,93,-32
1747014502.0833633,-37,-52,17
1747014502.1183634,-13,-40,-26
1747014502.1543634,-75,-68,83
1747014502.1903634,56,5,107
1747014502.2253633,20,3,63
1747014502.2613633,-27,71,129
1747014502.2963634,54,-36,135
1747014502.3313634,-3,0,71
1747014502.3663633,-9,55,-18
1747014502.4023633,72,89,45
1747014502.4383633,-51,35,123
1747014502.4733634,2,1,125
1747014502.5093634,24,41,105
1747014502.5443633,0,-42,123
1747014502.579363,16,29,39
1747014502.6143634,75,-48,57
1747014502.6503634,49,-82,111
1747014502.6863637,-1,8,83
1747014502.7213633,5,-69,83
1747014502.757363,69,66,87
1747014502.7923634,60,-81,-46
1747014502.8273633,-19,-13,149
1747014502.862363,56,-27,-34
1747014502.8983634,-13,62,-32
1747014502.9343634,45,15,47
1747014502.9693637,-17,21,75
1747014503.0053637,77,57,127
1747014503.0403633,-17,-30,165
1747014503.0753634,-21,-12,-76
1747014503.1103632,-2,-56,37
1747014503.1463633,69,3,109
1747014503.1823633,107,1,169
1747014503.2173634,-8,-20,41
1747014503.2533634,10,25,51
1747014503.2883637,-35,-20,57
1747014503.3233633,-27,21,233
1747014503.3583634,-3,51,37
1747014503.395363,116,-6,131
1747014503.4303634,23,40,79
1747014503.4663634,14,10,103
1747014503.5023634,33,-25,137
1747014503.5373633,61,-35,107
1747014503.5733633,95,12,123
1747014503.6083634,-44,13,29
1747014503.6433637,-26,-43,-20
1747014503.678363,-48,-40,9
1747014503.714363,-1,25,55
1747014503.750363,-8,-11,59
1747014503.7853634,77,69,113
1747014503.8213634,39,89,105
1747014503.8563633,-10,-94,-10
1747014503.8913634,8,0,75
1747014503.9263637,-1,35,81
1747014503.9623632,2,10,117
1747014503.9983633,34,12,127
1747014504.033363,112,12,-20
1747014504.0693634,-53,6,135
1747014504.1043634,-65,38,33
1747014504.1393633,12,31,273
1747014504.1743634,4,-31,109
1747014504.2103634,-23,-36,265
1747014504.2463634,2,57,71
1747014504.2813632,-31,18,113
1747014504.3173633,-51,20,83
1747014504.352363,12,-63,203
1747014504.3873634,-25,-27,87
1747014504.4223633,108,-56,69
1747014504.4583633,-22,61,107
1747014504.4943633,-71,-44,-10
1747014504.5293634,-27,31,-6
1747014504.5653634,-18,-28,119
1747014504.6003633,42,-16,107
1747014504.635363,-23,7,15
1747014504.6703634,-8,35,125
1747014504.7063634,-10,5,87
1747014504.7423637,-28,-30,5
1747014504.7773633,-16,-52,169
1747014504.8133633,21,-18,93
1747014504.8483634,-25,14,39
1747014504.8833632,-7,-75,99
1747014504.9193633,36,23,153
1747014504.954363,52,21,121
1747014504.9903634,11,19,-2
1747014505.0253634,51,5,7
1747014505.0613637,53,-46,169
1747014505.0963633,85,-52,-36
1747014505.1313634,41,11,9
1747014505.1673634,63,-9,11
1747014505.2023633,-44,40,159
1747014505.2383633,66,-49,49
1747014505.2733634,-22,8,81
1747014505.3093634,53,-53,139
1747014505.3443637,35,148,21
1747014505.3793633,31,2,95
1747014505.4153633,-24,-67,55
1747014505.4503634,59,44,-8
1747014505.4863634,-8,-19,89
1747014505.5213633,-18,-37,101
1747014505.5573633,-23,20,47
1747014505.5923634,48,-44,71
1747014505.6273634,36,1,67
1747014505.6633637,-15,9,73
1747014505.6983633,34,-22,105
1747014505.7343633,0,34,-78
1747014505.7693634,-44,4,129
1747014505.8053634,-80,10,141
1747014505.8403633,47,-3,97
1747014505.875363,77,30,97
1747014505.9113634,16,26,41
1747014505.9463634,-24,-32,25
1747014505.9823637,35,34,41
1747014506.0173633,-6,-72,115
1747014506.053363,23,2,71
1747014506.0883634,17,0,55
1747014506.1233633,26,-19,39
1747014506.1593633,-23,44,55
1747014506.1943634,-23,30,19
1747014506.2303634,28,-13,121
1747014506.2653637,-15,34,41
1747014506.3013637,13,32,75
1747014506.3363633,-44,14,53
1747014506.3713634,20,104,147
1747014506.4073634,65,-35,39
1747014506.4423633,13,-21,129
1747014506.4783633,26,31,205
1747014506.5133634,0,11,9
1747014506.5493634,2,15,169
1747014506.5853634,-41,47,23
1747014506.6213634,80,-4,107
1747014506.6573634,-13,23,25
1747014506.6923633,10,21,161
1747014506.727363,38,-18,187
1747014506.7633634,31,-20,79
1747014506.7993634,27,-31,81
1747014506.8343637,-20,1,57
1747014506.8703637,-58,85,-4
1747014506.905363,35,-58,43
1747014506.9403634,3,17,-32
1747014506.9753633,5,-10,107
1747014507.0113633,37,75,77
1747014507.0473633,15,-84,7
1747014507.0823634,-30,-42,-94
1747014507.1183634,-4,33,-12
1747014507.1533637,59,41,11
1747014507.1883633,9,5,147
1747014507.2233634,29,-78,133
1747014507.2593634,-21,-44,69
1747014507.2953634,12,89,-14
1747014507.3303633,44,3,65
1747014507.3663633,32,27,99
1747014507.4013634,-15,-26,127
1747014507.4363637,-3,33,35
1747014507.4713633,-54,-38,33
1747014507.507363,69,-56,121
1747014507.543363,-4,-14,91
1747014507.5783634,57,-53,9
1747014507.6143634,-30,-3,83
1747014507.6493633,99,-62,127
1747014507.6843634,-14,43,11
1747014507.7193637,-12,47,-18
1747014507.7553637,-74,-48,59
1747014507.7913637,0,53,129
1747014507.826363,37,5,147
1747014507.862363,57,0,119
1747014507.8973634,-80,-24,79
1747014507.9323633,-6,-16,51
1747014507.9673634,3,-20,53
1747014508.0033634,-10,37,-46
1747014508.0393634,10,13,37
1747014508.0743637,48,-16,45
1747014508.1103632,78,21,105
1747014508.145363,0,4,-38
1747014508.1803634,-42,11,109
1747014508.2153633,13,-70,131
1747014508.2513633,99,-8,-66
1747014508.2873633,-8,25,105
1747014508.3223634,5,7,29
1747014508.3583634,121,7,17
1747014508.3933637,49,-97,23
1747014508.428363,-21,47,143
1747014508.4633634,1,40,-56
1747014508.4993634,-4,20,99
1747014508.5353634,-84,40,183
1747014508.5703633,1,66,-38
1747014508.6063633,48,43,39
1747014508.6413634,44,49,21
1747014508.6763637,20,7,141
1747014508.7113633,-58,58,1
1747014508.747363,-56,36,49
1747014508.783363,11,-44,133
1747014508.8183634,23,-1,93
1747014508.8543634,49,10,163
1747014508.8893633,81,66,5
1747014508.9243634,-8,46,61
1747014508.9673634,-52,-18,-12
1747014509.0033634,-46,-29,37
1747014509.0393634,-42,6,93
1747014509.0743637,15,-87,125
1747014509.1103632,-54,24,73
1747014509.145363,23,4,93
1747014509.1803634,-18,52,113
1747014509.2153633,-27,29,-92
1747014509.2513633,-41,71,147
1747014509.2873633,24,27,59
1747014509.3223634,-18,-35,29
1747014509.3583634,-2,20,-66
1747014509.3933637,12,-6,145
1747014509.428363,-33,-70,71
1747014509.4633634,32,-36,107
1747014509.4993634,34,-62,-2
1747014509.5353634,-3,0,1
1747014509.5703633,72,31,9
1747014509.6063633,-2,-8,23
1747014509.6413634,-78,123,121
1747014509.6763637,-6,-38,-4
1747014509.7113633,95,32,139
1747014509.747363,-92,-3,-10
1747014509.783363,-38,-19,89
1747014509.8183634,38,37,107
1747014509.8543634,-88,12,81
1747014509.8893633,-60,13,121
1747014509.9243634,7,-12,131
1747014509.9603634,-6,-22,31
1747014509.9953637,-8,-30,127
1747014510.0313632,-16,77,29
1747014510.066363,-30,44,183
1747014510.102363,79,-43,173
1747014510.1373634,53,-71,169
1747014510.1723633,26,8,-2
1747014510.2083633,-7,-9,61
1747014510.2433634,-31,-43,191
1747014510.2793634,-7,-35,39
1747014510.3143632,48,22,21
1747014510.3503633,6,70,103
1747014510.385363,-13,-67,-24
1747014510.4203634,56,94,-14
1747014510.4563634,6,52,9
1747014510.4913633,12,0,-50
1747014510.5273633,11,-17,-84
1747014510.5623634,-42,64,31
1747014510.5983634,-2,54,67
1747014510.6333632,24,-15,105
1747014510.668363,46,-7,85
1747014510.704363,55,-24,173
1747014510.7393634,47,-30,103
1747014510.7753634,-68,60,5
1747014510.8103633,25,20,173
1747014510.8463633,-37,-72,157
1747014510.8813634,-31,-20,21
1747014510.9163637,17,-25,53
1747014510.9523633,-33,-9,-4
1747014510.987363,27,48,119
1747014511.0233634,-57,53,135
1747014511.0583634,-11,69,25
1747014511.0943637,-68,12,0
1747014511.1293633,4,4,1
1747014511.1643634,-1,-25,95
1747014511.2003634,-7,0,37
1747014511.2353632,-9,17,93
1747014511.2713633,-29,3,151
1747014511.306363,17,-41,97
1747014511.3423634,96,11,87
1747014511.3773634,22,-18,39
1747014511.4123633,-34,-41,107
1747014511.4483633,21,24,117
1747014511.4833634,37,6,131
1747014511.5193634,-24,-71,87
1747014511.5543633,-94,22,77
1747014511.5903633,35,-31,29
1747014511.625363,32,76,107
1747014511.6603634,80,-5,13
1747014511.6963634,-41,-33,145
1747014511.7313633,13,18,157
1747014511.7673633,36,39,75
1747014511.8023634,-19,3,107
1747014511.8373632,-26,13,145
1747014511.872363,-36,3,79
1747014511.908363,-15,-34,-88
1747014511.9443634,-33,13,-8
1747014511.9793634,58,-10,121
1747014512.0153637,70,13,69
1747014512.0503633,32,-8,-14
1747014512.0853634,-33,24,79
1747014512.1203637,32,6,87
1747014512.1563632,66,26,53
1747014512.1923633,-36,-62,105
1747014512.227363,41,4,159
1747014512.2633634,-8,-36,109
1747014512.2983634,43,-27,183
1747014512.3333633,64,46,175
1747014512.3683634,21,-70,99
1747014512.4043634,67,-30,-88
1747014512.4403634,17,5,211
1747014512.4753633,-20,-4,27
1747014512.5113633,-30,3,23
1747014512.5463634,-26,-54,149
1747014512.5813634,-22,67,19
1747014512.6163633,37,23,0
1747014512.6523633,41,29,47
1747014512.6883633,42,25,101
1747014512.7233634,38,-30,-42
1747014512.7593634,14,19,51
1747014512.7943633,-19,3,159
1747014512.829363,-21,-8,47
1747014512.8643634,9,22,141
1747014512.9003634,35,0,47
1747014512.9363637,-60,104,-56
1747014512.9713633,-64,-25,87
1747014513.007363,-14,33,103
1747014513.0423634,39,-10,27
1747014513.0773633,-30,-17,-42
1747014513.112363,17,-8,-10
1747014513.1483634,-40,-38,129
1747014513.1843634,56,34,155
1747014513.2193637,-81,-25,7
1747014513.2553637,-41,-33,99
1747014513.2903633,-13,-51,-14
1747014513.3253634,-55,8,45
1747014513.3603632,16,-6,163
1747014513.3963633,20,9,-40
1747014513.4323633,78,-34,9
1747014513.4673634,-9,15,-20
1747014513.5033634,-9,-20,13
1747014513.5383637,36,0,59
1747014513.5733633,40,-20,-6
1747014513.6083634,8,-36,117
1747014513.6443634,-37,-48,109
1747014513.6803634,-38,75,59
1747014513.7153633,-57,-2,-88
1747014513.7513633,48,-34,35
1747014513.7863634,-35,27,71
1747014513.8213634,25,1,29
1747014513.8563633,29,71,95
1747014513.8923633,88,-76,89
1747014513.928363,-29,71,27
1747014513.9633634,4,3,51
1747014513.9993634,26,3,69
1747014514.0343633,-51,0,75
1747014514.0693634,28,39,103
1747014514.1043634,-7,-24,43
1747014514.1403637,40,-2,59
1747014514.1763637,106,55,63
1747014514.2113633,28,3,-30
1747014514.247363,-63,-36,-22
1747014514.2823634,78,17,39
1747014514.3173633,15,-38,203
1747014514.352363,82,65,127
1747014514.3883634,71,-40,47
1747014514.4243634,1,-74,75
1747014514.4593637,51,-14,-26
1747014514.4953637,-4,-95,105
1747014514.530363,29,-45,67
1747014514.5653634,15,-97,125
1747014514.6003633,-8,54,165
1747014514.6363633,-28,10,-22
1747014514.6723633,-14,18,167
1747014514.7073634,49,-21,71
1747014514.7433634,-53,52,169
1747014514.7783637,76,20,43
1747014514.8133633,-10,-64,135
1747014514.8483634,-20,81,-22
1747014514.8843634,77,63,155
1747014514.9203634,-19,-10,71
1747014514.9553633,22,-24,23
1747014514.9913633,23,-31,131
1747014515.0263634,-5,-22,99
1747014515.0613637,-56,72,15
1747014515.0973637,87,34,-56
1747014515.132363,-50,-9,77
1747014515.168363,3,-15,91
1747014515.2033634,-20,4,-44
1747014515.2393634,7,-15,59
1747014515.2743633,4,-22,47
1747014515.3093634,35,-25,-6
1747014515.3453634,51,-69,113
1747014515.3803637,77,-43,161
1747014515.4163637,99,2,-24
1747014515.451363,11,10,-94
1747014515.487363,-38,12,9
1747014515.5223634,7,22,11
1747014515.5573633,3,45,193
1747014515.5933633,42,14,173
1747014515.6283634,-14,-22,63
1747014515.6643634,-43,-1,0
1747014515.6993637,36,-9,181
1747014515.7353632,-9,-27,75
1747014515.770363,-7,38,89
1747014515.8053634,-60,-58,23
1747014515.8413634,-7,-68,27
1747014515.8763633,1,-38,17
1747014515.9123633,-62,-28,125
1747014515.9473634,-4,-6,93
1747014515.9833634,13,46,33
1747014516.0183637,63,-36,27
1747014516.053363,-34,-2,195
1747014516.089363,-15,47,29
1747014516.1243634,78,-54,51
1747014516.1603634,-50,36,15
1747014516.1953633,-18,11,149
1747014516.2313633,-10,-26,55
1747014516.2663634,5,-20,75
1747014516.3013637,0,0,107
1747014516.3373632,-28,-8,-20
1747014516.372363,59,-48,-20
1747014516.408363,29,53,57
1747014516.4433634,61,15,117
1747014516.4793634,0,33,17
1747014516.5143633,-41,58,-20
1747014516.5493634,18,6,102
1747014516.5853634,18,-43,68
1747014516.6203637,10,-15,-14
1747014516.6563632,26,8,30
1747014516.691363,32,-41,30
1747014516.727363,-21,8,-46
1747014516.7633634,1,9,19
1747014516.7983634,71,0,-24
1747014516.8333633,19,-44,-44
1747014516.8693633,-42,89,17
1747014516.905363,39,-14,47
1747014516.9403634,-54,-42,-10
1747014516.9763634,67,-4,49
1747014517.0113633,17,3,99
1747014517.0463634,3,-40,45
1747014517.0813634,30,71,38
1747014517.1173637,-73,-58,140
1747014517.1533637,-2,-11,80
1747014517.1883633,-5,-22,-46
1747014517.224363,-1,21,112
1747014517.2593634,-32,-21,62
1747014517.2943633,-27,-100,14
1747014517.329363,-8,-19,86
1747014517.3653634,-28,-61,53
1747014517.4013634,34,24,-66
1747014517.4363637,-23,-55,62
1747014517.4723637,-88,-41,55
1747014517.507363,2,-95,126
1747014517.5423634,90,12,54
1747014517.5773633,26,8,102
1747014517.6133633,22,66,6
1747014517.6493633,-63,10,32
1747014517.6843634,-79,18,56
1747014517.7203634,-98,3,66
1747014517.7553637,-16,-20,-10
1747014517.7903633,24,48,-26
1747014517.8253634,44,-5,28
1747014517.8613634,-10,85,170
1747014517.8973634,-107,-95,22
1747014517.9323633,75,5,35
1747014517.9683633,-64,-12,16
1747014518.0033634,1,-66,118
1747014518.0383637,71,9,48
1747014518.0733633,-63,68,46
1747014518.1093633,0,21,88
1747014518.145363,22,-15,62
1747014518.1803634,12,10,138
1747014518.2163634,38,4,0
1747014518.2513633,-115,-55,-2
1747014518.2863634,122,-7,108
1747014518.3213634,9,-16,180
1747014518.3573637,40,-7,116
1747014518.3933637,0,-55,-40
1747014518.428363,35,1,12
1747014518.464363,19,37,80
1747014518.4993634,20,-11,28
1747014518.5343633,-55,28,160
1747014518.5693634,62,-33,54
1747014518.6053634,18,64,134
1747014518.6413634,56,2,-28
1747014518.6763637,22,0,-18
1747014518.7123632,20,-23,36
1747014518.747363,-48,-73,115
1747014518.7823634,65,30,-25
1747014518.8173633,7,12,30
1747014518.8533633,5,32,102
1747014518.8893633,-14,-11,104
1747014518.9243634,-54,30,94
1747014518.9603634,-18,110,-13
1747014519.0023634,-10,29,98
1747014519.0383637,-94,7,90
1747014519.0733633,-26,33,206
1747014519.1093633,-14,-30,106
1747014519.145363,49,-30,78
1747014519.1803634,79,-36,134
1747014519.2163634,53,-10,138
1747014519.2513633,97,-12,98
1747014519.2863634,-38,67,160
1747014519.3213634,-33,23,-1
1747014519.3573637,45,79,-1
1747014519.3933637,13,27,42
1747014519.428363,-14,-160,86
1747014519.464363,-10,13,152
1747014519.4993634,-50,79,88
1747014519.5343633,-3,22,150
1747014519.5693634,-13,-15,176
1747014519.6053634,-15,-25,84
1747014519.6413634,-53,-27,158
1747014519.6763637,-17,4,70
1747014519.7123632,-27,32,40
1747014519.747363,-39,-45,-1
1747014519.7823634,-28,27,112
1747014519.8173633,23,-16,40
1747014519.8533633,32,-4,126
1747014519.8893633,-15,-10,48
1747014519.9243634,-19,-28,14
1747014519.9603634,35,62,220
1747014519.9953637,15,-13,128
1747014520.030363,38,-14,190
1747014520.066363,37,-39,7
1747014520.1013634,-43,-40,75
1747014520.1373634,1,40,124
1747014520.1723633,-11,-6,72
1747014520.2083633,-11,3,4
1747014520.2433634,-2,-6,-58
1747014520.2783637,-18,-62,-25
1747014520.3143632,3,45,70
1747014520.349363,79,57,-15
1747014520.385363,17,29,104
1747014520.4203634,-20,1,92
1747014520.4563634,-68,-60,76
1747014520.4913633,-56,-90,236
1747014520.5263634,31,79,102
1747014520.5623634,43,-42,84
1747014520.5973637,25,-21,94
1747014520.6333632,49,-18,-25
1747014520.668363,-12,-62,50
1747014520.704363,52,-19,-23
1747014520.7393634,62,8,82
1747014520.7743633,-8,17,74
1747014520.8103633,66,88,78
1747014520.8453634,38,26,220
1747014520.8813634,-25,-37,138
1747014520.9163637,20,19,90
1747014520.9523633,-36,-38,-27
1747014520.987363,-11,-6,168
1747014521.0223634,26,9,150
1747014521.0583634,60,21,88
1747014521.0933633,34,7,-77
1747014521.1293633,-7,51,132
1747014521.1643634,16,24,30
1747014521.2003634,-7,28,44
1747014521.2353632,-86,-14,62
1747014521.270363,-10,-8,98
1747014521.306363,-58,-76,98
1747014521.3413634,2,0,26
1747014521.3773634,-8,29,110
1747014521.4123633,1,51,70
1747014521.4483633,-14,-36,-17
1747014521.4833634,41,-52,88
1747014521.5183637,130,-111,2
1747014521.5543633,-26,9,108
1747014521.589363,85,11,112
1747014521.625363,-22,-14,6
1747014521.6603634,-64,-48,32
1747014521.6963634,-34,-64,202
1747014521.7313633,-72,24,96
1747014521.7663634,45,79,50
1747014521.8023634,17,47,52
1747014521.8373632,23,4,202
1747014521.8733633,-78,2,36
1747014521.908363,61,45,72
1747014521.9433634,-26,95,-65
1747014521.9783633,0,55,32
1747014522.0143633,23,29,38
1747014522.0503633,33,-54,30
1747014522.0853634,-28,55,-41
1747014522.1213634,34,-20,88
1747014522.1563632,9,9,182
1747014522.191363,-10,33,-25
1747014522.2263634,-16,-56,30
1747014522.2623634,19,-18,16
1747014522.2983634,23,43,86
1747014522.3333633,-10,14,116
1747014522.3693633,-14,-12,-67
1747014522.4043634,-2,-28,72
1747014522.4393632,13,63,-57
1747014522.474363,-12,3,86
1747014522.510363,-6,11,60
1747014522.5463634,64,-56,30
1747014522.5813634,90,-14,218
1747014522.6173637,-25,-32,102
1747014522.6523633,-48,45,154
1747014522.6873634,-26,29,-39
1747014522.7223637,-50,29,30
1747014522.7583632,-31,-2,92
1747014522.7943633,19,14,-153
1747014522.829363,-32,-29,2
1747014522.8653634,67,-49,54
1747014522.9003634,-22,-33,28
1747014522.9353633,-36,2,182
1747014522.9703634,-34,18,144
1747014523.0063634,35,30,52
1747014523.0423634,47,-61,-49
1747014523.0773633,19,36,118
1747014523.1133633,-62,26,26
1747014523.1483634,-76,32,60
1747014523.1833634,20,32,134
1747014523.2183633,0,-39,16
1747014523.2543633,50,0,72
1747014523.2903633,125,8,84
1747014523.3253634,27,-55,58
1747014523.3613634,-13,-21,26
1747014523.3963633,-46,24,48
1747014523.431363,42,0,8
1747014523.4663634,-11,-29,-29
1747014523.5023634,-88,-3,-25
1747014523.5383637,-32,23,18
1747014523.5733633,85,-62,86
1747014523.6093633,-14,-37,92
1747014523.6443634,13,-37,116
1747014523.6793633,-54,11,-85
1747014523.714363,-16,46,-21
1747014523.750363,14,100,150
1747014523.7863634,17,-19,126
1747014523.8213634,-16,5,74
1747014523.8573637,-6,11,-3
1747014523.8923633,23,-60,54
1747014523.9273634,3,1,72
1747014523.9623632,79,-3,150
1747014523.9983633,89,82,90
1747014524.0343633,1,10,30
1747014524.0693634,57,14,56
1747014524.1053634,41,-11,60
1747014524.1403637,21,-49,-71
1747014524.1753633,-56,-5,228
1747014524.2103634,33,46,148
1747014524.2463634,-35,-72,-43
1747014524.2823634,6,-64,48
1747014524.3173633,2,25,82
1747014524.3533633,5,-47,78
1747014524.3883634,35,-59,16
1747014524.4233634,10,29,60
1747014524.4583633,-23,-30,-9
1747014524.4943633,106,-44,64
1747014524.530363,-5,-11,60
1747014524.5653634,-49,-37,50
1747014524.6013634,-26,-21,-55
1747014524.6363633,19,12,-9
1747014524.6713634,53,-25,48
1747014524.7063634,-54,8,84
1747014524.7423637,23,10,24
1747014524.7783637,3,-65,-55
1747014524.8133633,-29,42,-17
1747014524.849363,40,44,92
1747014524.8843634,34,44,2
1747014524.9193633,46,-71,28
1747014524.954363,-21,-18,10
1747014524.9903634,10,24,10
1747014525.0263634,-12,96,44
1747014525.0613637,-33,-6,-5
1747014525.0973637,-1,32,50
1747014525.132363,-10,76,30
1747014525.1673634,0,90,0
1747014525.2033634,-17,7,-9
1747014525.2383633,68,-32,26
1747014525.2743633,36,30,142
1747014525.3093634,-19,-31,42
1747014525.3453634,-38,11,2
1747014525.3803637,45,29,80
1747014525.4153633,45,45,42
1747014525.451363,-8,9,130
1747014525.4863634,149,-46,40
1747014525.5223634,-51,-36,32
1747014525.5573633,1,23,-5
1747014525.5933633,-8,47,168
1747014525.6283634,57,57,26
1747014525.6633637,79,27,100
1747014525.6993637,-48,-18,98
1747014525.7343633,-10,-6,88
1747014525.770363,0,-8,-11
1747014525.8053634,-50,69,232
1747014525.8413634,43,23,112
1747014525.8763633,17,13,58
1747014525.9113634,11,2,12
1747014525.9473634,-64,-37,20
1747014525.9823637,17,-53,110
1747014526.0183637,-46,40,98
1747014526.053363,49,-52,188
1747014526.089363,65,-26,38
1747014526.1243634,-42,17,74
1747014526.1593633,21,-46,18
1747014526.1953633,-6,26,106
1747014526.2303634,-44,-9,-25
1747014526.2663634,49,86,108
1747014526.3013637,-24,6,-85
1747014526.3373632,-48,-77,58
1747014526.372363,25,86,64
1747014526.4073634,-24,24,88
1747014526.4433634,-54,9,114
1747014526.4783633,31,16,116
1747014526.5143633,42,-15,-65
1747014526.5493634,-13,20,114
1747014526.5853634,15,-12,124
1747014526.6203637,46,6,130
1747014526.655363,77,-30,72
1747014526.691363,65,49,96
1747014526.7263634,21,19,106
1747014526.7623634,7,31,40
1747014526.7973633,-49,-118,62
1747014526.8333633,-9,36,-3
1747014526.8683634,-39,-21,-89
1747014526.9033637,21,-18,118
1747014526.9393632,10,0,6
1747014526.974363,12,-41,84
1747014527.010363,-25,13,138
1747014527.0453634,16,-16,144
1747014527.0803633,11,23,68
1747014527.1153634,28,-18,22
1747014527.1513634,8,9,46
1747014527.1873634,-34,3,-19
1747014527.2223637,-23,-23,156
1747014527.2583632,7,43,48
1747014527.293363,12,-47,18
1747014527.3283634,19,57,118
1747014527.3633633,5,-2,-65
1747014527.3993633,-2,-32,134
1747014527.4353633,-78,-48,226
1747014527.4703634,18,-55,78
1747014527.5063634,-80,17,42
1747014527.5413637,28,-4,134
1747014527.576363,-66,-6,68
1747014527.6113634,-33,-26,188
1747014527.6473634,52,11,76
1747014527.6833634,42,27,116
1747014527.7183633,-7,35,268
1747014527.7543633,16,-104,-111
1747014527.7893634,31,-66,92
1747014527.8243637,41,0,62
1747014527.8593633,18,42,78
1747014527.895363,2,-38,126
1747014527.931363,25,-61,128
1747014527.9663634,25,16,106
1747014528.0023634,-44,-37,60
1747014528.0373633,-8,-77,86
1747014528.0723634,15,-27,74
1747014528.1073637,3,102,20
1747014528.1433637,27,74,150
1747014528.1793633,98,67,148
1747014528.214363,90,-76,-3
1747014528.250363,-41,-34,26
1747014528.2853634,2,33,94
1747014528.3203633,56,45,14
1747014528.3553634,24,-54,36
1747014528.3913634,-5,-5,42
1747014528.4273634,-29,9,74
1747014528.4623632,-19,-4,52
1747014528.4983633,11,-12,66
1747014528.533363,-28,-22,32
1747014528.5683634,-25,-51,2
1747014528.6033633,46,-49,240
1747014528.6393633,-37,-19,-71
1747014528.6753633,-43,-3,162
1747014528.7103634,12,4,66
1747014528.7463634,-93,80,64
1747014528.7813632,-23,20,20
1747014528.816363,53,-38,178
1747014528.8513634,19,-8,70
1747014528.8873634,85,49,-35
1747014528.9233634,0,-32,146
1747014528.9583633,35,49,18
1747014528.9943633,17,-28,-1
1747014529.0363634,-91,32,60
1747014529.0723634,-71,-12,144
1747014529.1073637,85,-32,26
1747014529.1433637,-12,-28,116
1747014529.1793633,11,27,34
1747014529.214363,-56,10,68
1747014529.250363,29,-29,18
1747014529.2853634,-32,-10,90
1747014529.3203633,52,-52,-51
1747014529.3553634,31,21,156
1747014529.3913634,-40,17,88
1747014529.4273634,-28,-10,60
1747014529.4623632,-12,37,6
1747014529.4983633,24,122,38
1747014529.533363,-2,7,36
1747014529.5683634,12,17,134
1747014529.6033633,106,-24,98
1747014529.6393633,-16,-4,112
1747014529.6753633,0,19,-19
1747014529.7103634,16,-19,124
1747014529.7463634,-62,-88,96
1747014529.7813632,-58,3,176
1747014529.816363,51,51,-53
1747014529.8513634,16,-13,-39
1747014529.8873634,-25,-75,22
1747014529.9233634,12,39,72
1747014529.9583633,-39,0,-7
1747014529.9943633,-85,-3,74
1747014530.0293634,78,-36,146
1747014530.0643632,66,-22,56
1747014530.099363,41,-86,108
1747014530.135363,4,11,2
1747014530.1713634,-43,5,62
1747014530.2063634,16,-8,86
1747014530.2423637,42,-10,50
1747014530.2773633,-111,39,154
1747014530.3123634,4,17,72
1747014530.3483634,94,-34,24
1747014530.3833632,28,-36,54
1747014530.4193633,-6,31,176
1747014530.454363,66,13,6
1747014530.4903634,38,49,26
1747014530.5253634,-19,69,38
1747014530.5603633,7,-5,68
1747014530.5963633,25,-111,74
1747014530.6313634,-2,-51,154
1747014530.6673634,23,-3,30
1747014530.7023633,26,-29,164
1747014530.7383633,-95,14,80
1747014530.7733634,30,24,72
1747014530.8083634,17,-52,-19
1747014530.8443637,37,-52,12
1747014530.8793633,63,35,162
1747014530.9153633,57,27,114
1747014530.9503634,-46,-58,30
1747014530.9863634,-39,-3,152
1747014531.0213633,9,3,22
1747014531.056363,26,36,42
1747014531.0923634,51,-20,8
1747014531.1273634,33,17,62
1747014531.1633637,-24,13,30
1747014531.1983633,-16,9,96
1747014531.2343633,-29,5,2
1747014531.2693634,0,-10,66
1747014531.3043633,68,5,38
1747014531.3403633,88,-38,90
1747014531.375363,32,43,196
1747014531.4113634,-5,-16,154
1747014531.4463634,-63,67,-11
1747014531.4823637,-1,101,118
1747014531.5173633,-13,-18,-95
1747014531.5523634,-25,7,24
1747014531.5883634,24,-44,50
1747014531.6233633,60,11,164
1747014531.6593633,-61,-38,98
1747014531.6943634,16,25,42
1747014531.7303634,-41,99,104
1747014531.7663634,66,-40,78
1747014531.8023634,-21,-36,30
1747014531.8373632,4,-76,46
1747014531.872363,-56,53,8
1747014531.908363,-86,-46,100
1747014531.9433634,3,-74,138
1747014531.9793634,7,11,128
1747014532.0143633,-4,-20,-5
1747014532.0493634,-56,-36,74
1747014532.0843637,25,-5,140
1747014532.1203637,31,6,70
1747014532.1563632,1,4,10
1747014532.191363,33,67,46
1747014532.227363,96,43,200
1747014532.2623634,-42,-30,94
1747014532.2973633,11,13,152
1747014532.3323634,4,36,110
1747014532.3683634,-1,-27,104
1747014532.4043634,-33,20,130
1747014532.4393632,66,-36,172
1747014532.4753633,11,-16,104
1747014532.510363,-23,-53,100
1747014532.5453634,-61,4,104
1747014532.5803633,-84,-150,168
1747014532.6163633,50,44,8
1747014532.6523633,-10,-25,110
1747014532.6873634,-20,19,-51
1747014532.7233634,-85,82,116
1747014532.7583632,-51,-41,112
1747014532.793363,-35,-13,94
1747014532.8283634,36,60,70
1747014532.8643634,-15,-9,-3
1747014532.9003634,10,-39,74
1747014532.9353633,-18,41,124
1747014532.9713633,-44,-21,72
1747014533.0063634,23,-11,190
1747014533.0413637,29,-21,66
1747014533.076363,-62,-25,76
1747014533.112363,-81,104,68
1747014533.1483634,59,12,98
1747014533.1833634,-9,28,18
1747014533.2193637,41,-45,88
1747014533.2543633,75,36,92
1747014533.2893634,7,8,134
1747014533.3243637,-66,-52,40
1747014533.3603632,15,1,16
1747014533.3963633,0,-28,142
1747014533.431363,-10,41,178
1747014533.4673634,-42,33,0
1747014533.5023634,9,-24,80
1747014533.5373633,35,-40,140
1747014533.5723634,-9,-38,20
1747014533.6083634,15,65,106
1747014533.6443634,69,9,156
1747014533.6793633,45,-6,110
1747014533.7153633,64,61,44
1747014533.750363,32,33,234
1747014533.7853634,-65,-6,56
1747014533.8203633,-56,-25,-21
1747014533.8563633,65,56,106
1747014533.8923633,51,-19,-123
1747014533.9273634,-38,-43,4
1747014533.9633634,1,-35,84
1747014533.9983633,-28,20,164
1747014534.033363,-2,22,8
1747014534.0683634,13,34,54
1747014534.1043634,89,23,48
1747014534.1403637,-4,-48,158
1747014534.1753633,-47,16,94
1747014534.2113633,-62,65,16
1747014534.2463634,63,-54,98
1747014534.2813632,-30,-18,114
1747014534.316363,-10,-42,20
1747014534.352363,73,-8,158
1747014534.3883634,46,3,62
1747014534.4233634,45,11,-45
1747014534.4593637,-66,-52,38
1747014534.4943633,10,-41,2
1747014534.5293634,0,-47,98
1747014534.5643632,48,-35,98
1747014534.6003633,6,24,44
1747014534.6363633,55,31,-75
1747014534.6713634,10,51,196
1747014534.7073634,98,25,56
1747014534.7423637,6,-16,36
1747014534.7773633,0,27,28
1747014534.8123634,87,4,188
1747014534.8483634,-4,-43,108
1747014534.8843634,59,40,8
1747014534.9193633,81,32,82
1747014534.9553633,32,-11,102
1747014534.9903634,65,32,24
1747014535.0253634,90,-2,66
1747014535.0603633,80,6,138
1747014535.0963633,76,-56,74
1747014535.132363,15,24,50
1747014535.1673634,37,-19,96
1747014535.2033634,-11,1,168
1747014535.2383633,-49,33,68
1747014535.2733634,-52,-25,138
1747014535.3093634,31,1,156
1747014535.3453634,-58,-78,78
1747014535.3813634,51,28,6
1747014535.4163637,145,31,72
1747014535.4523633,10,62,-5
1747014535.487363,25,28,54
1747014535.5233634,-61,12,64
1747014535.5583634,21,30,56
1747014535.5933633,-24,-73,44
1747014535.6293633,-62,-43,42
1747014535.6643634,3,78,-75
1747014535.7003634,-20,-13,48
1747014535.7353632,70,28,78
1747014535.7713633,26,30,174
1747014535.806363,-37,22,64
1747014535.8413634,-25,-107,62
1747014535.8773634,-84,-56,-9
1747014535.9123633,90,44,94
1747014535.9483633,-45,95,-21
1747014535.9833634,49,43,10
1747014536.0193634,-70,67,84
1747014536.0543633,77,21,162
1747014536.089363,-72,33,252
1747014536.125363,-39,-40,84
1747014536.1603634,17,-10,-1
1747014536.1963634,33,-96,50
1747014536.2313633,9,-34,68
1747014536.2673633,9,51,24
1747014536.3023634,59,0,58
1747014536.3373632,19,-16,120
1747014536.3733633,3,49,112
1747014536.408363,-20,-68,186
1747014536.4443634,-32,57,48
1747014536.4793634,1,-30,78
1747014536.5153637,25,15,110
1747014536.5503633,-58,21,94
1747014536.5853634,28,-11,26
1747014536.6213634,29,11,70
1747014536.6563632,39,25,102
1747014536.6923633,44,-31,52
1747014536.727363,6,-7,92
1747014536.7633634,8,32,68
1747014536.7983634,-1,8,-59
1747014536.8333633,25,-31,-43
1747014536.8693633,55,-70,0
1747014536.9043634,0,-13,24
1747014536.9403634,-48,-19,110
1747014536.9753633,-26,-35,36
1747014537.0113633,-31,2,86
1747014537.0463634,-60,30,22
1747014537.0813634,5,-11,-41
1747014537.1173637,17,-85,50
1747014537.1523633,-59,17,30
1747014537.1883633,-27,-18,154
1747014537.2233634,-82,-79,34
1747014537.2583632,19,8,14
1747014537.293363,-15,5,80
1747014537.329363,-3,-40,52
1747014537.3653634,0,-22,32
1747014537.4003634,42,5,84
1747014537.4363637,10,55,60
1747014537.4713633,0,1,18
1747014537.5063634,-5,-44,30
1747014537.5413637,44,-22,134
1747014537.5773633,42,-26,34
1747014537.6133633,56,-14,74
1747014537.6483634,32,57,136
1747014537.6843634,51,9,34
1747014537.7193637,-18,13,224
1747014537.7543633,-8,-50,132
1747014537.7893634,39,-14,100
1747014537.8253634,29,-32,16
1747014537.8613634,-20,-7,28
1747014537.8963633,39,-11,136
1747014537.9323633,-54,67,28
1747014537.9673634,7,-46,38
1747014538.0023634,-28,37,-25
1747014538.0373633,-60,-58,120
1747014538.0733633,-6,-88,124
1747014538.1093633,57,-84,-71
1747014538.1443634,-9,-48,-71
1747014538.1803634,32,11,-21
1747014538.2153633,18,105,-53
1747014538.250363,60,-62,102
1747014538.2853634,4,5,12
1747014538.3213634,22,15,170
1747014538.3573637,-21,11,244
1747014538.3923633,8,23,62
1747014538.428363,4,13,-7
1747014538.4633634,-19,-12,0
1747014538.4983633,63,-38,44
1747014538.533363,61,-106,54
1747014538.5693634,29,13,82
1747014538.6053634,35,-96,8
1747014538.6403637,18,-34,20
1747014538.6763637,-24,89,158
1747014538.7113633,2,-40,52
1747014538.7463634,30,-7,116
1747014538.7813632,-3,2,112
1747014538.8173633,32,14,-5
1747014538.8533633,4,-39,46
1747014538.8883634,82,-15,10
1747014538.9243634,10,-20,-9
1747014538.9593637,-69,-68,70
1747014538.9943633,-3,5,92
1747014539.0293634,22,28,86
1747014539.0723634,-73,60,118
1747014539.1093633,-37,-59,-53
1747014539.1443634,10,-23,-5
1747014539.1803634,24,13,40
1747014539.2153633,11,41,118
1747014539.250363,16,-16,-15
1747014539.2853634,-18,-58,120
1747014539.3213634,54,-70,68
1747014539.3573637,14,-50,87
1747014539.3923633,-13,33,53
1747014539.428363,64,23,15
1747014539.4633634,-51,9,98
1747014539.4983633,19,13,109
1747014539.533363,-12,-84,-30
1747014539.5693634,39,-4,59
1747014539.6053634,-20,-40,161
1747014539.6403637,56,-4,3
1747014539.6763637,-40,-76,70
1747014539.7113633,21,1,86
1747014539.7463634,24,-4,132
1747014539.7813632,-60,79,50
1747014539.8173633,23,-22,42
1747014539.8533633,-38,5,90
1747014539.8883634,-34,-51,202
1747014539.9243634,23,66,110
1747014539.9593637,19,-87,90
1747014539.9943633,47,-51,102
1747014540.0293634,97,-53,24
1747014540.0653634,-24,32,114
1747014540.1013634,1,-45,51
1747014540.1363633,61,40,93
1747014540.1723633,33,-17,189
1747014540.2073634,85,-65,63
1747014540.2423637,-28,-35,33
1747014540.2783637,18,-63,145
1747014540.3133633,48,-8,75
1747014540.349363,60,37,155
1747014540.3843634,-65,-42,-74
1747014540.4203634,10,-36,0
1747014540.4553633,42,39,140
1747014540.4903634,-13,-46,140
1747014540.5263634,8,-28,215
1747014540.5613637,5,-36,-25
1747014540.5973637,16,-2,74
1747014540.632363,49,17,55
1747014540.668363,22,-38,28
1747014540.7033634,9,3,147
1747014540.7383633,90,-1,179
1747014540.7743633,-15,-75,37
1747014540.8093634,-35,82,36
1747014540.8453634,-40,-66,58
1747014540.8803637,-20,9,96
1747014540.9163637,28,-9,90
1747014540.951363,-11,16,-57
1747014540.9863634,-33,-25,48
1747014541.0223634,68,88,88
1747014541.0573633,58,25,204
1747014541.0933633,-54,-43,38
1747014541.1283634,-27,13,99
1747014541.1643634,14,-8,-17
1747014541.1993637,-37,5,79
1747014541.2343633,0,29,77
1747014541.270363,14,-26,127
1747014541.3053634,-69,1,45
1747014541.3413634,54,-6,149
1747014541.3763633,14,-16,128
1747014541.4123633,26,75,59
1747014541.4473634,36,-19,97
1747014541.4823637,36,30,36
1747014541.5183637,60,-23,163
1747014541.553363,-39,42,116
1747014541.589363,8,0,80
1747014541.6243634,-30,17,38
1747014541.6603634,-40,1,154
1747014541.6953633,9,-66,196
1747014541.7303634,-8,43,102
1747014541.7663634,27,-4,96
1747014541.8013637,-54,59,42
1747014541.8373632,-2,9,-45
1747014541.872363,11,-102,-41
1747014541.908363,-52,-36,60
1747014541.9433634,49,14,161
1747014541.9783633,-30,1,92
1747014542.0143633,59,-24,107
1747014542.0493634,115,6,119
1747014542.0853634,87,-46,75
1747014542.1203637,-20,45,17
1747014542.1563632,-76,-52,175
1747014542.1923633,-35,20,-2
1747014542.2283633,-61,28,-34
1747014542.2643633,16,-31,54
1747014542.2993634,-11,56,12
1747014542.3343637,69,19,74
1747014542.3703637,5,-32,-3
1747014542.4063632,45,-30,82
1747014542.441363,9,0,74
1747014542.477363,61,-34,201
1747014542.5123634,-48,1,87
1747014542.5473633,126,-28,77
1747014542.5823634,-66,-30,59
1747014542.6183634,-31,37,63
1747014542.6543634,28,19,77
1747014542.6893632,-17,-28,65
1747014542.7253633,-7,29,-24
1747014542.760363,-49,41,21
1747014542.7953634,17,13,37
1747014542.8303633,-92,7,65
1747014542.8663633,23,31,121
1747014542.9023633,21,7,37
1747014542.9373634,-28,-38,43
1747014542.9733634,23,-82,81
1747014543.0083632,11,14,72
1747014543.043363,35,-43,-121
1747014543.0783634,21,41,150
1747014543.1143634,66,-4,216
1747014543.1503634,-49,-32,142
1747014543.1853633,-3,1,48
1747014543.2213633,-49,1,148
1747014543.2563634,-37,-13,48
1747014543.2913637,-51,69,32
1747014543.326363,-45,7,91
1747014543.362363,46,-4,13
1747014543.3983634,9,-44,31
1747014543.4333634,-36,-42,55
1747014543.4693637,13,45,161
1747014543.5043633,-9,83,53
1747014543.5393634,60,-14,-50
1747014543.5743637,12,-22,81
1747014543.6103632,-33,-10,125
1747014543.6463633,-69,-94,51
1747014543.681363,30,-58,43
1747014543.7173634,-1,1,-44
1747014543.7523634,-7,-34,157
1747014543.7873633,6,-58,-14
1747014543.8223634,6,29,107
1747014543.8583634,-7,29,49
1747014543.8943634,-63,27,9
1747014543.9293633,-17,-22,91
1747014543.9653633,-35,-4,138
1747014544.000363,6,-88,36
1747014544.0353634,-27,-31,36
1747014544.0703633,-13,-54,272
1747014544.1063633,6,13,68
1747014544.1423633,-1,13,62
1747014544.1773634,74,-43,120
1747014544.2133634,18,-4,110
1747014544.2483633,-15,106,206
1747014544.283363,70,36,158
1747014544.3183634,-35,8,-13
1747014544.3543634,11,29,-26
1747014544.3903637,34,3,55
1747014544.4253633,115,23,128
1747014544.4613633,-46,-86,31
1747014544.4963634,39,83,121
1747014544.5313632,11,25,103
1747014544.566363,-24,-6,29
1747014544.602363,25,-14,147
1747014544.6383634,-28,-66,43
1747014544.6733634,9,-42,57
1747014544.7093637,33,-6,155
1747014544.7443633,22,-61,131
1747014544.7793634,93,15,23
1747014544.8143632,41,0,-7
1747014544.8503633,37,7,96
1747014544.8863633,65,-140,-7
1747014544.9213634,67,0,120
1747014544.9573634,107,9,68
1747014544.9923637,136,51,-15
1747014545.0273633,-9,63,80
1747014545.0623634,60,49,150
1747014545.0983634,-57,1,165
1747014545.1343634,6,-18,73
1747014545.1693633,-59,-4,-26
1747014545.2053633,-71,37,111
1747014545.2403634,100,43,53
1747014545.2753634,-81,-58,19
1747014545.3103633,44,-46,31
1747014545.3463633,62,-18,57
1747014545.382363,18,79,159
1747014545.4173634,24,-11,-26
1747014545.4533634,-83,-1,61
1747014545.4883633,26,10,151
1747014545.5233634,-56,65,33
1747014545.5593634,-48,-30,99
1747014545.5943637,44,37,-54
1747014545.6303637,53,-46,110
1747014545.6653633,58,-15,118
1747014545.701363,-17,22,74
1747014545.7363634,-53,-69,98
1747014545.7713633,-40,-20,140
1747014545.8073633,5,0,-13
1747014545.8423634,-2,33,178
1747014545.8783634,34,-13,154
1747014545.9133637,-16,67,192
1747014545.9493637,11,-88,106
1747014545.9843633,39,-18,106
1747014546.0193634,-26,79,22
1747014546.0553634,-77,35,17
1747014546.0903633,-23,15,193
1747014546.1263633,4,-26,122
1747014546.1613634,-5,-24,108
1747014546.1973634,4,17,79
1747014546.2323637,-39,59,17
1747014546.2673633,4,-56,119
1747014546.303363,32,-14,57
1747014546.3383634,-55,39,17
1747014546.3743634,4,51,13
1747014546.4093633,-11,-36,67
1747014546.4453633,-16,-56,11
1747014546.4803634,37,-42,20
1747014546.5153637,-71,-113,6
1747014546.5513637,28,-41,132
1747014546.5863633,-43,44,38
1747014546.622363,14,-51,124
1747014546.6573634,-67,4,190
1747014546.6933634,114,21,176
1747014546.7283633,-13,-16,134
1747014546.7633634,-25,-54,38
1747014546.7993634,78,-6,134
1747014546.8343637,-81,-64,162
1747014546.8703637,-11,59,232
1747014546.905363,6,0,60
1747014546.941363,132,57,-9
1747014546.9763634,-3,-24,116
1747014547.0113633,56,19,68
1747014547.0473633,-35,87,91
1747014547.0823634,30,-18,10
1747014547.1183634,44,0,86
1747014547.1533637,-69,29,84
1747014547.1893632,-57,-54,116
1747014547.224363,-48,43,79
1747014547.2593634,36,-80,-10
1747014547.2953634,-10,25,49
1747014547.3303633,7,-44,97
1747014547.3663633,-64,-22,123
1747014547.4013634,57,-26,0
1747014547.4363637,-45,9,158
1747014547.4713633,9,15,205
1747014547.507363,60,-74,25
1747014547.543363,66,-82,23
1747014547.5783634,-7,41,29
1747014547.6143634,17,19,23
1747014547.6493633,58,74,101
1747014547.6843634,-29,-53,73
1747014547.7193637,5,-27,81
1747014547.7553637,67,-73,109
1747014547.7913637,-18,32,99
1747014547.826363,-27,0,113
1747014547.862363,42,42,73
1747014547.8973634,-53,16,-6
1747014547.9323633,24,86,0
1747014547.9673634,-75,-15,109
1747014548.0033634,-17,-3,81
1747014548.0393634,104,-17,3
1747014548.0743637,24,46,171
1747014548.1103632,-59,42,89
1747014548.145363,72,78,121
1747014548.1803634,16,8,61
1747014548.2153633,-31,-20,57
1747014548.2513633,7,26,160
1747014548.2873633,27,80,63
1747014548.3223634,-28,-55,132
1747014548.3583634,9,12,-47
1747014548.3933637,-42,-83,138
1747014548.428363,3,50,118
1747014548.4633634,-95,66,140
1747014548.4993634,-35,86,19
1747014548.5353634,-47,18,41
1747014548.5703633,-89,-33,223
1747014548.6063633,44,-37,95
1747014548.6413634,-3,74,-8
1747014548.6763637,59,-20,7
1747014548.7113633,-27,71,129
1747014548.747363,-5,-20,85
1747014548.783363,24,35,-18
1747014548.8183634,-79,-18,-2
1747014548.8543634,44,-24,71
1747014548.8893633,-77,43,75
1747014548.9243634,100,24,113
1747014548.9593637,-55,31,27
1747014548.9953637,62,-16,159
1747014549.0313632,16,17,-6
1747014549.0733633,-40,28,233
1747014549.1103632,-64,2,-26
1747014549.145363,1,32,27
1747014549.1803634,67,-23,-32
1747014549.2153633,-68,24,39
1747014549.2513633,-31,-78,15
1747014549.2873633,94,5,237
1747014549.3223634,38,-60,107
1747014549.3583634,44,-45,55
1747014549.3933637,6,-1,105
1747014549.428363,-2,-84,173
1747014549.4633634,-29,-51,129
1747014549.4993634,-13,22,-14
1747014549.5353634,-127,8,69
1747014549.5703633,7,-4,59
1747014549.6063633,-12,-18,79
1747014549.6413634,43,14,167
1747014549.6763637,-41,-65,107
1747014549.7113633,-39,20,139
1747014549.747363,-28,-37,-4
1747014549.783363,-16,10,47
1747014549.8183634,3,-65,195
1747014549.8543634,51,94,31
1747014549.8893633,129,-61,139
1747014549.9243634,7,78,33
1747014549.9593637,15,-39,61
1747014549.9953637,69,6,53
1747014550.0313632,-56,40,61
1747014550.066363,19,-45,-34
1747014550.102363,15,-13,161
1747014550.1373634,-26,-15,47
1747014550.1723633,-2,-31,189
1747014550.2073634,-30,-5,83
1747014550.2433634,31,22,59
1747014550.2793634,11,-87,127
1747014550.3143632,-4,-3,-10
1747014550.3503633,3,6,105
1747014550.385363,-12,6,137
1747014550.4203634,63,-89,163
1747014550.4553633,-10,-53,33
1747014550.4913633,27,-1,131
1747014550.5273633,67,-11,19
1747014550.5623634,13,-5,133
1747014550.5983634,37,0,163
1747014550.6333632,3,18,87
1747014550.668363,25,-69,45
1747014550.704363,85,-53,83
1747014550.7393634,12,-10,37
1747014550.7753634,-44,-23,111
1747014550.8103633,115,2,181
1747014550.8463633,7,26,111
1747014550.8813634,0,-25,111
1747014550.9163637,-152,-47,109
1747014550.9523633,25,-13,19
1747014550.987363,29,62,91
1747014551.0233634,31,-39,107
1747014551.0583634,10,-3,49
1747014551.0943637,30,-47,151
1747014551.1293633,54,32,0
1747014551.1643634,12,-29,151
1747014551.2003634,-7,-11,149
1747014551.2353632,16,8,117
1747014551.2713633,-40,-34,57
1747014551.306363,45,29,-14
1747014551.3423634,19,-9,131
1747014551.3773634,45,106,21
1747014551.4123633,-88,-45,-42
1747014551.4483633,-16,-19,99
1747014551.4833634,39,20,51
1747014551.5193634,-104,-5,77
1747014551.5543633,-10,30,187
1747014551.5903633,-22,28,95
1747014551.625363,15,-107,99
1747014551.6603634,-19,-61,109
1747014551.6963634,-30,-47,93
1747014551.7313633,65,-31,109
1747014551.7673633,2,20,11
1747014551.8023634,31,6,-10
1747014551.8383634,17,-41,59
1747014551.8733633,-60,-23,151
1747014551.908363,73,57,157
1747014551.9443634,25,21,79
1747014551.9793634,63,-38,1
1747014552.0153637,-24,55,85
1747014552.0503633,-32,65,-38
1747014552.0863633,97,7,101
1747014552.1213634,-31,-56,59
1747014552.1563632,7,-24,41
1747014552.1923633,-1,-18,1
1747014552.227363,-94,29,199
1747014552.2633634,-33,-38,43
1747014552.2983634,-99,9,5
1747014552.3343637,2,-20,41
1747014552.3703637,36,-34,183
1747014552.4063632,-48,-21,101
1747014552.4423633,-20,126,97
1747014552.477363,-3,20,165
1747014552.5123634,-100,-75,113
1747014552.5483634,39,-63,61
1747014552.5843637,-4,84,31
1747014552.6193633,-9,-4,101
1747014552.655363,82,3,91
1747014552.6903634,36,-22,95
1747014552.7253633,79,-13,0
1747014552.760363,15,-19,157
1747014552.7963634,-32,-7,113
1747014552.8323634,-32,61,77
1747014552.8673637,-78,21,129
1747014552.9033637,31,28,9
1747014552.9383633,19,-76,49
1747014552.9733634,-28,89,57
1747014553.0083632,2,7,39
1747014553.0443633,-56,-22,57
1747014553.0803633,95,19,33
1747014553.1153634,9,-58,145
1747014553.1513634,-62,-26,97
1747014553.1863637,-14,-26,83
1747014553.2213633,18,68,-54
1747014553.2563634,20,34,19
1747014553.2923634,-31,-27,9
1747014553.3283634,-61,12,39
1747014553.3633633,73,55,35
1747014553.3993633,-10,5,81
1747014553.4343634,-56,-62,119
1747014553.4693637,-18,-34,-38
1747014553.5043633,-30,-10,141
1747014553.5403633,19,-18,-46
1747014553.576363,-17,40,151
1747014553.6113634,42,2,125
1747014553.6473634,-55,-3,103
1747014553.6823633,14,0,77
1747014553.7173634,12,48,0
1747014553.7523634,33,-4,155
1747014553.7883637,22,28,109
1747014553.8243637,60,26,149
1747014553.8593633,-23,30,123
1747014553.895363,56,28,101
1747014553.9303634,-41,-13,115
1747014553.9653633,114,-63,153
1747014554.000363,5,0,-28
1747014554.0363634,33,13,213
1747014554.0723634,-20,-48,41
1747014554.1073637,-26,63,129
1747014554.1433637,41,-14,-60
1747014554.178363,-50,27,65
1747014554.2133634,39,-62,25
1747014554.2483633,34,-52,-42
1747014554.2843633,-21,7,51
1747014554.3203633,83,3,151
1747014554.3553634,37,-14,41
1747014554.3913634,-64,6,67
1747014554.4263637,-32,4,137
1747014554.4613633,-10,-13,51
1747014554.4963634,109,74,33
1747014554.5323634,-2,18,189
1747014554.5683634,-58,9,-8
1747014554.6033633,89,51,43
1747014554.6393633,116,-30,143
1747014554.6743634,86,-14,3
1747014554.7093637,59,6,35
1747014554.7443633,-47,-44,133
1747014554.780363,30,-26,53
1747014554.816363,-33,19,-34
1747014554.8513634,-73,-72,47
1747014554.8873634,-33,12,39
1747014554.9223633,-25,-17,13
1747014554.9573634,12,-63,161
1747014554.9923637,-47,-53,103
1747014555.0283637,83,29,109
1747014555.0643632,-62,27,231
1747014555.099363,-40,35,91
1747014555.135363,101,-68,57
1747014555.1703634,-31,2,169
1747014555.2053633,5,21,-64
1747014555.2403634,-35,22,117
1747014555.2763634,-21,-19,131
1747014555.3123634,28,-54,-38
1747014555.3473637,20,-39,23
1747014555.3833632,-32,72,113
1747014555.418363,5,58,-4
1747014555.4533634,39,15,105
1747014555.4883633,17,-3,17
1747014555.5243633,-26,-79,-58
1747014555.5603633,21,-11,89
1747014555.5953634,11,-15,89
1747014555.6313634,53,-24,65
1747014555.6663637,36,25,13
1747014555.701363,-16,0,129
1747014555.737363,-23,23,117
1747014555.7723634,80,-34,99
1747014555.8083634,0,9,89
1747014555.8433633,44,-60,115
1747014555.8793633,-15,-48,59
1747014555.9143634,30,-4,163
1747014555.9493637,20,1,25
1747014555.9853632,-29,-40,-14
1747014556.020363,-9,1,87
1747014556.056363,-106,-11,93
1747014556.0913634,48,-31,145
1747014556.1273634,-27,32,-2
1747014556.1623633,-27,90,145
1747014556.1973634,-58,-80,99
1747014556.2333634,-10,54,29
1747014556.2683637,95,38,47
1747014556.3043633,-2,12,67
1747014556.339363,-30,-2,55
1747014556.375363,-84,111,75
1747014556.4103634,28,11,63
1747014556.4453633,-74,2,33
1747014556.4813633,-6,77,183
1747014556.5163634,-28,-18,75
1747014556.5523634,25,25,93
1747014556.5873632,37,-28,91
1747014556.6233633,11,45,5
1747014556.658363,47,57,111
1747014556.6933634,10,31,41
1747014556.7293634,3,-14,79
1747014556.7643633,-50,41,123
1747014556.8003633,7,0,1
1747014556.8353634,0,9,115
1747014556.8713634,-20,45,101
1747014556.9063632,21,19,125
1747014556.941363,27,-4,41
1747014556.977363,27,-53,21
1747014557.0123634,-62,65,79
1747014557.0483634,-48,-4,9
1747014557.0833633,33,-4,87
1747014557.1193633,39,37,29
1747014557.1543634,-4,22,251
1747014557.1893632,-26,-45,1
1747014557.2253633,-37,38,117
1747014557.260363,-19,-19,87
1747014557.2963634,6,4,173
1747014557.3313634,-18,-44,63
1747014557.3673637,3,-18,93
1747014557.4033637,46,-41,71
1747014557.4393632,-65,52,73
1747014557.4753633,-8,-92,25
1747014557.510363,-10,18,63
1747014557.5453634,-98,40,13
1747014557.5813634,59,-80,71
1747014557.6173637,7,10,-48
1747014557.6523633,-23,2,-8
1747014557.6883633,63,65,-20
1747014557.7233634,-38,45,45
1747014557.7583632,-22,-20,51
1747014557.793363,-24,-22,107
1747014557.829363,3,93,-78
1747014557.8653634,69,-45,143
1747014557.9003634,-42,14,45
1747014557.9363637,63,-52,157
1747014557.9713633,30,38,0
1747014558.0063634,-97,56,95
1747014558.0413637,24,-7,67
1747014558.0773633,-81,-21,1
1747014558.1133633,-44,-25,155
1747014558.1483634,33,3,89
1747014558.1843634,11,13,95
1747014558.2193637,1,25,103
1747014558.2543633,-69,-4,75
1747014558.2893634,-24,84,19
1747014558.3253634,-65,-13,65
1747014558.3613634,42,-67,57
1747014558.3963633,15,4,31
1747014558.4323633,59,66,75
1747014558.4673634,-14,-1,-8
1747014558.5023634,-77,-12,-30
1747014558.5373633,34,-30,63
1747014558.5733633,64,47,119
1747014558.6093633,66,23,67
1747014558.6443634,-115,-20,101
1747014558.6803634,-69,-110,103
1747014558.7153633,-18,-13,135
1747014558.750363,2,-4,263
1747014558.7853634,8,-30,53
1747014558.8213634,-25,-55,141
1747014558.8573637,-91,29,-10
1747014558.8923633,84,-20,93
1747014558.928363,12,-18,69
1747014558.9633634,120,51,-16
1747014558.9983633,-11,0,129
1747014559.033363,22,-14,-16
1747014559.076363,34,-4,5
1747014559.1133633,-23,15,53
1747014559.1483634,48,-66,111
1747014559.1843634,-7,33,89
1747014559.2193637,62,11,153
1747014559.2543633,45,-15,137
1747014559.2893634,1,20,-48
1747014559.3253634,16,97,105
1747014559.3613634,-97,-36,-36
1747014559.3963633,-37,-12,99
1747014559.4323633,64,-34,31
1747014559.4673634,19,-7,95
1747014559.5023634,19,-14,89
1747014559.5373633,-14,41,-8
1747014559.5733633,-46,-11,109
1747014559.6093633,31,6,-18
1747014559.6443634,29,0,135
1747014559.6803634,3,38,33
1747014559.7153633,77,31,31
1747014559.750363,-14,-80,35
1747014559.7853634,19,-8,109
1747014559.8213634,37,-12,115
1747014559.8573637,-10,-116,77
1747014559.8923633,-8,-20,171
1747014559.928363,27,11,56
1747014559.9633634,-42,61,106
1747014559.9983633,-44,59,122
1747014560.033363,23,25,52
1747014560.0693634,43,31,62
1747014560.1053634,31,-5,116
1747014560.1403637,-60,40,-30
1747014560.1763637,32,-10,52
1747014560.2113633,-21,-2,57
1747014560.2463634,-37,41,36
1747014560.2813632,61,10,16
1747014560.3173633,54,-46,96
1747014560.3533633,-5,-16,60
1747014560.3883634,-16,32,74
1747014560.4243634,109,-26,120
1747014560.4593637,31,-10,30
1747014560.4943633,25,-4,166
1747014560.5293634,13,-6,38
1747014560.5653634,0,-116,-121
1747014560.6013634,-15,-66,42
1747014560.6363633,-7,-38,60
1747014560.6723633,-35,-16,-1
1747014560.7073634,2,9,118
1747014560.7423637,-5,41,64
1747014560.7783637,-11,-54,62
1747014560.8133633,-17,-36,64
1747014560.849363,-68,14,88
1747014560.8843634,-69,-18,108
1747014560.9203634,-54,-15,102
1747014560.9553633,41,-33,8
1747014560.9903634,25,52,54
1747014561.0263634,137,-7,68
1747014561.0613637,48,31,152
1747014561.0973637,-27,-42,10
1747014561.132363,-7,49,-21
1747014561.168363,-25,-54,-19
1747014561.2033634,-40,22,100
1747014561.2383633,39,36,132
1747014561.2743633,6,-70,-27
1747014561.3093634,-86,-7,10
1747014561.3453634,-6,36,40
1747014561.3803637,5,47,30
1747014561.4163637,115,11,126
1747014561.451363,39,17,-31
1747014561.4863634,11,1,216
1747014561.5223634,85,21,22
1747014561.5573633,15,15,186
1747014561.5933633,-48,37,-35
1747014561.6283634,-46,23,-13
1747014561.6643634,75,-48,98
1747014561.6993637,1,5,62
1747014561.7343633,-9,-23,10
1747014561.770363,21,17,2
1747014561.8053634,-8,-8,6
1747014561.8413634,3,-16,158
1747014561.8763633,45,103,-19
1747014561.9123633,27,-16,-29
1747014561.9473634,41,-44,44
1747014561.9823637,25,9,46
1747014562.0183637,-1,-6,60
1747014562.053363,55,37,64
1747014562.089363,81,11,34
1747014562.1243634,49,-46,174
1747014562.1603634,73,-8,139
1747014562.1953633,49,3,9
1747014562.2303634,-45,-48,45
1747014562.2663634,26,15,-75
1747014562.3013637,6,-14,42
1747014562.3373632,2,59,44
1747014562.372363,-55,-20,180
1747014562.408363,14,23,238
1747014562.4443634,50,-17,96
1747014562.4803634,14,3,-25
1747014562.5163634,14,28,170
1747014562.5513637,-69,9,74
1747014562.5863633,4,-18,74
1747014562.622363,-33,-14,106
1747014562.658363,79,49,120
1747014562.6933634,-51,-26,218
1747014562.7293634,34,-8,144
1747014562.7643633,117,-7,212
1747014562.7993634,15,4,20
1747014562.8343637,33,-33,232
1747014562.8703637,-39,-58,-29
1747014562.9063632,-24,-35,4
1747014562.941363,3,-91,30
1747014562.977363,-61,67,102
1747014563.0123634,20,39,138
1747014563.0473633,-97,-22,84
1747014563.0823634,44,33,40
1747014563.1183634,2,7,82
1747014563.1543634,-47,9,90
1747014563.1893632,11,-57,98
1747014563.2253633,-43,-20,40
1747014563.260363,-33,35,-3
1747014563.2953634,-17,-52,128
1747014563.3303633,-17,-24,30
1747014563.3663633,9,41,22
1747014563.4023633,-3,-14,88
1747014563.4373634,13,-26,-9
1747014563.4733634,25,-12,122
1747014563.5083632,59,25,-43
1747014563.543363,-30,-48,90
1747014563.5783634,-52,-34,-49
1747014563.6143634,24,-14,68
1747014563.6503634,21,-53,48
1747014563.6853633,17,26,-29
1747014563.7213633,-22,4,68
1747014563.7563634,-6,66,28
1747014563.7913637,-68,68,-67
1747014563.826363,-64,-20,36
1747014563.862363,33,-52,-1
1747014563.8983634,-16,-26,-83
1747014563.9333634,31,9,152
1747014563.9693637,13,57,38
1747014564.0043633,-30,-5,-23
1747014564.0393634,-46,-42,42
1747014564.0743637,-44,53,20
1747014564.1103632,21,13,52
1747014564.1463633,37,2,6
1747014564.181363,53,-9,26
1747014564.2173634,-8,-10,-1
1747014564.2523634,-3,-19,32
1747014564.2873633,14,-9,-43
1747014564.3223634,29,-82,12
1747014564.3583634,22,12,-149
1747014564.3943634,63,-42,114
1747014564.4293633,5,-72,104
1747014564.4653633,-10,-5,62
1747014564.500363,-79,-48,66
1747014564.5353634,4,9,144
1747014564.5703633,-23,45,-21
1747014564.6063633,-41,21,56
1747014564.6423633,10,55,42
1747014564.6773634,39,25,172
1747014564.7133634,34,4,210
1747014564.7483633,22,-65,-49
1747014564.783363,36,30,36
1747014564.8183634,2,-47,58
1747014564.8543634,44,-93,42
1747014564.8903637,-3,28,170
1747014564.9253633,-21,-89,40
1747014564.9613633,28,-53,76
1747014564.9963634,-30,-28,68
1747014565.0313632,0,-8,152
1747014565.066363,14,18,124
1747014565.102363,50,-59,90
1747014565.1383634,-44,61,-17
1747014565.1733634,-66,41,58
1747014565.2093637,107,67,54
1747014565.2443633,10,-29,116
1747014565.2793634,-6,15,22
1747014565.3143632,12,-41,6
1747014565.3503633,-27,122,-5
1747014565.3863633,-14,-45,66
1747014565.4213634,-94,-29,-75
1747014565.4573634,36,-51,168
1747014565.4923637,-28,4,42
1747014565.5273633,-4,8,-33
1747014565.5623634,-48,-37,76
1747014565.5983634,-4,-13,72
1747014565.6343634,29,10,98
1747014565.6693633,0,-63,106
1747014565.7053633,-22,-11,122
1747014565.7403634,9,16,122
1747014565.7753634,37,-61,138
1747014565.8113637,-45,-29,-143
1747014565.8463633,-27,10,130
1747014565.882363,-13,8,10
1747014565.9173634,20,-15,30
1747014565.9533634,-1,-29,154
1747014565.9883633,-36,30,8
1747014566.0233634,-8,-19,100
1747014566.0593634,-28,6,98
1747014566.0943637,95,-9,148
1747014566.1303637,35,-1,26
1747014566.1653633,-32,-63,98
1747014566.201363,117,-27,28
1747014566.2363634,35,16,86
1747014566.2713633,-9,-2,24
1747014566.3073633,34,-26,30
1747014566.3423634,19,37,86
1747014566.3783634,9,43,34
1747014566.4133637,-35,-40,-41
1747014566.4493637,-52,-36,-21
1747014566.4843633,68,-26,146
1747014566.5193634,32,-22,58
1747014566.5553634,0,25,114
1747014566.5903633,-51,-16,32
1747014566.6263633,14,-13,164
1747014566.6613634,-15,32,118
1747014566.6973634,18,-19,120
1747014566.7323637,-53,26,78
1747014566.7673633,-15,66,-43
1747014566.803363,-29,-20,54
1747014566.8383634,90,41,136
1747014566.8743634,16,7,160
1747014566.9093633,6,11,56
1747014566.9453633,9,-20,160
1747014566.9803634,-29,-4,96
1747014567.0153637,4,36,68
1747014567.0513637,-22,-112,102
1747014567.0863633,-21,-49,84
1747014567.122363,-75,-23,-101
1747014567.1573634,-9,70,146
1747014567.1933634,45,-32,102
1747014567.2283633,5,-111,-37
1747014567.2633634,81,11,42
1747014567.2993634,-20,19,12
1747014567.3343637,-36,-28,132
1747014567.3703637,23,29,100
1747014567.405363,21,-30,108
1747014567.441363,17,-4,136
1747014567.4763634,-32,-52,106
1747014567.5113633,57,41,76
1747014567.5473633,49,8,-75
1747014567.5823634,75,-1,120
1747014567.6183634,-28,-5,118
1747014567.6533637,-75,-24,110
1747014567.6883633,-38,-11,36
1747014567.7233634,24,-17,-35
1747014567.7593634,-12,0,26
1747014567.7953634,-40,72,106
1747014567.8303633,17,-17,88
1747014567.8663633,-1,-24,-23
1747014567.9013634,-31,53,90
1747014567.9363637,9,-39,16
1747014567.9713633,-15,45,196
1747014568.007363,44,9,16
1747014568.043363,-16,-88,68
1747014568.0783634,117,-48,50
1747014568.1143634,-56,-10,76
1747014568.1493633,19,33,88
1747014568.1843634,51,9,112
1747014568.2193637,-78,-60,6
1747014568.2553637,-32,-10,104
1747014568.2913637,-7,21,-3
1747014568.326363,-7,-56,-27
1747014568.362363,-49,-22,72
1747014568.3973634,-23,-58,184
1747014568.4323633,-24,-6,128
1747014568.4673634,-64,-20,98
1747014568.5033634,127,15,36
1747014568.5393634,61,56,112
1747014568.5743637,45,27,-67
1747014568.6103632,-30,107,100
1747014568.645363,15,117,232
1747014568.6803634,13,31,118
1747014568.7153633,59,-46,-5
1747014568.7513633,13,13,124
1747014568.7873633,97,69,58
1747014568.8223634,23,5,126
1747014568.8583634,51,33,104
1747014568.8933637,-32,33,30
1747014568.928363,-13,-59,28
1747014568.9633634,6,8,110
1747014568.9993634,48,-37,38
1747014569.0353634,22,18,70
1747014569.0773633,-86,-33,20
1747014569.1143634,-42,-9,128
1747014569.1493633,35,-19,-21
1747014569.1843634,-16,-7,116
1747014569.2193637,-86,-51,58
1747014569.2553637,-6,41,-11
1747014569.2913637,1,7,16
1747014569.326363,105,-42,-25
1747014569.362363,-15,38,178
1747014569.3973634,56,-21,132
1747014569.4323633,27,12,64
1747014569.4673634,49,71,138
1747014569.5033634,-7,-7,4
1747014569.5393634,-6,-36,104
1747014569.5743637,45,25,68
1747014569.6103632,-20,49,136
1747014569.645363,25,-38,-7
1747014569.6803634,7,3,130
1747014569.7153633,-10,-84,80
1747014569.7513633,100,-64,132
1747014569.7873633,-30,9,5
1747014569.8223634,13,-10,-49
1747014569.8583634,68,19,-13
1747014569.8933637,-18,69,74
1747014569.928363,139,-29,81
1747014569.9633634,-28,-21,117
1747014569.9993634,43,8,-80
1747014570.0353634,161,68,152
1747014570.0703633,71,-56,21
1747014570.1063633,99,-58,85
1747014570.1413634,-55,11,89
1747014570.1763637,26,59,111
1747014570.2113633,-54,9,15
1747014570.247363,-12,2,65
1747014570.283363,-42,43,-2
1747014570.3183634,3,55,50
1747014570.3543634,35,-56,160
1747014570.3893633,41,55,-5
1747014570.4243634,-29,-39,88
1747014570.4593637,-108,-22,68
1747014570.4953637,17,-6,122
1747014570.5313632,117,-54,96
1747014570.566363,43,19,106
1747014570.602363,-34,29,14
1747014570.6373634,-12,61,58
1747014570.6723633,-18,0,147
1747014570.7073634,-3,40,193
1747014570.7433634,-4,69,62
1747014570.7793634,35,5,84
1747014570.8143632,63,67,76
1747014570.8503633,-30,33,4
1747014570.885363,24,28,-5
1747014570.9203634,-37,54,118
1747014570.9563634,6,-45,155
1747014570.9913633,-60,-37,-6
1747014571.0273633,-24,86,5
1747014571.0623634,-16,-9,63
1747014571.0983634,21,18,41
1747014571.1333632,-52,-50,-1
1747014571.168363,89,-6,132
1747014571.204363,29,71,-17
1747014571.2393634,1,0,174
1747014571.2753634,21,37,-39
1747014571.3103633,24,67,70
1747014571.3463633,-17,-88,-60
1747014571.3813634,-40,6,109
1747014571.4163637,-26,6,-44
1747014571.4523633,-26,-29,33
1747014571.487363,-26,20,99
1747014571.5233634,23,-47,13
1747014571.5583634,-59,-18,81
1747014571.5943637,65,32,73
1747014571.6293633,49,26,23
1747014571.6643634,35,-23,-6
1747014571.7003634,57,44,47
1747014571.7353632,-50,2,100
1747014571.7713633,21,-141,90
1747014571.806363,3,-80,141
1747014571.8423634,47,-8,1
1747014571.8773634,-30,-10,177
1747014571.9123633,-18,11,45
1747014571.9483633,21,-39,117
1747014571.9833634,-28,-1,57
1747014572.0193634,0,31,4
1747014572.0543633,84,65,105
1747014572.0903633,-59,-34,113
1747014572.125363,57,32,113
1747014572.1603634,15,-55,-20
1747014572.1963634,21,64,29
1747014572.2313633,-46,-79,80
1747014572.2673633,25,-12,-39
1747014572.3023634,25,45,152
1747014572.3383634,-48,-85,106
1747014572.3733633,11,11,130
1747014572.408363,-56,27,26
1747014572.4443634,9,29,24
1747014572.4793634,31,-28,49
1747014572.5153637,51,-11,17
1747014572.5503633,19,18,91
1747014572.5863633,31,-41,173
1747014572.6213634,2,3,71
1747014572.6563632,105,52,166
1747014572.6923633,17,-91,43
1747014572.727363,17,60,56
1747014572.7633634,-26,-13,19
1747014572.7983634,-61,-1,13
1747014572.8333633,5,-33,-22
1747014572.8683634,30,-45,3
1747014572.9043634,-33,-37,-55
1747014572.9403634,22,38,-62
1747014572.9753633,-49,62,-86
1747014573.0113633,-11,0,25
1747014573.0463634,23,17,63
1747014573.0813634,89,-30,65
1747014573.1163633,-14,6,128
1747014573.1523633,-46,10,164
1747014573.1883633,20,-3,80
1747014573.2233634,24,-23,106
1747014573.2593634,40,6,148
1747014573.2943633,54,-1,22
1747014573.329363,40,-43,12
1747014573.3643634,-31,-65,111
1747014573.4003634,26,-7,-3
1747014573.4363637,-41,84,54
1747014573.4713633,-59,11,154
1747014573.507363,-26,-29,108
1747014573.5423634,-49,57,54
1747014573.5773633,-23,2,88
1747014573.612363,-45,-67,-29
1747014573.6483634,28,-3,-33
1747014573.6843634,-29,-105,1
1747014573.7193637,-2,72,83
1747014573.7553637,16,62,0
1747014573.7903633,14,28,55
1747014573.8253634,-61,-27,116
1747014573.8603632,-29,18,73
1747014573.8963633,-2,5,40
1747014573.9323633,-31,-15,20
1747014573.9673634,-18,7,-18
1747014574.0033634,4,-42,91
1747014574.0383637,-55,39,117
1747014574.0733633,-79,-44,57
1747014574.1083634,5,47,-22
1747014574.1443634,-101,52,-15
1747014574.1803634,49,31,76
1747014574.2153633,-22,-16,-3
1747014574.2513633,-21,3,116
1747014574.2863634,42,15,-67
1747014574.3213634,16,3,170
1747014574.3563633,24,-24,66
1747014574.3923633,-35,-14,148
1747014574.428363,28,35,42
1747014574.4633634,-77,-52,146
1747014574.4993634,36,-4,36
1747014574.5343633,2,49,138
1747014574.5693634,-35,27,83
1747014574.6043634,51,-71,40
1747014574.6403637,-48,72,26
1747014574.6763637,47,60,-11
1747014574.7113633,33,-22,34
1747014574.747363,-12,-48,6
1747014574.7823634,-8,-32,110
1747014574.8173633,43,0,140
1747014574.852363,-10,-50,72
1747014574.8883634,49,-4,-25
1747014574.9243634,-42,-12,74
1747014574.9593637,-66,103,4
1747014574.9953637,15,-26,92
1747014575.030363,-43,41,56
1747014575.0653634,-24,23,-1
1747014575.1003633,32,63,89
1747014575.1363633,92,-66,133
1747014575.1723633,12,-54,49
1747014575.2073634,0,-6,52
1747014575.2433634,42,-94,49
1747014575.2783637,-7,79,-58
1747014575.3133633,18,47,23
1747014575.3483634,-16,-35,91
1747014575.385363,39,18,81
1747014575.4203634,-50,79,139
1747014575.4563634,-90,0,7
1747014575.4923637,34,-20,121
1747014575.5273633,-51,-50,-4
1747014575.5633633,66,7,114
1747014575.5983634,-67,-38,188
1747014575.6333632,9,-24,-41
1747014575.668363,-24,31,26
1747014575.704363,9,-26,-7
1747014575.7403634,20,-8,-9
1747014575.7753634,-20,51,72
1747014575.8113637,-3,-32,-121
1747014575.8463633,22,3,6
1747014575.8813634,58,57,100
1747014575.9173634,-63,-78,66
1747014575.9523633,32,-44,110
1747014575.9883633,-87,69,90
1747014576.0233634,4,1,-4
1747014576.0593634,2,41,83
1747014576.0943637,-39,39,127
1747014576.1293633,-21,-32,149
1747014576.1653633,-40,27,13
1747014576.2003634,-32,19,3
1747014576.2363634,-58,-38,141
1747014576.2713633,-33,12,51
1747014576.3073633,11,35,23
1747014576.3423634,-23,90,75
1747014576.3773634,-34,-12,50
1747014576.4133637,-23,50,74
1747014576.4483633,7,9,24
1747014576.4843633,-36,-14,-21
1747014576.5193634,85,-34,98
1747014576.5553634,-61,45,98
1747014576.5903633,-3,-32,-51
1747014576.625363,54,27,-29
1747014576.6613634,-45,-8,50
1747014576.6963634,-19,-56,80
1747014576.7323637,-11,23,-6
1747014576.7673633,74,-36,169
1747014576.803363,32,-40,81
1747014576.8383634,-11,57,91
1747014576.8733633,-13,5,99
1747014576.9093633,106,-56,121
1747014576.9443634,-87,-12,92
1747014576.9803634,-1,-12,70
1747014577.0153637,-35,19,42
1747014577.0513637,11,-50,110
1747014577.0863633,6,34,86
1747014577.1213634,-41,-47,132
1747014577.1573634,-17,0,62
1747014577.1923633,-19,72,76
1747014577.2283633,42,-21,152
1747014577.2633634,70,-10,138
1747014577.2993634,8,-26,120
1747014577.3353634,68,-42,40
1747014577.3713634,-43,-60,214
1747014577.4063632,39,37,78
1747014577.441363,11,-20,138
1747014577.477363,-70,19,44
1747014577.5123634,23,-78,138
1747014577.5483634,35,0,164
1747014577.5833633,-46,-20,192
1747014577.6193633,-26,-36,159
1747014577.6543634,5,-18,106
1747014577.6893632,27,-22,11
1747014577.7253633,49,-18,-11
1747014577.760363,-24,-22,-63
1747014577.7963634,5,-72,-13
1747014577.8313634,59,54,184
1747014577.8663633,19,35,140
1747014577.9013634,11,-28,60
1747014577.9373634,91,-2,20
1747014577.9733634,-31,3,178
1747014578.0083632,60,49,104
1747014578.0443633,14,11,-103
1747014578.079363,-1,-40,14
1747014578.1143634,0,11,124
1747014578.1493633,-7,-32,98
1747014578.1853633,80,-48,47
1747014578.2213633,20,0,97
1747014578.2563634,-35,-48,121
1747014578.2923634,-3,-2,52
1747014578.3273633,10,7,51
1747014578.362363,58,-22,103
1747014578.3973634,-41,49,151
1747014578.4333634,-3,49,113
1747014578.4693637,12,-38,155
1747014578.5043633,-75,-12,129
1747014578.5403633,-25,-26,125
1747014578.5753634,-60,47,-30
1747014578.6103632,-48,45,33
1747014578.645363,-36,17,45
1747014578.681363,23,5,41
1747014578.7173634,-28,-30,43
1747014578.7523634,-28,47,159
1747014578.7883637,17,-26,110
1747014578.8233633,65,17,98
1747014578.8583634,7,18,65
1747014578.8933637,39,-22,109
1747014578.9293633,103,-20,33
1747014578.9653633,-15,-42,63
1747014579.000363,32,-16,-38
1747014579.0363634,58,-58,151
1747014579.0783634,1,-60,5
1747014579.1143634,-21,-48,82
1747014579.1493633,-11,22,52
1747014579.1853633,-83,-9,-3
1747014579.2213633,0,8,-5
1747014579.2563634,85,-72,116
1747014579.2923634,-44,-14,46
1747014579.3273633,31,41,34
1747014579.362363,-26,-32,39
1747014579.3973634,-14,27,77
1747014579.4333634,-106,-8,67
1747014579.4693637,-6,-18,91
1747014579.5043633,-19,-12,19
1747014579.5403633,-21,-50,21
1747014579.5753634,133,-15,5
1747014579.6103632,-1,-4,108
1747014579.645363,-78,-45,68
1747014579.681363,47,32,134
1747014579.7173634,-30,-45,-11
1747014579.7523634,-22,-19,24
1747014579.7883637,15,-27,42
1747014579.8233633,-45,46,124
1747014579.8583634,-50,-67,36
1747014579.8933637,-24,64,100
1747014579.9293633,-92,-7,26
1747014579.9653633,-118,-69,162
1747014580.000363,19,66,92
1747014580.0363634,31,-29,10
1747014580.0713634,35,29,64
1747014580.1063633,59,-10,4
1747014580.1413634,67,18,-9
1747014580.1773634,21,-29,-3
1747014580.2133634,7,-51,44
1747014580.2483633,-112,-21,38
1747014580.2843633,59,-1,62
1747014580.3193634,-6,-55,44
1747014580.3543634,-27,2,-59
1747014580.3893633,-5,38,146
1747014580.4253633,6,22,25
1747014580.4613633,40,-29,37
1747014580.4963634,19,-3,-94
1747014580.5323634,13,-58,98
1747014580.5673633,39,-19,118
1747014580.602363,27,42,55
1747014580.6373634,3,-47,165
1747014580.6733634,43,40,-78
1747014580.7093637,-64,26,54
1747014580.7443633,-92,16,46
1747014580.780363,-2,4,46
1747014580.8153634,0,-73,122
1747014580.8503633,-34,4,18
1747014580.885363,18,22,72
1747014580.9213634,62,54,104
1747014580.9573634,56,-23,94
1747014580.9923637,-82,-40,96
1747014581.0283637,21,-22,104
1747014581.0633633,39,-8,116
1747014581.0983634,81,-4,12
1747014581.1343634,-44,83,74
1747014581.1693633,2,-53,46
1747014581.2053633,-42,-57,-43
1747014581.2403634,-26,2,82
1747014581.2763634,26,48,60
1747014581.3113637,8,15,46
1747014581.3463633,0,70,36
1747014581.382363,27,98,126
1747014581.4173634,-74,-9,104
1747014581.4533634,-52,-47,87
1747014581.4883633,-24,-5,98
1747014581.5243633,83,-4,107
1747014581.5593634,111,-62,101
1747014581.5943637,-46,-31,16
1747014581.6303637,29,56,78
1747014581.6653633,57,-11,-13
1747014581.701363,11,-11,-11
1747014581.7363634,41,62,112
1747014581.7723634,-149,-53,2
1747014581.8073633,19,22,180
1747014581.8423634,7,-24,44
1747014581.8783634,-4,-105,114
1747014581.9133637,41,10,46
1747014581.9493637,14,-4,258
1747014581.9843633,112,-16,50
1747014582.020363,9,55,36
1747014582.0553634,20,59,72
1747014582.0903633,-4,-66,56
1747014582.1263633,54,-83,-17
1747014582.1613634,-46,-1,-51
1747014582.1973634,-2,-25,164
1747014582.2323637,-42,-13,121
1747014582.2683637,-72,12,59
1747014582.303363,-60,-53,7
1747014582.3383634,19,-49,143
1747014582.3743634,16,-53,123
1747014582.4093633,-11,-13,63
1747014582.4453633,38,46,171
1747014582.4803634,48,48,167
1747014582.5163634,60,-21,38
1747014582.5513637,-57,-7,120
1747014582.5863633,30,128,133
1747014582.622363,-100,-11,-12
1747014582.6573634,-15,25,84
1747014582.6933634,-35,-48,104
1747014582.7283633,63,-13,88
1747014582.7643633,-3,3,-57
1747014582.8003633,-1,19,18
1747014582.8363633,32,69,24
1747014582.872363,4,-52,10
1747014582.9073634,-83,11,-1
1747014582.9423633,79,-57,45
1747014582.9783633,24,101,65
1747014583.0143633,33,58,37
1747014583.0493634,-12,-55,56
1747014583.0853634,25,-9,116
1747014583.1203637,-48,36,34
1747014583.155363,5,-51,114
1747014583.1903634,23,-5,110
1747014583.2263634,-46,-7,80
1747014583.2623634,7,41,-29
1747014583.2973633,-16,-57,88
1747014583.3333633,-52,15,-41
1747014583.3683634,-8,31,-35
1747014583.4033637,89,-2,-5
1747014583.4383633,-66,-8,-39
1747014583.474363,9,-30,72
1747014583.510363,67,15,12
1747014583.5453634,-26,-20,104
1747014583.5813634,-12,51,132
1747014583.6163633,12,27,17
1747014583.6513634,22,-42,67
1747014583.6863637,-51,53,35
1747014583.7223637,2,-22,163
1747014583.7583632,30,-30,37
1747014583.793363,18,39,103
1747014583.829363,-83,17,107
1747014583.8643634,-3,1,-102
1747014583.8993633,6,-59,-11
1747014583.9343634,-1,3,80
1747014583.9703634,60,-28,115
1747014584.0063634,12,0,65
1747014584.0413637,-13,72,77
1747014584.0773633,44,-29,161
1747014584.112363,53,-81,20
1747014584.1473634,10,50,-5
1747014584.1823633,-55,22,62
1747014584.2183633,6,-9,-33
1747014584.2543633,10,70,38
1747014584.2893634,84,-25,104
1747014584.3253634,0,-1,90
1747014584.3603632,-51,20,232
1747014584.395363,9,-13,42
1747014584.4303634,-16,-57,20
1747014584.4663634,-45,-15,32
1747014584.5023634,27,-11,-29
1747014584.5373633,57,-79,90
1747014584.5733633,73,60,-31
1747014584.6083634,-79,-2,108
1747014584.6433637,-28,-17,80
1747014584.678363,14,51,-63
1747014584.714363,-85,45,112
1747014584.750363,-44,-54,8
1747014584.7853634,-3,-37,-41
1747014584.8213634,10,-43,27
1747014584.8563633,-27,-21,176
1747014584.8913634,-9,-41,117
1747014584.9263637,-101,28,152
1747014584.9623632,74,37,133
1747014584.9983633,60,33,81
1747014585.033363,-5,-22,59
1747014585.0693634,-15,57,9
1747014585.1043634,-3,21,130
1747014585.1393633,46,-44,178
1747014585.1743634,-8,-25,-17
1747014585.2103634,-73,23,40
1747014585.2463634,28,89,97
1747014585.2813632,-19,25,65
1747014585.3173633,-41,69,27
1747014585.352363,6,-30,69
1747014585.3873634,-23,37,47
1747014585.4223633,-53,-50,75
1747014585.4583633,-83,19,-4
1747014585.4943633,-31,25,95
1747014585.5293634,23,-75,53
1747014585.5653634,-33,28,-17
1747014585.6003633,-15,-35,51
1747014585.635363,-54,60,29
1747014585.6703634,-70,-45,73
1747014585.7063634,7,-85,-16
1747014585.7423637,7,-66,139
1747014585.7773633,-28,36,69
1747014585.8133633,144,-25,-10
1747014585.8483634,4,-3,150
1747014585.8833632,16,16,32
1747014585.918363,-7,-5,32
1747014585.954363,-25,4,6
1747014585.9903634,-81,-57,-3
1747014586.0253634,8,24,206
1747014586.0613637,84,4,76
1747014586.0963633,-19,-1,104
1747014586.1313634,-9,26,45
1747014586.1673634,10,20,78
1747014586.2023633,-3,-18,57
1747014586.2383633,52,-50,93
1747014586.2733634,26,53,169
1747014586.3093634,14,-20,113
1747014586.3443637,-53,115,133
1747014586.3793633,128,23,77
1747014586.4153633,53,-35,57
1747014586.4503634,43,40,-12
1747014586.4863634,6,-51,107
1747014586.5213633,-23,97,49
1747014586.5573633,8,-60,75
1747014586.5923634,-53,-26,35
1747014586.6273634,14,59,107
1747014586.6633637,48,63,67
1747014586.6983633,-11,11,15
1747014586.7343633,55,0,49
1747014586.7693634,27,29,77
1747014586.8053634,-4,-4,153
1747014586.8403633,11,47,99
1747014586.875363,-4,25,51
1747014586.9113634,-67,3,85
1747014586.9463634,6,1,32
1747014586.9823637,-75,33,88
1747014587.0173633,40,-16,46
1747014587.053363,-3,-46,18
1747014587.0883634,32,67,98
1747014587.1233633,107,-51,-45
1747014587.1593633,-26,14,218
1747014587.1943634,51,24,136
1747014587.2303634,-24,15,-50
1747014587.2653637,18,95,37
1747014587.3013637,45,17,18
1747014587.3363633,55,-84,58
1747014587.3713634,20,-100,43
1747014587.4073634,99,-12,48
1747014587.4423633,-4,-22,95
1747014587.4783633,85,21,112
1747014587.5133634,-41,17,24
1747014587.5493634,-41,-6,109
1747014587.5843637,39,28,132
1747014587.6193633,-29,-34,68
1747014587.655363,-5,23,62
1747014587.6903634,16,41,92
1747014587.7263634,45,-19,24
1747014587.7613633,47,8,-3
1747014587.7973633,1,18,1
1747014587.8323634,59,28,99
1747014587.8673637,-19,-43,-36
1747014587.9033637,40,2,31
1747014587.9383633,26,-29,53
1747014587.974363,-5,-19,55
1747014588.0093634,-11,-37,155
1747014588.0443633,-29,-27,69
1747014588.079363,16,14,37
1747014588.1153634,15,33,91
1747014588.1513634,59,-83,103
1747014588.1863637,24,22,97
1747014588.2223637,19,7,35
1747014588.257363,63,-29,95
1747014588.2923634,-2,-16,43
1747014588.3273633,53,-74,47
1747014588.3633633,-2,41,137
1747014588.3993633,52,-22,63
1747014588.4343634,24,-30,100
1747014588.4703634,4,23,161
1747014588.5053637,-31,-76,21
1747014588.5403633,34,-8,47
1747014588.5753634,-13,-72,23
1747014588.6113634,-18,-14,53
1747014588.6473634,-51,-21,-24
1747014588.6823633,-19,-52,69
1747014588.7183633,68,-20,19
1747014588.7533634,-93,39,35
1747014588.7883637,102,55,75
1747014588.8233633,-1,-77,45
1747014588.8593633,15,0,-40
1747014588.895363,-54,62,99
1747014588.9303634,-17,6,45
1747014588.9663634,-27,-13,88
1747014589.0013633,-3,-11,-48
1747014589.0363634,60,-35,-12
1747014589.0713634,27,-59,21
1747014589.1133633,-54,-5,37
1747014589.1503634,73,-55,53
1747014589.1853633,23,-51,-65
1747014589.2203634,-13,-26,10
1747014589.2553637,-11,9,48
1747014589.2913637,-26,-19,48
1747014589.3273633,26,13,14
1747014589.362363,-13,-4,56
1747014589.3983634,-51,41,58
1747014589.4333634,30,11,132
1747014589.4683633,24,-25,-53
1747014589.5033634,40,51,170
1747014589.5393634,88,-15,116
1747014589.5753634,30,-81,-71
1747014589.6103632,4,2,85
1747014589.6463633,-61,8,65
1747014589.681363,74,16,99
1747014589.7163634,-19,-39,35
1747014589.7513633,78,-13,188
1747014589.7873633,-31,-17,69
1747014589.8233633,-35,102,171
1747014589.8583634,54,28,71
1747014589.8943634,56,-21,215
1747014589.9293633,-16,9,61
1747014589.964363,77,-57,73
1747014589.9993634,35,-9,7
1747014590.0353634,36,60,119
1747014590.0713634,4,-25,125
1747014590.1063633,-3,6,-34
1747014590.1423633,26,6,145
1747014590.1773634,3,10,87
1747014590.2123632,-8,22,47
1747014590.247363,89,-49,8
1747014590.283363,-16,-15,70
1747014590.3193634,89,-21,60
1747014590.3543634,-52,-65,228
1747014590.3903637,141,26,-9
1747014590.4253633,-78,64,66
1747014590.4603634,65,-17,70
1747014590.4953637,-2,10,18
1747014590.5313632,3,4,88
1747014590.5673633,-11,37,-49
1747014590.602363,-49,-36,-9
1747014590.6383634,-71,25,34
1747014590.6733634,23,75,-69
1747014590.7083633,43,-4,84
1747014590.7433634,98,75,-37
1747014590.7793634,0,-16,2
1747014590.8153634,0,21,134
1747014590.8503633,-33,81,206
1747014590.8863633,4,-30,124
1747014590.9213634,-43,11,0
1747014590.9563634,104,5,80
1747014590.9913633,36,-38,101
1747014591.0273633,38,29,131
1747014591.0633633,69,-6,133
1747014591.0983634,-7,-108,77
1747014591.1343634,12,24,57
1747014591.1693633,30,42,141
1747014591.204363,31,61,115
1747014591.2403634,-62,-30,55
1747014591.2753634,-34,0,93
1747014591.3113637,-32,124,73
1747014591.3463633,-26,110,65
1747014591.382363,-16,-68,29
1747014591.4173634,47,13,49
1747014591.4523633,-64,-11,55
1747014591.4883633,-27,15,253
1747014591.5233634,-1,-86,-2
1747014591.5593634,120,5,81
1747014591.5943637,-27,37,81
1747014591.6303637,-14,67,7
1747014591.6653633,9,-14,143
1747014591.7003634,55,-58,129
1747014591.7363634,-6,-52,155
1747014591.7713633,-50,23,143
1747014591.8073633,43,17,52
1747014591.8423634,23,55,96
1747014591.8783634,23,-17,98
1747014591.9133637,26,5,106
1747014591.9483633,2,-64,134
1747014591.9843633,12,-62,80
1747014592.0193634,-25,21,104
1747014592.0553634,-3,120,189
1747014592.0903633,44,20,131
1747014592.1263633,-73,-57,70
1747014592.1613634,-53,-57,9
1747014592.1963634,63,-52,81
1747014592.2323637,-36,5,113
1747014592.2673633,14,-78,29
1747014592.303363,18,-16,123
1747014592.3383634,32,21,115
1747014592.3743634,34,-6,-12
1747014592.4093633,50,39,193
1747014592.4443634,-21,51,11
1747014592.4803634,6,0,0
1747014592.5153637,37,-12,-34
1747014592.5513637,-34,-68,57
1747014592.5863633,11,-6,81
1747014592.622363,-48,43,77
1747014592.6573634,29,7,87
1747014592.6923633,-48,17,71
1747014592.7283633,-30,58,211
1747014592.7633634,-18,-8,5
1747014592.7993634,15,61,159
1747014592.8343637,21,55,82
1747014592.8703637,-10,-9,52
1747014592.905363,25,-79,51
1747014592.9403634,9,-17,55
1747014592.9763634,25,-23,5
1747014593.0113633,19,7,-32
1747014593.0473633,73,39,87
1747014593.0823634,27,29,123
1747014593.1173637,29,-18,67
1747014593.1523633,-8,57,81
1747014593.1883633,-12,39,53
1747014593.224363,16,-6,17
1747014593.2593634,-58,50,74
1747014593.2953634,33,-15,-8
1747014593.3303633,35,8,-2
1747014593.3653634,0,10,115
1747014593.4003634,-70,-6,115
1747014593.4363637,-44,58,161
1747014593.4723637,-6,-9,7
1747014593.507363,-48,-89,123
1747014593.543363,43,6,113
1747014593.5783634,109,44,159
1747014593.6133633,-42,46,31
1747014593.6483634,-55,70,7
1747014593.6843634,37,-15,99
1747014593.7203634,-74,-19,71
1747014593.7553637,-112,-7,23
1747014593.7913637,-24,74,27
1747014593.826363,31,-105,-32
1747014593.8613634,-14,30,39
1747014593.8963633,23,-21,7
1747014593.9323633,0,-87,149
1747014593.9683633,0,18,33
1747014594.0033634,13,-17,33
1747014594.0393634,5,22,12
1747014594.0743637,45,44,14
1747014594.1093633,-42,-18,99
1747014594.1443634,7,24,20
1747014594.1803634,5,100,106
1747014594.2163634,-14,5,-8
1747014594.2513633,22,35,23
1747014594.2873633,-52,42,53
1747014594.3223634,163,12,21
1747014594.3573637,-41,31,-16
1747014594.3923633,-16,-23,-36
1747014594.428363,158,15,15
1747014594.464363,-52,-48,-2
1747014594.4993634,-21,89,81
1747014594.5353634,-30,-18,19
1747014594.5703633,50,92,181
1747014594.6053634,85,-22,95
1747014594.6403637,31,-20,83
1747014594.6763637,67,-6,37
1747014594.7123632,31,57,115
1747014594.747363,-30,53,51
1747014594.783363,-48,19,138
1747014594.8183634,39,67,52
1747014594.8533633,-12,-20,76
1747014594.8883634,-60,2,49
1747014594.9243634,-20,0,-32
1747014594.9603634,7,13,1
1747014594.9953637,39,-2,77
1747014595.0313632,21,55,125
1747014595.066363,25,-62,-50
1747014595.1013634,33,-68,-40
1747014595.1363633,37,-50,131
1747014595.1723633,21,-22,-12
1747014595.2083633,11,-62,-98
1747014595.2433634,39,-54,95
1747014595.2793634,1,-28,101
1747014595.3143632,-4,-30,121
1747014595.349363,-28,-6,-32
1747014595.3843634,29,-78,83
1747014595.4203634,39,0,145
1747014595.4563634,-51,3,41
1747014595.4913633,-23,15,271
1747014595.5273633,-64,24,57
1747014595.5623634,46,25,99
1747014595.5973637,-48,-2,-36
1747014595.632363,57,35,193
1747014595.668363,-44,7,83
1747014595.704363,-24,-23,3
1747014595.7393634,41,-19,23
1747014595.7753634,33,9,75
1747014595.8103633,35,-11,107
1747014595.8453634,-40,-13,95
1747014595.8803637,-34,-51,155
1747014595.9163637,-34,18,3
1747014595.9523633,0,16,103
1747014595.987363,7,-20,41
1747014596.0233634,3,9,169
1747014596.0583634,77,-94,53
1747014596.0933633,125,-40,83
1747014596.1293633,47,-32,81
1747014596.1643634,61,7,69
1747014596.2003634,-11,82,-10
1747014596.2353632,35,13,147
1747014596.2713633,-52,-90,171
1747014596.306363,11,37,101
1747014596.3413634,-32,40,155
1747014596.3773634,33,36,157
1747014596.4123633,0,2,-60
1747014596.4483633,7,0,15
1747014596.4833634,-68,-31,27
1747014596.5193634,-6,-31,-32
1747014596.5543633,69,-25,47
1747014596.589363,67,-1,51
1747014596.625363,65,-6,237
1747014596.6603634,-22,19,65
1747014596.6963634,37,-41,-42
1747014596.7313633,41,-5,-78
1747014596.7673633,79,42,165
1747014596.8023634,4,3,81
1747014596.8373632,70,15,3
1747014596.8733633,-20,-59,31
1747014596.908363,21,18,93
1747014596.9443634,27,-31,43
1747014596.9793634,19,28,7
1747014597.0153637,69,62,123
1747014597.0503633,-6,12,109
1747014597.0853634,-4,46,115
1747014597.1213634,-22,-17,103
1747014597.1563632,-14,0,49
1747014597.1923633,49,-13,-18
1747014597.227363,65,38,63
1747014597.2633634,32,-12,67
1747014597.2983634,40,-48,59
1747014597.3333633,2,25,37
1747014597.3693633,24,-4,-20
1747014597.4043634,17,28,-58
1747014597.4403634,-8,4,-18
1747014597.4753633,1,28,135
1747014597.5113633,11,3,39
1747014597.5463634,-43,-29,111
1747014597.5813634,-2,62,33
1747014597.6173637,12,84,13
1747014597.6523633,24,16,61
1747014597.6883633,-23,30,101
1747014597.7233634,56,-1,33
1747014597.7593634,-27,18,77
1747014597.7943633,17,-1,193
1747014597.829363,35,69,119
1747014597.8653634,1,3,109
1747014597.9003634,25,-112,213
1747014597.9363637,-1,8,127
1747014597.9713633,-48,-58,123
1747014598.007363,0,-49,99
1747014598.043363,47,-36,35
1747014598.0783634,64,26,-64
1747014598.1133633,58,34,71
1747014598.1493633,-29,43,71
1747014598.1853633,-67,-3,7
1747014598.2213633,-46,23,125
1747014598.257363,42,-21,57
1747014598.2923634,8,-19,69
1747014598.3283634,5,19,17
1747014598.3633633,-50,-14,27
1747014598.3983634,6,-67,5
1747014598.4333634,34,11,37
1747014598.4693637,28,7,35
1747014598.5053637,24,-10,-42
1747014598.5403633,34,25,73
1747014598.576363,-21,-20,71
1747014598.6113634,82,-36,41
1747014598.6463633,-53,-6,133
1747014598.681363,-30,63,77
1747014598.7173634,-52,-4,97
1747014598.7533634,61,27,53
1747014598.7883637,-24,-10,59
1747014598.8243637,-74,41,35
1747014598.8593633,41,-2,169
1747014598.8943634,95,-24,-6
1747014598.9293633,48,-14,133
1747014598.9653633,-53,-22,161
1747014599.0013633,2,31,77
1747014599.0363634,30,11,205
1747014599.0723634,10,-30,77
1747014599.1143634,12,-54,7
1747014599.1503634,-30,8,9
1747014599.1853633,-27,-30,109
1747014599.2213633,50,53,191
1747014599.257363,44,1,-8
1747014599.2923634,-5,35,19
1747014599.3283634,18,89,59
1747014599.3633633,34,0,47
1747014599.3983634,116,-34,51
1747014599.4333634,76,35,-48
1747014599.4693637,-57,0,31
1747014599.5053637,-24,17,127
1747014599.5403633,74,-5,-8
1747014599.576363,18,-6,-6
1747014599.6113634,18,-55,147
1747014599.6463633,-13,2,117
1747014599.681363,4,-9,83
1747014599.7173634,-49,-14,-28
1747014599.7533634,22,-73,155
1747014599.7883637,-117,-33,51
1747014599.8243637,-75,4,5
1747014599.8593633,68,28,77
1747014599.8943634,10,32,83
1747014599.9293633,-59,30,83
1747014599.9653633,-43,-14,15
1747014600.0013633,40,0,-18
1747014600.0363634,86,35,59
1747014600.0723634,-41,45,173
1747014600.1073637,-47,9,63
1747014600.1423633,-6,-45,191
1747014600.1773634,31,-45,141
1747014600.2133634,-46,-87,99
1747014600.2493634,59,-56,25
1747014600.2843633,31,30,-78
1747014600.3203633,-20,-23,179
1747014600.3553634,11,18,55
1747014600.3903637,15,-39,77
1747014600.4253633,-21,55,93
1747014600.4613633,36,-60,133
1747014600.497363,-53,39,61
1747014600.5323634,40,5,105
1747014600.5683634,54,39,-32
1747014600.6033633,80,38,49
1747014600.6383634,67,103,111
1747014600.6733634,58,74,203
1747014600.7093637,-71,-71,83
1747014600.7453637,4,-8,137
1747014600.780363,-5,-9,127
1747014600.816363,9,27,-2
1747014600.8513634,26,4,93
1747014600.8863633,-17,28,123
1747014600.9213634,-79,62,45
1747014600.9573634,-11,46,75
1747014600.9933634,0,36,97
1747014601.0283637,18,-52,27
1747014601.0643632,-35,-35,135
1747014601.099363,78,22,77
1747014601.1343634,-9,-19,105
1747014601.1693633,-8,85,-6
1747014601.2053633,-14,6,-14
1747014601.2413633,-16,-51,155
1747014601.2763634,-11,78,69
1747014601.3123634,-23,-41,81
1747014601.3473637,-13,-19,93
1747014601.382363,72,-23,63
1747014601.418363,52,-75,55
1747014601.4533634,106,-25,51
1747014601.4893634,-13,38,119
1747014601.5243633,48,114,183
1747014601.5603633,2,12,53
1747014601.5953634,18,-4,131
1747014601.6303637,37,-63,129
1747014601.6663637,38,-74,133
1747014601.701363,-1,-28,35
1747014601.737363,-39,104,155
1747014601.7723634,-5,52,103
1747014601.8083634,-59,-58,181
1747014601.8433633,29,-34,65
1747014601.8783634,70,45,27
1747014601.9143634,-57,-26,77
1747014601.9493637,50,-84,49
1747014601.9853632,78,63,63
1747014602.020363,-51,-70,-20
1747014602.056363,23,-12,47
1747014602.0913634,92,14,-22
1747014602.1263633,34,66,127
1747014602.1623633,36,50,121
1747014602.1973634,-61,51,73
1747014602.2333634,2,23,49
1747014602.2683637,-7,-52,55
1747014602.3043633,-15,39,13
1747014602.339363,-3,-48,-56
1747014602.3743634,-81,67,105
1747014602.4103634,-24,-21,59
1747014602.4453633,-32,37,139
1747014602.4813633,-6,-37,83
1747014602.5163634,15,93,99
1747014602.5523634,-60,-8,85
1747014602.5873632,47,-66,101
1747014602.622363,-30,7,27
1747014602.658363,45,8,-20
1747014602.6933634,-78,50,87
1747014602.7293634,-54,-53,61
1747014602.7643633,-66,12,79
1747014602.8003633,31,11,145
1747014602.8353634,-12,55,43
1747014602.8703637,27,97,177
1747014602.9063632,1,10,141
1747014602.941363,19,-63,47
1747014602.977363,-34,-24,33
1747014603.0123634,-12,-8,53
1747014603.0483634,9,-46,-76
1747014603.0833633,-44,21,137
1747014603.1183634,1,15,-78
1747014603.1543634,11,-32,147
1747014603.1893632,-30,-10,19
1747014603.2253633,-18,-82,127
1747014603.260363,-12,71,113
1747014603.2953634,17,13,99
1747014603.3303633,-71,-76,65
1747014603.3663633,13,-9,59
1747014603.4023633,50,-18,-58
1747014603.4373634,63,9,68
1747014603.4733634,-88,33,88
1747014603.5083632,33,-22,38
1747014603.543363,15,17,16
1747014603.5783634,41,-4,198
1747014603.6143634,-88,0,186
1747014603.6503634,51,19,190
1747014603.6853633,-15,-6,116
1747014603.7213633,69,3,132
1747014603.7563634,18,17,146
1747014603.7913637,18,-68,54
1747014603.826363,-25,41,-15
1747014603.862363,10,-44,-17
1747014603.8983634,66,-58,50
1747014603.9333634,-33,-44,108
1747014603.9693637,0,-88,42
1747014604.0043633,-55,1,52
1747014604.0393634,66,-52,110
1747014604.0743637,-45,-64,110
1747014604.1103632,-69,-32,86
1747014604.1463633,-79,15,-21
1747014604.181363,20,2,22
1747014604.2173634,-37,64,136
1747014604.2523634,38,44,58
1747014604.2873633,-37,-71,92
1747014604.3223634,-43,-37,24
1747014604.3583634,16,-5,154
1747014604.3943634,13,73,76
1747014604.4293633,15,-44,144
1747014604.4653633,-36,69,160
1747014604.500363,-6,69,94
1747014604.5353634,-12,3,92
1747014604.5703633,15,-70,116
1747014604.6063633,23,-2,-79
1747014604.6423633,-57,-74,236
1747014604.6773634,-22,45,46
1747014604.7133634,51,-50,108
1747014604.7483633,16,53,140
1747014604.783363,8,23,-33
1747014604.8183634,16,-6,112
1747014604.8543634,-71,13,44
1747014604.8903637,-63,-53,130
1747014604.9253633,-41,-34,54
1747014604.9613633,46,13,28
1747014604.9963634,84,-42,-11
1747014605.0313632,62,-30,182
1747014605.066363,-39,-88,-29
1747014605.102363,4,41,4
1747014605.1383634,-1,-57,-25
1747014605.1733634,-89,40,78
1747014605.2093637,-29,9,52
1747014605.2443633,26,19,134
1747014605.2793634,-17,79,28
1747014605.3143632,-67,7,-27
1747014605.3503633,163,-5,72
1747014605.3863633,21,-13,34
1747014605.4213634,43,-31,64
1747014605.4573634,-6,-1,160
1747014605.4923637,-60,26,64
1747014605.5273633,-6,12,54
1747014605.5623634,-56,-25,200
1747014605.5983634,2,-24,-19
1747014605.6343634,-3,-24,12
1747014605.6693633,-11,-38,78
1747014605.7053633,-29,-14,102
1747014605.7403634,-53,-22,206
1747014605.7753634,2,9,188
1747014605.8103633,44,-22,66
1747014605.8463633,30,0,-1
1747014605.882363,4,30,36
1747014605.9173634,2,68,0
1747014605.9533634,-1,-20,-5
1747014605.9883633,28,-78,66
1747014606.0233634,18,-49,80
1747014606.0583634,-23,56,-75
1747014606.0943637,-31,-47,70
1747014606.1303637,10,-91,-13
1747014606.1653633,-17,-77,8
1747014606.201363,-38,0,-13
1747014606.2363634,77,-62,0
1747014606.2713633,0,25,-99
1747014606.306363,5,-13,232
1747014606.3423634,77,-1,94
1747014606.3783634,15,12,20
1747014606.4133637,-24,-39,74
1747014606.4493637,67,-19,72
1747014606.4843633,0,14,62
1747014606.5193634,47,-45,112
1747014606.5553634,-118,78,-45
1747014606.5903633,15,44,2
1747014606.6263633,-48,29,96
1747014606.6613634,-22,-36,-7
1747014606.6973634,5,81,90
1747014606.7323637,-32,49,110
1747014606.7673633,17,75,-3
1747014606.803363,-8,-56,-7
1747014606.8383634,-64,71,60
1747014606.8743634,55,-10,82
1747014606.9093633,-54,-60,86
1747014606.9453633,41,-21,54
1747014606.9803634,-44,-18,0
1747014607.0153637,-72,-26,90
1747014607.0513637,-46,-72,40
1747014607.0863633,89,-24,4
1747014607.122363,-94,-36,138
1747014607.1573634,7,53,92
1747014607.1933634,9,-26,172
1747014607.2283633,-46,51,146
1747014607.2633634,33,-81,-35
1747014607.2993634,-20,30,90
1747014607.3353634,55,-27,72
1747014607.3713634,21,28,42
1747014607.4063632,-116,-33,54
1747014607.4423633,41,20,144
1747014607.477363,-2,31,28
1747014607.5133634,9,56,66
1747014607.5483634,19,-17,34
1747014607.5833633,9,28,104
1747014607.6193633,-66,-9,182
1747014607.6543634,9,68,100
1747014607.6903634,-41,-24,72
1747014607.7253633,68,19,168
1747014607.7613633,25,-22,112
1747014607.7963634,-10,3,60
1747014607.8313634,-38,9,74
1747014607.8673637,-2,35,180
1747014607.9023633,-6,-2,124
1747014607.9383633,50,27,20
1747014607.9733634,8,11,120
1747014608.0093634,-5,15,134
1747014608.0443633,34,33,144
1747014608.079363,-39,7,232
1747014608.1153634,-47,-10,82
1747014608.1503634,-32,68,80
1747014608.1863637,5,20,80
1747014608.2213633,0,2,136
1747014608.257363,92,-36,134
1747014608.293363,40,-18,-33
1747014608.3283634,-45,-14,4
1747014608.3633633,60,-40,-31
1747014608.3993633,78,-56,-11
1747014608.4353633,9,-8,80
1747014608.4703634,23,31,-3
1747014608.5063634,33,-20,74
1747014608.5413637,7,49,22
1747014608.576363,-62,7,118
1747014608.6113634,25,-26,-13
1747014608.6473634,-8,0,70
1747014608.6833634,-38,-39,106
1747014608.7183633,27,-34,110
1747014608.7543633,-8,-18,66
1747014608.7893634,-24,35,-27
1747014608.8243637,101,67,114
1747014608.8593633,-4,-68,30
1747014608.895363,13,21,56
1747014608.931363,35,13,-19
1747014608.9663634,1,-38,132
1747014609.0023634,-40,-32,60
1747014609.0373633,-2,43,-45
1747014609.0723634,-58,27,120
1747014609.1073637,39,49,78
1747014609.1493633,-24,-22,92
1747014609.1863637,15,-44,124
1747014609.2213633,73,69,-69
1747014609.2563634,23,11,92
1747014609.2913637,68,-50,54
1747014609.3273633,-19,35,142
1747014609.3633633,74,1,150
1747014609.3983634,13,20,78
1747014609.4343634,-25,1,136
1747014609.4693637,74,7,90
1747014609.5043633,47,-6,64
1747014609.5393634,46,73,12
1747014609.5753634,-3,11,120
1747014609.6113634,15,98,-21
1747014609.6463633,50,-36,86
1747014609.6823633,2,14,16
1747014609.7173634,-24,58,42
1747014609.7523634,15,26,58
1747014609.7873633,45,20,-49
1747014609.8233633,-40,44,32
1747014609.8593633,25,19,160
1747014609.8943634,31,35,34
1747014609.9303634,31,-38,208
1747014609.9653633,-42,15,4
1747014610.000363,23,-20,102
1747014610.0353634,47,13,-95
1747014610.0713634,47,33,116
1747014610.1073637,-84,-17,-35
1747014610.1423633,9,-19,86
1747014610.178363,-8,-29,78
1747014610.2133634,-8,12,124
1747014610.2483633,-74,-17,128
1747014610.283363,54,-102,20
1747014610.3193634,53,-28,-3
1747014610.3553634,22,7,-15
1747014610.3903637,-64,-24,122
1747014610.4263637,36,-24,-27
1747014610.4613633,-27,17,106
1747014610.4963634,24,-24,-81
1747014610.5313632,1,23,34
1747014610.5673633,-43,90,194
1747014610.6033633,50,-66,46
1747014610.6383634,30,43,92
1747014610.6743634,7,17,36
1747014610.7093637,25,33,108
1747014610.7443633,15,-24,168
1747014610.7793634,27,-4,90
1747014610.8153634,-52,-5,74
1747014610.8513634,15,6,142
1747014610.8863633,41,-43,-43
1747014610.9223633,53,-3,162
1747014610.9573634,7,6,62
1747014610.9923637,-10,-54,104
1747014611.0273633,0,-22,-5
1747014611.0633633,-19,6,16
1747014611.099363,-19,64,-1
1747014611.1343634,-25,-5,0
1747014611.1703634,-50,4,-21
1747014611.2053633,-39,54,120
1747014611.2403634,10,-2,106
1747014611.2753634,-89,-12,68
1747014611.3113637,-67,13,52
1747014611.3473637,-51,85,30
1747014611.382363,-23,17,65
1747014611.418363,34,-134,205
1747014611.4533634,-67,15,70
1747014611.4883633,-36,1,126
1747014611.5243633,-71,-46,108
1747014611.5593634,46,35,47
1747014611.5953634,-59,-56,53
1747014611.6303637,8,-2,13
1747014611.6663637,69,-36,107
1747014611.701363,5,25,10
1747014611.7363634,29,-22,142
1747014611.7723634,-61,-72,150
1747014611.8073633,7,0,146
1747014611.8433633,-72,25,84
1747014611.8783634,-48,28,116
1747014611.9143634,-31,-38,60
1747014611.9493637,22,57,70
1747014611.9843633,42,-52,130
1747014612.020363,86,-84,184
1747014612.0553634,4,5,120
1747014612.0913634,-91,37,202
1747014612.1263633,20,7,84
1747014612.1623633,79,14,58
1747014612.1973634,-14,2,200
1747014612.2323637,-6,74,-54
1747014612.2683637,47,18,127
1747014612.303363,-4,78,47
1747014612.339363,15,28,74
1747014612.3743634,9,-59,66
1747014612.4103634,40,29,210
1747014612.4453633,-24,-19,46
1747014612.4803634,57,-9,154
1747014612.5163634,-2,-61,72
1747014612.5513637,10,-67,138
1747014612.5873632,-5,-23,110
1747014612.622363,48,46,77
1747014612.658363,23,-50,174
1747014612.6933634,44,-3,39
1747014612.7283633,10,-55,93
1747014612.7643633,-27,-7,116
1747014612.7993634,-34,-6,-6
1747014612.8353634,-25,45,115
1747014612.8703637,0,79,-52
1747014612.9063632,28,77,-82
1747014612.941363,4,11,53
1747014612.9763634,9,36,118
1747014613.0123634,28,-102,-7
1747014613.0473633,64,-84,210
1747014613.0833633,-1,17,136
1747014613.1183634,-55,-12,6
1747014613.1543634,-45,-8,-59
1747014613.1893632,39,-55,118
1747014613.224363,-58,-1,92
1747014613.260363,63,-57,9
1747014613.2953634,-56,24,18
1747014613.3313634,29,48,6
1747014613.3663633,-20,36,-74
1747014613.4013634,27,-11,106
1747014613.4363637,75,-5,57
1747014613.4723637,-12,38,101
1747014613.5083632,7,26,27
1747014613.543363,-28,68,41
1747014613.579363,23,-51,74
1747014613.6143634,-72,68,64
1747014613.6493633,45,-12,77
1747014613.6843634,-16,-3,-18
1747014613.7203634,1,-8,51
1747014613.7563634,-19,42,134
1747014613.7913637,-30,-24,107
1747014613.8273633,-18,-12,83
1747014613.862363,-39,-4,193
1747014613.8973634,-5,19,142
1747014613.9323633,4,13,48
1747014613.9683633,84,39,108
1747014614.0043633,-11,-23,74
1747014614.0393634,-11,36,61
1747014614.0753634,-49,21,39
1747014614.1103632,-11,-2,97
1747014614.145363,32,75,93
1747014614.1803634,56,70,72
1747014614.2163634,50,61,136
1747014614.2523634,-15,47,116
1747014614.2873633,38,-4,88
1747014614.3233633,-47,-32,38
1747014614.3583634,2,39,36
1747014614.3933637,-1,-26,44
1747014614.428363,-19,81,-37
1747014614.464363,-31,-16,128
1747014614.500363,16,-54,103
1747014614.5353634,38,-18,75
1747014614.5713634,39,-48,77
1747014614.6063633,26,39,33
1747014614.6413634,-41,-46,73
1747014614.6763637,12,-22,87
1747014614.7123632,32,9,99
1747014614.7483633,-23,70,25
1747014614.783363,18,-23,113
1747014614.8193634,-7,-3,-36
1747014614.8543634,5,9,39
1747014614.8893633,83,-40,89
1747014614.9243634,36,-63,13
1747014614.9603634,-38,-16,227
1747014614.9963634,40,-18,49
1747014615.0313632,-12,-37,25
1747014615.0673633,-18,-13,195
1747014615.102363,36,5,145
1747014615.1373634,43,43,47
1747014615.1723633,-48,39,127
1747014615.2083633,-10,117,1
1747014615.2443633,43,-50,51
1747014615.2793634,-12,-15,137
1747014615.3153634,71,15,80
1747014615.3503633,7,13,94
1747014615.385363,-14,-45,152
1747014615.4203634,45,-15,10
1747014615.4563634,39,-5,56
1747014615.4923637,-12,-7,-33
1747014615.5273633,21,-11,112
1747014615.5633633,-12,-71,20
1747014615.5983634,29,-11,88
1747014615.6333632,-28,-13,160
1747014615.668363,-4,18,48
1747014615.704363,0,16,36
1747014615.7403634,-14,-9,154
1747014615.7753634,-2,-29,-15
1747014615.8113637,1,-4,46
1747014615.8463633,49,39,92
1747014615.8813634,-19,19,-109
1747014615.9163637,3,9,20
1747014615.9523633,7,9,26
1747014615.9883633,73,25,166
1747014616.0233634,3,-32,24
1747014616.0593634,61,-26,-125
1747014616.0943637,27,-36,4
1747014616.1293633,21,-2,146
1747014616.1643634,7,47,-27
1747014616.2003634,21,-16,130
1747014616.2363634,5,5,-12
1747014616.2713633,-18,35,57
1747014616.3073633,41,27,-16
1747014616.3423634,-100,59,151
1747014616.3773634,29,3,63
1747014616.4123633,-41,32,43
1747014616.4483633,-95,-31,-20
1747014616.4843633,23,-144,119
1747014616.5193634,66,-12,-16
1747014616.5553634,-39,-22,60
1747014616.5903633,78,-8,-51
1747014616.625363,-49,18,63
1747014616.6613634,-77,-42,85
1747014616.6963634,-37,48,53
1747014616.7323637,18,-27,111
1747014616.7673633,-9,54,-66
1747014616.803363,-106,13,11
1747014616.8383634,59,69,-23
1747014616.8733633,11,3,45
1747014616.9093633,-64,59,62
1747014616.9443634,26,-6,88
1747014616.9803634,4,109,220
1747014617.0153637,18,41,72
1747014617.0513637,100,0,48
1747014617.0863633,-83,4,42
1747014617.1213634,39,34,64
1747014617.1573634,32,-40,2
1747014617.1923633,-7,-36,80
1747014617.2283633,64,0,-47
1747014617.2633634,6,23,152
1747014617.2993634,-121,-88,4
1747014617.3343637,-24,-59,166
1747014617.3693633,-14,40,-18
1747014617.405363,-14,-33,125
1747014617.4403634,-68,43,83
1747014617.4763634,29,-8,35
1747014617.5113633,-38,-89,89
1747014617.5473633,-10,-10,81
1747014617.5823634,35,-52,126
1747014617.6173637,-10,-47,82
1747014617.6533637,25,24,-83
1747014617.6883633,59,-27,128
1747014617.724363,9,2,70
1747014617.7593634,0,-17,18
1747014617.7953634,81,20,-4
1747014617.8303633,9,4,95
1747014617.8653634,49,-11,27
1747014617.9013634,-2,-47,169
1747014617.9363637,9,-3,109
1747014617.9723637,11,30,162
1747014618.007363,-28,-47,101
1747014618.043363,-18,-47,89
1747014618.0783634,1,-31,-48
1747014618.1133633,59,82,93
1747014618.1493633,48,15,109
1747014618.1843634,-37,-52,87
1747014618.2203634,-39,-10,57
1747014618.2553637,90,19,215
1747014618.2913637,-51,10,141
1747014618.326363,-35,-29,24
1747014618.3613634,-5,-2,33
1747014618.3973634,76,9,-21
1747014618.4323633,27,-24,104
1747014618.4683633,32,-68,76
1747014618.5033634,64,-40,-2
1747014618.5383637,19,36,39
1747014618.5733633,19,-5,3
1747014618.6093633,-2,-63,107
1747014618.645363,35,-21,12
1747014618.6803634,35,8,143
1747014618.7163634,34,-14,29
1747014618.7513633,-27,10,39
1747014618.7863634,-107,57,47
1747014618.8213634,-21,9,119
1747014618.8573637,-9,-18,155
1747014618.8933637,-15,-33,95
1747014618.928363,-58,47,27
1747014618.964363,41,15,101
1747014618.9993634,-23,14,1
1747014619.0343633,-45,42,25
1747014619.0693634,-31,-43,7
1747014619.1053634,10,11,19
1747014619.1413634,-25,-14,15
1747014619.1833634,41,-42,93
1747014619.2203634,-10,11,19
1747014619.2553637,-45,-32,17
1747014619.2903633,8,5,153
1747014619.3253634,117,-4,47
1747014619.3613634,-12,-74,33
1747014619.3973634,-26,1,51
1747014619.4323633,15,-74,91
1747014619.4683633,-18,-14,120
1747014619.5033634,-3,35,2
1747014619.5383637,-6,-50,60
1747014619.5733633,65,25,18
1747014619.6093633,-55,-10,36
1747014619.645363,-125,27,64
1747014619.6803634,-39,-60,2
1747014619.7163634,16,-56,142
1747014619.7513633,34,-52,14
1747014619.7863634,62,-44,48
1747014619.8213634,42,-30,36
1747014619.8573637,10,15,98
1747014619.8933637,36,13,52
1747014619.928363,-9,7,110
1747014619.964363,-43,-36,156
1747014619.9993634,-13,-6,-7
1747014620.0343633,-51,-98,20
1747014620.0693634,19,-38,98
1747014620.1053634,-35,-19,3
1747014620.1413634,17,-10,11
1747014620.1763637,20,36,-6
1747014620.2123632,-19,21,147
1747014620.247363,-53,77,105
1747014620.2823634,-7,35,83
1747014620.3173633,-83,19,17
1747014620.3533633,108,25,-52
1747014620.3893633,86,-9,91
1747014620.4243634,66,12,101
1747014620.4603634,-3,-33,169
1747014620.4953637,22,78,69
1747014620.530363,28,-7,87
1747014620.5653634,-54,-38,167
1747014620.6013634,-68,-12,51
1747014620.6373634,57,29,106
1747014620.6723633,-38,0,86
1747014620.7083633,-24,-88,16
1747014620.7433634,11,-24,8
1747014620.7783637,-12,63,112
1747014620.8133633,81,-98,50
1747014620.849363,37,13,-29
1747014620.885363,3,-16,84
1747014620.9203634,11,-27,40
1747014620.9563634,20,32,74
1747014620.9913633,55,-29,74
1747014621.0263634,-4,-15,91
1747014621.0613637,-12,4,141
1747014621.0973637,13,-105,97
1747014621.1333632,63,76,25
1747014621.168363,47,20,100
1747014621.204363,10,-46,-73
1747014621.2393634,78,-44,28
1747014621.2743633,-37,57,22
1747014621.3093634,-11,67,54
1747014621.3453634,-42,32,21
1747014621.3813634,-24,-27,57
1747014621.4163637,19,22,53
1747014621.4523633,13,17,13
1747014621.487363,53,75,5
1747014621.5223634,-22,-42,129
1747014621.5573633,9,-59,-2
1747014621.5933633,57,-45,87
1747014621.6293633,-50,-14,37
1747014621.6643634,-26,33,69
1747014621.7003634,-54,-20,85
1747014621.7353632,6,-5,151
1747014621.770363,15,-62,39
1747014621.806363,3,-40,1
1747014621.8413634,-22,55,151
1747014621.8773634,9,-10,-10
1747014621.9123633,29,-63,57
1747014621.9483633,-12,-30,-60
1747014621.9833634,-80,6,169
1747014622.0183637,95,-35,-70
1747014622.0543633,15,42,29
1747014622.089363,69,-43,197
1747014622.125363,43,82,45
1747014622.1603634,80,-91,5
1747014622.1963634,-102,15,145
1747014622.2313633,2,-7,77
1747014622.2663634,-30,-14,-78
1747014622.3023634,24,-9,147
1747014622.3373632,5,64,247
1747014622.3733633,61,-49,85
1747014622.408363,0,-7,-32
1747014622.4443634,-60,-32,29
1747014622.4793634,11,17,95
1747014622.5143633,-20,3,-16
1747014622.5503633,24,-44,-46
1747014622.5853634,-20,25,12
1747014622.6213634,27,-2,7
1747014622.6563632,-71,-16,65
1747014622.6923633,-54,48,213
1747014622.727363,-30,-29,93
1747014622.7623634,3,-36,12
1747014622.7983634,83,-60,140
1747014622.8343637,17,23,-15
1747014622.8703637,-37,-37,-7
1747014622.905363,22,-111,198
1747014622.941363,-19,-48,93
1747014622.9763634,88,49,-60
1747014623.0123634,42,-20,7
1747014623.0473633,-53,-9,27
1747014623.0823634,23,67,-59
1747014623.1183634,-60,-2,93
1747014623.1533637,-68,19,71
1747014623.1893632,23,11,127
1747014623.224363,48,36,-20
1747014623.260363,-9,-1,68
1747014623.2953634,21,0,137
1747014623.3303633,-28,2,8
1747014623.3663633,67,-31,70
1747014623.4013634,31,-17,52
1747014623.4373634,-44,-33,84
1747014623.4723637,-124,20,-27
1747014623.507363,-8,40,156
1747014623.5423634,-2,30,50
1747014623.5783634,-6,-17,136
1747014623.6143634,-12,-23,8
1747014623.6493633,-28,-43,22
1747014623.6853633,4,-33,78
1747014623.7203634,-38,-77,100
1747014623.7553637,3,16,46
1747014623.7903633,15,10,12
1747014623.826363,16,52,140
1747014623.862363,3,28,-8
1747014623.8973634,41,66,139
1747014623.9333634,30,12,273
1747014623.9683633,-44,75,7
1747014624.0033634,-16,49,52
1747014624.0383637,4,90,-4
1747014624.0743637,48,-107,86
1747014624.1103632,38,-17,116
1747014624.145363,46,8,113
1747014624.181363,20,42,101
1747014624.2163634,-19,12,109
1747014624.2513633,5,0,-8
1747014624.2863634,28,-9,87
1747014624.3223634,-89,-33,83
1747014624.3583634,-23,-17,181
1747014624.3933637,34,-41,3
1747014624.4293633,3,39,113
1747014624.464363,5,-32,79
1747014624.4993634,71,57,26
1747014624.5343633,-21,-36,31
1747014624.5703633,-14,63,3
1747014624.6063633,33,-34,-74
1747014624.6413634,79,-36,77
1747014624.6773634,45,-62,98
1747014624.7123632,-36,-64,64
1747014624.747363,21,14,116
1747014624.7823634,-22,3,56
1747014624.8183634,-46,-4,-33
1747014624.8543634,29,59,74
1747014624.8893633,57,57,78
1747014624.9253633,69,-12,8
1747014624.9603634,-12,-48,114
1747014624.9953637,35,27,112
1747014625.030363,77,13,5
1747014625.066363,-2,55,58
1747014625.102363,-82,25,108
1747014625.1373634,57,33,60
1747014625.1733634,-31,-60,40
1747014625.2083633,-40,-68,16
1747014625.2433634,-8,95,19
1747014625.2783637,13,0,45
1747014625.3143632,0,-16,165
1747014625.3503633,9,37,167
1747014625.385363,-8,-51,67
1747014625.4213634,81,-66,121
1747014625.4563634,-52,-4,61
1747014625.4913633,7,-53,87
1747014625.5263634,12,-24,75
1747014625.5623634,75,-28,0
1747014625.5983634,-80,1,15
1747014625.6333632,7,-4,132
1747014625.6693633,-6,-54,-77
1747014625.704363,-20,5,54
1747014625.7393634,50,33,108
1747014625.7743633,-23,55,-35
1747014625.8103633,111,-8,86
1747014625.8463633,23,-36,100
1747014625.8813634,-54,-51,100
1747014625.9173634,15,-8,174
1747014625.9523633,76,-17,114
1747014625.987363,-82,-12,132
1747014626.0223634,85,-66,218
1747014626.0583634,-40,43,55
1747014626.0943637,83,-8,-46
1747014626.1293633,24,40,37
1747014626.1653633,13,32,9
1747014626.2003634,22,66,119
1747014626.2353632,73,25,3
1747014626.270363,76,-19,69
1747014626.306363,-35,-5,75
1747014626.3423634,24,0,105
1747014626.3773634,45,-52,25
1747014626.4133637,19,-38,39
1747014626.4483633,35,-7,83
1747014626.4833634,53,40,-4
1747014626.5183637,53,10,141
1747014626.5543633,-30,-13,181
1747014626.5903633,39,20,-6
1747014626.625363,32,52,75
1747014626.6613634,-46,32,29
1747014626.6963634,93,0,49
1747014626.7313633,-30,-127,105
1747014626.7673633,49,57,39
1747014626.8023634,-9,-7,181
1747014626.8383634,5,-24,173
1747014626.8733633,111,26,99
1747014626.9093633,-44,46,131
1747014626.9443634,-28,24,63
1747014626.9793634,13,72,93
1747014627.0153637,21,-38,1
1747014627.0503633,-42,-66,151
1747014627.0863633,-32,0,77
1747014627.1213634,0,28,-40
1747014627.1573634,35,85,49
1747014627.1923633,83,48,23
1747014627.227363,-9,22,43
1747014627.2633634,15,32,65
1747014627.2983634,-13,44,111
1747014627.3343637,-119,16,101
1747014627.3693633,18,-3,43
1747014627.405363,41,58,97
1747014627.4403634,34,29,159
1747014627.4753633,62,-16,33
1747014627.5113633,-80,32,159
1747014627.5463634,24,-20,183
1747014627.5823634,16,-46,63
1747014627.6173637,-9,73,95
1747014627.6533637,26,-10,127
1747014627.6883633,21,-24,21
1747014627.7233634,11,5,-33
1747014627.7593634,13,-49,155
1747014627.7943633,-21,9,107
1747014627.8303633,14,-16,97
1747014627.8653634,-65,-4,69
1747014627.9013634,66,-14,49
1747014627.9363637,-11,-34,79
1747014627.9713633,-157,33,123
1747014628.007363,-4,73,27
1747014628.0423634,-23,-30,-8
1747014628.0783634,-9,-76,141
1747014628.1133633,6,-14,105
1747014628.1493633,48,11,127
1747014628.1843634,73,-6,19
1747014628.2193637,-19,-2,-6
1747014628.2553637,30,-50,-64
1747014628.2903633,-121,9,-14
1747014628.326363,30,31,129
1747014628.3613634,12,17,101
1747014628.3973634,-47,73,71
1747014628.4323633,-19,-17,47
1747014628.4673634,5,-56,0
1747014628.5033634,-55,14,49
1747014628.5383637,-57,66,77
1747014628.5743637,-53,0,65
1747014628.6093633,-3,42,99
1747014628.6443634,26,-27,-14
1747014628.6793633,-9,-42,27
1747014628.7153633,-5,20,155
1747014628.7513633,94,-15,51
1747014628.7863634,38,6,99
1747014628.8223634,-19,30,79
1747014628.8573637,-59,44,53
1747014628.8923633,52,-31,177
1747014628.9273634,-61,52,59
1747014628.9633634,12,-59,39
1747014628.9993634,-79,-35,99
1747014629.0343633,8,56,85
1747014629.0703633,27,74,161
1747014629.1053634,55,-61,-110
1747014629.1403637,-22,18,93
1747014629.1753633,-21,5,5
1747014629.2173634,-43,89,87
1747014629.2543633,58,-50,83
1747014629.2893634,84,103,101
1747014629.3243637,-3,11,69
1747014629.3593633,76,7,3
1747014629.395363,-17,17,55
1747014629.431363,-31,-22,-60
1747014629.4663634,34,-2,-46
1747014629.5023634,42,23,-6
1747014629.5373633,4,-4,107
1747014629.5723634,0,-16,55
1747014629.6073637,5,-25,123
1747014629.6433637,-4,-69,237
1747014629.6793633,-3,-50,115
1747014629.714363,-59,-36,35
1747014629.750363,-23,55,145
1747014629.7853634,18,31,123
1747014629.8203633,28,7,67
1747014629.8553634,44,-4,29
1747014629.8913634,-97,0,117
1747014629.9273634,1,-42,61
1747014629.9623632,-14,31,39
1747014629.9983633,-21,19,63
1747014630.033363,-37,25,75
1747014630.0683634,-21,25,69
1747014630.1033633,-52,-74,167
1747014630.1393633,-74,23,45
1747014630.1753633,17,47,133
1747014630.2103634,106,-45,45
1747014630.2463634,-1,-6,71
1747014630.2813632,-7,57,191
1747014630.316363,-3,-4,15
1747014630.3513634,36,69,111
1747014630.3873634,-41,-10,115
1747014630.4233634,-49,-83,87
1747014630.4583633,28,41,11
1747014630.4943633,-41,-20,119
1747014630.5293634,11,69,193
1747014630.5643632,156,-18,181
1747014630.599363,-17,23,73
1747014630.635363,-13,-22,85
1747014630.6713634,-95,53,163
1747014630.7063634,-15,-28,-8
1747014630.7423637,-3,-28,-26
1747014630.7773633,-55,11,69
1747014630.8123634,42,-38,169
1747014630.8473637,32,71,77
1747014630.8833632,-17,37,163
1747014630.9193633,44,75,63
1747014630.954363,36,-6,13
1747014630.9903634,77,-32,37
1747014631.0253634,-51,-8,111
1747014631.0603633,-74,-27,205
1747014631.0953634,-8,34,-36
1747014631.1313634,25,35,-112
1747014631.1673634,7,-86,201
1747014631.2023633,66,0,-6
1747014631.2383633,20,45,-58
1747014631.2733634,6,17,27
1747014631.3083634,-93,-30,47
1747014631.3433633,-51,-32,121
1747014631.3793633,30,-26,111
1747014631.4153633,26,13,95
1747014631.4503634,-49,-14,-128
1747014631.4863634,-9,-6,135
1747014631.5213633,-33,11,7
1747014631.556363,-1,77,93
1747014631.5913634,60,-106,31
1747014631.6273634,-59,-10,31
1747014631.6633637,-29,-20,41
1747014631.6983633,45,53,63
1747014631.7343633,9,3,49
1747014631.7693634,31,-52,-2
1747014631.8043633,-42,45,63
1747014631.8403633,-31,-2,151
1747014631.875363,4,-34,41
1747014631.9113634,26,-24,15
1747014631.9463634,-69,43,57
1747014631.9823637,-49,57,-4
1747014632.0173633,42,51,-22
1747014632.0523634,8,-14,157
1747014632.0883634,-98,-83,49
1747014632.1233633,-4,-19,47
1747014632.1593633,-16,-23,157
1747014632.1943634,-31,11,-16
1747014632.2303634,14,-2,-36
1747014632.2653637,-17,51,-48
1747014632.3003633,-66,29,99
1747014632.3363633,-128,51,61
1747014632.3713634,5,14,49
1747014632.4073634,-10,-7,29
1747014632.4423633,67,-33,105
1747014632.4783633,30,-7,169
1747014632.5133634,101,62,95
1747014632.5483634,23,28,23
1747014632.5843637,69,-49,51
1747014632.6193633,0,-40,79
1747014632.655363,13,-27,-16
1747014632.6903634,-109,19,63
1747014632.7263634,9,4,123
1747014632.7613633,-4,35,5
1747014632.7963634,0,2,19
1747014632.8323634,10,-102,3
1747014632.8673637,28,49,105
1747014632.9033637,-11,17,79
1747014632.9383633,12,31,111
1747014632.974363,2,-4,217
1747014633.0093634,-31,-58,65
1747014633.0443633,29,-50,73
1747014633.0803633,-12,-8,89
1747014633.1153634,-24,71,167
1747014633.1513634,0,-34,151
1747014633.1863637,-32,-64,79
1747014633.2223637,11,-28,15
1747014633.257363,-24,-6,141
1747014633.2923634,9,-18,-2
1747014633.3283634,61,3,121
1747014633.3633633,17,-30,5
1747014633.3993633,-6,-34,89
1747014633.4343634,19,-6,59
1747014633.4703634,-38,11,69
1747014633.5053637,-10,27,55
1747014633.5403633,27,15,149
1747014633.576363,25,-88,49
1747014633.6113634,-18,-60,31
1747014633.6473634,-20,58,135
1747014633.6823633,-16,-47,-34
1747014633.7173634,7,20,27
1747014633.7523634,-10,22,11
1747014633.7883637,15,-31,107
1747014633.8243637,-30,-29,-22
1747014633.8593633,-23,-37,83
1747014633.895363,6,-42,9
1747014633.9303634,50,7,67
1747014633.9653633,-15,33,-14
1747014634.000363,-77,83,199
1747014634.0363634,-36,4,-46
1747014634.0723634,-26,56,41
1747014634.1073637,38,13,95
1747014634.1433637,10,35,59
1747014634.178363,4,9,97
1747014634.2133634,0,53,87
1747014634.2483633,-5,-58,111
1747014634.2843633,38,-40,85
1747014634.3203633,-1,-29,35
1747014634.3553634,23,18,17
1747014634.3913634,23,82,165
1747014634.4263637,39,68,53
1747014634.4613633,-49,45,51
1747014634.4963634,74,-34,3
1747014634.5323634,4,29,53
1747014634.5683634,-41,-2,77
1747014634.6033633,-83,-44,123
1747014634.6393633,59,20,71
1747014634.6743634,23,6,-96
1747014634.7093637,-110,-5,17
1747014634.7443633,-22,-23,137
1747014634.780363,-13,-14,-14
1747014634.816363,18,-14,113
1747014634.8513634,145,64,87
1747014634.8873634,95,-13,103
1747014634.9223633,-46,50,101
1747014634.9573634,-29,11,13
1747014634.9923637,80,10,193
1747014635.0283637,-37,44,67
1747014635.0643632,16,-17,63
1747014635.099363,4,-15,89
1747014635.135363,2,-9,1
1747014635.1703634,8,-23,-90
1747014635.2053633,-3,-61,63
1747014635.2403634,33,-5,35
1747014635.2763634,-44,62,-10
1747014635.3123634,-70,-70,121
1747014635.3473637,-58,1,15
1747014635.3833632,59,53,111
1747014635.418363,29,3,123
1747014635.4533634,37,37,57
1747014635.4883633,-24,-36,-40
1747014635.5243633,-32,53,-22
1747014635.5603633,-8,-41,21
1747014635.5953634,55,18,7
1747014635.6313634,2,11,43
1747014635.6663637,42,63,89
1747014635.701363,-41,-74,109
1747014635.7363634,-6,12,89
1747014635.7723634,9,38,93
1747014635.8083634,-28,44,83
1747014635.8433633,-17,0,5
1747014635.8793633,-49,-48,-62
1747014635.9143634,43,52,53
1747014635.9493637,34,-68,95
1747014635.9843633,36,-15,91
1747014636.020363,-73,-13,105
1747014636.056363,-33,40,59
1747014636.0913634,-59,102,13
1747014636.1273634,-115,-25,125
1747014636.1623633,-124,7,209
1747014636.1973634,14,34,195
1747014636.2323637,47,17,67
1747014636.2683637,-66,64,81
1747014636.3043633,15,20,19
1747014636.339363,6,-29,33
1747014636.375363,41,-10,233
1747014636.4103634,33,-30,87
1747014636.4453633,-30,-51,37
1747014636.4803634,-152,-11,-22
1747014636.5163634,-46,-55,59
1747014636.5523634,1,-37,-2
1747014636.5873632,49,48,-116
1747014636.6233633,69,8,49
1747014636.658363,36,100,71
1747014636.6933634,47,32,55
1747014636.7283633,64,-35,27
1747014636.7643633,-47,30,119
1747014636.8003633,72,34,77
1747014636.8353634,-47,46,41
1747014636.8713634,14,0,45
1747014636.9063632,12,42,81
1747014636.941363,-7,6,109
1747014636.977363,-19,12,48
1747014637.0123634,43,-65,24
1747014637.0483634,-34,-103,4
1747014637.0833633,-1,-32,220
1747014637.1193633,12,31,156
1747014637.1543634,72,-36,112
1747014637.1893632,-59,19,110
1747014637.2253633,-41,51,164
1747014637.260363,26,47,160
1747014637.2963634,4,-46,67
1747014637.3313634,-55,34,17
1747014637.3673637,-23,-5,127
1747014637.4023633,34,-35,-2
1747014637.4373634,-67,-15,69
1747014637.4733634,-25,-18,61
1747014637.5083632,-4,33,-8
1747014637.5443633,-24,-12,23
1747014637.579363,27,-64,137
1747014637.6153634,1,-50,103
1747014637.6503634,51,-18,57
1747014637.6853633,36,63,113
1747014637.7213633,30,-94,67
1747014637.7563634,-6,-16,-48
1747014637.7923634,-28,47,170
1747014637.8273633,13,49,44
1747014637.8633633,-38,43,78
1747014637.8983634,39,19,60
1747014637.9333634,89,25,-71
1747014637.9693637,45,-86,56
1747014638.0043633,29,-94,8
1747014638.0403633,-82,7,8
1747014638.0753634,29,29,112
1747014638.1113634,0,-26,50
1747014638.1463633,-51,-34,110
1747014638.181363,56,-106,32
1747014638.2173634,12,-10,100
1747014638.2523634,30,-2,78
1747014638.2883637,-9,1,-9
1747014638.3233633,20,-12,88
1747014638.3593633,-13,21,-23
1747014638.3943634,8,37,-55
1747014638.4293633,-45,-58,114
1747014638.4653633,54,-13,92
1747014638.500363,-19,-44,76
1747014638.5363634,-41,42,-11
1747014638.5713634,4,-33,28
1747014638.6073637,-75,-1,74
1747014638.6423633,-33,-45,18
1747014638.6773634,10,-49,92
1747014638.7133634,36,-19,-5
1747014638.7483633,-19,64,114
1747014638.7843633,16,0,42
1747014638.8193634,27,3,98
1747014638.8543634,-92,-2,84
1747014638.8893633,29,47,34
1747014638.9253633,-5,16,44
1747014638.9613633,24,-25,22
1747014638.9963634,-68,15,130
1747014639.0323634,-25,-80,88
1747014639.0673633,50,-86,120
1747014639.102363,44,-38,-7
1747014639.1373634,25,73,-95
1747014639.1733634,-8,117,156
1747014639.2093637,21,9,2
1747014639.2513633,-35,32,76
1747014639.2883637,52,8,80
1747014639.3233633,53,-14,30
1747014639.3583634,26,-15,106
1747014639.3933637,10,-58,122
1747014639.4293633,10,20,-85
1747014639.4653633,48,14,94
1747014639.500363,19,83,30
1747014639.5363634,-16,30,30
1747014639.5713634,71,-34,28
1747014639.6063633,-52,31,102
1747014639.6413634,-10,38,178
1747014639.6773634,60,95,-73
1747014639.7133634,-11,-12,126
1747014639.7483633,56,-10,132
1747014639.7843633,-35,-50,128
1747014639.8193634,8,-46,32
1747014639.8543634,-32,-28,106
1747014639.8893633,9,13,68
1747014639.9253633,-60,13,-41
1747014639.9613633,56,-4,120
1747014639.9963634,52,-8,40
1747014640.0323634,-19,-4,100
1747014640.0673633,-45,-68,46
1747014640.102363,64,-38,168
1747014640.1373634,55,3,-21
1747014640.1733634,-53,33,208
1747014640.2093637,52,37,-37
1747014640.2443633,-51,-10,-77
1747014640.280363,-17,-76,-91
1747014640.3153634,27,44,8
1747014640.3503633,-30,36,-25
1747014640.385363,-8,-13,-81
1747014640.4213634,-36,-52,28
1747014640.4573634,55,95,22
1747014640.4923637,69,81,4
1747014640.5283637,61,3,46
1747014640.5633633,41,-48,80
1747014640.5983634,17,-16,68
1747014640.6333632,-22,3,80
1747014640.6693633,3,29,94
1747014640.7053633,69,-22,96
1747014640.7403634,49,50,114
1747014640.7763634,24,-55,118
1747014640.8113637,68,8,154
1747014640.8463633,-60,-30,10
1747014640.8813634,-14,3,80
1747014640.9173634,22,-67,92
1747014640.9533634,32,-11,0
1747014640.9883633,-45,44,36
1747014641.0243633,-15,-85,6
1747014641.0593634,31,26,102
1747014641.0943637,-46,40,170
1747014641.1293633,43,-23,-7
1747014641.1653633,49,36,46
1747014641.201363,103,79,142
1747014641.2363634,29,-21,-17
1747014641.2723634,23,12,18
1747014641.3073633,-60,-7,96
1747014641.3423634,34,-65,38
1747014641.3773634,0,24,38
1747014641.4133637,-16,20,50
1747014641.4493637,49,-25,188
1747014641.4843633,-74,20,102
1747014641.520363,-10,24,18
1747014641.5553634,-36,8,146
1747014641.5903633,31,26,52
1747014641.625363,-6,-27,44
1747014641.6613634,39,-31,96
1747014641.6973634,-24,42,56
1747014641.7323637,-44,-10,52
1747014641.7683637,-60,-67,114
1747014641.803363,109,8,70
1747014641.8383634,-40,-34,126
1747014641.8733633,73,40,46
1747014641.9093633,-32,-28,194
1747014641.9453633,-39,36,48
1747014641.9803634,-70,9,22
1747014642.0163634,35,-18,46
1747014642.0513637,39,-20,114
1747014642.0863633,-60,-2,96
1747014642.122363,0,-27,136
1747014642.1573634,34,0,6
1747014642.1933634,52,-53,22
1747014642.2283633,35,-53,36
1747014642.2643633,-33,70,60
1747014642.2993634,75,-55,12
1747014642.3343637,-12,-33,60
1747014642.3703637,-38,-57,260
1747014642.405363,41,12,6
1747014642.441363,67,44,-19
1747014642.4763634,-20,-7,138
1747014642.5123634,58,-41,122
1747014642.5473633,-33,-13,48
1747014642.5823634,50,-17,-29
1747014642.6183634,-23,-27,12
1747014642.6533637,-37,-41,58
1747014642.6893632,0,16,8
1747014642.724363,-56,-4,-95
1747014642.760363,33,-86,140
1747014642.7953634,52,16,86
1747014642.8303633,-35,-9,102
1747014642.8663633,38,28,70
1747014642.9013634,0,-49,-21
1747014642.9373634,-23,-13,80
1747014642.9723637,8,-39,136
1747014643.0083632,16,-42,112
1747014643.043363,20,-32,16
1747014643.0783634,-45,25,52
1747014643.1143634,-26,-23,104
1747014643.1493633,37,6,132
1747014643.1853633,25,52,54
1747014643.2203634,-28,26,24
1747014643.2563634,-22,8,82
1747014643.2913637,16,35,44
1747014643.326363,22,47,-13
1747014643.362363,7,-1,16
1747014643.3973634,21,-11,44
1747014643.4333634,3,36,46
1747014643.4683633,-14,-15,86
1747014643.5043633,27,16,62
1747014643.5393634,-51,-65,134
1747014643.5743637,42,18,-89
1747014643.6103632,-51,-22,168
1747014643.645363,-2,5,60
1747014643.681363,42,22,98
1747014643.7163634,106,64,20
1747014643.7523634,62,-5,30
1747014643.7883637,22,24,44
1747014643.8243637,-53,-49,26
1747014643.8603632,1,71,22
1747014643.895363,-24,-6,-5
1747014643.9303634,16,-65,60
1747014643.9663634,-75,-26,48
1747014644.0023634,60,-12,-1
1747014644.0373633,8,7,-7
1747014644.0733633,-19,27,-27
1747014644.1083634,-59,-102,148
1747014644.1433637,-61,-38,16
1747014644.178363,-16,-6,44
1747014644.214363,65,-2,70
1747014644.250363,-68,7,-7
1747014644.2853634,35,7,46
1747014644.3213634,-52,12,-45
1747014644.3563633,10,45,0
1747014644.3913634,3,14,88
1747014644.4263637,-28,-25,60
1747014644.4623632,-4,66,-67
1747014644.4983633,13,90,188
1747014644.533363,-18,9,130
1747014644.5693634,-4,26,88
1747014644.6043634,49,-30,30
1747014644.6393633,13,24,184
1747014644.6743634,15,3,30
1747014644.7103634,-14,-18,28
1747014644.7463634,71,44,92
1747014644.7813632,-38,27,140
1747014644.8173633,2,15,8
1747014644.852363,54,-38,98
1747014644.8873634,-24,-31,22
1747014644.9223633,59,-29,80
1747014644.9583633,-46,-93,92
1747014644.9943633,21,-31,-69
1747014645.0293634,-17,41,60
1747014645.0653634,-55,-50,178
1747014645.1003633,9,8,114
1747014645.135363,13,46,124
1747014645.1703634,71,4,150
1747014645.2063634,-66,91,132
1747014645.2423637,45,-17,10
1747014645.2773633,97,-33,-31
1747014645.3133633,-10,50,62
1747014645.3483634,68,0,116
1747014645.3833632,9,22,42
1747014645.418363,-28,4,20
1747014645.454363,19,0,46
1747014645.4903634,49,-57,88
1747014645.5253634,-116,61,154
1747014645.5613637,81,-61,200
1747014645.5963633,83,32,-33
1747014645.6313634,13,10,-11
1747014645.6663637,-14,-61,-65
1747014645.7023633,77,8,-9
1747014645.7383633,63,-57,14
1747014645.7733634,-26,-55,212
1747014645.8093634,35,120,146
1747014645.8443637,95,12,-13
1747014645.8793633,71,-47,118
1747014645.9143634,-13,-19,180
1747014645.9503634,-19,44,88
1747014645.9863634,50,22,176
1747014646.0213633,12,-11,-15
1747014646.0573633,35,-27,126
1747014646.0923634,37,-39,64
1747014646.1273634,0,-1,168
1747014646.1623633,23,7,38
1747014646.1983633,-38,22,72
1747014646.2343633,13,62,138
1747014646.2693634,10,-20,-17
1747014646.3053634,3,-11,82
1747014646.3403633,0,-1,22
1747014646.375363,-88,32,52
1747014646.4103634,-46,52,142
1747014646.4463634,40,1,82
1747014646.4823637,121,2,-25
1747014646.5173633,-54,48,172
1747014646.553363,-68,4,54
1747014646.5883634,39,32,142
1747014646.6233633,-104,18,36
1747014646.6593633,-72,-7,40
1747014646.6943634,3,48,148
1747014646.7303634,13,-6,58
1747014646.7653637,13,35,46
1747014646.8013637,-20,47,42
1747014646.8363633,39,-46,-3
1747014646.8713634,-24,3,86
1747014646.9063632,-70,45,-37
1747014646.9423633,8,-54,108
1747014646.9783633,30,-18,142
1747014647.0133634,2,37,86
1747014647.0493634,-23,-32,-17
1747014647.0843637,-18,15,-55
1747014647.1193633,-38,-40,80
1747014647.155363,23,0,-27
1747014647.1903634,-24,-86,40
1747014647.2263634,12,-54,48
1747014647.2613633,68,-102,108
1747014647.2973633,13,-15,96
1747014647.3323634,76,-6,72
1747014647.3673637,47,-43,138
1747014647.4033637,17,17,68
1747014647.4383633,-110,-12,132
1747014647.474363,59,43,42
1747014647.5093634,-19,15,72
1747014647.5453634,31,-24,8
1747014647.5803633,39,-16,120
1747014647.6153634,-59,-11,102
1747014647.6513634,46,52,132
1747014647.6863637,24,30,40
1747014647.7223637,-15,26,130
1747014647.757363,-65,-11,134
1747014647.793363,30,-32,62
1747014647.8283634,16,-28,90
1747014647.8633633,-27,5,4
1747014647.8993633,42,19,-35
1747014647.9343634,-19,15,48
1747014647.9703634,58,45,54
1747014648.0053637,66,21,152
1747014648.0413637,4,-36,38
1747014648.076363,12,77,76
1747014648.1113634,58,35,100
1747014648.1473634,-2,-31,50
1747014648.1823633,7,-59,-91
1747014648.2183633,-28,-25,112
1747014648.2533634,9,-95,70
1747014648.2893634,17,100,22
1747014648.3243637,37,-47,72
1747014648.3593633,1,78,86
1747014648.395363,-117,19,66
1747014648.4303634,85,0,-33
1747014648.4663634,69,42,106
1747014648.5013633,7,50,-3
1747014648.5373633,15,-63,88
1747014648.5723634,-6,-25,-19
1747014648.6073637,0,17,180
1747014648.6433637,-10,-3,170
1747014648.678363,5,-51,104
1747014648.714363,-31,27,-1
1747014648.7493634,31,38,8
1747014648.7853634,-90,-109,82
1747014648.8203633,44,-6,48
1747014648.8553634,-83,-56,90
1747014648.8913634,62,3,156
1747014648.9263637,20,-34,44
1747014648.9623632,-17,-2,228
1747014648.997363,34,-4,70
1747014649.0323634,-19,21,120
1747014649.0673633,44,33,146
1747014649.1033633,-25,62,-15
1747014649.1393633,-7,-33,36
1747014649.1743634,-31,8,-15
1747014649.2103634,-21,-23,-27
1747014649.2523634,-47,22,40
1747014649.2883637,110,-85,84
1747014649.3233633,-49,-17,104
1747014649.3593633,36,-12,128
1747014649.395363,-3,-16,-11
1747014649.4303634,-77,-4,189
1747014649.4663634,-107,-4,123
1747014649.5013633,-51,-15,47
1747014649.5363634,20,-41,93
1747014649.5713634,-37,-67,111
1747014649.6073637,70,-3,-21
1747014649.6433637,-13,-37,178
1747014649.678363,-29,-15,60
1747014649.714363,-9,-6,-63
1747014649.7493634,19,94,-21
1747014649.7843633,2,11,80
1747014649.8193634,2,-4,48
1747014649.8553634,64,-24,66
1747014649.8913634,-79,-2,106
1747014649.9263637,-105,-38,18
1747014649.9623632,-73,-15,22
1747014649.997363,-25,28,88
1747014650.0323634,26,10,172
1747014650.0673633,54,74,-39
1747014650.1033633,-11,41,59
1747014650.1393633,20,13,171
1747014650.1743634,24,-92,175
1747014650.2103634,26,9,47
1747014650.2453637,16,-54,55
1747014650.280363,-7,-62,149
1747014650.3153634,-97,37,69
1747014650.3513634,-7,31,19
1747014650.3873634,58,43,-19
1747014650.4223633,-32,-18,-9
1747014650.4583633,-13,-26,70
1747014650.4933634,-63,-4,168
1747014650.5283637,4,17,-35
1747014650.5633633,-29,69,142
1747014650.599363,-7,77,50
1747014650.635363,22,-14,34
1747014650.6703634,50,-60,98
1747014650.7063634,42,-12,100
1747014650.7413633,-33,70,134
1747014650.7763634,-1,9,156
1747014650.8113637,8,-27,91
1747014650.8473637,-26,-23,11
1747014650.8833632,41,-10,-22
1747014650.918363,-54,86,125
1747014650.954363,37,44,79
1747014650.9893634,-90,10,35
1747014651.0243633,65,-5,89
1747014651.0593634,7,22,-76
1747014651.0953634,-32,-19,11
1747014651.1313634,-34,-16,72
1747014651.1663637,0,-106,79
1747014651.2023633,-16,-8,6
1747014651.237363,-52,23,124
1747014651.2723634,-22,29,64
1747014651.3073633,-12,-46,108
1747014651.3433633,40,-33,120
1747014651.3793633,-43,126,188
1747014651.4143634,35,-22,150
1747014651.4503634,5,3,4
1747014651.4853632,12,14,18
1747014651.520363,36,-31,74
1747014651.5553634,-3,38,207
1747014651.5913634,-66,-35,103
1747014651.6273634,54,-5,19
1747014651.6623633,13,2,95
1747014651.6983633,23,-31,261
1747014651.7333634,-53,72,71
1747014651.7683637,28,-5,33
1747014651.803363,13,-85,85
1747014651.839363,-48,-13,8
1747014651.875363,-38,18,106
1747014651.9103634,-40,-17,91
1747014651.9463634,19,-7,46
1747014651.9813633,31,-29,188
1747014652.0163634,42,-61,86
1747014652.0513637,67,-31,137
1747014652.0873632,35,64,85
1747014652.1233633,7,48,113
1747014652.158363,60,14,97
1747014652.1943634,20,-39,32
1747014652.2293634,8,2,178
1747014652.2643633,-20,26,37
1747014652.3003633,-40,54,65
1747014652.3353634,71,62,9
1747014652.3713634,47,-67,29
1747014652.4063632,63,40,-65
1747014652.4423633,-70,-1,34
1747014652.477363,0,16,30
1747014652.5123634,11,10,18
1747014652.5483634,-36,-2,85
1747014652.5833633,-44,47,79
1747014652.6193633,-76,-54,79
1747014652.6543634,-14,63,-66
1747014652.6903634,-51,20,269
1747014652.7253633,94,0,103
1747014652.760363,-41,0,-122
1747014652.7963634,67,45,-20
1747014652.8313634,76,32,-58
1747014652.8673637,18,60,47
1747014652.9023633,-11,60,1
1747014652.9383633,58,-29,121
1747014652.9733634,30,-63,140
1747014653.0083632,-67,-75,66
1747014653.0443633,54,-13,6
1747014653.079363,-31,10,20
1747014653.1153634,52,-15,66
1747014653.1503634,35,13,82
1747014653.1863637,7,-74,-47
1747014653.2213633,23,3,90
1747014653.2563634,5,-43,99
1747014653.2923634,-36,4,95
1747014653.3273633,14,-12,85
1747014653.3633633,-24,2,96
1747014653.3983634,-34,56,27
1747014653.4343634,48,3,174
1747014653.4693637,-34,-35,73
1747014653.5043633,-8,-17,132
1747014653.5403633,5,112,191
1747014653.5753634,41,2,114
1747014653.6113634,-16,-7,78
1747014653.6463633,-36,-5,40
1747014653.6823633,6,-3,4
1747014653.7173634,84,84,98
1747014653.7523634,-26,-70,96
1747014653.7883637,85,46,122
1747014653.8233633,-60,-20,108
1747014653.8593633,7,22,100
1747014653.8943634,-34,50,113
1747014653.9303634,5,7,-18
1747014653.9663634,55,21,141
1747014654.0023634,49,43,136
1747014654.0383637,9,-31,98
1747014654.0733633,23,-9,58
1747014654.1083634,33,104,60
1747014654.1443634,-40,-19,126
1747014654.1803634,19,20,-59
1747014654.2153633,34,14,-17
1747014654.2513633,26,18,38
1747014654.2863634,-35,8,-17
1747014654.3213634,-37,-17,34
1747014654.3563633,14,-13,148
1747014654.3923633,14,24,-23
1747014654.428363,-15,-61,70
1747014654.4633634,-23,-23,126
1747014654.4993634,39,16,46
1747014654.5343633,-40,69,82
1747014654.5693634,31,23,-17
1747014654.6043634,23,27,-91
1747014654.6403637,-108,45,68
1747014654.6763637,35,-78,64
1747014654.7113633,1,-27,34
1747014654.747363,23,24,86
1747014654.7823634,51,0,96
1747014654.8173633,34,68,56
1747014654.852363,-105,-21,78
1747014654.8883634,-11,-47,-51
1747014654.9243634,60,-3,98
1747014654.9593637,32,52,6
1747014654.9953637,9,-33,-131
1747014655.030363,-14,-15,106
1747014655.0653634,51,-55,100
1747014655.1003633,-29,38,-13
1747014655.1363633,-4,4,74
1747014655.1723633,35,30,100
1747014655.2073634,0,-1,123
1747014655.2433634,33,8,58
1747014655.2783637,-44,-87,85
1747014655.3133633,7,-75,69
1747014655.3483634,121,43,-8
1747014655.3843634,-26,67,171
1747014655.4203634,70,10,-44
1747014655.4553633,-26,64,169
1747014655.4913633,-1,88,45
1747014655.5263634,-21,-87,61
1747014655.5613637,-23,-59,-52
1747014655.5963633,22,-61,116
1747014655.632363,31,17,-13
1747014655.668363,5,-42,2
1747014655.7033634,-52,-25,138
1747014655.7393634,-16,22,126
1747014655.7743633,1,32,52
1747014655.8093634,-50,56,66
1747014655.8443637,97,13,152
1747014655.8803637,67,28,12
1747014655.9163637,-20,-11,182
1747014655.951363,-40,-21,60
1747014655.987363,9,16,86
1747014656.0223634,61,36,86
1747014656.0573633,71,-17,88
1747014656.0923634,50,61,116
1747014656.1283634,-41,-14,96
1747014656.1643634,49,28,34
1747014656.1993637,25,-22,138
1747014656.2353632,-20,11,74
1747014656.270363,29,-58,10
1747014656.3053634,-48,-4,62
1747014656.3403633,-26,-44,142
1747014656.3763633,-18,-18,23
1747014656.4123633,19,15,69
1747014656.4473634,25,-5,134
1747014656.4833634,-15,9,133
1747014656.5183637,5,84,97
1747014656.553363,-67,0,107
1747014656.5883634,-37,-27,73
1747014656.6243634,-41,-37,-120
1747014656.6603634,2,2,144
1747014656.6953633,18,-47,58
1747014656.7313633,20,-92,80
1747014656.7663634,14,-15,122
1747014656.8013637,-73,38,-7
1747014656.8363633,-23,2,60
1747014656.872363,-56,17,34
1747014656.908363,14,-12,72
1747014656.9433634,-43,19,42
1747014656.9793634,137,-78,43
1747014657.0143633,-6,9,-65
1747014657.0493634,-4,-64,-37
1747014657.0843637,19,77,107
1747014657.1203637,-26,0,151
1747014657.1563632,0,-4,81
1747014657.191363,83,-10,89
1747014657.227363,-7,-48,171
1747014657.2623634,29,15,115
1747014657.2973633,-6,25,99
1747014657.3333633,0,-68,35
1747014657.3683634,-11,-30,23
1747014657.4043634,-17,77,65
1747014657.4393632,-67,-30,45
1747014657.4753633,59,-26,-2
1747014657.510363,-37,21,145
1747014657.5453634,-104,-2,73
1747014657.5813634,-6,-28,-16
1747014657.6163633,-32,-74,149
1747014657.6523633,-5,-54,195
1747014657.6873634,30,73,171
1747014657.7233634,26,-30,161
1747014657.7583632,48,0,101
1747014657.793363,2,27,51
1747014657.829363,-33,75,-28
1747014657.8643634,48,13,64
1747014657.9003634,6,15,46
1747014657.9353633,-13,-20,60
1747014657.9713633,82,-48,20
1747014658.0063634,-59,-24,40
1747014658.0413637,-39,43,2
1747014658.0773633,24,-15,-15
1747014658.112363,-67,-7,137
1747014658.1483634,90,-87,145
1747014658.1833634,0,-21,183
1747014658.2193637,24,-19,13
1747014658.2543633,4,-59,185
1747014658.2893634,-31,-17,28
1747014658.3253634,-15,40,102
1747014658.3603632,-3,-82,100
1747014658.3963633,-28,30,18
1747014658.431363,43,-1,22
1747014658.4673634,26,15,164
1747014658.5023634,68,-29,120
1747014658.5373633,4,-35,44
1747014658.5733633,-65,-47,64
1747014658.6083634,67,-5,-15
1747014658.6443634,51,-25,8
1747014658.6793633,-20,-67,90
1747014658.7153633,-38,-54,16
1747014658.750363,-60,66,164
1747014658.7853634,19,0,80
1747014658.8213634,11,65,-13
1747014658.8563633,11,39,67
1747014658.8923633,9,-30,87
1747014658.9273634,-42,124,80
1747014658.9633634,9,-7,-58
1747014658.9993634,-13,-26,55
1747014659.0353634,-33,-31,51
1747014659.0713634,-17,2,155
1747014659.1063633,-7,15,-52
1747014659.1413634,44,11,23
1747014659.1773634,21,-3,9
1747014659.2133634,23,-39,151
1747014659.2553637,9,21,-19
1747014659.2923634,-14,-58,148
1747014659.3273633,35,-46,-23
1747014659.362363,21,30,166
1747014659.3973634,75,14,98
1747014659.4333634,43,-47,88
1747014659.4693637,17,-101,162
1747014659.5043633,-22,-76,48
1747014659.5403633,47,-11,-25
1747014659.5753634,47,30,16
1747014659.6103632,39,-80,44
1747014659.645363,11,43,170
1747014659.681363,67,-26,-23
1747014659.7173634,-40,1,70
1747014659.7523634,-25,0,-106
1747014659.7883637,-10,-78,121
1747014659.8233633,-8,-36,47
1747014659.8583634,-39,-15,-68
1747014659.8933637,-25,4,109
1747014659.9293633,36,-63,3
1747014659.9653633,32,-11,51
1747014660.000363,-91,8,107
1747014660.0363634,-53,-19,129
1747014660.0713634,56,-1,-3
1747014660.1063633,-45,-9,-9
1747014660.1413634,-67,68,-21
1747014660.1773634,8,-37,132
1747014660.2133634,60,-33,188
1747014660.2483633,8,-109,48
1747014660.2843633,0,32,134
1747014660.3193634,16,-77,20
1747014660.3543634,-19,45,148
1747014660.3893633,14,-18,30
1747014660.4253633,-55,7,48
1747014660.4613633,38,-22,190
1747014660.4963634,38,34,152
1747014660.5323634,-62,-8,2
1747014660.5673633,20,-12,92
1747014660.602363,20,45,90
1747014660.6373634,-15,-14,-3
1747014660.6733634,4,-52,106
1747014660.7093637,64,105,70
1747014660.7443633,24,3,116
1747014660.780363,-51,-78,152
1747014660.8153634,69,-1,188
1747014660.8503633,-5,6,80
1747014660.885363,-55,-52,36
1747014660.9213634,-23,9,119
1747014660.9573634,28,-136,93
1747014660.9923637,-4,57,111
1747014661.0283637,-26,31,11
1747014661.0633633,61,71,54
1747014661.0983634,-22,21,-4
1747014661.1333632,-14,-22,81
1747014661.1693633,-20,-20,179
1747014661.2053633,7,-26,78
1747014661.2403634,86,73,23
1747014661.2763634,-57,35,111
1747014661.3113637,18,-36,25
1747014661.3463633,4,-32,107
1747014661.3813634,4,20,155
1747014661.4173634,42,-53,113
1747014661.4533634,50,8,-5
1747014661.4883633,10,-41,-5
1747014661.5243633,-31,-65,70
1747014661.5593634,86,-51,98
1747014661.5943637,63,-37,86
1747014661.6293633,29,-11,192
1747014661.6653633,-2,6,56
1747014661.701363,91,-9,135
1747014661.7363634,47,96,57
1747014661.7723634,47,-29,-8
1747014661.8073633,-6,-85,85
1747014661.8423634,45,36,65
1747014661.8773634,-16,-15,20
1747014661.9133637,91,-11,48
1747014661.9493637,31,-91,206
1747014661.9843633,81,32,108
1747014662.020363,-6,98,92
1747014662.0553634,35,42,116
1747014662.0903633,-18,-49,119
1747014662.125363,145,-15,77
1747014662.1613634,-4,-43,157
1747014662.1973634,-20,-63,13
1747014662.2323637,61,66,53
1747014662.2683637,59,-3,177
1747014662.303363,-46,46,303
1747014662.3383634,27,-53,105
1747014662.3743634,32,19,63
1747014662.4093633,-1,31,125
1747014662.4453633,8,-48,55
1747014662.4803634,-43,-36,45
1747014662.5163634,-5,-16,71
1747014662.5513637,-40,37,53
1747014662.5863633,-8,13,-24
1747014662.622363,3,-69,124
1747014662.6573634,51,13,73
1747014662.6933634,27,-139,75
1747014662.7283633,77,-38,93
1747014662.7643633,22,14,5
1747014662.7993634,62,68,79
1747014662.8343637,28,-2,135
1747014662.8703637,-17,19,111
1747014662.905363,56,-30,95
1747014662.941363,-3,-8,189
1747014662.9763634,-103,-2,128
1747014663.0123634,-25,-34,-9
1747014663.0473633,-61,-10,136
1747014663.0823634,10,39,150
1747014663.1183634,-39,-28,112
1747014663.1533637,-19,-48,104
1747014663.1893632,-105,9,71
1747014663.224363,26,-48,-28
1747014663.260363,-13,-36,51
1747014663.2953634,-8,-29,61
1747014663.3303633,-65,-2,51
1747014663.3663633,30,79,63
1747014663.4013634,-75,9,143
1747014663.4373634,-11,-6,59
1747014663.4723637,94,-64,67
1747014663.5083632,10,-42,55
1747014663.543363,-54,52,-20
1747014663.5783634,36,17,87
1747014663.6143634,16,-30,103
1747014663.6493633,88,73,191
1747014663.6853633,-61,43,83
1747014663.7203634,-25,19,81
1747014663.7563634,-39,19,-16
1747014663.7913637,48,39,-119
1747014663.826363,-13,-20,93
1747014663.862363,-15,-12,129
1747014663.8983634,28,-8,65
1747014663.9343634,-33,77,117
1747014663.9693637,42,3,-12
1747014664.0053637,-18,35,65
1747014664.0403633,-20,-32,67
1747014664.076363,17,-2,59
1747014664.1113634,27,27,13
1747014664.1463633,96,-48,135
1747014664.1823633,-9,1,17
1747014664.2173634,32,-34,29
1747014664.2533634,-40,-25,93
1747014664.2883637,6,1,117
1747014664.3233633,-25,35,112
1747014664.3583634,-14,31,100
1747014664.3943634,-51,17,102
1747014664.4303634,-47,-62,67
1747014664.4653633,9,63,52
1747014664.5013633,-52,-16,116
1747014664.5363634,19,-10,172
1747014664.5713634,157,-80,-12
1747014664.6063633,-39,-16,56
1747014664.6423633,62,-68,24
1747014664.678363,-50,-32,52
1747014664.7133634,15,19,30
1747014664.7493634,-10,5,170
1747014664.7843633,53,-91,162
1747014664.8193634,37,-8,144
1747014664.8543634,-100,63,30
1747014664.8903637,9,-78,144
1747014664.9263637,87,-34,-27
1747014664.9613633,37,-66,112
1747014664.997363,23,37,46
1747014665.0323634,-19,-26,128
1747014665.0673633,26,33,-49
1747014665.102363,38,67,178
1747014665.1383634,9,43,28
1747014665.1743634,23,17,68
1747014665.2093637,-6,7,-25
1747014665.2453637,-16,-12,82
1747014665.280363,74,-20,154
1747014665.3153634,21,49,-35
1747014665.3503633,39,75,44
1747014665.3863633,-27,9,94
1747014665.4223633,23,-17,38
1747014665.4573634,-24,-23,54
1747014665.4933634,-6,8,48
1747014665.5283637,-22,-1,50
1747014665.5633633,5,23,111
1747014665.5983634,-22,-47,159
1747014665.6343634,6,29,83
1747014665.6703634,16,-34,115
1747014665.7053633,-21,30,35
1747014665.7413633,4,-34,85
1747014665.7763634,72,-2,31
1747014665.8113637,14,-10,87
1747014665.8463633,24,-16,197
1747014665.882363,0,-44,9
1747014665.918363,-65,31,-14
1747014665.9533634,37,-27,-2
1747014665.9893634,-6,-100,35
1747014666.0243633,5,-41,59
1747014666.0593634,25,50,99
1747014666.0943637,-38,-5,85
1747014666.1303637,-4,8,84
1747014666.1663637,-14,-13,69
1747014666.201363,30,-14,95
1747014666.237363,-23,11,77
1747014666.2723634,-17,-22,93
1747014666.3073633,-101,19,201
1747014666.3423634,-51,29,13
1747014666.3783634,52,-22,13
1747014666.4143634,18,11,55
1747014666.4493637,-23,-1,99
1747014666.4853632,41,4,-2
1747014666.520363,6,-6,57
1747014666.5553634,54,47,147
1747014666.5903633,44,0,0
1747014666.6263633,-10,6,103
1747014666.6623633,-26,50,39
1747014666.6973634,-38,-45,101
1747014666.7333634,-10,-39,163
1747014666.7683637,27,0,-44
1747014666.803363,-60,-3,131
1747014666.8383634,17,34,189
1747014666.8743634,-8,85,33
1747014666.9103634,52,48,97
1747014666.9453633,34,14,47
1747014666.9813633,26,30,9
1747014667.0163634,-31,-49,85
1747014667.0513637,6,-61,51
1747014667.0863633,3,-93,29
1747014667.122363,82,-12,95
1747014667.158363,23,-39,41
1747014667.1933634,63,32,138
1747014667.2293634,-44,-17,55
1747014667.2643633,-70,4,27
1747014667.2993634,47,-3,107
1747014667.3353634,19,8,-60
1747014667.3703637,7,72,59
1747014667.4063632,62,-12,111
1747014667.441363,-40,-7,7
1747014667.477363,46,4,106
1747014667.5123634,2,46,161
1747014667.5473633,-29,2,115
1747014667.5833633,-82,-11,-26
1747014667.6183634,-55,-71,41
1747014667.6543634,-23,32,109
1747014667.6893632,-7,-19,55
1747014667.7253633,14,30,-14
1747014667.760363,29,-62,-12
1747014667.7953634,73,-5,207
1747014667.8313634,38,-11,-14
1747014667.8663633,2,4,27
1747014667.9023633,-26,-67,173
1747014667.9373634,-41,-5,41
1747014667.9733634,-11,-29,33
1747014668.0083632,5,37,169
1747014668.043363,31,-46,210
1747014668.079363,17,32,178
1747014668.1143634,28,26,-59
1747014668.1503634,-2,-63,38
1747014668.1853633,-20,-5,168
1747014668.2213633,49,-67,96
1747014668.2563634,-50,6,152
1747014668.2913637,-8,38,128
1747014668.3273633,29,30,66
1747014668.362363,-32,-22,26
1747014668.3983634,-20,11,122
1747014668.4333634,-4,-10,130
1747014668.4693637,3,-18,196
1747014668.5043633,1,-21,54
1747014668.5393634,-16,58,66
1747014668.5753634,57,-18,43
1747014668.6103632,-19,-61,29
1747014668.6463633,-53,-29,170
1747014668.681363,130,26,37
1747014668.7173634,82,-71,103
1747014668.7523634,-87,8,23
1747014668.7873633,-55,46,59
1747014668.8233633,-39,58,127
1747014668.8583634,-73,-55,17
1747014668.8943634,-11,4,115
1747014668.9293633,69,-42,145
1747014668.9653633,16,44,11
1747014669.000363,-32,-52,55
1747014669.0353634,-112,39,161
1747014669.0713634,-8,-24,1
1747014669.1063633,-41,20,105
1747014669.1423633,-30,29,-132
1747014669.1773634,-28,23,85
1747014669.2133634,-22,-2,105
1747014669.2493634,-64,-48,181
1747014669.2913637,-8,-18,-42
1747014669.3273633,88,-19,109
1747014669.3633633,21,-1,53
1747014669.3993633,-10,50,83
1747014669.4343634,-12,25,117
1747014669.4703634,-18,-6,-48
1747014669.5053637,79,29,-16
1747014669.5403633,1,77,81
1747014669.5753634,-7,18,-12
1747014669.6113634,10,-19,99
1747014669.6473634,41,-17,49
1747014669.6823633,31,-39,79
1747014669.7183633,-2,26,77
1747014669.7533634,-42,28,17
1747014669.7883637,0,2,15
1747014669.8233633,-26,31,-54
1747014669.8593633,40,29,83
1747014669.895363,-26,-26,165
1747014669.9303634,-8,-37,59
1747014669.9663634,44,45,234
1747014670.0013633,-3,11,28
1747014670.0363634,40,-18,96
1747014670.0713634,11,-10,130
1747014670.1073637,15,-12,92
1747014670.1433637,-28,43,162
1747014670.178363,19,7,174
1747014670.214363,-44,-46,82
1747014670.2493634,47,-40,144
1747014670.2843633,-54,-28,86
1747014670.3193634,77,7,-30
1747014670.3553634,-12,-48,109
1747014670.3913634,-15,29,83
1747014670.4263637,20,1,71
1747014670.4623632,-29,35,-64
1747014670.497363,108,-32,97
1747014670.5323634,36,-76,121
1747014670.5673633,55,-18,-38
1747014670.6033633,-50,9,80
1747014670.6393633,-19,-17,119
1747014670.6743634,-11,0,168
1747014670.7103634,-35,-19,182
1747014670.7453637,58,-35,18
1747014670.780363,3,16,82
1747014670.8153634,-10,46,-6
1747014670.8513634,-20,13,137
1747014670.8873634,8,-1,85
1747014670.9223633,-18,-56,161
1747014670.9583633,17,51,125
1747014670.9933634,-48,11,143
1747014671.0283637,-34,-88,97
1747014671.0633633,39,11,34
1747014671.099363,-8,33,66
1747014671.135363,71,1,3
1747014671.1703634,61,29,42
1747014671.2063634,-55,7,69
1747014671.2413633,-13,-62,11
1747014671.2763634,-41,-14,163
1747014671.3113637,32,-34,37
1747014671.3473637,58,-24,5
1747014671.3833632,42,81,35
1747014671.418363,-33,21,87
1747014671.454363,0,67,79
1747014671.4893634,29,-72,145
1747014671.5243633,14,29,3
1747014671.5593634,-51,-66,51
1747014671.5953634,38,11,11
1747014671.6313634,28,-90,33
1747014671.6663637,30,9,9
1747014671.7023633,15,32,109
1747014671.737363,-47,-11,149
1747014671.7723634,-25,14,37
1747014671.8073633,12,56,85
1747014671.8433633,-35,-27,43
1747014671.8793633,-31,38,-36
1747014671.9143634,44,-14,-46
1747014671.9503634,26,-12,151
1747014671.9853632,-31,11,59
1747014672.020363,-89,63,137
1747014672.0553634,-41,19,217
1747014672.0913634,-38,-28,-140
1747014672.1273634,22,0,81
1747014672.1623633,-36,-66,79
1747014672.1983633,-35,31,7
1747014672.2333634,24,39,291
1747014672.2683637,-10,-88,11
1747014672.303363,64,56,147
1747014672.339363,60,8,57
1747014672.375363,24,37,-26
1747014672.4103634,-3,-22,49
1747014672.4463634,-28,57,189
1747014672.4813633,-49,13,105
1747014672.5163634,37,-26,85
1747014672.5523634,-6,-42,99
1747014672.5873632,-61,-65,-24
1747014672.6233633,-32,-7,117
1747014672.658363,9,23,-62
1747014672.6943634,23,3,147
1747014672.7293634,-70,-55,-6
1747014672.7643633,-14,25,71
1747014672.8003633,59,53,55
1747014672.8353634,-71,16,103
1747014672.8713634,-79,4,231
1747014672.9063632,68,2,75
1747014672.9423633,-1,-13,43
1747014672.977363,28,-54,127
1747014673.0123634,50,2,85
1747014673.0483634,-29,-3,99
1747014673.0833633,34,47,65
1747014673.1193633,-3,10,143
1747014673.1543634,92,5,193
1747014673.1903634,6,41,5
1747014673.2253633,26,61,-20
1747014673.260363,8,9,83
1747014673.2963634,-3,63,35
1747014673.3313634,84,35,105
1747014673.3673637,62,46,79
1747014673.4023633,-3,36,41
1747014673.4383633,-33,-31,143
1747014673.4733634,-73,-19,73
1747014673.5083632,-33,-48,-42
1747014673.5443633,22,1,65
1747014673.579363,-21,-26,25
1747014673.6153634,24,53,25
1747014673.6503634,-9,35,119
1747014673.6863637,-17,31,-34
1747014673.7213633,2,27,169
1747014673.7563634,10,-40,139
1747014673.7923634,-45,39,-76
1747014673.8273633,134,-34,21
1747014673.8633633,20,25,65
1747014673.8983634,8,45,21
1747014673.9343634,36,61,21
1747014673.9693637,-83,-54,109
1747014674.0043633,36,-18,31
1747014674.0403633,18,63,5
1747014674.0753634,24,-32,31
1747014674.1113634,-19,55,143
1747014674.1463633,-41,-22,143
1747014674.1823633,42,-22,87
1747014674.2173634,72,-12,109
1747014674.2523634,-9,-40,37
1747014674.2883637,-3,81,57
1747014674.3233633,-40,33,75
1747014674.3593633,-30,9,119
1747014674.3943634,137,7,-38
1747014674.4293633,40,-100,101
1747014674.464363,-14,-18,59
1747014674.500363,23,-37,195
1747014674.5363634,-61,-34,35
1747014674.5713634,-5,63,29
1747014674.6073637,22,-52,87
1747014674.6423633,-45,-76,129
1747014674.6773634,80,-42,183
1747014674.7123632,-41,-40,-4
1747014674.7483633,4,43,115
1747014674.7843633,107,30,135
1747014674.8193634,73,-63,211
1747014674.8553634,-42,20,69
1747014674.8903637,-124,-47,57
1747014674.9253633,-83,-10,85
1747014674.9603634,26,-46,33
1747014674.9963634,-57,23,47
1747014675.0323634,22,-22,21
1747014675.0673633,-5,-66,-42
1747014675.1033633,10,75,5
1747014675.1383634,-15,9,31
1747014675.1733634,114,-4,141
1747014675.2083633,22,-64,179
1747014675.2443633,-35,-14,41
1747014675.280363,-9,-21,23
1747014675.3153634,-49,61,43
1747014675.3513634,72,15,87
1747014675.3863633,22,-42,113
1747014675.4213634,-13,17,101
1747014675.4563634,-5,-26,61
1747014675.4923637,42,-4,-70
1747014675.5283637,4,-34,101
1747014675.5633633,2,-18,-20
1747014675.599363,96,-44,83
1747014675.6343634,-95,3,3
1747014675.6693633,2,32,39
1747014675.704363,70,-7,49
1747014675.7403634,16,-21,1
1747014675.7763634,-38,23,111
1747014675.8113637,-2,31,21
1747014675.8473637,-9,-53,179
1747014675.882363,-31,-33,107
1747014675.9173634,4,24,0
1747014675.9523633,14,46,53
1747014675.9883633,-17,-51,85
1747014676.0243633,-1,11,107
1747014676.0593634,-21,-26,3
1747014676.0953634,-3,-42,67
1747014676.1303637,58,-36,115
1747014676.1653633,-1,45,137
1747014676.2003634,12,29,101
1747014676.2363634,6,-46,129
1747014676.2723634,-67,74,131
1747014676.3073633,-5,-23,75
1747014676.3433633,-50,-74,89
1747014676.3783634,-24,-56,99
1747014676.4133637,11,-18,101
1747014676.4483633,55,89,31
1747014676.4843633,129,-53,83
1747014676.520363,-2,12,39
1747014676.5553634,71,19,141
1747014676.5913634,65,3,171
1747014676.6263633,65,45,153
1747014676.6613634,-4,-16,87
1747014676.6963634,-17,64,87
1747014676.7323637,-59,46,37
1747014676.7683637,22,45,43
1747014676.803363,-25,-27,109
1747014676.839363,3,-24,71
1747014676.8743634,-4,37,15
1747014676.9093633,-64,-42,95
1747014676.9443634,-12,37,83
1747014676.9803634,21,19,113
1747014677.0163634,11,-50,123
1747014677.0513637,-48,11,165
1747014677.0873632,29,81,55
1747014677.122363,17,33,0
1747014677.1573634,-8,22,91
1747014677.1923633,45,18,127
1747014677.2283633,15,-11,145
1747014677.2643633,15,33,89
1747014677.2993634,61,-32,21
1747014677.3353634,-48,-12,31
1747014677.3703637,39,19,-60
1747014677.405363,0,-4,69
1747014677.4403634,3,-16,187
1747014677.4763634,-66,-2,81
1747014677.5123634,37,9,65
1747014677.5473633,-42,55,69
1747014677.5833633,51,17,55
1747014677.6183634,-36,7,21
1747014677.6533637,-44,5,3
1747014677.6893632,-15,-72,111
1747014677.724363,51,-38,-2
1747014677.760363,-6,11,77
1747014677.7953634,-14,-44,59
1747014677.8313634,-8,-32,57
1747014677.8663633,17,-6,61
1747014677.9013634,-51,36,157
1747014677.9373634,-55,2,37
1747014677.9723637,-25,6,75
1747014678.0083632,87,-76,71
1747014678.043363,53,83,-56
1747014678.079363,6,18,39
1747014678.1143634,31,27,25
1747014678.1493633,67,-12,183
1747014678.1853633,-43,64,165
1747014678.2203634,55,0,-48
1747014678.2563634,11,-56,101
1747014678.2913637,-34,21,65
1747014678.3273633,37,-10,71
1747014678.362363,23,19,93
1747014678.3973634,15,65,45
1747014678.4333634,4,-51,5
1747014678.4683633,-14,27,81
1747014678.5043633,70,-117,177
1747014678.5393634,58,-83,-50
1747014678.5753634,-31,-20,-4
1747014678.6103632,-27,-2,145
1747014678.645363,-16,41,11
1747014678.681363,-16,31,23
1747014678.7163634,-35,57,-58
1747014678.7523634,51,-68,93
1747014678.7873633,-47,-2,99
1747014678.8233633,-39,0,51
1747014678.8583634,-5,51,31
1747014678.8933637,-61,9,3
1747014678.9293633,-29,71,143
1747014678.964363,-65,41,89
1747014679.000363,-1,1,25
1747014679.0353634,-95,35,119
1747014679.0713634,41,-43,125
1747014679.1073637,33,-59,113
1747014679.1433637,-28,-37,145
1747014679.178363,-10,43,0
1747014679.2133634,32,19,75
1747014679.2493634,-11,-40,25
1747014679.2843633,161,-20,85
1747014679.3273633,64,-38,175
1747014679.3633633,-9,31,189
1747014679.3983634,-15,11,85
1747014679.4333634,58,-14,135
1747014679.4693637,-11,29,177
1747014679.5053637,-33,19,69
1747014679.5403633,-9,3,157
1747014679.576363,-33,-52,51
1747014679.6113634,-11,59,93
1747014679.6463633,30,49,145
1747014679.681363,22,-12,33
1747014679.7173634,-61,-26,63
1747014679.7533634,-28,20,75
1747014679.7883637,33,-110,63
1747014679.8243637,55,43,-18
1747014679.8593633,29,3,71
1747014679.8943634,70,-48,63
1747014679.9293633,-19,-32,91
1747014679.9653633,46,31,95
1747014680.0013633,-59,-54,65
1747014680.0363634,-59,29,-18
1747014680.0723634,-107,-1,23
1747014680.1073637,36,-59,105
1747014680.1423633,-63,20,97
1747014680.1773634,-9,14,7
1747014680.2133634,-53,50,65
1747014680.2493634,-29,-23,61
1747014680.2843633,-47,-27,49
1747014680.3203633,-21,-46,73
1747014680.3553634,18,-12,233
1747014680.3903637,-59,-4,57
1747014680.4253633,-81,-10,95
1747014680.4613633,-15,51,147
1747014680.497363,-15,-11,87
1747014680.5323634,44,-6,175
1747014680.5683634,-9,23,163
1747014680.6033633,4,15,-34
1747014680.6383634,-17,57,-18
1747014680.6733634,-15,-58,3
1747014680.7093637,-9,-20,81
1747014680.7453637,-137,-82,69
1747014680.780363,24,-59,83
1747014680.816363,12,-15,-42
1747014680.8513634,18,8,-42
1747014680.8863633,42,-21,53
1747014680.9213634,22,2,97
1747014680.9573634,42,6,43
1747014680.9933634,-27,67,-6
1747014681.0283637,14,-40,111
1747014681.0643632,-67,63,55
1747014681.099363,94,53,165
1747014681.1343634,4,19,33
1747014681.1693633,66,2,31
1747014681.2053633,30,40,55
1747014681.2413633,-17,-23,11
1747014681.2763634,-6,21,141
1747014681.3123634,51,-61,91
1747014681.3473637,47,16,33
1747014681.382363,-34,-12,91
1747014681.4173634,53,-10,219
1747014681.4533634,17,23,21
1747014681.4893634,43,22,31
1747014681.5243633,15,-105,11
1747014681.5603633,-1,57,43
1747014681.5953634,38,-66,259
1747014681.6303637,63,62,51
1747014681.6653633,-5,63,179
1747014681.701363,-79,17,-58
1747014681.737363,14,13,45
1747014681.7723634,53,-39,73
1747014681.8083634,62,-24,127
1747014681.8433633,-4,2,3
1747014681.8783634,-78,24,-58
1747014681.9133637,61,-43,69
1747014681.9493637,-28,-23,39
1747014681.9853632,15,-3,7
1747014682.020363,17,-15,83
1747014682.056363,78,-86,31
1747014682.0913634,-28,-3,75
1747014682.1263633,-6,-101,7
1747014682.1613634,54,-36,43
1747014682.1973634,14,-22,-40
1747014682.2333634,-17,35,83
1747014682.2683637,-38,-29,35
1747014682.3043633,15,-40,-20
1747014682.339363,-4,-10,5
1747014682.3743634,39,-18,75
1747014682.4093633,-52,-58,-2
1747014682.4453633,23,-52,165
1747014682.4813633,12,-67,41
1747014682.5163634,-28,23,85
1747014682.5523634,-24,-46,17
1747014682.5873632,60,24,157
1747014682.622363,-29,18,-22
1747014682.658363,24,-39,85
1747014682.6933634,-43,-52,105
1747014682.7293634,52,-36,47
1747014682.7643633,32,-10,147
1747014682.8003633,0,35,15
1747014682.8353634,27,39,61
1747014682.8703637,-4,47,137
1747014682.9063632,43,-36,33
1747014682.941363,-12,5,79
1747014682.977363,56,14,99
1747014683.0123634,-47,8,67
1747014683.0483634,-59,8,15
1747014683.0833633,-6,29,21
1747014683.1183634,-20,-16,34
1747014683.1543634,-51,-51,54
1747014683.1893632,4,26,76
1747014683.2253633,64,-11,-50
1747014683.260363,-6,-104,-7
1747014683.2963634,-6,35,74
1747014683.3313634,-68,-136,74
1747014683.3663633,-25,-4,140
1747014683.4023633,32,65,37
1747014683.4373634,34,13,127
1747014683.4733634,42,-44,195
1747014683.5083632,36,61,103
1747014683.5443633,-19,-44,5
1747014683.579363,-51,-3,47
1747014683.6143634,-35,37,7
1747014683.6503634,-9,5,59
1747014683.6853633,-5,39,130
1747014683.7213633,-32,-43,224
1747014683.7563634,-107,-16,122
1747014683.7923634,18,-8,-55
1747014683.8273633,33,12,34
1747014683.862363,11,-49,42
1747014683.8983634,34,-30,70
1747014683.9333634,-108,-4,124
1747014683.9693637,39,-12,24
1747014684.0043633,55,15,36
1747014684.0403633,24,-6,70
1747014684.0753634,-10,45,-5
1747014684.1103632,9,-16,54
1747014684.1463633,87,23,60
1747014684.181363,23,-94,2
1747014684.2173634,-38,29,141
1747014684.2523634,73,-10,110
1747014684.2883637,-44,-26,-5
1747014684.3233633,11,49,54
1747014684.3583634,-2,0,78
1747014684.3943634,45,43,80
1747014684.4293633,27,21,28
1747014684.4653633,37,-58,92
1747014684.500363,50,30,62
1747014684.5353634,73,-3,160
1747014684.5703633,10,-53,-35
1747014684.6063633,64,-11,90
1747014684.6423633,2,-1,108
1747014684.6773634,20,-97,16
1747014684.7133634,44,18,-17
1747014684.7483633,0,-29,-91
1747014684.783363,100,30,68
1747014684.8183634,49,-51,32
1747014684.8543634,35,18,150
1747014684.8903637,75,-41,124
1747014684.9253633,57,-39,66
1747014684.9613633,27,-39,-75
1747014684.9963634,17,20,112
1747014685.0313632,-36,71,2
1747014685.066363,19,6,72
1747014685.102363,17,8,-41
1747014685.1383634,43,-5,56
1747014685.1733634,53,-31,192
1747014685.2093637,57,68,114
1747014685.2443633,-94,-23,62
1747014685.2793634,11,38,64
1747014685.3143632,23,34,150
1747014685.3503633,-24,-15,-13
1747014685.3863633,2,-45,-3
1747014685.4213634,96,-47,64
1747014685.4573634,-69,-7,96
1747014685.4923637,-7,52,96
1747014685.5273633,-23,62,0
1747014685.5623634,61,6,28
1747014685.5983634,75,-27,-23
1747014685.6343634,-54,-5,214
1747014685.6693633,-33,-55,66
1747014685.7053633,-61,-19,76
1747014685.7403634,-7,50,4
1747014685.7753634,28,16,170
1747014685.8103633,-67,-8,112
1747014685.8463633,-11,63,46
1747014685.882363,30,-12,110
1747014685.9173634,33,-25,-53
1747014685.9533634,36,-78,120
1747014685.9883633,22,49,24
1747014686.0233634,12,-20,38
1747014686.0583634,64,5,78
1747014686.0943637,-27,-14,108
1747014686.1303637,-9,5,44
1747014686.1653633,-99,13,14
1747014686.201363,-25,-32,72
1747014686.2363634,58,0,110
1747014686.2713633,30,35,56
1747014686.306363,-41,-14,146
1747014686.3423634,-54,17,196
1747014686.3783634,27,5,192
1747014686.4133637,43,25,32
1747014686.4493637,45,-6,82
1747014686.4843633,54,91,162
1747014686.5193634,14,23,156
1747014686.5543633,-50,-28,2
1747014686.5903633,-29,8,118
1747014686.6263633,20,-28,-7
1747014686.6613634,-6,-20,64
1747014686.6973634,58,39,70
1747014686.7323637,-19,27,-7
1747014686.7673633,37,17,92
1747014686.8023634,43,27,50
1747014686.8383634,29,27,120
1747014686.8743634,35,-19,152
1747014686.9093633,69,12,-33
1747014686.9453633,-38,25,166
1747014686.9803634,-38,-28,146
1747014687.0153637,-34,81,70
1747014687.0503633,-20,55,30
1747014687.0863633,-15,72,16
1747014687.122363,-38,-93,80
1747014687.1573634,32,-11,42
1747014687.1933634,4,-39,-29
1747014687.2283633,14,-61,92
1747014687.2633634,109,-73,88
1747014687.2983634,18,25,18
1747014687.3343637,-55,17,42
1747014687.3703637,-52,0,132
1747014687.405363,-32,26,-7
1747014687.441363,1,-25,98
1747014687.4763634,25,-49,50
1747014687.5113633,-82,39,84
1747014687.5463634,61,12,-5
1747014687.5823634,6,-42,-37
1747014687.6183634,16,-14,108
1747014687.6533637,-87,-26,144
1747014687.6893632,8,7,14
1747014687.724363,43,5,74
1747014687.7593634,-48,13,120
1747014687.7953634,-12,-66,160
1747014687.8303633,2,-18,-5
1747014687.8663633,-65,-10,140
1747014687.9013634,13,-12,96
1747014687.9373634,-28,27,108
1747014687.9723637,43,-48,88
1747014688.007363,-46,-4,50
1747014688.043363,-18,-64,28
1747014688.0783634,-8,-12,96
1747014688.1143634,125,103,-85
1747014688.1493633,27,-64,222
1747014688.1853633,-21,25,56
1747014688.2203634,87,-44,30
1747014688.2553637,-44,-2,58
1747014688.2913637,-60,57,64
1747014688.326363,-80,-8,-21
1747014688.362363,-58,-30,114
1747014688.3973634,41,13,26
1747014688.4333634,27,35,16
1747014688.4683633,78,-8,40
1747014688.5033634,-7,-18,36
1747014688.5393634,63,15,232
1747014688.5743637,-28,-8,30
1747014688.6103632,12,-12,82
1747014688.645363,-59,33,98
1747014688.681363,-15,29,44
1747014688.7163634,-59,11,110
1747014688.7513633,-17,11,-11
1747014688.7873633,-47,17,30
1747014688.8223634,2,98,210
1747014688.8583634,42,26,108
1747014688.8933637,25,23,-11
1747014688.928363,95,-26,152
1747014688.9633634,65,-34,-81
1747014688.9993634,-71,13,120
1747014689.0353634,-38,-16,-81
1747014689.0703633,111,-4,38
1747014689.1063633,33,-4,-93
1747014689.1413634,-32,72,114
1747014689.1773634,-22,-41,52
1747014689.2123632,-76,-71,84
1747014689.247363,3,10,60
1747014689.283363,-28,-7,-45
1747014689.3183634,-13,-34,92
1747014689.3613634,-49,9,8
1747014689.3973634,0,-62,-7
1747014689.4333634,4,73,114
1747014689.4683633,40,-20,26
1747014689.5033634,82,37,38
1747014689.5393634,58,25,108
1747014689.5743637,5,35,44
1747014689.6103632,49,-7,-3
1747014689.645363,39,-29,160
1747014689.6803634,-10,-17,100
1747014689.7153633,29,-17,6
1747014689.7513633,-49,-40,106
1747014689.7873633,61,-9,86
1747014689.8223634,-36,-27,208
1747014689.8583634,-59,-12,88
1747014689.8933637,50,33,88
1747014689.928363,-34,0,72
1747014689.9633634,-17,-50,108
1747014689.9993634,-94,-18,6
1747014690.0353634,29,-62,-27
1747014690.0703633,-8,-4,140
1747014690.1063633,-112,1,136
1747014690.1413634,31,-80,102
1747014690.1763637,26,15,74
1747014690.2113633,109,45,54
1747014690.247363,-22,35,52
1747014690.283363,44,9,72
1747014690.3183634,34,75,126
1747014690.3543634,-79,55,88
1747014690.3893633,41,-63,0
1747014690.4243634,24,39,40
1747014690.4593637,2,27,100
1747014690.4953637,-25,53,40
1747014690.5313632,-87,-6,156
1747014690.566363,-89,97,-75
1747014690.602363,-59,-28,122
1747014690.6373634,40,-4,64
1747014690.6723633,-38,27,44
1747014690.7073634,-41,-8,172
1747014690.7433634,-21,25,2
1747014690.7793634,52,35,46
1747014690.8143632,-4,64,210
1747014690.8503633,-8,38,56
1747014690.885363,34,69,32
1747014690.9203634,-39,45,112
1747014690.9553633,89,-78,-25
1747014690.9913633,25,49,50
1747014691.0273633,-70,62,32
1747014691.0623634,6,33,20
1747014691.0983634,2,1,26
1747014691.1333632,52,-42,-1
1747014691.168363,34,-52,30
1747014691.2033634,10,11,106
1747014691.2393634,29,-66,-47
1747014691.2753634,-48,27,110
1747014691.3103633,41,-8,108
1747014691.3463633,7,-8,126
1747014691.3813634,-34,-70,90
1747014691.4163637,115,-84,0
1747014691.451363,53,-16,48
1747014691.487363,45,17,72
1747014691.5233634,45,-14,46
1747014691.5583634,-29,-17,156
1747014691.5943637,-4,-34,32
1747014691.6293633,28,4,-39
1747014691.6643634,16,-89,104
1747014691.6993637,55,-6,162
1747014691.7353632,-110,33,-85
1747014691.7713633,51,31,42
1747014691.806363,51,67,88
1747014691.8423634,-27,42,106
1747014691.8773634,0,100,20
1747014691.9123633,51,0,6
1747014691.9473634,3,41,-99
1747014691.9833634,-36,19,-7
1747014692.0193634,25,69,44
1747014692.0543633,24,45,88
1747014692.0903633,39,75,-3
1747014692.125363,-32,13,180
1747014692.1603634,-36,49,-43
1747014692.1953633,7,11,128
1747014692.2313633,15,-4,82
1747014692.2673633,92,-12,50
1747014692.3023634,-12,56,70
1747014692.3383634,49,98,138
1747014692.3733633,31,32,18
1747014692.408363,19,0,42
1747014692.4433634,-20,-44,38
1747014692.4793634,35,49,82
1747014692.5153637,55,-20,40
1747014692.5503633,-4,-4,90
1747014692.5863633,1,61,16
1747014692.6213634,-80,-89,114
1747014692.6563632,-48,-4,52
1747014692.691363,-22,75,68
1747014692.727363,93,15,-121
1747014692.7633634,-34,47,84
1747014692.7983634,-10,46,114
1747014692.8343637,-19,5,-57
1747014692.8693633,-70,4,38
1747014692.9043634,45,0,-1
1747014692.9403634,37,-15,122
1747014692.9753633,38,-14,-69
1747014693.0113633,-72,21,22
1747014693.0463634,47,30,-3
1747014693.0823634,-10,-48,14
1747014693.1173637,31,66,166
1747014693.1523633,-24,-8,40
1747014693.1883633,-40,-17,104
1747014693.2233634,97,42,38
1747014693.2593634,-44,-23,50
1747014693.2943633,-8,-20,46
1747014693.3303633,-45,-3,118
1747014693.3653634,76,-11,36
1747014693.4003634,-25,104,40
1747014693.4363637,-29,46,-41
1747014693.4713633,64,-7,124
1747014693.507363,17,73,142
1747014693.5423634,67,-70,8
1747014693.5783634,49,61,104
1747014693.6133633,-14,-45,62
1747014693.6483634,-12,-61,116
1747014693.6843634,44,-12,152
1747014693.7193637,-93,-6,106
1747014693.7553637,-33,-12,78
1747014693.7903633,24,35,110
1747014693.826363,2,-28,-69
1747014693.8613634,11,-12,66
1747014693.8963633,-4,7,36
1747014693.9323633,-24,-24,74
1747014693.9673634,18,-38,58
1747014694.0033634,-29,17,68
1747014694.0383637,34,1,20
1747014694.0743637,26,57,74
1747014694.1093633,35,51,-15
1747014694.1443634,21,141,30
1747014694.1803634,63,-32,102
1747014694.2153633,16,14,-33
1747014694.2513633,-25,2,120
1747014694.2863634,28,32,108
1747014694.3223634,34,-5,102
1747014694.3573637,6,-59,86
1747014694.3923633,18,30,88
1747014694.428363,10,4,94
1747014694.4633634,-23,-11,-1
1747014694.4993634,-29,-32,114
1747014694.5343633,12,-60,74
1747014694.5703633,10,0,76
1747014694.6063633,58,-68,74
1747014694.6423633,-45,23,32
1747014694.678363,10,-48,60
1747014694.714363,-39,19,10
1747014694.750363,-17,0,-59
1747014694.7853634,-67,33,76
1747014694.8203633,-12,-39,60
1747014694.8563633,71,56,114
1747014694.8923633,23,16,10
1747014694.9273634,-46,-73,44
1747014694.9633634,8,15,174
1747014694.9983633,93,32,22
1747014695.033363,1,-37,122
1747014695.0683634,32,-2,116
1747014695.1043634,-27,69,-11
1747014695.1403637,-33,37,38
1747014695.1753633,19,-55,58
1747014695.2113633,-65,39,108
1747014695.2463634,-28,-48,80
1747014695.2813632,55,-66,-69
1747014695.316363,0,55,52
1747014695.352363,6,-18,96
1747014695.3883634,-1,37,98
1747014695.4233634,-24,1,44
1747014695.4593637,-28,65,-21
1747014695.4943633,-18,-2,48
1747014695.5293634,-30,5,80
1747014695.5643632,-8,64,134
1747014695.6003633,-20,-23,114
1747014695.6363633,49,-13,88
1747014695.6713634,46,10,16
1747014695.7073634,-21,-17,204
1747014695.7423637,-36,20,160
1747014695.7773633,49,-29,88
1747014695.8123634,7,-15,88
1747014695.8483634,-50,40,126
1747014695.8843634,35,-13,194
1747014695.9193633,85,-25,144
1747014695.9553633,89,-29,-29
1747014695.9903634,9,44,14
1747014696.0253634,7,-55,90
1747014696.0603633,-18,9,190
1747014696.0963633,-36,7,88
1747014696.132363,-12,5,-41
1747014696.1673634,35,-34,-79
1747014696.2033634,1,-68,38
1747014696.2383633,64,-21,106
1747014696.2733634,-42,-14,154
1747014696.3083634,-13,46,104
1747014696.3443637,39,-18,144
1747014696.3803637,-20,35,148
1747014696.4153633,13,-12,112
1747014696.451363,-21,-63,56
1747014696.4863634,-26,-14,44
1747014696.5213633,63,0,160
1747014696.556363,9,-32,32
1747014696.5923634,47,25,146
1747014696.6283634,-9,42,88
1747014696.6633637,28,-35,106
1747014696.6993637,54,-19,172
1747014696.7343633,-7,14,56
1747014696.7693634,-59,4,116
1747014696.8043633,-17,42,86
1747014696.8403633,8,42,46
1747014696.8763633,44,-15,-95
1747014696.9113634,82,-17,64
1747014696.9473634,-87,-47,158
1747014696.9823637,52,16,126
1747014697.0173633,4,-41,72
1747014697.0523634,-19,44,60
1747014697.0883634,62,-3,106
1747014697.1243634,-39,-5,114
1747014697.1593633,-33,-31,60
1747014697.1953633,-25,66,68
1747014697.2303634,-9,46,16
1747014697.2653637,70,-49,16
1747014697.3003633,-1,-75,42
1747014697.3363633,-48,-63,-23
1747014697.372363,50,-41,66
1747014697.4073634,15,56,218
1747014697.4433634,-48,-5,62
1747014697.4783633,49,-5,174
1747014697.5133634,64,-45,64
1747014697.5483634,30,-1,118
1747014697.5843637,-27,34,-3
1747014697.6203637,-33,-47,64
1747014697.655363,26,14,20
1747014697.691363,25,-7,104
1747014697.7263634,75,-21,24
1747014697.7613633,-5,-11,128
1747014697.7973633,7,-19,106
1747014697.8323634,45,-44,-47
1747014697.8683634,9,26,170
1747014697.9033637,-36,-64,44
1747014697.9393632,-26,17,106
1747014697.974363,-28,14,-1
1747014698.0093634,21,-29,70
1747014698.0453634,-76,31,250
1747014698.0803633,57,-68,58
1747014698.1163633,23,45,-59
1747014698.1513634,-103,30,28
1747014698.1873634,20,14,102
1747014698.2223637,-9,-35,112
1747014698.257363,-39,12,56
1747014698.293363,-77,-26,-13
1747014698.3283634,2,-66,26
1747014698.3643634,64,59,110
1747014698.3993633,-70,42,92
1747014698.4353633,17,24,32
1747014698.4703634,81,-31,-5
1747014698.5053637,-16,-47,166
1747014698.5413637,25,-21,-9
1747014698.576363,43,46,8
1747014698.612363,33,-25,18
1747014698.6473634,17,53,126
1747014698.6833634,-10,-24,56
1747014698.7183633,113,47,-3
1747014698.7533634,9,7,10
1747014698.7893634,-38,39,48
1747014698.8243637,73,1,28
1747014698.8603632,-22,-20,56
1747014698.895363,46,-67,68
1747014698.931363,7,-8,36
1747014698.9663634,82,13,138
1747014699.0013633,14,-49,72
1747014699.0373633,-63,26,170
1747014699.0723634,44,-49,30
1747014699.1083634,12,-33,26
1747014699.1433637,-7,2,44
1747014699.178363,-35,-75,-19
1747014699.2133634,18,0,110
1747014699.2493634,-19,-11,108
1747014699.2853634,-17,-27,58
1747014699.3203633,28,-63,70
1747014699.3633633,-13,-63,-39
1747014699.3993633,-11,30,92
1747014699.4353633,23,1,10
1747014699.4703634,63,25,66
1747014699.5053637,50,-2,72
1747014699.5413637,18,29,78
1747014699.576363,5,42,94
1747014699.612363,5,-47,88
1747014699.6473634,-42,-109,-53
1747014699.6833634,-50,-25,176
1747014699.7193637,61,24,216
1747014699.7543633,23,-39,86
1747014699.7893634,13,-19,46
1747014699.8253634,-46,-33,54
1747014699.8613634,-14,-119,182
1747014699.8963633,1,-59,118
1747014699.9323633,12,6,74
1747014699.9673634,-57,28,96
1747014700.0023634,36,14,70
1747014700.0373633,-9,-30,54
1747014700.0733633,62,-14,78
1747014700.1093633,-23,17,146
1747014700.1443634,-48,-19,70
1747014700.1803634,53,30,62
1747014700.2153633,94,-19,56
1747014700.250363,-1,12,32
1747014700.2853634,-3,33,52
1747014700.3213634,60,5,8
1747014700.3573637,-53,87,56
1747014700.3923633,110,11,82
1747014700.428363,42,-72,122
1747014700.4633634,10,15,28
1747014700.4983633,48,-40,94
1747014700.533363,-53,-28,56
1747014700.5693634,40,-42,-83
1747014700.6053634,1,-2,130
1747014700.6403637,25,33,6
1747014700.6763637,57,25,106
1747014700.7113633,-21,-5,36
1747014700.7463634,11,-92,34
1747014700.7813632,83,-26,-33
1747014700.8173633,-96,3,102
1747014700.8533633,23,0,54
1747014700.8883634,11,23,-13
1747014700.9243634,101,-36,148
1747014700.9593637,-70,-36,100
1747014700.9943633,5,-14,72
1747014701.0293634,63,-62,-81
1747014701.0653634,11,13,100
1747014701.1013634,-68,39,116
1747014701.1373634,-10,-42,44
1747014701.1733634,15,17,68
1747014701.2083633,29,17,88
1747014701.2443633,45,-12,142
1747014701.2793634,17,29,62
1747014701.3143632,-32,-26,68
1747014701.349363,-10,15,22
1747014701.385363,-11,-13,26
1747014701.4213634,-139,-69,112
1747014701.4563634,-1,-23,-21
1747014701.4923637,97,-46,100
1747014701.5273633,-12,45,86
1747014701.5623634,38,-4,120
1747014701.5973637,22,27,62
1747014701.6333632,-36,57,60
1747014701.6693633,-11,-36,68
1747014701.704363,-35,9,64
1747014701.7403634,2,-14,138
1747014701.7753634,-81,27,68
1747014701.8103633,-41,0,-23
1747014701.8453634,-43,15,40
1747014701.8813634,16,4,24
1747014701.9173634,-57,62,192
1747014701.9523633,-19,-61,30
1747014701.9883633,44,3,22
1747014702.0233634,48,-46,128
1747014702.0583634,30,29,94
1747014702.0933633,36,-18,28
1747014702.1293633,8,49,178
1747014702.1653633,46,-10,122
1747014702.2003634,-39,-70,-91
1747014702.2363634,-7,31,44
1747014702.2713633,-4,25,32
1747014702.306363,6,19,96
1747014702.3413634,-107,19,-89
1747014702.3773634,18,-26,168
1747014702.4133637,-27,0,108
1747014702.4483633,49,37,38
1747014702.4843633,10,1,164
1747014702.5193634,34,-20,68
1747014702.5543633,82,-82,58
1747014702.589363,4,-4,18
1747014702.625363,-7,43,82
1747014702.6613634,-9,27,14
1747014702.6963634,20,-42,202
1747014702.7323637,-9,19,12
1747014702.7673633,26,-24,168
1747014702.8023634,60,32,82
1747014702.8373632,-6,-47,112
1747014702.8733633,86,0,-67
1747014702.9093633,20,16,176
1747014702.9443634,8,56,128
1747014702.9803634,-44,-7,88
1747014703.0153637,-2,-4,116
1747014703.0503633,45,-26,110
1747014703.0863633,-4,14,-17
1747014703.1213634,1,22,106
1747014703.1573634,95,-55,56
1747014703.1923633,111,-61,26
1747014703.2283633,-74,-51,94
1747014703.2633634,81,-41,96
1747014703.2983634,37,-1,188
1747014703.3343637,-6,-13,12
1747014703.3693633,29,-80,58
1747014703.405363,39,-40,134
1747014703.4403634,44,-5,34
1747014703.4763634,-33,86,50
1747014703.5113633,9,83,110
1747014703.5463634,31,41,68
1747014703.5823634,-60,-54,86
1747014703.6173637,-19,-25,30
1747014703.6533637,17,-82,144
1747014703.6883633,43,5,116
1747014703.724363,-53,10,74
1747014703.7593634,32,58,8
1747014703.7943633,0,55,88
1747014703.8303633,-2,-8,146
1747014703.8653634,9,-12,212
1747014703.9013634,-10,9,38
1747014703.9363637,-4,14,54
1747014703.9723637,77,-23,-47
1747014704.007363,-6,-39,92
1747014704.0423634,41,24,-11
1747014704.0783634,-18,0,-81
1747014704.1133633,49,-3,68
1747014704.1493633,-15,-29,58
1747014704.1843634,105,-1,146
1747014704.2203634,47,6,124
1747014704.2553637,-18,64,88
1747014704.2903633,-6,-83,40
1747014704.326363,43,-23,112
1747014704.3613634,3,-55,54
1747014704.3973634,37,-47,122
1747014704.4323633,-28,-39,12
1747014704.4683633,45,-77,84
1747014704.5033634,-10,38,60
1747014704.5383637,-38,-39,130
1747014704.5743637,17,-60,170
1747014704.6093633,-2,15,-83
1747014704.645363,41,9,68
1747014704.6803634,25,-48,132
1747014704.7163634,33,49,92
1747014704.7523634,5,-66,132
1747014704.7883637,41,74,16
1747014704.8243637,-22,0,190
1747014704.8593633,-12,25,82
1747014704.8943634,-46,7,112
1747014704.9303634,-34,7,106
1747014704.9663634,29,55,146
1747014705.0013633,17,3,108
1747014705.0373633,-58,-96,168
1747014705.0723634,-22,-12,106
1747014705.1073637,41,27,24
1747014705.1423633,-38,51,94
1747014705.178363,7,-24,-25
1747014705.214363,-54,3,82
1747014705.2493634,-16,-8,-93
1747014705.2853634,75,-26,14
1747014705.3203633,-48,5,116
1747014705.3553634,-34,-40,50
1747014705.3903637,25,-48,76
1747014705.4263637,-38,-64,116
1747014705.4623632,-18,-34,34
1747014705.497363,-18,-42,-25
1747014705.533363,2,-55,162
1747014705.5683634,1,-44,56
1747014705.6033633,-70,1,108
1747014705.6383634,-64,23,-27
1747014705.6743634,7,7,92
1747014705.7103634,5,3,86
1747014705.7453637,-2,11,80
1747014705.7813632,41,33,46
1747014705.816363,-58,122,40
1747014705.8513634,-58,26,44
1747014705.8863633,-4,7,72
1747014705.9223633,-28,-10,-17
1747014705.9583633,87,0,98
1747014705.9933634,41,5,156
1747014706.0293634,-22,-42,24
1747014706.0643632,67,3,196
1747014706.099363,7,-34,30
1747014706.1343634,5,-44,64
1747014706.1703634,-76,-20,118
1747014706.2063634,55,35,6
1747014706.2413633,-76,-4,34
1747014706.2773633,19,0,24
1747014706.3123634,-20,1,-25
1747014706.3473637,50,-50,116
1747014706.382363,-17,-26,91
1747014706.418363,10,-60,97
1747014706.454363,25,-83,127
1747014706.4893634,-10,-15,-56
1747014706.5253634,65,13,24
1747014706.5603633,43,33,-47
1747014706.5953634,-84,-56,102
1747014706.6303637,73,-4,116
1747014706.6663637,-26,47,15
1747014706.7023633,-14,-32,141
1747014706.737363,81,-74,30
1747014706.7733634,55,15,38
1747014706.8083634,-36,-38,160
1747014706.8433633,-63,53,62
1747014706.8783634,78,73,64
1747014706.9143634,-71,-46,86
1747014706.9503634,-38,49,86
1747014706.9853632,-84,51,74
1747014707.0213633,-12,-54,104
1747014707.056363,53,30,52
1747014707.0913634,61,3,-2
1747014707.1263633,30,-51,-6
1747014707.1623633,64,-37,147
1747014707.1983633,26,-57,121
1747014707.2333634,10,10,36
1747014707.2693634,-15,-40,68
1747014707.3043633,8,-42,68
1747014707.339363,24,-24,178
1747014707.3743634,-1,9,-3
1747014707.4103634,-37,-10,191
1747014707.4463634,6,-24,58
1747014707.4813633,-117,17,-3
1747014707.5173633,-99,23,34
1747014707.5523634,-115,27,34
1747014707.5873632,32,-30,82
1747014707.622363,-9,37,168
1747014707.658363,-11,23,6
1747014707.6943634,-10,81,38
1747014707.7293634,29,0,46
1747014707.7653637,-13,43,124
1747014707.8003633,42,0,68
1747014707.8353634,30,-46,28
1747014707.8703637,-33,81,92
1747014707.9063632,52,-12,-63
1747014707.9423633,48,-24,62
1747014707.977363,88,31,75
1747014708.0133634,6,-34,36
1747014708.0483634,-55,-57,47
1747014708.0833633,14,26,48
1747014708.1193633,10,12,26
1747014708.1543634,41,54,98
1747014708.1903634,0,52,193
1747014708.2253633,20,-75,105
1747014708.2613633,-17,-9,-20
1747014708.2963634,6,-61,58
1747014708.3313634,36,34,46
1747014708.3673637,-37,-13,120
1747014708.4023633,34,-65,-21
1747014708.4383633,28,44,12
1747014708.4733634,36,-10,98
1747014708.5093634,58,-6,84
1747014708.5443633,-11,-32,34
1747014708.579363,10,21,234
1747014708.6153634,-55,51,100
1747014708.6503634,105,49,148
1747014708.6863637,31,-44,66
1747014708.7213633,23,0,244
1747014708.757363,59,3,78
1747014708.7923634,-71,24,102
1747014708.8273633,-45,-22,24
1747014708.8633633,-31,0,22
1747014708.8983634,10,0,0
1747014708.9343634,-5,-40,148
1747014708.9693637,62,25,24
1747014709.0053637,3,-19,20
1747014709.0403633,70,31,98
1747014709.0753634,2,36,126
1747014709.1113634,-61,23,120
1747014709.1463633,102,55,34
1747014709.1823633,-51,72,114
1747014709.2173634,46,-15,-21
1747014709.2533634,11,45,182
1747014709.2883637,-18,29,48
1747014709.3233633,13,-66,32
1747014709.3663633,-124,21,110
1747014709.4023633,37,51,76
1747014709.4383633,35,15,40
1747014709.4733634,-55,0,42
1747014709.5093634,12,71,10
1747014709.5443633,71,-30,82
1747014709.579363,13,-12,36
1747014709.6153634,-62,-8,120
1747014709.6503634,91,-16,136
1747014709.6863637,-78,-18,20
1747014709.7213633,-41,1,170
1747014709.757363,13,12,30
1747014709.793363,-3,-64,78
1747014709.829363,-39,-32,-31
1747014709.8653634,-20,14,-67
1747014709.9003634,33,-31,56
1747014709.9353633,-67,10,-3
1747014709.9713633,1,18,56
1747014710.007363,77,22,-25
1747014710.0423634,35,0,63
1747014710.0783634,35,-5,187
1747014710.1133633,-20,-83,-4
1747014710.1483634,7,-30,132
1747014710.1833634,11,-35,227
1747014710.2193637,17,69,12
1747014710.2553637,55,-6,176
1747014710.2903633,55,33,48
1747014710.326363,-8,47,116
1747014710.3613634,-85,5,88
1747014710.3963633,-25,35,80
1747014710.431363,-71,1,28
1747014710.4673634,0,-68,4
1747014710.5033634,-5,-4,108
1747014710.5383637,14,-82,56
1747014710.5743637,-63,71,120
1747014710.6093633,4,-24,148
1747014710.6443634,-85,136,54
1747014710.6793633,8,-24,-9
1747014710.7153633,103,3,31
1747014710.7513633,-11,19,47
1747014710.7863634,-35,-58,83
1747014710.8223634,2,5,96
1747014710.8573637,-3,47,8
1747014710.8923633,20,47,-1
1747014710.9273634,52,41,86
1747014710.9633634,78,-33,46
1747014710.9993634,44,-66,40
1747014711.0343633,-97,47,32
1747014711.0703633,-27,0,10
1747014711.1053634,15,5,84
1747014711.1403637,26,51,50
1747014711.1753633,-45,19,76
1747014711.2113633,-30,-56,71
1747014711.247363,17,51,99
1747014711.2823634,0,41,93
1747014711.3183634,42,21,43
1747014711.3533633,45,-86,71
1747014711.3883634,61,11,-38
1747014711.4233634,-54,-63,15
1747014711.4593637,41,-89,-41
1747014711.4953637,3,4,82
1747014711.530363,-6,-37,-65
1747014711.566363,35,-91,43
1747014711.6013634,35,30,179
1747014711.6363633,-50,-53,28
1747014711.6713634,55,36,-37
1747014711.7073634,27,-83,112
1747014711.7433634,21,-17,24
1747014711.7783637,9,-64,84
1747014711.8143632,23,-58,160
1747014711.849363,9,-6,112
1747014711.8843634,21,-46,44
1747014711.9193633,-36,-8,-19
1747014711.9553633,33,-30,98
1747014711.9913633,132,33,-19
1747014712.0263634,10,7,143
1747014712.0623634,-72,7,184
1747014712.0973637,5,11,162
1747014712.132363,19,-4,192
1747014712.1673634,-30,-2,158
1747014712.2033634,31,5,30
1747014712.2393634,30,61,78
1747014712.2743633,44,35,112
1747014712.3103633,46,47,80
1747014712.3453634,22,57,-63
1747014712.3803637,-23,-101,178
1747014712.4153633,-68,15,204
1747014712.451363,-28,15,86
1747014712.487363,53,29,116
1747014712.5223634,53,-24,156
1747014712.5583634,-35,-100,91
1747014712.5933633,8,11,38
1747014712.6283634,58,3,110
1747014712.6633637,20,33,-37
1747014712.6993637,88,13,78
1747014712.7353632,-51,-16,222
1747014712.770363,34,-44,40
1747014712.806363,3,81,-27
1747014712.8413634,-38,1,155
1747014712.8763633,-24,1,48
1747014712.9113634,-13,-2,54
1747014712.9473634,4,-70,8
1747014712.9833634,44,-85,140
1747014713.0183637,-28,35,186
1747014713.0543633,100,-47,102
1747014713.089363,35,5,122
1747014713.1243634,-10,-36,-33
1747014713.1603634,-29,27,16
1747014713.1953633,-17,55,104
1747014713.2313633,-3,-23,132
1747014713.2663634,44,95,142
1747014713.3023634,-31,37,80
1747014713.3373632,-3,65,66
1747014713.372363,40,-6,128
1747014713.408363,-85,-128,34
1747014713.4433634,28,-1,62
1747014713.4793634,-79,-5,48
1747014713.5143633,-7,-15,94
1747014713.5503633,-1,38,-11
1747014713.5853634,-22,-27,74
1747014713.6203637,13,-15,126
1747014713.6563632,-65,48,-20
1747014713.691363,-9,25,157
1747014713.727363,-13,-14,-39
1747014713.7623634,-9,-62,62
1747014713.7983634,-30,-40,66
1747014713.8333633,-14,-8,60
1747014713.8683634,-8,-16,14
1747014713.9043634,-2,57,108
1747014713.9393632,55,11,118
1747014713.9753633,43,51,32
1747014714.010363,44,-17,34
1747014714.0463634,-1,-5,196
1747014714.0813634,80,3,26
1747014714.1163633,4,39,86
1747014714.1523633,63,49,30
1747014714.1873634,10,-28,146
1747014714.2233634,10,31,140
1747014714.2583632,38,-22,66
1747014714.2943633,-13,-5,102
1747014714.329363,14,-4,62
1747014714.3643634,26,41,37
1747014714.4003634,-85,7,131
1747014714.4353633,55,79,-13
1747014714.4713633,93,-18,132
1747014714.5063634,71,41,180
1747014714.5423634,46,34,116
1747014714.5773633,46,-61,-31
1747014714.612363,95,-50,78
1747014714.6483634,1,-34,34
1747014714.6833634,59,-44,126
1747014714.7193637,108,-4,100
1747014714.7543633,-1,-6,62
1747014714.7903633,18,-40,112
1747014714.8253634,-51,-6,96
1747014714.8603632,-43,-20,28
1747014714.8963633,25,48,68
1747014714.931363,-30,-33,21
1747014714.9673634,-4,44,35
1747014715.0023634,20,2,35
1747014715.0373633,0,-76,157
1747014715.0723634,41,-20,-28
1747014715.1083634,55,41,21
1747014715.1443634,77,51,65
1747014715.1793633,-22,15,26
1747014715.2153633,-24,9,90
1747014715.250363,-8,-66,21
1747014715.2853634,-21,-39,118
1747014715.3203633,-21,-63,98
1747014715.3563633,-86,-36,34
1747014715.3923633,102,42,-16
1747014715.4273634,53,-62,93
1747014715.4633634,-15,6,31
1747014715.4983633,57,33,52
1747014715.533363,-2,-4,81
1747014715.5683634,5,-24,63
1747014715.6043634,41,27,111
1747014715.6403637,20,28,47
1747014715.6753633,-64,37,-26
1747014715.7113633,33,29,-24
1747014715.7463634,-34,-58,-24
1747014715.7813632,-28,-26,-26
1747014715.816363,45,53,69
1747014715.852363,79,0,25
1747014715.8883634,0,49,204
1747014715.9233634,21,5,56
1747014715.9593637,117,-40,-15
1747014715.9943633,19,23,-9
1747014716.0293634,11,-37,180
1747014716.0643632,-14,16,42
1747014716.1003633,43,30,70
1747014716.1363633,31,-27,176
1747014716.1713634,43,-19,88
1747014716.2073634,-36,46,2
1747014716.2423637,-2,14,54
1747014716.2773633,-20,44,92
1747014716.3123634,13,58,88
1747014716.3483634,28,23,68
1747014716.3843634,-19,57,73
1747014716.4193633,-79,-26,16
1747014716.4553633,6,-5,68
1747014716.4903634,-47,34,-10
1747014716.5253634,-61,-15,51
1747014716.5603633,108,-45,121
1747014716.5963633,-21,-13,51
1747014716.632363,22,-127,107
1747014716.6673634,92,-15,113
1747014716.7033634,52,4,-88
1747014716.7383633,8,-13,43
1747014716.7733634,-51,24,21
1747014716.8083634,2,-55,52
1747014716.8443637,12,-15,179
1747014716.8803637,-23,-109,151
1747014716.9153633,16,-7,139
1747014716.951363,-13,20,92
1747014716.9863634,-55,84,66
1747014717.0213633,72,-1,72
1747014717.056363,-73,16,16
1747014717.0923634,30,-35,152
1747014717.1283634,-24,16,42
1747014717.1633637,27,0,50
1747014717.1993637,71,22,120
1747014717.2343633,39,40,82
1747014717.2693634,24,-9,84
1747014717.3043633,64,-15,20
1747014717.3403633,-41,-37,42
1747014717.3763633,34,24,52
1747014717.4113634,-5,-27,97
1747014717.4473634,-9,29,92
1747014717.4823637,24,-37,5
1747014717.5173633,45,10,-2
1747014717.5523634,1,4,33
1747014717.5883634,-10,32,41
1747014717.6243634,0,-65,-110
1747014717.6603634,-14,74,51
1747014717.6963634,48,46,-46
1747014717.7313633,-11,-89,69
1747014717.7673633,0,-31,83
1747014717.8023634,4,-11,217
1747014717.8373632,66,12,57
1747014717.872363,-23,-33,227
1747014717.908363,-9,40,105
1747014717.9443634,24,24,52
1747014717.9793634,-23,-45,104
1747014718.0153637,25,2,272
1747014718.0503633,95,-39,120
1747014718.0853634,43,-1,90
1747014718.1203637,71,26,68
1747014718.1563632,43,-81,-53
1747014718.1923633,29,-27,40
1747014718.227363,0,-28,50
1747014718.2633634,-2,-11,-33
1747014718.2983634,37,-21,106
1747014718.3333633,65,22,48
1747014718.3693633,-87,0,-21
1747014718.4043634,20,-43,202
1747014718.4403634,26,4,80
1747014718.4753633,23,4,90
1747014718.5113633,25,-13,142
1747014718.5463634,-12,-59,140
1747014718.5813634,-12,-41,51
1747014718.6173637,55,42,135
1747014718.6523633,-22,40,-28
1747014718.6883633,17,14,23
1747014718.7233634,-20,44,43
1747014718.7593634,-24,64,127
1747014718.7943633,20,68,153
1747014718.829363,0,-49,27
1747014718.8653634,13,50,50
1747014718.9003634,-68,40,118
1747014718.9363637,53,22,-13
1747014718.9713633,65,31,50
1747014719.007363,15,50,58
1747014719.0423634,-25,34,40
1747014719.0773633,55,60,92
1747014719.1133633,-3,18,-93
1747014719.1483634,-61,-47,62
1747014719.1843634,65,0,13
1747014719.2193637,39,6,87
1747014719.2553637,-14,-43,79
1747014719.2903633,45,-29,-2
1747014719.3253634,-68,-40,73
1747014719.3683634,5,46,-20
1747014719.4043634,25,-3,93
1747014719.4403634,53,12,131
1747014719.4753633,121,-5,113
1747014719.5113633,105,-35,-2
1747014719.5463634,45,16,109
1747014719.5813634,-40,0,121
1747014719.6173637,57,-1,112
1747014719.6523633,41,-1,140
1747014719.6883633,107,-11,200
1747014719.7233634,35,16,32
1747014719.7593634,2,4,145
1747014719.7943633,-111,-7,20
1747014719.829363,72,32,0
1747014719.8653634,-33,38,82
1747014719.9003634,-5,36,112
1747014719.9363637,-22,-40,28
1747014719.9713633,-100,-6,82
1747014720.007363,-46,-24,14
1747014720.043363,-32,5,128
1747014720.079363,3,-42,56
1747014720.1153634,7,-6,-55
1747014720.1503634,18,4,88
1747014720.1853633,44,42,-25
1747014720.2213633,3,28,114
1747014720.257363,-14,-73,198
1747014720.2923634,25,12,80
1747014720.3283634,-39,28,126
1747014720.3633633,0,31,0
1747014720.3983634,81,25,204
1747014720.4333634,117,40,62
1747014720.4693637,-27,-25,83
1747014720.5053637,54,-61,155
1747014720.5403633,8,-21,85
1747014720.576363,30,-59,165
1747014720.6113634,0,6,65
1747014720.6463633,46,40,43
1747014720.681363,-6,-19,29
1747014720.7173634,53,18,77
1747014720.7533634,47,2,115
1747014720.7883637,-7,-41,121
1747014720.8243637,24,18,45
1747014720.8593633,14,-7,93
1747014720.8943634,3,-6,55
1747014720.9293633,29,37,78
1747014720.9653633,-18,-41,18
1747014721.0013633,-21,34,94
1747014721.0363634,-56,33,-45
1747014721.0723634,67,-10,18
1747014721.1073637,0,-14,130
1747014721.1423633,-22,31,74
1747014721.1773634,-8,17,162
1747014721.2133634,19,-28,174
1747014721.2493634,-80,-74,-39
1747014721.2843633,-64,-63,98
1747014721.3203633,27,45,-25
1747014721.3553634,-107,3,67
1747014721.3903637,-16,3,123
1747014721.4253633,-2,31,61
1747014721.4613633,-56,28,39
1747014721.497363,-32,-40,73
1747014721.5323634,41,43,141
1747014721.5683634,-58,16,57
1747014721.6033633,17,6,85
1747014721.6383634,-27,67,9
1747014721.6733634,22,61,29
1747014721.7093637,12,-62,81
1747014721.7453637,10,69,57
1747014721.780363,25,-11,-20
1747014721.816363,-37,72,-32
1747014721.8513634,-67,0,122
1747014721.8863633,56,-23,72
1747014721.9213634,76,-25,30
1747014721.9573634,-13,54,54
1747014721.9933634,-43,-43,179
1747014722.0283637,-37,74,92
1747014722.0643632,54,-11,79
1747014722.099363,-69,54,64
1747014722.1343634,30,-25,138
1747014722.1693633,-46,-60,40
1747014722.2053633,41,5,128
1747014722.2413633,11,8,148
1747014722.2763634,59,16,62
1747014722.3123634,-26,4,127
1747014722.3473637,-21,18,66
1747014722.382363,21,4,78
1747014722.4173634,-75,-55,28
1747014722.4533634,8,-45,134
1747014722.4893634,40,-67,40
1747014722.5243633,-15,-31,14
1747014722.5603633,76,-43,4
1747014722.5953634,-51,10,50
1747014722.6303637,49,4,96
1747014722.6653633,30,12,64
1747014722.701363,-7,-45,57
1747014722.737363,20,16,148
1747014722.7723634,-3,-59,125
1747014722.8083634,-13,76,25
1747014722.8433633,74,-21,127
1747014722.8783634,-13,63,51
1747014722.9133637,80,119,-58
1747014722.9493637,30,13,17
1747014722.9853632,-41,9,91
1747014723.020363,12,79,157
1747014723.056363,36,41,-48
1747014723.0913634,-62,-22,29
1747014723.1263633,-39,11,95
1747014723.1613634,-53,-30,23
1747014723.1973634,-25,85,101
1747014723.2333634,37,55,154
1747014723.2683637,4,-6,138
1747014723.3043633,1,-35,140
1747014723.339363,-74,-35,52
1747014723.3743634,-18,-19,60
1747014723.4103634,5,-1,146
1747014723.4453633,-26,58,34
1747014723.4813633,-84,-25,-93
1747014723.5163634,20,5,46
1747014723.5523634,8,-50,116
1747014723.5873632,-45,-65,-25
1747014723.622363,-29,-8,128
1747014723.658363,97,-22,28
1747014723.6933634,92,17,-33
1747014723.7293634,-95,-106,-31
1747014723.7643633,-35,81,-33
1747014723.8003633,75,-24,316
1747014723.8353634,25,15,34
1747014723.8703637,1,114,102
1747014723.9063632,133,20,62
1747014723.941363,-11,77,38
1747014723.977363,76,40,32
1747014724.0123634,13,-72,76
1747014724.0483634,24,-35,110
1747014724.0833633,-63,1,90
1747014724.1183634,89,47,89
1747014724.1543634,-72,-48,46
1747014724.1893632,32,7,112
1747014724.2253633,-10,-48,259
1747014724.260363,33,3,123
1747014724.2963634,40,11,-82
1747014724.3313634,-34,-4,188
1747014724.3663633,5,-38,128
1747014724.4023633,-4,9,-3
1747014724.4373634,-44,-55,120
1747014724.4733634,-16,-45,96
1747014724.5083632,-36,-59,172
1747014724.5443633,123,-7,46
1747014724.579363,20,3,136
1747014724.6143634,-31,-28,104
1747014724.6503634,-76,-12,-19
1747014724.6853633,15,-2,-16
1747014724.7213633,6,1,7
1747014724.7563634,-7,-18,83
1747014724.7923634,-8,-31,19
1747014724.8273633,-6,50,9
1747014724.862363,35,-3,-34
1747014724.8983634,25,-13,106
1747014724.9333634,-28,8,146
1747014724.9693637,0,-48,125
1747014725.0043633,-37,21,29
1747014725.0403633,52,-54,35
1747014725.0753634,-23,-22,-42
1747014725.1103632,-1,0,97
1747014725.1463633,43,-26,90
1747014725.181363,-23,-13,-54
1747014725.2173634,9,43,85
1747014725.2523634,-17,47,31
1747014725.2873633,20,13,3
1747014725.3223634,-5,0,27
1747014725.3583634,30,-6,19
1747014725.3943634,-34,-48,145
1747014725.4293633,24,-20,5
1747014725.4653633,14,45,79
1747014725.500363,10,-4,161
1747014725.5353634,30,81,105
1747014725.5703633,106,-64,159
1747014725.6063633,-13,-38,133
1747014725.6423633,-51,23,37
1747014725.6773634,44,-12,149
1747014725.7133634,-101,23,85
1747014725.7483633,104,-34,157
1747014725.783363,15,71,65
1747014725.8183634,-51,107,99
1747014725.8543634,-59,-4,127
1747014725.8903637,26,-6,-30
1747014725.9253633,-25,2,201
1747014725.9613633,-39,-79,46
1747014725.9963634,4,-49,180
1747014726.0313632,24,63,96
1747014726.066363,-5,31,18
1747014726.102363,-9,43,80
1747014726.1383634,-31,-8,134
1747014726.1733634,-37,3,146
1747014726.2093637,52,15,92
1747014726.2443633,84,-4,94
1747014726.2793634,14,57,8
1747014726.3143632,22,-6,110
1747014726.3503633,8,51,22
1747014726.3863633,-16,1,26
1747014726.4213634,33,-66,8
1747014726.4573634,0,-24,140
1747014726.4923637,-31,-18,124
1747014726.5273633,34,3,202
1747014726.5623634,-27,29,44
1747014726.5983634,84,-47,199
1747014726.6343634,-27,41,37
1747014726.6693633,-87,9,71
1747014726.7053633,-13,-6,79
1747014726.7403634,12,9,-58
1747014726.7753634,24,-49,101
1747014726.8103633,-21,-17,13
1747014726.8463633,-35,26,-67
1747014726.882363,32,40,124
1747014726.9173634,-25,48,158
1747014726.9533634,-31,22,-19
1747014726.9883633,24,-43,86
1747014727.0233634,-37,30,48
1747014727.0583634,-27,-43,-14
1747014727.0943637,-13,62,37
1747014727.1303637,84,-25,115
1747014727.1653633,-7,28,71
1747014727.201363,-21,-22,31
1747014727.2363634,-57,-9,29
1747014727.2713633,-121,48,57
1747014727.306363,-1,3,68
1747014727.3423634,-29,56,22
1747014727.3783634,-31,32,140
1747014727.4133637,0,69,88
1747014727.4493637,82,-23,142
1747014727.4843633,-11,4,-59
1747014727.5193634,20,-39,-49
1747014727.5543633,8,-13,62
1747014727.5903633,-67,70,2
1747014727.6263633,-63,16,94
1747014727.6613634,-55,-9,-5
1747014727.6973634,-30,67,104
1747014727.7323637,41,63,124
1747014727.7673633,-10,-10,126
1747014727.8023634,8,60,123
1747014727.8383634,54,-61,-15
1747014727.8743634,-57,14,199
1747014727.9093633,12,-11,39
1747014727.9453633,-119,-17,23
1747014727.9803634,-69,-13,67
1747014728.0153637,68,-12,95
1747014728.0503633,-55,55,-18
1747014728.0863633,-9,-34,-24
1747014728.122363,-15,-42,96
1747014728.1573634,10,-42,4
1747014728.1933634,2,99,96
1747014728.2283633,-99,-31,2
1747014728.2633634,-7,66,14
1747014728.2993634,-17,10,-64
1747014728.3343637,-47,-80,104
1747014728.3703637,29,-42,165
1747014728.405363,-15,25,137
1747014728.441363,-14,45,121
1747014728.4763634,-20,35,27
1747014728.5113633,94,70,-14
1747014728.5473633,-31,20,35
1747014728.5823634,112,46,51
1747014728.6183634,8,-29,45
1747014728.6533637,-13,-35,214
1747014728.6893632,20,-34,-61
1747014728.724363,-37,-10,-3
1747014728.7593634,34,-50,84
1747014728.7953634,-47,35,58
1747014728.8303633,6,1,174
1747014728.8663633,50,-10,116
1747014728.9013634,-1,12,102
1747014728.9373634,52,-35,98
1747014728.9723637,-39,-91,34
1747014729.007363,24,78,146
1747014729.043363,56,-6,26
1747014729.0783634,-55,-18,11
1747014729.1143634,-13,-32,105
1747014729.1493633,-53,0,155
1747014729.1853633,-18,-12,-26
1747014729.2203634,62,22,91
1747014729.2553637,-11,68,36
1747014729.2913637,44,-14,122
1747014729.326363,20,-10,78
1747014729.3693633,2,-102,-37
1747014729.405363,56,-32,6
1747014729.4403634,-5,16,74
1747014729.4753633,-47,10,-45
1747014729.5113633,32,-67,-37
1747014729.5473633,58,-21,0
1747014729.5823634,46,-105,78
1747014729.6183634,-63,-27,-39
1747014729.6533637,-9,-37,122
1747014729.6893632,-63,4,96
1747014729.724363,-4,-38,148
1747014729.7593634,69,-19,88
1747014729.7953634,75,34,34
1747014729.8303633,15,16,48
1747014729.8663633,57,37,42
1747014729.9013634,-34,61,78
1747014729.9373634,57,-32,26
1747014729.9723637,-16,41,32
1747014730.007363,-85,-28,64
1747014730.043363,19,39,2
1747014730.0783634,39,-14,-68
1747014730.1143634,-115,0,57
1747014730.1493633,62,-1,27
1747014730.1853633,0,-10,63
1747014730.2213633,57,-29,85
1747014730.2563634,-67,0,117
1747014730.2913637,67,-12,-16
1747014730.3273633,-2,-12,171
1747014730.3633633,-30,65,113
1747014730.3983634,-16,117,5
1747014730.4343634,33,29,54
1747014730.4693637,-51,51,129
1747014730.5043633,26,-38,173
1747014730.5393634,-77,21,63
1747014730.5753634,44,73,-12
1747014730.6113634,-91,-33,59
1747014730.6463633,110,-30,-48
1747014730.6823633,-1,-21,127
1747014730.7173634,26,28,57
1747014730.7523634,10,18,97
1747014730.7873633,-24,7,73
1747014730.8233633,-69,-35,93
1747014730.8593633,-47,-21,150
1747014730.8943634,-134,29,-15
1747014730.9303634,21,15,138
1747014730.9653633,-30,0,47
1747014731.000363,-42,-72,93
1747014731.0353634,-34,-31,35
1747014731.0713634,-51,2,55
1747014731.1073637,-83,-35,167
1747014731.1423633,-29,29,127
1747014731.178363,-41,-34,21
1747014731.2133634,-15,3,30
1747014731.2483633,-1,73,-33
1747014731.283363,-30,-36,40
1747014731.3193634,-59,17,118
1747014731.3553634,44,81,66
1747014731.3903637,-25,8,94
1747014731.4263637,20,-45,88
1747014731.4613633,-14,-29,114
1747014731.4963634,-57,3,76
1747014731.5313632,74,-2,68
1747014731.5673633,26,22,34
1747014731.6033633,-5,-25,42
1747014731.6383634,18,-41,40
1747014731.6743634,68,-50,102
1747014731.7093637,10,-3,40
1747014731.7443633,68,2,202
1747014731.7793634,-57,-5,16
1747014731.8153634,-67,-64,38
1747014731.8513634,-73,50,14
1747014731.8863633,66,-67,-9
1747014731.9223633,-37,-72,74
1747014731.9573634,-17,-14,118
1747014731.9923637,75,16,80
1747014732.0273633,41,-11,52
1747014732.0633633,-71,-98,81
1747014732.099363,32,81,-9
1747014732.1343634,78,9,8
1747014732.1703634,-3,-30,28
1747014732.2053633,16,-12,14
1747014732.2403634,-39,-142,18
1747014732.2753634,-63,-20,76
1747014732.3113637,-53,15,42
1747014732.3473637,-83,-2,76
1747014732.382363,58,3,98
1747014732.418363,46,3,36
1747014732.4533634,25,4,12
1747014732.4883633,47,-27,-3
1747014732.5233634,-40,14,74
1747014732.5593634,-62,78,52
1747014732.5953634,-15,-12,85
1747014732.6303637,-78,-3,37
1747014732.6663637,-28,48,123
1747014732.701363,-12,-17,5
1747014732.7363634,3,8,79
1747014732.7713633,31,78,41
1747014732.8073633,-32,50,121
1747014732.8433633,7,-35,47
1747014732.8783634,-1,71,-38
1747014732.9143634,-26,28,-76
1747014732.9493637,4,3,59
1747014732.9843633,20,57,-13
1747014733.0193634,42,-18,45
1747014733.0553634,4,-22,74
1747014733.0913634,-21,-18,-19
1747014733.1263633,-39,-18,94
1747014733.1623633,24,-12,18
1747014733.1973634,-36,-3,110
1747014733.2323637,-42,-1,80
1747014733.2673633,13,0,-19
1747014733.303363,-54,18,225
1747014733.339363,43,6,103
1747014733.3743634,-42,-41,151
1747014733.4103634,-1,-28,97
1747014733.4453633,-33,-28,43
1747014733.4803634,6,29,69
1747014733.5163634,121,20,79
1747014733.5513637,-1,-12,141
1747014733.5873632,24,-2,149
1747014733.622363,-81,47,117
1747014733.658363,-43,-48,118
1747014733.6933634,-22,-8,228
1747014733.7283633,53,7,26
1747014733.7643633,-7,-5,111
1747014733.7993634,-27,-54,71
1747014733.8353634,0,10,34
1747014733.8703637,14,13,98
1747014733.9063632,-63,18,114
1747014733.941363,-19,24,64
1747014733.9763634,-35,42,52
1747014734.0123634,-15,18,166
1747014734.0473633,-5,42,56
1747014734.0833633,-16,-50,-17
1747014734.1183634,-6,37,119
1747014734.1543634,-6,25,58
1747014734.1893632,57,-46,55
1747014734.224363,-26,27,129
1747014734.260363,0,45,77
1747014734.2953634,-25,-36,89
1747014734.3313634,-62,-34,103
1747014734.3663633,-16,25,55
1747014734.4023633,76,-16,225
1747014734.4373634,17,13,-22
1747014734.4723637,-42,-4,101
1747014734.5083632,-39,67,37
1747014734.543363,29,14,137
1747014734.579363,-19,3,66
1747014734.6143634,-65,-58,-3
1747014734.6503634,10,3,140
1747014734.6853633,-73,13,92
1747014734.7203634,17,-51,114
1747014734.7563634,-19,-40,44
1747014734.7913637,42,57,26
1747014734.8273633,102,41,110
1747014734.862363,28,-36,43
1747014734.8983634,-47,-82,107
1747014734.9333634,25,-24,130
1747014734.9683633,3,43,66
1747014735.0043633,85,-32,154
1747014735.0393634,67,35,74
1747014735.0753634,90,95,139
1747014735.1103632,-6,89,154
1747014735.1463633,83,-14,28
1747014735.181363,-18,21,136
1747014735.2163634,31,35,83
1747014735.2523634,16,-45,53
1747014735.2873633,48,-21,6
1747014735.3233633,-36,51,83
1747014735.3583634,-32,27,94
1747014735.3933637,1,-50,62
1747014735.428363,12,-26,13
1747014735.464363,-49,43,193
1747014735.500363,34,0,81
1747014735.5353634,-79,37,-6
1747014735.5713634,-4,15,-80
1747014735.6063633,-3,-11,-14
1747014735.6413634,92,-1,107
1747014735.6763637,24,14,139
1747014735.7123632,-29,90,31
1747014735.7483633,44,16,85
1747014735.783363,-23,56,8
1747014735.8193634,62,0,105
1747014735.8543634,-13,6,91
1747014735.8893633,32,40,87
1747014735.9243634,-23,-45,-32
1747014735.9603634,-61,64,-12
1747014735.9963634,17,-15,57
1747014736.0313632,-27,32,67
1747014736.0673633,-23,-25,59
1747014736.102363,46,-35,97
1747014736.1373634,54,-33,13
1747014736.1723633,22,14,223
1747014736.2083633,-89,68,144
1747014736.2443633,19,50,136
1747014736.2793634,0,40,88
1747014736.3153634,19,-71,17
1747014736.3503633,-20,-15,175
1747014736.385363,-24,22,97
1747014736.4203634,40,-46,71
1747014736.4563634,74,36,82
1747014736.4923637,-35,-7,190
1747014736.5273633,-15,32,72
1747014736.5633633,48,61,132
1747014736.5983634,21,-58,104
1747014736.6333632,79,-2,197
1747014736.668363,-15,9,160
1747014736.704363,-69,27,172
1747014736.7403634,73,45,100
1747014736.7753634,79,5,18
1747014736.8113637,-54,-32,-36
1747014736.8463633,-34,25,15
1747014736.8813634,83,-36,163
1747014736.9163637,-96,19,95
1747014736.9523633,-2,1,39
1747014736.9883633,47,-68,49
1747014737.0233634,-45,-58,75
1747014737.0593634,48,-48,65
1747014737.0943637,68,33,-86
1747014737.1293633,-5,49,34
1747014737.1643634,3,75,110
1747014737.2003634,-4,63,0
1747014737.2363634,-22,0,28
1747014737.2713633,8,-62,35
1747014737.3073633,-60,-90,191
1747014737.3423634,69,-32,14
1747014737.3773634,68,27,63
1747014737.4123633,14,-34,-22
1747014737.4483633,30,-15,59
1747014737.4843633,-7,18,19
1747014737.5193634,12,-32,137
1747014737.5553634,-29,5,91
1747014737.5903633,22,9,43
1747014737.625363,58,-30,35
1747014737.6603634,-77,7,81
1747014737.6963634,6,-10,115
1747014737.7323637,44,-42,123
1747014737.7673633,51,30,-48
1747014737.803363,86,-2,-12
1747014737.8383634,-43,43,-22
1747014737.8733633,-20,-40,139
1747014737.908363,45,-58,221
1747014737.9443634,-20,19,157
1747014737.9803634,42,-3,9
1747014738.0153637,28,26,34
1747014738.0513637,47,16,69
1747014738.0863633,28,8,-22
1747014738.1213634,53,-35,93
1747014738.1563632,-55,-61,87
1747014738.1923633,-10,14,127
1747014738.2283633,-57,-39,87
1747014738.2633634,5,-91,81
1747014738.2993634,-24,-25,85
1747014738.3343637,29,-49,-40
1747014738.3693633,27,13,-4
1747014738.4043634,81,97,75
1747014738.4403634,-38,20,75
1747014738.4763634,-68,-61,57
1747014738.5113633,-44,-31,107
1747014738.5473633,19,0,90
1747014738.5823634,40,-19,44
1747014738.6173637,-27,10,30
1747014738.6533637,-16,32,66
1747014738.6883633,-11,16,31
1747014738.724363,5,6,45
1747014738.7593634,71,28,3
1747014738.7953634,93,46,175
1747014738.8303633,-14,18,106
1747014738.8653634,-16,42,-111
1747014738.9013634,-2,-63,114
1747014738.9363637,49,-53,16
1747014738.9723637,-32,38,112
1747014739.007363,41,-25,28
1747014739.043363,-25,11,186
1747014739.0783634,10,1,48
1747014739.1133633,-28,-62,146
1747014739.1493633,-22,75,122
1747014739.1843634,41,57,90
1747014739.2203634,-30,25,70
1747014739.2553637,-88,35,44
1747014739.2913637,1,66,31
1747014739.326363,15,-4,53
1747014739.3613634,19,-26,227
1747014739.4043634,-12,5,25
1747014739.4403634,51,63,-8
1747014739.4763634,39,-14,9
1747014739.5113633,-74,15,33
1747014739.5473633,65,1,89
1747014739.5823634,63,47,39
1747014739.6173637,91,41,51
1747014739.6533637,45,-62,31
1747014739.6883633,-94,39,-6
1747014739.724363,17,33,-9
1747014739.7593634,8,105,96
1747014739.7953634,-12,-14,84
1747014739.8303633,-9,-8,6
1747014739.8653634,16,-4,12
1747014739.9013634,-58,49,-1
1747014739.9363637,28,27,30
1747014739.9723637,-23,-6,14
1747014740.007363,26,27,112
1747014740.043363,8,11,12
1747014740.0783634,14,47,80
1747014740.1133633,41,-14,192
1747014740.1493633,15,-32,50
1747014740.1843634,36,-30,54
1747014740.2203634,7,87,56
1747014740.2553637,-10,3,100
1747014740.2913637,-46,35,2
1747014740.3273633,19,-8,38
1747014740.3633633,-46,-26,-103
1747014740.3993633,-8,-22,15
1747014740.4343634,-4,-48,14
1747014740.4693637,15,65,60
1747014740.5053637,-48,76,46
1747014740.5413637,-8,-24,26
1747014740.576363,17,5,84
1747014740.612363,87,-46,34
1747014740.6473634,-6,57,22
1747014740.6823633,-60,1,23
1747014740.7173634,43,41,49
1747014740.7533634,54,28,67
1747014740.7893634,40,-7,81
1747014740.8243637,4,8,61
1747014740.8603632,-12,-22,97
1747014740.895363,59,-16,71
1747014740.9303634,-33,61,27
1747014740.9653633,27,-42,173
1747014741.0013633,19,-34,-6
1747014741.0373633,32,37,-2
1747014741.0723634,-4,-9,73
1747014741.1083634,37,-16,83
1747014741.1433637,23,27,57
1747014741.178363,3,-40,35
1747014741.2133634,-42,-10,109
1747014741.2493634,-22,63,7
1747014741.2853634,-24,13,121
1747014741.3203633,45,43,7
1747014741.3563633,29,49,-8
1747014741.3913634,3,-20,55
1747014741.4263637,17,-121,82
1747014741.4613633,-6,26,147
1747014741.497363,67,-31,64
1747014741.533363,31,25,122
1747014741.5683634,35,6,118
1747014741.6043634,37,12,15
1747014741.6393633,50,45,22
1747014741.6743634,-28,72,63
1747014741.7093637,-60,15,32
1747014741.7453637,37,-30,51
1747014741.7813632,21,-16,93
1747014741.816363,29,73,-33
1747014741.852363,11,-52,97
1747014741.8873634,-27,-53,79
1747014741.9223633,22,-19,133
1747014741.9573634,-25,-21,21
1747014741.9933634,92,16,67
1747014742.0293634,-41,54,-10
1747014742.0643632,12,-25,-50
1747014742.1003633,-39,-13,25
1747014742.135363,0,-69,59
1747014742.1703634,-51,-9,35
1747014742.2053633,74,32,5
1747014742.2413633,-1,-9,105
1747014742.2773633,-35,22,-16
1747014742.3123634,46,8,119
1747014742.3483634,-69,12,107
1747014742.3833632,42,-52,-32
1747014742.418363,26,-36,-46
1747014742.4533634,52,21,69
1747014742.4893634,-25,-17,67
1747014742.5253634,-5,0,101
1747014742.5603633,32,32,59
1747014742.5963633,18,-17,117
1747014742.6313634,82,29,55
1747014742.6663637,77,-5,-52
1747014742.701363,73,-21,15
1747014742.737363,-8,39,176
1747014742.7733634,27,19,0
1747014742.8083634,49,-62,98
1747014742.8443637,-18,-42,91
1747014742.8793633,-12,19,141
1747014742.9143634,15,53,-6
1747014742.9493637,-10,-12,133
1747014742.9853632,-38,0,23
1747014743.0213633,0,96,71
1747014743.056363,-102,12,79
1747014743.0923634,23,-81,101
1747014743.1273634,11,14,19
1747014743.1623633,-19,21,-60
1747014743.1973634,8,-2,77
1747014743.2333634,-24,14,-26
1747014743.2693634,91,-35,11
1747014743.3043633,-4,0,77
1747014743.3403633,-14,-16,-8
1747014743.375363,12,-76,5
1747014743.4103634,23,41,133
1747014743.4453633,129,-24,201
1747014743.4813633,17,-7,49
1747014743.5173633,108,-53,71
1747014743.5523634,78,-47,183
1747014743.5883634,55,17,93
1747014743.6233633,9,-18,33
1747014743.658363,-8,-40,53
1747014743.6943634,-4,-76,67
1747014743.7293634,7,61,89
1747014743.7653637,11,-12,41
1747014743.8003633,-10,3,121
1747014743.8363633,-69,55,165
1747014743.8713634,28,-61,23
1747014743.9063632,44,-47,35
1747014743.9423633,-17,30,111
1747014743.977363,40,21,51
1747014744.0133634,0,-38,41
1747014744.0483634,-42,-32,59
1747014744.0843637,15,19,63
1747014744.1193633,21,23,5
1747014744.1543634,15,-36,145
1747014744.1903634,-1,45,147
1747014744.2253633,54,15,-76
1747014744.2613633,-59,51,97
1747014744.2963634,6,-34,-36
1747014744.3323634,28,-48,33
1747014744.3673637,-47,7,107
1747014744.4023633,40,-30,137
1747014744.4383633,7,94,27
1747014744.4733634,90,42,71
1747014744.5093634,-73,-53,95
1747014744.5443633,46,-71,-20
1747014744.5803633,-99,-5,91
1747014744.6153634,-35,18,67
1747014744.6503634,21,2,57
1747014744.6863637,14,20,17
1747014744.7213633,-74,50,203
1747014744.757363,-4,76,201
1747014744.7923634,30,-34,171
1747014744.8283634,12,-12,75
1747014744.8633633,20,-44,91
1747014744.8983634,100,49,-22
1747014744.9343634,0,25,67
1747014744.9693637,79,36,41
1747014745.0053637,35,4,29
1747014745.0403633,42,-22,31
1747014745.076363,-29,-47,83
1747014745.1113634,-7,1,115
1747014745.1463633,-29,15,33
1747014745.1823633,-27,-48,15
1747014745.2173634,56,-146,-120
1747014745.2533634,-23,73,197
1747014745.2883637,-41,19,61
1747014745.3243637,-39,83,-6
1747014745.3593633,58,-56,143
1747014745.3943634,0,24,41
1747014745.4303634,73,22,167
1747014745.4653633,-45,4,129
1747014745.5013633,-19,40,37
1747014745.5363634,14,8,37
1747014745.5713634,86,22,101
1747014745.6063633,-38,8,59
1747014745.6423633,-22,-11,105
1747014745.678363,81,-3,-2
1747014745.7133634,-35,24,35
1747014745.7493634,-31,-47,125
1747014745.7843633,-25,46,47
1747014745.8193634,12,-41,119
1747014745.8543634,-39,0,17
1747014745.8903637,-25,-79,75
1747014745.9263637,64,6,149
1747014745.9613633,49,20,167
1747014745.997363,67,60,23
1747014746.0323634,-16,-33,139
1747014746.0673633,41,24,125
1747014746.102363,85,-21,-116
1747014746.1383634,59,9,181
1747014746.1743634,-22,-2,65
1747014746.2093637,-36,79,105
1747014746.2453637,37,-14,-44
1747014746.280363,-70,47,45
1747014746.3153634,-76,-18,5
1747014746.3503633,-52,25,47
1747014746.3863633,35,19,1
1747014746.4223633,30,0,135
1747014746.4573634,7,5,51
1747014746.4933634,5,-34,81
1747014746.5283637,-45,24,17
1747014746.5633633,0,1,105
1747014746.5983634,45,-22,91
1747014746.6343634,19,-6,97
1747014746.6703634,51,9,75
1747014746.7053633,33,9,27
1747014746.7413633,79,15,69
1747014746.7763634,11,-28,97
1747014746.8113637,17,3,45
1747014746.8463633,-50,0,131
1747014746.882363,3,-48,153
1747014746.918363,0,28,43
1747014746.9533634,16,-47,-98
1747014746.9893634,16,-71,7
1747014747.0243633,0,54,143
1747014747.0593634,-15,16,101
1747014747.0943637,50,-17,-36
1747014747.1303637,52,-41,153
1747014747.1663637,42,-23,63
1747014747.201363,-75,-111,43
1747014747.237363,42,55,1
1747014747.2723634,-27,-2,87
1747014747.3073633,-3,-70,65
1747014747.3423634,24,37,31
1747014747.3783634,-19,-48,11
1747014747.4143634,22,-30,99
1747014747.4493637,-5,-38,45
1747014747.4853632,-63,39,17
1747014747.520363,44,5,-36
1747014747.5553634,-49,-56,47
1747014747.5903633,40,-26,-72
1747014747.6263633,-1,-24,101
1747014747.6623633,-17,-27,47
1747014747.6973634,24,13,153
1747014747.7333634,-4,3,191
1747014747.7683637,36,17,99
1747014747.803363,-1,9,-56
1747014747.8383634,4,56,57
1747014747.8743634,88,12,201
1747014747.9103634,24,-49,107
1747014747.9453633,-9,-59,71
1747014747.9813633,42,24,151
1747014748.0163634,-13,22,81
1747014748.0513637,-7,26,163
1747014748.0863633,-10,-16,45
1747014748.122363,-2,-5,-12
1747014748.158363,49,38,93
1747014748.1933634,-56,10,145
1747014748.2293634,61,30,59
1747014748.2643633,21,26,-22
1747014748.2993634,-56,-21,-90
1747014748.3343637,44,2,-36
1747014748.3703637,-11,12,35
1747014748.4063632,-25,0,79
1747014748.441363,-25,-65,-30
1747014748.477363,-3,26,73
1747014748.5123634,-30,46,-88
1747014748.5473633,5,20,167
1747014748.5823634,45,36,131
1747014748.6183634,7,-35,45
1747014748.6543634,-44,30,183
1747014748.6893632,27,-37,137
1747014748.7253633,26,38,7
1747014748.760363,4,-11,33
1747014748.7953634,33,-24,1
1747014748.8313634,-19,77,-22
1747014748.8663633,64,1,-2
1747014748.9023633,2,-22,35
1747014748.9373634,6,13,97
1747014748.9733634,-11,-42,79
1747014749.0083632,56,-60,9
1747014749.043363,-85,15,99
1747014749.079363,-24,-95,97
1747014749.1143634,85,45,47
1747014749.1503634,29,-2,-42
1747014749.1853633,45,-5,133
1747014749.2213633,31,42,29
1747014749.2563634,87,-61,5
1747014749.2913637,58,17,99
1747014749.3273633,-86,-57,47
1747014749.362363,-70,-9,65
1747014749.405363,-44,52,107
1747014749.441363,-74,-15,81
1747014749.477363,-12,8,67
1747014749.5123634,66,8,75
1747014749.5473633,-50,44,151
1747014749.5833633,17,15,147
1747014749.6183634,-6,-21,125
1747014749.6543634,55,-6,-24
1747014749.6893632,-18,-8,61
1747014749.7253633,55,-18,-18
1747014749.760363,73,69,91
1747014749.7953634,-44,51,149
1747014749.8313634,17,49,119
1747014749.8663633,7,23,71
1747014749.9023633,-6,-28,143
1747014749.9373634,25,15,-32
1747014749.9733634,-14,5,23
1747014750.0083632,12,19,85
1747014750.043363,-21,39,95
1747014750.079363,34,47,89
1747014750.1143634,60,85,99
1747014750.1503634,42,-54,41
1747014750.1853633,91,-6,43
1747014750.2213633,54,57,21
1747014750.2563634,46,-70,-10
1747014750.2913637,26,-16,27
1747014750.3273633,-51,89,85
1747014750.362363,-33,27,197
1747014750.3983634,-19,-88,-2
1747014750.4333634,-32,20,-60
1747014750.4693637,-26,61,115
1747014750.5043633,91,51,29
1747014750.5393634,-28,5,-12
1747014750.5753634,-18,28,89
1747014750.6103632,-2,34,155
1747014750.6463633,-21,17,49
1747014750.681363,-44,34,89
1747014750.7163634,43,3,89
1747014750.7513633,-46,-8,119
1747014750.7873633,-2,-4,63
1747014750.8233633,-74,5,61
1747014750.8583634,-56,29,49
1747014750.8943634,-6,53,13
1747014750.9293633,31,-44,91
1747014750.964363,-46,25,51
1747014750.9993634,-58,3,81
1747014751.0353634,23,43,-24
1747014751.0713634,17,17,147
1747014751.1063633,-44,21,39
1747014751.1423633,-12,27,27
1747014751.1773634,63,-70,85
1747014751.2123632,-58,-94,99
1747014751.247363,-48,19,11
1747014751.283363,63,25,53
1747014751.3193634,-21,56,31
1747014751.3543634,69,-54,83
1747014751.3903637,55,60,85
1747014751.4253633,25,54,0
1747014751.4603634,0,-46,27
1747014751.4953637,17,-53,25
1747014751.5313632,-10,-47,-30
1747014751.5673633,-40,39,57
1747014751.602363,-24,35,83
1747014751.6383634,-38,27,55
1747014751.6733634,-30,11,55
1747014751.7083633,45,79,83
1747014751.7433634,25,19,45
1747014751.7793634,43,29,65
1747014751.8153634,-35,56,93
1747014751.8503633,6,-42,121
1747014751.8863633,-31,-46,47
1747014751.9213634,-41,1,-56
1747014751.9563634,33,-6,51
1747014751.9913633,51,59,129
1747014752.0273633,21,-40,57
1747014752.0633633,-6,-64,203
1747014752.0983634,78,61,89
1747014752.1343634,50,-26,55
1747014752.1693633,-10,-37,33
1747014752.204363,28,13,-2
1747014752.2393634,30,-68,31
1747014752.2753634,84,23,149
1747014752.3113637,-5,61,63
1747014752.3463633,6,-52,99
1747014752.382363,-40,-2,9
1747014752.4173634,4,41,99
1747014752.4523633,114,-50,-20
1747014752.487363,4,-8,71
1747014752.5233634,30,-6,189
1747014752.5593634,98,-30,155
1747014752.5943637,-3,13,49
1747014752.6303637,52,24,137
1747014752.6653633,-29,93,139
1747014752.7003634,-69,-36,179
1747014752.7353632,-38,4,85
1747014752.7713633,-73,-6,47
1747014752.8073633,-126,-13,59
1747014752.8423634,40,-40,55
1747014752.8783634,-63,-12,149
1747014752.9133637,-29,-19,153
1747014752.9483633,-51,16,15
1747014752.9833634,-70,-46,-34
1747014753.0193634,95,9,9
1747014753.0553634,70,-16,149
1747014753.0903633,-8,2,9
1747014753.1263633,-12,-9,97
1747014753.1613634,-28,24,35
1747014753.1963634,23,78,33
1747014753.2313633,-15,-19,53
1747014753.2673633,0,-6,-10
1747014753.303363,-40,-34,75
1747014753.3383634,-33,-36,61
1747014753.3743634,46,63,41
1747014753.4093633,20,-22,121
1747014753.4443634,42,29,77
1747014753.4793634,-9,9,-22
1747014753.5153637,-27,7,71
1747014753.5513637,42,74,111
1747014753.5863633,12,-61,183
1747014753.622363,-27,-27,71
1747014753.6573634,62,-79,155
1747014753.6923633,-53,20,137
1747014753.727363,-10,88,163
1747014753.7633634,27,30,15
1747014753.7993634,-4,12,93
1747014753.8343637,-40,18,103
1747014753.8703637,57,2,-34
1747014753.905363,-60,-27,95
1747014753.9403634,19,-5,155
1747014753.9763634,-42,-5,25
1747014754.0113633,-32,-21,-22
1747014754.0473633,0,41,131
1747014754.0823634,30,-56,73
1747014754.1183634,-5,-46,181
1747014754.1533637,8,-42,131
1747014754.1883633,-34,54,53
1747014754.224363,84,-50,105
1747014754.2593634,60,41,49
1747014754.2953634,40,13,-34
1747014754.3303633,12,-40,157
1747014754.3663633,-29,21,67
1747014754.4013634,-32,-7,49
1747014754.4363637,9,-9,77
1747014754.4723637,-14,2,49
1747014754.507363,47,-23,161
1747014754.543363,-3,-23,7
1747014754.5783634,62,-3,29
1747014754.6143634,-55,6,45
1747014754.6493633,-69,-47,65
1747014754.6843634,82,-87,-8
1747014754.7203634,22,-27,51
1747014754.7553637,38,-3,11
1747014754.7913637,34,4,83
1747014754.826363,-5,30,101
1747014754.862363,-3,-30,29
1747014754.8973634,-55,25,67
1747014754.9323633,-5,-11,-10
1747014754.9683633,-79,-5,1
1747014755.0033634,21,-48,161
1747014755.0393634,37,-30,127
1747014755.0743637,2,-10,135
1747014755.1103632,-9,-16,19
1747014755.145363,-43,13,115
1747014755.1803634,-60,-20,81
1747014755.2163634,2,112,77
1747014755.2513633,70,-53,7
1747014755.2873633,-43,-35,23
1747014755.3223634,12,-78,49
1747014755.3583634,0,54,65
1747014755.3933637,57,50,-10
1747014755.428363,-4,63,111
1747014755.464363,-23,-1,55
1747014755.4993634,28,64,3
1747014755.5353634,6,16,55
1747014755.5703633,37,-2,35
1747014755.6063633,3,-36,-38
1747014755.6423633,-74,11,13
1747014755.6773634,37,-18,129
1747014755.7123632,20,-62,41
1747014755.7483633,8,9,41
1747014755.7843633,-3,3,119
1747014755.8193634,15,26,85
1747014755.8553634,37,-25,37
1747014755.8903637,-60,70,49
1747014755.9253633,-34,-51,45
1747014755.9603634,52,31,151
1747014755.9963634,15,-45,49
1747014756.0323634,35,10,85
1747014756.0673633,39,-23,37
1747014756.1033633,-48,-9,85
1747014756.1383634,-16,64,95
1747014756.1733634,30,7,95
1747014756.2083633,34,27,15
1747014756.2443633,-42,-37,39
1747014756.280363,75,-7,105
1747014756.3153634,10,25,43
1747014756.3513634,-17,-8,37
1747014756.3863633,31,16,57
1747014756.4213634,13,-68,11
1747014756.4563634,69,68,-96
1747014756.4923637,47,-72,69
1747014756.5283637,-23,5,183
1747014756.5633633,-60,-28,9
1747014756.599363,0,28,81
1747014756.6343634,-95,15,125
1747014756.6693633,64,-18,121
1747014756.704363,2,-24,157
1747014756.7403634,-64,-27,-6
1747014756.7763634,93,20,41
1747014756.8113637,-58,20,113
1747014756.8473637,35,-13,-34
1747014756.882363,-68,-1,93
1747014756.9173634,6,3,117
1747014756.9523633,-4,-81,63
1747014756.9883633,53,-20,31
1747014757.0243633,4,-8,91
1747014757.0593634,18,-14,131
1747014757.0953634,-99,-58,155
1747014757.1303637,-29,3,83
1747014757.1653633,-39,-20,77
1747014757.2003634,64,-16,-46
1747014757.2363634,70,21,-2
1747014757.2723634,-34,2,-24
1747014757.3073633,11,-3,-22
1747014757.3433633,47,42,61
1747014757.3783634,-14,-9,91
1747014757.4133637,11,0,83
1747014757.4483633,45,92,77
1747014757.4843633,72,-52,69
1747014757.520363,-5,-20,63
1747014757.5553634,30,5,-4
1747014757.5913634,54,1,79
1747014757.6263633,10,-42,-32
1747014757.6613634,-36,19,187
1747014757.6963634,-4,-30,39
1747014757.7323637,-7,-57,109
1747014757.7683637,54,-45,41
1747014757.803363,38,-11,37
1747014757.839363,-13,-77,137
1747014757.8743634,62,-13,47
1747014757.9093633,28,-17,73
1747014757.9443634,-3,10,163
1747014757.9803634,-57,-29,49
1747014758.0163634,-11,-21,33
1747014758.0513637,100,-19,103
1747014758.0873632,24,-43,157
1747014758.122363,68,-39,159
1747014758.1573634,-47,6,29
1747014758.1923633,-1,-3,27
1747014758.2283633,8,34,109
1747014758.2643633,-54,113,3
1747014758.2993634,-36,-27,9
1747014758.3353634,-66,17,79
1747014758.3703637,9,47,115
1747014758.405363,17,19,49
1747014758.4403634,87,-23,65
1747014758.4763634,-28,24,127
1747014758.5123634,53,-53,3
1747014758.5473633,27,-25,83
1747014758.5833633,14,14,155
1747014758.6183634,11,-58,203
1747014758.6533637,-8,23,37
1747014758.6883633,-32,-28,29
1747014758.724363,-18,11,-42
1747014758.760363,127,-48,105
1747014758.7953634,-12,53,69
1747014758.8313634,-28,-84,7
1747014758.8663633,67,10,103
1747014758.9013634,-86,-9,201
1747014758.9373634,-44,-5,75
1747014758.9723637,76,-18,147
1747014759.0083632,-73,-26,143
1747014759.043363,-21,-34,113
1747014759.079363,73,-39,39
1747014759.1143634,55,14,-14
1747014759.1493633,11,-1,79
1747014759.1853633,-21,-25,29
1747014759.2203634,-1,-63,61
1747014759.2563634,1,-7,-24
1747014759.2913637,26,-59,-6
1747014759.3273633,4,16,3
1747014759.362363,12,38,115
1747014759.3973634,10,-3,67
1747014759.4403634,-59,-13,23
1747014759.4763634,28,7,59
1747014759.5123634,44,-34,19
1747014759.5473633,-47,-32,61
1747014759.5833633,32,-34,121
1747014759.6183634,-25,23,3
1747014759.6533637,7,59,67
1747014759.6893632,-26,-62,79
1747014759.724363,21,-2,43
1747014759.760363,8,0,143
1747014759.7953634,-13,-16,183
1747014759.8313634,-92,49,137
1747014759.8663633,18,-8,77
1747014759.9013634,11,47,-34
1747014759.9373634,79,98,-6
1747014759.9723637,-30,18,61
1747014760.0083632,-22,16,143
1747014760.043363,15,-11,87
1747014760.079363,45,20,-40
1747014760.1143634,-18,-37,91
1747014760.1493633,15,6,83
1747014760.1853633,2,-90,27
1747014760.2203634,-5,81,-16
1747014760.2563634,-7,9,87
1747014760.2913637,28,4,19
1747014760.3273633,68,29,115
1747014760.362363,34,39,47
1747014760.3973634,17,26,151
1747014760.4333634,-10,-95,151
1747014760.4683633,9,-47,-22
1747014760.5043633,-22,-11,103
1747014760.5393634,2,-60,5
1747014760.5753634,62,33,13
1747014760.6103632,-59,-4,67
1747014760.645363,30,12,27
1747014760.681363,12,15,179
1747014760.7163634,62,25,59
1747014760.7523634,4,1,-58
1747014760.7873633,18,-44,129
1747014760.8223634,-35,7,17
1747014760.8573637,21,-48,55
1747014760.8933637,109,-13,111
1747014760.9293633,-40,29,43
1747014760.964363,39,-35,11
1747014761.000363,48,2,65
1747014761.0353634,-27,-63,51
1747014761.0703633,-40,-42,47
1747014761.1053634,8,-21,39
1747014761.1413634,-41,20,-10
1747014761.1773634,36,64,169
1747014761.2123632,-30,-2,181
1747014761.2483633,2,2,77
1747014761.283363,-67,24,61
1747014761.3183634,24,-13,51
1747014761.3533633,40,-73,-10
1747014761.3893633,-28,-31,23
1747014761.4253633,-9,22,127
1747014761.4603634,-37,-15,75
1747014761.4963634,-7,54,37
1747014761.5313632,6,15,73
1747014761.566363,90,39,-50
1747014761.6013634,92,-20,-66
1747014761.6373634,-23,-62,53
1747014761.6733634,-45,-52,59
1747014761.7083633,82,-46,71
1747014761.7443633,26,-62,101
1747014761.7793634,40,-2,109
1747014761.8143632,-31,13,63
1747014761.849363,18,-14,111
1747014761.885363,-11,-36,-8
1747014761.9213634,-57,-44,23
1747014761.9563634,-39,37,57
1747014761.9923637,-17,41,111
1747014762.0273633,16,18,169
1747014762.0623634,-37,-47,-12
1747014762.0973637,4,-28,-60
1747014762.1333632,-57,0,79
1747014762.1693633,66,-28,-42
1747014762.204363,98,13,179
1747014762.2403634,89,22,37
1747014762.2753634,80,51,33
1747014762.3103633,-6,39,73
1747014762.3453634,-23,17,113
1747014762.3813634,34,29,93
1747014762.4173634,30,63,97
1747014762.4523633,0,15,73
1747014762.4883633,-57,-100,-18
1747014762.5233634,72,14,39
1747014762.5583634,2,92,21
1747014762.5933633,10,-25,135
1747014762.6293633,-115,-61,29
1747014762.6653633,20,-43,71
1747014762.7003634,-67,-25,-12
1747014762.7363634,62,-6,115
1747014762.7713633,-69,-22,0
1747014762.806363,-49,-6,165
1747014762.8413634,18,-16,151
1747014762.8773634,72,-28,-6
1747014762.9133637,-7,-6,23
1747014762.9483633,50,7,101
1747014762.9843633,2,-57,101
1747014763.0193634,10,0,23
1747014763.0543633,32,44,15
1747014763.089363,5,69,45
1747014763.125363,40,-71,41
1747014763.1613634,-28,-78,95
1747014763.1963634,24,112,95
1747014763.2323637,25,41,101
1747014763.2673633,23,11,-10
1747014763.3023634,70,-48,181
1747014763.3373632,-35,-1,31
1747014763.3733633,-16,29,9
1747014763.4093633,-33,46,-32
1747014763.4443634,6,-5,63
1747014763.4803634,36,2,71
1747014763.5153637,12,22,-16
1747014763.5503633,11,95,153
1747014763.5853634,5,41,81
1747014763.6213634,39,-54,39
1747014763.6573634,23,-31,107
1747014763.6923633,0,-26,79
1747014763.7283633,-8,-67,67
1747014763.7633634,17,48,69
1747014763.7983634,-40,-29,-48
1747014763.8333633,97,-53,63
1747014763.8693633,27,-27,75
1747014763.905363,12,-24,83
1747014763.9403634,13,-7,-44
1747014763.9763634,-10,50,159
1747014764.0113633,55,-3,193
1747014764.0463634,0,-64,97
1747014764.0823634,8,59,79
1747014764.1173637,-53,0,-54
1747014764.1533637,-4,13,43
1747014764.1883633,31,-20,115
1747014764.224363,47,-14,147
1747014764.2593634,3,64,-60
1747014764.2943633,20,5,115
1747014764.3303633,10,33,97
1747014764.3653634,88,31,147
1747014764.4013634,-27,-36,5
1747014764.4363637,1,5,-74
1747014764.4723637,-17,-14,-70
1747014764.507363,6,47,137
1747014764.5423634,99,-84,79
1747014764.5783634,-36,-2,123
1747014764.6133633,13,25,119
1747014764.6493633,-90,-152,71
1747014764.6843634,-6,37,175
1747014764.7203634,-34,16,43
1747014764.7553637,-32,-30,-14
1747014764.7903633,-6,-14,69
1747014764.826363,3,-31,131
1747014764.8613634,-70,-83,0
1747014764.8973634,-70,-15,71
1747014764.9323633,35,71,-4
1747014764.9683633,3,71,65
1747014765.0033634,-48,-1,73
1747014765.0383637,-12,21,-102
1747014765.0743637,-9,5,201
1747014765.1093633,-1,-10,109
1747014765.145363,-13,-50,-6
1747014765.1803634,25,8,65
1747014765.2163634,-36,-35,51
1747014765.2513633,0,21,5
1747014765.2863634,-129,51,51
1747014765.3223634,66,41,-18
1747014765.3573637,94,17,203
1747014765.3933637,-5,-8,67
1747014765.428363,-31,-22,95
1747014765.464363,44,85,69
1747014765.4993634,58,-22,135
1747014765.5343633,71,-4,175
1747014765.5703633,-20,-14,119
1747014765.6053634,-2,-24,147
1747014765.6413634,25,35,55
1747014765.6763637,30,27,29
1747014765.7123632,-5,-68,-2
1747014765.7483633,-18,11,231
1747014765.7843633,-2,-6,79
1747014765.8203633,-96,-40,101
1747014765.8563633,-14,5,13
1747014765.8923633,-18,15,-2
1747014765.9273634,-19,-46,129
1747014765.9623632,26,41,41
1747014765.9983633,46,-38,181
1747014766.0343633,-132,7,99
1747014766.0693634,37,1,152
1747014766.1053634,-55,49,186
1747014766.1403637,-6,-54,98
1747014766.1753633,46,35,19
1747014766.2103634,-51,-16,12
1747014766.2463634,-5,35,83
1747014766.2823634,28,3,21
1747014766.3173633,15,55,63
1747014766.3533633,15,73,83
1747014766.3883634,-20,-2,29
1747014766.4233634,-46,-30,147
1747014766.4583633,-50,-20,76
1747014766.4943633,2,-73,98
1747014766.530363,10,23,-1
1747014766.5653634,-43,-102,74
1747014766.6013634,42,91,36
1747014766.6363633,-13,-30,-105
1747014766.6713634,-15,-8,42
1747014766.7063634,9,-78,78
1747014766.7423637,-12,37,144
1747014766.7783637,-33,-16,0
1747014766.8133633,-34,-30,52
1747014766.849363,-24,7,64
1747014766.8843634,-86,-26,120
1747014766.9193633,33,-64,96
1747014766.954363,26,77,154
1747014766.9903634,45,-58,86
1747014767.0263634,31,7,124
1747014767.0613637,-17,69,42
1747014767.0973637,66,-50,122
1747014767.132363,-23,61,144
1747014767.1673634,80,119,24
1747014767.2023633,-7,24,-9
1747014767.2383633,60,-7,-67
1747014767.2743633,-7,12,114
1747014767.3093634,18,-31,80
1747014767.3453634,50,-16,72
1747014767.3803637,116,-78,44
1747014767.4153633,58,-21,-3
1747014767.4503634,2,8,40
1747014767.4863634,-21,-79,56
1747014767.5223634,64,0,64
1747014767.5573633,-19,41,20
1747014767.5933633,23,-40,110
1747014767.6283634,17,-56,72
1747014767.6633637,10,99,22
1747014767.6983633,-9,49,-49
1747014767.7343633,-64,25,96
1747014767.770363,-60,17,92
1747014767.8053634,-4,25,152
1747014767.8413634,-11,21,64
1747014767.8763633,-42,45,88
1747014767.9113634,-38,-32,92
1747014767.9463634,1,-1,108
1747014767.9823637,57,-37,76
1747014768.0183637,23,10,62
1747014768.053363,53,-54,102
1747014768.089363,-57,9,28
1747014768.1243634,-124,-2,116
1747014768.1593633,79,21,-49
1747014768.1943634,-49,43,112
1747014768.2303634,-8,-24,92
1747014768.2663634,40,-4,172
1747014768.3013637,-39,-42,184
1747014768.3373632,44,163,136
1747014768.372363,-8,31,34
1747014768.4073634,-3,-48,-19
1747014768.4423633,12,13,116
1747014768.4783633,20,22,-17
1747014768.5143633,-93,-16,140
1747014768.5493634,28,-24,88
1747014768.5853634,6,30,40
1747014768.6203637,-1,-29,106
1747014768.655363,22,-5,64
1747014768.6903634,40,-1,34
1747014768.7263634,-45,10,12
1747014768.7623634,5,-75,50
1747014768.7973633,-44,-23,144
1747014768.8333633,49,14,-1
1747014768.8683634,79,-13,108
1747014768.9033637,-9,-29,-5
1747014768.9383633,-38,19,86
1747014768.974363,-20,-26,98
1747014769.010363,65,-2,64
1747014769.0453634,21,-38,66
1747014769.0813634,-34,-58,48
1747014769.1163633,23,3,110
1747014769.1513634,-4,-1,86
1747014769.1873634,33,-37,60
1747014769.2223637,-42,37,26
1747014769.2583632,-26,26,116
1747014769.293363,-26,35,-43
1747014769.329363,-22,15,108
1747014769.3643634,31,3,72
1747014769.3993633,30,-44,40
1747014769.4423633,48,-26,100
1747014769.4783633,22,63,12
1747014769.5143633,12,49,84
1747014769.5493634,-21,21,-1
1747014769.5853634,21,36,186
1747014769.6203637,7,-51,0
1747014769.655363,64,3,228
1747014769.691363,32,-54,38
1747014769.7263634,18,-32,50
1747014769.7623634,35,49,144
1747014769.7973633,28,-4,100
1747014769.8333633,65,-82,84
1747014769.8683634,-58,77,90
1747014769.9033637,-7,37,128
1747014769.9393632,-38,-6,-7
1747014769.974363,-77,-32,68
1747014770.010363,-48,43,44
1747014770.0453634,-10,17,118
1747014770.0813634,-8,37,88
1747014770.1163633,3,49,134
1747014770.1513634,5,7,50
1747014770.1873634,13,9,32
1747014770.2223637,-42,39,152
1747014770.2583632,33,94,58
1747014770.293363,37,-7,62
1747014770.329363,-90,18,-73
1747014770.3643634,-52,-17,188
1747014770.3993633,-18,2,108
1747014770.4353633,65,42,10
1747014770.4703634,-8,-23,60
1747014770.5063634,19,-19,100
1747014770.5413637,-8,-27,104
1747014770.5773633,35,14,-53
1747014770.612363,-31,9,128
1747014770.6473634,-4,-29,26
1747014770.6833634,27,10,58
1747014770.7183633,9,-19,36
1747014770.7543633,-21,-34,132
1747014770.7893634,-23,71,76
1747014770.8253634,33,-27,52
1747014770.8613634,7,-35,98
1747014770.8963633,-14,-39,92
1747014770.931363,9,-41,174
1747014770.9673634,34,0,76
1747014771.0033634,56,-4,26
1747014771.0383637,35,-24,-3
1747014771.0743637,-36,81,34
1747014771.1093633,-86,1,46
1747014771.1443634,-7,59,8
1747014771.1793633,88,-58,26
1747014771.2153633,-37,57,64
1747014771.2513633,-57,17,70
1747014771.2863634,-6,52,22
1747014771.3223634,11,-9,50
1747014771.3573637,16,87,62
1747014771.3923633,29,-1,150
1747014771.4273634,-18,-5,-37
1747014771.4633634,57,34,-3
1747014771.4993634,15,-47,16
1747014771.5343633,-66,-37,-29
1747014771.5703633,-38,-13,-21
1747014771.6053634,9,78,108
1747014771.6403637,35,24,146
1747014771.6753633,21,-9,136
1747014771.7113633,0,102,48
1747014771.747363,20,-65,54
1747014771.7823634,54,-55,102
1747014771.8183634,4,-36,94
1747014771.8533633,94,-23,54
1747014771.8883634,50,38,172
1747014771.9233634,39,5,154
1747014771.9593637,-58,-18,50
1747014771.9953637,123,29,108
1747014772.030363,13,22,92
1747014772.066363,32,17,44
1747014772.1013634,5,57,30
1747014772.1363633,-22,-6,162
1747014772.1713634,-20,3,52
1747014772.2073634,5,13,72
1747014772.2433634,23,-18,66
1747014772.2783637,59,-42,-27
1747014772.3143632,21,-16,162
1747014772.349363,-2,1,28
1747014772.3843634,-48,-14,76
1747014772.4193633,21,-54,120
1747014772.4553633,63,-60,124
1747014772.4913633,-96,-12,132
1747014772.5263634,99,-26,98
1747014772.5623634,-2,7,164
1747014772.5973637,-40,85,12
1747014772.632363,20,-2,116
1747014772.6673634,-27,11,50
1747014772.7033634,6,-22,0
1747014772.7393634,96,-40,108
1747014772.7743633,46,3,82
1747014772.8103633,22,-24,158
1747014772.8453634,4,5,166
1747014772.8803637,38,39,-21
1747014772.9153633,30,-41,190
1747014772.951363,-37,-29,104
1747014772.987363,26,-9,26
1747014773.0223634,-1,65,20
1747014773.0583634,-39,-12,88
1747014773.0933633,0,-70,-37
1747014773.1283634,123,7,80
1747014773.1633637,-38,-28,40
1747014773.1993637,-29,-25,78
1747014773.2353632,-29,-31,84
1747014773.270363,35,-20,86
1747014773.306363,-24,-78,242
1747014773.3413634,67,21,46
1747014773.3763633,19,17,148
1747014773.4113634,-2,-40,54
1747014773.4473634,24,18,108
1747014773.4833634,40,-39,12
1747014773.5183637,4,-55,10
1747014773.5543633,-11,35,86
1747014773.589363,-15,-32,170
1747014773.6243634,-52,-59,-39
1747014773.6593633,85,32,-95
1747014773.6953633,-48,-50,102
1747014773.7313633,49,-30,40
1747014773.7663634,-32,-56,152
1747014773.8023634,7,-30,18
1747014773.8373632,-9,-44,80
1747014773.872363,-46,8,22
1747014773.9073634,53,-8,42
1747014773.9433634,13,-47,40
1747014773.9793634,-40,10,84
1747014774.0143633,47,-11,102
1747014774.0503633,-10,-36,20
1747014774.0853634,57,-52,-7
1747014774.1203637,21,65,-17
1747014774.1563632,5,-43,138
1747014774.191363,69,-10,90
1747014774.227363,23,62,132
1747014774.2623634,53,40,32
1747014774.2983634,-2,-3,82
1747014774.3333633,-88,-35,34
1747014774.3683634,-2,-47,-13
1747014774.4043634,-28,108,202
1747014774.4393632,51,-33,0
1747014774.4753633,-2,1,64
1747014774.510363,15,5,12
1747014774.5463634,-2,-43,70
1747014774.5813634,91,-11,36
1747014774.6163633,-46,86,92
1747014774.6523633,47,-51,96
1747014774.6873634,-32,-1,110
1747014774.7233634,45,-47,62
1747014774.7583632,29,64,-13
1747014774.7943633,-8,-17,8
1747014774.829363,81,32,50
1747014774.8643634,38,-6,108
1747014774.9003634,4,27,-53
1747014774.9353633,17,-66,106
1747014774.9713633,61,49,94
1747014775.0063634,77,-30,114
1747014775.0423634,73,-46,174
1747014775.0773633,-6,11,164
1747014775.112363,15,-50,34
1747014775.1483634,59,-41,66
1747014775.1833634,-14,25,154
1747014775.2193637,-50,9,14
1747014775.2543633,55,49,36
1747014775.2903633,-28,33,158
1747014775.3253634,-6,-32,-41
1747014775.3603632,-10,-34,184
1747014775.3963633,-28,-35,-7
1747014775.431363,-88,-43,-141
1747014775.4673634,1,16,70
1747014775.5023634,-28,-51,128
1747014775.5383637,19,10,124
1747014775.5733633,-18,-13,48
1747014775.6083634,27,-11,-13
1747014775.6443634,57,38,108
1747014775.6793633,-34,-6,-35
1747014775.7153633,45,3,136
1747014775.750363,-52,57,88
1747014775.7863634,71,45,48
1747014775.8213634,27,-20,190
1747014775.8563633,-22,31,118
1747014775.8923633,-16,-14,138
1747014775.9273634,23,55,-37
1747014775.9633634,26,-80,4
1747014775.9983633,14,16,80
1747014776.033363,1,81,66
1747014776.0683634,-81,35,-7
1747014776.1043634,89,21,-13
1747014776.1403637,46,1,-7
1747014776.1753633,-10,-91,60
1747014776.2113633,-28,0,82
1747014776.2463634,-32,-15,104
1747014776.2813632,32,17,152
1747014776.316363,36,75,20
1747014776.352363,-13,13,148
1747014776.3883634,-83,-24,48
1747014776.4233634,-59,41,58
1747014776.4593637,54,0,28
1747014776.4943633,57,-30,18
1747014776.5293634,-40,49,34
1747014776.5643632,-54,1,158
1747014776.6003633,-2,-42,-19
1747014776.6363633,54,5,88
1747014776.6713634,54,-48,0
1747014776.7073634,-3,7,20
1747014776.7423637,-53,-2,6
1747014776.7773633,22,-38,90
1747014776.8123634,-36,-22,42
1747014776.8483634,47,-32,74
1747014776.8843634,-16,11,118
1747014776.9193633,-26,-78,128
1747014776.9553633,-50,46,66
1747014776.9903634,-43,29,134
1747014777.0253634,-32,2,196
1747014777.0603633,71,-63,96
1747014777.0963633,-55,-80,46
1747014777.132363,-35,57,170
1747014777.1673634,24,-20,122
1747014777.2033634,24,-48,148
1747014777.2383633,-19,-40,76
1747014777.2733634,-26,61,16
1747014777.3083634,47,0,16
1747014777.3443637,-93,-72,64
1747014777.3803637,16,35,82
1747014777.4153633,30,-68,72
1747014777.451363,-19,33,46
1747014777.4863634,60,27,136
1747014777.5213633,43,61,-27
1747014777.556363,78,-2,-55
1747014777.5923634,-23,33,124
1747014777.6283634,-91,-28,162
1747014777.6633637,-77,19,64
1747014777.6993637,-3,-4,86
1747014777.7343633,28,5,126
1747014777.7693634,-23,-37,128
1747014777.8043633,8,-70,0
1747014777.8403633,-17,-82,-53
1747014777.8763633,70,-20,4
1747014777.9113634,44,37,120
1747014777.9473634,51,-14,60
1747014777.9823637,9,55,-55
1747014778.0173633,-16,37,20
1747014778.0523634,21,-14,254
1747014778.0883634,71,25,58
1747014778.1243634,-36,12,120
1747014778.1593633,-62,14,170
1747014778.1953633,-46,2,108
1747014778.2303634,-13,3,156
1747014778.2653637,35,42,-49
1747014778.3003633,-65,-48,158
1747014778.3363633,24,-56,-33
1747014778.372363,-5,-114,22
1747014778.4073634,76,-32,-21
1747014778.4433634,-4,-21,88
1747014778.4783633,9,-22,-53
1747014778.5133634,94,25,110
1747014778.5483634,31,-97,168
1747014778.5843637,49,-7,146
1747014778.6203637,-4,44,50
1747014778.655363,-23,0,144
1747014778.691363,-41,71,8
1747014778.7263634,77,44,-7
1747014778.7613633,-60,-1,104
1747014778.7963634,-17,-18,140
1747014778.8323634,93,-55,94
1747014778.8683634,-86,-59,102
1747014778.9033637,-59,-40,66
1747014778.9393632,44,-24,64
1747014778.974363,-118,2,82
1747014779.0093634,-21,29,72
1747014779.0443633,34,-40,-51
1747014779.0803633,-5,7,98
1747014779.1163633,28,-58,28
1747014779.1513634,80,-32,-1
1747014779.1873634,-9,-36,6
1747014779.2223637,-53,35,4
1747014779.257363,81,15,154
1747014779.293363,17,11,176
1747014779.3283634,-1,-46,50
1747014779.3643634,14,-124,152
1747014779.3993633,55,-30,106
1747014779.4353633,2,-11,0
1747014779.477363,58,-42,6
1747014779.5133634,-9,13,100
1747014779.5493634,36,57,86
1747014779.5843637,-31,-27,134
1747014779.6203637,-61,-87,124
1747014779.655363,-69,-20,76
1747014779.691363,18,27,26
1747014779.7263634,10,29,96
1747014779.7613633,-57,13,166
1747014779.7973633,-57,49,16
1747014779.8323634,48,14,36
1747014779.8683634,-23,-15,130
1747014779.9033637,-21,-41,106
1747014779.9393632,56,57,30
1747014779.974363,22,39,114
1747014780.0093634,46,-6,-75
1747014780.0453634,82,-22,-25
1747014780.0803633,-81,-30,128
1747014780.1163633,-47,35,0
1747014780.1513634,0,33,184
1747014780.1873634,-27,-66,2
1747014780.2223637,-3,-14,74
1747014780.257363,74,61,192
1747014780.293363,-39,29,14
1747014780.3283634,39,-15,144
1747014780.3643634,41,58,-101
1747014780.3993633,-40,-19,204
1747014780.4353633,7,-71,104
1747014780.4703634,33,46,50
1747014780.5053637,39,-21,86
1747014780.5413637,45,-23,152
1747014780.576363,7,-35,94
1747014780.612363,37,46,10
1747014780.6473634,34,-38,80
1747014780.6833634,-15,-8,52
1747014780.7193637,-97,29,92
1747014780.7553637,26,-34,-53
1747014780.7903633,-1,47,46
1747014780.8253634,30,-30,2
1747014780.8613634,-43,3,182
1747014780.8963633,-25,79,146
1747014780.9323633,-32,-17,112
1747014780.9673634,-8,54,56
1747014781.0033634,27,-21,80
1747014781.0393634,-38,-41,76
1747014781.0753634,-64,-7,-29
1747014781.1113634,-74,18,42
1747014781.1463633,-31,-56,104
1747014781.181363,4,-34,100
1747014781.2173634,-41,33,104
1747014781.2533634,8,0,114
1747014781.2883637,-46,12,70
1747014781.3243637,-52,-13,160
1747014781.3593633,-50,48,122
1747014781.3943634,-25,53,38
1747014781.4293633,-18,-56,104
1747014781.4653633,3,13,106
1747014781.5013633,73,73,-13
1747014781.5363634,19,-62,222
1747014781.5723634,73,9,58
1747014781.6073637,59,-36,-31
1747014781.6423633,60,-6,20
1747014781.6773634,79,-54,-13
1747014781.7133634,47,-14,-9
1747014781.7493634,47,65,0
1747014781.7843633,-20,23,62
1747014781.8203633,-4,-8,192
1747014781.8553634,-56,1,66
1747014781.8903637,45,-20,-121
1747014781.9253633,27,-2,42
1747014781.9613633,21,-64,80
1747014781.997363,-52,5,62
1747014782.0323634,-29,5,80
1747014782.0683634,-105,49,128
1747014782.1033633,34,6,90
1747014782.1383634,58,92,146
1747014782.1733634,37,-25,104
1747014782.2093637,-106,4,134
1747014782.2453637,4,-49,198
1747014782.280363,74,-61,128
1747014782.316363,-65,-68,-11
1747014782.3513634,48,-88,136
1747014782.3863633,46,-28,-41
1747014782.4213634,0,-32,0
1747014782.4573634,12,29,96
1747014782.4933634,4,-12,60
1747014782.5283637,-89,125,22
1747014782.5643632,16,-16,72
1747014782.599363,28,23,80
1747014782.6343634,-45,-36,44
1747014782.6693633,-11,-54,62
1747014782.7053633,69,-61,94
1747014782.7413633,-3,11,134
1747014782.7763634,54,1,44
1747014782.8123634,51,-21,154
1747014782.8473637,19,-47,222
1747014782.882363,33,12,-15
1747014782.9173634,-38,-7,32
1747014782.9533634,40,-25,76
1747014782.9893634,7,-44,18
1747014783.0243633,85,35,152
1747014783.0603633,-85,-41,62
1747014783.0953634,47,0,186
1747014783.1303637,82,-67,-3
1747014783.1653633,37,9,50
1747014783.201363,-5,-3,116
1747014783.237363,-46,-86,134
1747014783.2723634,21,-50,38
1747014783.3083634,-74,72,18
1747014783.3433633,33,0,28
1747014783.3783634,19,-21,-9
1747014783.4133637,81,-31,24
1747014783.4493637,29,-15,-71
1747014783.4853632,17,-30,62
1747014783.520363,88,-46,-5
1747014783.556363,11,12,34
1747014783.5913634,72,3,96
1747014783.6263633,45,86,10
1747014783.6613634,-69,53,24
1747014783.6973634,-31,-30,6
1747014783.7333634,-24,18,-25
1747014783.7683637,-28,-1,56
1747014783.8043633,-35,51,182
1747014783.839363,47,16,170
1747014783.8743634,-28,26,-5
1747014783.9093633,43,-11,-1
1747014783.9453633,9,20,64
1747014783.9813633,49,25,92
1747014784.0163634,-26,-20,50
1747014784.0523634,53,15,-35
1747014784.0873632,-48,73,66
1747014784.122363,107,17,30
1747014784.1573634,-8,-32,14
1747014784.1933634,41,-94,-67
1747014784.2293634,21,31,124
1747014784.2643633,-34,15,46
1747014784.3003633,-48,0,26
1747014784.3353634,21,-16,96
1747014784.3703637,3,-30,60
1747014784.4063632,37,57,62
1747014784.441363,31,-24,106
1747014784.477363,-12,77,80
1747014784.5123634,59,-30,106
1747014784.5483634,4,-5,-7
1747014784.5833633,29,79,66
1747014784.6183634,70,-19,-29
1747014784.6543634,21,65,58
1747014784.6893632,91,-18,50
1747014784.7253633,50,3,24
1747014784.760363,36,55,4
1747014784.7963634,12,25,120
1747014784.8313634,-45,51,152
1747014784.8663633,-37,63,30
1747014784.9023633,46,23,84
1747014784.9373634,12,9,64
1747014784.9733634,62,20,-19
1747014785.0083632,4,-25,38
1747014785.0443633,-5,49,-109
1747014785.079363,-11,-47,94
1747014785.1143634,14,-30,132
1747014785.1503634,0,9,66
1747014785.1853633,-33,-18,100
1747014785.2213633,-1,-36,68
1747014785.2563634,-9,-18,-77
1747014785.2923634,-22,-58,68
1747014785.3273633,40,20,42
1747014785.362363,-7,34,90
1747014785.3983634,-13,-15,44
1747014785.4333634,54,-45,38
1747014785.4693637,-31,32,102
1747014785.5043633,-13,-63,174
1747014785.5403633,20,2,108
1747014785.5753634,42,-43,-41
1747014785.6103632,-3,-45,80
1747014785.6463633,18,-3,-29
1747014785.681363,-23,18,86
1747014785.7173634,-5,12,-31
1747014785.7523634,50,58,144
1747014785.7883637,-33,46,180
1747014785.8233633,-19,-21,4
1747014785.8583634,-29,-20,166
1747014785.8943634,-21,-43,66
1747014785.9293633,40,2,52
1747014785.9653633,-85,12,62
1747014786.000363,-1,4,136
1747014786.0363634,13,-3,-9
1747014786.0713634,-88,-21,48
1747014786.1063633,-144,-9,120
1747014786.1423633,29,-15,14
1747014786.1773634,34,45,140
1747014786.2133634,-8,16,50
1747014786.2483633,-4,90,-23
1747014786.283363,-15,-16,98
1747014786.3183634,4,0,46
1747014786.3543634,32,7,28
1747014786.3903637,-5,7,36
1747014786.4253633,-53,63,58
1747014786.4613633,30,55,134
1747014786.4963634,55,-21,-7
1747014786.5313632,61,46,26
1747014786.566363,-60,50,-11
1747014786.602363,69,-55,68
1747014786.6383634,-43,-6,4
1747014786.6733634,72,47,-43
1747014786.7093637,-17,12,118
1747014786.7443633,14,-7,108
1747014786.7793634,10,18,104
1747014786.8143632,-4,47,12
1747014786.8503633,105,-6,80
1747014786.8863633,-52,-22,88
1747014786.9213634,54,0,70
1747014786.9573634,-23,27,-19
1747014786.9923637,34,43,94
1747014787.0273633,-23,26,28
1747014787.0623634,-7,-23,-73
1747014787.0983634,13,-76,72
1747014787.1343634,-33,40,80
1747014787.1693633,39,-14,62
1747014787.2053633,24,62,58
1747014787.2403634,-133,-53,-15
1747014787.2753634,-14,0,108
1747014787.3103633,35,-16,38
1747014787.3463633,-26,-18,40
1747014787.382363,-78,25,20
1747014787.4173634,71,-6,70
1747014787.4533634,-2,-38,75
1747014787.4883633,-100,-48,-52
1747014787.5233634,53,1,100
1747014787.5583634,45,-13,133
1747014787.5943637,39,20,69
1747014787.6303637,51,24,-34
1747014787.6653633,-28,17,204
1747014787.701363,-98,-10,58
1747014787.7363634,47,65,12
1747014787.7713633,-2,-70,62
1747014787.806363,11,83,253
1747014787.8423634,91,-12,91
1747014787.8783634,46,56,5
1747014787.9133637,32,5,86
1747014787.9493637,96,94,59
1747014787.9843633,-59,4,23
1747014788.0193634,-27,-5,199
1747014788.0543633,44,-21,16
1747014788.0903633,26,-17,132
1747014788.1263633,-45,52,194
1747014788.1613634,-29,30,65
1747014788.1973634,-35,-57,-1
1747014788.2323637,42,80,2
1747014788.2673633,26,2,70
1747014788.3023634,54,12,104
1747014788.3383634,40,-29,109
1747014788.3743634,-18,-42,-14
1747014788.4093633,6,-9,47
1747014788.4453633,-4,-54,33
1747014788.4803634,-51,14,-13
1747014788.5153637,2,-39,34
1747014788.5503633,12,102,56
1747014788.5863633,-95,-31,84
1747014788.622363,3,43,54
1747014788.6573634,83,-88,118
1747014788.6933634,-50,19,35
1747014788.7283633,33,35,71
1747014788.7633634,87,-24,120
1747014788.7983634,25,-24,-3
1747014788.8343637,-15,-36,-67
1747014788.8703637,-59,21,50
1747014788.905363,-43,-14,84
1747014788.941363,38,-25,-41
1747014788.9763634,6,-31,74
1747014789.0113633,36,-35,-17
1747014789.0463634,-13,-65,-27
1747014789.0823634,-82,-16,106
1747014789.1183634,-51,-7,52
1747014789.1533637,28,55,75
1747014789.1893632,-57,15,-4
1747014789.224363,36,-6,22
1747014789.2593634,-20,39,1
1747014789.2953634,-23,49,79
1747014789.3303633,-66,-8,44
1747014789.3663633,73,9,42
1747014789.4013634,77,43,144
1747014789.4373634,-52,-12,143
1747014789.4793634,-80,13,79
1747014789.5153637,19,-60,42
1747014789.5513637,7,1,26
1747014789.5863633,-16,-27,84
1747014789.622363,-80,6,80
1747014789.6573634,43,-8,152
1747014789.6933634,21,67,-7
1747014789.7283633,-64,9,160
1747014789.7633634,51,-44,216
1747014789.7993634,25,44,240
1747014789.8343637,-62,-22,14
1747014789.8703637,49,-61,18
1747014789.905363,-80,-1,72
1747014789.941363,28,-30,56
1747014789.9763634,-50,9,30
1747014790.0113633,27,43,98
1747014790.0473633,29,-30,128
1747014790.0823634,-53,14,146
1747014790.1183634,67,25,74
1747014790.1533637,0,-22,64
1747014790.1893632,-60,-30,32
1747014790.224363,47,31,128
1747014790.2593634,8,-26,112
1747014790.2953634,55,-26,28
1747014790.3303633,-27,-64,126
1747014790.3663633,-92,-10,126
1747014790.4013634,27,11,50
1747014790.4373634,75,39,116
1747014790.4723637,12,-74,60
1747014790.507363,-15,19,54
1747014790.543363,16,35,30
1747014790.5783634,-83,0,202
1747014790.6143634,-61,-38,-41
1747014790.6493633,-69,35,116
1747014790.6853633,20,29,20
1747014790.7203634,79,20,8
1747014790.7553637,-12,30,62
1747014790.7913637,-80,-53,84
1747014790.826363,38,33,-5
1747014790.862363,-4,38,17
1747014790.8973634,-1,1,12
1747014790.9333634,0,27,-74
1747014790.9683633,23,34,145
1747014791.0033634,35,-6,9
1747014791.0393634,25,-7,61
1747014791.0743637,-30,52,-13
1747014791.1103632,-38,-7,-39
1747014791.145363,1,-61,-27
1747014791.181363,95,4,115
1747014791.2173634,47,-9,-14
1747014791.2523634,-100,48,22
1747014791.2873633,5,-25,109
1747014791.3233633,-38,24,89
1747014791.3593633,28,-14,135
1747014791.3943634,-11,-28,-81
1747014791.4303634,10,-24,202
1747014791.4653633,-52,38,56
1747014791.500363,57,60,-5
1747014791.5353634,-47,65,5
1747014791.5713634,85,0,72
1747014791.6073637,77,2,82
1747014791.6423633,52,3,102
1747014791.678363,-3,29,62
1747014791.7133634,36,31,152
1747014791.7483633,12,-37,66
1747014791.783363,-53,-18,126
1747014791.8193634,16,63,22
1747014791.8553634,124,-60,176
1747014791.8903637,32,3,189
1747014791.9263637,-93,41,75
1747014791.9613633,28,29,11
1747014791.9963634,88,31,11
1747014792.0313632,-11,36,-10
1747014792.0673633,-53,2,25
1747014792.1033633,-31,-73,67
1747014792.1383634,54,27,-8
1747014792.1743634,46,19,8
1747014792.2093637,14,9,96
1747014792.2443633,48,2,70
1747014792.2793634,35,27,90
1747014792.3153634,-10,27,110
1747014792.3513634,47,-80,140
1747014792.3863633,49,41,83
1747014792.4223633,-18,127,35
1747014792.4573634,111,58,213
1747014792.4923637,-19,79,97
1747014792.5273633,14,59,143
1747014792.5633633,84,65,-63
1747014792.599363,35,35,87
1747014792.6343634,-22,-70,137
1747014792.6703634,22,0,73
1747014792.7053633,34,9,23
1747014792.7403634,13,9,-58
1747014792.7753634,-3,10,94
1747014792.8113637,18,50,96
1747014792.8473637,92,-33,50
1747014792.882363,79,-7,-17
1747014792.918363,5,66,26
1747014792.9533634,-58,32,44
1747014792.9883633,-24,-27,194
1747014793.0233634,-36,36,88
1747014793.0593634,-56,-34,38
1747014793.0953634,25,-30,94
1747014793.1303637,9,40,72
1747014793.1663637,45,-31,210
1747014793.201363,-28,50,94
1747014793.2363634,-2,32,122
1747014793.2713633,-28,32,106
1747014793.3073633,-14,-50,-43
1747014793.3433633,0,-54,72
1747014793.3783634,-27,6,38
1747014793.4143634,-15,-91,86
1747014793.4493637,-74,-36,46
1747014793.4843633,33,6,90
1747014793.5193634,41,63,111
1747014793.5553634,-72,-56,125
1747014793.5913634,25,77,73
1747014793.6263633,-14,33,150
1747014793.6623633,-8,-70,135
1747014793.6973634,-30,-18,118
1747014793.7323637,7,63,69
1747014793.7673633,-86,-34,77
1747014793.803363,-42,-18,-7
1747014793.839363,-10,1,158
1747014793.8743634,0,25,-25
1747014793.9103634,-29,36,-13
1747014793.9453633,60,-75,-77
1747014793.9803634,-19,14,-1
1747014794.0153637,81,26,72
1747014794.0513637,31,11,42
1747014794.0873632,-12,-17,134
1747014794.122363,-46,20,100
1747014794.158363,1,-25,80
1747014794.1933634,5,-63,150
1747014794.2283633,9,-15,-24
1747014794.2633634,55,102,-52
1747014794.2993634,-34,2,-28
1747014794.3353634,0,-19,15
1747014794.3703637,-120,-63,93
1747014794.4063632,9,-5,35
1747014794.441363,23,0,231
1747014794.4763634,41,32,61
1747014794.5123634,-66,-19,1
1747014794.5473633,13,22,121
1747014794.5833633,49,-83,-34
1747014794.6183634,-14,-47,59
1747014794.6543634,27,18,94
1747014794.6893632,57,-13,-7
1747014794.724363,45,40,182
1747014794.760363,17,-69,220
1747014794.7953634,-60,-14,74
1747014794.8313634,-52,41,44
1747014794.8663633,31,-28,110
1747014794.9023633,59,-66,138
1747014794.9373634,13,5,46
1747014794.9723637,83,-6,110
1747014795.0083632,26,56,52
1747014795.043363,35,95,-3
1747014795.079363,31,11,4
1747014795.1143634,14,28,144
1747014795.1503634,-44,45,4
1747014795.1853633,24,42,56
1747014795.2203634,-4,-32,72
1747014795.2563634,-76,-128,182
1747014795.2913637,30,-11,158
1747014795.3273633,67,-14,62
1747014795.362363,-25,16,120
1747014795.3983634,-64,23,48
1747014795.4333634,-16,7,186
1747014795.4683633,53,-38,-3
1747014795.5043633,35,15,47
1747014795.5393634,87,-75,1
1747014795.5753634,95,9,177
1747014795.6103632,75,-34,83
1747014795.6463633,48,23,130
1747014795.681363,48,27,114
1747014795.7163634,31,-64,98
1747014795.7523634,-25,-42,62
1747014795.7873633,31,-46,42
1747014795.8233633,3,-68,8
1747014795.8583634,53,-10,127
1747014795.8943634,39,53,-2
1747014795.9293633,-13,-14,153
1747014795.964363,10,-10,93
1747014796.000363,34,9,77
1747014796.0353634,-4,-66,53
1747014796.0713634,35,39,16
1747014796.1063633,-64,-42,48
1747014796.1423633,42,-2,40
1747014796.1773634,54,-18,13
1747014796.2123632,2,1,61
1747014796.2483633,56,1,125
1747014796.283363,-3,-26,69
1747014796.3193634,4,-16,75
1747014796.3543634,-59,16,81
1747014796.3893633,-15,4,-16
1747014796.4243634,-19,18,135
1747014796.4603634,-67,-1,113
1747014796.4963634,42,14,26
1747014796.5313632,-17,8,110
1747014796.5673633,28,-43,66
1747014796.602363,6,26,80
1747014796.6373634,-13,-65,12
1747014796.6723633,-20,-7,100
1747014796.7083633,2,-25,-19
1747014796.7443633,42,-35,36
1747014796.7793634,38,-49,82
1747014796.8153634,-17,16,-9
1747014796.8503633,-121,18,102
1747014796.885363,-5,58,20
1747014796.9203634,-49,6,26
1747014796.9563634,44,-15,56
1747014796.9923637,-33,38,78
1747014797.0273633,-13,20,110
1747014797.0633633,-63,44,69
1747014797.0983634,44,-29,75
1747014797.1333632,-47,-7,59
1747014797.168363,80,54,29
1747014797.204363,-55,-21,121
1747014797.2403634,-39,-13,1
1747014797.2753634,-6,-13,-84
1747014797.3113637,-29,-1,198
1747014797.3463633,-9,56,102
1747014797.3813634,-13,0,158
1747014797.4163637,14,-49,50
1747014797.4523633,-26,29,52
1747014797.4883633,39,-12,66
1747014797.5233634,-32,-66,10
1747014797.5593634,-6,35,60
1747014797.5943637,39,49,40
1747014797.6293633,-34,61,-14
1747014797.6643634,-25,-29,-3
1747014797.7003634,96,-55,-97
1747014797.7363634,-111,-63,91
1747014797.7713633,36,2,38
1747014797.8073633,44,-71,134
1747014797.8423634,-69,16,37
1747014797.8773634,32,-21,46
1747014797.9123633,32,-39,168
1747014797.9483633,-63,-49,178
1747014797.9843633,-4,10,2
1747014798.0193634,28,24,16
1747014798.0553634,26,14,76
1747014798.0903633,70,84,190
1747014798.125363,-11,-71,126
1747014798.1603634,22,-55,68
1747014798.1963634,120,-49,96
1747014798.2323637,-65,-19,92
1747014798.2673633,26,-27,78
1747014798.303363,16,-37,148
1747014798.3383634,-18,-39,50
1747014798.3733633,-2,54,96
1747014798.408363,-24,28,-77
1747014798.4443634,80,4,38
1747014798.4803634,22,62,146
1747014798.5153637,-3,12,-61
1747014798.5513637,-18,-67,293
1747014798.5863633,2,-41,171
1747014798.6213634,-23,-5,33
1747014798.6563632,0,-1,105
1747014798.6923633,-43,18,45
1747014798.7283633,-25,20,53
1747014798.7633634,-43,2,32
1747014798.7993634,24,0,93
1747014798.8343637,30,2,13
1747014798.8693633,4,-17,151
1747014798.9043634,76,-105,-20
1747014798.9403634,-18,-95,71
1747014798.9763634,-10,-71,94
1747014799.0113633,41,-23,-47
1747014799.0473633,-46,-19,70
1747014799.0823634,39,-19,51
1747014799.1173637,-32,66,19
1747014799.1523633,41,12,65
1747014799.1883633,-16,22,93
1747014799.224363,-62,-61,-64
1747014799.2593634,-25,-89,-46
1747014799.2953634,-7,6,-72
1747014799.3303633,-54,11,-6
1747014799.3653634,-64,-16,-58
1747014799.4003634,-104,-82,1
1747014799.4363637,25,-32,-42
1747014799.4723637,66,-39,-17
1747014799.5143633,105,83,54
1747014799.5513637,0,-10,88
1747014799.5863633,-68,-16,86
1747014799.6213634,-19,0,-9
1747014799.6573634,-9,-45,140
1747014799.6923633,-3,-23,114
1747014799.7283633,-77,0,168
1747014799.7633634,6,-35,-41
1747014799.7993634,49,-91,146
1747014799.8343637,63,32,6
1747014799.8693633,0,-5,-15
1747014799.905363,-56,-15,162
1747014799.9403634,-4,87,200
1747014799.9763634,-20,-44,64
1747014800.0113633,60,-68,8
1747014800.0473633,46,21,84
1747014800.0823634,34,63,96
1747014800.1173637,-77,-30,61
1747014800.1533637,-37,9,-20
1747014800.1883633,19,-10,-58
1747014800.224363,-86,-80,47
1747014800.2593634,-80,41,81
1747014800.2953634,4,6,15
1747014800.3303633,26,16,-3
1747014800.3653634,-62,47,-19
1747014800.4013634,-59,-19,107
1747014800.4363637,92,18,169
1747014800.4723637,60,-15,-52
1747014800.507363,8,74,91
1747014800.543363,48,-23,167
1747014800.5783634,12,46,169
1747014800.6133633,-11,-45,96
1747014800.6493633,48,-9,74
1747014800.6843634,-3,-33,63
1747014800.7203634,79,-25,124
1747014800.7553637,-32,54,-26
1747014800.7913637,1,-13,54
1747014800.826363,4,-64,92
1747014800.8613634,49,6,117
1747014800.8973634,-88,-27,145
1747014800.9323633,-48,22,26
1747014800.9683633,63,34,97
1747014801.0033634,-41,41,-10
1747014801.0393634,-29,41,-98
1747014801.0743637,-5,72,159
1747014801.1093633,-19,-27,27
1747014801.145363,-11,42,133
1747014801.1803634,87,-9,-6
1747014801.2163634,31,-81,-13
1747014801.2513633,-132,18,66
1747014801.2873633,-77,16,50
1747014801.3223634,72,16,-16
1747014801.3573637,23,-45,55
1747014801.3933637,-49,20,41
1747014801.428363,-2,-19,-14
1747014801.464363,24,-11,45
1747014801.4993634,-95,-27,-10
1747014801.5343633,92,-9,-118
1747014801.5693634,0,-37,13
1747014801.6053634,2,-45,82
1747014801.6413634,-1,-53,200
1747014801.6763637,102,30,80
1747014801.7123632,-7,-35,6
1747014801.747363,38,-21,-37
1747014801.7823634,6,-11,58
1747014801.8173633,-47,94,40
1747014801.8533633,1,-8,69
1747014801.8893633,-40,33,95
1747014801.9243634,55,-52,135
1747014801.9603634,-5,32,49
1747014801.9953637,56,-47,23
1747014802.030363,46,-39,90
1747014802.0653634,86,-17,4
1747014802.1013634,8,-1,58
1747014802.1373634,-77,-11,104
1747014802.1723633,-11,-25,130
1747014802.2083633,78,-25,128
1747014802.2433634,21,-80,26
1747014802.2783637,50,10,54
1747014802.3133633,26,-1,214
1747014802.349363,130,78,-5
1747014802.385363,-21,-27,36
1747014802.4203634,-43,-27,144
1747014802.4563634,112,-70,242
1747014802.4913633,36,11,196
1747014802.5263634,-47,47,120
1747014802.5613637,2,67,142
1747014802.5973637,-37,23,88
1747014802.6333632,-120,5,-29
1747014802.668363,0,81,76
1747014802.704363,10,45,74
1747014802.7393634,62,-66,37
1747014802.7743633,-31,-6,25
1747014802.8093634,-79,-40,37
1747014802.8453634,-15,-6,89
1747014802.8813634,-83,-40,41
1747014802.9163637,16,-16,143
1747014802.9523633,-30,-4,97
1747014802.987363,4,-2,-12
1747014803.0223634,-5,-16,126
1747014803.0573633,-39,-32,118
1747014803.0933633,32,-11,146
1747014803.1293633,-24,-42,63
1747014803.1643634,-52,-14,75
1747014803.2003634,3,7,135
1747014803.2353632,29,-28,6
1747014803.270363,-55,0,-57
1747014803.3053634,-35,-5,104
1747014803.3413634,-55,66,35
1747014803.3773634,-19,-55,69
1747014803.4123633,8,12,-68
1747014803.4483633,24,-23,21
1747014803.4833634,-85,-13,15
1747014803.5183637,-50,69,93
1747014803.553363,64,6,11
1747014803.589363,-34,69,155
1747014803.625363,-70,65,-58
1747014803.6603634,67,-22,91
1747014803.6963634,-68,-28,37
1747014803.7313633,-22,31,69
1747014803.7663634,-4,-36,-19
1747014803.8013637,97,-26,12
1747014803.8373632,-58,-2,32
1747014803.8733633,-61,-80,158
1747014803.908363,10,-20,94
1747014803.9443634,-35,69,124
1747014803.9793634,16,-12,111
1747014804.0143633,28,27,41
1747014804.0493634,-27,-23,11
1747014804.0853634,-18,-22,59
1747014804.1213634,-14,35,33
1747014804.1563632,12,72,81
1747014804.1923633,44,32,88
1747014804.227363,-73,-61,63
1747014804.2623634,50,60,71
1747014804.2973633,-43,-17,161
1747014804.3333633,-31,8,49
1747014804.3693633,16,28,152
1747014804.4043634,-12,52,30
1747014804.4403634,-33,-29,116
1747014804.4753633,-1,-31,48
1747014804.510363,16,-19,46
1747014804.5463634,6,-27,94
1747014804.5813634,-9,-11,112
1747014804.6173637,57,39,116
1747014804.6523633,2,2,0
1747014804.6883633,34,-17,98
1747014804.7233634,-43,-25,20
1747014804.7583632,-39,17,181
1747014804.7943633,-27,33,35
1747014804.829363,-49,23,113
1747014804.8653634,33,9,75
1747014804.9003634,27,-58,165
1747014804.9363637,-56,45,39
1747014804.9713633,-20,-21,71
1747014805.0063634,7,42,115
1747014805.0423634,17,-41,155
1747014805.0773633,47,70,9
1747014805.1133633,-10,46,49
1747014805.1483634,65,42,161
1747014805.1843634,39,-11,79
1747014805.2193637,-30,22,63
1747014805.2543633,-44,-45,93
1747014805.2903633,-62,66,-26
1747014805.3253634,-14,51,53
1747014805.3613634,0,36,29
1747014805.3963633,47,-11,17
1747014805.4323633,31,-53,-2
1747014805.4673634,67,18,111
1747014805.5023634,83,30,3
1747014805.5383637,3,-33,-40
1747014805.5733633,-66,-75,-48
1747014805.6093633,-24,80,13
1747014805.6443634,-1,-45,125
1747014805.6803634,0,-19,118
1747014805.7153633,-3,140,108
1747014805.750363,10,24,94
1747014805.7863634,-17,-39,88
1747014805.8213634,-3,-25,-41
1747014805.8573637,58,-13,102
1747014805.8923633,-75,-41,61
1747014805.928363,10,-18,174
1747014805.9633634,86,46,36
1747014805.9983633,66,-68,0
1747014806.0343633,74,-38,37
1747014806.0693634,0,24,61
1747014806.1053634,79,-46,-30
1747014806.1403637,-42,68,73
1747014806.1763637,-45,-44,129
1747014806.2113633,6,19,-12
1747014806.2463634,-25,-44,79
1747014806.2823634,8,-13,37
1747014806.3173633,42,62,55
1747014806.3533633,-9,8,23
1747014806.3883634,-33,-37,23
1747014806.4233634,-16,34,71
1747014806.4583633,90,-57,147
1747014806.4943633,18,38,57
1747014806.530363,86,58,43
1747014806.5653634,34,-6,-6
1747014806.6013634,-65,-51,33
1747014806.6363633,76,22,193
1747014806.6713634,-33,24,11
1747014806.7063634,-93,-57,171
1747014806.7423637,21,-14,-46
1747014806.7783637,10,-67,113
1747014806.8133633,45,27,57
1747014806.849363,-4,44,137
1747014806.8843634,-26,-4,167
1747014806.9193633,33,-28,211
1747014806.954363,-60,33,-4
1747014806.9903634,37,-29,101
1747014807.0263634,93,27,113
1747014807.0613637,33,1,51
1747014807.0973637,11,9,113
1747014807.132363,-32,30,131
1747014807.1673634,-50,0,125
1747014807.2023633,7,-33,103
1747014807.2383633,0,22,3
1747014807.2743633,11,-12,9
1747014807.3093634,-50,23,-70
1747014807.3453634,-2,-18,-72
1747014807.3803637,-76,57,33
1747014807.4153633,-30,29,63
1747014807.4503634,-70,79,51
1747014807.4863634,69,67,49
1747014807.5223634,42,8,127
1747014807.5573633,36,14,139
1747014807.5933633,-24,-37,111
1747014807.6283634,43,-45,75
1747014807.6633637,-16,-51,195
1747014807.6983633,-30,15,-48
1747014807.7343633,-14,25,-76
1747014807.770363,61,-44,111
1747014807.8053634,69,-8,67
1747014807.8413634,71,-24,127
1747014807.8763633,-57,2,96
1747014807.9113634,-11,-48,106
1747014807.9463634,-31,55,106
1747014807.9823637,38,-22,47
1747014808.0183637,24,-14,97
1747014808.053363,-33,27,133
1747014808.089363,13,12,91
1747014808.1243634,35,-63,19
1747014808.1593633,79,34,43
1747014808.1943634,28,49,103
1747014808.2303634,-59,19,37
1747014808.2663634,-14,26,53
1747014808.3013637,66,5,109
1747014808.3373632,4,47,113
1747014808.372363,10,8,29
1747014808.4073634,5,-30,69
1747014808.4423633,0,69,89
1747014808.4783633,69,43,78
1747014808.5143633,-45,14,94
1747014808.5493634,4,-11,172
1747014808.5853634,4,4,-20
1747014808.6203637,71,7,69
1747014808.655363,10,42,159
1747014808.6903634,32,-1,-48
1747014808.7263634,-38,11,-14
1747014808.7623634,-2,9,91
1747014808.7973633,-17,56,90
1747014808.8333633,6,-25,105
1747014808.8683634,56,-49,51
1747014808.9033637,48,8,185
1747014808.9383633,-77,-11,129
1747014808.974363,30,-79,31
1747014809.010363,34,-19,35
1747014809.0453634,-51,42,117
1747014809.0813634,-77,2,-8
1747014809.1163633,46,-2,149
1747014809.1513634,44,7,20
1747014809.1863637,80,41,96
1747014809.2223637,-35,-6,124
1747014809.2583632,-22,-12,24
1747014809.293363,42,-32,54
1747014809.329363,12,-40,-65
1747014809.3643634,22,71,-5
1747014809.3993633,-23,-20,104
1747014809.4343634,-9,3,-21
1747014809.4703634,-44,-40,102
1747014809.5063634,24,9,150
1747014809.5483634,54,7,137
1747014809.5853634,34,-4,19
1747014809.6203637,-79,11,133
1747014809.655363,-65,51,-74
1747014809.691363,-27,51,7
1747014809.7263634,32,65,115
1747014809.7623634,-13,-24,-23
1747014809.7973633,-43,-4,42
1747014809.8333633,-2,17,28
1747014809.8683634,-64,10,84
1747014809.9033637,3,54,-75
1747014809.9393632,-10,8,-37
1747014809.974363,3,0,55
1747014810.010363,67,-4,77
1747014810.0453634,-38,1,-20
1747014810.0813634,49,-34,102
1747014810.1163633,-10,-32,73
1747014810.1513634,-26,-21,38
1747014810.1873634,-66,-40,8
1747014810.2223637,-142,-33,61
1747014810.2583632,39,38,94
1747014810.293363,-70,-60,128
1747014810.329363,49,13,70
1747014810.3643634,-34,-16,108
1747014810.3993633,27,-11,224
1747014810.4353633,36,67,4
1747014810.4703634,29,84,-71
1747014810.5063634,4,45,76
1747014810.5413637,-4,42,198
1747014810.5773633,-14,-3,10
1747014810.612363,-2,30,18
1747014810.6473634,35,-7,98
1747014810.6833634,-1,29,22
1747014810.7183633,72,17,42
1747014810.7543633,-45,65,110
1747014810.7893634,70,21,80
1747014810.8253634,54,50,48
1747014810.8603632,0,42,64
1747014810.895363,-31,-28,166
1747014810.931363,-15,15,68
1747014810.9663634,19,-17,80
1747014811.0023634,2,-111,-23
1747014811.0373633,32,21,-1
1747014811.0733633,-123,-96,16
1747014811.1083634,-8,-67,233
1747014811.1433637,17,22,63
1747014811.1793633,-56,19,-37
1747014811.214363,-20,36,28
1747014811.250363,-132,43,90
1747014811.2853634,45,-14,177
1747014811.3213634,11,25,-30
1747014811.3563633,53,47,119
1747014811.3913634,7,-6,39
1747014811.4273634,-20,11,115
1747014811.4623632,29,7,93
1747014811.4983633,-14,-44,135
1747014811.533363,34,-18,91
1747014811.5683634,-19,95,33
1747014811.6033633,-41,13,45
1747014811.6393633,-17,57,71
1747014811.6753633,42,35,57
1747014811.7103634,26,17,71
1747014811.7463634,-57,-47,31
1747014811.7813632,-49,-43,7
1747014811.816363,-25,-19,117
1747014811.8513634,-35,46,166
1747014811.8873634,-11,-27,-8
1747014811.9233634,37,-42,103
1747014811.9583633,3,-40,71
1747014811.9943633,28,-8,35
1747014812.0293634,32,-48,102
1747014812.0643632,0,11,165
1747014812.099363,-65,111,87
1747014812.135363,-68,-30,101
1747014812.1713634,-5,-42,71
1747014812.2063634,2,-36,201
1747014812.2423637,37,35,119
1747014812.2773633,-27,-25,25
1747014812.3123634,-53,29,123
1747014812.3473637,82,-88,169
1747014812.3833632,-19,-3,41
1747014812.4193633,107,17,31
1747014812.454363,-10,-110,85
1747014812.4903634,16,-57,91
1747014812.5253634,42,22,37
1747014812.5603633,-19,50,45
1747014812.5953634,-9,-41,40
1747014812.6313634,32,-19,-12
1747014812.6673634,106,52,57
1747014812.7023633,1,38,113
1747014812.7383633,29,-69,167
1747014812.7733634,-12,34,109
1747014812.8083634,-36,-11,115
1747014812.8433633,49,0,41
1747014812.8793633,-40,-5,-56
1747014812.9153633,-28,50,67
1747014812.9503634,-70,-1,27
1747014812.9863634,35,-15,-5
1747014813.0213633,3,10,20
1747014813.056363,35,-37,-191
1747014813.0913634,-94,40,242
1747014813.1273634,-2,4,-29
1747014813.1633637,-34,-5,54
1747014813.1983633,29,-55,98
1747014813.2343633,21,52,5
1747014813.2693634,27,30,78
1747014813.3043633,39,20,176
1747014813.339363,27,-63,146
1747014813.375363,9,56,55
1747014813.4113634,-32,-61,-15
1747014813.4463634,0,18,107
1747014813.4823637,25,-49,-66
1747014813.5173633,23,-47,99
1747014813.5523634,-26,-15,117
1747014813.5873632,33,4,-13
1747014813.6233633,37,62,106
1747014813.6593633,8,36,140
1747014813.6943634,-47,-27,116
1747014813.7303634,126,-13,-11
1747014813.7653637,-23,-69,123
1747014813.8003633,26,-13,63
1747014813.8353634,-7,38,14
1747014813.8713634,52,-45,56
1747014813.9073634,44,30,0
1747014813.9423633,31,52,13
1747014813.9783633,15,-27,-34
1747014814.0133634,103,-79,-10
1747014814.0483634,-16,-13,53
1747014814.0833633,106,-7,99
1747014814.1193633,95,39,77
1747014814.155363,23,36,83
1747014814.1903634,53,-25,77
1747014814.2263634,19,47,37
1747014814.2613633,3,-60,7
1747014814.2963634,-28,16,3
1747014814.3313634,93,-15,9
1747014814.3673637,87,22,35
1747014814.4033637,43,18,119
1747014814.4383633,-43,11,77
1747014814.474363,-38,-15,106
1747014814.5093634,33,68,84
1747014814.5443633,-30,6,80
1747014814.579363,-8,12,68
1747014814.6153634,-86,-10,92
1747014814.6513634,9,-8,152
1747014814.6863637,53,5,80
1747014814.7223637,-28,-40,-45
1747014814.757363,-64,11,66
1747014814.7923634,0,51,12
1747014814.8283634,-71,11,-9
1747014814.8633633,-83,11,49
1747014814.8993633,-73,23,-69
1747014814.9343634,26,-34,108
1747014814.9703634,-61,29,-2
1747014815.0053637,-5,3,103
1747014815.0403633,-13,19,127
1747014815.076363,6,29,23
1747014815.1113634,-41,9,3
1747014815.1473634,12,-56,74
1747014815.1823633,6,62,48
1747014815.2183633,14,-27,34
1747014815.2533634,-43,-11,-29
1747014815.2883637,-9,-69,188
1747014815.3243637,28,47,70
1747014815.3593633,70,-47,110
1747014815.395363,-89,-16,85
1747014815.4303634,-16,-51,155
1747014815.4663634,-12,-115,75
1747014815.5013633,-78,20,111
1747014815.5363634,13,-69,127
1747014815.5723634,1,26,113
1747014815.6073637,11,42,189
1747014815.6433637,95,-13,5
1747014815.678363,1,44,-26
1747014815.714363,15,-37,53
1747014815.7493634,-14,-51,11
1747014815.7843633,-4,6,65
1747014815.8203633,53,-76,51
1747014815.8553634,53,-24,127
1747014815.8913634,23,5,49
1747014815.9263637,-2,-20,183
1747014815.9623632,-66,113,125
1747014815.997363,-8,21,74
1747014816.0323634,-14,1,73
1747014816.0683634,30,-19,75
1747014816.1033633,52,-12,120
1747014816.1393633,25,-24,142
1747014816.1743634,7,13,-35
1747014816.2103634,13,31,98
1747014816.2453637,3,39,68
1747014816.280363,48,22,38
1747014816.316363,8,84,-5
1747014816.3513634,10,-19,90
1747014816.3873634,-47,22,0
1747014816.4223633,2,27,184
1747014816.4583633,32,-8,54
1747014816.4933634,4,38,124
1747014816.5283637,38,10,234
1747014816.5643632,28,-9,-1
1747014816.599363,-17,-15,68
1747014816.635363,28,94,50
1747014816.6703634,-19,90,52
1747014816.7053633,-21,62,32
1747014816.7403634,58,-13,110
1747014816.7763634,2,-29,272
1747014816.8123634,6,-11,-13
1747014816.8473637,51,-23,97
1747014816.8833632,5,-65,231
1747014816.918363,47,16,167
1747014816.9533634,0,121,51
1747014816.9883633,-2,23,99
1747014817.0243633,93,-63,-8
1747014817.0603633,-28,42,35
1747014817.0953634,-4,14,69
1747014817.1313634,4,-81,65
1747014817.1663637,-9,-13,-12
1747014817.201363,37,103,0
1747014817.2363634,19,37,73
1747014817.2723634,53,-28,63
1747014817.3083634,-73,-31,7
1747014817.3433633,73,-86,8
1747014817.3793633,25,-10,70
1747014817.4143634,-28,-8,42
1747014817.4493637,13,6,62
1747014817.4843633,0,-25,167
1747014817.520363,45,-45,169
1747014817.556363,-37,-27,89
1747014817.5913634,-17,46,-3
1747014817.6273634,-90,-9,61
1747014817.6623633,40,2,139
1747014817.6973634,-27,-49,87
1747014817.7323637,-47,42,62
1747014817.7683637,34,8,-25
1747014817.8043633,32,-17,-25
1747014817.839363,38,32,100
1747014817.875363,-47,28,64
1747014817.9103634,-61,14,120
1747014817.9453633,-79,-125,106
1747014817.9803634,-13,-3,29
1747014818.0163634,-27,-29,1
1747014818.0523634,79,31,119
1747014818.0873632,2,30,-8
1747014818.1233633,104,56,95
1747014818.158363,-5,-43,-50
1747014818.1933634,23,38,103
1747014818.2283633,7,72,67
1747014818.2643633,-14,27,41
1747014818.3003633,51,-18,-54
1747014818.3353634,25,0,68
1747014818.3713634,68,21,132
1747014818.4063632,-28,-52,-17
1747014818.441363,-7,-91,84
1747014818.4763634,-17,-53,182
1747014818.5123634,66,-3,26
1747014818.5483634,-45,16,118
1747014818.5833633,2,-25,6
1747014818.6193633,-51,-29,76
1747014818.6543634,12,16,102
1747014818.6893632,111,-57,138
1747014818.724363,72,-35,94
1747014818.760363,-13,54,51
1747014818.7963634,-32,50,91
1747014818.8313634,14,-44,-18
1747014818.8673637,-37,1,57
1747014818.9023633,3,54,23
1747014818.9373634,-1,-24,132
1747014818.9723637,-4,-61,90
1747014819.0083632,-18,16,2
1747014819.0443633,-77,0,92
1747014819.079363,31,12,14
1747014819.1153634,-15,-34,52
1747014819.1503634,-8,-17,-37
1747014819.1853633,11,-17,121
1747014819.2203634,-72,34,94
1747014819.2563634,-66,-73,68
1747014819.2923634,-26,-47,84
1747014819.3273633,-33,26,-10
1747014819.3633633,-9,58,181
1747014819.3983634,38,40,84
1747014819.4333634,3,19,50
1747014819.4683633,-34,3,53
1747014819.5043633,-42,-6,169
1747014819.5403633,-92,-2,44
1747014819.5823634,67,-4,-109
1747014819.6193633,-4,11,50
1747014819.6543634,67,-12,58
1747014819.6893632,-54,21,2
1747014819.724363,11,-42,212
1747014819.760363,-82,-18,-7
1747014819.7963634,3,26,23
1747014819.8313634,35,14,173
1747014819.8673637,26,32,36
1747014819.9023633,-15,12,99
1747014819.9373634,-63,60,0
1747014819.9733634,-89,-5,153
1747014820.0083632,52,10,131
1747014820.0443633,55,-24,113
1747014820.079363,-16,-8,41
1747014820.1153634,7,5,71
1747014820.1503634,-2,11,104
1747014820.1853633,25,1,101
1747014820.2213633,79,-74,92
1747014820.2563634,-8,-62,156
1747014820.2923634,19,-58,-13
1747014820.3273633,19,-20,67
1747014820.3633633,-70,41,102
1747014820.3983634,-42,6,148
1747014820.4333634,29,44,30
1747014820.4693637,81,-31,140
1747014820.5043633,21,10,118
1747014820.5413637,-56,-25,100
1747014820.576363,33,99,94
1747014820.612363,37,15,214
1747014820.6473634,-8,-6,102
1747014820.6833634,19,26,150
1747014820.7183633,-14,-1,-20
1747014820.7533634,-20,22,47
1747014820.7893634,-78,18,113
1747014820.8243637,0,-55,155
1747014820.8603632,21,-97,-6
1747014820.895363,-10,-9,-4
1747014820.931363,-14,31,119
1747014820.9663634,79,30,47
1747014821.0013633,13,0,2
1747014821.0373633,-34,-25,105
1747014821.0723634,19,6,15
1747014821.1083634,33,40,9
1747014821.1433637,61,12,7
1747014821.1793633,-12,34,-74
1747014821.214363,1,-75,73
1747014821.2493634,2,-58,15
1747014821.2853634,-4,-27,73
1747014821.3203633,-14,56,99
1747014821.3563633,25,40,105
1747014821.3913634,43,-25,-20
1747014821.4273634,0,20,97
1747014821.4623632,-44,-31,123
1747014821.497363,-48,19,25
1747014821.533363,-8,14,113
1747014821.5683634,-34,20,0
1747014821.6043634,19,30,-62
1747014821.6393633,31,50,67
1747014821.6753633,47,-59,0
1747014821.7113633,37,14,145
1747014821.7463634,-12,-11,161
1747014821.7813632,-4,37,-14
1747014821.8173633,-20,40,-6
1747014821.8533633,-54,-7,123
1747014821.8883634,-4,14,35
1747014821.9243634,1,16,3
1747014821.9593637,1,-73,57
1747014821.9943633,1,-5,11
1747014822.0293634,43,-71,27
1747014822.0653634,51,2,101
1747014822.1013634,23,-1,93
1747014822.1363633,61,60,99
1747014822.1723633,43,40,147
1747014822.2073634,-48,-43,45
1747014822.2423637,-32,5,55
1747014822.2773633,5,29,-14
1747014822.3133633,-42,-14,107
1747014822.349363,-104,37,89
1747014822.3843634,110,-16,43
1747014822.4203634,91,13,35
1747014822.4553633,1,-27,75
1747014822.4903634,-58,48,91
1747014822.5253634,-34,-19,183
1747014822.5613637,-52,92,21
1747014822.5973637,-22,2,93
1747014822.632363,-33,-39,7
1747014822.668363,-77,-13,99
1747014822.7033634,66,6,141
1747014822.7383633,3,-28,-14
1747014822.7733634,-31,8,125
1747014822.8093634,40,38,125
1747014822.8453634,106,21,99
1747014822.8803637,42,-20,79
1747014822.9163637,36,-31,73
1747014822.951363,4,-5,95
1747014822.9863634,-43,-53,205
1747014823.0213633,-7,38,29
1747014823.0573633,36,20,-6
1747014823.0933633,-91,-49,167
1747014823.1283634,-62,-9,67
1747014823.1643634,55,-27,65
1747014823.1993637,-90,8,55
1747014823.2343633,28,54,113
1747014823.2693634,52,-5,115
1747014823.3053634,55,0,-82
1747014823.3413634,-4,-13,61
1747014823.3763633,-40,-27,83
1747014823.4123633,-50,-49,71
1747014823.4473634,41,18,-6
1747014823.4823637,-6,36,57
1747014823.5173633,-3,-54,107
1747014823.553363,25,-2,11
1747014823.589363,30,7,119
1747014823.6243634,68,-16,37
1747014823.6603634,65,20,115
1747014823.6953633,15,-61,95
1747014823.7303634,-18,-23,77
1747014823.7653637,0,-35,43
1747014823.8013637,-44,-65,159
1747014823.8373632,21,44,115
1747014823.872363,-28,112,117
1747014823.908363,85,-53,97
1747014823.9433634,3,112,115
1747014823.9783633,-98,-13,40
1747014824.0133634,24,-2,182
1747014824.0493634,-20,24,8
1747014824.0853634,59,-25,156
1747014824.1203637,37,-32,-11
1747014824.1563632,41,-26,0
1747014824.191363,9,0,56
1747014824.2263634,19,58,76
1747014824.2613633,93,-13,-104
1747014824.2973633,-20,34,9
1747014824.3333633,36,121,-2
1747014824.3683634,32,3,36
1747014824.4043634,12,21,110
1747014824.4393632,11,-4,14
1747014824.474363,0,49,14
1747014824.5093634,-21,9,57
1747014824.5453634,-69,59,-4
1747014824.5813634,-26,-30,105
1747014824.6163633,-96,-21,45
1747014824.6523633,-24,13,9
1747014824.6873634,-10,13,19
1747014824.7223637,-6,23,137
1747014824.757363,-25,-4,31
1747014824.793363,72,-32,-6
1747014824.829363,-1,-2,203
1747014824.8643634,62,-14,-4
1747014824.9003634,38,17,-88
1747014824.9353633,35,12,161
1747014824.9703634,-61,25,55
1747014825.0063634,83,42,13
1747014825.0413637,-1,-48,156
1747014825.0773633,-75,-16,88
1747014825.112363,0,22,55
1747014825.1483634,9,0,85
1747014825.1833634,-31,-68,37
1747014825.2183633,6,46,71
1747014825.2543633,84,20,117
1747014825.2893634,14,12,83
1747014825.3253634,6,-59,41
1747014825.3603632,8,54,75
1747014825.3963633,10,24,137
1747014825.431363,-15,-21,69
1747014825.4663634,44,-15,121
1747014825.5023634,-29,58,-10
1747014825.5373633,57,-27,71
1747014825.5733633,-70,-5,7
1747014825.6083634,-104,-35,-10
1747014825.6443634,8,23,39
1747014825.6793633,-53,25,-22
1747014825.714363,1,4,-14
1747014825.750363,-46,11,19
1747014825.7853634,-13,55,85
1747014825.8213634,64,35,177
1747014825.8563633,-19,71,83
1747014825.8923633,0,25,61
1747014825.9273634,-31,-34,-4
1747014825.9623632,-3,-34,151
1747014825.9983633,34,-38,79
1747014826.033363,44,63,187
1747014826.0693634,6,-42,81
1747014826.1043634,-44,-49,101
1747014826.1403637,-44,-57,-6
1747014826.1753633,22,65,131
1747014826.2103634,30,35,93
1747014826.2463634,-37,-70,241
1747014826.2813632,-18,-27,147
1747014826.3173633,23,8,39
1747014826.352363,8,128,83
1747014826.3883634,80,59,75
1747014826.4233634,24,53,81
1747014826.4583633,19,34,77
1747014826.4943633,-44,64,111
1747014826.5293634,17,-74,1
1747014826.5653634,18,-84,45
1747014826.6003633,22,27,123
1747014826.6363633,6,-44,63
1747014826.6713634,-20,-31,-14
1747014826.7063634,-68,112,83
1747014826.7423637,-42,-55,115
1747014826.7773633,6,-26,151
1747014826.8133633,96,47,19
1747014826.8483634,51,34,7
1747014826.8833632,-14,44,47
1747014826.918363,-2,-3,47
1747014826.954363,-4,15,89
1747014826.9903634,19,53,69
1747014827.0253634,-64,-45,45
1747014827.0613637,-50,18,1
1747014827.0963633,1,-35,13
1747014827.1313634,-4,34,129
1747014827.1663637,13,14,51
1747014827.2023633,41,-29,65
1747014827.2383633,35,26,13
1747014827.2733634,63,43,59
1747014827.3093634,-30,-54,137
1747014827.3443637,-38,-78,93
1747014827.3793633,-8,-50,-46
1747014827.4143634,73,55,25
1747014827.4503634,-4,-14,59
1747014827.4863634,21,51,-26
1747014827.5213633,14,-112,79
1747014827.5573633,-33,83,97
1747014827.5923634,8,-54,25
1747014827.6273634,24,-8,109
1747014827.6623633,-73,1,37
1747014827.6983633,-55,-28,169
1747014827.7343633,22,29,67
1747014827.7693634,-73,-12,75
1747014827.8053634,-35,83,-26
1747014827.8403633,34,-56,107
1747014827.875363,-66,44,73
1747014827.9103634,49,-21,-24
1747014827.9463634,-74,-25,69
1747014827.9823637,15,30,11
1747014828.0173633,81,-13,111
1747014828.053363,-2,-35,69
1747014828.0883634,1,-11,125
1747014828.1233633,5,27,115
1747014828.158363,63,6,-46
1747014828.1943634,55,6,103
1747014828.2303634,-20,12,105
1747014828.2653637,-44,-37,35
1747014828.3013637,79,14,39
1747014828.3363633,-11,4,-28
1747014828.3713634,-23,24,119
1747014828.4063632,-73,12,57
1747014828.4423633,6,-7,193
1747014828.4783633,6,2,51
1747014828.5133634,44,58,83
1747014828.5493634,30,-3,67
1747014828.5843637,-7,-15,125
1747014828.6193633,38,-11,113
1747014828.6543634,13,-17,41
1747014828.6903634,27,64,127
1747014828.7263634,-28,6,29
1747014828.7613633,21,-19,109
1747014828.7973633,57,-71,99
1747014828.8323634,-4,-3,3
1747014828.8673637,8,46,-4
1747014828.9023633,4,-37,103
1747014828.9383633,28,-45,33
1747014828.974363,-53,80,183
1747014829.0093634,-63,27,129
1747014829.0453634,-9,18,111
1747014829.0803633,54,-27,75
1747014829.1153634,-83,-52,97
1747014829.1503634,2,-18,117
1747014829.1863637,-29,-33,65
1747014829.2223637,-7,-21,67
1747014829.257363,51,-30,55
1747014829.293363,5,3,51
1747014829.3283634,-59,-80,-100
1747014829.3633633,-27,-36,29
1747014829.3983634,-65,-26,65
1747014829.4343634,74,-44,55
1747014829.4703634,-58,13,105
1747014829.5053637,-86,79,83
1747014829.5413637,73,-88,23
1747014829.5833633,44,-23,-92
1747014829.6193633,8,32,-26
1747014829.6543634,-33,-49,81
1747014829.6903634,-1,-7,117
1747014829.7263634,45,54,5
1747014829.7613633,-28,-69,125
1747014829.7973633,-33,-39,183
1747014829.8323634,116,75,107
1747014829.8673637,70,-52,49
1747014829.9023633,18,25,-18
1747014829.9383633,56,-6,99
1747014829.974363,-7,37,101
1747014830.0093634,-75,-28,37
1747014830.0453634,24,79,-2
1747014830.0803633,-47,-67,15
1747014830.1153634,-13,-1,99
1747014830.1513634,-91,33,159
1747014830.1863637,-95,1,67
1747014830.2223637,-32,-2,173
1747014830.257363,-31,-73,35
1747014830.293363,84,0,145
1747014830.3283634,22,-13,11
1747014830.3633633,60,-49,-4
1747014830.3993633,12,0,67
1747014830.4343634,13,19,79
1747014830.4703634,26,-9,23
1747014830.5053637,-47,20,17
1747014830.5413637,44,8,109
1747014830.576363,-6,-15,113
1747014830.6113634,50,-39,53
1747014830.6473634,-53,-13,0
1747014830.6823633,-35,12,3
1747014830.7183633,60,-1,137
1747014830.7533634,-33,-19,15
1747014830.7893634,-62,-78,3
1747014830.8243637,39,-48,-24
1747014830.8593633,5,-2,83
1747014830.895363,-30,-52,99
1747014830.9303634,3,-28,71
1747014830.9663634,-5,-16,45
1747014831.0013633,-7,-20,159
1747014831.0373633,-47,6,75
1747014831.0723634,-20,47,29
1747014831.1073637,29,55,123
1747014831.1433637,-28,3,109
1747014831.178363,-36,3,57
1747014831.214363,29,-44,47
1747014831.2493634,-3,-45,31
1747014831.2853634,-32,-23,215
1747014831.3203633,33,-47,75
1747014831.3553634,33,20,69
1747014831.3913634,19,-37,169
1747014831.4263637,-14,-33,73
1747014831.4623632,-8,18,137
1747014831.497363,-52,66,65
1747014831.533363,-21,26,27
1747014831.5683634,-43,-27,-8
1747014831.6033633,28,24,-6
1747014831.6393633,46,-55,57
1747014831.6743634,8,46,103
1747014831.7103634,36,-53,71
1747014831.7453637,-49,-1,-10
1747014831.7813632,-48,13,131
1747014831.8173633,-4,-98,55
1747014831.8533633,-72,-93,49
1747014831.8893633,-4,-25,105
1747014831.9243634,0,-7,31
1747014831.9593637,-55,48,-62
1747014831.9953637,-7,8,143
1747014832.0313632,66,-99,95
1747014832.066363,-95,4,85
1747014832.102363,0,-31,43
1747014832.1373634,-25,16,73
1747014832.1723633,43,4,163
1747014832.2073634,-5,-3,75
1747014832.2433634,40,20,211
1747014832.2793634,-11,26,-50
1747014832.3143632,-5,-57,-46
1747014832.3503633,56,-7,173
1747014832.385363,58,52,-22
1747014832.4203634,45,10,57
1747014832.4553633,-49,-11,25
1747014832.4913633,78,42,3
1747014832.5273633,29,-120,73
1747014832.5623634,49,-21,167
1747014832.5983634,-36,-61,17
1747014832.6333632,-34,-31,151
1747014832.668363,-54,-25,69
1747014832.7033634,29,-13,-56
1747014832.7393634,1,52,29
1747014832.7753634,-4,20,-12
1747014832.8103633,-28,-15,131
1747014832.8463633,49,70,153
1747014832.8813634,-34,-15,123
1747014832.9163637,31,12,1
1747014832.951363,-36,2,49
1747014832.987363,0,-5,21
1747014833.0233634,63,12,91
1747014833.0583634,-68,-29,57
1747014833.0943637,-38,30,61
1747014833.1293633,41,-84,83
1747014833.1643634,-28,-12,-44
1747014833.1993637,27,19,91
1747014833.2353632,57,15,49
1747014833.2713633,70,-23,79
1747014833.306363,-2,93,31
1747014833.3423634,65,20,149
1747014833.3773634,37,30,-2
1747014833.4123633,31,24,11
1747014833.4473634,-112,-21,51
1747014833.4833634,15,-25,-24
1747014833.5193634,-13,-53,55
1747014833.5543633,-45,-33,137
1747014833.5903633,32,-25,23
1747014833.625363,9,-16,49
1747014833.6603634,39,-44,103
1747014833.6953633,25,-53,17
1747014833.7313633,-83,23,83
1747014833.7673633,47,-33,67
1747014833.8023634,-3,48,177
1747014833.8383634,-9,-15,-58
1747014833.8733633,0,-49,87
1747014833.908363,-60,34,105
1747014833.9433634,-45,-5,43
1747014833.9793634,23,70,51
1747014834.0153637,-44,-35,-34
1747014834.0503633,13,36,33
1747014834.0863633,33,28,27
1747014834.1213634,-5,12,-28
1747014834.1563632,77,-26,73
1747014834.191363,41,-44,23
1747014834.227363,10,25,229
1747014834.2633634,-18,-42,95
1747014834.2983634,-12,-10,49
1747014834.3343637,-52,85,59
1747014834.3693633,16,53,35
1747014834.4043634,16,10,59
1747014834.4393632,37,-48,123
1747014834.4753633,-53,-33,49
1747014834.5113633,7,-34,1
1747014834.5463634,49,16,-8
1747014834.5823634,-4,19,49
1747014834.6173637,-20,35,35
1747014834.6523633,78,12,17
1747014834.6873634,-2,-7,155
1747014834.7233634,7,88,-48
1747014834.7593634,-44,-57,73
1747014834.7943633,-70,-17,-22
1747014834.8303633,97,20,113
1747014834.8653634,54,-31,95
1747014834.9003634,0,18,-12
1747014834.9353633,-29,30,125
1747014834.9713633,0,2,143
1747014835.007363,57,11,103
1747014835.0423634,-54,-24,47
1747014835.0783634,-58,81,97
1747014835.1133633,-33,-57,41
1747014835.1483634,-28,2,43
1747014835.1843634,15,-19,83
1747014835.2193637,-22,22,189
1747014835.2553637,-30,-39,63
1747014835.2903633,93,30,-54
1747014835.326363,-61,-33,29
1747014835.3613634,-7,24,109
1747014835.3963633,70,-13,119
1747014835.4323633,40,-73,87
1747014835.4673634,2,-23,41
1747014835.5033634,-2,0,87
1747014835.5383637,68,25,85
1747014835.5743637,-59,18,141
1747014835.6093633,-3,19,105
1747014835.6443634,-1,19,129
1747014835.6803634,69,43,179
1747014835.7153633,-20,-18,43
1747014835.7513633,-2,-14,51
1747014835.7863634,57,35,171
1747014835.8223634,14,-65,117
1747014835.8573637,-47,-7,81
1747014835.8923633,82,44,21
1747014835.928363,-41,-9,-14
1747014835.9633634,-21,-57,63
1747014835.9993634,90,-25,41
1747014836.0343633,-80,-59,-44
1747014836.0703633,-83,-3,57
1747014836.1053634,-21,2,43
1747014836.1403637,-17,12,77
1747014836.1763637,-19,-59,-36
1747014836.2113633,24,-5,137
1747014836.247363,2,6,27
1747014836.2823634,-13,16,161
1747014836.3183634,52,50,127
1747014836.3533633,32,62,33
1747014836.3883634,-5,36,77
1747014836.4243634,63,-37,131
1747014836.4593637,-54,16,51
1747014836.4953637,-15,-11,1
1747014836.530363,-64,59,53
1747014836.566363,89,-7,213
1747014836.6013634,-26,-23,157
1747014836.6363633,39,40,-4
1747014836.6723633,61,36,193
1747014836.7073634,-62,-5,71
1747014836.7433634,111,-7,131
1747014836.7783637,29,34,101
1747014836.8133633,-64,16,79
1747014836.8483634,54,-29,99
1747014836.8843634,-60,26,-2
1747014836.9203634,-36,28,-24
1747014836.9553633,29,30,47
1747014836.9913633,-34,47,83
1747014837.0273633,25,-18,77
1747014837.0633633,-78,-27,-64
1747014837.0983634,-50,-35,71
1747014837.1333632,47,56,-46
1747014837.168363,149,60,81
1747014837.204363,22,12,73
1747014837.2403634,18,-61,131
1747014837.2753634,-69,-45,177
1747014837.3113637,-37,-61,51
1747014837.3463633,16,-9,-96
1747014837.3813634,-13,8,71
1747014837.4163637,-1,2,27
1747014837.4523633,54,-39,-8
1747014837.4883633,20,-30,3
1747014837.5233634,-39,-28,59
1747014837.5593634,50,-31,-6
1747014837.5943637,24,-37,3
1747014837.6293633,-77,32,93
1747014837.6643634,4,-8,79
1747014837.7003634,-39,43,129
1747014837.7363634,-65,16,101
1747014837.7713633,48,84,75
1747014837.8073633,96,4,123
1747014837.8423634,-29,31,-46
1747014837.8773634,16,-2,65
1747014837.9123633,3,-23,15
1747014837.9483633,-12,14,47
1747014837.9843633,-23,-54,117
1747014838.0193634,4,-28,43
1747014838.0553634,-23,-8,109
1747014838.0903633,-18,7,153
1747014838.125363,-6,-26,135
1747014838.1603634,-28,-20,183
1747014838.1963634,59,-44,-40
1747014838.2323637,-19,33,29
1747014838.2673633,-4,-57,51
1747014838.303363,9,18,83
1747014838.3383634,-70,38,103
1747014838.3733633,-6,80,147
1747014838.408363,-26,-21,83
1747014838.4443634,28,-48,39
1747014838.4803634,16,-40,9
1747014838.5153637,-21,0,53
1747014838.5513637,19,-59,139
1747014838.5863633,57,80,-30
1747014838.6213634,21,-39,61
1747014838.6563632,-60,-41,-42
1747014838.6923633,-8,-28,-6
1747014838.7283633,-46,6,25
1747014838.7633634,25,-22,89
1747014838.7993634,26,-68,19
1747014838.8343637,-2,-53,19
1747014838.8693633,27,68,47
1747014838.9043634,8,28,93
1747014838.9403634,28,-67,-6
1747014838.9763634,14,-27,103
1747014839.0113633,-5,18,157
1747014839.0473633,4,-39,103
1747014839.0823634,46,-17,185
1747014839.1173637,-63,17,77
1747014839.1523633,56,35,11
1747014839.1883633,6,-82,-32
1747014839.224363,-15,45,97
1747014839.2593634,12,-2,183
1747014839.2953634,16,-30,191
1747014839.3303633,52,-18,57
1747014839.3653634,10,7,127
1747014839.4003634,80,-68,181
1747014839.4363637,34,-30,89
1747014839.4723637,20,-8,-12
1747014839.507363,-16,-40,153
1747014839.543363,59,-54,41
1747014839.5853634,-53,58,117
1747014839.6213634,-11,6,83
1747014839.6563632,-75,-5,75
1747014839.6923633,-81,82,45
1747014839.7283633,14,32,163
1747014839.7633634,36,-61,55
1747014839.7993634,34,28,25
1747014839.8343637,20,10,-12
1747014839.8693633,-25,6,39
1747014839.9043634,-13,-59,13
1747014839.9403634,56,60,71
1747014839.9763634,-81,24,27
1747014840.0113633,-23,40,39
1747014840.0473633,-25,38,113
1747014840.0823634,10,-47,205
1747014840.1173637,66,-25,89
1747014840.1533637,0,46,-42
1747014840.1883633,-78,60,153
1747014840.224363,29,-3,13
1747014840.2593634,55,-13,125
1747014840.2953634,-95,35,127
1747014840.3303633,-34,40,19
1747014840.3653634,53,-53,39
1747014840.4013634,-71,-9,-108
1747014840.4363637,36,-13,-78
1747014840.4723637,-27,82,75
1747014840.507363,2,22,77
1747014840.543363,-43,0,29
1747014840.5783634,62,-37,97
1747014840.6133633,28,-43,143
1747014840.6493633,33,-22,71
1747014840.6843634,-36,15,63
1747014840.7203634,21,-22,85
1747014840.7553637,-4,29,153
1747014840.7913637,19,21,89
1747014840.826363,-58,-24,59
1747014840.8613634,57,-12,113
1747014840.8973634,-2,49,77
1747014840.9323633,-16,-44,117
1747014840.9683633,-64,22,87
1747014841.0033634,45,-21,113
1747014841.0393634,-40,0,15
1747014841.0743637,-6,-49,49
1747014841.1093633,13,64,131
1747014841.145363,19,-21,-2
1747014841.1803634,59,30,25
1747014841.2163634,-1,-40,89
1747014841.2513633,-8,28,69
1747014841.2873633,-68,30,155
1747014841.3223634,13,6,93
1747014841.3573637,-131,89,-8
1747014841.3933637,42,55,67
1747014841.428363,49,24,137
1747014841.464363,-16,82,63
1747014841.4993634,12,-63,73
1747014841.5353634,11,65,91
1747014841.5703633,7,28,195
1747014841.6053634,-26,4,57
1747014841.6413634,-10,-77,41
1747014841.6763637,-50,32,-54
1747014841.7123632,25,-1,167
1747014841.747363,9,-7,127
1747014841.783363,-71,-35,91
1747014841.8183634,-33,28,1
1747014841.8533633,48,44,13
1747014841.8893633,-99,-25,149
1747014841.9243634,16,13,47
1747014841.9603634,-1,-14,169
1747014841.9953637,-69,26,147
1747014842.0313632,35,-34,11
1747014842.0673633,76,47,77
1747014842.102363,22,37,229
1747014842.1373634,18,-24,85
1747014842.1733634,48,51,201
1747014842.2093637,48,-108,179
1747014842.2443633,-3,9,111
1747014842.280363,-38,-38,55
1747014842.3153634,7,-8,5
1747014842.3503633,1,-14,-12
1747014842.385363,-6,-58,195
1747014842.4213634,63,21,95
1747014842.4573634,7,-22,133
1747014842.4923637,-22,7,53
1747014842.5283637,8,44,105
1747014842.5633633,-19,-55,105
1747014842.5983634,-4,-65,79
1747014842.6333632,37,-25,57
1747014842.6693633,23,8,33
1747014842.7053633,65,22,117
1747014842.7403634,22,-33,103
1747014842.7763634,-61,-11,147
1747014842.8113637,74,38,-64
1747014842.8463633,-57,-29,61
1747014842.8813634,-12,-45,-6
1747014842.9173634,57,-21,133
1747014842.9533634,7,2,67
1747014842.9883633,-64,20,83
1747014843.0243633,26,-49,119
1747014843.0593634,33,-66,155
1747014843.0943637,37,-2,93
1747014843.1293633,-11,-34,67
1747014843.1653633,-32,-20,0
1747014843.201363,-6,25,73
1747014843.2363634,-48,33,95
1747014843.2723634,19,-30,101
1747014843.3073633,82,11,29
1747014843.3423634,-38,-25,149
1747014843.3773634,-28,50,115
1747014843.4133637,65,-15,-44
1747014843.4493637,-8,30,145
1747014843.4843633,23,-11,127
1747014843.520363,-12,-37,115
1747014843.5553634,49,70,27
1747014843.5903633,-30,14,131
1747014843.625363,51,-8,-26
1747014843.6613634,-16,58,127
1747014843.6973634,25,7,47
1747014843.7323637,0,41,67
1747014843.7683637,-54,-40,-102
1747014843.803363,39,-2,19
1747014843.8383634,-58,-18,19
1747014843.8733633,5,15,103
1747014843.9093633,-66,53,139
1747014843.9453633,75,-16,31
1747014843.9803634,99,3,29
1747014844.0163634,99,43,-6
1747014844.0513637,7,5,197
1747014844.0863633,-80,-12,75
1747014844.1213634,-46,-22,193
1747014844.1573634,18,-51,135
1747014844.1933634,25,-14,157
1747014844.2283633,-18,46,31
1747014844.2643633,53,4,-28
1747014844.2993634,-4,110,111
1747014844.3343637,45,-33,89
1747014844.3693633,-12,-21,31
1747014844.405363,-44,-69,-28
1747014844.441363,23,-57,177
1747014844.4763634,-64,42,-54
1747014844.5123634,59,-33,75
1747014844.5473633,31,-15,97
1747014844.5823634,61,-5,105
1747014844.6173637,-46,-47,43
1747014844.6533637,25,-11,0
1747014844.6893632,-28,-47,147
1747014844.724363,-20,-9,-6
1747014844.760363,-15,-13,57
1747014844.7953634,-67,48,89
1747014844.8303633,12,-31,163
1747014844.8653634,62,2,99
1747014844.9013634,-19,-61,117
1747014844.9373634,103,-91,59
1747014844.9723637,-9,67,77
1747014845.0083632,80,-26,39
1747014845.043363,17,-7,191
1747014845.0783634,15,-39,-24
1747014845.1133633,-38,-35,247
1747014845.1493633,51,-31,147
1747014845.1853633,-64,-26,135
1747014845.2203634,47,-46,123
1747014845.2563634,63,-19,3
1747014845.2913637,-12,8,79
1747014845.326363,-22,-5,69
1747014845.362363,-74,-17,69
1747014845.3973634,11,26,163
1747014845.4333634,83,-31,79
1747014845.4683633,17,10,37
1747014845.5043633,-46,22,81
1747014845.5393634,-53,-2,97
1747014845.5743637,-37,8,83
1747014845.6103632,-43,-19,155
1747014845.645363,-13,-9,89
1747014845.681363,60,-68,115
1747014845.7163634,2,0,15
1747014845.7523634,33,-41,13
1747014845.7873633,-24,-11,181
1747014845.8223634,69,-17,-40
1747014845.8583634,0,8,125
1747014845.8933637,14,-41,33
1747014845.9293633,112,48,21
1747014845.964363,11,-19,29
1747014846.000363,48,-1,85
1747014846.0353634,-121,22,91
1747014846.0703633,-17,18,-20
1747014846.1063633,40,-19,21
1747014846.1413634,30,24,29
1747014846.1773634,-65,-61,135
1747014846.2123632,-13,-97,225
1747014846.2483633,88,28,-28
1747014846.283363,22,22,115
1747014846.3183634,-6,-112,31
1747014846.3543634,16,44,-18
1747014846.3893633,62,154,229
1747014846.4253633,-70,15,87
1747014846.4603634,69,-36,-8
1747014846.4963634,43,3,77
1747014846.5313632,1,31,-6
1747014846.566363,29,-2,37
1747014846.602363,9,-52,3
1747014846.6373634,42,48,101
1747014846.6733634,97,14,117
1747014846.7083633,-12,-15,29
1747014846.7443633,-42,16,115
1747014846.7793634,22,32,43
1747014846.8143632,36,4,7
1747014846.8503633,-7,24,37
1747014846.885363,62,88,97
1747014846.9213634,-39,-5,71
1747014846.9563634,-155,10,237
1747014846.9923637,-35,-19,-4
1747014847.0273633,-31,-15,25
1747014847.0623634,-33,6,151
1747014847.0983634,52,-31,157
1747014847.1333632,-3,10,233
1747014847.1693633,33,26,171
1747014847.204363,36,14,107
1747014847.2393634,-39,-67,57
1747014847.2743633,22,-81,61
1747014847.3103633,-17,-15,79
1747014847.3463633,-13,-25,91
1747014847.3813634,6,0,117
1747014847.4173634,-17,22,55
1747014847.4523633,49,-13,39
1747014847.487363,7,-21,115
1747014847.5223634,8,-3,-16
1747014847.5583634,-25,-31,57
1747014847.5943637,52,36,-36
1747014847.6293633,-27,28,53
1747014847.6653633,-7,50,55
1747014847.7003634,58,-3,59
1747014847.7353632,40,20,97
1747014847.770363,115,30,61
1747014847.806363,-2,56,117
1747014847.8423634,33,1,-42
1747014847.8773634,-32,8,33
1747014847.9133637,-21,-31,31
1747014847.9483633,-9,-119,87
1747014847.9833634,-31,-15,95
1747014848.0183637,-1,2,155
1747014848.0543633,-69,-9,17
1747014848.0903633,-17,64,171
1747014848.125363,-17,-17,45
1747014848.1613634,-13,-81,129
1747014848.1963634,-11,24,29
1747014848.2313633,28,54,37
1747014848.2663634,14,6,55
1747014848.3023634,58,0,143
1747014848.3383634,-8,64,47
1747014848.3733633,69,40,-8
1747014848.4093633,81,-27,-122
1747014848.4443634,-110,36,99
1747014848.4793634,-34,2,-12
1747014848.5143633,51,-53,127
1747014848.5503633,23,-15,91
1747014848.5863633,33,-44,145
1747014848.6213634,7,-102,-18
1747014848.6573634,27,23,-18
1747014848.6923633,3,73,125
1747014848.727363,27,-70,113
1747014848.7623634,25,2,121
1747014848.7983634,-58,-5,69
1747014848.8343637,-4,2,35
1747014848.8693633,-10,-33,65
1747014848.905363,31,28,95
1747014848.9403634,-60,-30,91
1747014848.9753633,-24,-22,195
1747014849.010363,-12,-18,55
1747014849.0463634,95,-38,71
1747014849.0823634,17,15,55
1747014849.1173637,0,84,43
1747014849.1533637,-21,24,85
1747014849.1883633,54,31,73
1747014849.2233634,10,-70,75
1747014849.2583632,12,-78,77
1747014849.2943633,38,11,17
1747014849.3303633,-9,-38,121
1747014849.3653634,14,17,63
1747014849.4013634,14,-32,179
1747014849.4363637,-35,69,109
1747014849.4713633,60,77,-44
1747014849.5063634,-43,-13,33
1747014849.5423634,12,37,21
1747014849.5783634,0,-5,47
1747014849.6203637,-63,26,63
1747014849.6573634,-66,-2,133
1747014849.6923633,-14,-36,-2
1747014849.727363,-44,9,-16
1747014849.7623634,95,89,103
1747014849.7983634,41,-26,117
1747014849.8343637,21,97,103
1747014849.8693633,65,1,185
1747014849.905363,-27,0,39
1747014849.9403634,-29,-12,17
1747014849.9753633,24,-2,71
1747014850.010363,29,49,83
1747014850.0463634,44,17,-26
1747014850.0823634,-37,59,0
1747014850.1173637,-35,-2,165
1747014850.1533637,11,37,121
1747014850.1883633,53,-32,181
1747014850.2233634,3,25,-62
1747014850.2593634,53,-22,95
1747014850.2943633,-25,3,43
1747014850.3303633,30,-8,65
1747014850.3653634,-9,-50,151
1747014850.4013634,7,45,49
1747014850.4363637,72,67,173
1747014850.4713633,0,-6,139
1747014850.507363,13,7,161
1747014850.5423634,-36,-4,-6
1747014850.5783634,-36,-24,99
1747014850.6133633,-21,-16,131
1747014850.6493633,36,-58,35
1747014850.6843634,-11,-35,163
1747014850.7193637,-13,-9,49
1747014850.7553637,60,-97,-20
1747014850.7903633,-61,28,127
1747014850.826363,-55,-55,85
1747014850.8613634,-64,-18,59
1747014850.8973634,4,-7,17
1747014850.9323633,42,-65,63
1747014850.9673634,-31,38,55
1747014851.0033634,-39,-19,-22
1747014851.0383637,61,41,75
1747014851.0743637,29,17,45
1747014851.1093633,23,-19,1
1747014851.145363,41,47,83
1747014851.1803634,53,3,97
1747014851.2153633,38,-65,3
1747014851.2513633,31,97,-20
1747014851.2863634,-80,-4,11
1747014851.3223634,29,21,43
1747014851.3573637,-34,-102,87
1747014851.3933637,-11,-79,0
1747014851.428363,-79,10,41
1747014851.4633634,-52,-26,-34
1747014851.4993634,12,-1,21
1747014851.5343633,-7,14,113
1747014851.5703633,15,40,-26
1747014851.6053634,-56,0,93
1747014851.6413634,3,-77,-8
1747014851.6763637,-26,32,0
1747014851.7113633,49,-45,-36
1747014851.747363,5,36,79
1747014851.7823634,59,-1,75
1747014851.8183634,40,-8,129
1747014851.8533633,36,-8,-58
1747014851.8893633,12,-8,-30
1747014851.9243634,-91,-26,-14
1747014851.9593637,-9,-18,51
1747014851.9953637,48,-38,39
1747014852.030363,-14,44,81
1747014852.066363,49,-15,113
1747014852.1013634,-8,30,-20
1747014852.1373634,57,34,-34
1747014852.1733634,49,44,65
1747014852.2093637,-43,54,85
1747014852.2453637,-5,-55,75
1747014852.280363,11,-17,189
1747014852.3153634,-20,-31,77
1747014852.3513634,-30,-27,89
1747014852.3873634,25,-25,193
1747014852.4223633,17,108,71
1747014852.4583633,119,-63,-12
1747014852.4933634,89,20,107
1747014852.5283637,53,54,9
1747014852.5633633,39,8,95
1747014852.599363,13,122,71
1747014852.635363,-68,6,75
1747014852.6703634,-2,6,87
1747014852.7063634,7,-21,13
1747014852.7413633,9,-29,75
1747014852.7763634,-39,64,113
1747014852.8113637,4,-26,43
1747014852.8473637,-40,-57,81
1747014852.8833632,-9,34,-2
1747014852.918363,-65,26,107
1747014852.954363,-74,50,143
1747014852.9893634,-14,-23,19
1747014853.0243633,5,-3,81
1747014853.0593634,-72,26,79
1747014853.0953634,17,12,39
1747014853.1313634,59,-51,35
1747014853.1663637,90,22,57
1747014853.2023633,-9,-13,57
1747014853.237363,-57,46,41
1747014853.2723634,25,39,97
1747014853.3073633,56,-137,35
1747014853.3433633,-40,-38,-14
1747014853.3793633,-54,-8,89
1747014853.4143634,17,23,81
1747014853.4503634,-25,-27,85
1747014853.4853632,-51,-79,25
1747014853.520363,-5,60,79
1747014853.5553634,28,-42,87
1747014853.5913634,-19,31,-52
1747014853.6273634,44,69,141
1747014853.6623633,34,87,75
1747014853.6983633,18,13,115
1747014853.7333634,11,-55,51
1747014853.7683637,-8,8,63
1747014853.803363,15,86,53
1747014853.839363,4,11,47
1747014853.875363,46,-12,23
1747014853.9103634,-49,39,113
1747014853.9463634,-60,-60,219
1747014853.9813633,-2,5,0
1747014854.0163634,-47,7,179
1747014854.0513637,-72,-29,129
1747014854.0873632,-31,-48,61
1747014854.1233633,27,-69,47
1747014854.158363,52,13,-10
1747014854.1943634,6,1,147
1747014854.2293634,-6,58,117
1747014854.2643633,-42,-49,69
1747014854.2993634,-4,4,15
1747014854.3353634,42,2,9
1747014854.3713634,-25,-11,27
1747014854.4063632,-11,-51,185
1747014854.4423633,-37,-23,-22
1747014854.477363,36,-29,-34
1747014854.5123634,36,-26,47
1747014854.5473633,-57,-43,49
1747014854.5833633,66,-51,61
1747014854.6193633,60,-4,49
1747014854.6543634,-21,65,3
1747014854.6903634,47,2,111
1747014854.7253633,22,-86,115
1747014854.760363,86,53,37
1747014854.7953634,30,25,-36
1747014854.8313634,18,21,229
1747014854.8673637,94,-63,-46
1747014854.9023633,-47,38,163
1747014854.9383633,-39,-31,129
1747014854.9733634,-17,2,-40
1747014855.0083632,34,-27,9
1747014855.043363,61,0,61
1747014855.079363,-67,-27,117
1747014855.1153634,51,-23,109
1747014855.1503634,-119,-3,87
1747014855.1863637,-72,22,127
1747014855.2213633,-54,-75,81
1747014855.2563634,31,1,21
1747014855.2913637,19,-18,65
1747014855.3273633,41,29,129
1747014855.3633633,-18,-26,179
1747014855.3983634,12,30,147
1747014855.4343634,4,-23,57
1747014855.4693637,-21,30,27
1747014855.5043633,44,-7,75
1747014855.5403633,-43,63,103
1747014855.5753634,-29,21,111
1747014855.6113634,50,7,127
1747014855.6463633,14,37,97
1747014855.6823633,90,-26,127
1747014855.7173634,15,-26,51
1747014855.7523634,22,-27,-28
1747014855.7883637,-33,86,79
1747014855.8233633,-65,-29,25
1747014855.8593633,-21,-15,85
1747014855.8943634,81,-60,151
1747014855.9303634,-8,3,71
1747014855.9653633,23,43,143
1747014856.000363,91,31,41
1747014856.0363634,-50,29,-18
1747014856.0713634,9,13,-20
1747014856.1073637,27,-44,31
1747014856.1423633,-40,-50,63
1747014856.178363,-52,-58,3
1747014856.2133634,57,-24,167
1747014856.2483633,-38,-26,133
1747014856.2843633,0,62,31
1747014856.3193634,-14,-11,109
1747014856.3553634,43,58,191
1747014856.3903637,21,40,69
1747014856.4263637,-19,52,179
1747014856.4613633,-3,6,69
1747014856.4963634,-4,-36,225
1747014856.5323634,35,-10,131
1747014856.5673633,51,-2,153
1747014856.6033633,-44,-18,55
1747014856.6383634,-20,93,-16
1747014856.6743634,53,11,31
1747014856.7093637,-34,-70,67
1747014856.7443633,-4,-10,-4
1747014856.780363,-34,-72,49
1747014856.8153634,89,17,59
1747014856.8513634,93,-34,69
1747014856.8863633,-23,-25,55
1747014856.9223633,45,29,125
1747014856.9573634,-96,-34,51
1747014856.9923637,-20,1,-18
1747014857.0283637,60,19,15
1747014857.0633633,45,-73,99
1747014857.099363,47,1,89
1747014857.1343634,29,-54,133
1747014857.1703634,-66,-38,109
1747014857.2063634,-30,83,123
1747014857.2423637,-25,-55,-30
1747014857.2783637,-17,-24,43
1747014857.3133633,16,0,63
1747014857.3483634,-51,26,-62
1747014857.3843634,84,-25,21
1747014857.4203634,9,14,63
1747014857.4553633,33,-11,-36
1747014857.4913633,-34,5,-20
1747014857.5263634,4,42,79
1747014857.5613637,-69,-21,27
1747014857.5963633,-54,18,111
1747014857.632363,-68,26,85
1747014857.668363,10,-3,47
1747014857.7033634,-22,-21,111
1747014857.7393634,-39,22,101
1747014857.7743633,68,-31,71
1747014857.8093634,4,8,99
1747014857.8443637,-23,-19,-6
1747014857.8803637,25,-33,69
1747014857.9163637,19,36,-20
1747014857.951363,-66,68,73
1747014857.987363,-89,-31,103
1747014858.0223634,-77,10,49
1747014858.0573633,38,6,97
1747014858.0923634,50,2,31
1747014858.1283634,12,-39,45
1747014858.1643634,62,24,85
1747014858.1993637,-23,-43,39
1747014858.2353632,38,25,-40
1747014858.270363,-53,-18,0
1747014858.3053634,-9,9,87
1747014858.3403633,-43,13,33
1747014858.3763633,30,-60,143
1747014858.4123633,34,-24,61
1747014858.4473634,20,-52,-46
1747014858.4833634,-41,24,235
1747014858.5183637,-11,-32,-56
1747014858.553363,-19,21,87
1747014858.5883634,18,38,25
1747014858.6243634,-9,26,113
1747014858.6603634,2,-11,233
1747014858.6953633,-11,22,63
1747014858.7313633,-31,-15,29
1747014858.7663634,-53,62,41
1747014858.8013637,-71,36,23
1747014858.8363633,-33,-1,-10
1747014858.872363,-45,40,99
1747014858.908363,-36,3,71
1747014858.9433634,-10,-14,77
1747014858.9793634,-42,0,79
1747014859.0143633,51,25,11
1747014859.0493634,-85,-47,51
1747014859.0843637,57,-19,35
1747014859.1203637,93,-43,27
1747014859.1563632,49,-5,43
1747014859.191363,-57,-2,81
1747014859.227363,45,40,27
1747014859.2623634,9,-36,47
1747014859.2973633,-34,61,119
1747014859.3323634,17,-40,71
1747014859.3683634,-77,-24,103
1747014859.4043634,-47,75,-4
1747014859.4393632,22,1,99
1747014859.4753633,-31,48,3
1747014859.510363,34,-52,51
1747014859.5453634,11,-55,47
1747014859.5803633,37,-101,13
1747014859.6233633,-19,-53,49
1747014859.6603634,-19,-9,39
1747014859.6953633,130,47,-62
1747014859.7313633,8,41,-20
1747014859.7663634,1,-3,67
1747014859.8013637,-10,-29,151
1747014859.8363633,-30,-18,65
1747014859.872363,-69,42,97
1747014859.908363,-55,-33,65
1747014859.9433634,-21,-57,129
1747014859.9793634,-53,53,87
1747014860.0143633,98,23,151
1747014860.0493634,38,-13,19
1747014860.0843637,18,52,61
1747014860.1203637,34,-33,71
1747014860.1563632,-37,26,19
1747014860.191363,-103,9,23
1747014860.227363,24,-116,87
1747014860.2623634,-13,-16,93
1747014860.2973633,-91,-22,107
1747014860.3323634,-43,73,69
1747014860.3683634,-49,-6,77
1747014860.4043634,13,-26,11
1747014860.4393632,-32,33,165
1747014860.4753633,33,-78,33
1747014860.510363,-23,-18,97
1747014860.5453634,-28,-44,39
1747014860.5813634,-28,27,159
1747014860.6163633,-20,21,13
1747014860.6523633,-84,26,135
1747014860.6873634,3,16,67
1747014860.7233634,5,16,101
1747014860.7583632,-22,46,19
1747014860.793363,-138,36,151
1747014860.829363,-34,10,61
1747014860.8643634,-32,-17,125
1747014860.9003634,-20,-19,201
1747014860.9353633,87,22,127
1747014860.9713633,-10,-5,95
1747014861.0063634,57,-5,75
1747014861.0413637,33,18,-2
1747014861.0773633,35,-31,95
1747014861.112363,-44,30,25
1747014861.1483634,-12,52,67
1747014861.1833634,15,0,77
1747014861.2193637,63,-59,-48
1747014861.2543633,55,7,-34
1747014861.2893634,-142,92,-20
1747014861.3253634,-12,42,111
1747014861.3603632,-42,28,169
1747014861.3963633,-88,-44,83
1747014861.431363,91,39,-42
1747014861.4673634,0,-39,-142
1747014861.5023634,12,-37,79
1747014861.5373633,-28,11,123
1747014861.5733633,-6,-6,127
1747014861.6083634,-52,-62,63
1747014861.6443634,11,-66,239
1747014861.6793633,-44,3,33
1747014861.714363,35,43,59
1747014861.7493634,47,-15,-27
1747014861.7853634,35,-39,20
1747014861.8213634,-64,52,8
1747014861.8563633,-38,-1,76
1747014861.8923633,-2,-35,48
1747014861.9273634,-62,-37,120
1747014861.9633634,81,-15,8
1747014861.9983633,33,-103,4
1747014862.033363,-36,29,154
1747014862.0693634,31,22,106
1747014862.1043634,-2,-13,138
1747014862.1403637,85,13,96
1747014862.1753633,-10,-22,-5
1747014862.2113633,8,51,104
1747014862.2463634,10,17,66
1747014862.2813632,-23,-8,66
1747014862.3173633,-17,74,0
1747014862.352363,72,-60,30
1747014862.3883634,8,-39,24
1747014862.4233634,-55,68,-15
1747014862.4583633,50,44,116
1747014862.4933634,56,29,114
1747014862.5293634,2,19,102
1747014862.5653634,31,36,64
1747014862.6003633,-70,0,76
1747014862.6363633,118,15,112
1747014862.6713634,-16,16,76
1747014862.7063634,19,36,20
1747014862.7413633,-48,6,234
1747014862.7773633,21,-29,66
1747014862.8133633,-8,117,92
1747014862.8483634,27,79,218
1747014862.8843634,48,-5,128
1747014862.9193633,46,26,136
1747014862.954363,-1,38,126
1747014862.9893634,78,-101,100
1747014863.0253634,-38,-27,10
1747014863.0613637,29,40,38
1747014863.0963633,-8,-3,48
1747014863.132363,-2,18,-19
1747014863.1673634,9,42,8
1747014863.2023633,-58,-19,-57
1747014863.237363,-50,-19,-5
1747014863.2733634,-30,8,116
1747014863.3093634,13,18,112
1747014863.3443637,-66,34,40
1747014863.3803637,75,14,130
1747014863.4153633,5,-13,52
1747014863.4503634,11,14,24
1747014863.4853632,-52,48,52
1747014863.5213633,73,-17,54
1747014863.5573633,-11,-30,90
1747014863.5923634,21,70,50
1747014863.6283634,-24,22,126
1747014863.6633637,-47,-9,22
1747014863.6983633,-3,-19,152
1747014863.7333634,-7,-65,106
1747014863.7693634,30,38,30
1747014863.8053634,50,-37,148
1747014863.8403633,10,-67,-41
1747014863.8763633,-23,4,-65
1747014863.9113634,58,23,72
1747014863.9463634,-33,45,14
1747014863.9813633,-31,85,106
1747014864.0173633,-8,-64,4
1747014864.053363,59,47,36
1747014864.0883634,1,18,-45
1747014864.1243634,-8,-37,-59
1747014864.1593633,-4,8,-63
1747014864.1943634,-86,-61,-35
1747014864.2293634,31,64,34
1747014864.2653637,33,42,-73
1747014864.3013637,-20,38,12
1747014864.3363633,13,88,92
1747014864.372363,45,12,46
1747014864.4073634,-76,66,0
1747014864.4423633,2,6,16
1747014864.477363,-21,-5,84
1747014864.5133634,-39,14,0
1747014864.5493634,130,31,-85
1747014864.5843637,-27,19,148
1747014864.6203637,-15,-2,90
1747014864.655363,-79,51,234
1747014864.6903634,0,-16,114
1747014864.7253633,-3,21,132
1747014864.7613633,34,9,-55
1747014864.7973633,-35,-29,28
1747014864.8323634,-5,-29,-21
1747014864.8683634,-37,-26,46
1747014864.9033637,-9,-67,18
1747014864.9383633,0,39,-1
1747014864.9733634,0,-9,-89
1747014865.0093634,68,38,38
1747014865.0453634,-25,-3,66
1747014865.0803633,8,-39,-109
1747014865.1163633,-71,0,62
1747014865.1513634,60,78,64
1747014865.1863637,26,29,106
1747014865.2213633,28,72,108
1747014865.257363,29,-40,-63
1747014865.293363,72,-45,102
1747014865.3283634,50,142,126
1747014865.3643634,-75,-11,164
1747014865.3993633,56,1,88
1747014865.4343634,-21,9,48
1747014865.4693637,19,13,74
1747014865.5053637,-7,76,72
1747014865.5413637,4,44,210
1747014865.576363,52,-37,20
1747014865.612363,24,-3,84
1747014865.6473634,60,48,130
1747014865.6823633,19,-98,120
1747014865.7183633,0,-58,2
1747014865.7533634,3,-12,122
1747014865.7893634,8,-34,96
1747014865.8243637,115,-88,110
1747014865.8603632,-32,43,78
1747014865.895363,-16,29,-87
1747014865.9303634,-8,-46,130
1747014865.9663634,49,27,-3
1747014866.0013633,49,23,-17
1747014866.0373633,21,7,70
1747014866.0723634,19,-134,-65
1747014866.1083634,-2,-16,-5
1747014866.1433637,-30,-58,178
1747014866.178363,-54,16,122
1747014866.214363,-14,-51,136
1747014866.2493634,47,-9,146
1747014866.2853634,39,42,-81
1747014866.3203633,29,62,-47
1747014866.3563633,-61,39,4
1747014866.3913634,36,-4,-49
1747014866.4263637,-27,-48,60
1747014866.4623632,-38,-7,-1
1747014866.497363,85,58,86
1747014866.533363,18,-32,4
1747014866.5683634,-51,-74,40
1747014866.6043634,28,-6,70
1747014866.6393633,64,33,86
1747014866.6743634,10,35,38
1747014866.7103634,-13,-64,12
1747014866.7453637,58,75,98
1747014866.7813632,34,-56,22
1747014866.816363,56,-65,50
1747014866.852363,47,45,-11
1747014866.8873634,8,-47,44
1747014866.9223633,-13,-5,92
1747014866.9583633,3,20,26
1747014866.9933634,-95,12,94
1747014867.0293634,-16,2,126
1747014867.0643632,-3,4,38
1747014867.1003633,-22,10,98
1747014867.135363,-42,36,36
1747014867.1703634,-56,-25,26
1747014867.2063634,-32,0,148
1747014867.2413633,-76,-15,-13
1747014867.2773633,-12,9,98
1747014867.3123634,-70,-23,68
1747014867.3483634,7,-53,92
1747014867.3843634,-14,0,50
1747014867.4203634,121,26,4
1747014867.4563634,-101,-33,-9
1747014867.4913633,12,-3,186
1747014867.5263634,-23,-29,-55
1747014867.5623634,50,18,42
1747014867.5983634,54,44,106
1747014867.6333632,51,-48,86
1747014867.6693633,34,18,162
1747014867.704363,17,-73,2
1747014867.7393634,-2,-45,92
1747014867.7743633,18,60,146
1747014867.8103633,16,-23,22
1747014867.8463633,104,40,-55
1747014867.8813634,14,-35,144
1747014867.9173634,-5,-29,146
1747014867.9533634,70,-21,-53
1747014867.9893634,26,-39,112
1747014868.0243633,24,-3,100
1747014868.0593634,132,-40,156
1747014868.0943637,-61,-76,-117
1747014868.1303637,12,35,98
1747014868.1663637,12,13,24
1747014868.201363,39,15,-23
1747014868.237363,-12,-16,-27
1747014868.2723634,-14,-28,98
1747014868.3073633,24,-51,102
1747014868.3423634,0,94,-27
1747014868.3783634,21,59,62
1747014868.4143634,0,11,208
1747014868.4493637,27,-52,8
1747014868.4853632,61,22,46
1747014868.520363,0,-17,-31
1747014868.5553634,-60,-9,42
1747014868.5903633,37,-31,124
1747014868.6263633,-124,-47,-39
1747014868.6623633,8,-28,136
1747014868.6973634,12,-6,74
1747014868.7333634,-1,-56,0
1747014868.7683637,24,-36,66
1747014868.803363,10,11,56
1747014868.8383634,-31,21,172
1747014868.8743634,-32,2,144
1747014868.9103634,46,81,76
1747014868.9453633,19,-59,18
1747014868.9813633,69,-29,-47
1747014869.0163634,61,-45,42
1747014869.0513637,9,-29,94
1747014869.0863633,-32,-23,-5
1747014869.122363,-32,-53,14
1747014869.158363,-38,-18,34
1747014869.1933634,55,-33,14
1747014869.2293634,-18,22,-11
1747014869.2643633,-52,-38,26
1747014869.2993634,19,-17,154
1747014869.3343637,39,82,26
1747014869.3703637,-44,-7,6
1747014869.4063632,-18,24,30
1747014869.441363,15,-42,20
1747014869.477363,-37,-9,64
1747014869.5123634,4,58,36
1747014869.5473633,52,20,126
1747014869.5823634,17,5,-11
1747014869.625363,3,3,48
1747014869.6623633,0,20,154
1747014869.6973634,-70,-53,22
1747014869.7333634,0,28,-33
1747014869.7683637,17,30,30
1747014869.803363,-36,40,130
1747014869.8383634,-63,-36,2
1747014869.8743634,-61,-60,-25
1747014869.9103634,0,-52,52
1747014869.9453633,40,41,-1
1747014869.9813633,-41,-82,116
1747014870.0163634,-31,-16,106
1747014870.0513637,8,-16,152
1747014870.0863633,-43,2,122
1747014870.122363,26,54,160
1747014870.158363,2,7,116
1747014870.1933634,32,-18,66
1747014870.2293634,110,-20,10
1747014870.2643633,86,39,26
1747014870.2993634,-30,10,-127
1747014870.3343637,-64,-59,98
1747014870.3703637,35,-53,-17
1747014870.4063632,23,-5,26
1747014870.441363,-54,-27,48
1747014870.477363,-74,38,120
1747014870.5123634,8,-5,72
1747014870.5473633,-77,-29,60
1747014870.5823634,80,13,52
1747014870.6183634,33,-99,124
1747014870.6543634,14,-36,30
1747014870.6893632,40,1,62
1747014870.7253633,4,67,4
1747014870.760363,-56,0,-9
1747014870.7953634,6,31,-19
1747014870.8313634,-39,81,142
1747014870.8663633,46,27,0
1747014870.9023633,60,-24,36
1747014870.9373634,74,-80,52
1747014870.9733634,-39,0,100
1747014871.0083632,-10,-27,170
1747014871.043363,43,-27,116
1747014871.079363,35,54,116
1747014871.1143634,49,2,150
1747014871.1503634,-63,49,28
1747014871.1853633,36,25,44
1747014871.2213633,-19,-42,116
1747014871.2563634,55,-31,-19
1747014871.2913637,74,5,202
1747014871.3273633,19,-29,86
1747014871.362363,-84,2,20
1747014871.3983634,-56,6,32
1747014871.4333634,-28,15,70
1747014871.4693637,16,14,162
1747014871.5043633,7,-8,112
1747014871.5393634,29,39,36
1747014871.5753634,11,37,94
1747014871.6103632,-4,-24,22
1747014871.6463633,19,39,12
1747014871.681363,-32,-5,118
1747014871.7173634,13,-39,224
1747014871.7523634,81,-121,118
1747014871.7873633,35,-19,-49
1747014871.8233633,52,10,60
1747014871.8583634,1,-34,124
1747014871.8943634,-12,-2,62
1747014871.9293633,-16,-18,96
1747014871.964363,65,46,176
1747014871.9993634,57,-22,50
1747014872.0353634,35,9,106
1747014872.0713634,-34,-30,78
1747014872.1063633,35,31,104
1747014872.1423633,-32,11,192
1747014872.1773634,31,-42,94
1747014872.2133634,34,-17,32
1747014872.2483633,38,20,130
1747014872.283363,44,-43,40
1747014872.3193634,20,34,-17
1747014872.3543634,84,-7,22
1747014872.3903637,66,6,108
1747014872.4253633,-68,6,100
1747014872.4613633,-38,-13,98
1747014872.497363,-21,10,50
1747014872.5323634,28,-33,90
1747014872.5673633,-24,-38,56
1747014872.6033633,19,-28,-45
1747014872.6393633,-8,-117,122
1747014872.6743634,-38,34,52
1747014872.7103634,-76,-55,76
1747014872.7453637,-34,2,148
1747014872.780363,-8,12,-37
1747014872.8153634,-117,46,128
1747014872.8513634,-26,-109,62
1747014872.8873634,103,-3,4
1747014872.9223633,144,46,96
1747014872.9583633,46,28,44
1747014872.9933634,76,-11,158
1747014873.0283637,-58,-23,112
1747014873.0633633,-5,-60,92
1747014873.099363,-36,-15,120
1747014873.135363,31,4,216
1747014873.1703634,19,-73,94
1747014873.2063634,63,-1,72
1747014873.2413633,-22,20,98
1747014873.2763634,-4,-99,2
1747014873.3113637,26,-22,62
1747014873.3473637,12,63,10
1747014873.3833632,60,25,98
1747014873.418363,38,77,-59
1747014873.454363,0,-87,-51
1747014873.4893634,-13,-6,80
1747014873.5243633,-9,-66,72
1747014873.5593634,8,22,24
1747014873.5953634,63,54,30
1747014873.6313634,79,-57,228
1747014873.6663637,10,-51,66
1747014873.7023633,-35,-5,6
1747014873.737363,18,-30,50
1747014873.7723634,36,-66,98
1747014873.8073633,-39,3,40
1747014873.8433633,-55,-32,-17
1747014873.8793633,85,101,88
1747014873.9143634,-2,-28,60
1747014873.9503634,65,12,102
1747014873.9853632,73,12,20
1747014874.020363,-40,62,84
1747014874.0553634,29,38,140
1747014874.0913634,85,5,68
1747014874.1273634,25,5,174
1747014874.1623633,-36,2,124
1747014874.1983633,-98,-11,70
1747014874.2333634,49,-17,200
1747014874.2683637,-36,20,54
1747014874.303363,40,-41,46
1747014874.339363,-13,-25,-37
1747014874.375363,37,-14,94
1747014874.4103634,-34,4,24
1747014874.4463634,-59,68,80
1747014874.4813633,-32,29,8
1747014874.5163634,34,8,108
1747014874.5513637,-28,-6,90
1747014874.5873632,22,22,-23
1747014874.6233633,34,-60,120
1747014874.658363,-39,32,-3
1747014874.6943634,48,8,6
1747014874.7293634,-7,16,122
1747014874.7643633,-69,-51,128
1747014874.7993634,88,-45,154
1747014874.8353634,-63,4,96
1747014874.8713634,19,44,76
1747014874.9063632,-36,22,74
1747014874.9423633,15,40,44
1747014874.977363,78,2,30
1747014875.0123634,73,-37,102
1747014875.0473633,49,40,118
1747014875.0833633,-36,-39,-71
1747014875.1193633,45,31,12
1747014875.1543634,15,33,112
1747014875.1903634,8,46,146
1747014875.2253633,-13,1,90
1747014875.260363,26,6,100
1747014875.2953634,2,6,48
1747014875.3313634,-1,-13,78
1747014875.3673637,2,10,18
1747014875.4023633,-1,-21,10
1747014875.4383633,30,15,126
1747014875.4733634,63,-9,-3
1747014875.5083632,-19,-77,66
1747014875.543363,-49,2,172
1747014875.579363,64,-29,172
1747014875.6153634,-25,-91,78
1747014875.6503634,-11,-47,170
1747014875.6863637,12,-47,118
1747014875.7213633,118,-43,64
1747014875.7563634,91,28,258
1747014875.7923634,-45,-35,94
1747014875.8273633,-59,8,118
1747014875.8633633,50,40,116
1747014875.8983634,34,26,-47
1747014875.9343634,-45,3,24
1747014875.9693637,16,9,48
1747014876.0043633,-51,-15,-11
1747014876.0403633,16,-11,-29
1747014876.0753634,44,-51,106
1747014876.1113634,28,-79,104
1747014876.1463633,0,-27,38
1747014876.1823633,-14,-29,112
1747014876.2173634,27,48,92
1747014876.2523634,1,50,62
1747014876.2883637,45,30,108
1747014876.3233633,35,0,76
1747014876.3593633,5,-19,6
1747014876.3943634,-2,-15,36
1747014876.4303634,-11,-3,68
1747014876.4653633,5,-29,24
1747014876.500363,-28,-35,0
1747014876.5363634,-13,0,-49
1747014876.5713634,-3,-21,64
1747014876.6073637,-33,14,70
1747014876.6423633,61,-33,46
1747014876.678363,-24,8,108
1747014876.7133634,-25,22,148
1747014876.7483633,26,6,62
1747014876.7843633,23,-37,58
1747014876.8193634,13,78,22
1747014876.8553634,-79,24,10
1747014876.8903637,-62,10,108
1747014876.9263637,1,-19,12
1747014876.9613633,36,17,46
1747014876.9963634,87,60,104
1747014877.0323634,-16,-81,76
1747014877.0673633,54,5,6
1747014877.1033633,-41,49,148
1747014877.1383634,58,-8,112
1747014877.1743634,9,-120,-21
1747014877.2093637,-35,10,-23
1747014877.2443633,-13,0,72
1747014877.280363,39,-16,106
1747014877.3153634,25,-22,106
1747014877.3513634,31,81,74
1747014877.3863633,-22,13,80
1747014877.4223633,-76,1,150
1747014877.4573634,35,79,108
1747014877.4923637,-18,-47,88
1747014877.5283637,-38,32,24
1747014877.5633633,31,-11,112
1747014877.599363,9,-95,126
1747014877.6343634,-24,12,-35
1747014877.6693633,101,16,56
1747014877.704363,-21,36,96
1747014877.7403634,92,74,98
1747014877.7763634,-56,5,-19
1747014877.8113637,11,51,132
1747014877.8473637,27,-7,60
1747014877.882363,33,2,-3
1747014877.9173634,71,-59,48
1747014877.9523633,-64,-73,38
1747014877.9883633,-46,-2,108
1747014878.0243633,-15,68,58
1747014878.0593634,8,46,148
1747014878.0953634,-4,16,104
1747014878.1303637,13,-69,120
1747014878.1653633,-90,6,130
1747014878.2003634,-18,4,2
1747014878.2363634,-31,-10,54
1747014878.2723634,68,2,148
1747014878.3073633,-63,22,100
1747014878.3433633,-55,0,-27
1747014878.3783634,-39,-69,142
1747014878.4133637,-54,-50,-9
1747014878.4483633,21,11,50
1747014878.4843633,-28,-48,58
1747014878.520363,51,-52,78
1747014878.5553634,20,-20,4
1747014878.5913634,14,15,28
1747014878.6263633,6,3,12
1747014878.6613634,106,85,28
1747014878.6963634,-58,-4,22
1747014878.7323637,8,52,52
1747014878.7683637,11,-50,66
1747014878.803363,-62,1,64
1747014878.839363,29,-31,96
1747014878.8743634,-28,80,2
1747014878.9093633,-88,-29,-63
1747014878.9443634,-54,48,-35
1747014878.9803634,-10,52,-9
1747014879.0163634,31,82,-13
1747014879.0513637,5,-31,24
1747014879.0873632,-50,-17,60
1747014879.122363,-28,-17,56
1747014879.1573634,-2,-77,54
1747014879.1923633,9,-21,34
1747014879.2283633,3,-5,56
1747014879.2643633,1,-69,90
1747014879.2993634,11,-23,8
1747014879.3353634,-25,-27,88
1747014879.3703637,-57,-49,104
1747014879.405363,-103,-41,70
1747014879.4403634,-23,66,94
1747014879.4763634,5,-29,64
1747014879.5123634,19,8,68
1747014879.5473633,79,58,104
1747014879.5833633,-50,-39,2
1747014879.625363,69,-31,82
1747014879.6613634,15,-80,48
1747014879.6963634,-4,1,18
1747014879.7323637,23,74,44
1747014879.7683637,17,2,40
1747014879.803363,-56,-3,126
1747014879.839363,17,-33,136
1747014879.8743634,-10,-79,70
1747014879.9093633,-76,-43,132
1747014879.9443634,-82,-13,94
1747014879.9803634,27,62,4
1747014880.0163634,-44,-68,50
1747014880.0513637,39,3,42
1747014880.0873632,-58,-12,140
1747014880.122363,-16,-10,-25
1747014880.1573634,-72,3,172
1747014880.1923633,13,-58,168
1747014880.2283633,59,55,154
1747014880.2643633,-4,-44,188
1747014880.2993634,-54,-21,-39
1747014880.3353634,91,14,18
1747014880.3703637,59,0,-23
1747014880.405363,1,-8,-115
1747014880.4403634,53,-38,64
1747014880.4763634,-8,-92,116
1747014880.5123634,11,42,38
1747014880.5473633,-21,-3,172
1747014880.5833633,0,-55,-5
1747014880.6183634,27,28,54
1747014880.6533637,51,-49,56
1747014880.6883633,-64,-3,62
1747014880.724363,93,69,86
1747014880.760363,29,-26,30
1747014880.7953634,3,-20,60
1747014880.8313634,-14,65,72
1747014880.8663633,9,-16,106
1747014880.9013634,11,-49,74
1747014880.9373634,-32,-49,-27
1747014880.9723637,31,-44,78
1747014881.0083632,-30,-32,148
1747014881.043363,13,0,142
1747014881.079363,-10,15,104
1747014881.1143634,1,5,170
1747014881.1493633,73,23,108
1747014881.1853633,-30,-44,14
1747014881.2203634,-22,51,68
1747014881.2563634,-26,-66,86
1747014881.2913637,29,-46,24
1747014881.3273633,10,-70,50
1747014881.362363,-25,15,22
1747014881.3973634,106,27,28
1747014881.4333634,-29,15,54
1747014881.4683633,19,29,138
1747014881.5043633,6,-58,26
1747014881.5393634,8,65,64
1747014881.5753634,-77,41,50
1747014881.6103632,43,73,36
1747014881.645363,3,-68,170
1747014881.681363,-58,7,70
1747014881.7163634,-16,25,32
1747014881.7523634,-7,-63,64
1747014881.7873633,14,50,30
1747014881.8233633,-47,30,34
1747014881.8583634,90,-11,110
1747014881.8933637,-3,-86,26
1747014881.9293633,136,-16,-11
1747014881.964363,-31,-20,98
1747014882.000363,2,17,62
1747014882.0353634,20,38,0
1747014882.0713634,-87,-7,84
1747014882.1063633,29,-33,122
1747014882.1413634,27,18,128
1747014882.1773634,-102,18,132
1747014882.2123632,-72,11,44
1747014882.2483633,-44,20,68
1747014882.283363,63,-3,122
1747014882.3193634,17,34,208
1747014882.3543634,7,-25,114
1747014882.3893633,-17,3,50
1747014882.4253633,0,-27,-1
1747014882.4603634,-1,-77,-3
1747014882.4963634,80,-13,52
1747014882.5313632,-11,4,198
1747014882.5673633,18,6,80
1747014882.6033633,26,-21,124
1747014882.6393633,-29,-15,116
1747014882.6753633,-69,-46,14
1747014882.7103634,74,-70,-49
1747014882.7453637,-1,13,10
1747014882.7813632,-65,-12,28
1747014882.8173633,16,35,152
1747014882.852363,-11,-84,106
1747014882.8883634,-5,55,-33
1747014882.9233634,-1,33,42
1747014882.9583633,28,-32,136
1747014882.9933634,-32,43,144
1747014883.0293634,55,65,26
1747014883.0653634,-16,-42,56
1747014883.1003633,-74,-52,42
1747014883.1363633,-87,1,32
1747014883.1713634,-34,17,24
1747014883.2063634,27,-4,58
1747014883.2413633,41,31,82
1747014883.2773633,-13,-28,118
1747014883.3133633,79,-30,138
1747014883.3483634,-6,-52,38
1747014883.3843634,-16,7,40
1747014883.4193633,-37,25,150
1747014883.454363,-85,-88,110
1747014883.4893634,43,53,36
1747014883.5253634,9,-23,28
1747014883.5613637,39,-2,118
1747014883.5963633,0,7,104
1747014883.632363,1,-8,-9
1747014883.6673634,23,75,-47
1747014883.7023633,-42,57,136
1747014883.737363,32,-8,108
1747014883.7733634,8,-9,80
1747014883.8093634,-44,-50,146
1747014883.8443637,-18,-60,36
1747014883.8803637,8,27,170
1747014883.9153633,50,-10,48
1747014883.9503634,-33,-28,72
1747014883.9853632,107,-72,74
1747014884.0213633,-18,56,20
1747014884.0573633,-62,44,136
1747014884.0923634,-32,50,76
1747014884.1283634,47,44,6
1747014884.1633637,-4,82,32
1747014884.1983633,69,-7,164
1747014884.2333634,0,-5,26
1747014884.2693634,23,-91,114
1747014884.3053634,7,47,66
1747014884.3403633,-44,-12,-19
1747014884.3763633,79,-10,186
1747014884.4113634,3,-24,32
1747014884.4463634,59,-35,42
1747014884.4813633,6,-34,104
1747014884.5173633,42,55,78
1747014884.553363,20,23,60
1747014884.5883634,38,-98,72
1747014884.6243634,-69,-92,-53
1747014884.6593633,-69,-2,10
1747014884.6943634,-35,43,24
1747014884.7293634,-61,-2,62
1747014884.7653637,-21,-12,60
1747014884.8013637,-45,-54,36
1747014884.8363633,23,41,-33
1747014884.872363,23,-2,66
1747014884.9073634,-10,20,150
1747014884.9423633,9,12,-25
1747014884.977363,-50,2,-27
1747014885.0133634,-28,-61,12
1747014885.0493634,-23,-12,32
1747014885.0843637,-9,-56,172
1747014885.1203637,33,16,98
1747014885.155363,-11,35,6
1747014885.1903634,-67,65,98
1747014885.2253633,-39,-20,28
1747014885.2613633,-47,-70,-9
1747014885.2973633,47,2,76
1747014885.3323634,-4,26,40
1747014885.3683634,105,74,112
1747014885.4033637,-46,13,114
1747014885.4383633,25,33,32
1747014885.4733634,25,-24,-7
1747014885.5093634,35,-80,22
1747014885.5453634,23,-78,18
1747014885.5803633,80,6,96
1747014885.6163633,-8,-18,108
1747014885.6513634,37,-10,46
1747014885.6863637,19,55,66
1747014885.7213633,-64,-78,84
1747014885.757363,32,7,-23
1747014885.793363,-1,3,202
1747014885.8283634,5,38,22
1747014885.8643634,17,47,74
1747014885.8993633,27,-76,34
1747014885.9343634,-8,79,104
1747014885.9703634,-16,2,98
1747014886.0053637,43,-13,88
1747014886.0413637,57,-13,184
1747014886.076363,-26,-3,50
1747014886.112363,-40,-79,78
1747014886.1473634,9,-39,20
1747014886.1823633,-20,-21,78
1747014886.2183633,23,44,54
1747014886.2533634,-24,16,38
1747014886.2893634,-30,-57,212
1747014886.3243637,5,-39,26
1747014886.3603632,9,-57,192
1747014886.395363,33,-69,42
1747014886.4303634,49,6,-45
1747014886.4663634,9,13,154
1747014886.5013633,28,32,32
1747014886.5373633,3,-5,42
1747014886.5723634,17,-57,92
1747014886.6083634,33,24,56
1747014886.6433637,-84,54,70
1747014886.678363,-28,132,42
1747014886.714363,-32,58,190
1747014886.7493634,71,-73,92
1747014886.7853634,-32,-3,44
1747014886.8203633,-10,7,136
1747014886.8563633,51,-31,160
1747014886.8913634,-54,38,98
1747014886.9263637,15,-49,10
1747014886.9623632,7,22,118
1747014886.997363,-84,0,92
1747014887.033363,-16,-7,8
1747014887.0683634,41,4,96
1747014887.1043634,-21,30,232
1747014887.1393633,68,-7,68
1747014887.1743634,-65,36,172
1747014887.2103634,-1,-71,54
1747014887.2453637,71,6,46
1747014887.2813632,-25,-31,48
1747014887.316363,61,14,114
1747014887.352363,70,-39,-151
1747014887.3873634,53,-15,10
1747014887.4223633,-58,-91,82
1747014887.4583633,-12,-6,74
1747014887.4933634,36,-9,-9
1747014887.5293634,8,19,144
1747014887.5643632,18,41,74
1747014887.6003633,20,17,122
1747014887.6363633,46,72,130
1747014887.6723633,84,-71,-51
1747014887.7083633,28,-9,102
1747014887.7443633,24,-9,74
1747014887.780363,24,-27,52
1747014887.8153634,-35,22,24
1747014887.8503633,-28,-112,86
1747014887.8863633,27,-58,-41
1747014887.9223633,-4,55,56
1747014887.9573634,-52,35,242
1747014887.9933634,3,-8,90
1747014888.0283637,3,0,14
1747014888.0633633,23,-60,66
1747014888.0983634,-57,-25,156
1747014888.1343634,70,-17,32
1747014888.1703634,-1,-129,92
1747014888.2053633,-38,59,102
1747014888.2413633,-1,14,28
1747014888.2763634,42,22,88
1747014888.3113637,-110,66,34
1747014888.3463633,53,-119,-61
1747014888.382363,-53,-21,92
1747014888.418363,56,-59,154
1747014888.4533634,30,66,94
1747014888.4893634,9,-44,-125
1747014888.5243633,34,48,-23
1747014888.5593634,-25,27,118
1747014888.5943637,20,-17,98
1747014888.6303637,86,48,200
1747014888.6663637,26,-7,8
1747014888.701363,-35,18,8
1747014888.737363,19,12,56
1747014888.7723634,7,-23,92
1747014888.8073633,79,-17,-1
1747014888.8423634,-50,-3,50
1747014888.8783634,0,-40,100
1747014888.9143634,51,-7,34
1747014888.9493637,35,4,48
1747014888.9853632,-62,-13,-5
1747014889.020363,-48,-13,114
1747014889.0553634,-56,-15,72
1747014889.0903633,-42,22,28
1747014889.1263633,-57,-44,22
1747014889.1623633,67,0,104
1747014889.1973634,37,-1,102
1747014889.2333634,9,26,-15
1747014889.2683637,-22,-51,98
1747014889.303363,3,-45,90
1747014889.3383634,-14,-61,90
1747014889.3743634,23,-33,22
1747014889.4103634,1,22,-41
1747014889.4453633,0,64,82
1747014889.4813633,-46,-53,46
1747014889.5163634,-68,0,144
1747014889.5513637,-24,-22,108
1747014889.5863633,-30,-29,32
1747014889.6293633,45,-51,18
1747014889.6663637,-51,-38,74
1747014889.701363,9,-17,224
1747014889.737363,7,15,-69
1747014889.7723634,27,34,-35
1747014889.8073633,9,-16,48
1747014889.8423634,-68,42,112
1747014889.8783634,-48,-32,224
1747014889.9143634,27,-7,82
1747014889.9493637,-10,-39,-65
1747014889.9853632,-96,-15,8
1747014890.020363,21,-21,96
1747014890.0553634,7,-33,128
1747014890.0903633,-4,1,0
1747014890.1263633,-10,34,126
1747014890.1623633,53,-27,62
1747014890.1973634,21,28,60
1747014890.2333634,-48,-47,96
1747014890.2683637,7,-23,-77
1747014890.303363,-38,-11,86
1747014890.3383634,-34,-43,62
1747014890.3743634,63,10,8
1747014890.4103634,61,16,56
1747014890.4453633,-42,22,10
1747014890.4813633,-42,22,128
1747014890.5163634,23,-15,-35
1747014890.5513637,31,-15,12
1747014890.5863633,-45,-69,124
1747014890.622363,48,-91,102
1747014890.658363,8,32,108
1747014890.6933634,-32,-36,18
1747014890.7293634,7,-72,96
1747014890.7643633,44,-19,40
1747014890.7993634,-11,-15,18
1747014890.8343637,18,0,90
1747014890.8703637,-13,6,38
1747014890.9063632,42,8,32
1747014890.941363,-3,-33,52
1747014890.977363,38,24,38
1747014891.0123634,-37,12,-61
1747014891.0473633,-29,56,128
1747014891.0833633,-23,63,118
1747014891.1183634,-39,44,184
1747014891.1543634,22,44,110
1747014891.1893632,24,36,158
1747014891.2253633,-33,-38,18
1747014891.260363,-13,36,80
1747014891.2953634,-83,4,90
1747014891.3313634,-17,-57,2
1747014891.3663633,11,42,100
1747014891.4023633,15,-29,94
1747014891.4373634,-6,34,122
1747014891.4733634,-28,-63,-7
1747014891.5083632,-22,-19,58
1747014891.543363,67,-3,52
1747014891.579363,35,-11,60
1747014891.6143634,31,-67,54
1747014891.6503634,3,-15,0
1747014891.6853633,63,-49,58
1747014891.7213633,-28,-23,12
1747014891.7563634,-26,-3,74
1747014891.7913637,7,-37,54
1747014891.8273633,9,60,88
1747014891.862363,-22,-43,-19
1747014891.8983634,15,-23,4
1747014891.9333634,-6,-35,60
1747014891.9693637,97,50,66
1747014892.0043633,55,24,40
1747014892.0393634,-42,54,56
1747014892.0753634,-30,-19,-15
1747014892.1103632,19,-9,14
1747014892.1463633,-78,-45,50
1747014892.181363,93,16,108
1747014892.2173634,-65,-22,124
1747014892.2523634,35,-42,38
1747014892.2873633,-12,-16,282
1747014892.3233633,45,0,162
1747014892.3583634,-28,-16,144
1747014892.3943634,-20,-6,42
1747014892.4293633,-42,7,-11
1747014892.464363,33,5,152
1747014892.4993634,0,-54,98
1747014892.5353634,-10,13,-9
1747014892.5713634,63,-48,36
1747014892.6063633,19,-26,-31
1747014892.6423633,15,-14,-67
1747014892.6773634,89,29,58
1747014892.7133634,-12,29,68
1747014892.7493634,-65,-24,66
1747014892.7853634,-47,-58,34
1747014892.8213634,-27,-42,96
1747014892.8573637,-56,-64,26
1747014892.8933637,-50,-24,4
1747014892.928363,7,-76,38
1747014892.9633634,9,-36,146
1747014892.9993634,-26,92,-93
1747014893.0353634,-57,-7,154
1747014893.0703633,43,13,-3
1747014893.1063633,-14,17,-105
1747014893.1413634,17,-37,-15
1747014893.1763637,-2,-58,124
1747014893.2113633,0,21,34
1747014893.247363,-64,15,52
1747014893.283363,39,-47,-73
1747014893.3183634,25,38,40
1747014893.3543634,3,-41,76
1747014893.3893633,-24,62,62
1747014893.4243634,88,27,-19
1747014893.4593637,-55,-44,108
1747014893.4953637,78,-60,136
1747014893.5313632,102,-32,8
1747014893.566363,-51,-3,54
1747014893.602363,66,7,162
1747014893.6373634,-16,-21,10
1747014893.6723633,-32,76,110
1747014893.7073634,1,-25,102
1747014893.7433634,69,-47,160
1747014893.7793634,1,-31,50
1747014893.8143632,51,-25,-103
1747014893.8503633,7,20,148
1747014893.885363,-14,31,36
1747014893.9203634,-8,-48,18
1747014893.9553633,5,1,72
1747014893.9913633,37,21,132
1747014894.0273633,75,16,124
1747014894.0623634,-4,-48,186
1747014894.0983634,41,43,58
1747014894.1333632,1,16,50
1747014894.168363,91,11,16
1747014894.2033634,12,-34,64
1747014894.2393634,-20,24,66
1747014894.2753634,56,43,28
1747014894.3103633,-21,-52,68
1747014894.3463633,-50,-18,-83
1747014894.3813634,2,-1,96
1747014894.4163637,20,-20,-99
1747014894.451363,30,42,104
1747014894.487363,-41,-9,56
1747014894.5233634,44,62,110
1747014894.5583634,-65,18,-49
1747014894.5943637,-36,-17,132
1747014894.6293633,-47,-37,44
1747014894.6643634,-8,-1,58
1747014894.6993637,-103,-5,216
1747014894.7353632,-39,-25,-13
1747014894.7713633,0,0,150
1747014894.806363,-91,-11,34
1747014894.8423634,-8,46,114
1747014894.8773634,17,-38,184
1747014894.9123633,54,-23,92
1747014894.9473634,-28,47,94
1747014894.9833634,-24,-8,174
1747014895.0193634,-34,11,130
1747014895.0543633,-79,92,30
1747014895.0913634,15,-66,122
1747014895.1263633,-82,51,108
1747014895.1623633,-7,-67,0
1747014895.1973634,-85,5,166
1747014895.2323637,34,-3,34
1747014895.2673633,-39,26,6
1747014895.303363,-25,44,40
1747014895.339363,18,-31,160
1747014895.3743634,-37,18,74
1747014895.4103634,66,-45,42
1747014895.4453633,82,48,-7
1747014895.4803634,16,62,32
1747014895.5153637,-29,26,56
1747014895.5513637,-47,28,46
1747014895.5873632,22,-14,46
1747014895.622363,0,91,10
1747014895.658363,-29,-6,90
1747014895.6933634,-43,-38,82
1747014895.7283633,-61,53,122
1747014895.7633634,38,-2,80
1747014895.7993634,-15,57,50
1747014895.8353634,40,-10,-37
1747014895.8703637,18,-17,10
1747014895.9063632,4,-37,164
1747014895.941363,-45,25,70
1747014895.9763634,-3,4,78
1747014896.0123634,20,20,20
1747014896.0473633,-3,98,-13
1747014896.0833633,-38,-53,150
1747014896.1183634,-36,-15,178
1747014896.1543634,14,14,98
1747014896.1893632,-17,-37,46
1747014896.224363,0,38,180
1747014896.260363,45,-18,76
1747014896.2953634,-42,21,8
1747014896.3313634,29,3,72
1747014896.3663633,48,-9,50
1747014896.4023633,-20,-39,60
1747014896.4373634,-62,56,100
1747014896.4723637,34,7,-29
1747014896.5083632,-26,120,66
1747014896.543363,6,-36,82
1747014896.579363,46,13,138
1747014896.6143634,-63,-16,104
1747014896.6503634,32,79,92
1747014896.6853633,36,43,-33
1747014896.7203634,-39,-64,178
1747014896.7563634,-35,-54,28
1747014896.7913637,-33,7,166
1747014896.8273633,-62,-97,194
1747014896.862363,4,-84,64
1747014896.8983634,-8,48,130
1747014896.9333634,54,-11,80
1747014896.9683633,4,54,132
1747014897.0043633,-15,22,110
1747014897.0393634,4,35,34
1747014897.0753634,26,25,62
1747014897.1103632,46,-77,90
1747014897.1463633,64,-11,44
1747014897.181363,-37,4,82
1747014897.2163634,32,-27,50
1747014897.2523634,-59,-49,-55
1747014897.2873633,-23,-116,14
1747014897.3233633,22,72,14
1747014897.3583634,44,-47,-107
1747014897.3943634,36,8,126
1747014897.4293633,100,-17,70
1747014897.464363,59,-21,58
1747014897.500363,39,-11,-49
1747014897.5353634,110,45,136
1747014897.5713634,-33,31,38
1747014897.6063633,2,45,40
1747014897.6423633,54,-67,30
1747014897.6773634,-41,-9,116
1747014897.7123632,-44,5,50
1747014897.7483633,43,0,62
1747014897.783363,91,11,38
1747014897.8193634,9,-44,84
1747014897.8543634,78,40,-3
1747014897.8903637,44,-17,-43
1747014897.9263637,-67,-19,120
1747014897.9613633,66,-27,92
1747014897.9963634,4,60,184
1747014898.0323634,-31,-79,18
1747014898.0683634,-5,-13,40
1747014898.1033633,-27,78,84
1747014898.1393633,0,68,82
1747014898.1743634,4,-11,76
1747014898.2093637,-41,24,-31
1747014898.2443633,-7,-9,26
1747014898.280363,-37,56,226
1747014898.316363,-93,4,172
1747014898.3513634,0,-45,28
1747014898.3873634,-77,-29,158
1747014898.4223633,4,-37,106
1747014898.4573634,58,-1,98
1747014898.4923637,42,-21,20
1747014898.5283637,50,110,90
1747014898.5643632,-1,28,24
1747014898.599363,10,-31,16
1747014898.635363,92,-43,142
1747014898.6703634,53,36,120
1747014898.7053633,-22,12,-9
1747014898.7403634,10,-41,66
1747014898.7763634,-21,0,-11
1747014898.8123634,34,46,178
1747014898.8473637,-39,-15,138
1747014898.8833632,-42,-48,186
1747014898.918363,-18,-74,22
1747014898.9533634,8,-25,72
1747014898.9883633,-89,0,-57
1747014899.0243633,6,-33,116
1747014899.0603633,-77,-85,92
1747014899.0953634,14,6,102
1747014899.1313634,-7,52,32
1747014899.1663637,-29,-85,182
1747014899.201363,52,-71,150
1747014899.2363634,34,-27,48
1747014899.2723634,-27,-33,36
1747014899.3083634,-8,-19,14
1747014899.3433633,49,-13,4
1747014899.3793633,53,-51,84
1747014899.4143634,-10,0,26
1747014899.4493637,-140,68,-23
1747014899.4843633,84,0,78
1747014899.520363,-12,-3,-53
1747014899.556363,9,18,46
1747014899.5913634,25,8,74
1747014899.6343634,-7,-96,92
1747014899.6703634,24,49,32
1747014899.7053633,-49,43,86
1747014899.7403634,-77,21,28
1747014899.7763634,44,23,128
1747014899.8123634,30,-32,66
1747014899.8473637,68,-32,120
1747014899.8833632,16,-39,100
1747014899.918363,18,4,124
1747014899.9533634,-9,-49,2
1747014899.9883633,16,-3,28
1747014900.0243633,5,-9,82
1747014900.0603633,12,19,92
1747014900.0953634,-35,-27,52
1747014900.1313634,-13,-61,66
1747014900.1663637,-46,-63,-51
1747014900.201363,104,13,-7
1747014900.2363634,62,-8,50
1747014900.2723634,36,-12,-35
1747014900.3083634,-55,-72,118
1747014900.3433633,-59,15,76
1747014900.3793633,46,-14,50
1747014900.4153633,44,-22,16
1747014900.451363,26,9,82
1747014900.4863634,-59,-46,84
1747014900.5213633,-169,31,10
1747014900.556363,8,3,146
1747014900.5923634,61,-2,-63
1747014900.6283634,-50,59,58
1747014900.6633637,-72,1,130
1747014900.6993637,28,66,116
1747014900.7343633,9,95,-31
1747014900.7693634,-1,4,60
1747014900.8043633,96,28,124
1747014900.8403633,37,28,142
1747014900.8763633,85,-11,58
1747014900.9113634,-12,-17,102
1747014900.9473634,32,80,6
1747014900.9823637,70,24,72
1747014901.0173633,-11,20,66
1747014901.0523634,-17,22,-19
1747014901.0883634,0,10,70
1747014901.1243634,-3,30,92
1747014901.1593633,42,27,8
1747014901.1953633,-5,50,-43
1747014901.2303634,30,-51,120
1747014901.2653637,20,13,-25
1747014901.3013637,0,70,64
1747014901.3363633,7,0,114
1747014901.372363,73,-18,124
1747014901.4073634,-29,12,108
1747014901.4433634,12,10,-81
1747014901.4783633,4,-13,96
1747014901.5133634,22,-63,32
1747014901.5493634,28,32,194
1747014901.5843637,48,-63,42
1747014901.6203637,-1,12,84
1747014901.655363,-21,23,62
1747014901.691363,20,-23,72
1747014901.7263634,28,32,6
1747014901.7613633,10,-3,76
1747014901.7973633,-7,-7,74
1747014901.8323634,-11,30,18
1747014901.8683634,8,28,82
1747014901.9033637,4,4,74
1747014901.9393632,-63,-5,118
1747014901.974363,-73,-51,134
1747014902.0093634,-35,40,-53
1747014902.0453634,-79,-1,160
1747014902.0803633,0,56,176
1747014902.1163633,-60,32,98
1747014902.1513634,7,-71,12
1747014902.1873634,-89,-81,72
1747014902.2223637,38,50,-3
1747014902.257363,52,36,6
1747014902.293363,54,-37,114
1747014902.3283634,-47,-17,22
1747014902.3643634,12,32,68
1747014902.3993633,90,-55,-31
1747014902.4353633,0,-64,136
1747014902.4703634,-26,76,40
1747014902.5053637,-29,-5,98
1747014902.5413637,-36,38,16
1747014902.576363,5,-67,36
1747014902.612363,20,0,108
1747014902.6473634,-49,-13,104
1747014902.6833634,23,-17,250
1747014902.7183633,-4,-37,60
1747014902.7533634,61,72,42
1747014902.7893634,5,-31,146
1747014902.8243637,37,-33,36
1747014902.8603632,-48,-37,18
1747014902.895363,45,4,34
1747014902.931363,-55,-24,48
1747014902.9673634,27,-31,92
1747014903.0023634,34,11,120
1747014903.0373633,15,12,54
1747014903.0733633,1,46,154
1747014903.1093633,59,-9,164
1747014903.1443634,-61,-53,84
1747014903.1803634,32,56,12
1747014903.2153633,0,-10,76
1747014903.250363,35,48,40
1747014903.2853634,71,70,80
1747014903.3213634,64,-3,110
1747014903.3573637,52,38,150
1747014903.3923633,6,-23,104
1747014903.428363,12,-9,74
1747014903.4633634,100,-77,86
1747014903.4983633,0,102,100
1747014903.533363,2,-5,40
1747014903.5693634,20,68,26
1747014903.6053634,-15,90,72
1747014903.6403637,30,48,148
1747014903.6763637,-67,-37,62
1747014903.7113633,-25,18,66
1747014903.7463634,83,48,164
1747014903.7813632,31,-37,162
1747014903.8173633,-1,-32,124
1747014903.8533633,-16,-11,194
1747014903.8883634,-91,-60,150
1747014903.9243634,25,44,116
1747014903.9593637,-14,34,148
1747014903.9943633,-38,-25,108
1747014904.0293634,-7,0,48
1747014904.0653634,16,20,54
1747014904.1013634,-51,-13,130
1747014904.1363633,-13,2,34
1747014904.1723633,6,-12,44
1747014904.2073634,-23,17,164
1747014904.2423637,18,15,60
1747014904.2773633,16,64,26
1747014904.3133633,-27,-23,146
1747014904.349363,6,14,-33
1747014904.3843634,-22,14,-11
1747014904.4203634,6,-55,100
1747014904.4553633,-47,-11,152
1747014904.4903634,-1,44,118
1747014904.5253634,82,-27,12
1747014904.5613637,42,-43,-45
1747014904.5973637,20,68,18
1747014904.632363,-25,15,6
1747014904.668363,-13,-57,98
1747014904.7033634,-90,7,62
1747014904.7383633,25,-40,34
1747014904.7733634,94,-12,56
1747014904.8093634,56,7,120
1747014904.8453634,-62,-44,78
1747014904.8803637,37,1,-33
1747014904.9163637,-3,0,114
1747014904.951363,7,-12,84
1747014904.9863634,-24,-6,32
1747014905.0213633,21,-36,90
1747014905.0573633,17,29,88
1747014905.0933633,-54,23,80
1747014905.1283634,60,-41,132
1747014905.1643634,-103,30,134
1747014905.1993637,92,-23,64
1747014905.2343633,-18,41,218
1747014905.2693634,19,23,92
1747014905.3053634,107,-21,82
1747014905.3413634,45,-45,-1
1747014905.3763633,27,-25,132
1747014905.4123633,27,-85,34
1747014905.4473634,-55,30,18
1747014905.4823637,6,40,118
1747014905.5173633,42,-5,40
1747014905.553363,-13,22,-23
1747014905.589363,38,12,68
1747014905.6243634,70,56,68
1747014905.6603634,17,35,234
1747014905.6953633,12,-29,12
1747014905.7303634,44,24,206
1747014905.7653637,-21,-105,-3
1747014905.8013637,6,-41,30
1747014905.8373632,31,-103,4
1747014905.872363,0,-43,132
1747014905.908363,-37,-84,100
1747014905.9433634,36,0,96
1747014905.9783633,-46,23,50
1747014906.0133634,-30,-48,4
1747014906.0493634,21,-46,158
1747014906.0853634,-54,25,128
1747014906.1203637,-22,-54,214
1747014906.1563632,-52,17,120
1747014906.191363,-14,5,-3
1747014906.2263634,49,83,48
1747014906.2623634,1,91,154
1747014906.2973633,23,-4,76
1747014906.3333633,45,-31,50
1747014906.3683634,-35,-30,28
1747014906.4043634,22,19,120
1747014906.4393632,30,37,-23
1747014906.474363,-19,-42,88
1747014906.510363,-69,35,56
1747014906.5453634,-11,-56,74
1747014906.5813634,-61,31,94
1747014906.6163633,0,-28,-17
1747014906.6523633,8,1,100
1747014906.6873634,-71,31,36
1747014906.7223637,24,-18,6
1747014906.7583632,50,35,14
1747014906.793363,-31,-50,24
1747014906.829363,7,-10,-43
1747014906.8643634,5,11,62
1747014906.9003634,-36,-40,90
1747014906.9353633,37,3,32
1747014906.9703634,-13,7,10
1747014907.0063634,61,-12,-35
1747014907.0413637,-50,0,150
1747014907.0773633,12,1,74
1747014907.112363,21,55,190
1747014907.1483634,1,-36,54
1747014907.1833634,-2,-18,12
1747014907.2183633,11,-96,56
1747014907.2543633,-42,-99,66
1747014907.2893634,-10,13,52
1747014907.3253634,59,-36,48
1747014907.3603632,-6,-20,-13
1747014907.3963633,33,0,62
1747014907.431363,57,21,32
1747014907.4663634,-22,-72,104
1747014907.5023634,71,107,62
1747014907.5373633,-60,38,74
1747014907.5733633,81,32,106
1747014907.6083634,6,-93,32
1747014907.6443634,6,-1,86
1747014907.6793633,-15,-67,100
1747014907.714363,-35,8,128
1747014907.750363,-71,-37,-23
1747014907.7853634,2,66,62
1747014907.8213634,16,7,34
1747014907.8563633,62,0,4
1747014907.8923633,-9,-55,118
1747014907.9273634,4,24,32
1747014907.9623632,-89,-15,64
1747014907.9983633,16,-55,212
1747014908.033363,-35,47,-15
1747014908.0693634,19,79,142
1747014908.1043634,-20,-60,128
1747014908.1393633,48,-3,38
1747014908.1743634,35,-106,154
1747014908.2103634,54,24,-37
1747014908.2463634,-22,-3,188
1747014908.2813632,85,10,-35
1747014908.3173633,29,-25,106
1747014908.352363,-10,40,26
1747014908.3873634,23,-37,29
1747014908.4223633,74,-2,77
1747014908.4583633,60,5,3
1747014908.4943633,16,-4,-8
1747014908.5293634,26,-62,46
1747014908.5653634,-39,-16,-46
1747014908.6003633,14,79,106
1747014908.635363,4,-62,132
1747014908.6703634,-21,-38,24
1747014908.7063634,-135,-52,28
1747014908.7423637,66,69,70
1747014908.7773633,2,65,158
1747014908.8133633,86,-14,-61
1747014908.8483634,-3,6,134
1747014908.8833632,-25,26,170
1747014908.918363,-47,30,92
1747014908.954363,-10,53,150
1747014908.9903634,-22,5,-13
1747014909.0253634,-56,7,-15
1747014909.0613637,-25,-32,32
1747014909.0963633,-57,-45,170
1747014909.1313634,9,-44,39
1747014909.1663637,-44,-26,116
1747014909.2023633,35,65,185
1747014909.2383633,-44,-2,75
1747014909.2733634,-4,-32,69
1747014909.3093634,87,33,67
1747014909.3443637,-21,-3,33
1747014909.3793633,-31,34,104
1747014909.4143634,96,22,121
1747014909.4503634,-25,-31,17
1747014909.4863634,100,4,-37
1747014909.5213633,-2,58,100
1747014909.5573633,10,30,66
1747014909.5923634,15,16,122
1747014909.6343634,-28,16,86
1747014909.6703634,25,-21,56
1747014909.7063634,-39,-15,-23
1747014909.7423637,-11,32,74
1747014909.7773633,-21,-27,-103
1747014909.8133633,-105,-39,120
1747014909.8483634,14,-15,-13
1747014909.8833632,36,10,22
1747014909.918363,-47,10,156
1747014909.954363,28,-11,198
1747014909.9903634,0,2,-21
1747014910.0253634,36,-3,62
1747014910.0613637,-59,-17,58
1747014910.0963633,-40,-26,86
1747014910.1313634,1,-44,136
1747014910.1663637,-38,62,-11
1747014910.2023633,23,-49,122
1747014910.2383633,17,44,138
1747014910.2733634,-16,32,50
1747014910.3093634,81,6,46
1747014910.3443637,-21,-15,156
1747014910.3793633,29,-35,53
1747014910.4143634,61,-41,91
1747014910.4503634,-32,-7,87
1747014910.4863634,-24,47,71
1747014910.5213633,-22,-11,33
1747014910.5573633,-81,-28,97
1747014910.5923634,-48,-37,73
1747014910.6273634,21,30,0
1747014910.6623633,-4,40,142
1747014910.6983633,27,8,11
1747014910.7343633,-37,11,18
1747014910.7693634,-51,-24,-47
1747014910.8053634,-57,30,76
1747014910.8403633,72,18,86
1747014910.875363,-23,22,40
1747014910.9103634,22,-38,50
1747014910.9463634,-47,7,126
1747014910.9823637,-13,-28,72
1747014911.0173633,-47,-41,20
1747014911.053363,-33,6,82
1747014911.0883634,10,38,61
1747014911.1233633,-3,18,53
1747014911.158363,-57,-41,81
1747014911.1943634,82,-17,183
1747014911.2303634,29,-45,19
1747014911.2653637,-41,-43,-8
1747014911.3013637,40,-21,74
1747014911.3363633,8,10,32
1747014911.3713634,-15,-7,-11
1747014911.4073634,-9,33,148
1747014911.4423633,-24,36,52
1747014911.4783633,87,2,122
1747014911.5133634,-12,20,86
1747014911.5493634,-62,66,48
1747014911.5843637,-57,57,70
1747014911.6193633,-67,-18,66
1747014911.655363,14,-20,91
1747014911.6903634,-5,-58,-54
1747014911.7263634,-63,-34,100
1747014911.7613633,-7,51,86
1747014911.7973633,120,-84,174
1747014911.8323634,-87,-34,10
1747014911.8673637,-14,-11,38
1747014911.9033637,102,91,32
1747014911.9383633,76,-48,78
1747014911.974363,-82,-131,-35
1747014912.0093634,-18,-9,58
1747014912.0453634,-9,-8,98
1747014912.0803633,-37,7,62
1747014912.1153634,-25,-52,-26
1747014912.1513634,-7,-20,0
1747014912.1863637,-41,19,35
1747014912.2223637,-55,-10,21
1747014912.257363,44,17,229
1747014912.293363,-11,47,0
1747014912.3283634,-27,97,83
1747014912.3633633,-21,-14,57
1747014912.3993633,-1,-84,29
1747014912.4343634,4,-66,102
1747014912.4703634,-61,-70,4
1747014912.5053637,-5,-8,-17
1747014912.5413637,-13,-42,204
1747014912.576363,-36,-5,110
1747014912.6113634,-19,5,278
1747014912.6473634,17,27,-9
1747014912.6823633,-10,1,80
1747014912.7183633,-117,14,152
1747014912.7533634,71,-70,118
1747014912.7893634,-62,-71,116
1747014912.8243637,-16,-41,28
1747014912.8593633,-22,1,-1
1747014912.895363,35,96,-60
1747014912.9303634,71,-29,77
1747014912.9663634,-66,44,-62
1747014913.0013633,133,46,109
1747014913.0363634,-88,10,135
1747014913.0713634,-2,38,51
1747014913.1073637,7,-77,-82
1747014913.1433637,0,6,30
1747014913.178363,-27,-57,100
1747014913.214363,-17,46,92
1747014913.2493634,-84,-20,86
1747014913.2843633,51,-68,56
1747014913.3193634,-28,67,-7
1747014913.3553634,63,-34,176
1747014913.3913634,160,-19,134
1747014913.4263637,-42,0,118
1747014913.4623632,23,9,188
1747014913.497363,20,-31,132
1747014913.5323634,-8,33,62
1747014913.5673633,1,27,92
1747014913.6033633,5,66,52
1747014913.6393633,11,-26,72
1747014913.6743634,13,107,112
1747014913.7103634,23,-41,58
1747014913.7453637,5,-11,54
1747014913.780363,7,34,4
1747014913.8153634,78,-79,122
1747014913.8513634,-31,78,114
1747014913.8873634,105,12,-5
1747014913.9223633,17,-3,34
1747014913.9583633,-36,-95,68
1747014913.9933634,-24,0,100
1747014914.0283637,-42,-9,56
1747014914.0633633,7,34,-41
1747014914.099363,73,-95,2
1747014914.135363,3,22,174
1747014914.1703634,37,-57,82
1747014914.2063634,85,60,6
1747014914.2413633,-54,80,4
1747014914.2763634,29,38,-75
1747014914.3113637,5,-17,96
1747014914.3473637,33,-37,10
1747014914.3833632,5,30,150
1747014914.418363,-14,88,-1
1747014914.454363,-1,28,79
1747014914.4893634,-44,-27,-76
1747014914.5243633,57,-27,55
1747014914.5593634,-18,6,97
1747014914.5953634,88,16,219
1747014914.6313634,99,26,13
1747014914.6663637,-46,-24,-14
1747014914.7023633,1,-6,129
1747014914.737363,-48,10,-18
1747014914.7723634,-5,32,70
1747014914.8073633,-43,-7,111
1747014914.8433633,-24,-17,169
1747014914.8793633,-18,-51,48
1747014914.9143634,-23,-41,144
1747014914.9503634,6,0,16
1747014914.9853632,16,-31,18
1747014915.020363,82,-125,44
1747014915.0553634,24,26,108
1747014915.0913634,-81,-15,140
1747014915.1273634,-5,-1,86
1747014915.1623633,3,-25,64
1747014915.1983633,-14,16,148
1747014915.2333634,-60,16,129
1747014915.2683637,5,-65,175
1747014915.303363,-54,-33,68
1747014915.339363,-67,-33,59
1747014915.375363,-29,-31,51
1747014915.4103634,-29,4,149
1747014915.4463634,18,-19,222
1747014915.4813633,-35,0,156
1747014915.5163634,-1,-21,20
1747014915.5513637,-5,138,-13
1747014915.5873632,24,38,42
1747014915.6233633,-3,98,-151
1747014915.658363,138,-27,94
1747014915.6943634,-60,-39,56
1747014915.7293634,115,22,90
1747014915.7643633,27,-51,108
1747014915.7993634,-51,-9,110
1747014915.8353634,28,-29,138
1747014915.8713634,-21,-19,104
1747014915.9063632,4,-35,166
1747014915.9423633,-27,12,42
1747014915.977363,40,50,100
1747014916.0123634,-15,53,96
1747014916.0473633,-39,-56,69
1747014916.0833633,-11,5,-44
1747014916.1193633,4,53,95
1747014916.1543634,3,13,21
1747014916.1903634,5,-102,-18
1747014916.2253633,16,-36,1
1747014916.260363,-67,-16,113
1747014916.2953634,91,47,33
1747014916.3313634,19,1,111
1747014916.3673637,25,45,80
1747014916.4023633,37,57,-15
1747014916.4383633,29,13,142
1747014916.4733634,-20,-12,110
1747014916.5083632,-49,-10,146
1747014916.5443633,-43,19,146
1747014916.579363,6,-72,140
1747014916.6153634,12,25,150
1747014916.6503634,38,61,68
1747014916.6863637,-89,25,58
1747014916.7213633,40,59,4
1747014916.7563634,-3,43,42
1747014916.7923634,-5,-50,188
1747014916.8273633,-18,33,-13
1747014916.8633633,67,27,24
1747014916.8983634,-2,-32,114
1747014916.9343634,45,9,82
1747014916.9693637,7,19,204
1747014917.0043633,22,-10,152
1747014917.0403633,57,0,-31
1747014917.0753634,45,5,40
1747014917.1113634,45,-4,162
1747014917.1463633,55,29,77
1747014917.1823633,-6,67,75
1747014917.2173634,-6,-13,99
1747014917.2523634,49,10,145
1747014917.2883637,19,12,135
1747014917.3233633,101,-21,-24
1747014917.3593633,39,2,84
1747014917.3943634,-20,22,164
1747014917.4303634,109,-1,-27
1747014917.4653633,77,0,-53
1747014917.500363,-20,19,36
1747014917.5363634,-52,79,122
1747014917.5713634,51,-8,-49
1747014917.6073637,-112,47,90
1747014917.6423633,67,-1,134
1747014917.678363,49,-48,165
1747014917.7133634,35,-44,161
1747014917.7483633,61,-20,17
1747014917.7843633,93,61,83
1747014917.8193634,-56,-24,194
1747014917.8553634,129,-12,104
1747014917.8903637,-26,41,108
1747014917.9263637,9,-32,64
1747014917.9613633,1,19,140
1747014917.9963634,25,-40,104
1747014918.0323634,-4,-24,142
1747014918.0673633,1,51,124
1747014918.1033633,-34,47,88
1747014918.1383634,-36,-4,80
1747014918.1743634,23,-8,52
1747014918.2103634,-72,73,104
1747014918.2463634,-10,65,44
1747014918.2823634,89,-46,136
1747014918.3173633,39,-42,0
1747014918.352363,29,-50,14
1747014918.3883634,-30,47,22
1747014918.4243634,15,-12,190
1747014918.4593637,7,9,62
1747014918.4953637,-14,-14,166
1747014918.530363,-64,-22,90
1747014918.5653634,-16,-40,154
1747014918.6003633,-43,27,181
1747014918.6363633,18,21,157
1747014918.6723633,-6,-16,215
1747014918.7073634,82,51,75
1747014918.7433634,51,5,97
1747014918.7783637,2,66,61
1747014918.8133633,30,64,57
1747014918.8483634,52,32,-4
1747014918.8843634,-9,8,-8
1747014918.9203634,-17,4,14
1747014918.9553633,12,-23,94
1747014918.9913633,2,-57,102
1747014919.0263634,26,2,44
1747014919.0613637,-11,66,102
1747014919.0963633,-34,-12,100
1747014919.132363,-2,67,-17
1747014919.168363,45,-4,32
1747014919.2033634,-8,21,-5
1747014919.2393634,0,-49,62
1747014919.2743633,-60,5,42
1747014919.3093634,-26,39,-57
1747014919.3443637,47,15,62
1747014919.3803637,-26,10,40
1747014919.4163637,9,-21,72
1747014919.451363,39,-42,32
1747014919.487363,49,26,114
1747014919.5223634,41,78,71
1747014919.5573633,-54,23,153
1747014919.5923634,92,52,41
1747014919.6283634,25,-77,19
1747014919.6713634,-64,-5,83
1747014919.7073634,40,92,19
1747014919.7433634,58,34,139
1747014919.7783637,81,-24,82
1747014919.8133633,-66,29,102
1747014919.8483634,-76,-122,38
1747014919.8843634,19,61,226
1747014919.9203634,89,11,54
1747014919.9553633,47,-56,12
1747014919.9913633,-2,37,-25
1747014920.0263634,11,-16,38
1747014920.0613637,-48,-30,78
1747014920.0963633,-9,23,-47
1747014920.132363,-16,2,74
1747014920.168363,-33,55,90
1747014920.2033634,28,-46,-13
1747014920.2393634,0,33,50
1747014920.2743633,9,91,38
1747014920.3093634,-12,41,-11
1747014920.3443637,0,17,-15
1747014920.3803637,55,-20,176
1747014920.4163637,11,11,148
1747014920.451363,31,1,116
1747014920.487363,29,34,-21
1747014920.5223634,31,30,104
1747014920.5573633,41,66,158
1747014920.5923634,-14,8,-81
1747014920.6283634,25,-5,62
1747014920.6643634,75,-87,82
1747014920.6993637,9,72,-9
1747014920.7353632,-34,-6,127
1747014920.770363,62,60,48
1747014920.8053634,41,3,124
1747014920.8403633,-33,-27,43
1747014920.8763633,22,16,1
1747014920.9123633,18,48,83
1747014920.9473634,-40,1,49
1747014920.9833634,-24,-2,46
1747014921.0183637,-86,-94,-29
1747014921.053363,-53,44,76
1747014921.0883634,92,-3,118
1747014921.1243634,-83,41,42
1747014921.1603634,-82,11,96
1747014921.1953633,1,-22,32
1747014921.2313633,-42,15,116
1747014921.2663634,-18,17,78
1747014921.3013637,31,-92,118
1747014921.3363633,75,-50,58
1747014921.372363,31,33,-27
1747014921.408363,-10,30,44
1747014921.4433634,45,90,78
1747014921.4793634,27,-5,-13
1747014921.5143633,7,-46,58
1747014921.5493634,5,-54,16
1747014921.5853634,-9,-30,180
1747014921.6203637,-33,29,-11
1747014921.6563632,-33,-20,18
1747014921.691363,-19,-8,-17
1747014921.727363,56,-24,44
1747014921.7623634,32,26,16
1747014921.7973633,108,-43,116
1747014921.8333633,-28,18,20
1747014921.8683634,73,-27,116
1747014921.9043634,0,-24,134
1747014921.9393632,-63,-38,86
1747014921.9753633,19,3,-29
1747014922.010363,-30,-10,96
1747014922.0453634,77,-23,76
1747014922.0813634,59,-9,34
1747014922.1163633,-44,-38,-45
1747014922.1523633,11,26,110
1747014922.1873634,75,8,22
1747014922.2233634,39,-22,30
1747014922.2583632,-58,10,12
1747014922.293363,-22,24,80
1747014922.329363,-45,-1,168
1747014922.3643634,-59,-9,124
1747014922.4003634,24,-11,31
1747014922.4353633,54,6,79
1747014922.4713633,27,-72,167
1747014922.5063634,36,20,248
1747014922.5413637,-94,-74,70
1747014922.5773633,-42,-20,148
1747014922.612363,21,8,72
1747014922.6483634,-92,2,110
1747014922.6833634,-67,6,142
1747014922.7193637,7,49,60
1747014922.7543633,39,-8,-19
1747014922.7893634,44,-7,30
1747014922.8253634,-31,-3,63
1747014922.8603632,26,20,49
1747014922.8963633,0,18,65
1747014922.931363,30,0,27
1747014922.9673634,24,14,53
1747014923.0023634,-13,-49,137
1747014923.0373633,38,63,3
1747014923.0733633,76,-2,144
1747014923.1083634,-23,51,34
1747014923.1443634,10,-12,40
1747014923.1793633,2,35,-38
1747014923.214363,58,-50,101
1747014923.2493634,58,-28,34
1747014923.2853634,-22,-33,108
1747014923.3213634,-10,16,2
1747014923.3563633,26,-34,102
1747014923.3923633,-7,-44,-2
1747014923.4273634,-43,51,170
1747014923.4623632,-34,114,26
1747014923.497363,23,0,68
1747014923.533363,15,10,104
1747014923.5693634,-51,25,138
1747014923.6043634,16,11,-65
1747014923.6403637,-92,39,150
1747014923.6753633,52,27,-20
1747014923.7103634,57,23,131
1747014923.7453637,21,27,213
1747014923.7813632,-28,23,97
1747014923.8173633,12,25,77
1747014923.852363,-24,-36,15
1747014923.8883634,27,10,81
1747014923.9233634,70,5,50
1747014923.9583633,-29,55,152
1747014923.9933634,-19,51,102
1747014924.0293634,-3,5,-45
1747014924.0653634,8,-34,32
1747014924.1003633,-59,-32,6
1747014924.1363633,-59,57,54
1747014924.1713634,8,-13,90
1747014924.2063634,16,-17,204
1747014924.2413633,0,52,-43
1747014924.2773633,22,-15,62
1747014924.3133633,42,-1,124
1747014924.3483634,-69,18,79
1747014924.3843634,64,46,133
1747014924.4193633,-25,-43,47
1747014924.454363,60,-17,47
1747014924.4893634,20,-8,33
1747014924.5253634,17,27,29
1747014924.5613637,-11,71,139
1747014924.5963633,6,-50,189
1747014924.632363,-7,35,39
1747014924.6673634,38,-20,179
1747014924.7023633,-47,-14,117
1747014924.737363,0,-10,45
1747014924.7733634,168,5,-38
1747014924.8093634,-103,3,93
1747014924.8443637,6,71,217
1747014924.8803637,21,-14,85
1747014924.9153633,28,-52,-58
1747014924.9503634,-58,6,7
1747014924.9853632,-4,-19,29
1747014925.0213633,-30,28,38
1747014925.0573633,13,44,-27
1747014925.0923634,27,46,100
1747014925.1283634,-96,-23,124
1747014925.1633637,-21,-41,-39
1747014925.1983633,-35,0,210
1747014925.2333634,-15,-13,30
1747014925.2693634,16,-45,76
1747014925.3053634,-35,-21,108
1747014925.3403633,2,-3,28
1747014925.3763633,8,-21,6
1747014925.4113634,-19,30,90
1747014925.4463634,6,-13,146
1747014925.4813633,66,-21,24
1747014925.5173633,-26,6,-17
1747014925.553363,8,4,100
1747014925.5883634,106,12,134
1747014925.6243634,95,-19,86
1747014925.6593633,-80,-21,-45
1747014925.6943634,13,-43,214
1747014925.7293634,27,-78,133
1747014925.7653637,-47,76,95
1747014925.8013637,61,2,169
1747014925.8363633,-71,-35,83
1747014925.872363,16,-13,-6
1747014925.9073634,10,10,99
1747014925.9423633,2,78,85
1747014925.977363,-52,10,98
1747014926.0133634,23,26,44
1747014926.0493634,39,62,122
1747014926.0843637,1,72,12
1747014926.1203637,-10,12,18
1747014926.155363,-40,-15,76
1747014926.1903634,-18,56,62
1747014926.2253633,-4,-21,114
1747014926.2613633,-62,20,92
1747014926.2973633,33,-19,-11
1747014926.3323634,67,36,40
1747014926.3683634,5,-15,0
1747014926.4033637,-32,72,104
1747014926.4383633,39,-7,94
1747014926.4733634,-26,-15,50
1747014926.5093634,71,19,175
1747014926.5453634,19,-34,57
1747014926.5803633,16,20,159
1747014926.6163633,-133,24,-14
1747014926.6513634,-17,-49,111
1747014926.6863637,-17,46,129
1747014926.7223637,-47,32,41
1747014926.757363,-127,-75,-8
1747014926.793363,22,54,-14
1747014926.8283634,7,-29,141
1747014926.8643634,19,12,41
1747014926.8993633,3,46,23
1747014926.9343634,-13,-23,35
1747014926.9703634,-36,-1,114
1747014927.0053637,47,21,10
1747014927.0413637,37,-28,97
1747014927.076363,-6,39,38
1747014927.112363,78,60,-5
1747014927.1473634,136,4,110
1747014927.1823633,92,-39,6
1747014927.2183633,-45,8,172
1747014927.2533634,22,-15,152
1747014927.2893634,22,-41,186
1747014927.3243637,42,-17,-29
1747014927.3603632,8,-43,-5
1747014927.395363,6,-13,56
1747014927.4303634,92,-31,110
1747014927.4663634,8,-31,124
1747014927.5013633,-39,58,-12
1747014927.5373633,58,-37,-4
1747014927.5723634,-21,-53,99
1747014927.6073637,-9,-139,177
1747014927.6423633,-33,48,125
1747014927.678363,-61,-57,-8
1747014927.714363,54,-51,39
1747014927.7493634,56,32,199
1747014927.7853634,16,-13,107
1747014927.8203633,42,10,73
1747014927.8563633,-34,-22,51
1747014927.8913634,11,11,102
1747014927.9263637,-34,-50,72
1747014927.9623632,-54,33,60
1747014927.997363,12,-17,116
1747014928.033363,-19,-67,128
1747014928.0683634,-56,-19,-27
1747014928.1043634,-7,16,158
1747014928.1393633,4,-71,94
1747014928.1743634,0,30,46
1747014928.2103634,102,50,-97
1747014928.2453637,80,56,108
1747014928.2813632,-25,88,-27
1747014928.316363,96,6,68
1747014928.352363,153,4,2
1747014928.3883634,-6,-27,53
1747014928.4243634,-10,-23,-4
1747014928.4603634,-11,-18,47
1747014928.4953637,24,9,93
1747014928.530363,16,1,-44
1747014928.566363,-38,-21,60
1747014928.602363,-28,32,114
1747014928.6373634,15,0,120
1747014928.6733634,-122,1,42
1747014928.7083633,-28,22,132
1747014928.7433634,10,-8,-1
1747014928.7783637,-17,29,-3
1747014928.8143632,26,3,66
1747014928.8503633,13,-13,30
1747014928.885363,-41,19,41
1747014928.9213634,-55,23,26
1747014928.9563634,-23,43,66
1747014928.9913633,-35,-40,163
1747014929.0263634,15,-11,13
1747014929.0623634,-7,-42,57
1747014929.0983634,-42,-19,11
1747014929.1333632,-36,-37,120
1747014929.1693633,-14,-67,116
1747014929.204363,43,-81,82
1747014929.2393634,-90,1,92
1747014929.2743633,25,-16,-33
1747014929.3103633,39,-30,56
1747014929.3463633,-42,24,100
1747014929.3813634,47,-59,76
1747014929.4173634,72,12,80
1747014929.4523633,30,2,10
1747014929.487363,18,-47,60
1747014929.5223634,18,-45,141
1747014929.5583634,-1,-45,95
1747014929.5943637,32,60,-4
1747014929.6293633,10,2,-34
1747014929.6723633,20,-7,-52
1747014929.7083633,-33,20,91
1747014929.7433634,34,-61,75
1747014929.7783637,12,-9,13
1747014929.8143632,-37,-20,-16
1747014929.8503633,-65,-91,-61
1747014929.885363,34,-61,120
1747014929.9213634,6,2,32
1747014929.9563634,56,-33,110
1747014929.9913633,3,67,-17
1747014930.0263634,-68,15,221
1747014930.0623634,53,59,-12
1747014930.0983634,-64,-14,173
1747014930.1333632,89,-62,15
1747014930.1693633,-2,-8,71
1747014930.204363,39,-130,-84
1747014930.2393634,12,0,35
1747014930.2743633,-15,4,113
1747014930.3103633,-73,-21,81
1747014930.3463633,-63,-19,35
1747014930.3813634,-43,-53,57
1747014930.4173634,15,36,-28
1747014930.4523633,-44,-63,113
1747014930.487363,-13,-23,-44
1747014930.5223634,55,-23,14
1747014930.5583634,-22,-13,92
1747014930.5943637,59,-26,-40
1747014930.6293633,17,14,83
1747014930.6653633,31,49,-42
1747014930.7003634,-36,11,5
1747014930.7353632,-50,51,-88
1747014930.770363,119,-22,34
1747014930.806363,47,72,52
1747014930.8423634,-82,-29,38
1747014930.8773634,15,51,58
1747014930.9133637,29,0,82
1747014930.9483633,-8,-70,20
1747014930.9833634,-4,49,122
1747014931.0183637,33,0,116
1747014931.0543633,29,-10,54
1747014931.0903633,-48,-54,22
1747014931.125363,-45,-9,70
1747014931.1613634,44,-4,68
1747014931.1963634,42,14,44
1747014931.2313633,-17,-109,56
1747014931.2663634,40,-11,-41
1747014931.3023634,22,-20,170
1747014931.3383634,-8,13,14
1747014931.3733633,-117,34,189
1747014931.4093633,24,78,101
1747014931.4443634,-45,34,60
1747014931.4793634,7,-6,4
1747014931.5153637,64,-36,106
1747014931.5503633,22,38,228
1747014931.5863633,26,-57,128
1747014931.6213634,-35,40,246
1747014931.6573634,-91,-97,110
1747014931.6923633,-17,-9,0
1747014931.727363,-61,-5,112
1747014931.7633634,45,-55,-21
1747014931.7983634,6,26,6
1747014931.8343637,-92,-45,166
1747014931.8693633,-33,7,50
1747014931.905363,18,-50,82
1747014931.9403634,10,33,84
1747014931.9753633,61,6,49
1747014932.0113633,-52,18,59
1747014932.0463634,41,4,-16
1747014932.0823634,27,-15,126
1747014932.1173637,61,2,43
1747014932.1533637,-118,20,137
1747014932.1883633,-28,-59,101
1747014932.2233634,15,2,-16
1747014932.2593634,-11,-43,77
1747014932.2943633,-36,-3,123
1747014932.3303633,16,32,-44
1747014932.3653634,-23,-37,19
1747014932.4013634,79,-1,103
1747014932.4363637,27,-23,97
1747014932.4713633,-40,30,51
1747014932.507363,-14,-11,102
1747014932.5423634,-32,20,109
1747014932.5783634,107,112,14
1747014932.6133633,104,-17,81
1747014932.6493633,44,-29,22
1747014932.6843634,74,28,24
1747014932.7193637,60,22,30
1747014932.7553637,-89,0,192
1747014932.7903633,87,-49,41
1747014932.826363,-36,18,43
1747014932.8613634,-21,38,132
1747014932.8973634,32,-67,-16
1747014932.9323633,-35,24,-54
1747014932.9673634,-73,-9,124
1747014933.0033634,52,18,130
1747014933.0383637,17,10,104
1747014933.0743637,-70,22,46
1747014933.1093633,7,-37,46
1747014933.145363,-37,20,68
1747014933.1803634,63,-11,-32
1747014933.2153633,-74,-15,142
1747014933.2513633,6,-31,122
1747014933.2863634,13,-16,134
1747014933.3223634,-24,17,154
1747014933.3573637,-79,-5,-105
1747014933.3933637,10,-19,82
1747014933.428363,54,64,76
1747014933.4633634,-75,-61,28
1747014933.4993634,6,36,114
1747014933.5343633,30,-8,192
1747014933.5703633,-45,29,150
1747014933.6053634,-9,35,62
1747014933.6403637,28,-1,8
1747014933.6753633,-17,-4,184
1747014933.7113633,36,-16,64
1747014933.747363,33,-11,58
1747014933.7823634,35,94,78
1747014933.8183634,-22,-27,54
1747014933.8533633,-76,2,112
1747014933.8883634,-116,0,-43
1747014933.9233634,-1,31,10
1747014933.9593637,116,-64,46
1747014933.9953637,8,17,92
1747014934.030363,-15,-14,90
1747014934.066363,-93,-17,148
1747014934.1013634,52,26,56
1747014934.1363633,42,52,68
1747014934.1713634,-5,-65,-14
1747014934.2073634,4,-65,109
1747014934.2433634,20,18,48
1747014934.2783637,11,-64,8
1747014934.3143632,-9,-31,56
1747014934.349363,-8,93,212
1747014934.3843634,101,-26,126
1747014934.4193633,-20,5,16
1747014934.4553633,23,-74,128
1747014934.4913633,23,-2,-15
1747014934.5263634,34,-12,142
1747014934.5623634,65,37,44
1747014934.5973637,19,13,52
1747014934.632363,-4,-14,22
1747014934.6673634,14,21,71
1747014934.7033634,0,33,53
1747014934.7393634,1,10,31
1747014934.7743633,63,16,118
1747014934.8103633,-58,-31,76
1747014934.8453634,1,58,30
1747014934.8803637,41,0,54
1747014934.9153633,8,12,126
1747014934.951363,4,30,134
1747014934.987363,-29,-27,16
1747014935.0223634,1,4,54
1747014935.0583634,25,16,-29
1747014935.0933633,48,2,128
1747014935.1283634,53,39,42
1747014935.1633637,11,-22,-3
1747014935.1993637,-24,45,86
1747014935.2353632,16,62,56
1747014935.270363,-35,-33,100
1747014935.306363,40,24,110
1747014935.3413634,62,-21,184
1747014935.3763633,45,1,176
1747014935.4113634,79,-82,86
1747014935.4473634,3,37,170
1747014935.4833634,125,21,28
1747014935.5183637,-10,-39,-31
1747014935.5543633,3,54,142
1747014935.589363,65,2,92
1747014935.6243634,53,2,170
1747014935.6593633,-34,72,26
1747014935.6953633,16,46,93
1747014935.7313633,-114,30,29
1747014935.7663634,35,-83,93
1747014935.8023634,75,8,89
1747014935.8373632,-44,-49,-2
1747014935.872363,51,31,41
1747014935.908363,-42,75,111
1747014935.9433634,-26,47,145
1747014935.9793634,49,-63,-62
1747014936.0143633,17,18,39
1747014936.0503633,22,-90,81
1747014936.0853634,64,45,111
1747014936.1203637,-2,-83,-68
1747014936.155363,-52,-11,170
1747014936.191363,-5,55,36
1747014936.227363,-3,33,114
1747014936.2623634,26,-115,8
1747014936.2983634,12,20,-19
1747014936.3333633,-1,40,66
1747014936.3683634,-5,-40,88
1747014936.4033637,-57,-38,44
1747014936.4393632,-1,-38,38
1747014936.4753633,-17,-12,104
1747014936.510363,18,9,230
1747014936.5463634,4,145,94
1747014936.5813634,4,21,77
1747014936.6163633,-43,27,109
1747014936.6523633,54,-104,23
1747014936.6873634,-49,87,65
1747014936.7233634,155,16,15
1747014936.7583632,-17,-10,35
1747014936.7943633,-43,57,61
1747014936.829363,-2,-31,127
1747014936.8643634,-92,-71,73
1747014936.9003634,-41,57,41
1747014936.9353633,0,19,-6
1747014936.9713633,35,-1,-47
1747014937.0063634,-28,-93,-39
1747014937.0423634,-39,14,22
1747014937.0773633,59,-13,94
1747014937.112363,0,8,80
1747014937.1483634,-66,-37,17
1747014937.1833634,-86,62,50
1747014937.2193637,-58,-5,22
1747014937.2543633,9,-3,118
1747014937.2903633,59,-35,100
1747014937.3253634,47,12,170
1747014937.3603632,85,-43,182
1747014937.3963633,0,-25,160
1747014937.431363,1,71,68
1747014937.4673634,-67,12,4
1747014937.5023634,-4,-15,162
1747014937.5383637,-44,2,132
1747014937.5733633,-84,-3,-39
1747014937.6083634,-54,-19,-49
1747014937.6443634,-62,16,-11
1747014937.6793633,0,46,-21
1747014937.7153633,25,-41,77
1747014937.750363,-7,22,49
1747014937.7863634,36,-1,-78
1747014937.8213634,12,52,35
1747014937.8563633,66,58,67
1747014937.8923633,-7,48,43
1747014937.9273634,38,33,119
1747014937.9633634,70,-36,100
1747014937.9983633,26,-24,98
1747014938.0343633,32,-20,-13
1747014938.0693634,10,-36,50
1747014938.1043634,-13,-36,122
1747014938.1403637,62,-68,26
1747014938.1753633,20,-48,-37
1747014938.2113633,-25,-6,-3
1747014938.2463634,-59,31,146
1747014938.2823634,-12,-8,105
1747014938.3173633,49,3,101
1747014938.352363,38,-4,27
1747014938.3883634,34,43,95
1747014938.4233634,-10,58,29
1747014938.4593637,-12,-26,59
1747014938.4943633,-43,17,67
1747014938.530363,42,57,56
1747014938.566363,110,-14,206
1747014938.6013634,-45,17,40
1747014938.6363633,-47,27,142
1747014938.6723633,34,19,16
1747014938.7083633,13,45,16
1747014938.7433634,-21,67,171
1747014938.7793634,-93,41,177
1747014938.8143632,12,-44,69
1747014938.849363,18,-25,123
1747014938.8843634,52,28,-18
1747014938.9203634,76,-8,107
1747014938.9563634,-47,-51,23
1747014938.9913633,-21,0,3
1747014939.0273633,-117,-1,31
1747014939.0623634,-37,-52,20
1747014939.0973637,24,7,-61
1747014939.132363,-13,-20,90
1747014939.168363,84,23,172
1747014939.204363,6,19,166
1747014939.2393634,-1,-58,78
1747014939.2753634,-25,-22,22
1747014939.3103633,14,-4,120
1747014939.3453634,74,-43,40
1747014939.3803637,16,40,136
1747014939.4163637,16,-9,32
1747014939.4523633,-21,0,-67
1747014939.487363,38,-41,-163
1747014939.5233634,46,20,54
1747014939.5583634,-9,-67,9
1747014939.5933633,62,-21,85
1747014939.6283634,-32,-16,33
1747014939.6643634,-48,35,71
1747014939.7073634,23,-12,-12
1747014939.7433634,69,3,75
1747014939.7793634,49,7,63
1747014939.8143632,43,-36,83
1747014939.849363,49,53,107
1747014939.8843634,-30,55,191
1747014939.9203634,49,75,52
1747014939.9563634,-16,-56,-149
1747014939.9913633,21,5,22
1747014940.0273633,5,27,114
1747014940.0623634,-66,-64,217
1747014940.0973637,-31,14,73
1747014940.132363,-16,-52,61
1747014940.168363,16,-27,51
1747014940.204363,-1,-27,82
1747014940.2393634,-31,4,132
1747014940.2753634,30,-37,-57
1747014940.3103633,-3,-9,-21
1747014940.3453634,-51,-1,134
1747014940.3803637,24,-13,90
1747014940.4163637,-15,-55,120
1747014940.4523633,6,-9,-23
1747014940.487363,-83,10,-24
1747014940.5233634,64,0,-52
1747014940.5583634,25,4,119
1747014940.5933633,-41,50,67
1747014940.6283634,76,-55,56
1747014940.6643634,34,42,21
1747014940.7003634,4,-25,76
1747014940.7353632,50,22,1
1747014940.7713633,-75,12,15
1747014940.806363,-17,-33,21
1747014940.8413634,26,-37,-56
1747014940.8763633,-39,20,115
1747014940.9123633,-35,-74,89
1747014940.9483633,-80,-63,5
1747014940.9833634,11,-39,-16
1747014941.0193634,-8,-7,116
1747014941.0543633,17,27,34
1747014941.089363,9,-39,58
1747014941.1243634,65,22,130
1747014941.1603634,-64,-42,29
1747014941.1963634,35,-26,191
1747014941.2313633,-46,-2,135
1747014941.2673633,55,13,131
1747014941.3023634,-24,-30,71
1747014941.3373632,37,-32,185
1747014941.372363,-14,-2,100
1747014941.408363,35,15,62
1747014941.4443634,-24,-66,110
1747014941.4793634,-2,-30,98
1747014941.5153637,26,-63,-64
1747014941.5503633,75,57,-18
1747014941.5853634,21,-22,41
1747014941.6203637,-55,10,202
1747014941.6563632,60,70,-103
1747014941.6923633,53,-12,138
1747014941.727363,-1,16,-7
1747014941.7633634,-7,-13,184
1747014941.7983634,-41,28,182
1747014941.8333633,-9,-25,46
1747014941.8693633,34,-11,142
1747014941.9043634,14,-11,112
1747014941.9403634,-3,-13,198
1747014941.9753633,79,-16,148
1747014942.0113633,99,-52,24
1747014942.0463634,-64,27,94
1747014942.0813634,7,12,110
1747014942.1173637,3,-13,92
1747014942.1523633,-64,-25,134
1747014942.1883633,39,50,194
1747014942.2233634,44,10,132
1747014942.2593634,-64,0,104
1747014942.2943633,15,-15,68
1747014942.329363,-60,64,131
1747014942.3653634,45,34,65
1747014942.4003634,-12,-33,-10
1747014942.4363637,45,-49,19
1747014942.4713633,-16,8,83
1747014942.507363,61,-1,9
1747014942.5423634,-40,-11,122
1747014942.5773633,-20,-11,71
1747014942.6133633,49,0,119
1747014942.6483634,10,-95,155
1747014942.6843634,-2,-37,109
1747014942.7193637,29,22,202
1747014942.7553637,75,-43,-25
1747014942.7903633,-16,19,70
1747014942.8253634,21,17,64
1747014942.8613634,37,44,-19
1747014942.8963633,-61,38,-43
1747014942.9323633,41,6,-59
1747014942.9673634,130,-47,-47
1747014943.0033634,-56,12,50
1747014943.0383637,75,-3,118
1747014943.0733633,-8,-13,62
1747014943.1093633,-27,0,38
1747014943.1443634,14,-27,70
1747014943.1803634,-15,22,178
1747014943.2153633,-62,-14,-13
1747014943.2513633,-41,-31,42
1747014943.2863634,18,16,16
1747014943.3213634,26,26,64
1747014943.3573637,-30,71,62
1747014943.3923633,53,13,139
1747014943.428363,23,23,7
1747014943.4633634,-36,41,111
1747014943.4993634,1,-42,-60
1747014943.5343633,-18,25,39
1747014943.5693634,31,35,9
1747014943.6053634,11,94,119
1747014943.6403637,19,30,-36
1747014943.6763637,-2,-37,83
1747014943.7113633,48,-32,-88
1747014943.7463634,34,49,173
1747014943.7813632,12,13,125
1747014943.8173633,26,13,189
1747014943.8533633,84,23,29
1747014943.8883634,-35,-53,103
1747014943.9243634,48,-23,125
1747014943.9593637,0,-75,137
1747014943.9943633,42,-29,-4
1747014944.0293634,10,72,59
1747014944.0653634,72,-53,7
1747014944.1013634,12,34,85
1747014944.1363633,2,38,73
1747014944.1723633,39,-29,85
1747014944.2073634,19,-43,43
1747014944.2423637,-20,52,85
1747014944.2773633,-72,-9,95
1747014944.3133633,75,-29,69
1747014944.349363,57,-29,-23
1747014944.3843634,15,48,0
1747014944.4203634,67,51,82
1747014944.4553633,0,-40,18
1747014944.4903634,11,0,-4
1747014944.5253634,-30,-36,119
1747014944.5613637,-108,-92,25
1747014944.5973637,-52,-42,63
1747014944.632363,-62,7,-70
1747014944.668363,-24,43,-64
1747014944.7033634,-90,29,-32
1747014944.7383633,-86,-19,11
1747014944.7733634,2,-28,79
1747014944.8093634,-118,18,175
1747014944.8453634,-9,45,29
1747014944.8803637,0,28,151
1747014944.9163637,-1,-8,-52
1747014944.951363,47,-74,9
1747014944.9863634,-26,-40,151
1747014945.0213633,-72,-78,51
1747014945.0573633,-64,72,133
1747014945.0933633,33,-17,-72
1747014945.1283634,27,-105,3
1747014945.1643634,7,-55,77
1747014945.1993637,23,-64,67
1747014945.2343633,-54,62,129
1747014945.2693634,41,4,105
1747014945.3053634,53,2,25
1747014945.3413634,-42,-9,89
1747014945.3763633,-44,-27,-28
1747014945.4123633,69,22,101
1747014945.4473634,-50,-5,63
1747014945.4823637,-22,-39,101
1747014945.5173633,-20,-4,139
1747014945.553363,-3,4,71
1747014945.589363,6,-3,60
1747014945.6243634,6,28,186
1747014945.6603634,61,-21,92
1747014945.6953633,79,-43,62
1747014945.7303634,-7,-107,26
1747014945.7653637,-45,-67,72
1747014945.8013637,48,-3,272
1747014945.8373632,33,95,138
1747014945.872363,89,-10,6
1747014945.908363,9,-100,66
1747014945.9433634,105,-24,116
1747014945.9783633,-64,-30,55
1747014946.0133634,-17,-15,104
1747014946.0493634,-25,-37,113
1747014946.0853634,-105,0,9
1747014946.1203637,10,38,-30
1747014946.1563632,54,2,95
1747014946.191363,23,6,137
1747014946.2263634,-4,22,49
1747014946.2613633,-69,72,17
1747014946.2973633,-55,-29,135
1747014946.3333633,37,2,-8
1747014946.3683634,15,47,79
1747014946.4043634,-64,-20,147
1747014946.4393632,33,-26,119
1747014946.474363,-12,19,-48
1747014946.5093634,26,4,93
1747014946.5453634,43,-38,49
1747014946.5813634,39,-28,139
1747014946.6163633,-39,69,35
1747014946.6523633,-55,45,75
1747014946.6873634,-37,-14,13
1747014946.7223637,16,-94,163
1747014946.757363,-57,21,-56
1747014946.793363,-19,-22,75
1747014946.829363,-25,21,197
1747014946.8643634,118,0,32
1747014946.9003634,-123,-3,137
1747014946.9353633,-53,23,201
1747014946.9703634,-55,11,70
1747014947.0063634,16,-53,69
1747014947.0413637,6,34,141
1747014947.0773633,50,34,69
1747014947.112363,-23,32,-42
1747014947.1483634,18,-19,37
1747014947.1833634,60,14,33
1747014947.2183633,64,-29,15
1747014947.2543633,18,-19,22
1747014947.2893634,60,-9,36
1747014947.3253634,8,-19,117
1747014947.3603632,-10,67,-6
1747014947.3963633,60,-56,108
1747014947.431363,0,-62,127
1747014947.4663634,44,-4,145
1747014947.5023634,-11,21,147
1747014947.5373633,-17,-64,156
1747014947.5733633,31,-29,108
1747014947.6083634,8,-19,40
1747014947.6443634,58,-43,50
1747014947.6793633,88,1,122
1747014947.714363,48,-37,-1
1747014947.750363,-67,2,126
1747014947.7853634,-29,14,18
1747014947.8213634,66,0,10
1747014947.8563633,-17,-24,72
1747014947.8923633,-49,-48,134
1747014947.9273634,40,-39,4
1747014947.9623632,-3,-9,66
1747014947.9983633,-24,-10,92
1747014948.033363,35,39,88
1747014948.0693634,-29,80,180
1747014948.1043634,-9,-3,-63
1747014948.1403637,6,-18,-9
1747014948.1753633,58,-23,110
1747014948.2103634,-50,-22,44
1747014948.2463634,-60,1,50
1747014948.2813632,-54,-74,4
1747014948.3173633,-48,15,66
1747014948.352363,-32,-26,162
1747014948.3883634,2,4,62
1747014948.4233634,-9,-57,30
1747014948.4583633,-21,-9,176
1747014948.4943633,74,-33,108
1747014948.5293634,-9,-10,7
1747014948.5653634,32,8,-8
1747014948.6003633,72,-6,137
1747014948.635363,40,5,-34
1747014948.6703634,-41,-24,29
1747014948.7063634,-9,-33,75
1747014948.7423637,36,-46,89
1747014948.7773633,-47,61,87
1747014948.8133633,-17,-13,-22
1747014948.8483634,76,66,127
1747014948.8833632,35,59,102
1747014948.918363,-76,-80,30
1747014948.954363,93,15,56
1747014948.9903634,-30,59,-39
1747014949.0253634,35,13,86
1747014949.0613637,29,53,198
1747014949.0963633,-106,39,34
1747014949.1313634,51,-14,86
1747014949.1663637,7,1,-23
1747014949.2023633,-94,73,43
1747014949.2383633,-41,-82,118
1747014949.2733634,10,-42,178
1747014949.3093634,-35,19,128
1747014949.3443637,-3,-18,90
1747014949.3793633,44,-32,12
1747014949.4143634,42,29,113
1747014949.4503634,8,59,19
1747014949.4863634,-37,28,75
1747014949.5213633,-23,36,3
1747014949.5573633,-29,30,15
1747014949.5923634,46,-55,63
1747014949.6273634,52,10,91
1747014949.6623633,-7,16,103
1747014949.6983633,4,18,109
1747014949.7413633,-29,-9,41
1747014949.7773633,-35,0,99
1747014949.8133633,10,23,59
1747014949.8483634,-13,-76,57
1747014949.8833632,-69,-36,48
1747014949.918363,52,8,74
1747014949.954363,18,-91,32
1747014949.9903634,56,-29,57
1747014950.0253634,-36,-9,189
1747014950.0613637,-2,-39,83
1747014950.0963633,-57,-71,166
1747014950.1313634,87,12,4
1747014950.1663637,19,48,12
1747014950.2023633,8,-14,228
1747014950.2383633,90,-40,116
1747014950.2733634,-5,9,52
1747014950.3093634,-77,-119,-25
1747014950.3443637,34,-2,34
1747014950.3793633,-23,49,102
1747014950.4143634,-19,-12,106
1747014950.4503634,-31,-84,2
1747014950.4863634,-93,-24,94
1747014950.5213633,32,-14,-1
1747014950.5573633,1,0,137
1747014950.5923634,-38,19,149
1747014950.6273634,-14,11,-8
1747014950.6623633,-64,3,23
1747014950.6983633,-8,-8,65
1747014950.7343633,-28,-31,42
1747014950.7693634,-57,-54,23
1747014950.8053634,48,-16,206
1747014950.8403633,72,41,100
1747014950.875363,-21,31,174
1747014950.9103634,76,35,8
1747014950.9463634,22,-20,100
1747014950.9823637,-65,51,-7
1747014951.0173633,-55,-26,24
1747014951.053363,-23,41,-29
1747014951.0883634,-14,-48,-29
1747014951.1233633,-6,15,30
1747014951.158363,-37,25,76
1747014951.1943634,-5,-130,136
1747014951.2303634,-23,-54,120
1747014951.2653637,-31,39,18
1747014951.3013637,-9,-34,76
1747014951.3363633,-1,1,76
1747014951.3713634,-7,15,126
1747014951.4063632,-85,45,38
1747014951.4423633,-54,-78,43
1747014951.4783633,28,43,166
1747014951.5133634,-37,-2,70
1747014951.5493634,40,-38,-38
1747014951.5843637,-5,21,-20
1747014951.6193633,32,7,69
1747014951.655363,52,24,68
1747014951.6903634,4,26,126
1747014951.7263634,41,86,128
1747014951.7613633,-94,-61,-41
1747014951.7973633,45,0,22
1747014951.8323634,13,-47,4
1747014951.8673637,5,22,64
1747014951.9023633,64,16,2
1747014951.9383633,-27,-7,38
1747014951.974363,18,60,104
1747014952.0093634,-38,-48,28
1747014952.0453634,-24,-48,116
1747014952.0803633,-30,44,24
1747014952.1153634,33,46,92
1747014952.1513634,-12,1,-29
1747014952.1863637,5,-5,96
1747014952.2223637,-32,-39,-23
1747014952.257363,-58,-13,32
1747014952.293363,17,104,74
1747014952.3283634,-36,42,70
1747014952.3633633,-6,28,0
1747014952.3993633,-4,-9,64
1747014952.4343634,49,20,164
1747014952.4703634,37,-29,42
1747014952.5053637,23,-39,92
1747014952.5413637,34,22,190
1747014952.576363,34,-55,118
1747014952.6113634,83,-91,42
1747014952.6473634,7,12,130
1747014952.6823633,49,-7,58
1747014952.7183633,-32,-43,50
1747014952.7533634,75,-51,20
1747014952.7893634,11,8,166
1747014952.8243637,27,-37,110
1747014952.8593633,-14,-3,146
1747014952.895363,-52,-25,6
1747014952.9303634,63,-37,10
1747014952.9663634,23,46,58
1747014953.0013633,-23,-36,-29
1747014953.0373633,58,15,109
1747014953.0723634,-83,48,-40
1747014953.1073637,-23,20,95
1747014953.1433637,32,2,159
1747014953.178363,30,102,89
1747014953.214363,8,-5,27
1747014953.2493634,-23,0,117
1747014953.2853634,96,-37,69
1747014953.3203633,-31,-51,131
1747014953.3553634,-69,22,-26
1747014953.3913634,6,-38,61
1747014953.4263637,-10,-26,-38
1747014953.4623632,13,115,-50
1747014953.497363,-53,27,147
1747014953.533363,-33,-52,72
1747014953.5683634,111,17,170
1747014953.6033633,-47,-22,102
1747014953.6393633,16,17,56
1747014953.6743634,104,-5,88
1747014953.7103634,-61,-6,158
1747014953.7453637,10,25,46
1747014953.780363,4,-34,34
1747014953.8153634,16,-118,-45
1747014953.8513634,-67,67,126
1747014953.8873634,8,9,74
1747014953.9223633,-19,0,199
1747014953.9583633,40,-50,77
1747014953.9933634,23,-16,127
1747014954.0283637,-8,13,75
1747014954.0633633,-35,9,75
1747014954.099363,-10,-41,-44
1747014954.135363,-9,2,31
1747014954.1703634,48,-77,177
1747014954.2063634,0,-61,21
1747014954.2413633,-9,-7,43
1747014954.2763634,-2,18,111
1747014954.3113637,-69,-65,8
1747014954.3473637,12,-33,44
1747014954.3833632,102,66,48
1747014954.418363,32,-13,226
1747014954.454363,8,-55,86
1747014954.4893634,4,42,40
1747014954.5243633,39,22,64
1747014954.5593634,29,-25,8
1747014954.5953634,35,-23,128
1747014954.6313634,32,-9,62
1747014954.6663637,22,-99,30
1747014954.7023633,-35,4,92
1747014954.737363,-7,32,106
1747014954.7723634,2,63,26
1747014954.8073633,-26,36,-13
1747014954.8433633,55,-63,10
1747014954.8793633,34,16,88
1747014954.9143634,42,-9,30
1747014954.9503634,-17,18,135
1747014954.9853632,16,-51,133
1747014955.020363,4,38,-8
1747014955.0553634,-65,56,51
1747014955.0913634,-39,84,107
1747014955.1273634,46,-33,45
1747014955.1623633,80,8,97
1747014955.1983633,-87,12,85
1747014955.2333634,10,44,1
1747014955.2683637,-23,4,55
1747014955.303363,-11,50,54
1747014955.339363,16,-13,-3
1747014955.375363,-17,2,-185
1747014955.4103634,12,48,82
1747014955.4463634,16,-53,102
1747014955.4813633,-7,-69,191
1747014955.5163634,16,-23,71
1747014955.5513637,40,-1,-22
1747014955.5873632,33,14,87
1747014955.6233633,-45,-74,-46
1747014955.658363,44,-66,77
1747014955.6943634,50,-26,-66
1747014955.7293634,18,-20,73
1747014955.7643633,18,37,121
1747014955.7993634,8,40,18
1747014955.8353634,28,1,-17
1747014955.8713634,32,49,48
1747014955.9063632,-39,-13,0
1747014955.9423633,-8,-61,44
1747014955.977363,52,54,144
1747014956.0123634,4,84,-33
1747014956.0473633,-41,-21,142
1747014956.0833633,78,22,60
1747014956.1193633,-12,-19,-9
1747014956.1543634,-30,-53,29
1747014956.1903634,-46,-115,-6
1747014956.2253633,61,-13,107
1747014956.260363,30,58,121
1747014956.2953634,-37,0,11
1747014956.3313634,31,-18,11
1747014956.3673637,13,47,199
1747014956.4023633,55,51,177
1747014956.4383633,55,88,-42
1747014956.4733634,20,81,41
1747014956.5083632,44,-7,49
1747014956.543363,58,50,59
1747014956.579363,102,82,21
1747014956.6153634,-38,6,103
1747014956.6503634,16,-59,-70
1747014956.6863637,-26,34,135
1747014956.7213633,-12,-19,49
1747014956.7563634,-75,28,86
1747014956.7913637,12,-47,14
1747014956.8273633,-48,-79,146
1747014956.8633633,-111,-47,22
1747014956.8983634,26,6,62
1747014956.9343634,12,-29,76
1747014956.9693637,6,-15,-3
1747014957.0043633,12,-1,140
1747014957.0403633,21,38,90
1747014957.0753634,38,12,4
1747014957.1113634,28,32,96
1747014957.1463633,-15,56,60
1747014957.1823633,53,55,86
1747014957.2173634,17,-12,12
1747014957.2523634,25,31,5
1747014957.2883637,-30,-18,45
1747014957.3233633,65,-16,-5
1747014957.3593633,9,31,15
1747014957.3943634,63,-71,-28
1747014957.4303634,22,-3,-9
1747014957.4653633,-14,-6,-11
1747014957.500363,57,27,230
1747014957.5363634,-39,42,80
1747014957.5713634,-47,-55,78
1747014957.6073637,12,-7,70
1747014957.6423633,53,5,131
1747014957.678363,26,-89,157
1747014957.7133634,24,8,181
1747014957.7483633,31,-2,61
1747014957.7843633,17,45,-10
1747014957.8193634,47,13,33
1747014957.8553634,23,-6,179
1747014957.8903637,9,35,91
1747014957.9263637,-62,-34,47
1747014957.9613633,-14,-18,57
1747014957.9963634,11,43,83
1747014958.0323634,61,19,-92
1747014958.0673633,-18,-54,-4
1747014958.1033633,-8,19,71
1747014958.1383634,-102,-16,123
1747014958.1743634,66,-51,17
1747014958.2093637,27,-60,-35
1747014958.2443633,-13,40,-43
1747014958.280363,81,38,51
1747014958.3153634,-82,5,-21
1747014958.3513634,-19,-25,134
1747014958.3863633,6,2,2
1747014958.4223633,69,-1,18
1747014958.4573634,37,12,-70
1747014958.4923637,-6,4,164
1747014958.5283637,29,-49,-16
1747014958.5633633,22,35,45
1747014958.599363,-35,0,64
1747014958.6343634,16,23,70
1747014958.6703634,-44,-35,112
1747014958.7053633,29,12,65
1747014958.7403634,-66,64,20
1747014958.7763634,-42,64,94
1747014958.8113637,37,64,128
1747014958.8473637,22,-25,-45
1747014958.882363,-45,56,88
1747014958.9173634,-53,-27,48
1747014958.9523633,80,10,30
1747014958.9883633,72,0,72
1747014959.0243633,4,-13,18
1747014959.0593634,-10,17,176
1747014959.0953634,-35,-2,-31
1747014959.1303637,20,0,102
1747014959.1653633,-13,-32,88
1747014959.2003634,9,95,-63
1747014959.2363634,1,53,124
1747014959.2723634,-52,-22,160
1747014959.3073633,15,-18,69
1747014959.3433633,5,37,21
1747014959.3783634,-40,9,31
1747014959.4133637,55,31,159
1747014959.4483633,68,13,-56
1747014959.4843633,14,-58,99
1747014959.520363,76,-54,101
1747014959.5553634,-59,-56,73
1747014959.5913634,24,-8,43
1747014959.6263633,90,71,25
1747014959.6613634,-51,27,97
1747014959.6963634,42,-40,31
1747014959.7323637,30,-20,33
1747014959.7753634,-57,15,119
1747014959.8113637,46,-31,193
1747014959.8473637,10,42,57
1747014959.882363,-53,12,48
1747014959.9173634,2,-49,188
1747014959.9523633,24,2,78
1747014959.9883633,-79,56,140
1747014960.0243633,-77,-15,104
1747014960.0593634,25,-1,100
1747014960.0953634,-25,-27,-3
1747014960.1303637,98,2,98
1747014960.1653633,0,30,70
1747014960.2003634,38,20,51
1747014960.2363634,102,-115,103
1747014960.2723634,76,-1,49
1747014960.3073633,31,72,142
1747014960.3433633,80,-37,14
1747014960.3783634,-7,-81,-39
1747014960.4133637,58,10,92
1747014960.4483633,-10,-79,0
1747014960.4843633,5,-33,108
1747014960.520363,23,-17,206
1747014960.5553634,45,-39,94
1747014960.5913634,-60,34,-39
1747014960.6263633,119,13,106
1747014960.6613634,-24,6,-39
1747014960.6963634,-12,-39,69
1747014960.7323637,10,40,80
1747014960.7683637,14,36,92
1747014960.803363,0,-19,109
1747014960.839363,-31,-7,7
1747014960.8743634,12,26,83
1747014960.9093633,15,10,-28
1747014960.9443634,27,-7,85
1747014960.9803634,29,-59,93
1747014961.0163634,0,20,103
1747014961.0513637,40,5,140
1747014961.0873632,14,19,34
1747014961.122363,-36,30,124
1747014961.1573634,7,-84,56
1747014961.1923633,19,5,154
1747014961.2283633,-2,7,-48
1747014961.2643633,63,5,111
1747014961.2993634,2,36,171
1747014961.3353634,32,14,-6
1747014961.3703637,28,22,49
1747014961.405363,-2,29,37
1747014961.4403634,61,11,65
1747014961.4763634,3,-5,83
1747014961.5123634,69,-49,55
1747014961.5473633,47,4,-7
1747014961.5833633,-26,0,136
1747014961.6183634,3,22,118
1747014961.6533637,26,-91,-155
1747014961.6883633,-11,22,-53
1747014961.724363,8,0,-71
1747014961.760363,22,-9,84
1747014961.7953634,52,-67,72
1747014961.8313634,-51,68,67
1747014961.8663633,4,2,73
1747014961.9013634,26,-31,-46
1747014961.9363637,-14,-43,-98
1747014961.9723637,-46,-15,37
1747014962.0083632,3,-23,51
1747014962.043363,71,56,3
1747014962.079363,117,-16,85
1747014962.1143634,-82,46,117
1747014962.1493633,43,31,62
1747014962.1853633,69,-35,72
1747014962.2203634,-48,-39,108
1747014962.2563634,-44,-51,96
1747014962.2913637,12,-19,43
1747014962.3273633,96,-37,61
1747014962.362363,66,52,126
1747014962.3973634,-18,-15,173
1747014962.4333634,-2,-31,42
1747014962.4683633,-22,0,78
1747014962.5043633,13,-57,66
1747014962.5393634,23,-11,74
1747014962.5753634,-22,-33,90
1747014962.6103632,-16,8,48
1747014962.645363,0,-16,70
1747014962.681363,23,55,8
1747014962.7163634,-39,48,-22
1747014962.7523634,-12,28,25
1747014962.7873633,-9,14,21
1747014962.8233633,-54,64,10
1747014962.8583634,13,-57,19
1747014962.8933637,-1,-47,10
1747014962.9293633,21,28,24
1747014962.964363,-29,18,128
1747014963.000363,66,-5,4
1747014963.0353634,-26,28,206
1747014963.0713634,-36,-11,131
1747014963.1063633,-62,2,-16
1747014963.1413634,-30,24,11
1747014963.1773634,-36,-19,101
1747014963.2123632,-88,-23,117
1747014963.2483633,97,52,131
1747014963.283363,17,30,141
1747014963.3193634,-80,-30,133
1747014963.3543634,0,-48,49
1747014963.3893633,0,-17,125
1747014963.4253633,7,-26,93
1747014963.4603634,27,-34,-20
1747014963.4963634,-18,-46,34
1747014963.5313632,86,8,48
1747014963.5673633,12,14,106
1747014963.602363,-71,0,80
1747014963.6373634,21,-53,-27
1747014963.6733634,39,-36,-52
1747014963.7083633,59,68,57
1747014963.7443633,-66,49,97
1747014963.7793634,27,-4,91
1747014963.8153634,45,12,-22
1747014963.8513634,-78,-59,133
1747014963.8873634,53,-37,145
1747014963.9233634,25,8,-102
1747014963.9593637,-54,12,57
1747014963.9953637,-51,-26,63
1747014964.030363,44,41,137
1747014964.0653634,-77,-15,23
1747014964.1013634,28,-101,65
1747014964.1373634,14,24,85
1747014964.1723633,-95,-7,61
1747014964.2083633,32,-3,97
1747014964.2433634,5,50,155
1747014964.2783637,-28,-73,-6
1747014964.3133633,36,-2,184
1747014964.349363,-3,-12,168
1747014964.385363,-37,-32,92
1747014964.4203634,30,-15,6
1747014964.4563634,-79,-54,96
1747014964.4913633,46,-19,118
1747014964.5263634,-15,-39,58
1747014964.5613637,-56,5,111
1747014964.5973637,8,4,89
1747014964.6333632,-39,74,-16
1747014964.668363,-17,-17,15
1747014964.704363,-71,-13,123
1747014964.7393634,21,53,73
1747014964.7743633,-32,-24,-58
1747014964.8093634,22,26,88
1747014964.8453634,-29,28,108
1747014964.8813634,38,-15,144
1747014964.9163637,20,-5,230
1747014964.9523633,37,-4,12
1747014964.987363,-5,-29,21
1747014965.0223634,88,40,-24
1747014965.0573633,62,-55,121
1747014965.0933633,-21,-11,118
1747014965.1293633,62,-45,114
1747014965.1643634,-55,-50,15
1747014965.2003634,84,2,117
1747014965.2353632,0,-113,-64
1747014965.270363,50,44,47
1747014965.3053634,98,-19,-2
1747014965.3413634,24,-83,69
1747014965.3773634,-62,-10,5
1747014965.4123633,49,-12,55
1747014965.4483633,-9,-7,-46
1747014965.4833634,42,-79,57
1747014965.5183637,30,24,81
1747014965.553363,91,-6,145
1747014965.589363,-1,44,-88
1747014965.625363,-67,-21,-56
1747014965.6603634,-9,16,35
1747014965.6963634,22,-9,43
1747014965.7313633,59,15,33
1747014965.7663634,25,-10,41
1747014965.8013637,62,-47,81
1747014965.8373632,68,54,65
1747014965.8733633,57,-20,44
1747014965.908363,31,39,-121
1747014965.9443634,87,-56,-15
1747014965.9793634,33,-2,28
1747014966.0143633,36,13,110
1747014966.0493634,-21,-76,126
1747014966.0853634,-79,-26,94
1747014966.1213634,54,7,116
1747014966.1563632,20,-16,147
1747014966.1923633,6,61,75
1747014966.227363,-23,-1,25
1747014966.2623634,23,-48,133
1747014966.2973633,-13,14,5
1747014966.3333633,17,15,43
1747014966.3693633,-8,-8,127
1747014966.4043634,-46,41,221
1747014966.4403634,23,31,73
1747014966.4753633,115,-98,54
1747014966.510363,46,71,32
1747014966.5453634,5,-38,106
1747014966.5813634,28,-14,56
1747014966.6173637,-7,-50,-52
1747014966.6523633,80,-20,70
1747014966.6883633,-25,73,40
1747014966.7233634,8,-42,110
1747014966.7583632,39,-34,-43
1747014966.793363,-59,36,50
1747014966.829363,-3,-61,99
1747014966.8653634,44,-19,76
1747014966.9003634,52,-35,37
1747014966.9363637,24,12,25
1747014966.9713633,-27,102,149
1747014967.0063634,-36,-26,9
1747014967.0413637,88,-19,161
1747014967.0773633,85,-34,-32
1747014967.1133633,-27,-21,97
1747014967.1483634,-61,-1,75
1747014967.1843634,96,-31,169
1747014967.2193637,53,11,25
1747014967.2543633,-2,-28,126
1747014967.2903633,18,13,30
1747014967.3253634,-99,0,2
1747014967.3613634,20,45,182
1747014967.3963633,-41,21,161
1747014967.4323633,40,-44,-8
1747014967.4673634,48,53,61
1747014967.5023634,-11,-34,39
1747014967.5383637,8,7,-88
1747014967.5733633,39,-26,85
1747014967.6093633,-69,41,29
1747014967.6443634,67,-14,173
1747014967.6803634,22,1,49
1747014967.7153633,4,-66,-12
1747014967.750363,-31,19,173
1747014967.7863634,-57,-60,85
1747014967.8213634,-65,-6,139
1747014967.8573637,-48,-107,-4
1747014967.8923633,-38,-25,71
1747014967.928363,-58,8,77
1747014967.9633634,-18,-20,23
1747014967.9983633,20,-12,81
1747014968.0343633,-13,9,52
1747014968.0693634,38,27,80
1747014968.1053634,46,-19,76
1747014968.1403637,-18,-52,69
1747014968.1763637,9,9,93
1747014968.2113633,12,-7,94
1747014968.2463634,18,-59,-69
1747014968.2823634,-1,-10,9
1747014968.3173633,-33,-14,-5
1747014968.3533633,-25,-68,6
1747014968.3883634,74,-54,156
1747014968.4243634,7,33,76
1747014968.4593637,34,101,22
1747014968.4943633,-5,-68,92
1747014968.530363,-3,38,21
1747014968.5653634,-49,-4,11
1747014968.6013634,29,82,93
1747014968.6363633,15,10,171
1747014968.6723633,0,-59,35
1747014968.7073634,-72,-11,51
1747014968.7423637,-42,45,-24
1747014968.7783637,-8,-16,7
1747014968.8133633,42,-44,35
1747014968.849363,-57,37,43
1747014968.8843634,-25,7,53
1747014968.9203634,-7,-27,50
1747014968.9553633,-39,-8,22
1747014968.9903634,58,-54,90
1747014969.0263634,-11,-2,14
1747014969.0613637,-24,-33,204
1747014969.0973637,-12,52,38
1747014969.132363,-16,-27,118
1747014969.1673634,97,2,2
1747014969.2023633,70,-6,70
1747014969.2383633,65,36,172
1747014969.2743633,-44,53,96
1747014969.3093634,15,-42,66
1747014969.3453634,67,-42,-2
1747014969.3803637,95,-96,109
1747014969.4153633,-74,49,115
1747014969.4503634,-18,-46,-26
1747014969.4863634,27,-54,217
1747014969.5223634,17,49,97
1747014969.5573633,-56,13,33
1747014969.5933633,-12,87,195
1747014969.6283634,23,-66,214
1747014969.6633637,-32,13,-53
1747014969.6983633,19,-66,130
1747014969.7343633,-20,51,98
1747014969.7773633,-36,1,12
1747014969.8133633,16,7,98
1747014969.849363,55,-10,-67
1747014969.8843634,7,-28,22
1747014969.9193633,55,43,18
1747014969.954363,-76,-10,58
1747014969.9903634,-30,35,-73
1747014970.0263634,-12,51,109
1747014970.0613637,-56,-42,45
1747014970.0973637,-18,53,-22
1747014970.132363,-4,8,127
1747014970.1673634,43,36,93
1747014970.2023633,-2,50,47
1747014970.2383633,-46,-44,118
1747014970.2743633,57,-2,36
1747014970.3093634,-43,-38,100
1747014970.3453634,27,4,102
1747014970.3803637,-2,30,-17
1747014970.4153633,-18,23,22
1747014970.4503634,-32,9,6
1747014970.4863634,-26,-56,50
1747014970.5223634,15,17,2
1747014970.5573633,27,-18,-25
1747014970.5933633,77,42,0
1747014970.6283634,13,-29,40
1747014970.6633637,-64,16,42
1747014970.6983633,125,-5,116
1747014970.7343633,-86,-7,28
1747014970.770363,15,-1,122
1747014970.8053634,-46,-39,-31
1747014970.8413634,-12,26,124
1747014970.8763633,26,27,132
1747014970.9113634,-15,36,-23
1747014970.9463634,62,48,-15
1747014970.9823637,-43,-13,78
1747014971.0183637,28,-29,120
1747014971.053363,26,-5,142
1747014971.089363,70,43,190
1747014971.1243634,-63,11,44
1747014971.1593633,32,39,24
1747014971.1943634,90,7,178
1747014971.2303634,0,7,97
1747014971.2663634,30,-14,91
1747014971.3013637,-87,-26,35
1747014971.3373632,10,67,63
1747014971.372363,26,7,-9
1747014971.4073634,30,47,51
1747014971.4423633,56,-52,57
1747014971.4783633,-11,-34,27
1747014971.5143633,14,11,-8
1747014971.5493634,19,5,19
1747014971.5853634,-46,7,144
1747014971.6203637,109,11,160
1747014971.655363,-90,-6,88
1747014971.6903634,-85,0,82
1747014971.7263634,28,7,-11
1747014971.7623634,-35,-6,168
1747014971.7973633,-37,35,74
1747014971.8333633,68,9,4
1747014971.8683634,-9,-4,-77
1747014971.9033637,44,-34,2
1747014971.9383633,-23,21,39
1747014971.974363,-25,61,-16
1747014972.010363,-47,-46,89
1747014972.0453634,-47,41,43
1747014972.0813634,49,-34,-58
1747014972.1163633,19,9,220
1747014972.1513634,-52,-16,-50
1747014972.1863637,-16,-19,103
1747014972.2223637,61,18,65
1747014972.2583632,-30,-39,15
1747014972.293363,15,-13,97
1747014972.329363,3,-57,-18
1747014972.3643634,62,10,119
1747014972.3993633,32,-7,65
1747014972.4353633,89,-10,97
1747014972.4703634,-74,43,3
1747014972.5063634,-46,-51,165
1747014972.5413637,-22,-28,55
1747014972.5773633,-24,-58,5
1747014972.612363,-26,-32,43
1747014972.6473634,27,-45,149
1747014972.6833634,51,7,59
1747014972.7183633,30,93,65
1747014972.7543633,-6,39,123
1747014972.7893634,3,-35,59
1747014972.8253634,67,17,123
1747014972.8603632,9,-34,69
1747014972.895363,-57,-27,-120
1747014972.931363,38,-21,49
1747014972.9663634,53,-45,95
1747014973.0023634,55,-3,117
1747014973.0373633,-95,-4,153
1747014973.0733633,43,8,-40
1747014973.1083634,61,-63,109
1747014973.1433637,-4,25,77
1747014973.1793633,35,-4,67
1747014973.214363,-32,-38,91
1747014973.250363,-63,0,32
1747014973.2853634,44,15,98
1747014973.3213634,-75,-2,120
1747014973.3563633,50,73,62
1747014973.3913634,-38,-2,95
1747014973.4273634,43,33,186
1747014973.4623632,36,-17,-15
1747014973.4983633,2,13,91
1747014973.533363,-69,47,97
1747014973.5693634,30,23,142
1747014973.6043634,-73,15,99
1747014973.6393633,-29,37,19
1747014973.6753633,23,-27,33
1747014973.7103634,-4,26,23
1747014973.7463634,-14,40,93
1747014973.7813632,1,-15,125
1747014973.8173633,47,10,35
1747014973.852363,9,-53,39
1747014973.8873634,37,22,13
1747014973.9233634,21,38,158
1747014973.9583633,15,-47,122
1747014973.9943633,31,-19,153
1747014974.0293634,35,-15,-12
1747014974.0653634,-8,46,-78
1747014974.1013634,19,82,143
1747014974.1363633,65,-35,43
1747014974.1713634,0,-24,-52
1747014974.2073634,95,-27,3
1747014974.2433634,-84,-31,65
1747014974.2783637,-4,22,26
1747014974.3143632,-2,92,200
1747014974.349363,-38,6,206
1747014974.3843634,-34,-58,-95
1747014974.4193633,77,18,54
1747014974.4553633,-38,-24,84
1747014974.4913633,7,-22,98
1747014974.5263634,-3,-10,100
1747014974.5623634,18,3,100
1747014974.5973637,76,39,174
1747014974.632363,-35,39,122
1747014974.6673634,-35,91,34
1747014974.7033634,1,-62,198
1747014974.7393634,21,1,154
1747014974.7743633,-38,20,78
1747014974.8103633,-11,46,64
1747014974.8453634,20,-29,142
1747014974.8803637,114,-25,182
1747014974.9153633,15,-77,136
1747014974.951363,19,-21,10
1747014974.987363,21,-17,126
1747014975.0223634,30,11,92
1747014975.0583634,7,-45,41
1747014975.0933633,-25,-12,179
1747014975.1283634,-12,42,161
1747014975.1633637,-40,37,75
1747014975.1993637,-5,1,33
1747014975.2353632,-5,-80,160
1747014975.270363,72,11,30
1747014975.306363,-62,-56,148
1747014975.3413634,34,11,78
1747014975.3763633,57,-11,148
1747014975.4113634,-4,-16,34
1747014975.4473634,31,-76,-47
1747014975.4833634,-46,11,-49
1747014975.5183637,-114,-30,72
1747014975.5543633,-44,-6,-49
1747014975.589363,9,7,56
1747014975.6243634,-2,-14,86
1747014975.6593633,-32,71,0
1747014975.6953633,43,-2,-71
1747014975.7313633,-16,75,58
1747014975.7663634,-42,-16,52
1747014975.8023634,4,-7,86
1747014975.8373632,-21,-7,50
1747014975.872363,-21,-23,46
1747014975.9073634,34,102,34
1747014975.9433634,-8,-59,60
1747014975.9793634,0,26,120
1747014976.0143633,-5,-50,-43
1747014976.0503633,-29,-34,13
1747014976.0853634,12,23,69
1747014976.1203637,26,-30,49
1747014976.155363,2,-80,49
1747014976.191363,-7,-32,67
1747014976.227363,-2,-24,19
1747014976.2623634,-56,-22,21
1747014976.2983634,-59,2,101
1747014976.3333633,42,6,-154
1747014976.3683634,-12,-40,95
1747014976.4033637,54,-79,97
1747014976.4393632,-20,57,189
1747014976.4753633,66,0,23
1747014976.510363,-45,-9,117
1747014976.5463634,55,-70,85
1747014976.5813634,17,-40,-62
1747014976.6163633,35,-66,9
1747014976.6513634,-2,-51,146
1747014976.6873634,-57,-39,28
1747014976.7233634,6,40,76
1747014976.7583632,94,32,-28
1747014976.7943633,99,-41,145
1747014976.829363,-2,10,37
1747014976.8643634,35,12,-7
1747014976.8993633,-20,2,78
1747014976.9353633,23,-5,24
1747014976.9713633,35,-37,96
1747014977.0063634,0,-47,94
1747014977.0423634,15,-23,160
1747014977.0773633,-40,-9,190
1747014977.112363,41,14,40
1747014977.1473634,57,25,36
1747014977.1833634,33,-35,128
1747014977.2193637,33,-43,134
1747014977.2543633,-58,18,158
1747014977.2903633,1,-17,82
1747014977.3253634,-32,22,162
1747014977.3603632,-18,-33,104
1747014977.3963633,17,-59,-73
1747014977.431363,69,82,114
1747014977.4673634,10,-67,4
1747014977.5023634,43,2,84
1747014977.5383637,-97,-1,80
1747014977.5733633,-87,36,146
1747014977.6083634,6,6,94
1747014977.6443634,47,47,76
1747014977.6793633,-60,67,134
1747014977.7153633,-40,35,47
1747014977.750363,25,17,32
1747014977.7863634,21,55,90
1747014977.8213634,37,-24,96
1747014977.8563633,31,34,0
1747014977.8923633,111,0,12
1747014977.9273634,-38,44,88
1747014977.9633634,20,7,56
1747014977.9983633,46,0,46
1747014978.0343633,61,39,12
1747014978.0693634,9,49,194
1747014978.1043634,-34,37,24
1747014978.1403637,-29,19,58
1747014978.1753633,108,55,20
1747014978.2113633,52,45,-15
1747014978.2463634,101,-37,72
1747014978.2823634,31,-13,64
1747014978.3173633,34,74,112
1747014978.352363,-6,0,32
1747014978.3883634,-22,82,104
1747014978.4233634,117,40,-15
1747014978.4593637,-57,29,109
1747014978.4943633,-67,0,92
1747014978.530363,-41,-24,105
1747014978.5653634,-35,19,131
1747014978.6003633,22,3,93
1747014978.6363633,10,50,105
1747014978.6713634,-79,-71,-52
1747014978.7073634,37,-44,127
1747014978.7423637,-33,-33,53
1747014978.7783637,-13,0,107
1747014978.8133633,64,-79,17
1747014978.8483634,16,16,7
1747014978.8843634,33,-33,151
1747014978.9193633,13,100,89
1747014978.9553633,-6,-9,69
1747014978.9903634,20,-55,29
1747014979.0263634,-67,44,119
1747014979.0613637,50,-53,143
1747014979.0963633,-9,24,75
1747014979.132363,-56,-5,61
1747014979.1673634,36,-49,10
1747014979.2033634,4,-41,85
1747014979.2383633,-5,-19,47
1747014979.2733634,8,26,-26
1747014979.3083634,-11,-15,93
1747014979.3443637,70,-43,1
1747014979.3803637,4,-57,118
1747014979.4153633,-21,1,82
1747014979.451363,-81,-29,96
1747014979.4863634,-13,18,14
1747014979.5213633,12,6,178
1747014979.556363,-15,-7,67
1747014979.5923634,-35,8,65
1747014979.6283634,0,38,176
1747014979.6633637,-49,4,11
1747014979.6993637,64,-62,77
1747014979.7343633,24,-28,123
1747014979.7693634,44,95,37
1747014979.8123634,28,-82,35
1747014979.8483634,-11,37,23
1747014979.8843634,11,13,161
1747014979.9193633,40,-84,109
1747014979.9553633,-29,69,57
1747014979.9903634,-23,77,121
1747014980.0253634,29,26,119
1747014980.0603633,1,30,17
1747014980.0963633,14,-24,48
1747014980.132363,-7,41,88
1747014980.1673634,-18,28,128
1747014980.2033634,6,0,22
1747014980.2383633,3,44,164
1747014980.2733634,52,-44,88
1747014980.3083634,-29,64,90
1747014980.3443637,-43,4,68
1747014980.3803637,12,18,130
1747014980.4153633,82,-11,58
1747014980.451363,31,45,-67
1747014980.4863634,-85,36,94
1747014980.5213633,-57,12,-3
1747014980.556363,15,9,110
1747014980.5923634,-5,48,46
1747014980.6283634,-16,-12,146
1747014980.6633637,19,45,96
1747014980.6993637,-6,31,102
1747014980.7343633,-26,15,120
1747014980.7693634,0,-50,159
1747014980.8043633,-12,85,0
1747014980.8403633,25,-4,29
1747014980.8763633,43,19,-14
1747014980.9113634,35,27,-22
1747014980.9473634,17,-52,11
1747014980.9823637,47,-6,0
1747014981.0173633,7,11,75
1747014981.0523634,49,-41,-14
1747014981.0883634,12,25,13
1747014981.1243634,-49,-7,-26
1747014981.1593633,-23,29,95
1747014981.1953633,55,64,17
1747014981.2303634,74,5,131
1747014981.2653637,-16,61,169
1747014981.3003633,23,55,-18
1747014981.3363633,-33,-28,1
1747014981.372363,50,-48,18
1747014981.4073634,-43,-10,50
1747014981.4433634,12,37,-23
1747014981.4783633,36,-15,-35
1747014981.5133634,36,-44,148
1747014981.5483634,14,-20,-3
1747014981.5843637,24,45,22
1747014981.6203637,-52,-50,70
1747014981.655363,17,-22,142
1747014981.691363,-41,-4,24
1747014981.7263634,54,25,62
1747014981.7613633,2,53,72
1747014981.7963634,0,-15,20
1747014981.8323634,-1,47,21
1747014981.8683634,-1,0,27
1747014981.9033637,-17,85,-54
1747014981.9393632,8,-14,-42
1747014981.974363,-41,3,139
1747014982.0093634,-45,39,7
1747014982.0443633,-11,23,52
1747014982.0803633,30,27,-23
1747014982.1163633,-73,-136,76
1747014982.1513634,86,-43,4
1747014982.1873634,-26,13,141
1747014982.2223637,56,53,172
1747014982.257363,44,-12,122
1747014982.2923634,88,-46,152
1747014982.3283634,32,-76,4
1747014982.3643634,58,-50,-21
1747014982.3993633,20,53,58
1747014982.4353633,10,13,56
1747014982.4703634,-62,-56,-15
1747014982.5053637,39,3,-41
1747014982.5413637,47,25,41
1747014982.576363,-50,-14,117
1747014982.612363,-17,8,131
1747014982.6473634,-89,-11,131
1747014982.6833634,8,-10,-39
1747014982.7183633,-33,55,120
1747014982.7533634,43,-52,190
1747014982.7893634,34,1,114
1747014982.8243637,8,7,30
1747014982.8603632,124,-4,50
1747014982.895363,26,-34,40
1747014982.931363,56,-98,96
1747014982.9663634,100,55,34
1747014983.0013633,18,-2,61
1747014983.0373633,46,-8,97
1747014983.0723634,-9,3,15
1747014983.1083634,40,-58,147
1747014983.1433637,-13,-22,102
1747014983.1793633,24,-36,27
1747014983.214363,32,99,15
1747014983.2493634,9,-40,133
1747014983.2853634,68,-2,145
1747014983.3203633,4,-18,-12
1747014983.3563633,-6,-54,99
1747014983.3913634,1,5,83
1747014983.4273634,1,49,11
1747014983.4623632,-38,21,205
1747014983.497363,-34,9,-100
1747014983.533363,-14,107,93
1747014983.5683634,9,-40,-78
1747014983.6043634,59,29,76
1747014983.6393633,-38,27,-5
1747014983.6753633,-22,-20,73
1747014983.7103634,19,-38,231
1747014983.7453637,-10,15,5
1747014983.7813632,7,-10,-68
1747014983.816363,29,59,183
1747014983.852363,-23,27,86
1747014983.8873634,-1,47,12
1747014983.9233634,-43,-29,-57
1747014983.9583633,88,-51,80
1747014983.9933634,-29,-28,-29
1747014984.0293634,-49,22,78
1747014984.0643632,-83,21,188
1747014984.1003633,26,-27,32
1747014984.135363,45,8,70
1747014984.1713634,-38,2,128
1747014984.2073634,22,60,150
1747014984.2433634,-33,37,116
1747014984.2793634,78,39,224
1747014984.3143632,10,-31,22
1747014984.349363,-17,47,156
1747014984.385363,-39,-38,-13
1747014984.4213634,4,17,72
1747014984.4563634,46,17,44
1747014984.4923637,-59,25,116
1747014984.5273633,2,1,24
1747014984.5623634,47,-63,46
1747014984.5973637,58,37,80
1747014984.6333632,-13,43,182
1747014984.6693633,54,1,10
1747014984.704363,27,-70,32
1747014984.7403634,-90,53,91
1747014984.7753634,84,-8,69
1747014984.8103633,-5,-26,141
1747014984.8453634,88,-6,21
1747014984.8813634,-21,-36,127
1747014984.9173634,30,-28,-144
1747014984.9523633,18,3,-14
1747014984.9883633,-18,-7,104
1747014985.0233634,63,-65,-39
1747014985.0583634,-6,-5,36
1747014985.0933633,-40,13,4
1747014985.1293633,-22,13,54
1747014985.1653633,75,-57,116
1747014985.2003634,-12,-71,53
1747014985.2363634,-44,-34,102
1747014985.2713633,-18,2,12
1747014985.306363,87,-59,212
1747014985.3413634,-30,53,-1
1747014985.3773634,-24,-90,6
1747014985.4133637,-22,9,70
1747014985.4483633,85,-28,-9
1747014985.4843633,37,39,2
1747014985.5193634,10,35,28
1747014985.5543633,48,-2,-23
1747014985.589363,-79,-70,62
1747014985.625363,-57,-50,40
1747014985.6613634,40,13,36
1747014985.6963634,-49,-16,114
1747014985.7323637,-33,-72,50
1747014985.7673633,-27,-6,-7
1747014985.8023634,31,35,126
1747014985.8373632,-50,31,80
1747014985.8733633,-64,-6,181
1747014985.9093633,-22,51,91
1747014985.9443634,85,53,149
1747014985.9803634,77,-12,13
1747014986.0153637,29,-56,113
1747014986.0503633,-30,0,31
1747014986.0853634,-16,37,81
1747014986.1213634,13,43,-12
1747014986.1573634,35,-56,103
1747014986.1923633,-58,1,73
1747014986.2283633,45,-42,-92
1747014986.2633634,3,1,113
1747014986.2983634,12,-73,73
1747014986.3333633,-60,-32,-70
1747014986.3693633,-10,64,-18
1747014986.405363,49,-64,127
1747014986.4403634,-7,-49,93
1747014986.4763634,63,53,100
1747014986.5113633,-2,-42,102
1747014986.5463634,13,-10,110
1747014986.5813634,61,7,96
1747014986.6173637,3,33,-9
1747014986.6533637,7,-40,-75
1747014986.6883633,16,-18,12
1747014986.724363,36,39,46
1747014986.7593634,-14,-46,126
1747014986.7943633,-53,66,-39
1747014986.829363,2,22,61
1747014986.8653634,42,-39,145
1747014986.9013634,-109,36,96
1747014986.9363637,-51,-33,106
1747014986.9723637,-42,-32,-19
1747014987.007363,39,28,-33
1747014987.0423634,-46,-18,-27
1747014987.0773633,19,24,65
1747014987.1133633,-48,5,65
1747014987.1493633,-48,-3,92
1747014987.1843634,67,9,80
1747014987.2203634,45,21,183
1747014987.2553637,-2,-57,117
1747014987.2903633,5,-48,51
1747014987.3253634,-36,67,92
1747014987.3613634,30,23,41
1747014987.3973634,76,-46,-14
1747014987.4323633,10,-40,91
1747014987.4683633,56,25,73
1747014987.5033634,34,10,-2
1747014987.5383637,6,25,209
1747014987.5743637,12,-10,213
1747014987.6093633,6,-14,119
1747014987.645363,20,-8,65
1747014987.6803634,-24,19,61
1747014987.7163634,64,19,90
1747014987.7513633,-54,6,14
1747014987.7863634,-9,-10,28
1747014987.8223634,-9,21,-23
1747014987.8573637,76,-10,128
1747014987.8933637,-37,9,114
1747014987.928363,75,-11,42
1747014987.964363,-19,39,38
1747014987.9993634,21,-13,2
1747014988.0343633,-29,7,60
1747014988.0703633,-31,-4,176
1747014988.1053634,-73,9,86
1747014988.1413634,-27,35,106
1747014988.1763637,-39,70,-40
1747014988.2123632,-37,-14,107
1747014988.247363,30,33,135
1747014988.2823634,-47,27,77
1747014988.3183634,-1,13,83
1747014988.3533633,-7,27,102
1747014988.3893633,-7,-14,-12
1747014988.4243634,14,43,92
1747014988.4603634,-15,-54,-13
1747014988.4953637,-11,7,141
1747014988.530363,-100,-9,60
1747014988.566363,34,-97,72
1747014988.6013634,-11,-11,66
1747014988.6373634,74,26,106
1747014988.6723633,26,40,-15
1747014988.7083633,3,-55,74
1747014988.7433634,-68,-13,88
1747014988.7783637,-14,2,-1
1747014988.8143632,20,28,-17
1747014988.849363,-20,-27,128
1747014988.885363,-81,10,100
1747014988.9203634,-33,-67,100
1747014988.9563634,42,-15,140
1747014988.9913633,-9,14,-57
1747014989.0263634,-42,3,142
1747014989.0623634,-3,12,132
1747014989.0973637,-3,-9,116
1747014989.1333632,24,2,70
1747014989.168363,0,44,73
1747014989.204363,10,14,121
1747014989.2393634,22,-23,97
1747014989.2743633,-55,-17,39
1747014989.3103633,-39,40,8
1747014989.3453634,-50,22,1
1747014989.3813634,0,40,111
1747014989.4163637,36,20,59
1747014989.451363,20,-65,49
1747014989.4863634,-15,53,25
1747014989.5223634,26,23,63
1747014989.5583634,18,1,-30
1747014989.5933633,34,-8,135
1747014989.6293633,28,20,109
1747014989.6643634,6,40,53
1747014989.6993637,14,-9,127
1747014989.7343633,-27,86,108
1747014989.770363,30,56,164
1747014989.8133633,-39,-9,52
1747014989.849363,3,56,48
1747014989.885363,52,-21,-26
1747014989.9203634,51,23,129
1747014989.9553633,-17,16,61
1747014989.9903634,-46,-52,185
1747014990.0263634,25,-10,53
1747014990.0623634,56,18,-25
1747014990.0973637,-57,52,156
1747014990.1333632,48,-5,92
1747014990.168363,-21,68,164
1747014990.2033634,-7,-69,80
1747014990.2383633,78,-115,84
1747014990.2743633,4,-79,140
1747014990.3103633,-91,22,80
1747014990.3453634,28,-1,84
1747014990.3813634,-73,4,-73
1747014990.4163637,61,56,2
1747014990.451363,-3,30,48
1747014990.4863634,-7,20,70
1747014990.5223634,-3,-55,120
1747014990.5583634,-37,18,64
1747014990.5933633,-75,24,38
1747014990.6293633,18,2,174
1747014990.6643634,-25,-9,188
1747014990.6993637,62,-45,42
1747014990.7343633,40,70,3
1747014990.770363,-47,30,65
1747014990.806363,-58,0,33
1747014990.8413634,9,-39,-6
1747014990.8773634,7,-67,85
1747014990.9123633,29,-37,231
1747014990.9473634,15,-59,35
1747014990.9823637,-55,44,56
1747014991.0183637,31,-31,72
1747014991.0543633,-38,2,152
1747014991.089363,29,-19,-69
1747014991.125363,-56,76,92
1747014991.1603634,40,22,182
1747014991.1953633,0,34,22
1747014991.2303634,-117,-28,58
1747014991.2663634,52,-56,114
1747014991.3023634,27,7,64
1747014991.3373632,39,-2,119
1747014991.3733633,-26,1,131
1747014991.408363,-13,-66,49
1747014991.4433634,-34,-18,36
1747014991.4783633,-21,37,40
1747014991.5143633,-36,15,58
1747014991.5503633,-118,18,-5
1747014991.5853634,-34,64,142
1747014991.6213634,15,-15,68
1747014991.6563632,15,-40,96
1747014991.691363,-12,-10,44
1747014991.7263634,21,21,154
1747014991.7623634,1,-68,78
1747014991.7983634,-60,-62,38
1747014991.8333633,-80,-30,66
1747014991.8693633,-68,-8,-57
1747014991.9043634,35,-46,136
1747014991.9393632,70,-32,-50
1747014991.974363,39,-8,-12
1747014992.010363,17,-64,9
1747014992.0463634,-11,-72,48
1747014992.0813634,88,33,76
1747014992.1173637,-7,0,146
1747014992.1523633,49,-24,90
1747014992.1873634,-54,129,66
1747014992.2223637,44,73,138
1747014992.2583632,6,31,132
1747014992.2943633,-27,-56,53
1747014992.329363,0,-6,147
1747014992.3653634,-51,33,103
1747014992.4003634,-5,68,71
1747014992.4353633,80,45,15
1747014992.4703634,8,22,59
1747014992.5063634,-21,-46,29
1747014992.5423634,-65,21,105
1747014992.5773633,-77,-16,20
1747014992.6133633,-1,75,16
1747014992.6483634,-19,-4,56
1747014992.6833634,-35,1,84
1747014992.7193637,-75,13,-45
1747014992.7543633,22,25,58
1747014992.7903633,-35,53,108
1747014992.8253634,-105,-62,64
1747014992.8613634,16,-22,104
1747014992.8963633,-19,-44,95
1747014992.931363,58,-14,110
1747014992.9673634,39,29,107
1747014993.0023634,0,51,138
1747014993.0383637,-30,-38,95
1747014993.0733633,5,-46,-24
1747014993.1093633,-10,59,139
1747014993.1443634,-80,-4,89
1747014993.1793633,-18,61,61
1747014993.2153633,2,12,136
1747014993.250363,-26,-18,21
1747014993.2863634,-38,17,31
1747014993.3213634,9,-6,101
1747014993.3573637,-28,15,-78
1747014993.3923633,-2,7,151
1747014993.4273634,-60,33,167
1747014993.4633634,-22,71,-16
1747014993.4983633,91,23,136
1747014993.5343633,57,19,43
1747014993.5693634,-14,8,85
1747014993.6053634,19,36,35
1747014993.6403637,-20,2,101
1747014993.6753633,-104,132,154
1747014993.7113633,32,-8,50
1747014993.7463634,-13,-30,66
1747014993.7823634,-41,65,156
1747014993.8173633,28,-10,22
1747014993.8533633,-51,7,102
1747014993.8883634,-51,25,166
1747014993.9233634,-42,-68,86
1747014993.9593637,56,19,120
1747014993.9943633,-98,-52,86
1747014994.030363,-6,-6,105
1747014994.0653634,1,-2,57
1747014994.1013634,7,15,13
1747014994.1363633,2,-4,187
1747014994.1713634,-9,-40,-66
1747014994.2073634,-13,11,43
1747014994.2423637,-54,-88,86
1747014994.2783637,-38,17,20
1747014994.3133633,-2,5,0
1747014994.349363,71,17,40
1747014994.385363,-5,34,0
1747014994.4213634,-3,-43,-127
1747014994.4573634,28,30,98
1747014994.4923637,22,25,160
1747014994.5273633,-41,-5,84
1747014994.5633633,4,29,-3
1747014994.599363,32,-28,140
1747014994.6343634,16,-34,126
1747014994.6703634,33,-2,32
1747014994.7053633,-55,8,24
1747014994.7403634,66,52,81
1747014994.7753634,8,-91,-34
1747014994.8113637,-45,-28,37
1747014994.8473637,97,-40,71
1747014994.882363,54,-17,149
1747014994.918363,-19,-11,87
1747014994.9533634,3,5,80
1747014994.9883633,12,33,72
1747014995.0233634,31,-20,62
1747014995.0593634,22,-42,14
1747014995.0953634,-65,-64,-23
1747014995.1303637,90,-43,-63
1747014995.1663637,-17,13,110
1747014995.201363,-19,-44,-37
1747014995.2363634,74,1,76
1747014995.2713633,104,27,109
1747014995.3073633,-107,-42,132
1747014995.3433633,6,-40,-28
1747014995.3783634,-37,-24,71
1747014995.4143634,-13,-50,85
1747014995.4493637,-27,-32,41
1747014995.4843633,-101,-26,100
1747014995.5193634,-31,-8,28
1747014995.5553634,101,-3,-13
1747014995.5913634,59,22,46
1747014995.6263633,-45,33,32
1747014995.6623633,5,22,72
1747014995.6973634,-46,-25,-37
1747014995.7323637,22,-18,18
1747014995.7673633,-111,9,104
1747014995.803363,39,-30,132
1747014995.839363,-7,-81,236
1747014995.8743634,49,-30,74
1747014995.9103634,54,5,96
1747014995.9453633,73,82,141
1747014995.9803634,5,10,122
1747014996.0153637,-77,-28,110
1747014996.0513637,-30,2,73
1747014996.0873632,-48,100,173
1747014996.122363,-28,6,111
1747014996.158363,-80,-65,-70
1747014996.1933634,17,34,-20
1747014996.2283633,-64,-79,61
1747014996.2633634,3,24,33
1747014996.2993634,-47,-4,53
1747014996.3353634,-50,-1,83
1747014996.3703637,-146,-33,99
1747014996.4063632,-72,80,104
1747014996.441363,-24,74,-36
1747014996.4763634,4,7,57
1747014996.5113633,-62,34,63
1747014996.5473633,-10,-71,-12
1747014996.5833633,-78,68,-46
1747014996.6183634,-21,-82,115
1747014996.6543634,-55,69,135
1747014996.6893632,-70,-86,-62
1747014996.724363,46,-16,105
1747014996.7593634,6,-54,145
1747014996.7953634,-27,-36,9
1747014996.8313634,-71,-8,3
1747014996.8663633,-23,-44,17
1747014996.9023633,15,-33,29
1747014996.9373634,15,-23,19
1747014996.9723637,1,0,75
1747014997.007363,-60,-23,55
1747014997.043363,-3,-26,25
1747014997.079363,61,28,1
1747014997.1143634,-37,21,85
1747014997.1503634,72,-13,53
1747014997.1853633,-53,20,105
1747014997.2203634,-4,7,127
1747014997.2553637,-34,-64,65
1747014997.2913637,-34,-49,7
1747014997.3273633,-18,-45,120
1747014997.362363,73,-43,-51
1747014997.3983634,33,-19,132
1747014997.4333634,43,-36,46
1747014997.4683633,-12,86,112
1747014997.5033634,0,49,116
1747014997.5393634,55,-3,44
1747014997.5753634,-31,-46,96
1747014997.6103632,26,66,98
1747014997.6463633,30,-29,64
1747014997.681363,18,-93,146
1747014997.7163634,-35,12,63
1747014997.7523634,0,5,25
1747014997.7873633,44,0,223
1747014997.8233633,28,-24,55
1747014997.8583634,-27,65,123
1747014997.8943634,29,44,139
1747014997.9293633,-24,36,141
1747014997.964363,105,74,23
1747014998.000363,10,-15,73
1747014998.0353634,60,-105,-2
1747014998.0713634,-44,1,103
1747014998.1063633,41,2,78
1747014998.1423633,-58,81,107
1747014998.1773634,-20,17,59
1747014998.2123632,48,-16,65
1747014998.2483633,-40,-16,29
1747014998.283363,-38,-5,175
1747014998.3193634,39,-23,127
1747014998.3543634,81,-9,107
1747014998.3903637,130,-30,120
1747014998.4253633,104,55,-1
1747014998.4603634,-107,14,122
1747014998.4963634,24,50,-17
1747014998.5313632,7,-38,-9
1747014998.5673633,16,-29,114
1747014998.602363,73,3,74
1747014998.6383634,30,-61,-9
1747014998.6733634,10,-1,150
1747014998.7083633,32,2,28
1747014998.7443633,-51,-73,-65
1747014998.7793634,3,31,84
1747014998.8153634,13,21,153
1747014998.8503633,34,47,33
1747014998.8863633,-9,-38,185
1747014998.9213634,2,29,50
1747014998.9563634,-12,1,144
1747014998.9923637,-28,-18,-57
1747014999.0273633,-22,63,-37
1747014999.0633633,32,37,42
1747014999.0983634,-51,-39,84
1747014999.1343634,76,52,64
1747014999.1693633,102,-10,78
1747014999.204363,10,5,78
1747014999.2403634,-15,31,32
1747014999.2753634,60,-8,-11
1747014999.3113637,-9,30,6
1747014999.3463633,4,34,24
1747014999.382363,22,54,-3
1747014999.4173634,8,-61,54
1747014999.4523633,-17,-6,108
1747014999.4883633,-19,7,-11
1747014999.5233634,-64,36,102
1747014999.5593634,43,-25,34
1747014999.5943637,55,-3,56
1747014999.6293633,61,-50,36
1747014999.6643634,29,6,92
1747014999.7003634,15,-25,120
1747014999.7363634,22,9,-93
1747014999.7713633,-3,43,24
1747014999.8143632,-22,0,64
1747014999.8503633,51,-17,16
1747014999.885363,-68,26,86
1747014999.9203634,15,33,136
1747014999.9563634,31,-27,26
1747014999.9923637,-90,-56,150
1747015000.0273633,-12,-2,148
1747015000.0633633,35,17,28
1747015000.0983634,-36,-8,130
1747015000.1333632,11,37,68
1747015000.168363,-22,-40,-89
1747015000.204363,5,55,104
1747015000.2403634,0,-59,90
1747015000.2753634,24,42,92
1747015000.3113637,18,80,156
1747015000.3463633,37,11,-13
1747015000.3813634,51,-8,82
1747015000.4163637,-16,-26,40
1747015000.4523633,13,17,-25
1747015000.4883633,-32,0,-7
1747015000.5233634,3,-17,-40
1747015000.5593634,-2,-17,187
1747015000.5943637,31,18,-28
1747015000.6293633,-10,22,83
1747015000.6643634,21,4,147
1747015000.7003634,-10,16,109
1747015000.7363634,20,45,133
1747015000.7713633,40,-2,60
1747015000.8073633,-41,-69,168
1747015000.8423634,36,47,18
1747015000.8773634,24,-18,66
1747015000.9123633,52,-17,50
1747015000.9483633,20,74,82
1747015000.9843633,42,18,50
1747015001.0193634,52,-105,68
1747015001.0553634,-37,22,20
1747015001.0903633,34,-8,-1
1747015001.125363,-36,-26,98
1747015001.1603634,37,-20,36
1747015001.1963634,-39,26,12
1747015001.2323637,32,-29,14
1747015001.2673633,96,-7,134
1747015001.303363,-16,-14,114
1747015001.3383634,57,37,-35
1747015001.3733633,45,-20,123
1747015001.408363,45,-18,-31
1747015001.4443634,40,-2,60
1747015001.4803634,20,7,76
1747015001.5153637,-41,-44,-58
1747015001.5513637,0,69,20
1747015001.5863633,-78,-14,20
1747015001.6213634,77,-12,162
1747015001.6563632,-27,-9,39
1747015001.6923633,-69,-31,102
1747015001.7283633,2,-15,0
1747015001.7633634,90,-11,-38
1747015001.7993634,20,6,91
1747015001.8343637,18,28,73
1747015001.8693633,-29,48,25
1747015001.9043634,12,38,105
1747015001.9403634,70,25,15
1747015001.9763634,-11,9,75
1747015002.0113633,26,-49,-2
1747015002.0473633,3,48,167
1747015002.0823634,-57,-68,101
1747015002.1173637,12,1,65
1747015002.1523633,-11,-70,-28
1747015002.1883633,-1,10,47
1747015002.224363,8,-19,129
1747015002.2593634,28,-26,-50
1747015002.2953634,24,27,9
1747015002.3303633,38,25,117
1747015002.3653634,-87,-52,155
1747015002.4003634,-7,15,198
1747015002.4363637,70,-58,1
1747015002.4723637,-9,69,11
1747015002.507363,-6,-37,-2
1747015002.543363,11,-20,51
1747015002.5783634,1,39,183
1747015002.6133633,0,21,43
1747015002.6483634,-56,41,-32
1747015002.6843634,67,4,-82
1747015002.7203634,27,-25,39
1747015002.7553637,11,12,103
1747015002.7913637,-42,-24,-4
1747015002.826363,-26,-67,91
1747015002.8613634,-42,-5,-106
1747015002.8973634,23,-17,34
1747015002.9323633,-8,-13,-15
1747015002.9683633,49,-35,-43
1747015003.0033634,98,46,98
1747015003.0393634,67,-50,108
1747015003.0743637,-42,63,128
1747015003.1093633,39,24,94
1747015003.145363,67,-89,24
1747015003.1803634,-10,-9,159
1747015003.2163634,-32,78,215
1747015003.2513633,63,38,152
1747015003.2873633,11,-17,84
1747015003.3223634,-12,64,14
1747015003.3573637,-8,-51,30
1747015003.3933637,-44,-16,4
1747015003.428363,39,25,34
1747015003.464363,-58,-65,92
1747015003.4993634,5,-17,-47
1747015003.5353634,-20,10,64
1747015003.5703633,-9,-7,136
1747015003.6053634,88,72,64
1747015003.6413634,12,2,136
1747015003.6763637,-15,10,93
1747015003.7123632,-54,-47,-18
1747015003.747363,21,-95,113
1747015003.783363,7,-20,55
1747015003.8183634,9,-6,13
1747015003.8533633,-4,54,135
1747015003.8893633,39,57,167
1747015003.9243634,-2,-37,41
1747015003.9603634,17,0,17
1747015003.9953637,-64,0,143
1747015004.0313632,-174,10,35
1747015004.066363,85,62,115
1747015004.1013634,29,-25,13
1747015004.1373634,-118,52,159
1747015004.1723633,37,10,-102
1747015004.2083633,-12,20,91
1747015004.2433634,5,-17,91
1747015004.2793634,-2,-7,164
1747015004.3143632,-68,-55,80
1747015004.349363,-60,14,136
1747015004.385363,33,20,70
1747015004.4203634,84,28,118
1747015004.4563634,66,-63,52
1747015004.4913633,84,2,40
1747015004.5273633,-67,120,138
1747015004.5633633,80,6,-9
1747015004.599363,-75,31,12
1747015004.635363,17,14,164
1747015004.6703634,-12,-25,-92
1747015004.7053633,69,-3,141
1747015004.7413633,41,77,0
1747015004.7773633,25,-2,98
1747015004.8123634,59,33,22
1747015004.8483634,17,59,35
1747015004.8833632,19,-22,79
1747015004.918363,29,-94,173
1747015004.9533634,41,69,117
1747015004.9893634,69,-53,29
1747015005.0253634,-52,-12,85
1747015005.0603633,-26,22,69
1747015005.0963633,57,-8,133
1747015005.1313634,-56,17,187
1747015005.1663637,-46,9,51
1747015005.201363,-18,-26,113
1747015005.237363,-22,9,199
1747015005.2733634,9,43,177
1747015005.3083634,-90,-14,1
1747015005.3443637,-20,29,132
1747015005.3793633,-72,19,152
1747015005.4143634,41,3,2
1747015005.4493637,9,1,21
1747015005.4853632,-28,1,190
1747015005.5213633,-14,-6,136
1747015005.556363,76,-40,100
1747015005.5923634,-12,-30,136
1747015005.6273634,-86,25,168
1747015005.6623633,-12,-39,182
1747015005.6973634,48,-10,76
1747015005.7333634,60,35,48
1747015005.7693634,-6,0,226
1747015005.8043633,-10,15,30
1747015005.8403633,14,-38,190
1747015005.875363,6,13,-9
1747015005.9103634,-45,-12,38
1747015005.9453633,82,-16,142
1747015005.9813633,-78,-2,31
1747015006.0173633,-17,-21,93
1747015006.0523634,27,-38,105
1747015006.0883634,13,-2,65
1747015006.1233633,-57,3,89
1747015006.158363,8,-56,53
1747015006.1933634,41,-63,53
1747015006.2293634,18,-26,159
1747015006.2653637,-31,-62,35
1747015006.3003633,-5,45,41
1747015006.3363633,-31,47,-24
1747015006.3713634,4,-16,11
1747015006.4063632,-75,17,92
1747015006.441363,54,-6,39
1747015006.477363,53,9,55
1747015006.5133634,34,31,-43
1747015006.5483634,18,67,120
1747015006.5843637,16,-66,10
1747015006.6193633,-7,-8,102
1747015006.6543634,-165,-16,70
1747015006.6893632,52,-26,142
1747015006.7253633,0,-61,48
1747015006.7613633,10,-24,116
1747015006.7963634,-23,-20,88
1747015006.8323634,25,-19,80
1747015006.8673637,-28,-85,78
1747015006.9023633,-72,0,48
1747015006.9373634,43,26,10
1747015006.9733634,37,125,12
1747015007.0093634,-45,20,26
1747015007.0443633,-34,5,294
1747015007.0803633,31,35,120
1747015007.1153634,-48,-40,56
1747015007.1503634,-6,-74,-31
1747015007.1853633,32,-50,38
1747015007.2213633,56,55,60
1747015007.257363,25,-59,68
1747015007.2923634,-36,26,70
1747015007.3283634,-13,3,128
1747015007.3633633,34,-60,60
1747015007.3983634,2,-98,14
1747015007.4333634,38,19,60
1747015007.4693637,-9,43,64
1747015007.5053637,28,53,47
1747015007.5403633,20,-6,173
1747015007.576363,94,-6,131
1747015007.6113634,26,3,-100
1747015007.6463633,12,57,55
1747015007.681363,-6,-46,83
1747015007.7173634,-6,37,63
1747015007.7533634,-7,-4,61
1747015007.7883637,84,-13,76
1747015007.8243637,90,-12,47
1747015007.8593633,24,-26,120
1747015007.8943634,3,-1,18
1747015007.9303634,67,-5,96
1747015007.9653633,74,0,156
1747015008.0013633,-51,30,120
1747015008.0363634,-19,22,4
1747015008.0723634,-31,26,-53
1747015008.1073637,-29,-31,-25
1747015008.1423633,-7,24,234
1747015008.178363,-28,10,90
1747015008.2133634,-16,14,90
1747015008.2493634,7,-31,-66
1747015008.2843633,-10,-39,97
1747015008.3203633,-20,10,73
1747015008.3553634,12,94,87
1747015008.3903637,-43,-63,33
1747015008.4263637,-69,-7,77
1747015008.4613633,-11,-101,61
1747015008.497363,66,-27,59
1747015008.5323634,25,-65,179
1747015008.5683634,8,-69,73
1747015008.6033633,64,-43,75
1747015008.6383634,-45,46,-14
1747015008.6743634,-17,86,53
1747015008.7093637,42,0,107
1747015008.7453637,-22,-110,23
1747015008.780363,-29,8,-66
1747015008.816363,37,107,-4
1747015008.8513634,-50,61,174
1747015008.8863633,76,-39,73
1747015008.9223633,-26,-39,135
1747015008.9573634,40,26,121
1747015008.9933634,55,12,94
1747015009.0283637,39,9,93
1747015009.0643632,-30,16,22
1747015009.099363,-22,36,70
1747015009.1343634,35,-35,-43
1747015009.1703634,8,-41,86
1747015009.2053633,-32,-60,20
1747015009.2413633,-40,-26,122
1747015009.2763634,7,-68,164
1747015009.3123634,-98,41,16
1747015009.3473637,-24,-34,60
1747015009.382363,27,-66,134
1747015009.418363,51,35,38
1747015009.4533634,-4,29,30
1747015009.4893634,53,-40,33
1747015009.5243633,28,-14,7
1747015009.5593634,43,27,79
1747015009.5943637,89,-58,41
1747015009.6303637,-47,27,-42
1747015009.6663637,47,43,97
1747015009.701363,37,11,9
1747015009.737363,53,15,19
1747015009.7723634,65,-38,107
1747015009.8143632,-26,20,-100
1747015009.8503633,73,-19,17
1747015009.8863633,-20,-33,83
1747015009.9223633,9,16,109
1747015009.9573634,-70,16,13
1747015009.9933634,3,45,24
1747015010.0283637,-10,-2,52
1747015010.0633633,22,-5,37
1747015010.0983634,-17,54,26
1747015010.1343634,-10,13,100
1747015010.1703634,-6,-80,120
1747015010.2053633,26,8,49
1747015010.2413633,38,14,36
1747015010.2763634,-71,-35,61
1747015010.3113637,62,-97,-61
1747015010.3463633,20,-2,50
1747015010.382363,-25,19,140
1747015010.418363,28,23,17
1747015010.4533634,14,-3,175
1747015010.4893634,-7,35,56
1747015010.5243633,0,21,94
1747015010.5593634,4,-10,2
1747015010.5943637,-23,-32,60
1747015010.6303637,-1,-6,120
1747015010.6663637,30,-2,63
1747015010.701363,-44,1,131
1747015010.737363,-30,-4,137
1747015010.7723634,11,23,-10
1747015010.8073633,67,-22,64
1747015010.8423634,17,3,120
1747015010.8783634,-26,0,162
1747015010.9143634,63,9,24
1747015010.9493637,-62,-6,74
1747015010.9853632,32,11,154
1747015011.020363,16,-28,78
1747015011.0553634,14,-2,116
1747015011.0903633,-15,13,156
1747015011.1263633,-55,9,53
1747015011.1623633,28,7,148
1747015011.1973634,-24,-46,96
1747015011.2333634,-6,1,-5
1747015011.2683637,0,-49,116
1747015011.303363,86,20,28
1747015011.3383634,74,6,218
1747015011.3743634,34,14,88
1747015011.4103634,-28,-2,116
1747015011.4453633,-36,-32,92
1747015011.4813633,47,28,100
1747015011.5163634,39,20,56
1747015011.5513637,5,72,100
1747015011.5863633,51,-81,89
1747015011.622363,69,-31,100
1747015011.658363,95,-28,134
1747015011.6933634,91,0,88
1747015011.7293634,-16,-99,-47
1747015011.7643633,21,12,84
1747015011.7993634,12,18,-161
1747015011.8343637,104,46,92
1747015011.8703637,35,-64,-35
1747015011.9063632,29,-8,124
1747015011.941363,41,-18,35
1747015011.977363,57,74,-76
1747015012.0123634,104,-43,68
1747015012.0473633,34,8,110
1747015012.0823634,50,-31,117
1747015012.1183634,46,-7,-47
1747015012.1543634,133,10,57
1747015012.1893632,41,-21,60
1747015012.2253633,25,-14,20
1747015012.260363,-69,24,54
1747015012.2953634,11,-47,80
1747015012.3303633,-78,-43,2
1747015012.3663633,47,38,4
1747015012.4023633,5,30,0
1747015012.4373634,-86,-7,28
1747015012.4733634,11,64,170
1747015012.5083632,-34,-22,32
1747015012.543363,-16,11,-69
1747015012.5783634,53,15,128
1747015012.6143634,-11,36,198
1747015012.6503634,-45,24,-8
1747015012.6853633,-23,6,95
1747015012.7213633,-34,-20,-32
1747015012.7563634,69,-34,18
1747015012.7913637,87,12,151
1747015012.826363,-21,-18,137
1747015012.862363,-13,11,81
1747015012.8983634,-36,-18,11
1747015012.9333634,23,83,111
1747015012.9693637,3,-78,22
1747015013.0043633,47,17,100
1747015013.0393634,-15,-24,130
1747015013.0753634,-71,-52,72
1747015013.1103632,6,49,154
1747015013.1463633,-17,-24,106
1747015013.181363,43,-53,118
1747015013.2173634,-72,10,66
1747015013.2523634,27,-15,142
1747015013.2873633,31,58,132
1747015013.3233633,33,13,170
1747015013.3583634,27,0,-41
1747015013.3943634,57,-39,64
1747015013.4293633,-12,22,64
1747015013.4653633,7,-85,78
1747015013.500363,-4,-97,50
1747015013.5353634,-8,26,106
1747015013.5713634,39,-11,132
1747015013.6063633,3,-51,-29
1747015013.6423633,0,11,90
1747015013.6773634,12,-84,92
1747015013.7133634,5,41,18
1747015013.7483633,7,-42,104
1747015013.783363,-84,17,-66
1747015013.8193634,-72,-12,115
1747015013.8543634,36,1,-52
1747015013.8903637,47,15,41
1747015013.9253633,3,33,-4
1747015013.9613633,-22,-60,-64
1747015013.9963634,59,-23,-34
1747015014.0313632,21,-73,17
1747015014.0673633,29,91,165
1747015014.102363,23,-14,97
1747015014.1383634,-92,-80,65
1747015014.1733634,37,-90,111
1747015014.2093637,-67,-11,181
1747015014.2443633,-3,48,56
1747015014.2793634,75,-14,30
1747015014.3153634,52,28,102
1747015014.3503633,-26,3,40
1747015014.3863633,-27,-83,112
1747015014.4213634,-95,-32,110
1747015014.4573634,-3,11,114
1747015014.4933634,20,-10,142
1747015014.5293634,-27,-18,78
1747015014.5643632,76,13,17
1747015014.599363,2,-34,175
1747015014.635363,-29,7,19
1747015014.6703634,-3,75,93
1747015014.7063634,23,61,-66
1747015014.7413633,53,-70,74
1747015014.7773633,-23,-18,91
1747015014.8133633,-28,39,101
1747015014.8483634,-20,-70,182
1747015014.8833632,-58,-55,0
1747015014.9193633,11,-45,-1
1747015014.9553633,-35,-40,66
1747015014.9903634,34,-58,-27
1747015015.0263634,4,-47,48
1747015015.0613637,-27,34,60
1747015015.0963633,24,-109,62
1747015015.1313634,30,0,-19
1747015015.1673634,-65,-9,-15
1747015015.2033634,56,-11,80
1747015015.2383633,17,9,-1
1747015015.2743633,90,54,0
1747015015.3093634,-58,-4,102
1747015015.3443637,11,-38,72
1747015015.3793633,18,32,134
1747015015.4153633,89,-36,184
1747015015.451363,45,-8,188
1747015015.4863634,-27,-81,70
1747015015.5223634,-45,28,138
1747015015.5573633,-16,23,166
1747015015.5923634,-6,59,-31
1747015015.6273634,-12,-18,66
1747015015.6633637,-4,-25,-115
1747015015.6993637,-16,1,184
1747015015.7343633,84,-28,70
1747015015.770363,-105,-12,-8
1747015015.8053634,-21,-40,85
1747015015.8403633,46,91,109
1747015015.875363,-21,35,113
1747015015.9113634,-83,31,47
1747015015.9473634,24,59,69
1747015015.9823637,6,21,41
1747015016.0183637,32,0,-126
1747015016.053363,-45,71,109
1747015016.0883634,52,-82,67
1747015016.1233633,-59,1,9
1747015016.1593633,-25,-4,-42
1747015016.1953633,38,-2,93
1747015016.2303634,-77,0,31
1747015016.2663634,-15,-21,10
1747015016.3013637,-43,-5,117
1747015016.3363633,-19,8,-26
1747015016.3713634,-65,-11,-51
1747015016.4073634,-25,58,16
1747015016.4433634,-87,-27,32
1747015016.4783633,-5,14,56
1747015016.5143633,-9,-31,84
1747015016.5493634,23,-54,180
1747015016.5843637,-9,-12,46
1747015016.6193633,47,17,-42
1747015016.655363,50,29,-51
1747015016.691363,24,1,110
1747015016.7263634,-61,79,40
1747015016.7623634,-41,78,138
1747015016.7973633,-33,-72,166
1747015016.8323634,86,-8,116
1747015016.8673637,-101,-8,-39
1747015016.9033637,14,-38,-19
1747015016.9393632,-33,25,160
1747015016.974363,-72,40,92
1747015017.010363,-24,-11,128
1747015017.0453634,36,25,-75
1747015017.0803633,-64,-26,78
1747015017.1153634,16,-64,-23
1747015017.1513634,-39,91,6
1747015017.1873634,-4,57,34
1747015017.2223637,56,-24,27
1747015017.2583632,-105,-14,185
1747015017.293363,-1,-54,-16
1747015017.3283634,-17,-44,72
1747015017.3633633,32,9,46
1747015017.3993633,41,-22,0
1747015017.4353633,17,-8,84
1747015017.4703634,3,-10,8
1747015017.5063634,-14,41,24
1747015017.5413637,35,0,2
1747015017.576363,15,-10,34
1747015017.612363,5,0,-82
1747015017.6473634,69,64,31
1747015017.6833634,-54,-31,59
1747015017.7183633,-50,-45,-50
1747015017.7543633,71,-39,11
1747015017.7893634,-32,-19,89
1747015017.8243637,-10,18,82
1747015017.8593633,-42,-31,140
1747015017.895363,-14,-83,83
1747015017.931363,-49,47,141
1747015017.9663634,6,-12,95
1747015018.0023634,-53,79,85
1747015018.0373633,66,-22,123
1747015018.0723634,-71,-48,119
1747015018.1083634,-27,-36,57
1747015018.1433637,32,8,147
1747015018.1793633,-5,18,95
1747015018.214363,-45,14,179
1747015018.250363,-19,-11,80
1747015018.2853634,6,-15,15
1747015018.3203633,-45,-84,15
1747015018.3563633,2,-40,-38
1747015018.3913634,-40,-33,44
1747015018.4273634,7,10,32
1747015018.4623632,-2,0,-65
1747015018.4983633,-59,-65,-51
1747015018.533363,-19,-11,32
1747015018.5683634,-35,24,-19
1747015018.6043634,0,4,116
1747015018.6393633,26,18,80
1747015018.6753633,-58,-138,200
1747015018.7103634,9,59,56
1747015018.7463634,-70,-18,-31
1747015018.7813632,-27,60,38
1747015018.816363,10,-63,102
1747015018.852363,38,6,34
1747015018.8873634,-16,6,62
1747015018.9233634,43,-35,50
1747015018.9583633,-44,8,4
1747015018.9943633,69,-21,20
1747015019.0293634,-12,40,28
1747015019.0643632,-59,28,-13
1747015019.1003633,8,30,58
1747015019.135363,-3,-7,144
1747015019.1713634,62,-15,184
1747015019.2063634,24,44,54
1747015019.2423637,-43,47,120
1747015019.2773633,14,0,-7
1747015019.3123634,-15,7,246
1747015019.3483634,24,-79,12
1747015019.3833632,-91,22,179
1747015019.4193633,-29,56,43
1747015019.454363,-15,4,129
1747015019.4903634,-21,-1,3
1747015019.5253634,32,32,-60
1747015019.5603633,-32,1,65
1747015019.5963633,40,19,53
1747015019.6313634,46,35,-76
1747015019.6673634,14,-93,177
1747015019.7023633,-21,-56,117
1747015019.737363,60,-62,193
1747015019.7723634,-39,57,-8
1747015019.8083634,75,23,-24
1747015019.8513634,-7,12,68
1747015019.8873634,-15,26,56
1747015019.9233634,68,12,86
1747015019.9583633,30,-41,-5
1747015019.9933634,-9,12,72
1747015020.0283637,1,-10,182
1747015020.0643632,-7,46,106
1747015020.1003633,-3,62,38
1747015020.135363,-1,-15,188
1747015020.1713634,22,49,26
1747015020.2063634,39,-25,10
1747015020.2413633,19,-29,44
1747015020.2763634,63,-3,156
1747015020.3123634,-59,-28,136
1747015020.3483634,-16,-50,80
1747015020.3833632,-48,11,98
1747015020.4193633,-14,35,110
1747015020.454363,27,-28,54
1747015020.4893634,-66,7,145
1747015020.5243633,62,55,149
1747015020.5603633,-4,17,-78
1747015020.5963633,14,-24,-58
1747015020.6313634,-92,-94,117
1747015020.6673634,84,-16,103
1747015020.7023633,-35,-72,104
1747015020.737363,-27,55,96
1747015020.7723634,32,-28,98
1747015020.8083634,83,20,146
1747015020.8443637,57,-15,-13
1747015020.8793633,-11,-12,106
1747015020.9153633,62,63,-3
1747015020.9503634,-19,-12,12
1747015020.9853632,-26,16,38
1747015021.020363,-42,0,-61
1747015021.056363,-48,0,24
1747015021.0923634,-102,-11,128
1747015021.1273634,3,14,30
1747015021.1633637,-36,16,42
1747015021.1983633,71,6,160
1747015021.2333634,-48,72,128
1747015021.2683637,1,22,70
1747015021.3043633,-26,-5,-59
1747015021.3403633,-30,10,-19
1747015021.375363,69,-4,18
1747015021.4113634,0,37,126
1747015021.4463634,72,-5,60
1747015021.4813633,-45,-17,48
1747015021.5163634,51,29,32
1747015021.5523634,5,9,42
1747015021.5883634,-66,47,176
1747015021.6233633,-8,5,60
1747015021.6593633,65,7,90
1747015021.6943634,-46,11,17
1747015021.7293634,55,-44,-88
1747015021.7643633,35,-100,-32
1747015021.8003633,-38,51,29
1747015021.8363633,-54,-36,24
1747015021.8713634,29,53,102
1747015021.9073634,41,59,164
1747015021.9423633,-73,-33,32
1747015021.977363,62,-37,4
1747015022.0123634,-29,50,112
1747015022.0483634,8,39,42
1747015022.0843637,33,27,6
1747015022.1193633,-30,83,-5
1747015022.155363,-81,-41,112
1747015022.1903634,58,-45,-28
1747015022.2253633,-29,21,168
1747015022.260363,38,-65,53
1747015022.2963634,64,15,63
1747015022.3323634,-33,-24,113
1747015022.3673637,24,-60,164
1747015022.4033637,6,10,191
1747015022.4383633,-24,23,51
1747015022.4733634,-16,-16,61
1747015022.5083632,19,5,87
1747015022.5443633,-34,37,79
1747015022.5803633,75,27,-118
1747015022.6153634,-22,-34,139
1747015022.6513634,19,-94,-44
1747015022.6863637,-60,-29,43
1747015022.7213633,-30,-31,61
1747015022.7563634,-42,-21,29
1747015022.7923634,11,14,123
1747015022.8283634,-6,20,-36
1747015022.8633633,27,-12,135
1747015022.8993633,0,-31,97
1747015022.9343634,60,-18,75
1747015022.9693637,15,-71,155
1747015023.0043633,-36,-7,155
1747015023.0403633,54,31,22
1747015023.076363,22,-18,176
1747015023.1113634,34,59,50
1747015023.1473634,-10,30,-3
1747015023.1823633,4,29,-5
1747015023.2173634,-102,-37,112
1747015023.2533634,1,-9,2
1747015023.2883637,51,12,140
1747015023.3243637,-8,7,54
1747015023.3593633,27,-18,-13
1747015023.395363,79,-50,158
1747015023.4303634,-12,-30,50
1747015023.4653633,59,-112,178
1747015023.5013633,-4,-52,66
1747015023.5363634,-8,-10,28
1747015023.5723634,-2,-18,34
1747015023.6073637,43,-14,0
1747015023.6433637,13,-50,46
1747015023.678363,-4,-50,116
1747015023.7133634,-66,11,32
1747015023.7493634,-32,-2,-65
1747015023.7843633,-5,59,116
1747015023.8203633,-28,24,45
1747015023.8553634,-8,7,39
1747015023.8913634,107,-4,155
1747015023.9263637,36,-18,77
1747015023.9613633,8,-18,83
1747015023.997363,-64,-70,-132
1747015024.0323634,47,-46,127
1747015024.0683634,-49,-98,183
1747015024.1033633,-31,51,55
1747015024.1393633,4,1,30
1747015024.1743634,-43,37,-11
1747015024.2093637,44,0,-3
1747015024.2453637,40,-2,128
1747015024.280363,0,71,36
1747015024.316363,-79,-26,53
1747015024.3513634,26,-2,42
1747015024.3873634,62,-98,40
1747015024.4223633,52,-8,172
1747015024.4573634,8,7,-47
1747015024.4933634,20,-10,72
1747015024.5283637,-9,35,14
1747015024.5643632,16,-28,4
1747015024.599363,-37,13,76
1747015024.635363,38,95,-7
1747015024.6703634,60,43,82
1747015024.7053633,48,-6,110
1747015024.7413633,57,-32,8
1747015024.7763634,71,1,-21
1747015024.8123634,52,26,30
1747015024.8473637,51,-58,18
1747015024.8833632,-17,15,-11
1747015024.9193633,2,29,80
1747015024.954363,6,11,231
1747015024.9893634,8,13,37
1747015025.0253634,-69,69,139
1747015025.0613637,-41,0,148
1747015025.0963633,-47,11,-9
1747015025.132363,7,-9,37
1747015025.1673634,-16,22,85
1747015025.2023633,-28,18,83
1747015025.237363,23,12,75
1747015025.2733634,-23,21,99
1747015025.3093634,23,24,109
1747015025.3443637,-12,72,149
1747015025.3803637,10,25,55
1747015025.4153633,24,-28,129
1747015025.4503634,50,17,119
1747015025.4853632,25,-15,2
1747015025.5213633,49,-59,158
1747015025.5573633,3,92,-27
1747015025.5923634,11,30,34
1747015025.6283634,69,42,16
1747015025.6633637,54,-30,20
1747015025.6983633,8,-50,40
1747015025.7333634,18,21,28
1747015025.7693634,-77,-36,18
1747015025.8053634,28,-14,-57
1747015025.8403633,-67,-24,174
1747015025.8763633,38,-4,114
1747015025.9113634,88,-26,76
1747015025.9463634,-21,-80,-15
1747015025.9813633,42,-49,98
1747015026.0173633,0,-79,54
1747015026.053363,52,17,60
1747015026.0883634,34,11,162
1747015026.1243634,8,-10,207
1747015026.1593633,56,-4,61
1747015026.1943634,24,5,51
1747015026.2293634,-5,31,147
1747015026.2653637,-33,-6,181
1747015026.3013637,-85,37,89
1747015026.3363633,-75,18,59
1747015026.372363,34,-68,69
1747015026.4073634,32,-12,41
1747015026.4423633,6,29,138
1747015026.477363,54,-18,10
1747015026.5133634,-49,6,144
1747015026.5493634,26,21,-110
1747015026.5843637,-10,-58,-68
1747015026.6203637,-56,13,247
1747015026.655363,28,49,215
1747015026.6903634,14,23,33
1747015026.7253633,6,-16,51
1747015026.7613633,-67,-30,83
1747015026.7973633,-53,5,56
1747015026.8323634,10,93,175
1747015026.8683634,46,-2,67
1747015026.9033637,54,71,-22
1747015026.9383633,-35,-10,199
1747015026.9733634,-43,-68,68
1747015027.0093634,39,41,112
1747015027.0453634,-54,77,-30
1747015027.0803633,56,57,130
1747015027.1163633,16,-4,8
1747015027.1513634,54,-12,6
1747015027.1863637,-15,39,81
1747015027.2213633,2,89,62
1747015027.257363,-45,-38,164
1747015027.293363,14,-22,54
1747015027.3283634,-59,43,56
1747015027.3643634,-24,11,62
1747015027.3993633,-31,23,132
1747015027.4343634,-12,81,104
1747015027.4693637,31,-50,136
1747015027.5053637,-12,51,74
1747015027.5413637,7,3,118
1747015027.576363,101,37,230
1747015027.612363,-40,35,73
1747015027.6473634,46,37,53
1747015027.6823633,16,105,73
1747015027.7173634,10,15,44
1747015027.7533634,-77,43,131
1747015027.7893634,-13,-10,142
1747015027.8243637,-63,-2,18
1747015027.8603632,-56,-15,114
1747015027.895363,-94,22,96
1747015027.9303634,5,-17,58
1747015027.9653633,-5,-18,-103
1747015028.0013633,48,5,-93
1747015028.0373633,-19,-86,46
1747015028.0723634,48,-10,-31
1747015028.1083634,-22,-40,-19
1747015028.1433637,9,-58,90
1747015028.178363,-41,47,44
1747015028.214363,17,-37,-9
1747015028.2493634,50,-46,26
1747015028.2853634,-16,-63,70
1747015028.3203633,13,20,62
1747015028.3563633,-19,-8,0
1747015028.3913634,47,-11,34
1747015028.4263637,-10,58,89
1747015028.4623632,-6,24,120
1747015028.497363,89,-83,36
1747015028.533363,41,-31,96
1747015028.5683634,31,-63,-23
1747015028.6043634,9,0,-15
1747015028.6393633,51,30,96
1747015028.6743634,25,-35,66
1747015028.7103634,-28,-33,72
1747015028.7453637,46,-42,28
1747015028.7813632,-23,0,62
1747015028.816363,-25,-112,36
1747015028.852363,14,13,154
1747015028.8873634,78,1,146
1747015028.9223633,50,-7,168
1747015028.9583633,-1,-38,-27
1747015028.9933634,5,-32,190
1747015029.0293634,-39,-36,-30
1747015029.0643632,-55,3,106
1747015029.1003633,-86,-48,56
1747015029.135363,7,5,28
1747015029.1703634,-38,11,5
1747015029.2063634,39,-38,94
1747015029.2413633,-10,11,54
1747015029.2773633,7,-44,-92
1747015029.3123634,33,21,31
1747015029.3483634,72,-6,109
1747015029.3833632,-25,-13,73
1747015029.418363,-15,-81,62
1747015029.454363,-21,46,-67
1747015029.4893634,-6,-52,-46
1747015029.5253634,3,-10,-24
1747015029.5603633,-4,4,111
1747015029.5963633,-72,-3,108
1747015029.6313634,-48,37,92
1747015029.6663637,-12,-38,86
1747015029.7023633,-64,7,144
1747015029.737363,31,-91,152
1747015029.7733634,-22,0,26
1747015029.8083634,-44,87,170
1747015029.8443637,-120,19,54
1747015029.8863633,-13,-15,136
1747015029.9223633,12,-23,26
1747015029.9583633,-73,26,122
1747015029.9933634,-13,44,42
1747015030.0293634,22,18,60
1747015030.0643632,10,-5,92
1747015030.099363,64,21,48
1747015030.1343634,58,-56,105
1747015030.1703634,-3,23,-39
1747015030.2063634,68,23,77
1747015030.2413633,42,-14,115
1747015030.2773633,-25,-36,31
1747015030.3123634,-23,-36,121
1747015030.3473637,5,9,43
1747015030.382363,-52,-12,63
1747015030.418363,3,-112,171
1747015030.454363,-34,-40,158
1747015030.4893634,39,8,141
1747015030.5253634,57,-25,147
1747015030.5603633,7,-24,46
1747015030.5953634,24,-113,150
1747015030.6303637,-18,63,-43
1747015030.6663637,71,55,22
1747015030.7023633,0,-8,-25
1747015030.737363,34,18,108
1747015030.7733634,-73,61,-33
1747015030.8083634,-5,14,68
1747015030.8433633,-43,2,74
1747015030.8783634,-29,30,128
1747015030.9143634,12,28,132
1747015030.9503634,-11,-5,56
1747015030.9853632,22,-15,116
1747015031.0213633,14,-15,138
1747015031.056363,-35,-53,88
1747015031.0913634,101,-26,50
1747015031.1263633,49,118,-13
1747015031.1623633,-35,-48,10
1747015031.1983633,-96,36,88
1747015031.2333634,-65,-58,82
1747015031.2693634,-3,43,32
1747015031.3043633,-45,13,50
1747015031.339363,66,-24,94
1747015031.3743634,-33,3,84
1747015031.4103634,90,22,-103
1747015031.4463634,-82,27,92
1747015031.4813633,-3,58,100
1747015031.5173633,64,-35,16
1747015031.5523634,66,95,20
1747015031.5873632,29,1,90
1747015031.622363,40,-20,-37
1747015031.658363,-62,-64,128
1747015031.6943634,79,-16,30
1747015031.7293634,51,29,76
1747015031.7653637,79,-60,16
1747015031.8003633,-32,17,100
1747015031.8353634,-30,29,98
1747015031.8703637,21,3,-67
1747015031.9063632,14,-7,112
1747015031.9423633,47,-26,38
1747015031.977363,-2,-65,24
1747015032.0133634,-6,30,152
1747015032.0483634,-8,6,46
1747015032.0833633,73,11,116
1747015032.1183634,124,28,189
1747015032.1543634,56,-31,-48
1747015032.1903634,-21,74,79
1747015032.2253633,4,-37,63
1747015032.2613633,68,-21,34
1747015032.2963634,-55,-37,2
1747015032.3313634,34,-53,58
1747015032.3663633,30,42,20
1747015032.4023633,-9,-43,80
1747015032.4383633,-103,9,-32
1747015032.4733634,32,-4,85
1747015032.5093634,-25,37,73
1747015032.5443633,-25,-35,39
1747015032.579363,-51,-5,101
1747015032.6143634,-45,-35,187
1747015032.6503634,-15,-59,51
1747015032.6863637,-83,22,29
1747015032.7213633,51,52,159
1747015032.757363,-2,-37,-14
1747015032.7923634,53,-23,15
1747015032.8273633,140,-30,78
1747015032.862363,32,40,106
1747015032.8983634,18,28,108
1747015032.9343634,-25,-33,150
1747015032.9693637,52,8,-7
1747015033.0053637,-76,53,-1
1747015033.0403633,-13,43,106
1747015033.0753634,2,-55,-17
1747015033.1103632,-25,28,230
1747015033.1463633,-23,-50,116
1747015033.1823633,68,-8,-57
1747015033.2173634,26,35,126
1747015033.2533634,115,68,86
1747015033.2883637,30,33,18
1747015033.3233633,14,59,136
1747015033.3593633,10,-18,28
1747015033.3943634,30,-20,184
1747015033.4303634,-41,29,52
1747015033.4653633,-15,17,48
1747015033.5013633,-51,-50,52
1747015033.5363634,12,-12,116
1747015033.5713634,-47,-8,28
1747015033.6073637,34,25,-47
1747015033.6423633,-21,-2,175
1747015033.678363,88,57,42
1747015033.7133634,20,-34,165
1747015033.7493634,16,-58,185
1747015033.7843633,128,9,131
1747015033.8193634,-5,-10,59
1747015033.8553634,63,-12,55
1747015033.8903637,48,23,-14
1747015033.9263637,48,-12,-4
1747015033.9613633,8,21,169
1747015033.997363,18,17,4
1747015034.0323634,60,-16,68
1747015034.0673633,-79,-46,184
1747015034.1033633,6,-4,-25
1747015034.1383634,44,13,44
1747015034.1743634,52,-20,98
1747015034.2093637,50,0,82
1747015034.2453637,-47,-33,15
1747015034.280363,-9,-30,33
1747015034.3153634,-49,-39,-12
1747015034.3513634,26,25,61
1747015034.3863633,-51,-42,129
1747015034.4223633,31,-48,-56
1747015034.4573634,-24,5,-4
1747015034.4933634,21,11,53
1747015034.5283637,-38,-20,-54
1747015034.5633633,63,-22,-10
1747015034.599363,-8,15,-50
1747015034.6343634,87,-44,105
1747015034.6703634,14,-24,147
1747015034.7053633,-1,-20,73
1747015034.7413633,-25,24,48
1747015034.7763634,72,-53,97
1747015034.8113637,38,-7,21
1747015034.8473637,-29,-15,-13
1747015034.882363,-81,42,-27
1747015034.918363,32,32,54
1747015034.9533634,36,53,-43
1747015034.9883633,6,-66,-27
1747015035.0233634,-35,23,112
1747015035.0593634,96,34,72
1747015035.0953634,-57,-14,196
1747015035.1303637,-99,-40,-81
1747015035.1663637,36,-20,84
1747015035.201363,20,-24,56
1747015035.2363634,4,-10,0
1747015035.2713633,-95,-24,38
1747015035.3073633,-15,-24,-23
1747015035.3433633,34,-6,74
1747015035.3783634,-29,-12,159
1747015035.4143634,7,30,29
1747015035.4493637,104,46,107
1747015035.4843633,-40,-103,53
1747015035.5193634,70,33,165
1747015035.5553634,56,5,47
1747015035.5913634,-27,27,113
1747015035.6263633,21,32,36
1747015035.6623633,42,3,75
1747015035.6973634,-44,54,-14
1747015035.7323637,88,-46,88
1747015035.7673633,39,40,134
1747015035.803363,-54,20,178
1747015035.839363,40,-33,154
1747015035.8743634,-33,86,-37
1747015035.9103634,16,98,166
1747015035.9453633,-1,40,136
1747015035.9803634,-13,-41,89
1747015036.0153637,75,-15,45
1747015036.0513637,6,-47,47
1747015036.0873632,-5,22,81
1747015036.122363,30,10,-82
1747015036.158363,-30,0,-12
1747015036.1933634,-9,30,143
1747015036.2283633,-20,8,33
1747015036.2633634,29,68,131
1747015036.2993634,35,-1,29
1747015036.3353634,30,1,9
1747015036.3703637,-26,-25,35
1747015036.4063632,-27,36,177
1747015036.441363,18,8,25
1747015036.4763634,-32,18,103
1747015036.5113633,35,-17,108
1747015036.5473633,-56,-49,116
1747015036.5833633,135,-7,8
1747015036.6183634,1,78,62
1747015036.6543634,-16,-11,122
1747015036.6893632,-68,-45,-13
1747015036.724363,-2,-25,-1
1747015036.7593634,29,-73,124
1747015036.7953634,20,-21,92
1747015036.8313634,20,40,-13
1747015036.8663633,-57,-5,-89
1747015036.9023633,-61,-7,94
1747015036.9373634,14,-19,32
1747015036.9723637,0,59,182
1747015037.007363,-23,50,-1
1747015037.043363,-27,4,62
1747015037.079363,35,21,27
1747015037.1143634,-51,56,55
1747015037.1503634,59,-20,59
1747015037.1853633,25,24,29
1747015037.2203634,21,-13,78
1747015037.2553637,-30,-25,12
1747015037.2913637,-22,64,216
1747015037.3273633,7,-13,172
1747015037.362363,122,90,112
1747015037.3983634,50,32,62
1747015037.4333634,-13,-39,28
1747015037.4683633,-27,104,82
1747015037.5033634,52,50,-17
1747015037.5393634,120,100,118
1747015037.5753634,64,-33,70
1747015037.6103632,-21,-3,-21
1747015037.6463633,10,46,-19
1747015037.681363,60,30,108
1747015037.7163634,40,34,132
1747015037.7513633,-1,-51,82
1747015037.7873633,-5,6,48
1747015037.8233633,32,-20,18
1747015037.8583634,69,0,56
1747015037.8943634,21,20,84
1747015037.9293633,0,18,77
1747015037.964363,-10,-45,38
1747015038.000363,-20,14,67
1747015038.0353634,-33,19,14
1747015038.0713634,-45,-62,70
1747015038.1063633,-51,-72,72
1747015038.1423633,-63,9,-35
1747015038.1773634,-13,-28,72
1747015038.2123632,8,-30,90
1747015038.2483633,-87,-20,30
1747015038.283363,-27,71,20
1747015038.3193634,-31,0,46
1747015038.3543634,4,-80,70
1747015038.3903637,0,1,102
1747015038.4253633,-34,71,82
1747015038.4603634,69,11,-3
1747015038.4963634,22,20,130
1747015038.5313632,4,-23,46
1747015038.5673633,78,26,130
1747015038.602363,-58,7,-63
1747015038.6383634,-32,-12,68
1747015038.6733634,-84,127,12
1747015038.7083633,-48,-34,-1
1747015038.7443633,15,-42,94
1747015038.7793634,85,-34,108
1747015038.8153634,36,84,54
1747015038.8503633,-61,13,70
1747015038.8863633,12,-58,124
1747015038.9213634,112,0,70
1747015038.9563634,14,-40,14
1747015038.9923637,2,-29,48
1747015039.0273633,2,-42,150
1747015039.0633633,-50,-56,84
1747015039.0983634,14,-39,-3
1747015039.1343634,0,60,32
1747015039.1693633,-8,-22,142
1747015039.204363,25,-26,-103
1747015039.2403634,-28,-18,62
1747015039.2753634,71,-16,-25
1747015039.3113637,12,-37,92
1747015039.3463633,2,0,48
1747015039.382363,58,-56,32
1747015039.418363,24,-48,-11
1747015039.454363,10,25,142
1747015039.4893634,-115,-65,8
1747015039.5243633,-62,19,64
1747015039.5603633,-40,-34,-1
1747015039.5953634,-30,-24,-13
1747015039.6313634,-36,-34,12
1747015039.6663637,0,58,142
1747015039.7023633,-9,30,6
1747015039.737363,26,0,82
1747015039.7723634,34,-4,66
1747015039.8083634,-29,0,30
1747015039.8433633,54,-46,6
1747015039.8793633,54,69,68
1747015039.9213634,-13,-42,126
1747015039.9583633,22,37,136
1747015039.9933634,-13,-78,-31
1747015040.0283637,16,73,80
1747015040.0643632,-129,71,2
1747015040.099363,67,47,116
1747015040.135363,43,25,30
1747015040.1703634,68,-32,46
1747015040.2053633,-81,-26,66
1747015040.2403634,51,24,46
1747015040.2763634,4,-34,114
1747015040.3123634,-42,30,156
1747015040.3473637,52,3,-13
1747015040.3833632,4,30,68
1747015040.418363,-75,-56,122
1747015040.4533634,6,-24,40
1747015040.4883633,-27,47,54
1747015040.5243633,48,31,114
1747015040.5603633,-21,13,-53
1747015040.5953634,6,21,14
1747015040.6313634,28,7,92
1747015040.6663637,-19,-46,44
1747015040.701363,51,0,12
1747015040.7363634,-25,11,162
1747015040.7723634,-9,60,-65
1747015040.8083634,-71,26,40
1747015040.8433633,26,-27,0
1747015040.8793633,18,-59,-15
1747015040.9143634,-1,-21,134
1747015040.9493637,-11,-69,78
1747015040.9843633,74,-43,84
1747015041.020363,22,-17,94
1747015041.056363,-33,-88,84
1747015041.0913634,-77,0,114
1747015041.1273634,16,-47,84
1747015041.1623633,-23,-31,30
1747015041.1973634,19,38,4
1747015041.2323637,8,14,0
1747015041.2683637,-97,52,90
1747015041.3043633,-4,-6,102
1747015041.339363,23,25,76
1747015041.375363,-18,-64,130
1747015041.4103634,-32,-36,60
1747015041.4453633,67,-94,100
1747015041.4803634,11,-24,28
1747015041.5163634,5,67,152
1747015041.5523634,19,17,146
1747015041.5873632,-82,5,6
1747015041.6233633,71,-90,68
1747015041.658363,-32,-6,48
1747015041.6933634,-36,15,66
1747015041.7283633,-87,14,124
1747015041.7643633,18,46,174
1747015041.8003633,38,2,144
1747015041.8353634,-85,20,96
1747015041.8713634,15,12,102
1747015041.9063632,-8,10,76
1747015041.941363,-20,12,-19
1747015041.9763634,32,-23,-5
1747015042.0123634,2,70,78
1747015042.0483634,-11,-11,40
1747015042.0833633,11,-44,108
1747015042.1193633,93,-20,32
1747015042.1543634,9,-70,100
1747015042.1893632,-14,89,124
1747015042.224363,-10,15,28
1747015042.260363,-67,8,80
1747015042.2963634,78,10,50
1747015042.3313634,2,6,14
1747015042.3673637,16,25,168
1747015042.4023633,20,-36,192
1747015042.4373634,-59,-42,78
1747015042.4723637,3,14,64
1747015042.5083632,36,6,104
1747015042.5443633,30,-32,124
1747015042.579363,76,38,-13
1747015042.6153634,-35,4,58
1747015042.6503634,0,-23,60
1747015042.6853633,-7,6,206
1747015042.7203634,-15,-3,46
1747015042.7563634,-35,25,12
1747015042.7923634,-99,47,122
1747015042.8273633,50,7,116
1747015042.8633633,-21,15,20
1747015042.8983634,28,-62,80
1747015042.9333634,-27,55,102
1747015042.9683633,-69,-20,104
1747015043.0043633,-21,-88,28
1747015043.0403633,-13,-58,-23
1747015043.0753634,-17,-15,128
1747015043.1113634,34,-17,66
1747015043.1463633,78,-5,20
1747015043.181363,2,22,16
1747015043.2163634,52,56,94
1747015043.2523634,62,36,52
1747015043.2883637,0,-23,34
1747015043.3233633,-69,-3,78
1747015043.3593633,78,-21,-3
1747015043.3943634,16,-59,72
1747015043.4293633,2,6,-73
1747015043.4653633,16,-1,70
1747015043.500363,-77,-67,2
1747015043.5363634,56,-35,-5
1747015043.5713634,42,91,74
1747015043.6073637,-7,-4,90
1747015043.6423633,64,9,102
1747015043.6773634,8,5,48
1747015043.7133634,26,-32,-9
1747015043.7483633,28,-84,48
1747015043.7843633,-94,31,26
1747015043.8193634,-154,51,94
1747015043.8553634,-54,13,-89
1747015043.8903637,33,1,-5
1747015043.9253633,9,-30,58
1747015043.9613633,-20,-26,-5
1747015043.9963634,23,63,32
1747015044.0323634,-46,47,64
1747015044.0673633,-12,-15,98
1747015044.1033633,-8,-27,4
1747015044.1383634,39,16,40
1747015044.1733634,53,28,148
1747015044.2093637,21,-15,110
1747015044.2443633,-62,-45,94
1747015044.280363,-48,-17,38
1747015044.3153634,7,102,102
1747015044.3513634,-54,-9,8
1747015044.3863633,0,-107,-89
1747015044.4213634,-86,-43,12
1747015044.4573634,23,22,-15
1747015044.4923637,5,36,80
1747015044.5283637,21,14,152
1747015044.5633633,14,19,164
1747015044.599363,-57,-26,56
1747015044.6343634,58,-6,-1
1747015044.6693633,-69,-12,-73
1747015044.7053633,14,26,4
1747015044.7403634,78,-46,98
1747015044.7763634,6,-18,156
1747015044.8113637,-19,31,132
1747015044.8473637,-15,13,10
1747015044.882363,3,51,90
1747015044.9173634,8,-8,98
1747015044.9533634,-27,-26,120
1747015044.9883633,-1,-6,40
1747015045.0243633,10,53,46
1747015045.0593634,-2,-80,140
1747015045.0953634,17,-28,180
1747015045.1303637,-34,-13,-19
1747015045.1653633,7,-48,150
1747015045.201363,79,-32,70
1747015045.2363634,-8,-62,88
1747015045.2723634,31,-59,82
1747015045.3073633,-47,9,-45
1747015045.3423634,-15,13,32
1747015045.3773634,-43,-16,234
1747015045.4133637,120,-38,108
1747015045.4493637,-31,1,82
1747015045.4843633,30,-2,50
1747015045.520363,-26,-41,58
1747015045.5553634,58,-46,54
1747015045.5903633,-3,31,-51
1747015045.625363,-10,48,90
1747015045.6613634,47,11,40
1747015045.6973634,-46,-9,-39
1747015045.7323637,37,64,130
1747015045.7683637,104,-86,16
1747015045.803363,62,15,110
1747015045.8383634,-49,-10,-1
1747015045.8733633,-11,-62,-3
1747015045.9093633,10,25,-9
1747015045.9453633,16,-22,98
1747015045.9803634,52,-84,-45
1747015046.0163634,-31,1,142
1747015046.0513637,14,-40,10
1747015046.0863633,49,-8,152
1747015046.1213634,-70,-36,88
1747015046.1573634,-56,19,118
1747015046.1933634,-4,-48,128
1747015046.2283633,13,-46,34
1747015046.2643633,-48,-46,118
1747015046.2993634,43,-34,56
1747015046.3343637,37,-24,60
1747015046.3693633,-105,-59,82
1747015046.405363,-17,-25,44
1747015046.441363,28,-15,98
1747015046.4763634,-13,12,86
1747015046.5123634,-5,0,16
1747015046.5473633,-37,-5,56
1747015046.5823634,-39,12,124
1747015046.6173637,-35,-25,76
1747015046.6533637,36,10,90
1747015046.6893632,50,55,-27
1747015046.724363,67,-25,162
1747015046.760363,-6,22,80
1747015046.7953634,-41,-15,40
1747015046.8303633,53,45,110
1747015046.8653634,14,-43,90
1747015046.9013634,8,-69,62
1747015046.9373634,3,-14,6
1747015046.9723637,-17,-33,-5
1747015047.0083632,24,-47,-1
1747015047.043363,4,-7,36
1747015047.0783634,68,-26,212
1747015047.1133633,5,-31,110
1747015047.1493633,23,86,-21
1747015047.1853633,-34,70,-41
1747015047.2203634,-14,40,-57
1747015047.2563634,-32,20,42
1747015047.2913637,-17,18,222
1747015047.326363,-21,-61,176
1747015047.3613634,-57,-5,28
1747015047.3973634,-4,-31,70
1747015047.4333634,-16,24,230
1747015047.4683633,85,80,56
1747015047.5043633,-4,17,80
1747015047.5393634,-34,-48,64
1747015047.5743637,-4,-56,48
1747015047.6093633,29,-4,92
1747015047.645363,21,-2,146
1747015047.681363,29,5,92
1747015047.7163634,0,5,328
1747015047.7523634,85,23,-57
1747015047.7873633,-42,19,4
1747015047.8223634,-18,27,46
1747015047.8573637,-53,-20,90
1747015047.8933637,16,-4,-1
1747015047.9293633,-55,-30,70
1747015047.964363,-3,37,10
1747015048.000363,-29,25,50
1747015048.0353634,54,39,-7
1747015048.0703633,26,5,142
1747015048.1053634,-78,-135,54
1747015048.1413634,-72,-89,108
1747015048.1773634,75,-41,-61
1747015048.2123632,-20,-43,54
1747015048.2483633,-48,-7,50
1747015048.283363,-7,11,52
1747015048.3183634,28,13,128
1747015048.3533633,3,-33,188
1747015048.3893633,-32,-69,-79
1747015048.4253633,24,-97,56
1747015048.4603634,24,-2,70
1747015048.4963634,2,-1,144
1747015048.5313632,-35,48,178
1747015048.566363,81,0,140
1747015048.602363,80,-48,-9
1747015048.6373634,-25,47,-31
1747015048.6733634,6,-42,-25
1747015048.7083633,-35,67,188
1747015048.7443633,60,46,66
1747015048.7793634,-15,-25,30
1747015048.8143632,-64,-32,50
1747015048.8503633,-45,-1,146
1747015048.885363,-31,-82,26
1747015048.9213634,56,39,58
1747015048.9563634,16,65,-15
1747015048.9923637,18,-53,84
1747015049.0273633,59,15,104
1747015049.0623634,-27,-25,42
1747015049.0983634,6,-27,60
1747015049.1333632,-3,-3,130
1747015049.1693633,-108,5,22
1747015049.204363,15,31,102
1747015049.2403634,-87,94,150
1747015049.2753634,-21,10,26
1747015049.3103633,34,40,16
1747015049.3463633,-57,39,176
1747015049.3813634,10,39,64
1747015049.4173634,-15,4,122
1747015049.4523633,42,-31,116
1747015049.4883633,-79,59,114
1747015049.5233634,-15,31,100
1747015049.5583634,-35,37,30
1747015049.5943637,-39,-40,134
1747015049.6293633,6,-44,42
1747015049.6653633,-67,11,122
1747015049.7003634,38,13,196
1747015049.7363634,2,11,32
1747015049.7713633,16,-2,34
1747015049.806363,-1,5,70
1747015049.8423634,8,-6,62
1747015049.8773634,24,1,112
1747015049.9133637,94,-36,-1
1747015049.9553633,-76,-16,24
1747015049.9923637,-51,55,18
1747015050.0273633,-15,-70,142
1747015050.0623634,-47,61,-7
1747015050.0983634,-52,-5,64
1747015050.1333632,13,36,-79
1747015050.1693633,37,42,62
1747015050.204363,21,10,64
1747015050.2403634,-56,-53,66
1747015050.2763634,9,-25,102
1747015050.3123634,19,26,78
1747015050.3483634,52,-2,18
1747015050.3833632,-29,13,66
1747015050.418363,42,-12,54
1747015050.454363,0,-24,136
1747015050.4903634,-31,53,150
1747015050.5253634,-40,-83,64
1747015050.5613637,32,16,18
1747015050.5963633,-22,16,50
1747015050.6313634,-33,-40,158
1747015050.6663637,49,-11,-5
1747015050.7023633,-18,22,116
1747015050.7383633,49,4,8
1747015050.7733634,10,-40,16
1747015050.8093634,-18,-1,160
1747015050.8443637,-50,2,112
1747015050.8793633,-28,-71,60
1747015050.9143634,-56,4,106
1747015050.9503634,18,-48,80
1747015050.9863634,-12,-19,134
1747015051.0213633,-52,-47,152
1747015051.0573633,24,-42,-49
1747015051.0923634,8,54,34
1747015051.1273634,-85,41,114
1747015051.1623633,-67,61,12
1747015051.1983633,-33,7,20
1747015051.2343633,26,-14,66
1747015051.2693634,-36,-56,98
1747015051.3053634,-30,25,120
1747015051.3403633,20,48,88
1747015051.375363,40,16,28
1747015051.4103634,12,41,-7
1747015051.4463634,106,28,64
1747015051.4823637,-31,-33,100
1747015051.5173633,-63,-37,108
1747015051.553363,44,10,-35
1747015051.5883634,38,4,66
1747015051.6233633,-25,56,98
1747015051.658363,42,56,-1
1747015051.6943634,-47,-60,68
1747015051.7303634,62,-32,92
1747015051.7653637,-43,-24,136
1747015051.8013637,30,65,24
1747015051.8363633,102,-60,-41
1747015051.8713634,28,-24,20
1747015051.9063632,30,61,-35
1747015051.9423633,63,-90,150
1747015051.9783633,14,-50,42
1747015052.0133634,32,5,44
1747015052.0493634,-23,-4,72
1747015052.0843637,-51,-52,198
1747015052.1193633,-26,33,46
1747015052.1543634,-4,-36,80
1747015052.1903634,-13,-79,200
1747015052.2263634,7,85,122
1747015052.2613633,-73,6,16
1747015052.2973633,-23,1,-1
1747015052.3323634,22,25,76
1747015052.3673637,2,-2,42
1747015052.4023633,-59,-32,-29
1747015052.4383633,52,-60,98
1747015052.474363,20,9,144
1747015052.5093634,-9,1,-15
1747015052.5453634,26,31,20
1747015052.5803633,126,-58,-13
1747015052.6153634,16,-38,-11
1747015052.6503634,55,-34,0
1747015052.6863637,89,-108,72
1747015052.7223637,29,-4,12
1747015052.757363,-22,93,100
1747015052.793363,-85,-6,72
1747015052.8283634,14,59,188
1747015052.8633633,-3,-26,176
1747015052.8983634,44,11,136
1747015052.9343634,-51,-8,120
1747015052.9703634,-34,67,36
1747015053.0053637,62,-44,6
1747015053.0413637,-52,53,56
1747015053.076363,7,35,-17
1747015053.1113634,17,4,208
1747015053.1463633,0,40,40
1747015053.1823633,30,-17,58
1747015053.2183633,-47,58,-51
1747015053.2533634,-17,16,122
1747015053.2893634,-67,-59,78
1747015053.3243637,24,12,174
1747015053.3593633,10,-15,12
1747015053.3943634,-20,-14,102
1747015053.4303634,-15,0,104
1747015053.4663634,12,-69,-29
1747015053.5013633,42,-75,58
1747015053.5373633,-51,6,32
1747015053.5723634,-24,42,130
1747015053.6073637,-10,-33,66
1747015053.6433637,-18,-19,120
1747015053.678363,-18,-53,-55
1747015053.714363,-34,30,36
1747015053.7493634,-30,-43,50
1747015053.7853634,-10,36,62
1747015053.8203633,0,26,144
1747015053.8553634,-49,23,20
1747015053.8913634,5,-6,154
1747015053.9263637,27,-64,140
1747015053.9623632,67,-4,92
1747015053.997363,37,-30,92
1747015054.033363,68,-30,30
1747015054.0683634,-39,3,48
1747015054.1033633,17,-22,172
1747015054.1393633,66,30,116
1747015054.1743634,-13,28,10
1747015054.2103634,56,-53,62
1747015054.2453637,-3,96,126
1747015054.2813632,30,48,30
1747015054.316363,44,-57,76
1747015054.3513634,-45,-17,-37
1747015054.3873634,16,-49,62
1747015054.4223633,38,24,164
1747015054.4583633,42,59,88
1747015054.4933634,49,24,78
1747015054.5293634,-3,-48,-3
1747015054.5643632,2,-36,-25
1747015054.599363,-47,41,46
1747015054.635363,14,17,60
1747015054.6703634,22,-114,40
1747015054.7063634,103,-70,184
1747015054.7413633,28,35,130
1747015054.7773633,-17,-72,-15
1747015054.8123634,-61,-24,178
1747015054.8473637,-15,5,110
1747015054.8833632,16,87,-37
1747015054.918363,-11,-92,150
1747015054.954363,-47,-18,22
1747015054.9893634,18,-4,92
1747015055.0253634,-1,-18,100
1747015055.0603633,48,-5,178
1747015055.0953634,-29,13,30
1747015055.1313634,-39,-92,-81
1747015055.1663637,-24,-46,220
1747015055.2023633,8,-40,116
1747015055.237363,34,-24,-33
1747015055.2733634,-37,1,28
1747015055.3083634,8,30,8
1747015055.3433633,-49,-39,84
1747015055.3793633,-73,5,122
1747015055.4143634,-79,-28,122
1747015055.4503634,-9,69,26
1747015055.4853632,60,19,112
1747015055.520363,-16,-12,80
1747015055.5553634,0,5,106
1747015055.5913634,-67,-54,140
1747015055.6273634,4,33,110
1747015055.6623633,46,1,54
1747015055.6983633,-1,9,-5
1747015055.7333634,21,-36,62
1747015055.7683637,-2,-18,6
1747015055.803363,55,-34,70
1747015055.839363,5,29,82
1747015055.875363,35,-48,42
1747015055.9103634,69,-52,34
1747015055.9463634,17,29,90
1747015055.9813633,3,17,64
1747015056.0163634,83,-30,24
1747015056.0513637,37,97,136
1747015056.0873632,129,32,50
1747015056.1233633,-13,-5,94
1747015056.158363,-31,-83,-73
1747015056.1943634,34,-106,-15
1747015056.2293634,-15,-14,104
1747015056.2643633,58,-34,52
1747015056.2993634,-61,-4,14
1747015056.3353634,-21,-15,58
1747015056.3713634,24,86,12
1747015056.4063632,28,19,16
1747015056.4423633,-84,34,130
1747015056.477363,-110,-21,88
1747015056.5123634,-26,34,-19
1747015056.5473633,-46,-21,88
1747015056.5833633,-58,-50,40
1747015056.6193633,-6,59,152
1747015056.6543634,-36,41,122
1747015056.6903634,38,-38,88
1747015056.7253633,25,22,94
1747015056.760363,28,1,-13
1747015056.7953634,-2,41,-19
1747015056.8313634,-31,15,54
1747015056.8673637,-46,1,70
1747015056.9023633,-50,41,98
1747015056.9383633,0,-4,174
1747015056.9733634,14,-39,92
1747015057.0083632,22,-53,-23
1747015057.043363,83,27,110
1747015057.079363,19,-68,44
1747015057.1153634,-15,-14,66
1747015057.1503634,72,-26,82
1747015057.1863637,52,-40,56
1747015057.2213633,150,27,2
1747015057.2563634,-5,-44,178
1747015057.2913637,-31,-16,102
1747015057.3273633,-17,-10,60
1747015057.3633633,-17,43,140
1747015057.3983634,-33,21,46
1747015057.4343634,-43,-62,128
1747015057.4693637,65,-28,44
1747015057.5043633,96,89,126
1747015057.5393634,7,16,16
1747015057.5753634,21,-83,52
1747015057.6113634,-38,42,114
1747015057.6463633,-8,24,-71
1747015057.6823633,-22,-3,18
1747015057.7173634,-24,55,56
1747015057.7523634,15,9,68
1747015057.7873633,87,15,42
1747015057.8233633,1,17,150
1747015057.8593633,13,-82,92
1747015057.8943634,81,-28,68
1747015057.9303634,41,3,56
1747015057.9653633,81,7,24
1747015058.000363,23,15,30
1747015058.0353634,51,31,-7
1747015058.0713634,35,18,-39
1747015058.1073637,63,-23,136
1747015058.1423633,43,32,-65
1747015058.178363,-26,-9,128
1747015058.2133634,-40,-9,0
1747015058.2483633,-32,28,60
1747015058.283363,-126,-13,98
1747015058.3193634,22,42,72
1747015058.3553634,-52,24,68
1747015058.3903637,61,50,174
1747015058.4263637,-58,26,134
1747015058.4613633,-26,59,152
1747015058.4963634,-28,-46,40
1747015058.5313632,97,33,86
1747015058.5673633,0,17,12
1747015058.6033633,-45,-52,74
1747015058.6383634,70,43,-5
1747015058.6743634,-11,41,-25
1747015058.7093637,-91,31,30
1747015058.7443633,55,-60,76
1747015058.780363,6,-1,72
1747015058.8153634,-7,-22,-49
1747015058.8513634,12,-24,38
1747015058.8863633,-89,8,94
1747015058.9223633,5,-78,98
1747015058.9573634,74,-23,48
1747015058.9923637,36,-86,92
1747015059.0283637,-55,-53,16
1747015059.0633633,11,23,164
1747015059.099363,-57,-48,-75
1747015059.1343634,28,43,-89
1747015059.1703634,-103,33,-25
1747015059.2053633,55,-64,-87
1747015059.2403634,1,17,58
1747015059.2763634,15,31,112
1747015059.3113637,-22,-19,24
1747015059.3473637,-16,-5,66
1747015059.382363,-4,-3,58
1747015059.418363,39,-29,74
1747015059.4533634,79,13,26
1747015059.4883633,75,29,190
1747015059.5243633,15,-45,16
1747015059.5593634,36,-3,68
1747015059.5953634,34,-1,62
1747015059.6303637,16,14,70
1747015059.6663637,8,-33,98
1747015059.701363,104,-35,-3
1747015059.7363634,94,-39,44
1747015059.7723634,-31,8,22
1747015059.8073633,4,36,80
1747015059.8433633,78,-69,68
1747015059.8783634,56,-49,-1
1747015059.9143634,11,26,-7
1747015059.9563634,70,108,50
1747015059.9923637,36,4,230
1747015060.0283637,28,4,66
1747015060.0633633,8,0,62
1747015060.099363,-43,-27,30
1747015060.1343634,-27,-83,114
1747015060.1703634,22,-7,112
1747015060.2053633,42,-51,42
1747015060.2403634,-42,78,38
1747015060.2763634,51,-9,-5
1747015060.3113637,-36,-14,32
1747015060.3473637,-16,-10,-17
1747015060.382363,-75,50,194
1747015060.418363,87,31,120
1747015060.454363,99,-34,-3
1747015060.4903634,9,-52,226
1747015060.5263634,12,15,34
1747015060.5613637,-8,25,-11
1747015060.5963633,9,-36,126
1747015060.632363,-10,9,220
1747015060.668363,48,-10,80
1747015060.7033634,0,-42,46
1747015060.7393634,-10,50,-35
1747015060.7743633,-34,64,100
1747015060.8093634,-8,-1,100
1747015060.8443637,15,38,108
1747015060.8803637,-8,62,110
1747015060.9163637,-3,-43,188
1747015060.951363,-25,17,-25
1747015060.987363,62,-58,68
1747015061.0223634,102,-86,54
1747015061.0573633,51,12,66
1747015061.0923634,-56,-12,126
1747015061.1283634,-17,-17,100
1747015061.1643634,35,-39,-33
1747015061.1993637,-32,16,52
1747015061.2353632,-2,-10,-49
1747015061.270363,9,-17,70
1747015061.3053634,99,44,94
1747015061.3403633,3,4,48
1747015061.3763633,23,-56,44
1747015061.4123633,-60,63,144
1747015061.4473634,6,53,46
1747015061.4833634,-61,5,126
1747015061.5183637,10,3,68
1747015061.553363,-23,-46,140
1747015061.5883634,2,-82,-25
1747015061.6243634,36,-8,28
1747015061.6603634,1,1,6
1747015061.6953633,0,23,86
1747015061.7313633,-25,-18,34
1747015061.7663634,19,-2,-81
1747015061.8013637,-3,-6,44
1747015061.8363633,-23,-32,142
1747015061.872363,124,11,234
1747015061.908363,42,15,10
1747015061.9433634,-43,-30,60
1747015061.9793634,-2,-52,-7
1747015062.0143633,75,19,-63
1747015062.0493634,99,-32,54
1747015062.0843637,-21,85,-23
1747015062.1203637,-17,10,148
1747015062.1563632,-113,94,60
1747015062.191363,-33,-3,120
1747015062.227363,68,-7,16
1747015062.2623634,68,-47,66
1747015062.2973633,11,-62,40
1747015062.3323634,0,-24,10
1747015062.3683634,21,33,50
1747015062.4043634,-110,-12,92
1747015062.4393632,43,-4,132
1747015062.4753633,-40,25,48
1747015062.510363,41,16,74
1747015062.5453634,17,8,112
1747015062.5803633,-80,-59,32
1747015062.6163633,33,14,92
1747015062.6523633,-82,14,54
1747015062.6873634,-17,-2,-69
1747015062.7233634,-1,-36,66
1747015062.7583632,-9,73,-133
1747015062.793363,29,-32,50
1747015062.8283634,-10,-50,78
1747015062.8643634,-22,33,76
1747015062.9003634,43,-38,164
1747015062.9353633,45,-33,72
1747015062.9713633,0,35,-27
1747015063.0063634,5,-16,220
1747015063.0413637,27,19,160
1747015063.076363,111,-36,34
1747015063.112363,24,-6,44
1747015063.1483634,-15,-36,18
1747015063.1833634,57,13,-17
1747015063.2193637,-18,17,24
1747015063.2543633,94,89,122
1747015063.2893634,-14,12,162
1747015063.3243637,-54,76,64
1747015063.3603632,30,-16,92
1747015063.3963633,28,-52,46
1747015063.431363,-64,-49,160
1747015063.4673634,73,-29,-113
1747015063.5023634,-19,-12,34
1747015063.5373633,51,74,214
1747015063.5723634,-83,0,26
1747015063.6083634,6,-16,156
1747015063.6443634,-7,9,-1
1747015063.6793633,25,-10,192
1747015063.7153633,-12,107,68
1747015063.750363,67,-68,14
1747015063.7853634,41,-26,0
1747015063.8213634,-72,-66,58
1747015063.8563633,-34,27,30
1747015063.8923633,0,15,48
1747015063.9273634,0,49,44
1747015063.9633634,-73,-90,52
1747015063.9983633,-43,-50,50
1747015064.033363,-8,-21,24
1747015064.0693634,-19,-64,136
1747015064.1043634,11,-10,168
1747015064.1403637,-36,17,56
1747015064.1753633,13,-20,32
1747015064.2113633,-31,60,192
1747015064.2463634,74,-13,120
1747015064.2813632,3,-52,136
1747015064.3173633,-80,51,76
1747015064.352363,-36,-36,48
1747015064.3883634,13,41,128
1747015064.4233634,1,-38,60
1747015064.4593637,-2,-22,-5
1747015064.4943633,26,14,56
1747015064.5293634,1,9,152
1747015064.5653634,-36,73,118
1747015064.6003633,59,-68,114
1747015064.6363633,61,25,34
1747015064.6713634,84,-53,6
1747015064.7073634,-54,-42,64
1747015064.7423637,26,14,12
1747015064.7773633,6,-35,78
1747015064.8133633,-39,-45,46
1747015064.8483634,-19,74,2
1747015064.8843634,-25,28,52
1747015064.9193633,-11,26,158
1747015064.9553633,-16,43,72
1747015064.9903634,52,0,90
1747015065.0253634,23,-20,-23
1747015065.0613637,-74,-11,-143
1747015065.0963633,44,-13,96
1747015065.132363,-37,-99,104
1747015065.1673634,-49,38,78
1747015065.2033634,-12,-8,128
1747015065.2383633,-88,-10,-7
1747015065.2733634,-22,63,88
1747015065.3093634,69,-3,70
1747015065.3443637,-86,35,136
1747015065.3803637,0,-8,54
1747015065.4153633,35,-6,142
1747015065.451363,0,51,180
1747015065.4863634,-59,-16,194
1747015065.5213633,-57,-36,132
1747015065.5573633,23,1,184
1747015065.5923634,67,-6,6
1747015065.6283634,111,9,-37
1747015065.6633637,59,-30,106
1747015065.6983633,4,-46,-1
1747015065.7333634,-6,1,-65
1747015065.7693634,47,-38,36
1747015065.8053634,-26,-30,36
1747015065.8403633,35,-72,12
1747015065.8763633,25,-2,0
1747015065.9113634,-2,-2,-29
1747015065.9463634,-14,-62,78
1747015065.9813633,-27,-40,130
1747015066.0173633,-51,13,104
1747015066.053363,47,-74,70
1747015066.0883634,65,9,128
1747015066.1243634,63,-46,-5
1747015066.1593633,40,-8,102
1747015066.1943634,26,-66,74
1747015066.2293634,49,-38,54
1747015066.2653637,8,11,-11
1747015066.3013637,0,46,10
1747015066.3363633,-33,18,62
1747015066.372363,-64,-3,-21
1747015066.4073634,26,26,24
1747015066.4423633,-7,24,56
1747015066.477363,96,64,-23
1747015066.5133634,52,4,78
1747015066.5493634,26,42,10
1747015066.5843637,-39,12,90
1747015066.6203637,20,20,-97
1747015066.655363,-46,-10,6
1747015066.6903634,9,-30,102
1747015066.7253633,19,19,22
1747015066.7613633,19,43,110
1747015066.7973633,55,-32,2
1747015066.8323634,19,55,46
1747015066.8683634,-21,2,84
1747015066.9033637,4,-35,-51
1747015066.9383633,5,-2,26
1747015066.9733634,-32,41,42
1747015067.0093634,-24,-56,-9
1747015067.0453634,3,-49,78
1747015067.0803633,25,-36,158
1747015067.1163633,43,9,38
1747015067.1513634,-30,-31,116
1747015067.1863637,-14,-21,98
1747015067.2213633,-26,-6,178
1747015067.257363,63,1,112
1747015067.293363,-55,26,182
1747015067.3283634,-13,20,150
1747015067.3643634,22,28,0
1747015067.3993633,-5,-9,96
1747015067.4343634,-20,38,140
1747015067.4693637,19,0,96
1747015067.5053637,11,60,100
1747015067.5413637,4,-26,66
1747015067.576363,36,45,86
1747015067.612363,-70,-62,114
1747015067.6473634,35,57,200
1747015067.6823633,45,3,32
1747015067.7173634,-2,41,26
1747015067.7533634,-40,-40,20
1747015067.7893634,20,-20,74
1747015067.8243637,86,-16,8
1747015067.8603632,56,5,118
1747015067.895363,-21,-22,-31
1747015067.9303634,-53,1,102
1747015067.9653633,20,-36,162
1747015068.0013633,-25,45,174
1747015068.0373633,10,33,-35
1747015068.0723634,27,-42,28
1747015068.1083634,51,-56,24
1747015068.1433637,14,14,112
1747015068.178363,35,-20,118
1747015068.2133634,59,27,178
1747015068.2493634,-31,48,72
1747015068.2853634,15,-26,0
1747015068.3203633,-143,78,118
1747015068.3563633,18,-43,80
1747015068.3913634,-45,-33,34
1747015068.4263637,47,61,72
1747015068.4613633,24,-17,98
1747015068.497363,-64,-44,0
1747015068.533363,12,50,38
1747015068.5683634,2,-3,6
1747015068.6043634,19,42,6
1747015068.6393633,-3,66,252
1747015068.6743634,-14,-5,102
1747015068.7093637,43,-33,-17
1747015068.7453637,-7,-23,-25
1747015068.7813632,26,-31,68
1747015068.816363,-59,-31,48
1747015068.852363,18,44,172
1747015068.8873634,-81,-15,90
1747015068.9223633,-49,10,-37
1747015068.9583633,-59,18,12
1747015068.9933634,60,42,-13
1747015069.0293634,4,-7,88
1747015069.0643632,22,-61,242
1747015069.1003633,8,-42,-11
1747015069.135363,32,-49,92
1747015069.1703634,20,-13,96
1747015069.2063634,42,-13,56
1747015069.2413633,60,56,56
1747015069.2773633,79,6,42
1747015069.3123634,45,12,152
1747015069.3483634,-16,-14,76
1747015069.3833632,20,10,40
1747015069.418363,-31,38,-3
1747015069.454363,-27,-45,0
1747015069.4893634,25,-37,72
1747015069.5253634,-48,-1,14
1747015069.5603633,-38,-21,108
1747015069.5963633,33,-35,180
1747015069.6313634,0,-6,126
1747015069.6663637,-14,-77,82
1747015069.7023633,-46,19,20
1747015069.737363,-48,60,92
1747015069.7733634,21,14,54
1747015069.8083634,-80,46,-13
1747015069.8443637,9,18,-55
1747015069.8793633,-49,-7,-25
1747015069.9143634,-30,-23,-5
1747015069.9503634,-46,-99,22
1747015069.9923637,40,-43,50
1747015070.0293634,-5,28,42
1747015070.0643632,-23,-57,64
1747015070.1003633,-51,36,78
1747015070.135363,-9,32,106
1747015070.1703634,2,-21,6
1747015070.2063634,-103,-5,-29
1747015070.2413633,10,22,96
1747015070.2773633,-7,-19,76
1747015070.3123634,23,7,78
1747015070.3483634,-10,-60,-13
1747015070.3833632,-10,37,24
1747015070.418363,2,11,4
1747015070.454363,-43,-4,44
1747015070.4893634,-23,3,224
1747015070.5253634,10,-10,58
1747015070.5603633,36,51,194
1747015070.5963633,-7,19,78
1747015070.632363,-61,31,48
1747015070.6673634,8,-12,48
1747015070.7023633,22,13,94
1747015070.7383633,25,-60,20
1747015070.7743633,-24,1,134
1747015070.8093634,-1,-26,100
1747015070.8453634,-37,17,104
1747015070.8803637,-70,-23,128
1747015070.9153633,3,-95,118
1747015070.9503634,19,-17,106
1747015070.9863634,17,44,62
1747015071.0223634,-103,-44,70
1747015071.0573633,30,7,188
1747015071.0933633,-11,-48,-49
1747015071.1283634,-59,27,40
1747015071.1633637,25,-63,34
1747015071.1983633,-7,41,80
1747015071.2343633,4,41,112
1747015071.270363,60,93,-23
1747015071.3053634,-1,5,82
1747015071.3413634,-52,-9,24
1747015071.3763633,-44,-41,68
1747015071.4113634,23,84,52
1747015071.4463634,30,68,80
1747015071.4823637,-30,18,166
1747015071.5183637,30,-18,-57
1747015071.553363,34,44,84
1747015071.589363,-47,-51,160
1747015071.6243634,-15,20,130
1747015071.6593633,2,-83,-1
1747015071.6943634,-45,11,138
1747015071.7303634,75,-24,190
1747015071.7663634,-39,-26,52
1747015071.8013637,16,-36,-7
1747015071.8373632,75,19,40
1747015071.872363,56,0,102
1747015071.9073634,78,14,-35
1747015071.9423633,72,-11,86
1747015071.9783633,106,17,132
1747015072.0143633,-49,-49,136
1747015072.0493634,-41,-24,168
1747015072.0853634,52,-54,-41
1747015072.1203637,-45,-2,150
1747015072.155363,28,-17,116
1747015072.1903634,-13,39,180
1747015072.2263634,54,-6,2
1747015072.2623634,62,0,34
1747015072.2973633,-53,7,114
1747015072.3333633,14,-64,92
1747015072.3683634,-29,-22,34
1747015072.4033637,-7,-16,56
1747015072.4383633,-30,-48,40
1747015072.474363,-4,-4,66
1747015072.510363,-18,42,-3
1747015072.5453634,33,-34,138
1747015072.5813634,-30,-6,114
1747015072.6163633,40,17,8
1747015072.6513634,18,83,166
1747015072.6863637,-27,-48,38
1747015072.7223637,30,7,58
1747015072.7583632,-79,-4,68
1747015072.793363,-72,-48,58
1747015072.829363,-48,17,0
1747015072.8643634,-32,-71,136
1747015072.8993633,-19,-5,140
1747015072.9343634,53,-51,88
1747015072.9703634,2,14,92
1747015073.0063634,-23,62,-19
1747015073.0413637,29,-27,108
1747015073.0773633,50,42,100
1747015073.112363,108,24,34
1747015073.1473634,-51,14,44
1747015073.1823633,30,50,40
1747015073.2183633,-19,24,2
1747015073.2543633,-35,-49,94
1747015073.2893634,-33,-11,-33
1747015073.3253634,-11,6,68
1747015073.3603632,-17,12,226
1747015073.395363,-28,-17,18
1747015073.4303634,-6,32,176
1747015073.4663634,-8,-51,118
1747015073.5023634,20,2,70
1747015073.5373633,-3,-27,50
1747015073.5733633,18,26,76
1747015073.6083634,-86,-76,108
1747015073.6433637,-26,16,138
1747015073.678363,83,-37,52
1747015073.714363,-34,10,88
1747015073.750363,-56,4,80
1747015073.7853634,-14,-26,-27
1747015073.8213634,-20,-10,50
1747015073.8563633,1,8,110
1747015073.8913634,5,30,48
1747015073.9273634,17,18,130
1747015073.9623632,-58,-39,62
1747015073.9983633,-50,27,148
1747015074.033363,17,-70,-41
1747015074.0693634,39,21,156
1747015074.1043634,23,15,122
1747015074.1393633,84,-21,52
1747015074.1753633,52,98,120
1747015074.2103634,-9,2,26
1747015074.2463634,-5,-41,30
1747015074.2813632,-47,72,18
1747015074.3173633,-4,30,-71
1747015074.352363,-84,-41,92
1747015074.3873634,-16,-19,214
1747015074.4233634,-52,30,102
1747015074.4583633,-34,-25,86
1747015074.4943633,-82,-11,48
1747015074.5293634,25,-59,116
1747015074.5653634,64,6,-77
1747015074.6003633,48,66,90
1747015074.635363,26,40,26
1747015074.6713634,-45,6,-115
1747015074.7063634,30,-41,4
1747015074.7423637,60,52,30
1747015074.7773633,-27,26,-33
1747015074.8133633,52,-21,120
1747015074.8483634,-107,8,108
1747015074.8833632,65,36,108
1747015074.9193633,0,6,30
1747015074.954363,59,-18,120
1747015074.9903634,29,-4,38
1747015075.0253634,-60,-76,4
1747015075.0613637,-2,-28,230
1747015075.0963633,-54,7,92
1747015075.1313634,-83,-92,116
1747015075.1673634,-59,0,118
1747015075.2023633,-52,-63,-49
1747015075.2383633,-63,-36,-9
1747015075.2733634,-39,3,72
1747015075.3093634,84,5,76
1747015075.3443637,122,31,140
1747015075.3793633,-14,-26,22
1747015075.4153633,21,21,96
1747015075.4503634,-35,-55,152
1747015075.4863634,42,-107,266
1747015075.5213633,54,70,14
1747015075.5573633,-49,-51,150
1747015075.5923634,-63,95,52
1747015075.6273634,-39,-4,118
1747015075.6633637,-33,-66,142
1747015075.6983633,-5,-78,84
1747015075.7343633,-83,-38,-93
1747015075.7693634,-21,-34,-43
1747015075.8043633,19,-15,110
1747015075.839363,47,-35,68
1747015075.875363,7,-31,102
1747015075.9113634,-9,-1,128
1747015075.9463634,32,24,144
1747015075.9823637,13,45,-13
1747015076.0173633,-86,12,-11
1747015076.0523634,1,16,78
1747015076.0873632,27,23,70
1747015076.1233633,0,9,8
1747015076.1593633,69,-34,30
1747015076.1943634,5,-30,48
1747015076.2303634,-14,-4,54
1747015076.2653637,91,45,146
1747015076.3003633,-30,20,170
1747015076.3353634,-16,8,32
1747015076.3713634,-63,-23,-5
1747015076.4073634,-13,7,-11
1747015076.4423633,-44,-43,-29
1747015076.4783633,-14,0,40
1747015076.5133634,-6,47,24
1747015076.5483634,-72,22,54
1747015076.5833633,47,22,32
1747015076.6193633,-90,50,14
1747015076.655363,-8,48,82
1747015076.6903634,-72,62,98
1747015076.7263634,-16,63,150
1747015076.7613633,44,86,78
1747015076.7963634,-27,14,58
1747015076.8313634,-18,-31,72
1747015076.8673637,-45,76,98
1747015076.9033637,75,-45,148
1747015076.9383633,0,68,126
1747015076.974363,7,-57,58
1747015077.0093634,-35,-21,120
1747015077.0443633,-37,-57,14
1747015077.079363,-2,23,58
1747015077.1153634,-39,-37,166
1747015077.1513634,0,-3,30
1747015077.1863637,-7,-11,76
1747015077.2223637,2,-5,40
1747015077.257363,-24,-5,94
1747015077.2923634,13,14,100
1747015077.3273633,50,19,136
1747015077.3633633,-108,-39,32
1747015077.3993633,-13,-12,-3
1747015077.4343634,40,45,6
1747015077.4703634,-25,136,34
1747015077.5053637,-17,24,-73
1747015077.5403633,-99,2,122
1747015077.5753634,-1,-15,90
1747015077.6113634,-7,2,104
1747015077.6473634,-41,-35,128
1747015077.6823633,2,80,16
1747015077.7183633,36,52,28
1747015077.7533634,2,0,16
1747015077.7883637,55,-23,162
1747015077.8233633,-58,48,10
1747015077.8593633,6,14,-53
1747015077.895363,-19,40,82
1747015077.9303634,-101,-73,196
1747015077.9663634,-61,-11,96
1747015078.0013633,-34,60,82
1747015078.0363634,24,-1,96
1747015078.0713634,9,10,120
1747015078.1073637,-71,-81,64
1747015078.1433637,22,-31,74
1747015078.178363,-23,-53,24
1747015078.214363,-37,-9,80
1747015078.2493634,-84,30,52
1747015078.2843633,15,27,66
1747015078.3193634,-60,-33,154
1747015078.3553634,53,33,68
1747015078.3913634,-58,33,50
1747015078.4263637,-88,1,26
1747015078.4623632,-18,5,60
1747015078.497363,7,-22,-89
1747015078.5323634,-42,9,30
1747015078.5673633,-48,-62,-47
1747015078.6033633,14,-19,142
1747015078.6393633,-77,-95,68
1747015078.6743634,56,-25,142
1747015078.7103634,-73,-65,102
1747015078.7453637,-21,80,74
1747015078.780363,-16,19,86
1747015078.8153634,-42,-44,124
1747015078.8513634,-16,23,186
1747015078.8873634,27,-34,8
1747015078.9223633,41,-60,120
1747015078.9583633,-4,53,96
1747015078.9933634,-90,13,174
1747015079.0283637,46,-91,106
1747015079.0643632,43,-9,64
1747015079.099363,-34,68,68
1747015079.135363,-44,-37,100
1747015079.1703634,107,-57,174
1747015079.2063634,1,10,140
1747015079.2413633,9,4,38
1747015079.2763634,33,46,-33
1747015079.3123634,39,-61,66
1747015079.3473637,3,78,54
1747015079.3833632,45,-21,200
1747015079.418363,-9,-15,38
1747015079.454363,-11,-23,68
1747015079.4893634,-13,20,86
1747015079.5243633,-30,74,94
1747015079.5603633,-46,47,56
1747015079.5953634,31,44,118
1747015079.6313634,101,-8,54
1747015079.6663637,31,23,66
1747015079.7023633,-14,26,124
1747015079.737363,-22,40,-77
1747015079.7723634,8,25,84
1747015079.8083634,-12,11,-23
1747015079.8433633,52,-60,50
1747015079.8793633,28,0,-21
1747015079.9143634,32,-37,78
1747015079.9503634,-78,-49,-57
1747015079.9853632,-24,73,68
1747015080.0273633,80,30,118
1747015080.0643632,-29,-59,64
1747015080.099363,-31,-27,114
1747015080.135363,-4,49,92
1747015080.1703634,39,13,64
1747015080.2063634,7,46,80
1747015080.2413633,55,-63,46
1747015080.2763634,-2,-35,4
1747015080.3123634,121,29,102
1747015080.3473637,87,0,54
1747015080.3833632,-5,18,10
1747015080.418363,34,-45,52
1747015080.454363,0,-32,192
1747015080.4893634,-44,47,38
1747015080.5243633,45,0,10
1747015080.5603633,-12,11,88
1747015080.5953634,35,13,46
1747015080.6313634,-44,9,80
1747015080.6663637,13,53,98
1747015080.7023633,78,-48,84
1747015080.7383633,-51,-18,-11
1747015080.7743633,-20,29,46
1747015080.8103633,0,-16,24
1747015080.8453634,-54,57,46
1747015080.8803637,-16,-58,78
1747015080.9163637,-37,21,102
1747015080.9523633,-5,23,32
1747015080.987363,17,-4,70
1747015081.0233634,16,-30,-51
1747015081.0583634,9,31,84
1747015081.0933633,17,5,72
1747015081.1283634,-22,51,30
1747015081.1643634,13,-58,56
1747015081.2003634,58,-32,-53
1747015081.2353632,-32,-68,34
1747015081.2713633,15,47,118
1747015081.306363,-14,-8,76
1747015081.3413634,41,27,-39
1747015081.3763633,15,-36,152
1747015081.4123633,78,-22,120
1747015081.4483633,12,-32,86
1747015081.4833634,10,-26,-53
1747015081.5193634,73,42,76
1747015081.5543633,79,-57,-19
1747015081.589363,28,-2,-45
1747015081.6243634,-60,-67,122
1747015081.6603634,8,-68,32
1747015081.6963634,-10,-11,30
1747015081.7313633,47,-15,14
1747015081.7673633,42,3,98
1747015081.8023634,12,5,98
1747015081.8373632,-73,-34,110
1747015081.872363,21,10,182
1747015081.908363,84,75,116
1747015081.9443634,16,-87,52
1747015081.9793634,33,8,170
1747015082.0153637,-32,44,-59
1747015082.0503633,-1,23,-7
1747015082.0853634,22,-34,124
1747015082.1203637,36,-14,-23
1747015082.1563632,-11,-78,74
1747015082.1923633,13,-43,142
1747015082.227363,-26,74,144
1747015082.2633634,-55,3,54
1747015082.2983634,-4,-21,140
1747015082.3333633,59,31,-47
1747015082.3683634,103,15,94
1747015082.4043634,39,23,54
1747015082.4403634,-14,-82,116
1747015082.4753633,6,50,-105
1747015082.5113633,90,60,16
1747015082.5463634,-49,14,48
1747015082.5813634,12,-37,112
1747015082.6163633,-37,-29,146
1747015082.6523633,-24,17,38
1747015082.6883633,-58,-16,98
1747015082.7233634,-40,27,-29
1747015082.7593634,0,-54,68
1747015082.7943633,-30,61,-19
1747015082.829363,-18,-6,198
1747015082.8643634,-14,69,29
1747015082.9003634,38,3,43
1747015082.9363637,51,27,17
1747015082.9713633,-10,-10,89
1747015083.007363,-16,19,19
1747015083.0423634,-6,-28,93
1747015083.0773633,-14,-102,-52
1747015083.112363,-12,-6,9
1747015083.1483634,68,32,171
1747015083.1843634,20,72,239
1747015083.2193637,-3,29,0
1747015083.2553637,-3,-56,57
1747015083.2903633,-61,38,47
1747015083.3253634,-65,-38,85
1747015083.3603632,-73,-48,153
1747015083.3963633,-31,38,97
1747015083.4323633,60,-27,125
1747015083.4673634,-31,8,13
1747015083.5033634,38,-63,25
1747015083.5383637,19,-67,65
1747015083.5733633,1,-5,69
1747015083.6083634,9,-24,105
1747015083.6443634,89,61,173
1747015083.6803634,-24,27,121
1747015083.7153633,-8,51,87
1747015083.7513633,41,15,47
1747015083.7863634,29,25,33
1747015083.8213634,-30,-4,93
1747015083.8563633,73,-14,45
1747015083.8923633,59,51,59
1747015083.928363,-12,59,13
1747015083.9633634,84,-26,141
1747015083.9993634,3,24,195
1747015084.0343633,-17,-12,131
1747015084.0693634,74,-39,33
1747015084.1053634,16,2,99
1747015084.1403637,-25,-47,155
1747015084.1763637,46,22,103
1747015084.2113633,-21,-37,117
1747015084.247363,34,5,29
1747015084.2823634,-65,31,57
1747015084.3173633,22,45,77
1747015084.3533633,-58,91,15
1747015084.3883634,3,-33,-2
1747015084.4243634,-59,61,83
1747015084.4593637,-27,-86,41
1747015084.4953637,-42,19,23
1747015084.530363,50,-8,145
1747015084.5653634,-61,-27,125
1747015084.6013634,-49,50,69
1747015084.6363633,-33,-6,113
1747015084.6723633,20,43,25
1747015084.7073634,46,17,39
1747015084.7433634,-85,23,51
1747015084.7783637,-47,23,167
1747015084.8133633,-27,23,157
1747015084.849363,-6,23,71
1747015084.8843634,-9,-28,181
1747015084.9203634,60,27,29
1747015084.9553633,64,28,41
1747015084.9913633,4,82,59
1747015085.0263634,19,0,9
1747015085.0613637,-66,6,33
1747015085.0973637,-22,4,53
1747015085.132363,-75,-59,47
1747015085.168363,82,18,55
1747015085.2033634,-43,-45,139
1747015085.2393634,-37,8,79
1747015085.2743633,-7,-42,37
1747015085.3093634,-14,-63,89
1747015085.3453634,-29,-16,185
1747015085.3803637,78,51,93
1747015085.4163637,-65,29,37
1747015085.451363,58,-60,101
1747015085.487363,-79,27,11
1747015085.5223634,-26,-53,109
1747015085.5573633,9,-19,117
1747015085.5933633,38,-26,39
1747015085.6283634,-12,-33,77
1747015085.6643634,-110,-13,21
1747015085.6993637,-11,45,73
1747015085.7353632,70,-58,275
1747015085.770363,54,-26,81
1747015085.8053634,2,-59,0
1747015085.8413634,-89,-61,101
1747015085.8763633,30,-29,61
1747015085.9123633,6,-15,69
1747015085.9473634,20,42,103
1747015085.9823637,48,44,87
1747015086.0173633,38,-9,129
1747015086.053363,-6,30,-26
1747015086.089363,6,84,23
1747015086.1243634,27,-25,171
1747015086.1603634,-35,8,39
1747015086.1953633,-59,-1,157
1747015086.2303634,42,-19,19
1747015086.2653637,48,56,81
1747015086.3013637,-5,-25,33
1747015086.3373632,-19,-33,19
1747015086.372363,60,-19,153
1747015086.408363,60,32,107
1747015086.4433634,-31,6,115
1747015086.4783633,-5,-4,-24
1747015086.5133634,2,5,109
1747015086.5493634,10,65,23
1747015086.5853634,19,14,187
1747015086.6203637,23,42,101
1747015086.6563632,-74,20,113
1747015086.691363,37,-57,101
1747015086.7263634,61,16,135
1747015086.7613633,23,-59,119
1747015086.7973633,15,14,121
1747015086.8333633,-21,-30,171
1747015086.8683634,14,7,-38
1747015086.9043634,12,-31,65
1747015086.9393632,182,-39,67
1747015086.974363,84,-39,97
1747015087.0093634,52,-57,-46
1747015087.0453634,0,68,-20
1747015087.0813634,-139,-55,137
1747015087.1163633,-29,-11,63
1747015087.1523633,74,12,61
1747015087.1873634,12,4,149
1747015087.2223637,75,-25,115
1747015087.257363,-63,67,57
1747015087.293363,20,3,99
1747015087.329363,-32,-61,63
1747015087.3643634,-40,34,131
1747015087.4003634,51,8,-88
1747015087.4353633,42,32,15
1747015087.4703634,-44,26,5
1747015087.5053637,-3,24,23
1747015087.5413637,68,-11,27
1747015087.5773633,-40,-10,-6
1747015087.612363,-60,-26,77
1747015087.6483634,-32,17,9
1747015087.6833634,98,-34,107
1747015087.7183633,44,-2,91
1747015087.7533634,16,-64,-6
1747015087.7893634,10,-26,51
1747015087.8253634,-7,-72,41
1747015087.8603632,-49,51,1
1747015087.8963633,-23,-34,85
1747015087.931363,41,73,39
1747015087.9663634,-34,-20,33
1747015088.0013633,51,23,121
1747015088.0373633,-1,26,149
1747015088.0733633,5,-2,-12
1747015088.1083634,13,9,-10
1747015088.1443634,3,3,45
1747015088.1793633,-122,65,1
1747015088.214363,-82,-42,83
1747015088.2493634,16,89,101
1747015088.2853634,10,-22,121
1747015088.3213634,-73,-30,45
1747015088.3563633,-3,21,27
1747015088.3923633,26,29,47
1747015088.4273634,-25,1,117
1747015088.4623632,-31,-25,125
1747015088.497363,92,-2,53
1747015088.533363,4,-68,103
1747015088.5693634,32,9,153
1747015088.6043634,0,1,-4
1747015088.6403637,20,35,47
1747015088.6753633,-35,-46,87
1747015088.7103634,24,27,113
1747015088.7453637,24,10,15
1747015088.7813632,47,33,123
1747015088.8173633,-29,-51,37
1747015088.852363,17,-38,127
1747015088.8883634,16,19,123
1747015088.9233634,50,-43,99
1747015088.9583633,26,2,133
1747015088.9933634,-10,21,109
1747015089.0293634,40,0,17
1747015089.0653634,-72,-12,103
1747015089.1003633,-15,-6,81
1747015089.1363633,-13,-59,79
1747015089.1713634,-57,52,77
1747015089.2063634,-27,63,55
1747015089.2423637,-43,-61,75
1747015089.2773633,-3,-69,77
1747015089.3133633,-49,-23,33
1747015089.3483634,29,32,-60
1747015089.3843634,9,-27,9
1747015089.4193633,-104,43,93
1747015089.454363,-10,-16,21
1747015089.4903634,57,-40,109
1747015089.5253634,17,63,83
1747015089.5613637,-16,0,73
1747015089.5963633,-6,23,137
1747015089.632363,-8,-28,47
1747015089.6673634,141,55,35
1747015089.7023633,14,34,27
1747015089.7383633,16,12,-78
1747015089.7733634,-47,-45,13
1747015089.8093634,-31,6,77
1747015089.8443637,-19,51,201
1747015089.8803637,84,75,59
1747015089.9153633,-26,25,95
1747015089.9503634,45,-44,115
1747015089.9863634,-15,-60,63
1747015090.0283637,-21,-40,53
1747015090.0653634,83,-7,83
1747015090.1003633,-22,-3,73
1747015090.1363633,66,-52,77
1747015090.1713634,-51,19,-106
1747015090.2063634,22,-56,41
1747015090.2423637,-97,-46,-10
1747015090.2773633,-21,46,81
1747015090.3133633,57,-52,85
1747015090.3483634,38,-23,37
1747015090.3843634,-17,8,99
1747015090.4193633,21,-29,37
1747015090.454363,2,20,1
1747015090.4903634,9,18,61
1747015090.5253634,18,-2,91
1747015090.5613637,58,-80,51
1747015090.5963633,18,41,15
1747015090.6313634,40,-2,11
1747015090.6663637,91,-82,69
1747015090.7023633,21,55,265
1747015090.7383633,55,0,81
1747015090.7733634,-55,-28,121
1747015090.8093634,70,63,79
1747015090.8443637,56,-22,99
1747015090.8803637,-39,-12,103
1747015090.9163637,-47,5,137
1747015090.951363,60,31,15
1747015090.9863634,-33,-30,23
1747015091.0223634,-1,-70,-6
1747015091.0583634,26,28,141
1747015091.0933633,-77,-23,31
1747015091.1293633,-27,82,83
1747015091.1643634,-8,27,-26
1747015091.2003634,-6,-46,31
1747015091.2363634,52,0,49
1747015091.2713633,23,-24,49
1747015091.306363,-65,-31,11
1747015091.3423634,18,-17,27
1747015091.3783634,-21,-61,51
1747015091.4133637,72,-61,139
1747015091.4493637,16,-71,-26
1747015091.4843633,-3,44,99
1747015091.5193634,-6,37,37
1747015091.5543633,40,0,3
1747015091.5903633,5,27,111
1747015091.6263633,-9,0,189
1747015091.6613634,-65,-33,27
1747015091.6973634,22,-101,37
1747015091.7323637,6,-3,167
1747015091.7673633,-64,47,51
1747015091.8023634,-36,-11,57
1747015091.8383634,-4,5,-32
1747015091.8743634,93,83,3
1747015091.9093633,-4,25,77
1747015091.9453633,101,-5,-58
1747015091.9803634,3,-57,1
1747015092.0153637,5,-25,135
1747015092.0503633,-2,-41,-34
1747015092.0863633,-2,-15,-22
1747015092.122363,11,-37,31
1747015092.1573634,41,15,17
1747015092.1933634,9,-32,129
1747015092.2283633,1,-40,99
1747015092.2633634,-18,-67,77
1747015092.2983634,2,-19,61
1747015092.3343637,5,17,3
1747015092.3703637,8,-19,69
1747015092.405363,-17,34,133
1747015092.441363,-11,-7,61
1747015092.4763634,26,42,117
1747015092.5113633,-3,8,77
1747015092.5463634,-54,53,99
1747015092.5823634,-57,-26,61
1747015092.6183634,6,-82,27
1747015092.6533637,15,-52,-90
1747015092.6893632,-101,-40,85
1747015092.724363,-21,-28,-60
1747015092.7593634,-35,-4,83
1747015092.7943633,-29,29,57
1747015092.8303633,-3,1,33
1747015092.8663633,-39,-22,-74
1747015092.9013634,32,55,57
1747015092.9373634,28,-10,61
1747015092.9723637,56,53,77
1747015093.007363,-39,-15,-26
1747015093.0423634,54,-34,-18
1747015093.0783634,-74,21,67
1747015093.1143634,16,-26,39
1747015093.1493633,-57,11,89
1747015093.1853633,12,19,-20
1747015093.2203634,18,17,-18
1747015093.2553637,69,-27,133
1747015093.2903633,26,-32,-50
1747015093.326363,-21,-10,9
1747015093.362363,-9,-14,-32
1747015093.3973634,-65,-40,165
1747015093.4333634,73,-21,71
1747015093.4683633,69,-53,-42
1747015093.5033634,-84,2,33
1747015093.5383637,-86,-27,-12
1747015093.5743637,84,17,53
1747015093.6103632,-55,1,121
1747015093.645363,40,-60,89
1747015093.681363,46,7,121
1747015093.7163634,-79,59,61
1747015093.7513633,24,-22,-12
1747015093.7863634,47,19,-36
1747015093.8223634,-30,37,3
1747015093.8583634,-4,71,21
1747015093.8933637,-14,-44,-62
1747015093.9293633,-5,-8,-8
1747015093.964363,-11,-16,35
1747015093.9993634,-86,-68,-2
1747015094.0343633,1,-96,123
1747015094.0703633,3,-20,-10
1747015094.1063633,21,-94,31
1747015094.1413634,-31,25,41
1747015094.1773634,-113,-16,43
1747015094.2123632,66,0,-6
1747015094.247363,40,-48,71
1747015094.283363,-17,-8,-64
1747015094.3183634,46,-30,87
1747015094.3543634,-11,23,21
1747015094.3893633,5,-42,113
1747015094.4253633,47,-30,19
1747015094.4603634,-16,7,-40
1747015094.4953637,-16,9,107
1747015094.5313632,-40,25,3
1747015094.566363,71,-52,35
1747015094.602363,-34,-124,141
1747015094.6373634,27,23,133
1747015094.6733634,-46,-9,-56
1747015094.7083633,58,-138,77
1747015094.7433634,22,-8,79
1747015094.7793634,-25,9,83
1747015094.8143632,-2,-43,111
1747015094.8503633,-38,-29,149
1747015094.885363,45,17,185
1747015094.9213634,33,11,163
1747015094.9563634,-92,-32,33
1747015094.9913633,-38,-9,165
1747015095.0273633,-27,-40,159
1747015095.0623634,-63,39,91
1747015095.0983634,14,-18,3
1747015095.1333632,20,57,125
1747015095.1693633,8,-52,51
1747015095.204363,-99,-35,217
1747015095.2393634,-11,-61,13
1747015095.2753634,4,29,-2
1747015095.3103633,-27,-2,95
1747015095.3463633,58,-1,-74
1747015095.3813634,-5,-2,-8
1747015095.4173634,-50,58,7
1747015095.4523633,-31,-22,123
1747015095.487363,4,-46,31
1747015095.5233634,-53,17,65
1747015095.5583634,6,-98,147
1747015095.5943637,-39,-80,-58
1747015095.6293633,-11,17,-40
1747015095.6653633,58,5,79
1747015095.7003634,77,20,109
1747015095.7353632,-36,-32,7
1747015095.7713633,-53,-26,61
1747015095.806363,-37,83,57
1747015095.8423634,36,51,59
1747015095.8773634,-88,88,35
1747015095.9133637,-52,19,159
1747015095.9483633,43,-13,37
1747015095.9833634,12,-68,17
1747015096.0193634,23,0,113
1747015096.0543633,-6,-23,73
1747015096.0903633,-36,-25,37
1747015096.125363,23,-31,-14
1747015096.1603634,-38,-19,97
1747015096.1953633,28,-52,71
1747015096.2313633,-39,19,175
1747015096.2673633,-55,-106,119
1747015096.3023634,-52,-30,127
1747015096.3383634,91,-32,107
1747015096.3733633,17,-6,115
1747015096.408363,-148,-9,115
1747015096.4433634,21,-35,23
1747015096.4793634,-6,57,67
1747015096.5153637,-53,1,153
1747015096.5503633,-23,35,-28
1747015096.5863633,4,45,9
1747015096.6213634,-21,11,79
1747015096.6563632,-31,33,105
1747015096.691363,30,-56,31
1747015096.727363,-47,-78,231
1747015096.7633634,50,0,51
1747015096.7983634,-61,11,135
1747015096.8343637,11,11,111
1747015096.8693633,33,11,3
1747015096.9043634,-62,-2,41
1747015096.9393632,-62,-4,-4
1747015096.9753633,12,-13,89
1747015097.0113633,-7,-33,-82
1747015097.0463634,-9,-15,27
1747015097.0823634,16,-6,93
1747015097.1173637,14,37,-96
1747015097.1523633,-41,-52,47
1747015097.1873634,-9,-8,-12
1747015097.2233634,-33,53,15
1747015097.2593634,-19,-52,85
1747015097.2943633,-34,59,47
1747015097.3303633,-53,75,-4
1747015097.3653634,4,-28,51
1747015097.4003634,-27,-62,121
1747015097.4353633,32,13,81
1747015097.4713633,32,47,85
1747015097.507363,-17,43,-2
1747015097.5423634,35,-11,55
1747015097.5783634,44,-36,5
1747015097.6133633,23,0,83
1747015097.6483634,-25,-18,93
1747015097.6833634,-11,77,129
1747015097.7193637,10,-8,27
1747015097.7553637,-72,-50,171
1747015097.7903633,24,-32,117
1747015097.826363,58,45,117
1747015097.8613634,-81,45,95
1747015097.8963633,21,-3,81
1747015097.931363,9,-63,87
1747015097.9673634,-47,-48,175
1747015098.0033634,56,-2,73
1747015098.0383637,-43,43,191
1747015098.0743637,6,-82,133
1747015098.1093633,22,24,65
1747015098.1443634,36,39,35
1747015098.1793633,43,-92,143
1747015098.2153633,37,29,17
1747015098.2513633,47,-22,135
1747015098.2863634,-49,-12,-28
1747015098.3223634,-81,0,17
1747015098.3573637,-40,-64,181
1747015098.3923633,-76,43,31
1747015098.4273634,51,1,95
1747015098.4633634,-34,-30,-72
1747015098.4993634,-106,37,0
1747015098.5343633,-36,-76,1
1747015098.5703633,-70,-26,27
1747015098.6053634,23,-14,245
1747015098.6403637,-26,-30,-50
1747015098.6753633,25,15,61
1747015098.7113633,-54,-38,151
1747015098.747363,97,24,-14
1747015098.7823634,-84,-21,113
1747015098.8183634,21,-75,127
1747015098.8533633,-66,-77,109
1747015098.8883634,-2,28,-106
1747015098.9233634,47,86,27
1747015098.9593637,-38,26,37
1747015098.9953637,-42,26,137
1747015099.030363,74,-20,117
1747015099.066363,23,4,25
1747015099.1013634,16,57,47
1747015099.1363633,14,7,59
1747015099.1713634,-7,55,45
1747015099.2073634,9,-97,81
1747015099.2433634,47,-7,55
1747015099.2783637,25,-53,95
1747015099.3143632,118,51,73
1747015099.349363,-35,4,13
1747015099.3843634,-49,23,115
1747015099.4203634,-11,2,37
1747015099.4553633,-27,5,-6
1747015099.4913633,-29,-59,-8
1747015099.5263634,-46,10,31
1747015099.5623634,15,14,-36
1747015099.5973637,-13,-6,-14
1747015099.632363,48,37,3
1747015099.668363,-121,-9,47
1747015099.7033634,-43,6,111
1747015099.7393634,40,98,131
1747015099.7743633,-65,26,39
1747015099.8103633,60,-31,161
1747015099.8453634,-61,18,5
1747015099.8803637,100,54,63
1747015099.9163637,-79,-53,9
1747015099.951363,27,-3,167
1747015099.987363,-89,-57,57
1747015100.0293634,4,-95,97
1747015100.066363,-25,73,-70
1747015100.1013634,90,-7,-54
1747015100.1363633,52,37,87
1747015100.1723633,70,21,133
1747015100.2073634,42,17,-30
1747015100.2433634,-27,19,93
1747015100.2783637,72,-28,165
1747015100.3143632,18,65,-10
1747015100.349363,-69,-34,9
1747015100.3843634,-45,-24,69
1747015100.4203634,61,-88,75
1747015100.4553633,-48,11,203
1747015100.4913633,5,-40,97
1747015100.5263634,-17,19,35
1747015100.5623634,-16,47,-80
1747015100.5973637,11,67,127
1747015100.632363,-30,-28,33
1747015100.668363,41,-58,145
1747015100.7033634,23,-2,17
1747015100.7393634,-59,80,69
1747015100.7743633,-114,-12,67
1747015100.8103633,-4,52,61
1747015100.8453634,-28,-5,7
1747015100.8803637,-62,-29,239
1747015100.9163637,21,16,29
1747015100.951363,-42,-17,53
1747015100.987363,-60,26,91
1747015101.0223634,-46,-100,65
1747015101.0583634,-21,34,17
1747015101.0943637,64,20,169
1747015101.1303637,-69,40,33
1747015101.1663637,0,58,77
1747015101.201363,-2,0,-4
1747015101.2363634,4,46,27
1747015101.2723634,-38,4,-42
1747015101.3083634,47,63,99
1747015101.3433633,25,-41,3
1747015101.3793633,7,-7,9
1747015101.4143634,5,38,-66
1747015101.4493637,-38,-23,3
1747015101.4843633,-26,12,39
1747015101.520363,-11,11,81
1747015101.556363,60,85,101
1747015101.5913634,74,83,83
1747015101.6273634,-65,83,3
1747015101.6623633,42,3,-18
1747015101.6973634,0,-30,85
1747015101.7323637,62,-84,-4
1747015101.7683637,-25,3,-20
1747015101.8043633,84,-44,93
1747015101.839363,52,-46,111
1747015101.875363,50,-18,109
1747015101.9103634,-15,31,179
1747015101.9453633,15,18,39
1747015101.9803634,-20,-50,55
1747015102.0163634,15,9,7
1747015102.0523634,29,27,105
1747015102.0873632,-70,3,-16
1747015102.1233633,47,21,-20
1747015102.158363,21,-9,75
1747015102.1933634,5,42,141
1747015102.2283633,23,0,123
1747015102.2643633,83,20,155
1747015102.3003633,-26,-43,67
1747015102.3353634,74,-9,191
1747015102.3713634,-9,-3,129
1747015102.4063632,-31,-7,-2
1747015102.441363,68,-101,99
1747015102.4763634,-5,36,-78
1747015102.5123634,80,22,171
1747015102.5483634,-29,-109,69
1747015102.5833633,-65,20,65
1747015102.6193633,14,82,89
1747015102.6543634,-57,-66,63
1747015102.6893632,-1,-18,-2
1747015102.724363,-83,-54,123
1747015102.760363,32,-4,51
1747015102.7963634,10,-51,81
1747015102.8313634,26,-49,-16
1747015102.8673637,-15,-49,17
1747015102.9023633,26,-53,111
1747015102.9373634,0,-55,47
1747015102.9723637,32,0,103
1747015103.0083632,-5,64,-22
1747015103.0443633,-7,130,-20
1747015103.079363,38,-51,151
1747015103.1153634,-53,-27,89
1747015103.1503634,28,-19,-36
1747015103.1853633,-23,12,171
1747015103.2203634,34,26,169
1747015103.2563634,40,34,-14
1747015103.2923634,-60,-2,-8
1747015103.3273633,-10,-1,165
1747015103.3633633,34,-21,77
1747015103.3983634,-35,8,95
1747015103.4333634,39,35,61
1747015103.4683633,-18,40,-2
1747015103.5043633,-50,-7,11
1747015103.5403633,129,48,19
1747015103.5753634,-36,-57,123
1747015103.6113634,-54,44,125
1747015103.6463633,-64,-31,9
1747015103.681363,54,51,91
1747015103.7163634,-36,-43,75
1747015103.7523634,21,-9,1
1747015103.7883637,31,12,61
1747015103.8233633,-24,-13,109
1747015103.8593633,37,8,17
1747015103.8943634,4,21,15
1747015103.9293633,57,29,113
1747015103.964363,-98,32,117
1747015104.000363,83,-54,115
1747015104.0363634,9,-20,37
1747015104.0713634,-6,49,127
1747015104.1073637,-68,25,11
1747015104.1423633,-1,23,133
1747015104.1773634,-3,-42,25
1747015104.2123632,-17,41,23
1747015104.2483633,-37,1,161
1747015104.2843633,-15,-2,41
1747015104.3193634,67,-125,113
1747015104.3553634,-62,-59,115
1747015104.3903637,-32,10,-10
1747015104.4253633,5,-89,-16
1747015104.4613633,43,16,63
1747015104.4963634,3,-69,81
1747015104.5323634,37,-77,129
1747015104.5673633,73,-3,103
1747015104.6033633,-34,18,87
1747015104.6383634,67,-19,157
1747015104.6733634,-12,-89,135
1747015104.7093637,-2,5,119
1747015104.7443633,-20,9,151
1747015104.780363,-18,3,-76
1747015104.8153634,-8,15,-54
1747015104.8513634,13,27,-38
1747015104.8863633,19,35,85
1747015104.9213634,-34,-40,17
1747015104.9573634,-28,-14,101
1747015104.9923637,-37,-2,-48
1747015105.0283637,-51,-16,97
1747015105.0633633,7,-35,149
1747015105.099363,59,-45,67
1747015105.1343634,-44,-92,-66
1747015105.1693633,3,-7,-30
1747015105.2053633,44,-76,9
1747015105.2403634,54,3,185
1747015105.2763634,-46,0,115
1747015105.3113637,43,-8,153
1747015105.3473637,-108,-40,123
1747015105.382363,22,-26,-6
1747015105.4173634,-33,73,95
1747015105.4533634,73,-11,73
1747015105.4883633,-28,-18,149
1747015105.5243633,32,1,53
1747015105.5593634,68,-42,45
1747015105.5953634,-65,7,111
1747015105.6303637,-4,3,-14
1747015105.6653633,35,46,-10
1747015105.701363,-42,11,47
1747015105.7363634,5,-68,121
1747015105.7723634,23,-14,37
1747015105.8073633,-22,-56,-12
1747015105.8433633,8,27,97
1747015105.8783634,-22,-26,107
1747015105.9133637,73,19,55
1747015105.9493637,61,75,41
1747015105.9843633,-69,-55,-34
1747015106.020363,-70,13,3
1747015106.0553634,23,3,-18
1747015106.0913634,-4,7,133
1747015106.1273634,24,64,-14
1747015106.1633637,9,-70,9
1747015106.1993637,-1,36,147
1747015106.2343633,25,-19,43
1747015106.2693634,25,35,117
1747015106.3053634,-4,17,43
1747015106.3413634,-28,-6,-24
1747015106.3763633,53,-6,41
1747015106.4123633,-48,-8,215
1747015106.4473634,-80,19,-42
1747015106.4823637,43,-32,199
1747015106.5173633,-76,37,63
1747015106.553363,9,62,25
1747015106.589363,-56,-6,37
1747015106.6243634,-86,-13,121
1747015106.6603634,-18,78,211
1747015106.6953633,11,-14,85
1747015106.7303634,17,37,-48
1747015106.7653637,-102,-22,79
1747015106.8013637,-4,9,99
1747015106.8373632,-11,-38,-20
1747015106.872363,31,-54,127
1747015106.908363,-46,-24,29
1747015106.9433634,43,51,103
1747015106.9783633,57,-16,73
1747015107.0133634,3,-38,131
1747015107.0493634,8,5,77
1747015107.0853634,-41,13,157
1747015107.1203637,-1,19,99
1747015107.1563632,-3,-32,127
1747015107.191363,-33,-18,-50
1747015107.2263634,-21,-6,27
1747015107.2613633,56,29,155
1747015107.2973633,-9,7,-10
1747015107.3333633,-5,-76,121
1747015107.3683634,2,19,143
1747015107.4043634,14,3,95
1747015107.4393632,-91,-8,53
1747015107.474363,-37,13,115
1747015107.5093634,-64,3,85
1747015107.5453634,3,-10,9
1747015107.5813634,33,0,15
1747015107.6163633,3,-19,57
1747015107.6523633,-16,49,41
1747015107.6873634,-22,57,9
1747015107.7223637,25,61,61
1747015107.757363,103,-78,43
1747015107.793363,19,-10,29
1747015107.829363,-28,11,9
1747015107.8643634,-14,5,-10
1747015107.9003634,43,-22,35
1747015107.9353633,37,3,-78
1747015107.9703634,27,-92,123
1747015108.0053637,13,-21,83
1747015108.0413637,35,0,0
1747015108.0773633,9,-10,53
1747015108.112363,-24,-84,125
1747015108.1483634,-16,-44,-46
1747015108.1833634,-20,-10,23
1747015108.2183633,-52,27,-26
1747015108.2533634,-50,2,151
1747015108.2893634,55,-17,-12
1747015108.3253634,1,-38,11
1747015108.3603632,-4,7,109
1747015108.3963633,-10,19,143
1747015108.431363,-12,43,49
1747015108.4663634,-33,72,107
1747015108.5013633,30,18,209
1747015108.5373633,-11,-38,-88
1747015108.5733633,50,13,5
1747015108.6083634,-33,-8,117
1747015108.6443634,-9,1,137
1747015108.6793633,-9,39,103
1747015108.714363,90,-2,61
1747015108.7493634,30,-32,115
1747015108.7853634,-29,-74,71
1747015108.8213634,-7,-8,17
1747015108.8563633,-27,-30,71
1747015108.8923633,38,-14,63
1747015108.9273634,28,-10,203
1747015108.9623632,-55,45,141
1747015108.997363,-49,16,177
1747015109.033363,10,-34,119
1747015109.0693634,8,23,179
1747015109.1043634,22,-4,13
1747015109.1403637,22,-16,-108
1747015109.1753633,50,23,139
1747015109.2103634,-15,-26,99
1747015109.2453637,66,-2,35
1747015109.2813632,-19,53,17
1747015109.3173633,56,35,189
1747015109.352363,-49,-40,-6
1747015109.3883634,-32,55,75
1747015109.4233634,34,-16,85
1747015109.4583633,46,-32,147
1747015109.4943633,-44,3,103
1747015109.5293634,-4,13,-6
1747015109.5653634,85,41,153
1747015109.6003633,9,9,173
1747015109.6363633,93,37,35
1747015109.6713634,-24,-72,131
1747015109.7063634,-78,-6,-2
1747015109.7423637,-8,13,-8
1747015109.7773633,11,-32,137
1747015109.8133633,-10,-28,125
1747015109.8483634,23,47,137
1747015109.8843634,-54,-22,103
1747015109.9193633,41,-18,145
1747015109.954363,23,-4,125
1747015109.9903634,5,-26,47
1747015110.0323634,28,-5,171
1747015110.0693634,1,-58,25
1747015110.1043634,13,-64,121
1747015110.1403637,-60,-57,31
1747015110.1753633,43,22,63
1747015110.2103634,-70,-59,77
1747015110.2463634,7,-47,27
1747015110.2813632,-6,51,135
1747015110.3173633,123,-45,63
1747015110.352363,29,-33,59
1747015110.3883634,-84,16,81
1747015110.4233634,33,22,11
1747015110.4583633,-13,0,135
1747015110.4943633,22,0,25
1747015110.5293634,8,-9,143
1747015110.5653634,-79,-48,127
1747015110.6003633,-27,72,-12
1747015110.6363633,52,60,0
1747015110.6713634,82,64,63
1747015110.7063634,114,5,-2
1747015110.7423637,26,21,67
1747015110.7773633,14,-16,5
1747015110.8133633,0,-110,15
1747015110.8483634,13,52,105
1747015110.8843634,23,-65,177
1747015110.9193633,-44,-7,195
1747015110.954363,67,-52,211
1747015110.9903634,35,21,-30
1747015111.0253634,-2,1,123
1747015111.0613637,8,15,95
1747015111.0963633,22,-30,39
1747015111.1313634,-15,-6,97
1747015111.1663637,-23,35,105
1747015111.2023633,-99,-48,-4
1747015111.2383633,58,-24,91
1747015111.2733634,4,3,7
1747015111.3093634,-27,-18,-116
1747015111.3443637,-61,-6,105
1747015111.3793633,32,50,187
1747015111.4143634,22,-29,11
1747015111.4503634,-23,72,27
1747015111.4863634,-21,69,151
1747015111.5213633,54,55,89
1747015111.5573633,20,-33,197
1747015111.5923634,-40,11,33
1747015111.6273634,-114,7,143
1747015111.6623633,22,-10,99
1747015111.6983633,-48,-2,105
1747015111.7343633,-29,3,31
1747015111.7693634,-6,-88,99
1747015111.8053634,6,0,41
1747015111.8403633,-7,30,45
1747015111.875363,5,-8,147
1747015111.9103634,64,24,-40
1747015111.9463634,-105,-19,73
1747015111.9823637,72,-35,43
1747015112.0173633,4,30,27
1747015112.053363,8,52,17
1747015112.0883634,-13,-17,-16
1747015112.1233633,-133,34,153
1747015112.158363,32,-25,29
1747015112.1943634,-37,-31,25
1747015112.2303634,27,40,111
1747015112.2653637,9,-29,53
1747015112.3013637,-30,20,71
1747015112.3363633,-80,64,-52
1747015112.3713634,-24,-37,75
1747015112.4063632,-21,-4,89
1747015112.4423633,0,26,115
1747015112.4783633,-63,-49,101
1747015112.5133634,26,34,43
1747015112.5493634,31,52,-12
1747015112.5843637,64,-101,13
1747015112.6193633,93,2,77
1747015112.6543634,2,-71,28
1747015112.6903634,-5,-49,-165
1747015112.7263634,-6,30,74
1747015112.7613633,6,51,4
1747015112.7973633,14,-44,134
1747015112.8323634,-15,-1,20
1747015112.8673637,2,-21,78
1747015112.9023633,-55,-21,2
1747015112.9383633,41,-4,61
1747015112.974363,-24,23,150
1747015113.0093634,83,45,82
1747015113.0453634,-94,-140,70
1747015113.0803633,-23,-66,67
1747015113.1153634,12,-42,91
1747015113.1503634,20,-20,141
1747015113.1863637,68,-6,11
1747015113.2223637,18,-42,129
1747015113.257363,20,-14,67
1747015113.293363,94,25,50
1747015113.3283634,-23,7,124
1747015113.3633633,32,75,104
1747015113.3983634,125,45,94
1747015113.4343634,-47,-62,42
1747015113.4703634,-42,-40,130
1747015113.5053637,34,-69,59
1747015113.5413637,79,11,-65
1747015113.576363,75,-18,90
1747015113.6113634,10,-11,92
1747015113.6463633,-4,77,30
1747015113.6823633,64,-2,58
1747015113.7183633,1,53,49
1747015113.7533634,12,25,63
1747015113.7893634,18,-10,43
1747015113.8243637,43,35,207
1747015113.8593633,9,21,11
1747015113.8943634,-18,-14,-92
1747015113.9303634,-25,-119,39
1747015113.9663634,-65,-35,45
1747015114.0013633,4,17,103
1747015114.0373633,-33,-46,125
1747015114.0723634,4,19,61
1747015114.1073637,-107,7,7
1747015114.1423633,-40,-14,129
1747015114.178363,-31,-15,75
1747015114.214363,14,3,169
1747015114.2493634,-79,73,33
1747015114.2853634,-21,47,185
1747015114.3203633,-27,-62,55
1747015114.3553634,48,-22,49
1747015114.3903637,0,-52,119
1747015114.4263637,-21,-60,76
1747015114.4623632,48,-82,168
1747015114.497363,8,1,38
1747015114.533363,2,33,122
1747015114.5683634,-13,-8,30
1747015114.6033633,52,-92,38
1747015114.6393633,64,-46,26
1747015114.6743634,7,-34,94
1747015114.7103634,-34,-12,16
1747015114.7453637,-73,9,94
1747015114.7813632,35,-76,130
1747015114.816363,91,-36,107
1747015114.8513634,43,45,101
1747015114.8873634,11,-10,132
1747015114.9223633,-36,53,73
1747015114.9583633,63,-26,53
1747015114.9933634,18,-12,101
1747015115.0293634,-16,-13,61
1747015115.0643632,-27,19,39
1747015115.099363,-16,17,129
1747015115.135363,89,5,-8
1747015115.1703634,1,-12,-134
1747015115.2063634,-20,7,55
1747015115.2413633,-6,-58,-20
1747015115.2773633,-56,51,-18
1747015115.3123634,37,-69,51
1747015115.3473637,33,1,-46
1747015115.3833632,-6,7,79
1747015115.418363,35,-28,-24
1747015115.454363,25,77,195
1747015115.4893634,85,21,29
1747015115.5253634,75,46,45
1747015115.5613637,45,69,144
1747015115.5973637,-32,-18,76
1747015115.632363,23,4,206
1747015115.6693633,17,13,-46
1747015115.704363,14,-26,61
1747015115.7393634,-80,6,51
1747015115.7753634,25,-27,141
1747015115.8103633,49,32,155
1747015115.8463633,-80,-45,141
1747015115.8813634,49,-35,79
1747015115.9173634,-28,-76,-50
1747015115.9523633,75,-14,91
1747015115.987363,21,-76,231
1747015116.0233634,95,45,191
1747015116.0583634,-8,61,-30
1747015116.0943637,1,23,29
1747015116.1293633,79,1,24
1747015116.1653633,30,-3,6
1747015116.2003634,-11,-43,104
1747015116.2353632,3,15,16
1747015116.2713633,-20,14,39
1747015116.306363,-100,12,73
1747015116.3423634,-45,-22,-28
1747015116.3773634,12,21,189
1747015116.4123633,-11,-48,41
1747015116.4473634,-5,-28,43
1747015116.4833634,-9,-8,75
1747015116.5193634,36,-10,105
1747015116.5543633,32,3,153
1747015116.5903633,52,23,36
1747015116.625363,4,13,71
1747015116.6603634,-37,11,23
1747015116.6953633,-9,-26,63
1747015116.7313633,66,-30,39
1747015116.7673633,-35,-34,67
1747015116.8023634,38,-10,103
1747015116.8383634,14,43,75
1747015116.8733633,58,-25,133
1747015116.908363,55,-30,23
1747015116.9433634,30,3,103
1747015116.9793634,40,17,0
1747015117.0153637,39,17,33
1747015117.0503633,34,-42,43
1747015117.0863633,-16,75,95
1747015117.1213634,-36,-52,81
1747015117.1563632,3,-16,119
1747015117.191363,-43,-21,-14
1747015117.227363,24,-10,23
1747015117.2633634,30,4,20
1747015117.2983634,56,20,-29
1747015117.3343637,-33,-13,12
1747015117.3693633,-54,-12,80
1747015117.4043634,-65,-5,64
1747015117.4393632,-7,-10,98
1747015117.4753633,14,-32,46
1747015117.5113633,62,-50,-80
1747015117.5463634,9,50,137
1747015117.5823634,-14,28,99
1747015117.6173637,11,-7,-44
1747015117.6523633,48,-11,49
1747015117.6873634,83,54,87
1747015117.7233634,11,12,121
1747015117.7593634,-11,8,134
1747015117.7943633,-67,2,8
1747015117.8303633,79,-26,43
1747015117.8653634,1,-48,184
1747015117.9003634,-1,8,-3
1747015117.9353633,-27,46,48
1747015117.9713633,100,-9,76
1747015118.007363,138,-31,142
1747015118.0423634,47,-2,104
1747015118.0783634,48,-15,101
1747015118.1133633,-43,108,33
1747015118.1483634,-27,26,-14
1747015118.1833634,18,-67,3
1747015118.2193637,-17,-74,-62
1747015118.2553637,-49,79,-13
1747015118.2903633,-15,-52,-25
1747015118.326363,32,0,16
1747015118.3613634,9,4,150
1747015118.3963633,-6,70,38
1747015118.431363,6,43,117
1747015118.4673634,81,36,43
1747015118.5033634,29,-21,125
1747015118.5383637,-64,73,71
1747015118.5743637,1,57,57
1747015118.6093633,-30,3,103
1747015118.6443634,15,15,273
1747015118.6793633,-12,-64,70
1747015118.7153633,-50,-8,46
1747015118.7513633,-37,-33,76
1747015118.7863634,0,2,122
1747015118.8223634,49,-9,100
1747015118.8573637,42,18,125
1747015118.8923633,24,10,126
1747015118.9273634,18,-33,-31
1747015118.9633634,58,-33,86
1747015118.9993634,-26,-5,76
1747015119.0343633,-6,-25,28
1747015119.0703633,-30,-83,148
1747015119.1053634,64,30,-89
1747015119.1403637,44,8,72
1747015119.1753633,9,-29,55
1747015119.2113633,34,34,139
1747015119.247363,-95,34,183
1747015119.2823634,6,16,77
1747015119.3183634,-8,-20,109
1747015119.3533633,-49,46,-48
1747015119.3883634,-48,11,-40
1747015119.4233634,7,-36,81
1747015119.4593637,-26,-36,55
1747015119.4953637,39,-42,-57
1747015119.530363,-26,-8,10
1747015119.566363,-2,-4,26
1747015119.6013634,45,-41,182
1747015119.6363633,-24,50,134
1747015119.6723633,-74,-57,106
1747015119.7073634,38,-41,100
1747015119.7433634,-37,74,146
1747015119.7783637,24,-1,-41
1747015119.8143632,-19,-11,102
1747015119.849363,-73,8,196
1747015119.8843634,24,-63,158
1747015119.9203634,94,0,12
1747015119.9553633,-33,-21,8
1747015119.9913633,82,60,0
1747015120.033363,46,-68,-3
1747015120.0703633,-47,25,44
1747015120.1053634,-95,29,90
1747015120.1403637,-19,0,104
1747015120.1763637,11,-60,212
1747015120.2113633,52,-72,126
1747015120.247363,86,-22,30
1747015120.2823634,16,85,50
1747015120.3183634,-33,2,-45
1747015120.3533633,-20,13,-9
1747015120.3883634,-51,-48,104
1747015120.4243634,22,-16,-59
1747015120.4593637,29,-68,32
1747015120.4953637,17,47,138
1747015120.530363,-30,-10,108
1747015120.566363,-28,-28,21
1747015120.6013634,53,27,9
1747015120.6363633,19,7,131
1747015120.6723633,23,69,121
1747015120.7073634,35,-34,103
1747015120.7433634,29,-28,-10
1747015120.7783637,41,31,13
1747015120.8143632,-8,-23,59
1747015120.849363,-16,-49,64
1747015120.8843634,-63,41,2
1747015120.9203634,71,20,-93
1747015120.9553633,46,-10,-3
1747015120.9913633,27,14,85
1747015121.0263634,78,27,132
1747015121.0623634,46,0,-63
1747015121.0973637,56,58,62
1747015121.132363,-49,4,38
1747015121.168363,-25,34,95
1747015121.2033634,-74,20,-6
1747015121.2393634,-30,34,58
1747015121.2743633,89,10,125
1747015121.3103633,-35,-24,47
1747015121.3463633,14,-2,61
1747015121.3813634,82,27,117
1747015121.4163637,18,-30,61
1747015121.4523633,24,31,115
1747015121.4883633,-43,-74,155
1747015121.5233634,-19,49,135
1747015121.5593634,38,-10,155
1747015121.5943637,-3,-24,-152
1747015121.6293633,10,31,-20
1747015121.6643634,2,15,149
1747015121.7003634,10,-36,-24
1747015121.7363634,-5,-2,57
1747015121.7713633,48,37,7
1747015121.8073633,-22,-22,199
1747015121.8423634,-20,1,151
1747015121.8773634,54,-27,93
1747015121.9123633,-77,-89,33
1747015121.9483633,-11,-69,51
1747015121.9843633,-67,-91,41
1747015122.0193634,31,24,30
1747015122.0553634,35,40,98
1747015122.0903633,-6,44,6
1747015122.125363,60,8,8
1747015122.1603634,0,13,104
1747015122.1963634,-72,-49,204
1747015122.2323637,-26,-10,174
1747015122.2673633,-14,14,-3
1747015122.303363,0,-15,21
1747015122.3383634,13,12,-88
1747015122.3733633,71,-29,143
1747015122.408363,41,-59,153
1747015122.4443634,-28,24,99
1747015122.4803634,31,50,111
1747015122.5153637,-50,-115,-16
1747015122.5513637,-70,56,51
1747015122.5863633,-30,-33,5
1747015122.6213634,-2,-8,25
1747015122.6563632,-16,-38,103
1747015122.6923633,25,107,173
1747015122.7283633,84,-1,95
1747015122.7633634,-7,-17,73
1747015122.7993634,47,-1,65
1747015122.8343637,37,58,66
1747015122.8693633,55,-27,24
1747015122.9043634,21,-15,90
1747015122.9403634,-36,-59,-31
1747015122.9763634,11,-101,58
1747015123.0113633,1,-7,-71
1747015123.0473633,-20,76,-111
1747015123.0823634,59,36,114
1747015123.1173637,1,-59,74
1747015123.1523633,37,-15,123
1747015123.1883633,12,-25,84
1747015123.224363,18,14,152
1747015123.2593634,64,-5,75
1747015123.2953634,32,26,160
1747015123.3303633,-31,-43,-24
1747015123.3653634,88,0,55
1747015123.4003634,53,6,51
1747015123.4363637,0,-9,-2
1747015123.4723637,5,70,91
1747015123.507363,21,32,111
1747015123.543363,13,-37,159
1747015123.5783634,-6,12,37
1747015123.6133633,-52,-9,127
1747015123.6483634,-40,-17,109
1747015123.6843634,19,34,85
1747015123.7203634,81,10,95
1747015123.7553637,-8,34,81
1747015123.7913637,-32,12,87
1747015123.826363,-29,-73,61
1747015123.8613634,53,38,55
1747015123.8963633,-62,-9,19
1747015123.9323633,29,-1,15
1747015123.9683633,-2,-13,79
1747015124.0033634,-18,-33,15
1747015124.0393634,-16,-29,64
1747015124.0743637,-8,44,-19
1747015124.1093633,41,-5,86
1747015124.1443634,-2,-19,50
1747015124.1803634,3,40,44
1747015124.2163634,-10,-113,100
1747015124.2513633,41,36,128
1747015124.2873633,5,-105,38
1747015124.3223634,-88,38,-46
1747015124.3573637,-22,6,56
1747015124.3923633,1,-21,183
1747015124.428363,19,-7,89
1747015124.464363,33,26,83
1747015124.4993634,33,30,7
1747015124.5353634,28,51,75
1747015124.5703633,8,-88,-6
1747015124.6053634,74,-32,78
1747015124.6413634,50,-20,-1
1747015124.6763637,-61,-20,134
1747015124.7123632,30,15,40
1747015124.747363,-25,-46,154
1747015124.783363,150,32,28
1747015124.8183634,96,-80,47
1747015124.8533633,-29,-8,20
1747015124.8893633,100,-44,-73
1747015124.9243634,84,19,28
1747015124.9603634,12,-17,80
1747015124.9953637,35,18,84
1747015125.0313632,-48,-7,7
1747015125.066363,19,-35,124
1747015125.1013634,97,28,174
1747015125.1373634,-2,2,86
1747015125.1723633,-6,2,-17
1747015125.2083633,38,7,40
1747015125.2433634,-19,19,122
1747015125.2793634,2,-102,36
1747015125.3143632,16,-68,36
1747015125.349363,0,-13,-33
1747015125.385363,31,-41,124
1747015125.4203634,53,36,149
1747015125.4563634,-81,-60,76
1747015125.4913633,-9,33,148
1747015125.5273633,-33,33,109
1747015125.5623634,-15,57,197
1747015125.5973637,-5,-28,8
1747015125.6333632,-28,31,-2
1747015125.668363,-59,3,86
1747015125.704363,-21,-50,122
1747015125.7393634,2,-30,100
1747015125.7743633,-25,-15,103
1747015125.8093634,28,-38,137
1747015125.8453634,13,-26,125
1747015125.8813634,20,-6,77
1747015125.9163637,82,-48,117
1747015125.9523633,20,-12,-44
1747015125.987363,-109,21,155
1747015126.0233634,-33,11,53
1747015126.0583634,20,0,109
1747015126.0933633,-7,0,153
1747015126.1293633,-43,49,-2
1747015126.1643634,-53,-38,17
1747015126.2003634,0,-66,-4
1747015126.2353632,25,-30,123
1747015126.2713633,-9,21,53
1747015126.306363,-51,7,-46
1747015126.3413634,78,-20,71
1747015126.3773634,63,-47,-2
1747015126.4123633,22,-54,45
1747015126.4483633,-32,-3,-66
1747015126.4833634,-57,-46,24
1747015126.5193634,20,-36,178
1747015126.5553634,-46,-63,86
1747015126.5903633,51,-37,168
1747015126.625363,91,34,66
1747015126.6613634,-30,57,34
1747015126.6973634,40,8,128
1747015126.7323637,-18,-6,100
1747015126.7683637,-15,48,12
1747015126.803363,36,22,58
1747015126.8383634,-11,38,-9
1747015126.8733633,20,-7,46
1747015126.9093633,66,8,5
1747015126.9453633,14,64,111
1747015126.9803634,14,24,96
1747015127.0163634,-43,22,32
1747015127.0513637,27,37,47
1747015127.0863633,69,-4,93
1747015127.1213634,-8,-22,61
1747015127.1573634,-28,-54,0
1747015127.1933634,-56,3,181
1747015127.2283633,-64,-44,10
1747015127.2643633,-6,45,137
1747015127.2993634,21,-30,103
1747015127.3343637,5,26,137
1747015127.3693633,46,21,85
1747015127.405363,4,59,15
1747015127.441363,-52,-21,97
1747015127.4763634,-137,12,79
1747015127.5123634,44,8,58
1747015127.5473633,-23,-43,-57
1747015127.5823634,44,48,104
1747015127.6173637,-42,-80,-51
1747015127.6533637,33,43,118
1747015127.6893632,53,-28,62
1747015127.724363,37,47,90
1747015127.760363,37,8,132
1747015127.7953634,21,-1,107
1747015127.8303633,-44,-81,10
1747015127.8653634,103,6,26
1747015127.9013634,70,20,182
1747015127.9373634,71,-15,61
1747015127.9723637,-55,4,15
1747015128.0083632,7,97,-34
1747015128.043363,-106,-48,1
1747015128.0783634,55,-35,113
1747015128.1133633,44,-81,193
1747015128.1493633,-12,-53,186
1747015128.1853633,-32,22,138
1747015128.2203634,-43,16,74
1747015128.2563634,-22,48,54
1747015128.2913637,61,-29,68
1747015128.326363,-23,12,30
1747015128.3613634,18,134,102
1747015128.3973634,10,26,2
1747015128.4333634,-66,-44,81
1747015128.4683633,-64,-58,-4
1747015128.5043633,97,-12,-2
1747015128.5393634,66,75,159
1747015128.5743637,6,51,121
1747015128.6093633,-49,-22,82
1747015128.645363,28,-26,13
1747015128.681363,26,-8,0
1747015128.7163634,53,-78,-60
1747015128.7523634,117,-8,43
1747015128.7873633,60,28,89
1747015128.8223634,57,-73,111
1747015128.8573637,-42,-11,161
1747015128.8933637,3,-5,1
1747015128.9293633,70,50,102
1747015128.964363,3,13,56
1747015129.000363,-84,7,132
1747015129.0353634,-12,-34,84
1747015129.0703633,20,58,72
1747015129.1053634,-31,4,68
1747015129.1413634,34,90,2
1747015129.1773634,24,-47,129
1747015129.2123632,-50,26,61
1747015129.2483633,-8,112,25
1747015129.283363,1,-15,59
1747015129.3183634,49,22,191
1747015129.3533633,-28,26,31
1747015129.3893633,-64,-34,69
1747015129.4253633,-16,6,47
1747015129.4603634,89,98,78
1747015129.4963634,-1,-1,8
1747015129.5313632,50,16,116
1747015129.566363,-33,-171,82
1747015129.6013634,-25,2,114
1747015129.6373634,39,-29,-35
1747015129.6733634,20,56,68
1747015129.7083633,-25,-31,129
1747015129.7443633,-76,2,14
1747015129.7793634,40,52,-62
1747015129.8143632,-79,-67,114
1747015129.8503633,-68,-47,-8
1747015129.885363,-30,64,75
1747015129.9213634,63,2,3
1747015129.9563634,75,34,38
1747015129.9923637,60,6,96
1747015130.0343633,20,34,52
1747015130.0703633,-31,-31,-35
1747015130.1063633,-55,24,46
1747015130.1413634,28,-17,34
1747015130.1773634,4,-37,136
1747015130.2123632,4,-41,62
1747015130.2483633,6,14,42
1747015130.283363,56,-52,104
1747015130.3183634,2,-33,34
1747015130.3543634,42,14,18
1747015130.3893633,-23,16,122
1747015130.4253633,-50,34,192
1747015130.4603634,21,-25,22
1747015130.4963634,10,-42,89
1747015130.5313632,-65,29,113
1747015130.566363,-49,-8,109
1747015130.602363,73,-81,-18
1747015130.6373634,90,10,93
1747015130.6733634,-63,-13,3
1747015130.7083633,33,14,11
1747015130.7443633,-34,-47,33
1747015130.7793634,24,42,151
1747015130.8143632,-24,-35,101
1747015130.8503633,28,50,-22
1747015130.885363,-60,-5,-14
1747015130.9213634,-82,1,133
1747015130.9563634,0,48,121
1747015130.9923637,-47,0,26
1747015131.0273633,29,30,30
1747015131.0623634,-70,31,92
1747015131.0983634,-21,8,-9
1747015131.1333632,-35,2,90
1747015131.1693633,35,-11,42
1747015131.204363,35,-7,-27
1747015131.2403634,96,55,82
1747015131.2753634,18,-15,-19
1747015131.3103633,56,42,-25
1747015131.3463633,-7,20,226
1747015131.3813634,-69,52,42
1747015131.4173634,-70,-27,122
1747015131.4523633,11,72,196
1747015131.4883633,-14,6,-27
1747015131.5243633,39,-37,-45
1747015131.5603633,-60,16,48
1747015131.5963633,-79,-35,0
1747015131.6313634,-104,-61,70
1747015131.6663637,85,34,106
1747015131.7023633,-20,60,-17
1747015131.7383633,58,-19,30
1747015131.7733634,83,38,36
1747015131.8093634,-71,-22,-19
1747015131.8443637,-19,-42,74
1747015131.8793633,-37,-69,44
1747015131.9143634,22,46,94
1747015131.9503634,36,-73,40
1747015131.9863634,0,-12,64
1747015132.0213633,-58,-25,172
1747015132.0573633,-17,-35,12
1747015132.0923634,-9,57,-75
1747015132.1273634,-46,-6,158
1747015132.1623633,21,9,67
1747015132.1983633,-32,-62,93
1747015132.2343633,-48,-46,73
1747015132.2693634,-14,-31,23
1747015132.3053634,-24,8,-28
1747015132.3403633,-28,-3,3
1747015132.375363,-24,48,141
1747015132.4103634,-49,11,33
1747015132.4463634,120,-28,23
1747015132.4823637,-28,-9,45
1747015132.5173633,-54,68,-108
1747015132.553363,-6,16,165
1747015132.5883634,32,53,55
1747015132.6233633,9,20,77
1747015132.658363,-38,-25,173
1747015132.6943634,-18,0,121
1747015132.7303634,38,65,29
1747015132.7653637,-67,-40,87
1747015132.8013637,104,21,113
1747015132.8363633,-46,20,165
1747015132.8713634,-17,1,139
1747015132.9063632,-37,0,-24
1747015132.9423633,0,-56,35
1747015132.9783633,100,29,105
1747015133.0133634,18,33,103
1747015133.0493634,72,36,3
1747015133.0843637,-49,0,6
1747015133.1193633,62,-13,150
1747015133.1543634,92,0,114
1747015133.1903634,20,0,69
1747015133.2263634,30,56,57
1747015133.2613633,-39,-59,0
1747015133.2973633,-17,-33,47
1747015133.3323634,8,-10,49
1747015133.3673637,-75,-32,77
1747015133.4023633,-57,33,21
1747015133.4383633,36,107,121
1747015133.474363,-9,27,207
1747015133.5093634,-27,-54,-18
1747015133.5453634,73,60,-5
1747015133.5803633,17,-25,50
1747015133.6153634,29,40,138
1747015133.6503634,7,12,142
1747015133.6863637,-50,11,10
1747015133.7223637,43,-14,166
1747015133.757363,21,64,66
1747015133.793363,51,0,58
1747015133.8283634,-60,-23,-21
1747015133.8633633,-40,-13,6
1747015133.8983634,-48,58,46
1747015133.9343634,103,14,68
1747015133.9703634,-18,44,52
1747015134.0053637,-72,-35,84
1747015134.0413637,1,8,70
1747015134.076363,-60,32,-111
1747015134.1113634,-36,36,164
1747015134.1463633,25,-67,2
1747015134.1823633,12,-31,-47
1747015134.2183633,8,30,170
1747015134.2533634,-55,-27,62
1747015134.2893634,-3,-9,78
1747015134.3243637,24,-25,62
1747015134.3593633,10,-9,22
1747015134.3943634,16,40,99
1747015134.4303634,-61,28,28
1747015134.4663634,-17,73,1
1747015134.5013633,44,100,46
1747015134.5373633,28,8,116
1747015134.5723634,14,-1,162
1747015134.6073637,-3,-35,6
1747015134.6423633,10,42,100
1747015134.678363,48,-47,15
1747015134.714363,-6,1,136
1747015134.7493634,-24,57,196
1747015134.7853634,75,-2,18
1747015134.8203633,29,39,152
1747015134.8553634,34,-11,30
1747015134.8913634,28,-7,86
1747015134.9263637,34,-21,48
1747015134.9623632,136,-75,16
1747015134.997363,29,-2,104
1747015135.033363,-46,31,84
1747015135.0683634,41,-68,100
1747015135.1033633,46,66,56
1747015135.1393633,45,-64,18
1747015135.1743634,-44,-24,246
1747015135.2103634,55,-48,108
1747015135.2453637,3,9,18
1747015135.2813632,32,-65,32
1747015135.316363,42,-33,124
1747015135.3513634,-55,-31,38
1747015135.3873634,4,16,-75
1747015135.4223633,-27,-27,110
1747015135.4583633,-53,-5,-11
1747015135.4933634,-17,-71,132
1747015135.5293634,153,7,2
1747015135.5643632,-26,12,74
1747015135.599363,-38,-7,68
1747015135.635363,113,24,108
1747015135.6703634,-9,16,166
1747015135.7063634,30,-47,52
1747015135.7413633,-47,8,48
1747015135.7773633,-41,78,2
1747015135.8123634,15,-33,86
1747015135.8473637,5,0,112
1747015135.8833632,5,-57,47
1747015135.918363,-23,65,47
1747015135.954363,-9,-8,-2
1747015135.9893634,-25,-70,5
1747015136.0243633,-12,16,-6
1747015136.0593634,53,37,123
1747015136.0953634,2,41,49
1747015136.1313634,-84,20,75
1747015136.1663637,20,3,167
1747015136.2023633,-91,-36,1
1747015136.237363,23,32,83
1747015136.2733634,9,-39,47
1747015136.3083634,-68,58,19
1747015136.3433633,1,4,79
1747015136.3793633,-104,42,-42
1747015136.4143634,-10,-11,119
1747015136.4503634,1,-15,107
1747015136.4853632,-62,-25,38
1747015136.5213633,-46,36,73
1747015136.556363,-34,6,105
1747015136.5913634,0,-9,87
1747015136.6273634,-4,-83,9
1747015136.6623633,37,36,123
1747015136.6983633,-30,6,89
1747015136.7333634,-22,-7,128
1747015136.7683637,25,-43,-14
1747015136.803363,-6,-15,-20
1747015136.839363,-34,4,60
1747015136.875363,48,-66,32
1747015136.9103634,-1,-46,131
1747015136.9463634,-36,-96,92
1747015136.9813633,-91,-22,128
1747015137.0163634,36,-22,122
1747015137.0513637,-107,-10,2
1747015137.0873632,18,17,132
1747015137.1233633,58,-4,68
1747015137.158363,44,-16,92
1747015137.1943634,-61,-30,82
1747015137.2293634,-17,-59,44
1747015137.2643633,-46,-60,188
1747015137.2993634,5,19,60
1747015137.3353634,5,-54,124
1747015137.3713634,-24,91,62
1747015137.4063632,65,-126,104
1747015137.4423633,-35,-2,64
1747015137.477363,83,36,28
1747015137.5123634,39,10,86
1747015137.5473633,-24,-1,16
1747015137.5833633,43,-5,92
1747015137.6193633,11,-33,166
1747015137.6543634,-46,18,-97
1747015137.6903634,5,14,109
1747015137.7253633,-4,-9,69
1747015137.760363,-36,20,21
1747015137.7953634,-28,-36,151
1747015137.8313634,-32,-9,35
1747015137.8673637,-80,6,67
1747015137.9023633,-28,42,73
1747015137.9383633,49,-39,76
1747015137.9733634,59,30,78
1747015138.0083632,-16,-51,130
1747015138.043363,-80,-7,80
1747015138.079363,89,52,116
1747015138.1153634,44,0,70
1747015138.1503634,2,-31,85
1747015138.1863637,14,-29,24
1747015138.2213633,22,24,76
1747015138.2563634,-70,20,-5
1747015138.2913637,-15,-3,35
1747015138.3273633,32,-41,32
1747015138.3633633,-1,-57,64
1747015138.3983634,106,80,44
1747015138.4343634,42,16,40
1747015138.4693637,-26,-14,168
1747015138.5043633,30,-30,14
1747015138.5393634,-14,33,106
1747015138.5753634,-18,-14,146
1747015138.6113634,-30,23,16
1747015138.6463633,41,13,40
1747015138.6823633,-32,29,12
1747015138.7173634,-28,9,88
1747015138.7523634,25,-38,152
1747015138.7873633,34,30,80
1747015138.8233633,12,8,102
1747015138.8593633,10,-3,-35
1747015138.8943634,-10,-29,36
1747015138.9303634,67,80,70
1747015138.9653633,25,-45,12
1747015139.000363,-18,40,112
1747015139.0353634,-26,-6,54
1747015139.0713634,25,-31,20
1747015139.1073637,-90,-127,0
1747015139.1423633,39,66,95
1747015139.178363,-24,-31,23
1747015139.2133634,39,-72,69
1747015139.2483633,-16,-34,103
1747015139.283363,-30,60,5
1747015139.3193634,5,21,57
1747015139.3553634,-68,36,-34
1747015139.3903637,5,84,29
1747015139.4263637,-10,-53,21
1747015139.4613633,-2,9,93
1747015139.4963634,-66,9,15
1747015139.5313632,39,49,-38
1747015139.5673633,-18,-7,105
1747015139.6033633,34,47,35
1747015139.6383634,-70,-1,20
1747015139.6743634,-18,-10,34
1747015139.7093637,-50,75,-11
1747015139.7443633,5,1,188
1747015139.7793634,25,-30,88
1747015139.8153634,-48,-42,112
1747015139.8513634,0,49,48
1747015139.8863633,-18,-31,120
1747015139.9223633,-36,37,98
1747015139.9573634,35,-36,-46
1747015139.9923637,-64,1,69
1747015140.0283637,7,73,131
1747015140.0703633,2,-13,43
1747015140.1073637,22,33,-42
1747015140.1423633,-43,13,127
1747015140.178363,-37,-6,105
1747015140.2133634,37,-14,180
1747015140.2483633,9,55,78
1747015140.2843633,-42,-10,108
1747015140.3193634,85,-34,34
1747015140.3553634,-58,-14,38
1747015140.3903637,133,3,124
1747015140.4263637,-6,-2,48
1747015140.4613633,-44,-10,54
1747015140.4963634,51,-56,162
1747015140.5323634,57,-38,16
1747015140.5673633,-48,-106,-19
1747015140.6033633,5,91,-49
1747015140.6383634,-52,-58,-55
1747015140.6743634,-54,-2,32
1747015140.7093637,71,-36,46
1747015140.7443633,-20,-21,38
1747015140.780363,55,9,-73
1747015140.8153634,100,-69,104
1747015140.8513634,-2,-32,16
1747015140.8863633,-63,-79,78
1747015140.9223633,-38,1,-5
1747015140.9573634,-14,13,136
1747015140.9923637,-4,-12,190
1747015141.0283637,-18,63,130
1747015141.0633633,-20,13,78
1747015141.099363,25,13,137
1747015141.1343634,-6,-12,182
1747015141.1703634,-124,37,44
1747015141.2053633,23,17,58
1747015141.2403634,7,-32,-37
1747015141.2763634,53,25,162
1747015141.3113637,53,9,18
1747015141.3473637,20,25,24
1747015141.382363,38,17,128
1747015141.418363,-25,-10,46
1747015141.4533634,-28,29,52
1747015141.4883633,99,-16,112
1747015141.5243633,-42,15,88
1747015141.5593634,27,-56,-103
1747015141.5953634,-10,37,16
1747015141.6303637,39,1,102
1747015141.6663637,39,-14,14
1747015141.7023633,-6,13,86
1747015141.7383633,-28,-1,37
1747015141.7743633,-11,-56,41
1747015141.8093634,-2,-7,95
1747015141.8443637,-32,12,55
1747015141.8803637,-28,8,13
1747015141.9163637,-46,102,44
1747015141.951363,0,-41,52
1747015141.987363,-46,54,-33
1747015142.0223634,-1,-34,64
1747015142.0573633,4,-81,126
1747015142.0923634,14,37,14
1747015142.1283634,10,0,52
1747015142.1643634,4,29,60
1747015142.1993637,32,43,-55
1747015142.2353632,8,-62,120
1747015142.270363,-107,21,66
1747015142.3053634,-91,-22,2
1747015142.3403633,16,-6,68
1747015142.3763633,102,-4,26
1747015142.4123633,-25,-10,-19
1747015142.4473634,-55,27,42
1747015142.4833634,-22,59,136
1747015142.5183637,-73,-2,10
1747015142.553363,33,-70,40
1747015142.5883634,-47,-11,58
1747015142.6243634,102,-5,76
1747015142.6603634,18,-83,100
1747015142.6953633,77,-32,-55
1747015142.7313633,83,-10,64
1747015142.7663634,43,25,-55
1747015142.8013637,33,147,-29
1747015142.8363633,-40,5,88
1747015142.872363,43,21,-33
1747015142.908363,12,4,146
1747015142.9433634,-56,37,64
1747015142.9793634,-49,63,154
1747015143.0143633,-71,49,-11
1747015143.0493634,56,-22,158
1747015143.0843637,-42,-26,7
1747015143.1203637,22,-24,104
1747015143.1563632,14,-40,57
1747015143.191363,-57,57,52
1747015143.227363,-61,13,141
1747015143.2623634,-11,63,-45
1747015143.2973633,-81,-84,166
1747015143.3323634,32,29,90
1747015143.3683634,-31,71,-11
1747015143.4043634,74,-98,-15
1747015143.4393632,4,21,-21
1747015143.4753633,142,37,162
1747015143.510363,36,-38,182
1747015143.5453634,42,-20,168
1747015143.5803633,-6,13,54
1747015143.6163633,36,-6,82
1747015143.6523633,23,-44,40
1747015143.6873634,59,69,20
1747015143.7233634,101,-28,34
1747015143.7583632,-68,-94,142
1747015143.793363,-3,-17,92
1747015143.8283634,-38,23,86
1747015143.8643634,60,-32,20
1747015143.9003634,-1,-67,88
1747015143.9353633,35,-49,8
1747015143.9713633,66,12,138
1747015144.0063634,-16,-65,170
1747015144.0413637,-58,-49,-85
1747015144.076363,27,-27,108
1747015144.112363,39,-14,116
1747015144.1483634,21,-18,56
1747015144.1833634,-15,38,46
1747015144.2193637,52,8,84
1747015144.2543633,-11,14,170
1747015144.2893634,34,-9,78
1747015144.3253634,36,-5,122
1747015144.3603632,-17,-5,144
1747015144.3963633,-9,-19,32
1747015144.431363,14,54,104
1747015144.4673634,54,8,166
1747015144.5023634,76,-65,28
1747015144.5373633,-69,-107,88
1747015144.5723634,0,120,52
1747015144.6083634,26,-3,140
1747015144.6443634,1,-115,124
1747015144.6793633,27,-99,42
1747015144.7153633,30,0,60
1747015144.750363,26,4,38
1747015144.7853634,80,38,-39
1747015144.8203633,-11,76,180
1747015144.8563633,52,-47,-13
1747015144.8923633,26,48,148
1747015144.9273634,-41,-19,92
1747015144.9633634,-33,-19,-89
1747015144.9983633,0,-1,64
1747015145.033363,56,-27,34
1747015145.0693634,-33,-56,-7
1747015145.1043634,24,-37,58
1747015145.1403637,-29,67,-61
1747015145.1753633,28,33,-3
1747015145.2113633,-16,68,120
1747015145.2463634,-36,48,154
1747015145.2813632,-4,37,96
1747015145.3173633,-42,-9,68
1747015145.352363,-14,36,16
1747015145.3883634,15,-19,88
1747015145.4233634,10,0,130
1747015145.4593637,-33,-53,12
1747015145.4943633,-11,34,74
1747015145.5293634,6,-53,10
1747015145.5653634,34,20,102
1747015145.6003633,-21,56,114
1747015145.6363633,4,-13,28
1747015145.6713634,-9,39,120
1747015145.7073634,82,52,48
1747015145.7423637,70,66,154
1747015145.7773633,-1,78,12
1747015145.8133633,20,-5,108
1747015145.8483634,4,54,124
1747015145.8843634,4,-33,80
1747015145.9193633,-91,2,110
1747015145.9553633,20,-45,60
1747015145.9903634,-49,18,128
1747015146.0253634,-73,-59,10
1747015146.0613637,30,72,88
1747015146.0963633,-25,64,88
1747015146.132363,-26,-35,10
1747015146.1673634,-20,-27,10
1747015146.2033634,-20,-7,108
1747015146.2383633,-6,62,12
1747015146.2733634,35,13,88
1747015146.3093634,53,-54,-13
1747015146.3443637,5,-50,180
1747015146.3803637,27,29,8
1747015146.4153633,11,3,66
1747015146.451363,-13,10,54
1747015146.4863634,4,18,-11
1747015146.5213633,8,4,118
1747015146.5573633,14,-45,106
1747015146.5923634,-20,60,4
1747015146.6283634,79,-5,-45
1747015146.6633637,-19,76,12
1747015146.6993637,64,-13,-23
1747015146.7343633,42,56,74
1747015146.7693634,64,-39,242
1747015146.8053634,-20,48,74
1747015146.8403633,-8,-73,124
1747015146.8763633,21,-35,106
1747015146.9113634,37,-23,128
1747015146.9463634,57,4,94
1747015146.9813633,83,-60,-27
1747015147.0173633,92,61,122
1747015147.053363,102,21,112
1747015147.0883634,48,-70,2
1747015147.1243634,2,96,18
1747015147.1593633,-58,24,90
1747015147.1943634,13,94,138
1747015147.2293634,-7,64,4
1747015147.2653637,-55,4,-61
1747015147.3013637,-6,45,-17
1747015147.3363633,17,51,-9
1747015147.372363,29,-4,138
1747015147.4073634,53,15,92
1747015147.4423633,-44,-10,48
1747015147.477363,26,34,38
1747015147.5133634,-17,18,38
1747015147.5493634,2,-77,10
1747015147.5843637,-19,44,138
1747015147.6203637,-27,-1,26
1747015147.655363,18,56,122
1747015147.6903634,82,-29,34
1747015147.7253633,68,-55,108
1747015147.7613633,-41,-3,58
1747015147.7973633,8,-3,126
1747015147.8323634,44,0,82
1747015147.8683634,-76,3,12
1747015147.9033637,-40,-50,156
1747015147.9383633,67,71,-9
1747015147.9733634,-6,19,52
1747015148.0093634,-41,24,-9
1747015148.0453634,18,-15,30
1747015148.0803633,-79,-23,82
1747015148.1163633,9,77,-3
1747015148.1513634,53,-74,118
1747015148.1863637,-36,6,98
1747015148.2213633,-48,116,-27
1747015148.257363,74,-21,68
1747015148.293363,-24,-24,-19
1747015148.3283634,11,-5,172
1747015148.3643634,-66,48,92
1747015148.3993633,43,4,148
1747015148.4343634,23,16,142
1747015148.4693637,-2,-47,78
1747015148.5053637,-74,82,112
1747015148.5413637,-42,24,-15
1747015148.576363,-12,-41,78
1747015148.612363,27,38,22
1747015148.6473634,9,62,226
1747015148.6823633,-4,-57,84
1747015148.7173634,-42,0,112
1747015148.7533634,31,-4,102
1747015148.7893634,43,63,42
1747015148.8243637,-82,-18,106
1747015148.8603632,-12,-5,142
1747015148.895363,71,-46,198
1747015148.9303634,-34,-17,138
1747015148.9653633,-93,9,74
1747015149.0013633,10,1,114
1747015149.0373633,-83,7,72
1747015149.0723634,-46,-91,-3
1747015149.1083634,51,48,-47
1747015149.1433637,11,48,-55
1747015149.178363,-20,18,60
1747015149.2133634,3,44,-37
1747015149.2493634,-33,0,-87
1747015149.2853634,10,-44,52
1747015149.3203633,-73,23,90
1747015149.3563633,11,38,28
1747015149.3913634,-23,2,-19
1747015149.4263637,2,-79,44
1747015149.4613633,-53,47,60
1747015149.497363,26,-26,90
1747015149.533363,10,11,84
1747015149.5683634,42,-6,108
1747015149.6043634,-11,-18,40
1747015149.6393633,-55,39,160
1747015149.6743634,18,17,56
1747015149.7093637,16,-34,26
1747015149.7453637,-89,-103,224
1747015149.7813632,-68,24,20
1747015149.816363,-44,-63,84
1747015149.852363,-66,76,120
1747015149.8873634,93,-49,56
1747015149.9223633,-6,-55,-3
1747015149.9573634,-26,13,62
1747015149.9933634,19,19,-5
1747015150.0293634,-44,-22,98
1747015150.0713634,17,16,-5
1747015150.1083634,43,-57,58
1747015150.1433637,-54,-29,-59
1747015150.178363,-114,31,108
1747015150.214363,-192,0,80
1747015150.2493634,-2,73,14
1747015150.2853634,45,11,74
1747015150.3203633,-8,-52,122
1747015150.3563633,-4,-28,54
1747015150.3913634,41,-20,-23
1747015150.4263637,0,19,74
1747015150.4623632,39,43,160
1747015150.497363,-21,-57,-15
1747015150.533363,-31,-39,78
1747015150.5683634,6,-55,124
1747015150.6043634,18,-33,8
1747015150.6393633,-93,8,148
1747015150.6743634,-31,62,74
1747015150.7103634,49,-56,14
1747015150.7453637,41,13,138
1747015150.7813632,27,29,66
1747015150.816363,48,14,-5
1747015150.852363,-32,59,80
1747015150.8873634,17,-14,200
1747015150.9223633,-38,45,120
1747015150.9583633,-8,19,70
1747015150.9933634,-2,-24,78
1747015151.0293634,-75,-29,-77
1747015151.0643632,39,-8,90
1747015151.1003633,-17,-45,86
1747015151.135363,-50,79,-109
1747015151.1703634,75,-37,-11
1747015151.2063634,18,10,124
1747015151.2413633,-21,26,58
1747015151.2773633,-24,4,100
1747015151.3123634,-16,-95,-31
1747015151.3483634,-30,-8,34
1747015151.3833632,85,-39,118
1747015151.418363,-44,-1,92
1747015151.454363,-12,-27,74
1747015151.4893634,-60,2,124
1747015151.5253634,13,32,46
1747015151.5603633,-48,6,66
1747015151.5963633,-24,-85,138
1747015151.6313634,-18,78,148
1747015151.6663637,35,52,58
1747015151.7023633,55,-7,102
1747015151.737363,55,-33,246
1747015151.7733634,61,-53,44
1747015151.8083634,30,50,-55
1747015151.8443637,26,-5,-1
1747015151.8803637,-27,-15,34
1747015151.9153633,32,46,86
1747015151.9503634,-29,75,42
1747015151.9863634,46,42,-61
1747015152.0223634,20,-9,188
1747015152.0573633,-55,-92,98
1747015152.0933633,-51,36,146
1747015152.1283634,-65,56,48
1747015152.1633637,-7,-34,-17
1747015152.1983633,-91,-73,150
1747015152.2343633,-33,60,120
1747015152.270363,-81,-36,74
1747015152.3053634,-67,-70,28
1747015152.3413634,-137,-76,50
1747015152.3763633,-19,-64,-19
1747015152.4113634,-66,11,202
1747015152.4463634,-20,17,128
1747015152.4823637,-58,0,126
1747015152.5183637,-36,-62,56
1747015152.553363,-26,17,144
1747015152.589363,168,-50,114
1747015152.6243634,-39,-42,122
1747015152.6593633,-89,21,-9
1747015152.6943634,-1,-68,20
1747015152.7303634,22,39,50
1747015152.7663634,-11,5,176
1747015152.8013637,-19,-66,20
1747015152.8373632,-23,7,158
1747015152.872363,-13,1,106
1747015152.9073634,52,-24,-55
1747015152.9423633,56,3,32
1747015152.9783633,-90,-36,98
1747015153.0143633,-3,-36,188
1747015153.0493634,-21,27,80
1747015153.0853634,24,51,20
1747015153.1203637,-81,-22,126
1747015153.155363,32,-58,92
1747015153.1903634,52,-10,154
1747015153.2263634,-25,49,60
1747015153.2623634,9,-24,68
1747015153.2973633,47,23,162
1747015153.3333633,51,45,-35
1747015153.3683634,-43,-30,26
1747015153.4033637,45,46,84
1747015153.4383633,-28,48,18
1747015153.474363,65,32,72
1747015153.510363,30,65,16
1747015153.5453634,9,-7,86
1747015153.5813634,-3,17,-3
1747015153.6163633,-37,76,30
1747015153.6513634,36,8,238
1747015153.6863637,-4,-23,180
1747015153.7223637,-2,-9,102
1747015153.7583632,-40,-36,-15
1747015153.793363,-6,-41,72
1747015153.829363,47,-1,170
1747015153.8643634,-27,-19,178
1747015153.8993633,83,-30,148
1747015153.9343634,75,105,96
1747015153.9703634,-13,20,90
1747015154.0063634,77,16,58
1747015154.0413637,57,-41,124
1747015154.0773633,37,20,6
1747015154.112363,111,-3,86
1747015154.1473634,51,6,48
1747015154.1823633,7,-75,-79
1747015154.2183633,-44,42,110
1747015154.2543633,-50,-21,-37
1747015154.2893634,73,34,94
1747015154.3253634,92,-47,72
1747015154.3603632,-2,60,74
1747015154.395363,31,-41,136
1747015154.4303634,7,-5,166
1747015154.4663634,-12,-45,74
1747015154.5023634,63,-73,42
1747015154.5373633,79,24,100
1747015154.5733633,49,-45,168
1747015154.6083634,43,63,108
1747015154.6433637,-10,10,126
1747015154.678363,111,61,108
1747015154.714363,49,11,110
1747015154.750363,-14,11,128
1747015154.7853634,47,15,56
1747015154.8213634,-22,-72,12
1747015154.8563633,-20,-12,60
1747015154.8913634,-36,-2,66
1747015154.9263637,28,40,20
1747015154.9623632,-4,108,112
1747015154.9983633,-10,76,188
1747015155.033363,-8,-7,118
1747015155.0693634,-26,-69,54
1747015155.1043634,97,-27,-7
1747015155.1393633,29,4,46
1747015155.1753633,-84,48,142
1747015155.2103634,-26,-51,122
1747015155.2463634,69,-36,152
1747015155.2813632,-42,45,100
1747015155.3173633,-6,12,208
1747015155.352363,0,-24,106
1747015155.3873634,11,69,116
1747015155.4233634,7,15,36
1747015155.4583633,87,17,52
1747015155.4943633,-42,105,108
1747015155.5293634,48,38,-19
1747015155.5653634,-5,88,168
1747015155.6003633,62,-43,108
1747015155.635363,28,42,124
1747015155.6713634,2,40,76
1747015155.7063634,-23,-17,126
1747015155.7423637,25,41,-1
1747015155.7773633,35,35,-5
1747015155.8133633,1,-3,110
1747015155.8483634,41,15,84
1747015155.8833632,36,-13,32
1747015155.9193633,37,-16,52
1747015155.954363,-47,22,32
1747015155.9903634,-7,-13,70
1747015156.0253634,-13,-55,88
1747015156.0613637,57,2,60
1747015156.0963633,-70,-63,20
1747015156.1313634,25,-21,198
1747015156.1673634,-92,-11,-33
1747015156.2023633,-16,-75,156
1747015156.2383633,-46,-58,110
1747015156.2733634,0,77,72
1747015156.3093634,82,-64,46
1747015156.3443637,32,-2,50
1747015156.3793633,15,35,34
1747015156.4153633,31,-88,142
1747015156.4503634,-92,37,-15
1747015156.4863634,65,23,74
1747015156.5213633,8,-103,24
1747015156.5573633,1,21,40
1747015156.5923634,25,-6,114
1747015156.6273634,-64,-68,88
1747015156.6633637,19,-40,152
1747015156.6983633,43,23,148
1747015156.7343633,-60,-96,140
1747015156.7693634,73,1,66
1747015156.8053634,-16,-13,114
1747015156.8403633,21,0,116
1747015156.875363,97,-50,40
1747015156.9113634,1,21,66
1747015156.9463634,17,-26,102
1747015156.9823637,-30,-34,138
1747015157.0173633,55,-2,74
1747015157.0523634,3,19,112
1747015157.0873632,15,-4,32
1747015157.1233633,32,11,58
1747015157.1593633,-36,-30,18
1747015157.1943634,23,43,14
1747015157.2303634,34,55,54
1747015157.2653637,-51,43,-23
1747015157.3003633,-71,-28,194
1747015157.3353634,-23,29,124
1747015157.3713634,70,-8,32
1747015157.4073634,-50,-19,184
1747015157.4423633,-102,-112,108
1747015157.4783633,100,-32,102
1747015157.5133634,-22,56,182
1747015157.5483634,0,22,12
1747015157.5833633,-56,-49,132
1747015157.6193633,53,-58,92
1747015157.655363,137,-27,166
1747015157.6903634,1,48,88
1747015157.7263634,-28,-25,20
1747015157.7613633,77,-26,106
1747015157.7963634,-90,27,106
1747015157.8313634,-24,-5,64
1747015157.8673637,39,4,64
1747015157.9033637,16,12,2
1747015157.9383633,-18,-51,36
1747015157.974363,19,-29,64
1747015158.0093634,29,35,-57
1747015158.0443633,37,-4,40
1747015158.079363,3,27,200
1747015158.1153634,-26,-50,-17
1747015158.1513634,65,59,114
1747015158.1863637,-24,49,-37
1747015158.2223637,-30,59,80
1747015158.257363,-19,-3,-95
1747015158.2923634,73,-61,152
1747015158.3273633,26,-1,34
1747015158.3633633,20,-43,52
1747015158.3993633,36,46,-63
1747015158.4343634,-61,18,120
1747015158.4703634,-103,-27,94
1747015158.5053637,-73,-13,100
1747015158.5403633,-89,-21,182
1747015158.5753634,-38,35,128
1747015158.6113634,64,34,-79
1747015158.6473634,-14,-36,130
1747015158.6823633,-73,72,-1
1747015158.7183633,33,-16,74
1747015158.7533634,-44,-35,56
1747015158.7883637,49,4,-77
1747015158.8233633,7,72,46
1747015158.8593633,71,-43,32
1747015158.895363,0,-41,64
1747015158.9303634,21,-39,30
1747015158.9663634,0,-27,82
1747015159.0013633,0,6,60
1747015159.0363634,3,50,26
1747015159.0713634,-15,-27,114
1747015159.1073637,-74,-30,-25
1747015159.1433637,103,-38,84
1747015159.178363,3,7,146
1747015159.214363,95,1,106
1747015159.2493634,77,20,96
1747015159.2843633,17,-3,204
1747015159.3193634,-12,-13,26
1747015159.3553634,26,24,66
1747015159.3913634,3,34,-25
1747015159.4263637,79,-29,170
1747015159.4623632,-49,52,-77
1747015159.497363,-7,68,96
1747015159.5323634,-32,-42,38
1747015159.5673633,-12,9,130
1747015159.6033633,49,33,86
1747015159.6393633,44,-36,-27
1747015159.6743634,-15,13,138
1747015159.7103634,-42,-45,154
1747015159.7453637,-4,25,96
1747015159.780363,-20,0,70
1747015159.8153634,-32,5,54
1747015159.8513634,-37,15,132
1747015159.8873634,43,0,220
1747015159.9223633,-12,77,188
1747015159.9583633,-50,93,48
1747015159.9933634,-44,-19,-57
1747015160.0283637,59,12,88
1747015160.0633633,-2,38,120
1747015160.1063633,-53,27,2
1747015160.1433637,56,35,70
1747015160.178363,-17,-8,74
1747015160.214363,18,-40,48
1747015160.2493634,7,-115,116
1747015160.2843633,25,16,96
1747015160.3203633,45,16,-27
1747015160.3553634,83,72,98
1747015160.3913634,57,30,96
1747015160.4263637,91,10,34
1747015160.4623632,7,2,82
1747015160.497363,17,56,102
1747015160.5323634,-38,-34,14
1747015160.5683634,1,51,82
1747015160.6033633,-24,51,-13
1747015160.6393633,-54,-38,74
1747015160.6743634,91,54,-1
1747015160.7103634,-26,-39,106
1747015160.7453637,39,-13,38
1747015160.780363,-20,-39,56
1747015160.816363,63,54,60
1747015160.8513634,-24,-43,-43
1747015160.8873634,65,58,66
1747015160.9223633,0,-29,54
1747015160.9583633,-59,22,114
1747015160.9933634,-9,26,166
1747015161.0283637,32,48,-53
1747015161.0643632,33,-55,36
1747015161.099363,5,12,54
1747015161.135363,13,-23,112
1747015161.1703634,49,6,76
1747015161.2063634,39,60,40
1747015161.2413633,15,-29,102
1747015161.2763634,33,2,60
1747015161.3123634,35,32,-41
1747015161.3473637,51,-29,40
1747015161.3833632,29,-49,112
1747015161.418363,53,20,16
1747015161.454363,-35,-53,124
1747015161.4893634,-45,-17,62
1747015161.5243633,12,22,78
1747015161.5603633,98,6,38
1747015161.5953634,16,-37,56
1747015161.6313634,-29,-49,84
1747015161.6663637,52,-33,70
1747015161.7023633,82,10,-59
1747015161.737363,14,0,108
1747015161.7723634,19,-48,148
1747015161.8083634,28,34,-29
1747015161.8433633,-66,-60,34
1747015161.8793633,27,-16,316
1747015161.9143634,-1,6,168
1747015161.9503634,41,-114,118
1747015161.9853632,7,27,24
1747015162.020363,-53,-37,90
1747015162.056363,-144,-39,-27
1747015162.0913634,38,64,130
1747015162.1273634,89,46,76
1747015162.1623633,29,30,48
1747015162.1973634,-56,68,106
1747015162.2323637,3,24,108
1747015162.2683637,-28,-9,130
1747015162.3043633,-23,51,54
1747015162.339363,32,-22,38
1747015162.375363,-29,35,154
1747015162.4103634,-31,-34,182
1747015162.4453633,-35,-78,-47
1747015162.4803634,11,-75,-21
1747015162.5163634,11,28,52
1747015162.5523634,-10,14,132
1747015162.5873632,51,-31,142
1747015162.6233633,-24,-7,130
1747015162.658363,50,-70,154
1747015162.6933634,76,7,56
1747015162.7283633,-9,87,36
1747015162.7643633,26,-28,0
1747015162.8003633,2,-8,72
1747015162.8353634,15,9,44
1747015162.8713634,-53,-42,106
1747015162.9063632,-49,-44,42
1747015162.941363,18,-48,52
1747015162.9763634,-55,9,-27
1747015163.0123634,-57,-22,56
1747015163.0483634,-81,10,78
1747015163.0833633,-27,55,-39
1747015163.1193633,-3,11,152
1747015163.1543634,-17,35,-1
1747015163.1893632,-22,-56,68
1747015163.224363,-68,-54,78
1747015163.260363,63,-8,-5
1747015163.2963634,-75,-7,102
1747015163.3313634,-64,-16,-5
1747015163.3673637,-14,3,42
1747015163.4023633,29,-8,102
1747015163.4373634,37,-24,84
1747015163.4723637,17,0,190
1747015163.5083632,0,-32,196
1747015163.5443633,-13,39,-45
1747015163.579363,21,-28,44
1747015163.6153634,-8,-18,21
1747015163.6503634,5,45,127
1747015163.6853633,-16,-22,84
1747015163.7203634,-29,65,81
1747015163.7563634,-28,-19,31
1747015163.7923634,-27,24,7
1747015163.8273633,-76,-43,33
1747015163.8633633,-134,22,78
1747015163.8983634,5,-11,15
1747015163.9333634,25,-27,103
1747015163.9683633,17,-1,129
1747015164.0043633,35,31,-20
1747015164.0403633,57,7,157
1747015164.0753634,-108,39,-84
1747015164.1113634,10,-7,-104
1747015164.1463633,31,13,189
1747015164.181363,15,7,115
1747015164.2163634,55,7,45
1747015164.2523634,15,11,67
1747015164.2883637,27,-46,-18
1747015164.3233633,-24,25,21
1747015164.3593633,13,86,43
1747015164.3943634,25,-3,201
1747015164.4293633,23,-5,57
1747015164.464363,-18,26,59
1747015164.500363,-18,-33,129
1747015164.5363634,59,-17,105
1747015164.5713634,91,-15,203
1747015164.6073637,63,-27,101
1747015164.6423633,-6,-35,49
1747015164.6773634,-36,-51,119
1747015164.7123632,23,-75,-4
1747015164.7483633,8,-59,137
1747015164.7843633,73,20,141
1747015164.8193634,12,-1,73
1747015164.8553634,43,-110,-70
1747015164.8903637,97,-23,113
1747015164.9253633,-10,-6,123
1747015164.9603634,-20,22,105
1747015164.9963634,14,-41,85
1747015165.0323634,14,18,115
1747015165.0673633,-59,-27,71
1747015165.1033633,-20,27,183
1747015165.1383634,-48,-24,91
1747015165.1733634,45,-28,99
1747015165.2083633,-56,-48,89
1747015165.2443633,-6,-30,159
1747015165.280363,42,-19,95
1747015165.3153634,-25,26,43
1747015165.3513634,31,41,169
1747015165.3863633,-18,55,13
1747015165.4213634,-12,-58,83
1747015165.4573634,-18,49,7
1747015165.4923637,0,21,45
1747015165.5283637,-146,-11,123
1747015165.5633633,72,-25,205
1747015165.599363,-28,37,211
1747015165.6343634,97,37,-44
1747015165.6693633,23,75,-8
1747015165.7053633,-50,66,103
1747015165.7403634,9,-39,111
1747015165.7763634,25,22,15
1747015165.8113637,27,37,61
1747015165.8473637,61,-6,137
1747015165.882363,55,25,43
1747015165.9173634,-30,56,-24
1747015165.9533634,-36,-20,131
1747015165.9883633,-28,51,145
1747015166.0243633,29,-14,19
1747015166.0593634,-38,95,-10
1747015166.0953634,-28,-53,199
1747015166.1303637,-12,-14,119
1747015166.1653633,13,94,77
1747015166.201363,-2,6,33
1747015166.2363634,-76,-49,-78
1747015166.2723634,-22,-49,155
1747015166.3073633,2,37,131
1747015166.3433633,6,49,-10
1747015166.3783634,60,-22,15
1747015166.4133637,22,51,29
1747015166.4493637,-22,-27,93
1747015166.4843633,26,17,89
1747015166.520363,44,52,99
1747015166.5553634,-24,-57,83
1747015166.5913634,-2,2,-90
1747015166.6263633,-32,2,105
1747015166.6613634,-47,-31,101
1747015166.6973634,18,-19,1
1747015166.7323637,-25,-21,161
1747015166.7683637,40,54,67
1747015166.803363,122,24,133
1747015166.839363,67,-21,-4
1747015166.8743634,1,-9,89
1747015166.9093633,-84,2,25
1747015166.9453633,-2,-21,5
1747015166.9803634,2,1,85
1747015167.0163634,-55,-2,25
1747015167.0513637,48,0,-28
1747015167.0873632,30,-10,79
1747015167.1233633,0,13,31
1747015167.1593633,32,-6,-26
1747015167.1953633,36,-28,155
1747015167.2303634,-35,49,151
1747015167.2653637,32,-20,-32
1747015167.3013637,25,3,53
1747015167.3373632,21,-43,199
1747015167.372363,-38,6,41
1747015167.408363,19,-55,197
1747015167.4433634,59,58,181
1747015167.4783633,-35,41,121
1747015167.5133634,-26,-64,21
1747015167.5493634,76,1,149
1747015167.5853634,-10,-3,53
1747015167.6203637,45,56,-6
1747015167.6563632,-44,-35,-4
1747015167.691363,23,26,85
1747015167.7263634,-4,-29,63
1747015167.7613633,-46,6,81
1747015167.7973633,59,-5,103
1747015167.8333633,42,9,127
1747015167.8683634,21,64,41
1747015167.9043634,-11,5,137
1747015167.9393632,32,11,41
1747015167.974363,-14,-27,79
1747015168.0093634,-16,5,125
1747015168.0453634,31,-42,45
1747015168.0813634,-4,-78,75
1747015168.1163633,-14,-66,245
1747015168.1523633,-22,15,35
1747015168.1873634,-6,-16,39
1747015168.2223637,11,17,65
1747015168.257363,-6,-62,141
1747015168.293363,39,-22,0
1747015168.329363,-10,52,-28
1747015168.3643634,27,-102,87
1747015168.4003634,9,39,37
1747015168.4353633,-30,-35,49
1747015168.4703634,83,20,119
1747015168.5053637,23,74,225
1747015168.5413637,45,58,151
1747015168.5773633,-42,-5,-12
1747015168.612363,0,0,77
1747015168.6483634,-36,-56,121
1747015168.6833634,-62,11,-42
1747015168.7183633,63,5,119
1747015168.7533634,-16,31,23
1747015168.7893634,-35,22,37
1747015168.8253634,24,-67,109
1747015168.8603632,56,-21,77
1747015168.8963633,36,0,89
1747015168.931363,28,-35,87
1747015168.9663634,-29,40,71
1747015169.0013633,86,62,0
1747015169.0373633,-47,78,175
1747015169.0733633,48,-13,107
1747015169.1083634,62,82,129
1747015169.1443634,-29,-61,-40
1747015169.1793633,-11,-51,101
1747015169.214363,-35,42,37
1747015169.2493634,29,27,177
1747015169.2853634,14,37,71
1747015169.3213634,10,22,1
1747015169.3563633,14,-69,-4
1747015169.3923633,-41,22,33
1747015169.4273634,-41,8,151
1747015169.4623632,24,108,7
1747015169.497363,-49,-20,23
1747015169.533363,0,2,69
1747015169.5693634,0,-3,-42
1747015169.6043634,38,-11,11
1747015169.6403637,-3,50,-4
1747015169.6753633,70,-33,95
1747015169.7103634,34,-21,99
1747015169.7453637,50,58,129
1747015169.7813632,22,4,139
1747015169.8173633,47,-38,155
1747015169.852363,-22,13,91
1747015169.8883634,27,24,187
1747015169.9233634,101,8,109
1747015169.9583633,-62,14,47
1747015169.9933634,-52,-47,135
1747015170.0293634,29,34,117
1747015170.0653634,103,36,149
1747015170.1073637,-32,-39,97
1747015170.1443634,-64,55,-118
1747015170.1793633,49,15,79
1747015170.214363,-42,-14,39
1747015170.2493634,67,21,-10
1747015170.2853634,-24,-4,-36
1747015170.3213634,-2,-16,91
1747015170.3563633,-73,-20,117
1747015170.3923633,-13,41,109
1747015170.4273634,10,-60,49
1747015170.4623632,-37,-48,113
1747015170.4983633,-53,0,53
1747015170.533363,-66,45,-26
1747015170.5693634,65,-44,57
1747015170.6043634,-72,-13,119
1747015170.6403637,44,7,107
1747015170.6753633,-1,5,121
1747015170.7103634,56,7,33
1747015170.7463634,4,35,145
1747015170.7813632,11,-57,-62
1747015170.8173633,-26,-35,57
1747015170.852363,-22,12,147
1747015170.8883634,-22,-35,9
1747015170.9233634,-10,0,125
1747015170.9583633,23,-15,61
1747015170.9943633,-26,-13,91
1747015171.0293634,22,-3,-36
1747015171.0653634,-9,19,93
1747015171.1003633,53,66,59
1747015171.1363633,-49,0,123
1747015171.1713634,-27,9,79
1747015171.2063634,-31,8,27
1747015171.2423637,50,-43,211
1747015171.2773633,-10,14,-62
1747015171.3133633,50,-27,121
1747015171.3483634,-40,18,37
1747015171.3843634,43,-75,87
1747015171.4193633,-28,10,25
1747015171.454363,-72,49,113
1747015171.4903634,53,-22,177
1747015171.5253634,33,-16,-48
1747015171.5613637,58,-45,-2
1747015171.5963633,-7,-9,119
1747015171.632363,-55,2,0
1747015171.6673634,0,-87,37
1747015171.7023633,-37,-17,33
1747015171.7383633,64,30,201
1747015171.7733634,96,9,57
1747015171.8093634,30,-23,127
1747015171.8443637,-51,-23,101
1747015171.8803637,-56,-34,85
1747015171.9153633,21,97,127
1747015171.9503634,-64,5,65
1747015171.9863634,11,-8,-18
1747015172.0213633,-40,39,-44
1747015172.0573633,0,-52,91
1747015172.0923634,13,-16,129
1747015172.1283634,-41,-8,81
1747015172.1643634,-37,3,131
1747015172.2003634,23,-19,57
1747015172.2363634,8,36,-52
1747015172.2713633,-40,6,109
1747015172.306363,34,38,85
1747015172.3423634,-7,30,55
1747015172.3783634,-31,-3,-16
1747015172.4133637,28,68,97
1747015172.4493637,-7,56,165
1747015172.4843633,-43,-9,39
1747015172.5193634,-43,-77,173
1747015172.5543633,-4,15,133
1747015172.5903633,64,28,59
1747015172.6263633,-25,-57,65
1747015172.6613634,84,22,171
1747015172.6973634,51,10,29
1747015172.7323637,-20,50,31
1747015172.7673633,-22,-25,33
1747015172.8023634,-13,-2,7
1747015172.8383634,-3,41,69
1747015172.8743634,-83,-66,117
1747015172.9093633,-15,13,71
1747015172.9453633,-23,-34,85
1747015172.9803634,-6,-9,133
1747015173.0153637,66,12,71
1747015173.0503633,22,-35,83
1747015173.0863633,8,48,37
1747015173.122363,-37,32,-32
1747015173.1573634,34,-17,133
1747015173.1933634,0,-75,57
1747015173.2283633,-38,14,11
1747015173.2633634,16,12,19
1747015173.2983634,23,-54,19
1747015173.3343637,5,-46,75
1747015173.3703637,-82,61,31
1747015173.405363,69,45,127
1747015173.441363,23,-40,61
1747015173.4763634,37,19,47
1747015173.5113633,9,-23,135
1747015173.5463634,-22,17,49
1747015173.5823634,43,-13,7
1747015173.6183634,-16,-9,23
1747015173.6533637,-16,-41,139
1747015173.6893632,65,-73,23
1747015173.724363,-34,-5,51
1747015173.7593634,-112,29,169
1747015173.7943633,43,-42,-26
1747015173.8303633,-62,-6,43
1747015173.8663633,-27,41,145
1747015173.9013634,18,-60,105
1747015173.9373634,66,56,17
1747015173.9723637,94,-38,-56
1747015174.007363,101,-13,173
1747015174.0423634,37,18,39
1747015174.0783634,-18,30,0
1747015174.1143634,20,-18,69
1747015174.1493633,-31,17,83
1747015174.1853633,-93,5,83
1747015174.2203634,-1,-96,99
1747015174.2553637,28,-57,143
1747015174.2903633,38,-3,25
1747015174.326363,8,-1,-16
1747015174.362363,2,68,95
1747015174.3973634,26,-31,59
1747015174.4333634,18,-18,45
1747015174.4683633,-41,47,177
1747015174.5033634,51,39,19
1747015174.5383637,-15,-66,89
1747015174.5743637,11,41,-54
1747015174.6103632,89,41,-16
1747015174.645363,90,-18,143
1747015174.681363,-17,79,69
1747015174.7163634,64,0,187
1747015174.7513633,4,-8,79
1747015174.7863634,35,-17,39
1747015174.8223634,-72,-47,-4
1747015174.8583634,-53,15,37
1747015174.8933637,92,-8,15
1747015174.9293633,-15,-6,-44
1747015174.964363,20,23,115
1747015174.9993634,32,25,-46
1747015175.0343633,8,2,99
1747015175.0703633,-23,-5,69
1747015175.1063633,32,49,105
1747015175.1413634,20,-55,61
1747015175.1773634,22,-11,107
1747015175.2123632,-39,-25,-2
1747015175.247363,22,-10,87
1747015175.2823634,82,24,-28
1747015175.3183634,-5,-23,117
1747015175.3543634,-13,0,51
1747015175.3893633,12,90,85
1747015175.4253633,-3,-15,73
1747015175.4603634,2,24,179
1747015175.4953637,48,-43,143
1747015175.5313632,-50,83,131
1747015175.566363,79,13,101
1747015175.602363,95,-22,159
1747015175.6373634,-34,-54,23
1747015175.6733634,36,58,39
1747015175.7083633,35,65,71
1747015175.7433634,-38,-8,31
1747015175.7793634,-96,35,-24
1747015175.8143632,31,37,23
1747015175.8503633,-34,87,137
1747015175.885363,51,-54,-92
1747015175.9213634,-26,-52,7
1747015175.9563634,-33,51,-58
1747015175.9913633,6,61,-26
1747015176.0273633,-25,43,-4
1747015176.0623634,28,3,55
1747015176.0983634,39,28,113
1747015176.1333632,101,-21,13
1747015176.1693633,-50,-37,-24
1747015176.204363,9,24,13
1747015176.2393634,5,44,39
1747015176.2753634,87,-31,95
1747015176.3103633,65,-33,195
1747015176.3463633,45,18,19
1747015176.3813634,15,0,187
1747015176.4173634,61,34,117
1747015176.4523633,-18,-29,103
1747015176.487363,-6,-45,41
1747015176.5233634,63,58,173
1747015176.5583634,-24,8,85
1747015176.5943637,67,94,95
1747015176.6293633,-16,42,17
1747015176.6653633,25,18,23
1747015176.7003634,63,-15,-40
1747015176.7353632,-100,-135,65
1747015176.7713633,-78,-7,47
1747015176.806363,-8,-39,55
1747015176.8423634,-73,-73,93
1747015176.8773634,-22,-71,259
1747015176.9133637,34,62,63
1747015176.9483633,-29,-13,45
1747015176.9833634,14,44,-54
1747015177.0193634,-27,68,3
1747015177.0543633,-21,68,-14
1747015177.0903633,-10,-60,39
1747015177.125363,25,23,113
1747015177.1613634,-26,17,21
1747015177.1963634,25,-36,73
1747015177.2313633,51,3,185
1747015177.2673633,93,32,143
1747015177.3023634,3,-23,127
1747015177.3383634,-6,-34,-34
1747015177.3733633,13,-4,-4
1747015177.408363,-22,-19,177
1747015177.4433634,-10,2,-12
1747015177.4793634,21,36,37
1747015177.5153637,19,-21,137
1747015177.5503633,-38,50,-26
1747015177.5863633,13,-34,99
1747015177.6213634,25,-18,63
1747015177.6563632,23,-4,-12
1747015177.691363,17,-45,167
1747015177.727363,-2,8,133
1747015177.7633634,-48,-11,-96
1747015177.7983634,49,-32,-18
1747015177.8343637,15,41,169
1747015177.8693633,-86,-53,63
1747015177.9043634,19,-45,35
1747015177.9393632,-58,54,-10
1747015177.9753633,-70,44,143
1747015178.0113633,85,-68,31
1747015178.0463634,11,-33,55
1747015178.0823634,5,-17,139
1747015178.1173637,55,50,13
1747015178.1523633,-40,0,39
1747015178.1873634,4,1,-12
1747015178.2233634,32,1,7
1747015178.2593634,42,25,61
1747015178.2943633,-59,-12,23
1747015178.3303633,26,-70,165
1747015178.3653634,51,70,85
1747015178.4003634,-8,62,45
1747015178.4353633,-34,12,69
1747015178.4713633,-52,-59,47
1747015178.507363,-70,43,75
1747015178.5423634,21,-64,97
1747015178.5783634,23,-6,121
1747015178.6133633,27,45,19
1747015178.6483634,-36,-22,141
1747015178.6833634,-16,-4,51
1747015178.7193637,-40,-10,75
1747015178.7553637,55,119,161
1747015178.7903633,84,18,77
1747015178.826363,34,76,71
1747015178.8613634,45,56,101
1747015178.8963633,19,-31,35
1747015178.931363,-38,40,-40
1747015178.9673634,45,-7,125
1747015179.0033634,40,52,23
1747015179.0383637,20,-65,53
1747015179.0743637,128,46,-10
1747015179.1093633,2,14,63
1747015179.1443634,-25,6,131
1747015179.1793633,24,64,133
1747015179.2153633,14,94,87
1747015179.2513633,-9,38,-56
1747015179.2863634,-25,48,197
1747015179.3223634,-21,24,97
1747015179.3573637,108,84,35
1747015179.3923633,-22,45,123
1747015179.4273634,93,-40,67
1747015179.4633634,-44,-22,155
1747015179.4993634,19,61,163
1747015179.5343633,38,-41,37
1747015179.5703633,64,-21,29
1747015179.6053634,22,84,3
1747015179.6403637,-15,12,219
1747015179.6753633,-81,-13,21
1747015179.7113633,-5,4,-56
1747015179.747363,-6,40,75
1747015179.7823634,-30,96,71
1747015179.8183634,53,38,51
1747015179.8533633,1,-7,31
1747015179.8883634,-16,-37,17
1747015179.9233634,-120,40,43
1747015179.9593637,-16,4,109
1747015179.9953637,-10,10,53
1747015180.030363,55,40,3
1747015180.066363,-38,74,59
1747015180.1083634,53,-25,0
1747015180.1443634,10,-15,99
1747015180.1793633,-13,50,121
1747015180.2153633,16,-21,29
1747015180.2513633,13,-89,33
1747015180.2863634,-36,36,141
1747015180.3223634,-6,52,81
1747015180.3573637,-6,-15,169
1747015180.3923633,-4,1,85
1747015180.4273634,5,-29,215
1747015180.4633634,41,-47,85
1747015180.4993634,-42,18,-30
1747015180.5343633,-40,-29,21
1747015180.5703633,-54,-61,77
1747015180.6053634,19,-9,73
1747015180.6403637,-26,-53,159
1747015180.6763637,59,-5,-66
1747015180.7113633,-20,37,53
1747015180.747363,-110,-90,79
1747015180.7823634,-47,2,95
1747015180.8183634,3,16,-62
1747015180.8533633,21,4,155
1747015180.8883634,34,-1,149
1747015180.9243634,56,42,23
1747015180.9593637,-55,-21,-86
1747015180.9953637,67,-11,87
1747015181.030363,-46,2,9
1747015181.066363,21,4,51
1747015181.1013634,-42,-13,83
1747015181.1363633,-70,44,-28
1747015181.1723633,27,-59,119
1747015181.2073634,39,43,87
1747015181.2433634,-16,-60,85
1747015181.2783637,103,23,45
1747015181.3143632,49,17,21
1747015181.349363,-46,9,51
1747015181.3843634,81,-28,-38
1747015181.4203634,29,55,91
1747015181.4553633,0,5,105
1747015181.4913633,87,-24,-16
1747015181.5263634,2,8,65
1747015181.5623634,-25,-23,91
1747015181.5973637,-55,24,105
1747015181.632363,44,-115,19
1747015181.668363,-19,13,97
1747015181.7033634,-5,61,57
1747015181.7393634,-19,-84,17
1747015181.7743633,48,13,5
1747015181.8103633,18,1,29
1747015181.8453634,46,-16,29
1747015181.8803637,20,-40,95
1747015181.9163637,6,17,147
1747015181.951363,43,-18,91
1747015181.987363,83,-10,-22
1747015182.0223634,29,25,93
1747015182.0583634,-38,-32,19
1747015182.0933633,5,-64,69
1747015182.1283634,-45,74,137
1747015182.1643634,-37,6,53
1747015182.1993637,-21,8,1
1747015182.2353632,34,17,121
1747015182.270363,-65,60,109
1747015182.306363,-53,-40,37
1747015182.3423634,-119,112,125
1747015182.3783634,-21,37,7
1747015182.4143634,-15,94,0
1747015182.4493637,10,-1,71
1747015182.4843633,2,10,-2
1747015182.520363,28,18,55
1747015182.556363,20,6,73
1747015182.5913634,80,-59,-6
1747015182.6273634,-5,42,-46
1747015182.6623633,-9,-57,-42
1747015182.6973634,-17,-43,171
1747015182.7323637,116,-1,141
1747015182.7683637,-5,6,141
1747015182.8043633,-25,24,119
1747015182.839363,-7,-41,121
1747015182.875363,38,-7,51
1747015182.9103634,26,20,97
1747015182.9453633,-55,-32,59
1747015182.9803634,61,4,-30
1747015183.0163634,-70,10,31
1747015183.0523634,-1,-35,25
1747015183.0873632,-29,20,117
1747015183.1233633,-9,-34,0
1747015183.158363,-79,-32,-58
1747015183.1933634,18,-45,107
1747015183.2283633,10,-25,171
1747015183.2643633,8,28,71
1747015183.3003633,-61,0,19
1747015183.3353634,122,-5,113
1747015183.3713634,-13,-21,7
1747015183.4063632,38,-35,41
1747015183.441363,-45,2,55
1747015183.4763634,6,-27,27
1747015183.5123634,10,-63,-26
1747015183.5483634,22,-37,67
1747015183.5833633,-57,-68,73
1747015183.6193633,16,-48,93
1747015183.6543634,-87,69,35
1747015183.6893632,-29,14,119
1747015183.724363,-69,44,63
1747015183.760363,70,-21,177
1747015183.7963634,78,21,153
1747015183.8313634,-9,-29,83
1747015183.8673637,10,39,97
1747015183.9023633,10,147,101
1747015183.9373634,-91,-28,-56
1747015183.9723637,44,-56,23
1747015184.0083632,12,21,165
1747015184.0443633,-23,94,71
1747015184.079363,13,-26,217
1747015184.1153634,62,-8,13
1747015184.1503634,8,25,85
1747015184.1853633,-45,47,63
1747015184.2203634,12,33,7
1747015184.2563634,-27,-24,11
1747015184.2923634,11,-20,21
1747015184.3273633,-60,15,53
1747015184.3633633,-17,9,49
1747015184.3983634,38,-34,25
1747015184.4333634,28,-8,167
1747015184.4683633,-16,31,195
1747015184.5043633,-96,31,49
1747015184.5403633,-22,-50,107
1747015184.5753634,-48,59,45
1747015184.6113634,-54,-4,29
1747015184.6463633,-22,53,195
1747015184.681363,23,-34,67
1747015184.7163634,4,5,29
1747015184.7523634,-1,-2,59
1747015184.7883637,2,-34,103
1747015184.8233633,-21,-18,17
1747015184.8593633,12,-40,143
1747015184.8943634,-73,-10,69
1747015184.9293633,-5,29,61
1747015184.964363,12,-64,5
1747015185.000363,12,-48,89
1747015185.0363634,-58,-98,-128
1747015185.0713634,16,-16,65
1747015185.1073637,92,-48,89
1747015185.1423633,-19,-24,-8
1747015185.1773634,18,45,175
1747015185.2123632,50,-4,29
1747015185.2483633,16,-18,85
1747015185.2843633,-53,-30,141
1747015185.3193634,-99,23,179
1747015185.3553634,52,-22,-38
1747015185.3903637,46,45,163
1747015185.4253633,27,-59,-40
1747015185.4603634,-6,40,133
1747015185.4963634,25,30,11
1747015185.5323634,-70,-3,135
1747015185.5673633,-42,12,13
1747015185.6033633,117,104,-20
1747015185.6383634,-35,43,171
1747015185.6733634,-3,-34,123
1747015185.7093637,-3,67,91
1747015185.7443633,-25,0,26
1747015185.780363,-5,-12,171
1747015185.8153634,-21,25,-60
1747015185.8513634,-31,9,149
1747015185.8863633,-98,-32,63
1747015185.9213634,0,-26,43
1747015185.9573634,-30,-40,123
1747015185.9923637,-15,-24,69
1747015186.0283637,58,25,7
1747015186.0633633,-19,-18,66
1747015186.099363,70,-32,186
1747015186.1343634,-55,-6,123
1747015186.1693633,48,7,134
1747015186.2053633,-9,-4,56
1747015186.2403634,10,-62,40
1747015186.2763634,-21,5,169
1747015186.3113637,-7,-60,67
1747015186.3473637,66,13,33
1747015186.382363,4,-20,-58
1747015186.4173634,-7,-52,205
1747015186.4533634,-10,22,177
1747015186.4883633,-22,-65,157
1747015186.5243633,10,79,39
1747015186.5593634,-61,-14,131
1747015186.5953634,-88,-36,167
1747015186.6303637,-36,9,53
1747015186.6653633,31,-42,7
1747015186.701363,-6,47,173
1747015186.7363634,-46,-18,-34
1747015186.7723634,-56,-4,91
1747015186.8073633,-36,-36,199
1747015186.8433633,87,-46,-30
1747015186.8783634,-22,135,55
1747015186.9133637,-60,26,211
1747015186.9493637,-34,-23,-56
1747015186.9843633,7,22,63
1747015187.020363,41,8,69
1747015187.0553634,1,-9,203
1747015187.0913634,4,42,-12
1747015187.1263633,16,38,13
1747015187.1613634,8,-45,29
1747015187.1973634,32,4,-12
1747015187.2323637,15,31,-62
1747015187.2683637,9,-22,101
1747015187.303363,49,35,45
1747015187.339363,5,5,-4
1747015187.3743634,19,81,143
1747015187.4093633,1,3,-85
1747015187.4453633,6,10,26
1747015187.4803634,2,12,24
1747015187.5163634,8,-35,-43
1747015187.5513637,34,-33,94
1747015187.5863633,-43,-43,8
1747015187.6213634,28,-19,24
1747015187.658363,42,-1,13
1747015187.6933634,-22,-4,129
1747015187.7293634,97,27,83
1747015187.7653637,9,-42,61
1747015187.8003633,63,-44,7
1747015187.8363633,54,-75,122
1747015187.8713634,-65,-26,-29
1747015187.9063632,-43,-3,-118
1747015187.941363,-41,-5,91
1747015187.977363,-25,-53,89
1747015188.0133634,-9,14,21
1747015188.0483634,-21,3,220
1747015188.0843637,-73,7,98
1747015188.1193633,-9,-6,115
1747015188.1543634,62,-24,-6
1747015188.1893632,-49,-32,45
1747015188.2253633,78,19,83
1747015188.2613633,4,-36,3
1747015188.2963634,94,7,17
1747015188.3323634,2,-91,91
1747015188.3673637,-24,-16,87
1747015188.4023633,-70,-42,93
1747015188.4373634,39,45,25
1747015188.4733634,-19,11,95
1747015188.5093634,121,-86,-4
1747015188.5443633,-108,-28,17
1747015188.5803633,-77,-12,-24
1747015188.6153634,18,-52,-16
1747015188.6503634,0,-14,-37
1747015188.6853633,33,-7,109
1747015188.7213633,59,48,127
1747015188.757363,45,-31,151
1747015188.7923634,-4,20,53
1747015188.8283634,51,78,0
1747015188.8633633,151,-53,2
1747015188.8983634,-8,4,0
1747015188.9333634,65,18,9
1747015188.9693637,-6,6,87
1747015189.0053637,-5,-9,-10
1747015189.0403633,78,86,136
1747015189.076363,26,100,116
1747015189.1113634,100,-41,170
1747015189.1463633,30,56,30
1747015189.181363,-43,2,7
1747015189.2173634,-51,-31,11
1747015189.2533634,18,63,103
1747015189.2883637,-11,-24,-66
1747015189.3243637,2,-6,47
1747015189.3593633,-67,-28,79
1747015189.3943634,-91,-60,103
1747015189.4293633,-93,-44,13
1747015189.4653633,18,-2,69
1747015189.5013633,-29,81,51
1747015189.5363634,44,-58,75
1747015189.5723634,68,-16,42
1747015189.6073637,-7,27,128
1747015189.6423633,104,17,60
1747015189.6773634,20,41,-5
1747015189.7133634,-37,13,-57
1747015189.7493634,-7,27,98
1747015189.7843633,-1,-18,96
1747015189.8203633,20,49,92
1747015189.8553634,30,-20,76
1747015189.8903637,53,-75,-83
1747015189.9253633,-37,-40,-18
1747015189.9613633,64,-56,3
1747015189.997363,-7,-8,139
1747015190.0323634,16,-28,33
1747015190.0683634,6,17,89
1747015190.1103632,19,9,97
1747015190.1463633,97,49,-26
1747015190.1813633,27,19,67
1747015190.2173634,-21,-13,33
1747015190.2533634,-41,-95,-42
1747015190.2883635,-17,27,95
1747015190.3243635,14,29,71
1747015190.3593633,32,-46,49
1747015190.3943634,116,53,123
1747015190.4293633,-59,67,120
1747015190.4653633,42,21,151
1747015190.5013633,84,0,86
1747015190.5363634,-7,11,120
1747015190.5723634,-97,35,172
1747015190.6073635,70,29,-5
1747015190.6423633,-55,33,-5
1747015190.6783633,-3,37,90
1747015190.7133634,86,29,28
1747015190.7493634,-65,-112,50
1747015190.7843633,10,1,38
1747015190.8203633,102,39,33
1747015190.8553634,-13,-84,99
1747015190.8903635,-5,-56,71
1747015190.9263635,-94,-63,7
1747015190.9613633,11,-42,149
1747015190.9973633,-20,59,145
1747015191.0323634,24,59,43
1747015191.0683634,30,-66,183
1747015191.1033633,-15,57,3
1747015191.1383634,70,9,59
1747015191.1743634,-47,-22,115
1747015191.2093635,0,25,21
1747015191.2453635,43,15,117
1747015191.2803633,31,-58,41
1747015191.3163633,-52,57,75
1747015191.3513634,-9,-54,51
1747015191.3863633,66,31,-66
1747015191.4223633,-1,43,135
1747015191.4573634,24,-24,105
1747015191.4933634,66,-10,91
1747015191.5283635,27,-18,103
1747015191.5643632,33,9,69
1747015191.5993633,-6,15,35
1747015191.6343634,57,7,25
1747015191.6703634,-28,33,86
1747015191.7053633,11,-27,90
1747015191.7413633,-10,19,62
1747015191.7763634,-12,-41,18
1747015191.8123634,-2,13,142
1747015191.8473635,-76,-36,72
1747015191.8823633,61,1,258
1747015191.9183633,-78,25,40
1747015191.9533634,27,-32,64
1747015191.9893634,47,-36,98
1747015192.0243633,7,-28,184
1747015192.0603633,85,-18,74
1747015192.0953634,91,43,-10
1747015192.1303635,-54,-18,71
1747015192.1663635,-56,-40,165
1747015192.2013633,49,-14,-102
1747015192.2373633,-6,0,49
1747015192.2723634,33,-60,167
1747015192.3083634,-12,-24,41
1747015192.3433633,-28,17,-12
1747015192.3783634,-38,27,85
1747015192.4143634,41,-19,-12
1747015192.4493635,-82,30,73
1747015192.4853632,-8,-49,79
1747015192.5203633,-8,0,67
1747015192.5553634,127,-1,135
1747015192.5903633,-27,-27,21
1747015192.6263633,52,14,131
1747015192.6623633,66,20,9
1747015192.6973634,20,-55,104
1747015192.7333634,39,-11,-95
1747015192.7683635,-7,-43,-21
1747015192.8033633,67,-25,69
1747015192.8383634,43,-53,137
1747015192.8743634,33,34,55
1747015192.9103634,-77,-31,171
1747015192.9453633,37,33,131
1747015192.9813633,69,-10,147
1747015193.0163634,-28,-30,-12
1747015193.0513635,-48,-64,55
1747015193.0863633,-3,-73,57
1747015193.1223633,50,12,59
1747015193.1583633,58,-55,119
1747015193.1933634,-112,-26,174
1747015193.2293634,0,46,96
1747015193.2643633,-33,52,-2
1747015193.2993634,38,18,75
1747015193.3343635,44,8,73
1747015193.3703635,106,-19,-26
1747015193.4063632,55,27,159
1747015193.4413633,31,-74,-80
1747015193.4773633,63,-97,13
1747015193.5123634,-19,39,-4
1747015193.5473633,34,-42,59
1747015193.5823634,49,43,83
1747015193.6183634,-66,-20,29
1747015193.6543634,27,61,-24
1747015193.6893632,-58,-47,49
1747015193.7253633,-34,28,59
1747015193.7603633,41,-13,-67
1747015193.7953634,25,-41,87
1747015193.8303633,-6,-30,13
1747015193.8663633,15,-66,69
1747015193.9023633,73,15,-38
1747015193.9373634,15,-3,45
1747015193.9733634,47,34,-54
1747015194.0083632,44,23,84
1747015194.0433633,30,17,93
1747015194.0783634,31,10,132
1747015194.1143634,-140,32,178
1747015194.1503634,32,-20,74
1747015194.1853633,-49,41,84
1747015194.2213633,-2,77,78
1747015194.2563634,35,-36,75
1747015194.2913635,-38,-92,181
1747015194.3263633,5,19,50
1747015194.3623633,25,-10,113
1747015194.3983634,81,1,107
1747015194.4333634,-48,51,27
1747015194.4693635,-36,15,53
1747015194.5043633,27,11,87
1747015194.5393634,81,-4,-10
1747015194.5743635,37,46,71
1747015194.6103632,27,11,103
1747015194.6463633,-16,-33,173
1747015194.6813633,-10,-8,13
1747015194.7173634,-58,-14,297
1747015194.7523634,-76,-12,139
1747015194.7873633,-28,39,39
1747015194.8223634,19,95,23
1747015194.8583634,63,1,29
1747015194.8943634,28,-10,135
1747015194.9293633,-86,-30,73
1747015194.9653633,32,-6,43
1747015195.0003633,-53,-26,97
1747015195.0353634,-49,-60,79
1747015195.0703633,-25,-54,117
1747015195.1063633,-15,0,33
1747015195.1423633,6,1,103
1747015195.1773634,35,-82,153
1747015195.2133634,-56,-24,169
1747015195.2483633,3,23,63
1747015195.2833633,-142,49,1
1747015195.3183634,-106,41,30
1747015195.3543634,-1,19,74
1747015195.3903635,24,-15,70
1747015195.4253633,-79,38,50
1747015195.4613633,-33,-23,83
1747015195.4963634,25,35,12
1747015195.5313632,23,41,60
1747015195.5663633,16,7,-14
1747015195.6023633,18,17,13
1747015195.6383634,-1,74,94
1747015195.6733634,42,10,181
1747015195.7093635,52,16,45
1747015195.7443633,-39,-15,-27
1747015195.7793634,-65,-34,38
1747015195.8153634,-55,-26,113
1747015195.8503633,57,-21,169
1747015195.8863633,-31,-4,152
1747015195.9213634,41,-31,-11
1747015195.9573634,12,0,122
1747015195.9923635,6,13,142
1747015196.0273633,-9,-68,-57
1747015196.0633633,4,-20,90
1747015196.0983634,65,1,70
1747015196.1343634,-34,-92,-19
1747015196.1693633,-4,-30,0
1747015196.2053633,5,12,108
1747015196.2403634,1,3,34
1747015196.2753634,-2,12,123
1747015196.3113635,19,-25,143
1747015196.3463633,-36,-17,111
1747015196.3823633,25,-19,25
1747015196.4173634,87,-19,83
1747015196.4533634,11,-130,-28
1747015196.4883633,-14,-30,59
1747015196.5233634,-23,61,47
1747015196.5593634,65,1,-18
1747015196.5943635,-70,-26,-24
1747015196.6303635,101,-17,95
1747015196.6653633,-30,-3,33
1747015196.7013633,-56,20,49
1747015196.7363634,10,33,63
1747015196.7713633,106,47,177
1747015196.8073633,-9,-54,13
1747015196.8423634,10,-16,121
1747015196.8783634,17,0,109
1747015196.9133635,63,-83,63
1747015196.9493635,24,11,14
1747015196.9843633,-36,-37,102
1747015197.0193634,-40,-33,156
1747015197.0553634,-52,39,42
1747015197.0903633,-12,-13,52
1747015197.1263633,71,-75,80
1747015197.1613634,40,-5,108
1747015197.1973634,-12,54,146
1747015197.2323635,9,-19,125
1747015197.2673633,-84,-59,5
1747015197.3033633,-89,49,45
1747015197.3383634,37,-101,63
1747015197.3743634,-14,-75,-62
1747015197.4093633,91,-88,133
1747015197.4453633,55,-112,113
1747015197.4803634,172,3,105
1747015197.5153635,152,41,246
1747015197.5513635,46,30,46
1747015197.5863633,-83,-63,18
1747015197.6223633,95,0,68
1747015197.6573634,-52,-42,-59
1747015197.6933634,-2,0,64
1747015197.7293634,-4,19,56
1747015197.7643633,18,-11,-59
1747015197.7993634,19,7,-9
1747015197.8353634,46,-33,140
1747015197.8713634,93,9,38
1747015197.9063632,11,21,260
1747015197.9423633,38,28,130
1747015197.9773633,27,37,-7
1747015198.0123634,-5,18,166
1747015198.0473633,60,38,120
1747015198.0833633,-25,20,42
1747015198.1193633,-5,-9,54
1747015198.1543634,-59,-42,62
1747015198.1903634,-115,-72,22
1747015198.2253633,-13,7,63
1747015198.2603633,-49,-25,-33
1747015198.2953634,44,-34,20
1747015198.3313634,12,19,130
1747015198.3673635,-23,-24,10
1747015198.4023633,20,64,56
1747015198.4383633,80,-112,44
1747015198.4733634,-27,17,-55
1747015198.5083632,50,15,36
1747015198.5433633,108,-78,77
1747015198.5793633,12,-12,74
1747015198.6153634,-23,-2,85
1747015198.6503634,14,-56,41
1747015198.6863635,58,3,217
1747015198.7213633,48,-21,-12
1747015198.7563634,16,-40,-62
1747015198.7913635,6,27,89
1747015198.8273633,64,15,111
1747015198.8633633,2,-36,161
1747015198.8983634,0,-20,167
1747015198.9343634,49,-2,32
1747015198.9693635,50,-28,100
1747015199.0043633,41,-32,143
1747015199.0393634,-39,-2,113
1747015199.0753634,-72,44,63
1747015199.1113634,-36,0,115
1747015199.1463633,27,-1,17
1747015199.1823633,-8,-15,49
1747015199.2173634,20,-14,82
1747015199.2523634,8,-40,54
1747015199.2873633,20,-3,60
1747015199.3233633,-18,11,168
1747015199.3593633,-50,-78,56
1747015199.3943634,89,49,108
1747015199.4303634,-70,29,122
1747015199.4653633,-24,-7,66
1747015199.5003633,91,36,126
1747015199.5353634,-29,3,38
1747015199.5713634,-5,79,72
1747015199.6073635,29,22,73
1747015199.6423633,-34,-45,-34
1747015199.6783633,65,48,63
1747015199.7133634,-11,100,79
1747015199.7483633,-25,8,71
1747015199.7833633,-39,42,13
1747015199.8193634,-48,-49,18
1747015199.8553634,-52,-55,56
1747015199.8903635,47,-6,208
1747015199.9263635,79,37,12
1747015199.9613633,-42,-68,22
1747015199.9963634,36,-35,56
