time,x,y,z
1756011600.0319445,1,-1,-50
1756011600.0709443,0,-2,-59
1756011600.1069446,0,1,-56
1756011600.1439445,-1,3,-42
1756011600.1819446,-3,4,-50
1756011600.2209446,0,-3,-48
1756011600.256945,0,4,-43
1756011600.2939446,-2,6,-50
1756011600.3319447,-5,2,-38
1756011600.3709445,-5,8,-47
1756011600.4069445,3,4,-51
1756011600.4449446,-2,0,-54
1756011600.483945,-5,0,-45
1756011600.5219443,-1,0,-52
1756011600.5579443,-2,2,-47
1756011600.5949447,5,0,-55
1756011600.631945,0,0,-65
1756011600.6759446,-2,0,-58
1756011600.7149446,-3,0,-52
1756011600.7529447,-4,0,-58
1756011600.7909446,-10,2,-41
1756011600.8269446,0,5,-27
1756011600.8639443,-8,6,-40
1756011600.9019446,5,1,-49
1756011600.937945,-1,-8,-51
1756011600.9759445,0,0,-43
1756011601.0129447,5,0,-49
1756011601.0509446,1,0,-53
1756011601.0869446,-3,-2,-42
1756011601.1249447,0,2,-55
1756011601.1629446,-6,-3,-49
1756011601.200945,-6,-5,-48
1756011601.236945,-12,-4,-58
1756011601.2749443,-4,-2,-46
1756011601.312945,-1,-1,-56
1756011601.3519447,-8,-1,-51
1756011601.3879447,-3,-5,-45
1756011601.4259446,-4,-7,-49
1756011601.4649446,-5,-8,-45
1756011601.5029447,-1,3,-53
1756011601.5409446,-5,9,-53
1756011601.5769446,-3,8,-50
1756011601.6139443,0,9,-49
1756011601.6529446,3,2,-58
1756011601.690945,3,-3,-49
1756011601.7269447,4,-1,-43
1756011601.7649446,3,-1,-57
1756011601.802945,-2,-4,-50
1756011601.8419447,3,-1,-53
1756011601.8779447,-8,1,-40
1756011601.9159446,0,0,-51
1756011601.9529445,7,3,-58
1756011601.9909446,3,-2,-59
1756011602.0269446,6,0,-64
1756011602.0639446,6,0,-55
1756011602.1019447,1,-5,-49
1756011602.1379447,-5,-4,-49
1756011602.1769447,-7,-5,-39
1756011602.213945,0,5,-54
1756011602.2519443,-3,1,-45
1756011602.2879446,2,6,-47
1756011602.325945,0,3,-45
1756011602.3639443,-1,1,-45
1756011602.4029446,1,4,-50
1756011602.4399445,0,1,-48
1756011602.4769447,11,1,-43
1756011602.5139446,-2,1,-42
1756011602.552945,0,0,-49
1756011602.588945,4,-3,-53
1756011602.6259446,0,-2,-51
1756011602.6639447,-3,3,-53
1756011602.7029445,2,3,-47
1756011602.7389443,1,-2,-45
1756011602.7769446,-5,-12,-43
1756011602.8149445,4,-9,-47
1756011602.8539443,3,-6,-52
1756011602.8919446,-3,-3,-37
1756011602.927945,3,-9,-53
1756011602.9649446,0,0,-55
1756011603.0029447,-1,0,-55
1756011603.0389447,-4,0,-63
1756011603.075945,5,5,-59
1756011603.1139443,0,-1,-55
1756011603.1519446,0,4,-49
1756011603.187945,0,2,-48
1756011603.2249446,0,0,-49
1756011603.2639446,2,2,-50
1756011603.3019447,-3,-1,-49
1756011603.3379445,-1,-1,-42
1756011603.3759446,-1,-6,-40
1756011603.4139447,-5,-3,-55
1756011603.4529445,-9,8,-52
1756011603.4889443,-8,7,-54
1756011603.5259447,-8,2,-56
1756011603.5639446,-7,2,-55
1756011603.6029446,-7,5,-49
1756011603.6389446,-5,0,-46
1756011603.6759446,-15,2,-43
1756011603.713945,-3,2,-38
1756011603.7529447,-5,-3,-45
1756011603.7889447,0,-4,-44
1756011603.825945,-2,-1,-49
1756011603.8639443,-4,2,-45
1756011603.9029446,-10,-1,-50
1756011603.9389446,-5,0,-42
1756011603.9769447,-4,4,-40
1756011604.0149446,-2,-6,-51
1756011604.0539446,-1,-4,-51
1756011604.0899446,-6,0,-47
1756011604.1269443,1,-4,-39
1756011604.1649446,1,-3,-46
1756011604.2039447,-7,0,-44
1756011604.2399447,-4,-4,-50
1756011604.2779446,-2,1,-41
1756011604.315945,0,-2,-54
1756011604.3549447,-2,-4,-57
1756011604.3929446,-9,4,-56
1756011604.4289446,0,0,-61
1756011604.4659443,0,1,-54
1756011604.5039446,0,0,-57
1756011604.5399446,0,0,-59
1756011604.5769446,-1,-7,-58
1756011604.6149447,0,-6,-39
1756011604.6539447,3,-5,-56
1756011604.6899445,2,1,-54
1756011604.7269447,1,0,-53
1756011604.7649446,3,-1,-42
1756011604.802945,-3,0,-50
1756011604.838945,0,6,-53
1756011604.8759446,2,5,-49
1756011604.9139447,7,6,-48
1756011604.9499447,3,3,-57
1756011604.986945,4,0,-52
1756011605.0249443,1,1,-45
1756011605.062945,4,3,-48
1756011605.098945,7,5,-42
1756011605.1359446,0,6,-51
1756011605.1749446,6,3,-49
1756011605.2129445,-6,5,-58
1756011605.2489443,-4,-3,-48
1756011605.2869446,-5,-1,-45
1756011605.3249447,2,0,-46
1756011605.3609445,1,0,-59
1756011605.3979447,-5,-1,-56
1756011605.4359446,-1,0,-47
1756011605.4749446,1,-1,-54
1756011605.5109446,-3,0,-55
1756011605.5479443,-3,0,-53
1756011605.585945,-2,-2,-58
1756011605.6249447,1,0,-58
1756011605.6609447,3,0,-56
1756011605.6979446,9,-4,-50
1756011605.736945,-1,8,-48
1756011605.7749443,-2,-4,-52
1756011605.8109446,0,-3,-49
1756011605.8479445,-2,-4,-45
1756011605.8869443,-4,-7,-44
1756011605.9249446,0,10,-52
1756011605.960945,7,2,-42
1756011605.9979446,3,1,-46
1756011606.0359447,-1,5,-60
1756011606.0749447,0,-10,-58
1756011606.1109445,4,-9,-62
1756011606.1479447,1,3,-50
1756011606.1859446,9,11,-55
1756011606.223945,6,4,-43
1756011606.259945,2,-3,-37
1756011606.2989447,-8,3,-32
1756011606.335945,5,0,-43
1756011606.3739443,-2,10,-55
1756011606.4099443,-3,2,-50
1756011606.4489446,1,-4,-54
1756011606.4859445,4,9,-56
1756011606.5249443,1,-1,-42
1756011606.5609446,1,-3,-47
1756011606.598945,-5,-5,-44
1756011606.6369443,-5,-6,-52
1756011606.6759446,1,1,-41
1756011606.713945,-10,1,-41
1756011606.7499447,-11,0,-40
1756011606.7869446,-1,-1,-46
1756011606.825945,-5,-5,-51
1756011606.8639443,-8,-1,-46
1756011606.8999443,-2,-4,-49
1756011606.937945,0,-2,-53
1756011606.9769447,-4,-4,-57
1756011607.0149446,1,-3,-46
1756011607.0509446,0,-9,-57
1756011607.088945,-8,1,-57
1756011607.1279447,-2,-1,-60
1756011607.1659446,1,0,-41
1756011607.2029445,0,0,-47
1756011607.2399447,2,-3,-62
1756011607.2779446,-4,-4,-50
1756011607.315945,-4,-5,-57
1756011607.3549447,0,-2,-58
1756011607.3909447,3,-7,-49
1756011607.427945,3,2,-44
1756011607.4659443,6,-1,-44
1756011607.5049446,5,-2,-49
1756011607.5409446,2,-1,-44
1756011607.5779445,3,-5,-50
1756011607.6159446,-1,-1,-57
1756011607.654945,0,1,-53
1756011607.690945,-4,6,-38
1756011607.7279446,-3,0,-43
1756011607.7669446,0,0,-43
1756011607.8049445,1,-3,-54
1756011607.8409443,0,-8,-60
1756011607.8779447,-2,-5,-54
1756011607.9169445,-3,0,-62
1756011607.9549446,1,-2,-55
1756011607.9909446,0,-3,-57
1756011608.0279446,9,0,-45
1756011608.065945,1,1,-50
1756011608.1019447,0,4,-49
1756011608.1389446,0,0,-49
1756011608.1769447,-3,-6,-46
1756011608.2159443,0,-3,-57
1756011608.2519443,0,0,-54
1756011608.2889447,-4,-1,-51
1756011608.3269446,-7,-3,-46
1756011608.3659446,-3,-2,-50
1756011608.4019446,0,2,-48
1756011608.4389446,-7,3,-64
1756011608.4769447,-3,4,-61
1756011608.5159447,-7,-2,-51
1756011608.5519447,-9,0,-51
1756011608.588945,-1,-1,-50
1756011608.6269443,-1,1,-51
1756011608.6659446,-4,2,-50
1756011608.7019446,-1,-3,-47
1756011608.7399447,-9,3,-56
1756011608.7779446,-5,9,-56
1756011608.8169446,-3,0,-49
1756011608.8529446,1,0,-47
1756011608.8899446,-3,0,-38
1756011608.927945,3,-1,-44
1756011608.9669447,0,-6,-34
1756011609.0029447,0,1,-41
1756011609.0409446,-1,-1,-54
1756011609.0789447,0,0,-56
1756011609.1169446,2,0,-55
1756011609.1529446,0,5,-60
1756011609.1899445,2,4,-55
1756011609.2279446,2,3,-47
1756011609.2659447,1,-4,-50
1756011609.3019447,9,-4,-55
1756011609.338945,7,4,-58
1756011609.3769443,1,2,-51
1756011609.4129446,-2,-6,-42
1756011609.450945,1,-5,-38
1756011609.4889443,-3,-5,-49
1756011609.5279446,-9,1,-61
1756011609.565945,0,-6,-66
1756011609.6019447,3,-1,-56
1756011609.6399446,0,0,-47
1756011609.677945,0,-1,-51
1756011609.7159443,0,-2,-53
1756011609.7519443,0,-2,-55
1756011609.7889447,7,0,-63
1756011609.8269446,3,-4,-56
1756011609.8629446,-2,-1,-58
1756011609.9009447,-1,-2,-63
1756011609.9389446,-3,1,-46
1756011609.9779446,-4,1,-53
1756011610.0159447,0,-4,-57
1756011610.0519447,-7,5,-47
1756011610.088945,-2,0,-57
1756011610.1279447,0,0,-55
1756011610.1659446,-4,5,-55
1756011610.2019446,-3,3,-53
1756011610.2399447,-3,0,-44
1756011610.2779446,-1,1,-46
1756011610.3169446,-11,-4,-47
1756011610.3529446,-1,-1,-48
1756011610.3909447,2,0,-50
1756011610.4289446,0,-3,-63
1756011610.4679446,3,-1,-51
1756011610.5039446,0,-2,-50
1756011610.5409446,-2,-2,-47
1756011610.5799446,0,2,-62
1756011610.6179447,1,5,-66
1756011610.6539447,-3,5,-49
1756011610.6999447,-4,-2,-49
1756011610.7379446,0,-4,-55
1756011610.7739446,2,-11,-55
1756011610.8109446,7,-5,-50
1756011610.848945,0,-9,-53
1756011610.8879447,5,2,-50
1756011610.9239447,6,1,-60
1756011610.960945,2,1,-56
1756011610.9989443,0,5,-58
1756011611.0369446,8,-2,-60
1756011611.0729446,3,-2,-51
1756011611.1109445,-4,-3,-49
1756011611.1489446,-2,-2,-52
1756011611.187945,-13,5,-50
1756011611.223945,-12,-5,-58
1756011611.2619443,-3,-4,-53
1756011611.2999446,-1,0,-52
1756011611.338945,0,-1,-50
1756011611.3769443,2,0,-49
1756011611.4129446,3,0,-57
1756011611.4499447,4,0,-58
1756011611.4879446,4,-1,-61
1756011611.5239446,1,2,-52
1756011611.5609446,1,4,-60
1756011611.598945,-1,-5,-59
1756011611.6369443,1,-2,-49
1756011611.6729443,1,-3,-52
1756011611.710945,-7,0,-47
1756011611.7499447,-8,0,-49
1756011611.7879446,-3,-8,-50
1756011611.8239446,-4,-5,-57
1756011611.861945,-4,-3,-41
1756011611.8999443,0,-1,-46
1756011611.9389446,3,-2,-55
1756011611.9769447,0,2,-53
1756011612.0129447,1,0,-56
1756011612.0499446,5,0,-59
1756011612.0879445,0,-3,-48
1756011612.1249447,-1,-2,-48
1756011612.1619446,-4,-1,-52
1756011612.1999447,0,0,-54
1756011612.2379446,0,0,-66
1756011612.2739446,0,0,-58
1756011612.3119447,4,-5,-67
1756011612.3499446,-1,-1,-56
1756011612.3889446,2,-2,-54
1756011612.4249446,9,-3,-50
1756011612.4619446,8,-5,-50
1756011612.4999447,2,-6,-55
1756011612.5389447,5,8,-55
1756011612.5749447,0,2,-52
1756011612.611945,-1,1,-51
1756011612.6499443,6,4,-57
1756011612.687945,4,7,-66
1756011612.723945,5,7,-51
1756011612.7619443,7,9,-52
1756011612.7999446,-3,-3,-65
1756011612.8379445,-7,-2,-45
1756011612.8739443,0,1,-48
1756011612.9119446,-4,0,-55
1756011612.9499447,-4,-5,-46
1756011612.9889443,-2,1,-51
1756011613.0249443,0,2,-45
1756011613.0619447,8,6,-48
1756011613.0999446,1,0,-43
1756011613.1379447,3,7,-44
1756011613.1739447,1,1,-45
1756011613.210945,2,-4,-50
1756011613.2499447,-5,-4,-57
1756011613.2879446,-2,-7,-40
1756011613.3239446,-6,-1,-42
1756011613.361945,3,-1,-53
1756011613.3999443,0,0,-41
1756011613.437945,0,-14,-48
1756011613.473945,-5,-9,-50
1756011613.5119443,-5,0,-47
1756011613.5499446,-4,-1,-55
1756011613.588945,-9,-9,-50
1756011613.6249447,-4,1,-71
1756011613.6619446,-2,8,-58
1756011613.6999447,-4,0,-60
1756011613.7389443,-9,1,-59
1756011613.7749443,-1,-4,-57
1756011613.8139446,3,-5,-51
1756011613.8519447,1,-4,-45
1756011613.8899446,0,5,-45
1756011613.9259446,4,4,-49
1756011613.963945,-1,-2,-50
1756011614.0019443,-3,4,-50
1756011614.0409446,0,1,-60
1756011614.0789447,-6,6,-58
1756011614.1149447,-1,0,-47
1756011614.1519446,-1,-1,-41
1756011614.190945,6,-5,-48
1756011614.2289443,3,2,-35
1756011614.2649446,-3,-2,-38
1756011614.302945,-3,1,-52
1756011614.3409443,-4,3,-60
1756011614.3799446,4,1,-57
1756011614.4159446,-2,-7,-45
1756011614.4539447,-4,-2,-45
1756011614.4919446,-2,4,-43
1756011614.5309446,-2,0,-50
1756011614.5689447,2,1,-53
1756011614.6049447,0,-5,-55
1756011614.6419446,-2,-1,-50
1756011614.6809447,-1,-1,-35
1756011614.7189443,3,5,-49
1756011614.7549446,4,0,-54
1756011614.7919445,-2,1,-44
1756011614.8309443,0,4,-54
1756011614.8689446,1,4,-51
1756011614.904945,0,0,-54
1756011614.9419446,2,-1,-53
1756011614.9809446,3,2,-60
1756011615.0189445,0,-2,-58
1756011615.0549445,2,0,-61
1756011615.0919447,-4,-4,-50
1756011615.1309447,2,-2,-53
1756011615.1689446,-3,-4,-49
1756011615.2049446,-2,-2,-49
1756011615.2439446,-4,3,-59
1756011615.2809446,-2,5,-49
1756011615.3199446,0,-7,-51
1756011615.3559446,0,-6,-60
1756011615.3939445,0,6,-58
1756011615.4309447,-3,0,-54
1756011615.4699447,-2,2,-57
1756011615.5059447,6,1,-44
1756011615.5439446,6,-2,-49
1756011615.5819447,7,-4,-43
1756011615.6209445,-2,-3,-43
1756011615.6569445,-8,-2,-39
1756011615.6949446,-4,-2,-54
1756011615.7329447,-6,0,-57
1756011615.7709446,-1,1,-64
1756011615.8099446,-8,-3,-53
1756011615.8459446,5,4,-55
1756011615.8829446,-1,-1,-58
1756011615.9209447,1,5,-52
1756011615.9599447,4,2,-41
1756011615.9959445,0,2,-45
1756011616.032945,-2,7,-56
1756011616.0709443,-4,1,-56
1756011616.1099446,0,12,-64
1756011616.1459446,0,7,-66
1756011616.1829443,1,1,-53
1756011616.2219446,4,0,-52
1756011616.259945,-1,6,-59
1756011616.2959447,-1,4,-56
1756011616.3339446,3,-1,-60
1756011616.3729446,0,-4,-53
1756011616.4109447,1,-2,-48
1756011616.4469447,-2,-5,-41
1756011616.4849446,-5,2,-43
1756011616.5229447,3,-6,-44
1756011616.5619447,3,1,-47
1756011616.5999446,7,2,-47
1756011616.6359446,5,1,-50
1756011616.6729443,-9,-2,-40
1756011616.7119446,0,0,-52
1756011616.7499447,-4,3,-42
1756011616.7859447,-8,4,-36
1756011616.8229446,0,4,-32
1756011616.8609445,-2,0,-47
1756011616.8969443,-6,1,-45
1756011616.9339447,-6,2,-55
1756011616.9719446,-7,-1,-48
1756011617.0109446,-4,2,-56
1756011617.0469446,-7,3,-47
1756011617.0839446,-12,5,-39
1756011617.121945,-4,3,-46
1756011617.1609447,0,0,-50
1756011617.1969447,-2,0,-49
1756011617.233945,-1,-7,-56
1756011617.2719443,-6,0,-59
1756011617.3109446,-4,1,-47
1756011617.3469446,-2,3,-53
1756011617.3839445,0,-1,-59
1756011617.4219446,-3,2,-55
1756011617.460945,3,-2,-57
1756011617.496945,-2,-5,-51
1756011617.5349443,-2,-1,-44
1756011617.5729446,0,-4,-53
1756011617.611945,0,-3,-52
1756011617.6479447,-5,-2,-47
1756011617.6859446,-1,-2,-45
1756011617.723945,-6,4,-52
1756011617.7629447,2,6,-52
1756011617.8009446,1,2,-48
1756011617.8369446,0,0,-52
1756011617.8739443,2,3,-51
1756011617.9129446,1,3,-54
1756011617.950945,0,-3,-52
1756011617.986945,-4,4,-58
1756011618.0239446,-1,0,-56
1756011618.062945,-3,-6,-50
1756011618.1009445,-11,-2,-56
1756011618.1369443,-10,0,-63
1756011618.1749446,-3,4,-51
1756011618.2129445,2,-1,-52
1756011618.2519443,0,-2,-62
1756011618.2879446,3,0,-65
1756011618.3249447,5,1,-43
1756011618.3629446,3,5,-52
1756011618.4009447,0,6,-53
1756011618.4369447,7,-2,-46
1756011618.473945,0,5,-43
1756011618.5119443,1,-1,-56
1756011618.5479443,4,-4,-50
1756011618.5869446,1,-7,-54
1756011618.6239443,-1,-2,-48
1756011618.6629446,5,6,-53
1756011618.6989446,4,1,-58
1756011618.736945,1,3,-56
1756011618.7739446,-4,-3,-56
1756011618.812945,-2,3,-51
1756011618.848945,-3,4,-55
1756011618.8869443,3,2,-44
1756011618.9249446,-5,-6,-60
1756011618.9629445,2,-5,-49
1756011618.9989443,-5,-5,-50
1756011619.0379446,-10,-6,-59
1756011619.0749447,-7,-1,-37
1756011619.1129446,0,-11,-46
1756011619.1519446,-2,-6,-52
1756011619.187945,5,-1,-53
1756011619.2249446,-1,-2,-45
1756011619.2629447,2,-5,-41
1756011619.3019447,4,1,-46
1756011619.3379445,-3,3,-52
1756011619.3749447,-5,1,-65
1756011619.4129446,-5,5,-63
1756011619.4519446,-4,3,-59
1756011619.4879446,0,-1,-57
1756011619.5249443,0,-5,-54
1756011619.5639446,0,-6,-47
1756011619.6019447,-6,-9,-50
1756011619.6379447,-3,-7,-48
1756011619.6759446,-2,-2,-48
1756011619.7149446,-6,-3,-58
1756011619.7529447,-6,0,-46
1756011619.7889447,0,1,-54
1756011619.825945,4,0,-56
1756011619.8639443,9,2,-51
1756011619.9019446,0,-1,-49
1756011619.937945,2,-3,-49
1756011619.9749446,2,0,-46
1756011620.0129447,4,7,-55
1756011620.0489447,0,2,-50
1756011620.085945,-4,0,-60
1756011620.1249447,5,-1,-54
1756011620.1629446,0,-4,-49
1756011620.1989446,0,-6,-53
1756011620.2359445,-1,-7,-61
1756011620.2749443,-5,-1,-53
1756011620.312945,-3,5,-56
1756011620.348945,-4,-2,-45
1756011620.3869443,4,-1,-41
1756011620.4249446,-2,0,-40
1756011620.463945,4,-2,-45
1756011620.4999447,6,-4,-45
1756011620.5369446,8,-4,-47
1756011620.5749447,0,-4,-39
1756011620.6139443,2,4,-50
1756011620.6499443,8,2,-48
1756011620.6869447,0,-3,-57
1756011620.7329447,2,-5,-47
1756011620.7689445,2,0,-56
1756011620.8059447,-4,2,-47
1756011620.8439443,-7,5,-53
1756011620.8829446,-1,0,-59
1756011620.9189446,-5,5,-58
1756011620.9579446,5,-6,-56
1756011620.9949446,1,-5,-56
1756011621.0339446,0,-2,-52
1756011621.0699446,3,-1,-51
1756011621.1079447,-3,-1,-50
1756011621.1459446,-2,-2,-46
1756011621.1849446,-4,-1,-63
1756011621.2229445,1,-1,-65
1756011621.2589445,4,-2,-54
1756011621.2969446,5,3,-48
1756011621.3349447,0,0,-41
1756011621.3729446,1,-1,-50
1756011621.4089446,1,2,-46
1756011621.4469447,0,-1,-55
1756011621.4849446,13,-2,-36
1756011621.5239446,1,-3,-39
1756011621.5599446,2,-1,-43
1756011621.5979445,0,0,-45
1756011621.634945,-1,-4,-52
1756011621.6739447,6,0,-45
1756011621.7099447,5,-2,-44
1756011621.746945,-2,3,-55
1756011621.7849443,-6,-3,-58
1756011621.8239446,2,-3,-56
1756011621.8599446,0,-6,-51
1756011621.8979447,0,-1,-48
1756011621.9369447,-5,2,-59
1756011621.9749446,-9,0,-53
1756011622.0129447,4,-2,-46
1756011622.0489447,-1,-1,-44
1756011622.0869446,-6,4,-62
1756011622.1249447,-1,2,-52
1756011622.1639447,-1,1,-64
1756011622.1999447,-8,-1,-60
1756011622.2379446,-3,-4,-55
1756011622.2759447,-2,0,-52
1756011622.3149445,-1,0,-56
1756011622.3509445,-4,0,-54
1756011622.3899446,-10,-1,-49
1756011622.4269447,-6,2,-49
1756011622.4649446,-2,-4,-49
1756011622.5039446,1,-5,-52
1756011622.5399446,2,1,-53
1756011622.5769446,-2,-1,-48
1756011622.6149447,-2,-3,-43
1756011622.6539447,-8,-1,-50
1756011622.6899445,0,-7,-57
1756011622.7269447,0,0,-50
1756011622.7659447,6,4,-55
1756011622.8039446,7,1,-58
1756011622.8399446,6,11,-55
1756011622.8779447,1,0,-50
1756011622.9159446,-2,1,-54
1756011622.9539447,1,-7,-46
1756011622.9899447,5,1,-45
1756011623.0269446,-1,-6,-45
1756011623.065945,-1,-1,-49
1756011623.1039443,2,-9,-42
1756011623.1399446,5,-4,-58
1756011623.1769447,4,0,-59
1756011623.2149446,-1,2,-41
1756011623.2509446,6,0,-50
1756011623.2879446,1,-6,-34
1756011623.325945,0,-3,-44
1756011623.3649447,-3,-5,-51
1756011623.4009447,-7,-7,-49
1756011623.4399445,0,-1,-55
1756011623.4769447,1,7,-48
1756011623.5149446,-7,4,-49
1756011623.5509446,2,-5,-47
1756011623.5879445,-5,-3,-56
1756011623.6269443,-3,1,-50
1756011623.6649446,2,0,-47
1756011623.700945,-1,5,-42
1756011623.7379446,4,-1,-42
1756011623.7759447,1,3,-51
1756011623.8149445,-1,-4,-43
1756011623.8509445,-8,-3,-47
1756011623.8889446,-5,1,-47
1756011623.9269447,0,-4,-49
1756011623.9659443,3,-3,-55
1756011624.0019443,0,6,-46
1756011624.0389447,0,-1,-56
1756011624.0769446,2,-2,-56
1756011624.1159446,13,-3,-47
1756011624.1519446,2,-3,-52
1756011624.1889446,6,-2,-46
1756011624.2269447,0,-7,-45
1756011624.2659447,0,-5,-44
1756011624.3019447,5,-7,-41
1756011624.338945,0,-2,-46
1756011624.3769443,-1,1,-44
1756011624.4159446,9,1,-62
1756011624.4519446,4,-2,-52
1756011624.4899447,-1,-1,-45
1756011624.5279446,-4,0,-56
1756011624.5669446,2,1,-46
1756011624.6049447,-3,-7,-47
1756011624.6409447,1,1,-49
1756011624.677945,0,0,-44
1756011624.7159443,0,0,-43
1756011624.7519443,0,0,-50
1756011624.7889447,-5,-9,-57
1756011624.8269446,-2,0,-63
1756011624.8659446,-2,1,-60
1756011624.9019446,0,-1,-51
1756011624.9389446,-1,0,-54
1756011624.9769447,0,-8,-49
1756011625.0159447,2,0,-54
1756011625.0519447,-2,4,-46
1756011625.088945,0,-3,-50
1756011625.1269443,8,0,-51
1756011625.1649446,4,-1,-54
1756011625.200945,2,-3,-49
1756011625.2389443,0,-1,-43
1756011625.2769446,5,-3,-45
1756011625.315945,0,0,-40
1756011625.3519447,0,-5,-60
1756011625.3889446,1,-3,-60
1756011625.4269447,1,0,-59
1756011625.4629445,2,0,-51
1756011625.4999447,0,-2,-52
1756011625.5389447,-1,-1,-48
1756011625.5769446,-4,3,-51
1756011625.6129446,-2,4,-43
1756011625.6499443,-5,3,-35
1756011625.6889446,0,-3,-36
1756011625.7269447,-4,-5,-52
1756011625.7629447,-6,-7,-53
1756011625.8009446,-6,0,-56
1756011625.838945,0,-7,-39
1756011625.8769443,-3,-3,-43
1756011625.9159446,5,5,-51
1756011625.9519446,4,5,-45
1756011625.9889443,2,1,-51
1756011626.0269446,7,-7,-58
1756011626.062945,-2,-5,-53
1756011626.1009445,0,-3,-41
1756011626.1389446,2,-9,-44
1756011626.177945,-4,-11,-50
1756011626.2159443,-8,0,-47
1756011626.2519443,-1,-4,-51
1756011626.2899446,5,-3,-57
1756011626.3289447,0,-3,-53
1756011626.3669446,-3,3,-46
1756011626.4029446,-2,0,-40
1756011626.440945,0,0,-51
1756011626.4779446,3,-1,-47
1756011626.5169446,6,0,-47
1756011626.552945,5,-8,-42
1756011626.5909443,4,-5,-49
1756011626.6289446,5,-3,-43
1756011626.667945,0,4,-41
1756011626.7059443,3,0,-54
1756011626.7419446,9,-10,-53
1756011626.7789447,-2,-6,-53
1756011626.8179443,-8,-2,-51
1756011626.8559446,0,-3,-48
1756011626.8919446,-4,0,-53
1756011626.9289446,0,-1,-52
1756011626.9679446,7,-1,-53
1756011627.0059447,4,2,-58
1756011627.0419445,7,0,-52
1756011627.0789447,0,-7,-55
1756011627.1179447,-3,-4,-52
1756011627.1539447,-1,-8,-46
1756011627.1919446,-7,0,-54
1756011627.2299447,-1,-3,-58
1756011627.2679446,-3,-8,-42
1756011627.3069446,8,0,-45
1756011627.3429446,5,-5,-49
1756011627.3799446,5,-6,-53
1756011627.417945,6,-1,-58
1756011627.4569447,0,1,-46
1756011627.4929447,-7,2,-46
1756011627.5309446,-4,-3,-53
1756011627.5689447,6,0,-55
1756011627.6069446,2,1,-46
1756011627.6429446,0,-3,-45
1756011627.6809447,-5,-2,-53
1756011627.7189443,-1,3,-44
1756011627.7579446,-6,-3,-41
1756011627.7939446,0,-2,-50
1756011627.8309443,3,1,-59
1756011627.8689446,-5,1,-64
1756011627.9069445,2,-3,-39
1756011627.9429443,2,-7,-45
1756011627.9799447,-1,-13,-45
1756011628.0189445,-2,-4,-53
1756011628.0569446,0,-3,-45
1756011628.0929446,1,2,-54
1756011628.1299446,0,0,-49
1756011628.167945,5,-2,-48
1756011628.2039447,3,2,-47
1756011628.2409446,1,-2,-45
1756011628.2789447,-2,-3,-49
1756011628.3179443,0,-1,-46
1756011628.3539443,6,-4,-50
1756011628.3909447,3,-2,-49
1756011628.4289446,4,-5,-49
1756011628.4679446,4,-3,-39
1756011628.5039446,2,-1,-46
1756011628.5419445,-1,-2,-53
1756011628.5789447,0,-1,-57
1756011628.6179447,-4,2,-53
1756011628.6539447,0,0,-53
1756011628.6919446,-3,-2,-41
1756011628.7289443,2,-8,-45
1756011628.7679446,0,-2,-45
1756011628.8039446,3,-5,-54
1756011628.8419447,-8,2,-38
1756011628.8789446,-3,-3,-48
1756011628.917945,4,-4,-38
1756011628.9539447,7,-1,-43
1756011628.9909446,-2,-2,-37
1756011629.0289447,-2,-6,-56
1756011629.0679443,1,0,-45
1756011629.1039443,-1,1,-51
1756011629.1419446,-4,0,-44
1756011629.1789446,1,-2,-50
1756011629.2179446,1,2,-58
1756011629.2539446,-2,2,-47
1756011629.2919445,2,1,-55
1756011629.3289447,1,-3,-63
1756011629.3679447,0,4,-67
1756011629.4039447,7,2,-51
1756011629.440945,-7,-2,-55
1756011629.4799447,2,0,-48
1756011629.5179446,-3,0,-39
1756011629.5539446,0,-1,-41
1756011629.5909443,-5,2,-46
1756011629.6299446,-8,2,-50
1756011629.667945,-5,0,-59
1756011629.7039447,-4,4,-60
1756011629.7409446,0,-3,-55
1756011629.779945,3,-7,-57
1756011629.8179443,1,-9,-58
1756011629.8539443,1,0,-54
1756011629.8909447,11,0,-61
1756011629.9289446,-1,-1,-47
1756011629.9649446,-2,-5,-43
1756011630.0029447,0,-2,-59
1756011630.0409446,-5,4,-57
1756011630.0799446,-2,-1,-54
1756011630.1179447,-3,-3,-57
1756011630.1539447,-7,-2,-46
1756011630.1919446,-2,0,-48
1756011630.2299447,3,-3,-51
1756011630.2689445,3,-7,-50
1756011630.3049445,2,-3,-55
1756011630.3429446,-2,-1,-56
1756011630.381945,1,0,-52
1756011630.4199443,2,-4,-65
1756011630.4559443,1,5,-63
1756011630.4929447,0,3,-55
1756011630.5309446,-2,-2,-43
1756011630.5699446,0,-6,-55
1756011630.608945,0,3,-49
1756011630.644945,2,7,-44
1756011630.6829443,-6,6,-49
1756011630.7199447,0,2,-55
1756011630.7649446,-2,-3,-52
1756011630.8019447,1,-5,-45
1756011630.8409443,3,0,-55
1756011630.8789446,-5,-2,-54
1756011630.9149446,-3,-1,-56
1756011630.9529445,-1,-2,-52
1756011630.9909446,3,4,-61
1756011631.029945,0,1,-58
1756011631.065945,0,1,-64
1756011631.1029446,-2,1,-63
1756011631.1409447,3,0,-60
1756011631.1789446,2,-1,-53
1756011631.2149446,7,-1,-56
1756011631.2519443,2,-1,-53
1756011631.2909446,5,3,-58
1756011631.3289447,2,0,-52
1756011631.3649447,-1,1,-55
1756011631.4029446,10,1,-49
1756011631.440945,1,0,-48
1756011631.4789443,-5,0,-47
1756011631.5149446,-10,1,-53
1756011631.5519447,-6,0,-67
1756011631.5909443,1,0,-51
1756011631.6289446,2,6,-56
1756011631.6649446,-1,6,-55
1756011631.7029445,2,3,-62
1756011631.7409446,0,6,-60
1756011631.7789447,-1,1,-56
1756011631.8149445,6,5,-57
1756011631.8529446,5,3,-53
1756011631.8909447,2,-4,-55
1756011631.9289446,8,-1,-59
1756011631.9649446,4,0,-60
1756011632.0029447,2,-1,-40
1756011632.0409446,5,-6,-50
1756011632.0769446,1,-10,-51
1756011632.1139443,3,-10,-50
1756011632.1529446,0,-8,-51
1756011632.190945,-3,-9,-58
1756011632.2269447,1,-8,-57
1756011632.2639446,-5,0,-56
1756011632.302945,-1,-2,-53
1756011632.3409443,5,-1,-58
1756011632.3769443,12,-2,-54
1756011632.4139447,0,-2,-64
1756011632.4519446,-2,-5,-54
1756011632.4909446,-4,-10,-48
1756011632.5269446,-9,3,-44
1756011632.5639446,-8,-6,-45
1756011632.6019447,2,-1,-46
1756011632.6409447,5,0,-46
1756011632.6769447,3,0,-51
1756011632.713945,5,0,-44
1756011632.7529447,-4,-4,-46
1756011632.7909446,-1,0,-56
1756011632.8269446,-6,0,-57
1756011632.8649447,1,-2,-59
1756011632.9029446,-3,-8,-54
1756011632.9419446,-6,-2,-48
1756011632.9799447,0,-1,-48
1756011633.0159447,13,3,-43
1756011633.052945,2,-6,-41
1756011633.0919447,0,-11,-49
1756011633.1299446,-3,-5,-51
1756011633.1659446,4,3,-53
1756011633.2029445,1,0,-50
1756011633.2409446,-1,0,-58
1756011633.2769446,4,-5,-56
1756011633.3139446,5,1,-58
1756011633.3519447,2,0,-58
1756011633.3899446,-3,1,-44
1756011633.4259446,-4,4,-51
1756011633.4629445,0,-2,-51
1756011633.5019443,-3,-2,-51
1756011633.5399446,-1,-2,-44
1756011633.575945,-4,-5,-53
1756011633.6139443,-4,0,-55
1756011633.6519446,0,7,-50
1756011633.6899445,6,1,-48
1756011633.7259445,0,-3,-37
1756011633.7639446,-1,-7,-53
1756011633.8019447,1,-7,-55
1756011633.8379445,0,-12,-59
1756011633.8749447,-1,-4,-46
1756011633.9129446,0,-1,-39
1756011633.9519446,1,0,-55
1756011633.9879446,7,0,-47
1756011634.0249443,-5,5,-55
1756011634.062945,0,2,-43
1756011634.1019447,6,4,-42
1756011634.1379447,1,5,-44
1756011634.1749446,-1,-1,-45
1756011634.2129445,2,-5,-56
1756011634.2519443,-3,-2,-49
1756011634.2879446,2,0,-48
1756011634.3249447,3,1,-55
1756011634.3629446,1,1,-53
1756011634.4019446,-2,-1,-47
1756011634.437945,-2,-1,-54
1756011634.4759445,0,2,-46
1756011634.5139446,3,1,-57
1756011634.552945,-4,-2,-54
1756011634.5909443,-11,3,-63
1756011634.6269443,-5,-1,-58
1756011634.6649446,0,3,-50
1756011634.7029445,-4,0,-54
1756011634.7419446,0,-4,-52
1756011634.7779446,0,-1,-56
1756011634.8149445,0,4,-44
1756011634.8529446,-3,10,-49
1756011634.8909447,-1,1,-48
1756011634.9269447,0,-1,-49
1756011634.9649446,-2,-6,-46
1756011635.0029447,0,1,-53
1756011635.0409446,6,-5,-60
1756011635.0769446,-1,-3,-64
1756011635.1149447,0,-8,-59
1756011635.1529446,-2,0,-57
1756011635.1919446,12,-2,-54
1756011635.2279446,7,-3,-47
1756011635.2649446,10,0,-46
1756011635.302945,7,3,-44
1756011635.3409443,-3,-6,-52
1756011635.3769443,-6,-7,-45
1756011635.4149446,0,4,-69
1756011635.4529445,1,7,-47
1756011635.4889443,-1,3,-42
1756011635.5259447,3,0,-56
1756011635.5649445,0,1,-51
1756011635.6029446,1,0,-53
1756011635.6389446,-4,3,-49
1756011635.6759446,-1,6,-53
1756011635.7149446,-2,7,-49
1756011635.7529447,0,3,-62
1756011635.7889447,-1,0,-64
1756011635.825945,4,-3,-53
1756011635.8649447,1,0,-55
1756011635.9029446,0,0,-44
1756011635.9389446,-6,0,-49
1756011635.9759445,-4,0,-54
1756011636.0149446,5,-2,-53
1756011636.052945,3,0,-53
1756011636.088945,-5,5,-53
1756011636.1269443,-1,-4,-61
1756011636.1649446,0,0,-57
1756011636.2029445,-2,-1,-44
1756011636.2389443,-4,1,-49
1756011636.2759447,7,5,-48
1756011636.3139446,0,0,-38
1756011636.3519447,1,3,-55
1756011636.3879447,5,2,-52
1756011636.4259446,11,1,-46
1756011636.463945,9,-1,-47
1756011636.5019443,0,2,-42
1756011636.5379446,3,-1,-43
1756011636.575945,-4,-6,-60
1756011636.6139443,0,-8,-57
1756011636.6519446,2,2,-60
1756011636.687945,0,3,-55
1756011636.7249446,-3,5,-60
1756011636.7639446,0,-1,-54
1756011636.8019447,0,1,-50
1756011636.8379445,-3,3,-54
1756011636.8759446,-5,0,-65
1756011636.9139447,-3,-10,-56
1756011636.9529445,-3,-3,-50
1756011636.9889443,0,-4,-47
1756011637.0259447,3,-4,-40
1756011637.0639446,-3,1,-50
1756011637.1029446,0,1,-60
1756011637.1389446,0,2,-46
1756011637.1759446,-1,2,-45
1756011637.213945,0,3,-40
1756011637.2499447,-2,0,-48
1756011637.2869446,3,0,-42
1756011637.3239446,-2,0,-54
1756011637.3629446,0,-2,-50
1756011637.3989446,-3,-1,-61
1756011637.4369447,-10,-2,-58
1756011637.4759445,-1,-6,-52
1756011637.5139446,-1,-5,-49
1756011637.5499446,-1,0,-48
1756011637.5869446,0,3,-45
1756011637.6239443,-4,0,-44
1756011637.6629446,-3,-4,-45
1756011637.6989446,-6,-3,-48
1756011637.7379446,-1,-4,-48
1756011637.7759447,-2,-5,-43
1756011637.8139446,-7,-4,-41
1756011637.8499446,-4,3,-35
1756011637.8869443,1,3,-45
1756011637.9249446,3,-6,-56
1756011637.9629445,8,0,-55
1756011637.9989443,12,2,-53
1756011638.0359447,0,3,-52
1756011638.0749447,0,5,-44
1756011638.1129446,0,0,-51
1756011638.1499443,0,0,-48
1756011638.1869447,6,3,-45
1756011638.2249446,6,0,-47
1756011638.2639446,5,-10,-37
1756011638.2999446,4,0,-38
1756011638.3369446,-4,-1,-42
1756011638.3749447,1,-8,-57
1756011638.4139447,-2,-2,-46
1756011638.4499447,-4,-9,-41
1756011638.4879446,-8,-6,-53
1756011638.5259447,-11,0,-52
1756011638.5649445,-8,-3,-50
1756011638.6029446,-5,-6,-64
1756011638.6389446,4,-5,-61
1756011638.6759446,7,1,-69
1756011638.713945,4,-4,-61
1756011638.7499447,-3,1,-62
1756011638.7879446,-5,1,-60
1756011638.825945,-4,-4,-48
1756011638.8649447,3,-4,-52
1756011638.9009447,3,-2,-56
1756011638.937945,-4,0,-42
1756011638.9759445,-7,0,-47
1756011639.0149446,4,5,-58
1756011639.0509446,4,4,-70
1756011639.088945,4,2,-49
1756011639.1259446,-2,-2,-49
1756011639.1649446,3,0,-49
1756011639.200945,6,1,-47
1756011639.2389443,4,0,-47
1756011639.2759447,4,0,-56
1756011639.3149445,-1,0,-55
1756011639.3509445,-7,-1,-51
1756011639.3889446,2,-6,-45
1756011639.4269447,5,0,-50
1756011639.4649446,2,-5,-49
1756011639.5009446,2,-7,-51
1756011639.5379446,5,2,-54
1756011639.575945,5,4,-59
1756011639.6139443,-1,0,-47
1756011639.6499443,-1,3,-46
1756011639.6869447,0,0,-45
1756011639.7249446,-2,-3,-43
1756011639.7609446,-7,-5,-48
1756011639.7989447,-2,-1,-59
1756011639.8369446,0,0,-55
1756011639.8749447,2,0,-57
1756011639.9109447,0,1,-54
1756011639.9479446,0,2,-50
1756011639.9859445,0,-3,-58
1756011640.0249443,0,-2,-48
1756011640.0609446,3,0,-51
1756011640.0979445,2,0,-51
1756011640.1359446,0,0,-56
1756011640.1739447,2,0,-54
1756011640.2099447,3,0,-49
1756011640.246945,-6,0,-52
1756011640.2859447,0,3,-47
1756011640.3239446,0,4,-50
1756011640.3599446,0,6,-63
1756011640.3969443,1,1,-58
1756011640.4359446,0,-2,-55
1756011640.4719446,-3,0,-52
1756011640.509945,-5,-2,-56
1756011640.5479443,-3,-2,-58
1756011640.585945,0,2,-64
1756011640.6249447,-4,-2,-51
1756011640.6609447,3,-3,-49
1756011640.6989446,0,5,-48
1756011640.7359445,-2,2,-55
1756011640.779945,-4,-2,-42
1756011640.8179443,-9,-5,-49
1756011640.8559446,1,0,-56
1756011640.894945,1,-1,-47
1756011640.9309447,-7,5,-44
1756011640.9689443,-11,3,-36
1756011641.006945,-5,-7,-41
1756011641.0459447,0,0,-42
1756011641.0819447,-1,0,-47
1756011641.1199446,2,-4,-45
1756011641.157945,-3,0,-46
1756011641.1969447,-3,-2,-54
1756011641.2349446,1,2,-50
1756011641.2709446,5,0,-56
1756011641.3079443,0,5,-47
1756011641.3469446,0,4,-42
1756011641.384945,-6,1,-48
1756011641.4209447,2,0,-51
1756011641.4579446,3,-1,-53
1756011641.496945,-4,0,-57
1756011641.5349443,-9,-1,-61
1756011641.5709443,0,3,-46
1756011641.6079447,4,2,-56
1756011641.6459446,2,4,-52
1756011641.6819446,0,1,-61
1756011641.7199447,-12,-1,-56
1756011641.7579446,-3,2,-41
1756011641.7969446,-3,0,-54
1756011641.8349447,0,0,-43
1756011641.8709445,4,-2,-48
1756011641.907945,1,2,-48
1756011641.9459443,2,-5,-54
1756011641.9819446,-5,-13,-48
1756011642.019945,-4,-9,-41
1756011642.0579443,-4,-1,-44
1756011642.0969446,-6,0,-49
1756011642.1329446,-2,7,-63
1756011642.1699443,-5,4,-44
1756011642.2079446,-2,-2,-39
1756011642.246945,-4,-1,-48
1756011642.282945,-2,-6,-45
1756011642.3209443,3,-2,-50
1756011642.358945,-4,1,-54
1756011642.3969443,0,2,-54
1756011642.4359446,2,-6,-54
1756011642.4719446,0,-1,-54
1756011642.5089445,-2,-3,-52
1756011642.5469446,2,-8,-50
1756011642.585945,4,5,-55
1756011642.621945,0,3,-53
1756011642.6589446,-8,8,-48
1756011642.6969447,-3,-5,-42
1756011642.7359445,0,3,-45
1756011642.7719443,-1,6,-50
1756011642.8089447,1,0,-46
1756011642.8469446,0,-4,-46
1756011642.8829446,6,-8,-57
1756011642.9209447,7,-6,-43
1756011642.9589446,2,4,-51
1756011642.996945,3,-2,-53
1756011643.032945,-2,-2,-52
1756011643.0709443,-2,-3,-64
1756011643.108945,-1,4,-46
1756011643.1479447,-5,3,-55
1756011643.1859446,-6,-1,-40
1756011643.2219446,0,-2,-37
1756011643.2589445,2,-1,-38
1756011643.2979443,-2,4,-35
1756011643.335945,-4,2,-41
1756011643.371945,-4,-5,-53
1756011643.4099443,0,0,-52
1756011643.4479446,0,0,-46
1756011643.4859445,3,0,-52
1756011643.5219443,0,4,-46
1756011643.5589447,0,3,-50
1756011643.5969446,6,-1,-41
1756011643.6329446,-5,-1,-47
1756011643.6709447,-9,1,-49
1756011643.7089446,-10,-1,-56
1756011643.7479446,-6,0,-54
1756011643.7839446,6,0,-47
1756011643.8209443,3,8,-49
1756011643.8579447,0,2,-49
1756011643.8939445,-1,10,-54
1756011643.9329443,-4,3,-57
1756011643.9709446,0,3,-51
1756011644.0079446,-4,-1,-56
1756011644.0469446,-3,0,-44
1756011644.0829446,2,-4,-55
1756011644.1209445,-1,2,-58
1756011644.157945,-1,-3,-71
1756011644.1969447,-6,0,-60
1756011644.2329447,-2,0,-62
1756011644.269945,-8,-3,-42
1756011644.3079443,-3,0,-37
1756011644.3469446,3,0,-36
1756011644.3829446,-1,0,-36
1756011644.4199443,8,-1,-45
1756011644.4589446,1,-2,-49
1756011644.4979446,-2,0,-52
1756011644.5339446,3,0,-54
1756011644.5709443,0,2,-51
1756011644.608945,0,-3,-60
1756011644.6469443,-5,-1,-60
1756011644.6829443,-1,0,-56
1756011644.7199447,-1,4,-54
1756011644.7589445,-5,2,-56
1756011644.7969446,0,2,-54
1756011644.8329446,1,-4,-55
1756011644.8699446,6,-2,-49
1756011644.9089446,-4,2,-47
1756011644.9469447,1,1,-47
1756011644.9829447,-1,4,-36
1756011645.019945,-1,1,-41
1756011645.0589447,2,-3,-47
1756011645.0969446,8,-2,-47
1756011645.1329446,8,-5,-48
1756011645.1699443,7,-1,-59
1756011645.2089446,0,0,-56
1756011645.246945,1,6,-62
1756011645.282945,0,1,-55
1756011645.3199446,0,2,-47
1756011645.358945,1,2,-42
1756011645.3969443,6,1,-44
1756011645.4329443,4,3,-52
1756011645.4699447,3,2,-51
1756011645.5079446,7,-1,-56
1756011645.5439446,-2,-5,-53
1756011645.5829446,5,0,-64
1756011645.6199446,0,0,-43
1756011645.657945,0,0,-61
1756011645.6939447,-1,-1,-62
1756011645.7329447,2,4,-53
1756011645.769945,5,-1,-63
1756011645.8089447,-4,-2,-50
1756011645.8449447,-5,-4,-45
1756011645.8829446,-6,0,-43
1756011645.9209447,-2,2,-53
1756011645.9589446,0,5,-55
1756011645.9949446,-2,-2,-53
1756011646.032945,-4,-2,-52
1756011646.0709443,-10,1,-51
1756011646.1099446,-6,5,-59
1756011646.1479447,-6,-2,-46
1756011646.1839447,-3,-1,-38
1756011646.2219446,-2,-6,-42
1756011646.259945,-1,-3,-55
1756011646.2989447,-7,-6,-57
1756011646.3349447,0,-1,-51
1756011646.3729446,-6,1,-53
1756011646.4119446,-13,-5,-46
1756011646.4499447,-1,-1,-51
1756011646.4879446,-2,1,-59
1756011646.5239446,4,-3,-59
1756011646.5619447,7,-6,-49
1756011646.5999446,-2,2,-49
1756011646.6379447,6,1,-61
1756011646.6739447,2,1,-60
1756011646.710945,0,-1,-45
1756011646.7499447,2,-3,-52
1756011646.7879446,0,-4,-47
1756011646.8239446,-7,-1,-41
1756011646.861945,1,1,-61
1756011646.8999443,5,-1,-49
1756011646.937945,2,-2,-47
1756011646.973945,4,-3,-49
1756011647.0119443,6,9,-56
1756011647.0499446,11,4,-56
1756011647.085945,0,3,-49
1756011647.1229446,-7,-1,-45
1756011647.1619446,0,-7,-51
1756011647.1999447,4,-9,-58
1756011647.2359445,5,-3,-57
1756011647.2729447,3,-6,-57
1756011647.3109446,7,-2,-56
1756011647.3499446,0,0,-59
1756011647.3859446,2,-2,-63
1756011647.4229443,-8,0,-49
1756011647.460945,-3,5,-46
1756011647.4999447,3,-1,-42
1756011647.5359447,4,3,-47
1756011647.5729446,7,8,-50
1756011647.6099446,-2,1,-48
1756011647.6489446,-2,-2,-40
1756011647.6849446,-2,5,-41
1756011647.7229445,-1,-9,-41
1756011647.7619443,-6,-5,-43
1756011647.7999446,0,-4,-55
1756011647.835945,4,1,-47
1756011647.8729446,-4,0,-47
1756011647.9119446,-2,-4,-50
1756011647.9499447,1,0,-54
1756011647.9859445,-4,-8,-47
1756011648.0239446,-1,-2,-56
1756011648.0619447,1,-1,-58
1756011648.1009445,-4,2,-49
1756011648.1389446,0,-3,-39
1756011648.1749446,5,3,-50
1756011648.2119446,4,0,-50
1756011648.2509446,4,5,-56
1756011648.2889447,2,-2,-63
1756011648.3249447,4,-7,-57
1756011648.361945,0,-7,-55
1756011648.4009447,0,-3,-40
1756011648.4389446,4,-8,-39
1756011648.4749446,4,-11,-48
1756011648.5119443,-2,-6,-54
1756011648.5509446,3,-4,-50
1756011648.588945,7,-3,-59
1756011648.6249447,0,-1,-53
1756011648.6619446,4,-5,-45
1756011648.700945,0,1,-56
1756011648.736945,6,5,-63
1756011648.7739446,7,-4,-53
1756011648.8119447,2,-10,-54
1756011648.8509445,0,-8,-56
1756011648.8869443,-5,-6,-54
1756011648.9249446,-2,-4,-56
1756011648.9629445,0,0,-55
1756011649.0009446,0,-6,-44
1756011649.0369446,-2,2,-42
1756011649.0739446,8,-6,-49
1756011649.111945,3,1,-49
1756011649.1499443,0,-1,-44
1756011649.1859446,0,0,-51
1756011649.2229445,-4,-2,-49
1756011649.2619443,-5,0,-49
1756011649.2999446,1,-1,-47
1756011649.335945,-1,6,-58
1756011649.3729446,-2,4,-66
1756011649.4119446,-5,4,-52
1756011649.4499447,0,3,-40
1756011649.4859445,2,-9,-40
1756011649.5229447,-3,-7,-52
1756011649.5619447,0,-5,-56
1756011649.5999446,-1,-1,-51
1756011649.6359446,3,0,-51
1756011649.6729443,7,0,-60
1756011649.710945,5,-2,-52
1756011649.746945,4,-1,-56
1756011649.7849443,6,-3,-48
1756011649.8229446,8,1,-50
1756011649.861945,1,1,-53
1756011649.8999443,0,-2,-55
1756011649.9359446,3,0,-47
1756011649.9729445,1,-2,-50
1756011650.0119443,-8,-6,-49
1756011650.0499446,0,-5,-51
1756011650.085945,3,-5,-58
1756011650.1229446,0,0,-61
1756011650.1619446,-6,3,-54
1756011650.1999447,-2,2,-59
1756011650.2359445,0,6,-50
1756011650.2739446,-3,-2,-58
1756011650.3119447,5,0,-56
1756011650.3509445,-2,2,-54
1756011650.3869443,3,0,-48
1756011650.4239447,-8,-1,-54
1756011650.4619446,-7,2,-53
1756011650.5009446,-3,-3,-49
1756011650.5369446,-2,-1,-52
1756011650.5749447,-2,0,-48
1756011650.6129446,0,-3,-49
1756011650.6519446,3,-3,-52
1756011650.687945,-8,-3,-43
1756011650.7259445,-1,0,-57
1756011650.7639446,-1,-3,-52
1756011650.8089447,2,4,-44
1756011650.8459446,-3,-5,-45
1756011650.8839445,-2,0,-50
1756011650.9219446,-14,-3,-50
1756011650.960945,-5,-3,-58
1756011650.996945,1,-10,-47
1756011651.0359447,0,-2,-55
1756011651.0729446,6,0,-35
1756011651.1109445,-1,-2,-46
1756011651.1469443,1,0,-45
1756011651.1849446,-7,-2,-50
1756011651.2229445,-2,-2,-52
1756011651.2619443,7,1,-47
1756011651.2979443,9,6,-46
1756011651.3349447,8,7,-47
1756011651.3729446,-2,0,-58
1756011651.4119446,2,-7,-61
1756011651.4479446,-3,-8,-50
1756011651.4859445,2,0,-53
1756011651.5229447,1,0,-50
1756011651.5609446,4,-1,-51
1756011651.5979445,2,-5,-38
1756011651.6359446,0,-7,-50
1756011651.6729443,-7,-2,-60
1756011651.7119446,3,0,-50
1756011651.7479446,-3,4,-50
1756011651.7849443,-2,3,-63
1756011651.8229446,2,1,-57
1756011651.8609445,-1,-5,-50
1756011651.8969443,-4,3,-50
1756011651.9349446,2,6,-45
1756011651.9729445,1,0,-38
1756011652.0109446,0,0,-46
1756011652.0469446,0,2,-51
1756011652.0839446,-1,-1,-49
1756011652.1229446,1,1,-46
1756011652.1589446,2,0,-46
1756011652.1959443,0,0,-42
1756011652.2329447,-2,-1,-56
1756011652.2719443,0,3,-52
1756011652.3079443,-5,4,-49
1756011652.3449447,1,-3,-50
1756011652.3829446,0,-2,-54
1756011652.4219446,0,-2,-43
1756011652.4579446,0,0,-50
1756011652.4949446,-1,-5,-50
1756011652.532945,-2,-8,-66
1756011652.5719447,-2,5,-63
1756011652.6079447,-2,3,-43
1756011652.644945,0,-6,-50
1756011652.6829443,0,-1,-61
1756011652.7219446,0,0,-49
1756011652.7579446,-2,0,-56
1756011652.7949443,5,0,-59
1756011652.8329446,2,-8,-54
1756011652.8689446,-1,-3,-57
1756011652.9069445,1,-2,-66
1756011652.9449446,3,-9,-66
1756011652.983945,2,0,-52
1756011653.0219443,-6,-5,-51
1756011653.0579443,-6,-5,-60
1756011653.0959446,-5,1,-55
1756011653.1339445,10,0,-55
1756011653.1729443,2,0,-55
1756011653.2089446,-3,-6,-56
1756011653.246945,-1,-2,-42
1756011653.2849443,3,3,-36
1756011653.3229446,0,1,-56
1756011653.358945,0,2,-52
1756011653.3959446,-1,6,-48
1756011653.4339447,0,3,-46
1756011653.4729445,-5,2,-44
1756011653.5089445,-1,0,-42
1756011653.5459447,-3,0,-53
1756011653.5839446,0,-9,-50
1756011653.6229446,9,-3,-51
1756011653.6589446,2,-1,-51
1756011653.6959443,1,4,-51
1756011653.733945,-5,0,-56
1756011653.769945,0,7,-47
1756011653.8069446,-3,2,-44
1756011653.8459446,4,1,-49
1756011653.8839445,4,0,-45
1756011653.9199443,-1,3,-50
1756011653.9579446,-3,-1,-53
1756011653.9959445,-4,-8,-36
1756011654.0339446,-3,-3,-38
1756011654.0729446,0,-5,-47
1756011654.108945,-1,-5,-47
1756011654.1469443,-9,-1,-42
1756011654.1849446,0,-10,-46
1756011654.223945,2,-10,-46
1756011654.259945,5,-2,-50
1756011654.2979443,-6,-2,-41
1756011654.335945,2,-6,-47
1756011654.3739443,-2,-2,-51
1756011654.4129446,-4,0,-40
1756011654.4489446,-5,-4,-40
1756011654.486945,2,2,-48
1756011654.5249443,2,3,-57
1756011654.562945,4,4,-53
1756011654.598945,-2,2,-57
1756011654.6359446,-1,0,-44
1756011654.6749446,0,-2,-53
1756011654.7129445,-5,-4,-55
1756011654.7489443,-4,-3,-61
1756011654.7869446,0,-6,-62
1756011654.8249447,6,-3,-69
1756011654.8639443,-1,-1,-58
1756011654.8999443,2,-4,-45
1756011654.9369447,3,0,-48
1756011654.9749446,-6,-3,-53
1756011655.0139446,0,-3,-51
1756011655.0499446,5,-6,-56
1756011655.0879445,2,0,-45
1756011655.1249447,0,-3,-52
1756011655.1639447,-2,-1,-49
1756011655.1999447,1,-2,-47
1756011655.2379446,-3,1,-56
1756011655.2749443,1,3,-53
1756011655.312945,2,7,-47
1756011655.348945,0,4,-56
1756011655.3859446,-1,5,-57
1756011655.4249446,-5,-4,-45
1756011655.4619446,-1,-6,-44
1756011655.4989443,3,-4,-63
1756011655.5369446,-7,-7,-53
1756011655.5749447,-8,-2,-56
1756011655.6139443,0,0,-61
1756011655.6499443,-2,6,-44
1756011655.687945,0,-2,-44
1756011655.7249446,-2,0,-54
1756011655.7639446,-3,-1,-52
1756011655.7999446,0,-5,-44
1756011655.8379445,-2,2,-52
1756011655.8749447,7,-8,-64
1756011655.9139447,4,-2,-58
1756011655.9499447,9,-1,-63
1756011655.986945,5,-9,-61
1756011656.0249443,3,4,-47
1756011656.0609446,-2,6,-41
1756011656.098945,0,1,-46
1756011656.1369443,-1,0,-43
1756011656.1749446,0,-3,-44
1756011656.210945,0,-2,-47
1756011656.2489443,1,-2,-48
1756011656.2869446,-5,0,-45
1756011656.325945,0,2,-46
1756011656.3639443,0,5,-48
1756011656.3999443,0,10,-53
1756011656.4369447,-1,0,-50
1756011656.4759445,4,-3,-54
1756011656.5139446,4,1,-54
1756011656.5499446,-1,1,-50
1756011656.5879445,0,5,-57
1756011656.6259446,2,0,-58
1756011656.6639447,-3,0,-58
1756011656.6999447,4,-5,-48
1756011656.736945,-2,-7,-49
1756011656.7759447,1,0,-46
1756011656.8139446,-4,1,-52
1756011656.8499446,0,0,-41
1756011656.8869443,3,-5,-56
1756011656.9259446,5,-1,-51
1756011656.963945,5,-2,-42
1756011656.9999447,0,-4,-49
1756011657.0369446,-1,0,-49
1756011657.075945,-4,0,-44
1756011657.111945,-4,5,-41
1756011657.1499443,0,5,-55
1756011657.1869447,-2,2,-47
1756011657.2259445,-3,4,-51
1756011657.2619443,-4,4,-46
1756011657.2999446,5,4,-47
1756011657.338945,0,1,-40
1756011657.3759446,-6,-3,-53
1756011657.4149446,-4,3,-60
1756011657.450945,-3,3,-59
1756011657.4879446,-2,4,-56
1756011657.5259447,-6,0,-59
1756011657.5649445,-3,0,-50
1756011657.6009445,0,0,-49
1756011657.6389446,2,3,-52
1756011657.6759446,-1,6,-38
1756011657.7149446,-3,4,-38
1756011657.7509446,2,-2,-46
1756011657.7879446,-4,-1,-57
1756011657.8269446,0,-3,-52
1756011657.8649447,-4,-2,-54
1756011657.9009447,-3,-3,-55
1756011657.9389446,-5,-1,-53
1756011657.9769447,-4,-3,-54
1756011658.0159447,-4,-6,-48
1756011658.0519447,5,-7,-54
1756011658.088945,-2,0,-40
1756011658.1269443,-2,-1,-46
1756011658.1659446,-3,-4,-47
1756011658.2019446,-4,-1,-50
1756011658.2399447,-3,2,-59
1756011658.2779446,-8,-3,-48
1756011658.3169446,0,-2,-44
1756011658.3549447,0,0,-47
1756011658.3909447,0,-2,-61
1756011658.4289446,-1,-4,-62
1756011658.4669447,-3,-5,-50
1756011658.5059447,-3,-3,-42
1756011658.5419445,-5,-2,-53
1756011658.5799446,-5,4,-55
1756011658.6179447,1,0,-44
1756011658.6569445,-1,-3,-52
1756011658.6949446,-1,3,-55
1756011658.7319446,-1,-3,-54
1756011658.7689445,3,0,-52
1756011658.8069446,1,0,-56
1756011658.8429446,2,-6,-43
1756011658.8799446,-6,4,-42
1756011658.9189446,-6,4,-49
1756011658.9569447,1,2,-47
1756011658.9929447,0,5,-54
1756011659.029945,0,8,-48
1756011659.0669446,-6,5,-56
1756011659.1059446,-2,0,-42
1756011659.1419446,-2,0,-45
1756011659.1799445,4,0,-47
1756011659.2169447,11,2,-61
1756011659.2529447,-1,1,-49
1756011659.2899446,-2,-5,-57
1756011659.3279445,-5,0,-62
1756011659.3669446,-4,4,-61
1756011659.4029446,-10,-2,-53
1756011659.440945,-3,-1,-58
1756011659.4779446,3,-1,-49
1756011659.5169446,2,-1,-54
1756011659.552945,4,-6,-43
1756011659.5909443,-1,-1,-39
1756011659.6289446,-6,-1,-55
1756011659.667945,-5,0,-51
1756011659.7059443,-4,2,-51
1756011659.7419446,-6,-5,-50
1756011659.779945,-4,-7,-52
1756011659.8179443,-1,-5,-53
1756011659.8569446,-5,-5,-54
1756011659.8929446,-2,-10,-61
1756011659.9309447,-1,2,-49
1756011659.9689443,0,0,-54
1756011660.0079446,8,1,-51
1756011660.0459447,3,-1,-56
1756011660.0819447,3,-4,-45
1756011660.1199446,0,2,-39
1756011660.157945,0,0,-49
1756011660.1959443,-5,2,-43
1756011660.2319446,-11,8,-50
1756011660.269945,0,3,-52
1756011660.3079443,-1,0,-40
1756011660.3469446,-4,1,-43
1756011660.3829446,-2,-4,-47
1756011660.4209447,0,-1,-50
1756011660.4589446,2,-4,-43
1756011660.4979446,1,-3,-42
1756011660.5339446,1,-3,-45
1756011660.5709443,0,-2,-53
1756011660.608945,-5,6,-45
1756011660.6479447,-5,0,-52
1756011660.6839447,0,2,-51
1756011660.7209446,2,-4,-45
1756011660.7589445,7,-4,-48
1756011660.7979443,2,-2,-58
1756011660.8429446,3,-7,-49
1756011660.8799446,-3,0,-58
1756011660.9189446,-5,-1,-60
1756011660.9569447,6,0,-53
1756011660.9929447,0,-4,-52
1756011661.029945,3,-2,-57
1756011661.0679443,-4,1,-50
1756011661.1069446,1,0,-45
1756011661.1429446,6,-6,-52
1756011661.1809447,2,-3,-54
1756011661.2189443,0,-2,-56
1756011661.2579446,-7,2,-49
1756011661.2939446,-2,3,-42
1756011661.3319447,-2,0,-45
1756011661.3689446,-2,5,-42
1756011661.407945,-2,-4,-50
1756011661.4439447,2,-1,-43
1756011661.4819446,-3,0,-49
1756011661.5189445,3,3,-46
1756011661.5569446,-4,-6,-46
1756011661.5929446,-3,-4,-58
1756011661.6309447,0,-4,-59
1756011661.6689446,0,4,-51
1756011661.7069447,-5,3,-44
1756011661.7429447,-6,-7,-51
1756011661.7809446,0,-7,-51
1756011661.8189447,4,2,-52
1756011661.8569446,-4,3,-51
1756011661.8929446,0,-3,-61
1756011661.9309447,3,2,-55
1756011661.9689443,3,2,-47
1756011662.006945,8,-3,-55
1756011662.042945,2,-7,-45
1756011662.0809443,3,-3,-39
1756011662.1189446,-2,0,-55
1756011662.157945,1,-6,-53
1756011662.1939447,3,-4,-50
1756011662.2309446,-4,0,-49
1756011662.2689445,-6,-3,-50
1756011662.3079443,-7,0,-55
1756011662.3439443,0,5,-54
1756011662.3809447,-7,0,-57
1756011662.4199443,-4,-1,-53
1756011662.4579446,-6,3,-63
1756011662.4939446,1,-2,-63
1756011662.5309446,-2,-3,-47
1756011662.5689447,-9,1,-54
1756011662.6079447,-5,3,-53
1756011662.6439445,5,3,-52
1756011662.6809447,0,6,-48
1756011662.7189443,0,-3,-47
1756011662.7549446,-4,0,-41
1756011662.7919445,-1,-4,-53
1756011662.8299446,-7,-4,-52
1756011662.8689446,4,-2,-50
1756011662.904945,8,-4,-56
1756011662.9419446,5,-9,-50
1756011662.9799447,7,-6,-51
1756011663.0189445,0,0,-64
1756011663.0549445,2,-3,-58
1756011663.0919447,3,-2,-58
1756011663.1299446,0,-5,-49
1756011663.1689446,-3,-2,-49
1756011663.2049446,2,1,-48
1756011663.2419446,-1,5,-53
1756011663.279945,-4,6,-41
1756011663.3189447,3,7,-48
1756011663.3549447,3,-2,-51
1756011663.3919446,0,0,-56
1756011663.4299445,0,-6,-54
1756011663.4689443,-3,-9,-51
1756011663.5049446,0,-4,-57
1756011663.542945,-8,-8,-53
1756011663.5799446,-8,-10,-48
1756011663.6189446,-6,-2,-43
1756011663.654945,-7,-3,-55
1756011663.6929443,-3,0,-54
1756011663.7309446,-1,-2,-51
1756011663.769945,-5,-3,-45
1756011663.8059447,5,-3,-50
1756011663.8429446,-1,-2,-56
1756011663.8809447,1,-4,-39
1756011663.9199443,-4,-7,-42
1756011663.9559443,0,-10,-49
1756011663.9929447,-3,3,-48
1756011664.0309446,-2,0,-49
1756011664.0699446,-7,0,-53
1756011664.1059446,-3,-3,-51
1756011664.1439445,1,-2,-64
1756011664.1819446,-4,-2,-53
1756011664.2199447,0,0,-56
1756011664.2559447,2,0,-57
1756011664.292945,6,1,-50
1756011664.3299446,-3,0,-53
1756011664.3689446,-6,-8,-45
1756011664.404945,-6,-1,-58
1756011664.4429443,-1,5,-56
1756011664.4809446,-3,8,-44
1756011664.519945,-6,5,-38
1756011664.5559447,-4,5,-42
1756011664.5939443,-8,-1,-51
1756011664.631945,1,-3,-52
1756011664.6709447,0,-2,-50
1756011664.7089446,-1,-4,-55
1756011664.7449446,1,-1,-50
1756011664.782945,-1,1,-39
1756011664.8209443,-1,3,-54
1756011664.8599446,0,0,-54
1756011664.8959446,0,-1,-45
1756011664.9329443,-5,7,-41
1756011664.9709446,-1,-2,-49
1756011665.009945,0,-2,-49
1756011665.0459447,0,-5,-40
1756011665.0829446,-2,-9,-54
1756011665.1209445,-3,-6,-50
1756011665.1599443,-8,0,-51
1756011665.1959443,-2,1,-51
1756011665.2329447,0,-5,-57
1756011665.2709446,1,1,-45
1756011665.3099446,0,5,-45
1756011665.3459446,-4,1,-47
1756011665.3829446,9,3,-59
1756011665.4209447,5,0,-60
1756011665.4569447,1,0,-60
1756011665.4939446,-1,-3,-47
1756011665.5319445,0,1,-49
1756011665.5699446,3,1,-49
1756011665.6059446,4,-1,-50
1756011665.6439445,0,0,-50
1756011665.6809447,6,-4,-52
1756011665.7199447,0,-6,-41
1756011665.7559447,2,-1,-53
1756011665.7939446,-1,-7,-42
1756011665.8309443,1,-5,-45
1756011665.8699446,3,-3,-41
1756011665.9059446,-2,-3,-52
1756011665.9439447,-7,-1,-55
1756011665.9819446,-4,0,-53
1756011666.0209446,0,7,-45
1756011666.0569446,4,5,-50
1756011666.0939443,-3,4,-45
1756011666.131945,-2,0,-57
1756011666.1709447,-3,3,-58
1756011666.2069447,0,-3,-52
1756011666.2449446,5,-1,-58
1756011666.282945,-1,3,-61
1756011666.3219447,-1,0,-58
1756011666.3599446,1,-13,-57
1756011666.3959446,-2,-1,-55
1756011666.4339447,-2,-7,-53
1756011666.4719446,0,-5,-54
1756011666.5109446,0,2,-50
1756011666.5469446,-2,1,-51
1756011666.5839446,-4,0,-55
1756011666.621945,6,-4,-54
1756011666.6609447,3,-8,-50
1756011666.6969447,3,-2,-56
1756011666.7349446,5,1,-57
1756011666.7739446,0,0,-52
1756011666.8119447,0,3,-36
1756011666.8499446,-5,-2,-44
1756011666.8859446,0,0,-47
1756011666.9239447,-8,-6,-49
1756011666.9619446,-5,-5,-49
1756011667.0009446,-1,-5,-58
1756011667.0369446,-5,0,-56
1756011667.0739446,4,0,-48
1756011667.111945,-2,-4,-45
1756011667.1479447,8,1,-41
1756011667.1849446,4,0,-40
1756011667.2229445,-5,0,-51
1756011667.2619443,0,-1,-52
1756011667.2979443,0,-2,-43
1756011667.335945,2,3,-43
1756011667.3729446,3,1,-42
1756011667.4109447,1,0,-48
1756011667.4469447,5,1,-59
1756011667.483945,3,-1,-53
1756011667.5219443,5,-1,-53
1756011667.5609446,3,-5,-44
1756011667.5969446,-1,0,-49
1756011667.634945,-2,-4,-39
1756011667.6729443,-1,3,-40
1756011667.7119446,-4,-1,-45
1756011667.7479446,-2,0,-47
1756011667.7859447,10,1,-43
1756011667.8229446,1,2,-61
1756011667.8609445,1,0,-45
1756011667.8969443,-3,-4,-56
1756011667.9349446,-2,0,-58
1756011667.9729445,0,-6,-57
1756011668.0119443,1,-4,-49
1756011668.0479443,-4,4,-46
1756011668.0849447,-3,-1,-53
1756011668.1229446,-4,2,-44
1756011668.1619446,2,-7,-51
1756011668.1979446,0,-4,-48
1756011668.2359445,6,0,-42
1756011668.2729447,5,5,-45
1756011668.3119447,3,4,-54
1756011668.3479445,1,0,-52
1756011668.384945,2,0,-47
1756011668.4229443,6,0,-52
1756011668.460945,4,3,-49
1756011668.496945,6,-3,-40
1756011668.5339446,-4,5,-57
1756011668.5729446,5,2,-43
1756011668.6109445,3,3,-42
1756011668.6469443,-3,-1,-46
1756011668.6849446,2,-4,-51
1756011668.7229445,3,0,-49
1756011668.7589445,-6,1,-42
1756011668.7959447,-5,5,-49
1756011668.8339446,1,0,-54
1756011668.8729446,2,1,-52
1756011668.9089446,1,-2,-46
1756011668.9459443,0,0,-48
1756011668.9829447,5,-8,-50
1756011669.0219443,4,-4,-57
1756011669.0579443,-4,-9,-53
1756011669.0959446,-3,-6,-57
1756011669.1339445,-1,0,-59
1756011669.1729443,2,-3,-53
1756011669.2089446,0,-3,-51
1756011669.246945,4,-4,-46
1756011669.2839446,-2,0,-50
1756011669.3229446,1,3,-38
1756011669.358945,-3,8,-47
1756011669.3969443,0,0,-51
1756011669.4349446,-1,3,-58
1756011669.473945,-3,-2,-54
1756011669.5119443,-3,-7,-38
1756011669.5479443,0,-5,-52
1756011669.5849447,0,1,-51
1756011669.6239443,3,-3,-36
1756011669.6619446,3,-3,-51
1756011669.6979446,2,-6,-42
1756011669.7349446,-2,-1,-44
1756011669.7739446,-4,2,-53
1756011669.8119447,-3,6,-47
1756011669.8479445,1,8,-53
1756011669.884945,7,4,-45
1756011669.9239447,0,0,-46
1756011669.9619446,9,-2,-45
1756011669.9979446,7,-3,-45
1756011670.0359447,0,-1,-46
1756011670.0739446,-2,0,-41
1756011670.1129446,-3,-1,-50
1756011670.1489446,-6,0,-55
1756011670.1859446,-5,2,-46
1756011670.223945,-1,0,-39
1756011670.2629447,-4,0,-52
1756011670.2989447,0,1,-58
1756011670.3369446,-2,-1,-42
1756011670.3749447,6,-2,-44
1756011670.4139447,2,-1,-51
1756011670.4499447,0,-8,-40
1756011670.486945,3,-2,-43
1756011670.5249443,-4,1,-46
1756011670.5639446,3,0,-58
1756011670.5999446,-1,-4,-59
1756011670.6379447,5,-8,-54
1756011670.6759446,5,-6,-47
1756011670.713945,0,6,-46
1756011670.7499447,0,0,-53
1756011670.7869446,-8,-1,-51
1756011670.8249447,-5,3,-45
1756011670.8689446,-8,0,-57
1756011670.907945,3,3,-54
1756011670.9449446,-2,0,-45
1756011670.983945,-2,-2,-47
1756011671.019945,-10,0,-49
1756011671.0579443,-4,-7,-50
1756011671.0959446,-7,-2,-54
1756011671.1339445,-4,0,-58
1756011671.1729443,-2,-4,-57
1756011671.2089446,-13,-8,-54
1756011671.2479446,-5,1,-51
1756011671.2849443,1,1,-59
1756011671.3229446,1,-1,-57
1756011671.358945,-2,-4,-59
1756011671.3969443,1,-2,-51
1756011671.4349446,5,-1,-51
1756011671.473945,3,0,-48
1756011671.509945,10,0,-53
1756011671.5469446,-7,-5,-54
1756011671.5849447,-8,-2,-51
1756011671.6239443,0,-5,-49
1756011671.6599443,1,0,-52
1756011671.6969447,-8,-5,-55
1756011671.7349446,-5,-3,-47
1756011671.7739446,1,-5,-46
1756011671.8099446,0,-5,-49
1756011671.8469446,0,0,-50
1756011671.884945,-2,5,-65
1756011671.9229443,0,7,-57
1756011671.9589446,-8,5,-53
1756011671.9979446,-3,0,-55
1756011672.0349443,2,10,-58
1756011672.0709443,-1,5,-44
1756011672.1079447,1,-2,-46
1756011672.1459446,-5,4,-49
1756011672.1849446,-4,8,-53
1756011672.2209446,-1,0,-60
1756011672.2579446,7,-4,-57
1756011672.2959447,7,2,-49
1756011672.3349447,5,-3,-52
1756011672.3709445,1,0,-58
1756011672.407945,-9,-6,-65
1756011672.4459443,0,-1,-42
1756011672.4849446,-3,-5,-57
1756011672.5209446,-6,2,-46
1756011672.5579443,-5,3,-47
1756011672.5959446,3,0,-49
1756011672.634945,4,1,-57
1756011672.6709447,0,9,-48
1756011672.7079446,0,-1,-38
1756011672.7459445,2,-3,-55
1756011672.7849443,2,-5,-48
1756011672.8209443,-4,3,-41
1756011672.8579447,0,4,-60
1756011672.8959446,-2,3,-57
1756011672.9349446,1,0,-66
1756011672.9709446,0,-3,-56
1756011673.0089445,-6,2,-46
1756011673.0469446,6,2,-43
1756011673.0849447,-3,3,-49
1756011673.1209445,-2,-5,-50
1756011673.1589446,-1,0,-61
1756011673.1979446,-4,0,-49
1756011673.2359445,-1,2,-55
1756011673.2739446,-6,-3,-48
1756011673.3099446,-2,-2,-58
1756011673.348945,3,-6,-40
1756011673.3859446,4,-5,-49
1756011673.4249446,5,-3,-50
1756011673.460945,4,-3,-53
1756011673.4979446,0,-9,-41
1756011673.5359447,-5,-4,-47
1756011673.5749447,-8,1,-51
1756011673.6109445,-5,1,-56
1756011673.6479447,-1,2,-46
1756011673.6859446,-5,4,-52
1756011673.7249446,-2,2,-46
1756011673.7609446,3,2,-44
1756011673.7979443,0,1,-42
1756011673.835945,-5,-4,-49
1756011673.871945,4,4,-45
1756011673.9089446,0,5,-46
1756011673.9459443,4,6,-39
1756011673.9819446,1,5,-42
1756011674.019945,-2,-2,-51
1756011674.0579443,-4,-5,-45
1756011674.0959446,-2,-2,-44
1756011674.134945,-3,8,-46
1756011674.1709447,-1,1,-37
1756011674.2089446,0,8,-49
1756011674.2459445,3,1,-48
1756011674.2819445,1,0,-42
1756011674.3189447,-5,-3,-46
1756011674.3569446,0,-1,-53
1756011674.3959446,2,3,-49
1756011674.4319446,3,6,-56
1756011674.4689443,-1,0,-57
1756011674.506945,0,1,-57
1756011674.5459447,0,3,-55
1756011674.5819447,1,3,-52
1756011674.6189446,0,0,-47
1756011674.6569445,3,-1,-50
1756011674.6949446,1,-2,-53
1756011674.7309446,1,0,-51
1756011674.7689445,-2,-3,-57
1756011674.8069446,-3,-3,-55
1756011674.8459446,-4,0,-54
1756011674.881945,-2,4,-48
1756011674.9189446,0,1,-47
1756011674.9569447,-2,0,-46
1756011674.9949446,-5,3,-49
1756011675.0309446,-3,3,-41
1756011675.0689447,0,1,-51
1756011675.1069446,4,-1,-54
1756011675.144945,-2,0,-46
1756011675.1809447,-5,-3,-54
1756011675.2189443,-7,1,-57
1756011675.2579446,3,3,-44
1756011675.2959447,2,-2,-51
1756011675.3319447,5,-5,-56
1756011675.3689446,2,0,-52
1756011675.4069445,1,0,-48
1756011675.4429443,-2,2,-54
1756011675.4799447,0,3,-51
1756011675.5169446,-4,3,-67
1756011675.5559447,-4,3,-61
1756011675.5929446,-5,-4,-42
1756011675.6299446,-1,0,-46
1756011675.667945,-5,0,-46
1756011675.7069447,8,0,-45
1756011675.7429447,0,4,-52
1756011675.779945,0,-4,-63
1756011675.8179443,3,-5,-63
1756011675.8569446,-9,-4,-55
1756011675.8929446,-7,-3,-47
1756011675.9309447,-1,-5,-41
1756011675.9689443,0,4,-56
1756011676.006945,-4,2,-54
1756011676.042945,4,-1,-50
1756011676.0799446,3,2,-56
1756011676.1179447,1,0,-53
1756011676.1559446,-6,-7,-60
1756011676.1919446,-6,-1,-68
1756011676.2299447,-3,5,-65
1756011676.2679446,7,-4,-64
1756011676.3069446,10,-4,-59
1756011676.3429446,0,-4,-58
1756011676.3799446,-3,-3,-55
1756011676.417945,-5,5,-62
1756011676.4569447,-7,3,-43
1756011676.4929447,0,6,-55
1756011676.529945,-4,8,-54
1756011676.5679443,1,-1,-44
1756011676.6069446,0,-6,-46
1756011676.6429446,1,-4,-49
1756011676.6799445,2,-7,-51
1756011676.7179446,5,-7,-54
1756011676.756945,-2,-4,-58
1756011676.792945,3,-3,-61
1756011676.8309443,0,-4,-53
1756011676.8689446,1,-2,-57
1756011676.907945,-5,3,-48
1756011676.9459443,-4,-2,-53
1756011676.9819446,-8,-3,-48
1756011677.019945,3,2,-50
1756011677.0579443,-4,0,-59
1756011677.0959446,0,-3,-60
1756011677.131945,7,-2,-49
1756011677.1699443,2,-1,-43
1756011677.2079446,1,1,-46
1756011677.246945,0,-1,-51
1756011677.282945,-1,-3,-55
1756011677.3209443,-2,0,-55
1756011677.358945,3,-3,-46
1756011677.3979447,0,-2,-44
1756011677.4339447,-2,-2,-44
1756011677.4719446,2,-5,-54
1756011677.5109446,2,2,-55
1756011677.5479443,5,7,-52
1756011677.5839446,-2,-1,-61
1756011677.621945,-2,-1,-58
1756011677.6609447,-3,0,-58
1756011677.6979446,-3,-2,-53
1756011677.736945,-4,-3,-53
1756011677.7729447,0,3,-41
1756011677.8109446,0,-3,-54
1756011677.848945,2,0,-55
1756011677.8869443,-6,1,-57
1756011677.9229443,-11,-1,-47
1756011677.960945,0,3,-43
1756011677.9989443,1,4,-43
1756011678.0369446,-1,1,-44
1756011678.0729446,3,0,-42
1756011678.1109445,3,-2,-49
1756011678.1489446,1,-2,-47
1756011678.1869447,3,-1,-47
1756011678.2229445,3,0,-47
1756011678.2609446,3,-1,-45
1756011678.2989447,4,-2,-60
1756011678.3369446,3,0,-57
1756011678.3729446,2,-4,-44
1756011678.4109447,7,-2,-55
1756011678.4489446,1,0,-55
1756011678.486945,0,-2,-38
1756011678.5229447,-2,0,-46
1756011678.5599446,6,2,-55
1756011678.5979445,0,-1,-55
1756011678.6339445,1,3,-61
1756011678.6709447,2,3,-53
1756011678.7089446,5,3,-52
1756011678.746945,3,0,-54
1756011678.782945,1,9,-67
1756011678.8199446,-4,2,-60
1756011678.858945,0,2,-55
1756011678.894945,0,0,-40
1756011678.9319446,-1,-2,-56
1756011678.9699447,1,-3,-46
1756011679.0089445,7,1,-55
1756011679.0449443,4,-1,-50
1756011679.0819447,3,1,-49
1756011679.1189446,2,1,-40
1756011679.154945,-2,0,-47
1756011679.1919446,1,-3,-45
1756011679.2299447,3,1,-46
1756011679.2679446,1,-5,-53
1756011679.3039446,0,0,-46
1756011679.3409443,-6,2,-44
1756011679.3789446,-3,0,-44
1756011679.417945,-1,3,-44
1756011679.4539447,0,-1,-41
1756011679.4909446,-6,6,-45
1756011679.529945,-4,8,-50
1756011679.5679443,-5,2,-49
1756011679.6039443,-6,6,-58
1756011679.6409447,-5,3,-43
1756011679.6799445,-2,2,-48
1756011679.7179446,-2,-7,-58
1756011679.7539446,1,-2,-55
1756011679.7909446,2,-1,-53
1756011679.8299446,3,1,-50
1756011679.8679447,1,-2,-52
1756011679.9039447,1,2,-48
1756011679.940945,3,-14,-48
1756011679.9799447,1,-5,-53
1756011680.0179446,-2,2,-51
1756011680.0539446,0,-3,-60
1756011680.0909443,-2,-2,-55
1756011680.1299446,-2,0,-53
1756011680.167945,-1,4,-48
1756011680.2039447,2,4,-58
1756011680.2419446,0,-4,-56
1756011680.279945,-1,-2,-57
1756011680.3179443,-7,0,-53
1756011680.3539443,0,5,-55
1756011680.3909447,-7,-3,-59
1756011680.4299445,-1,-2,-55
1756011680.4659443,-3,-1,-52
1756011680.5039446,5,0,-57
1756011680.5409446,-2,-1,-51
1756011680.5799446,-7,1,-51
1756011680.6159446,-7,2,-47
1756011680.6529446,3,4,-45
1756011680.690945,0,3,-46
1756011680.7289443,-1,-1,-47
1756011680.7649446,-2,0,-49
1756011680.8019447,0,2,-58
1756011680.8399446,-1,2,-47
1756011680.8839445,8,-1,-60
1756011680.9219446,-3,-4,-47
1756011680.9599447,1,0,-50
1756011680.9989443,0,-5,-43
1756011681.0349443,-5,-4,-45
1756011681.0739446,7,-9,-52
1756011681.1109445,-2,-8,-48
1756011681.1499443,-10,-6,-47
1756011681.1859446,-4,-2,-44
1756011681.223945,1,-6,-37
1756011681.2629447,-1,0,-45
1756011681.3009446,0,-4,-44
1756011681.338945,7,-1,-60
1756011681.3749447,-6,-5,-64
1756011681.4129446,-2,0,-55
1756011681.450945,0,-7,-50
1756011681.4899447,-2,-4,-49
1756011681.5259447,3,-1,-49
1756011681.562945,-5,0,-55
1756011681.6009445,3,0,-53
1756011681.6389446,4,4,-45
1756011681.6749446,-6,5,-47
1756011681.7129445,-1,0,-45
1756011681.7509446,-3,-4,-44
1756011681.7889447,0,5,-49
1756011681.8249447,1,0,-46
1756011681.8629446,7,0,-50
1756011681.9009447,4,-1,-52
1756011681.9389446,1,0,-51
1756011681.9749446,4,-2,-49
1756011682.0119443,-5,-1,-47
1756011682.0509446,3,0,-46
1756011682.088945,0,0,-38
1756011682.1249447,-7,1,-47
1756011682.1619446,-4,-1,-47
1756011682.200945,0,-5,-39
1756011682.2389443,-1,-3,-45
1756011682.2749443,2,-3,-56
1756011682.3119447,-7,-4,-52
1756011682.3509445,-3,0,-47
1756011682.3869443,-2,-4,-62
1756011682.4249446,0,6,-43
1756011682.4619446,2,6,-43
1756011682.5009446,-1,4,-54
1756011682.5379446,0,1,-51
1756011682.5749447,6,5,-49
1756011682.611945,4,3,-61
1756011682.6499443,4,-4,-55
1756011682.6859446,3,0,-53
1756011682.7229445,-3,1,-48
1756011682.7609446,-4,0,-57
1756011682.7999446,-3,-1,-54
1756011682.835945,-2,0,-56
1756011682.8729446,-1,-2,-59
1756011682.9119446,0,0,-55
1756011682.9499447,-11,-4,-56
1756011682.9859445,-8,-7,-57
1756011683.0239446,-1,-6,-39
1756011683.0619447,-1,-10,-56
1756011683.1009445,-1,-8,-54
1756011683.1369443,-7,0,-53
1756011683.1739447,-5,-6,-66
1756011683.2119446,1,-11,-51
1756011683.2509446,9,-4,-56
1756011683.2869446,2,-1,-66
1756011683.3249447,0,7,-59
1756011683.361945,-1,-2,-64
1756011683.4009447,1,-3,-46
1756011683.4369447,0,-5,-44
1756011683.4749446,0,-3,-48
1756011683.5139446,-4,-8,-52
1756011683.5519447,-4,-8,-65
1756011683.5899446,0,1,-59
1756011683.6259446,-3,-2,-54
1756011683.6639447,1,0,-51
1756011683.7019446,0,0,-58
1756011683.7399447,1,4,-51
1756011683.7759447,-3,-3,-49
1756011683.8139446,-4,0,-44
1756011683.8519447,-7,0,-51
1756011683.8909447,-3,1,-41
1756011683.9269447,-6,0,-41
1756011683.963945,-4,-3,-38
1756011684.0019443,-4,-9,-41
1756011684.0409446,-3,-5,-57
1756011684.0769446,0,-6,-63
1756011684.1149447,3,4,-54
1756011684.1519446,-9,0,-46
1756011684.190945,-6,-4,-53
1756011684.2269447,-1,-1,-60
1756011684.2649446,0,0,-53
1756011684.3019447,5,-6,-46
1756011684.3409443,6,-7,-55
1756011684.3769443,10,-4,-44
1756011684.4139447,6,-7,-51
1756011684.4519446,1,-3,-44
1756011684.4909446,0,-2,-46
1756011684.5269446,3,2,-40
1756011684.5649445,-2,0,-47
1756011684.6029446,1,3,-51
1756011684.6409447,-10,5,-41
1756011684.6769447,-8,-2,-44
1756011684.7149446,-8,0,-43
1756011684.7529447,-7,4,-44
1756011684.7919445,-2,5,-56
1756011684.8279445,6,5,-48
1756011684.8649447,2,4,-50
1756011684.9029446,-3,4,-47
1756011684.940945,0,-4,-49
1756011684.9769447,2,-1,-51
1756011685.0149446,0,-13,-56
1756011685.052945,0,-7,-46
1756011685.0909443,3,-4,-47
1756011685.1269443,2,-1,-50
1756011685.1649446,0,-2,-53
1756011685.2029445,0,-6,-53
1756011685.2419446,4,-3,-50
1756011685.2779446,3,-5,-42
1756011685.3149445,-1,-6,-51
1756011685.3529446,3,1,-53
1756011685.3909447,0,1,-47
1756011685.4269447,-4,-3,-51
1756011685.4649446,2,3,-53
1756011685.5029447,0,-5,-58
1756011685.5389447,3,-4,-61
1756011685.5769446,-2,-7,-48
1756011685.6149447,0,-1,-52
1756011685.6529446,0,0,-61
1756011685.6919446,4,-4,-58
1756011685.7279446,-3,-9,-57
1756011685.7659447,-8,-2,-61
1756011685.8049445,-13,0,-53
1756011685.8429446,-8,-4,-59
1756011685.8789446,0,-2,-49
1756011685.9159446,-5,0,-59
1756011685.9539447,-3,-2,-50
1756011685.9929447,-2,2,-41
1756011686.0289447,1,4,-52
1756011686.065945,0,-2,-59
1756011686.1029446,0,2,-53
1756011686.1389446,-5,-2,-49
1756011686.1769447,-2,-4,-50
1756011686.2149446,-8,0,-57
1756011686.2539446,-4,-1,-51
1756011686.2919445,4,-1,-55
1756011686.3279445,6,-1,-44
1756011686.3659446,10,5,-54
1756011686.4039447,6,7,-54
1756011686.4419446,4,-2,-56
1756011686.4779446,5,4,-53
1756011686.5159447,1,-3,-47
1756011686.5539446,1,-5,-52
1756011686.5919447,-2,1,-56
1756011686.6279447,2,-2,-53
1756011686.6659446,8,0,-50
1756011686.7039447,2,0,-52
1756011686.7419446,1,0,-57
1756011686.7779446,-2,3,-46
1756011686.815945,-2,-6,-58
1756011686.8539443,-6,-2,-58
1756011686.8919446,-4,-3,-52
1756011686.927945,-7,0,-42
1756011686.9659443,2,0,-43
1756011687.0039446,5,-3,-55
1756011687.0419445,-1,-12,-54
1756011687.0779445,-1,-5,-58
1756011687.1159446,-3,-5,-42
1756011687.1539447,3,-2,-49
1756011687.1929443,-4,-4,-46
1756011687.2289443,-3,1,-51
1756011687.2659447,1,-1,-51
1756011687.3039446,-6,-1,-44
1756011687.3429446,2,1,-45
1756011687.3789446,8,1,-51
1756011687.4159446,9,4,-60
1756011687.4539447,8,0,-52
1756011687.4899447,6,-2,-51
1756011687.5279446,-6,0,-60
1756011687.565945,-3,-10,-53
1756011687.6049447,4,-5,-48
1756011687.6429446,0,-8,-45
1756011687.6789446,-3,-2,-51
1756011687.7169447,2,-2,-57
1756011687.7549446,1,-7,-50
1756011687.7939446,0,-5,-58
1756011687.8299446,1,-2,-51
1756011687.8669446,0,-3,-55
1756011687.904945,1,-5,-52
1756011687.9439447,0,1,-49
1756011687.9799447,-2,-8,-40
1756011688.0179446,4,-4,-53
1756011688.0559447,2,0,-48
1756011688.0939443,4,4,-49
1756011688.1299446,8,0,-63
1756011688.1669445,4,1,-56
1756011688.2049446,4,-10,-59
1756011688.2429447,0,-3,-58
1756011688.2789447,-1,4,-62
1756011688.315945,0,3,-55
1756011688.3549447,-3,2,-48
1756011688.3929446,-2,3,-57
1756011688.4289446,-3,1,-49
1756011688.4659443,1,2,-53
1756011688.5049446,2,3,-43
1756011688.542945,-1,1,-53
1756011688.5789447,-3,-3,-53
1756011688.6169446,2,-2,-47
1756011688.654945,0,-1,-47
1756011688.6939447,5,3,-59
1756011688.7299447,1,5,-55
1756011688.7669446,-2,-1,-47
1756011688.8049445,-2,-3,-46
1756011688.8439443,-1,-1,-47
1756011688.8799446,0,-2,-41
1756011688.917945,-1,2,-49
1756011688.9559443,0,-2,-50
1756011688.9949446,6,-5,-48
1756011689.0309446,-3,-1,-57
1756011689.0689447,-5,0,-45
1756011689.1069446,-8,-4,-53
1756011689.144945,1,-5,-52
1756011689.1839447,3,2,-57
1756011689.2199447,-6,5,-50
1756011689.256945,-5,0,-54
1756011689.2949443,3,3,-52
1756011689.3339446,4,-3,-46
1756011689.3699446,4,0,-39
1756011689.4069445,2,6,-36
1756011689.4449446,0,1,-59
1756011689.483945,-8,6,-56
1756011689.519945,-2,0,-58
1756011689.5569446,-1,-4,-65
1756011689.5959446,2,-2,-65
1756011689.6339445,0,-2,-56
1756011689.6699443,-1,3,-66
1756011689.7079446,-7,-8,-63
1756011689.7459445,-5,-4,-61
1756011689.7849443,-2,1,-48
1756011689.8209443,4,-1,-59
1756011689.858945,0,-3,-58
1756011689.8959446,6,-3,-52
1756011689.9349446,7,6,-51
1756011689.9709446,-4,2,-52
1756011690.0079446,-3,2,-40
1756011690.0459447,2,2,-42
1756011690.0839446,-5,1,-50
1756011690.1199446,-11,2,-53
1756011690.157945,0,3,-57
1756011690.1959443,0,-4,-48
1756011690.233945,-5,1,-42
1756011690.269945,5,0,-37
1756011690.3079443,0,-5,-53
1756011690.3459446,0,0,-53
1756011690.3839445,0,-3,-54
1756011690.4199443,-7,0,-54
1756011690.4579446,-7,2,-53
1756011690.4959445,2,1,-62
1756011690.5349443,0,1,-56
1756011690.5709443,0,-2,-67
1756011690.6079447,1,0,-64
1756011690.6459446,0,3,-54
1756011690.6819446,0,0,-53
1756011690.7189443,-2,4,-56
1756011690.756945,-3,-2,-59
1756011690.7959447,1,-2,-60
1756011690.8319447,5,0,-54
1756011690.8689446,0,0,-51
1756011690.9149446,-3,-3,-51
1756011690.9519446,-10,2,-48
1756011690.9889443,1,1,-48
1756011691.0259447,0,3,-61
1756011691.0619447,1,7,-54
1756011691.098945,-6,4,-61
1756011691.1369443,-7,-9,-54
1756011691.1759446,-5,-3,-54
1756011691.2119446,0,1,-53
1756011691.2489443,2,2,-47
1756011691.2869446,-4,1,-59
1756011691.3249447,-1,0,-60
1756011691.3609445,2,3,-59
1756011691.3979447,1,6,-64
1756011691.4369447,3,-1,-62
1756011691.4749446,5,5,-52
1756011691.5109446,-2,9,-58
1756011691.5479443,2,1,-52
1756011691.585945,-1,1,-53
1756011691.621945,-4,0,-51
1756011691.6589446,-8,-2,-49
1756011691.6969447,-6,7,-55
1756011691.7359445,8,3,-50
1756011691.7719443,-1,2,-54
1756011691.8089447,0,-1,-41
1756011691.8469446,-5,-2,-49
1756011691.8859446,-3,0,-53
1756011691.9219446,0,4,-53
1756011691.9589446,-2,9,-50
1756011691.996945,1,5,-51
1756011692.0359447,0,3,-45
1756011692.0719447,-4,8,-41
1756011692.108945,0,6,-46
1756011692.1469443,-6,-3,-60
1756011692.1829443,0,-6,-53
1756011692.2199447,4,0,-45
1756011692.256945,-6,3,-47
1756011692.2959447,0,0,-54
1756011692.3319447,-3,0,-47
1756011692.3699446,-4,-4,-49
1756011692.4069445,0,0,-38
1756011692.4429443,-5,-2,-53
1756011692.4809446,-1,0,-58
1756011692.519945,-5,-1,-59
1756011692.5569446,2,3,-44
1756011692.5929446,0,8,-42
1756011692.6299446,-8,7,-56
1756011692.667945,3,2,-60
1756011692.7069447,2,0,-55
1756011692.7429447,1,-4,-47
1756011692.7809446,-3,-4,-51
1756011692.8199446,-3,1,-56
1756011692.8579447,0,-1,-52
1756011692.8959446,-1,0,-43
1756011692.9329443,-5,-6,-50
1756011692.9709446,-3,7,-49
1756011693.0089445,-3,4,-48
1756011693.0479443,0,0,-45
1756011693.085945,-2,0,-51
1756011693.121945,-4,-4,-51
1756011693.1599443,-6,-3,-65
1756011693.1979446,-1,-2,-47
1756011693.236945,0,0,-51
1756011693.2729447,0,3,-61
1756011693.3099446,1,-4,-64
1756011693.348945,-7,0,-62
1756011693.3869443,0,0,-54
1756011693.4229443,0,2,-60
1756011693.4599447,-7,-4,-55
1756011693.4979446,-7,-5,-53
1756011693.5369446,-2,-2,-48
1756011693.5729446,-3,-4,-41
1756011693.6109445,4,-2,-53
1756011693.6489446,-2,-8,-55
1756011693.687945,7,-2,-46
1756011693.7259445,2,-3,-47
1756011693.7619443,4,4,-54
1756011693.7989447,2,3,-55
1756011693.8369446,-3,0,-50
1756011693.8729446,-5,-6,-52
1756011693.9119446,0,-6,-51
1756011693.9489446,-8,-7,-49
1756011693.9879446,-3,0,-48
1756011694.0239446,1,0,-44
1756011694.0619447,3,3,-50
1756011694.098945,0,6,-57
1756011694.1379447,-3,7,-45
1756011694.1739447,0,3,-59
1756011694.210945,5,4,-58
1756011694.2489443,0,0,-36
1756011694.2869446,0,2,-55
1756011694.3229446,5,-2,-51
1756011694.3609445,-5,2,-48
1756011694.3989446,3,1,-57
1756011694.4369447,-2,7,-53
1756011694.4729445,0,0,-47
1756011694.5109446,-7,-2,-56
1756011694.5489447,-12,3,-51
1756011694.5879445,-2,-3,-41
1756011694.6239443,0,3,-54
1756011694.6609447,-1,1,-55
1756011694.6989446,1,4,-48
1756011694.736945,7,2,-56
1756011694.7729447,-1,1,-49
1756011694.8109446,-2,0,-48
1756011694.848945,-15,-5,-43
1756011694.8879447,-4,-1,-40
1756011694.9239447,-7,0,-46
1756011694.960945,-6,0,-58
1756011694.9989443,0,7,-50
1756011695.0369446,-3,3,-55
1756011695.0729446,-2,0,-51
1756011695.1109445,-5,2,-41
1756011695.1489446,-4,-2,-42
1756011695.187945,2,0,-53
1756011695.223945,2,0,-57
1756011695.2609446,1,-1,-54
1756011695.2989447,-1,0,-53
1756011695.3379445,4,-1,-58
1756011695.3739443,3,0,-58
1756011695.4109447,11,-2,-54
1756011695.4489446,4,0,-55
1756011695.4879446,0,5,-40
1756011695.5239446,2,4,-49
1756011695.5609446,5,3,-59
1756011695.598945,9,7,-44
1756011695.634945,7,4,-48
1756011695.6719446,0,0,-46
1756011695.7099447,1,-5,-46
1756011695.7489443,1,-6,-46
1756011695.7849443,5,3,-45
1756011695.8219447,7,2,-55
1756011695.858945,2,1,-53
1756011695.894945,1,-2,-52
1756011695.9329443,-6,2,-53
1756011695.9709446,-5,-2,-42
1756011696.0089445,-11,-5,-43
1756011696.0479443,-2,3,-46
1756011696.0839446,5,11,-41
1756011696.121945,1,-5,-42
1756011696.1589446,0,-1,-53
1756011696.1979446,-3,1,-54
1756011696.233945,-4,-3,-52
1756011696.2719443,-1,-2,-50
1756011696.3099446,0,0,-49
1756011696.3479445,0,0,-50
1756011696.3839445,-9,4,-48
1756011696.4209447,0,4,-49
1756011696.4599447,-3,4,-50
1756011696.4979446,3,1,-58
1756011696.5339446,4,-1,-51
1756011696.5709443,13,-2,-45
1756011696.6099446,3,-3,-46
1756011696.6479447,-2,5,-54
1756011696.6839447,-2,7,-46
1756011696.7209446,-12,-4,-45
1756011696.759945,-2,3,-59
1756011696.7979443,0,-1,-55
1756011696.8339446,-9,-1,-58
1756011696.871945,-1,-1,-63
1756011696.9099443,0,-8,-53
1756011696.9489446,-8,0,-45
1756011696.9849446,-2,-3,-59
1756011697.0229447,-2,0,-53
1756011697.0609446,-6,-7,-50
1756011697.0999446,2,5,-55
1756011697.1359446,3,-1,-46
1756011697.1729443,-2,5,-49
1756011697.210945,0,3,-54
1756011697.2499447,-3,4,-49
1756011697.2859447,2,6,-44
1756011697.3229446,-2,2,-44
1756011697.3609445,2,0,-46
1756011697.3989446,-2,0,-47
1756011697.4349446,4,-5,-47
1756011697.4729445,0,3,-51
1756011697.509945,1,3,-51
1756011697.5459447,-1,1,-40
1756011697.5839446,2,1,-43
1756011697.6209445,1,-2,-35
1756011697.6599443,4,0,-59
1756011697.6959443,-1,-5,-59
1756011697.733945,-5,0,-57
1756011697.7719443,2,-2,-50
1756011697.8099446,5,1,-47
1756011697.848945,5,-1,-51
1756011697.884945,-1,-3,-54
1756011697.9229443,1,0,-55
1756011697.960945,0,0,-50
1756011697.9989443,2,-4,-52
1756011698.0349443,-2,-6,-55
1756011698.0729446,0,1,-47
1756011698.1109445,0,-3,-46
1756011698.1489446,-1,1,-46
1756011698.1849446,-4,0,-45
1756011698.2219446,-7,-10,-54
1756011698.2609446,-2,-5,-56
1756011698.2989447,-5,0,-48
1756011698.3349447,-5,2,-37
1756011698.3729446,-7,2,-43
1756011698.4109447,-5,-4,-57
1756011698.4499447,-3,2,-47
1756011698.4859445,-3,1,-55
1756011698.5229447,-7,1,-45
1756011698.5609446,-4,-1,-53
1756011698.5999446,-10,1,-45
1756011698.6359446,-1,-1,-48
1756011698.6739447,-10,-5,-54
1756011698.7119446,-3,0,-53
1756011698.7509446,6,0,-52
1756011698.7889447,0,-2,-59
1756011698.8249447,3,-3,-56
1756011698.861945,2,-4,-65
1756011698.9009447,-2,-1,-50
1756011698.9369447,-2,1,-51
1756011698.973945,-9,-1,-47
1756011699.0119443,-15,-2,-44
1756011699.0509446,-1,-3,-41
1756011699.0869446,-5,-5,-42
1756011699.1249447,-1,-4,-47
1756011699.1629446,1,-1,-50
1756011699.2019446,5,2,-61
1756011699.2399447,2,3,-53
1756011699.2759447,1,-1,-53
1756011699.312945,3,6,-51
1756011699.3509445,-1,4,-65
1756011699.3869443,8,-1,-66
1756011699.4249446,5,-8,-49
1756011699.4629445,3,-3,-47
1756011699.5019443,-1,3,-45
1756011699.5399446,0,2,-39
1756011699.575945,0,0,-52
1756011699.6129446,-1,-1,-48
1756011699.6519446,2,2,-53
1756011699.6899445,0,-1,-61
1756011699.7259445,-4,0,-53
1756011699.7639446,-6,1,-45
1756011699.8019447,-8,0,-50
1756011699.8409443,-5,1,-56
1756011699.8769443,-3,0,-51
1756011699.9139447,7,-5,-62
1756011699.9519446,6,-2,-56
1756011699.9909446,6,0,-51
1756011700.0269446,0,-7,-54
1756011700.0639446,-5,-1,-44
1756011700.1029446,-2,-3,-49
1756011700.1409447,-3,-2,-51
1756011700.1769447,-6,0,-42
1756011700.213945,-6,7,-54
1756011700.2519443,-2,0,-55
1756011700.2909446,-6,0,-54
1756011700.3269446,-2,2,-61
1756011700.3639443,-9,-4,-67
1756011700.4019446,-4,4,-59
1756011700.440945,-1,-8,-57
1756011700.4769447,2,-4,-48
1756011700.5149446,-1,0,-50
1756011700.552945,-3,0,-56
1756011700.5919447,-4,0,-52
1756011700.6279447,-5,0,-48
1756011700.6649446,0,-1,-45
1756011700.7029445,-3,-2,-47
1756011700.7419446,1,-1,-52
1756011700.7779446,3,-4,-55
1756011700.815945,-2,-1,-52
1756011700.8529446,0,3,-60
1756011700.8909447,-5,-2,-56
1756011700.9359446,0,6,-54
1756011700.973945,-6,5,-53
1756011701.0119443,-6,2,-51
1756011701.0479443,-6,0,-56
1756011701.085945,0,-1,-49
1756011701.1229446,-2,-1,-48
1756011701.1619446,-1,0,-47
1756011701.1979446,3,3,-40
1756011701.2349446,-1,0,-50
1756011701.2729447,-2,-3,-43
1756011701.3119447,-4,0,-55
1756011701.3479445,-5,-2,-37
1756011701.3859446,-5,-5,-39
1756011701.4249446,-3,-2,-41
1756011701.4629445,-1,0,-48
1756011701.5009446,-1,-1,-47
1756011701.5369446,4,4,-43
1756011701.5739446,3,4,-57
1756011701.6129446,-1,0,-59
1756011701.6509447,5,0,-51
1756011701.6869447,0,1,-54
1756011701.723945,0,-6,-52
1756011701.7629447,-1,-4,-50
1756011701.8009446,2,-3,-48
1756011701.8369446,2,5,-48
1756011701.8739443,4,4,-50
1756011701.9119446,3,2,-47
1756011701.9479446,4,-1,-53
1756011701.9849446,0,-4,-42
1756011702.0239446,-2,0,-49
1756011702.0619447,-7,3,-40
1756011702.0979445,-8,-2,-45
1756011702.1359446,-6,1,-48
1756011702.1739447,-4,-2,-65
1756011702.2129445,5,-3,-55
1756011702.2489443,2,0,-55
1756011702.2869446,0,-3,-50
1756011702.3239446,-2,-4,-52
1756011702.3629446,1,-5,-55
1756011702.3989446,1,-1,-52
1756011702.4359446,3,2,-50
1756011702.4749446,3,-3,-55
1756011702.5129447,-2,2,-56
1756011702.5489447,0,0,-53
1756011702.5869446,-4,0,-57
1756011702.6239443,9,8,-49
1756011702.6619446,1,5,-43
1756011702.6979446,1,-2,-51
1756011702.7349446,5,-3,-59
1756011702.7729447,-1,-5,-64
1756011702.8119447,0,-2,-49
1756011702.8479445,4,-4,-58
1756011702.884945,7,-4,-56
1756011702.9239447,4,-2,-45
1756011702.9619446,-2,-3,-39
1756011702.9979446,-5,-2,-52
1756011703.0369446,-1,-2,-43
1756011703.0739446,1,-11,-52
1756011703.1129446,-4,-4,-46
1756011703.1499443,-9,0,-46
1756011703.1869447,2,-8,-55
1756011703.2249446,0,1,-58
1756011703.2639446,5,-1,-49
1756011703.3019447,0,-3,-58
1756011703.3379445,3,-2,-58
1756011703.3749447,5,-4,-53
1756011703.4139447,10,-7,-53
1756011703.4519446,3,-4,-44
1756011703.4879446,-6,-2,-48
1756011703.5259447,-2,-3,-55
1756011703.5639446,-1,2,-58
1756011703.6029446,-7,7,-45
1756011703.6389446,-7,1,-50
1756011703.6759446,-2,0,-51
1756011703.713945,0,-3,-49
1756011703.7529447,-3,-1,-44
1756011703.7889447,-4,2,-54
1756011703.8269446,-6,-1,-52
1756011703.8659446,0,-2,-55
1756011703.9039447,0,-5,-49
1756011703.9399445,0,0,-50
1756011703.9769447,0,-3,-49
1756011704.0149446,-3,0,-42
1756011704.0539446,-1,0,-59
1756011704.0899446,0,0,-53
1756011704.1269443,3,0,-49
1756011704.1649446,5,-1,-49
1756011704.2039447,1,-1,-43
1756011704.2399447,5,-2,-43
1756011704.2769446,0,2,-48
1756011704.3139446,-1,-2,-49
1756011704.3529446,0,0,-59
1756011704.3889446,-2,3,-44
1756011704.4259446,2,-6,-47
1756011704.463945,-2,-4,-53
1756011704.5029447,0,-6,-56
1756011704.5389447,-5,3,-52
1756011704.575945,-2,2,-44
1756011704.6149447,-7,5,-44
1756011704.6529446,-3,-1,-37
1756011704.6889446,1,1,-43
1756011704.7259445,9,-3,-55
1756011704.7649446,3,-4,-59
1756011704.802945,2,0,-57
1756011704.838945,-1,0,-64
1756011704.8769443,5,5,-52
1756011704.9149446,-2,0,-61
1756011704.9529445,2,1,-48
1756011704.9889443,0,2,-52
1756011705.0269446,-8,-3,-52
1756011705.0649445,-6,-3,-46
1756011705.1029446,0,-3,-48
1756011705.1389446,0,-2,-47
1756011705.1769447,-2,-2,-53
1756011705.2149446,-2,2,-51
1756011705.2529447,-4,0,-58
1756011705.2889447,0,-1,-52
1756011705.3269446,8,-7,-52
1756011705.3649447,-3,-7,-47
1756011705.4029446,0,-2,-48
1756011705.4389446,0,0,-45
1756011705.4769447,0,4,-54
1756011705.5149446,3,4,-56
1756011705.5509446,-3,3,-48
1756011705.5879445,2,-3,-43
1756011705.6269443,2,-6,-44
1756011705.6649446,3,-2,-36
1756011705.700945,-3,-4,-45
1756011705.7389443,-5,-5,-54
1756011705.7769446,1,-3,-53
1756011705.8149445,4,0,-52
1756011705.8509445,2,2,-51
1756011705.8889446,-4,3,-48
1756011705.9269447,0,4,-63
1756011705.9649446,-4,2,-61
1756011706.0009446,-3,-2,-49
1756011706.0389447,0,-3,-57
1756011706.0769446,1,0,-56
1756011706.1149447,-6,3,-67
1756011706.1519446,3,-3,-63
1756011706.1889446,2,-5,-56
1756011706.2269447,6,0,-50
1756011706.2649446,0,-4,-51
1756011706.3009446,-9,-3,-41
1756011706.338945,-5,0,-61
1756011706.3769443,-3,4,-55
1756011706.4159446,0,6,-54
1756011706.4539447,-3,-8,-54
1756011706.4899447,0,-11,-59
1756011706.5269446,0,1,-50
1756011706.5649445,-3,0,-54
1756011706.6019447,-3,0,-50
1756011706.6389446,4,-4,-42
1756011706.6769447,5,-3,-41
1756011706.7159443,1,-6,-47
1756011706.7539446,1,-3,-50
1756011706.7899446,-4,0,-43
1756011706.8279445,0,-2,-36
1756011706.8659446,2,-1,-50
1756011706.904945,-3,2,-56
1756011706.940945,1,0,-50
1756011706.9779446,0,-4,-46
1756011707.0159447,0,-9,-59
1756011707.0549445,-2,0,-52
1756011707.0909443,-6,0,-54
1756011707.1279447,0,0,-55
1756011707.1659446,9,0,-54
1756011707.2019446,10,-8,-51
1756011707.2389443,0,0,-53
1756011707.2759447,10,3,-45
1756011707.3149445,-2,-1,-43
1756011707.3509445,0,-4,-56
1756011707.3879447,-1,1,-57
1756011707.4259446,2,2,-51
1756011707.4619446,2,-2,-46
1756011707.4989443,-2,-5,-51
1756011707.5369446,-2,-2,-48
1756011707.575945,-5,-3,-55
1756011707.611945,3,-3,-61
1756011707.6489446,7,-3,-56
1756011707.6869447,5,0,-51
1756011707.7249446,-5,-4,-44
1756011707.7609446,-1,-1,-47
1756011707.7989447,2,-4,-45
1756011707.8369446,1,-5,-45
1756011707.8759446,-3,-5,-55
1756011707.9119446,3,-7,-68
1756011707.9499447,1,-5,-55
1756011707.9879446,-6,0,-71
1756011708.0269446,-1,-1,-64
1756011708.0649445,0,-4,-55
1756011708.1009445,-3,-4,-49
1756011708.1389446,3,0,-48
1756011708.1769447,5,-5,-55
1756011708.2159443,2,-2,-64
1756011708.2519443,4,2,-59
1756011708.2899446,-3,2,-69
1756011708.3279445,1,-6,-62
1756011708.3669446,-3,-2,-63
1756011708.404945,-7,-2,-53
1756011708.440945,-5,-2,-55
1756011708.4789443,0,-5,-53
1756011708.5169446,0,-1,-55
1756011708.5559447,-3,1,-54
1756011708.5919447,-1,-5,-55
1756011708.6299446,0,-8,-49
1756011708.667945,-2,-3,-57
1756011708.7069447,-4,-6,-56
1756011708.7449446,3,2,-54
1756011708.7809446,0,-1,-57
1756011708.8179443,-3,-1,-51
1756011708.8569446,-8,3,-50
1756011708.8929446,-1,3,-57
1756011708.9299445,-4,-6,-41
1756011708.9679446,1,-6,-51
1756011709.006945,0,-7,-42
1756011709.042945,-1,-5,-47
1756011709.0809443,-8,0,-46
1756011709.1199446,-5,1,-43
1756011709.1569445,0,-8,-50
1756011709.1959443,-7,-5,-54
1756011709.2319446,-4,-3,-52
1756011709.269945,0,-1,-55
1756011709.3079443,0,-8,-57
1756011709.3469446,-2,-2,-59
1756011709.3829446,6,0,-50
1756011709.4209447,15,0,-50
1756011709.4589446,6,0,-57
1756011709.496945,5,-5,-56
1756011709.5359447,5,-6,-54
1756011709.5719447,11,0,-56
1756011709.608945,0,5,-59
1756011709.6479447,4,-3,-57
1756011709.6859446,-5,-1,-51
1756011709.7219446,-2,-4,-47
1756011709.759945,1,-6,-59
1756011709.7979443,1,0,-47
1756011709.8369446,9,0,-58
1756011709.8729446,2,-8,-52
1756011709.9099443,2,-5,-35
1756011709.9489446,1,1,-56
1756011709.986945,3,-5,-51
1756011710.0229447,-5,-4,-47
1756011710.0609446,-4,-4,-63
1756011710.098945,3,-7,-54
1756011710.1379447,1,-6,-43
1756011710.1759446,-5,-2,-56
1756011710.2119446,3,-4,-60
1756011710.2489443,0,4,-45
1756011710.2869446,-4,0,-49
1756011710.3229446,3,0,-56
1756011710.3609445,1,-5,-53
1756011710.3979447,-8,-5,-53
1756011710.4369447,-3,0,-53
1756011710.4729445,-5,0,-48
1756011710.509945,-6,0,-57
1756011710.5479443,-4,0,-56
1756011710.5869446,0,-1,-35
1756011710.6229446,6,0,-33
1756011710.6599443,0,-3,-31
1756011710.6979446,-4,-4,-46
1756011710.736945,1,-1,-50
1756011710.7729447,-2,-3,-46
1756011710.8109446,-5,-4,-47
1756011710.848945,0,1,-39
1756011710.8879447,-1,-13,-52
1756011710.9239447,-3,-7,-53
1756011710.9699447,-6,0,-46
1756011711.0079446,-9,-1,-48
1756011711.0439446,-4,-1,-60
1756011711.0819447,-2,-2,-52
1756011711.1199446,2,0,-53
1756011711.157945,0,-1,-53
1756011711.1969447,-1,-6,-46
1756011711.2329447,2,2,-48
1756011711.2709446,-1,2,-43
1756011711.3089447,0,0,-48
1756011711.3469446,0,-2,-51
1756011711.3829446,0,-1,-36
1756011711.4209447,1,0,-51
1756011711.4589446,0,3,-49
1756011711.496945,-6,-3,-39
1756011711.532945,4,1,-38
1756011711.5709443,0,0,-38
1756011711.608945,-4,1,-38
1756011711.6469443,-1,-2,-46
1756011711.6829443,4,0,-51
1756011711.7199447,0,-1,-45
1756011711.7589445,0,0,-49
1756011711.7969446,0,0,-50
1756011711.8329446,4,0,-45
1756011711.8699446,-1,-3,-41
1756011711.9089446,-3,-4,-48
1756011711.9469447,2,0,-49
1756011711.9829447,0,-1,-58
1756011712.0209446,-2,3,-51
1756011712.0589447,-3,2,-46
1756011712.0969446,-9,0,-58
1756011712.1329446,0,-1,-54
1756011712.1699443,-1,1,-48
1756011712.2089446,-2,-5,-45
1756011712.2449446,0,0,-64
1756011712.2819445,-3,-2,-51
1756011712.3209443,2,-3,-57
1756011712.358945,9,-3,-63
1756011712.394945,3,-5,-46
1756011712.4329443,-4,-2,-39
1756011712.4709446,-6,-6,-49
1756011712.5089445,0,-3,-51
1756011712.5479443,-4,-1,-42
1756011712.5839446,-2,0,-49
1756011712.6209445,1,8,-60
1756011712.6589446,3,3,-58
1756011712.6949446,0,0,-60
1756011712.7319446,0,0,-55
1756011712.769945,1,-1,-56
1756011712.8089447,1,0,-53
1756011712.8449447,2,-3,-55
1756011712.881945,-1,-8,-50
1756011712.9209447,2,-9,-63
1756011712.9589446,-1,-4,-62
1756011712.9949446,4,2,-57
1756011713.0319445,4,2,-49
1756011713.0699446,1,-2,-48
1756011713.1079447,-4,0,-44
1756011713.1439445,3,3,-50
1756011713.1809447,2,-5,-59
1756011713.2199447,0,-7,-60
1756011713.2579446,0,3,-49
1756011713.2939446,1,1,-55
1756011713.3309443,0,2,-53
1756011713.3689446,-1,-8,-51
1756011713.404945,0,-11,-53
1756011713.4419446,-4,-3,-54
1756011713.4799447,-7,-4,-66
1756011713.5189445,-1,4,-69
1756011713.5549445,0,4,-51
1756011713.5919447,0,0,-45
1756011713.6299446,6,0,-44
1756011713.6689446,-1,-1,-47
1756011713.7049446,-8,4,-47
1756011713.7419446,-1,-4,-49
1756011713.779945,-8,0,-52
1756011713.8189447,-7,-4,-51
1756011713.8549447,-4,-7,-54
1756011713.8929446,2,-2,-58
1756011713.9309447,2,-2,-55
1756011713.9699447,4,-6,-54
1756011714.0059447,3,0,-47
1756011714.042945,5,2,-43
1756011714.0809443,0,2,-49
1756011714.1189446,-5,0,-45
1756011714.154945,0,-4,-56
1756011714.1929443,-5,-3,-55
1756011714.2309446,-1,-1,-50
1756011714.269945,-1,-2,-56
1756011714.3059447,4,1,-49
1756011714.3429446,7,1,-41
1756011714.3809447,1,5,-49
1756011714.4189446,-5,0,-51
1756011714.4549446,-5,0,-48
1756011714.4919446,2,-4,-47
1756011714.529945,6,1,-57
1756011714.5689447,4,-1,-71
1756011714.6049447,5,0,-56
1756011714.6429446,1,5,-45
1756011714.6809447,3,-2,-47
1756011714.7189443,5,2,-37
1756011714.7549446,3,-3,-47
1756011714.792945,0,-1,-47
1756011714.8309443,-6,-3,-44
1756011714.8699446,0,2,-54
1756011714.9059446,-3,0,-55
1756011714.9429443,0,3,-53
1756011714.9809446,3,0,-56
1756011715.0189445,1,1,-49
1756011715.0559447,-3,0,-44
1756011715.0929446,-7,4,-47
1756011715.1309447,0,5,-57
1756011715.1689446,-2,4,-53
1756011715.2049446,-3,1,-50
1756011715.2429447,-8,4,-52
1756011715.2809446,-1,5,-58
1756011715.3199446,3,2,-68
1756011715.3559446,-3,9,-62
1756011715.3929446,-5,5,-62
1756011715.4309447,2,3,-43
1756011715.4689443,-2,5,-53
1756011715.5049446,-1,3,-58
1756011715.542945,0,1,-61
1756011715.5809443,-3,0,-54
1756011715.6169446,-2,-1,-43
1756011715.6559446,0,1,-44
1756011715.6929443,-7,0,-42
1756011715.7309446,-3,2,-43
1756011715.7709446,2,0,-39
1756011715.8069446,3,-3,-45
1756011715.8439443,3,-6,-51
1756011715.881945,-2,1,-58
1756011715.9209447,-1,-5,-63
1756011715.9569447,0,-5,-57
1756011715.9949446,-3,3,-57
1756011716.032945,-3,-1,-38
1756011716.0709443,10,-3,-57
1756011716.1099446,0,0,-51
1756011716.1459446,0,0,-45
1756011716.1839447,-8,1,-47
1756011716.2229445,-4,1,-49
1756011716.2609446,2,2,-46
1756011716.2969446,-1,4,-44
1756011716.3349447,0,1,-51
1756011716.3729446,0,1,-58
1756011716.4109447,-7,0,-64
1756011716.4469447,-3,0,-55
1756011716.483945,1,6,-60
1756011716.5219443,4,-2,-51
1756011716.5599446,4,-5,-52
1756011716.5959446,3,-6,-49
1756011716.6339445,3,3,-48
1756011716.6719446,-1,2,-51
1756011716.7099447,3,-5,-56
1756011716.7459445,2,-1,-63
1756011716.7839446,6,-1,-52
1756011716.8219447,-6,2,-50
1756011716.8609445,0,-6,-54
1756011716.8969443,1,-1,-44
1756011716.9339447,2,-4,-47
1756011716.9719446,-1,-4,-43
1756011717.0109446,3,-7,-42
1756011717.0469446,-8,-4,-51
1756011717.0849447,-3,0,-51
1756011717.1229446,-3,2,-56
1756011717.1619446,-4,0,-52
1756011717.1999447,-5,2,-46
1756011717.2359445,-10,-3,-53
1756011717.2739446,-6,-8,-63
1756011717.3119447,-7,0,-47
1756011717.3509445,0,-3,-52
1756011717.3869443,-3,0,-48
1756011717.4249446,0,3,-51
1756011717.4619446,1,4,-51
1756011717.4979446,0,8,-55
1756011717.5359447,3,1,-45
1756011717.5729446,2,6,-42
1756011717.6109445,6,-3,-49
1756011717.6469443,-3,-8,-57
1756011717.6859446,-2,1,-56
1756011717.7229445,0,5,-45
1756011717.7619443,-7,2,-49
1756011717.7979443,-4,3,-51
1756011717.835945,10,0,-48
1756011717.8729446,-3,-5,-40
1756011717.9119446,1,-8,-54
1756011717.9479446,5,-6,-53
1756011717.9849446,0,-4,-46
1756011718.0239446,-8,-6,-53
1756011718.0619447,-1,-1,-46
1756011718.0979445,-1,-1,-47
1756011718.1359446,2,-6,-55
1756011718.1739447,6,2,-53
1756011718.2119446,-4,-1,-52
1756011718.2479446,-9,2,-45
1756011718.2849443,-15,8,-54
1756011718.3229446,-2,0,-52
1756011718.361945,-8,0,-65
1756011718.3979447,-5,5,-61
1756011718.4359446,-1,-1,-54
1756011718.473945,-1,0,-45
1756011718.5129447,-7,4,-54
1756011718.5509446,-2,3,-54
1756011718.5869446,-6,3,-51
1756011718.6239443,1,3,-56
1756011718.6619446,-11,-2,-56
1756011718.6979446,-4,-4,-52
1756011718.7359445,-1,0,-48
1756011718.7739446,5,-2,-59
1756011718.812945,5,-3,-54
1756011718.8509445,1,2,-56
1756011718.8869443,-4,1,-50
1756011718.9239447,-3,9,-52
1756011718.9629445,-7,9,-50
1756011718.9989443,1,0,-46
1756011719.0369446,-5,-9,-38
1756011719.0749447,-5,-4,-54
1756011719.1129446,-2,-7,-55
1756011719.1519446,2,-1,-60
1756011719.187945,-10,0,-58
1756011719.2249446,-11,4,-52
1756011719.2629447,1,1,-56
1756011719.2999446,-8,3,-50
1756011719.3369446,2,5,-56
1756011719.3739443,-2,-1,-57
1756011719.4129446,0,0,-49
1756011719.4489446,-3,4,-54
1756011719.486945,2,0,-51
1756011719.5249443,4,0,-50
1756011719.562945,1,7,-48
1756011719.598945,0,-4,-54
1756011719.6369443,0,0,-58
1756011719.6739447,-6,0,-60
1756011719.7129445,-4,-1,-49
1756011719.7489443,-7,5,-51
1756011719.7869446,-7,0,-52
1756011719.8249447,3,-10,-56
1756011719.8639443,3,-4,-50
1756011719.9019446,-4,1,-53
1756011719.937945,0,-2,-60
1756011719.9749446,-1,1,-54
1756011720.0139446,-1,-2,-47
1756011720.0519447,0,0,-47
1756011720.0879445,-1,2,-48
1756011720.1249447,-2,-3,-60
1756011720.1639447,6,0,-56
1756011720.2019446,3,1,-43
1756011720.2379446,1,-3,-40
1756011720.2749443,0,-3,-50
1756011720.3139446,-3,8,-44
1756011720.3519447,-3,0,-40
1756011720.3879447,-2,-3,-41
1756011720.4259446,-3,2,-42
1756011720.463945,-4,5,-39
1756011720.5029447,-5,7,-49
1756011720.5399446,-11,5,-50
1756011720.5769446,0,5,-51
1756011720.6149447,-3,-3,-50
1756011720.6539447,-3,-1,-61
1756011720.6899445,-6,1,-66
1756011720.7269447,-9,1,-51
1756011720.7649446,-11,0,-54
1756011720.8039446,-6,0,-51
1756011720.8399446,2,0,-46
1756011720.8779447,-4,-1,-47
1756011720.9149446,1,0,-50
1756011720.9539447,3,-3,-50
1756011720.9989443,2,4,-45
1756011721.0359447,0,10,-49
1756011721.0739446,-2,-1,-34
1756011721.1129446,-10,-4,-53
1756011721.1489446,-5,0,-50
1756011721.1859446,0,-4,-36
1756011721.223945,-3,-3,-46
1756011721.2629447,-2,1,-53
1756011721.2989447,-3,0,-46
1756011721.335945,-3,0,-50
1756011721.3749447,7,-9,-45
1756011721.4129446,0,-5,-47
1756011721.4489446,2,2,-60
1756011721.4859445,-4,-3,-47
1756011721.5249443,3,0,-35
1756011721.562945,-6,-3,-51
1756011721.598945,-4,1,-45
1756011721.6359446,-6,1,-55
1756011721.6749446,-1,-9,-54
1756011721.7129445,2,-8,-38
1756011721.7489443,0,-7,-55
1756011721.7859447,-2,1,-57
1756011721.8249447,8,5,-43
1756011721.8629446,-1,3,-43
1756011721.8989446,-7,3,-47
1756011721.9359446,-7,0,-49
1756011721.9749446,5,0,-52
1756011722.0129447,-5,0,-56
1756011722.0489447,4,-1,-57
1756011722.0869446,-3,-4,-43
1756011722.1249447,-1,0,-47
1756011722.1639447,-1,6,-53
1756011722.200945,2,4,-56
1756011722.2379446,-3,0,-49
1756011722.2759447,-3,-3,-58
1756011722.3149445,-2,0,-47
1756011722.3509445,-2,0,-51
1756011722.3879447,0,-3,-42
1756011722.4259446,9,-6,-36
1756011722.4649446,2,4,-34
1756011722.5009446,-3,-4,-37
1756011722.5389447,-4,6,-44
1756011722.5769446,1,4,-49
1756011722.6149447,0,-4,-48
1756011722.6539447,2,-7,-44
1756011722.6899445,-1,-5,-49
1756011722.7279446,-1,-4,-44
1756011722.7659447,-1,-7,-49
1756011722.8049445,0,4,-51
1756011722.8409443,1,5,-61
1756011722.8779447,-1,1,-57
1756011722.9159446,-1,4,-58
1756011722.9549446,1,2,-49
1756011722.9909446,7,0,-59
1756011723.0279446,8,-5,-58
1756011723.065945,0,-11,-50
1756011723.1049447,-1,-3,-55
1756011723.1439445,-2,5,-53
1756011723.1799445,1,0,-60
1756011723.2169447,-2,-2,-50
1756011723.2559447,1,-4,-42
1756011723.2939446,-2,0,-47
1756011723.3299446,0,0,-54
1756011723.3669446,7,0,-52
1756011723.404945,-1,-3,-49
1756011723.440945,8,-2,-51
1756011723.4799447,0,-3,-59
1756011723.5169446,-2,0,-64
1756011723.5559447,-2,0,-48
1756011723.5939443,4,-1,-50
1756011723.6299446,4,0,-41
1756011723.6669445,5,2,-45
1756011723.7049446,3,-1,-55
1756011723.7409446,5,-6,-43
1756011723.7779446,-3,-6,-57
1756011723.815945,-4,0,-56
1756011723.8549447,-5,-2,-53
1756011723.8919446,-1,-1,-54
1756011723.9289446,-4,0,-49
1756011723.9669447,0,4,-51
1756011724.0049446,1,-3,-50
1756011724.0409446,0,-1,-48
1756011724.0789447,-4,-3,-44
1756011724.1169446,-2,-5,-51
1756011724.1559446,1,1,-50
1756011724.1919446,0,0,-53
1756011724.2299447,-8,-5,-46
1756011724.2669446,0,-6,-55
1756011724.3059447,-3,0,-40
1756011724.3419447,8,-1,-48
1756011724.3789446,0,-6,-50
1756011724.4169445,2,0,-39
1756011724.4549446,5,-1,-41
1756011724.4909446,15,0,-55
1756011724.5289447,1,5,-53
1756011724.5669446,-4,-3,-57
1756011724.6059446,-3,1,-44
1756011724.6419446,2,-2,-52
1756011724.6799445,0,1,-43
1756011724.7169447,-6,0,-48
1756011724.7559447,0,3,-44
1756011724.7919445,-1,-7,-53
1756011724.8299446,0,-3,-57
1756011724.8689446,-4,-4,-56
1756011724.9069445,0,-1,-48
1756011724.9449446,0,0,-51
1756011724.9809446,3,-3,-56
1756011725.0189445,-1,2,-47
1756011725.0569446,-3,-1,-50
1756011725.0959446,-2,0,-51
1756011725.131945,0,4,-51
1756011725.1689446,10,0,-56
1756011725.2069447,0,0,-47
1756011725.2449446,-3,-5,-46
1756011725.2809446,3,-3,-44
1756011725.3179443,0,-1,-57
1756011725.3569446,-3,0,-55
1756011725.394945,-2,-3,-54
1756011725.4319446,0,-8,-55
1756011725.4689443,-1,-6,-62
1756011725.506945,-5,5,-53
1756011725.5459447,-1,7,-58
1756011725.5819447,-3,0,-50
1756011725.6189446,1,1,-48
1756011725.6569445,0,0,-50
1756011725.6929443,0,-1,-43
1756011725.7299447,-3,-3,-54
1756011725.7679446,-1,-6,-49
1756011725.8069446,3,-2,-39
1756011725.8429446,-1,-2,-44
1756011725.8809447,2,-7,-44
1756011725.9199443,1,-2,-38
1756011725.9569447,-7,0,-50
1756011725.9959445,-5,0,-52
1756011726.0319445,-4,1,-54
1756011726.0699446,1,0,-57
1756011726.1069446,-9,-4,-53
1756011726.1459446,-4,-5,-49
1756011726.1819446,2,-3,-53
1756011726.2199447,-10,-5,-50
1756011726.2579446,-1,1,-39
1756011726.2969446,-3,1,-55
1756011726.3329446,0,1,-47
1756011726.3699446,3,3,-49
1756011726.407945,-6,6,-38
1756011726.4459443,-8,-1,-56
1756011726.4819446,-4,-3,-51
1756011726.519945,0,5,-51
1756011726.5579443,-3,2,-45
1756011726.5959446,2,2,-48
1756011726.631945,2,2,-54
1756011726.6689446,4,0,-60
1756011726.7069447,3,-1,-47
1756011726.7429447,-1,-11,-43
1756011726.7809446,-1,-3,-49
1756011726.8189447,13,-4,-50
1756011726.8579447,1,-6,-45
1756011726.8959446,0,-1,-48
1756011726.9319446,0,-4,-57
1756011726.9699447,0,-5,-62
1756011727.0079446,-6,-1,-60
1756011727.0469446,-4,0,-62
1756011727.0829446,2,0,-48
1756011727.1209445,0,-1,-48
1756011727.157945,-7,2,-51
1756011727.1969447,-3,3,-51
1756011727.2329447,-3,-2,-51
1756011727.2709446,-4,1,-49
1756011727.3089447,3,3,-54
1756011727.3479445,0,7,-60
1756011727.3839445,-1,4,-63
1756011727.4219446,2,-1,-54
1756011727.4599447,4,0,-60
1756011727.4989443,0,-6,-58
1756011727.5369446,-1,-2,-54
1756011727.5729446,-1,-3,-60
1756011727.6109445,4,-6,-54
1756011727.6489446,10,-10,-62
1756011727.687945,3,-6,-59
1756011727.723945,2,0,-62
1756011727.7609446,-2,-3,-62
1756011727.7989447,-4,3,-58
1756011727.8379445,1,0,-48
1756011727.8739443,-2,2,-45
1756011727.9109447,-6,-2,-45
1756011727.9489446,1,-7,-43
1756011727.986945,3,-1,-62
1756011728.0229447,12,-7,-55
1756011728.0609446,1,2,-53
1756011728.098945,-5,-3,-41
1756011728.1369443,-8,-3,-44
1756011728.1729443,0,-4,-40
1756011728.210945,0,-3,-42
1756011728.2489443,-6,6,-44
1756011728.2879446,-11,0,-42
1756011728.3239446,-4,7,-40
1756011728.3609445,-2,5,-41
1756011728.3989446,-2,-2,-54
1756011728.437945,-5,1,-53
1756011728.473945,-1,-10,-60
1756011728.5129447,-1,0,-61
1756011728.5499446,2,2,-40
1756011728.5879445,-7,0,-46
1756011728.6239443,5,0,-55
1756011728.6609447,2,-4,-58
1756011728.6989446,2,-5,-39
1756011728.7379446,0,-2,-45
1756011728.7739446,0,0,-48
1756011728.8109446,6,0,-54
1756011728.848945,0,0,-46
1756011728.884945,4,3,-45
1756011728.9219446,0,6,-53
1756011728.9589446,0,0,-47
1756011728.9949446,1,0,-54
1756011729.0319445,6,1,-64
1756011729.0699446,3,-3,-55
1756011729.108945,-5,-1,-42
1756011729.144945,5,0,-52
1756011729.1819446,3,-3,-45
1756011729.2199447,-1,1,-54
1756011729.2589445,0,-1,-68
1756011729.2949443,2,0,-62
1756011729.3319447,-4,0,-67
1756011729.3699446,-4,2,-47
1756011729.4089446,1,-4,-59
1756011729.4449446,1,-4,-51
1756011729.4829447,-3,0,-51
1756011729.519945,-8,3,-59
1756011729.5589447,-3,-3,-46
1756011729.5949447,-1,-1,-50
1756011729.6329446,0,4,-48
1756011729.6699443,7,0,-54
1756011729.7089446,4,-1,-52
1756011729.7449446,6,-7,-49
1756011729.7819445,5,-2,-45
1756011729.8199446,0,-3,-46
1756011729.858945,4,0,-51
1756011729.894945,5,1,-57
1756011729.9319446,0,4,-59
1756011729.9709446,0,-2,-45
1756011730.0089445,1,4,-52
1756011730.0449443,-1,0,-56
1756011730.0829446,-3,1,-48
1756011730.1209445,-4,3,-52
1756011730.1599443,-1,3,-38
1756011730.1979446,-5,0,-57
1756011730.233945,-6,1,-55
1756011730.2709446,-1,-5,-67
1756011730.3099446,-3,-4,-52
1756011730.3479445,0,-3,-54
1756011730.3839445,-2,0,-51
1756011730.4209447,0,1,-51
1756011730.4589446,-1,-6,-48
1756011730.4949446,3,-5,-53
1756011730.532945,6,-2,-61
1756011730.5709443,2,-1,-58
1756011730.6099446,3,-6,-48
1756011730.6459446,0,-1,-58
1756011730.6839447,5,0,-52
1756011730.7209446,6,-7,-52
1756011730.759945,1,-2,-59
1756011730.7959447,1,-2,-57
1756011730.8339446,-1,-4,-51
1756011730.8729446,1,2,-38
1756011730.9099443,4,4,-51
1756011730.9459443,2,1,-50
1756011730.983945,-3,-8,-54
1756011731.029945,0,0,-45
1756011731.065945,2,-7,-46
1756011731.1039443,1,-1,-49
1756011731.1419446,-7,-8,-54
1756011731.1809447,3,-7,-56
1756011731.2189443,0,-9,-57
1756011731.2559447,-5,-8,-54
1756011731.292945,3,-9,-55
1756011731.3309443,1,-4,-46
1756011731.3699446,0,-6,-41
1756011731.4059446,-3,2,-54
1756011731.4429443,3,-4,-51
1756011731.4809446,2,-5,-52
1756011731.519945,0,0,-43
1756011731.5559447,6,-4,-43
1756011731.5939443,0,-3,-45
1756011731.631945,-1,8,-50
1756011731.6709447,0,3,-54
1756011731.7089446,-6,0,-58
1756011731.7459445,3,-5,-55
1756011731.782945,0,1,-50
1756011731.8209443,-2,0,-52
1756011731.858945,1,1,-58
1756011731.894945,-3,3,-57
1756011731.9339447,0,2,-52
1756011731.9709446,3,0,-47
1756011732.0089445,3,1,-55
1756011732.0459447,2,5,-50
1756011732.0829446,2,0,-45
1756011732.1209445,-5,-3,-46
1756011732.1599443,-7,0,-50
1756011732.1959443,-9,-2,-58
1756011732.233945,-2,-1,-68
1756011732.2719443,-4,1,-61
1756011732.3109446,-6,0,-54
1756011732.3469446,-3,-2,-51
1756011732.384945,4,-4,-46
1756011732.4229443,5,2,-53
1756011732.460945,4,3,-57
1756011732.496945,0,1,-55
1756011732.5339446,9,-1,-54
1756011732.5719447,9,-2,-48
1756011732.6109445,-3,-3,-54
1756011732.6469443,-2,1,-45
1756011732.6839447,9,-6,-54
1756011732.7229445,4,0,-48
1756011732.7609446,-1,-4,-50
1756011732.7969446,-8,-2,-44
1756011732.8349447,-3,-1,-45
1756011732.8729446,-2,0,-53
1756011732.9119446,-2,0,-55
1756011732.9499447,0,2,-49
1756011732.9859445,0,0,-46
1756011733.0229447,-2,-1,-41
1756011733.0619447,-1,-5,-51
1756011733.0999446,-2,0,-65
1756011733.1359446,0,0,-49
1756011733.1729443,-6,-2,-56
1756011733.2119446,0,0,-49
1756011733.2499447,1,0,-47
1756011733.2859447,-4,-1,-42
1756011733.3239446,0,-9,-41
1756011733.361945,-3,-7,-36
1756011733.4009447,2,0,-49
1756011733.4369447,0,1,-52
1756011733.4749446,6,-8,-56
1756011733.5139446,0,-1,-53
1756011733.5519447,-4,-2,-58
1756011733.5899446,-4,1,-55
1756011733.6259446,1,8,-47
1756011733.6629446,-6,1,-56
1756011733.7019446,-5,4,-52
1756011733.7399447,-3,6,-49
1756011733.7759447,-4,2,-55
1756011733.812945,1,-1,-55
1756011733.8519447,5,3,-50
1756011733.8879447,4,4,-56
1756011733.9249446,-3,-1,-48
1756011733.9629445,1,2,-45
1756011734.0009446,-1,2,-47
1756011734.0369446,0,1,-54
1756011734.0749447,3,-2,-57
1756011734.1129446,4,2,-55
1756011734.1509447,7,2,-47
1756011734.1869447,7,-3,-48
1756011734.2249446,-3,-5,-47
1756011734.2629447,-1,0,-46
1756011734.3019447,1,1,-60
1756011734.3379445,5,-1,-52
1756011734.3749447,-3,6,-34
1756011734.4139447,3,8,-45
1756011734.4519446,7,-2,-62
1756011734.4879446,8,4,-53
1756011734.5249443,-2,-4,-48
1756011734.562945,-2,2,-48
1756011734.6019447,3,0,-32
1756011734.6379447,-5,-5,-41
1756011734.6759446,-5,0,-47
1756011734.713945,2,5,-54
1756011734.7519443,-3,-1,-44
1756011734.7879446,2,-7,-49
1756011734.8249447,1,-7,-51
1756011734.8629446,-6,-5,-39
1756011734.9019446,-5,-1,-47
1756011734.937945,-5,-2,-48
1756011734.9759445,7,-7,-60
1756011735.0139446,4,-6,-55
1756011735.052945,-1,-5,-54
1756011735.0909443,-3,0,-56
1756011735.1269443,-2,3,-49
1756011735.1639447,-4,1,-43
1756011735.2029445,-4,4,-43
1756011735.2409446,-1,-2,-51
1756011735.2769446,1,2,-59
1756011735.3139446,0,0,-52
1756011735.3519447,0,4,-55
1756011735.3879447,-9,5,-48
1756011735.4249446,-1,0,-54
1756011735.4629445,0,-8,-58
1756011735.5019443,0,-4,-58
1756011735.5379446,4,2,-61
1756011735.5749447,-3,-8,-56
1756011735.6129446,1,-4,-57
1756011735.6519446,0,0,-51
1756011735.687945,0,0,-51
1756011735.7249446,-2,1,-40
1756011735.7629447,0,6,-39
1756011735.7989447,-2,6,-49
1756011735.8369446,-2,4,-51
1756011735.8749447,-3,0,-61
1756011735.9129446,0,-6,-54
1756011735.9519446,-5,0,-52
1756011735.9879446,0,7,-36
1756011736.0249443,-2,3,-49
1756011736.062945,-11,-1,-43
1756011736.1019447,0,0,-36
1756011736.1379447,0,2,-53
1756011736.1749446,1,-3,-54
1756011736.213945,-2,-4,-46
1756011736.2519443,0,-3,-64
1756011736.2879446,1,0,-55
1756011736.3249447,0,1,-52
1756011736.3629446,0,-4,-36
1756011736.3989446,0,-2,-51
1756011736.4369447,9,-1,-55
1756011736.4749446,11,-2,-46
1756011736.5139446,2,2,-51
1756011736.5519447,0,1,-50
1756011736.5879445,-2,0,-51
1756011736.6249447,-3,2,-64
1756011736.6639447,0,-2,-62
1756011736.7019446,-2,5,-48
1756011736.7379446,1,-2,-62
1756011736.7749443,-2,0,-62
1756011736.8139446,3,0,-57
1756011736.8519447,-4,-1,-57
1756011736.8879447,-4,0,-57
1756011736.9259446,-2,-1,-49
1756011736.963945,2,-4,-54
1756011737.0029447,3,0,-49
1756011737.0389447,1,-7,-50
1756011737.0769446,0,0,-44
1756011737.1139443,-1,-1,-53
1756011737.1529446,0,-7,-51
1756011737.1889446,0,-6,-58
1756011737.2259445,3,-6,-61
1756011737.2639446,4,2,-57
1756011737.2999446,-4,7,-40
1756011737.3369446,1,7,-46
1756011737.3749447,2,-2,-56
1756011737.4139447,-6,-1,-52
1756011737.4499447,-7,0,-51
1756011737.486945,-14,4,-40
1756011737.5249443,0,0,-46
1756011737.562945,-2,3,-48
1756011737.598945,0,-2,-48
1756011737.6359446,-5,-1,-52
1756011737.6739447,-2,0,-47
1756011737.7129445,-4,0,-48
1756011737.7489443,-1,0,-43
1756011737.7859447,2,-2,-46
1756011737.8239446,-1,-1,-51
1756011737.8629446,0,0,-47
1756011737.8989446,-1,3,-57
1756011737.9369447,-3,2,-51
1756011737.9749446,0,5,-48
1756011738.0129447,3,1,-45
1756011738.0489447,3,-1,-53
1756011738.0879445,4,2,-49
1756011738.1249447,0,-8,-45
1756011738.1629446,6,1,-64
1756011738.1989446,0,0,-54
1756011738.236945,-1,0,-48
1756011738.2749443,1,0,-54
1756011738.312945,1,-2,-57
1756011738.348945,4,0,-62
1756011738.3859446,6,3,-54
1756011738.4239447,-2,-3,-47
1756011738.4599447,-11,-1,-52
1756011738.4979446,-3,-4,-54
1756011738.5359447,-1,0,-56
1756011738.5749447,-4,-1,-58
1756011738.6129446,7,-5,-63
1756011738.6489446,0,-5,-53
1756011738.6859446,-4,-1,-55
1756011738.7249446,-6,-3,-50
1756011738.7629447,-6,1,-56
1756011738.7989447,-5,5,-56
1756011738.835945,4,-1,-45
1756011738.8749447,3,5,-46
1756011738.9129446,1,0,-45
1756011738.9489446,0,-4,-48
1756011738.9859445,6,0,-42
1756011739.0239446,3,2,-50
1756011739.0599446,5,0,-50
1756011739.0969446,0,0,-45
1756011739.134945,0,3,-38
1756011739.1709447,0,0,-43
1756011739.2079446,-6,-1,-53
1756011739.246945,-10,-4,-53
1756011739.2849443,0,-6,-56
1756011739.3209443,-2,-6,-55
1756011739.358945,-1,0,-54
1756011739.3969443,1,2,-51
1756011739.4349446,2,-4,-52
1756011739.4709446,0,-2,-52
1756011739.5079446,-3,1,-55
1756011739.5469446,-2,5,-56
1756011739.5849447,4,0,-59
1756011739.6209445,7,4,-60
1756011739.657945,2,-3,-51
1756011739.6969447,0,-2,-58
1756011739.7349446,1,1,-55
1756011739.7709446,0,0,-51
1756011739.8079443,8,-2,-58
1756011739.8459446,3,-3,-46
1756011739.884945,0,6,-43
1756011739.9209447,1,2,-48
1756011739.9579446,9,1,-51
1756011739.9959445,0,2,-53
1756011740.0339446,-5,-3,-54
1756011740.0699446,5,2,-54
1756011740.1079447,-1,7,-61
1756011740.1469443,-3,-6,-55
1756011740.1849446,0,-3,-55
1756011740.2209446,-4,-9,-49
1756011740.2589445,-4,0,-57
1756011740.2969446,-1,0,-53
1756011740.335945,1,-5,-61
1756011740.3739443,1,-1,-55
1756011740.4099443,4,2,-45
1756011740.4469447,1,4,-44
1756011740.4849446,7,6,-54
1756011740.5209446,3,8,-52
1756011740.5579443,-2,5,-63
1756011740.5969446,0,2,-48
1756011740.634945,-2,5,-50
1756011740.6709447,-4,-2,-44
1756011740.7089446,-1,5,-56
1756011740.746945,1,2,-54
1756011740.7849443,2,0,-56
1756011740.8209443,-7,-9,-43
1756011740.8599446,-2,0,-51
1756011740.8969443,1,1,-43
1756011740.9349446,-1,2,-45
1756011740.9709446,-9,3,-50
1756011741.0079446,-11,3,-46
1756011741.0519447,6,-2,-46
1756011741.0909443,-2,0,-51
1756011741.1279447,-2,-2,-50
1756011741.1669445,-4,-6,-50
1756011741.2049446,-2,-4,-43
1756011741.2409446,-7,-5,-50
1756011741.2789447,-4,1,-51
1756011741.3169446,-5,7,-34
1756011741.3559446,2,6,-40
1756011741.3919446,10,1,-36
1756011741.4289446,1,-3,-40
1756011741.4679446,2,-7,-65
1756011741.5059447,-1,-1,-58
1756011741.5419445,-3,2,-47
1756011741.5789447,1,0,-53
1756011741.6169446,2,-6,-47
1756011741.6559446,-3,-6,-58
1756011741.6919446,-6,-1,-61
1756011741.7299447,-4,-1,-46
1756011741.7679446,-4,-12,-42
1756011741.8069446,-3,1,-42
1756011741.8449447,3,-1,-55
1756011741.8809447,0,-3,-56
1756011741.917945,0,-10,-47
1756011741.9569447,3,-1,-48
1756011741.9949446,3,-4,-41
1756011742.0309446,5,5,-50
1756011742.0679443,1,-6,-56
1756011742.1069446,0,0,-59
1756011742.144945,-3,5,-55
1756011742.1809447,-5,3,-57
1756011742.2179446,0,2,-56
1756011742.2559447,-1,4,-61
1756011742.2919445,0,1,-53
1756011742.3289447,0,-1,-39
1756011742.3669446,0,-2,-34
1756011742.4059446,-8,2,-48
1756011742.4419446,-6,5,-45
1756011742.4809446,-9,0,-44
1756011742.5179446,1,5,-44
1756011742.5559447,0,5,-47
1756011742.5919447,1,0,-44
1756011742.6309447,-1,1,-46
1756011742.667945,0,-6,-42
1756011742.7069447,-6,-1,-56
1756011742.7429447,-4,0,-44
1756011742.779945,-6,4,-55
1756011742.8179443,-2,-4,-53
1756011742.8569446,-4,1,-52
1756011742.8929446,-5,3,-54
1756011742.9299445,-2,0,-57
1756011742.9679446,-5,7,-47
1756011743.006945,-4,3,-38
1756011743.042945,-4,0,-47
1756011743.0799446,-3,-1,-44
1756011743.1179447,-5,0,-47
1756011743.1569445,5,1,-55
1756011743.1929443,11,0,-57
1756011743.2299447,-3,0,-48
1756011743.2679446,-3,-2,-43
1756011743.3069446,-4,0,-42
1756011743.3429446,0,-2,-33
1756011743.3799446,0,-2,-50
1756011743.4189446,5,0,-53
1756011743.4579446,0,0,-54
1756011743.4959445,1,1,-48
1756011743.5319445,3,-1,-52
1756011743.5689447,-4,0,-54
1756011743.6079447,0,0,-50
1756011743.6459446,-2,-5,-40
1756011743.6819446,0,-6,-58
1756011743.7199447,1,-2,-40
1756011743.7579446,3,0,-58
1756011743.7959447,2,3,-53
1756011743.8319447,-3,0,-56
1756011743.8689446,-3,-2,-51
1756011743.907945,-5,-4,-53
1756011743.9439447,-7,-3,-53
1756011743.9819446,-12,3,-55
1756011744.019945,-6,0,-46
1756011744.0579443,3,-5,-58
1756011744.0969446,4,5,-47
1756011744.1329446,-4,-2,-46
1756011744.1709447,2,-5,-51
1756011744.2089446,2,-1,-56
1756011744.2479446,5,-2,-54
1756011744.2849443,0,-5,-49
1756011744.3219447,3,-1,-47
1756011744.3599446,-2,2,-57
1756011744.3989446,0,1,-52
1756011744.4369447,1,-5,-55
1756011744.4729445,-1,-2,-51
1756011744.5109446,1,0,-46
1756011744.5489447,2,-3,-37
1756011744.5879445,5,-6,-43
1756011744.6239443,8,-4,-49
1756011744.6619446,-3,0,-50
1756011744.6999447,-3,-5,-45
1756011744.7389443,-1,5,-50
1756011744.7769446,3,1,-42
1756011744.812945,2,2,-43
1756011744.8509445,0,2,-39
1756011744.8889446,10,0,-46
1756011744.927945,9,-2,-44
1756011744.963945,4,-2,-46
1756011745.0009446,2,-2,-49
1756011745.0389447,-2,0,-54
1756011745.0779445,-7,-6,-56
1756011745.1139443,-4,-14,-52
1756011745.1519446,-1,-3,-51
1756011745.1899445,-3,-2,-46
1756011745.2289443,-4,0,-50
1756011745.2669446,0,3,-37
1756011745.302945,-1,1,-37
1756011745.3419447,2,-3,-49
1756011745.3789446,8,2,-44
1756011745.4169445,4,8,-51
1756011745.4529445,3,0,-51
1756011745.4899447,2,-1,-48
1756011745.5289447,-3,0,-51
1756011745.5669446,-7,-2,-49
1756011745.6039443,1,-5,-57
1756011745.6409447,8,4,-53
1756011745.6789446,0,4,-52
1756011745.7179446,3,0,-56
1756011745.7539446,0,1,-61
1756011745.7919445,-5,6,-51
1756011745.8289447,-2,0,-41
1756011745.8679447,2,5,-41
1756011745.9039447,-7,0,-55
1756011745.9419446,-2,-4,-44
1756011745.9789443,3,-1,-43
1756011746.0179446,-5,-2,-58
1756011746.0539446,-2,-1,-60
1756011746.0919447,-2,-3,-66
1756011746.1299446,-6,-5,-61
1756011746.1689446,-3,3,-55
1756011746.2049446,-2,0,-60
1756011746.2419446,-3,-9,-52
1756011746.279945,-3,-6,-44
1756011746.3189447,7,-6,-57
1756011746.3549447,3,-4,-60
1756011746.3919446,5,-2,-47
1756011746.4299445,-4,0,-58
1756011746.4689443,-10,1,-46
1756011746.5049446,-9,-5,-44
1756011746.542945,0,1,-67
1756011746.5799446,5,-4,-69
1756011746.6189446,0,-1,-51
1756011746.654945,-5,1,-51
1756011746.6919446,-6,-2,-52
1756011746.7299447,2,-5,-51
1756011746.7689445,0,-4,-57
1756011746.8049445,-5,-6,-54
1756011746.8429446,0,-2,-47
1756011746.8809447,-7,1,-55
1756011746.9199443,-3,-3,-54
1756011746.9579446,2,0,-53
1756011746.9939446,-1,0,-53
1756011747.0309446,1,-2,-49
1756011747.0699446,0,-3,-50
1756011747.1079447,-1,0,-49
1756011747.1439445,-4,2,-59
1756011747.1809447,1,-2,-55
1756011747.2199447,0,2,-60
1756011747.2559447,6,2,-57
1756011747.292945,2,2,-60
1756011747.3299446,0,4,-52
1756011747.3659446,4,0,-52
1756011747.4029446,2,11,-58
1756011747.4399445,0,9,-54
1756011747.4789443,-3,-6,-50
1756011747.5149446,-1,-6,-43
1756011747.552945,-2,0,-43
1756011747.5909443,0,-4,-44
1756011747.6299446,4,-6,-38
1756011747.6659446,9,-7,-41
1756011747.7029445,3,2,-59
1756011747.7399447,2,-2,-48
1756011747.7789447,7,-5,-40
1756011747.8149445,9,-6,-44
1756011747.8529446,-6,-5,-54
1756011747.8919446,-1,-6,-56
1756011747.9299445,-5,1,-55
1756011747.9659443,-1,4,-60
1756011748.0039446,-6,-5,-49
1756011748.0419445,0,-2,-47
1756011748.0809443,3,0,-51
1756011748.1189446,6,-1,-51
1756011748.154945,4,0,-63
1756011748.1919446,-7,0,-64
1756011748.2309446,-2,1,-56
1756011748.2689445,-6,-3,-51
1756011748.3049445,0,-2,-57
1756011748.3419447,0,-3,-55
1756011748.3809447,-3,0,-52
1756011748.4189446,0,-3,-58
1756011748.4549446,-2,-3,-47
1756011748.4939446,-1,0,-45
1756011748.5309446,-5,2,-53
1756011748.5699446,0,0,-47
1756011748.6059446,1,1,-53
1756011748.6439445,0,6,-53
1756011748.6809447,-7,0,-48
1756011748.7199447,6,-6,-44
1756011748.7559447,4,-1,-43
1756011748.7939446,0,-1,-51
1756011748.8309443,5,6,-48
1756011748.8669446,1,1,-41
1756011748.904945,3,0,-44
1756011748.9419446,-1,2,-46
1756011748.9809446,4,2,-50
1756011749.0169446,5,-1,-47
1756011749.0549445,-3,-1,-45
1756011749.0919447,-2,3,-49
1756011749.1309447,-6,-8,-48
1756011749.1669445,-8,-8,-46
1756011749.2059443,-10,-7,-57
1756011749.2439446,-2,-7,-55
1756011749.2809446,-7,1,-49
1756011749.3199446,-6,-2,-52
1756011749.3559446,0,-3,-48
1756011749.3939445,-4,0,-47
1756011749.4319446,-2,3,-52
1756011749.4709446,-1,0,-62
1756011749.506945,-5,0,-52
1756011749.5439446,2,0,-52
1756011749.5819447,2,-3,-46
1756011749.6199446,0,0,-37
1756011749.6559446,-1,0,-45
1756011749.6929443,0,-2,-55
1756011749.7319446,0,0,-47
1756011749.769945,1,-2,-40
1756011749.8059447,-1,-3,-38
1756011749.8439443,-4,0,-40
1756011749.881945,-4,0,-51
1756011749.9209447,2,1,-54
1756011749.9569447,2,4,-54
1756011749.9939446,-1,5,-54
1756011750.0319445,-2,5,-56
1756011750.0709443,-3,-4,-60
1756011750.1069446,-11,1,-49
1756011750.144945,-3,5,-46
1756011750.1829443,0,3,-50
1756011750.2219446,1,3,-49
1756011750.259945,0,-1,-55
1756011750.2959447,-2,4,-42
1756011750.3329446,5,0,-50
1756011750.3709445,3,4,-49
1756011750.4069445,1,0,-56
1756011750.4449446,9,0,-45
1756011750.4819446,-2,2,-39
1756011750.5209446,-5,-3,-49
1756011750.5569446,0,-1,-56
1756011750.5949447,-1,0,-46
1756011750.631945,2,-3,-61
1756011750.6709447,-5,-6,-56
1756011750.7069447,-1,-8,-52
1756011750.7449446,2,0,-40
1756011750.7819445,1,-3,-50
1756011750.8209443,-2,-5,-55
1756011750.8569446,5,0,-47
1756011750.894945,0,6,-44
1756011750.9319446,-2,-2,-61
1756011750.9709446,2,0,-63
1756011751.006945,1,-8,-67
1756011751.0449443,-2,1,-57
1756011751.0879445,-3,-7,-54
1756011751.1269443,-1,0,-65
1756011751.1639447,-1,2,-57
1756011751.2019446,-5,0,-54
1756011751.2409446,-1,-1,-49
1756011751.2769446,-2,1,-57
1756011751.3139446,2,-1,-45
1756011751.3529446,0,-8,-45
1756011751.3909447,2,-5,-43
1756011751.4269447,9,-9,-53
1756011751.463945,-4,-5,-44
1756011751.5029447,7,-2,-43
1756011751.5409446,4,-6,-69
1756011751.5769446,7,-1,-67
1756011751.6139443,7,0,-44
1756011751.6529446,4,1,-47
1756011751.690945,1,-1,-49
1756011751.7269447,-6,-2,-30
1756011751.7659447,-5,0,-47
1756011751.802945,-2,-3,-48
1756011751.8419447,2,2,-53
1756011751.8779447,-4,0,-59
1756011751.9159446,-3,0,-51
1756011751.9539447,1,2,-54
1756011751.9919446,-3,2,-54
1756011752.0279446,2,5,-53
1756011752.0649445,2,-6,-62
1756011752.1029446,3,-6,-61
1756011752.1419446,0,-3,-59
1756011752.177945,0,-5,-45
1756011752.2159443,0,0,-53
1756011752.2539446,-1,-2,-46
1756011752.2919445,-1,-2,-52
1756011752.3289447,-2,0,-47
1756011752.3659446,-5,-5,-50
1756011752.4039447,-7,-1,-48
1756011752.4429443,-3,-11,-45
1756011752.4789443,0,-1,-54
1756011752.5159447,3,-2,-56
1756011752.5539446,2,-2,-54
1756011752.5929446,7,-4,-67
1756011752.6289446,0,-4,-60
1756011752.6669445,-9,-4,-58
1756011752.7049446,5,2,-57
1756011752.7429447,2,-5,-50
1756011752.7789447,5,0,-48
1756011752.815945,0,-4,-44
1756011752.8539443,0,-1,-33
1756011752.8929446,4,2,-48
1756011752.9289446,5,-8,-63
1756011752.9669447,2,-4,-57
1756011753.0049446,5,1,-53
1756011753.042945,1,3,-58
1756011753.0789447,1,3,-52
1756011753.1159446,3,-1,-58
1756011753.1539447,4,-6,-45
1756011753.1929443,-1,3,-43
1756011753.2289443,1,0,-50
1756011753.2659447,0,-3,-50
1756011753.3039446,0,0,-63
1756011753.3419447,-1,1,-59
1756011753.3779447,-2,0,-49
1756011753.4149446,0,-1,-52
1756011753.4539447,0,-3,-53
1756011753.4919446,4,-8,-45
1756011753.5279446,3,0,-56
1756011753.5649445,-1,1,-52
1756011753.6039443,0,-3,-52
1756011753.6419446,1,3,-47
1756011753.677945,0,-2,-41
1756011753.7149446,1,-7,-50
1756011753.7539446,-3,0,-59
1756011753.7919445,-5,3,-54
1756011753.8279445,0,0,-50
1756011753.8649447,0,-1,-54
1756011753.9039447,-3,-3,-47
1756011753.9399445,-2,6,-47
1756011753.9769447,2,8,-50
1756011754.0139446,0,-3,-53
1756011754.052945,9,1,-57
1756011754.088945,6,-2,-53
1756011754.1269443,2,-5,-64
1756011754.1649446,-4,-5,-53
1756011754.2039447,0,-4,-50
1756011754.2399447,-7,1,-54
1756011754.2779446,2,-3,-53
1756011754.3169446,8,0,-49
1756011754.3549447,9,4,-53
1756011754.3929446,3,-3,-60
1756011754.4289446,4,-11,-51
1756011754.4659443,0,-9,-56
1756011754.5039446,-3,-4,-53
1756011754.542945,1,2,-42
1756011754.5799446,2,0,-54
1756011754.6169446,3,-2,-58
1756011754.654945,6,-2,-53
1756011754.6939447,-4,1,-54
1756011754.7299447,0,7,-49
1756011754.7669446,-2,-2,-57
1756011754.8049445,4,-6,-60
1756011754.8439443,7,-4,-52
1756011754.8799446,3,-2,-62
1756011754.9169445,-1,2,-59
1756011754.9549446,0,4,-51
1756011754.9929447,2,-5,-52
1756011755.0289447,-1,-4,-53
1756011755.0669446,-4,-1,-51
1756011755.1049447,-8,1,-35
1756011755.1439445,0,-3,-53
1756011755.1799445,1,-4,-54
1756011755.2179446,6,6,-56
1756011755.2549446,-2,4,-42
1756011755.2939446,3,2,-44
1756011755.3299446,1,0,-54
1756011755.3679447,1,-5,-51
1756011755.4059446,0,-4,-54
1756011755.4449446,-1,0,-55
1756011755.4829447,0,3,-52
1756011755.5189445,-1,0,-51
1756011755.5559447,4,-3,-51
1756011755.5949447,1,-2,-50
1756011755.6309447,8,-3,-44
1756011755.667945,-9,1,-41
1756011755.7059443,-3,7,-52
1756011755.7449446,1,1,-47
1756011755.7809446,-2,5,-48
1756011755.8179443,0,-2,-49
1756011755.8559446,7,-2,-49
1756011755.894945,8,-5,-45
1756011755.9309447,2,1,-47
1756011755.9679446,0,1,-54
1756011756.0049446,0,-6,-58
1756011756.0439446,2,-1,-61
1756011756.0799446,-2,-2,-56
1756011756.1179447,-3,-7,-52
1756011756.1559446,0,-5,-47
1756011756.1949446,2,-5,-48
1756011756.2309446,2,0,-42
1756011756.2679446,8,-2,-48
1756011756.3059447,8,0,-48
1756011756.3439443,0,0,-45
1756011756.3799446,3,-1,-47
1756011756.4169445,-3,5,-51
1756011756.4559443,-3,-2,-48
1756011756.4939446,1,-2,-44
1756011756.529945,4,0,-49
1756011756.5669446,5,-1,-54
1756011756.6059446,-1,-5,-57
1756011756.6439445,-2,-3,-55
1756011756.6799445,-1,-2,-48
1756011756.7179446,1,0,-51
1756011756.7559447,-7,-3,-45
1756011756.7939446,3,2,-50
1756011756.8299446,6,2,-41
1756011756.8669446,-2,5,-50
1756011756.9059446,5,0,-55
1756011756.9439447,2,-5,-49
1756011756.9799447,8,-6,-49
1756011757.0169446,7,-7,-53
1756011757.0559447,1,0,-58
1756011757.0939443,-4,-6,-52
1756011757.1299446,1,-2,-54
1756011757.1669445,0,0,-55
1756011757.2049446,3,1,-59
1756011757.2419446,3,-2,-54
1756011757.2789447,-6,-5,-58
1756011757.3169446,-1,-4,-53
1756011757.3559446,-2,-2,-56
1756011757.3919446,-3,0,-67
1756011757.4289446,-4,-1,-53
1756011757.4669447,-2,1,-56
1756011757.5059447,0,1,-53
1756011757.5419445,-1,0,-55
1756011757.5789447,0,-1,-45
1756011757.6169446,1,0,-46
1756011757.654945,0,1,-55
1756011757.690945,-1,-6,-65
1756011757.7289443,0,-9,-67
1756011757.7669446,1,-5,-68
1756011757.8059447,5,-7,-60
1756011757.8419447,2,-6,-60
1756011757.8789446,0,-4,-52
1756011757.9169445,1,-3,-56
1756011757.9559443,-5,-1,-61
1756011757.9919446,-8,0,-55
1756011758.029945,-2,2,-49
1756011758.0689447,-3,4,-39
1756011758.1069446,-4,4,-42
1756011758.144945,1,11,-42
1756011758.1809447,-1,0,-49
1756011758.2179446,-4,-5,-45
1756011758.256945,-4,-6,-54
1756011758.2949443,-1,-3,-54
1756011758.3309443,0,0,-51
1756011758.3679447,-4,0,-57
1756011758.4069445,3,-3,-63
1756011758.4449446,1,-3,-58
1756011758.4809446,-6,-3,-55
1756011758.5189445,-4,-4,-43
1756011758.5569446,2,-4,-43
1756011758.5959446,-4,0,-43
1756011758.631945,0,-2,-42
1756011758.6689446,4,-6,-40
1756011758.7069447,7,-3,-46
1756011758.7459445,-4,-1,-42
1756011758.7819445,0,2,-49
1756011758.8199446,1,0,-53
1756011758.8569446,2,-1,-45
1756011758.8959446,-3,-6,-40
1756011758.9329443,1,-5,-43
1756011758.9699447,-1,-4,-52
1756011759.0079446,-5,0,-56
1756011759.0469446,0,-5,-61
1756011759.0829446,-2,-5,-57
1756011759.1209445,5,-3,-33
1756011759.1589446,-3,1,-40
1756011759.1969447,-2,-3,-54
1756011759.2359445,0,4,-46
1756011759.2719443,-1,1,-52
1756011759.3099446,-5,4,-54
1756011759.3479445,-3,-1,-48
1756011759.3869443,2,2,-53
1756011759.4229443,2,5,-57
1756011759.460945,-1,-1,-51
1756011759.4979446,-4,0,-49
1756011759.5369446,-4,3,-59
1756011759.5729446,3,0,-53
1756011759.6099446,0,-3,-51
1756011759.6479447,-7,-3,-53
1756011759.6869447,4,-5,-48
1756011759.7229445,-1,-3,-61
1756011759.7609446,4,-4,-48
1756011759.7999446,5,0,-51
1756011759.8379445,-1,-6,-41
1756011759.8759446,0,-5,-45
1756011759.9119446,0,0,-50
1756011759.9499447,-6,-3,-41
1756011759.9879446,0,-13,-48
1756011760.0259447,0,-3,-43
1756011760.0619447,-1,-4,-48
1756011760.0999446,0,0,-55
1756011760.1379447,7,3,-61
1756011760.1759446,4,0,-51
1756011760.2119446,1,2,-42
1756011760.2489443,0,-7,-48
1756011760.2879446,5,0,-50
1756011760.325945,-3,-4,-50
1756011760.361945,2,-6,-52
1756011760.3989446,-1,-7,-59
1756011760.437945,0,-6,-51
1756011760.4759445,2,-4,-53
1756011760.5119443,-2,5,-45
1756011760.5489447,-4,-2,-47
1756011760.5879445,-3,-1,-58
1756011760.6239443,-3,-1,-45
1756011760.6619446,0,1,-46
1756011760.700945,1,6,-52
1756011760.7379446,6,1,-50
1756011760.7739446,1,0,-48
1756011760.8109446,-8,-1,-50
1756011760.848945,5,-6,-54
1756011760.8879447,10,-8,-52
1756011760.9239447,4,-4,-50
1756011760.9619446,7,-2,-55
1756011760.9999447,2,0,-47
1756011761.0379446,-3,-2,-49
1756011761.0769446,-8,1,-41
1756011761.121945,-10,0,-51
1756011761.1589446,-7,2,-37
1756011761.1979446,-7,-3,-55
1756011761.233945,-1,-5,-46
1756011761.2719443,-1,-1,-44
1756011761.3099446,-2,-2,-55
1756011761.348945,0,-2,-59
1756011761.3869443,3,-1,-52
1756011761.4229443,1,-7,-44
1756011761.460945,1,2,-48
1756011761.4989443,1,0,-42
1756011761.5369446,-7,-3,-42
1756011761.5729446,-9,-8,-42
1756011761.6109445,-9,-1,-55
1756011761.6489446,-15,4,-58
1756011761.687945,-3,0,-52
1756011761.723945,4,4,-59
1756011761.7619443,0,-2,-52
1756011761.7999446,0,-10,-52
1756011761.838945,0,-4,-54
1756011761.8769443,-2,-5,-54
1756011761.9129446,-2,-2,-48
1756011761.9519446,-5,-5,-55
1756011761.9889443,-3,-1,-54
1756011762.0279446,-2,-7,-50
1756011762.0639446,0,-7,-45
1756011762.1019447,10,-4,-45
1756011762.1389446,5,-7,-48
1756011762.177945,-1,-5,-51
1756011762.213945,6,-1,-61
1756011762.2519443,0,0,-48
1756011762.2889447,1,7,-53
1756011762.3249447,0,0,-49
1756011762.361945,-5,-2,-41
1756011762.4009447,-6,3,-46
1756011762.4389446,-1,2,-47
1756011762.4749446,-2,1,-40
1756011762.5119443,-3,-2,-50
1756011762.5499446,-5,-1,-45
1756011762.588945,-7,-6,-45
1756011762.6249447,0,-2,-61
1756011762.6629446,6,-1,-57
1756011762.700945,7,1,-52
1756011762.7389443,-3,0,-60
1756011762.7779446,-5,-6,-60
1756011762.8139446,-9,-2,-61
1756011762.8529446,-2,0,-51
1756011762.8899446,0,-4,-56
1756011762.9289446,1,0,-57
1756011762.9649446,2,-6,-54
1756011763.0029447,-5,-7,-54
1756011763.0399446,3,-3,-51
1756011763.0789447,2,-6,-58
1756011763.1149447,3,-11,-53
1756011763.1529446,7,-1,-55
1756011763.1899445,6,-5,-45
1756011763.2289443,-5,-1,-50
1756011763.2649446,-7,1,-55
1756011763.302945,-2,4,-38
1756011763.3399446,0,-3,-50
1756011763.3789446,1,-7,-51
1756011763.4149446,0,-5,-49
1756011763.4529445,-3,0,-54
1756011763.4899447,-3,-6,-54
1756011763.5289447,-1,-6,-52
1756011763.5649445,-4,2,-59
1756011763.6019447,-3,-7,-53
1756011763.6399446,-8,-2,-63
1756011763.6789446,-7,-8,-55
1756011763.7149446,-3,0,-53
1756011763.7519443,-1,-7,-44
1756011763.7899446,-2,-9,-47
1756011763.8289447,-6,-1,-42
1756011763.8649447,1,-5,-38
1756011763.9019446,3,-6,-53
1756011763.9399445,1,-1,-43
1756011763.9789443,0,-4,-41
1756011764.0149446,-2,-4,-48
1756011764.052945,0,-7,-53
1756011764.0909443,-9,0,-51
1756011764.1299446,-2,0,-59
1756011764.1659446,-6,-2,-61
1756011764.2039447,-5,-3,-46
1756011764.2419446,-6,3,-54
1756011764.279945,3,4,-45
1756011764.315945,0,2,-44
1756011764.3539443,-1,3,-56
1756011764.3909447,0,9,-54
1756011764.4289446,-4,5,-51
1756011764.4649446,-5,1,-44
1756011764.5019443,0,1,-39
1756011764.5399446,0,0,-55
1756011764.575945,6,0,-55
1756011764.6139443,0,6,-51
1756011764.6509447,7,3,-45
1756011764.6899445,2,-2,-52
1756011764.7259445,-5,1,-60
1756011764.7639446,1,4,-41
1756011764.8019447,-3,0,-51
1756011764.8409443,2,1,-37
1756011764.8789446,0,-2,-36
1756011764.9149446,-3,2,-57
1756011764.9519446,-3,3,-48
1756011764.9909446,-7,-2,-59
1756011765.0289447,-4,3,-47
1756011765.0649445,-7,0,-46
1756011765.1029446,-1,-3,-43
1756011765.1409447,0,4,-30
1756011765.1789446,4,-4,-40
1756011765.2149446,7,0,-45
1756011765.2519443,1,3,-48
1756011765.2909446,-1,1,-55
1756011765.3289447,-4,0,-61
1756011765.3649447,-2,-3,-57
1756011765.4029446,-2,-1,-51
1756011765.4419446,-1,-4,-56
1756011765.4799447,-1,-4,-54
1756011765.5159447,0,-5,-45
1756011765.552945,2,-5,-59
1756011765.5919447,2,5,-59
1756011765.6299446,0,1,-54
1756011765.6659446,-3,2,-48
1756011765.7029445,-2,1,-53
1756011765.7409446,-3,-1,-54
1756011765.779945,-1,0,-56
1756011765.815945,-2,-2,-59
1756011765.8549447,8,-2,-55
1756011765.8919446,0,0,-55
1756011765.9309447,2,-2,-52
1756011765.9669447,1,-4,-50
1756011766.0049446,1,-1,-48
1756011766.0419445,1,0,-47
1756011766.0799446,5,-2,-45
1756011766.1159446,-3,-1,-58
1756011766.154945,-2,0,-52
1756011766.1919446,-3,4,-49
1756011766.2309446,-5,0,-43
1756011766.2669446,0,0,-53
1756011766.3049445,7,1,-47
1756011766.3419447,4,2,-48
1756011766.3799446,1,0,-40
1756011766.4159446,3,2,-41
1756011766.4529445,-3,4,-50
1756011766.4919446,1,-5,-56
1756011766.529945,-2,-2,-58
1756011766.565945,0,0,-53
1756011766.6039443,6,-3,-67
1756011766.6419446,1,-1,-46
1756011766.6799445,0,4,-47
1756011766.7159443,1,1,-49
1756011766.7529447,1,6,-56
1756011766.7919445,3,3,-55
1756011766.8299446,0,2,-51
1756011766.8659446,0,-3,-50
1756011766.9029446,-4,-3,-50
1756011766.9419446,0,-3,-54
1756011766.9799447,0,-1,-48
1756011767.0159447,0,3,-42
1756011767.052945,-6,0,-49
1756011767.0919447,0,-4,-53
1756011767.1299446,-3,1,-49
1756011767.1659446,0,1,-52
1756011767.2029445,0,-1,-62
1756011767.2419446,3,1,-64
1756011767.2779446,6,5,-65
1756011767.3169446,-3,1,-55
1756011767.3539443,0,0,-48
1756011767.3919446,-4,0,-52
1756011767.4309447,0,-3,-54
1756011767.4669447,2,4,-62
1756011767.5039446,-1,3,-57
1756011767.542945,2,1,-54
1756011767.5809443,-3,2,-37
1756011767.6169446,1,-3,-43
1756011767.6539447,3,-4,-39
1756011767.6929443,-3,-3,-49
1756011767.7309446,-2,0,-51
1756011767.7669446,0,0,-48
1756011767.8039446,-5,-3,-44
1756011767.8429446,-1,-1,-53
1756011767.8809447,-1,0,-46
1756011767.9169445,0,-7,-46
1756011767.9539447,-3,-4,-45
1756011767.9929447,-2,-6,-48
1756011768.0309446,-1,-2,-43
1756011768.0669446,1,-6,-46
1756011768.1039443,0,0,-47
1756011768.1429446,5,-1,-43
1756011768.1809447,2,-4,-53
1756011768.2169447,5,-6,-56
1756011768.2539446,-2,-1,-50
1756011768.292945,-5,-6,-44
1756011768.3309443,-1,1,-52
1756011768.3669446,0,3,-53
1756011768.4039447,6,-5,-51
1756011768.4429443,2,-2,-46
1756011768.4809446,-1,-1,-46
1756011768.5169446,1,0,-51
1756011768.5539446,6,3,-58
1756011768.5929446,2,-4,-54
1756011768.6309447,-4,-2,-55
1756011768.6669445,0,-6,-51
1756011768.7039447,-6,-7,-50
1756011768.7429447,-1,1,-49
1756011768.7809446,-1,0,-55
1756011768.8169446,0,2,-51
1756011768.8539443,1,-11,-54
1756011768.8929446,9,-7,-50
1756011768.9289446,2,-6,-48
1756011768.9679446,0,-7,-34
1756011769.0049446,4,-2,-48
1756011769.0439446,4,4,-45
1756011769.0819447,1,-2,-53
1756011769.1179447,-5,-1,-45
1756011769.1569445,-4,2,-41
1756011769.1939447,-5,2,-45
1756011769.2329447,-6,1,-46
1756011769.2689445,1,1,-50
1756011769.3069446,3,0,-45
1756011769.3439443,0,-2,-56
1756011769.3829446,-5,0,-48
1756011769.4189446,-6,-2,-63
1756011769.4569447,-3,-6,-59
1756011769.4949446,5,-7,-47
1756011769.532945,-1,3,-52
1756011769.5719447,-6,-2,-47
1756011769.6079447,-1,-1,-52
1756011769.6459446,0,6,-42
1756011769.6839447,-6,2,-50
1756011769.7229445,-12,-3,-56
1756011769.7589445,-4,-2,-61
1756011769.7969446,0,-5,-57
1756011769.835945,0,-2,-61
1756011769.8739443,0,1,-58
1756011769.9119446,10,-6,-44
1756011769.9479446,4,0,-47
1756011769.9859445,0,-4,-48
1756011770.0239446,-2,3,-47
1756011770.062945,1,-4,-54
1756011770.098945,1,5,-53
1756011770.1359446,4,-3,-50
1756011770.1739447,-5,-3,-46
1756011770.2129445,-2,2,-41
1756011770.2489443,-2,5,-50
1756011770.2869446,-1,1,-49
1756011770.3249447,-5,1,-54
1756011770.3639443,-9,-3,-50
1756011770.4019446,0,0,-52
1756011770.437945,-6,-1,-55
1756011770.4759445,1,0,-51
1756011770.5139446,-3,7,-59
1756011770.5519447,0,-1,-52
1756011770.5879445,-1,0,-52
1756011770.6249447,3,-6,-50
1756011770.6639447,8,0,-53
1756011770.6999447,1,-6,-59
1756011770.7379446,2,0,-45
1756011770.7749443,3,1,-46
1756011770.8139446,-1,-1,-58
1756011770.8499446,0,0,-49
1756011770.8869443,2,-4,-53
1756011770.9249446,1,6,-49
1756011770.9629445,4,7,-65
1756011770.9989443,0,-1,-65
1756011771.0359447,-6,-4,-43
1756011771.0739446,0,4,-53
1756011771.1129446,-7,0,-46
1756011771.1569445,-5,0,-50
1756011771.1939447,-7,0,-50
1756011771.2329447,-1,0,-49
1756011771.2689445,2,3,-41
1756011771.3059447,6,-1,-53
1756011771.3449447,0,-1,-43
1756011771.3829446,5,-3,-45
1756011771.4189446,-2,0,-51
1756011771.4559443,-8,-3,-55
1756011771.4949446,-4,-2,-47
1756011771.532945,-1,-4,-44
1756011771.5689447,2,-7,-57
1756011771.6059446,6,2,-53
1756011771.644945,3,2,-52
1756011771.6829443,-2,-4,-48
1756011771.7189443,-10,2,-54
1756011771.7559447,-1,-2,-41
1756011771.7949443,4,-5,-39
1756011771.8329446,-3,-1,-53
1756011771.8689446,-4,0,-54
1756011771.9059446,-3,3,-52
1756011771.9449446,1,-5,-52
1756011771.9829447,-8,1,-54
1756011772.0189445,-1,8,-47
1756011772.0559447,-7,11,-38
1756011772.0949447,-7,2,-46
1756011772.1329446,-7,0,-51
1756011772.1689446,-5,-2,-46
1756011772.2069447,-1,-2,-57
1756011772.2449446,-5,1,-51
1756011772.2839446,-5,4,-47
1756011772.3199446,-5,3,-50
1756011772.3569446,-2,2,-54
1756011772.3959446,-3,2,-45
1756011772.4339447,-2,-5,-54
1756011772.4699447,-5,0,-60
1756011772.506945,-4,-5,-56
1756011772.5459447,4,-1,-52
1756011772.5839446,0,-5,-63
1756011772.6199446,0,-4,-52
1756011772.6569445,3,-9,-54
1756011772.6949446,0,-13,-51
1756011772.733945,-3,-5,-34
1756011772.769945,3,3,-36
1756011772.8079443,5,0,-45
1756011772.8449447,0,3,-54
1756011772.8809447,7,2,-54
1756011772.917945,-2,0,-43
1756011772.9559443,1,-3,-55
1756011772.9949446,4,3,-47
1756011773.0309446,4,5,-55
1756011773.0679443,4,-3,-44
1756011773.1059446,0,-4,-46
1756011773.144945,-1,-5,-51
1756011773.1809447,5,-2,-48
1756011773.2179446,-2,-4,-47
1756011773.2559447,-2,0,-51
1756011773.2949443,0,-3,-52
1756011773.3309443,-2,0,-40
1756011773.3679447,7,0,-46
1756011773.4059446,11,-3,-52
1756011773.4439447,1,-3,-56
1756011773.4799447,3,1,-40
1756011773.5179446,7,-2,-44
1756011773.5559447,2,-5,-52
1756011773.5939443,7,-4,-47
1756011773.6299446,3,0,-42
1756011773.667945,-7,1,-43
1756011773.7059443,1,3,-50
1756011773.7439446,0,2,-51
1756011773.779945,5,-2,-53
1756011773.8179443,2,-1,-57
1756011773.8559446,-3,2,-49
1756011773.894945,-2,-1,-50
1756011773.9309447,-2,2,-56
1756011773.9679446,-4,3,-65
1756011774.0059447,0,0,-48
1756011774.0419445,5,2,-48
1756011774.0789447,4,5,-46
1756011774.1159446,-2,-1,-53
1756011774.154945,-1,-2,-55
1756011774.190945,2,0,-50
1756011774.2289443,-1,0,-46
1756011774.2679446,-6,6,-49
1756011774.3059447,-1,5,-58
1756011774.3419447,1,5,-59
1756011774.3789446,-2,3,-54
1756011774.417945,-4,-2,-58
1756011774.4559443,3,-4,-45
1756011774.4919446,-3,-5,-45
1756011774.529945,2,-3,-48
1756011774.5679443,2,-9,-49
1756011774.6059446,3,0,-45
1756011774.6419446,-7,2,-54
1756011774.6789446,1,3,-47
1756011774.7169447,1,0,-51
1756011774.7549446,-3,1,-46
1756011774.7909446,4,-9,-58
1756011774.8289447,1,-7,-61
1756011774.8669446,2,0,-63
1756011774.9059446,0,-5,-55
1756011774.9419446,-5,-6,-55
1756011774.9809446,1,-1,-50
1756011775.0179446,0,-5,-46
1756011775.0569446,-8,-2,-61
1756011775.0949447,0,4,-48
1756011775.1309447,1,5,-41
1756011775.167945,1,5,-52
1756011775.2069447,0,5,-48
1756011775.2449446,0,3,-53
1756011775.2809446,0,8,-49
1756011775.3189447,-8,6,-51
1756011775.3569446,-9,-1,-53
1756011775.394945,0,-6,-60
1756011775.4309447,0,-9,-68
1756011775.4689443,9,-7,-52
1756011775.506945,1,0,-49
1756011775.542945,-3,1,-50
1756011775.5809443,0,-5,-52
1756011775.6189446,7,-5,-44
1756011775.6569445,-4,-1,-45
1756011775.6959443,1,-3,-56
1756011775.7319446,0,1,-54
1756011775.7689445,0,0,-53
1756011775.8069446,4,0,-49
1756011775.8429446,3,-2,-53
1756011775.8809447,2,-2,-54
1756011775.9189446,5,-6,-55
1756011775.9569447,0,-1,-55
1756011775.9959445,2,-8,-65
1756011776.0319445,-3,-6,-57
1756011776.0699446,-6,-5,-54
1756011776.1079447,-4,-6,-55
1756011776.1469443,1,-6,-61
1756011776.1829443,0,-2,-53
1756011776.2209446,-6,-1,-46
1756011776.2589445,-8,-11,-42
1756011776.2979443,0,-4,-43
1756011776.335945,5,-5,-48
1756011776.371945,4,-5,-52
1756011776.4089446,1,-8,-52
1756011776.4479446,1,-12,-58
1756011776.4859445,-1,-14,-47
1756011776.5219443,7,-5,-59
1756011776.5599446,1,-2,-50
1756011776.5979445,-4,-1,-51
1756011776.6359446,-8,-7,-50
1756011776.6719446,-7,-4,-50
1756011776.7099447,0,-5,-47
1756011776.7479446,2,1,-56
1756011776.7859447,0,1,-58
1756011776.8219447,-4,1,-55
1756011776.858945,0,4,-49
1756011776.8979447,5,2,-48
1756011776.9359446,7,0,-52
1756011776.9719446,-1,0,-44
1756011777.0089445,2,3,-44
1756011777.0479443,7,0,-48
1756011777.085945,-1,-1,-48
1756011777.121945,-2,3,-56
1756011777.1589446,3,0,-49
1756011777.1979446,-1,0,-55
1756011777.233945,-3,4,-53
1756011777.2709446,2,0,-48
1756011777.3079443,0,-1,-47
1756011777.3469446,-2,-4,-47
1756011777.3829446,-3,0,-40
1756011777.4199443,6,4,-45
1756011777.4579446,3,-6,-48
1756011777.4939446,0,-1,-48
1756011777.5319445,0,3,-49
1756011777.5699446,1,2,-45
1756011777.6079447,9,3,-52
1756011777.6439445,3,5,-44
1756011777.6809447,6,1,-46
1756011777.7179446,4,0,-58
1756011777.756945,2,0,-57
1756011777.792945,-1,1,-49
1756011777.8309443,5,0,-52
1756011777.8689446,6,-5,-50
1756011777.907945,0,10,-54
1756011777.9439447,2,5,-51
1756011777.9809446,4,-2,-55
1756011778.019945,-6,0,-50
1756011778.0579443,-1,-2,-61
1756011778.0939443,5,0,-63
1756011778.1309447,13,0,-45
1756011778.1689446,0,0,-43
1756011778.2069447,2,0,-53
1756011778.2429447,3,-5,-52
1756011778.2809446,0,-1,-55
1756011778.3199446,-4,2,-50
1756011778.3579447,-11,1,-63
1756011778.3939445,0,3,-61
1756011778.4309447,-3,-1,-55
1756011778.4689443,-3,0,-52
1756011778.5079446,0,-2,-54
1756011778.5439446,1,0,-44
1756011778.5809443,1,0,-49
1756011778.6199446,5,-1,-49
1756011778.657945,-2,1,-50
1756011778.6939447,-6,-3,-35
1756011778.7329447,-5,2,-65
1756011778.769945,-4,-3,-50
1756011778.8089447,5,-3,-37
1756011778.8469446,3,-1,-45
1756011778.8829446,0,-3,-52
1756011778.9199443,6,0,-51
1756011778.9589446,0,-4,-50
1756011778.9949446,-3,-6,-45
1756011779.032945,-3,0,-49
1756011779.0709443,-6,-11,-48
1756011779.108945,-1,1,-58
1756011779.1479447,0,0,-58
1756011779.1839447,-3,6,-46
1756011779.2209446,-2,0,-52
1756011779.259945,4,-1,-49
1756011779.2979443,9,-2,-49
1756011779.3339446,0,-7,-43
1756011779.3709445,5,-4,-52
1756011779.4089446,1,-6,-46
1756011779.4479446,2,-2,-57
1756011779.483945,0,-3,-53
1756011779.5209446,3,-2,-57
1756011779.5589447,0,-3,-56
1756011779.5979445,2,-5,-57
1756011779.6339445,-1,-5,-54
1756011779.6719446,-2,-3,-48
1756011779.7099447,0,5,-39
1756011779.7479446,4,6,-57
1756011779.7839446,0,1,-59
1756011779.8209443,0,4,-59
1756011779.858945,1,-6,-58
1756011779.894945,0,-4,-60
1756011779.9319446,0,-5,-49
1756011779.9699447,-10,-4,-56
1756011780.0089445,4,-3,-60
1756011780.0449443,4,-2,-59
1756011780.0819447,-4,0,-51
1756011780.1209445,-2,3,-59
1756011780.1589446,-3,-1,-58
1756011780.1949446,-1,-5,-62
1756011780.233945,-3,2,-45
1756011780.2709446,-11,3,-37
1756011780.3099446,-5,-3,-41
1756011780.3479445,-1,-3,-48
1756011780.3839445,0,-2,-54
1756011780.4209447,0,0,-42
1756011780.4589446,1,2,-51
1756011780.4949446,-8,5,-44
1756011780.5319445,0,3,-38
1756011780.5699446,0,-2,-57
1756011780.6059446,5,-6,-53
1756011780.6429446,4,1,-58
1756011780.6799445,-3,-1,-44
1756011780.7189443,-2,-2,-42
1756011780.7549446,0,-6,-47
1756011780.7919445,-1,-7,-55
1756011780.8299446,-2,-1,-58
1756011780.8689446,2,2,-44
1756011780.904945,2,6,-37
1756011780.9419446,9,6,-51
1756011780.9799447,6,5,-47
1756011781.0159447,-5,0,-58
1756011781.052945,-2,0,-54
1756011781.0919447,2,-1,-61
1756011781.1299446,-5,-5,-56
1756011781.1749446,-2,5,-53
1756011781.2119446,-5,4,-50
1756011781.2499447,-2,-9,-53
1756011781.2889447,-5,-4,-58
1756011781.3249447,0,-8,-59
1756011781.361945,2,2,-55
1756011781.3999443,-2,-3,-62
1756011781.4369447,-7,0,-59
1756011781.4749446,-3,-8,-55
1756011781.5119443,3,-6,-54
1756011781.5509446,6,-4,-56
1756011781.588945,4,-7,-52
1756011781.6249447,-5,-4,-56
1756011781.6629446,0,-3,-60
1756011781.700945,0,-4,-62
1756011781.7399447,0,-5,-51
1756011781.7759447,-6,-6,-59
1756011781.8139446,-5,0,-51
1756011781.8519447,3,-2,-60
1756011781.8909447,1,-3,-53
1756011781.9289446,-6,-7,-47
1756011781.9649446,0,-3,-54
1756011782.0019443,0,2,-54
1756011782.0409446,0,1,-35
1756011782.0789447,5,-2,-58
1756011782.1149447,7,-1,-53
1756011782.1519446,-4,-3,-50
1756011782.190945,-4,-3,-45
1756011782.2289443,-5,-6,-53
1756011782.2649446,-2,-2,-46
1756011782.302945,-3,-2,-54
1756011782.3409443,0,-1,-54
1756011782.3799446,-4,0,-47
1756011782.4159446,0,-6,-47
1756011782.4539447,-1,0,-62
1756011782.4919446,-6,0,-56
1756011782.5309446,2,4,-37
1756011782.5669446,-2,0,-41
1756011782.6039443,0,0,-60
1756011782.6409447,-2,-1,-47
1756011782.6799445,2,-1,-65
1756011782.7159443,-4,-2,-61
1756011782.7539446,-3,0,-55
1756011782.7919445,-2,0,-56
1756011782.8309443,-4,-2,-45
1756011782.8669446,-10,-4,-37
1756011782.9059446,-1,-4,-49
1756011782.9429443,-5,-1,-52
1756011782.9819446,-5,3,-49
1756011783.019945,-1,0,-48
1756011783.0559447,6,0,-59
1756011783.0929446,6,-3,-53
1756011783.131945,-2,-1,-51
1756011783.1699443,1,-3,-51
1756011783.2059443,3,-5,-52
1756011783.2429447,2,-3,-49
1756011783.2819445,-4,-1,-45
1756011783.3199446,-6,0,-52
1756011783.3559446,-3,-4,-49
1756011783.3939445,1,-1,-38
1756011783.4319446,-1,1,-41
1756011783.4709446,0,0,-55
1756011783.506945,-1,6,-41
1756011783.5439446,2,-4,-58
1756011783.5819447,2,0,-59
1756011783.6199446,-3,-3,-57
1756011783.6559446,-3,2,-47
1756011783.6929443,-1,1,-36
1756011783.7319446,-3,-4,-40
1756011783.769945,-4,-4,-46
1756011783.8059447,-1,1,-44
1756011783.8439443,2,1,-44
1756011783.881945,1,2,-55
1756011783.917945,1,-2,-59
1756011783.9549446,2,-2,-55
1756011783.9929447,0,-2,-39
1756011784.0319445,-1,-2,-46
1756011784.0679443,1,1,-51
1756011784.1049447,3,0,-53
1756011784.1419446,-4,3,-66
1756011784.1809447,-3,-6,-57
1756011784.2169447,-4,0,-53
1756011784.2549446,-2,1,-52
1756011784.292945,-4,-1,-57
1756011784.3319447,3,0,-64
1756011784.3679447,0,5,-66
1756011784.4059446,0,1,-56
1756011784.4429443,2,5,-46
1756011784.4809446,-4,1,-47
1756011784.5169446,-9,-4,-49
1756011784.5549445,-3,0,-55
1756011784.5929446,-3,-5,-62
1756011784.631945,-7,-2,-50
1756011784.667945,-1,2,-53
1756011784.7049446,-6,-2,-41
1756011784.7429447,-6,1,-56
1756011784.7819445,-7,1,-48
1756011784.8179443,-6,0,-54
1756011784.8549447,-5,1,-41
1756011784.8929446,-10,-1,-49
1756011784.9319446,0,0,-49
1756011784.9679446,-5,2,-58
1756011785.0049446,-2,-4,-46
1756011785.042945,-11,-2,-68
1756011785.0819447,-9,1,-61
1756011785.1179447,-2,-3,-51
1756011785.1559446,-8,-9,-54
1756011785.1939447,-1,-2,-48
1756011785.2329447,0,6,-49
1756011785.2709446,0,-3,-59
1756011785.3069446,-2,-2,-56
1756011785.3449447,-6,2,-57
1756011785.3829446,-3,2,-66
1756011785.4219446,-8,1,-54
1756011785.4579446,-6,0,-60
1756011785.4949446,3,-2,-49
1756011785.532945,-5,0,-48
1756011785.5719447,-1,3,-51
1756011785.6079447,-9,0,-45
1756011785.644945,2,2,-43
1756011785.6829443,4,0,-40
1756011785.7189443,3,-2,-39
1756011785.7559447,-1,3,-48
1756011785.7939446,0,1,-48
1756011785.8319447,3,1,-48
1756011785.8679447,-2,-3,-59
1756011785.9059446,-3,-4,-60
1756011785.9439447,1,0,-47
1756011785.9829447,-1,-1,-49
1756011786.0189445,0,-4,-43
1756011786.0569446,-4,-3,-34
1756011786.0949447,-3,2,-50
1756011786.1329446,1,1,-45
1756011786.1689446,4,2,-46
1756011786.2059443,8,7,-61
1756011786.2439446,6,0,-58
1756011786.2819445,2,4,-58
1756011786.3179443,-5,1,-56
1756011786.3569446,-1,2,-49
1756011786.3939445,-1,2,-39
1756011786.4329443,-2,-6,-46
1756011786.4689443,-10,-4,-43
1756011786.5079446,-10,2,-45
1756011786.5449443,-4,1,-60
1756011786.5839446,-1,4,-48
1756011786.621945,-1,1,-55
1756011786.657945,-2,-2,-52
1756011786.6959443,1,1,-45
1756011786.733945,3,0,-59
1756011786.7719443,-3,-1,-47
1756011786.8079443,-6,0,-46
1756011786.8449447,-6,-5,-43
1756011786.8839445,-1,7,-41
1756011786.9219446,-8,2,-56
1756011786.9579446,-10,-5,-46
1756011786.9959445,0,0,-33
1756011787.0339446,-5,2,-46
1756011787.0719447,-2,-3,-42
1756011787.1079447,-2,0,-41
1756011787.144945,2,-5,-45
1756011787.1839447,2,-7,-49
1756011787.2219446,5,1,-46
1756011787.2579446,3,5,-52
1756011787.2949443,0,0,-60
1756011787.3329446,0,4,-56
1756011787.3689446,2,2,-48
1756011787.4069445,-6,-2,-55
1756011787.4449446,-2,-2,-48
1756011787.4829447,0,-7,-46
1756011787.5189445,3,-8,-48
1756011787.5569446,3,-8,-57
1756011787.5949447,3,-4,-53
1756011787.6339445,0,-4,-44
1756011787.6699443,4,0,-47
1756011787.7069447,0,-2,-55
1756011787.7449446,-3,-1,-62
1756011787.7839446,0,-7,-71
1756011787.8199446,-2,-2,-63
1756011787.8579447,0,-2,-64
1756011787.8959446,-8,3,-46
1756011787.9339447,-3,-1,-52
1756011787.9729445,0,-1,-49
1756011788.0089445,-2,-1,-57
1756011788.0469446,2,-5,-44
1756011788.0849447,-5,-9,-58
1756011788.1239443,0,-11,-55
1756011788.1599443,6,-2,-41
1756011788.1979446,7,0,-54
1756011788.2359445,3,0,-53
1756011788.2749443,0,-1,-45
1756011788.312945,0,-2,-55
1756011788.348945,-3,-4,-56
1756011788.3879447,-2,4,-59
1756011788.4249446,0,0,-58
1756011788.4629445,1,-1,-48
1756011788.4989443,1,0,-50
1756011788.5359447,7,7,-56
1756011788.5739446,0,5,-52
1756011788.6099446,2,1,-55
1756011788.6469443,3,-8,-66
1756011788.6849446,3,-12,-52
1756011788.723945,0,-5,-45
1756011788.759945,3,-4,-45
1756011788.7969446,9,-3,-46
1756011788.8349447,5,0,-44
1756011788.8729446,-5,-3,-48
1756011788.9089446,4,-5,-50
1756011788.9459443,9,1,-53
1756011788.983945,6,1,-55
1756011789.019945,2,5,-55
1756011789.0589447,6,0,-55
1756011789.0959446,-1,-4,-60
1756011789.134945,2,-4,-54
1756011789.1709447,2,-7,-57
1756011789.2089446,-12,-4,-51
1756011789.246945,-6,0,-46
1756011789.2849443,-3,9,-50
1756011789.3239446,7,-4,-53
1756011789.3599446,5,0,-49
1756011789.3979447,3,-2,-47
1756011789.4349446,0,-9,-42
1756011789.473945,0,-3,-41
1756011789.509945,5,-7,-58
1756011789.5469446,-2,-4,-54
1756011789.5849447,6,-6,-49
1756011789.6239443,2,-2,-46
1756011789.6599443,0,0,-53
1756011789.6969447,-1,0,-54
1756011789.7359445,1,-2,-39
1756011789.7739446,2,-2,-44
1756011789.8099446,1,-4,-48
1756011789.8479445,0,-3,-53
1756011789.8859446,2,-4,-47
1756011789.9249446,12,-6,-35
1756011789.960945,6,-4,-42
1756011789.9989443,6,-8,-51
1756011790.0369446,1,0,-56
1756011790.0749447,-2,-6,-63
1756011790.1109445,-2,-1,-54
1756011790.1489446,0,-7,-56
1756011790.1869447,-5,0,-43
1756011790.2259445,2,-3,-38
1756011790.2639446,5,0,-45
1756011790.2999446,0,0,-41
1756011790.3379445,2,1,-51
1756011790.3759446,-3,3,-56
1756011790.4149446,-2,-6,-65
1756011790.450945,-3,-1,-45
1756011790.4889443,-3,-5,-49
1756011790.5269446,-2,-8,-52
1756011790.565945,-2,1,-50
1756011790.6019447,4,-5,-51
1756011790.6389446,-1,-1,-54
1756011790.6769447,7,-5,-66
1756011790.7159443,2,-1,-49
1756011790.7519443,0,-7,-48
1756011790.7899446,0,-1,-44
1756011790.8279445,0,0,-46
1756011790.8659446,0,0,-48
1756011790.9019446,0,-4,-57
1756011790.9399445,1,1,-52
1756011790.9779446,-1,5,-50
1756011791.0159447,0,0,-45
1756011791.052945,0,1,-55
1756011791.0899446,3,0,-55
1756011791.1269443,-6,0,-56
1756011791.1659446,3,1,-50
1756011791.2089446,1,0,-44
1756011791.246945,-3,1,-53
1756011791.2859447,8,1,-54
1756011791.3219447,7,-1,-44
1756011791.358945,4,-5,-51
1756011791.3969443,2,-4,-57
1756011791.4359446,-1,3,-51
1756011791.4719446,4,-8,-50
1756011791.5089445,-1,-3,-50
1756011791.5479443,0,-3,-48
1756011791.585945,1,-4,-55
1756011791.621945,1,-5,-57
1756011791.6609447,1,-9,-53
1756011791.6979446,-4,0,-50
1756011791.736945,5,-1,-50
1756011791.7749443,1,3,-50
1756011791.8109446,-1,0,-45
1756011791.8479445,0,-6,-46
1756011791.8869443,0,-10,-53
1756011791.9249446,0,-2,-58
1756011791.960945,-1,-3,-64
1756011791.9989443,3,-3,-55
1756011792.0369446,3,0,-48
1756011792.075945,4,-5,-55
1756011792.111945,2,-5,-52
1756011792.1489446,6,0,-52
1756011792.1869447,4,-2,-48
1756011792.2229445,1,-6,-46
1756011792.259945,0,0,-49
1756011792.2979443,2,5,-47
1756011792.335945,2,0,-44
1756011792.3729446,-5,0,-56
1756011792.4099443,1,-3,-43
1756011792.4479446,4,-5,-45
1756011792.486945,2,-8,-43
1756011792.5229447,-4,-1,-48
1756011792.5619447,0,0,-51
1756011792.598945,0,0,-48
1756011792.6369443,-2,3,-49
1756011792.6729443,-2,0,-56
1756011792.7119446,0,-2,-51
1756011792.7489443,2,1,-41
1756011792.7869446,10,-6,-44
1756011792.8229446,6,-2,-43
1756011792.8599446,-2,1,-54
1756011792.8979447,0,-5,-55
1756011792.9369447,1,-1,-57
1756011792.9729445,0,-3,-49
1756011793.009945,0,-2,-44
1756011793.0489447,-1,1,-58
1756011793.0869446,2,5,-50
1756011793.1229446,0,5,-49
1756011793.1599443,-2,2,-57
1756011793.1989446,-3,0,-52
1756011793.236945,1,-3,-48
1756011793.2729447,5,6,-51
1756011793.3099446,-2,-1,-62
1756011793.348945,1,-1,-49
1756011793.3869443,5,0,-48
1756011793.4229443,6,-5,-45
1756011793.460945,0,-5,-47
1756011793.4989443,0,0,-53
1756011793.5379446,-3,-8,-44
1756011793.575945,9,-5,-57
1756011793.611945,-5,-3,-54
1756011793.6499443,-9,0,-60
1756011793.687945,1,-3,-51
1756011793.7269447,6,-1,-54
1756011793.7629447,3,1,-41
1756011793.7999446,9,2,-58
1756011793.8379445,2,-2,-56
1756011793.8769443,-9,4,-56
1756011793.9129446,-1,13,-54
1756011793.9499447,-9,5,-54
1756011793.9879446,-4,-6,-55
1756011794.0269446,-1,-1,-52
1756011794.062945,5,5,-50
1756011794.0999446,0,-1,-38
1756011794.1379447,-3,-8,-57
1756011794.1769447,-9,2,-65
1756011794.2129445,-10,2,-58
1756011794.2499447,0,1,-71
1756011794.2879446,-4,3,-54
1756011794.3239446,-1,-3,-59
1756011794.361945,11,-6,-47
1756011794.3999443,4,-7,-59
1756011794.437945,2,-4,-63
1756011794.4769447,-4,1,-44
1756011794.5129447,2,-1,-57
1756011794.5499446,0,-9,-58
1756011794.5879445,-1,-11,-52
1756011794.6269443,0,2,-56
1756011794.6629446,0,-4,-48
1756011794.6999447,2,-7,-48
1756011794.7389443,-10,-5,-41
1756011794.7769446,-11,-4,-53
1756011794.812945,-9,-1,-51
1756011794.8509445,-5,0,-51
1756011794.8889446,-2,1,-45
1756011794.927945,0,-3,-54
1756011794.963945,2,-10,-50
1756011795.0009446,-9,-5,-53
1756011795.0389447,-2,5,-48
1756011795.0779445,4,-3,-55
1756011795.1139443,12,0,-56
1756011795.1509447,-5,-2,-49
1756011795.1889446,2,-10,-48
1756011795.2279446,0,-4,-47
1756011795.2639446,-2,0,-46
1756011795.3009446,0,5,-53
1756011795.338945,3,6,-54
1756011795.3769443,-12,3,-47
1756011795.4129446,-7,1,-47
1756011795.4499447,-4,0,-53
1756011795.4889443,-1,0,-49
1756011795.5269446,3,-6,-48
1756011795.562945,-2,2,-43
1756011795.5999446,-11,-1,-46
1756011795.6389446,2,-2,-52
1756011795.6749446,-5,0,-54
1756011795.7119446,-9,0,-59
1756011795.7509446,-6,4,-53
1756011795.7889447,-2,-1,-46
1756011795.8249447,-7,4,-48
1756011795.861945,-8,2,-53
1756011795.8999443,-5,-5,-50
1756011795.9389446,1,1,-48
1756011795.9749446,6,2,-48
1756011796.0119443,8,1,-40
1756011796.0489447,6,3,-52
1756011796.0849447,0,0,-50
1756011796.1229446,-6,-1,-48
1756011796.1599443,0,-1,-50
1756011796.1989446,8,0,-56
1756011796.2349446,0,-3,-56
1756011796.2729447,-6,-8,-39
1756011796.3099446,-5,-8,-54
1756011796.348945,-6,-8,-52
1756011796.384945,-9,-4,-54
1756011796.4229443,-6,0,-60
1756011796.460945,-1,-1,-58
1756011796.4999447,8,-1,-47
1756011796.5379446,1,-8,-42
1756011796.5739446,1,6,-41
1756011796.6109445,-1,1,-36
1756011796.6499443,-4,-3,-44
1756011796.687945,0,0,-43
1756011796.723945,1,0,-53
1756011796.7609446,0,-3,-57
1756011796.7999446,0,1,-60
1756011796.8379445,-4,0,-59
1756011796.8739443,4,2,-54
1756011796.9109447,-1,3,-47
1756011796.9499447,4,-1,-42
1756011796.9879446,0,0,-53
1756011797.0239446,0,0,-54
1756011797.0609446,-1,-3,-56
1756011797.0999446,-1,3,-55
1756011797.1379447,-6,2,-43
1756011797.1739447,-7,3,-48
1756011797.210945,1,-2,-54
1756011797.2499447,7,-3,-51
1756011797.2859447,0,-5,-53
1756011797.3229446,0,-6,-46
1756011797.3609445,1,0,-46
1756011797.3989446,2,-5,-40
1756011797.4349446,-1,-4,-38
1756011797.4729445,5,-1,-50
1756011797.5109446,0,-4,-55
1756011797.5499446,2,-1,-48
1756011797.585945,0,0,-37
1756011797.6229446,-6,-1,-52
1756011797.6609447,-3,-3,-45
1756011797.6999447,-9,-1,-45
1756011797.7359445,0,-3,-44
1756011797.7739446,-1,-3,-42
1756011797.8109446,-7,-2,-42
1756011797.8499446,-2,-1,-46
1756011797.8859446,-2,-1,-45
1756011797.9239447,-7,3,-43
1756011797.9619446,-1,4,-41
1756011798.0009446,2,-4,-53
1756011798.0389447,1,-9,-44
1756011798.0749447,-1,-6,-42
1756011798.1129446,-5,0,-40
1756011798.1519446,0,2,-58
1756011798.1899445,3,0,-61
1756011798.2259445,-1,1,-64
1756011798.2639446,-9,-1,-46
1756011798.3019447,-4,0,-41
1756011798.3409443,-5,-3,-52
1756011798.3789446,-2,0,-55
1756011798.4149446,-1,0,-43
1756011798.4519446,4,1,-59
1756011798.4899447,2,-1,-56
1756011798.5259447,1,-1,-65
1756011798.5639446,5,-5,-48
1756011798.6019447,-1,0,-68
1756011798.6409447,7,-4,-52
1756011798.6789446,0,-8,-64
1756011798.7159443,-1,-6,-57
1756011798.7539446,2,0,-55
1756011798.7909446,3,3,-55
1756011798.8289447,4,0,-52
1756011798.8649447,7,-2,-59
1756011798.9019446,-1,-1,-45
1756011798.940945,-2,6,-49
1756011798.9769447,0,0,-45
1756011799.0139446,-5,0,-45
1756011799.0519447,-3,-8,-49
1756011799.0909443,-12,4,-55
1756011799.1269443,-7,-1,-58
1756011799.1659446,-4,5,-56
1756011799.2029445,-4,-4,-55
1756011799.2409446,0,-2,-50
1756011799.279945,3,-3,-46
1756011799.315945,4,-8,-54
1756011799.3529446,6,3,-54
1756011799.3909447,4,13,-45
1756011799.4269447,4,10,-51
1756011799.463945,-3,-2,-56
1756011799.5019443,3,1,-47
1756011799.5409446,0,-1,-47
1756011799.5769446,-4,0,-48
1756011799.6139443,-4,0,-47
1756011799.6519446,0,-4,-58
1756011799.690945,-4,-1,-53
1756011799.7269447,-4,-7,-53
1756011799.7649446,-11,-8,-65
1756011799.802945,0,-4,-45
1756011799.8419447,6,-7,-57
1756011799.8799446,1,-9,-49
1756011799.9159446,2,-8,-45
1756011799.9529445,0,-1,-53
1756011799.9919446,-7,-5,-36
1756011800.029945,-3,-8,-43
1756011800.065945,0,-7,-47
1756011800.1029446,-2,-6,-45
1756011800.1419446,3,-1,-50
1756011800.1799445,1,0,-64
1756011800.2159443,4,-5,-61
1756011800.2529447,6,-1,-62
1756011800.2919445,3,0,-54
1756011800.3299446,3,-11,-50
1756011800.3659446,1,-9,-49
1756011800.4029446,1,-3,-47
1756011800.4419446,-9,0,-49
1756011800.4799447,-3,1,-49
1756011800.5159447,-1,-3,-40
1756011800.5539446,3,-8,-48
1756011800.5919447,1,-3,-42
1756011800.6309447,-4,1,-65
1756011800.6669445,2,4,-57
1756011800.7039447,3,1,-53
1756011800.7419446,0,1,-51
1756011800.7779446,0,-3,-55
1756011800.815945,-4,-4,-51
1756011800.8539443,2,-1,-54
1756011800.8919446,0,1,-50
1756011800.927945,-5,4,-56
1756011800.9659443,-6,-2,-47
1756011801.0029447,-1,1,-42
1756011801.0419445,-3,2,-57
1756011801.0779445,-2,5,-46
1756011801.1159446,0,1,-45
1756011801.1529446,0,3,-59
1756011801.190945,0,3,-56
1756011801.2349446,4,9,-56
1756011801.2719443,2,4,-42
1756011801.3109446,-3,-2,-42
1756011801.3469446,6,2,-35
1756011801.3839445,1,0,-45
1756011801.4229443,7,0,-53
1756011801.460945,4,0,-60
1756011801.496945,2,7,-57
1756011801.5339446,4,2,-53
1756011801.5719447,0,5,-52
1756011801.6079447,-1,11,-54
1756011801.6459446,0,6,-50
1756011801.6829443,5,0,-47
1756011801.7209446,8,3,-49
1756011801.756945,1,3,-53
1756011801.7939446,3,5,-52
1756011801.8329446,-1,0,-56
1756011801.8709445,7,2,-57
1756011801.9069445,3,1,-45
1756011801.9439447,6,-2,-40
1756011801.9829447,2,6,-50
1756011802.0209446,2,0,-55
1756011802.0569446,-4,0,-47
1756011802.0959446,-5,2,-47
1756011802.1329446,4,5,-35
1756011802.1719446,1,2,-48
1756011802.2079446,-3,-5,-40
1756011802.2459445,-2,-6,-46
1756011802.2839446,-2,-5,-37
1756011802.3229446,3,-9,-43
1756011802.358945,1,-7,-52
1756011802.3959446,-6,2,-46
1756011802.4339447,-6,0,-53
1756011802.4729445,0,-3,-55
1756011802.5089445,5,-4,-52
1756011802.5459447,1,1,-52
1756011802.5839446,1,2,-50
1756011802.621945,0,-7,-56
1756011802.657945,-1,-10,-52
1756011802.6959443,0,-9,-46
1756011802.733945,-1,4,-39
1756011802.7729447,-3,1,-40
1756011802.8099446,-7,-2,-54
1756011802.8469446,2,-2,-45
1756011802.884945,-7,0,-38
1756011802.9229443,-1,3,-44
1756011802.9619446,3,-2,-52
1756011802.9979446,0,0,-54
1756011803.0359447,9,2,-47
1756011803.0739446,3,5,-49
1756011803.111945,1,1,-45
1756011803.1479447,-1,-2,-44
1756011803.1859446,-2,1,-46
1756011803.223945,-11,-6,-65
1756011803.2629447,-4,-6,-50
1756011803.2999446,-3,-4,-48
1756011803.3379445,-1,-3,-44
1756011803.3749447,0,-6,-49
1756011803.4139447,6,-1,-57
1756011803.4519446,10,-1,-47
1756011803.4879446,7,3,-52
1756011803.5259447,2,-4,-42
1756011803.5639446,5,-4,-45
1756011803.6019447,-2,2,-49
1756011803.6379447,0,-2,-44
1756011803.6749446,-4,-4,-53
1756011803.713945,-3,0,-48
1756011803.7519443,4,3,-57
1756011803.7879446,4,7,-56
1756011803.8249447,3,5,-51
1756011803.8629446,0,-2,-46
1756011803.8989446,-4,0,-48
1756011803.9369447,3,1,-60
1756011803.9749446,-1,0,-46
1756011804.0139446,-1,-6,-51
1756011804.0499446,1,-5,-53
1756011804.0869446,-5,-3,-55
1756011804.1249447,-6,-1,-47
1756011804.1639447,7,-3,-48
1756011804.1999447,0,0,-45
1756011804.236945,-9,0,-47
1756011804.2749443,-7,-1,-39
1756011804.3139446,-3,6,-46
1756011804.3499446,-5,3,-43
1756011804.3869443,0,4,-53
1756011804.4239447,7,2,-52
1756011804.4629445,4,-3,-48
1756011804.4989443,1,-4,-58
1756011804.5359447,1,-5,-54
1756011804.5739446,7,0,-62
1756011804.6109445,4,-1,-39
1756011804.6479447,-2,-7,-41
1756011804.6859446,-5,0,-55
1756011804.7249446,-3,0,-45
1756011804.7629447,5,-4,-47
1756011804.7989447,0,-5,-63
1756011804.8369446,3,-1,-43
1756011804.8749447,-1,-4,-63
1756011804.9139447,-1,-1,-51
1756011804.9499447,3,-4,-59
1756011804.9889443,0,-2,-52
1756011805.0259447,2,1,-47
1756011805.0639446,-1,0,-51
1756011805.0999446,-5,-6,-54
1756011805.1379447,0,-5,-48
1756011805.1759446,1,-5,-53
1756011805.2149446,0,-1,-59
1756011805.2529447,0,-2,-59
1756011805.2889447,-1,-2,-70
1756011805.3279445,3,-3,-50
1756011805.3649447,0,0,-43
1756011805.4029446,0,-1,-65
1756011805.4389446,-5,3,-63
1756011805.4759445,-5,0,-61
1756011805.5149446,-3,-2,-64
1756011805.552945,0,-8,-52
1756011805.588945,4,-7,-45
1756011805.6259446,11,0,-42
1756011805.6639447,8,0,-51
1756011805.6999447,5,0,-42
1756011805.7379446,0,0,-49
1756011805.7749443,3,0,-55
1756011805.8109446,4,-6,-52
1756011805.8479445,2,1,-49
1756011805.8859446,-6,-1,-53
1756011805.9239447,-3,-4,-50
1756011805.9599447,-10,3,-49
1756011805.996945,-1,1,-54
1756011806.0359447,1,4,-68
1756011806.0739446,2,-2,-52
1756011806.1099446,-3,0,-58
1756011806.1469443,4,-2,-49
1756011806.1859446,0,0,-44
1756011806.223945,-7,-2,-53
1756011806.259945,0,1,-56
1756011806.2969446,4,2,-47
1756011806.3349447,-1,0,-39
1756011806.3709445,-2,6,-36
1756011806.407945,0,0,-43
1756011806.4459443,-3,-1,-45
1756011806.483945,2,1,-44
1756011806.519945,1,-2,-42
1756011806.5569446,0,0,-48
1756011806.5959446,-3,-6,-50
1756011806.6339445,1,0,-54
1756011806.6699443,-2,-1,-59
1756011806.7079446,-6,-3,-61
1756011806.7459445,-3,7,-46
1756011806.7849443,-7,0,-46
1756011806.8209443,-3,0,-46
1756011806.8579447,0,0,-59
1756011806.8959446,-3,0,-57
1756011806.9339447,8,0,-49
1756011806.9699447,9,-4,-56
1756011807.006945,3,-2,-61
1756011807.0459447,-3,-4,-52
1756011807.0839446,0,1,-45
1756011807.1199446,-3,4,-52
1756011807.1569445,1,5,-56
1756011807.1949446,0,1,-62
1756011807.2309446,-6,-4,-46
1756011807.269945,0,-5,-48
1756011807.3069446,-3,-3,-58
1756011807.3459446,-6,-3,-58
1756011807.381945,-3,-9,-54
1756011807.4209447,-5,0,-53
1756011807.4579446,2,5,-52
1756011807.4959445,-7,6,-49
1756011807.5319445,-3,5,-59
1756011807.5689447,-5,0,-45
1756011807.6069446,-3,5,-48
1756011807.6459446,-7,-4,-43
1756011807.6819446,-5,-9,-43
1756011807.7199447,-2,-7,-56
1756011807.7579446,6,-1,-54
1756011807.7959447,-4,4,-48
1756011807.8349447,2,2,-50
1756011807.8709445,2,3,-53
1756011807.907945,-1,0,-47
1756011807.9459443,-2,5,-54
1756011807.9849446,0,-1,-47
1756011808.0209446,0,2,-51
1756011808.0579443,1,-2,-46
1756011808.0969446,-3,-4,-49
1756011808.134945,-5,-8,-48
1756011808.1709447,0,-3,-45
1756011808.2089446,2,-4,-44
1756011808.246945,0,-7,-49
1756011808.2859447,-2,-3,-53
1756011808.3219447,-1,0,-51
1756011808.3599446,-6,3,-44
1756011808.3979447,-14,-4,-45
1756011808.4369447,-5,-4,-53
1756011808.4749446,-3,-2,-43
1756011808.5109446,-4,-2,-52
1756011808.5499446,-10,-5,-53
1756011808.5869446,2,-1,-54
1756011808.6259446,4,2,-49
1756011808.6619446,11,-1,-48
1756011808.6999447,3,5,-45
1756011808.7379446,0,9,-49
1756011808.7759447,2,-2,-53
1756011808.8119447,-2,-5,-56
1756011808.8499446,-5,-3,-50
1756011808.8879447,0,-5,-51
1756011808.9269447,6,0,-44
1756011808.9629445,11,-3,-47
1756011808.9999447,7,0,-40
1756011809.0379446,5,-1,-45
1756011809.075945,5,-1,-70
1756011809.111945,4,-9,-62
1756011809.1489446,0,-7,-46
1756011809.187945,-4,-5,-53
1756011809.2259445,-2,-7,-47
1756011809.2619443,0,-6,-53
1756011809.2989447,-5,-8,-55
1756011809.3369446,-7,-4,-48
1756011809.3759446,-3,0,-51
1756011809.4119446,0,1,-47
1756011809.4489446,7,0,-54
1756011809.486945,0,0,-53
1756011809.5229447,1,-3,-54
1756011809.5609446,0,0,-52
1756011809.598945,0,2,-46
1756011809.6369443,-5,-4,-60
1756011809.6729443,0,-1,-47
1756011809.7099447,-4,7,-46
1756011809.7479446,-1,6,-55
1756011809.7869446,4,-5,-54
1756011809.8239446,0,1,-52
1756011809.8609445,1,2,-47
1756011809.8989446,11,5,-49
1756011809.9369447,0,-4,-44
1756011809.9729445,2,-2,-51
1756011810.009945,9,1,-46
1756011810.0479443,5,1,-43
1756011810.085945,15,0,-49
1756011810.121945,6,2,-59
1756011810.1589446,1,-4,-53
1756011810.1979446,0,0,-39
1756011810.2359445,0,-1,-49
1756011810.2719443,0,-5,-53
1756011810.3099446,-1,-8,-48
1756011810.3479445,-3,-2,-50
1756011810.3869443,-5,-3,-46
1756011810.4229443,-12,1,-51
1756011810.4599447,4,-4,-56
1756011810.4979446,-1,2,-54
1756011810.5369446,0,-3,-53
1756011810.5729446,-1,-1,-60
1756011810.6109445,1,-1,-56
1756011810.6489446,-3,0,-53
1756011810.687945,-2,-2,-53
1756011810.723945,-1,0,-49
1756011810.7609446,0,-2,-62
1756011810.7989447,0,0,-60
1756011810.8379445,6,-4,-40
1756011810.8739443,11,1,-50
1756011810.9109447,5,-2,-47
1756011810.9489446,10,-2,-52
1756011810.9879446,8,-6,-54
1756011811.0239446,8,-4,-48
1756011811.0619447,4,1,-37
1756011811.0999446,-2,1,-38
1756011811.1379447,-1,2,-44
1756011811.1769447,0,0,-46
1756011811.2129445,3,-1,-54
1756011811.2589445,0,0,-48
1756011811.2969446,2,-5,-53
1756011811.3329446,0,-6,-46
1756011811.3709445,10,-3,-54
1756011811.4099443,8,3,-47
1756011811.4479446,0,-1,-57
1756011811.483945,0,1,-53
1756011811.5209446,0,-1,-49
1756011811.5589447,0,0,-44
1756011811.5979445,0,-1,-42
1756011811.6339445,5,-1,-31
1756011811.6709447,-3,1,-46
1756011811.7099447,-6,-9,-43
1756011811.7479446,4,0,-51
1756011811.7839446,5,4,-52
1756011811.8219447,-6,-2,-40
1756011811.8599446,-2,-4,-47
1756011811.8989446,2,-8,-44
1756011811.9369447,0,4,-60
1756011811.9729445,5,2,-55
1756011812.009945,-1,2,-61
1756011812.0489447,-1,-4,-50
1756011812.0869446,0,-1,-53
1756011812.1229446,-2,-4,-61
1756011812.1609447,-5,-8,-67
1756011812.1989446,-5,-3,-43
1756011812.2379446,0,0,-39
1756011812.2739446,-5,-6,-40
1756011812.3119447,0,0,-51
1756011812.3499446,3,-5,-43
1756011812.3889446,0,0,-46
1756011812.4249446,0,0,-49
1756011812.4619446,1,-5,-49
1756011812.4999447,3,0,-44
1756011812.5379446,1,0,-54
1756011812.5739446,1,1,-61
1756011812.611945,3,-3,-48
1756011812.6499443,6,-6,-45
1756011812.6889446,4,-1,-46
1756011812.7249446,0,-2,-42
1756011812.7619443,-3,3,-48
1756011812.7999446,-2,0,-44
1756011812.838945,-4,-3,-45
1756011812.8749447,-6,-2,-49
1756011812.9129446,-2,0,-61
1756011812.950945,-5,2,-62
1756011812.9889443,0,-6,-51
1756011813.0279446,0,-2,-45
1756011813.0639446,-3,-4,-36
1756011813.1029446,-1,-5,-42
1756011813.1409447,0,2,-48
1756011813.1789446,1,-1,-50
1756011813.2149446,-3,2,-44
1756011813.2529447,-3,7,-53
1756011813.2899446,0,3,-58
1756011813.3279445,-2,7,-49
1756011813.3639443,-7,7,-52
1756011813.4019446,-2,4,-60
1756011813.440945,-2,-2,-51
1756011813.4789443,0,-1,-43
1756011813.5149446,-3,8,-54
1756011813.5519447,-2,-1,-61
1756011813.5899446,-8,0,-49
1756011813.6289446,-7,3,-45
1756011813.6649446,-2,3,-49
1756011813.7019446,-4,-2,-42
1756011813.7409446,0,-2,-47
1756011813.7789447,2,0,-48
1756011813.8149445,3,6,-49
1756011813.8519447,-4,2,-50
1756011813.8899446,1,0,-37
1756011813.9289446,2,0,-48
1756011813.9649446,0,0,-46
1756011814.0019443,-4,0,-43
1756011814.0399446,-3,0,-49
1756011814.0789447,4,1,-46
1756011814.1149447,-2,-1,-38
1756011814.1539447,0,-2,-50
1756011814.190945,-3,-4,-54
1756011814.2299447,-2,-1,-48
1756011814.2659447,-6,-6,-49
1756011814.3039446,1,-5,-57
1756011814.3419447,2,-7,-51
1756011814.3799446,-2,1,-51
1756011814.4189446,-5,2,-59
1756011814.4549446,-7,0,-63
1756011814.4929447,-4,-5,-55
1756011814.5309446,-1,-7,-54
1756011814.5699446,-1,-7,-47
1756011814.6059446,6,-4,-62
1756011814.6439445,5,-1,-58
1756011814.6819446,8,-4,-52
1756011814.7209446,4,-2,-40
1756011814.7589445,0,0,-46
1756011814.7949443,2,-2,-38
1756011814.8319447,-10,-8,-56
1756011814.8709445,-4,-9,-62
1756011814.9089446,4,-10,-52
1756011814.9449446,4,-4,-44
1756011814.9819446,-3,1,-52
1756011815.0209446,-3,-1,-50
1756011815.0589447,-5,-1,-57
1756011815.0949447,-1,0,-45
1756011815.1329446,1,-2,-56
1756011815.1709447,-1,0,-57
1756011815.2099447,2,-2,-49
1756011815.2459445,-3,-1,-50
1756011815.2839446,0,0,-50
1756011815.3209443,2,-5,-49
1756011815.3599446,-1,-5,-45
1756011815.3959446,-1,-8,-55
1756011815.4339447,0,-4,-49
1756011815.4719446,0,0,-40
1756011815.509945,-8,-4,-43
1756011815.5459447,-2,-4,-51
1756011815.5839446,-4,-3,-56
1756011815.621945,-4,-6,-57
1756011815.6609447,3,0,-48
1756011815.6969447,-2,0,-51
1756011815.733945,1,5,-56
1756011815.7709446,-1,12,-59
1756011815.8099446,0,-1,-52
1756011815.8459446,2,-5,-48
1756011815.8829446,-1,2,-46
1756011815.9209447,5,-1,-48
1756011815.9599447,0,7,-54
1756011815.9959445,0,6,-53
1756011816.032945,-3,6,-49
1756011816.0719447,4,4,-54
1756011816.1099446,5,-3,-49
1756011816.1459446,3,-3,-43
1756011816.1829443,4,1,-48
1756011816.2209446,1,-1,-48
1756011816.256945,-7,-3,-47
1756011816.2949443,-9,2,-43
1756011816.3329446,0,-1,-39
1756011816.371945,-3,-8,-50
1756011816.4099443,4,0,-48
1756011816.4459443,0,2,-58
1756011816.4829447,-6,-1,-60
1756011816.5219443,1,-9,-49
1756011816.5599446,5,-6,-47
1756011816.5959446,4,-9,-44
1756011816.634945,-1,-7,-49
1756011816.6719446,2,0,-41
1756011816.7099447,5,-4,-50
1756011816.7459445,5,0,-47
1756011816.782945,2,0,-44
1756011816.8219447,1,4,-49
1756011816.8599446,-2,0,-41
1756011816.8959446,-4,-6,-46
1756011816.9339447,-5,-6,-44
1756011816.9719446,2,-3,-49
1756011817.0109446,-3,-2,-44
1756011817.0469446,-8,-1,-45
1756011817.0849447,-5,-3,-45
1756011817.1229446,-7,-6,-40
1756011817.1619446,-3,-3,-48
1756011817.1999447,1,-6,-42
1756011817.2359445,0,2,-37
1756011817.2729447,-8,-6,-56
1756011817.3119447,-2,0,-59
1756011817.3479445,-1,-2,-55
1756011817.3859446,-2,-6,-55
1756011817.4239447,-6,-2,-46
1756011817.4619446,-4,5,-48
1756011817.5009446,-2,-1,-54
1756011817.5369446,4,0,-65
1756011817.5739446,5,-1,-62
1756011817.611945,10,4,-54
1756011817.6479447,-2,4,-47
1756011817.6859446,-9,-1,-48
1756011817.723945,-9,-6,-54
1756011817.7619443,-2,0,-57
1756011817.8009446,-5,2,-54
1756011817.8369446,-5,-4,-51
1756011817.8749447,-7,1,-55
1756011817.9129446,-1,-3,-53
1756011817.9519446,5,-2,-49
1756011817.9879446,1,-3,-59
1756011818.0259447,-6,-5,-57
1756011818.0639446,-4,0,-53
1756011818.1029446,-6,6,-52
1756011818.1409447,0,-5,-51
1756011818.1769447,5,0,-49
1756011818.213945,-5,-9,-45
1756011818.2529447,-1,-7,-54
1756011818.2909446,-2,-6,-37
1756011818.3269446,-6,-8,-43
1756011818.3649447,-11,1,-50
1756011818.4029446,-6,0,-47
1756011818.4419446,5,6,-51
1756011818.4779446,0,-1,-48
1756011818.5149446,-3,-2,-53
1756011818.552945,1,1,-47
1756011818.5909443,4,1,-54
1756011818.6279447,1,-1,-51
1756011818.6649446,-8,-4,-46
1756011818.7029445,0,0,-42
1756011818.7419446,4,0,-45
1756011818.7779446,-1,0,-47
1756011818.8149445,1,0,-47
1756011818.8529446,-3,-2,-54
1756011818.8909447,0,0,-61
1756011818.9269447,5,1,-57
1756011818.963945,0,0,-53
1756011819.0019443,-3,0,-50
1756011819.0379446,-7,0,-48
1756011819.0749447,-2,2,-48
1756011819.1129446,-4,4,-52
1756011819.1519446,-7,0,-45
1756011819.187945,1,-4,-51
1756011819.2249446,-11,-3,-60
1756011819.2629447,0,0,-43
1756011819.3019447,5,1,-49
1756011819.3379445,-2,3,-39
1756011819.3749447,-1,-1,-47
1756011819.4129446,-9,1,-55
1756011819.4519446,5,9,-49
1756011819.4879446,6,10,-59
1756011819.5249443,0,0,-53
1756011819.562945,0,-3,-54
1756011819.598945,-7,1,-46
1756011819.6369443,-4,3,-60
1756011819.6739447,-9,2,-62
1756011819.7129445,-3,-2,-59
1756011819.7489443,0,-1,-62
1756011819.7859447,0,1,-58
1756011819.8239446,4,-1,-53
1756011819.8629446,6,0,-44
1756011819.8989446,6,-2,-44
1756011819.9359446,0,0,-50
1756011819.973945,-9,-2,-42
1756011820.0119443,2,-5,-48
1756011820.0479443,5,-2,-50
1756011820.0849447,8,-8,-59
1756011820.1239443,1,0,-48
1756011820.1619446,2,-2,-54
1756011820.1979446,-2,-4,-45
1756011820.2359445,-4,-6,-55
1756011820.2739446,-8,-6,-45
1756011820.312945,-3,1,-58
1756011820.348945,3,4,-54
1756011820.3859446,-4,4,-50
1756011820.4249446,1,2,-48
1756011820.4629445,6,0,-54
1756011820.4989443,1,1,-50
1756011820.5359447,-4,-9,-33
1756011820.5739446,-5,-5,-48
1756011820.6129446,-4,-1,-42
1756011820.6489446,0,0,-44
1756011820.6859446,-10,-2,-44
1756011820.723945,-4,0,-49
1756011820.7629447,0,-2,-48
1756011820.7989447,2,-1,-48
1756011820.835945,4,-1,-65
1756011820.8749447,0,-4,-51
1756011820.9129446,1,-4,-49
1756011820.9489446,3,-6,-46
1756011820.9859445,0,-3,-52
1756011821.0239446,4,0,-43
1756011821.062945,-4,4,-50
1756011821.098945,0,1,-49
1756011821.1359446,-3,-2,-47
1756011821.1739447,-5,-1,-49
1756011821.2129445,-4,-1,-47
1756011821.2489443,-5,-6,-56
1756011821.2949443,0,-1,-53
1756011821.3329446,-4,1,-59
1756011821.3689446,-1,10,-52
1756011821.4069445,3,-1,-53
1756011821.4449446,-2,-4,-51
1756011821.483945,-6,-3,-50
1756011821.519945,-8,-2,-52
1756011821.5589447,-4,-2,-50
1756011821.5959446,2,1,-47
1756011821.6339445,0,5,-46
1756011821.6699443,10,5,-58
1756011821.7069447,7,-3,-51
1756011821.7449446,-2,1,-50
1756011821.7839446,-1,0,-60
1756011821.8199446,-3,-9,-61
1756011821.858945,-6,-2,-54
1756011821.8959446,-5,1,-46
1756011821.9349446,2,0,-45
1756011821.9729445,-2,2,-44
1756011822.0089445,-8,-2,-47
1756011822.0469446,5,0,-45
1756011822.0849447,8,-4,-55
1756011822.1229446,7,-6,-50
1756011822.1589446,2,0,-46
1756011822.1959443,-3,-3,-49
1756011822.2349446,-2,-6,-53
1756011822.2729447,-3,-1,-54
1756011822.3089447,1,0,-40
1756011822.3459446,-2,2,-43
1756011822.384945,4,-7,-45
1756011822.4209447,-5,-6,-44
1756011822.4589446,8,-1,-54
1756011822.496945,1,0,-54
1756011822.5349443,0,-1,-42
1756011822.5719447,3,-6,-45
1756011822.608945,0,-6,-46
1756011822.6469443,1,-4,-54
1756011822.6849446,5,2,-57
1756011822.723945,1,-4,-44
1756011822.759945,0,-7,-44
1756011822.7969446,-1,3,-49
1756011822.8349447,0,4,-56
1756011822.8709445,5,-2,-43
1756011822.9089446,-2,1,-49
1756011822.9469447,-7,4,-52
1756011822.9849446,-2,-3,-49
1756011823.0239446,-2,5,-46
1756011823.0599446,-9,0,-58
1756011823.0969446,-7,3,-56
1756011823.1359446,-7,-7,-51
1756011823.1739447,-9,-4,-54
1756011823.2099447,-2,5,-54
1756011823.246945,-2,2,-52
1756011823.2859447,3,0,-47
1756011823.3239446,-4,4,-63
1756011823.3599446,-4,-1,-60
1756011823.3979447,7,0,-50
1756011823.4359446,2,-2,-50
1756011823.4749446,0,-7,-64
1756011823.5109446,-3,-1,-59
1756011823.5489447,3,-1,-51
1756011823.5879445,0,0,-48
1756011823.6259446,0,0,-46
1756011823.6639447,1,0,-53
1756011823.6999447,-5,4,-54
1756011823.736945,-1,-2,-52
1756011823.7759447,3,-2,-55
1756011823.8139446,-1,0,-53
1756011823.8499446,-2,2,-53
1756011823.8869443,-3,0,-53
1756011823.9259446,0,-4,-56
1756011823.963945,-3,1,-53
1756011823.9999447,3,8,-49
1756011824.0369446,8,4,-48
1756011824.075945,-2,0,-46
1756011824.111945,0,-6,-48
1756011824.1489446,0,0,-42
1756011824.1859446,0,3,-48
1756011824.2219446,-7,3,-54
1756011824.259945,1,-4,-49
1756011824.2979443,6,-5,-50
1756011824.335945,6,0,-41
1756011824.371945,0,-3,-43
1756011824.4089446,5,-1,-52
1756011824.4479446,-1,0,-52
1756011824.4859445,3,0,-51
1756011824.5219443,4,-2,-42
1756011824.5589447,0,0,-46
1756011824.5959446,2,3,-43
1756011824.631945,0,5,-50
1756011824.6689446,6,6,-46
1756011824.7069447,6,-3,-44
1756011824.7449446,1,1,-44
1756011824.7809446,2,3,-51
1756011824.8179443,-7,-2,-48
1756011824.8569446,-7,-1,-50
1756011824.894945,-3,-1,-57
1756011824.9309447,3,-4,-61
1756011824.9679446,4,-5,-55
1756011825.006945,0,1,-51
1756011825.0449443,2,-6,-50
1756011825.0809443,-3,0,-49
1756011825.1179447,4,5,-57
1756011825.1559446,-1,-3,-59
1756011825.1919446,0,-5,-49
1756011825.2299447,4,6,-46
1756011825.2669446,0,-2,-53
1756011825.3059447,1,5,-62
1756011825.3419447,1,0,-62
1756011825.3799446,-1,-1,-49
1756011825.417945,0,-4,-51
1756011825.4569447,-5,-2,-48
1756011825.4949446,0,0,-43
1756011825.5309446,1,2,-26
1756011825.5689447,0,10,-34
1756011825.6069446,3,4,-46
1756011825.6429446,-4,3,-39
1756011825.6809447,-4,-5,-40
1756011825.7189443,-2,-3,-43
1756011825.756945,-7,0,-46
1756011825.7959447,-5,-1,-57
1756011825.8319447,-2,0,-47
1756011825.8689446,2,1,-63
1756011825.9069445,1,1,-50
1756011825.9429443,-3,-6,-51
1756011825.9819446,-7,4,-51
1756011826.0189445,0,-1,-50
1756011826.0569446,0,-2,-51
1756011826.0959446,3,0,-43
1756011826.131945,-3,-5,-45
1756011826.1699443,2,0,-40
1756011826.2069447,-1,-1,-48
1756011826.2459445,-1,2,-51
1756011826.2819445,1,3,-55
1756011826.3189447,1,2,-49
1756011826.3569446,3,0,-37
1756011826.3929446,8,-2,-42
1756011826.4309447,0,-1,-42
1756011826.4689443,5,-1,-52
1756011826.5079446,-1,-1,-59
1756011826.5459447,7,-4,-53
1756011826.5819447,0,-1,-58
1756011826.6189446,1,0,-57
1756011826.657945,-1,-2,-48
1756011826.6959443,-5,-1,-49
1756011826.7319446,0,0,-46
1756011826.7689445,11,-6,-45
1756011826.8079443,3,-2,-46
1756011826.8459446,6,0,-37
1756011826.881945,-2,-3,-43
1756011826.9199443,-3,3,-55
1756011826.9579446,-2,1,-59
1756011826.996945,3,-2,-55
1756011827.032945,-5,5,-56
1756011827.0699446,-1,4,-62
1756011827.1079447,-1,1,-49
1756011827.1469443,5,2,-55
1756011827.1829443,2,-3,-52
1756011827.2209446,2,-4,-44
1756011827.2589445,14,3,-50
1756011827.2969446,3,1,-61
1756011827.3329446,0,3,-54
1756011827.3699446,0,4,-61
1756011827.407945,0,2,-50
1756011827.4439447,-2,-3,-53
1756011827.4829447,2,-6,-55
1756011827.519945,9,-3,-66
1756011827.5579443,5,5,-51
1756011827.5939443,0,-5,-39
1756011827.6309447,-2,0,-52
1756011827.6699443,0,1,-50
1756011827.7079446,1,3,-49
1756011827.7439446,0,2,-53
1756011827.782945,-3,-3,-55
1756011827.8199446,-2,-6,-53
1756011827.858945,-2,-4,-58
1756011827.8969443,-4,-8,-61
1756011827.9329443,-3,0,-66
1756011827.9699447,1,0,-55
1756011828.0079446,2,1,-55
1756011828.0439446,5,3,-64
1756011828.0819447,-5,0,-57
1756011828.1199446,-5,0,-52
1756011828.1589446,-3,-2,-49
1756011828.1969447,-3,1,-47
1756011828.2329447,4,1,-41
1756011828.269945,-3,-4,-42
1756011828.3089447,-3,-2,-42
1756011828.3469446,1,1,-58
1756011828.3829446,1,0,-49
1756011828.4199443,-2,-4,-52
1756011828.4589446,-4,-6,-48
1756011828.496945,-3,2,-44
1756011828.532945,-7,-2,-44
1756011828.5709443,-4,-1,-43
1756011828.608945,2,0,-41
1756011828.6469443,-2,-4,-44
1756011828.6829443,-5,1,-51
1756011828.7209446,5,0,-60
1756011828.7589445,-7,-2,-44
1756011828.7979443,-7,-11,-56
1756011828.8339446,-1,-6,-51
1756011828.871945,-6,0,-52
1756011828.9099443,-1,1,-39
1756011828.9489446,-5,0,-40
1756011828.9849446,-2,-3,-49
1756011829.0229447,7,-1,-51
1756011829.0609446,4,4,-45
1756011829.098945,11,-4,-40
1756011829.134945,8,1,-43
1756011829.1719446,3,-3,-52
1756011829.2099447,6,-5,-53
1756011829.2489443,-2,0,-50
1756011829.2849443,-4,0,-43
1756011829.3229446,-8,2,-54
1756011829.3609445,-1,0,-48
1756011829.3989446,1,-7,-58
1756011829.437945,8,4,-58
1756011829.473945,3,3,-61
1756011829.5119443,5,-7,-58
1756011829.5499446,5,0,-49
1756011829.588945,2,3,-44
1756011829.6249447,0,-6,-52
1756011829.6619446,-8,0,-57
1756011829.6999447,-1,-4,-49
1756011829.7389443,0,0,-52
1756011829.7749443,4,2,-47
1756011829.8119447,4,7,-58
1756011829.8499446,-2,1,-58
1756011829.8889446,-11,-2,-49
1756011829.9249446,-9,0,-44
1756011829.9619446,-1,-1,-50
1756011829.9999447,-1,-6,-49
1756011830.0389447,-11,-1,-51
1756011830.0749447,-5,1,-49
1756011830.111945,-2,-3,-51
1756011830.1499443,-6,-1,-56
1756011830.1889446,0,-6,-44
1756011830.2249446,-4,-2,-43
1756011830.2629447,4,-8,-51
1756011830.3009446,11,0,-55
1756011830.338945,2,4,-42
1756011830.3749447,0,-5,-40
1756011830.4119446,-5,-9,-43
1756011830.4499447,-3,-4,-42
1756011830.4889443,3,-8,-54
1756011830.5249443,4,-5,-61
1756011830.5639446,3,0,-58
1756011830.6009445,3,0,-50
1756011830.6399446,5,2,-58
1756011830.6759446,3,-2,-43
1756011830.713945,-3,0,-41
1756011830.7519443,2,0,-41
1756011830.7899446,-7,2,-42
1756011830.825945,-5,-3,-39
1756011830.8639443,-1,0,-46
1756011830.9019446,2,-4,-41
1756011830.9399445,-5,-4,-50
1756011830.9789443,3,0,-58
1756011831.0149446,0,3,-59
1756011831.0519447,-1,-1,-60
1756011831.0899446,1,2,-50
1756011831.1259446,-2,0,-48
1756011831.1629446,-3,-8,-55
1756011831.2019446,-7,-2,-57
1756011831.2399447,4,-3,-54
1756011831.2759447,5,0,-57
1756011831.3219447,-3,-3,-57
1756011831.3599446,-7,0,-62
1756011831.3959446,-8,-2,-61
1756011831.4349446,-5,-4,-54
1756011831.4719446,-6,-3,-53
1756011831.5109446,-1,-4,-55
1756011831.5489447,-5,-1,-53
1756011831.5849447,0,-2,-43
1756011831.6229446,-6,-5,-48
1756011831.6609447,-5,-4,-53
1756011831.6999447,-5,2,-60
1756011831.7359445,-8,0,-54
1756011831.7739446,0,-7,-47
1756011831.8119447,3,9,-43
1756011831.8499446,0,5,-53
1756011831.8859446,3,8,-50
1756011831.9229443,-2,2,-58
1756011831.960945,0,0,-54
1756011831.9989443,-1,0,-49
1756011832.0359447,-11,-3,-52
1756011832.0729446,-1,0,-50
1756011832.1109445,0,-5,-53
1756011832.1499443,2,-3,-44
1756011832.1859446,1,1,-47
1756011832.2229445,10,1,-46
1756011832.2609446,9,-1,-57
1756011832.2989447,6,-5,-54
1756011832.3349447,6,-3,-48
1756011832.3729446,7,4,-54
1756011832.4109447,3,5,-46
1756011832.4469447,3,0,-41
1756011832.483945,6,0,-40
1756011832.5209446,-3,-1,-42
1756011832.5599446,8,1,-51
1756011832.5959446,-1,5,-50
1756011832.6329446,3,2,-63
1756011832.6709447,-2,2,-53
1756011832.7099447,7,0,-51
1756011832.7459445,0,3,-47
1756011832.782945,0,-3,-44
1756011832.8209443,-1,-8,-49
1756011832.8599446,6,-5,-48
1756011832.8959446,1,-4,-56
1756011832.9339447,-2,1,-51
1756011832.9719446,0,2,-52
1756011833.0109446,4,9,-53
1756011833.0469446,-2,6,-47
1756011833.0839446,-1,5,-54
1756011833.121945,-7,3,-56
1756011833.1609447,-5,-4,-52
1756011833.1969447,0,-4,-49
1756011833.2359445,5,0,-48
1756011833.2729447,3,6,-42
1756011833.3109446,-1,3,-46
1756011833.3469446,5,-1,-53
1756011833.384945,1,-5,-39
1756011833.4229443,5,2,-39
1756011833.4619446,0,-5,-48
1756011833.4999447,6,1,-56
1756011833.5359447,1,0,-53
1756011833.5729446,5,0,-50
1756011833.6109445,8,2,-55
1756011833.6469443,2,-3,-47
1756011833.6849446,0,-7,-42
1756011833.7229445,-7,-3,-58
1756011833.7619443,1,-4,-54
1756011833.7999446,-6,-1,-49
1756011833.835945,-5,-5,-55
1756011833.8739443,-2,0,-45
1756011833.9119446,-4,3,-41
1756011833.950945,-6,6,-57
1756011833.986945,0,0,-61
1756011834.0239446,-3,2,-61
1756011834.0619447,-8,7,-48
1756011834.1009445,2,4,-52
1756011834.1369443,2,0,-52
1756011834.1739447,-2,-2,-60
1756011834.2119446,0,-5,-57
1756011834.2509446,6,-4,-46
1756011834.2869446,5,-5,-52
1756011834.3239446,3,-2,-56
1756011834.361945,4,1,-58
1756011834.3979447,1,3,-51
1756011834.4359446,-7,0,-51
1756011834.4729445,0,7,-49
1756011834.5109446,-5,3,-54
1756011834.5469446,-3,1,-52
1756011834.5849447,-3,-8,-59
1756011834.6229446,-7,-5,-47
1756011834.6619446,-2,-2,-53
1756011834.6979446,-7,0,-51
1756011834.7359445,-3,-2,-43
1756011834.7729447,-6,-1,-47
1756011834.8119447,-2,-4,-45
1756011834.8479445,0,-4,-38
1756011834.884945,0,-3,-42
1756011834.9229443,-3,-3,-40
1756011834.9619446,0,-5,-50
1756011834.9979446,-7,1,-52
1756011835.0349443,-1,3,-53
1756011835.0729446,0,-3,-44
1756011835.111945,0,-3,-45
1756011835.1479447,-3,-1,-53
1756011835.1869447,0,-8,-42
1756011835.223945,-3,-2,-51
1756011835.2629447,0,2,-47
1756011835.3009446,-1,7,-44
1756011835.3369446,-2,-3,-47
1756011835.3749447,3,-5,-45
1756011835.4129446,3,4,-48
1756011835.450945,3,6,-59
1756011835.486945,-1,1,-52
1756011835.5239446,-7,-3,-44
1756011835.562945,-8,5,-45
1756011835.6009445,-7,-2,-54
1756011835.6369443,-3,-3,-40
1756011835.6749446,5,-6,-50
1756011835.7129445,-7,0,-39
1756011835.7519443,-1,1,-46
1756011835.7879446,3,-2,-56
1756011835.8249447,2,0,-49
1756011835.8629446,0,-7,-55
1756011835.8989446,2,-2,-51
1756011835.9359446,5,-4,-57
1756011835.973945,1,-3,-58
1756011836.0129447,-4,6,-52
1756011836.0489447,-4,3,-58
1756011836.085945,-4,-4,-54
1756011836.1239443,-3,-4,-52
1756011836.1629446,1,-8,-44
1756011836.1989446,-3,-5,-41
1756011836.236945,5,-5,-58
1756011836.2749443,-5,0,-48
1756011836.312945,-3,8,-59
1756011836.3519447,1,-2,-40
1756011836.3879447,1,0,-47
1756011836.4249446,-6,2,-54
1756011836.463945,-6,-3,-50
1756011836.5019443,-3,-4,-63
1756011836.5379446,-2,-7,-65
1756011836.575945,1,-2,-61
1756011836.6139443,2,-1,-49
1756011836.6529446,-6,-1,-49
1756011836.6889446,-5,-1,-60
1756011836.7269447,0,-3,-51
1756011836.7649446,-9,-3,-53
1756011836.8039446,-1,0,-54
1756011836.8419447,-5,4,-60
1756011836.8779447,-4,2,-50
1756011836.9149446,-4,3,-50
1756011836.9539447,-6,0,-47
1756011836.9919446,-7,0,-52
1756011837.0279446,-1,0,-60
1756011837.0649445,-7,6,-61
1756011837.1039443,3,1,-60
1756011837.1419446,-1,-3,-47
1756011837.177945,0,-4,-41
1756011837.2169447,-5,4,-55
1756011837.2539446,2,-2,-42
1756011837.292945,1,-2,-48
1756011837.3289447,-1,0,-53
1756011837.3669446,-3,-4,-38
1756011837.404945,-2,-3,-55
1756011837.4439447,4,-4,-62
1756011837.4799447,-1,0,-61
1756011837.5169446,-2,2,-42
1756011837.5549445,-10,6,-52
1756011837.5939443,-8,0,-49
1756011837.6299446,-2,0,-43
1756011837.6669445,-5,-3,-49
1756011837.7049446,0,0,-49
1756011837.7439446,-6,-2,-46
1756011837.779945,-3,-3,-54
1756011837.8179443,0,2,-54
1756011837.8549447,6,1,-44
1756011837.8929446,-7,0,-45
1756011837.9289446,-1,3,-47
1756011837.9669447,1,-1,-55
1756011838.0049446,-3,1,-56
1756011838.0439446,-11,7,-47
1756011838.0799446,-8,1,-50
1756011838.1169446,-9,-6,-54
1756011838.154945,-6,-1,-57
1756011838.1939447,-7,2,-55
1756011838.2299447,-2,1,-59
1756011838.2679446,5,-5,-59
1756011838.3059447,0,2,-57
1756011838.3439443,-1,3,-52
1756011838.3799446,-1,7,-41
1756011838.4169445,0,1,-47
1756011838.4549446,5,-1,-58
1756011838.4929447,2,0,-49
1756011838.5289447,-1,-1,-51
1756011838.5669446,-8,-8,-47
1756011838.6049447,-8,-4,-54
1756011838.6439445,-1,-2,-54
1756011838.6799445,1,2,-50
1756011838.7169447,-4,7,-57
1756011838.7549446,-8,3,-48
1756011838.7939446,0,-4,-56
1756011838.8299446,0,-2,-58
1756011838.8669446,-7,1,-50
1756011838.904945,0,-4,-51
1756011838.9439447,-2,-3,-44
1756011838.9799447,3,-4,-48
1756011839.0169446,4,-1,-48
1756011839.0549445,3,0,-50
1756011839.0909443,5,3,-59
1756011839.1279447,1,0,-59
1756011839.1659446,0,-2,-56
1756011839.2049446,0,-7,-53
1756011839.2409446,9,-3,-67
1756011839.2779446,-1,-3,-62
1756011839.315945,4,1,-50
1756011839.3549447,-2,-3,-43
1756011839.3909447,-5,-2,-48
1756011839.4289446,2,-2,-50
1756011839.4669447,0,3,-49
1756011839.5049446,2,-4,-41
1756011839.5439446,2,0,-57
1756011839.5799446,3,0,-50
1756011839.6179447,0,1,-49
1756011839.654945,-5,3,-52
1756011839.6939447,-3,-6,-62
1756011839.7299447,-8,-8,-52
1756011839.7679446,-8,-5,-49
1756011839.8059447,-4,1,-51
1756011839.8449447,0,5,-52
1756011839.8809447,-2,2,-45
1756011839.9189446,3,-3,-44
1756011839.9569447,4,-6,-35
1756011839.9959445,1,0,-53
1756011840.0339446,-4,7,-48
1756011840.0699446,-1,3,-53
1756011840.1069446,-5,4,-56
1756011840.1459446,-5,-6,-54
1756011840.1839447,3,-4,-47
1756011840.2199447,-2,2,-54
1756011840.256945,3,2,-47
1756011840.2949443,0,3,-54
1756011840.3309443,0,0,-57
1756011840.3679447,0,-1,-56
1756011840.4059446,0,-2,-46
1756011840.4449446,0,-1,-55
1756011840.4809446,-4,-3,-50
1756011840.5189445,2,-3,-60
1756011840.5569446,0,-9,-56
1756011840.5959446,4,-2,-53
1756011840.6339445,-2,-6,-56
1756011840.6699443,0,-6,-45
1756011840.7089446,-4,1,-46
1756011840.7459445,-3,-2,-61
1756011840.7849443,-5,-3,-62
1756011840.8209443,1,1,-58
1756011840.858945,2,4,-55
1756011840.8959446,8,0,-45
1756011840.9349446,5,1,-49
1756011840.9709446,8,2,-48
1756011841.0089445,4,0,-47
1756011841.0459447,-3,0,-47
1756011841.0849447,0,1,-47
1756011841.1209445,3,4,-57
1756011841.1589446,-2,7,-57
1756011841.1959443,11,0,-66
1756011841.2319446,11,0,-61
1756011841.2689445,1,1,-62
1756011841.3059447,0,1,-45
1756011841.3499446,-6,-4,-42
1756011841.3889446,-3,0,-41
1756011841.4269447,1,4,-54
1756011841.4649446,2,2,-55
1756011841.5009446,0,2,-51
1756011841.5379446,0,4,-49
1756011841.575945,-3,5,-50
1756011841.611945,0,0,-51
1756011841.6489446,-1,-3,-58
1756011841.6869447,1,-3,-54
1756011841.7259445,0,-3,-61
1756011841.7619443,2,-3,-45
1756011841.7989447,6,-4,-52
1756011841.8369446,-1,-2,-46
1756011841.8759446,-6,0,-45
1756011841.9119446,-1,-7,-51
1756011841.9499447,-2,-5,-60
1756011841.9879446,-1,-1,-60
1756011842.0269446,6,-1,-56
1756011842.0649445,1,1,-57
1756011842.1009445,3,1,-56
1756011842.1379447,0,9,-44
1756011842.1769447,-4,5,-51
1756011842.2149446,-2,-4,-60
1756011842.2519443,-3,0,-53
1756011842.2889447,-7,-2,-49
1756011842.3269446,-6,0,-47
1756011842.3659446,-5,-2,-55
1756011842.4019446,8,1,-55
1756011842.4399445,1,6,-57
1756011842.4769447,0,4,-53
1756011842.5129447,0,-6,-54
1756011842.5509446,-10,3,-48
1756011842.5899446,0,5,-53
1756011842.6269443,-4,0,-57
1756011842.6659446,0,-5,-51
1756011842.7019446,-4,4,-45
1756011842.7399447,-4,3,-40
1756011842.7769446,-2,5,-50
1756011842.815945,0,-1,-54
1756011842.8519447,3,-3,-50
1756011842.8889446,-1,-4,-60
1756011842.9269447,-1,-4,-63
1756011842.9659443,-5,1,-46
1756011843.0019443,-2,0,-59
1756011843.0389447,-6,0,-54
1756011843.0779445,-4,2,-53
1756011843.1159446,-4,-1,-63
1756011843.1519446,0,-2,-52
1756011843.1889446,0,-1,-50
1756011843.2279446,1,-6,-38
1756011843.2659447,-5,0,-62
1756011843.3019447,-1,1,-69
1756011843.338945,11,0,-52
1756011843.3779447,7,3,-53
1756011843.4159446,0,2,-53
1756011843.4519446,3,0,-49
1756011843.4899447,-2,7,-40
1756011843.5279446,-2,2,-47
1756011843.5669446,-5,7,-48
1756011843.6029446,-2,3,-51
1756011843.6409447,0,-3,-55
1756011843.677945,1,5,-55
1756011843.7169447,2,1,-52
1756011843.7529447,1,-3,-49
1756011843.7909446,0,3,-51
1756011843.8279445,0,1,-62
1756011843.8659446,-4,-6,-38
1756011843.9019446,-4,0,-51
1756011843.9389446,-9,0,-54
1756011843.9779446,-4,-5,-58
1756011844.0139446,1,0,-50
1756011844.0509446,6,1,-48
1756011844.0879445,3,1,-51
1756011844.1269443,-2,-4,-46
1756011844.1629446,-7,0,-56
1756011844.1999447,-8,-6,-40
1756011844.2379446,-8,-1,-51
1756011844.2769446,-2,5,-50
1756011844.312945,0,5,-50
1756011844.3499446,-6,5,-62
1756011844.3889446,3,1,-53
1756011844.427945,-3,1,-59
1756011844.463945,2,1,-57
1756011844.5019443,-3,2,-40
1756011844.5409446,-1,0,-50
1756011844.5779445,0,-5,-48
1756011844.6169446,7,-6,-53
1756011844.6529446,3,0,-52
1756011844.690945,10,0,-51
1756011844.7289443,7,2,-50
1756011844.7669446,8,0,-54
1756011844.802945,0,-1,-60
1756011844.8409443,-2,-7,-52
1756011844.8789446,-3,0,-59
1756011844.917945,-3,-3,-47
1756011844.9539447,-2,0,-57
1756011844.9909446,-3,2,-57
1756011845.0289447,3,0,-51
1756011845.0669446,-1,6,-51
1756011845.1029446,5,0,-52
1756011845.1399446,0,-10,-63
1756011845.1789446,-2,-6,-42
1756011845.2169447,-7,-8,-46
1756011845.2529447,-5,-2,-48
1756011845.2909446,0,1,-44
1756011845.3289447,0,3,-50
1756011845.3669446,8,3,-42
1756011845.4029446,2,0,-41
1756011845.4399445,4,1,-40
1756011845.4779446,-1,-2,-55
1756011845.5139446,-7,-5,-60
1756011845.5519447,5,1,-54
1756011845.588945,1,0,-58
1756011845.6279447,4,-3,-40
1756011845.6639447,4,-1,-39
1756011845.700945,1,0,-44
1756011845.7389443,-12,-2,-54
1756011845.7749443,-8,-6,-56
1756011845.812945,-8,2,-49
1756011845.8509445,-4,-1,-42
1756011845.8889446,1,-4,-38
1756011845.927945,-1,-1,-44
1756011845.963945,5,0,-44
1756011846.0009446,1,2,-55
1756011846.0389447,0,3,-53
1756011846.0749447,-8,5,-48
1756011846.111945,-3,7,-55
1756011846.1499443,-4,3,-52
1756011846.1889446,-6,4,-43
1756011846.2249446,-5,6,-50
1756011846.2619443,-3,-2,-48
1756011846.2999446,-1,-6,-52
1756011846.338945,0,0,-56
1756011846.3749447,-4,-4,-47
1756011846.4129446,-8,2,-36
1756011846.450945,-6,3,-42
1756011846.4899447,-9,-3,-36
1756011846.5279446,-3,-4,-39
1756011846.5639446,5,-7,-48
1756011846.6009445,2,-4,-55
1756011846.6399446,-1,-8,-54
1756011846.677945,3,0,-58
1756011846.713945,-1,-4,-60
1756011846.7519443,6,-5,-64
1756011846.7899446,2,-8,-58
1756011846.8289447,-7,-9,-60
1756011846.8649447,-3,-4,-56
1756011846.9029446,0,6,-52
1756011846.9399445,-4,-2,-42
1756011846.9789443,1,-5,-50
1756011847.0149446,3,0,-50
1756011847.052945,2,0,-42
1756011847.0919447,0,-3,-45
1756011847.1299446,-2,-2,-55
1756011847.167945,-8,0,-48
1756011847.2039447,4,-2,-47
1756011847.2419446,1,4,-43
1756011847.279945,3,0,-40
1756011847.3179443,6,2,-44
1756011847.3539443,7,-3,-52
1756011847.3919446,5,-1,-49
1756011847.4299445,6,-6,-49
1756011847.4689443,5,2,-53
1756011847.5049446,2,-1,-50
1756011847.5419445,2,-3,-45
1756011847.5799446,2,2,-56
1756011847.6159446,8,1,-50
1756011847.6529446,4,-5,-47
1756011847.690945,-1,1,-47
1756011847.7299447,1,-3,-42
1756011847.7659447,-3,-2,-45
1756011847.8049445,-1,-2,-52
1756011847.8419447,4,-9,-55
1756011847.8799446,-5,-7,-50
1756011847.9189446,0,1,-47
1756011847.9549446,0,1,-36
1756011847.9919446,1,1,-59
1756011848.029945,3,0,-53
1756011848.065945,5,1,-53
1756011848.1029446,-1,0,-53
1756011848.1409447,0,1,-43
1756011848.1789446,1,0,-51
1756011848.2149446,-4,-5,-55
1756011848.2529447,-5,-2,-55
1756011848.2909446,-4,1,-54
1756011848.3299446,-4,-2,-55
1756011848.3659446,1,-6,-45
1756011848.4029446,2,-6,-49
1756011848.440945,4,-4,-45
1756011848.4799447,5,0,-50
1756011848.5159447,4,5,-55
1756011848.552945,6,0,-49
1756011848.5909443,-2,-2,-42
1756011848.6289446,-1,-4,-49
1756011848.6649446,1,5,-46
1756011848.7029445,0,4,-50
1756011848.7409446,-1,-1,-59
1756011848.7789447,-1,-3,-42
1756011848.8149445,-8,-5,-54
1756011848.8529446,1,-4,-53
1756011848.8919446,1,0,-58
1756011848.9299445,0,-2,-55
1756011848.9659443,-12,1,-54
1756011849.0029447,-1,-3,-55
1756011849.0409446,-5,-7,-44
1756011849.0799446,-1,-8,-39
1756011849.1159446,6,-10,-49
1756011849.154945,2,-3,-53
1756011849.1919446,8,0,-50
1756011849.2309446,0,0,-52
1756011849.2669446,-2,-9,-49
1756011849.3049445,3,0,-38
1756011849.3419447,5,1,-54
1756011849.3809447,5,-4,-45
1756011849.4169445,5,-4,-47
1756011849.4549446,1,3,-60
1756011849.4919446,-2,0,-53
1756011849.5309446,-6,-2,-44
1756011849.5669446,4,-5,-46
1756011849.6049447,4,-3,-44
1756011849.6419446,-7,1,-50
1756011849.6809447,-9,0,-46
1756011849.7179446,-9,-2,-47
1756011849.7549446,-11,-4,-58
1756011849.792945,-8,-2,-52
1756011849.8319447,-5,-4,-53
1756011849.8699446,2,-4,-49
1756011849.9059446,0,-1,-54
1756011849.9439447,2,-1,-52
1756011849.9819446,1,-1,-48
1756011850.0209446,0,-1,-50
1756011850.0569446,-9,-6,-46
1756011850.0949447,-12,-1,-52
1756011850.1329446,-3,-3,-55
1756011850.1719446,-4,5,-39
1756011850.2099447,-2,8,-60
1756011850.2459445,-1,8,-64
1756011850.282945,0,2,-61
1756011850.3209443,2,0,-51
1756011850.3569446,6,0,-53
1756011850.3939445,1,2,-58
1756011850.4319446,0,7,-46
1756011850.4709446,-3,5,-50
1756011850.506945,0,5,-51
1756011850.5439446,1,0,-54
1756011850.5819447,1,-5,-63
1756011850.6199446,-1,2,-57
1756011850.6559446,-3,2,-47
1756011850.6929443,-2,0,-42
1756011850.7319446,5,-4,-45
1756011850.7679446,5,-4,-49
1756011850.8049445,4,0,-43
1756011850.8419447,0,-1,-39
1756011850.8809447,-11,0,-51
1756011850.9169445,-5,-3,-53
1756011850.9549446,3,0,-55
1756011850.9919446,4,3,-67
1756011851.0279446,-2,5,-62
1756011851.0649445,-2,2,-56
1756011851.1029446,-5,-2,-60
1756011851.1419446,-2,-2,-49
1756011851.177945,-7,-2,-48
1756011851.2159443,3,0,-42
1756011851.2529447,7,3,-49
1756011851.2919445,0,2,-49
1756011851.3279445,5,1,-48
1756011851.3739443,6,-3,-49
1756011851.4119446,2,3,-45
1756011851.4479446,2,2,-57
1756011851.4849446,0,2,-54
1756011851.5229447,-4,1,-55
1756011851.5609446,-3,1,-65
1756011851.5969446,0,-4,-59
1756011851.634945,0,0,-45
1756011851.6729443,3,-3,-46
1756011851.7119446,-9,1,-55
1756011851.7479446,-11,1,-42
1756011851.7849443,-2,3,-49
1756011851.8229446,-2,3,-55
1756011851.861945,-1,5,-56
1756011851.8979447,-3,7,-57
1756011851.9359446,1,0,-56
1756011851.9729445,4,-2,-46
1756011852.0119443,4,-9,-54
1756011852.0479443,6,-4,-54
1756011852.0849447,5,-7,-60
1756011852.1229446,0,-7,-57
1756011852.1619446,1,4,-52
1756011852.1979446,-10,-1,-53
1756011852.2359445,-10,2,-50
1756011852.2739446,0,0,-55
1756011852.3119447,0,0,-65
1756011852.3479445,0,2,-48
1756011852.384945,0,3,-55
1756011852.4229443,5,2,-53
1756011852.4589446,4,0,-56
1756011852.4959445,0,0,-56
1756011852.532945,0,0,-50
1756011852.5689447,1,5,-48
1756011852.6059446,0,0,-44
1756011852.6429446,0,3,-53
1756011852.6789446,0,0,-52
1756011852.7159443,3,-7,-59
1756011852.7539446,0,0,-62
1756011852.792945,2,0,-53
1756011852.8289447,0,1,-47
1756011852.8659446,0,4,-46
1756011852.9029446,-3,2,-49
1756011852.9419446,4,-1,-45
1756011852.9779446,0,1,-57
1756011853.0149446,4,0,-55
1756011853.0539446,1,-3,-48
1756011853.0919447,-6,4,-58
1756011853.1279447,2,4,-46
1756011853.1649446,5,-4,-41
1756011853.2039447,-2,0,-46
1756011853.2419446,0,-3,-37
1756011853.2779446,0,-1,-45
1756011853.3149445,7,0,-40
1756011853.3539443,1,3,-39
1756011853.3919446,0,-4,-51
1756011853.427945,-1,0,-49
1756011853.4649446,0,-3,-56
1756011853.5039446,1,0,-59
1756011853.5419445,-2,3,-57
1756011853.5779445,8,-2,-63
1756011853.6149447,5,0,-60
1756011853.6539447,-2,-5,-55
1756011853.6919446,-3,-1,-53
1756011853.7279446,-6,0,-57
1756011853.7649446,-6,9,-47
1756011853.8039446,-5,3,-50
1756011853.8419447,-6,2,-51
1756011853.8779447,1,3,-50
1756011853.9149446,0,0,-45
1756011853.9539447,3,-1,-40
1756011853.9899447,-2,5,-54
1756011854.0279446,0,3,-48
1756011854.065945,-5,1,-51
1756011854.1049447,-1,-8,-50
1756011854.1429446,3,-6,-56
1756011854.1789446,9,-3,-59
1756011854.2159443,11,-3,-59
1756011854.2549446,1,0,-57
1756011854.292945,1,-1,-42
1756011854.3289447,0,-1,-45
1756011854.3659446,-3,-1,-53
1756011854.404945,-1,1,-46
1756011854.4429443,-5,-1,-59
1756011854.4789443,-4,0,-55
1756011854.5159447,4,2,-55
1756011854.5539446,0,3,-59
1756011854.5899446,-2,2,-49
1756011854.6269443,3,8,-34
1756011854.6649446,1,2,-46
1756011854.7039447,4,-4,-32
1756011854.7399447,9,-2,-44
1756011854.7769446,1,-6,-51
1756011854.8149445,-3,2,-54
1756011854.8539443,-3,0,-55
1756011854.8899446,-8,-5,-54
1756011854.927945,-4,0,-52
1756011854.9659443,-8,2,-51
1756011855.0049446,-1,-6,-49
1756011855.042945,-5,0,-48
1756011855.0789447,-1,-1,-49
1756011855.1169446,0,4,-63
1756011855.154945,5,0,-45
1756011855.1929443,2,-4,-45
1756011855.2289443,-2,1,-46
1756011855.2659447,-3,0,-49
1756011855.3049445,-1,1,-40
1756011855.3429446,-6,-4,-49
1756011855.3789446,-1,0,-50
1756011855.4159446,-2,0,-58
1756011855.4549446,4,4,-46
1756011855.4929447,0,8,-36
1756011855.5289447,3,-1,-42
1756011855.565945,1,0,-55
1756011855.6039443,0,0,-47
1756011855.6399446,1,-5,-52
1756011855.6769447,-7,3,-54
1756011855.7149446,4,5,-45
1756011855.7539446,1,2,-41
1756011855.7899446,-9,-3,-43
1756011855.8289447,2,0,-48
1756011855.8659446,-3,1,-54
1756011855.904945,-6,-1,-60
1756011855.940945,-3,-2,-53
1756011855.9789443,-1,0,-43
1756011856.0169446,-5,-8,-44
1756011856.0549445,7,-3,-45
1756011856.0939443,6,0,-41
1756011856.1299446,2,0,-53
1756011856.1669445,-7,1,-57
1756011856.2049446,-5,-2,-55
1756011856.2439446,-1,4,-64
1756011856.279945,0,-1,-49
1756011856.3169446,-8,4,-50
1756011856.3549447,-8,-1,-50
1756011856.3939445,-4,2,-44
1756011856.4299445,-10,4,-48
1756011856.4669447,3,0,-59
1756011856.5049446,5,1,-47
1756011856.5409446,3,-7,-54
1756011856.5789447,1,-1,-47
1756011856.6169446,-1,-4,-49
1756011856.6559446,-1,4,-41
1756011856.6939447,3,2,-56
1756011856.7299447,4,5,-61
1756011856.7669446,6,4,-41
1756011856.8049445,0,-2,-54
1756011856.8409443,0,2,-66
1756011856.8779447,-2,0,-57
1756011856.9169445,2,2,-60
1756011856.9549446,-1,0,-60
1756011856.9909446,0,-3,-54
1756011857.0279446,5,-3,-43
1756011857.065945,-4,-1,-55
1756011857.1049447,-3,-4,-53
1756011857.1409447,-3,-1,-63
1756011857.1789446,-4,3,-62
1756011857.2169447,6,3,-54
1756011857.2559447,2,-1,-60
1756011857.2939446,3,0,-62
1756011857.3299446,-4,5,-46
1756011857.3669446,4,1,-47
1756011857.404945,-2,3,-46
1756011857.440945,1,0,-57
1756011857.4789443,7,0,-64
1756011857.5169446,2,1,-50
1756011857.5549445,-4,0,-44
1756011857.5909443,-4,0,-51
1756011857.6289446,-1,-3,-58
1756011857.6669445,-4,0,-52
1756011857.7059443,2,6,-50
1756011857.7419446,0,-1,-49
1756011857.779945,1,3,-43
1756011857.8169446,-8,4,-37
1756011857.8559446,-3,-2,-49
1756011857.8919446,3,0,-52
1756011857.9289446,5,-1,-46
1756011857.9669447,8,-5,-45
1756011858.0059447,7,-4,-58
1756011858.0419445,6,-5,-61
1756011858.0789447,7,-7,-52
1756011858.1169446,0,-4,-44
1756011858.1559446,2,-4,-45
1756011858.1919446,1,-6,-52
1756011858.2289443,-7,-6,-48
1756011858.2669446,8,-9,-56
1756011858.3059447,-5,-6,-56
1756011858.3419447,-2,0,-60
1756011858.3789446,-3,0,-58
1756011858.417945,0,0,-56
1756011858.4559443,2,0,-54
1756011858.4919446,2,-7,-50
1756011858.5289447,-2,-1,-46
1756011858.5669446,-1,-2,-46
1756011858.6059446,8,-1,-45
1756011858.6419446,6,1,-48
1756011858.6789446,11,-6,-45
1756011858.7169447,0,-6,-45
1756011858.7559447,0,-7,-51
1756011858.7919445,9,-4,-44
1756011858.8299446,3,1,-46
1756011858.8679447,1,-10,-51
1756011858.9069445,2,-3,-50
1756011858.9449446,-2,0,-45
1756011858.9809446,-5,1,-51
1756011859.0189445,1,0,-52
1756011859.0569446,1,1,-48
1756011859.0929446,1,-1,-58
1756011859.1309447,-4,-8,-58
1756011859.1689446,-1,-4,-64
1756011859.2069447,-5,-2,-49
1756011859.2459445,0,1,-53
1756011859.2819445,-4,1,-46
1756011859.3189447,-8,0,-50
1756011859.3579447,-4,1,-50
1756011859.3959446,2,-4,-53
1756011859.4319446,1,0,-47
1756011859.4689443,0,0,-46
1756011859.506945,5,-1,-38
1756011859.542945,0,3,-43
1756011859.5799446,2,2,-51
1756011859.6169446,-1,0,-66
1756011859.6559446,1,2,-57
1756011859.6919446,4,-5,-42
1756011859.7289443,-1,-11,-58
1756011859.7679446,3,-3,-59
1756011859.8059447,-5,1,-55
1756011859.8419447,0,-6,-44
1756011859.8789446,0,-4,-40
1756011859.917945,5,-1,-42
1756011859.9559443,0,0,-50
1756011859.9919446,5,-1,-54
1756011860.0289447,6,0,-52
1756011860.0669446,-6,0,-49
1756011860.1029446,-5,3,-47
1756011860.1409447,-5,4,-49
1756011860.177945,-7,2,-58
1756011860.2169447,4,9,-63
1756011860.2529447,0,3,-59
1756011860.2909446,-5,-3,-56
1756011860.3279445,2,-5,-44
1756011860.3669446,5,6,-50
1756011860.4029446,2,2,-53
1756011860.440945,1,4,-57
1756011860.4779446,2,2,-52
1756011860.5159447,0,8,-58
1756011860.5519447,-4,2,-52
1756011860.588945,-4,-2,-44
1756011860.6279447,5,-8,-50
1756011860.6639447,-2,-10,-50
1756011860.7019446,-6,-4,-44
1756011860.7399447,-1,-4,-49
1756011860.7779446,-1,2,-50
1756011860.8169446,0,1,-39
1756011860.8529446,-4,-1,-51
1756011860.8909447,-1,0,-36
1756011860.9289446,-7,0,-51
1756011860.9679446,0,-3,-53
1756011861.0039446,0,1,-48
1756011861.0409446,-7,0,-47
1756011861.0789447,-6,0,-57
1756011861.1179447,-1,-1,-55
1756011861.1539447,3,-3,-49
1756011861.190945,0,0,-64
1756011861.2279446,-7,-3,-44
1756011861.2669446,0,-5,-60
1756011861.302945,2,-3,-50
1756011861.3399446,-6,-5,-54
1756011861.3839445,-3,-2,-52
1756011861.4229443,0,-5,-49
1756011861.460945,0,-3,-46
1756011861.4989443,-1,4,-44
1756011861.5369446,0,6,-56
1756011861.5729446,-5,3,-51
1756011861.611945,-2,2,-51
1756011861.6489446,-2,-6,-43
1756011861.687945,0,2,-39
1756011861.723945,0,1,-54
1756011861.7609446,-2,2,-54
1756011861.7989447,-1,0,-50
1756011861.8379445,-6,-3,-43
1756011861.8739443,0,-4,-57
1756011861.9109447,-6,-6,-49
1756011861.9489446,-7,-5,-47
1756011861.9879446,-3,-1,-48
1756011862.0239446,0,4,-50
1756011862.0609446,2,-4,-48
1756011862.098945,-3,2,-55
1756011862.1379447,-8,1,-57
1756011862.1739447,-4,-4,-56
1756011862.2119446,5,-2,-50
1756011862.2499447,-2,-2,-46
1756011862.2889447,-7,0,-54
1756011862.3269446,-1,-5,-55
1756011862.3629446,1,-7,-46
1756011862.4009447,-7,-7,-46
1756011862.4389446,-7,-3,-49
1756011862.4779446,0,-8,-44
1756011862.5139446,1,-3,-52
1756011862.5519447,-3,0,-51
1756011862.5899446,0,2,-47
1756011862.6279447,0,-1,-41
1756011862.6639447,6,-7,-60
1756011862.700945,3,-5,-58
1756011862.7399447,1,3,-55
1756011862.7779446,-4,-1,-52
1756011862.8139446,0,1,-54
1756011862.8509445,-7,5,-57
1756011862.8889446,-10,5,-58
1756011862.927945,-11,0,-53
1756011862.963945,-2,3,-50
1756011863.0019443,-2,5,-40
1756011863.0399446,-5,4,-44
1756011863.0789447,-3,10,-40
1756011863.1149447,-4,1,-51
1756011863.1519446,1,-2,-50
1756011863.1899445,0,3,-57
1756011863.2279446,-11,0,-54
1756011863.2639446,1,-1,-56
1756011863.3009446,-4,1,-48
1756011863.3399446,0,0,-52
1756011863.3779447,0,-3,-58
1756011863.4139447,-1,-4,-54
1756011863.4519446,0,2,-54
1756011863.4899447,0,-8,-54
1756011863.5279446,2,-10,-53
1756011863.5639446,0,-1,-51
1756011863.6009445,1,1,-50
1756011863.6389446,-3,0,-41
1756011863.6749446,0,-2,-44
1756011863.713945,-5,1,-59
1756011863.7509446,-7,-4,-50
1756011863.7899446,-6,0,-57
1756011863.8279445,1,-1,-61
1756011863.8639443,2,-2,-46
1756011863.9009447,2,-5,-51
1756011863.9399445,-2,-7,-52
1756011863.9779446,4,-2,-46
1756011864.0139446,1,-1,-42
1756011864.0519447,-1,-1,-45
1756011864.0899446,-7,-2,-49
1756011864.1289446,4,1,-52
1756011864.1649446,5,-4,-54
1756011864.2019446,1,-3,-60
1756011864.2399447,-2,-6,-42
1756011864.2789447,0,-2,-54
1756011864.3149445,4,1,-47
1756011864.3519447,4,-1,-55
1756011864.3899446,-3,-7,-55
1756011864.4289446,-2,-4,-48
1756011864.4649446,0,-3,-44
1756011864.5019443,-5,3,-48
1756011864.5399446,-4,5,-55
1756011864.5789447,-7,3,-49
1756011864.6149447,0,-1,-59
1756011864.6519446,-2,0,-51
1756011864.6899445,0,-5,-50
1756011864.7289443,-7,-2,-64
1756011864.7649446,-13,0,-62
1756011864.802945,-5,4,-57
1756011864.8409443,-5,4,-55
1756011864.8799446,3,2,-49
1756011864.9159446,3,1,-53
1756011864.9529445,0,-1,-51
1756011864.9909446,2,-1,-61
1756011865.029945,0,-2,-46
1756011865.065945,-2,-1,-53
1756011865.1039443,-3,-5,-49
1756011865.1419446,-5,0,-49
1756011865.1809447,-3,6,-51
1756011865.2189443,-1,6,-45
1756011865.2549446,-1,5,-44
1756011865.292945,-5,-1,-50
1756011865.3309443,0,2,-48
1756011865.3689446,-1,-1,-45
1756011865.404945,1,-1,-46
1756011865.4429443,-7,-1,-52
1756011865.4809446,0,2,-50
1756011865.5189445,-2,0,-48
1756011865.5549445,4,1,-53
1756011865.5919447,-1,-2,-47
1756011865.6309447,-2,2,-51
1756011865.6689446,-6,-4,-39
1756011865.7049446,0,-1,-33
1756011865.7429447,-2,-2,-36
1756011865.7809446,4,-4,-36
1756011865.8199446,4,-4,-53
1756011865.8559446,3,0,-53
1756011865.8929446,0,1,-52
1756011865.9309447,3,3,-55
1756011865.9669447,0,-1,-40
1756011866.0039446,4,-7,-42
1756011866.0419445,4,1,-46
1756011866.0799446,-1,1,-57
1756011866.1159446,3,0,-47
1756011866.1539447,0,0,-49
1756011866.1919446,-1,3,-49
1756011866.2309446,-1,0,-36
1756011866.2669446,-2,-2,-54
1756011866.3049445,-2,0,-53
1756011866.3429446,3,0,-44
1756011866.3809447,-1,0,-45
1756011866.4169445,-2,-2,-47
1756011866.4549446,-1,-4,-40
1756011866.4929447,5,-1,-49
1756011866.5319445,0,0,-63
1756011866.5699446,6,-2,-51
1756011866.6059446,3,3,-41
1756011866.6429446,3,2,-52
1756011866.6809447,-2,1,-54
1756011866.7169447,-4,5,-49
1756011866.7549446,0,-2,-45
1756011866.792945,-6,-12,-46
1756011866.8319447,3,-6,-54
1756011866.8699446,1,-5,-56
1756011866.9059446,0,-11,-56
1756011866.9429443,-3,1,-53
1756011866.9819446,-3,-3,-41
1756011867.019945,-3,-4,-47
1756011867.0559447,0,-2,-60
1756011867.0929446,-4,-8,-55
1756011867.131945,-2,-6,-50
1756011867.1699443,0,-4,-48
1756011867.2059443,-4,-9,-50
1756011867.2439446,4,-1,-57
1756011867.2819445,-3,-1,-61
1756011867.3209443,2,-4,-47
1756011867.3569446,3,-1,-50
1756011867.3939445,6,-4,-52
1756011867.4319446,4,0,-50
1756011867.4709446,0,6,-40
1756011867.506945,-1,-3,-40
1756011867.5449443,0,-1,-55
1756011867.5829446,-8,4,-50
1756011867.621945,-2,2,-53
1756011867.657945,2,3,-48
1756011867.6949446,0,7,-50
1756011867.7319446,-3,5,-63
1756011867.7709446,-5,0,-60
1756011867.8069446,-11,1,-49
1756011867.8439443,-4,-3,-50
1756011867.881945,0,-1,-49
1756011867.9209447,-7,-8,-45
1756011867.9569447,-6,-2,-49
1756011867.9949446,-1,0,-55
1756011868.032945,-1,5,-46
1756011868.0719447,-5,0,-53
1756011868.1079447,-4,2,-57
1756011868.144945,-4,-2,-53
1756011868.1839447,-5,-2,-50
1756011868.2219446,-2,-6,-53
1756011868.2579446,0,-3,-51
1756011868.2949443,1,-3,-55
1756011868.3339446,-1,-4,-49
1756011868.371945,0,-2,-55
1756011868.407945,2,0,-46
1756011868.4449446,2,2,-53
1756011868.4829447,-2,0,-49
1756011868.5209446,-3,2,-47
1756011868.5569446,-3,0,-49
1756011868.5939443,-3,3,-45
1756011868.6329446,-1,0,-51
1756011868.6709447,-3,-1,-42
1756011868.7069447,0,3,-44
1756011868.7439446,1,-1,-50
1756011868.782945,1,0,-35
1756011868.8209443,-4,0,-39
1756011868.8569446,-2,-1,-43
1756011868.894945,5,-2,-47
1756011868.9329443,2,2,-46
1756011868.9719446,2,-4,-39
1756011869.0079446,0,-2,-41
1756011869.0449443,-1,0,-53
1756011869.0829446,3,2,-54
1756011869.121945,0,-4,-52
1756011869.157945,-1,1,-52
1756011869.1949446,-9,0,-61
1756011869.2329447,-7,0,-57
1756011869.2719443,2,1,-61
1756011869.3079443,-1,-1,-52
1756011869.3459446,-2,-2,-46
1756011869.3839445,-4,-2,-63
1756011869.4229443,-2,-1,-60
1756011869.4589446,4,6,-62
1756011869.4959445,8,-1,-51
1756011869.5339446,3,2,-45
1756011869.5719447,-5,-2,-48
1756011869.6079447,0,3,-55
1756011869.644945,-3,4,-53
1756011869.6829443,0,2,-56
1756011869.7219446,4,-4,-47
1756011869.7579446,1,2,-51
1756011869.7949443,1,-4,-47
1756011869.8339446,7,-2,-52
1756011869.871945,3,-2,-55
1756011869.907945,-4,-5,-50
1756011869.9459443,-5,-7,-46
1756011869.983945,-3,4,-50
1756011870.0229447,-3,3,-44
1756011870.0589447,0,-5,-45
1756011870.0959446,-4,2,-48
1756011870.1339445,0,0,-49
1756011870.1719446,-5,2,-47
1756011870.2079446,-14,-2,-46
1756011870.2459445,-5,0,-37
1756011870.2839446,-1,-1,-44
1756011870.3229446,0,-4,-46
1756011870.358945,-1,-4,-61
1756011870.3969443,5,0,-51
1756011870.4349446,3,-1,-55
1756011870.473945,3,0,-49
1756011870.5119443,4,2,-40
1756011870.5479443,0,4,-47
1756011870.5849447,-3,8,-49
1756011870.6239443,-1,1,-54
1756011870.6619446,-3,0,-55
1756011870.6979446,-2,1,-56
1756011870.7349446,-1,-5,-49
1756011870.7739446,-2,-5,-49
1756011870.8099446,-4,-2,-52
1756011870.8479445,-2,5,-47
1756011870.8859446,2,-2,-41
1756011870.9239447,1,4,-46
1756011870.9599447,0,1,-44
1756011870.9979446,0,0,-52
1756011871.0349443,2,-4,-44
1756011871.0739446,-1,-4,-45
1756011871.1099446,-1,-1,-48
1756011871.1479447,-4,-4,-53
1756011871.1869447,-6,-3,-37
1756011871.223945,-6,-5,-47
1756011871.2629447,-4,-9,-56
1756011871.2989447,0,-10,-44
1756011871.335945,2,0,-47
1756011871.3749447,-3,0,-57
1756011871.4199443,-4,2,-59
1756011871.4579446,-5,-4,-50
1756011871.4949446,-3,-1,-39
1756011871.5339446,-2,-1,-47
1756011871.5699446,2,-4,-43
1756011871.6069446,7,0,-62
1756011871.644945,2,-1,-46
1756011871.6829443,-1,2,-38
1756011871.7199447,-6,-1,-58
1756011871.756945,-1,2,-53
1756011871.7949443,-4,0,-48
1756011871.8339446,-3,0,-48
1756011871.8699446,-3,-3,-46
1756011871.907945,-5,-1,-56
1756011871.9459443,0,0,-52
1756011871.9849446,4,5,-60
1756011872.0229447,-4,-6,-51
1756011872.0589447,-4,2,-50
1756011872.0969446,0,-3,-42
1756011872.134945,-5,-3,-53
1756011872.1739447,0,5,-52
1756011872.2099447,-2,8,-54
1756011872.246945,-4,0,-55
1756011872.2849443,0,1,-49
1756011872.3229446,-7,2,-55
1756011872.358945,0,1,-53
1756011872.3969443,-5,5,-50
1756011872.4349446,-4,5,-47
1756011872.473945,1,0,-47
1756011872.509945,-2,1,-52
1756011872.5469446,-2,-2,-42
1756011872.5849447,0,-6,-56
1756011872.6239443,-4,-6,-51
1756011872.6599443,-3,-1,-56
1756011872.6979446,-4,-4,-54
1756011872.7359445,-4,-3,-48
1756011872.7749443,0,0,-54
1756011872.8109446,-1,1,-48
1756011872.848945,0,2,-51
1756011872.8859446,-3,3,-53
1756011872.9249446,-1,0,-46
1756011872.960945,-4,3,-42
1756011872.9989443,1,0,-40
1756011873.0369446,-2,0,-39
1756011873.075945,-11,3,-50
1756011873.1139443,-9,2,-47
1756011873.1499443,-13,0,-49
1756011873.187945,-10,-2,-53
1756011873.2259445,-4,-3,-41
1756011873.2649446,-5,0,-40
1756011873.3009446,-1,5,-46
1756011873.3379445,0,-2,-45
1756011873.3759446,-3,-5,-59
1756011873.4149446,0,-1,-60
1756011873.450945,0,0,-58
1756011873.4889443,-1,2,-45
1756011873.5259447,-2,3,-43
1756011873.5649445,12,5,-43
1756011873.6009445,8,-2,-46
1756011873.6379447,4,-5,-52
1756011873.6759446,-1,0,-54
1756011873.7149446,1,7,-57
1756011873.7509446,1,8,-53
1756011873.7889447,7,-2,-44
1756011873.825945,3,-1,-55
1756011873.8649447,3,2,-51
1756011873.9009447,0,1,-52
1756011873.937945,-1,-2,-42
1756011873.9759445,-3,-2,-57
1756011874.0149446,3,-1,-48
1756011874.0509446,-3,2,-58
1756011874.088945,6,2,-48
1756011874.1259446,0,1,-58
1756011874.1619446,8,0,-55
1756011874.1989446,-1,-6,-50
1756011874.236945,2,-6,-49
1756011874.2759447,-1,-3,-58
1756011874.3119447,-4,0,-45
1756011874.348945,1,0,-43
1756011874.3859446,-3,2,-61
1756011874.4249446,-2,2,-59
1756011874.460945,2,-3,-52
1756011874.4979446,3,-5,-53
1756011874.5359447,1,-1,-57
1756011874.5749447,0,-3,-50
1756011874.6109445,0,0,-52
1756011874.6479447,0,2,-42
1756011874.6859446,-2,2,-46
1756011874.7219446,-4,-2,-50
1756011874.7609446,6,-12,-59
1756011874.7979443,0,-2,-48
1756011874.8369446,-4,0,-34
1756011874.8749447,-7,4,-47
1756011874.9109447,-9,2,-37
1756011874.9479446,-6,2,-40
1756011874.986945,4,0,-48
1756011875.0249443,-2,-1,-49
1756011875.0609446,7,5,-48
1756011875.0979445,-1,-7,-43
1756011875.1369443,-3,0,-42
1756011875.1749446,-3,-4,-56
1756011875.210945,-6,3,-47
1756011875.2479446,-7,0,-46
1756011875.2869446,-3,-5,-56
1756011875.3249447,2,1,-43
1756011875.3609445,-6,-4,-50
1756011875.3989446,-1,-3,-54
1756011875.4369447,0,2,-62
1756011875.4759445,-7,1,-55
1756011875.5119443,-6,8,-55
1756011875.5499446,1,3,-46
1756011875.5879445,5,-1,-60
1756011875.6269443,3,-4,-54
1756011875.6649446,2,0,-49
1756011875.700945,5,1,-53
1756011875.7379446,0,-3,-57
1756011875.7769446,-2,-11,-49
1756011875.812945,-6,-5,-58
1756011875.8519447,0,-4,-47
1756011875.8889446,3,-4,-31
1756011875.9269447,7,-2,-53
1756011875.9659443,2,-2,-56
1756011876.0019443,5,-6,-51
1756011876.0389447,2,-4,-51
1756011876.0769446,4,-4,-47
1756011876.1159446,5,2,-51
1756011876.1519446,1,6,-47
1756011876.1889446,-4,-3,-50
1756011876.2269447,-7,-5,-61
1756011876.2659447,-6,-4,-48
1756011876.3019447,-3,-1,-39
1756011876.3399446,-3,-1,-44
1756011876.3779447,2,-3,-38
1756011876.4169445,7,-2,-42
1756011876.4529445,14,-3,-33
1756011876.4899447,14,-1,-39
1756011876.5279446,4,3,-36
1756011876.565945,0,3,-46
1756011876.6019447,-4,-4,-51
1756011876.6399446,-2,0,-52
1756011876.677945,4,0,-72
1756011876.7159443,7,-4,-59
1756011876.7519443,0,-2,-59
1756011876.7899446,-2,0,-56
1756011876.8279445,-2,1,-57
1756011876.8669446,3,-4,-51
1756011876.9029446,0,2,-52
1756011876.9399445,-3,1,-54
1756011876.9779446,0,4,-65
1756011877.0159447,1,1,-59
1756011877.0519447,-4,2,-50
1756011877.088945,4,0,-48
1756011877.1269443,6,1,-50
1756011877.1629446,2,2,-49
1756011877.1999447,0,3,-57
1756011877.2379446,-1,0,-62
1756011877.2769446,-5,-2,-62
1756011877.312945,4,-3,-57
1756011877.3499446,0,-10,-55
1756011877.3879447,7,-6,-56
1756011877.4269447,6,-3,-58
1756011877.4629445,-2,2,-51
1756011877.5009446,0,0,-58
1756011877.5379446,6,5,-44
1756011877.5739446,1,4,-45
1756011877.611945,-3,-1,-43
1756011877.6499443,-1,-7,-46
1756011877.687945,-4,-7,-58
1756011877.7269447,0,-8,-58
1756011877.7629447,0,-9,-59
1756011877.7999446,-2,-2,-52
1756011877.8379445,-1,1,-52
1756011877.8769443,1,1,-46
1756011877.9129446,-1,0,-43
1756011877.950945,3,-4,-42
1756011877.9879446,1,-5,-54
1756011878.0269446,3,2,-53
1756011878.062945,0,-1,-43
1756011878.1009445,1,0,-32
1756011878.1389446,-2,0,-35
1756011878.1769447,0,-5,-52
1756011878.2129445,1,-3,-54
1756011878.2499447,0,0,-45
1756011878.2879446,-5,1,-53
1756011878.3239446,-9,-4,-50
1756011878.3629446,-6,-1,-55
1756011878.3999443,1,0,-36
1756011878.437945,5,-3,-47
1756011878.473945,0,-6,-50
1756011878.5119443,0,-6,-53
1756011878.5509446,0,-2,-48
1756011878.588945,0,0,-50
1756011878.6269443,0,2,-47
1756011878.6629446,0,0,-46
1756011878.6999447,-3,-6,-45
1756011878.7389443,2,-2,-45
1756011878.7769446,-7,-6,-46
1756011878.812945,-5,-1,-53
1756011878.8509445,-1,-1,-49
1756011878.8889446,3,0,-55
1756011878.9269447,2,-1,-44
1756011878.9629445,3,-7,-45
1756011878.9999447,0,-7,-54
1756011879.0389447,-4,-1,-48
1756011879.0769446,3,-5,-49
1756011879.1129446,0,-1,-45
1756011879.1499443,-5,2,-49
1756011879.1889446,4,5,-56
1756011879.2249446,6,6,-53
1756011879.2629447,2,8,-53
1756011879.2999446,3,2,-48
1756011879.3379445,1,1,-55
1756011879.3739443,5,-3,-56
1756011879.4109447,0,-6,-55
1756011879.4499447,2,-7,-48
1756011879.4879446,4,-5,-53
1756011879.5239446,-3,0,-45
1756011879.5609446,0,-1,-41
1756011879.5999446,4,-6,-46
1756011879.6379447,2,0,-55
1756011879.6739447,3,3,-51
1756011879.710945,-1,0,-45
1756011879.7499447,4,5,-44
1756011879.7879446,0,-1,-42
1756011879.8239446,1,0,-43
1756011879.8609445,6,1,-50
1756011879.8989446,0,-4,-51
1756011879.9349446,2,-3,-46
1756011879.9729445,1,-4,-47
1756011880.0109446,-2,-3,-51
1756011880.0499446,0,-1,-49
1756011880.0879445,-1,0,-58
1756011880.1239443,0,-1,-48
1756011880.1619446,1,0,-61
1756011880.1999447,-1,-2,-50
1756011880.2379446,-1,-11,-47
1756011880.2739446,-5,-4,-57
1756011880.3119447,5,-6,-61
1756011880.3499446,6,-2,-56
1756011880.3889446,-1,-2,-59
1756011880.4249446,0,0,-63
1756011880.4619446,2,-1,-70
1756011880.4999447,-5,2,-65
1756011880.5389447,-1,0,-50
1756011880.5749447,-4,2,-49
1756011880.611945,-2,-3,-52
1756011880.6499443,0,-3,-53
1756011880.6889446,-4,-4,-46
1756011880.7249446,0,-1,-58
1756011880.7629447,-3,2,-53
1756011880.7999446,-1,-3,-54
1756011880.838945,-6,0,-52
1756011880.8749447,5,-1,-49
1756011880.9119446,2,-1,-53
1756011880.9499447,2,0,-50
1756011880.9859445,4,-3,-47
1756011881.0239446,-2,0,-46
1756011881.0619447,-3,-2,-51
1756011881.0999446,0,-4,-45
1756011881.1389446,-1,0,-45
1756011881.1749446,-7,-1,-45
1756011881.2129445,-4,-3,-40
1756011881.2509446,-6,0,-41
1756011881.2899446,-2,3,-45
1756011881.325945,-1,3,-49
1756011881.3639443,0,1,-54
1756011881.4019446,0,0,-44
1756011881.4459443,-1,-5,-34
1756011881.483945,7,-2,-49
1756011881.5219443,3,-3,-49
1756011881.5609446,3,0,-62
1756011881.598945,0,-4,-50
1756011881.634945,-6,-3,-58
1756011881.6729443,-3,-5,-51
1756011881.710945,-2,0,-38
1756011881.7499447,-1,0,-34
1756011881.7859447,-1,1,-36
1756011881.8239446,0,2,-53
1756011881.8609445,0,7,-52
1756011881.8989446,0,-5,-51
1756011881.9349446,6,-5,-47
1756011881.9719446,3,0,-46
1756011882.0109446,5,-1,-55
1756011882.0489447,-4,4,-54
1756011882.0849447,-3,1,-48
1756011882.121945,-4,1,-42
1756011882.1609447,-7,4,-54
1756011882.1989446,3,-1,-59
1756011882.2349446,4,-5,-62
1756011882.2719443,7,-3,-64
1756011882.3109446,8,-1,-59
1756011882.348945,2,-8,-44
1756011882.384945,4,-2,-53
1756011882.4229443,-1,-3,-49
1756011882.460945,1,-2,-50
1756011882.4999447,2,-1,-47
1756011882.5359447,-8,0,-44
1756011882.5729446,-1,2,-49
1756011882.6109445,4,4,-50
1756011882.6469443,4,1,-49
1756011882.6849446,5,5,-55
1756011882.7219446,9,0,-51
1756011882.759945,-2,7,-39
1756011882.7959447,-3,4,-38
1756011882.8329446,-7,2,-51
1756011882.871945,-5,0,-53
1756011882.9099443,0,3,-57
1756011882.9459443,1,1,-45
1756011882.9829447,6,0,-37
1756011883.0209446,15,-1,-52
1756011883.0569446,2,-2,-44
1756011883.0939443,-2,4,-47
1756011883.131945,-6,0,-41
1756011883.1709447,-3,-1,-39
1756011883.2069447,1,0,-47
1756011883.2439446,1,4,-47
1756011883.2819445,-3,0,-54
1756011883.3199446,-4,-4,-46
1756011883.3559446,1,-4,-53
1756011883.3929446,4,-7,-54
1756011883.4319446,0,-7,-39
1756011883.4699447,1,-4,-52
1756011883.5059447,-3,-7,-56
1756011883.5439446,-5,-1,-54
1756011883.5819447,-2,-2,-57
1756011883.6209445,0,-2,-54
1756011883.6569445,2,-2,-47
1756011883.6939447,2,5,-46
1756011883.7319446,8,7,-55
1756011883.7709446,3,0,-54
1756011883.8069446,0,3,-52
1756011883.8439443,-1,1,-48
1756011883.881945,-2,0,-45
1756011883.9209447,11,2,-57
1756011883.9569447,2,1,-41
1756011883.9939446,0,1,-43
1756011884.032945,0,0,-41
1756011884.0709443,5,1,-41
1756011884.1079447,3,6,-53
1756011884.144945,-1,3,-56
1756011884.1829443,0,3,-53
1756011884.2219446,3,-6,-51
1756011884.2579446,6,-10,-59
1756011884.2949443,7,-6,-54
1756011884.3329446,-1,-2,-46
1756011884.371945,3,-6,-50
1756011884.407945,3,-4,-55
1756011884.4459443,5,-1,-49
1756011884.4829447,-1,3,-49
1756011884.5219443,-4,-1,-33
1756011884.5579443,1,0,-35
1756011884.5949447,0,-2,-61
1756011884.6329446,1,-2,-54
1756011884.6719446,3,-6,-50
1756011884.7079446,1,-2,-52
1756011884.7449446,3,-4,-47
1756011884.782945,0,-2,-51
1756011884.8219447,0,-5,-57
1756011884.8579447,0,0,-53
1756011884.8959446,0,0,-55
1756011884.9329443,-3,2,-51
1756011884.9719446,-4,1,-49
1756011885.0079446,-3,-1,-50
1756011885.0459447,2,-5,-46
1756011885.0839446,-2,-3,-39
1756011885.1229446,1,-4,-43
1756011885.1609447,4,-8,-62
1756011885.1969447,0,-4,-59
1756011885.233945,-6,4,-53
1756011885.2729447,-7,-1,-49
1756011885.3109446,-5,-7,-42
1756011885.3469446,-6,-7,-51
1756011885.384945,7,-1,-45
1756011885.4229443,7,3,-50
1756011885.460945,1,3,-53
1756011885.496945,2,2,-51
1756011885.5339446,4,-3,-51
1756011885.5729446,5,-5,-47
1756011885.6109445,0,-2,-45
1756011885.6469443,-6,-4,-49
1756011885.6849446,4,0,-52
1756011885.7229445,-1,0,-58
1756011885.7619443,-7,-4,-42
1756011885.7979443,-1,-4,-44
1756011885.835945,6,-5,-48
1756011885.8739443,0,-2,-52
1756011885.9129446,0,0,-50
1756011885.9489446,0,4,-46
1756011885.9859445,5,2,-48
1756011886.0229447,-1,-5,-58
1756011886.0619447,4,0,-39
1756011886.0979445,-7,2,-38
1756011886.1359446,-6,-3,-53
1756011886.1729443,4,-2,-54
1756011886.2119446,0,2,-61
1756011886.2479446,0,0,-59
1756011886.2849443,2,0,-55
1756011886.3239446,2,1,-55
1756011886.361945,0,-2,-48
1756011886.3979447,-10,1,-50
1756011886.4349446,-1,0,-61
1756011886.473945,-4,-2,-54
1756011886.5119443,-3,0,-41
1756011886.5479443,3,0,-42
1756011886.5849447,1,3,-47
1756011886.6229446,-3,2,-49
1756011886.6589446,-2,-6,-57
1756011886.6969447,-1,-5,-59
1756011886.7349446,2,-1,-51
1756011886.7739446,-11,3,-62
1756011886.8119447,-4,0,-58
1756011886.8479445,-4,0,-50
1756011886.884945,-3,-2,-47
1756011886.9239447,-7,2,-55
1756011886.9619446,-12,0,-56
1756011886.9979446,-4,-2,-58
1756011887.0359447,-3,1,-52
1756011887.0739446,-13,3,-59
1756011887.1129446,-1,4,-69
1756011887.1489446,2,2,-64
1756011887.1859446,2,3,-52
1756011887.223945,4,0,-46
1756011887.2619443,6,0,-60
1756011887.2979443,0,2,-62
1756011887.3349447,3,3,-51
1756011887.3729446,2,5,-60
1756011887.4089446,-1,0,-56
1756011887.4459443,-3,5,-61
1756011887.4849446,0,-3,-51
1756011887.5229447,0,1,-46
1756011887.5589447,-3,8,-47
1756011887.5959446,8,2,-45
1756011887.6339445,8,2,-48
1756011887.6699443,9,1,-48
1756011887.7069447,6,-1,-50
1756011887.7449446,3,1,-53
1756011887.782945,-5,-1,-54
1756011887.8189447,-8,-6,-57
1756011887.8569446,0,3,-54
1756011887.8939445,0,0,-41
1756011887.9299445,2,0,-31
1756011887.9679446,-2,-5,-44
1756011888.0049446,-3,-3,-51
1756011888.0439446,-7,-4,-60
1756011888.0799446,-4,-2,-52
1756011888.1179447,7,2,-44
1756011888.1559446,1,-6,-46
1756011888.1949446,-4,-3,-45
1756011888.2329447,0,-3,-51
1756011888.2689445,1,-3,-56
1756011888.3059447,-1,0,-52
1756011888.3449447,-8,0,-44
1756011888.3829446,-5,0,-41
1756011888.4189446,-5,0,-51
1756011888.4569447,-3,0,-51
1756011888.4949446,-6,3,-52
1756011888.5339446,3,-3,-51
1756011888.5699446,0,-2,-44
1756011888.6069446,-10,-3,-58
1756011888.644945,-2,0,-47
1756011888.6839447,2,-1,-58
1756011888.7199447,7,-5,-54
1756011888.756945,9,0,-53
1756011888.7949443,3,2,-42
1756011888.8329446,-2,0,-37
1756011888.8689446,-5,-1,-44
1756011888.9069445,0,-2,-34
1756011888.9449446,-4,0,-49
1756011888.983945,-1,6,-56
1756011889.019945,7,5,-51
1756011889.0569446,4,2,-56
1756011889.0949447,-5,4,-57
1756011889.1339445,-6,-1,-44
1756011889.1699443,0,-2,-48
1756011889.2069447,0,0,-54
1756011889.2449446,0,-2,-58
1756011889.2839446,1,2,-49
1756011889.3199446,2,0,-48
1756011889.3579447,1,-4,-50
1756011889.3959446,-2,-2,-51
1756011889.4349446,2,-1,-50
1756011889.4709446,-1,3,-53
1756011889.5079446,1,-6,-60
1756011889.5459447,-3,0,-50
1756011889.5849447,0,-4,-52
1756011889.6209445,9,0,-64
1756011889.657945,0,1,-52
1756011889.6959443,1,0,-52
1756011889.733945,0,0,-58
1756011889.769945,-2,0,-54
1756011889.8089447,1,5,-47
1756011889.8459446,5,0,-62
1756011889.8839445,5,-4,-64
1756011889.9199443,4,-5,-56
1756011889.9579446,4,-5,-50
1756011889.9959445,-1,-9,-48
1756011890.0349443,-2,-2,-42
1756011890.0709443,-1,2,-41
1756011890.108945,-3,-4,-49
1756011890.1459446,10,-5,-51
1756011890.1849446,10,4,-55
1756011890.2209446,4,2,-50
1756011890.2579446,0,0,-52
1756011890.2959447,6,0,-53
1756011890.3339446,-1,-6,-63
1756011890.3699446,2,-1,-67
1756011890.4069445,-4,-1,-46
1756011890.4459443,1,9,-41
1756011890.483945,0,-2,-39
1756011890.519945,0,-3,-49
1756011890.5569446,-1,2,-54
1756011890.5959446,1,-1,-46
1756011890.6339445,0,1,-47
1756011890.6699443,0,2,-45
1756011890.7069447,6,-3,-51
1756011890.7459445,5,-3,-62
1756011890.7819445,5,2,-46
1756011890.8209443,8,2,-55
1756011890.8579447,0,2,-47
1756011890.8959446,2,0,-47
1756011890.9319446,0,3,-37
1756011890.9689443,2,-4,-45
1756011891.006945,0,-6,-47
1756011891.0459447,-1,-3,-44
1756011891.0819447,-2,-2,-49
1756011891.1199446,1,0,-35
1756011891.157945,1,6,-42
1756011891.1959443,1,4,-34
1756011891.2319446,-4,1,-42
1756011891.2689445,-4,-1,-56
1756011891.3069446,2,-1,-56
1756011891.3459446,2,-2,-51
1756011891.381945,3,2,-49
1756011891.4189446,1,0,-42
1756011891.4649446,0,-3,-61
1756011891.5009446,0,-2,-45
1756011891.5379446,-7,-5,-42
1756011891.5769446,0,2,-42
1756011891.6149447,-1,3,-41
1756011891.6509447,5,0,-51
1756011891.6889446,2,7,-47
1756011891.7279446,1,5,-56
1756011891.7659447,0,-1,-47
1756011891.8019447,6,-5,-42
1756011891.8399446,0,-2,-51
1756011891.8779447,-2,-1,-53
1756011891.9169445,-1,0,-55
1756011891.9549446,-1,-4,-46
1756011891.9909446,-1,-2,-54
1756011892.0289447,0,6,-52
1756011892.0669446,0,6,-57
1756011892.1049447,3,4,-42
1756011892.1409447,0,4,-47
1756011892.177945,-2,7,-56
1756011892.2169447,0,1,-52
1756011892.2549446,5,3,-53
1756011892.2909446,4,-1,-50
1756011892.3279445,7,2,-64
1756011892.3659446,1,0,-60
1756011892.4019446,7,0,-61
1756011892.4389446,-1,-2,-56
1756011892.4779446,-2,-1,-49
1756011892.5159447,-4,4,-36
1756011892.5519447,-1,5,-43
1756011892.5909443,-1,2,-50
1756011892.6279447,2,-1,-62
1756011892.6669445,-1,-2,-45
1756011892.7029445,2,-4,-49
1756011892.7409446,7,-11,-62
1756011892.7779446,4,-4,-51
1756011892.8169446,-2,-9,-49
1756011892.8529446,2,-4,-49
1756011892.8909447,0,-5,-42
1756011892.927945,1,-2,-43
1756011892.9669447,0,0,-43
1756011893.0029447,-5,-10,-48
1756011893.0409446,-7,0,-48
1756011893.0789447,-4,-7,-51
1756011893.1179447,1,-4,-51
1756011893.1559446,1,-2,-52
1756011893.1919446,8,0,-54
1756011893.2289443,0,2,-39
1756011893.2679446,3,10,-51
1756011893.3059447,-2,-2,-58
1756011893.3419447,3,-4,-56
1756011893.3799446,-2,-2,-57
1756011893.417945,3,-7,-47
1756011893.4569447,1,1,-57
1756011893.4929447,2,-1,-53
1756011893.529945,0,0,-50
1756011893.5679443,-7,6,-59
1756011893.6069446,0,-3,-59
1756011893.6429446,4,0,-60
1756011893.6799445,3,-3,-51
1756011893.7179446,10,-1,-53
1756011893.756945,5,0,-49
1756011893.792945,-9,0,-56
1756011893.8299446,-1,-4,-47
1756011893.8679447,-2,0,-47
1756011893.9069445,6,2,-47
1756011893.9429443,2,0,-49
1756011893.9799447,10,-2,-56
1756011894.0179446,4,0,-51
1756011894.0539446,-1,-7,-61
1756011894.0919447,-8,-4,-49
1756011894.1309447,-1,-3,-49
1756011894.167945,0,0,-52
1756011894.2069447,3,0,-52
1756011894.2429447,1,0,-56
1756011894.279945,2,2,-54
1756011894.3179443,-2,1,-49
1756011894.3569446,0,-3,-66
1756011894.3929446,-1,-6,-64
1756011894.4309447,0,-1,-54
1756011894.4689443,-1,0,-70
1756011894.5079446,2,-2,-53
1756011894.5439446,-5,-6,-60
1756011894.5819447,0,-1,-42
1756011894.6199446,6,4,-38
1756011894.657945,6,7,-46
1756011894.6939447,6,6,-43
1756011894.7309446,0,4,-53
1756011894.7689445,7,-4,-47
1756011894.8079443,2,3,-48
1756011894.8439443,1,1,-52
1756011894.8809447,-1,-7,-56
1756011894.9189446,1,2,-55
1756011894.9569447,5,0,-49
1756011894.9929447,2,-3,-46
1756011895.029945,-1,0,-45
1756011895.0689447,-1,-2,-49
1756011895.1069446,-2,-3,-49
1756011895.1429446,-3,-4,-44
1756011895.1819446,-2,-6,-42
1756011895.2189443,2,1,-48
1756011895.256945,5,0,-59
1756011895.292945,0,0,-64
1756011895.3299446,0,-2,-46
1756011895.3689446,-2,-5,-46
1756011895.4069445,0,-10,-47
1756011895.4429443,0,-11,-51
1756011895.4799447,2,-3,-48
1756011895.5189445,5,-1,-56
1756011895.5569446,-2,3,-50
1756011895.5929446,0,3,-50
1756011895.6299446,9,4,-56
1756011895.667945,3,-1,-54
1756011895.7039447,0,-4,-52
1756011895.7429447,-3,2,-48
1756011895.779945,2,0,-51
1756011895.8179443,-6,3,-47
1756011895.8539443,-1,-3,-50
1756011895.8929446,0,0,-48
1756011895.9299445,-1,9,-47
1756011895.9689443,-6,8,-51
1756011896.0049446,4,6,-47
1756011896.0419445,-1,1,-48
1756011896.0799446,2,-4,-47
1756011896.1189446,3,-6,-43
1756011896.154945,2,-1,-42
1756011896.1929443,5,0,-52
1756011896.2299447,4,6,-55
1756011896.2689445,2,6,-54
1756011896.3049445,0,5,-54
1756011896.3419447,0,-3,-50
1756011896.3799446,-4,1,-43
1756011896.4189446,-6,0,-49
1756011896.4559443,0,-4,-46
1756011896.4929447,8,-4,-53
1756011896.5309446,2,-8,-50
1756011896.5699446,0,-9,-55
1756011896.6079447,-4,-4,-49
1756011896.6439445,-3,0,-51
1756011896.6809447,0,-8,-40
1756011896.7199447,-9,-2,-47
1756011896.7579446,-8,10,-47
1756011896.7939446,-5,6,-56
1756011896.8319447,0,2,-46
1756011896.8699446,-5,4,-48
1756011896.907945,0,0,-48
1756011896.9439447,0,0,-45
1756011896.9809446,-3,0,-50
1756011897.019945,-6,-1,-44
1756011897.0579443,-4,-1,-46
1756011897.0939443,0,-1,-51
1756011897.1309447,-8,4,-52
1756011897.1699443,0,0,-50
1756011897.2079446,-4,3,-48
1756011897.2439446,-5,4,-51
1756011897.2809446,0,3,-47
1756011897.3189447,5,0,-46
1756011897.3549447,5,-5,-55
1756011897.3919446,7,0,-45
1756011897.4299445,2,1,-53
1756011897.4659443,-6,5,-48
1756011897.5039446,-8,-6,-52
1756011897.5419445,-5,-3,-46
1756011897.5799446,-1,-3,-64
1756011897.6189446,2,-6,-59
1756011897.654945,-1,1,-53
1756011897.6919446,0,2,-52
1756011897.7299447,0,-1,-46
1756011897.7659447,2,5,-48
1756011897.802945,1,6,-48
1756011897.8399446,2,0,-48
1756011897.8789446,0,-2,-49
1756011897.9149446,3,0,-47
1756011897.9519446,3,2,-55
1756011897.9899447,4,-3,-65
1756011898.0289447,1,-1,-61
1756011898.0649445,0,0,-53
1756011898.1029446,8,3,-53
1756011898.1419446,4,1,-53
1756011898.1799445,-4,4,-45
1756011898.2159443,-4,-1,-48
1756011898.2539446,-3,3,-63
1756011898.2919445,1,0,-44
1756011898.3299446,0,3,-53
1756011898.3659446,-3,1,-44
1756011898.4039447,0,5,-50
1756011898.4419446,4,-5,-48
1756011898.4809446,2,-1,-52
1756011898.5189445,1,-9,-50
1756011898.5549445,-3,-6,-52
1756011898.5929446,0,-3,-48
1756011898.6309447,-13,3,-40
1756011898.6699443,1,3,-41
1756011898.7059443,-1,-2,-33
1756011898.7439446,1,6,-50
1756011898.7819445,0,0,-49
1756011898.8199446,-2,4,-51
1756011898.8559446,-1,7,-47
1756011898.894945,2,7,-46
1756011898.9319446,-2,0,-46
1756011898.9709446,9,1,-59
1756011899.0089445,2,-2,-61
1756011899.0449443,2,-2,-49
1756011899.0819447,-1,-2,-59
1756011899.1209445,-4,1,-48
1756011899.1569445,-4,1,-59
1756011899.1939447,-5,-1,-46
1756011899.2329447,-4,-5,-47
1756011899.2709446,4,-6,-60
1756011899.3069446,1,-2,-41
1756011899.3439443,-1,0,-52
1756011899.3829446,0,0,-46
1756011899.4209447,3,2,-51
1756011899.4569447,0,5,-46
1756011899.4939446,1,-5,-37
1756011899.532945,-2,-6,-55
1756011899.5709443,0,-2,-50
1756011899.6069446,0,2,-47
1756011899.6439445,-2,9,-52
1756011899.6829443,-1,0,-48
1756011899.7209446,0,1,-53
1756011899.756945,-2,5,-49
1756011899.7939446,-6,3,-48
1756011899.8329446,-7,5,-57
1756011899.8709445,0,-2,-65
1756011899.9069445,-4,-2,-54
1756011899.9459443,-3,1,-48
1756011899.9829447,2,2,-52
1756011900.0219443,0,4,-45
1756011900.0599446,2,9,-61
1756011900.0959446,0,4,-60
1756011900.1329446,0,4,-58
1756011900.1709447,-3,7,-63
1756011900.2069447,-3,-1,-61
1756011900.2449446,-3,7,-60
1756011900.282945,-2,8,-50
1756011900.3219447,-2,0,-54
1756011900.3599446,0,4,-38
1756011900.3959446,-10,-1,-35
1756011900.4349446,0,-1,-48
1756011900.4719446,-1,1,-46
1756011900.5109446,2,-1,-49
1756011900.5469446,-4,-7,-41
1756011900.5849447,0,-8,-55
1756011900.6229446,7,-2,-57
1756011900.6619446,2,6,-53
1756011900.6999447,-2,4,-48
1756011900.7359445,3,4,-49
1756011900.7729447,2,5,-47
1756011900.8109446,4,-1,-56
1756011900.8469446,0,-5,-60
1756011900.8859446,-14,1,-54
1756011900.9229443,0,3,-51
1756011900.960945,-4,-2,-41
1756011900.996945,-5,-7,-42
1756011901.0349443,-3,-5,-47
1756011901.0729446,-5,-1,-47
1756011901.111945,0,-3,-45
1756011901.1479447,6,2,-44
1756011901.1859446,0,-3,-50
1756011901.2229445,-1,0,-52
1756011901.2619443,-9,-2,-44
1756011901.2979443,-2,0,-47
1756011901.3349447,-8,-1,-55
1756011901.3729446,-5,-7,-58
1756011901.4119446,0,-5,-51
1756011901.4479446,2,-5,-48
1756011901.4939446,0,2,-39
1756011901.5319445,-3,0,-47
1756011901.5689447,-2,-3,-48
1756011901.6059446,-2,2,-49
1756011901.6439445,-13,0,-52
1756011901.6829443,2,1,-61
1756011901.7209446,3,5,-49
1756011901.756945,-4,5,-49
1756011901.7949443,-6,3,-43
1756011901.8329446,-2,2,-47
1756011901.871945,0,3,-59
1756011901.907945,2,0,-60
1756011901.9449446,0,6,-49
1756011901.9829447,-1,-1,-44
1756011902.0219443,-2,0,-46
1756011902.0579443,-5,-4,-43
1756011902.0959446,2,-7,-50
1756011902.1339445,-8,-5,-48
1756011902.1729443,-6,-1,-36
1756011902.210945,-6,2,-43
1756011902.246945,-4,-2,-49
1756011902.2849443,-2,-5,-47
1756011902.3229446,1,-2,-55
1756011902.361945,-7,1,-44
1756011902.3979447,7,5,-48
1756011902.4349446,4,5,-49
1756011902.4729445,4,-4,-46
1756011902.5089445,0,-8,-43
1756011902.5459447,-5,0,-52
1756011902.5849447,1,-1,-48
1756011902.6229446,3,-4,-53
1756011902.6589446,5,-1,-49
1756011902.6969447,3,2,-50
1756011902.733945,2,1,-41
1756011902.7729447,-4,3,-37
1756011902.8089447,4,2,-48
1756011902.8459446,-4,1,-54
1756011902.884945,-5,0,-55
1756011902.9229443,-6,-4,-52
1756011902.9599447,-1,-1,-40
1756011902.996945,-2,-1,-37
1756011903.0349443,-4,-5,-48
1756011903.0729446,-1,1,-52
1756011903.111945,-1,0,-43
1756011903.1479447,-2,-1,-46
1756011903.1859446,0,3,-58
1756011903.223945,-2,-1,-43
1756011903.2619443,1,-2,-48
1756011903.2979443,4,-6,-52
1756011903.335945,2,1,-37
1756011903.3739443,0,-2,-51
1756011903.4129446,-3,-7,-44
1756011903.4489446,2,-1,-53
1756011903.486945,-8,0,-38
1756011903.5249443,3,-1,-50
1756011903.5639446,3,0,-49
1756011903.6019447,-7,-5,-43
1756011903.6379447,-1,-4,-47
1756011903.6759446,0,-6,-40
1756011903.713945,-2,-4,-44
1756011903.7529447,-2,-4,-49
1756011903.7889447,4,-2,-57
1756011903.825945,7,-7,-36
1756011903.8639443,0,-6,-49
1756011903.9029446,-1,-12,-55
1756011903.9389446,0,-6,-54
1756011903.9759445,0,5,-61
1756011904.0139446,-5,0,-59
1756011904.0519447,-2,-1,-53
1756011904.0879445,0,0,-49
1756011904.1259446,3,6,-62
1756011904.1639447,-3,0,-46
1756011904.1999447,0,-2,-49
1756011904.2379446,-5,-3,-44
1756011904.2759447,-1,-1,-38
1756011904.3139446,0,-4,-40
1756011904.3529446,3,0,-52
1756011904.3889446,-2,-2,-44
1756011904.4269447,-4,-5,-55
1756011904.4649446,0,1,-59
1756011904.5029447,0,0,-58
1756011904.5389447,4,-2,-55
1756011904.575945,-6,6,-33
1756011904.6139443,-3,5,-44
1756011904.6529446,3,2,-47
1756011904.6889446,-1,1,-58
1756011904.7269447,0,-1,-55
1756011904.7649446,-1,-3,-52
1756011904.8039446,3,-1,-46
1756011904.8399446,4,-3,-46
1756011904.8779447,-2,-5,-43
1756011904.9169445,-2,3,-46
1756011904.9549446,-7,-5,-46
1756011904.9929447,-3,4,-42
1756011905.0289447,3,8,-52
1756011905.065945,3,4,-49
1756011905.1049447,1,-3,-43
1756011905.1429446,0,0,-40
1756011905.1789446,0,-5,-43
1756011905.2169447,-1,-2,-52
1756011905.2549446,0,3,-58
1756011905.292945,1,0,-48
1756011905.3289447,0,-5,-50
1756011905.3669446,5,-3,-51
1756011905.404945,-5,2,-52
1756011905.4429443,2,3,-48
1756011905.4789443,7,-1,-43
1756011905.5169446,0,-7,-56
1756011905.5549445,-5,1,-61
1756011905.5929446,-1,-1,-59
1756011905.6289446,2,-3,-59
1756011905.6669445,-4,-2,-50
1756011905.7049446,2,-3,-53
1756011905.7429447,0,-8,-52
1756011905.7789447,-5,-4,-52
1756011905.8169446,-3,-4,-48
1756011905.8549447,0,0,-42
1756011905.8909447,3,-2,-43
1756011905.9289446,7,1,-52
1756011905.9669447,1,0,-50
1756011906.0049446,-7,-8,-52
1756011906.0409446,-5,-3,-40
1756011906.0789447,-3,-10,-45
1756011906.1169446,4,-8,-56
1756011906.154945,-4,-3,-53
1756011906.1939447,-1,-9,-44
1756011906.2299447,3,0,-37
1756011906.2679446,0,-1,-46
1756011906.3069446,5,-2,-54
1756011906.3449447,1,-5,-51
1756011906.3809447,1,-7,-58
1756011906.417945,5,-2,-52
1756011906.4559443,2,-1,-55
1756011906.4949446,-2,2,-51
1756011906.5309446,4,10,-38
1756011906.5679443,6,8,-34
1756011906.6059446,2,0,-48
1756011906.6439445,-8,0,-40
1756011906.6799445,-4,-3,-42
1756011906.7179446,0,-3,-37
1756011906.7559447,2,-9,-43
1756011906.7949443,-2,-8,-37
1756011906.8309443,-2,-7,-42
1756011906.8689446,0,0,-32
1756011906.9059446,-3,4,-52
1756011906.9449446,2,-1,-48
1756011906.9809446,8,-5,-56
1756011907.0179446,2,-1,-56
1756011907.0559447,-4,-2,-57
1756011907.0949447,-5,-1,-46
1756011907.1309447,-1,1,-51
1756011907.167945,-4,-6,-43
1756011907.2059443,6,-4,-49
1756011907.2449446,8,0,-54
1756011907.2809446,5,-4,-50
1756011907.3189447,0,-1,-55
1756011907.3579447,5,0,-41
1756011907.3959446,4,-3,-53
1756011907.4319446,0,-4,-53
1756011907.4689443,-2,-5,-63
1756011907.506945,2,3,-51
1756011907.5459447,3,1,-44
1756011907.5819447,5,0,-50
1756011907.6189446,2,-1,-54
1756011907.6569445,6,0,-53
1756011907.6959443,3,1,-48
1756011907.7319446,0,1,-58
1756011907.7689445,1,-2,-52
1756011907.8069446,-3,-1,-45
1756011907.8459446,-1,-2,-45
1756011907.881945,-2,-3,-53
1756011907.9199443,-4,1,-39
1756011907.9579446,-10,-5,-44
1756011907.9959445,-4,-5,-47
1756011908.0349443,-4,-1,-37
1756011908.0709443,-4,-5,-50
1756011908.108945,0,-5,-45
1756011908.1469443,-2,2,-46
1756011908.1859446,-3,0,-61
1756011908.2219446,1,-1,-45
1756011908.2589445,2,3,-43
1756011908.2969446,0,-6,-50
1756011908.3349447,2,-3,-42
1756011908.3709445,0,-1,-44
1756011908.4089446,-1,-3,-53
1756011908.4469447,-5,-4,-49
1756011908.4859445,-4,-3,-48
1756011908.5219443,-6,2,-47
1756011908.5589447,-10,2,-47
1756011908.5969446,-2,-2,-61
1756011908.6359446,-2,-7,-60
1756011908.6719446,-1,-5,-53
1756011908.710945,1,-2,-47
1756011908.7479446,0,2,-45
1756011908.7859447,1,3,-40
1756011908.8219447,8,0,-43
1756011908.858945,2,6,-42
1756011908.8969443,-2,3,-43
1756011908.9349446,3,7,-35
1756011908.9709446,0,3,-43
1756011909.0089445,-6,0,-56
1756011909.0479443,-1,-3,-60
1756011909.085945,0,-1,-62
1756011909.121945,-3,-5,-64
1756011909.1599443,2,-3,-57
1756011909.1979446,0,-6,-52
1756011909.236945,1,-4,-54
1756011909.2729447,-7,-3,-57
1756011909.3109446,2,-1,-52
1756011909.348945,6,4,-48
1756011909.3869443,1,0,-44
1756011909.4259446,-2,-1,-52
1756011909.4619446,-4,0,-52
1756011909.4999447,4,2,-61
1756011909.5379446,0,-4,-55
1756011909.5769446,-1,0,-46
1756011909.6129446,0,-4,-51
1756011909.6499443,0,-1,-52
1756011909.687945,2,-4,-66
1756011909.7269447,2,0,-57
1756011909.7629447,-4,-6,-66
1756011909.8009446,-2,-7,-58
1756011909.838945,-2,-1,-50
1756011909.8779447,2,-7,-46
1756011909.9159446,1,0,-39
1756011909.9519446,5,-2,-48
1756011909.9889443,-2,-2,-43
1756011910.0279446,1,5,-55
1756011910.065945,1,10,-59
1756011910.1019447,5,1,-47
1756011910.1389446,0,1,-54
1756011910.177945,1,-3,-52
1756011910.2159443,6,3,-59
1756011910.2519443,6,6,-59
1756011910.2889447,-5,3,-59
1756011910.3279445,-3,-8,-43
1756011910.3659446,-8,-1,-47
1756011910.4019446,0,1,-56
1756011910.4389446,2,-3,-53
1756011910.4779446,0,0,-59
1756011910.5159447,3,0,-53
1756011910.5519447,-1,-2,-47
1756011910.5899446,-12,-3,-54
1756011910.6279447,-2,-2,-47
1756011910.6669445,0,-5,-45
1756011910.7029445,2,-1,-55
1756011910.7409446,-6,1,-43
1756011910.7789447,-6,1,-52
1756011910.8179443,-5,1,-48
1756011910.8539443,-7,-2,-43
1756011910.8929446,-5,4,-48
1756011910.9299445,-8,4,-38
1756011910.9679446,-1,-9,-42
1756011911.006945,-8,-1,-41
1756011911.042945,-4,-6,-55
1756011911.0809443,1,3,-59
1756011911.1189446,1,-1,-49
1756011911.157945,0,3,-47
1756011911.1939447,0,-1,-64
1756011911.2319446,-5,-5,-43
1756011911.269945,0,-3,-50
1756011911.3089447,-2,-2,-50
1756011911.3469446,-2,-3,-45
1756011911.3829446,-6,1,-44
1756011911.4199443,-1,-6,-44
1756011911.4589446,2,-1,-56
1756011911.5039446,-1,-8,-53
1756011911.5419445,-4,0,-54
1756011911.5789447,6,1,-30
1756011911.6179447,0,-2,-46
1756011911.6539447,0,0,-46
1756011911.690945,1,5,-46
1756011911.7289443,0,0,-39
1756011911.7669446,1,2,-50
1756011911.802945,-4,2,-52
1756011911.8409443,0,3,-41
1756011911.8799446,1,7,-42
1756011911.917945,4,6,-47
1756011911.9539447,0,5,-42
1756011911.9919446,-6,0,-37
1756011912.0289447,-4,2,-49
1756011912.0679443,-1,-9,-48
1756011912.1039443,-2,-3,-50
1756011912.1419446,0,-1,-53
1756011912.1799445,2,0,-53
1756011912.2189443,0,3,-56
1756011912.256945,0,-3,-58
1756011912.292945,-3,-1,-51
1756011912.3309443,0,2,-50
1756011912.3689446,-4,3,-51
1756011912.4069445,-4,-1,-50
1756011912.4429443,0,3,-52
1756011912.4799447,5,-2,-61
1756011912.5189445,3,1,-55
1756011912.5549445,5,-1,-51
1756011912.5929446,10,-7,-55
1756011912.6309447,11,-3,-44
1756011912.6689446,1,2,-37
1756011912.7079446,7,-4,-41
1756011912.7439446,4,-2,-50
1756011912.7809446,9,3,-47
1756011912.8189447,-3,6,-48
1756011912.8549447,-4,4,-42
1756011912.8919446,3,1,-49
1756011912.9299445,3,0,-51
1756011912.9689443,0,0,-61
1756011913.0049446,1,-1,-57
1756011913.0419445,0,-2,-55
1756011913.0799446,2,-1,-47
1756011913.1189446,4,-2,-59
1756011913.154945,3,-9,-64
1756011913.1919446,0,-2,-70
1756011913.2299447,0,1,-57
1756011913.2679446,-1,5,-54
1756011913.3039446,3,0,-46
1756011913.3409443,5,0,-53
1756011913.3789446,-4,0,-51
1756011913.4149446,-8,-5,-48
1756011913.4529445,-3,1,-51
1756011913.4909446,-3,2,-53
1756011913.529945,8,11,-52
1756011913.5679443,0,7,-45
1756011913.6039443,4,-1,-48
1756011913.6419446,0,-10,-45
1756011913.6799445,-1,-2,-58
1756011913.7189443,0,-3,-47
1756011913.7549446,-1,-1,-45
1756011913.792945,4,0,-41
1756011913.8309443,-5,0,-54
1756011913.8699446,1,-3,-57
1756011913.907945,7,-2,-54
1756011913.9439447,1,1,-49
1756011913.9809446,6,4,-48
1756011914.019945,4,-2,-59
1756011914.0579443,1,-6,-53
1756011914.0939443,-1,0,-56
1756011914.131945,1,2,-48
1756011914.1699443,-3,0,-39
1756011914.2089446,0,0,-43
1756011914.2449446,-7,-3,-47
1756011914.282945,0,-5,-50
1756011914.3209443,-6,-8,-37
1756011914.3599446,5,-4,-49
1756011914.3959446,0,-3,-43
1756011914.4329443,1,0,-51
1756011914.4699447,-5,-10,-55
1756011914.5089445,-7,-4,-50
1756011914.5449443,-1,2,-49
1756011914.5819447,-1,-2,-55
1756011914.6199446,-1,-3,-46
1756011914.6589446,2,5,-42
1756011914.6949446,3,2,-46
1756011914.7319446,0,-2,-54
1756011914.769945,0,0,-50
1756011914.8059447,0,3,-47
1756011914.8429446,0,-5,-49
1756011914.8809447,0,2,-47
1756011914.9199443,0,0,-43
1756011914.9559443,1,1,-53
1756011914.9929447,-1,5,-45
1756011915.0309446,0,-1,-37
1756011915.0699446,1,-1,-44
1756011915.1059446,-1,-3,-40
1756011915.144945,-7,-5,-47
1756011915.1819446,0,-3,-45
1756011915.2209446,-1,-4,-54
1756011915.2589445,6,-3,-38
1756011915.2949443,3,0,-48
1756011915.3319447,3,-5,-50
1756011915.3709445,5,-1,-50
1756011915.4089446,4,1,-71
1756011915.4449446,6,4,-53
1756011915.4819446,3,2,-49
1756011915.519945,4,-5,-50
1756011915.5559447,10,0,-57
1756011915.5929446,7,1,-56
1756011915.6309447,3,4,-50
1756011915.6689446,0,2,-46
1756011915.7049446,1,-5,-51
1756011915.7429447,2,-1,-53
1756011915.7809446,-3,-1,-49
1756011915.8199446,-3,0,-49
1756011915.8559446,-2,0,-65
1756011915.8939445,0,5,-55
1756011915.9309447,-4,4,-64
1756011915.9699447,0,6,-50
1756011916.0059447,0,8,-57
1756011916.042945,3,4,-47
1756011916.0809443,5,-1,-45
1756011916.1169446,7,1,-52
1756011916.154945,2,3,-49
1756011916.1919446,-1,-4,-56
1756011916.2309446,-3,1,-50
1756011916.2669446,-4,-2,-51
1756011916.3049445,-4,0,-41
1756011916.3439443,-6,2,-61
1756011916.3809447,5,0,-52
1756011916.4199443,6,0,-57
1756011916.4559443,4,-2,-51
1756011916.4929447,0,1,-44
1756011916.5319445,0,-5,-55
1756011916.5699446,0,3,-60
1756011916.6059446,4,8,-55
1756011916.6439445,2,6,-52
1756011916.6819446,-3,-1,-45
1756011916.7199447,5,-8,-45
1756011916.7559447,1,0,-48
1756011916.7939446,4,-1,-53
1756011916.8319447,6,6,-44
1756011916.8699446,1,-1,-58
1756011916.9059446,0,-5,-55
1756011916.9439447,2,3,-51
1756011916.9819446,4,0,-41
1756011917.019945,7,-5,-47
1756011917.0559447,7,-2,-51
1756011917.0939443,-4,-3,-37
1756011917.131945,-6,-6,-44
1756011917.1699443,-5,-8,-41
1756011917.2059443,-9,-5,-47
1756011917.2439446,-7,-2,-56
1756011917.2819445,1,-3,-54
1756011917.3209443,2,-3,-56
1756011917.3569446,0,-10,-55
1756011917.394945,-2,-9,-56
1756011917.4329443,1,0,-47
1756011917.4719446,3,2,-52
1756011917.5079446,3,5,-47
1756011917.5449443,-3,1,-46
1756011917.5829446,1,-1,-47
1756011917.621945,0,-2,-56
1756011917.657945,-7,1,-57
1756011917.6969447,-1,0,-62
1756011917.733945,-2,-2,-61
1756011917.7719443,0,-2,-62
1756011917.8109446,1,-1,-66
1756011917.8469446,7,4,-56
1756011917.8839445,-1,-7,-48
1756011917.9219446,-5,-7,-46
1756011917.960945,0,1,-40
1756011917.996945,-3,1,-39
1756011918.0349443,1,1,-50
1756011918.0719447,-7,-2,-51
1756011918.1109445,-4,2,-42
1756011918.1469443,-6,5,-56
1756011918.1849446,0,3,-55
1756011918.2229445,-6,-2,-49
1756011918.2609446,5,0,-50
1756011918.2969446,6,4,-44
1756011918.3339446,-3,-4,-48
1756011918.3729446,5,-10,-47
1756011918.4109447,3,-3,-60
1756011918.4469447,1,0,-53
1756011918.4849446,3,-3,-60
1756011918.5229447,1,0,-50
1756011918.5609446,-2,0,-30
1756011918.5969446,0,9,-39
1756011918.634945,4,0,-42
1756011918.6729443,2,2,-60
1756011918.710945,0,-3,-57
1756011918.746945,0,0,-58
1756011918.7849443,6,-2,-54
1756011918.8229446,-1,-9,-41
1756011918.8609445,3,1,-50
1756011918.8969443,6,3,-49
1756011918.9349446,-4,0,-46
1756011918.9729445,0,1,-48
1756011919.0109446,-1,1,-55
1756011919.0469446,-2,5,-54
1756011919.0839446,-2,2,-51
1756011919.1229446,-2,-4,-48
1756011919.1589446,-7,-2,-57
1756011919.1969447,-2,-2,-55
1756011919.2349446,2,2,-57
1756011919.2729447,-9,0,-50
1756011919.3089447,-9,-7,-49
1756011919.3469446,0,-4,-39
1756011919.384945,3,-1,-44
1756011919.4229443,-6,-5,-52
1756011919.4619446,-2,6,-50
1756011919.4979446,0,7,-51
1756011919.5349443,-2,0,-33
1756011919.5729446,2,2,-32
1756011919.611945,-4,1,-33
1756011919.6479447,0,2,-37
1756011919.6849446,-3,-5,-45
1756011919.7229445,-2,-4,-44
1756011919.7619443,0,-4,-38
1756011919.7979443,8,0,-48
1756011919.835945,6,-7,-55
1756011919.8739443,4,-7,-50
1756011919.9129446,0,-6,-45
1756011919.9489446,7,-4,-43
1756011919.9859445,0,4,-42
1756011920.0239446,-1,-4,-45
1756011920.0619447,4,-1,-51
1756011920.0979445,3,0,-53
1756011920.1359446,0,-1,-59
1756011920.1749446,-1,0,-60
1756011920.2129445,-1,0,-51
1756011920.2489443,-1,-4,-51
1756011920.2869446,0,0,-49
1756011920.3249447,2,3,-45
1756011920.3629446,0,-3,-49
1756011920.3989446,-4,-5,-45
1756011920.4369447,-3,-3,-51
1756011920.4749446,0,-2,-46
1756011920.5139446,-2,0,-55
1756011920.5519447,-6,1,-56
1756011920.5879445,-8,4,-57
1756011920.6249447,0,2,-60
1756011920.6629446,10,-7,-62
1756011920.6989446,3,-9,-49
1756011920.736945,0,-4,-55
1756011920.7739446,-5,-6,-45
1756011920.812945,-5,-1,-52
1756011920.848945,-1,-2,-48
1756011920.8869443,4,-5,-39
1756011920.9249446,-5,0,-42
1756011920.963945,-3,-5,-44
1756011920.9999447,-1,0,-46
1756011921.0369446,2,0,-55
1756011921.0739446,5,-8,-60
1756011921.1129446,7,-2,-52
1756011921.1489446,2,-5,-47
1756011921.187945,2,-1,-49
1756011921.2249446,2,-5,-68
1756011921.2639446,-1,-8,-55
1756011921.2999446,-2,-4,-57
1756011921.3379445,7,-5,-51
1756011921.3759446,7,-7,-47
1756011921.4149446,6,-8,-49
1756011921.4529445,0,-2,-41
1756011921.4889443,-1,0,-38
1756011921.5349443,1,7,-45
1756011921.5729446,4,-1,-58
1756011921.608945,5,-6,-55
1756011921.6469443,-1,-1,-48
1756011921.6849446,-2,-5,-48
1756011921.723945,-10,-6,-52
1756011921.759945,-9,0,-52
1756011921.7979443,-2,0,-51
1756011921.8349447,0,1,-48
1756011921.8729446,-7,-1,-59
1756011921.9089446,-7,-3,-65
1756011921.9479446,-4,-14,-53
1756011921.9849446,-6,-4,-52
1756011922.0239446,-3,-2,-55
1756011922.0599446,-5,1,-53
1756011922.0979445,-3,-7,-56
1756011922.1359446,4,-13,-49
1756011922.1749446,2,-1,-59
1756011922.2129445,-3,0,-44
1756011922.2489443,-1,-2,-40
1756011922.2869446,1,1,-45
1756011922.3249447,-4,4,-49
1756011922.3629446,-3,-1,-39
1756011922.3999443,-2,5,-48
1756011922.4369447,0,2,-49
1756011922.4749446,2,1,-55
1756011922.5109446,2,1,-50
1756011922.5489447,-1,-2,-57
1756011922.585945,-9,-2,-51
1756011922.6249447,-8,0,-52
1756011922.6609447,-8,2,-46
1756011922.6989446,-5,0,-43
1756011922.7359445,-4,0,-45
1756011922.7749443,-3,2,-39
1756011922.8109446,-6,2,-35
1756011922.8479445,2,-1,-47
1756011922.8859446,5,0,-41
1756011922.9239447,0,2,-48
1756011922.9599447,-1,0,-42
1756011922.996945,1,-2,-35
1756011923.0349443,-4,-4,-52
1756011923.0739446,0,0,-52
1756011923.1099446,2,-1,-49
1756011923.1479447,-7,3,-45
1756011923.1859446,2,1,-45
1756011923.223945,1,-1,-48
1756011923.259945,-3,-3,-53
1756011923.2979443,2,-6,-52
1756011923.335945,-1,4,-56
1756011923.3749447,0,4,-37
1756011923.4109447,2,3,-40
1756011923.4479446,-8,0,-51
1756011923.4859445,-3,-4,-44
1756011923.5249443,8,-1,-48
1756011923.5609446,4,4,-41
1756011923.5979445,5,-4,-46
1756011923.6359446,-9,0,-39
1756011923.6749446,-1,-7,-40
1756011923.710945,-3,1,-45
1756011923.7479446,-6,5,-53
1756011923.7859447,4,5,-57
1756011923.8249447,-3,0,-51
1756011923.8609445,2,-2,-46
1756011923.8989446,-9,0,-44
1756011923.937945,-8,-11,-57
1756011923.9759445,-1,-7,-55
1756011924.0139446,0,1,-47
1756011924.0499446,-6,4,-53
1756011924.0879445,-9,3,-52
1756011924.1259446,-9,6,-60
1756011924.1649446,-12,1,-61
1756011924.200945,-2,-3,-58
1756011924.2389443,-2,6,-47
1756011924.2769446,5,0,-54
1756011924.3149445,-3,0,-41
1756011924.3509445,-3,-2,-52
1756011924.3889446,-7,3,-53
1756011924.4269447,-1,-7,-49
1756011924.4659443,-8,-6,-58
1756011924.5019443,-2,-6,-62
1756011924.5399446,0,-5,-59
1756011924.5779445,1,-5,-53
1756011924.6159446,2,-6,-60
1756011924.654945,-1,-1,-57
1756011924.690945,3,0,-56
1756011924.7279446,7,-4,-50
1756011924.7669446,-6,2,-53
1756011924.8049445,-9,-6,-43
1756011924.8409443,0,-5,-49
1756011924.8779447,-1,3,-47
1756011924.9169445,0,3,-38
1756011924.9549446,1,4,-41
1756011924.9909446,8,4,-47
1756011925.0279446,12,-3,-55
1756011925.0669446,11,-8,-61
1756011925.1049447,2,-8,-53
1756011925.1409447,-3,-2,-50
1756011925.1789446,-2,-2,-45
1756011925.2169447,3,-1,-45
1756011925.2559447,4,-1,-43
1756011925.2919445,-2,5,-47
1756011925.3299446,-1,6,-51
1756011925.3679447,1,0,-52
1756011925.4059446,1,-5,-57
1756011925.4419446,-2,0,-49
1756011925.4789443,0,10,-48
1756011925.5169446,2,0,-51
1756011925.5549445,4,-5,-36
1756011925.5909443,2,0,-41
1756011925.6279447,3,5,-53
1756011925.6669445,6,0,-49
1756011925.7049446,4,1,-59
1756011925.7409446,-4,2,-47
1756011925.7789447,-9,0,-53
1756011925.8169446,-1,5,-51
1756011925.8529446,-2,9,-54
1756011925.8909447,-1,0,-49
1756011925.927945,0,-3,-40
1756011925.9669447,-6,-1,-35
1756011926.0029447,-1,4,-43
1756011926.0399446,0,2,-45
1756011926.0779445,-7,6,-49
1756011926.1169446,7,5,-32
1756011926.1529446,0,4,-42
1756011926.1899445,-4,4,-44
1756011926.2279446,-6,0,-46
1756011926.2669446,0,0,-48
1756011926.302945,0,4,-49
1756011926.3399446,6,-2,-46
1756011926.3779447,-2,-9,-44
1756011926.4169445,-1,2,-54
1756011926.4529445,-2,-1,-50
1756011926.4909446,0,-1,-43
1756011926.529945,0,2,-59
1756011926.5679443,0,-1,-46
1756011926.6059446,1,-6,-52
1756011926.6419446,3,-2,-48
1756011926.6799445,3,4,-50
1756011926.7179446,-6,-1,-54
1756011926.7559447,-1,0,-55
1756011926.7919445,3,-9,-49
1756011926.8299446,0,0,-41
1756011926.8679447,3,-1,-42
1756011926.9059446,-2,0,-44
1756011926.9419446,4,-4,-55
1756011926.9799447,0,1,-53
1756011927.0179446,-4,2,-43
1756011927.0559447,-2,-3,-56
1756011927.0919447,-2,-1,-46
1756011927.1309447,-6,-3,-40
1756011927.167945,-1,2,-46
1756011927.2069447,3,-8,-53
1756011927.2429447,-5,-3,-45
1756011927.2809446,1,-6,-46
1756011927.3189447,2,-11,-51
1756011927.3579447,1,-4,-52
1756011927.3939445,-5,0,-59
1756011927.4329443,-3,3,-50
1756011927.4699447,-5,-1,-35
1756011927.5079446,-6,-2,-46
1756011927.5469446,2,-5,-50
1756011927.5829446,4,-1,-50
1756011927.6199446,-3,-2,-44
1756011927.657945,3,6,-47
1756011927.6939447,1,8,-42
1756011927.7309446,-5,-2,-50
1756011927.7689445,3,-7,-52
1756011927.8079443,2,-7,-51
1756011927.8439443,-3,1,-52
1756011927.8809447,-3,0,-44
1756011927.9189446,1,-1,-53
1756011927.9579446,0,0,-52
1756011927.9939446,-3,3,-54
1756011928.0309446,-5,-5,-64
1756011928.0689447,-3,-8,-60
1756011928.1079447,-4,-8,-54
1756011928.1439445,4,-4,-53
1756011928.1809447,0,5,-51
1756011928.2189443,-5,3,-50
1756011928.256945,-11,2,-55
1756011928.292945,-9,0,-57
1756011928.3309443,-5,-3,-48
1756011928.3689446,-2,-3,-47
1756011928.407945,-10,4,-45
1756011928.4439447,-4,1,-44
1756011928.4819446,2,-5,-51
1756011928.519945,-3,-7,-57
1756011928.5589447,-2,-3,-43
1756011928.5969446,-6,-4,-41
1756011928.6329446,3,0,-48
1756011928.6699443,-5,2,-50
1756011928.7089446,-2,-1,-43
1756011928.746945,0,0,-46
1756011928.782945,7,-2,-50
1756011928.8199446,0,0,-55
1756011928.8579447,0,-5,-49
1756011928.8939445,2,-5,-42
1756011928.9309447,4,-2,-48
1756011928.9699447,-1,-5,-45
1756011929.0079446,0,0,-53
1756011929.0439446,5,4,-57
1756011929.0809443,1,-2,-39
1756011929.1199446,-7,-6,-48
1756011929.157945,-10,0,-48
1756011929.1939447,-2,0,-55
1756011929.2309446,1,0,-54
1756011929.2689445,6,3,-56
1756011929.3049445,3,1,-59
1756011929.3429446,0,-1,-48
1756011929.3809447,-8,-2,-50
1756011929.4189446,0,-4,-46
1756011929.4579446,4,-6,-52
1756011929.4939446,-1,1,-59
1756011929.5309446,-1,4,-51
1756011929.5699446,3,2,-45
1756011929.6079447,4,0,-43
1756011929.6439445,2,-2,-49
1756011929.6809447,6,-1,-47
1756011929.7199447,9,1,-41
1756011929.7579446,3,-1,-52
1756011929.7939446,-3,-4,-53
1756011929.8319447,1,0,-63
1756011929.8699446,4,0,-51
1756011929.907945,0,6,-57
1756011929.9449446,1,4,-61
1756011929.9819446,-2,0,-56
1756011930.019945,-7,-5,-48
1756011930.0589447,-9,1,-57
1756011930.0949447,-10,-4,-71
1756011930.1329446,-9,-1,-56
1756011930.1709447,-5,1,-64
1756011930.2099447,-6,-4,-49
1756011930.2479446,-1,-6,-46
1756011930.2839446,-8,-2,-32
1756011930.3229446,-8,0,-44
1756011930.3599446,7,-2,-43
1756011930.3989446,-5,-6,-36
1756011930.4349446,-1,-8,-36
1756011930.4729445,-3,-5,-50
1756011930.5109446,3,-1,-42
1756011930.5499446,1,-3,-54
1756011930.5879445,0,0,-49
1756011930.6239443,0,4,-47
1756011930.6609447,4,-1,-46
1756011930.6999447,-2,0,-50
1756011930.7379446,-4,1,-50
1756011930.7739446,-1,5,-52
1756011930.8109446,-1,-7,-50
1756011930.8499446,0,1,-46
1756011930.8859446,-5,4,-56
1756011930.9229443,2,3,-61
1756011930.9599447,2,-2,-49
1756011930.9989443,0,-7,-42
1756011931.0349443,0,-3,-54
1756011931.0729446,4,4,-54
1756011931.1099446,5,-1,-50
1756011931.1489446,-9,-7,-50
1756011931.1849446,-5,-3,-52
1756011931.2229445,-1,-3,-41
1756011931.2609446,1,3,-56
1756011931.2989447,5,3,-58
1756011931.3349447,1,1,-49
1756011931.371945,-5,3,-58
1756011931.4109447,-4,-1,-43
1756011931.4489446,4,0,-53
1756011931.4849446,-1,2,-46
1756011931.5229447,-4,1,-47
1756011931.5689447,1,0,-52
1756011931.6049447,5,3,-49
1756011931.6429446,10,-2,-47
1756011931.6809447,1,-5,-50
1756011931.7189443,-6,-4,-52
1756011931.7549446,1,-2,-53
1756011931.792945,-2,-1,-50
1756011931.8309443,1,3,-47
1756011931.8689446,0,0,-44
1756011931.904945,-1,0,-43
1756011931.9429443,-2,-1,-47
1756011931.9809446,-3,-2,-52
1756011932.0189445,0,-4,-50
1756011932.0549445,-1,-2,-44
1756011932.0929446,-2,-12,-41
1756011932.1309447,-3,-7,-48
1756011932.1699443,-1,-5,-53
1756011932.2059443,-7,-3,-50
1756011932.2439446,5,-3,-51
1756011932.2819445,-1,-3,-49
1756011932.3209443,-7,-6,-43
1756011932.358945,3,-1,-43
1756011932.394945,-9,2,-43
1756011932.4319446,-8,1,-54
1756011932.4709446,-3,-2,-52
1756011932.506945,-4,-2,-39
1756011932.5449443,-6,1,-54
1756011932.5829446,1,0,-40
1756011932.621945,0,2,-52
1756011932.6599443,4,-2,-58
1756011932.6959443,-3,-3,-50
1756011932.733945,-2,-5,-43
1756011932.7719443,-1,0,-62
1756011932.8109446,7,-3,-59
1756011932.8469446,-4,-6,-47
1756011932.884945,-4,-3,-55
1756011932.9229443,0,0,-47
1756011932.960945,-8,-4,-56
1756011932.996945,-2,-9,-53
1756011933.0349443,3,-1,-40
1756011933.0729446,3,2,-45
1756011933.1109445,1,-1,-60
1756011933.1469443,3,3,-51
1756011933.1849446,-2,2,-59
1756011933.2219446,-5,3,-45
1756011933.2609446,-2,0,-51
1756011933.2969446,0,2,-46
1756011933.3349447,4,-6,-48
1756011933.371945,8,-7,-47
1756011933.4109447,10,-3,-57
1756011933.4469447,0,0,-50
1756011933.4849446,0,-3,-49
1756011933.5219443,5,3,-58
1756011933.5599446,5,0,-51
1756011933.5959446,7,1,-52
1756011933.6329446,4,0,-48
1756011933.6709447,-1,-3,-41
1756011933.7069447,-2,0,-49
1756011933.7439446,-3,0,-55
1756011933.7819445,-4,0,-42
1756011933.8209443,1,-6,-41
1756011933.8569446,-3,0,-49
1756011933.8939445,-4,0,-55
1756011933.9319446,0,2,-44
1756011933.9709446,-1,3,-44
1756011934.006945,3,0,-52
1756011934.0439446,0,-6,-54
1756011934.0829446,-1,-1,-42
1756011934.1209445,-2,2,-45
1756011934.1569445,-1,-5,-48
1756011934.1949446,0,-5,-56
1756011934.2329447,-1,2,-50
1756011934.2719443,-2,-3,-57
1756011934.3079443,1,-2,-54
1756011934.3449447,0,-7,-60
1756011934.3829446,-4,-7,-57
1756011934.4219446,-3,-7,-54
1756011934.4579446,-5,-6,-59
1756011934.496945,0,-7,-47
1756011934.5339446,2,-7,-45
1756011934.5719447,1,-4,-62
1756011934.6109445,1,-5,-65
1756011934.6469443,1,0,-45
1756011934.6839447,-6,0,-59
1756011934.7219446,8,7,-50
1756011934.7579446,6,0,-48
1756011934.7949443,4,0,-52
1756011934.8329446,-5,0,-47
1756011934.8709445,-2,2,-46
1756011934.9069445,-4,1,-52
1756011934.9439447,-1,-3,-49
1756011934.9829447,2,-2,-43
1756011935.0209446,0,-1,-45
1756011935.0569446,0,0,-41
1756011935.0949447,0,0,-40
1756011935.1329446,-2,-7,-52
1756011935.1709447,-1,-3,-55
1756011935.2069447,2,0,-66
1756011935.2449446,0,-1,-55
1756011935.282945,4,-5,-55
1756011935.3219447,1,0,-70
1756011935.3579447,2,-3,-68
1756011935.394945,-5,5,-69
1756011935.4339447,-2,-3,-49
1756011935.4719446,-6,-1,-41
1756011935.5079446,-4,-5,-53
1756011935.5459447,-4,3,-47
1756011935.5839446,1,-3,-55
1756011935.6229446,-3,-4,-51
1756011935.6609447,-7,-7,-46
1756011935.6969447,-6,-5,-48
1756011935.7349446,-4,0,-48
1756011935.7729447,0,-2,-46
1756011935.8119447,2,-1,-48
1756011935.8479445,-7,-7,-52
1756011935.8859446,-1,-1,-55
1756011935.9239447,-3,7,-49
1756011935.9629445,-6,4,-50
1756011935.9989443,-5,5,-54
1756011936.0359447,-5,7,-60
1756011936.0739446,1,-8,-51
1756011936.1129446,4,1,-44
1756011936.1489446,6,-9,-42
1756011936.1869447,6,-3,-48
1756011936.223945,7,3,-55
1756011936.2629447,2,-1,-41
1756011936.2989447,1,-4,-41
1756011936.3369446,7,1,-57
1756011936.3739443,-3,2,-39
1756011936.4129446,-1,4,-47
1756011936.4489446,0,7,-51
1756011936.4859445,0,-4,-51
1756011936.5239446,-1,-7,-53
1756011936.562945,-1,2,-55
1756011936.598945,0,-2,-49
1756011936.6369443,1,-2,-54
1756011936.6759446,2,-3,-42
1756011936.713945,-9,-1,-46
1756011936.7519443,-3,-2,-52
1756011936.7879446,-5,0,-59
1756011936.825945,-6,-5,-50
1756011936.8639443,-3,-2,-51
1756011936.9019446,-4,2,-45
1756011936.937945,-7,3,-39
1756011936.9749446,-2,0,-39
1756011937.0139446,-3,5,-43
1756011937.0519447,0,-4,-38
1756011937.0879445,-1,-3,-48
1756011937.1259446,1,-2,-47
1756011937.1639447,0,-1,-50
1756011937.2029445,1,2,-53
1756011937.2389443,3,-3,-43
1756011937.2759447,-7,3,-53
1756011937.3139446,-2,-3,-47
1756011937.3529446,-8,-2,-41
1756011937.3889446,-9,-2,-44
1756011937.4269447,-3,0,-41
1756011937.4649446,0,4,-64
1756011937.5029447,-2,2,-64
1756011937.5389447,-6,0,-57
1756011937.575945,-4,-4,-50
1756011937.6149447,-4,-3,-50
1756011937.6529446,-2,2,-50
1756011937.6889446,-6,-2,-45
1756011937.7269447,-2,0,-54
1756011937.7649446,-1,2,-59
1756011937.8039446,-3,6,-55
1756011937.8399446,4,1,-53
1756011937.8769443,-4,-3,-53
1756011937.9149446,0,2,-52
1756011937.9529445,-4,-2,-56
1756011937.9889443,-9,-1,-56
1756011938.0269446,-9,-4,-51
1756011938.0649445,-12,2,-43
1756011938.1039443,-8,-5,-50
1756011938.1399446,-4,-1,-55
1756011938.1789446,-6,-9,-42
1756011938.2159443,-2,-7,-54
1756011938.2549446,-8,-5,-49
1756011938.292945,-1,0,-61
1756011938.3289447,2,-7,-52
1756011938.3659446,-5,-4,-54
1756011938.404945,0,-3,-52
1756011938.4429443,-2,2,-44
1756011938.4789443,1,-1,-50
1756011938.5169446,6,-11,-55
1756011938.5549445,0,-4,-47
1756011938.5939443,-2,-6,-52
1756011938.6299446,-7,-4,-54
1756011938.667945,-7,-2,-54
1756011938.7069447,-3,0,-61
1756011938.7449446,1,1,-56
1756011938.782945,7,0,-55
1756011938.8189447,4,-3,-49
1756011938.8569446,3,-2,-50
1756011938.894945,0,-3,-47
1756011938.9329443,4,-8,-53
1756011938.9689443,3,-4,-51
1756011939.0059447,2,2,-47
1756011939.0449443,2,-7,-53
1756011939.0829446,3,-2,-52
1756011939.1189446,-3,0,-51
1756011939.1559446,-8,0,-44
1756011939.1949446,-9,-2,-40
1756011939.2309446,-9,4,-46
1756011939.2689445,-4,5,-49
1756011939.3059447,0,1,-47
1756011939.3449447,-2,11,-48
1756011939.3809447,0,0,-38
1756011939.4189446,2,-1,-48
1756011939.4559443,-3,-4,-43
1756011939.4949446,1,0,-34
1756011939.5309446,1,2,-41
1756011939.5689447,2,1,-42
1756011939.6059446,5,0,-37
1756011939.644945,-3,-3,-51
1756011939.6809447,-1,-5,-45
1756011939.7189443,-1,4,-52
1756011939.756945,-1,0,-52
1756011939.7949443,-2,-6,-55
1756011939.8339446,-5,-2,-46
1756011939.8699446,-9,0,-48
1756011939.907945,0,-4,-40
1756011939.9459443,-1,2,-44
1756011939.983945,-5,4,-49
1756011940.019945,-2,-1,-50
1756011940.0579443,-6,0,-42
1756011940.0959446,2,-2,-46
1756011940.134945,0,-6,-45
1756011940.1709447,-4,-3,-42
1756011940.2089446,-4,0,-35
1756011940.246945,-12,0,-44
1756011940.2859447,0,0,-34
1756011940.3239446,2,0,-45
1756011940.3599446,1,0,-43
1756011940.3969443,-4,1,-50
1756011940.4359446,-5,1,-51
1756011940.473945,0,0,-44
1756011940.509945,-1,2,-51
1756011940.5469446,-2,0,-47
1756011940.585945,-1,3,-39
1756011940.6239443,-8,4,-51
1756011940.6599443,-2,0,-52
1756011940.6989446,0,0,-48
1756011940.7359445,0,5,-45
1756011940.7739446,5,5,-44
1756011940.8099446,7,1,-47
1756011940.8469446,0,-6,-50
1756011940.8859446,-5,0,-36
1756011940.9219446,-7,-5,-42
1756011940.9599447,-1,7,-43
1756011940.9979446,-1,0,-50
1756011941.0359447,-6,-1,-46
1756011941.0749447,-3,-2,-49
1756011941.1109445,-1,6,-47
1756011941.1479447,-1,0,-45
1756011941.1859446,0,-5,-50
1756011941.2249446,-5,0,-47
1756011941.2619443,-2,3,-46
1756011941.2989447,-2,6,-44
1756011941.3369446,-2,2,-50
1756011941.3759446,7,0,-41
1756011941.4119446,0,0,-51
1756011941.4489446,0,0,-43
1756011941.486945,1,-3,-51
1756011941.5249443,0,5,-48
1756011941.5689447,-3,-2,-55
1756011941.6079447,0,0,-50
1756011941.6459446,0,-5,-50
1756011941.6819446,-2,0,-45
1756011941.7189443,-2,-3,-48
1756011941.756945,6,-6,-48
1756011941.7959447,0,0,-45
1756011941.8319447,9,4,-39
1756011941.8689446,3,0,-45
1756011941.9069445,1,-1,-49
1756011941.9449446,0,0,-47
1756011941.9809446,-11,0,-50
1756011942.0189445,-8,-4,-57
1756011942.0569446,1,-6,-53
1756011942.0959446,3,-1,-55
1756011942.131945,-1,4,-49
1756011942.1689446,-5,0,-59
1756011942.2069447,-8,0,-44
1756011942.2459445,-2,1,-47
1756011942.2819445,-5,-3,-50
1756011942.3199446,0,-4,-51
1756011942.3579447,4,-8,-56
1756011942.3969443,0,-8,-62
1756011942.4329443,-1,-4,-48
1756011942.4709446,0,0,-41
1756011942.5079446,0,-3,-54
1756011942.5469446,0,-1,-54
1756011942.5829446,-2,-5,-45
1756011942.6209445,5,-1,-49
1756011942.6589446,4,5,-49
1756011942.6969447,4,1,-56
1756011942.7329447,5,5,-52
1756011942.769945,-2,3,-55
1756011942.8079443,-1,5,-52
1756011942.8469446,0,-5,-46
1756011942.8829446,0,-3,-40
1756011942.9199443,-1,0,-42
1756011942.9579446,-7,-1,-40
1756011942.996945,-11,-4,-56
1756011943.032945,-3,-2,-55
1756011943.0709443,0,-5,-50
1756011943.108945,2,-3,-52
1756011943.1479447,-3,-6,-40
1756011943.1859446,-8,0,-45
1756011943.2219446,-8,7,-45
1756011943.2609446,0,2,-43
1756011943.2979443,-2,-2,-52
1756011943.3369446,4,0,-45
1756011943.3739443,4,3,-45
1756011943.4109447,-4,-5,-52
1756011943.4489446,-3,-2,-58
1756011943.4879446,0,3,-58
1756011943.5259447,0,6,-56
1756011943.5619447,-4,12,-60
1756011943.598945,-1,2,-48
1756011943.6379447,0,-2,-58
1756011943.6759446,9,-4,-52
1756011943.7119446,5,-6,-51
1756011943.7499447,3,-5,-45
1756011943.7889447,2,0,-49
1756011943.8269446,-3,-1,-43
1756011943.8629446,3,2,-54
1756011943.8999443,4,0,-58
1756011943.937945,-5,0,-55
1756011943.9759445,-5,2,-47
1756011944.0119443,7,-2,-52
1756011944.0499446,9,-4,-54
1756011944.088945,2,-4,-68
1756011944.1269443,-1,-5,-45
1756011944.1629446,4,-2,-43
1756011944.1999447,3,-2,-42
1756011944.2389443,11,-7,-39
1756011944.2769446,10,-4,-53
1756011944.312945,1,-3,-45
1756011944.3499446,-4,-2,-45
1756011944.3879447,0,0,-47
1756011944.4269447,-4,0,-47
1756011944.4629445,-2,-1,-45
1756011944.5009446,-1,4,-51
1756011944.5399446,-2,0,-61
1756011944.5779445,1,-4,-62
1756011944.6149447,-5,-9,-60
1756011944.6519446,0,-6,-45
1756011944.6899445,-5,1,-51
1756011944.7279446,2,-3,-50
1756011944.7669446,0,0,-51
1756011944.802945,-3,-3,-48
1756011944.8409443,3,-6,-42
1756011944.8789446,0,1,-47
1756011944.917945,0,-2,-52
1756011944.9539447,-4,0,-55
1756011944.9919446,0,-3,-38
1756011945.0309446,-3,-1,-49
1756011945.0689447,5,1,-44
1756011945.1069446,-3,-9,-42
1756011945.1429446,-5,-6,-39
1756011945.1809447,3,-2,-50
1756011945.2189443,5,-1,-40
1756011945.2579446,2,1,-33
1756011945.2939446,-1,-2,-35
1756011945.3319447,1,-7,-45
1756011945.3699446,5,-2,-43
1756011945.4089446,3,-3,-45
1756011945.4469447,-2,-2,-42
1756011945.4829447,1,0,-43
1756011945.519945,10,-2,-50
1756011945.5589447,-1,-2,-46
1756011945.5969446,-3,2,-58
1756011945.6329446,0,3,-54
1756011945.6719446,0,-6,-47
1756011945.7089446,-3,-3,-48
1756011945.7479446,-1,0,-53
1756011945.7839446,-5,0,-52
1756011945.8219447,1,-1,-39
1756011945.858945,4,1,-42
1756011945.894945,2,-5,-46
1756011945.9319446,2,-2,-43
1756011945.9699447,4,2,-44
1756011946.0079446,-1,-7,-47
1756011946.0439446,-6,-2,-49
1756011946.0819447,-3,-4,-52
1756011946.1199446,1,3,-51
1756011946.157945,-2,0,-51
1756011946.1939447,0,-4,-48
1756011946.2309446,3,6,-50
1756011946.2689445,4,-5,-54
1756011946.3049445,6,-4,-56
1756011946.3419447,0,-10,-53
1756011946.3799446,-6,-6,-55
1756011946.4189446,-9,-2,-59
1756011946.4549446,-12,-3,-57
1756011946.4929447,-1,2,-45
1756011946.5309446,0,-3,-57
1756011946.5699446,0,-6,-71
1756011946.6079447,-3,1,-59
1756011946.6439445,-2,0,-62
1756011946.6809447,2,3,-61
1756011946.7189443,2,6,-50
1756011946.7549446,-1,2,-57
1756011946.7919445,4,5,-46
1756011946.8309443,-1,10,-48
1756011946.8689446,1,10,-51
1756011946.904945,4,1,-54
1756011946.9419446,5,1,-58
1756011946.9799447,11,4,-51
1756011947.0179446,8,1,-54
1756011947.0539446,0,1,-55
1756011947.0919447,3,0,-45
1756011947.1299446,6,-2,-48
1756011947.167945,0,-3,-44
1756011947.2039447,0,-5,-43
1756011947.2419446,7,-3,-51
1756011947.2809446,7,0,-57
1756011947.3189447,5,-3,-50
1756011947.3549447,12,0,-51
1756011947.3919446,2,3,-49
1756011947.4299445,0,-2,-45
1756011947.4659443,0,1,-55
1756011947.5029447,0,-1,-61
1756011947.5409446,6,2,-53
1756011947.5789447,-2,0,-57
1756011947.6149447,-8,1,-57
1756011947.6519446,-6,0,-52
1756011947.6899445,0,0,-51
1756011947.7259445,-5,8,-59
1756011947.7629447,-6,-1,-53
1756011947.8009446,-1,-8,-47
1756011947.8399446,0,0,-48
1756011947.8759446,4,-1,-51
1756011947.9129446,4,2,-42
1756011947.950945,2,-2,-47
1756011947.9899447,0,1,-43
1756011948.0259447,-3,-10,-33
1756011948.0639446,2,-6,-46
1756011948.1019447,-2,-8,-58
1756011948.1409447,1,0,-57
1756011948.1789446,0,-8,-53
1756011948.2149446,-7,-7,-40
1756011948.2529447,0,0,-46
1756011948.2909446,13,-1,-53
1756011948.3289447,7,-3,-57
1756011948.3649447,2,-10,-46
1756011948.4019446,1,0,-53
1756011948.4399445,-9,-4,-42
1756011948.4759445,-4,-7,-45
1756011948.5139446,0,0,-53
1756011948.5509446,2,-5,-57
1756011948.5899446,-3,-7,-49
1756011948.6259446,-2,-6,-47
1756011948.6639447,-2,0,-48
1756011948.7019446,-3,2,-48
1756011948.7409446,-3,-2,-47
1756011948.7789447,-3,0,-48
1756011948.8149445,-10,-1,-34
1756011948.8529446,-6,-1,-51
1756011948.8909447,0,5,-47
1756011948.9289446,2,0,-51
1756011948.9649446,0,-2,-45
1756011949.0019443,-3,-5,-59
1756011949.0409446,3,1,-59
1756011949.0789447,-1,-2,-47
1756011949.1159446,-4,-3,-49
1756011949.1539447,3,-4,-49
1756011949.1919446,4,-5,-61
1756011949.2309446,3,-6,-61
1756011949.2669446,-3,-3,-46
1756011949.3049445,2,-11,-44
1756011949.3429446,0,-1,-48
1756011949.3809447,-1,-1,-63
1756011949.4199443,0,-9,-55
1756011949.4559443,6,-7,-53
1756011949.4929447,-1,4,-47
1756011949.5309446,2,-3,-55
1756011949.5699446,1,2,-55
1756011949.6059446,0,-1,-44
1756011949.6439445,2,-7,-47
1756011949.6819446,-6,0,-62
1756011949.7209446,-4,-2,-50
1756011949.756945,-7,8,-43
1756011949.7939446,-3,3,-48
1756011949.8319447,-2,1,-46
1756011949.8709445,0,-5,-54
1756011949.9069445,6,-2,-48
1756011949.9439447,2,-3,-46
1756011949.9819446,4,2,-45
1756011950.0209446,0,-3,-44
1756011950.0569446,-3,-1,-36
1756011950.0949447,-2,5,-50
1756011950.1329446,0,-3,-50
1756011950.1719446,3,-1,-44
1756011950.2099447,0,0,-43
1756011950.2459445,-4,-2,-49
1756011950.2839446,1,-1,-54
1756011950.3219447,2,0,-47
1756011950.3599446,4,0,-42
1756011950.3959446,5,0,-46
1756011950.4329443,4,-4,-46
1756011950.4719446,2,-1,-54
1756011950.509945,-1,-2,-53
1756011950.5459447,-1,2,-52
1756011950.5829446,3,4,-42
1756011950.621945,3,-6,-47
1756011950.6599443,-1,-4,-56
1756011950.6959443,-1,-6,-52
1756011950.7349446,6,-5,-57
1756011950.7719443,-6,-1,-56
1756011950.8109446,2,0,-52
1756011950.8469446,0,-10,-53
1756011950.884945,0,-1,-60
1756011950.9229443,0,5,-57
1756011950.960945,0,0,-30
1756011950.996945,1,-5,-37
1756011951.0349443,7,7,-45
1756011951.0719447,3,-5,-50
1756011951.1109445,5,-3,-57
1756011951.1479447,-2,-1,-57
1756011951.1849446,-5,-1,-56
1756011951.2229445,-3,-6,-41
1756011951.2619443,5,-2,-49
1756011951.2979443,-1,-1,-54
1756011951.335945,-2,0,-54
1756011951.3739443,3,-7,-54
1756011951.4119446,5,-4,-60
1756011951.450945,2,-4,-52
1756011951.486945,4,-7,-48
1756011951.5239446,5,-12,-53
1756011951.562945,0,0,-60
1756011951.6069446,5,-2,-52
1756011951.644945,-7,-11,-71
1756011951.6829443,-9,-3,-57
1756011951.7219446,0,-3,-57
1756011951.7579446,3,-6,-43
1756011951.7949443,7,2,-44
1756011951.8329446,-6,-1,-54
1756011951.871945,-6,2,-56
1756011951.907945,0,0,-56
1756011951.9449446,1,7,-64
1756011951.9829447,2,4,-52
1756011952.0209446,-1,-3,-48
1756011952.0569446,0,-2,-54
1756011952.0939443,3,1,-56
1756011952.131945,0,-6,-49
1756011952.167945,-3,-3,-51
1756011952.2059443,-2,-2,-51
1756011952.2439446,-2,-2,-53
1756011952.282945,-3,0,-57
1756011952.3209443,4,1,-44
1756011952.3569446,6,0,-44
1756011952.3939445,-4,0,-51
1756011952.4329443,-3,-6,-46
1756011952.4689443,5,-2,-56
1756011952.506945,1,0,-55
1756011952.5439446,3,-7,-70
1756011952.5829446,0,-6,-58
1756011952.6189446,-1,-1,-50
1756011952.6569445,-3,-2,-48
1756011952.6949446,-4,0,-56
1756011952.7329447,-3,-1,-51
1756011952.7719443,4,-5,-45
1756011952.8079443,-3,-5,-53
1756011952.8459446,-3,0,-51
1756011952.8839445,-2,-2,-62
1756011952.9229443,-2,0,-57
1756011952.9589446,-1,1,-40
1756011952.996945,-4,-5,-42
1756011953.0349443,0,-1,-51
1756011953.0739446,-6,0,-45
1756011953.111945,3,2,-38
1756011953.1479447,-1,-2,-43
1756011953.1859446,0,2,-44
1756011953.223945,10,0,-39
1756011953.2619443,4,-4,-44
1756011953.2979443,3,-3,-48
1756011953.3349447,2,-4,-45
1756011953.3739443,2,0,-38
1756011953.4119446,-1,-5,-51
1756011953.4479446,0,-4,-45
1756011953.4849446,0,-5,-54
1756011953.5239446,-1,-2,-42
1756011953.5619447,9,-3,-54
1756011953.5979445,2,-4,-49
1756011953.6359446,3,-7,-43
1756011953.6739447,5,3,-53
1756011953.7119446,-2,9,-52
1756011953.7479446,2,7,-46
1756011953.7849443,0,1,-47
1756011953.8239446,0,3,-43
1756011953.861945,0,-6,-46
1756011953.8979447,4,-4,-49
1756011953.9359446,3,0,-57
1756011953.973945,1,-2,-54
1756011954.0119443,4,3,-47
1756011954.0489447,2,2,-50
1756011954.085945,1,0,-56
1756011954.1239443,6,5,-49
1756011954.1599443,6,-1,-51
1756011954.1989446,-2,0,-53
1756011954.2359445,7,-1,-53
1756011954.2739446,3,0,-43
1756011954.3099446,4,0,-46
1756011954.3469446,-3,-2,-53
1756011954.384945,-6,-5,-49
1756011954.4239447,-10,-4,-35
1756011954.4599447,-2,-2,-50
1756011954.4979446,-1,2,-58
1756011954.5359447,-16,0,-49
1756011954.5739446,-6,1,-49
1756011954.6129446,4,0,-56
1756011954.6489446,3,0,-58
1756011954.6859446,1,0,-65
1756011954.723945,-1,4,-46
1756011954.759945,-1,9,-51
1756011954.7969446,4,2,-52
1756011954.8349447,-2,-3,-48
1756011954.8739443,-1,-1,-44
1756011954.9099443,0,2,-47
1756011954.9469447,0,1,-49
1756011954.9849446,-1,5,-49
1756011955.0229447,0,-3,-49
1756011955.0589447,-8,-1,-54
1756011955.0969446,0,4,-46
1756011955.134945,0,-3,-56
1756011955.1739447,-6,-3,-47
1756011955.2099447,-2,-5,-46
1756011955.2479446,9,-9,-52
1756011955.2859447,6,-6,-48
1756011955.3249447,4,-2,-53
1756011955.3629446,2,1,-58
1756011955.3989446,1,0,-48
1756011955.4359446,0,0,-56
1756011955.473945,0,0,-48
1756011955.509945,-4,-3,-52
1756011955.5479443,-3,0,-57
1756011955.585945,-3,1,-51
1756011955.6249447,-6,-2,-56
1756011955.6629446,-3,2,-48
1756011955.6989446,-8,-1,-46
1756011955.736945,-3,-1,-50
1756011955.7749443,1,-5,-49
1756011955.8139446,3,3,-40
1756011955.8499446,4,1,-51
1756011955.8869443,2,2,-55
1756011955.9249446,0,-6,-58
1756011955.960945,-2,-9,-54
1756011955.9989443,0,1,-61
1756011956.0359447,0,-3,-64
1756011956.0749447,0,6,-54
1756011956.1109445,3,-2,-49
1756011956.1489446,-1,0,-59
1756011956.1869447,-1,-1,-46
1756011956.2249446,6,-5,-50
1756011956.2639446,11,1,-47
1756011956.2999446,1,0,-47
1756011956.3369446,-3,2,-60
1756011956.3749447,0,-1,-58
1756011956.4139447,-4,1,-62
1756011956.4499447,0,-2,-46
1756011956.486945,2,-1,-46
1756011956.5259447,0,0,-54
1756011956.5639446,2,2,-58
1756011956.5999446,-2,-6,-45
1756011956.6379447,3,0,-49
1756011956.6759446,7,-1,-51
1756011956.713945,2,5,-52
1756011956.7499447,0,5,-51
1756011956.7869446,-4,0,-51
1756011956.825945,-3,-1,-56
1756011956.8639443,3,0,-50
1756011956.8999443,-1,1,-53
1756011956.9369447,3,-1,-50
1756011956.9759445,7,-5,-58
1756011957.0139446,7,-3,-48
1756011957.0499446,0,-1,-46
1756011957.0869446,2,2,-51
1756011957.1249447,0,-1,-57
1756011957.1609447,0,-4,-59
1756011957.1989446,-1,-6,-48
1756011957.2379446,1,-5,-47
1756011957.2759447,-4,-1,-67
1756011957.3149445,0,-1,-67
1756011957.3509445,3,-2,-64
1756011957.3879447,-7,-2,-56
1756011957.4259446,1,0,-50
1756011957.4649446,2,-5,-42
1756011957.5009446,-5,-8,-56
1756011957.5389447,0,-3,-50
1756011957.5769446,1,3,-49
1756011957.6149447,3,1,-41
1756011957.6509447,4,5,-43
1756011957.687945,-2,0,-50
1756011957.7259445,-2,-8,-50
1756011957.7649446,3,-6,-45
1756011957.8009446,5,-2,-51
1756011957.8379445,5,4,-51
1756011957.8759446,3,0,-49
1756011957.9119446,4,-1,-57
1756011957.9489446,1,0,-51
1756011957.986945,8,0,-54
1756011958.0249443,-1,0,-53
1756011958.0619447,0,0,-57
1756011958.098945,-2,-3,-53
1756011958.1369443,0,-4,-51
1756011958.1759446,-5,-2,-51
1756011958.2119446,-3,0,-44
1756011958.2489443,-5,-2,-56
1756011958.2869446,-7,-5,-50
1756011958.325945,0,-1,-42
1756011958.361945,-2,3,-47
1756011958.4009447,-1,-2,-46
1756011958.437945,1,-2,-52
1756011958.4769447,-7,0,-58
1756011958.5149446,-2,0,-56
1756011958.5509446,5,2,-54
1756011958.5879445,4,2,-43
1756011958.6259446,-1,-9,-46
1756011958.6619446,0,0,-45
1756011958.6989446,-6,-1,-42
1756011958.736945,-3,-6,-34
1756011958.7759447,-2,-5,-55
1756011958.8119447,-2,-6,-56
1756011958.8509445,-4,-4,-50
1756011958.8879447,-8,-4,-57
1756011958.9269447,-12,-2,-54
1756011958.9649446,-4,1,-57
1756011959.0009446,4,2,-49
1756011959.0379446,0,-2,-43
1756011959.0769446,7,3,-43
1756011959.1129446,7,1,-56
1756011959.1499443,3,0,-59
1756011959.187945,-2,-2,-53
1756011959.2269447,-2,-1,-49
1756011959.2629447,0,-2,-55
1756011959.3009446,-5,1,-54
1756011959.3379445,-9,1,-42
1756011959.3769443,0,-2,-49
1756011959.4129446,1,-4,-55
1756011959.4499447,4,3,-40
1756011959.486945,-11,1,-40
1756011959.5259447,-1,3,-50
1756011959.5619447,3,0,-53
1756011959.5999446,-2,2,-49
1756011959.6379447,1,-1,-41
1756011959.6769447,-9,0,-38
1756011959.7129445,-4,5,-41
1756011959.7499447,-4,1,-50
1756011959.7879446,-7,-3,-54
1756011959.8269446,-4,1,-52
1756011959.8629446,-5,-4,-47
1756011959.9009447,-5,-4,-52
1756011959.9389446,2,0,-50
1756011959.9769447,1,0,-55
1756011960.0129447,-3,-2,-55
1756011960.0509446,-5,0,-48
1756011960.088945,2,0,-50
1756011960.1269443,4,0,-54
1756011960.1629446,-2,4,-38
1756011960.1999447,-4,2,-48
1756011960.2379446,0,2,-42
1756011960.2769446,3,-1,-38
1756011960.312945,1,5,-42
1756011960.3499446,-2,-6,-51
1756011960.3879447,5,0,-59
1756011960.4259446,-4,0,-54
1756011960.4619446,-3,0,-48
1756011960.4989443,2,-6,-54
1756011960.5379446,2,1,-59
1756011960.575945,-7,3,-62
1756011960.611945,-3,5,-58
1756011960.6499443,-3,-2,-38
1756011960.687945,0,-7,-46
1756011960.7269447,0,-8,-49
1756011960.7629447,2,-4,-50
1756011960.7999446,-9,-2,-56
1756011960.8379445,-2,-1,-49
1756011960.8769443,0,2,-51
1756011960.9129446,3,-1,-57
1756011960.9519446,1,5,-52
1756011960.9889443,-2,-2,-50
1756011961.0279446,0,0,-55
1756011961.0639446,1,4,-57
1756011961.1009445,3,5,-59
1756011961.1389446,0,0,-41
1756011961.1769447,-9,-6,-55
1756011961.2129445,-6,0,-48
1756011961.2509446,0,0,-45
1756011961.2879446,0,-6,-50
1756011961.3269446,0,-10,-45
1756011961.3629446,-6,-8,-54
1756011961.4009447,-4,1,-35
1756011961.4389446,-3,5,-45
1756011961.4779446,-8,-2,-52
1756011961.5139446,1,1,-54
1756011961.5509446,-2,0,-44
1756011961.588945,-5,2,-57
1756011961.6329446,-1,4,-68
1756011961.6709447,-10,0,-51
1756011961.7099447,-1,1,-54
1756011961.7479446,-2,9,-54
1756011961.7839446,1,3,-57
1756011961.8209443,-2,3,-59
1756011961.858945,0,5,-41
1756011961.8979447,-2,-4,-49
1756011961.9339447,-2,-6,-42
1756011961.9729445,3,3,-45
1756011962.009945,-2,0,-51
1756011962.0489447,-1,-2,-55
1756011962.0869446,-3,-3,-50
1756011962.1229446,1,-1,-47
1756011962.1599443,-2,-1,-47
1756011962.1989446,0,-2,-49
1756011962.236945,-3,1,-64
1756011962.2729447,-2,2,-59
1756011962.3099446,-2,7,-52
1756011962.348945,-10,-1,-42
1756011962.3869443,1,-7,-36
1756011962.4229443,2,1,-40
1756011962.4599447,0,-2,-49
1756011962.4989443,2,-4,-49
1756011962.5349443,-5,-3,-55
1756011962.5729446,-4,0,-46
1756011962.611945,-11,-3,-58
1756011962.6489446,-10,6,-61
1756011962.687945,-11,4,-47
1756011962.723945,-6,-2,-48
1756011962.7619443,0,-1,-54
1756011962.7999446,-2,-5,-53
1756011962.838945,8,-10,-50
1756011962.8749447,0,-4,-33
1756011962.9119446,-1,4,-41
1756011962.9499447,3,-7,-41
1756011962.9889443,-4,-1,-53
1756011963.0249443,1,-2,-60
1756011963.0619447,-4,-7,-57
1756011963.0999446,-5,-4,-48
1756011963.1389446,-7,-2,-48
1756011963.1749446,-6,-3,-60
1756011963.2129445,-10,-4,-43
1756011963.2509446,-7,0,-53
1756011963.2899446,-3,1,-50
1756011963.3279445,-4,0,-63
1756011963.3639443,-5,-2,-48
1756011963.4019446,0,0,-51
1756011963.4399445,-11,1,-61
1756011963.4789443,0,0,-56
1756011963.5149446,0,-2,-55
1756011963.5519447,-2,-3,-45
1756011963.5899446,3,-3,-52
1756011963.6289446,3,-2,-57
1756011963.6649446,3,1,-49
1756011963.7019446,-2,2,-53
1756011963.7409446,-4,-14,-47
1756011963.7789447,-4,-6,-43
1756011963.8149445,-8,-1,-47
1756011963.8529446,-6,-3,-53
1756011963.8909447,-5,0,-47
1756011963.9299445,4,4,-49
1756011963.9679446,3,9,-56
1756011964.0039446,6,6,-49
1756011964.0409446,2,5,-61
1756011964.0789447,2,0,-59
1756011964.1149447,-4,-4,-50
1756011964.1529446,-5,5,-57
1756011964.190945,3,5,-57
1756011964.2289443,-5,0,-53
1756011964.2649446,-7,-4,-50
1756011964.3039446,-3,0,-62
1756011964.3409443,-8,6,-55
1756011964.3799446,-3,0,-52
1756011964.4159446,-4,-4,-37
1756011964.4539447,-6,2,-49
1756011964.4919446,1,0,-51
1756011964.529945,0,-3,-51
1756011964.565945,-2,1,-49
1756011964.6029446,4,7,-55
1756011964.6409447,1,-1,-53
1756011964.6799445,-1,1,-47
1756011964.7159443,0,-3,-49
1756011964.7529447,4,2,-52
1756011964.7909446,1,-4,-54
1756011964.8289447,-5,0,-53
1756011964.8659446,2,-1,-60
1756011964.9029446,-5,-2,-54
1756011964.940945,-1,1,-56
1756011964.9799447,-4,-2,-56
1756011965.0159447,-2,0,-50
1756011965.0539446,5,-3,-47
1756011965.0919447,13,-4,-54
1756011965.1309447,5,1,-54
1756011965.1689446,4,-2,-55
1756011965.2049446,0,-1,-47
1756011965.2419446,-4,-7,-56
1756011965.2809446,-9,-4,-51
1756011965.3189447,0,1,-53
1756011965.3549447,-4,1,-56
1756011965.3929446,-9,1,-45
1756011965.4309447,-3,-2,-36
1756011965.4699447,-3,1,-42
1756011965.5059447,-10,-6,-46
1756011965.5439446,-2,-3,-46
1756011965.5819447,-6,-7,-45
1756011965.6209445,0,-6,-47
1756011965.6589446,-4,-3,-48
1756011965.6949446,-13,-3,-49
1756011965.733945,-4,-2,-46
1756011965.7709446,1,-4,-60
1756011965.8099446,-7,0,-44
1756011965.8469446,-8,0,-52
1756011965.8839445,2,0,-51
1756011965.9219446,0,0,-51
1756011965.9599447,2,-7,-52
1756011965.996945,3,-2,-37
1756011966.0339446,-2,3,-41
1756011966.0719447,-1,-4,-53
1756011966.1109445,2,-2,-43
1756011966.1469443,4,0,-46
1756011966.1849446,0,-1,-55
1756011966.2229445,0,-4,-56
1756011966.2609446,8,-2,-50
1756011966.2999446,-1,2,-35
1756011966.335945,0,1,-39
1756011966.3749447,2,0,-53
1756011966.4119446,-5,0,-39
1756011966.450945,1,-1,-45
1756011966.486945,-1,0,-48
1756011966.5239446,-5,-5,-35
1756011966.5619447,-4,1,-42
1756011966.6009445,-1,0,-56
1756011966.6369443,-1,-4,-51
1756011966.6749446,2,0,-50
1756011966.7129445,6,2,-42
1756011966.7519443,-2,0,-42
1756011966.7899446,-3,-6,-36
1756011966.825945,0,0,-40
1756011966.8639443,0,-8,-45
1756011966.9019446,2,-6,-44
1756011966.9399445,-2,-7,-63
1756011966.9759445,-11,-1,-52
1756011967.0139446,-6,1,-52
1756011967.0519447,-2,4,-49
1756011967.0909443,-4,7,-45
1756011967.1269443,-3,0,-46
1756011967.1639447,-3,0,-40
1756011967.2019446,-9,-1,-52
1756011967.2409446,-11,3,-49
1756011967.2769446,-8,-8,-57
1756011967.3149445,-1,-2,-54
1756011967.3529446,-2,5,-54
1756011967.3919446,-1,9,-54
1756011967.4299445,0,10,-44
1756011967.4659443,3,7,-50
1756011967.5029447,-5,1,-55
1756011967.5419445,-7,-2,-47
1756011967.5779445,-6,6,-33
1756011967.6159446,-2,-1,-31
1756011967.6539447,-8,-1,-54
1756011967.6919446,0,0,-50
1756011967.7279446,-1,1,-44
1756011967.7659447,2,2,-44
1756011967.8039446,4,0,-52
1756011967.8419447,6,-1,-55
1756011967.8779447,7,-1,-38
1756011967.9159446,-3,-5,-39
1756011967.9549446,2,0,-54
1756011967.9919446,2,0,-49
1756011968.0309446,-7,-6,-33
1756011968.0669446,-3,-4,-41
1756011968.1049447,-2,-1,-43
1756011968.1429446,-5,2,-54
1756011968.1819446,0,-2,-47
1756011968.2179446,3,0,-55
1756011968.2549446,-2,-1,-48
1756011968.292945,-1,0,-49
1756011968.3319447,4,-8,-48
1756011968.3679447,2,-9,-49
1756011968.4059446,0,-6,-48
1756011968.4429443,2,-4,-48
1756011968.4819446,-3,2,-43
1756011968.5179446,-4,-1,-53
1756011968.5559447,2,-2,-51
1756011968.5939443,4,-1,-51
1756011968.6329446,-3,-5,-70
1756011968.6709447,-9,-4,-56
1756011968.7069447,5,0,-48
1756011968.7439446,-2,9,-43
1756011968.782945,-6,2,-45
1756011968.8209443,0,4,-40
1756011968.8569446,-2,4,-41
1756011968.8939445,-3,-1,-49
1756011968.9329443,0,-1,-47
1756011968.9709446,0,0,-48
1756011969.006945,-1,1,-40
1756011969.0449443,-5,-3,-51
1756011969.0829446,3,-3,-57
1756011969.121945,0,-9,-53
1756011969.157945,1,-2,-61
1756011969.1949446,-3,-1,-57
1756011969.2329447,-7,3,-48
1756011969.2719443,-3,-2,-51
1756011969.3079443,2,0,-44
1756011969.3449447,-2,0,-54
1756011969.3829446,-3,-4,-49
1756011969.4219446,-4,1,-60
1756011969.4579446,-3,1,-66
1756011969.4949446,-1,0,-53
1756011969.532945,2,1,-45
1756011969.5689447,2,2,-51
1756011969.6059446,-1,5,-55
1756011969.6439445,-6,1,-51
1756011969.6829443,-3,0,-41
1756011969.7189443,-4,4,-48
1756011969.7559447,-8,2,-50
1756011969.7939446,0,-2,-42
1756011969.8329446,1,-1,-48
1756011969.8689446,0,2,-41
1756011969.9059446,1,-1,-37
1756011969.9439447,-3,-4,-47
1756011969.9829447,-8,0,-46
1756011970.0189445,0,-5,-47
1756011970.0559447,-7,-1,-49
1756011970.0939443,0,-1,-52
1756011970.1329446,5,-1,-48
1756011970.1689446,0,0,-54
1756011970.2059443,-2,-4,-50
1756011970.2439446,1,-1,-41
1756011970.282945,6,2,-39
1756011970.3189447,1,5,-46
1756011970.3559446,3,3,-43
1756011970.3939445,4,0,-53
1756011970.4319446,-5,2,-46
1756011970.4679446,-1,3,-59
1756011970.5059447,0,8,-60
1756011970.5439446,0,0,-47
1756011970.5819447,-5,-2,-40
1756011970.6179447,-9,-4,-48
1756011970.6559446,-2,4,-41
1756011970.6939447,-2,-1,-49
1756011970.7329447,0,-3,-44
1756011970.7689445,2,0,-47
1756011970.8059447,0,-5,-50
1756011970.8439443,-2,1,-49
1756011970.8829446,-4,0,-47
1756011970.9189446,-6,-1,-43
1756011970.9569447,0,-6,-54
1756011970.9949446,7,-3,-50
1756011971.0339446,3,-2,-56
1756011971.0699446,7,0,-52
1756011971.1079447,6,0,-50
1756011971.144945,12,-1,-39
1756011971.1839447,8,-2,-52
1756011971.2199447,1,1,-48
1756011971.2579446,4,0,-50
1756011971.2949443,0,-6,-47
1756011971.3339446,-10,-6,-58
1756011971.3699446,1,-5,-61
1756011971.407945,0,4,-56
1756011971.4449446,1,-3,-51
1756011971.483945,-3,0,-53
1756011971.5209446,-4,-1,-45
1756011971.5579443,-2,0,-50
1756011971.5959446,5,-1,-47
1756011971.6399446,2,-4,-59
1756011971.677945,9,-6,-47
1756011971.7159443,0,-7,-55
1756011971.7549446,-5,0,-52
1756011971.792945,-2,-1,-58
1756011971.8289447,0,-3,-53
1756011971.8669446,-2,-1,-56
1756011971.904945,7,-11,-50
1756011971.9439447,6,-8,-60
1756011971.9799447,4,3,-55
1756011972.0169446,0,3,-52
1756011972.0549445,7,0,-46
1756011972.0929446,2,0,-50
1756011972.1289446,-6,-5,-54
1756011972.1669445,-7,0,-45
1756011972.2059443,5,4,-55
1756011972.2439446,4,-1,-47
1756011972.279945,2,4,-56
1756011972.3169446,-1,-2,-58
1756011972.3559446,-5,-1,-66
1756011972.3939445,-6,-5,-59
1756011972.4299445,-3,-5,-53
1756011972.4679446,-7,-5,-50
1756011972.5059447,-2,-8,-54
1756011972.5449443,-6,-1,-51
1756011972.5809443,-5,-2,-52
1756011972.6189446,-5,4,-55
1756011972.6569445,-2,6,-60
1756011972.6949446,-10,-1,-50
1756011972.733945,0,-4,-44
1756011972.769945,2,-2,-48
1756011972.8079443,3,0,-54
1756011972.8459446,6,-7,-51
1756011972.884945,8,-1,-60
1756011972.9209447,-6,0,-45
1756011972.9579446,0,0,-36
1756011972.9949446,0,1,-45
1756011973.0309446,0,5,-48
1756011973.0679443,5,6,-52
1756011973.1059446,-3,0,-49
1756011973.144945,-1,-2,-50
1756011973.1809447,0,-1,-55
1756011973.2189443,-3,1,-60
1756011973.256945,-2,-1,-46
1756011973.2959447,-5,0,-53
1756011973.3339446,-9,-6,-47
1756011973.3699446,-13,-3,-50
1756011973.407945,-4,-3,-53
1756011973.4469447,-6,-2,-40
1756011973.4849446,0,0,-52
1756011973.5209446,-2,-1,-54
1756011973.5589447,2,-4,-51
1756011973.5969446,0,-8,-54
1756011973.6359446,1,-4,-53
1756011973.6739447,2,2,-49
1756011973.7099447,7,5,-56
1756011973.746945,1,-4,-51
1756011973.7859447,-2,-2,-55
1756011973.8239446,-5,-2,-42
1756011973.8599446,0,0,-51
1756011973.8969443,0,5,-58
1756011973.9349446,-7,-3,-50
1756011973.9709446,-2,-2,-46
1756011974.0089445,0,-5,-38
1756011974.0469446,-2,-1,-61
1756011974.085945,2,-3,-56
1756011974.1239443,-3,0,-60
1756011974.1599443,-4,6,-58
1756011974.1969447,4,4,-53
1756011974.2349446,4,2,-56
1756011974.2709446,2,0,-58
1756011974.3079443,5,-2,-52
1756011974.3469446,-2,0,-44
1756011974.384945,-7,0,-46
1756011974.4209447,-7,3,-44
1756011974.4599447,-3,1,-51
1756011974.496945,-4,-4,-55
1756011974.5359447,4,1,-56
1756011974.5719447,0,4,-50
1756011974.608945,3,-4,-52
1756011974.6469443,0,-3,-54
1756011974.6859446,-3,-7,-41
1756011974.7229445,-5,-6,-48
1756011974.759945,1,3,-48
1756011974.7969446,-1,5,-53
1756011974.835945,-1,0,-52
1756011974.871945,-4,-2,-58
1756011974.9099443,2,5,-63
1756011974.9469447,5,-4,-57
1756011974.9849446,4,6,-45
1756011975.0209446,-1,1,-37
1756011975.0579443,-1,3,-45
1756011975.0969446,-1,6,-39
1756011975.134945,0,-3,-50
1756011975.1709447,1,0,-42
1756011975.2079446,-1,-3,-51
1756011975.246945,0,-7,-53
1756011975.2849443,0,-1,-44
1756011975.3209443,0,0,-42
1756011975.3579447,0,-8,-59
1756011975.3969443,-3,-4,-49
1756011975.4349446,3,-3,-59
1756011975.4709446,6,0,-53
1756011975.5079446,0,4,-56
1756011975.5469446,6,6,-53
1756011975.5849447,3,3,-57
1756011975.6209445,0,-6,-59
1756011975.6599443,-5,-3,-47
1756011975.6969447,-4,-2,-48
1756011975.7359445,-2,0,-59
1756011975.7719443,0,3,-63
1756011975.8099446,3,-3,-58
1756011975.8469446,2,2,-48
1756011975.8829446,5,3,-46
1756011975.9199443,0,-6,-41
1756011975.9579446,1,0,-50
1756011975.9959445,-1,1,-41
1756011976.0319445,-5,-1,-43
1756011976.0699446,1,0,-45
1756011976.1069446,-2,1,-45
1756011976.1459446,2,1,-38
1756011976.1819446,1,-5,-36
1756011976.2189443,-3,-2,-42
1756011976.256945,-1,-4,-51
1756011976.2959447,0,0,-51
1756011976.3319447,-1,-4,-53
1756011976.3699446,-8,0,-53
1756011976.407945,0,2,-43
1756011976.4469447,3,0,-58
1756011976.4829447,1,2,-49
1756011976.519945,3,1,-47
1756011976.5579443,1,-3,-50
1756011976.5959446,-4,0,-57
1756011976.631945,0,3,-48
1756011976.6689446,2,-12,-52
1756011976.7079446,-6,-1,-51
1756011976.7459445,-5,-4,-52
1756011976.7819445,0,-4,-53
1756011976.8189447,0,-5,-43
1756011976.8579447,-1,-5,-52
1756011976.8959446,-5,6,-47
1756011976.9319446,3,2,-53
1756011976.9689443,2,1,-53
1756011977.0079446,3,-4,-49
1756011977.0459447,5,-8,-52
1756011977.0819447,3,0,-55
1756011977.1189446,3,-2,-58
1756011977.157945,-5,4,-53
1756011977.1959443,-4,4,-55
1756011977.2319446,1,-1,-45
1756011977.2689445,6,0,-49
1756011977.3069446,3,-1,-48
1756011977.3429446,3,3,-43
1756011977.3799446,0,-2,-45
1756011977.4189446,6,0,-53
1756011977.4569447,-5,-6,-50
1756011977.4929447,-1,-7,-50
1756011977.5309446,9,0,-44
1756011977.5679443,-5,1,-44
1756011977.6069446,-1,-4,-48
1756011977.6429446,-1,-4,-48
1756011977.6809447,-2,1,-52
1756011977.7189443,6,2,-50
1756011977.7579446,7,-2,-45
1756011977.7939446,2,-3,-56
1756011977.8309443,0,-6,-59
1756011977.8689446,-3,-6,-49
1756011977.907945,-2,-1,-35
1756011977.9439447,2,-2,-36
1756011977.9809446,5,-5,-51
1756011978.0189445,0,-5,-35
1756011978.0569446,3,-3,-62
1756011978.0929446,2,-7,-51
1756011978.1309447,-5,3,-46
1756011978.167945,-3,3,-48
1756011978.2069447,-3,-3,-60
1756011978.2429447,-8,-1,-54
1756011978.2809446,-9,-6,-49
1756011978.3189447,-4,-1,-47
1756011978.3579447,1,-1,-37
1756011978.3939445,4,0,-41
1756011978.4309447,-1,-6,-45
1756011978.4689443,-5,0,-46
1756011978.5079446,-5,-5,-61
1756011978.5439446,-6,0,-61
1756011978.5819447,-8,-3,-51
1756011978.6199446,-11,-9,-39
1756011978.6589446,-5,0,-43
1756011978.6969447,0,-4,-46
1756011978.7329447,-6,-4,-60
1756011978.7709446,-3,-3,-57
1756011978.8089447,-1,0,-60
1756011978.8479445,9,6,-57
1756011978.8839445,0,-3,-48
1756011978.9219446,-1,-4,-44
1756011978.9599447,-1,-2,-50
1756011978.9989443,1,-6,-42
1756011979.0369446,2,-4,-51
1756011979.0729446,13,0,-56
1756011979.1109445,5,-3,-58
1756011979.1489446,-1,0,-51
1756011979.187945,-4,-1,-52
1756011979.223945,-2,-7,-45
1756011979.2619443,0,3,-50
1756011979.2989447,0,13,-40
1756011979.3349447,-2,5,-50
1756011979.371945,-5,0,-62
1756011979.4109447,-3,-8,-56
1756011979.4489446,3,-7,-49
1756011979.4849446,2,0,-46
1756011979.5219443,2,1,-52
1756011979.5589447,0,0,-53
1756011979.5979445,3,-3,-42
1756011979.6339445,0,-4,-46
1756011979.6719446,-4,-10,-57
1756011979.7099447,7,-1,-57
1756011979.7489443,9,1,-56
1756011979.7849443,2,0,-48
1756011979.8219447,1,3,-45
1756011979.8599446,-3,-2,-55
1756011979.8979447,-4,-1,-51
1756011979.9339447,-7,6,-65
1756011979.9709446,0,1,-48
1756011980.009945,5,5,-57
1756011980.0479443,6,1,-49
1756011980.0839446,8,0,-46
1756011980.1209445,2,-6,-62
1756011980.1599443,3,-6,-58
1756011980.1979446,0,2,-56
1756011980.233945,-3,2,-52
1756011980.2709446,-5,1,-47
1756011980.3099446,-4,-2,-50
1756011980.3479445,-4,-3,-39
1756011980.3839445,1,-2,-52
1756011980.4209447,-2,1,-49
1756011980.4599447,-2,-2,-59
1756011980.4979446,0,1,-47
1756011980.5339446,0,4,-47
1756011980.5709443,-3,0,-48
1756011980.6099446,-2,5,-58
1756011980.6479447,-3,0,-57
1756011980.6839447,-3,-4,-64
1756011980.7219446,0,-1,-54
1756011980.7609446,-2,-8,-55
1756011980.7989447,-4,-2,-46
1756011980.8349447,0,1,-58
1756011980.871945,-4,0,-56
1756011980.9099443,1,-7,-50
1756011980.9489446,2,-11,-50
1756011980.9849446,-2,1,-43
1756011981.0219443,0,-8,-50
1756011981.0609446,0,0,-46
1756011981.098945,0,2,-42
1756011981.134945,-4,-6,-53
1756011981.1729443,0,2,-47
1756011981.210945,4,0,-52
1756011981.2499447,6,-1,-48
1756011981.2859447,2,-2,-53
1756011981.3239446,-1,0,-48
1756011981.3609445,0,0,-51
1756011981.3989446,0,2,-40
1756011981.4349446,-4,9,-52
1756011981.4719446,-1,3,-54
1756011981.5109446,-4,3,-57
1756011981.5489447,5,2,-52
1756011981.5849447,-2,1,-52
1756011981.621945,0,1,-53
1756011981.6659446,2,0,-54
1756011981.7039447,0,-3,-48
1756011981.7419446,0,3,-62
1756011981.7809446,0,0,-56
1756011981.8189447,0,0,-47
1756011981.8549447,2,0,-57
1756011981.8929446,-1,-4,-49
1756011981.9309447,0,4,-57
1756011981.9699447,4,-4,-54
1756011982.0059447,13,-3,-54
1756011982.042945,2,1,-44
1756011982.0809443,1,5,-51
1756011982.1189446,1,-3,-46
1756011982.154945,0,-3,-46
1756011982.1929443,-3,3,-51
1756011982.2309446,3,-1,-42
1756011982.269945,-2,5,-46
1756011982.3059447,3,2,-52
1756011982.3429446,-2,0,-52
1756011982.3809447,0,0,-51
1756011982.4199443,2,3,-44
1756011982.4559443,5,-6,-52
1756011982.4939446,2,-6,-63
1756011982.5309446,-5,-1,-55
1756011982.5699446,-9,-3,-55
1756011982.6059446,1,-3,-54
1756011982.6439445,2,2,-50
1756011982.6809447,0,-1,-44
1756011982.7199447,-9,-6,-52
1756011982.7559447,-8,-3,-49
1756011982.7939446,0,-9,-55
1756011982.8329446,1,-5,-53
1756011982.8699446,-2,-1,-51
1756011982.9059446,5,0,-53
1756011982.9439447,1,5,-50
1756011982.9819446,1,2,-55
1756011983.0209446,-6,-4,-53
1756011983.0569446,-3,-7,-56
1756011983.0949447,1,-6,-59
1756011983.1329446,4,-5,-69
1756011983.1709447,6,-3,-61
1756011983.2099447,5,-1,-50
1756011983.2459445,1,-4,-56
1756011983.2839446,-4,-3,-53
1756011983.3229446,-1,-4,-54
1756011983.3609445,0,-5,-50
1756011983.3969443,-2,-4,-54
1756011983.4349446,2,-3,-45
1756011983.4729445,3,-8,-46
1756011983.5119443,3,-1,-45
1756011983.5499446,-3,4,-51
1756011983.585945,-1,-1,-50
1756011983.6239443,2,-1,-43
1756011983.6619446,1,0,-53
1756011983.6999447,-6,4,-53
1756011983.7359445,0,-4,-42
1756011983.7739446,7,-7,-47
1756011983.8119447,2,-2,-49
1756011983.8499446,2,0,-56
1756011983.8859446,3,-1,-47
1756011983.9229443,5,1,-51
1756011983.960945,-1,1,-47
1756011983.996945,0,0,-48
1756011984.0349443,-2,0,-48
1756011984.0739446,-5,-5,-54
1756011984.111945,-2,-6,-46
1756011984.1479447,-1,-7,-40
1756011984.1869447,0,7,-50
1756011984.223945,-5,10,-49
1756011984.2619443,-5,3,-49
1756011984.3009446,0,-1,-50
1756011984.3369446,-1,-1,-49
1756011984.3749447,0,-8,-46
1756011984.4129446,0,1,-56
1756011984.450945,-6,2,-47
1756011984.486945,0,-2,-53
1756011984.5239446,8,3,-54
1756011984.5619447,4,-4,-58
1756011984.5979445,4,0,-56
1756011984.634945,2,0,-54
1756011984.6729443,0,0,-49
1756011984.7119446,0,-2,-47
1756011984.7479446,3,-1,-51
1756011984.7849443,1,2,-49
1756011984.8229446,-6,0,-49
1756011984.8609445,0,-3,-52
1756011984.8969443,-2,-8,-50
1756011984.9349446,-3,0,-59
1756011984.9729445,-5,2,-54
1756011985.0119443,1,6,-43
1756011985.0479443,6,1,-49
1756011985.0849447,0,5,-46
1756011985.1229446,-5,10,-37
1756011985.1609447,4,0,-36
1756011985.1969447,0,-2,-41
1756011985.2349446,2,1,-55
1756011985.2729447,1,-3,-58
1756011985.3109446,0,1,-57
1756011985.3469446,-2,-2,-44
1756011985.384945,6,1,-57
1756011985.4229443,4,-1,-47
1756011985.4619446,0,-1,-45
1756011985.4979446,5,-7,-39
1756011985.5349443,6,-1,-42
1756011985.5729446,7,7,-40
1756011985.611945,1,1,-63
1756011985.6479447,4,2,-52
1756011985.6849446,-2,-2,-54
1756011985.7229445,-8,0,-43
1756011985.7619443,-6,-4,-56
1756011985.7979443,-1,0,-45
1756011985.8369446,-6,3,-45
1756011985.8749447,-1,-2,-43
1756011985.9129446,-4,-2,-52
1756011985.9489446,-6,-6,-39
1756011985.986945,-5,-2,-46
1756011986.0249443,-6,-4,-50
1756011986.062945,-2,-3,-53
1756011986.1019447,-9,-1,-47
1756011986.1379447,-9,-5,-51
1756011986.1759446,-6,-5,-49
1756011986.213945,-7,3,-55
1756011986.2529447,-2,-1,-49
1756011986.2889447,0,2,-53
1756011986.3269446,3,-8,-52
1756011986.3649447,0,-6,-56
1756011986.4029446,0,2,-51
1756011986.4419446,-5,-4,-48
1756011986.4779446,-2,0,-49
1756011986.5149446,-5,0,-43
1756011986.5539446,0,4,-49
1756011986.5919447,-6,0,-61
1756011986.6279447,2,0,-44
1756011986.6649446,-1,3,-54
1756011986.7039447,4,4,-56
1756011986.7419446,1,0,-56
1756011986.7779446,1,-1,-58
1756011986.8149445,-3,0,-50
1756011986.8539443,-4,-7,-47
1756011986.8919446,-1,2,-49
1756011986.927945,2,-1,-41
1756011986.9649446,0,-3,-51
1756011987.0039446,2,-11,-49
1756011987.0419445,3,-1,-54
1756011987.0779445,-1,-5,-48
1756011987.1159446,1,-8,-44
1756011987.1539447,6,-4,-45
1756011987.1929443,1,-12,-43
1756011987.2289443,0,-10,-57
1756011987.2659447,-5,-3,-50
1756011987.3039446,0,-5,-57
1756011987.3429446,0,-2,-51
1756011987.3789446,2,3,-46
1756011987.4159446,0,0,-48
1756011987.4539447,-3,5,-52
1756011987.4929447,5,0,-62
1756011987.5289447,8,-1,-51
1756011987.5669446,0,1,-57
1756011987.6039443,1,-4,-53
1756011987.6429446,-2,-1,-56
1756011987.6789446,-4,3,-58
1756011987.7159443,-4,-3,-47
1756011987.7539446,-1,-4,-52
1756011987.792945,3,-2,-54
1756011987.8289447,-4,0,-56
1756011987.8659446,-5,-4,-43
1756011987.9039447,-3,-1,-39
1756011987.9429443,0,-4,-49
1756011987.9789443,-3,-3,-47
1756011988.0169446,9,3,-47
1756011988.0539446,6,-2,-41
1756011988.0929446,1,-4,-49
1756011988.1289446,1,-2,-48
1756011988.1659446,-4,0,-54
1756011988.2039447,0,1,-52
1756011988.2429447,4,0,-56
1756011988.2789447,3,2,-64
1756011988.315945,2,-1,-63
1756011988.3549447,4,4,-49
1756011988.3929446,6,0,-46
1756011988.4289446,-5,-1,-51
1756011988.4669447,-1,0,-46
1756011988.5049446,-3,0,-50
1756011988.5439446,-2,2,-57
1756011988.5799446,-2,-2,-60
1756011988.6179447,-4,2,-47
1756011988.6559446,-2,1,-40
1756011988.6949446,5,5,-50
1756011988.7329447,1,-2,-45
1756011988.7689445,1,-4,-49
1756011988.8059447,0,-5,-54
1756011988.8449447,-6,0,-58
1756011988.8829446,-3,-4,-51
1756011988.9189446,2,-3,-47
1756011988.9559443,-2,2,-62
1756011988.9949446,1,-1,-54
1756011989.032945,1,-2,-43
1756011989.0689447,0,1,-55
1756011989.1059446,0,-1,-62
1756011989.144945,-1,1,-58
1756011989.1809447,0,1,-47
1756011989.2179446,3,-4,-51
1756011989.2559447,-5,-3,-48
1756011989.2949443,-6,1,-54
1756011989.3309443,-9,-1,-49
1756011989.3689446,-1,-1,-47
1756011989.4069445,6,-1,-49
1756011989.4449446,0,-2,-43
1756011989.483945,3,0,-44
1756011989.519945,-4,-2,-49
1756011989.5589447,-5,-2,-56
1756011989.5959446,-3,0,-53
1756011989.634945,0,-9,-49
1756011989.6709447,0,-4,-48
1756011989.7089446,1,0,-42
1756011989.7459445,-1,0,-47
1756011989.7849443,5,1,-55
1756011989.8209443,14,1,-64
1756011989.858945,5,4,-58
1756011989.8959446,0,-1,-59
1756011989.9349446,-3,1,-54
1756011989.9709446,-3,-1,-49
1756011990.0089445,-1,-3,-54
1756011990.0469446,1,5,-48
1756011990.0849447,0,6,-52
1756011990.1209445,4,-1,-59
1756011990.1589446,6,-4,-50
1756011990.1959443,2,-1,-39
1756011990.2349446,-4,6,-49
1756011990.2709446,4,1,-59
1756011990.3089447,-2,-5,-58
1756011990.3459446,-5,1,-61
1756011990.384945,-4,0,-59
1756011990.4209447,-2,-2,-55
1756011990.4589446,-2,-6,-49
1756011990.496945,5,-1,-51
1756011990.5359447,4,0,-64
1756011990.5739446,3,-3,-51
1756011990.6099446,-5,-3,-48
1756011990.6479447,4,-5,-52
1756011990.6859446,2,1,-48
1756011990.7249446,6,-7,-42
1756011990.7609446,4,-3,-54
1756011990.7999446,3,-1,-57
1756011990.8369446,-4,1,-56
1756011990.8759446,-13,8,-58
1756011990.9119446,-6,5,-51
1756011990.9489446,0,1,-37
1756011990.986945,-1,0,-49
1756011991.0259447,-6,-2,-52
1756011991.0619447,0,-3,-64
1756011991.098945,-2,0,-67
1756011991.1369443,-4,3,-49
1756011991.1759446,-5,0,-45
1756011991.2119446,-8,1,-42
1756011991.2489443,-4,1,-58
1756011991.2869446,-7,-6,-55
1756011991.325945,-10,0,-55
1756011991.361945,-4,1,-50
1756011991.3989446,0,-1,-44
1756011991.4369447,0,-3,-48
1756011991.4759445,6,1,-47
1756011991.5119443,10,8,-46
1756011991.5489447,3,9,-42
1756011991.5869446,0,4,-52
1756011991.6249447,3,7,-47
1756011991.667945,1,0,-59
1756011991.7069447,0,-1,-41
1756011991.7449446,-9,-3,-45
1756011991.7809446,-3,-1,-57
1756011991.8189447,1,-3,-56
1756011991.8579447,-3,0,-63
1756011991.8959446,3,0,-58
1756011991.9319446,2,6,-52
1756011991.9689443,-1,3,-59
1756011992.006945,8,-5,-53
1756011992.0459447,2,-1,-43
1756011992.0819447,-3,3,-39
1756011992.1189446,0,-1,-38
1756011992.1569445,0,-6,-45
1756011992.1959443,3,1,-62
1756011992.2319446,-3,6,-63
1756011992.2689445,-4,-2,-57
1756011992.3069446,-6,0,-62
1756011992.3459446,-11,2,-76
1756011992.381945,-9,4,-69
1756011992.4189446,-8,0,-60
1756011992.4569447,-4,-1,-64
1756011992.4959445,1,-2,-56
1756011992.5319445,1,1,-54
1756011992.5689447,2,-6,-56
1756011992.6079447,9,-2,-54
1756011992.6459446,2,0,-50
1756011992.6819446,-2,0,-51
1756011992.7189443,-4,-8,-45
1756011992.756945,-2,2,-51
1756011992.7959447,0,3,-48
1756011992.8319447,-2,10,-52
1756011992.8689446,-7,4,-50
1756011992.9069445,-8,5,-47
1756011992.9459443,3,2,-47
1756011992.9819446,4,4,-49
1756011993.0189445,-1,-4,-44
1756011993.0569446,-7,-2,-53
1756011993.0959446,0,1,-50
1756011993.131945,0,-4,-49
1756011993.1689446,5,-1,-59
1756011993.2079446,4,-6,-50
1756011993.2459445,4,-4,-45
1756011993.2819445,6,-4,-38
1756011993.3199446,1,1,-34
1756011993.3579447,0,6,-58
1756011993.3959446,-3,3,-38
1756011993.4319446,-5,0,-43
1756011993.4689443,-5,0,-59
1756011993.5079446,-4,-1,-66
1756011993.5459447,1,1,-51
1756011993.5819447,6,-4,-51
1756011993.6189446,2,1,-37
1756011993.6569445,0,1,-43
1756011993.6929443,-13,2,-39
1756011993.7299447,-3,1,-46
1756011993.7679446,-2,-1,-40
1756011993.8069446,-2,0,-43
1756011993.8429446,-3,0,-38
1756011993.8799446,0,1,-43
1756011993.917945,3,-6,-43
1756011993.9559443,7,-1,-50
1756011993.9929447,6,-5,-48
1756011994.029945,0,-3,-47
1756011994.0679443,0,3,-39
1756011994.1069446,5,-2,-39
1756011994.1429446,2,3,-55
1756011994.1799445,4,0,-44
1756011994.2179446,-6,3,-52
1756011994.2539446,-2,0,-57
1756011994.292945,-1,0,-53
1756011994.3299446,-4,-1,-49
1756011994.3679447,-1,0,-55
1756011994.4069445,-4,-4,-53
1756011994.4429443,-9,-2,-60
1756011994.4809446,-2,-3,-56
1756011994.5189445,0,0,-57
1756011994.5569446,0,0,-56
1756011994.5929446,0,0,-59
1756011994.6299446,1,2,-52
1756011994.667945,-6,-1,-65
1756011994.7039447,-3,0,-53
1756011994.7419446,-2,-1,-51
1756011994.779945,3,1,-50
1756011994.8179443,1,0,-48
1756011994.8549447,-2,4,-54
1756011994.8929446,0,3,-50
1756011994.9299445,0,2,-50
1756011994.9679446,-3,0,-50
1756011995.0049446,0,-2,-62
1756011995.042945,-2,0,-59
1756011995.0799446,4,-1,-53
1756011995.1189446,-7,2,-49
1756011995.1569445,-5,-7,-44
1756011995.1929443,2,-9,-49
1756011995.2299447,-10,3,-55
1756011995.2689445,-1,4,-51
1756011995.3069446,1,1,-47
1756011995.3429446,-1,-1,-65
1756011995.3809447,2,0,-55
1756011995.4189446,-6,7,-62
1756011995.4579446,0,4,-48
1756011995.4939446,-5,2,-51
1756011995.5309446,-10,-2,-49
1756011995.5689447,-8,-2,-51
1756011995.6079447,-5,-6,-46
1756011995.6439445,2,0,-49
1756011995.6809447,-2,-3,-49
1756011995.7189443,1,0,-58
1756011995.7579446,-2,1,-49
1756011995.7939446,0,5,-50
1756011995.8309443,-3,3,-42
1756011995.8689446,-6,3,-41
1756011995.907945,-1,-2,-39
1756011995.9439447,3,-2,-44
1756011995.9819446,1,-2,-39
1756011996.019945,0,-4,-48
1756011996.0589447,7,-7,-47
1756011996.0949447,4,0,-53
1756011996.131945,0,1,-56
1756011996.1689446,-3,0,-62
1756011996.2079446,5,0,-55
1756011996.2439446,-2,-6,-62
1756011996.2819445,-9,-3,-57
1756011996.3199446,0,3,-49
1756011996.3579447,0,2,-52
1756011996.3939445,3,0,-53
1756011996.4309447,3,3,-49
1756011996.4689443,1,1,-52
1756011996.5049446,2,8,-43
1756011996.5419445,4,7,-52
1756011996.5799446,14,0,-45
1756011996.6179447,6,0,-56
1756011996.6539447,-1,0,-57
1756011996.6919446,2,0,-62
1756011996.7299447,2,0,-59
1756011996.7679446,2,3,-51
1756011996.8039446,3,0,-56
1756011996.8409443,-3,0,-65
1756011996.8799446,-3,-2,-59
1756011996.917945,-1,4,-43
1756011996.9539447,-2,-1,-46
1756011996.9919446,0,1,-54
1756011997.029945,-9,2,-42
1756011997.0689447,0,-4,-41
1756011997.1049447,0,-3,-47
1756011997.1419446,-2,0,-50
1756011997.1799445,-1,-4,-50
1756011997.2189443,2,-1,-54
1756011997.2549446,1,0,-48
1756011997.2919445,3,4,-64
1756011997.3299446,-3,0,-47
1756011997.3679447,-7,2,-58
1756011997.404945,-1,0,-62
1756011997.4419446,1,-6,-65
1756011997.4799447,5,-5,-60
1756011997.5189445,-3,-4,-56
1756011997.5549445,-2,-5,-50
1756011997.5929446,-3,-4,-47
1756011997.6309447,-1,-1,-32
1756011997.6699443,-2,4,-49
1756011997.7059443,0,0,-35
1756011997.7429447,0,-3,-53
1756011997.7809446,-2,6,-50
1756011997.8199446,-3,3,-53
1756011997.8559446,0,2,-48
1756011997.8929446,-4,-1,-51
1756011997.9309447,-1,-4,-56
1756011997.9699447,0,-5,-47
1756011998.0059447,0,-6,-60
1756011998.042945,-2,-5,-64
1756011998.0809443,-2,-5,-52
1756011998.1199446,0,-5,-53
1756011998.1559446,5,-3,-40
1756011998.1939447,6,1,-51
1756011998.2309446,-1,-4,-49
1756011998.269945,-7,0,-50
1756011998.3059447,0,3,-57
1756011998.3429446,-12,0,-51
1756011998.3809447,-7,2,-48
1756011998.4199443,0,2,-53
1756011998.4559443,1,0,-49
1756011998.4939446,-1,-4,-51
1756011998.5309446,0,-5,-55
1756011998.5699446,-12,-4,-51
1756011998.6059446,-3,0,-45
1756011998.6429446,-3,0,-53
1756011998.6809447,0,0,-44
1756011998.7189443,7,4,-49
1756011998.7549446,12,-1,-56
1756011998.7919445,-5,0,-48
1756011998.8309443,0,0,-41
1756011998.8689446,5,0,-42
1756011998.904945,-1,0,-30
1756011998.9419446,-4,0,-44
1756011998.9809446,0,0,-56
1756011999.0189445,0,1,-60
1756011999.0549445,-8,0,-46
1756011999.0919447,1,0,-54
1756011999.1309447,-5,0,-41
1756011999.1669445,0,0,-43
1756011999.2049446,6,0,-40
1756011999.2429447,2,0,-47
1756011999.2809446,0,-7,-56
1756011999.3169446,5,-4,-62
1756011999.3549447,0,2,-72
1756011999.3919446,-4,0,-55
1756011999.4309447,-2,-4,-55
1756011999.4669447,0,-1,-48
1756011999.5049446,-4,-2,-54
1756011999.542945,3,3,-48
1756011999.5809443,-3,-1,-38
1756011999.6169446,1,-6,-52
1756011999.654945,0,-1,-55
1756011999.6929443,-6,0,-59
1756011999.7309446,-9,0,-52
1756011999.769945,-3,-2,-54
1756011999.8059447,3,2,-54
1756011999.8429446,-1,-3,-50
1756011999.881945,-4,0,-48
1756011999.9199443,-1,-3,-50
1756011999.9559443,-8,-6,-47
1756011999.9939446,1,0,-43
1756012000.0319445,-5,1,-43
1756012000.0699446,-1,0,-52
1756012000.1059446,-6,3,-55
1756012000.1429446,0,-4,-53
1756012000.1819446,0,2,-44
1756012000.2199447,-7,-2,-49
1756012000.2559447,-2,2,-50
1756012000.292945,0,-2,-51
1756012000.3319447,-3,0,-56
1756012000.3699446,0,0,-50
1756012000.4059446,0,-1,-49
1756012000.4429443,-2,0,-44
1756012000.4819446,0,0,-53
1756012000.519945,4,0,-48
1756012000.5559447,3,-1,-48
1756012000.5939443,-2,5,-51
1756012000.631945,-5,-3,-40
1756012000.6709447,-2,0,-47
1756012000.7069447,1,-2,-52
1756012000.7449446,5,0,-52
1756012000.7819445,3,0,-50
1756012000.8199446,4,5,-45
1756012000.8559446,2,0,-43
1756012000.8929446,1,-3,-49
1756012000.9319446,0,0,-52
1756012000.9679446,2,-3,-68
1756012001.0059447,-4,6,-64
1756012001.0439446,7,4,-47
1756012001.0819447,5,1,-52
1756012001.1179447,1,-5,-46
1756012001.154945,0,0,-51
1756012001.1919446,1,3,-52
1756012001.2309446,2,1,-52
1756012001.2669446,0,1,-43
1756012001.3049445,-3,2,-55
1756012001.3429446,12,2,-48
1756012001.381945,-1,5,-45
1756012001.417945,-5,4,-43
1756012001.4549446,3,-5,-50
1756012001.4929447,2,-2,-50
1756012001.5319445,-2,-1,-59
1756012001.5679443,-1,-1,-48
1756012001.6059446,1,-2,-53
1756012001.6439445,4,-6,-49
1756012001.687945,-4,0,-47
1756012001.7259445,1,-3,-48
1756012001.7649446,4,0,-54
1756012001.802945,4,-4,-45
1756012001.8409443,5,0,-59
1756012001.8769443,9,0,-64
1756012001.9149446,5,3,-59
1756012001.9529445,-4,2,-51
1756012001.9919446,0,-5,-39
1756012002.0279446,6,-4,-43
1756012002.0649445,1,3,-55
1756012002.1029446,1,-11,-48
1756012002.1409447,6,-6,-47
1756012002.1769447,-4,-3,-51
1756012002.2149446,-1,2,-59
1756012002.2529447,-2,-2,-62
1756012002.2919445,4,0,-57
1756012002.3279445,7,-2,-54
1756012002.3649447,-2,-2,-53
1756012002.4029446,0,1,-56
1756012002.4419446,1,4,-52
1756012002.4779446,0,6,-54
1756012002.5149446,-3,-2,-47
1756012002.552945,-3,-1,-50
1756012002.5919447,0,2,-53
1756012002.6279447,2,7,-57
1756012002.6649446,1,-6,-58
1756012002.7029445,-1,-14,-45
1756012002.7419446,2,-7,-52
1756012002.7779446,-7,-3,-60
1756012002.815945,-12,6,-55
1756012002.8539443,-6,1,-56
1756012002.8929446,-6,2,-41
1756012002.9289446,-4,0,-53
1756012002.9669447,0,-2,-50
1756012003.0049446,0,-2,-47
1756012003.0439446,-1,-1,-54
1756012003.0819447,-11,-1,-53
1756012003.1179447,-5,-4,-53
1756012003.1559446,-3,-5,-54
1756012003.1939447,3,-4,-47
1756012003.2329447,-3,0,-52
1756012003.2689445,2,-1,-61
1756012003.3069446,-8,-4,-56
1756012003.3449447,3,-3,-46
1756012003.3839445,-3,-6,-53
1756012003.4219446,6,-4,-44
1756012003.4579446,3,-7,-51
1756012003.4959445,4,-2,-48
1756012003.5339446,-5,-2,-52
1756012003.5729446,-3,-6,-55
1756012003.608945,-6,1,-45
1756012003.6459446,-11,-2,-52
1756012003.6839447,-1,1,-55
1756012003.7229445,6,-1,-59
1756012003.7589445,-1,1,-61
1756012003.7969446,5,2,-57
1756012003.835945,-5,-1,-35
1756012003.8739443,-4,2,-44
1756012003.9119446,0,-1,-61
1756012003.9479446,-2,-5,-63
1756012003.9859445,-7,6,-56
1756012004.0239446,3,5,-46
1756012004.0619447,7,2,-47
1756012004.0979445,0,0,-60
1756012004.1359446,3,-3,-56
1756012004.1739447,-1,-3,-50
1756012004.2099447,0,-5,-54
1756012004.246945,-1,0,-53
1756012004.2859447,-2,0,-48
1756012004.3239446,1,-1,-51
1756012004.3599446,-1,5,-44
1756012004.3969443,-2,4,-52
1756012004.4359446,-2,0,-60
1756012004.473945,-3,-1,-53
1756012004.509945,-2,4,-57
1756012004.5469446,5,0,-52
1756012004.5849447,-2,3,-45
1756012004.6239443,3,1,-51
1756012004.6599443,-5,5,-53
1756012004.6969447,-2,0,-59
1756012004.7349446,0,-1,-58
1756012004.7739446,5,-3,-62
1756012004.8099446,2,-3,-56
1756012004.8469446,-6,7,-57
1756012004.884945,-3,2,-65
1756012004.9239447,6,-1,-58
1756012004.9599447,0,-4,-48
1756012004.9979446,1,-5,-51
1756012005.0359447,-5,-8,-49
1756012005.0749447,-1,-4,-46
1756012005.1129446,-2,3,-45
1756012005.1489446,2,0,-59
1756012005.1859446,2,6,-47
1756012005.223945,0,5,-54
1756012005.259945,3,6,-41
1756012005.2969446,-6,-2,-55
1756012005.3349447,-1,-1,-53
1756012005.3739443,-6,3,-54
1756012005.4099443,2,3,-47
1756012005.4469447,-10,3,-66
1756012005.4849446,-2,-1,-54
1756012005.5239446,0,-7,-52
1756012005.5599446,-8,-7,-39
1756012005.5979445,-4,2,-44
1756012005.6359446,0,-2,-40
1756012005.6749446,1,-1,-43
1756012005.713945,6,0,-36
1756012005.7499447,4,4,-38
1756012005.7869446,5,-5,-51
1756012005.8249447,4,-6,-55
1756012005.8639443,-2,-3,-54
1756012005.8999443,0,-9,-42
1756012005.9369447,-3,-6,-47
1756012005.9749446,-9,-5,-53
1756012006.0139446,0,-6,-45
1756012006.0499446,0,0,-44
1756012006.0869446,3,-4,-43
1756012006.1249447,-2,-4,-55
1756012006.1639447,-9,3,-57
1756012006.1999447,-4,2,-48
1756012006.236945,-2,0,-45
1756012006.2749443,1,-8,-47
1756012006.3139446,0,0,-47
1756012006.3499446,-4,1,-50
1756012006.3869443,1,1,-63
1756012006.4259446,-9,-3,-52
1756012006.463945,-7,-2,-48
1756012006.4999447,-5,0,-50
1756012006.5369446,-8,4,-46
1756012006.575945,2,-2,-37
1756012006.6139443,1,-3,-48
1756012006.6499443,-1,-4,-43
1756012006.687945,-1,0,-48
1756012006.7259445,-9,-8,-51
1756012006.7649446,0,-5,-47
1756012006.8009446,-9,-4,-43
1756012006.838945,-6,-1,-48
1756012006.8769443,-7,-6,-43
1756012006.9159446,0,0,-59
1756012006.9539447,2,5,-54
1756012006.9899447,4,3,-47
1756012007.0289447,2,-5,-41
1756012007.065945,0,0,-45
1756012007.1039443,-1,0,-42
1756012007.1399446,1,-2,-51
1756012007.1789446,-6,0,-54
1756012007.2159443,-8,-6,-55
1756012007.2549446,-5,2,-44
1756012007.2909446,4,-2,-50
1756012007.3279445,4,0,-61
1756012007.3659446,6,-3,-54
1756012007.4039447,3,-1,-55
1756012007.4399445,-2,7,-39
1756012007.4779446,-6,3,-48
1756012007.5159447,-5,0,-38
1756012007.5549445,4,-7,-48
1756012007.5909443,-2,0,-44
1756012007.6289446,-2,0,-46
1756012007.667945,0,-3,-46
1756012007.7059443,-2,2,-54
1756012007.7419446,-4,0,-53
1756012007.7789447,-8,0,-52
1756012007.8169446,-1,-6,-52
1756012007.8559446,4,1,-58
1756012007.8919446,2,0,-59
1756012007.9289446,3,-5,-54
1756012007.9669447,8,2,-56
1756012008.0059447,3,3,-54
1756012008.0419445,5,0,-55
1756012008.0789447,-2,-6,-52
1756012008.1169446,6,-7,-51
1756012008.1559446,-1,-1,-45
1756012008.1919446,0,-4,-53
1756012008.2289443,-2,-6,-48
1756012008.2669446,-8,-5,-51
1756012008.3059447,-8,-3,-50
1756012008.3419447,-8,-2,-50
1756012008.3799446,1,-4,-43
1756012008.417945,0,1,-46
1756012008.4559443,-6,7,-49
1756012008.4919446,0,8,-51
1756012008.5289447,1,-2,-55
1756012008.5669446,-3,5,-61
1756012008.6059446,-7,-3,-51
1756012008.6419446,-4,-2,-46
1756012008.6799445,2,-4,-55
1756012008.7179446,0,1,-52
1756012008.7559447,0,0,-48
1756012008.7919445,-4,5,-45
1756012008.8289447,-1,-2,-45
1756012008.8669446,4,-11,-58
1756012008.9059446,4,-6,-42
1756012008.9419446,3,-12,-49
1756012008.9789443,3,-4,-42
1756012009.0169446,0,3,-68
1756012009.0549445,4,0,-49
1756012009.0909443,0,0,-47
1756012009.1279447,-1,-5,-51
1756012009.1669445,1,-2,-54
1756012009.2029445,4,0,-50
1756012009.2399447,-9,-7,-50
1756012009.2779446,-3,-4,-58
1756012009.3169446,-10,0,-51
1756012009.3529446,-6,-1,-47
1756012009.3909447,0,5,-50
1756012009.427945,-8,5,-56
1756012009.4669447,0,2,-50
1756012009.5029447,0,0,-51
1756012009.5399446,-1,4,-55
1756012009.5779445,0,-4,-46
1756012009.6169446,0,-6,-48
1756012009.6529446,2,-3,-49
1756012009.6899445,1,-4,-59
1756012009.7279446,6,2,-57
1756012009.7659447,-4,0,-53
1756012009.8019447,12,0,-55
1756012009.8399446,9,4,-58
1756012009.8769443,5,0,-46
1756012009.9129446,4,2,-44
1756012009.9499447,6,-5,-54
1756012009.9879446,-1,-2,-60
1756012010.0269446,-4,0,-48
1756012010.062945,1,-3,-52
1756012010.0999446,0,-4,-50
1756012010.1379447,4,-7,-50
1756012010.1769447,0,-2,-60
1756012010.2129445,-2,-2,-57
1756012010.2509446,3,5,-51
1756012010.2879446,-7,1,-52
1756012010.3269446,-5,1,-47
1756012010.3629446,-1,6,-57
1756012010.3999443,5,4,-54
1756012010.437945,4,0,-51
1756012010.4759445,-5,-3,-53
1756012010.5119443,0,0,-60
1756012010.5489447,0,-4,-49
1756012010.5879445,-5,-11,-52
1756012010.6259446,2,-4,-46
1756012010.6619446,2,0,-48
1756012010.6999447,0,-3,-54
1756012010.7379446,0,2,-43
1756012010.7759447,-5,-5,-56
1756012010.8119447,0,-2,-54
1756012010.8499446,-1,-1,-54
1756012010.8879447,-3,-6,-52
1756012010.9239447,-8,2,-53
1756012010.960945,4,3,-47
1756012010.9979446,9,1,-56
1756012011.0339446,9,0,-51
1756012011.0709443,0,-5,-57
1756012011.108945,-1,0,-68
1756012011.1479447,2,-3,-59
1756012011.1839447,0,-10,-60
1756012011.2209446,-10,-6,-48
1756012011.2589445,2,-7,-57
1756012011.2979443,0,1,-50
1756012011.3339446,0,1,-53
1756012011.3709445,-4,3,-59
1756012011.4089446,-1,2,-60
1756012011.4479446,2,3,-46
1756012011.483945,7,-5,-54
1756012011.5209446,3,-4,-42
1756012011.5589447,-6,-3,-45
1756012011.5979445,-4,-3,-54
1756012011.6339445,-4,-2,-44
1756012011.6719446,-7,-4,-56
1756012011.7179446,-2,-2,-57
1756012011.7539446,-3,3,-60
1756012011.7909446,-6,2,-58
1756012011.8289447,-2,-3,-48
1756012011.8679447,-4,3,-51
1756012011.9039447,-4,3,-50
1756012011.940945,-4,0,-41
1756012011.9789443,-4,-1,-55
1756012012.0179446,-13,-7,-50
1756012012.0539446,-6,-2,-52
1756012012.0919447,-2,4,-53
1756012012.1299446,0,1,-53
1756012012.1689446,2,0,-43
1756012012.2069447,3,5,-47
1756012012.2429447,-8,7,-65
1756012012.2809446,0,8,-60
1756012012.3189447,2,-3,-53
1756012012.3569446,3,-1,-52
1756012012.3929446,6,-2,-58
1756012012.4299445,-3,-3,-49
1756012012.4689443,0,-4,-67
1756012012.5049446,2,2,-51
1756012012.5419445,0,2,-50
1756012012.5789447,0,7,-45
1756012012.6169446,-4,4,-44
1756012012.6529446,3,8,-44
1756012012.6899445,4,0,-49
1756012012.7279446,3,-2,-53
1756012012.7639446,5,0,-53
1756012012.8009446,5,-5,-41
1756012012.838945,-6,-2,-46
1756012012.8779447,-2,0,-54
1756012012.9139447,0,3,-38
1756012012.950945,3,5,-40
1756012012.9889443,7,1,-45
1756012013.0279446,0,-4,-53
1756012013.0639446,1,-1,-46
1756012013.1009445,5,0,-61
1756012013.1389446,9,7,-52
1756012013.1749446,8,8,-60
1756012013.2119446,-2,1,-61
1756012013.2499447,-7,5,-60
1756012013.2889447,-3,3,-59
1756012013.3249447,-3,0,-61
1756012013.3629446,0,-8,-52
1756012013.4009447,-6,-6,-42
1756012013.4399445,-4,-2,-50
1756012013.4779446,-3,-1,-56
1756012013.5139446,-6,-5,-47
1756012013.5519447,-5,-1,-47
1756012013.5899446,2,0,-62
1756012013.6279447,-4,0,-58
1756012013.6639447,0,-3,-55
1756012013.700945,2,-4,-63
1756012013.7399447,1,-5,-56
1756012013.7779446,0,-5,-57
1756012013.8139446,-3,-6,-51
1756012013.8519447,-7,-1,-55
1756012013.8899446,-2,4,-49
1756012013.9289446,-6,1,-46
1756012013.9649446,-5,-1,-46
1756012014.0029447,-4,7,-53
1756012014.0409446,2,0,-45
1756012014.0789447,0,-6,-47
1756012014.1149447,-2,-3,-51
1756012014.1529446,1,-7,-40
1756012014.190945,-3,-5,-57
1756012014.2299447,7,-1,-60
1756012014.2659447,2,-5,-45
1756012014.302945,3,-7,-45
1756012014.3409443,2,-10,-52
1756012014.3799446,-3,0,-60
1756012014.4159446,1,3,-52
1756012014.4529445,7,6,-55
1756012014.4899447,2,0,-46
1756012014.5259447,-2,-3,-58
1756012014.5649445,-1,-2,-48
1756012014.6019447,2,-3,-36
1756012014.6399446,2,-1,-62
1756012014.6789446,5,-2,-59
1756012014.7149446,8,-5,-54
1756012014.7519443,10,1,-48
1756012014.7899446,-3,0,-56
1756012014.825945,-8,0,-53
1756012014.8629446,1,-3,-56
1756012014.9019446,-10,-3,-56
1756012014.9399445,-11,-3,-36
1756012014.9759445,-1,0,-48
1756012015.0129447,0,5,-48
1756012015.0509446,-4,4,-55
1756012015.088945,-3,-1,-53
1756012015.1249447,5,-4,-46
1756012015.1619446,1,-8,-46
1756012015.200945,0,-6,-52
1756012015.2389443,0,2,-53
1756012015.2749443,0,4,-46
1756012015.3119447,-5,2,-46
1756012015.3509445,-6,1,-50
1756012015.3889446,2,-6,-52
1756012015.4249446,-6,-6,-41
1756012015.4629445,1,-5,-49
1756012015.5009446,2,0,-51
1756012015.5399446,-1,-4,-46
1756012015.575945,7,2,-59
1756012015.6129446,-2,2,-64
1756012015.6509447,3,1,-58
1756012015.6899445,-8,0,-59
1756012015.7259445,5,-3,-64
1756012015.7629447,5,4,-54
1756012015.8009446,1,0,-63
1756012015.8369446,2,0,-60
1756012015.8739443,0,-11,-58
1756012015.9119446,-2,-2,-52
1756012015.950945,4,0,-38
1756012015.986945,0,1,-45
1756012016.0239446,-3,2,-45
1756012016.0619447,0,4,-49
1756012016.1009445,-1,0,-57
1756012016.1369443,2,4,-63
1756012016.1739447,1,1,-50
1756012016.210945,-1,-1,-57
1756012016.2499447,-5,3,-61
1756012016.2859447,-4,-4,-56
1756012016.3239446,1,-4,-56
1756012016.361945,-6,-7,-37
1756012016.4009447,-4,-3,-47
1756012016.4369447,0,0,-47
1756012016.4749446,1,0,-52
1756012016.5119443,2,-3,-58
1756012016.5509446,0,0,-55
1756012016.5869446,-5,3,-52
1756012016.6249447,-3,-2,-56
1756012016.6619446,0,-4,-56
1756012016.700945,5,2,-49
1756012016.736945,-7,6,-44
1756012016.7739446,-10,-1,-51
1756012016.8119447,0,1,-53
1756012016.8499446,-8,0,-55
1756012016.8859446,-3,-3,-47
1756012016.9239447,-7,-2,-31
1756012016.9619446,-1,-5,-53
1756012017.0009446,-2,0,-50
1756012017.0379446,-2,-1,-38
1756012017.0749447,4,3,-59
1756012017.111945,2,1,-51
1756012017.1499443,-1,-3,-37
1756012017.1859446,-10,-4,-45
1756012017.223945,0,-2,-45
1756012017.2619443,-4,2,-58
1756012017.3009446,6,4,-54
1756012017.3369446,5,2,-57
1756012017.3739443,10,-5,-46
1756012017.4119446,4,1,-54
1756012017.4499447,0,2,-46
1756012017.4859445,-4,4,-49
1756012017.5249443,0,1,-44
1756012017.5619447,2,3,-37
1756012017.6009445,9,1,-61
1756012017.6369443,9,2,-61
1756012017.6749446,1,-1,-54
1756012017.7119446,6,-7,-52
1756012017.7509446,-3,2,-65
1756012017.7869446,-2,3,-62
1756012017.8249447,3,2,-46
1756012017.861945,5,-4,-37
1756012017.9009447,-2,-1,-26
1756012017.937945,-1,-1,-46
1756012017.9749446,4,-1,-53
1756012018.0129447,-5,5,-57
1756012018.0519447,2,0,-51
1756012018.0879445,0,-7,-54
1756012018.1259446,4,-3,-54
1756012018.1639447,7,0,-57
1756012018.2019446,-2,0,-54
1756012018.2379446,1,0,-48
1756012018.2749443,0,1,-57
1756012018.312945,6,-7,-38
1756012018.3509445,5,-5,-59
1756012018.3869443,1,-2,-42
1756012018.4239447,-5,2,-44
1756012018.4629445,-3,-3,-51
1756012018.5009446,-6,-2,-55
1756012018.5369446,-4,1,-61
1756012018.5739446,-8,-2,-49
1756012018.6129446,-3,-4,-59
1756012018.6509447,-4,-1,-50
1756012018.6869447,0,-3,-52
1756012018.723945,2,-2,-54
1756012018.7629447,1,2,-48
1756012018.8009446,0,2,-59
1756012018.8369446,1,0,-52
1756012018.8739443,-4,0,-59
1756012018.9129446,-2,-1,-60
1756012018.950945,-2,5,-62
1756012018.986945,-1,-1,-44
1756012019.0249443,-4,-3,-57
1756012019.062945,-7,-5,-54
1756012019.1019447,-4,-11,-66
1756012019.1379447,-4,0,-50
1756012019.1759446,-3,0,-51
1756012019.213945,-4,-2,-42
1756012019.2529447,-2,-3,-43
1756012019.2889447,0,-2,-41
1756012019.325945,-3,0,-41
1756012019.3639443,-6,4,-38
1756012019.4029446,2,5,-55
1756012019.4389446,5,2,-44
1756012019.4759445,2,0,-47
1756012019.5129447,3,-2,-46
1756012019.5519447,-1,0,-53
1756012019.5879445,0,4,-46
1756012019.6249447,0,1,-58
1756012019.6629446,-6,1,-55
1756012019.6989446,-6,2,-51
1756012019.736945,0,0,-44
1756012019.7739446,3,0,-49
1756012019.8119447,0,-1,-52
1756012019.8479445,-3,0,-42
1756012019.8859446,-6,-11,-47
1756012019.9239447,-4,-4,-48
1756012019.9629445,-1,-3,-50
1756012019.9989443,-5,-3,-51
1756012020.0369446,0,-3,-51
1756012020.0749447,-2,0,-44
1756012020.1139443,3,0,-50
1756012020.1519446,-2,4,-54
1756012020.187945,0,3,-56
1756012020.2249446,10,2,-59
1756012020.2639446,14,0,-49
1756012020.3019447,1,1,-52
1756012020.3379445,3,5,-52
1756012020.3749447,-1,1,-44
1756012020.4139447,-2,1,-49
1756012020.4519446,-7,-3,-45
1756012020.4879446,-8,0,-44
1756012020.5259447,-7,1,-52
1756012020.5639446,0,4,-54
1756012020.6019447,9,2,-56
1756012020.6379447,10,0,-50
1756012020.6749446,3,8,-54
1756012020.7129445,-7,-3,-53
1756012020.7489443,4,-3,-49
1756012020.7869446,-2,0,-54
1756012020.8249447,0,-4,-58
1756012020.8639443,-3,0,-51
1756012020.8999443,0,-3,-44
1756012020.9369447,0,-3,-55
1756012020.9749446,0,-4,-56
1756012021.0139446,-5,-6,-39
1756012021.0499446,-1,-1,-42
1756012021.0879445,-5,2,-50
1756012021.1259446,2,0,-40
1756012021.1639447,0,-3,-37
1756012021.2029445,-1,3,-43
1756012021.2389443,-1,0,-43
1756012021.2759447,-3,-1,-42
1756012021.3139446,1,-2,-53
1756012021.3529446,-2,-4,-46
1756012021.3889446,3,-1,-50
1756012021.4259446,0,0,-47
1756012021.463945,4,3,-54
1756012021.4999447,3,3,-51
1756012021.5369446,8,-2,-52
1756012021.5749447,3,1,-56
1756012021.6129446,2,3,-49
1756012021.6489446,3,1,-44
1756012021.6859446,0,7,-50
1756012021.7299447,6,0,-48
1756012021.7679446,-1,0,-53
1756012021.8069446,5,4,-54
1756012021.8449447,4,0,-51
1756012021.8829446,-3,-5,-54
1756012021.9189446,-4,-3,-51
1756012021.9569447,1,-7,-60
1756012021.9949446,5,-3,-41
1756012022.0339446,-3,0,-39
1756012022.0699446,0,3,-48
1756012022.1069446,2,-2,-39
1756012022.144945,-1,-3,-53
1756012022.1839447,0,-8,-61
1756012022.2199447,2,-4,-61
1756012022.256945,0,1,-58
1756012022.2949443,-3,0,-48
1756012022.3339446,-1,-1,-41
1756012022.3699446,4,0,-53
1756012022.4069445,0,-1,-50
1756012022.4449446,1,-7,-52
1756012022.483945,0,-3,-51
1756012022.519945,-6,-6,-45
1756012022.5579443,-8,-2,-50
1756012022.5959446,0,-7,-55
1756012022.634945,1,-3,-48
1756012022.6729443,1,9,-60
1756012022.7089446,6,5,-55
1756012022.746945,-1,-1,-60
1756012022.7849443,-4,0,-53
1756012022.8239446,6,0,-60
1756012022.8599446,0,0,-51
1756012022.8969443,-6,-4,-58
1756012022.9349446,-9,1,-43
1756012022.973945,-3,-1,-49
1756012023.009945,0,-4,-53
1756012023.0469446,1,1,-45
1756012023.0849447,-1,-1,-47
1756012023.121945,-4,2,-54
1756012023.1589446,0,1,-45
1756012023.1969447,1,-3,-57
1756012023.2359445,1,-7,-48
1756012023.2739446,0,-2,-49
1756012023.3099446,-1,-3,-46
1756012023.3479445,-2,-5,-50
1756012023.3869443,-2,0,-63
1756012023.4249446,-2,0,-54
1756012023.460945,5,0,-45
1756012023.4979446,11,0,-41
1756012023.5359447,2,0,-45
1756012023.5739446,-2,6,-51
1756012023.6099446,0,6,-43
1756012023.6469443,-2,6,-51
1756012023.6859446,-4,0,-50
1756012023.723945,5,-1,-49
1756012023.759945,1,0,-44
1756012023.7969446,0,5,-53
1756012023.835945,-4,7,-48
1756012023.8739443,-3,1,-49
1756012023.9099443,-3,5,-53
1756012023.9469447,4,2,-54
1756012023.9859445,1,4,-52
1756012024.0239446,-4,3,-41
1756012024.0599446,-11,7,-50
1756012024.0979445,-12,-1,-47
1756012024.1359446,-6,1,-50
1756012024.1739447,-6,-2,-50
1756012024.210945,-3,-1,-55
1756012024.2479446,-1,-3,-46
1756012024.2859447,2,0,-59
1756012024.3219447,7,-1,-52
1756012024.358945,8,0,-41
1756012024.3969443,0,-1,-42
1756012024.4359446,-4,-1,-53
1756012024.4719446,0,-2,-61
1756012024.5089445,-4,-7,-56
1756012024.5479443,0,-1,-47
1756012024.585945,0,1,-37
1756012024.621945,-3,0,-45
1756012024.6599443,0,-5,-46
1756012024.6979446,0,-8,-47
1756012024.7359445,-2,-11,-44
1756012024.7749443,1,1,-57
1756012024.8109446,0,0,-56
1756012024.8479445,0,4,-50
1756012024.8859446,-12,-2,-54
1756012024.9219446,-8,-2,-44
1756012024.960945,-5,-1,-54
1756012024.9979446,-1,0,-51
1756012025.0369446,0,-2,-49
1756012025.0749447,6,1,-39
1756012025.1109445,7,0,-45
1756012025.1479447,5,0,-51
1756012025.1859446,8,5,-55
1756012025.2219446,-3,4,-60
1756012025.2589445,-8,1,-58
1756012025.2969446,0,0,-56
1756012025.335945,-7,1,-58
1756012025.371945,-6,-3,-53
1756012025.4109447,1,1,-52
1756012025.4479446,5,-3,-64
1756012025.486945,0,-7,-60
1756012025.5249443,0,-9,-54
1756012025.5609446,2,-1,-52
1756012025.5979445,4,-5,-45
1756012025.6369443,0,-3,-45
1756012025.6749446,1,-6,-46
1756012025.710945,9,-5,-55
1756012025.7479446,-3,-2,-64
1756012025.7869446,5,-2,-56
1756012025.8249447,-2,0,-47
1756012025.8609445,0,7,-52
1756012025.8979447,0,4,-50
1756012025.9359446,-3,0,-41
1756012025.9719446,-5,3,-53
1756012026.009945,1,3,-48
1756012026.0479443,-4,1,-50
1756012026.0869446,-3,5,-55
1756012026.1229446,-1,4,-60
1756012026.1599443,4,0,-49
1756012026.1979446,-1,3,-55
1756012026.236945,-4,4,-60
1756012026.2729447,-5,2,-54
1756012026.3099446,0,-1,-52
1756012026.3479445,0,-3,-49
1756012026.3869443,-1,-2,-60
1756012026.4229443,5,4,-58
1756012026.4599447,-1,0,-51
1756012026.4979446,9,-3,-66
1756012026.5369446,0,-3,-53
1756012026.5729446,-3,0,-49
1756012026.6099446,-6,-2,-55
1756012026.6479447,1,-5,-58
1756012026.6869447,4,-4,-53
1756012026.7229445,5,0,-51
1756012026.759945,-1,-2,-50
1756012026.7979443,3,-5,-42
1756012026.8369446,3,-2,-50
1756012026.8729446,3,1,-50
1756012026.9099443,-2,-4,-49
1756012026.9479446,4,5,-49
1756012026.986945,-2,2,-49
1756012027.0229447,1,-8,-56
1756012027.0599446,-6,-3,-51
1756012027.0979445,-5,-5,-51
1756012027.1369443,2,1,-51
1756012027.1729443,-8,-1,-49
1756012027.210945,-4,-6,-42
1756012027.2489443,2,-4,-58
1756012027.2879446,-1,-1,-59
1756012027.325945,-2,1,-42
1756012027.361945,0,0,-52
1756012027.4009447,0,-2,-54
1756012027.437945,5,-1,-61
1756012027.4769447,1,-4,-59
1756012027.5129447,0,-1,-55
1756012027.5499446,6,2,-55
1756012027.5879445,3,6,-54
1756012027.6239443,1,-1,-50
1756012027.6619446,-10,-3,-56
1756012027.6999447,0,4,-63
1756012027.7379446,2,0,-51
1756012027.7739446,-1,1,-46
1756012027.8119447,0,-2,-51
1756012027.8499446,5,0,-48
1756012027.8879447,2,0,-52
1756012027.9239447,-1,6,-53
1756012027.9619446,0,3,-62
1756012027.9989443,2,0,-58
1756012028.0369446,-5,-4,-50
1756012028.0729446,-6,0,-60
1756012028.1099446,-7,-5,-49
1756012028.1479447,3,-3,-49
1756012028.1869447,-2,1,-45
1756012028.2229445,10,0,-51
1756012028.259945,1,-5,-55
1756012028.2989447,1,3,-54
1756012028.3369446,-8,4,-57
1756012028.3729446,-5,5,-60
1756012028.4099443,-6,3,-53
1756012028.4489446,-4,6,-46
1756012028.486945,6,-2,-46
1756012028.5229447,1,-2,-43
1756012028.5599446,2,7,-44
1756012028.5979445,-11,-4,-42
1756012028.6339445,-1,2,-51
1756012028.6719446,-7,0,-55
1756012028.7099447,2,0,-55
1756012028.7479446,0,-3,-44
1756012028.7839446,0,0,-46
1756012028.8209443,1,0,-46
1756012028.858945,-8,-2,-50
1756012028.8969443,-3,-5,-54
1756012028.9329443,2,-4,-60
1756012028.9709446,-5,-4,-56
1756012029.0089445,2,-6,-55
1756012029.0479443,-6,-6,-62
1756012029.0839446,-4,-2,-60
1756012029.121945,-4,1,-50
1756012029.1599443,0,-1,-50
1756012029.1989446,2,3,-48
1756012029.2349446,-2,1,-46
1756012029.2729447,1,0,-51
1756012029.3109446,0,-4,-43
1756012029.348945,1,0,-40
1756012029.384945,-10,-1,-52
1756012029.4229443,-2,0,-51
1756012029.460945,0,3,-45
1756012029.4989443,-5,-1,-46
1756012029.5349443,-4,0,-56
1756012029.5729446,-5,-3,-54
1756012029.6109445,-2,1,-50
1756012029.6489446,-1,2,-64
1756012029.687945,2,4,-53
1756012029.723945,-3,0,-50
1756012029.7619443,-7,2,-49
1756012029.7999446,-3,-2,-58
1756012029.838945,-4,-1,-56
1756012029.8749447,0,0,-61
1756012029.9119446,6,0,-51
1756012029.9499447,0,2,-46
1756012029.9879446,0,-1,-47
1756012030.0239446,-4,0,-55
1756012030.0609446,-2,0,-59
1756012030.0999446,0,-3,-53
1756012030.1379447,2,-4,-56
1756012030.1739447,2,-3,-59
1756012030.210945,-6,0,-67
1756012030.2499447,-5,-4,-54
1756012030.2879446,-10,-3,-52
1756012030.3239446,-4,0,-56
1756012030.3609445,-4,-2,-51
1756012030.3999443,-4,0,-51
1756012030.437945,-1,-3,-40
1756012030.473945,-4,-3,-49
1756012030.5119443,0,-4,-58
1756012030.5499446,-5,-4,-49
1756012030.588945,-1,0,-43
1756012030.6249447,-4,-1,-53
1756012030.6629446,-5,0,-45
1756012030.700945,0,4,-46
1756012030.7389443,-7,2,-54
1756012030.7749443,-6,0,-47
1756012030.812945,-4,2,-50
1756012030.8509445,-1,9,-54
1756012030.8899446,2,3,-48
1756012030.9259446,-4,0,-57
1756012030.9629445,-2,0,-47
1756012031.0009446,1,-4,-57
1756012031.0399446,-2,0,-67
1756012031.075945,-2,0,-63
1756012031.1129446,2,-6,-56
1756012031.1509447,1,-5,-51
1756012031.1899445,-4,1,-36
1756012031.2259445,-2,-1,-42
1756012031.2639446,4,1,-46
1756012031.3019447,0,2,-50
1756012031.3399446,0,0,-51
1756012031.3759446,-5,4,-47
1756012031.4139447,-9,4,-48
1756012031.4519446,2,3,-56
1756012031.4899447,-1,-3,-55
1756012031.5289447,0,1,-54
1756012031.5649445,1,2,-49
1756012031.6019447,-2,-3,-59
1756012031.6409447,3,-6,-40
1756012031.6789446,4,-2,-41
1756012031.7149446,2,-1,-46
1756012031.7609446,6,-7,-52
1756012031.7989447,0,-2,-54
1756012031.8349447,-6,2,-51
1756012031.8729446,-1,0,-55
1756012031.9109447,-2,1,-52
1756012031.9499447,-5,0,-46
1756012031.9859445,-2,0,-56
1756012032.0239446,-7,4,-54
1756012032.0619447,1,1,-48
1756012032.0999446,3,3,-45
1756012032.1359446,4,1,-53
1756012032.1729443,1,8,-60
1756012032.210945,3,7,-54
1756012032.2489443,0,3,-57
1756012032.2849443,-2,2,-57
1756012032.3229446,-5,4,-50
1756012032.3609445,5,-7,-52
1756012032.3999443,9,0,-54
1756012032.4359446,5,1,-46
1756012032.4729445,-4,-3,-41
1756012032.5109446,0,-2,-55
1756012032.5499446,-2,-1,-53
1756012032.585945,-3,0,-51
1756012032.6229446,-7,-6,-48
1756012032.6609447,4,4,-42
1756012032.6969447,3,6,-35
1756012032.733945,-4,5,-33
1756012032.7729447,-1,-1,-46
1756012032.8109446,0,2,-48
1756012032.8469446,-3,1,-45
1756012032.8839445,-4,-4,-44
1756012032.9219446,0,-2,-42
1756012032.960945,2,1,-39
1756012032.996945,0,-6,-46
1756012033.0339446,-1,-12,-38
1756012033.0729446,5,-6,-43
1756012033.1109445,0,-4,-45
1756012033.1469443,-9,-3,-43
1756012033.1849446,0,1,-44
1756012033.2219446,-3,2,-41
1756012033.2609446,1,0,-56
1756012033.2969446,-6,0,-55
1756012033.3339446,-2,3,-39
1756012033.371945,-7,-2,-44
1756012033.4109447,0,-1,-57
1756012033.4469447,0,-6,-63
1756012033.483945,1,-7,-56
1756012033.5219443,1,-5,-56
1756012033.5609446,-6,-5,-55
1756012033.5969446,-4,1,-51
1756012033.634945,-9,11,-63
1756012033.6719446,0,0,-47
1756012033.710945,-5,-1,-46
1756012033.746945,4,-4,-46
1756012033.7839446,-5,-1,-63
1756012033.8219447,-4,-1,-49
1756012033.8609445,0,2,-49
1756012033.8969443,-3,-2,-49
1756012033.9349446,-6,1,-43
1756012033.973945,0,-2,-45
1756012034.0119443,-7,3,-49
1756012034.0499446,-4,2,-38
1756012034.085945,0,0,-49
1756012034.1239443,6,-3,-49
1756012034.1619446,2,-3,-55
1756012034.1979446,-2,0,-48
1756012034.2349446,3,-2,-49
1756012034.2739446,0,-2,-54
1756012034.3119447,-1,2,-49
1756012034.3479445,-1,6,-51
1756012034.3859446,2,7,-45
1756012034.4239447,1,7,-53
1756012034.4619446,6,-2,-54
1756012034.4979446,1,-11,-48
1756012034.5349443,2,-1,-54
1756012034.5729446,0,-6,-48
1756012034.611945,0,1,-55
1756012034.6479447,-10,4,-56
1756012034.6849446,-2,5,-65
1756012034.7229445,-7,-6,-57
1756012034.7619443,0,0,-58
1756012034.7979443,-3,5,-56
1756012034.8349447,3,3,-57
1756012034.871945,0,0,-52
1756012034.907945,8,0,-46
1756012034.9449446,2,1,-45
1756012034.9829447,3,0,-45
1756012035.0209446,2,1,-54
1756012035.0569446,1,1,-51
1756012035.0939443,1,-2,-65
1756012035.1329446,-5,1,-51
1756012035.1709447,-6,-1,-50
1756012035.2069447,4,-6,-58
1756012035.2439446,5,-1,-47
1756012035.282945,-2,0,-53
1756012035.3209443,1,0,-49
1756012035.3569446,3,1,-51
1756012035.3939445,-7,1,-59
1756012035.4329443,0,2,-55
1756012035.4709446,-8,-3,-63
1756012035.506945,-8,-3,-54
1756012035.5449443,2,-6,-57
1756012035.5829446,7,-10,-52
1756012035.621945,-5,-1,-57
1756012035.6589446,-1,-7,-59
1756012035.6959443,-2,-1,-55
1756012035.7349446,0,-9,-40
1756012035.7729447,-4,-8,-50
1756012035.8109446,-5,-4,-60
1756012035.8479445,0,6,-53
1756012035.884945,-7,1,-45
1756012035.9229443,6,-4,-50
1756012035.9619446,2,-4,-47
1756012035.9979446,6,-3,-42
1756012036.0359447,1,-5,-48
1756012036.0739446,-2,-6,-50
1756012036.1129446,0,0,-55
1756012036.1489446,-1,0,-53
1756012036.1859446,-3,6,-52
1756012036.223945,3,2,-43
1756012036.2619443,-4,2,-48
1756012036.2979443,-10,8,-55
1756012036.335945,-1,3,-64
1756012036.3739443,-5,0,-61
1756012036.4129446,1,-3,-51
1756012036.4489446,-3,2,-47
1756012036.486945,3,-2,-45
1756012036.5249443,-4,-2,-48
1756012036.5639446,-5,-3,-47
1756012036.6019447,4,1,-56
1756012036.6379447,-2,-2,-53
1756012036.6759446,-3,-6,-56
1756012036.713945,8,-4,-47
1756012036.7529447,0,2,-51
1756012036.7889447,0,5,-61
1756012036.825945,-2,0,-48
1756012036.8639443,-3,-5,-44
1756012036.9029446,-5,4,-54
1756012036.9389446,-3,-7,-59
1756012036.9769447,0,-8,-60
1756012037.0149446,0,-5,-54
1756012037.0539446,4,-8,-41
1756012037.0919447,7,0,-69
1756012037.1279447,0,3,-56
1756012037.1659446,-5,3,-51
1756012037.2039447,0,2,-51
1756012037.2419446,0,1,-52
1756012037.2779446,-2,-1,-48
1756012037.315945,2,-2,-61
1756012037.3539443,2,-3,-50
1756012037.3929446,2,4,-45
1756012037.4289446,-2,-2,-43
1756012037.4669447,-1,1,-50
1756012037.5049446,-1,-6,-55
1756012037.5439446,-6,-8,-55
1756012037.5799446,0,0,-56
1756012037.6169446,-2,1,-52
1756012037.654945,-4,0,-58
1756012037.6939447,0,0,-63
1756012037.7299447,-4,4,-54
1756012037.7669446,2,-1,-42
1756012037.8049445,-1,-2,-38
1756012037.8439443,4,-4,-48
1756012037.8799446,3,-3,-56
1756012037.9169445,-1,5,-47
1756012037.9549446,-6,0,-36
1756012037.9939446,-6,0,-45
1756012038.029945,-8,0,-50
1756012038.0669446,-5,-11,-48
1756012038.1049447,-2,-6,-60
1756012038.1439445,-2,-2,-48
1756012038.1799445,-2,0,-53
1756012038.2169447,-2,-4,-51
1756012038.2549446,0,3,-51
1756012038.292945,2,10,-47
1756012038.3289447,1,3,-51
1756012038.3669446,-1,-11,-46
1756012038.404945,-5,-5,-50
1756012038.4439447,-6,-1,-43
1756012038.4799447,-1,0,-49
1756012038.5169446,-6,-1,-41
1756012038.5549445,8,-6,-54
1756012038.5939443,3,0,-46
1756012038.6299446,0,3,-52
1756012038.6669445,0,0,-57
1756012038.7049446,0,4,-56
1756012038.7429447,5,9,-43
1756012038.7789447,10,0,-37
1756012038.815945,6,-4,-40
1756012038.8549447,-1,-3,-49
1756012038.8929446,1,-2,-45
1756012038.9289446,-1,4,-52
1756012038.9659443,0,3,-57
1756012039.0039446,0,7,-66
1756012039.0399446,-1,0,-54
1756012039.0779445,-1,-10,-52
1756012039.1159446,-9,-3,-47
1756012039.154945,0,-1,-49
1756012039.1929443,3,-10,-48
1756012039.2289443,-1,-1,-51
1756012039.2669446,-4,-1,-55
1756012039.3049445,-1,-1,-53
1756012039.3439443,-8,-3,-61
1756012039.3799446,-1,-2,-50
1756012039.417945,-3,1,-37
1756012039.4559443,0,6,-49
1756012039.4939446,4,0,-62
1756012039.529945,-1,0,-56
1756012039.5669446,2,4,-52
1756012039.6049447,6,1,-40
1756012039.6409447,-1,6,-39
1756012039.6789446,0,1,-48
1756012039.7159443,3,0,-58
1756012039.7539446,0,0,-60
1756012039.7899446,-5,2,-51
1756012039.8279445,1,-3,-56
1756012039.8659446,0,0,-49
1756012039.9039447,-7,-4,-56
1756012039.9399445,-4,-8,-54
1756012039.9789443,-2,-2,-54
1756012040.0159447,4,-3,-52
1756012040.0549445,2,-2,-49
1756012040.0909443,-1,0,-56
1756012040.1279447,-6,6,-67
1756012040.1659446,-11,-1,-40
1756012040.2049446,-9,-2,-43
1756012040.2409446,4,-5,-51
1756012040.2789447,2,-1,-50
1756012040.315945,3,-1,-56
1756012040.3549447,0,1,-51
1756012040.3909447,2,2,-50
1756012040.427945,-1,-4,-48
1756012040.4659443,4,-2,-61
1756012040.5049446,2,-6,-52
1756012040.5409446,8,-4,-40
1756012040.5779445,9,-1,-56
1756012040.6159446,6,0,-60
1756012040.6539447,-2,0,-61
1756012040.6899445,1,-3,-57
1756012040.7269447,-4,0,-62
1756012040.7659447,-1,-4,-51
1756012040.8039446,-3,-4,-43
1756012040.8399446,2,-6,-34
1756012040.8769443,-1,-3,-55
1756012040.9159446,-8,-5,-48
1756012040.9519446,-7,1,-48
1756012040.9899447,-4,-2,-49
1756012041.0289447,-1,-7,-65
1756012041.065945,-2,-2,-58
1756012041.1049447,2,-3,-51
1756012041.1409447,1,-6,-50
1756012041.1789446,-7,-4,-58
1756012041.2159443,0,1,-49
1756012041.2519443,-4,-4,-60
1756012041.2899446,-10,-3,-49
1756012041.3289447,-5,-7,-60
1756012041.3659446,-4,-7,-66
1756012041.404945,-5,-8,-52
1756012041.440945,-9,-4,-50
1756012041.4789443,-6,-4,-47
1756012041.5169446,-3,-7,-47
1756012041.5559447,-5,-3,-53
1756012041.5919447,-1,-3,-53
1756012041.6299446,-1,0,-44
1756012041.667945,2,-3,-56
1756012041.7069447,2,0,-49
1756012041.7449446,-1,3,-51
1756012041.7879446,-3,2,-60
1756012041.8269446,-4,-3,-64
1756012041.8649447,3,0,-47
1756012041.9009447,6,-2,-44
1756012041.937945,8,1,-30
1756012041.9759445,3,2,-37
1756012042.0119443,7,-3,-49
1756012042.0489447,8,-4,-59
1756012042.0869446,0,-1,-55
1756012042.1259446,6,4,-48
1756012042.1619446,0,-1,-46
1756012042.1989446,1,-1,-47
1756012042.236945,-3,-2,-56
1756012042.2759447,0,-6,-49
1756012042.3119447,4,-6,-57
1756012042.3499446,3,-5,-49
1756012042.3879447,0,-3,-42
1756012042.4269447,9,-3,-51
1756012042.4649446,-2,-4,-53
1756012042.5009446,-3,-5,-50
1756012042.5399446,-2,1,-42
1756012042.5769446,3,-2,-46
1756012042.6159446,2,-5,-49
1756012042.6519446,-2,-1,-56
1756012042.6899445,-4,2,-50
1756012042.7279446,0,-1,-46
1756012042.7669446,0,1,-50
1756012042.802945,0,0,-53
1756012042.8399446,-1,-4,-59
1756012042.8779447,-6,-3,-58
1756012042.9169445,0,0,-57
1756012042.9529445,-1,0,-64
1756012042.9909446,4,6,-50
1756012043.0279446,-2,12,-41
1756012043.0669446,-3,-1,-52
1756012043.1029446,2,0,-54
1756012043.1409447,-3,-4,-52
1756012043.177945,-4,4,-61
1756012043.2169447,5,1,-41
1756012043.2539446,9,4,-46
1756012043.2909446,3,-2,-49
1756012043.3289447,1,5,-48
1756012043.3669446,5,6,-56
1756012043.4029446,0,5,-57
1756012043.440945,-1,0,-56
1756012043.4789443,2,-5,-47
1756012043.5179446,0,3,-48
1756012043.5559447,-2,9,-41
1756012043.5919447,7,-3,-44
1756012043.6299446,1,-4,-49
1756012043.6689446,-6,-3,-51
1756012043.7069447,-2,-3,-51
1756012043.7429447,1,2,-53
1756012043.779945,-1,-5,-55
1756012043.8189447,6,-5,-52
1756012043.8569446,1,-10,-54
1756012043.8929446,-2,-6,-53
1756012043.9319446,-7,3,-47
1756012043.9699447,6,-8,-51
1756012044.0079446,-5,-4,-64
1756012044.0459447,3,-5,-60
1756012044.0819447,-7,-2,-60
1756012044.1199446,-5,-3,-50
1756012044.157945,0,-2,-54
1756012044.1969447,-2,-2,-48
1756012044.2329447,-2,0,-47
1756012044.269945,2,1,-54
1756012044.3079443,7,3,-50
1756012044.3439443,5,0,-55
1756012044.3809447,-3,-4,-54
1756012044.4199443,-8,-3,-46
1756012044.4579446,8,-3,-59
1756012044.4939446,0,0,-67
1756012044.5309446,-2,-2,-51
1756012044.5699446,0,0,-55
1756012044.6079447,-6,1,-45
1756012044.6439445,0,0,-50
1756012044.6819446,0,6,-52
1756012044.7189443,0,3,-54
1756012044.7579446,-2,5,-46
1756012044.7939446,0,-4,-39
1756012044.8309443,2,-7,-57
1756012044.8689446,0,-3,-62
1756012044.907945,-5,-1,-60
1756012044.9439447,1,0,-52
1756012044.9809446,-6,0,-49
1756012045.0189445,3,-1,-47
1756012045.0579443,-2,-2,-54
1756012045.0939443,1,0,-50
1756012045.131945,-1,0,-41
1756012045.1699443,-4,2,-48
1756012045.2089446,-3,-7,-53
1756012045.246945,5,-4,-44
1756012045.282945,5,1,-40
1756012045.3199446,-2,-1,-48
1756012045.358945,-3,-4,-57
1756012045.3969443,-4,-2,-56
1756012045.4329443,-1,-2,-58
1756012045.4709446,1,2,-60
1756012045.5089445,3,-2,-59
1756012045.5469446,0,-2,-58
1756012045.5829446,1,-7,-54
1756012045.6199446,-3,-4,-54
1756012045.6589446,-13,-4,-41
1756012045.6969447,-3,-9,-45
1756012045.7329447,-3,-4,-45
1756012045.7709446,-5,-3,-58
1756012045.8089447,-5,-3,-49
1756012045.8479445,2,-6,-54
1756012045.8839445,0,-5,-51
1756012045.9219446,0,-11,-51
1756012045.9599447,0,-5,-51
1756012045.9989443,1,-2,-48
1756012046.0349443,7,-3,-57
1756012046.0729446,-3,-6,-52
1756012046.1109445,-1,0,-57
1756012046.1489446,-1,0,-51
1756012046.187945,2,6,-45
1756012046.223945,3,2,-46
1756012046.2609446,6,-6,-52
1756012046.2989447,0,-2,-54
1756012046.3379445,0,-2,-53
1756012046.3739443,1,0,-47
1756012046.4119446,1,2,-48
1756012046.4489446,5,0,-59
1756012046.4849446,6,0,-47
1756012046.5229447,3,3,-51
1756012046.5609446,7,4,-54
1756012046.598945,0,-5,-55
1756012046.634945,5,-5,-44
1756012046.6729443,3,-1,-52
1756012046.710945,-7,-1,-38
1756012046.7499447,-3,3,-48
1756012046.7879446,-3,2,-64
1756012046.8239446,-8,-1,-54
1756012046.861945,-4,-5,-53
1756012046.8999443,-7,0,-52
1756012046.9389446,-1,0,-56
1756012046.9749446,2,-3,-61
1756012047.0129447,10,-2,-54
1756012047.0509446,4,0,-39
1756012047.0899446,-5,-3,-45
1756012047.1279447,-1,3,-51
1756012047.1639447,3,5,-52
1756012047.200945,-1,1,-38
1756012047.2399447,-5,-1,-50
1756012047.2779446,2,1,-49
1756012047.3139446,-1,-3,-50
1756012047.3529446,-4,-3,-52
1756012047.3899446,-2,2,-54
1756012047.4289446,-6,-1,-45
1756012047.4649446,-2,0,-50
1756012047.5019443,-5,-3,-53
1756012047.5399446,-2,-3,-53
1756012047.5789447,-6,0,-52
1756012047.6149447,-6,-4,-46
1756012047.6529446,-11,-6,-51
1756012047.690945,-6,-5,-60
1756012047.7299447,0,1,-48
1756012047.7659447,-3,5,-60
1756012047.8039446,1,-1,-66
1756012047.8419447,0,-3,-55
1756012047.8799446,2,3,-36
1756012047.9159446,1,-2,-43
1756012047.9539447,5,-4,-49
1756012047.9919446,-2,-1,-50
1756012048.029945,4,-3,-48
1756012048.0689447,0,2,-60
1756012048.1049447,-2,0,-62
1756012048.1429446,0,0,-51
1756012048.1799445,1,0,-50
1756012048.2189443,-2,3,-60
1756012048.2549446,0,1,-45
1756012048.2919445,2,6,-45
1756012048.3309443,7,2,-47
1756012048.3689446,6,3,-56
1756012048.404945,5,1,-54
1756012048.4419446,-3,1,-49
1756012048.4809446,-2,-3,-54
1756012048.5189445,-2,-10,-51
1756012048.5549445,0,-8,-52
1756012048.5919447,1,-2,-47
1756012048.6309447,8,-1,-55
1756012048.6689446,5,0,-51
1756012048.7049446,-3,-1,-61
1756012048.7429447,0,0,-49
1756012048.7809446,-2,-2,-48
1756012048.8189447,0,0,-50
1756012048.8549447,6,1,-45
1756012048.8929446,1,2,-56
1756012048.9309447,1,-4,-55
1756012048.9689443,-10,-3,-49
1756012049.0049446,-3,-1,-61
1756012049.042945,-1,-4,-58
1756012049.0809443,-3,3,-35
1756012049.1199446,3,2,-45
1756012049.1559446,7,3,-51
1756012049.1929443,3,-1,-56
1756012049.2309446,0,-1,-43
1756012049.269945,0,-6,-61
1756012049.3059447,-1,0,-64
1756012049.3429446,0,-5,-47
1756012049.3809447,6,4,-56
1756012049.4169445,-1,6,-50
1756012049.4539447,-4,8,-47
1756012049.4929447,-4,3,-43
1756012049.5309446,6,6,-45
1756012049.5669446,2,5,-48
1756012049.6039443,0,0,-51
1756012049.6429446,1,7,-51
1756012049.6809447,-1,-1,-61
1756012049.7169447,-3,-5,-57
1756012049.7549446,-4,3,-48
1756012049.792945,-6,-3,-48
1756012049.8309443,4,-2,-55
1756012049.8699446,0,0,-47
1756012049.9059446,2,2,-54
1756012049.9429443,0,7,-51
1756012049.9809446,-2,2,-62
1756012050.0169446,0,3,-59
1756012050.0549445,6,-3,-51
1756012050.0929446,7,5,-46
1756012050.1309447,-2,4,-49
1756012050.1669445,-4,-5,-35
1756012050.2049446,-2,4,-52
1756012050.2429447,3,-7,-50
1756012050.2819445,-3,-3,-56
1756012050.3199446,2,0,-50
1756012050.3559446,-1,-1,-56
1756012050.3939445,0,2,-48
1756012050.4319446,2,8,-45
1756012050.4699447,3,-4,-53
1756012050.5059447,5,-6,-56
1756012050.542945,-3,0,-58
1756012050.5819447,0,-5,-51
1756012050.6199446,-1,-7,-45
1756012050.6559446,1,-6,-51
1756012050.6929443,1,-7,-51
1756012050.7319446,7,-8,-46
1756012050.769945,2,-1,-47
1756012050.8059447,0,-2,-49
1756012050.8439443,2,-1,-57
1756012050.881945,-3,-2,-45
1756012050.9209447,-4,-1,-56
1756012050.9569447,-7,3,-47
1756012050.9939446,0,3,-49
1756012051.0319445,-4,0,-52
1756012051.0679443,-7,0,-47
1756012051.1049447,5,3,-52
1756012051.1419446,-1,-6,-61
1756012051.1809447,-7,1,-54
1756012051.2169447,0,0,-52
1756012051.2549446,-10,0,-46
1756012051.2919445,-8,2,-63
1756012051.3309443,-7,-3,-65
1756012051.3669446,1,-3,-49
1756012051.404945,2,-3,-51
1756012051.4429443,11,0,-45
1756012051.4819446,2,0,-50
1756012051.5179446,5,-1,-56
1756012051.5549445,-7,-1,-61
1756012051.5929446,-2,0,-60
1756012051.631945,-2,1,-62
1756012051.667945,2,-1,-48
1756012051.7049446,-3,-11,-48
1756012051.7429447,0,-4,-52
1756012051.7819445,0,5,-54
1756012051.825945,2,0,-55
1756012051.8639443,-2,1,-52
1756012051.9029446,-1,-8,-42
1756012051.940945,-6,3,-51
1756012051.9769447,2,-3,-52
1756012052.0139446,-1,0,-53
1756012052.052945,-8,3,-54
1756012052.0909443,-1,1,-50
1756012052.1269443,4,2,-50
1756012052.1639447,2,-2,-64
1756012052.2029445,5,-2,-65
1756012052.2409446,-3,-5,-60
1756012052.2769446,-9,-2,-53
1756012052.3149445,4,0,-42
1756012052.3539443,0,-4,-40
1756012052.3919446,0,-1,-39
1756012052.427945,-4,0,-51
1756012052.4649446,0,-3,-61
1756012052.5029447,1,-8,-56
1756012052.5419445,-2,2,-50
1756012052.5779445,-4,0,-50
1756012052.6149447,4,0,-54
1756012052.6529446,0,-7,-57
1756012052.6889446,0,-4,-59
1756012052.7269447,2,4,-59
1756012052.7639446,2,3,-59
1756012052.8019447,-4,5,-64
1756012052.8379445,0,-4,-62
1756012052.8749447,-4,-5,-52
1756012052.9129446,3,-7,-60
1756012052.9519446,-1,-3,-68
1756012052.9879446,-1,0,-71
1756012053.0249443,-3,-1,-60
1756012053.062945,1,-8,-56
1756012053.1019447,-3,0,-43
1756012053.1379447,1,0,-51
1756012053.1749446,0,7,-53
1756012053.2129445,-6,-3,-59
1756012053.2499447,-9,-1,-53
1756012053.2869446,-3,-2,-62
1756012053.3249447,-5,0,-57
1756012053.3639443,-1,0,-48
1756012053.4019446,-6,1,-52
1756012053.437945,0,2,-49
1756012053.4749446,0,-4,-54
1756012053.5139446,5,0,-57
1756012053.5519447,-1,0,-63
1756012053.5879445,1,-1,-53
1756012053.6259446,3,-2,-47
1756012053.6639447,3,-8,-41
1756012053.7029445,-2,4,-45
1756012053.7389443,-3,1,-46
1756012053.7769446,0,0,-43
1756012053.8149445,-1,2,-44
1756012053.8539443,-5,0,-51
1756012053.8919446,1,-4,-50
1756012053.927945,-4,-1,-52
1756012053.9659443,1,-3,-42
1756012054.0039446,0,0,-53
1756012054.0419445,0,0,-55
1756012054.0779445,-2,-7,-54
1756012054.1159446,-2,0,-58
1756012054.1539447,-5,-4,-54
1756012054.1929443,9,-3,-54
1756012054.2289443,1,-3,-52
1756012054.2659447,2,-7,-40
1756012054.3039446,-6,-5,-52
1756012054.3429446,-1,-3,-48
1756012054.3789446,-2,-1,-48
1756012054.4169445,1,2,-52
1756012054.4539447,3,-4,-52
1756012054.4929447,6,-2,-51
1756012054.5289447,1,-1,-58
1756012054.565945,0,-7,-51
1756012054.6039443,-1,-2,-51
1756012054.6429446,0,-1,-55
1756012054.6789446,-8,2,-50
1756012054.7159443,-1,-3,-53
1756012054.7539446,6,0,-56
1756012054.7899446,10,0,-50
1756012054.8269446,1,3,-50
1756012054.8659446,9,0,-51
1756012054.9039447,4,-3,-48
1756012054.9399445,0,-3,-49
1756012054.9769447,-8,5,-61
1756012055.0159447,-3,3,-46
1756012055.0539446,1,3,-49
1756012055.0899446,-1,8,-45
1756012055.1269443,-2,3,-53
1756012055.1659446,-2,3,-52
1756012055.2039447,-5,-3,-56
1756012055.2399447,-5,3,-52
1756012055.2769446,0,1,-52
1756012055.3149445,3,1,-55
1756012055.3529446,0,-1,-51
1756012055.3889446,-5,-1,-49
1756012055.4269447,-6,-4,-53
1756012055.4649446,-1,1,-49
1756012055.5039446,-2,-3,-49
1756012055.5399446,1,2,-42
1756012055.5769446,0,11,-52
1756012055.6149447,1,-2,-50
1756012055.6529446,-5,3,-48
1756012055.6889446,0,9,-51
1756012055.7269447,-1,5,-48
1756012055.7649446,-3,-1,-53
1756012055.8039446,0,-3,-62
1756012055.8399446,2,-5,-65
1756012055.8769443,5,-1,-52
1756012055.9149446,-6,-5,-51
1756012055.9539447,-2,-5,-55
1756012055.9899447,0,0,-61
1756012056.0269446,-2,-2,-53
1756012056.0649445,-4,-3,-57
1756012056.1039443,10,-5,-53
1756012056.1399446,2,4,-54
1756012056.1769447,-1,0,-60
1756012056.2149446,5,0,-49
1756012056.2509446,5,1,-57
1756012056.2879446,8,0,-49
1756012056.3249447,-5,0,-50
1756012056.3639443,-11,1,-48
1756012056.3999443,3,3,-49
1756012056.4369447,6,9,-46
1756012056.4749446,5,2,-44
1756012056.5139446,-1,6,-47
1756012056.5509446,0,6,-49
1756012056.5879445,-1,8,-53
1756012056.6259446,-7,8,-59
1756012056.6649446,-5,2,-45
1756012056.700945,0,-2,-42
1756012056.7379446,0,-2,-54
1756012056.7759447,0,-8,-48
1756012056.8149445,0,0,-52
1756012056.8509445,-4,-5,-52
1756012056.8889446,6,0,-42
1756012056.9259446,2,-4,-36
1756012056.9649446,5,0,-44
1756012057.0009446,3,1,-57
1756012057.0379446,-11,4,-58
1756012057.075945,0,-4,-56
1756012057.1149447,0,-2,-59
1756012057.1509447,3,0,-46
1756012057.1889446,3,0,-43
1756012057.2259445,5,6,-47
1756012057.2639446,0,10,-53
1756012057.2999446,-7,8,-59
1756012057.3369446,-2,1,-55
1756012057.3759446,-4,8,-48
1756012057.4139447,-5,3,-46
1756012057.4499447,-7,0,-46
1756012057.486945,-3,3,-50
1756012057.5259447,1,7,-55
1756012057.5639446,-2,0,-40
1756012057.5999446,0,-2,-56
1756012057.6369443,1,0,-45
1756012057.6749446,1,0,-44
1756012057.710945,8,-10,-52
1756012057.7479446,-6,-7,-49
1756012057.7859447,-3,-2,-54
1756012057.8249447,3,0,-45
1756012057.8609445,0,-3,-40
1756012057.8979447,-8,0,-51
1756012057.9359446,-3,-3,-51
1756012057.9749446,-9,-6,-56
1756012058.0109446,-7,0,-42
1756012058.0479443,-6,1,-49
1756012058.085945,0,0,-53
1756012058.1249447,6,4,-44
1756012058.1609447,0,0,-43
1756012058.1989446,-2,-2,-49
1756012058.236945,-2,-4,-54
1756012058.2759447,-1,-3,-45
1756012058.3119447,3,-3,-50
1756012058.3499446,-2,-6,-38
1756012058.3879447,-6,-4,-60
1756012058.4269447,5,-3,-56
1756012058.4649446,-2,4,-51
1756012058.5009446,-6,6,-49
1756012058.5379446,-12,9,-53
1756012058.5769446,-2,0,-49
1756012058.6149447,-3,0,-52
1756012058.6509447,-1,0,-54
1756012058.687945,-4,-1,-57
1756012058.7269447,-6,-3,-51
1756012058.7649446,-7,6,-40
1756012058.8009446,-4,3,-46
1756012058.8379445,0,0,-57
1756012058.8769443,-5,-1,-46
1756012058.9149446,-7,-7,-47
1756012058.950945,3,-6,-44
1756012058.9879446,-9,-2,-46
1756012059.0269446,-2,1,-47
1756012059.0649445,0,0,-43
1756012059.1009445,-4,1,-43
1756012059.1379447,1,3,-48
1756012059.1759446,2,-2,-48
1756012059.2119446,1,-6,-45
1756012059.2499447,-9,-3,-47
1756012059.2879446,-3,-4,-65
1756012059.325945,-10,-7,-59
1756012059.361945,-7,-6,-63
1756012059.3999443,-5,-11,-58
1756012059.437945,0,-4,-54
1756012059.4769447,-3,0,-46
1756012059.5129447,-1,-4,-55
1756012059.5509446,-5,-1,-60
1756012059.588945,-1,-4,-52
1756012059.6269443,-2,3,-39
1756012059.6659446,-2,-3,-46
1756012059.7019446,-1,4,-51
1756012059.7409446,1,7,-50
1756012059.7779446,-5,2,-57
1756012059.8169446,-3,0,-49
1756012059.8529446,2,1,-54
1756012059.8909447,2,-1,-59
1756012059.9289446,-2,-1,-56
1756012059.9679446,-6,1,-47
1756012060.0059447,-7,-3,-41
1756012060.0419445,1,-7,-40
1756012060.0789447,4,-5,-53
1756012060.1179447,1,0,-44
1756012060.1559446,-1,4,-36
1756012060.1919446,-5,0,-37
1756012060.2289443,-1,3,-48
1756012060.2679446,-5,0,-58
1756012060.3059447,0,-3,-58
1756012060.3419447,5,-6,-42
1756012060.3799446,1,1,-59
1756012060.417945,3,2,-48
1756012060.4559443,-6,0,-56
1756012060.4919446,0,-2,-49
1756012060.5289447,-2,-1,-55
1756012060.5679443,5,-6,-46
1756012060.6059446,5,0,-60
1756012060.6419446,0,2,-47
1756012060.6789446,-3,-1,-56
1756012060.7179446,1,8,-59
1756012060.7559447,3,-1,-55
1756012060.7919445,-6,-2,-51
1756012060.8299446,-4,-3,-53
1756012060.8679447,-4,0,-61
1756012060.9069445,-10,0,-58
1756012060.9429443,-1,0,-56
1756012060.9809446,0,1,-57
1756012061.0179446,0,-6,-45
1756012061.0569446,-1,-11,-42
1756012061.0929446,2,-9,-44
1756012061.1309447,0,0,-38
1756012061.167945,3,-1,-43
1756012061.2069447,7,-2,-40
1756012061.2429447,8,-4,-49
1756012061.2819445,4,0,-49
1756012061.3189447,-1,-2,-51
1756012061.3579447,3,-1,-52
1756012061.3939445,3,0,-46
1756012061.4319446,0,-2,-48
1756012061.4699447,6,-1,-55
1756012061.5079446,5,1,-47
1756012061.5439446,5,4,-41
1756012061.5819447,3,2,-49
1756012061.6189446,2,-4,-53
1756012061.657945,0,-1,-55
1756012061.6949446,-1,6,-49
1756012061.7319446,-7,0,-51
1756012061.769945,2,0,-60
1756012061.8079443,3,2,-64
1756012061.8509445,2,0,-47
1756012061.8889446,3,4,-58
1756012061.9269447,1,-5,-53
1756012061.963945,-3,0,-51
1756012062.0009446,4,3,-61
1756012062.0389447,0,-2,-57
1756012062.0769446,-2,-2,-54
1756012062.1129446,-4,0,-52
1756012062.1509447,-2,-4,-44
1756012062.1889446,-8,4,-46
1756012062.2279446,4,1,-50
1756012062.2639446,0,-1,-42
1756012062.3019447,1,-4,-51
1756012062.338945,4,0,-55
1756012062.3769443,2,0,-48
1756012062.4129446,-6,-5,-54
1756012062.450945,0,-3,-58
1756012062.4889443,0,-3,-38
1756012062.5279446,0,0,-38
1756012062.5639446,0,1,-46
1756012062.6019447,-3,3,-55
1756012062.6389446,0,-2,-41
1756012062.677945,0,-7,-57
1756012062.713945,1,-3,-54
1756012062.7519443,6,-4,-51
1756012062.7899446,6,-3,-51
1756012062.8289447,8,-7,-49
1756012062.8649447,1,1,-58
1756012062.9019446,1,4,-50
1756012062.9399445,-6,-5,-49
1756012062.9789443,-2,-4,-42
1756012063.0149446,0,-7,-39
1756012063.052945,0,-4,-61
1756012063.0909443,0,-2,-55
1756012063.1289446,1,-10,-56
1756012063.167945,5,-7,-43
1756012063.2039447,7,-5,-53
1756012063.2409446,3,0,-56
1756012063.279945,0,-1,-48
1756012063.3179443,1,-9,-46
1756012063.3539443,2,-7,-59
1756012063.3909447,9,-3,-57
1756012063.4299445,0,-2,-50
1756012063.4679446,0,-9,-60
1756012063.5039446,3,-4,-51
1756012063.5409446,0,2,-57
1756012063.5799446,1,7,-57
1756012063.6179447,1,4,-50
1756012063.6539447,2,1,-45
1756012063.6919446,-1,0,-59
1756012063.7299447,-2,-12,-56
1756012063.7679446,1,-6,-62
1756012063.8039446,5,0,-59
1756012063.8409443,-5,0,-61
1756012063.8799446,0,1,-50
1756012063.917945,0,-3,-41
1756012063.9539447,-12,-6,-39
1756012063.9929447,-9,2,-51
1756012064.029945,-4,-2,-48
1756012064.0689447,2,2,-48
1756012064.1049447,2,1,-42
1756012064.1429446,1,0,-44
1756012064.1799445,6,-1,-43
1756012064.2189443,6,0,-54
1756012064.2549446,5,-2,-54
1756012064.292945,-2,2,-56
1756012064.3299446,-7,-5,-68
1756012064.3689446,-6,-2,-60
1756012064.404945,-1,1,-50
1756012064.4429443,-3,-2,-48
1756012064.4799447,-2,0,-52
1756012064.5189445,-1,-6,-54
1756012064.5549445,-6,-2,-54
1756012064.5929446,1,3,-46
1756012064.6299446,-4,-9,-56
1756012064.6689446,-7,-4,-58
1756012064.7049446,-7,-1,-57
1756012064.7429447,0,0,-48
1756012064.779945,-2,2,-49
1756012064.8189447,5,0,-47
1756012064.8549447,4,-6,-44
1756012064.8919446,1,-1,-51
1756012064.9309447,-3,-2,-49
1756012064.9689443,-2,-6,-56
1756012065.0049446,0,-5,-56
1756012065.0419445,-5,1,-46
1756012065.0809443,0,-1,-50
1756012065.1189446,-2,0,-46
1756012065.154945,0,-2,-53
1756012065.1919446,2,11,-49
1756012065.2299447,2,3,-38
1756012065.2659447,-5,0,-47
1756012065.3039446,-3,1,-51
1756012065.3419447,-4,-1,-51
1756012065.3809447,3,8,-54
1756012065.4189446,-7,0,-46
1756012065.4549446,0,-1,-42
1756012065.4919446,1,-3,-42
1756012065.5309446,1,3,-44
1756012065.5689447,2,-3,-51
1756012065.6049447,5,-2,-49
1756012065.6419446,-2,-3,-50
1756012065.6809447,4,4,-59
1756012065.7189443,5,2,-49
1756012065.7549446,3,-1,-46
1756012065.7919445,0,-6,-44
1756012065.8309443,-2,-4,-50
1756012065.8689446,3,0,-44
1756012065.904945,-1,-1,-47
1756012065.9429443,-4,-7,-46
1756012065.9809446,2,-3,-45
1756012066.019945,3,1,-51
1756012066.0559447,-3,0,-56
1756012066.0949447,-3,0,-52
1756012066.131945,2,-3,-49
1756012066.1709447,0,-1,-54
1756012066.2079446,-9,-5,-47
1756012066.2449446,-6,3,-53
1756012066.282945,3,0,-58
1756012066.3209443,1,0,-47
1756012066.3569446,1,1,-41
1756012066.394945,-7,0,-51
1756012066.4319446,-1,1,-46
1756012066.4709446,2,-6,-43
1756012066.5079446,2,-3,-45
1756012066.5449443,0,2,-47
1756012066.5819447,0,0,-44
1756012066.6199446,-3,-1,-51
1756012066.6559446,0,-2,-56
1756012066.6929443,0,-7,-45
1756012066.7319446,0,-9,-57
1756012066.769945,0,-10,-56
1756012066.8059447,0,-5,-58
1756012066.8429446,-3,-8,-52
1756012066.881945,4,3,-55
1756012066.9199443,-3,2,-51
1756012066.9559443,2,0,-50
1756012066.9929447,-2,4,-48
1756012067.0319445,-3,0,-48
1756012067.0699446,-9,-4,-42
1756012067.1059446,2,8,-56
1756012067.1429446,-2,-1,-55
1756012067.1819446,-2,-1,-47
1756012067.2199447,-10,1,-44
1756012067.2559447,-3,2,-46
1756012067.292945,0,-2,-54
1756012067.3319447,-3,0,-50
1756012067.3699446,-3,8,-43
1756012067.4059446,-3,3,-49
1756012067.4429443,-3,-1,-49
1756012067.4819446,5,1,-46
1756012067.519945,1,7,-32
1756012067.5559447,9,0,-44
1756012067.5929446,8,-2,-50
1756012067.631945,-6,1,-35
1756012067.667945,-12,0,-43
1756012067.7049446,0,0,-61
1756012067.7439446,3,0,-53
1756012067.7819445,5,0,-54
1756012067.8179443,6,-4,-54
1756012067.8549447,0,-7,-59
1756012067.8939445,2,-6,-66
1756012067.9319446,5,-1,-54
1756012067.9679446,0,-1,-56
1756012068.0049446,2,-5,-59
1756012068.0439446,-1,-9,-42
1756012068.0819447,-1,-6,-41
1756012068.1179447,-5,4,-53
1756012068.154945,-3,0,-48
1756012068.1939447,-2,-2,-47
1756012068.2319446,-5,-2,-63
1756012068.2679446,-1,3,-55
1756012068.3049445,-1,-6,-59
1756012068.3439443,-6,3,-56
1756012068.381945,-4,-2,-40
1756012068.417945,-3,-1,-33
1756012068.4569447,-3,0,-46
1756012068.4939446,-4,-3,-56
1756012068.532945,-9,0,-45
1756012068.5709443,-2,-1,-48
1756012068.6069446,6,-4,-53
1756012068.6439445,0,-5,-57
1756012068.6829443,4,-7,-48
1756012068.7209446,-2,-9,-49
1756012068.756945,-2,-7,-52
1756012068.7949443,3,-3,-60
1756012068.8329446,-1,-3,-49
1756012068.871945,2,0,-53
1756012068.907945,6,0,-52
1756012068.9449446,4,0,-44
1756012068.9829447,4,-4,-55
1756012069.0219443,0,-1,-51
1756012069.0589447,-3,0,-42
1756012069.0959446,4,4,-53
1756012069.1329446,-8,5,-49
1756012069.1719446,0,0,-58
1756012069.2079446,-3,-3,-51
1756012069.2459445,-6,-2,-45
1756012069.2839446,-2,3,-47
1756012069.3229446,5,3,-52
1756012069.358945,-2,-3,-50
1756012069.3969443,0,-5,-49
1756012069.4349446,-9,-2,-67
1756012069.4729445,-6,-9,-66
1756012069.5119443,-3,0,-53
1756012069.5479443,3,-4,-59
1756012069.5849447,7,-3,-56
1756012069.6229446,-2,0,-54
1756012069.6619446,-2,4,-50
1756012069.6979446,-6,1,-39
1756012069.7359445,2,-1,-53
1756012069.7739446,-1,-7,-54
1756012069.812945,4,-8,-57
1756012069.848945,9,-3,-50
1756012069.8879447,7,-5,-57
1756012069.9249446,-1,-2,-55
1756012069.963945,-3,-4,-66
1756012070.0019443,2,-6,-51
1756012070.0379446,2,-1,-58
1756012070.0749447,-6,0,-52
1756012070.1139443,0,0,-52
1756012070.1519446,-4,-4,-53
1756012070.187945,-2,-1,-58
1756012070.2259445,3,1,-43
1756012070.2639446,1,-4,-43
1756012070.3019447,-5,-3,-55
1756012070.3379445,-1,0,-55
1756012070.3749447,6,5,-49
1756012070.4139447,1,6,-59
1756012070.4519446,3,0,-49
1756012070.4879446,1,-4,-49
1756012070.5259447,-1,3,-51
1756012070.5639446,-3,5,-46
1756012070.6019447,5,0,-52
1756012070.6379447,2,-5,-56
1756012070.6759446,-1,-1,-42
1756012070.713945,2,3,-43
1756012070.7519443,-2,0,-58
1756012070.7879446,2,-3,-51
1756012070.825945,2,-2,-59
1756012070.8639443,1,-2,-47
1756012070.9029446,-4,0,-45
1756012070.9389446,-3,-1,-46
1756012070.9769447,3,1,-48
1756012071.0149446,2,0,-44
1756012071.0539446,-6,2,-52
1756012071.0899446,0,0,-38
1756012071.1269443,2,-4,-36
1756012071.1649446,7,-2,-51
1756012071.2039447,8,-3,-58
1756012071.2399447,2,-5,-49
1756012071.2769446,0,2,-48
1756012071.3139446,0,-2,-45
1756012071.3529446,-1,-1,-53
1756012071.3889446,-4,0,-55
1756012071.4259446,0,-13,-53
1756012071.463945,-8,0,-39
1756012071.5029447,1,-3,-38
1756012071.5389447,1,-9,-38
1756012071.575945,-3,-2,-49
1756012071.6149447,-6,2,-49
1756012071.6529446,0,-4,-48
1756012071.6889446,5,-7,-60
1756012071.7259445,5,-3,-61
1756012071.7649446,-3,1,-42
1756012071.802945,1,0,-56
1756012071.838945,2,-4,-50
1756012071.884945,-5,0,-54
1756012071.9229443,-1,-6,-58
1756012071.9589446,3,-2,-49
1756012071.996945,4,-2,-47
1756012072.0349443,7,-2,-51
1756012072.0739446,14,-1,-58
1756012072.1099446,12,-7,-58
1756012072.1469443,0,0,-57
1756012072.1849446,3,4,-51
1756012072.2229445,7,0,-55
1756012072.2589445,0,2,-59
1756012072.2959447,2,-2,-44
1756012072.3349447,-1,-2,-60
1756012072.3729446,0,-2,-49
1756012072.4089446,-6,1,-46
1756012072.4469447,-5,2,-43
1756012072.4849446,-4,-2,-52
1756012072.5239446,-5,2,-48
1756012072.5599446,1,-7,-52
1756012072.5979445,-4,3,-53
1756012072.6369443,0,0,-46
1756012072.6749446,-3,1,-60
1756012072.710945,-2,6,-63
1756012072.7489443,0,1,-58
1756012072.7859447,2,1,-55
1756012072.8249447,0,0,-59
1756012072.8609445,5,-3,-51
1756012072.8979447,3,-6,-56
1756012072.9359446,4,-5,-57
1756012072.9749446,-3,5,-56
1756012073.0109446,1,0,-54
1756012073.0479443,0,5,-55
1756012073.0849447,5,3,-53
1756012073.1209445,2,-6,-61
1756012073.1589446,-3,-4,-51
1756012073.1969447,3,-1,-51
1756012073.2349446,1,-7,-57
1756012073.2739446,-3,-7,-53
1756012073.3099446,-2,-6,-54
1756012073.3479445,-2,8,-54
1756012073.3859446,-1,5,-52
1756012073.4249446,-4,-1,-54
1756012073.4619446,1,1,-51
1756012073.4989443,1,0,-43
1756012073.5359447,-2,7,-50
1756012073.5749447,0,-2,-30
1756012073.6109445,0,-1,-57
1756012073.6489446,-8,2,-48
1756012073.6859446,2,0,-41
1756012073.723945,8,-3,-30
1756012073.759945,4,0,-39
1756012073.7979443,4,-4,-53
1756012073.835945,-3,-3,-51
1756012073.8749447,-11,-8,-56
1756012073.9109447,-8,-7,-51
1756012073.9489446,-4,-1,-45
1756012073.9879446,-1,-4,-47
1756012074.0259447,4,3,-48
1756012074.0639446,4,-10,-48
1756012074.0999446,-4,-3,-44
1756012074.1379447,-6,-1,-55
1756012074.1759446,1,5,-55
1756012074.213945,0,1,-53
1756012074.2499447,-3,-7,-45
1756012074.2879446,-2,-5,-52
1756012074.325945,-1,2,-51
1756012074.3649447,-4,-7,-59
1756012074.4009447,-2,-3,-51
1756012074.4389446,3,0,-60
1756012074.4759445,3,-7,-55
1756012074.5149446,6,-5,-40
1756012074.5509446,2,-1,-41
1756012074.5879445,0,2,-53
1756012074.6259446,0,-5,-45
1756012074.6649446,-4,1,-48
1756012074.700945,0,5,-60
1756012074.7379446,-5,-7,-51
1756012074.7759447,0,-3,-50
1756012074.8149445,3,2,-51
1756012074.8509445,1,-3,-45
1756012074.8889446,0,5,-45
1756012074.9259446,6,2,-55
1756012074.9649446,8,4,-54
1756012075.0009446,1,7,-64
1756012075.0389447,0,-1,-56
1756012075.0779445,-3,6,-48
1756012075.1159446,-1,-4,-45
1756012075.1519446,-4,-2,-55
1756012075.1899445,-3,0,-50
1756012075.2279446,-6,-2,-55
1756012075.2669446,-2,-1,-44
1756012075.3049445,-1,-3,-62
1756012075.3409443,0,-2,-46
1756012075.3779447,-1,1,-45
1756012075.4169445,4,2,-45
1756012075.4549446,-8,3,-47
1756012075.4909446,1,-1,-45
1756012075.5279446,1,4,-38
1756012075.565945,0,3,-49
1756012075.6019447,-3,3,-45
1756012075.6399446,0,-8,-51
1756012075.677945,-4,-6,-58
1756012075.7169447,2,-5,-44
1756012075.7549446,1,-2,-52
1756012075.7909446,3,-3,-65
1756012075.8279445,-3,0,-56
1756012075.8669446,-2,0,-49
1756012075.9029446,-1,-2,-55
1756012075.940945,0,-2,-52
1756012075.9789443,1,1,-49
1756012076.0169446,-6,-4,-45
1756012076.052945,-3,0,-49
1756012076.0899446,0,4,-48
1756012076.1269443,3,0,-46
1756012076.1659446,-2,-2,-45
1756012076.2019446,1,-1,-41
1756012076.2389443,-3,-9,-46
1756012076.2779446,8,1,-48
1756012076.315945,0,0,-56
1756012076.3519447,-2,-5,-56
1756012076.3899446,0,-3,-45
1756012076.427945,-2,0,-58
1756012076.4669447,2,-8,-58
1756012076.5029447,4,-7,-51
1756012076.5399446,0,-3,-44
1756012076.5779445,-5,0,-48
1756012076.6169446,2,-5,-43
1756012076.6529446,-6,-3,-41
1756012076.690945,-6,-1,-51
1756012076.7289443,-4,2,-38
1756012076.7679446,-10,-1,-43
1756012076.8059447,-14,5,-51
1756012076.8419447,-9,-2,-54
1756012076.8809447,-2,-6,-43
1756012076.917945,4,0,-51
1756012076.9559443,9,4,-55
1756012076.9919446,1,0,-57
1756012077.029945,0,6,-59
1756012077.0679443,1,-1,-49
1756012077.1069446,-1,0,-48
1756012077.1429446,-8,5,-53
1756012077.1809447,-8,1,-60
1756012077.2189443,3,0,-55
1756012077.2579446,-1,2,-47
1756012077.2959447,-8,0,-48
1756012077.3319447,-6,0,-46
1756012077.3689446,-7,1,-36
1756012077.407945,-2,2,-39
1756012077.4459443,3,0,-52
1756012077.4819446,-4,0,-68
1756012077.5189445,-11,0,-58
1756012077.5579443,-2,6,-51
1756012077.5939443,3,-1,-48
1756012077.6309447,0,2,-52
1756012077.667945,-1,-4,-49
1756012077.7069447,-8,1,-50
1756012077.7439446,-9,0,-46
1756012077.7809446,-7,-2,-51
1756012077.8189447,-4,4,-51
1756012077.8579447,1,-1,-53
1756012077.8939445,0,0,-58
1756012077.9309447,-3,-7,-61
1756012077.9689443,-1,2,-46
1756012078.0079446,-2,0,-40
1756012078.0439446,-7,-2,-44
1756012078.0819447,2,-1,-49
1756012078.1199446,-2,0,-45
1756012078.1589446,2,3,-42
1756012078.1969447,4,-1,-34
1756012078.2329447,0,2,-42
1756012078.2709446,5,1,-40
1756012078.3089447,-2,2,-54
1756012078.3479445,0,-3,-39
1756012078.3839445,-3,0,-52
1756012078.4209447,-8,2,-41
1756012078.4599447,-3,6,-46
1756012078.4979446,-2,0,-52
1756012078.5339446,0,2,-48
1756012078.5709443,1,-3,-51
1756012078.6099446,0,-6,-50
1756012078.6479447,7,1,-46
1756012078.6839447,0,1,-45
1756012078.7219446,-5,-1,-49
1756012078.759945,-1,-7,-39
1756012078.7989447,5,1,-54
1756012078.8369446,9,0,-54
1756012078.8729446,6,0,-59
1756012078.9099443,1,4,-47
1756012078.9489446,-1,0,-51
1756012078.986945,-1,5,-51
1756012079.0229447,3,-3,-38
1756012079.0599446,-2,0,-36
1756012079.098945,0,2,-52
1756012079.1369443,-8,1,-43
1756012079.1729443,0,-2,-49
1756012079.2099447,0,-5,-49
1756012079.2489443,3,-1,-57
1756012079.2849443,-1,-4,-58
1756012079.3229446,0,7,-49
1756012079.3609445,0,2,-44
1756012079.3989446,-6,0,-52
1756012079.4349446,-11,-2,-37
1756012079.4729445,-2,1,-59
1756012079.5109446,1,-7,-41
1756012079.5489447,-6,-1,-41
1756012079.5879445,2,-6,-44
1756012079.6239443,1,-4,-55
1756012079.6629446,0,-2,-59
1756012079.6999447,0,0,-59
1756012079.7379446,4,0,-50
1756012079.7739446,2,2,-55
1756012079.812945,2,1,-59
1756012079.8499446,-2,4,-50
1756012079.8889446,-3,-9,-39
1756012079.9249446,0,-5,-43
1756012079.9619446,0,-1,-51
1756012079.9999447,-2,-2,-50
1756012080.0389447,1,-6,-44
1756012080.0749447,0,-1,-51
1756012080.1129446,-5,2,-39
1756012080.1509447,-4,7,-36
1756012080.1899445,-3,0,-43
1756012080.2279446,-1,0,-59
1756012080.2639446,-6,-5,-50
1756012080.3019447,-7,-3,-54
1756012080.3399446,1,0,-51
1756012080.3789446,-3,-3,-59
1756012080.4149446,1,0,-56
1756012080.4519446,-2,1,-48
1756012080.4899447,0,-7,-49
1756012080.5289447,-1,5,-48
1756012080.5649445,6,5,-50
1756012080.6019447,0,6,-41
1756012080.6399446,3,3,-45
1756012080.677945,2,0,-45
1756012080.713945,2,-4,-59
1756012080.7509446,2,3,-57
1756012080.7889447,0,2,-64
1756012080.8249447,8,4,-62
1756012080.861945,7,4,-55
1756012080.9009447,0,0,-51
1756012080.9389446,-5,0,-44
1756012080.9749446,-6,-4,-48
1756012081.0129447,0,-8,-62
1756012081.0509446,5,0,-51
1756012081.088945,0,-3,-54
1756012081.1249447,-1,0,-52
1756012081.1629446,11,2,-56
1756012081.1999447,1,-6,-54
1756012081.2389443,-3,1,-52
1756012081.2749443,-1,-1,-51
1756012081.312945,-6,3,-44
1756012081.3509445,3,1,-50
1756012081.3899446,-3,0,-52
1756012081.4259446,-6,6,-50
1756012081.4629445,-2,5,-48
1756012081.5009446,0,6,-41
1756012081.5389447,3,-3,-54
1756012081.5749447,-2,-5,-56
1756012081.6129446,-1,-1,-41
1756012081.6509447,0,-2,-53
1756012081.6899445,4,-3,-52
1756012081.7259445,2,0,-47
1756012081.7629447,-2,-4,-61
1756012081.8009446,1,-9,-57
1756012081.8399446,6,-7,-45
1756012081.8759446,-4,0,-53
1756012081.9219446,0,2,-55
1756012081.9599447,0,2,-51
1756012081.9959445,2,0,-55
1756012082.0339446,1,-4,-58
1756012082.0709443,-1,-4,-58
1756012082.1099446,-1,-2,-60
1756012082.1459446,-1,-5,-48
1756012082.1839447,-1,-3,-47
1756012082.2219446,0,-3,-36
1756012082.2609446,8,2,-55
1756012082.2989447,7,0,-56
1756012082.3349447,2,0,-59
1756012082.371945,4,4,-48
1756012082.4109447,10,2,-53
1756012082.4489446,13,-1,-38
1756012082.4849446,12,-3,-48
1756012082.5219443,6,-1,-55
1756012082.5609446,0,0,-45
1756012082.5969446,5,0,-52
1756012082.6339445,3,0,-50
1756012082.6709447,0,4,-41
1756012082.7069447,-6,2,-46
1756012082.7449446,-3,0,-50
1756012082.782945,3,-4,-48
1756012082.8209443,5,-7,-45
1756012082.8599446,-3,0,-49
1756012082.8959446,4,-2,-49
1756012082.9339447,5,2,-49
1756012082.9709446,4,3,-52
1756012083.009945,0,-2,-50
1756012083.0459447,2,4,-47
1756012083.0829446,-1,6,-47
1756012083.1209445,0,0,-43
1756012083.1569445,-2,-11,-40
1756012083.1949446,2,-3,-62
1756012083.2329447,0,1,-51
1756012083.2719443,3,-3,-45
1756012083.3099446,2,2,-53
1756012083.3459446,1,2,-47
1756012083.3829446,0,-5,-52
1756012083.4219446,0,-3,-47
1756012083.4599447,0,-4,-50
1756012083.4959445,-1,-2,-53
1756012083.5339446,0,-3,-52
1756012083.5729446,0,-3,-55
1756012083.6109445,-2,0,-66
1756012083.6469443,-15,-1,-48
1756012083.6849446,-10,5,-49
1756012083.7229445,1,4,-55
1756012083.7609446,-3,-8,-54
1756012083.7969446,7,-6,-40
1756012083.8339446,12,-4,-53
1756012083.871945,12,4,-52
1756012083.9109447,3,0,-57
1756012083.9469447,4,-5,-59
1756012083.983945,0,-2,-50
1756012084.0219443,0,-5,-46
1756012084.0609446,0,-2,-50
1756012084.0969446,6,-5,-50
1756012084.1339445,6,-5,-69
1756012084.1719446,0,-2,-60
1756012084.210945,-3,-1,-48
1756012084.246945,-8,0,-46
1756012084.2849443,1,-5,-45
1756012084.3229446,-1,6,-40
1756012084.361945,-6,0,-49
1756012084.3979447,-7,2,-48
1756012084.4359446,1,3,-50
1756012084.473945,0,0,-44
1756012084.5119443,2,-1,-55
1756012084.5479443,0,-6,-58
1756012084.585945,-1,-4,-55
1756012084.6239443,-4,-4,-62
1756012084.6619446,2,-2,-58
1756012084.700945,11,8,-56
1756012084.736945,3,5,-54
1756012084.7739446,2,2,-58
1756012084.8119447,0,0,-54
1756012084.8479445,1,-5,-55
1756012084.884945,-3,-2,-48
1756012084.9229443,-3,-5,-50
1756012084.9619446,-17,2,-56
1756012084.9979446,-1,2,-60
1756012085.0349443,2,-3,-56
1756012085.0729446,-2,-6,-67
1756012085.111945,9,-7,-40
1756012085.1479447,3,0,-52
1756012085.1849446,6,4,-53
1756012085.2229445,0,7,-44
1756012085.2609446,6,1,-57
1756012085.2969446,6,-1,-53
1756012085.3349447,13,-9,-49
1756012085.3739443,2,-4,-42
1756012085.4119446,5,-1,-54
1756012085.4479446,5,-2,-50
1756012085.4849446,2,-2,-44
1756012085.5229447,0,-8,-52
1756012085.5619447,4,-10,-47
1756012085.5979445,6,-4,-48
1756012085.634945,-2,-2,-49
1756012085.6729443,2,-1,-58
1756012085.7119446,-3,-8,-61
1756012085.7479446,0,-8,-56
1756012085.7859447,6,-5,-49
1756012085.8239446,8,-2,-45
1756012085.8629446,3,1,-53
1756012085.8989446,0,0,-47
1756012085.9359446,0,4,-38
1756012085.973945,4,-7,-46
1756012086.0119443,9,0,-62
1756012086.0479443,5,-6,-60
1756012086.085945,1,-8,-51
1756012086.1239443,3,-13,-43
1756012086.1629446,-1,-10,-55
1756012086.1989446,2,-2,-48
1756012086.2359445,-3,-3,-45
1756012086.2739446,5,2,-42
1756012086.3119447,-5,2,-53
1756012086.3479445,-6,1,-49
1756012086.3859446,0,7,-44
1756012086.4229443,0,-4,-54
1756012086.4619446,0,-3,-44
1756012086.4979446,-4,5,-35
1756012086.5359447,5,2,-38
1756012086.5729446,6,-2,-49
1756012086.611945,5,-1,-40
1756012086.6489446,10,-9,-41
1756012086.6859446,-6,-2,-45
1756012086.723945,-4,1,-47
1756012086.7629447,2,1,-59
1756012086.7989447,1,0,-54
1756012086.835945,-1,-1,-48
1756012086.8739443,2,0,-43
1756012086.9119446,2,-3,-39
1756012086.9479446,0,-6,-49
1756012086.9859445,0,1,-52
1756012087.0239446,-2,-9,-55
1756012087.0619447,1,-10,-48
1756012087.0979445,1,-7,-45
1756012087.1359446,-2,-6,-44
1756012087.1739447,0,-2,-42
1756012087.2129445,-4,1,-41
1756012087.2489443,5,0,-54
1756012087.2859447,-2,-2,-51
1756012087.3239446,3,0,-58
1756012087.361945,-1,0,-54
1756012087.3979447,3,5,-62
1756012087.4349446,-5,0,-51
1756012087.473945,-1,-5,-47
1756012087.5119443,-4,1,-51
1756012087.5479443,1,-1,-56
1756012087.5849447,0,1,-51
1756012087.6229446,-9,0,-58
1756012087.6589446,-4,0,-64
1756012087.6959443,-3,3,-46
1756012087.7349446,0,-1,-47
1756012087.7729447,0,-5,-46
1756012087.8089447,-3,-2,-54
1756012087.8479445,4,0,-49
1756012087.884945,0,4,-52
1756012087.9229443,-3,-2,-70
1756012087.9589446,0,-4,-65
1756012087.9959445,-3,-3,-52
1756012088.0349443,4,-4,-57
1756012088.0729446,-4,-3,-57
1756012088.108945,-9,2,-61
1756012088.1459446,4,-5,-51
1756012088.1849446,4,0,-44
1756012088.2229445,0,-1,-43
1756012088.2589445,2,-5,-56
1756012088.2959447,3,-9,-60
1756012088.3349447,-5,-10,-56
1756012088.3729446,-5,-1,-61
1756012088.4089446,-1,-4,-52
1756012088.4479446,-1,-6,-44
1756012088.4849446,3,-7,-54
1756012088.5239446,0,-5,-52
1756012088.5599446,-3,-6,-43
1756012088.5979445,-8,-8,-43
1756012088.6359446,-3,-4,-50
1756012088.6749446,6,-5,-54
1756012088.7129445,-3,-3,-58
1756012088.7489443,2,4,-56
1756012088.7869446,-9,2,-52
1756012088.8249447,-5,2,-54
1756012088.8639443,-4,4,-50
1756012088.8999443,-2,5,-50
1756012088.9369447,7,-1,-62
1756012088.9749446,10,3,-56
1756012089.0139446,2,4,-47
1756012089.0499446,-1,-1,-49
1756012089.0879445,0,-4,-54
1756012089.1259446,-2,1,-51
1756012089.1649446,-4,0,-50
1756012089.2029445,1,0,-43
1756012089.2389443,5,-3,-38
1756012089.2759447,4,-5,-39
1756012089.3149445,0,0,-54
1756012089.3509445,0,-6,-42
1756012089.3889446,3,1,-47
1756012089.4259446,-4,0,-47
1756012089.4649446,0,0,-42
1756012089.5009446,-2,-6,-36
1756012089.5389447,5,0,-32
1756012089.5769446,0,0,-46
1756012089.6149447,-1,5,-47
1756012089.6509447,-6,8,-44
1756012089.687945,-11,0,-51
1756012089.7259445,0,0,-52
1756012089.7639446,-6,-2,-57
1756012089.7999446,-2,-3,-54
1756012089.8379445,3,-3,-59
1756012089.8759446,-1,-9,-52
1756012089.9149446,6,-1,-56
1756012089.950945,1,-5,-48
1756012089.9889443,3,-10,-46
1756012090.0269446,0,-1,-39
1756012090.065945,-1,4,-48
1756012090.1039443,0,4,-44
1756012090.1399446,-7,0,-47
1756012090.1769447,-9,0,-57
1756012090.2159443,0,-2,-52
1756012090.2539446,1,7,-56
1756012090.2899446,-2,7,-49
1756012090.3269446,-3,5,-45
1756012090.3659446,-6,2,-47
1756012090.4039447,-2,-2,-39
1756012090.4399445,-8,-4,-43
1756012090.4789443,-15,4,-51
1756012090.5169446,-7,6,-52
1756012090.5549445,2,0,-47
1756012090.5909443,-4,1,-52
1756012090.6279447,-4,0,-48
1756012090.6659446,-10,1,-45
1756012090.7049446,1,4,-62
1756012090.7409446,3,-3,-43
1756012090.7779446,0,-4,-47
1756012090.815945,-2,-2,-57
1756012090.8549447,-8,-3,-55
1756012090.8909447,-10,2,-56
1756012090.927945,-1,-5,-55
1756012090.9669447,0,2,-55
1756012091.0049446,-3,3,-62
1756012091.0409446,2,0,-52
1756012091.0779445,1,-3,-45
1756012091.1159446,9,-2,-52
1756012091.154945,7,0,-52
1756012091.190945,3,-1,-52
1756012091.2279446,0,8,-50
1756012091.2659447,-6,5,-49
1756012091.3019447,0,0,-48
1756012091.338945,-3,-2,-46
1756012091.3769443,8,-4,-53
1756012091.4159446,-3,-3,-62
1756012091.4519446,0,-1,-57
1756012091.4889443,-3,-3,-52
1756012091.5269446,8,1,-49
1756012091.565945,4,-5,-48
1756012091.6019447,3,4,-51
1756012091.6389446,-3,-3,-45
1756012091.677945,-2,-3,-60
1756012091.7159443,-5,2,-61
1756012091.7519443,-9,0,-47
1756012091.7889447,-6,-4,-64
1756012091.8279445,-6,-1,-59
1756012091.8659446,-2,0,-39
1756012091.9019446,-4,-1,-43
1756012091.9479446,0,0,-43
1756012091.9859445,1,-3,-37
1756012092.0219443,-3,-2,-33
1756012092.0599446,1,2,-51
1756012092.0979445,-5,1,-55
1756012092.1369443,1,3,-53
1756012092.1749446,-1,-2,-60
1756012092.210945,2,-1,-52
1756012092.2489443,0,-5,-45
1756012092.2869446,0,-6,-43
1756012092.3249447,-7,-5,-45
1756012092.3609445,0,-2,-46
1756012092.3979447,-2,-5,-38
1756012092.4369447,-7,0,-46
1756012092.4749446,-5,1,-68
1756012092.5109446,-8,6,-64
1756012092.5489447,3,0,-56
1756012092.5869446,4,-3,-49
1756012092.6229446,-3,-4,-40
1756012092.6609447,0,1,-55
1756012092.6979446,0,6,-51
1756012092.7359445,4,1,-52
1756012092.7719443,3,2,-60
1756012092.8089447,-6,-3,-54
1756012092.8469446,-4,1,-52
1756012092.8859446,-6,0,-57
1756012092.9219446,-10,3,-44
1756012092.9589446,0,-3,-53
1756012092.996945,-1,-4,-47
1756012093.0359447,-1,2,-47
1756012093.0719447,3,6,-51
1756012093.108945,10,5,-61
1756012093.1469443,5,3,-53
1756012093.1829443,0,8,-52
1756012093.2199447,-7,3,-47
1756012093.2579446,-7,-2,-52
1756012093.2969446,-2,3,-40
1756012093.3329446,-2,0,-46
1756012093.3699446,8,-1,-40
1756012093.407945,6,0,-41
1756012093.4459443,4,-4,-52
1756012093.4819446,6,-6,-44
1756012093.5189445,0,-4,-44
1756012093.5579443,2,0,-38
1756012093.5959446,-1,0,-50
1756012093.631945,-3,-2,-47
1756012093.6699443,-1,-7,-57
1756012093.7079446,0,0,-51
1756012093.7459445,-11,7,-47
1756012093.7819445,-4,2,-51
1756012093.8199446,-3,0,-55
1756012093.8579447,0,0,-54
1756012093.8959446,0,-3,-45
1756012093.9319446,-3,-6,-56
1756012093.9699447,4,-6,-54
1756012094.0079446,0,2,-52
1756012094.0459447,3,2,-49
1756012094.0819447,-5,3,-55
1756012094.1199446,2,1,-49
1756012094.157945,4,-2,-53
1756012094.1959443,5,-10,-50
1756012094.2319446,-2,-13,-58
1756012094.269945,4,-4,-51
1756012094.3079443,-5,-2,-50
1756012094.3469446,-6,3,-43
1756012094.3829446,-7,0,-46
1756012094.4199443,-8,1,-53
1756012094.4589446,-1,2,-46
1756012094.4979446,1,2,-44
1756012094.5339446,0,8,-49
1756012094.5729446,-6,6,-49
1756012094.6099446,-8,0,-41
1756012094.6479447,0,-1,-44
1756012094.6869447,1,-2,-49
1756012094.7229445,-4,1,-46
1756012094.759945,-6,0,-51
1756012094.7979443,-2,-1,-51
1756012094.8369446,2,6,-58
1756012094.8729446,8,5,-47
1756012094.9099443,3,0,-50
1756012094.9479446,0,3,-42
1756012094.983945,6,-3,-53
1756012095.0209446,-1,1,-58
1756012095.0589447,0,-1,-52
1756012095.0979445,0,0,-48
1756012095.1339445,0,0,-52
1756012095.1709447,2,2,-48
1756012095.2089446,-4,-4,-51
1756012095.2479446,-7,3,-54
1756012095.2839446,-6,4,-59
1756012095.3209443,-3,-2,-62
1756012095.3599446,-1,-5,-61
1756012095.3979447,-8,-4,-40
1756012095.4339447,-6,0,-36
1756012095.4709446,-3,0,-49
1756012095.5089445,2,0,-53
1756012095.5479443,6,-2,-48
1756012095.5839446,-1,-1,-50
1756012095.621945,4,-6,-51
1756012095.6599443,3,-9,-46
1756012095.6989446,-3,-6,-55
1756012095.736945,2,-4,-52
1756012095.7729447,-1,-5,-58
1756012095.8109446,1,-2,-54
1756012095.848945,0,2,-53
1756012095.8869443,7,-3,-52
1756012095.9229443,9,-5,-43
1756012095.960945,2,-4,-41
1756012095.9989443,-5,-1,-50
1756012096.0349443,-4,0,-62
1756012096.0729446,-3,8,-64
1756012096.1109445,-9,2,-58
1756012096.1489446,-6,2,-53
1756012096.187945,-6,-2,-53
1756012096.223945,-8,-2,-56
1756012096.2619443,-1,-2,-48
1756012096.3009446,4,0,-36
1756012096.338945,2,3,-39
1756012096.3749447,-2,3,-48
1756012096.4129446,5,6,-51
1756012096.4499447,0,8,-54
1756012096.4889443,1,3,-45
1756012096.5249443,1,10,-59
1756012096.562945,-1,-1,-56
1756012096.6019447,-7,-2,-55
1756012096.6399446,-2,0,-56
1756012096.677945,0,0,-57
1756012096.713945,0,-2,-59
1756012096.7519443,0,1,-57
1756012096.7899446,-1,-5,-51
1756012096.8279445,0,0,-54
1756012096.8639443,5,1,-51
1756012096.9009447,2,-4,-53
1756012096.9399445,1,-1,-57
1756012096.9779446,-2,1,-48
1756012097.0139446,0,4,-49
1756012097.0519447,2,3,-54
1756012097.0899446,2,-2,-51
1756012097.1279447,0,-6,-46
1756012097.1639447,-3,-9,-51
1756012097.2019446,-7,0,-53
1756012097.2399447,-8,0,-55
1756012097.2789447,-7,-5,-44
1756012097.3149445,1,-5,-35
1756012097.3519447,-1,-8,-43
1756012097.3899446,0,-2,-54
1756012097.4289446,-1,2,-54
1756012097.4649446,-4,0,-56
1756012097.5019443,-4,-1,-50
1756012097.5399446,-3,0,-47
1756012097.5789447,-6,-5,-53
1756012097.6149447,2,-4,-51
1756012097.6519446,0,-3,-58
1756012097.6899445,-4,-6,-40
1756012097.7289443,-2,3,-55
1756012097.7649446,3,3,-52
1756012097.8019447,-4,6,-69
1756012097.8399446,0,4,-57
1756012097.8789446,7,4,-52
1756012097.9149446,6,4,-52
1756012097.9519446,3,2,-59
1756012097.9899447,-3,-1,-61
1756012098.0269446,3,0,-65
1756012098.0639446,2,-5,-56
1756012098.1019447,2,-1,-51
1756012098.1399446,-1,2,-58
1756012098.1789446,1,-2,-55
1756012098.2149446,1,-6,-58
1756012098.2519443,-4,0,-54
1756012098.2899446,-1,-6,-52
1756012098.3289447,-1,0,-50
1756012098.3649447,0,-2,-54
1756012098.4019446,-2,5,-44
1756012098.440945,-2,0,-41
1756012098.4789443,0,5,-41
1756012098.5149446,0,1,-39
1756012098.552945,-4,-5,-44
1756012098.5909443,-2,1,-50
1756012098.6299446,-4,0,-47
1756012098.6659446,-1,2,-56
1756012098.7029445,8,2,-51
1756012098.7409446,6,3,-51
1756012098.779945,-3,2,-58
1756012098.815945,0,-1,-50
1756012098.8529446,-2,-5,-50
1756012098.8909447,0,8,-50
1756012098.9299445,1,1,-52
1756012098.9659443,1,0,-48
1756012099.0029447,4,-1,-52
1756012099.0409446,7,0,-49
1756012099.0789447,1,-3,-45
1756012099.1149447,-1,-11,-50
1756012099.1539447,-1,0,-56
1756012099.190945,1,0,-48
1756012099.2289443,2,-2,-59
1756012099.2649446,-1,-3,-51
1756012099.3019447,-3,-4,-55
1756012099.3409443,-3,-3,-45
1756012099.3769443,-2,-7,-43
1756012099.4149446,1,-3,-41
1756012099.4539447,0,-6,-44
1756012099.4909446,-1,-5,-55
1756012099.529945,7,-2,-56
1756012099.565945,3,3,-63
1756012099.6029446,1,0,-52
1756012099.6409447,-1,2,-53
1756012099.6799445,-4,-7,-51
1756012099.7159443,-3,-6,-44
1756012099.7539446,-3,0,-47
1756012099.792945,0,-3,-46
1756012099.8309443,-6,0,-58
1756012099.8669446,-8,6,-58
1756012099.9039447,-8,5,-55
1756012099.9419446,1,0,-48
1756012099.9809446,-3,-1,-49
1756012100.0169446,0,1,-42
1756012100.0539446,-1,2,-58
1756012100.0919447,-1,-3,-51
1756012100.1309447,-3,-2,-55
1756012100.1669445,-2,4,-56
1756012100.2039447,0,1,-52
1756012100.2419446,5,0,-40
1756012100.279945,-6,-4,-53
1756012100.315945,4,-4,-51
1756012100.3539443,3,-2,-49
1756012100.3919446,3,3,-44
1756012100.4299445,9,0,-53
1756012100.4659443,0,-1,-60
1756012100.5039446,-6,4,-54
1756012100.5419445,-1,7,-54
1756012100.5809443,-1,6,-54
1756012100.6169446,1,9,-59
1756012100.6539447,-1,-4,-58
1756012100.6919446,-2,-1,-53
1756012100.7309446,-4,0,-47
1756012100.7669446,-5,0,-40
1756012100.8039446,-1,-1,-43
1756012100.8419447,-2,-3,-43
1756012100.8809447,-4,0,-50
1756012100.9169445,-1,0,-52
1756012100.9539447,-4,0,-44
1756012100.9919446,-2,-3,-43
1756012101.0309446,1,0,-44
1756012101.0669446,2,0,-43
1756012101.1039443,5,-1,-49
1756012101.1419446,-3,8,-62
1756012101.1809447,4,3,-58
1756012101.2169447,0,0,-51
1756012101.2539446,2,1,-59
1756012101.2919445,0,4,-51
1756012101.3279445,0,4,-46
1756012101.3649447,0,-1,-49
1756012101.4029446,-4,-2,-56
1756012101.4419446,-5,-4,-60
1756012101.4779446,-4,3,-40
1756012101.5159447,0,3,-37
1756012101.552945,-2,6,-50
1756012101.5919447,-1,6,-54
1756012101.6279447,-5,1,-56
1756012101.6649446,3,0,-46
1756012101.7029445,-1,2,-45
1756012101.7409446,-5,-4,-52
1756012101.7769446,-1,0,-45
1756012101.8149445,0,5,-52
1756012101.8529446,-1,0,-48
1756012101.8909447,2,-4,-51
1756012101.9269447,4,-3,-47
1756012101.9729445,-2,-5,-45
1756012102.0109446,0,0,-44
1756012102.0469446,-7,3,-36
1756012102.085945,-2,5,-57
1756012102.1229446,-6,0,-57
1756012102.1619446,-4,0,-59
1756012102.1979446,-6,-2,-53
1756012102.2359445,-7,-3,-55
1756012102.2749443,0,0,-55
1756012102.312945,-6,-7,-49
1756012102.3509445,-2,-2,-46
1756012102.3869443,0,0,-45
1756012102.4249446,2,0,-56
1756012102.4629445,4,0,-54
1756012102.5009446,7,-1,-61
1756012102.5369446,1,0,-59
1756012102.5749447,5,-2,-53
1756012102.6129446,-6,-3,-51
1756012102.6509447,2,-4,-56
1756012102.6869447,2,-1,-54
1756012102.7249446,0,1,-46
1756012102.7629447,-6,-2,-45
1756012102.7989447,-5,1,-54
1756012102.835945,-2,0,-47
1756012102.8749447,0,3,-53
1756012102.9129446,8,3,-43
1756012102.9489446,-3,-1,-45
1756012102.986945,3,0,-48
1756012103.0249443,9,-5,-50
1756012103.062945,3,-5,-43
1756012103.098945,-1,-3,-45
1756012103.1369443,0,5,-43
1756012103.1739447,4,1,-54
1756012103.2129445,0,0,-47
1756012103.2489443,-5,0,-47
1756012103.2859447,0,-1,-54
1756012103.3239446,2,-5,-48
1756012103.3629446,-5,0,-41
1756012103.3989446,-1,0,-38
1756012103.4359446,-5,-6,-46
1756012103.473945,-11,-4,-37
1756012103.5129447,-11,0,-39
1756012103.5489447,-15,-7,-48
1756012103.5869446,-8,-4,-52
1756012103.6249447,-1,-1,-69
1756012103.6639447,8,5,-55
1756012103.7019446,-1,5,-52
1756012103.7379446,-5,-4,-60
1756012103.7759447,2,-7,-52
1756012103.8139446,8,-3,-55
1756012103.8529446,3,4,-58
1756012103.8889446,1,-2,-41
1756012103.927945,3,1,-49
1756012103.9649446,-1,-3,-60
1756012104.0039446,0,-1,-61
1756012104.0419445,-5,1,-54
1756012104.0779445,4,4,-39
1756012104.1149447,-1,1,-46
1756012104.1539447,-4,-2,-48
1756012104.1919446,-5,1,-50
1756012104.2279446,-10,-2,-49
1756012104.2659447,-3,3,-56
1756012104.3039446,-4,0,-61
1756012104.3429446,0,-2,-53
1756012104.3789446,1,3,-60
1756012104.4159446,2,-4,-56
1756012104.4539447,-9,-3,-48
1756012104.4929447,1,-1,-55
1756012104.5289447,2,-1,-53
1756012104.5669446,-1,-6,-71
1756012104.6059446,-2,0,-53
1756012104.6439445,0,-3,-46
1756012104.6799445,3,-4,-41
1756012104.7169447,-6,-5,-56
1756012104.7549446,-4,-4,-54
1756012104.7939446,-4,-3,-58
1756012104.8299446,1,9,-55
1756012104.8669446,-2,0,-53
1756012104.904945,2,4,-43
1756012104.9439447,0,-6,-47
1756012104.9799447,-4,-2,-51
1756012105.0179446,0,0,-62
1756012105.0549445,-2,0,-62
1756012105.0939443,-2,4,-54
1756012105.1299446,-1,3,-49
1756012105.1669445,3,-5,-49
1756012105.2049446,0,-5,-58
1756012105.2439446,-9,-5,-63
1756012105.279945,-7,-5,-55
1756012105.3179443,-6,-1,-47
1756012105.3559446,0,0,-58
1756012105.394945,2,4,-48
1756012105.4329443,-4,-4,-59
1756012105.4689443,-5,2,-62
1756012105.506945,0,2,-52
1756012105.5449443,-3,2,-55
1756012105.5829446,-6,-2,-56
1756012105.6199446,0,-1,-53
1756012105.6569445,-6,-1,-62
1756012105.6949446,1,-1,-57
1756012105.733945,-3,-3,-54
1756012105.769945,4,-7,-58
1756012105.8069446,1,2,-65
1756012105.8449447,1,1,-56
1756012105.8829446,8,-2,-43
1756012105.9189446,6,-3,-51
1756012105.9559443,0,-4,-38
1756012105.9949446,-2,-3,-36
1756012106.0309446,4,-3,-41
1756012106.0679443,-1,9,-42
1756012106.1059446,7,1,-41
1756012106.144945,9,-9,-38
1756012106.1809447,3,-2,-45
1756012106.2179446,2,-5,-49
1756012106.2559447,0,0,-60
1756012106.2939446,-4,-1,-50
1756012106.3299446,-2,1,-49
1756012106.3679447,-2,-7,-56
1756012106.4059446,-3,1,-55
1756012106.4449446,2,0,-63
1756012106.4809446,0,-2,-61
1756012106.5179446,0,0,-59
1756012106.5549445,6,0,-49
1756012106.5909443,1,-6,-57
1756012106.6279447,0,-8,-50
1756012106.6659446,1,-4,-40
1756012106.7049446,1,-2,-47
1756012106.7409446,1,-3,-48
1756012106.7789447,0,1,-48
1756012106.815945,1,-2,-54
1756012106.8549447,3,-3,-44
1756012106.8909447,9,2,-59
1756012106.9289446,-1,-1,-57
1756012106.9669447,-4,3,-57
1756012107.0059447,-1,0,-54
1756012107.0439446,1,0,-54
1756012107.0799446,-4,-2,-54
1756012107.1179447,-2,2,-45
1756012107.1569445,0,5,-46
1756012107.1959443,-3,-4,-60
1756012107.233945,-7,-7,-48
1756012107.269945,-3,-4,-47
1756012107.3079443,2,1,-53
1756012107.3459446,-1,4,-44
1756012107.384945,2,2,-47
1756012107.4209447,-1,0,-38
1756012107.4579446,3,-6,-51
1756012107.496945,-4,-3,-46
1756012107.5349443,-1,-1,-46
1756012107.5709443,0,0,-43
1756012107.6079447,7,-3,-48
1756012107.6469443,5,1,-51
1756012107.6849446,6,1,-56
1756012107.7209446,3,-4,-60
1756012107.7579446,-2,-3,-68
1756012107.7969446,0,-2,-54
1756012107.8349447,-1,0,-45
1756012107.8709445,-2,0,-43
1756012107.907945,-7,-2,-51
1756012107.9459443,0,4,-48
1756012107.9819446,-1,-1,-42
1756012108.019945,0,-9,-52
1756012108.0579443,-3,-6,-51
1756012108.0969446,-2,-13,-54
1756012108.134945,-2,-4,-66
1756012108.1709447,-3,-7,-61
1756012108.2089446,-7,1,-59
1756012108.246945,4,-8,-57
1756012108.2859447,0,-6,-43
1756012108.3219447,1,-2,-40
1756012108.358945,3,-2,-46
1756012108.3969443,1,-2,-53
1756012108.4359446,2,0,-61
1756012108.4719446,3,-4,-60
1756012108.5089445,7,-2,-52
1756012108.5469446,-4,-1,-51
1756012108.585945,-2,-5,-53
1756012108.621945,0,-10,-49
1756012108.6599443,-1,-5,-56
1756012108.6989446,5,1,-56
1756012108.736945,3,4,-51
1756012108.7749443,5,3,-53
1756012108.8109446,0,5,-54
1756012108.8479445,-5,1,-44
1756012108.8869443,-3,-5,-55
1756012108.9249446,0,3,-49
1756012108.960945,6,2,-40
1756012108.9979446,7,-3,-43
1756012109.0369446,3,-4,-52
1756012109.0749447,-4,-7,-52
1756012109.1109445,-5,-5,-46
1756012109.1489446,-2,-6,-61
1756012109.1869447,-4,-2,-45
1756012109.2259445,3,-2,-48
1756012109.2619443,6,-1,-51
1756012109.2999446,7,1,-46
1756012109.3369446,6,-3,-41
1756012109.3759446,1,0,-43
1756012109.4119446,-6,0,-44
1756012109.4499447,0,5,-43
1756012109.486945,5,2,-47
1756012109.5229447,0,1,-46
1756012109.5599446,-4,4,-44
1756012109.598945,-4,-2,-52
1756012109.6369443,8,-1,-57
1756012109.6729443,11,-4,-50
1756012109.710945,2,-9,-52
1756012109.7489443,0,-6,-58
1756012109.7869446,5,-5,-60
1756012109.825945,-3,-2,-60
1756012109.861945,-6,1,-54
1756012109.8999443,-4,4,-53
1756012109.937945,-3,0,-54
1756012109.9769447,0,3,-44
1756012110.0129447,-2,3,-45
1756012110.0499446,0,0,-49
1756012110.0879445,4,2,-53
1756012110.1259446,-3,-3,-64
1756012110.1619446,-3,-1,-55
1756012110.1999447,-2,-2,-40
1756012110.2379446,-3,-1,-40
1756012110.2769446,3,-4,-49
1756012110.312945,8,-8,-40
1756012110.3499446,3,-7,-42
1756012110.3879447,0,-4,-40
1756012110.4269447,7,-2,-53
1756012110.4629445,1,-6,-55
1756012110.4999447,-2,0,-57
1756012110.5379446,7,-4,-53
1756012110.5769446,-1,-6,-49
1756012110.6129446,-2,-3,-56
1756012110.6509447,2,1,-48
1756012110.6889446,-2,0,-57
1756012110.7279446,0,0,-59
1756012110.7659447,0,-10,-63
1756012110.8019447,4,-7,-56
1756012110.8399446,1,-8,-50
1756012110.8779447,-2,-5,-48
1756012110.9169445,-2,-6,-52
1756012110.9529445,-4,-7,-49
1756012110.9909446,-5,-6,-51
1756012111.0289447,-1,-2,-41
1756012111.0679443,-4,-1,-62
1756012111.1039443,1,-5,-60
1756012111.1409447,-11,-2,-54
1756012111.1789446,-4,0,-39
1756012111.2179446,-9,-1,-45
1756012111.2539446,-7,-1,-42
1756012111.2919445,-2,-5,-51
1756012111.3299446,-2,-7,-54
1756012111.3679447,0,-5,-48
1756012111.4069445,3,-2,-45
1756012111.4429443,3,3,-52
1756012111.4809446,2,0,-57
1756012111.5179446,2,5,-55
1756012111.5569446,-5,1,-54
1756012111.5929446,-2,-1,-57
1756012111.6309447,4,0,-54
1756012111.6689446,-3,-1,-45
1756012111.7079446,2,0,-49
1756012111.7439446,2,-6,-57
1756012111.7809446,9,-2,-43
1756012111.8189447,-3,-6,-44
1756012111.8579447,7,-3,-51
1756012111.8939445,-1,-6,-42
1756012111.9319446,-1,-6,-45
1756012111.9779446,2,-3,-50
1756012112.0139446,-8,-6,-47
1756012112.0519447,2,-3,-58
1756012112.0909443,0,-8,-58
1756012112.1289446,-4,-8,-48
1756012112.1669445,-2,-7,-45
1756012112.2029445,-7,-8,-43
1756012112.2409446,1,-3,-51
1756012112.2789447,-4,-6,-63
1756012112.3179443,-1,-2,-50
1756012112.3539443,2,-4,-43
1756012112.3909447,-3,-6,-35
1756012112.4289446,-2,-5,-55
1756012112.4679446,-4,6,-50
1756012112.5039446,-3,2,-47
1756012112.5419445,1,-4,-38
1756012112.5799446,8,2,-53
1756012112.6189446,0,-3,-51
1756012112.654945,-1,-1,-54
1756012112.6939447,0,1,-58
1756012112.7319446,3,4,-48
1756012112.7689445,1,0,-54
1756012112.8049445,-4,3,-58
1756012112.8419447,-2,0,-57
1756012112.8799446,-3,0,-53
1756012112.9189446,3,-1,-51
1756012112.9549446,9,-2,-59
1756012112.9919446,2,-5,-51
1756012113.029945,0,2,-57
1756012113.0689447,0,-6,-53
1756012113.1049447,-5,-8,-54
1756012113.1429446,-13,-4,-54
1756012113.1809447,0,-5,-52
1756012113.2189443,-5,0,-50
1756012113.2579446,-9,-7,-51
1756012113.2939446,4,-1,-44
1756012113.3319447,-2,4,-44
1756012113.3699446,2,4,-44
1756012113.4089446,0,3,-45
1756012113.4449446,-1,2,-56
1756012113.4819446,0,-4,-60
1756012113.519945,0,2,-57
1756012113.5579443,4,-2,-53
1756012113.5939443,8,-1,-57
1756012113.631945,1,-3,-55
1756012113.6709447,3,-3,-43
1756012113.7089446,2,0,-50
1756012113.7449446,2,-3,-54
1756012113.7819445,1,-8,-57
1756012113.8199446,-2,-4,-61
1756012113.858945,-8,4,-49
1756012113.894945,-4,0,-54
1756012113.9319446,-2,-1,-55
1756012113.9699447,-4,-3,-43
1756012114.0089445,0,2,-45
1756012114.0449443,4,0,-46
1756012114.0819447,-1,0,-45
1756012114.1199446,2,-4,-52
1756012114.1589446,-2,3,-52
1756012114.1949446,2,2,-57
1756012114.2319446,-6,0,-49
1756012114.269945,0,0,-45
1756012114.3089447,3,0,-44
1756012114.3449447,4,-4,-51
1756012114.381945,0,4,-56
1756012114.4199443,0,1,-44
1756012114.4559443,-1,6,-47
1756012114.4929447,3,0,-52
1756012114.529945,0,2,-60
1756012114.5689447,2,-2,-51
1756012114.6049447,2,-3,-51
1756012114.6429446,0,-7,-48
1756012114.6809447,-2,2,-50
1756012114.7199447,1,1,-51
1756012114.7559447,4,1,-58
1756012114.792945,2,-2,-56
1756012114.8309443,-3,1,-48
1756012114.8699446,-2,1,-52
1756012114.9059446,0,0,-47
1756012114.9429443,-6,8,-49
1756012114.9809446,0,3,-45
1756012115.019945,0,2,-56
1756012115.0559447,-6,4,-63
1756012115.0949447,-5,-2,-58
1756012115.131945,-5,0,-58
1756012115.1709447,-3,-5,-46
1756012115.2089446,-2,0,-50
1756012115.2459445,2,-1,-48
1756012115.282945,6,0,-46
1756012115.3209443,-1,-4,-53
1756012115.358945,-6,-4,-48
1756012115.394945,5,-2,-36
1756012115.4319446,1,2,-32
1756012115.4699447,-3,1,-58
1756012115.5059447,-2,2,-54
1756012115.542945,-3,-5,-58
1756012115.5809443,1,-3,-60
1756012115.6199446,-7,2,-47
1756012115.6559446,-6,-1,-53
1756012115.6939447,-4,1,-44
1756012115.7319446,0,2,-40
1756012115.769945,7,-3,-49
1756012115.8059447,7,1,-43
1756012115.8439443,-2,1,-52
1756012115.881945,-1,2,-43
1756012115.9199443,5,1,-51
1756012115.9559443,0,-1,-50
1756012115.9949446,-1,-11,-52
1756012116.0319445,-4,3,-45
1756012116.0709443,-3,-3,-41
1756012116.1069446,5,-1,-39
1756012116.144945,8,-1,-50
1756012116.1819446,9,2,-57
1756012116.2199447,-2,3,-52
1756012116.2559447,-3,-4,-54
1756012116.2949443,0,4,-52
1756012116.3319447,2,-3,-54
1756012116.3709445,-6,-9,-53
1756012116.4069445,0,-1,-45
1756012116.4439447,-1,0,-51
1756012116.4819446,3,1,-51
1756012116.519945,-4,-1,-57
1756012116.5559447,0,-2,-51
1756012116.5939443,-1,-1,-57
1756012116.631945,6,-3,-55
1756012116.6709447,-1,-8,-60
1756012116.7069447,-1,-6,-53
1756012116.7449446,0,-3,-50
1756012116.782945,-1,-8,-52
1756012116.8219447,2,0,-41
1756012116.8599446,-1,0,-53
1756012116.8959446,4,1,-55
1756012116.9329443,-5,4,-50
1756012116.9719446,-1,2,-54
1756012117.009945,3,1,-59
1756012117.0459447,3,-1,-46
1756012117.0829446,-3,-4,-50
1756012117.121945,-4,-5,-54
1756012117.1599443,-2,-5,-50
1756012117.1959443,-7,-2,-53
1756012117.233945,-2,-2,-56
1756012117.2719443,2,1,-51
1756012117.3099446,3,-5,-57
1756012117.3459446,-6,-3,-52
1756012117.3839445,-1,5,-40
1756012117.4219446,-5,1,-40
1756012117.460945,2,0,-45
1756012117.496945,3,1,-59
1756012117.5349443,-6,0,-55
1756012117.5729446,1,2,-59
1756012117.6109445,11,0,-55
1756012117.6469443,2,2,-50
1756012117.6839447,0,-6,-55
1756012117.7219446,4,-11,-51
1756012117.7609446,5,0,-50
1756012117.7969446,-4,-6,-50
1756012117.8349447,0,-6,-52
1756012117.8729446,-1,-6,-62
1756012117.9119446,0,-5,-55
1756012117.9479446,0,-3,-53
1756012117.9849446,3,-5,-53
1756012118.0229447,0,-2,-44
1756012118.0619447,1,3,-48
1756012118.0979445,0,0,-55
1756012118.134945,-3,4,-50
1756012118.1729443,0,2,-51
1756012118.2119446,0,-2,-48
1756012118.2479446,-3,-7,-50
1756012118.2859447,0,-5,-50
1756012118.3249447,8,-4,-57
1756012118.3629446,11,-3,-50
1756012118.4009447,5,-1,-55
1756012118.4369447,2,-3,-40
1756012118.4749446,-1,-2,-41
1756012118.5129447,-1,6,-45
1756012118.5519447,-7,1,-46
1756012118.5879445,-4,6,-59
1756012118.6249447,-3,3,-45
1756012118.6629446,0,-4,-58
1756012118.7019446,0,1,-55
1756012118.7379446,0,-2,-49
1756012118.7749443,-4,1,-45
1756012118.812945,0,-2,-41
1756012118.8519447,1,4,-50
1756012118.8879447,-1,0,-50
1756012118.9259446,0,0,-46
1756012118.9629445,-4,-1,-34
1756012119.0019443,-8,0,-52
1756012119.0379446,4,-4,-58
1756012119.0749447,8,-7,-59
1756012119.1129446,10,0,-58
1756012119.1509447,6,-1,-53
1756012119.1869447,-5,-5,-44
1756012119.2249446,0,-2,-41
1756012119.2629447,-5,6,-39
1756012119.3019447,-2,-2,-47
1756012119.3379445,2,0,-44
1756012119.3749447,1,1,-50
1756012119.4129446,0,-2,-50
1756012119.4519446,3,-5,-55
1756012119.4879446,5,-6,-40
1756012119.5249443,5,-5,-49
1756012119.562945,-4,-5,-59
1756012119.6019447,4,0,-50
1756012119.6379447,0,-8,-50
1756012119.6759446,-3,-6,-45
1756012119.713945,3,-4,-59
1756012119.7529447,4,2,-50
1756012119.7889447,5,-7,-50
1756012119.825945,2,-2,-50
1756012119.8639443,3,0,-45
1756012119.9029446,0,0,-42
1756012119.9389446,2,0,-43
1756012119.9759445,-5,0,-62
1756012120.0139446,-1,-4,-58
1756012120.052945,-4,-1,-51
1756012120.088945,-5,-4,-47
1756012120.1269443,-6,-2,-51
1756012120.1649446,-5,0,-57
1756012120.2039447,-5,2,-53
1756012120.2419446,-7,-3,-46
1756012120.2779446,2,-4,-53
1756012120.3149445,0,-4,-51
1756012120.3539443,-7,-3,-55
1756012120.3919446,-7,-3,-53
1756012120.427945,-1,2,-48
1756012120.4659443,0,1,-43
1756012120.5039446,-9,2,-52
1756012120.542945,-2,1,-58
1756012120.5789447,-1,0,-50
1756012120.6169446,-12,-2,-47
1756012120.6559446,0,-3,-49
1756012120.6939447,-9,1,-48
1756012120.7319446,-8,-1,-56
1756012120.7679446,1,4,-50
1756012120.8059447,0,-3,-43
1756012120.8439443,-1,-2,-42
1756012120.881945,0,6,-44
1756012120.917945,2,6,-47
1756012120.9549446,2,2,-47
1756012120.9939446,-4,1,-44
1756012121.029945,-5,8,-57
1756012121.0679443,-3,5,-51
1756012121.1059446,5,2,-47
1756012121.1439445,-1,0,-56
1756012121.1799445,0,2,-54
1756012121.2179446,2,4,-58
1756012121.2559447,2,0,-63
1756012121.2939446,-4,3,-54
1756012121.3299446,0,5,-53
1756012121.3669446,1,0,-59
1756012121.404945,0,0,-45
1756012121.4439447,1,0,-62
1756012121.4799447,-1,1,-60
1756012121.5169446,0,0,-56
1756012121.5549445,-1,0,-61
1756012121.5939443,-2,-4,-56
1756012121.6299446,-9,-1,-50
1756012121.667945,0,5,-39
1756012121.7049446,5,2,-42
1756012121.7429447,1,0,-55
1756012121.7789447,0,-3,-59
1756012121.815945,-4,0,-52
1756012121.8549447,0,-2,-47
1756012121.8929446,7,1,-42
1756012121.9289446,-5,-5,-38
1756012121.9679446,0,-3,-42
1756012122.0129447,-2,0,-46
1756012122.0499446,-3,-2,-46
1756012122.0869446,-2,3,-54
1756012122.1249447,1,-4,-50
1756012122.1639447,0,2,-49
1756012122.1999447,-1,3,-44
1756012122.236945,-7,5,-57
1756012122.2749443,-4,-2,-57
1756012122.3139446,7,-4,-51
1756012122.3499446,2,-7,-54
1756012122.3869443,0,-4,-57
1756012122.4249446,7,-1,-51
1756012122.463945,6,-1,-48
1756012122.4999447,3,5,-51
1756012122.5369446,-3,2,-49
1756012122.5749447,-2,0,-50
1756012122.6139443,0,4,-42
1756012122.6499443,-7,1,-52
1756012122.6889446,-3,-2,-39
1756012122.7259445,-1,2,-36
1756012122.7649446,-8,0,-48
1756012122.8009446,-2,6,-30
1756012122.8379445,2,5,-37
1756012122.8759446,-1,0,-52
1756012122.9149446,0,-6,-56
1756012122.950945,-3,-4,-49
1756012122.9889443,3,0,-53
1756012123.0259447,-1,2,-49
1756012123.0649445,10,1,-56
1756012123.1009445,8,0,-52
1756012123.1379447,-1,-4,-57
1756012123.1759446,0,-4,-43
1756012123.2149446,-7,-1,-51
1756012123.2509446,-2,-1,-48
1756012123.2889447,-1,-1,-57
1756012123.3279445,4,-4,-45
1756012123.3659446,-2,-1,-47
1756012123.4039447,9,3,-44
1756012123.4399445,6,0,-38
1756012123.4779446,-3,5,-50
1756012123.5159447,-2,4,-56
1756012123.5549445,-12,5,-60
1756012123.5909443,-7,4,-57
1756012123.6289446,-6,-4,-55
1756012123.6669445,-2,3,-63
1756012123.7059443,1,0,-55
1756012123.7439446,-1,0,-62
1756012123.779945,3,2,-53
1756012123.8169446,-5,2,-53
1756012123.8559446,-9,-3,-46
1756012123.8939445,-6,0,-46
1756012123.9299445,-7,4,-50
1756012123.9679446,-6,3,-53
1756012124.0059447,1,2,-60
1756012124.0439446,0,4,-48
1756012124.0799446,2,0,-41
1756012124.1169446,5,6,-46
1756012124.1559446,0,1,-57
1756012124.1949446,-3,0,-53
1756012124.2309446,-7,4,-65
1756012124.2689445,-5,-2,-51
1756012124.3059447,0,-2,-47
1756012124.3449447,3,0,-41
1756012124.381945,0,-2,-52
1756012124.4189446,4,1,-65
1756012124.4559443,0,3,-61
1756012124.4919446,1,6,-52
1756012124.5289447,-11,4,-48
1756012124.5669446,-10,-1,-39
1756012124.6059446,1,0,-50
1756012124.6419446,8,-3,-52
1756012124.6799445,3,3,-58
1756012124.7179446,-6,-3,-62
1756012124.7559447,-5,5,-47
1756012124.7949443,-1,5,-45
1756012124.8309443,-3,8,-51
1756012124.8689446,-4,5,-42
1756012124.9059446,-7,2,-54
1756012124.9449446,0,6,-52
1756012124.9809446,-3,0,-50
1756012125.0179446,1,0,-61
1756012125.0559447,2,-4,-58
1756012125.0919447,-7,2,-63
1756012125.1289446,-3,-3,-53
1756012125.1669445,-2,-2,-40
1756012125.2059443,-1,-7,-56
1756012125.2419446,-7,-9,-45
1756012125.279945,-6,0,-47
1756012125.3179443,-8,0,-48
1756012125.3569446,2,3,-50
1756012125.394945,-3,4,-52
1756012125.4309447,-5,-3,-49
1756012125.4699447,2,-5,-51
1756012125.506945,2,-8,-39
1756012125.5459447,-5,-4,-45
1756012125.5819447,-3,0,-42
1756012125.6199446,2,-1,-57
1756012125.657945,10,-3,-50
1756012125.6969447,2,-3,-47
1756012125.7349446,2,2,-53
1756012125.7709446,4,5,-44
1756012125.8079443,0,6,-54
1756012125.8459446,3,5,-46
1756012125.881945,2,5,-50
1756012125.9199443,4,2,-52
1756012125.9569447,1,3,-48
1756012125.9929447,2,0,-55
1756012126.029945,1,-2,-53
1756012126.0679443,3,0,-54
1756012126.1059446,0,-3,-59
1756012126.1419446,-2,0,-48
1756012126.1789446,3,5,-59
1756012126.2169447,5,2,-52
1756012126.2529447,-4,1,-54
1756012126.2909446,-1,3,-64
1756012126.3289447,-3,-1,-64
1756012126.3669446,-10,0,-58
1756012126.4059446,-1,1,-49
1756012126.4419446,5,4,-41
1756012126.4789443,-2,-1,-51
1756012126.5169446,-6,-1,-48
1756012126.5559447,-2,2,-49
1756012126.5919447,-4,0,-52
1756012126.6289446,-7,0,-51
1756012126.667945,-6,-6,-36
1756012126.7059443,-5,1,-49
1756012126.7419446,-5,-1,-46
1756012126.779945,-6,0,-62
1756012126.8179443,1,1,-61
1756012126.8559446,5,3,-37
1756012126.8919446,-2,5,-43
1756012126.9289446,-6,0,-49
1756012126.9679446,-11,-2,-54
1756012127.0059447,-3,-5,-47
1756012127.0419445,0,3,-41
1756012127.0789447,7,0,-60
1756012127.1169446,-5,-4,-59
1756012127.1529446,7,0,-66
1756012127.190945,-3,0,-69
1756012127.2279446,5,5,-63
1756012127.2669446,4,0,-54
1756012127.302945,5,-8,-47
1756012127.3409443,0,7,-48
1756012127.3779447,-6,1,-57
1756012127.4169445,2,2,-53
1756012127.4529445,-3,-7,-56
1756012127.4909446,-1,-4,-54
1756012127.5289447,-1,-7,-46
1756012127.5679443,-3,-7,-44
1756012127.6059446,-3,-7,-52
1756012127.6419446,0,-3,-52
1756012127.6799445,0,2,-48
1756012127.7179446,-5,1,-56
1756012127.7539446,-2,4,-45
1756012127.7909446,-2,2,-47
1756012127.8289447,0,0,-48
1756012127.8679447,3,-8,-39
1756012127.9039447,0,-3,-32
1756012127.940945,0,-7,-36
1756012127.9789443,-2,-8,-41
1756012128.0179446,-2,-4,-48
1756012128.0539446,-1,0,-55
1756012128.0909443,0,3,-43
1756012128.1279447,-3,0,-56
1756012128.1669445,8,-6,-56
1756012128.2029445,7,0,-45
1756012128.2399447,0,1,-39
1756012128.2779446,4,-2,-51
1756012128.3169446,3,-1,-53
1756012128.3529446,2,1,-44
1756012128.3899446,-1,-4,-53
1756012128.4289446,0,0,-42
1756012128.4669447,-5,2,-45
1756012128.5029447,-6,0,-49
1756012128.5399446,-1,-4,-43
1756012128.5789447,-3,1,-47
1756012128.6169446,-1,0,-46
1756012128.6529446,-1,4,-45
1756012128.6899445,-1,2,-47
1756012128.7289443,12,2,-56
1756012128.7669446,6,0,-58
1756012128.802945,2,5,-52
1756012128.8399446,4,-4,-46
1756012128.8789446,8,-1,-57
1756012128.9169445,-2,-11,-55
1756012128.9529445,1,-14,-56
1756012128.9899447,0,-7,-48
1756012129.0289447,-2,3,-57
1756012129.0669446,-1,4,-50
1756012129.1029446,2,3,-50
1756012129.1399446,5,2,-47
1756012129.177945,7,3,-62
1756012129.213945,2,5,-58
1756012129.2509446,-2,7,-45
1756012129.2889447,4,3,-50
1756012129.3249447,8,1,-40
1756012129.361945,3,7,-48
1756012129.3989446,1,-1,-51
1756012129.437945,-4,-2,-53
1756012129.473945,-4,0,-51
1756012129.5119443,1,-1,-62
1756012129.5499446,3,-2,-61
1756012129.588945,1,-2,-56
1756012129.6249447,0,-10,-44
1756012129.6619446,9,-1,-50
1756012129.700945,0,0,-47
1756012129.7389443,0,0,-49
1756012129.7749443,0,-5,-56
1756012129.8119447,-8,-1,-65
1756012129.8499446,-2,-3,-54
1756012129.8889446,-1,-1,-48
1756012129.9249446,3,2,-50
1756012129.9619446,-6,1,-54
1756012129.9999447,-5,-1,-50
1756012130.0389447,-5,5,-42
1756012130.0749447,-5,-1,-44
1756012130.1139443,1,-4,-59
1756012130.1509447,4,-4,-54
1756012130.1899445,-4,-1,-61
1756012130.2279446,5,-5,-57
1756012130.2639446,-3,0,-59
1756012130.3009446,-3,0,-49
1756012130.3399446,-8,1,-58
1756012130.3779447,-4,0,-49
1756012130.4139447,-1,0,-44
1756012130.450945,-1,1,-47
1756012130.4899447,0,-5,-45
1756012130.5279446,-2,0,-54
1756012130.5639446,-1,1,-58
1756012130.6009445,0,-4,-57
1756012130.6399446,1,-3,-52
1756012130.677945,-3,0,-66
1756012130.713945,-6,2,-55
1756012130.7519443,-5,-3,-47
1756012130.7899446,-1,-9,-50
1756012130.8289447,4,-7,-45
1756012130.8649447,2,-8,-47
1756012130.9019446,1,-9,-46
1756012130.9399445,0,-8,-54
1756012130.9789443,-1,-4,-50
1756012131.0149446,-5,-3,-52
1756012131.052945,0,-1,-55
1756012131.0909443,1,-1,-54
1756012131.1299446,0,4,-48
1756012131.1659446,4,-2,-59
1756012131.2039447,1,-3,-55
1756012131.2419446,7,2,-53
1756012131.279945,9,3,-53
1756012131.315945,2,5,-37
1756012131.3539443,8,1,-44
1756012131.3919446,-2,5,-47
1756012131.4309447,-5,4,-50
1756012131.4689443,-1,-2,-51
1756012131.5049446,0,-2,-50
1756012131.5419445,10,-1,-47
1756012131.5799446,3,-4,-52
1756012131.6189446,0,2,-45
1756012131.654945,-12,-2,-48
1756012131.6939447,2,6,-52
1756012131.7309446,0,0,-54
1756012131.7689445,-5,0,-55
1756012131.8049445,3,1,-54
1756012131.8419447,-7,-3,-46
1756012131.8809447,0,-6,-57
1756012131.9189446,-1,-1,-51
1756012131.9549446,0,0,-48
1756012131.9919446,-4,0,-55
1756012132.0359447,-1,3,-52
1756012132.0739446,-3,-1,-35
1756012132.111945,-8,-6,-49
1756012132.1509447,-6,-5,-45
1756012132.1889446,6,-4,-55
1756012132.2249446,11,-1,-58
1756012132.2629447,2,1,-40
1756012132.3009446,3,0,-42
1756012132.338945,2,0,-49
1756012132.3749447,-3,3,-57
1756012132.4129446,0,7,-56
1756012132.450945,4,-4,-60
1756012132.4889443,7,-3,-64
1756012132.5249443,5,0,-54
1756012132.562945,0,6,-49
1756012132.6009445,-4,0,-49
1756012132.6399446,-1,-6,-42
1756012132.6759446,0,-5,-51
1756012132.7129445,-7,2,-44
1756012132.7519443,-9,-3,-40
1756012132.7879446,-13,-5,-51
1756012132.8249447,-6,0,-50
1756012132.8629446,3,-10,-50
1756012132.9019446,2,-7,-50
1756012132.9399445,2,-8,-47
1756012132.9759445,4,-4,-40
1756012133.0129447,1,-2,-41
1756012133.0509446,7,2,-54
1756012133.0899446,0,1,-53
1756012133.1259446,-1,-1,-52
1756012133.1639447,-1,3,-52
1756012133.2019446,0,0,-44
1756012133.2399447,-6,-2,-46
1756012133.2759447,-7,4,-64
1756012133.312945,-9,-8,-52
1756012133.3519447,-7,-1,-53
1756012133.3899446,-5,2,-53
1756012133.4259446,1,0,-50
1756012133.4629445,1,-5,-50
1756012133.5019443,-1,-2,-41
1756012133.5399446,-2,1,-44
1756012133.575945,4,0,-52
1756012133.6129446,-2,0,-58
1756012133.6519446,-6,1,-44
1756012133.6899445,-6,-3,-39
1756012133.7259445,-5,-8,-45
1756012133.7649446,0,-2,-51
1756012133.8019447,0,-2,-53
1756012133.8409443,3,-7,-53
1756012133.8769443,4,-8,-45
1756012133.9149446,2,-7,-55
1756012133.9529445,5,-8,-50
1756012133.9919446,7,-6,-49
1756012134.029945,2,-9,-55
1756012134.065945,-4,-1,-63
1756012134.1039443,4,0,-57
1756012134.1419446,4,1,-53
1756012134.1799445,2,1,-53
1756012134.2159443,7,-3,-54
1756012134.2539446,2,-2,-62
1756012134.2919445,0,3,-60
1756012134.3309443,0,-3,-50
1756012134.3669446,0,-1,-62
1756012134.404945,0,-2,-58
1756012134.4429443,0,3,-55
1756012134.4809446,-4,0,-56
1756012134.5169446,-4,0,-56
1756012134.5559447,-6,0,-52
1756012134.5929446,-4,2,-53
1756012134.631945,-1,1,-55
1756012134.667945,-4,7,-56
1756012134.7059443,3,1,-57
1756012134.7429447,-2,0,-50
1756012134.7819445,-4,0,-41
1756012134.8179443,-7,-6,-59
1756012134.8559446,-1,-5,-50
1756012134.894945,0,0,-37
1756012134.9319446,0,1,-47
1756012134.9679446,0,1,-58
1756012135.0049446,-2,2,-50
1756012135.042945,1,-3,-50
1756012135.0819447,1,-5,-48
1756012135.1179447,0,-1,-47
1756012135.154945,-3,-1,-50
1756012135.1929443,-2,-4,-36
1756012135.2319446,-2,-6,-46
1756012135.2679446,0,-3,-40
1756012135.3049445,0,1,-55
1756012135.3429446,0,-5,-44
1756012135.3809447,9,-6,-53
1756012135.4169445,0,-14,-48
1756012135.4549446,-5,-11,-43
1756012135.4929447,4,-1,-52
1756012135.5319445,-2,3,-62
1756012135.5679443,-1,2,-58
1756012135.6049447,0,-5,-56
1756012135.6429446,0,2,-53
1756012135.6819446,6,10,-51
1756012135.7179446,-1,13,-43
1756012135.7549446,1,0,-44
1756012135.792945,-7,1,-45
1756012135.8319447,-5,1,-47
1756012135.8679447,-2,4,-51
1756012135.904945,0,-5,-44
1756012135.9429443,-3,-1,-38
1756012135.9819446,-3,-2,-46
1756012136.0179446,0,1,-51
1756012136.0549445,2,2,-56
1756012136.0929446,2,-1,-56
1756012136.1289446,3,-2,-50
1756012136.1659446,2,0,-52
1756012136.2029445,-2,-12,-55
1756012136.2419446,0,-5,-42
1756012136.2779446,0,-8,-58
1756012136.315945,-3,-3,-62
1756012136.3539443,0,2,-45
1756012136.3919446,1,0,-52
1756012136.427945,0,-4,-53
1756012136.4659443,4,-5,-56
1756012136.5039446,-3,-2,-49
1756012136.542945,4,-2,-52
1756012136.5789447,0,-2,-53
1756012136.6159446,1,-3,-46
1756012136.6539447,-2,-4,-50
1756012136.6929443,-5,0,-48
1756012136.7289443,-1,-4,-48
1756012136.7669446,3,1,-61
1756012136.8049445,8,-2,-51
1756012136.8439443,7,-7,-55
1756012136.881945,-6,-5,-55
1756012136.917945,-2,-3,-47
1756012136.9559443,-4,-1,-46
1756012136.9939446,-4,3,-42
1756012137.032945,-9,0,-38
1756012137.0689447,-7,-1,-40
1756012137.1069446,-4,1,-49
1756012137.144945,-1,3,-49
1756012137.1839447,3,-1,-38
1756012137.2219446,-3,-1,-54
1756012137.2579446,2,-3,-48
1756012137.2949443,-4,1,-46
1756012137.3339446,15,-4,-54
1756012137.371945,7,0,-49
1756012137.407945,2,1,-53
1756012137.4449446,-3,0,-48
1756012137.483945,2,5,-39
1756012137.5219443,1,0,-59
1756012137.5579443,8,-1,-57
1756012137.5949447,1,-8,-48
1756012137.6339445,-5,-1,-45
1756012137.6699443,-8,-2,-52
1756012137.7079446,3,-11,-44
1756012137.7459445,0,-10,-45
1756012137.7839446,-1,-2,-35
1756012137.8229446,-3,-3,-46
1756012137.858945,-6,-6,-56
1756012137.8969443,-1,-4,-62
1756012137.9349446,-12,-4,-53
1756012137.973945,3,3,-53
1756012138.009945,5,1,-46
1756012138.0469446,3,-1,-40
1756012138.0849447,-1,-5,-48
1756012138.1239443,2,-5,-50
1756012138.1599443,0,0,-42
1756012138.1969447,-1,-2,-58
1756012138.2349446,-2,-1,-55
1756012138.2739446,4,-1,-57
1756012138.3099446,1,0,-52
1756012138.3469446,0,-1,-55
1756012138.384945,6,1,-61
1756012138.4239447,-3,0,-46
1756012138.4599447,2,3,-47
1756012138.496945,4,-1,-53
1756012138.5349443,2,0,-55
1756012138.5729446,6,0,-58
1756012138.608945,3,0,-57
1756012138.6459446,3,3,-49
1756012138.6839447,5,0,-55
1756012138.7199447,6,4,-48
1756012138.756945,0,-1,-55
1756012138.7959447,-2,-1,-50
1756012138.8339446,0,2,-41
1756012138.8699446,2,-3,-53
1756012138.9069445,-1,1,-56
1756012138.9449446,0,0,-53
1756012138.983945,2,-10,-42
1756012139.019945,-4,2,-51
1756012139.0569446,-1,0,-46
1756012139.0949447,1,1,-46
1756012139.1339445,5,-5,-58
1756012139.1699443,4,-5,-58
1756012139.2069447,2,-3,-58
1756012139.2449446,2,-8,-61
1756012139.2839446,4,-6,-50
1756012139.3199446,-2,-4,-52
1756012139.3579447,1,0,-47
1756012139.394945,1,0,-53
1756012139.4339447,5,4,-48
1756012139.4699447,0,5,-45
1756012139.506945,-4,0,-52
1756012139.5449443,-1,2,-53
1756012139.5839446,-7,2,-40
1756012139.6199446,6,10,-43
1756012139.6569445,0,9,-40
1756012139.6949446,2,0,-42
1756012139.7309446,3,1,-43
1756012139.7679446,1,5,-50
1756012139.8049445,6,0,-48
1756012139.8409443,-1,0,-51
1756012139.8789446,0,-5,-57
1756012139.9159446,5,0,-55
1756012139.9539447,0,-2,-47
1756012139.9899447,2,-5,-48
1756012140.0269446,4,2,-50
1756012140.065945,7,8,-57
1756012140.1039443,-4,5,-47
1756012140.1399446,-1,0,-48
1756012140.1769447,0,4,-49
1756012140.2149446,-2,-3,-46
1756012140.2509446,-7,-2,-54
1756012140.2889447,-9,2,-50
1756012140.3269446,-2,0,-48
1756012140.3659446,-4,3,-60
1756012140.4039447,2,1,-55
1756012140.4399445,0,0,-54
1756012140.4769447,-2,-7,-47
1756012140.5159447,0,-1,-59
1756012140.5539446,-5,-1,-42
1756012140.5899446,0,-1,-48
1756012140.6269443,-3,0,-50
1756012140.6659446,-4,-2,-42
1756012140.7039447,-1,-5,-44
1756012140.7399447,3,0,-39
1756012140.7769446,-7,4,-40
1756012140.815945,2,-6,-46
1756012140.8539443,4,-2,-42
1756012140.8899446,2,-4,-48
1756012140.9269447,-4,-3,-48
1756012140.9659443,2,0,-48
1756012141.0019443,4,0,-51
1756012141.0389447,1,2,-47
1756012141.0769446,-3,-2,-50
1756012141.1159446,7,-3,-52
1756012141.1519446,0,0,-46
1756012141.1889446,-1,3,-53
1756012141.2269447,-1,0,-60
1756012141.2659447,2,1,-39
1756012141.3019447,8,4,-51
1756012141.338945,-1,-6,-45
1756012141.3769443,9,1,-51
1756012141.4159446,10,-3,-48
1756012141.4519446,6,1,-38
1756012141.4889443,6,-2,-56
1756012141.5269446,9,6,-64
1756012141.565945,3,1,-56
1756012141.6019447,1,2,-48
1756012141.6389446,1,-3,-52
1756012141.6769447,-7,-1,-49
1756012141.7159443,-2,-1,-48
1756012141.7519443,0,-7,-47
1756012141.7889447,3,-11,-53
1756012141.8269446,-6,-10,-59
1756012141.8659446,-6,0,-61
1756012141.9019446,-3,0,-49
1756012141.9389446,0,0,-43
1756012141.9769447,1,0,-43
1756012142.0149446,1,2,-46
1756012142.0589447,0,-5,-46
1756012142.0969446,4,0,-46
1756012142.134945,2,1,-54
1756012142.1709447,6,-1,-40
1756012142.2079446,3,-4,-58
1756012142.246945,1,-3,-47
1756012142.2849443,1,3,-42
1756012142.3209443,0,3,-54
1756012142.3579447,-3,1,-52
1756012142.3969443,-2,-8,-40
1756012142.4349446,1,2,-44
1756012142.4709446,5,1,-55
1756012142.5079446,3,1,-58
1756012142.5459447,-3,3,-63
1756012142.5819447,-3,4,-50
1756012142.6199446,0,8,-58
1756012142.6569445,2,0,-53
1756012142.6929443,1,-1,-47
1756012142.7309446,6,-3,-49
1756012142.769945,2,3,-51
1756012142.8069446,-1,2,-50
1756012142.8459446,1,-1,-53
1756012142.881945,-8,0,-57
1756012142.9199443,-4,-8,-65
1756012142.9569447,-3,-9,-58
1756012142.9959445,-1,-9,-63
1756012143.0319445,-1,-5,-61
1756012143.0699446,5,-3,-49
1756012143.1079447,3,-1,-41
1756012143.1469443,2,-4,-47
1756012143.1829443,-2,-6,-46
1756012143.2209446,-3,0,-47
1756012143.2589445,10,2,-45
1756012143.2969446,6,-2,-60
1756012143.3329446,0,-1,-56
1756012143.3699446,0,-2,-48
1756012143.407945,-1,-4,-43
1756012143.4469447,-1,-5,-42
1756012143.4829447,-8,2,-54
1756012143.519945,-4,1,-63
1756012143.5579443,5,0,-49
1756012143.5959446,2,-1,-45
1756012143.631945,4,-2,-46
1756012143.6699443,-1,-2,-56
1756012143.7079446,0,-2,-43
1756012143.746945,2,2,-50
1756012143.782945,0,-2,-45
1756012143.8199446,0,-11,-49
1756012143.8579447,-1,-3,-45
1756012143.8969443,-1,2,-46
1756012143.9329443,2,3,-57
1756012143.9699447,10,-5,-54
1756012144.0079446,-2,0,-39
1756012144.0469446,-2,0,-52
1756012144.0829446,-3,4,-53
1756012144.1199446,-1,2,-52
1756012144.157945,4,6,-62
1756012144.1969447,-2,5,-46
1756012144.2329447,-1,-2,-45
1756012144.2709446,-2,-3,-48
1756012144.3089447,-3,-3,-42
1756012144.3479445,-5,-2,-49
1756012144.3839445,-5,-3,-47
1756012144.4219446,1,0,-57
1756012144.4589446,6,-5,-56
1756012144.4979446,2,-4,-51
1756012144.5339446,-1,-5,-53
1756012144.5719447,-13,-1,-43
1756012144.6099446,-6,3,-40
1756012144.6479447,5,-5,-46
1756012144.6869447,-2,-7,-38
1756012144.7229445,3,-5,-39
1756012144.759945,-3,-6,-46
1756012144.7979443,-2,4,-42
1756012144.8369446,7,7,-47
1756012144.8729446,0,6,-45
1756012144.9099443,1,4,-57
1756012144.9479446,0,0,-53
1756012144.983945,-3,0,-55
1756012145.0219443,0,7,-45
1756012145.0589447,-5,7,-57
1756012145.0979445,-2,0,-60
1756012145.1339445,-4,-2,-57
1756012145.1719446,-7,-1,-53
1756012145.2099447,-3,-4,-44
1756012145.2489443,-11,-3,-46
1756012145.2869446,-5,-1,-63
1756012145.3229446,-3,1,-53
1756012145.3599446,6,-4,-55
1756012145.3989446,5,-5,-54
1756012145.4369447,1,-1,-52
1756012145.4729445,2,1,-38
1756012145.509945,2,5,-50
1756012145.5479443,6,2,-56
1756012145.5839446,7,1,-59
1756012145.6229446,7,-1,-59
1756012145.6599443,-3,-3,-39
1756012145.6989446,-2,2,-44
1756012145.736945,-4,0,-62
1756012145.7729447,0,-1,-51
1756012145.8119447,3,-4,-35
1756012145.848945,5,-4,-42
1756012145.8879447,-1,-6,-36
1756012145.9239447,2,-3,-46
1756012145.9619446,1,1,-54
1756012145.9989443,1,6,-50
1756012146.0349443,4,0,-57
1756012146.0719447,2,2,-61
1756012146.1099446,6,2,-60
1756012146.1489446,0,3,-54
1756012146.1849446,0,-1,-50
1756012146.2219446,-2,5,-44
1756012146.259945,-4,1,-62
1756012146.2989447,6,0,-52
1756012146.3349447,3,4,-42
1756012146.371945,7,5,-45
1756012146.4089446,-5,1,-50
1756012146.4479446,-4,-4,-57
1756012146.483945,-6,-4,-61
1756012146.5219443,1,-1,-58
1756012146.5599446,0,5,-47
1756012146.5979445,5,-2,-37
1756012146.6339445,12,-6,-42
1756012146.6719446,8,-4,-42
1756012146.7099447,2,-1,-62
1756012146.7489443,0,-4,-60
1756012146.7849443,0,-1,-61
1756012146.8229446,6,0,-61
1756012146.861945,-1,1,-61
1756012146.8999443,6,-10,-59
1756012146.937945,-1,-4,-49
1756012146.973945,6,-1,-58
1756012147.0119443,6,0,-60
1756012147.0499446,9,-4,-66
1756012147.0879445,1,-3,-66
1756012147.1239443,-6,-1,-51
1756012147.1629446,0,-1,-45
1756012147.1999447,-5,0,-47
1756012147.2389443,3,3,-52
1756012147.2749443,0,0,-59
1756012147.3119447,-3,-2,-46
1756012147.3499446,-7,-3,-50
1756012147.3889446,-9,-2,-52
1756012147.4249446,-10,0,-52
1756012147.4619446,4,-3,-53
1756012147.4999447,-3,-7,-51
1756012147.5389447,-9,-6,-43
1756012147.5749447,-5,-3,-47
1756012147.6129446,-10,6,-46
1756012147.6509447,-5,2,-52
1756012147.6899445,0,2,-58
1756012147.7259445,-1,-3,-57
1756012147.7639446,-2,-3,-43
1756012147.8019447,0,1,-51
1756012147.8399446,3,4,-49
1756012147.8759446,5,0,-56
1756012147.9139447,-2,0,-46
1756012147.9529445,0,0,-52
1756012147.9899447,2,0,-45
1756012148.0259447,-2,-7,-45
1756012148.0639446,-2,-3,-56
1756012148.1029446,-5,5,-57
1756012148.1399446,-2,-1,-60
1756012148.1789446,0,0,-55
1756012148.2149446,1,-1,-47
1756012148.2529447,4,-4,-51
1756012148.2899446,3,-3,-49
1756012148.3289447,0,-5,-64
1756012148.3649447,-4,-4,-59
1756012148.4029446,-1,-2,-52
1756012148.440945,0,-5,-49
1756012148.4799447,3,0,-43
1756012148.5159447,0,-4,-57
1756012148.552945,1,0,-48
1756012148.5909443,-1,0,-42
1756012148.6289446,-2,-2,-53
1756012148.6649446,2,0,-55
1756012148.7029445,-1,1,-57
1756012148.7409446,0,-1,-54
1756012148.7789447,2,0,-46
1756012148.8149445,0,4,-53
1756012148.8529446,-2,0,-45
1756012148.8909447,-3,-7,-45
1756012148.9289446,1,-3,-48
1756012148.9649446,3,0,-52
1756012149.0029447,-2,0,-52
1756012149.0409446,2,-2,-63
1756012149.0789447,7,-1,-69
1756012149.1149447,4,7,-66
1756012149.1529446,0,2,-58
1756012149.190945,-4,-2,-56
1756012149.2289443,-3,2,-48
1756012149.2649446,0,0,-43
1756012149.3019447,0,0,-50
1756012149.3399446,0,-6,-44
1756012149.3759446,-2,1,-53
1756012149.4139447,0,1,-53
1756012149.450945,-6,0,-51
1756012149.4899447,-1,0,-49
1756012149.5259447,0,-3,-50
1756012149.5639446,0,-1,-49
1756012149.6019447,-1,4,-35
1756012149.6409447,4,-2,-40
1756012149.6769447,2,0,-49
1756012149.713945,0,-6,-51
1756012149.7529447,-4,4,-40
1756012149.7909446,-5,6,-49
1756012149.8269446,0,-2,-56
1756012149.8639443,-8,3,-60
1756012149.9029446,0,-1,-48
1756012149.940945,1,0,-57
1756012149.9769447,-3,3,-60
1756012150.0139446,-2,2,-63
1756012150.052945,-6,-5,-50
1756012150.0909443,-5,0,-40
1756012150.1269443,1,1,-47
1756012150.1639447,1,1,-49
1756012150.2019446,-2,-1,-48
1756012150.2399447,-4,-5,-39
1756012150.2759447,-1,-5,-46
1756012150.3139446,1,-7,-50
1756012150.3519447,-1,6,-55
1756012150.3909447,-1,0,-59
1756012150.4269447,2,4,-55
1756012150.463945,-4,0,-58
1756012150.5019443,-10,10,-39
1756012150.5409446,-2,4,-43
1756012150.5769446,3,2,-42
1756012150.6139443,5,0,-52
1756012150.6519446,7,-3,-51
1756012150.6899445,1,0,-56
1756012150.7259445,0,-7,-48
1756012150.7639446,2,-5,-43
1756012150.802945,-1,0,-52
1756012150.8409443,2,-1,-34
1756012150.8769443,0,-5,-50
1756012150.9159446,4,-2,-51
1756012150.9529445,8,-2,-55
1756012150.9919446,1,-2,-60
1756012151.0279446,-4,3,-57
1756012151.065945,-5,3,-49
1756012151.1039443,-5,4,-60
1756012151.1419446,-13,0,-55
1756012151.1809447,-3,-4,-29
1756012151.2169447,-2,3,-41
1756012151.2539446,1,2,-58
1756012151.2919445,2,2,-43
1756012151.3279445,0,0,-49
1756012151.3659446,-4,-4,-49
1756012151.4039447,-2,0,-58
1756012151.4419446,-1,3,-57
1756012151.4809446,0,5,-50
1756012151.5169446,-4,-2,-51
1756012151.5549445,-1,-2,-44
1756012151.5939443,3,-4,-46
1756012151.631945,-2,-1,-45
1756012151.667945,3,-1,-46
1756012151.7049446,5,1,-46
1756012151.7429447,-5,0,-46
1756012151.7809446,-2,-2,-53
1756012151.8169446,-4,-2,-57
1756012151.8549447,-3,-2,-49
1756012151.8929446,2,-1,-50
1756012151.9319446,-3,0,-58
1756012151.9679446,-3,1,-46
1756012152.0059447,0,-2,-44
1756012152.0439446,1,1,-52
1756012152.0879445,0,1,-54
1756012152.1259446,0,1,-58
1756012152.1639447,7,-2,-61
1756012152.2029445,7,0,-56
1756012152.2409446,4,-1,-56
1756012152.2769446,0,-3,-43
1756012152.3139446,1,1,-42
1756012152.3519447,5,3,-56
1756012152.3889446,2,6,-38
1756012152.4259446,0,-2,-42
1756012152.463945,-2,2,-48
1756012152.5029447,6,-6,-60
1756012152.5409446,-1,-3,-53
1756012152.5769446,2,8,-43
1756012152.6139443,-3,-1,-57
1756012152.6529446,-4,1,-52
1756012152.6889446,-7,1,-46
1756012152.7259445,-4,1,-47
1756012152.7639446,2,-1,-47
1756012152.802945,3,1,-45
1756012152.838945,7,-1,-56
1756012152.8759446,0,-2,-58
1756012152.9139447,-3,-5,-46
1756012152.9529445,1,3,-45
1756012152.9889443,3,-7,-59
1756012153.0269446,4,-5,-53
1756012153.0639446,5,-6,-53
1756012153.1029446,0,-8,-41
1756012153.1389446,0,-4,-50
1756012153.1769447,4,0,-53
1756012153.2149446,3,-3,-47
1756012153.2539446,-5,-2,-49
1756012153.2919445,-9,-6,-46
1756012153.3279445,-9,-1,-48
1756012153.3659446,-3,-1,-49
1756012153.4039447,-9,-5,-38
1756012153.4429443,-2,-1,-47
1756012153.4789443,1,1,-51
1756012153.5159447,0,4,-45
1756012153.5539446,-7,-1,-44
1756012153.5919447,-2,0,-55
1756012153.6289446,-5,3,-54
1756012153.6659446,-6,3,-43
1756012153.7039447,-1,0,-56
1756012153.7429447,-1,0,-55
1756012153.7789447,-4,2,-48
1756012153.815945,1,1,-52
1756012153.8539443,6,1,-50
1756012153.8919446,0,-5,-55
1756012153.927945,-3,-3,-59
1756012153.9659443,6,3,-56
1756012154.0039446,0,-1,-61
1756012154.0419445,-7,1,-51
1756012154.0779445,-5,1,-53
1756012154.1159446,-1,9,-53
1756012154.1539447,0,0,-59
1756012154.1929443,2,6,-41
1756012154.2289443,-5,8,-58
1756012154.2659447,0,-3,-45
1756012154.3039446,0,2,-55
1756012154.3399446,5,1,-53
1756012154.3769443,0,3,-55
1756012154.4149446,6,1,-42
1756012154.4539447,5,-6,-53
1756012154.4899447,0,-7,-60
1756012154.5269446,3,-2,-57
1756012154.565945,-2,0,-57
1756012154.6039443,-1,8,-52
1756012154.6399446,0,1,-51
1756012154.677945,4,0,-52
1756012154.7149446,2,3,-55
1756012154.7539446,0,2,-54
1756012154.7899446,0,4,-59
1756012154.8279445,0,6,-62
1756012154.8649447,5,3,-44
1756012154.9029446,2,3,-45
1756012154.9389446,-4,3,-48
1756012154.9779446,1,-6,-50
1756012155.0149446,-4,-6,-49
1756012155.0539446,0,0,-51
1756012155.0899446,0,-5,-43
1756012155.1269443,1,-6,-52
1756012155.1649446,0,-4,-48
1756012155.2039447,-2,0,-53
1756012155.2399447,-1,4,-49
1756012155.2779446,-2,-2,-48
1756012155.3149445,-4,5,-56
1756012155.3539443,-4,-1,-51
1756012155.3899446,-4,2,-51
1756012155.427945,-1,1,-46
1756012155.4649446,-3,2,-54
1756012155.5039446,-7,-4,-47
1756012155.5399446,-1,-3,-55
1756012155.5779445,1,-6,-58
1756012155.6159446,0,-6,-57
1756012155.654945,-5,-5,-58
1756012155.6929443,1,-4,-47
1756012155.7289443,0,-1,-50
1756012155.7659447,0,-4,-50
1756012155.8049445,-6,3,-48
1756012155.8429446,0,-4,-54
1756012155.8789446,-2,-3,-56
1756012155.9169445,0,0,-41
1756012155.9549446,-1,0,-39
1756012155.9929447,0,3,-40
1756012156.0289447,-2,2,-44
1756012156.065945,-1,7,-46
1756012156.1049447,-2,2,-48
1756012156.1409447,-9,0,-48
1756012156.177945,-5,4,-61
1756012156.2159443,-2,2,-65
1756012156.2549446,-5,2,-53
1756012156.2909446,-5,-8,-64
1756012156.3289447,-3,-4,-46
1756012156.3669446,0,-3,-48
1756012156.404945,1,-6,-51
1756012156.4439447,4,0,-53
1756012156.4799447,-4,0,-53
1756012156.5169446,-4,3,-58
1756012156.5549445,-4,6,-56
1756012156.5939443,1,0,-59
1756012156.6299446,2,5,-59
1756012156.6669445,-3,-6,-51
1756012156.7059443,0,-2,-50
1756012156.7439446,5,-6,-48
1756012156.779945,-4,-7,-62
1756012156.8189447,-2,-4,-56
1756012156.8559446,-8,0,-51
1756012156.894945,-3,-10,-56
1756012156.9309447,-5,-4,-60
1756012156.9689443,3,0,-50
1756012157.0059447,-5,3,-53
1756012157.0449443,-2,6,-38
1756012157.0809443,-4,-2,-40
1756012157.1189446,-3,0,-47
1756012157.157945,-3,-6,-39
1756012157.1959443,2,-3,-51
1756012157.233945,-4,3,-52
1756012157.269945,2,3,-52
1756012157.3079443,3,0,-41
1756012157.3459446,-4,-3,-48
1756012157.3839445,-4,0,-46
1756012157.4199443,3,1,-52
1756012157.4569447,5,0,-39
1756012157.4959445,4,1,-43
1756012157.5339446,4,1,-43
1756012157.5699446,2,4,-42
1756012157.6069446,5,-1,-60
1756012157.6459446,-2,6,-56
1756012157.6819446,3,-1,-52
1756012157.7189443,4,-2,-48
1756012157.756945,3,0,-50
1756012157.7949443,-1,11,-53
1756012157.8309443,-1,-1,-43
1756012157.8689446,0,-2,-52
1756012157.9069445,-6,-2,-55
1756012157.9459443,1,-5,-49
1756012157.9819446,-6,-5,-38
1756012158.0209446,2,-6,-50
1756012158.0579443,0,-2,-59
1756012158.0959446,-7,0,-50
1756012158.134945,4,-1,-58
1756012158.1709447,1,-1,-54
1756012158.2079446,0,4,-39
1756012158.2459445,0,0,-48
1756012158.2819445,0,4,-48
1756012158.3189447,0,-1,-53
1756012158.3569446,0,-7,-54
1756012158.3959446,5,0,-67
1756012158.4319446,3,0,-55
1756012158.4689443,4,0,-46
1756012158.506945,3,0,-49
1756012158.5449443,3,0,-54
1756012158.5809443,6,0,-62
1756012158.6189446,4,0,-55
1756012158.6569445,5,0,-56
1756012158.6949446,-1,1,-55
1756012158.7309446,-5,4,-52
1756012158.7689445,-7,4,-39
1756012158.8069446,-12,-6,-48
1756012158.8459446,0,-3,-55
1756012158.881945,0,-4,-47
1756012158.9189446,-4,-4,-61
1756012158.9569447,-1,-5,-52
1756012158.9959445,-5,-2,-50
1756012159.0319445,-6,-2,-50
1756012159.0699446,-6,-2,-48
1756012159.1079447,-1,-5,-51
1756012159.1469443,-1,0,-46
1756012159.1849446,1,6,-46
1756012159.2209446,3,3,-46
1756012159.2579446,3,-5,-51
1756012159.2969446,-1,-3,-45
1756012159.3329446,-3,1,-39
1756012159.3699446,-9,4,-47
1756012159.407945,-8,4,-42
1756012159.4469447,-9,3,-46
1756012159.4829447,-1,0,-42
1756012159.5209446,1,-4,-41
1756012159.5589447,-3,2,-45
1756012159.5969446,-2,0,-44
1756012159.6359446,4,5,-58
1756012159.6719446,2,5,-61
1756012159.7089446,-3,1,-41
1756012159.746945,3,-1,-47
1756012159.7859447,-7,-2,-42
1756012159.8219447,-2,-6,-45
1756012159.8599446,-2,-7,-47
1756012159.8989446,-1,-3,-49
1756012159.9369447,4,-3,-47
1756012159.9729445,1,-9,-58
1756012160.009945,-1,-5,-52
1756012160.0479443,3,5,-53
1756012160.0869446,2,6,-56
1756012160.1229446,0,-3,-48
1756012160.1599443,0,2,-49
1756012160.1989446,-3,-5,-40
1756012160.236945,3,-1,-49
1756012160.2729447,0,-2,-50
1756012160.3099446,-3,-6,-54
1756012160.348945,0,-5,-55
1756012160.3869443,0,-4,-57
1756012160.4229443,0,-4,-47
1756012160.4599447,-5,0,-40
1756012160.4979446,-3,3,-51
1756012160.5369446,2,1,-57
1756012160.5729446,-1,1,-67
1756012160.6099446,3,0,-65
1756012160.6479447,2,4,-45
1756012160.6869447,2,0,-64
1756012160.7229445,0,-3,-54
1756012160.759945,-1,-5,-59
1756012160.7979443,-2,3,-63
1756012160.8369446,-5,5,-63
1756012160.8729446,-2,7,-51
1756012160.9099443,3,-2,-44
1756012160.9479446,-3,-4,-50
1756012160.986945,-1,0,-51
1756012161.0229447,-1,-1,-51
1756012161.0609446,-3,-2,-55
1756012161.098945,0,-3,-58
1756012161.1379447,1,-4,-49
1756012161.1739447,-2,-1,-50
1756012161.2119446,0,0,-56
1756012161.2489443,-3,0,-52
1756012161.2879446,-1,2,-49
1756012161.3239446,0,-7,-49
1756012161.361945,2,-5,-45
1756012161.3999443,5,-7,-47
1756012161.437945,0,-4,-47
1756012161.4769447,-4,-8,-62
1756012161.5129447,-1,-4,-57
1756012161.5509446,1,0,-57
1756012161.5879445,-2,-1,-66
1756012161.6269443,-1,0,-46
1756012161.6629446,2,0,-48
1756012161.6999447,6,0,-43
1756012161.7379446,-1,-3,-52
1756012161.7739446,-1,-1,-55
1756012161.8119447,1,-6,-38
1756012161.8499446,-5,-5,-51
1756012161.8889446,-6,-5,-46
1756012161.9269447,-5,-2,-47
1756012161.9629445,-2,-4,-55
1756012162.0009446,0,-3,-56
1756012162.0389447,-2,-3,-52
1756012162.0779445,-3,5,-51
1756012162.121945,8,0,-57
1756012162.1599443,6,-6,-46
1756012162.1989446,0,0,-50
1756012162.236945,-2,-5,-60
1756012162.2729447,-7,-3,-58
1756012162.3109446,-3,3,-56
1756012162.348945,0,-8,-59
1756012162.3879447,-3,-8,-60
1756012162.4239447,-3,-6,-52
1756012162.4619446,-10,0,-44
1756012162.4999447,1,0,-57
1756012162.5389447,0,0,-54
1756012162.5769446,-1,0,-55
1756012162.6129446,0,0,-60
1756012162.6499443,3,2,-43
1756012162.6889446,1,-1,-63
1756012162.7249446,0,0,-47
1756012162.7619443,5,-3,-55
1756012162.7999446,4,-2,-52
1756012162.838945,11,-3,-61
1756012162.8749447,-1,-1,-59
1756012162.9129446,-2,0,-52
1756012162.950945,-4,1,-47
1756012162.9889443,-7,-3,-46
1756012163.0279446,-6,-1,-40
1756012163.0639446,-2,2,-48
1756012163.1009445,3,-10,-36
1756012163.1389446,-1,-6,-42
1756012163.177945,6,-1,-43
1756012163.213945,1,0,-51
1756012163.2509446,7,0,-51
1756012163.2889447,4,-5,-44
1756012163.3249447,6,-6,-40
1756012163.361945,3,-6,-50
1756012163.3999443,-1,-1,-48
1756012163.4389446,4,-1,-54
1756012163.4749446,2,4,-54
1756012163.5119443,1,2,-58
1756012163.5499446,-3,-3,-45
1756012163.5879445,-4,0,-52
1756012163.6239443,-4,5,-60
1756012163.6609447,-1,0,-54
1756012163.6999447,-4,-2,-46
1756012163.7379446,-4,2,-52
1756012163.7739446,-1,0,-39
1756012163.8109446,-2,-2,-44
1756012163.8499446,4,2,-45
1756012163.8879447,1,6,-48
1756012163.9239447,0,-2,-47
1756012163.960945,-8,-5,-61
1756012163.9999447,-2,-5,-57
1756012164.0379446,-8,-7,-56
1756012164.0739446,-1,-3,-39
1756012164.111945,-4,0,-42
1756012164.1499443,2,-3,-43
1756012164.1889446,1,-1,-60
1756012164.2249446,-2,0,-58
1756012164.2629447,0,5,-62
1756012164.2999446,-8,3,-55
1756012164.338945,-7,-1,-55
1756012164.3749447,-4,-4,-56
1756012164.4129446,-9,-3,-56
1756012164.450945,2,0,-54
1756012164.4889443,-3,0,-50
1756012164.5249443,3,1,-58
1756012164.5619447,1,-2,-49
1756012164.5999446,4,0,-51
1756012164.6389446,0,5,-53
1756012164.6749446,-5,0,-61
1756012164.7119446,-4,0,-51
1756012164.7509446,-9,2,-45
1756012164.7889447,-5,-1,-49
1756012164.8249447,-2,-2,-59
1756012164.8629446,3,0,-42
1756012164.8999443,-1,-3,-46
1756012164.9389446,2,0,-45
1756012164.9749446,4,-3,-51
1756012165.0129447,4,2,-64
1756012165.0509446,0,6,-54
1756012165.088945,-5,6,-59
1756012165.1249447,-5,-1,-54
1756012165.1629446,-6,0,-63
1756012165.200945,-3,-4,-46
1756012165.2399447,-7,0,-53
1756012165.2759447,1,-1,-54
1756012165.312945,2,-3,-54
1756012165.3509445,3,0,-43
1756012165.3889446,1,3,-35
1756012165.4249446,0,0,-38
1756012165.4629445,-8,-4,-51
1756012165.5009446,0,-5,-44
1756012165.5399446,0,7,-50
1756012165.575945,-6,5,-44
1756012165.6129446,0,0,-38
1756012165.6509447,-2,0,-44
1756012165.6889446,9,-3,-54
1756012165.7249446,5,-2,-51
1756012165.7619443,-1,1,-57
1756012165.8009446,2,-7,-48
1756012165.838945,2,-5,-48
1756012165.8749447,4,0,-54
1756012165.9129446,-2,-1,-39
1756012165.950945,0,0,-39
1756012165.986945,2,-5,-35
1756012166.0239446,-1,0,-50
1756012166.0619447,2,2,-62
1756012166.0999446,-4,9,-55
1756012166.1359446,2,6,-49
1756012166.1729443,3,10,-40
1756012166.210945,0,3,-61
1756012166.246945,2,-2,-56
1756012166.2839446,3,1,-45
1756012166.3209443,-1,0,-54
1756012166.3599446,5,2,-55
1756012166.3969443,7,-1,-65
1756012166.4339447,5,-1,-63
1756012166.4719446,1,0,-47
1756012166.5109446,-1,0,-34
1756012166.5469446,7,-2,-48
1756012166.5839446,8,0,-43
1756012166.6209445,-5,0,-54
1756012166.6599443,-1,-5,-66
1756012166.6959443,-6,-7,-61
1756012166.733945,-9,-9,-47
1756012166.7719443,1,-1,-49
1756012166.8109446,0,0,-51
1756012166.8469446,-3,1,-48
1756012166.8839445,-1,0,-50
1756012166.9219446,0,3,-44
1756012166.960945,-4,5,-54
1756012166.996945,0,2,-62
1756012167.0339446,3,4,-53
1756012167.0719447,3,-1,-55
1756012167.1099446,7,1,-50
1756012167.1459446,2,3,-58
1756012167.1839447,-2,-6,-57
1756012167.2219446,0,-2,-52
1756012167.2609446,-2,1,-54
1756012167.2969446,-3,0,-58
1756012167.3339446,1,1,-53
1756012167.371945,-4,9,-63
1756012167.4099443,5,5,-57
1756012167.4459443,8,3,-54
1756012167.483945,3,0,-50
1756012167.5229447,0,0,-52
1756012167.5609446,-1,2,-46
1756012167.5969446,2,3,-49
1756012167.6339445,-4,2,-56
1756012167.6719446,-17,0,-53
1756012167.710945,-7,2,-48
1756012167.746945,-1,-2,-44
1756012167.7859447,0,-5,-41
1756012167.8229446,-1,-1,-52
1756012167.861945,0,3,-45
1756012167.8979447,-1,0,-42
1756012167.9359446,-1,6,-55
1756012167.9729445,-7,4,-52
1756012168.0119443,-1,1,-44
1756012168.0479443,-3,-1,-46
1756012168.0869446,-4,5,-52
1756012168.1239443,-1,4,-41
1756012168.1619446,-10,2,-37
1756012168.200945,-4,3,-50
1756012168.236945,6,0,-60
1756012168.2739446,11,-1,-54
1756012168.3119447,2,-3,-53
1756012168.3509445,0,0,-48
1756012168.3869443,3,-6,-48
1756012168.4249446,6,-3,-55
1756012168.4629445,0,2,-38
1756012168.5009446,2,-1,-40
1756012168.5369446,-6,-4,-36
1756012168.5749447,1,-3,-48
1756012168.6129446,2,-2,-70
1756012168.6519446,2,1,-62
1756012168.687945,0,0,-58
1756012168.7249446,0,3,-59
1756012168.7629447,-1,-6,-63
1756012168.8019447,0,-3,-45
1756012168.8379445,-1,-1,-53
1756012168.8759446,5,1,-64
1756012168.9129446,-2,-2,-41
1756012168.9519446,3,0,-42
1756012168.9879446,2,0,-42
1756012169.0249443,2,3,-50
1756012169.062945,-3,4,-58
1756012169.1019447,-5,5,-55
1756012169.1379447,0,-1,-46
1756012169.1749446,2,-5,-44
1756012169.2129445,1,4,-49
1756012169.2509446,-1,3,-54
1756012169.2869446,2,4,-51
1756012169.3249447,-2,3,-66
1756012169.3629446,8,1,-47
1756012169.3989446,6,-1,-49
1756012169.4359446,-4,0,-46
1756012169.473945,-1,-2,-46
1756012169.5129447,-7,1,-55
1756012169.5489447,7,2,-50
1756012169.585945,-3,-2,-46
1756012169.6239443,-1,-2,-41
1756012169.6629446,2,-2,-35
1756012169.6989446,10,1,-42
1756012169.7359445,1,1,-46
1756012169.7729447,-1,5,-51
1756012169.8119447,-7,4,-43
1756012169.8479445,-3,3,-49
1756012169.884945,4,0,-43
1756012169.9229443,0,-1,-49
1756012169.9589446,0,-3,-50
1756012169.996945,2,-2,-51
1756012170.0349443,-1,-2,-56
1756012170.0739446,-4,0,-56
1756012170.111945,-9,7,-51
1756012170.1479447,-4,0,-50
1756012170.1849446,-3,0,-50
1756012170.223945,-3,0,-55
1756012170.2619443,-7,-3,-50
1756012170.2979443,-4,-8,-52
1756012170.335945,-3,-1,-69
1756012170.3739443,-10,0,-61
1756012170.4129446,-1,-9,-66
1756012170.4489446,-8,-3,-59
1756012170.486945,-8,1,-59
1756012170.5249443,-2,0,-52
1756012170.5639446,1,4,-46
1756012170.6019447,0,1,-48
1756012170.6379447,-10,-1,-57
1756012170.6759446,-7,-6,-42
1756012170.713945,-3,0,-51
1756012170.7529447,-6,4,-48
1756012170.7889447,0,-1,-58
1756012170.825945,0,4,-44
1756012170.8639443,-3,4,-42
1756012170.9019446,-2,4,-54
1756012170.937945,3,3,-41
1756012170.9749446,2,-4,-47
1756012171.0139446,-7,0,-62
1756012171.0499446,-8,3,-59
1756012171.0869446,0,2,-52
1756012171.1239443,-1,9,-52
1756012171.1629446,-1,6,-57
1756012171.1989446,-1,0,-52
1756012171.2359445,2,8,-57
1756012171.2739446,-4,4,-47
1756012171.3109446,0,2,-52
1756012171.3479445,4,1,-43
1756012171.384945,9,-4,-53
1756012171.4239447,3,1,-58
1756012171.460945,0,0,-61
1756012171.4979446,-1,5,-58
1756012171.5359447,6,2,-49
1756012171.5739446,6,-4,-46
1756012171.6109445,2,1,-55
1756012171.6479447,0,0,-55
1756012171.6849446,-5,1,-58
1756012171.723945,-8,-7,-37
1756012171.7609446,2,-4,-45
1756012171.7979443,5,-3,-52
1756012171.835945,3,2,-59
1756012171.8739443,-1,0,-43
1756012171.9109447,-1,2,-42
1756012171.9479446,-2,1,-46
1756012171.9859445,1,5,-61
1756012172.0239446,0,0,-57
1756012172.0609446,1,-4,-52
1756012172.0979445,-2,-5,-58
1756012172.1439445,2,-2,-50
1756012172.1799445,4,-4,-45
1756012172.2169447,6,0,-53
1756012172.2549446,2,0,-49
1756012172.292945,-6,-5,-46
1756012172.3289447,-11,-8,-47
1756012172.3669446,0,-2,-51
1756012172.404945,1,-4,-58
1756012172.4439447,2,0,-49
1756012172.4799447,-1,1,-49
1756012172.5169446,-3,-3,-56
1756012172.5549445,5,-1,-62
1756012172.5939443,4,-1,-50
1756012172.6299446,4,0,-61
1756012172.6669445,-1,-4,-58
1756012172.7059443,-3,-5,-49
1756012172.7439446,1,0,-54
1756012172.779945,3,2,-52
1756012172.8169446,2,2,-45
1756012172.8549447,3,0,-49
1756012172.8909447,-2,-1,-63
1756012172.9289446,0,0,-52
1756012172.9659443,-4,-5,-45
1756012173.0049446,-2,-1,-59
1756012173.0409446,-1,2,-55
1756012173.0779445,3,-4,-49
1756012173.1159446,0,-4,-47
1756012173.154945,2,-6,-50
1756012173.190945,-3,-3,-50
1756012173.2289443,-2,-2,-50
1756012173.2669446,-2,-9,-44
1756012173.3059447,4,-11,-48
1756012173.3439443,-1,-10,-37
1756012173.3799446,0,-3,-46
1756012173.4169445,-3,-2,-41
1756012173.4559443,-1,-2,-61
1756012173.4939446,1,0,-40
1756012173.529945,-8,6,-56
1756012173.5669446,0,6,-49
1756012173.6049447,2,2,-44
1756012173.6409447,-1,4,-50
1756012173.677945,-2,-1,-44
1756012173.7169447,0,-1,-44
1756012173.7549446,0,-4,-45
1756012173.7909446,-2,0,-48
1756012173.8279445,0,3,-51
1756012173.8659446,7,0,-43
1756012173.9039447,-4,3,-56
1756012173.9399445,-6,-3,-48
1756012173.9779446,-7,-1,-52
1756012174.0159447,-1,-6,-48
1756012174.0549445,3,-4,-57
1756012174.0909443,6,-5,-53
1756012174.1279447,6,2,-53
1756012174.1659446,4,0,-48
1756012174.2049446,0,2,-46
1756012174.2409446,2,-1,-49
1756012174.2789447,1,3,-56
1756012174.315945,-1,-5,-52
1756012174.3549447,-2,-7,-54
1756012174.3909447,-1,-4,-55
1756012174.4289446,-1,2,-52
1756012174.4669447,4,4,-41
1756012174.5049446,0,1,-41
1756012174.5409446,1,-6,-44
1756012174.5779445,2,-5,-32
1756012174.6159446,5,-2,-50
1756012174.654945,0,-3,-55
1756012174.690945,9,-13,-59
1756012174.7279446,-1,0,-58
1756012174.7659447,2,-5,-55
1756012174.8049445,1,-6,-39
1756012174.8409443,1,-3,-43
1756012174.8789446,4,0,-58
1756012174.9159446,0,-1,-48
1756012174.9549446,1,-5,-51
1756012174.9909446,6,-4,-55
1756012175.0279446,1,-2,-50
1756012175.0669446,7,-7,-59
1756012175.1049447,4,-6,-53
1756012175.1409447,0,-4,-50
1756012175.177945,6,0,-54
1756012175.2159443,2,-1,-63
1756012175.2519443,-6,0,-56
1756012175.2889447,0,-3,-52
1756012175.3269446,-3,-4,-43
1756012175.3659446,0,-1,-53
1756012175.4019446,6,0,-49
1756012175.4389446,5,1,-35
1756012175.4769447,5,-1,-47
1756012175.5149446,3,0,-44
1756012175.5509446,-1,4,-31
1756012175.588945,-4,6,-40
1756012175.6269443,-8,-1,-58
1756012175.6649446,6,-5,-43
1756012175.700945,2,-5,-50
1756012175.7379446,-5,-6,-51
1756012175.7769446,0,-5,-53
1756012175.8149445,1,-5,-52
1756012175.8509445,2,-5,-53
1756012175.8889446,-5,-2,-56
1756012175.9269447,4,-4,-55
1756012175.9659443,-1,-6,-52
1756012176.0019443,0,-2,-59
1756012176.0389447,5,2,-46
1756012176.0769446,4,-6,-49
1756012176.1129446,3,-6,-54
1756012176.1499443,0,-2,-54
1756012176.187945,-5,-4,-54
1756012176.2269447,-10,2,-55
1756012176.2629447,-4,-1,-47
1756012176.3019447,-9,-5,-50
1756012176.338945,-1,-5,-57
1756012176.3769443,0,-4,-49
1756012176.4159446,0,1,-55
1756012176.4519446,5,-2,-51
1756012176.4889443,0,-3,-60
1756012176.5269446,-1,-7,-50
1756012176.565945,3,1,-48
1756012176.6019447,0,-7,-48
1756012176.6389446,-2,-8,-52
1756012176.6769447,-2,-2,-54
1756012176.7159443,-6,-2,-54
1756012176.7519443,-1,-3,-46
1756012176.7899446,0,-2,-56
1756012176.8279445,-2,0,-59
1756012176.8669446,-7,-2,-53
1756012176.9029446,-3,2,-60
1756012176.940945,-2,0,-56
1756012176.9789443,-4,-8,-54
1756012177.0179446,-2,0,-54
1756012177.0559447,6,3,-53
1756012177.0919447,8,4,-47
1756012177.1289446,2,-4,-43
1756012177.167945,4,4,-57
1756012177.2059443,6,-2,-56
1756012177.2419446,2,-1,-52
1756012177.2789447,0,0,-46
1756012177.3169446,-2,-6,-47
1756012177.3529446,5,-5,-57
1756012177.3909447,8,-1,-45
1756012177.4289446,0,-4,-45
1756012177.4679446,-2,-6,-51
1756012177.5059447,1,-2,-50
1756012177.5419445,4,-1,-51
1756012177.5789447,1,-4,-51
1756012177.6179447,3,-2,-49
1756012177.6539447,6,-4,-55
1756012177.690945,7,-2,-60
1756012177.7289443,7,0,-48
1756012177.7669446,1,0,-44
1756012177.802945,2,-1,-43
1756012177.8399446,-2,-6,-53
1756012177.8779447,-2,-3,-54
1756012177.9169445,-4,-5,-49
1756012177.9529445,-3,-1,-38
1756012177.9909446,0,5,-43
1756012178.0289447,-1,0,-48
1756012178.0679443,3,0,-49
1756012178.1039443,5,-1,-48
1756012178.1409447,3,-3,-43
1756012178.1789446,0,4,-36
1756012178.2169447,5,1,-49
1756012178.2529447,0,0,-53
1756012178.2899446,1,0,-49
1756012178.3279445,4,-9,-53
1756012178.3639443,12,-2,-53
1756012178.4019446,2,-3,-42
1756012178.4389446,8,0,-49
1756012178.4769447,6,-2,-45
1756012178.5129447,1,-3,-42
1756012178.5519447,8,-1,-42
1756012178.588945,7,5,-46
1756012178.6269443,-1,-4,-46
1756012178.6629446,-2,-3,-62
1756012178.7019446,5,1,-56
1756012178.7389443,1,0,-60
1756012178.7779446,2,0,-48
1756012178.8139446,1,-6,-49
1756012178.8509445,-4,-4,-48
1756012178.8889446,-6,7,-47
1756012178.927945,-4,3,-53
1756012178.963945,-3,0,-57
1756012179.0009446,-9,1,-48
1756012179.0389447,-1,-7,-58
1756012179.0779445,-2,-10,-51
1756012179.1139443,0,-12,-52
1756012179.1509447,-4,-1,-42
1756012179.1889446,-7,2,-42
1756012179.2279446,0,-4,-50
1756012179.2639446,-3,-6,-44
1756012179.3019447,-4,0,-48
1756012179.3399446,2,0,-55
1756012179.3779447,-2,-1,-59
1756012179.4139447,-5,-3,-62
1756012179.4519446,-6,-6,-46
1756012179.4899447,-6,-6,-58
1756012179.5289447,-5,-7,-56
1756012179.5649445,-6,-4,-58
1756012179.6029446,-3,0,-57
1756012179.6409447,0,-3,-50
1756012179.6789446,-6,-1,-52
1756012179.7179446,-8,-2,-51
1756012179.7539446,1,-6,-44
1756012179.7909446,-6,0,-38
1756012179.8289447,2,-3,-47
1756012179.8679447,0,2,-57
1756012179.9039447,3,-1,-55
1756012179.940945,0,-2,-66
1756012179.9789443,0,-3,-53
1756012180.0179446,4,-2,-61
1756012180.0539446,-5,-5,-57
1756012180.0919447,-13,-7,-53
1756012180.1299446,-1,-9,-44
1756012180.1689446,2,-10,-55
1756012180.2049446,3,-6,-58
1756012180.2419446,1,-2,-51
1756012180.279945,2,1,-61
1756012180.3179443,4,-5,-40
1756012180.3539443,5,-1,-45
1756012180.3919446,-4,-1,-48
1756012180.4299445,-2,-5,-53
1756012180.4679446,0,-5,-60
1756012180.5039446,-1,-1,-52
1756012180.5419445,2,-2,-50
1756012180.5799446,-1,-7,-58
1756012180.6189446,6,0,-52
1756012180.654945,1,7,-54
1756012180.6919446,6,4,-54
1756012180.7299447,3,0,-56
1756012180.7679446,1,0,-56
1756012180.8039446,0,0,-48
1756012180.8409443,-5,-5,-54
1756012180.8799446,-5,0,-58
1756012180.917945,-3,-4,-57
1756012180.9539447,-7,-5,-53
1756012180.9929447,-3,-5,-55
1756012181.029945,-2,6,-52
1756012181.0689447,-2,-2,-49
1756012181.1049447,-3,-3,-40
1756012181.1429446,3,-8,-50
1756012181.1809447,6,3,-48
1756012181.2199447,5,10,-42
1756012181.2559447,4,0,-43
1756012181.292945,4,-3,-40
1756012181.3309443,0,-3,-47
1756012181.3699446,-4,-4,-45
1756012181.4059446,2,-4,-51
1756012181.4429443,4,-1,-53
1756012181.4809446,1,0,-47
1756012181.5189445,2,6,-45
1756012181.5549445,2,5,-51
1756012181.5929446,3,5,-54
1756012181.6299446,-2,0,-32
1756012181.6689446,-5,-5,-45
1756012181.7059443,-1,-2,-52
1756012181.7439446,-8,0,-59
1756012181.7819445,-1,2,-52
1756012181.8209443,0,-1,-41
1756012181.858945,0,5,-59
1756012181.894945,-5,4,-53
1756012181.9329443,-2,8,-59
1756012181.9709446,-1,10,-61
1756012182.009945,2,2,-48
1756012182.0459447,0,-2,-48
1756012182.0839446,3,0,-47
1756012182.1209445,-1,-3,-55
1756012182.1649446,-3,-3,-48
1756012182.2029445,2,0,-47
1756012182.2409446,7,2,-58
1756012182.279945,8,-1,-46
1756012182.3169446,2,-2,-54
1756012182.3539443,6,6,-54
1756012182.3909447,10,-1,-54
1756012182.4299445,3,-1,-50
1756012182.4669447,1,-1,-58
1756012182.5039446,-1,-5,-38
1756012182.542945,-2,-5,-44
1756012182.5809443,-7,-6,-53
1756012182.6189446,-6,-4,-44
1756012182.654945,-8,-3,-52
1756012182.6929443,-4,-2,-45
1756012182.7309446,2,0,-49
1756012182.769945,1,-4,-47
1756012182.8059447,-4,-4,-47
1756012182.8439443,-3,-7,-52
1756012182.881945,0,0,-60
1756012182.9199443,0,-2,-51
1756012182.9559443,-2,-1,-41
1756012182.9939446,1,0,-46
1756012183.0309446,4,10,-51
1756012183.0669446,6,3,-49
1756012183.1039443,-1,0,-48
1756012183.1429446,7,0,-46
1756012183.1809447,-1,-3,-55
1756012183.2169447,-4,2,-51
1756012183.2549446,-4,0,-54
1756012183.292945,0,0,-53
1756012183.3309443,-1,1,-50
1756012183.3699446,-5,-5,-43
1756012183.4059446,-11,-6,-38
1756012183.4439447,-5,-2,-41
1756012183.4819446,-7,0,-44
1756012183.5209446,-4,1,-39
1756012183.5569446,-6,0,-56
1756012183.5949447,-1,6,-47
1756012183.6339445,1,0,-50
1756012183.6719446,1,-1,-47
1756012183.7099447,3,0,-58
1756012183.7459445,0,2,-61
1756012183.782945,1,0,-53
1756012183.8219447,0,1,-56
1756012183.8599446,1,-1,-56
1756012183.8959446,-3,0,-49
1756012183.9329443,0,-4,-43
1756012183.9719446,3,1,-49
1756012184.009945,5,9,-52
1756012184.0459447,11,3,-59
1756012184.0839446,0,3,-52
1756012184.121945,0,2,-56
1756012184.1599443,0,-2,-54
1756012184.1959443,-6,3,-46
1756012184.233945,1,0,-52
1756012184.2719443,2,1,-54
1756012184.3099446,-1,0,-56
1756012184.3459446,1,0,-47
1756012184.3829446,4,0,-46
1756012184.4209447,6,-8,-37
1756012184.4569447,7,-5,-49
1756012184.4939446,2,0,-54
1756012184.5319445,-4,-1,-63
1756012184.5679443,-9,-3,-57
1756012184.6059446,-1,-3,-43
1756012184.6439445,0,2,-56
1756012184.6819446,0,0,-47
1756012184.7179446,4,3,-42
1756012184.7549446,0,2,-39
1756012184.7919445,0,2,-57
1756012184.8309443,0,-3,-60
1756012184.8669446,0,-5,-60
1756012184.9039447,2,0,-58
1756012184.9419446,5,-4,-56
1756012184.9779446,7,-5,-51
1756012185.0149446,1,-8,-46
1756012185.052945,-5,2,-58
1756012185.0919447,-1,-3,-50
1756012185.1279447,5,4,-47
1756012185.1649446,0,3,-53
1756012185.2029445,-5,-1,-52
1756012185.2409446,-3,5,-50
1756012185.2769446,-8,0,-51
1756012185.3139446,0,0,-51
1756012185.3529446,5,0,-53
1756012185.3909447,0,-6,-56
1756012185.4269447,1,-8,-53
1756012185.463945,-2,-4,-58
1756012185.5029447,-5,-2,-57
1756012185.5409446,0,-7,-46
1756012185.5769446,8,-9,-61
1756012185.6149447,-4,-3,-61
1756012185.6529446,2,0,-56
1756012185.6919446,5,-4,-60
1756012185.7279446,7,-1,-54
1756012185.7649446,-1,0,-49
1756012185.802945,2,-4,-42
1756012185.8419447,6,-4,-38
1756012185.8779447,5,2,-42
1756012185.9149446,3,-1,-56
1756012185.9529445,5,-7,-57
1756012185.9919446,-14,-5,-68
1756012186.0279446,1,-7,-62
1756012186.0649445,-4,3,-55
1756012186.1039443,0,9,-47
1756012186.1419446,2,5,-41
1756012186.177945,4,-2,-56
1756012186.2149446,1,-9,-53
1756012186.2529447,-4,2,-51
1756012186.2919445,0,-1,-47
1756012186.3279445,2,7,-49
1756012186.3649447,0,6,-57
1756012186.4029446,4,5,-46
1756012186.4389446,2,3,-43
1756012186.4759445,9,9,-52
1756012186.5129447,8,0,-51
1756012186.5489447,8,-7,-59
1756012186.5869446,3,-5,-50
1756012186.6249447,-1,-2,-41
1756012186.6629446,1,3,-49
1756012186.6989446,0,3,-49
1756012186.7359445,3,0,-55
1756012186.7739446,0,-7,-53
1756012186.812945,-2,-3,-49
1756012186.848945,0,-1,-45
1756012186.8869443,-2,-5,-39
1756012186.9249446,-3,-3,-54
1756012186.963945,5,-4,-50
1756012187.0019443,1,4,-44
1756012187.0379446,0,2,-39
1756012187.0749447,-1,2,-48
1756012187.1139443,-11,-1,-51
1756012187.1519446,-8,-2,-53
1756012187.187945,-8,-1,-53
1756012187.2259445,-6,-2,-43
1756012187.2639446,0,-3,-54
1756012187.302945,4,0,-54
1756012187.338945,0,4,-50
1756012187.3769443,-1,0,-51
1756012187.4149446,-3,3,-54
1756012187.4539447,0,-1,-46
1756012187.4919446,0,0,-58
1756012187.5279446,0,7,-54
1756012187.5649445,0,1,-54
1756012187.6029446,-5,-5,-49
1756012187.6389446,4,-3,-62
1756012187.6769447,8,-3,-63
1756012187.7149446,-1,-1,-55
1756012187.7539446,1,0,-49
1756012187.7899446,-7,3,-62
1756012187.8269446,-5,0,-50
1756012187.8649447,6,-8,-45
1756012187.9039447,5,-7,-61
1756012187.9399445,4,0,-55
1756012187.9769447,4,0,-57
1756012188.0139446,-1,4,-41
1756012188.052945,-9,0,-42
1756012188.088945,-5,-2,-55
1756012188.1269443,0,-2,-35
1756012188.1659446,2,2,-44
1756012188.2039447,3,-1,-60
1756012188.2399447,5,-2,-52
1756012188.2769446,-2,0,-47
1756012188.3149445,-4,-7,-47
1756012188.3539443,0,-9,-50
1756012188.3899446,-1,-2,-58
1756012188.4289446,0,2,-57
1756012188.4659443,-3,-1,-51
1756012188.5049446,0,0,-42
1756012188.542945,-3,-3,-48
1756012188.5789447,-3,0,-61
1756012188.6159446,-3,-6,-63
1756012188.654945,1,-5,-48
1756012188.6929443,-2,-2,-57
1756012188.7289443,0,-3,-55
1756012188.7659447,-11,-1,-52
1756012188.8049445,-1,0,-41
1756012188.8429446,2,7,-55
1756012188.8789446,1,-4,-52
1756012188.9169445,4,1,-48
1756012188.9549446,-2,-2,-49
1756012188.9929447,1,2,-58
1756012189.0289447,-1,-3,-47
1756012189.0669446,2,-3,-56
1756012189.1049447,2,-1,-58
1756012189.1439445,-6,5,-65
1756012189.1799445,0,3,-58
1756012189.2179446,2,2,-61
1756012189.2549446,-4,-5,-55
1756012189.2939446,2,0,-55
1756012189.3299446,0,3,-54
1756012189.3679447,-2,-4,-60
1756012189.4059446,-7,0,-57
1756012189.4449446,0,0,-55
1756012189.4809446,-4,0,-58
1756012189.5179446,-9,-3,-50
1756012189.5559447,0,0,-49
1756012189.5939443,0,0,-47
1756012189.6299446,-3,1,-63
1756012189.667945,9,0,-63
1756012189.7049446,1,6,-49
1756012189.7439446,1,-1,-46
1756012189.779945,0,4,-50
1756012189.8179443,3,-1,-59
1756012189.8559446,6,-1,-52
1756012189.894945,-4,-2,-53
1756012189.9309447,0,-3,-46
1756012189.9679446,1,3,-49
1756012190.0059447,-1,9,-47
1756012190.0449443,-7,5,-48
1756012190.0809443,-5,2,-50
1756012190.1189446,-8,-2,-35
1756012190.157945,2,-8,-45
1756012190.1959443,-1,1,-54
1756012190.233945,-2,-4,-55
1756012190.269945,-2,-3,-56
1756012190.3079443,-1,-3,-56
1756012190.3459446,9,-4,-58
1756012190.384945,2,0,-47
1756012190.4209447,-2,0,-50
1756012190.4579446,-3,1,-51
1756012190.4959445,-5,-7,-40
1756012190.5349443,-9,-4,-49
1756012190.5709443,-7,-4,-56
1756012190.608945,0,-1,-49
1756012190.6469443,8,2,-48
1756012190.6849446,12,1,-44
1756012190.7209446,9,-4,-48
1756012190.7579446,0,-1,-54
1756012190.7959447,-4,-1,-51
1756012190.8349447,7,-4,-47
1756012190.8709445,-6,0,-44
1756012190.907945,-4,-7,-48
1756012190.9459443,-2,-5,-47
1756012190.9849446,6,-9,-56
1756012191.0209446,6,-4,-58
1756012191.0589447,8,1,-47
1756012191.0959446,6,-4,-53
1756012191.134945,0,1,-65
1756012191.1709447,3,-3,-58
1756012191.2079446,6,-1,-62
1756012191.2459445,1,0,-60
1756012191.2849443,3,-6,-61
1756012191.3209443,-8,-3,-59
1756012191.358945,-6,-3,-56
1756012191.3969443,8,2,-51
1756012191.4349446,4,-6,-63
1756012191.4709446,6,-4,-49
1756012191.5079446,5,0,-37
1756012191.5459447,1,2,-41
1756012191.5819447,2,2,-52
1756012191.6189446,-1,-2,-45
1756012191.6569445,2,0,-58
1756012191.6949446,0,1,-42
1756012191.7309446,2,4,-40
1756012191.7689445,3,0,-47
1756012191.8069446,2,0,-41
1756012191.8449447,1,2,-41
1756012191.8809447,-4,0,-40
1756012191.917945,-14,-7,-55
1756012191.9569447,-3,-9,-52
1756012191.9949446,-1,-7,-56
1756012192.0309446,-9,-2,-48
1756012192.0689447,-11,-6,-43
1756012192.1069446,-6,-5,-52
1756012192.1459446,3,-4,-57
1756012192.1899445,1,1,-60
1756012192.2279446,-1,-1,-58
1756012192.2669446,1,-3,-51
1756012192.3049445,5,0,-51
1756012192.3409443,0,-2,-45
1756012192.3779447,-5,-1,-57
1756012192.4169445,-2,6,-62
1756012192.4549446,0,1,-46
1756012192.4909446,-2,-5,-54
1756012192.5289447,2,6,-48
1756012192.5679443,-2,-7,-48
1756012192.6059446,7,0,-57
1756012192.6419446,4,-5,-51
1756012192.6799445,3,-3,-49
1756012192.7179446,2,-4,-52
1756012192.756945,5,0,-53
1756012192.792945,-2,2,-47
1756012192.8299446,-7,0,-51
1756012192.8689446,-7,0,-44
1756012192.9069445,-4,1,-49
1756012192.9459443,-8,-3,-60
1756012192.9819446,0,-5,-57
1756012193.0189445,-2,-2,-51
1756012193.0569446,3,0,-51
1756012193.0929446,4,7,-56
1756012193.1299446,2,5,-50
1756012193.1669445,-1,2,-50
1756012193.2059443,-7,-8,-57
1756012193.2419446,-8,-7,-60
1756012193.2809446,6,-2,-44
1756012193.3179443,-6,-3,-60
1756012193.3569446,0,-1,-53
1756012193.3929446,-5,-6,-62
1756012193.4309447,-9,-5,-48
1756012193.4689443,-2,8,-62
1756012193.5079446,3,-1,-62
1756012193.5459447,1,0,-54
1756012193.5819447,-1,-2,-55
1756012193.6199446,3,-4,-56
1756012193.657945,-6,-1,-57
1756012193.6969447,-1,0,-54
1756012193.7329447,-5,-1,-52
1756012193.7719443,-1,3,-48
1756012193.8089447,-1,3,-49
1756012193.8479445,-4,0,-54
1756012193.8859446,-2,1,-46
1756012193.9219446,3,-8,-56
1756012193.9599447,2,-2,-55
1756012193.9979446,-2,0,-43
1756012194.0359447,6,1,-41
1756012194.0729446,3,0,-49
1756012194.1099446,-2,-2,-42
1756012194.1479447,6,0,-46
1756012194.1859446,4,-6,-57
1756012194.2219446,3,-9,-43
1756012194.259945,3,0,-47
1756012194.2979443,-4,0,-54
1756012194.335945,-3,2,-50
1756012194.371945,-1,1,-52
1756012194.4099443,6,3,-42
1756012194.4479446,2,5,-44
1756012194.486945,-5,9,-45
1756012194.5229447,-4,6,-34
1756012194.5599446,0,2,-49
1756012194.5979445,9,-1,-47
1756012194.6339445,-1,2,-51
1756012194.6709447,0,1,-49
1756012194.7079446,6,-2,-46
1756012194.746945,10,-9,-52
1756012194.782945,1,-13,-53
1756012194.8199446,5,-3,-57
1756012194.8579447,0,-4,-56
1756012194.8969443,-2,0,-48
1756012194.9329443,2,6,-51
1756012194.9699447,-1,2,-47
1756012195.0079446,-2,0,-41
1756012195.0469446,4,-1,-42
1756012195.0829446,-7,1,-52
1756012195.1199446,-1,-1,-43
1756012195.1589446,-3,-3,-51
1756012195.1969447,-3,-3,-60
1756012195.2329447,-1,0,-66
1756012195.269945,-3,2,-50
1756012195.3089447,-4,5,-44
1756012195.3469446,-2,4,-37
1756012195.3829446,-3,-4,-44
1756012195.4209447,-1,-8,-53
1756012195.4599447,-3,1,-58
1756012195.4979446,0,0,-56
1756012195.5339446,-3,-3,-61
1756012195.5719447,0,-9,-48
1756012195.6099446,1,-1,-48
1756012195.6489446,5,-3,-44
1756012195.6869447,2,1,-52
1756012195.7229445,4,1,-52
1756012195.759945,1,-8,-53
1756012195.7989447,0,-11,-53
1756012195.8369446,3,-5,-50
1756012195.8729446,1,-1,-48
1756012195.9099443,-3,0,-48
1756012195.9489446,-3,5,-55
1756012195.986945,-4,0,-51
1756012196.0229447,-7,0,-61
1756012196.0599446,1,5,-63
1756012196.0979445,-2,-3,-64
1756012196.1339445,-2,-3,-61
1756012196.1719446,-4,-5,-43
1756012196.2099447,0,-3,-54
1756012196.2489443,-4,0,-53
1756012196.2849443,-4,2,-48
1756012196.3219447,-3,1,-53
1756012196.3599446,-2,1,-59
1756012196.3989446,0,3,-54
1756012196.4349446,-4,1,-50
1756012196.4729445,1,-2,-67
1756012196.5109446,0,0,-47
1756012196.5489447,-4,0,-40
1756012196.5879445,-5,1,-59
1756012196.6239443,-1,1,-48
1756012196.6619446,-8,-7,-51
1756012196.6999447,-7,-5,-45
1756012196.7389443,0,-6,-40
1756012196.7749443,1,-7,-44
1756012196.8119447,5,2,-45
1756012196.8499446,2,1,-51
1756012196.8879447,7,-2,-58
1756012196.9239447,8,4,-53
1756012196.9619446,0,5,-52
1756012196.9999447,5,-2,-51
1756012197.0379446,-1,-4,-48
1756012197.0739446,0,0,-48
1756012197.111945,1,0,-57
1756012197.1499443,-3,0,-47
1756012197.1889446,0,-6,-52
1756012197.2249446,6,-7,-47
1756012197.2619443,6,-6,-47
1756012197.2999446,-2,3,-51
1756012197.338945,4,-1,-48
1756012197.3749447,5,-10,-55
1756012197.4129446,4,-1,-51
1756012197.450945,-1,1,-57
1756012197.4899447,-3,1,-57
1756012197.5279446,-6,-2,-60
1756012197.5639446,-2,-2,-53
1756012197.6019447,0,0,-48
1756012197.6399446,0,-10,-54
1756012197.6759446,-3,1,-46
1756012197.713945,8,-2,-46
1756012197.7519443,9,1,-51
1756012197.7899446,6,-2,-55
1756012197.825945,1,2,-54
1756012197.8629446,-1,8,-56
1756012197.9009447,3,-1,-64
1756012197.9399445,-1,-5,-61
1756012197.9759445,-1,-5,-63
1756012198.0139446,-3,-4,-55
1756012198.0519447,-4,1,-52
1756012198.0909443,-8,-2,-50
1756012198.1289446,2,-1,-54
1756012198.1649446,0,-8,-50
1756012198.2019446,-6,-3,-52
1756012198.2399447,-2,-3,-55
1756012198.2789447,-4,4,-53
1756012198.3149445,0,5,-58
1756012198.3519447,0,1,-53
1756012198.3899446,0,-2,-53
1756012198.4289446,-3,3,-47
1756012198.4649446,-5,0,-44
1756012198.5019443,-3,-2,-59
1756012198.5409446,0,4,-49
1756012198.5789447,0,-4,-45
1756012198.6149447,0,1,-51
1756012198.6519446,-1,1,-56
1756012198.690945,-3,4,-54
1756012198.7289443,3,9,-53
1756012198.7649446,3,10,-46
1756012198.8019447,0,1,-59
1756012198.8409443,2,2,-60
1756012198.8789446,0,4,-41
1756012198.9149446,0,-2,-43
1756012198.9529445,-4,2,-41
1756012198.9909446,3,-1,-56
1756012199.029945,1,2,-46
1756012199.065945,-5,-1,-44
1756012199.1039443,3,2,-44
1756012199.1419446,-1,-2,-47
1756012199.1809447,3,-7,-44
1756012199.2189443,-2,-6,-46
1756012199.2549446,-6,-4,-45
1756012199.292945,-1,0,-60
1756012199.3309443,-4,0,-54
1756012199.3699446,2,5,-60
1756012199.4059446,4,-4,-61
1756012199.4439447,-5,-1,-54
1756012199.4819446,5,4,-53
1756012199.5209446,0,-3,-48
1756012199.5569446,3,-2,-53
1756012199.5939443,0,4,-57
1756012199.6309447,-6,6,-71
1756012199.6699443,-6,0,-56
1756012199.7059443,0,0,-50
1756012199.7439446,0,-1,-44
1756012199.7819445,3,1,-49
1756012199.8199446,6,0,-50
1756012199.8559446,8,0,-43
1756012199.8939445,0,1,-50
1756012199.9309447,-2,2,-36
1756012199.9699447,5,-8,-43
1756012200.0059447,0,-1,-38
1756012200.0439446,9,-4,-45
1756012200.0819447,0,2,-47
1756012200.1199446,1,1,-44
1756012200.1559446,-12,-1,-49
1756012200.1939447,-2,0,-47
1756012200.2319446,-1,-3,-45
1756012200.2709446,6,3,-48
1756012200.3069446,6,5,-51
1756012200.3439443,2,-10,-43
1756012200.381945,-4,-3,-52
1756012200.4209447,-12,-3,-51
1756012200.4569447,-6,-1,-55
1756012200.4949446,-6,-1,-47
1756012200.532945,-1,3,-39
1756012200.5719447,5,0,-43
1756012200.6099446,-8,3,-50
1756012200.6459446,-4,1,-51
1756012200.6829443,0,-1,-53
1756012200.7219446,-1,-2,-54
1756012200.759945,3,-1,-48
1756012200.7959447,2,-3,-49
1756012200.8329446,2,-3,-43
1756012200.871945,-4,-6,-46
1756012200.9099443,0,-3,-47
1756012200.9459443,-4,0,-44
1756012200.9829447,-1,1,-48
1756012201.0219443,-8,-2,-46
1756012201.0579443,-11,-4,-49
1756012201.0959446,-5,-3,-48
1756012201.1339445,-12,6,-49
1756012201.1719446,-5,3,-51
1756012201.210945,4,4,-45
1756012201.246945,10,0,-38
1756012201.2849443,7,8,-42
1756012201.3219447,-3,-3,-45
1756012201.3609445,-6,3,-42
1756012201.3969443,-9,2,-56
1756012201.4349446,-1,3,-50
1756012201.473945,-5,-4,-40
1756012201.5119443,-1,-2,-49
1756012201.5479443,-5,0,-46
1756012201.5849447,-5,-3,-45
1756012201.6239443,-10,-5,-56
1756012201.6619446,1,-1,-54
1756012201.6979446,-3,-4,-43
1756012201.736945,-3,-5,-36
1756012201.7739446,-2,-5,-48
1756012201.812945,-4,-4,-44
1756012201.8509445,-3,-1,-50
1756012201.8869443,-5,-5,-51
1756012201.9249446,5,-7,-48
1756012201.9629445,0,-6,-42
1756012202.0019443,1,-6,-52
1756012202.0379446,-3,-3,-46
1756012202.075945,-1,0,-50
1756012202.1139443,0,-1,-55
1756012202.1529446,3,2,-50
1756012202.1979446,4,-6,-55
1756012202.2359445,0,0,-56
1756012202.2739446,-4,0,-38
1756012202.3119447,-3,-5,-43
1756012202.3479445,0,-1,-42
1756012202.384945,3,-1,-46
1756012202.4239447,-3,-6,-38
1756012202.4619446,7,0,-44
1756012202.4979446,0,2,-49
1756012202.5349443,0,1,-55
1756012202.5739446,-3,0,-41
1756012202.611945,-5,2,-52
1756012202.6479447,2,-2,-51
1756012202.6849446,-2,5,-43
1756012202.7229445,0,3,-45
1756012202.7619443,0,-1,-42
1756012202.7979443,5,0,-46
1756012202.8349447,0,-6,-56
1756012202.8729446,-3,0,-51
1756012202.9119446,-6,2,-49
1756012202.9479446,-5,0,-40
1756012202.9849446,6,-2,-43
1756012203.0229447,1,0,-54
1756012203.0619447,-5,0,-49
1756012203.0979445,1,0,-54
1756012203.134945,-5,-3,-47
1756012203.1729443,-5,-3,-44
1756012203.2119446,-1,-1,-36
1756012203.2479446,0,-6,-48
1756012203.2859447,2,0,-40
1756012203.3229446,2,2,-52
1756012203.358945,-2,4,-48
1756012203.3959446,0,-5,-54
1756012203.4339447,0,0,-49
1756012203.4729445,-4,0,-42
1756012203.5089445,-3,1,-40
1756012203.5459447,6,0,-46
1756012203.5839446,4,0,-49
1756012203.621945,7,0,-52
1756012203.657945,2,-5,-47
1756012203.6949446,-4,-2,-48
1756012203.733945,-6,0,-48
1756012203.7719443,-5,0,-47
1756012203.8079443,-4,-1,-55
1756012203.8459446,-5,1,-60
1756012203.8839445,-3,-2,-52
1756012203.9229443,-1,0,-53
1756012203.9589446,3,-3,-47
1756012203.9959445,5,-2,-38
1756012204.0339446,3,0,-52
1756012204.0729446,0,-5,-57
1756012204.108945,-6,5,-61
1756012204.1459446,-11,5,-52
1756012204.1839447,-4,0,-59
1756012204.2229445,0,-1,-43
1756012204.2589445,-4,0,-47
1756012204.2959447,1,1,-53
1756012204.3339446,4,-2,-53
1756012204.3729446,8,-4,-40
1756012204.4089446,4,-3,-50
1756012204.4459443,0,0,-53
1756012204.483945,-5,2,-51
1756012204.5229447,-3,-2,-52
1756012204.5589447,-1,-1,-60
1756012204.5969446,-1,-1,-49
1756012204.634945,-3,1,-44
1756012204.6739447,-4,4,-59
1756012204.7099447,-6,0,-62
1756012204.7479446,5,-6,-59
1756012204.7859447,2,1,-37
1756012204.8239446,0,-5,-40
1756012204.8599446,4,3,-41
1756012204.8969443,-8,-1,-42
1756012204.9359446,-3,4,-47
1756012204.973945,-6,2,-55
1756012205.009945,0,6,-54
1756012205.0469446,-1,-5,-53
1756012205.085945,4,-2,-43
1756012205.1239443,-3,-3,-44
1756012205.1599443,-5,-3,-39
1756012205.1979446,-2,-1,-50
1756012205.2359445,0,1,-48
1756012205.2739446,-1,6,-39
1756012205.3099446,-8,0,-37
1756012205.3469446,1,0,-54
1756012205.384945,-4,-2,-49
1756012205.4229443,4,-3,-65
1756012205.4589446,3,0,-50
1756012205.4959445,2,1,-44
1756012205.5349443,2,-2,-49
1756012205.5729446,0,-7,-48
1756012205.608945,2,-6,-55
1756012205.6469443,0,3,-54
1756012205.6849446,6,0,-55
1756012205.7229445,2,1,-57
1756012205.7589445,-2,0,-50
1756012205.7959447,1,1,-40
1756012205.8349447,-1,4,-50
1756012205.8729446,-4,8,-57
1756012205.9089446,6,4,-55
1756012205.9469447,0,6,-54
1756012205.9849446,-1,2,-60
1756012206.0229447,-2,1,-43
1756012206.0589447,-3,2,-46
1756012206.0969446,1,-2,-55
1756012206.134945,3,-7,-52
1756012206.1739447,2,-8,-45
1756012206.2099447,0,-5,-56
1756012206.246945,-1,-2,-60
1756012206.2849443,-8,-5,-47
1756012206.3239446,-2,0,-51
1756012206.3599446,-1,2,-53
1756012206.3969443,1,-1,-48
1756012206.4349446,1,0,-51
1756012206.473945,1,1,-55
1756012206.509945,-7,3,-60
1756012206.5469446,-7,-1,-53
1756012206.5849447,0,-3,-46
1756012206.6239443,0,-3,-45
1756012206.6599443,2,-2,-49
1756012206.6969447,3,-6,-51
1756012206.7359445,1,0,-43
1756012206.7739446,9,0,-52
1756012206.8099446,0,5,-54
1756012206.8469446,0,2,-54
1756012206.884945,-6,1,-61
1756012206.9209447,0,0,-47
1756012206.9579446,8,3,-32
1756012206.996945,-5,4,-37
1756012207.0349443,0,-1,-53
1756012207.0709443,0,-9,-60
1756012207.1079447,3,-7,-40
1756012207.1459446,5,0,-59
1756012207.1839447,-5,0,-49
1756012207.2199447,-1,5,-54
1756012207.2579446,4,-4,-63
1756012207.2959447,-7,-7,-62
1756012207.3349447,-5,-5,-53
1756012207.3709445,4,0,-56
1756012207.407945,7,-1,-46
1756012207.4459443,2,0,-37
1756012207.4849446,0,-2,-38
1756012207.5209446,-1,-2,-45
1756012207.5589447,0,0,-37
1756012207.5959446,0,-3,-48
1756012207.634945,2,-4,-50
1756012207.6709447,6,-4,-49
1756012207.7079446,6,-1,-43
1756012207.7459445,5,-1,-67
1756012207.7849443,1,8,-58
1756012207.8209443,1,11,-59
1756012207.8579447,-3,5,-57
1756012207.8959446,-4,3,-47
1756012207.9349446,-4,0,-51
1756012207.9709446,0,-1,-57
1756012208.0079446,-7,-6,-56
1756012208.0459447,0,-2,-51
1756012208.0849447,1,-3,-45
1756012208.1209445,5,-12,-42
1756012208.1589446,-1,-2,-50
1756012208.1969447,-7,0,-50
1756012208.2359445,-1,-4,-56
1756012208.2719443,-3,0,-47
1756012208.3089447,-9,0,-39
1756012208.3469446,-4,-5,-54
1756012208.3859446,0,-3,-56
1756012208.4219446,5,0,-53
1756012208.4589446,1,2,-64
1756012208.496945,0,5,-58
1756012208.5349443,2,0,-49
1756012208.5709443,8,2,-54
1756012208.6079447,-1,-3,-57
1756012208.6469443,-4,1,-49
1756012208.6849446,4,-3,-51
1756012208.7209446,2,-5,-54
1756012208.7579446,-3,0,-48
1756012208.7969446,3,0,-44
1756012208.8349447,-2,-2,-43
1756012208.8709445,-3,0,-52
1756012208.9089446,-9,3,-45
1756012208.9469447,1,4,-49
1756012208.9849446,-2,0,-58
1756012209.0209446,2,0,-48
1756012209.0589447,2,2,-45
1756012209.0969446,5,-7,-50
1756012209.134945,-2,-6,-51
1756012209.1709447,-6,-3,-54
1756012209.2089446,3,-10,-40
1756012209.246945,2,0,-52
1756012209.2859447,0,0,-46
1756012209.3219447,2,1,-42
1756012209.358945,1,0,-42
1756012209.3969443,6,-3,-52
1756012209.4329443,6,-3,-56
1756012209.4709446,-5,-3,-43
1756012209.5089445,-2,0,-39
1756012209.5469446,-3,2,-45
1756012209.585945,0,6,-50
1756012209.621945,-6,0,-48
1756012209.6599443,7,-3,-55
1756012209.6979446,0,0,-39
1756012209.736945,-2,4,-42
1756012209.7729447,-4,2,-48
1756012209.8119447,0,-1,-48
1756012209.848945,0,2,-48
1756012209.8869443,0,-1,-53
1756012209.9229443,6,-1,-49
1756012209.9599447,9,-6,-54
1756012209.9979446,6,-4,-41
1756012210.0369446,5,0,-51
1756012210.0739446,6,1,-56
1756012210.1109445,4,-4,-44
1756012210.1489446,7,-1,-44
1756012210.187945,2,-7,-46
1756012210.2259445,3,-8,-42
1756012210.2619443,-2,-8,-42
1756012210.2999446,3,-5,-40
1756012210.3379445,4,7,-48
1756012210.3759446,-7,-4,-46
1756012210.4119446,-3,3,-51
1756012210.4489446,-6,3,-52
1756012210.4879446,1,0,-61
1756012210.5259447,-5,0,-50
1756012210.5619447,-4,-8,-64
1756012210.5999446,0,-10,-56
1756012210.6379447,-6,-5,-51
1756012210.6769447,6,-2,-36
1756012210.7129445,-1,-5,-43
1756012210.7509446,0,4,-52
1756012210.7879446,0,-4,-51
1756012210.8269446,-5,-4,-46
1756012210.8629446,0,-2,-45
1756012210.8999443,2,5,-43
1756012210.937945,9,2,-42
1756012210.9759445,-5,2,-60
1756012211.0119443,0,-1,-50
1756012211.0499446,6,2,-43
1756012211.0879445,-1,-5,-54
1756012211.1259446,-3,-9,-56
1756012211.1629446,-1,-4,-47
1756012211.200945,3,-5,-51
1756012211.2399447,4,0,-59
1756012211.2779446,4,-4,-61
1756012211.3139446,4,2,-51
1756012211.3519447,4,0,-50
1756012211.3889446,0,2,-58
1756012211.427945,-6,-1,-41
1756012211.463945,-8,-5,-46
1756012211.5019443,-7,-1,-63
1756012211.5399446,2,-6,-54
1756012211.5779445,-10,-6,-45
1756012211.6169446,-6,-3,-53
1756012211.6529446,0,-1,-50
1756012211.690945,4,0,-43
1756012211.7279446,0,3,-55
1756012211.7639446,0,1,-46
1756012211.8019447,1,6,-49
1756012211.838945,-2,2,-57
1756012211.8779447,-1,-1,-56
1756012211.9169445,-8,4,-68
1756012211.9529445,-3,-3,-52
1756012211.9909446,3,-1,-48
1756012212.0289447,-2,3,-53
1756012212.0679443,-4,0,-52
1756012212.1039443,-5,-2,-58
1756012212.1419446,2,0,-54
1756012212.1789446,-1,2,-48
1756012212.2229445,-1,0,-41
1756012212.2609446,4,0,-47
1756012212.2989447,-1,3,-49
1756012212.3379445,4,6,-39
1756012212.3739443,0,2,-47
1756012212.4109447,-2,-1,-31
1756012212.4489446,0,0,-42
1756012212.486945,1,1,-52
1756012212.5229447,8,-1,-45
1756012212.5609446,3,1,-47
1756012212.598945,-4,3,-45
1756012212.6379447,-3,0,-52
1756012212.6739447,0,-3,-47
1756012212.710945,5,1,-43
1756012212.7489443,-3,-1,-54
1756012212.7849443,-1,-4,-57
1756012212.8239446,0,5,-43
1756012212.8609445,0,-1,-48
1756012212.8989446,10,0,-55
1756012212.9349446,3,-2,-48
1756012212.9729445,2,5,-54
1756012213.0109446,4,0,-56
1756012213.0489447,-2,-3,-53
1756012213.0849447,0,-3,-52
1756012213.121945,2,-7,-54
1756012213.1599443,-2,-1,-56
1756012213.1989446,0,-5,-48
1756012213.2349446,-1,-4,-54
1756012213.2739446,-6,-1,-49
1756012213.3109446,-13,-5,-50
1756012213.348945,-8,-2,-47
1756012213.3879447,-1,3,-44
1756012213.4239447,-6,0,-46
1756012213.460945,-3,-5,-46
1756012213.4999447,-1,-7,-50
1756012213.5379446,0,-1,-49
1756012213.5739446,2,-5,-40
1756012213.6109445,5,-4,-50
1756012213.6499443,4,0,-45
1756012213.687945,6,2,-48
1756012213.723945,6,1,-54
1756012213.7609446,1,0,-52
1756012213.7999446,-4,0,-44
1756012213.8379445,0,0,-49
1756012213.8739443,0,-3,-64
1756012213.9109447,1,-1,-58
1756012213.9499447,0,7,-52
1756012213.9879446,0,5,-49
1756012214.0239446,2,-2,-44
1756012214.0609446,-3,0,-52
1756012214.0999446,-1,3,-54
1756012214.1379447,1,10,-58
1756012214.1739447,-1,4,-54
1756012214.210945,-9,7,-56
1756012214.2499447,2,2,-60
1756012214.2879446,3,5,-52
1756012214.3239446,2,3,-49
1756012214.361945,-1,-2,-49
1756012214.3999443,-4,-3,-40
1756012214.4389446,-6,1,-51
1756012214.4749446,-3,-8,-56
1756012214.5129447,2,2,-49
1756012214.5509446,-2,1,-49
1756012214.5899446,2,-1,-40
1756012214.6259446,0,1,-47
1756012214.6629446,0,4,-64
1756012214.6999447,-1,1,-63
1756012214.7389443,0,3,-66
1756012214.7749443,0,-2,-64
1756012214.8119447,0,-4,-48
1756012214.8499446,-3,0,-61
1756012214.8889446,0,-5,-55
1756012214.9249446,-2,-2,-46
1756012214.9629445,0,-6,-47
1756012215.0009446,-1,-3,-49
1756012215.0399446,-3,2,-44
1756012215.075945,-6,1,-35
1756012215.1129446,0,3,-46
1756012215.1509447,-7,10,-53
1756012215.1889446,-4,2,-44
1756012215.2249446,1,0,-45
1756012215.2619443,-7,-2,-59
1756012215.3009446,1,-5,-70
1756012215.338945,-1,0,-59
1756012215.3749447,6,-1,-48
1756012215.4119446,-3,0,-47
1756012215.450945,-2,0,-46
1756012215.4889443,-5,1,-55
1756012215.5249443,-4,-1,-45
1756012215.562945,-1,1,-53
1756012215.6009445,-4,3,-55
1756012215.6399446,-1,1,-52
1756012215.6759446,6,0,-38
1756012215.7129445,1,-1,-51
1756012215.7509446,-4,1,-53
1756012215.7899446,-5,0,-57
1756012215.825945,-7,-1,-52
1756012215.8639443,-1,1,-45
1756012215.9019446,-5,0,-40
1756012215.940945,-4,0,-49
1756012215.9789443,2,2,-43
1756012216.0149446,0,3,-44
1756012216.0519447,-8,1,-52
1756012216.0909443,1,-2,-56
1756012216.1269443,1,-3,-61
1756012216.1639447,-1,6,-46
1756012216.2019446,1,2,-49
1756012216.2399447,2,0,-48
1756012216.2759447,-3,0,-40
1756012216.3139446,-2,2,-45
1756012216.3509445,-7,-1,-56
1756012216.3899446,-6,-5,-65
1756012216.4259446,3,-1,-55
1756012216.463945,4,-2,-58
1756012216.5019443,-6,-1,-61
1756012216.5409446,-4,6,-51
1756012216.5769446,-2,-1,-59
1756012216.6149447,1,0,-50
1756012216.6519446,-3,-2,-33
1756012216.690945,1,2,-47
1756012216.7299447,-6,6,-51
1756012216.7659447,-8,3,-67
1756012216.802945,-2,5,-53
1756012216.8419447,-9,3,-53
1756012216.8799446,0,-5,-54
1756012216.9159446,3,-5,-52
1756012216.9529445,2,0,-57
1756012216.9909446,3,-7,-55
1756012217.0269446,-7,-5,-43
1756012217.0649445,-3,-3,-54
1756012217.1029446,0,8,-51
1756012217.1409447,0,2,-65
1756012217.1769447,-4,0,-50
1756012217.213945,-11,1,-46
1756012217.2519443,-4,1,-39
1756012217.2909446,0,-1,-47
1756012217.3269446,1,1,-54
1756012217.3639443,0,0,-47
1756012217.4019446,-1,1,-57
1756012217.4399445,-4,-7,-53
1756012217.4759445,-4,-2,-51
1756012217.5139446,4,0,-42
1756012217.5519447,-2,-3,-45
1756012217.5899446,3,-14,-50
1756012217.6259446,-1,-7,-59
1756012217.6639447,1,0,-53
1756012217.7019446,-3,0,-58
1756012217.7379446,0,5,-46
1756012217.7749443,-4,1,-48
1756012217.812945,-5,-5,-48
1756012217.8519447,-3,-7,-54
1756012217.8879447,-7,-4,-52
1756012217.9259446,-5,0,-49
1756012217.963945,3,0,-46
1756012218.0019443,5,0,-44
1756012218.0379446,3,-6,-52
1756012218.0749447,0,-2,-60
1756012218.1129446,0,-6,-48
1756012218.1519446,2,-1,-60
1756012218.187945,0,-4,-51
1756012218.2249446,-3,-6,-57
1756012218.2629447,6,1,-52
1756012218.3019447,-13,-3,-64
1756012218.3379445,0,1,-57
1756012218.3749447,4,0,-57
1756012218.4129446,0,5,-55
1756012218.450945,-4,-3,-50
1756012218.486945,-5,-1,-39
1756012218.5249443,-1,-4,-37
1756012218.562945,-4,-2,-53
1756012218.6019447,0,-3,-36
1756012218.6379447,-2,2,-39
1756012218.6749446,-3,-2,-44
1756012218.7129445,-3,1,-54
1756012218.7519443,0,-8,-58
1756012218.7879446,2,-5,-61
1756012218.8249447,-1,-4,-47
1756012218.8629446,6,3,-51
1756012218.9009447,1,0,-63
1756012218.9369447,3,-1,-44
1756012218.973945,0,-5,-54
1756012219.0129447,0,-5,-51
1756012219.0509446,0,0,-48
1756012219.0869446,4,0,-55
1756012219.1239443,0,-2,-44
1756012219.1629446,-9,-4,-48
1756012219.200945,-2,-6,-39
1756012219.236945,-4,-5,-45
1756012219.2749443,-8,-3,-53
1756012219.312945,-1,-5,-49
1756012219.3519447,4,-1,-55
1756012219.3879447,0,-2,-49
1756012219.4249446,3,-2,-36
1756012219.4629445,3,-1,-47
1756012219.5019443,-4,-1,-52
1756012219.5379446,4,-4,-50
1756012219.575945,0,0,-44
1756012219.6139443,-9,0,-60
1756012219.6529446,0,-6,-49
1756012219.6889446,2,1,-44
1756012219.7259445,6,-2,-48
1756012219.7639446,1,0,-55
1756012219.8019447,0,-1,-53
1756012219.838945,-8,-1,-42
1756012219.8759446,-1,-1,-56
1756012219.9139447,2,3,-49
1756012219.9519446,2,0,-58
1756012219.9879446,2,2,-64
1756012220.0259447,-8,1,-54
1756012220.0639446,4,-3,-50
1756012220.1029446,4,-10,-64
1756012220.1389446,2,-13,-55
1756012220.1759446,0,-6,-42
1756012220.213945,-5,-10,-54
1756012220.2529447,-2,-15,-54
1756012220.2889447,-4,2,-57
1756012220.3269446,4,0,-51
1756012220.3639443,2,5,-58
1756012220.4019446,3,1,-59
1756012220.437945,4,0,-58
1756012220.4769447,2,1,-59
1756012220.5139446,0,-7,-55
1756012220.552945,-4,0,-41
1756012220.588945,-7,2,-54
1756012220.6259446,0,-8,-54
1756012220.6639447,2,-11,-46
1756012220.7029445,2,-8,-58
1756012220.7389443,3,-6,-55
1756012220.7769446,2,0,-43
1756012220.8149445,-2,-5,-57
1756012220.8539443,-2,-8,-54
1756012220.8919446,-4,-7,-59
1756012220.927945,-4,0,-52
1756012220.9649446,-3,-3,-52
1756012221.0039446,-4,0,-55
1756012221.0399446,-4,-4,-56
1756012221.0779445,0,2,-63
1756012221.1149447,-7,0,-60
1756012221.1539447,0,0,-42
1756012221.1899445,-1,2,-56
1756012221.2269447,-4,-2,-53
1756012221.2649446,1,-3,-51
1756012221.3039446,-1,-7,-62
1756012221.3399446,6,-1,-62
1756012221.3779447,-1,0,-47
1756012221.4149446,-10,-3,-56
1756012221.4539447,0,0,-44
1756012221.4899447,-7,-3,-44
1756012221.5279446,-2,1,-55
1756012221.565945,3,-1,-53
1756012221.6039443,4,6,-51
1756012221.6399446,3,3,-50
1756012221.677945,0,3,-58
1756012221.7149446,0,4,-58
1756012221.7529447,1,2,-43
1756012221.7889447,-1,3,-43
1756012221.8279445,0,3,-48
1756012221.8649447,7,1,-53
1756012221.9029446,1,0,-53
1756012221.9389446,2,-6,-56
1756012221.9759445,9,0,-44
1756012222.0139446,-8,-3,-54
1756012222.0509446,-8,0,-54
1756012222.088945,-5,4,-51
1756012222.1259446,-1,6,-43
1756012222.1649446,3,1,-50
1756012222.2029445,2,2,-44
1756012222.2479446,-1,6,-48
1756012222.2859447,1,0,-47
1756012222.3239446,-5,5,-44
1756012222.3609445,-4,8,-51
1756012222.3979447,-2,8,-50
1756012222.4359446,4,-2,-49
1756012222.4749446,-1,0,-45
1756012222.5129447,-5,-2,-49
1756012222.5489447,-2,0,-56
1756012222.5869446,1,-1,-46
1756012222.6259446,2,-2,-46
1756012222.6639447,-6,5,-45
1756012222.6999447,-5,3,-44
1756012222.736945,0,0,-40
1756012222.7749443,2,2,-54
1756012222.8109446,-1,0,-50
1756012222.8479445,0,3,-49
1756012222.884945,0,0,-48
1756012222.9209447,-5,-6,-54
1756012222.9589446,-3,2,-51
1756012222.996945,3,2,-47
1756012223.0349443,2,0,-51
1756012223.0739446,-4,0,-47
1756012223.1099446,-2,5,-55
1756012223.1469443,-5,5,-53
1756012223.1849446,1,1,-58
1756012223.223945,4,-2,-44
1756012223.259945,5,0,-46
1756012223.2969446,1,-1,-60
1756012223.3349447,2,3,-51
1756012223.3709445,4,-4,-57
1756012223.4089446,9,6,-53
1756012223.4459443,-1,-4,-44
1756012223.4849446,0,1,-51
1756012223.5209446,3,7,-59
1756012223.5579443,-1,5,-54
1756012223.5969446,-5,0,-46
1756012223.634945,0,1,-52
1756012223.6709447,5,0,-54
1756012223.7079446,5,7,-42
1756012223.746945,2,-4,-43
1756012223.7849443,-4,-6,-48
1756012223.8209443,-5,-3,-51
1756012223.8599446,1,4,-61
1756012223.8969443,-2,-1,-58
1756012223.9359446,9,2,-55
1756012223.973945,0,0,-47
1756012224.009945,-2,-4,-53
1756012224.0479443,-1,-6,-53
1756012224.085945,0,-2,-52
1756012224.1249447,-2,-1,-42
1756012224.1609447,-3,2,-40
1756012224.1979446,4,0,-46
1756012224.2359445,0,-1,-41
1756012224.2749443,7,-2,-47
1756012224.3109446,1,-1,-46
1756012224.3479445,0,-8,-48
1756012224.3859446,-2,-5,-47
1756012224.4249446,-3,-1,-48
1756012224.460945,-2,1,-57
1756012224.4979446,6,0,-48
1756012224.5359447,4,0,-45
1756012224.5719447,0,-9,-53
1756012224.6099446,0,-1,-47
1756012224.6469443,0,-8,-49
1756012224.6859446,-4,-1,-57
1756012224.7219446,3,0,-55
1756012224.7589445,-1,-5,-52
1756012224.7969446,-1,-7,-56
1756012224.835945,-1,0,-54
1756012224.871945,-6,-2,-48
1756012224.9099443,-5,-3,-55
1756012224.9479446,-3,-1,-40
1756012224.9859445,1,0,-48
1756012225.0249443,-6,-4,-45
1756012225.0609446,1,-3,-46
1756012225.098945,3,0,-47
1756012225.1369443,0,3,-54
1756012225.1749446,0,10,-45
1756012225.210945,6,3,-47
1756012225.2479446,10,-1,-52
1756012225.2869446,0,-5,-50
1756012225.3249447,1,-4,-52
1756012225.3609445,-3,0,-47
1756012225.3999443,0,1,-43
1756012225.4369447,-3,5,-62
1756012225.4759445,0,9,-49
1756012225.5119443,-6,7,-53
1756012225.5489447,-1,2,-46
1756012225.5869446,3,2,-62
1756012225.6249447,0,4,-47
1756012225.6609447,-5,0,-60
1756012225.6999447,-7,-1,-60
1756012225.736945,-1,0,-57
1756012225.7759447,2,0,-59
1756012225.8119447,4,0,-48
1756012225.848945,3,0,-45
1756012225.8869443,1,0,-41
1756012225.9249446,0,-2,-52
1756012225.960945,4,0,-45
1756012225.9989443,-2,2,-52
1756012226.0369446,-5,6,-51
1756012226.075945,0,-3,-46
1756012226.111945,-4,-2,-45
1756012226.1499443,-6,1,-39
1756012226.187945,4,-9,-48
1756012226.2269447,1,-3,-53
1756012226.2629447,-3,-2,-54
1756012226.3009446,4,6,-48
1756012226.3379445,3,0,-43
1756012226.3759446,0,2,-48
1756012226.4119446,-1,-6,-45
1756012226.4499447,-1,-3,-46
1756012226.4879446,0,3,-42
1756012226.5269446,-4,0,-47
1756012226.562945,-4,0,-46
1756012226.5999446,-7,2,-57
1756012226.6379447,-1,0,-56
1756012226.6769447,6,4,-59
1756012226.7129445,0,4,-45
1756012226.7499447,1,4,-43
1756012226.7879446,3,-2,-46
1756012226.825945,4,-7,-55
1756012226.861945,-2,-9,-55
1756012226.8999443,0,-5,-53
1756012226.937945,-3,-8,-59
1756012226.9769447,-2,-4,-56
1756012227.0129447,-5,-5,-59
1756012227.0509446,0,-2,-61
1756012227.088945,-2,-1,-65
1756012227.1279447,-1,6,-67
1756012227.1659446,-1,-3,-51
1756012227.2019446,0,1,-48
1756012227.2389443,-3,-4,-58
1756012227.2779446,2,0,-52
1756012227.315945,1,3,-49
1756012227.3519447,-9,4,-55
1756012227.3899446,-6,2,-47
1756012227.427945,2,-5,-53
1756012227.4669447,0,-5,-48
1756012227.5029447,0,0,-59
1756012227.5399446,-9,-3,-55
1756012227.5779445,-7,-2,-49
1756012227.6169446,-13,1,-51
1756012227.6529446,-7,0,-56
1756012227.6899445,0,-3,-50
1756012227.7279446,-5,-2,-65
1756012227.7669446,-9,1,-57
1756012227.802945,-3,0,-43
1756012227.8399446,0,1,-48
1756012227.8779447,8,-6,-46
1756012227.9139447,0,-1,-47
1756012227.950945,0,0,-54
1756012227.9879446,1,3,-42
1756012228.0239446,5,1,-47
1756012228.0609446,5,-5,-50
1756012228.098945,-1,-9,-45
1756012228.1379447,-2,0,-36
1756012228.1739447,-6,2,-55
1756012228.210945,0,0,-51
1756012228.2489443,3,0,-48
1756012228.2869446,2,-1,-50
1756012228.3229446,2,2,-48
1756012228.3599446,8,1,-41
1756012228.3979447,-2,0,-46
1756012228.4339447,-6,4,-57
1756012228.4729445,0,0,-53
1756012228.5109446,-1,-7,-58
1756012228.5489447,-3,-2,-50
1756012228.5869446,3,1,-36
1756012228.6229446,3,-4,-40
1756012228.6609447,7,-7,-53
1756012228.6989446,2,-2,-54
1756012228.7379446,2,2,-61
1756012228.7739446,-1,1,-60
1756012228.8109446,3,0,-57
1756012228.848945,3,-1,-43
1756012228.8879447,5,3,-53
1756012228.9239447,7,0,-59
1756012228.960945,1,3,-56
1756012228.9989443,4,-6,-47
1756012229.0369446,4,0,-51
1756012229.0729446,-5,5,-57
1756012229.1109445,0,-4,-56
1756012229.1489446,3,-1,-49
1756012229.187945,1,-4,-60
1756012229.223945,4,-5,-47
1756012229.2619443,6,-3,-56
1756012229.2999446,2,-6,-42
1756012229.338945,1,2,-51
1756012229.3769443,0,8,-54
1756012229.4129446,-2,6,-54
1756012229.4499447,-4,0,-37
1756012229.4889443,-7,-5,-46
1756012229.5249443,-5,2,-52
1756012229.5619447,-5,0,-52
1756012229.5999446,-1,-1,-45
1756012229.6389446,-6,2,-51
1756012229.6749446,2,3,-58
1756012229.7119446,-7,0,-47
1756012229.7499447,-3,-6,-48
1756012229.7889447,-3,-2,-48
1756012229.8249447,1,-1,-58
1756012229.861945,4,1,-54
1756012229.8999443,-1,1,-54
1756012229.9389446,-6,0,-52
1756012229.9759445,-3,0,-56
1756012230.0129447,0,-5,-51
1756012230.0509446,-3,6,-43
1756012230.0899446,0,-7,-57
1756012230.1279447,1,-4,-54
1756012230.1639447,-6,-2,-44
1756012230.2019446,-4,-2,-48
1756012230.2399447,-2,-4,-47
1756012230.2789447,-2,-2,-39
1756012230.3149445,-4,-5,-48
1756012230.3529446,1,2,-59
1756012230.3899446,3,1,-54
1756012230.427945,-5,-2,-51
1756012230.463945,10,-1,-49
1756012230.5009446,0,-3,-54
1756012230.5399446,-1,-1,-57
1756012230.5779445,1,0,-51
1756012230.6139443,0,-2,-54
1756012230.6509447,0,-1,-47
1756012230.6899445,-1,-3,-50
1756012230.7279446,2,-2,-49
1756012230.7639446,5,-2,-57
1756012230.8019447,-4,0,-51
1756012230.8399446,3,-1,-63
1756012230.8789446,4,-2,-52
1756012230.9149446,2,4,-44
1756012230.9519446,0,-3,-49
1756012230.9899447,2,-4,-38
1756012231.0289447,2,-2,-46
1756012231.0649445,1,-4,-49
1756012231.1019447,0,-4,-51
1756012231.1399446,-4,-7,-47
1756012231.1789446,0,-4,-41
1756012231.2149446,-2,-7,-43
1756012231.2529447,2,-5,-56
1756012231.2909446,0,-3,-38
1756012231.3299446,-8,-1,-51
1756012231.3659446,-5,-5,-50
1756012231.4039447,3,1,-49
1756012231.440945,-1,0,-55
1756012231.4799447,-3,6,-49
1756012231.5159447,0,10,-50
1756012231.552945,-6,-2,-47
1756012231.5909443,-6,0,-43
1756012231.6299446,-1,9,-57
1756012231.6659446,0,-1,-44
1756012231.7029445,6,-3,-63
1756012231.7409446,2,-1,-55
1756012231.779945,6,-10,-49
1756012231.815945,8,-3,-49
1756012231.8539443,0,-7,-43
1756012231.8919446,-2,-4,-51
1756012231.9309447,7,0,-57
1756012231.9689443,2,0,-51
1756012232.0049446,2,1,-45
1756012232.0419445,4,0,-43
1756012232.0809443,2,-2,-50
1756012232.1189446,3,-13,-42
1756012232.154945,-1,-8,-41
1756012232.1929443,0,-1,-52
1756012232.2309446,5,-6,-46
1756012232.2749443,7,-4,-43
1756012232.312945,-1,-3,-52
1756012232.3509445,-1,-4,-49
1756012232.3899446,1,0,-58
1756012232.4259446,1,-2,-54
1756012232.4629445,-2,-3,-46
1756012232.5009446,-1,-2,-51
1756012232.5399446,-1,-2,-54
1756012232.575945,4,-7,-45
1756012232.6129446,6,0,-52
1756012232.6509447,8,-7,-38
1756012232.6899445,7,0,-56
1756012232.7259445,9,1,-49
1756012232.7629447,7,9,-47
1756012232.8009446,4,9,-40
1756012232.8369446,-2,0,-31
1756012232.8739443,-4,-1,-44
1756012232.9119446,-3,-5,-61
1756012232.950945,-2,3,-57
1756012232.986945,0,3,-60
1756012233.0249443,-10,7,-44
1756012233.062945,-9,6,-48
1756012233.1009445,4,-4,-44
1756012233.1379447,12,-1,-49
1756012233.1749446,1,1,-60
1756012233.2129445,-2,0,-50
1756012233.2509446,2,-1,-50
1756012233.2869446,-3,-2,-41
1756012233.3249447,0,-10,-49
1756012233.3629446,-1,-8,-50
1756012233.4019446,4,0,-49
1756012233.4399445,3,3,-49
1756012233.4759445,3,9,-48
1756012233.5129447,3,0,-47
1756012233.5509446,2,-2,-54
1756012233.5879445,-2,-3,-47
1756012233.6249447,0,-1,-44
1756012233.6629446,0,-1,-38
1756012233.7019446,-1,1,-53
1756012233.7399447,4,0,-45
1756012233.7759447,7,1,-46
1756012233.812945,4,2,-49
1756012233.8519447,-1,8,-49
1756012233.8899446,-4,2,-49
1756012233.9259446,7,-2,-51
1756012233.9629445,5,-4,-53
1756012234.0019443,1,-6,-54
1756012234.0399446,6,0,-51
1756012234.075945,-2,-5,-51
1756012234.1139443,-4,-4,-45
1756012234.1519446,-1,-1,-53
1756012234.190945,2,1,-56
1756012234.2269447,-2,-3,-46
1756012234.2649446,4,-2,-51
1756012234.302945,4,0,-42
1756012234.3419447,-7,-1,-53
1756012234.3799446,-6,1,-42
1756012234.4159446,-2,0,-48
1756012234.4539447,-6,1,-47
1756012234.4919446,-7,-4,-49
1756012234.5279446,-4,-9,-51
1756012234.565945,0,-2,-42
1756012234.6039443,-1,-4,-50
1756012234.6419446,3,-4,-43
1756012234.6809447,3,-8,-52
1756012234.7169447,0,-1,-59
1756012234.7539446,0,-5,-55
1756012234.7919445,3,-5,-45
1756012234.8309443,3,-6,-44
1756012234.8669446,11,0,-47
1756012234.9039447,2,-1,-55
1756012234.9419446,0,-4,-54
1756012234.9809446,6,-3,-56
1756012235.0169446,4,-8,-55
1756012235.0539446,0,-2,-48
1756012235.0919447,2,2,-54
1756012235.1309447,-4,3,-56
1756012235.1669445,-3,0,-57
1756012235.2039447,10,0,-60
1756012235.2419446,7,1,-52
1756012235.2779446,3,2,-58
1756012235.3149445,-2,1,-51
1756012235.3529446,-2,5,-49
1756012235.3919446,-7,-7,-54
1756012235.427945,-1,-1,-51
1756012235.4659443,5,-3,-46
1756012235.5039446,6,-2,-55
1756012235.542945,6,-12,-47
1756012235.5809443,-1,-6,-50
1756012235.6169446,-2,-4,-51
1756012235.654945,-2,-2,-47
1756012235.6929443,-5,-5,-49
1756012235.7319446,-4,-2,-50
1756012235.7679446,0,0,-57
1756012235.8049445,-2,0,-54
1756012235.8429446,0,-5,-63
1756012235.881945,0,-1,-58
1756012235.917945,-3,1,-46
1756012235.9549446,-3,2,-48
1756012235.9939446,-6,2,-55
1756012236.0319445,-4,7,-47
1756012236.0679443,-1,4,-50
1756012236.1049447,-5,4,-47
1756012236.1429446,-2,1,-42
1756012236.1819446,0,-6,-54
1756012236.2179446,4,-1,-51
1756012236.2549446,-7,-8,-57
1756012236.2939446,-2,0,-50
1756012236.3319447,5,-1,-51
1756012236.3679447,5,-2,-52
1756012236.4059446,-1,-9,-51
1756012236.4439447,-4,-10,-58
1756012236.4819446,4,-6,-46
1756012236.5179446,6,-5,-50
1756012236.5559447,1,0,-55
1756012236.5929446,5,5,-63
1756012236.631945,-2,0,-52
1756012236.667945,-2,-1,-50
1756012236.7059443,-1,0,-48
1756012236.7439446,-2,0,-49
1756012236.782945,-5,1,-57
1756012236.8189447,0,-5,-51
1756012236.8559446,3,1,-42
1756012236.8939445,1,1,-42
1756012236.9319446,-7,-3,-51
1756012236.9689443,0,0,-46
1756012237.0059447,1,-2,-56
1756012237.0439446,0,-2,-57
1756012237.0829446,-1,-8,-46
1756012237.1189446,4,0,-42
1756012237.1559446,1,0,-57
1756012237.1939447,0,-2,-63
1756012237.2319446,-1,-3,-56
1756012237.2679446,-6,-4,-42
1756012237.3059447,-7,-12,-48
1756012237.3439443,-3,-8,-44
1756012237.3829446,3,-9,-41
1756012237.4189446,-5,-3,-55
1756012237.4569447,2,0,-58
1756012237.4949446,0,0,-48
1756012237.532945,3,-4,-46
1756012237.5689447,5,1,-55
1756012237.6059446,7,-7,-49
1756012237.6439445,5,0,-52
1756012237.6819446,7,-1,-45
1756012237.7179446,0,0,-38
1756012237.7549446,-3,0,-58
1756012237.7939446,-4,-12,-58
1756012237.8299446,-4,-6,-46
1756012237.8679447,0,0,-46
1756012237.904945,3,0,-56
1756012237.9429443,1,1,-43
1756012237.9789443,5,-4,-53
1756012238.0159447,4,-2,-51
1756012238.0549445,0,0,-47
1756012238.0929446,-1,-4,-49
1756012238.1289446,1,-7,-59
1756012238.167945,8,-3,-52
1756012238.2049446,6,-2,-52
1756012238.2439446,-4,-5,-49
1756012238.279945,0,-7,-47
1756012238.3169446,0,0,-47
1756012238.3549447,3,-1,-54
1756012238.3939445,0,-4,-44
1756012238.4299445,0,-3,-46
1756012238.4679446,-5,6,-41
1756012238.5049446,0,2,-47
1756012238.542945,0,3,-44
1756012238.5789447,6,0,-38
1756012238.6159446,8,1,-48
1756012238.6539447,-7,-1,-51
1756012238.6899445,-1,-8,-56
1756012238.7279446,-3,-8,-54
1756012238.7659447,2,-3,-49
1756012238.8049445,-1,-5,-54
1756012238.8429446,0,-9,-54
1756012238.8789446,-4,-3,-51
1756012238.9169445,-7,-4,-41
1756012238.9549446,-1,-2,-51
1756012238.9939446,-1,-3,-53
1756012239.029945,-5,-3,-47
1756012239.0679443,0,-1,-54
1756012239.1059446,1,1,-50
1756012239.144945,2,2,-48
1756012239.1829443,-7,-6,-63
1756012239.2189443,0,-4,-58
1756012239.2579446,1,-4,-50
1756012239.2959447,-1,-4,-44
1756012239.3339446,-2,0,-54
1756012239.3699446,-7,1,-55
1756012239.4069445,0,-2,-47
1756012239.4449446,-4,-6,-42
1756012239.483945,-3,-8,-52
1756012239.519945,-1,-2,-52
1756012239.5579443,-2,1,-53
1756012239.5959446,0,0,-56
1756012239.6339445,1,-4,-44
1756012239.6699443,-4,-5,-40
1756012239.7079446,0,-3,-52
1756012239.7459445,-1,2,-60
1756012239.7849443,2,0,-55
1756012239.8209443,6,-4,-46
1756012239.8579447,-1,-4,-53
1756012239.8959446,2,-3,-51
1756012239.9349446,2,-1,-51
1756012239.9709446,6,-4,-44
1756012240.0079446,0,-9,-50
1756012240.0459447,0,-5,-52
1756012240.0849447,5,6,-37
1756012240.1209445,0,-1,-48
1756012240.157945,-3,-3,-30
1756012240.1959443,-10,-1,-43
1756012240.2349446,3,0,-35
1756012240.2709446,5,0,-51
1756012240.3079443,0,2,-59
1756012240.3459446,0,3,-63
1756012240.3839445,-4,2,-55
1756012240.4199443,-5,0,-59
1756012240.4579446,0,-3,-48
1756012240.4959445,2,-4,-49
1756012240.5339446,-5,0,-56
1756012240.5699446,-7,0,-34
1756012240.6079447,-5,0,-38
1756012240.6459446,0,5,-33
1756012240.6839447,5,-1,-42
1756012240.7199447,1,-5,-44
1756012240.756945,-7,0,-46
1756012240.7959447,0,2,-42
1756012240.8339446,-5,4,-59
1756012240.8699446,0,-1,-45
1756012240.907945,-8,3,-48
1756012240.9459443,7,1,-57
1756012240.983945,10,-3,-51
1756012241.019945,0,0,-48
1756012241.0569446,0,-2,-55
1756012241.0959446,7,2,-57
1756012241.1329446,2,0,-64
1756012241.1699443,7,-1,-53
1756012241.2079446,3,3,-49
1756012241.2459445,0,-3,-57
1756012241.2819445,-3,0,-53
1756012241.3199446,3,-4,-57
1756012241.3579447,-1,2,-51
1756012241.3959446,-3,-5,-56
1756012241.4349446,0,-3,-62
1756012241.4709446,0,-6,-51
1756012241.5079446,3,-10,-48
1756012241.5459447,-3,1,-52
1756012241.5849447,-6,3,-54
1756012241.6209445,-4,1,-59
1756012241.657945,-5,2,-44
1756012241.6959443,10,-1,-52
1756012241.7349446,7,-4,-47
1756012241.7709446,1,3,-48
1756012241.8089447,1,-4,-46
1756012241.8479445,-6,-5,-55
1756012241.8859446,-6,-6,-42
1756012241.9219446,-8,-3,-50
1756012241.9599447,-9,-2,-47
1756012241.9979446,-2,-4,-54
1756012242.0369446,-3,1,-57
1756012242.0749447,-4,0,-49
1756012242.1109445,5,0,-50
1756012242.1489446,3,0,-48
1756012242.1869447,-4,10,-47
1756012242.2249446,0,8,-45
1756012242.2609446,-3,6,-42
1756012242.3069446,-2,6,-45
1756012242.3449447,-5,7,-50
1756012242.3809447,3,3,-46
1756012242.4189446,-5,-5,-61
1756012242.4569447,2,-1,-46
1756012242.4949446,0,-2,-52
1756012242.5309446,0,0,-53
1756012242.5689447,2,-2,-58
1756012242.6069446,-8,3,-43
1756012242.644945,-3,0,-43
1756012242.6809447,0,-4,-45
1756012242.7189443,-5,-4,-51
1756012242.756945,-1,-3,-53
1756012242.7959447,-1,0,-64
1756012242.8319447,-6,0,-68
1756012242.8699446,0,-4,-66
1756012242.907945,5,-1,-70
1756012242.9469447,-3,0,-52
1756012242.9829447,-2,0,-64
1756012243.019945,-3,2,-53
1756012243.0579443,0,-1,-55
1756012243.0969446,9,-2,-55
1756012243.1329446,1,-3,-50
1756012243.1699443,0,-4,-49
1756012243.2079446,2,2,-39
1756012243.2459445,-5,-3,-55
1756012243.2819445,-3,-2,-61
1756012243.3199446,1,1,-60
1756012243.3579447,0,0,-45
1756012243.3969443,-1,3,-58
1756012243.4329443,5,-3,-58
1756012243.4699447,12,-2,-53
1756012243.5079446,4,2,-49
1756012243.5459447,-3,-2,-49
1756012243.5819447,-2,0,-63
1756012243.6189446,-2,1,-59
1756012243.657945,-3,-5,-52
1756012243.6959443,-4,-5,-57
1756012243.7319446,-7,-3,-44
1756012243.7709446,-6,0,-48
1756012243.8089447,-2,4,-48
1756012243.8469446,-8,5,-57
1756012243.8829446,-7,5,-50
1756012243.9209447,0,0,-47
1756012243.9579446,0,-3,-51
1756012243.996945,-4,-5,-50
1756012244.0339446,-6,-8,-47
1756012244.0709443,3,-10,-56
1756012244.108945,11,0,-50
1756012244.1479447,8,0,-47
1756012244.1859446,4,-12,-39
1756012244.2219446,0,-7,-44
1756012244.2589445,-10,1,-42
1756012244.2979443,-5,3,-39
1756012244.335945,0,1,-47
1756012244.371945,5,1,-42
1756012244.4089446,2,-4,-48
1756012244.4479446,4,-5,-53
1756012244.483945,1,-1,-49
1756012244.5209446,-5,1,-43
1756012244.5589447,0,0,-47
1756012244.5969446,1,-10,-40
1756012244.6329446,0,-8,-43
1756012244.6719446,-2,-6,-34
1756012244.7089446,-3,0,-51
1756012244.7479446,2,-1,-48
1756012244.7839446,1,2,-54
1756012244.8219447,1,-3,-48
1756012244.858945,2,-7,-53
1756012244.8979447,-1,0,-56
1756012244.9339447,-5,1,-48
1756012244.9719446,-5,-5,-49
1756012245.009945,-10,-1,-46
1756012245.0479443,2,7,-49
1756012245.0839446,-4,2,-42
1756012245.1209445,-10,-3,-53
1756012245.1589446,0,-5,-57
1756012245.1979446,-2,-3,-56
1756012245.233945,3,-4,-60
1756012245.2719443,-5,2,-55
1756012245.3089447,-10,0,-47
1756012245.3479445,-2,0,-38
1756012245.3839445,0,4,-58
1756012245.4219446,1,-1,-62
1756012245.4589446,5,2,-55
1756012245.496945,3,-1,-47
1756012245.532945,-1,-1,-48
1756012245.5719447,-3,-4,-55
1756012245.608945,0,-6,-49
1756012245.6479447,1,-10,-54
1756012245.6839447,-5,0,-52
1756012245.7209446,-8,-1,-57
1756012245.7589445,-1,0,-40
1756012245.7979443,-5,-6,-48
1756012245.8339446,-4,-5,-42
1756012245.871945,-5,-1,-54
1756012245.9099443,-6,-2,-64
1756012245.9489446,-5,0,-63
1756012245.986945,-1,-2,-51
1756012246.0229447,-1,-1,-52
1756012246.0609446,0,-2,-58
1756012246.098945,-4,-6,-57
1756012246.1379447,-4,-10,-51
1756012246.1739447,-4,-6,-47
1756012246.2119446,4,-3,-41
1756012246.2499447,0,-4,-50
1756012246.2889447,-2,0,-54
1756012246.3249447,-6,0,-47
1756012246.3629446,2,0,-47
1756012246.3999443,2,-2,-52
1756012246.4389446,-1,-1,-51
1756012246.4749446,-1,-1,-49
1756012246.5129447,-3,5,-61
1756012246.5509446,-7,-1,-55
1756012246.588945,-2,3,-54
1756012246.6279447,2,3,-57
1756012246.6639447,3,0,-62
1756012246.700945,-4,-1,-45
1756012246.7389443,0,-3,-59
1756012246.7779446,-5,4,-45
1756012246.8139446,-3,4,-39
1756012246.8509445,3,3,-50
1756012246.8889446,0,2,-45
1756012246.9249446,0,3,-55
1756012246.9619446,1,0,-62
1756012246.9999447,0,-4,-53
1756012247.0389447,-2,-4,-48
1756012247.0749447,0,4,-55
1756012247.1129446,1,0,-43
1756012247.1499443,1,1,-47
1756012247.187945,1,-1,-55
1756012247.223945,-1,1,-56
1756012247.2609446,-5,3,-48
1756012247.2999446,3,-6,-52
1756012247.3379445,0,0,-43
1756012247.3739443,3,-1,-51
1756012247.4109447,4,5,-45
1756012247.4489446,8,4,-55
1756012247.4859445,4,0,-55
1756012247.5239446,9,10,-41
1756012247.5609446,0,1,-54
1756012247.598945,-1,-6,-50
1756012247.634945,1,-3,-63
1756012247.6739447,-1,0,-66
1756012247.710945,-1,-1,-54
1756012247.7499447,5,-4,-47
1756012247.7859447,1,-4,-50
1756012247.8239446,1,1,-44
1756012247.8609445,-6,0,-49
1756012247.8999443,0,-5,-60
1756012247.9359446,-1,-3,-57
1756012247.973945,2,0,-52
1756012248.0109446,-4,-2,-55
1756012248.0499446,-4,2,-59
1756012248.0869446,-6,1,-60
1756012248.1239443,0,-2,-55
1756012248.1619446,-4,1,-53
1756012248.1999447,-3,-2,-53
1756012248.2389443,2,-3,-41
1756012248.2749443,4,-9,-57
1756012248.3119447,-2,3,-62
1756012248.3499446,-2,0,-52
1756012248.3889446,2,0,-53
1756012248.4249446,-1,-6,-52
1756012248.4629445,0,0,-48
1756012248.5009446,-1,1,-52
1756012248.5389447,2,1,-48
1756012248.5749447,2,0,-53
1756012248.611945,-1,-1,-50
1756012248.6509447,-3,0,-49
1756012248.6889446,0,0,-46
1756012248.7249446,-8,-2,-41
1756012248.7629447,1,-1,-41
1756012248.8009446,-1,3,-52
1756012248.8399446,2,-2,-49
1756012248.8759446,0,0,-39
1756012248.9139447,0,0,-48
1756012248.9519446,3,1,-43
1756012248.9899447,0,-6,-52
1756012249.0259447,1,-7,-50
1756012249.0639446,-4,-4,-48
1756012249.1019447,-2,-13,-42
1756012249.1409447,3,0,-41
1756012249.1789446,-3,-4,-52
1756012249.2149446,2,-3,-43
1756012249.2529447,3,1,-43
1756012249.2909446,3,-2,-48
1756012249.3289447,3,-2,-51
1756012249.3649447,0,2,-54
1756012249.4029446,1,-4,-53
1756012249.440945,2,-2,-56
1756012249.4769447,3,-3,-50
1756012249.5139446,-1,3,-53
1756012249.552945,0,4,-52
1756012249.5909443,0,1,-47
1756012249.6269443,1,-1,-41
1756012249.6639447,-3,-5,-57
1756012249.7029445,2,-2,-55
1756012249.7409446,-3,-2,-47
1756012249.779945,3,-1,-50
1756012249.815945,-5,-4,-47
1756012249.8539443,0,0,-50
1756012249.8909447,-3,-5,-52
1756012249.9299445,1,0,-49
1756012249.9659443,4,-1,-56
1756012250.0029447,4,-2,-54
1756012250.0409446,-2,-5,-45
1756012250.0799446,0,-1,-45
1756012250.1159446,2,-2,-49
1756012250.1529446,0,-1,-51
1756012250.1919446,-5,2,-55
1756012250.2299447,0,2,-56
1756012250.2659447,-6,-3,-60
1756012250.3039446,0,-5,-47
1756012250.3419447,0,-1,-53
1756012250.3809447,5,-5,-56
1756012250.4169445,0,-2,-63
1756012250.4559443,0,0,-59
1756012250.4929447,-8,3,-52
1756012250.5319445,0,-3,-58
1756012250.5699446,-1,0,-61
1756012250.6059446,8,-6,-47
1756012250.6429446,-4,-5,-44
1756012250.6819446,-2,-4,-42
1756012250.7199447,-6,-8,-46
1756012250.7559447,0,-12,-39
1756012250.792945,4,-10,-43
1756012250.8319447,-2,-2,-56
1756012250.8699446,0,3,-66
1756012250.9059446,-1,3,-49
1756012250.9429443,-2,0,-36
1756012250.9819446,0,7,-49
1756012251.019945,0,5,-52
1756012251.0559447,3,0,-48
1756012251.0929446,-3,1,-53
1756012251.131945,-3,0,-53
1756012251.167945,0,3,-60
1756012251.2049446,-5,-3,-56
1756012251.2429447,2,-3,-63
1756012251.2819445,-10,2,-48
1756012251.3179443,-3,5,-45
1756012251.3559446,-3,3,-50
1756012251.3939445,-6,-3,-49
1756012251.4319446,0,0,-53
1756012251.4679446,0,-6,-53
1756012251.5059447,-1,0,-47
1756012251.5439446,0,0,-52
1756012251.5819447,-1,-1,-52
1756012251.6179447,-1,-2,-52
1756012251.6559446,-2,-6,-50
1756012251.6939447,1,-4,-40
1756012251.7319446,4,2,-45
1756012251.7679446,10,-1,-47
1756012251.8059447,9,3,-43
1756012251.8429446,-6,-1,-54
1756012251.881945,-9,-6,-41
1756012251.917945,-8,-6,-46
1756012251.9559443,-1,-5,-53
1756012251.9939446,-6,-3,-51
1756012252.032945,-8,-1,-47
1756012252.0709443,1,-1,-45
1756012252.1069446,-5,1,-51
1756012252.1439445,-6,-1,-50
1756012252.1829443,-3,-6,-44
1756012252.2209446,0,-3,-45
1756012252.256945,1,1,-45
1756012252.2939446,0,0,-37
1756012252.338945,-1,3,-49
1756012252.3769443,-10,4,-45
1756012252.4139447,8,0,-51
1756012252.4519446,-2,-1,-53
1756012252.4879446,-8,3,-55
1756012252.5249443,7,-4,-53
1756012252.5639446,3,0,-48
1756012252.6019447,6,-3,-49
1756012252.6379447,4,4,-44
1756012252.6749446,-2,1,-47
1756012252.7129445,-2,0,-47
1756012252.7519443,-8,0,-44
1756012252.7879446,-2,-1,-47
1756012252.8269446,2,1,-37
1756012252.8639443,-3,-5,-50
1756012252.9029446,3,5,-49
1756012252.9389446,-1,0,-55
1756012252.9759445,4,-6,-56
1756012253.0139446,-3,-7,-42
1756012253.052945,5,-3,-49
1756012253.088945,5,3,-53
1756012253.1269443,1,5,-49
1756012253.1639447,0,-1,-54
1756012253.2029445,1,0,-45
1756012253.2389443,1,5,-53
1756012253.2769446,-2,3,-52
1756012253.3139446,2,-3,-45
1756012253.3529446,1,-10,-51
1756012253.3889446,-1,-6,-58
1756012253.4269447,2,-5,-57
1756012253.4649446,0,-2,-53
1756012253.5039446,-2,-7,-51
1756012253.5419445,-3,-4,-47
1756012253.5779445,-2,-1,-32
1756012253.6159446,3,-3,-49
1756012253.6539447,1,-3,-43
1756012253.6929443,-1,-1,-54
1756012253.7289443,2,0,-46
1756012253.7659447,2,1,-46
1756012253.8039446,0,3,-45
1756012253.8419447,-5,2,-48
1756012253.8779447,-6,-3,-57
1756012253.9159446,-1,-5,-45
1756012253.9549446,-2,-3,-45
1756012253.9929447,-5,-1,-50
1756012254.0289447,-1,-3,-45
1756012254.0679443,1,-2,-53
1756012254.1049447,2,-7,-44
1756012254.1439445,-6,2,-50
1756012254.1819446,5,3,-52
1756012254.2179446,1,0,-44
1756012254.2549446,1,2,-54
1756012254.292945,2,-1,-46
1756012254.3289447,0,-1,-49
1756012254.3659446,1,-1,-50
1756012254.4039447,2,-5,-48
1756012254.4429443,0,-5,-55
1756012254.4789443,3,-3,-60
1756012254.5159447,0,-3,-47
1756012254.5539446,6,-2,-45
1756012254.5929446,5,-3,-51
1756012254.6289446,-2,-1,-50
1756012254.667945,2,-4,-55
1756012254.7049446,-6,-8,-56
1756012254.7439446,-1,-1,-49
1756012254.779945,6,1,-55
1756012254.8169446,-1,-3,-52
1756012254.8549447,1,-1,-54
1756012254.8939445,2,-7,-45
1756012254.9299445,0,-5,-52
1756012254.9679446,6,-5,-51
1756012255.0059447,0,-12,-44
1756012255.0439446,-5,-1,-51
1756012255.0829446,7,-2,-43
1756012255.1199446,4,1,-50
1756012255.1569445,0,-3,-50
1756012255.1949446,-1,0,-55
1756012255.233945,-2,-7,-45
1756012255.269945,1,-3,-51
1756012255.3069446,-1,-2,-43
1756012255.3449447,-1,-4,-50
1756012255.3839445,0,-5,-59
1756012255.4199443,1,-9,-57
1756012255.4569447,-2,-14,-51
1756012255.4949446,3,0,-44
1756012255.532945,6,2,-54
1756012255.5689447,3,-1,-59
1756012255.6069446,0,-3,-55
1756012255.644945,0,2,-57
1756012255.6829443,1,0,-48
1756012255.7189443,1,-1,-52
1756012255.756945,-4,-1,-48
1756012255.7949443,4,0,-51
1756012255.8329446,-1,-8,-45
1756012255.8689446,0,-5,-39
1756012255.9059446,-1,-5,-49
1756012255.9449446,7,-4,-48
1756012255.9829447,7,-6,-56
1756012256.0189445,3,-6,-53
1756012256.0559447,2,-2,-48
1756012256.0949447,3,-6,-57
1756012256.1309447,2,-5,-51
1756012256.1689446,0,-4,-49
1756012256.2079446,1,-4,-41
1756012256.2449446,-3,-2,-47
1756012256.2839446,-3,-1,-47
1756012256.3199446,-6,0,-36
1756012256.3579447,-3,-1,-46
1756012256.394945,0,4,-51
1756012256.4309447,0,6,-45
1756012256.4679446,4,-2,-53
1756012256.5059447,4,2,-62
1756012256.5439446,-2,0,-59
1756012256.5799446,-2,0,-40
1756012256.6179447,3,-1,-53
1756012256.6559446,-2,5,-43
1756012256.6949446,-6,-3,-42
1756012256.7309446,1,1,-52
1756012256.7689445,0,3,-51
1756012256.8069446,4,-5,-58
1756012256.8459446,7,-6,-62
1756012256.8839445,7,-3,-49
1756012256.9199443,10,-1,-52
1756012256.9569447,-2,-2,-46
1756012256.9959445,-4,-5,-42
1756012257.0339446,-4,-3,-50
1756012257.0699446,1,-8,-52
1756012257.108945,-5,2,-58
1756012257.1459446,-5,2,-58
1756012257.1849446,-5,-3,-65
1756012257.2209446,-3,4,-53
1756012257.2579446,-9,0,-53
1756012257.2959447,0,0,-60
1756012257.3339446,-1,-4,-53
1756012257.3699446,-1,2,-54
1756012257.4069445,-5,-3,-59
1756012257.4459443,-3,-6,-47
1756012257.483945,-7,-6,-51
1756012257.519945,-1,-2,-48
1756012257.5589447,-4,-4,-44
1756012257.5959446,0,-2,-54
1756012257.634945,-2,-9,-53
1756012257.6709447,5,-2,-45
1756012257.7089446,9,3,-56
1756012257.7459445,4,6,-52
1756012257.7819445,8,2,-49
1756012257.8189447,2,1,-52
1756012257.8559446,-1,3,-50
1756012257.894945,0,0,-49
1756012257.9309447,0,4,-59
1756012257.9699447,5,1,-53
1756012258.006945,0,6,-51
1756012258.0459447,0,1,-49
1756012258.0819447,0,-2,-46
1756012258.1189446,-1,-6,-48
1756012258.1569445,-5,-5,-42
1756012258.1959443,0,-9,-55
1756012258.2319446,2,-1,-47
1756012258.2689445,-3,-6,-57
1756012258.3069446,-6,2,-43
1756012258.3459446,4,5,-45
1756012258.381945,2,0,-57
1756012258.4199443,-3,-3,-49
1756012258.4569447,-5,6,-47
1756012258.4959445,-6,6,-56
1756012258.5319445,-1,-4,-47
1756012258.5699446,-1,-5,-55
1756012258.6079447,5,-4,-39
1756012258.6469443,10,-9,-50
1756012258.6849446,0,2,-54
1756012258.7209446,0,-3,-46
1756012258.7589445,8,3,-48
1756012258.7969446,0,-3,-57
1756012258.8349447,3,-3,-61
1756012258.8709445,5,-4,-62
1756012258.907945,0,-2,-48
1756012258.9469447,1,-5,-59
1756012258.9849446,-6,-3,-60
1756012259.0209446,0,-1,-53
1756012259.0579443,-1,0,-55
1756012259.0969446,-5,0,-53
1756012259.134945,-3,4,-49
1756012259.1709447,-7,-1,-45
1756012259.2089446,0,3,-49
1756012259.246945,0,6,-35
1756012259.2849443,5,1,-42
1756012259.3209443,5,5,-42
1756012259.3579447,-4,0,-51
1756012259.3969443,-8,-2,-54
1756012259.4349446,-9,-3,-54
1756012259.4709446,-4,-3,-60
1756012259.5089445,-14,-8,-58
1756012259.5469446,-6,-3,-47
1756012259.585945,-6,2,-53
1756012259.621945,-2,4,-52
1756012259.6599443,-3,-2,-53
1756012259.6989446,0,1,-55
1756012259.736945,0,0,-49
1756012259.7729447,2,4,-46
1756012259.8099446,1,-6,-46
1756012259.8479445,1,-2,-50
1756012259.8869443,-3,4,-48
1756012259.9229443,-6,3,-49
1756012259.9599447,-5,-6,-47
1756012259.9979446,-1,-2,-36
1756012260.0369446,-8,-1,-54
1756012260.0729446,1,-5,-55
1756012260.1099446,4,2,-50
1756012260.1479447,-1,6,-57
1756012260.1859446,-1,3,-53
1756012260.2219446,-5,0,-50
1756012260.259945,1,0,-61
1756012260.2979443,-1,8,-47
1756012260.335945,3,-1,-46
1756012260.371945,3,-3,-44
1756012260.4099443,5,-3,-57
1756012260.4489446,1,-1,-49
1756012260.486945,4,2,-48
1756012260.5229447,-1,-3,-52
1756012260.5609446,-2,0,-51
1756012260.598945,-4,1,-43
1756012260.6379447,-1,5,-46
1756012260.6759446,5,-2,-48
1756012260.7119446,-8,1,-54
1756012260.7489443,-5,6,-50
1756012260.7879446,-3,-1,-45
1756012260.825945,7,3,-48
1756012260.861945,5,2,-43
1756012260.8989446,0,0,-36
1756012260.9369447,2,-6,-41
1756012260.9729445,-1,-3,-41
1756012261.0109446,0,0,-39
1756012261.0489447,0,1,-48
1756012261.0869446,-4,-3,-47
1756012261.1239443,2,3,-43
1756012261.1609447,0,1,-52
1756012261.1989446,4,-5,-62
1756012261.236945,-4,-1,-61
1756012261.2729447,-5,0,-47
1756012261.3109446,-2,-2,-46
1756012261.348945,3,5,-61
1756012261.3869443,3,0,-50
1756012261.4229443,3,-1,-50
1756012261.460945,9,0,-61
1756012261.4989443,0,3,-46
1756012261.5369446,0,4,-43
1756012261.5729446,4,-2,-48
1756012261.6109445,0,0,-48
1756012261.6479447,0,-5,-49
1756012261.6869447,2,-4,-43
1756012261.7229445,-4,0,-43
1756012261.7609446,-1,-2,-45
1756012261.7989447,5,-1,-61
1756012261.8379445,0,3,-57
1756012261.8739443,-4,3,-60
1756012261.9109447,-1,0,-54
1756012261.9489446,0,-1,-51
1756012261.9879446,3,-7,-56
1756012262.0239446,1,-4,-51
1756012262.0609446,3,-8,-44
1756012262.098945,7,-3,-47
1756012262.1379447,0,-8,-52
1756012262.1739447,1,-6,-49
1756012262.210945,3,-6,-50
1756012262.2489443,3,-7,-48
1756012262.2879446,0,-9,-49
1756012262.3239446,1,-7,-55
1756012262.3699446,-1,-1,-50
1756012262.407945,1,0,-51
1756012262.4439447,-4,-1,-55
1756012262.4819446,1,3,-56
1756012262.5189445,-6,7,-52
1756012262.5579443,-1,2,-44
1756012262.5939443,1,0,-40
1756012262.6309447,-3,1,-43
1756012262.6689446,-7,0,-43
1756012262.7079446,2,-9,-53
1756012262.7439446,3,-11,-58
1756012262.7809446,2,-5,-57
1756012262.8189447,-2,0,-53
1756012262.8579447,3,-7,-51
1756012262.8939445,1,0,-57
1756012262.9309447,0,-2,-58
1756012262.9689443,1,0,-53
1756012263.0049446,1,1,-48
1756012263.0419445,1,-2,-46
1756012263.0799446,-6,-9,-40
1756012263.1189446,-2,-3,-50
1756012263.154945,0,1,-51
1756012263.1919446,1,-4,-57
1756012263.2309446,5,-5,-57
1756012263.2689445,0,-4,-51
1756012263.3049445,7,2,-52
1756012263.3419447,1,0,-44
1756012263.3789446,0,2,-51
1756012263.417945,-8,1,-60
1756012263.4539447,4,-1,-53
1756012263.4919446,5,-7,-48
1756012263.5309446,1,-1,-46
1756012263.5689447,1,2,-46
1756012263.6049447,0,-1,-43
1756012263.6419446,5,0,-43
1756012263.6799445,-3,-3,-50
1756012263.7179446,-2,0,-45
1756012263.7539446,-3,0,-50
1756012263.7919445,-1,-5,-54
1756012263.8309443,-4,-4,-44
1756012263.8689446,7,0,-45
1756012263.904945,7,0,-63
1756012263.9429443,4,-8,-55
1756012263.9799447,0,-5,-58
1756012264.0189445,0,-4,-55
1756012264.0549445,0,-6,-59
1756012264.0919447,0,-5,-45
1756012264.1299446,-3,-1,-60
1756012264.1689446,-1,-1,-50
1756012264.2049446,6,-1,-57
1756012264.2419446,1,0,-52
1756012264.2809446,3,0,-46
1756012264.3189447,1,0,-55
1756012264.3549447,3,1,-49
1756012264.3929446,3,5,-43
1756012264.4309447,-1,1,-49
1756012264.4689443,2,-6,-46
1756012264.5049446,3,3,-58
1756012264.542945,4,3,-55
1756012264.5809443,0,0,-51
1756012264.6189446,5,4,-56
1756012264.654945,5,3,-54
1756012264.6929443,8,0,-46
1756012264.7309446,-3,0,-52
1756012264.7689445,-2,-4,-50
1756012264.8049445,-5,-8,-53
1756012264.8429446,-1,-1,-50
1756012264.8809447,6,-2,-63
1756012264.9199443,2,5,-47
1756012264.9559443,-4,0,-45
1756012264.9939446,-7,-2,-47
1756012265.0319445,0,0,-46
1756012265.0699446,2,0,-49
1756012265.1059446,4,5,-44
1756012265.1429446,10,-1,-55
1756012265.1809447,4,0,-45
1756012265.2189443,-1,-2,-50
1756012265.2549446,-3,4,-55
1756012265.292945,0,1,-52
1756012265.3309443,-6,3,-52
1756012265.3689446,-12,-2,-54
1756012265.404945,1,4,-55
1756012265.4429443,-7,-4,-49
1756012265.4809446,0,-1,-50
1756012265.519945,-4,1,-45
1756012265.5559447,0,-1,-49
1756012265.5939443,-4,3,-56
1756012265.631945,2,-3,-42
1756012265.6709447,3,-2,-55
1756012265.7089446,5,4,-54
1756012265.7449446,8,2,-52
1756012265.7819445,0,-8,-58
1756012265.8209443,-2,1,-60
1756012265.858945,-8,-1,-61
1756012265.894945,0,1,-57
1756012265.9319446,-3,-3,-50
1756012265.9709446,-11,4,-56
1756012266.0089445,0,-1,-56
1756012266.0449443,-2,-5,-48
1756012266.0839446,-4,-2,-52
1756012266.1209445,1,-2,-55
1756012266.1599443,-1,1,-53
1756012266.1959443,-3,-1,-42
1756012266.233945,3,-1,-43
1756012266.2719443,0,1,-46
1756012266.3099446,3,10,-54
1756012266.3459446,5,-3,-55
1756012266.3839445,-1,-1,-48
1756012266.4219446,5,0,-43
1756012266.4599447,4,5,-54
1756012266.4959445,6,2,-43
1756012266.532945,5,8,-59
1756012266.5709443,10,7,-56
1756012266.6079447,3,1,-43
1756012266.644945,3,6,-44
1756012266.6819446,0,2,-63
1756012266.7199447,-5,0,-60
1756012266.7559447,1,-1,-62
1756012266.792945,-2,0,-59
1756012266.8319447,-2,0,-48
1756012266.8699446,-2,0,-51
1756012266.9059446,1,-8,-60
1756012266.9429443,-1,-3,-41
1756012266.9819446,0,-2,-47
1756012267.019945,0,-3,-46
1756012267.0559447,0,-7,-38
1756012267.0929446,0,-3,-40
1756012267.131945,0,-3,-49
1756012267.1699443,2,-4,-56
1756012267.2059443,5,-5,-52
1756012267.2429447,2,-11,-59
1756012267.2819445,0,-7,-52
1756012267.3199446,8,-7,-46
1756012267.3559446,6,-3,-59
1756012267.3929446,-1,0,-49
1756012267.4319446,-12,-3,-50
1756012267.4699447,-6,0,-48
1756012267.5059447,-5,2,-52
1756012267.542945,0,-2,-58
1756012267.5819447,-2,-2,-45
1756012267.6199446,0,0,-56
1756012267.6559446,1,-4,-51
1756012267.6929443,3,-1,-52
1756012267.7319446,0,-3,-44
1756012267.7679446,-5,-2,-42
1756012267.8059447,-4,2,-61
1756012267.8439443,-2,-5,-58
1756012267.881945,1,0,-49
1756012267.917945,2,1,-45
1756012267.9549446,0,0,-59
1756012267.9919446,0,7,-55
1756012268.0279446,0,-1,-53
1756012268.0669446,1,-7,-59
1756012268.1049447,-4,-3,-60
1756012268.1419446,-2,-4,-39
1756012268.1809447,-7,-6,-53
1756012268.2169447,6,-4,-55
1756012268.2549446,0,3,-63
1756012268.2919445,5,1,-55
1756012268.3279445,3,4,-48
1756012268.3659446,3,-1,-48
1756012268.4029446,1,-2,-52
1756012268.4419446,-2,0,-35
1756012268.4779446,-5,-4,-35
1756012268.5159447,-3,-4,-39
1756012268.5549445,0,-1,-49
1756012268.5929446,7,0,-56
1756012268.6309447,1,-2,-58
1756012268.6669445,-1,-10,-61
1756012268.7049446,-4,-5,-57
1756012268.7429447,-3,-2,-54
1756012268.7819445,-1,-4,-56
1756012268.8179443,0,1,-50
1756012268.8559446,4,5,-46
1756012268.8929446,2,4,-54
1756012268.9319446,5,-3,-60
1756012268.9679446,-2,2,-72
1756012269.0049446,0,0,-57
1756012269.042945,-3,-5,-58
1756012269.0809443,-2,7,-52
1756012269.1169446,-1,6,-51
1756012269.154945,-6,-1,-55
1756012269.1929443,-6,0,-54
1756012269.2309446,4,-1,-58
1756012269.2669446,10,-9,-54
1756012269.3049445,1,1,-49
1756012269.3429446,2,0,-54
1756012269.3809447,0,-1,-46
1756012269.4169445,3,3,-44
1756012269.4549446,9,0,-52
1756012269.4929447,8,2,-49
1756012269.5289447,5,-5,-58
1756012269.565945,0,-2,-52
1756012269.6049447,5,0,-57
1756012269.6429446,3,4,-50
1756012269.6789446,3,3,-51
1756012269.7159443,-1,2,-51
1756012269.7549446,7,4,-61
1756012269.792945,0,3,-50
1756012269.8289447,-2,-3,-62
1756012269.8669446,-1,4,-58
1756012269.904945,-6,-1,-42
1756012269.9429443,1,0,-54
1756012269.9819446,5,0,-44
1756012270.0179446,1,2,-41
1756012270.0549445,0,-3,-53
1756012270.0939443,-1,4,-64
1756012270.131945,1,-4,-44
1756012270.167945,-6,-7,-39
1756012270.2059443,3,-7,-53
1756012270.2439446,10,-4,-56
1756012270.282945,10,-1,-54
1756012270.3189447,5,0,-52
1756012270.3579447,-2,-2,-50
1756012270.3959446,3,-1,-54
1756012270.4339447,-3,-2,-59
1756012270.4719446,-1,-2,-51
1756012270.5079446,2,-5,-57
1756012270.5459447,7,3,-55
1756012270.5839446,-3,-4,-47
1756012270.621945,-4,-5,-42
1756012270.657945,-3,1,-49
1756012270.6959443,0,-2,-60
1756012270.733945,-1,-4,-61
1756012270.7719443,3,-6,-65
1756012270.8079443,1,-9,-61
1756012270.8459446,-1,-5,-55
1756012270.8839445,2,-5,-51
1756012270.9219446,-8,-7,-55
1756012270.9579446,-2,-6,-61
1756012270.9959445,6,-2,-55
1756012271.0339446,3,0,-60
1756012271.0699446,3,-1,-51
1756012271.1079447,-15,-6,-62
1756012271.1459446,-5,-2,-65
1756012271.1839447,-7,-7,-56
1756012271.2229445,0,-7,-47
1756012271.2589445,-1,-1,-60
1756012271.2969446,0,-5,-50
1756012271.3349447,-2,-6,-51
1756012271.3739443,0,2,-39
1756012271.4099443,4,-1,-53
1756012271.4489446,3,1,-53
1756012271.4859445,9,4,-51
1756012271.5239446,11,-4,-46
1756012271.5599446,9,-7,-55
1756012271.5969446,5,-3,-46
1756012271.634945,0,-1,-39
1756012271.6739447,0,1,-43
1756012271.7099447,0,4,-50
1756012271.7479446,3,2,-59
1756012271.7859447,-8,-5,-59
1756012271.8239446,-1,-5,-53
1756012271.8629446,4,-4,-44
1756012271.8989446,9,1,-38
1756012271.9359446,-2,-3,-53
1756012271.9749446,1,-2,-51
1756012272.0129447,-7,-1,-40
1756012272.0489447,-2,-2,-27
1756012272.0869446,0,3,-36
1756012272.1249447,-2,-1,-42
1756012272.1639447,0,-3,-45
1756012272.1999447,-3,-5,-53
1756012272.2379446,4,-7,-50
1756012272.2759447,3,-8,-36
1756012272.3149445,2,-1,-39
1756012272.3529446,-2,0,-52
1756012272.3969443,1,0,-57
1756012272.4349446,4,-3,-45
1756012272.4729445,3,-3,-42
1756012272.5089445,-1,0,-41
1756012272.5459447,2,-4,-56
1756012272.5849447,1,-2,-52
1756012272.6229446,-7,3,-53
1756012272.6589446,-1,5,-52
1756012272.6959443,-2,-2,-50
1756012272.7349446,-2,1,-48
1756012272.7709446,6,1,-43
1756012272.8079443,10,-5,-40
1756012272.8459446,2,-2,-56
1756012272.884945,3,-3,-54
1756012272.9209447,-3,-1,-59
1756012272.9589446,-3,-6,-49
1756012272.996945,-10,0,-45
1756012273.0359447,3,2,-54
1756012273.0739446,4,5,-62
1756012273.1099446,4,3,-61
1756012273.1469443,-6,-1,-54
1756012273.1859446,0,3,-50
1756012273.223945,0,-1,-55
1756012273.259945,-2,0,-51
1756012273.2979443,-5,0,-50
1756012273.335945,1,6,-50
1756012273.3739443,-9,0,-53
1756012273.4099443,-7,0,-57
1756012273.4469447,-2,-1,-50
1756012273.4859445,2,-2,-55
1756012273.5239446,0,-1,-63
1756012273.5599446,-6,-4,-59
1756012273.5979445,-6,6,-57
1756012273.6359446,0,1,-56
1756012273.6739447,4,0,-48
1756012273.7099447,-5,-2,-48
1756012273.7479446,-2,2,-54
1756012273.7859447,-4,-1,-56
1756012273.8249447,4,2,-49
1756012273.8609445,3,6,-48
1756012273.8979447,1,3,-55
1756012273.9359446,-1,-3,-49
1756012273.9749446,-1,-1,-52
1756012274.0109446,-1,-6,-53
1756012274.0489447,0,-3,-58
1756012274.0869446,2,-3,-62
1756012274.1259446,1,0,-52
1756012274.1639447,1,-4,-49
1756012274.1999447,-2,-9,-51
1756012274.2379446,0,1,-56
1756012274.2759447,1,-5,-60
1756012274.3139446,-1,3,-47
1756012274.3499446,-4,-1,-51
1756012274.3879447,-3,-3,-58
1756012274.4259446,-7,-8,-68
1756012274.4649446,0,-10,-56
1756012274.5009446,5,-7,-55
1756012274.5389447,0,-5,-56
1756012274.5769446,8,-3,-63
1756012274.6159446,2,2,-55
1756012274.6519446,7,8,-50
1756012274.6889446,3,0,-51
1756012274.7269447,1,0,-64
1756012274.7659447,-4,7,-63
1756012274.8019447,3,1,-62
1756012274.838945,0,10,-64
1756012274.8769443,0,11,-45
1756012274.9149446,0,3,-54
1756012274.950945,-4,5,-56
1756012274.9889443,3,3,-45
1756012275.0269446,0,12,-54
1756012275.065945,-4,6,-58
1756012275.1019447,-8,1,-69
1756012275.1409447,-7,1,-53
1756012275.177945,-7,3,-44
1756012275.2169447,-2,-2,-50
1756012275.2549446,1,2,-48
1756012275.2909446,-5,5,-40
1756012275.3279445,-2,0,-50
1756012275.3669446,5,-1,-49
1756012275.404945,3,-1,-46
1756012275.440945,-7,1,-55
1756012275.4779446,-8,0,-58
1756012275.5169446,0,3,-53
1756012275.5549445,-1,-1,-53
1756012275.5909443,0,0,-46
1756012275.6279447,-12,-6,-51
1756012275.6669445,-5,-2,-48
1756012275.7049446,-1,0,-46
1756012275.7409446,-3,3,-46
1756012275.7779446,-6,-1,-50
1756012275.8169446,5,-2,-48
1756012275.8549447,-5,1,-57
1756012275.8909447,-3,-1,-56
1756012275.9289446,-3,-2,-55
1756012275.9669447,-1,0,-62
1756012276.0059447,-4,-1,-60
1756012276.0419445,-9,0,-50
1756012276.0789447,-5,3,-51
1756012276.1169446,0,4,-55
1756012276.1559446,5,4,-55
1756012276.1919446,-5,2,-57
1756012276.2299447,3,0,-46
1756012276.2669446,4,-10,-53
1756012276.3059447,2,4,-51
1756012276.3419447,3,5,-46
1756012276.3789446,-2,0,-49
1756012276.4169445,-5,-7,-47
1756012276.4559443,-7,-8,-57
1756012276.4919446,0,-6,-45
1756012276.5289447,-1,0,-35
1756012276.5669446,4,-2,-51
1756012276.6059446,7,-4,-55
1756012276.6419446,6,-2,-59
1756012276.6799445,0,0,-50
1756012276.7169447,-11,4,-52
1756012276.7559447,-7,4,-49
1756012276.7919445,2,-3,-59
1756012276.8289447,4,0,-60
1756012276.8669446,-1,1,-55
1756012276.9029446,3,1,-54
1756012276.9399445,0,0,-43
1756012276.9789443,4,0,-37
1756012277.0169446,3,-8,-51
1756012277.052945,-4,-2,-51
1756012277.0909443,-1,-1,-49
1756012277.1289446,4,3,-46
1756012277.1669445,0,1,-34
1756012277.2039447,0,6,-52
1756012277.2409446,4,6,-54
1756012277.2789447,4,0,-54
1756012277.3169446,2,3,-62
1756012277.3539443,-1,0,-55
1756012277.3909447,-6,0,-52
1756012277.4289446,-3,0,-42
1756012277.4679446,1,0,-50
1756012277.5059447,-2,-6,-55
1756012277.5419445,4,-4,-56
1756012277.5789447,1,1,-49
1756012277.6169446,0,0,-58
1756012277.6529446,4,2,-54
1756012277.690945,-11,0,-47
1756012277.7289443,-5,-3,-57
1756012277.7669446,9,6,-55
1756012277.802945,-3,3,-45
1756012277.8399446,1,2,-47
1756012277.8779447,2,-3,-60
1756012277.9169445,-1,1,-67
1756012277.9529445,2,1,-61
1756012277.9899447,6,-8,-63
1756012278.0279446,7,-4,-54
1756012278.0669446,0,-3,-56
1756012278.1029446,-5,-4,-46
1756012278.1409447,5,0,-44
1756012278.177945,-1,-1,-51
1756012278.2169447,1,1,-52
1756012278.2529447,-11,2,-59
1756012278.2909446,-10,5,-54
1756012278.3289447,1,2,-47
1756012278.3669446,-7,3,-43
1756012278.4029446,-10,-1,-45
1756012278.440945,-7,-3,-45
1756012278.4789443,-2,0,-58
1756012278.5179446,2,9,-46
1756012278.5539446,-2,3,-54
1756012278.5919447,-6,0,-43
1756012278.6299446,-7,-3,-52
1756012278.6689446,-4,2,-56
1756012278.7069447,-3,7,-54
1756012278.7429447,0,0,-51
1756012278.779945,2,4,-47
1756012278.8189447,-3,10,-39
1756012278.8569446,-1,7,-43
1756012278.8929446,-3,0,-46
1756012278.9299445,1,0,-55
1756012278.9689443,1,1,-53
1756012279.006945,-4,0,-45
1756012279.042945,3,-3,-36
1756012279.0799446,-1,-7,-49
1756012279.1189446,-4,-3,-47
1756012279.1569445,-9,-8,-46
1756012279.1929443,-3,-12,-46
1756012279.2309446,0,0,-45
1756012279.2689445,4,7,-49
1756012279.3079443,0,1,-47
1756012279.3439443,6,0,-52
1756012279.3809447,8,2,-58
1756012279.4189446,4,2,-57
1756012279.4549446,1,-1,-47
1756012279.4919446,-1,2,-35
1756012279.529945,-2,6,-43
1756012279.5689447,-6,3,-45
1756012279.6049447,-7,0,-40
1756012279.6429446,0,-12,-42
1756012279.6809447,0,-2,-37
1756012279.7189443,0,0,-41
1756012279.7579446,0,0,-48
1756012279.7939446,-1,1,-51
1756012279.8319447,-5,-5,-50
1756012279.8699446,-4,-1,-60
1756012279.9089446,0,1,-57
1756012279.9449446,-2,1,-57
1756012279.9819446,-2,-9,-61
1756012280.0209446,5,2,-62
1756012280.0589447,-3,2,-52
1756012280.0949447,-10,4,-47
1756012280.131945,7,2,-55
1756012280.1699443,-1,4,-62
1756012280.2089446,0,1,-47
1756012280.2449446,3,0,-45
1756012280.2819445,-3,0,-51
1756012280.3199446,-8,0,-40
1756012280.358945,-2,0,-50
1756012280.394945,-10,0,-47
1756012280.4329443,-13,4,-61
1756012280.4719446,-2,6,-57
1756012280.509945,0,7,-47
1756012280.5479443,0,-3,-45
1756012280.5839446,4,-2,-49
1756012280.6209445,4,0,-57
1756012280.6599443,3,-6,-53
1756012280.6979446,-1,0,-41
1756012280.733945,-2,0,-52
1756012280.7709446,-7,1,-52
1756012280.8099446,-1,-1,-45
1756012280.8479445,-2,0,-45
1756012280.8839445,-6,6,-43
1756012280.9209447,-2,0,-50
1756012280.9599447,2,3,-51
1756012280.9979446,4,-2,-57
1756012281.0339446,6,0,-46
1756012281.0709443,9,0,-45
1756012281.108945,6,1,-53
1756012281.144945,0,-1,-49
1756012281.1829443,5,0,-57
1756012281.2209446,6,-2,-49
1756012281.259945,-2,0,-58
1756012281.2959447,2,1,-53
1756012281.3329446,-1,-2,-43
1756012281.3709445,2,6,-47
1756012281.4089446,1,-4,-51
1756012281.4449446,3,1,-55
1756012281.4829447,0,-4,-59
1756012281.5209446,-2,-4,-55
1756012281.5599446,0,-3,-58
1756012281.5959446,-1,-4,-61
1756012281.6339445,-2,-9,-61
1756012281.6729443,-1,-3,-61
1756012281.7099447,-8,0,-58
1756012281.7489443,-7,-1,-61
1756012281.7849443,-2,-2,-62
1756012281.8229446,4,2,-62
1756012281.8609445,4,-2,-50
1756012281.8989446,1,-3,-52
1756012281.9349446,1,0,-42
1756012281.9729445,1,0,-47
1756012282.0109446,4,-4,-60
1756012282.0489447,2,-2,-53
1756012282.0849447,3,4,-48
1756012282.1229446,1,0,-55
1756012282.1609447,-1,-3,-55
1756012282.1989446,-3,-6,-44
1756012282.2349446,0,-3,-59
1756012282.2729447,0,-1,-45
1756012282.3109446,-3,-12,-48
1756012282.348945,-1,-6,-58
1756012282.384945,1,-3,-55
1756012282.4309447,3,3,-50
1756012282.4689443,-1,2,-43
1756012282.5049446,-1,7,-44
1756012282.5419445,-3,-4,-54
1756012282.5809443,0,-1,-51
1756012282.6189446,2,0,-44
1756012282.654945,0,0,-35
1756012282.6919446,1,1,-46
1756012282.7309446,7,0,-49
1756012282.7689445,4,-7,-44
1756012282.8049445,6,3,-53
1756012282.8419447,4,10,-53
1756012282.8799446,5,1,-50
1756012282.9159446,1,0,-48
1756012282.9529445,0,1,-54
1756012282.9909446,4,1,-45
1756012283.0269446,4,5,-56
1756012283.0639446,-6,-1,-41
1756012283.1019447,3,-2,-46
1756012283.1409447,3,2,-60
1756012283.1769447,-4,-5,-48
1756012283.2149446,1,0,-59
1756012283.2519443,0,-3,-56
1756012283.2909446,-4,-5,-53
1756012283.3269446,0,-6,-59
1756012283.3649447,7,1,-48
1756012283.4019446,-3,5,-45
1756012283.440945,-2,-1,-35
1756012283.4769447,2,-3,-39
1756012283.5149446,0,-2,-49
1756012283.552945,-5,-7,-46
1756012283.5919447,6,-8,-59
1756012283.6299446,-1,2,-58
1756012283.6659446,1,0,-58
1756012283.7029445,3,0,-52
1756012283.7419446,0,-6,-50
1756012283.779945,-1,-6,-55
1756012283.815945,-2,-8,-51
1756012283.8539443,-5,-3,-45
1756012283.8919446,0,0,-56
1756012283.9299445,-2,-4,-52
1756012283.9669447,-2,-5,-56
1756012284.0039446,-4,2,-40
1756012284.0419445,0,0,-52
1756012284.0799446,-2,0,-53
1756012284.1159446,-5,2,-53
1756012284.1539447,-1,-9,-50
1756012284.1919446,5,-6,-53
1756012284.2309446,0,-2,-58
1756012284.2669446,0,-4,-58
1756012284.3039446,2,-6,-50
1756012284.3419447,-1,0,-35
1756012284.3809447,5,2,-52
1756012284.4169445,7,2,-43
1756012284.4539447,4,0,-40
1756012284.4919446,0,-1,-48
1756012284.5279446,-1,0,-47
1756012284.565945,-3,-3,-52
1756012284.6039443,1,-2,-54
1756012284.6419446,8,5,-59
1756012284.677945,-1,3,-52
1756012284.7149446,0,-6,-50
1756012284.7529447,5,-3,-47
1756012284.7919445,2,-6,-45
1756012284.8279445,3,-1,-54
1756012284.8649447,2,-2,-53
1756012284.9029446,5,2,-42
1756012284.940945,5,5,-43
1756012284.9769447,1,0,-54
1756012285.0149446,-1,2,-56
1756012285.0519447,1,-6,-49
1756012285.0909443,0,0,-42
1756012285.1269443,0,0,-56
1756012285.1639447,-6,0,-59
1756012285.2029445,-4,0,-52
1756012285.2409446,-4,-4,-49
1756012285.2769446,-1,-1,-54
1756012285.3149445,-2,-1,-55
1756012285.3529446,-5,-4,-53
1756012285.3919446,7,0,-50
1756012285.427945,2,2,-57
1756012285.4649446,3,2,-65
1756012285.5029447,4,0,-55
1756012285.5409446,3,0,-41
1756012285.5769446,0,5,-50
1756012285.6139443,-6,-1,-49
1756012285.6529446,3,-2,-54
1756012285.690945,0,-6,-54
1756012285.7269447,1,0,-41
1756012285.7649446,-3,7,-56
1756012285.802945,-2,3,-61
1756012285.8409443,-2,0,-57
1756012285.8769443,0,-1,-51
1756012285.9139447,-6,2,-42
1756012285.9529445,-1,2,-60
1756012285.9909446,-2,6,-59
1756012286.0269446,-3,6,-61
1756012286.0639446,-2,0,-49
1756012286.1029446,4,-4,-56
1756012286.1389446,4,-3,-52
1756012286.177945,-1,-5,-39
1756012286.2149446,-5,-5,-38
1756012286.2529447,-1,0,-59
1756012286.2919445,-1,0,-45
1756012286.3279445,-8,5,-54
1756012286.3649447,-5,3,-56
1756012286.4029446,-2,0,-54
1756012286.4419446,-2,-1,-61
1756012286.4779446,-1,-7,-61
1756012286.5159447,-1,-4,-58
1756012286.5539446,-1,0,-49
1756012286.5929446,-2,-1,-38
1756012286.6289446,5,1,-51
1756012286.6659446,3,-1,-44
1756012286.7039447,0,-5,-56
1756012286.7429447,-1,2,-46
1756012286.7789447,-11,7,-48
1756012286.8169446,0,1,-49
1756012286.8549447,1,3,-47
1756012286.8939445,1,0,-45
1756012286.9319446,3,-4,-44
1756012286.9679446,0,-1,-42
1756012287.0049446,3,-1,-51
1756012287.0439446,-2,-9,-48
1756012287.0819447,0,5,-42
1756012287.1179447,-1,4,-42
1756012287.154945,11,2,-38
1756012287.1939447,2,-1,-54
1756012287.2319446,-9,-1,-45
1756012287.2679446,-8,-5,-40
1756012287.3059447,-4,1,-47
1756012287.3449447,3,-2,-49
1756012287.3829446,3,-4,-49
1756012287.4189446,5,-5,-47
1756012287.4559443,-3,-5,-49
1756012287.4949446,1,-5,-55
1756012287.532945,-2,-5,-58
1756012287.5689447,7,1,-59
1756012287.6059446,-1,-8,-53
1756012287.644945,-7,0,-37
1756012287.6829443,-9,3,-40
1756012287.7189443,-4,3,-52
1756012287.7559447,-4,0,-37
1756012287.7949443,2,-6,-45
1756012287.8329446,-1,-2,-64
1756012287.8689446,-2,-5,-59
1756012287.907945,-3,1,-37
1756012287.9449446,3,0,-37
1756012287.9829447,0,-4,-38
1756012288.0189445,3,-8,-44
1756012288.0559447,-3,-7,-55
1756012288.0939443,0,3,-55
1756012288.1329446,-2,2,-60
1756012288.1689446,-2,0,-50
1756012288.2059443,-2,-5,-45
1756012288.2439446,2,1,-37
1756012288.282945,4,3,-50
1756012288.3189447,2,3,-51
1756012288.3559446,0,0,-42
1756012288.3939445,7,-3,-53
1756012288.4299445,6,-8,-62
1756012288.4679446,6,-3,-54
1756012288.5059447,0,-8,-49
1756012288.5449443,2,-4,-64
1756012288.5829446,-2,-4,-58
1756012288.6189446,-4,-5,-56
1756012288.657945,-2,0,-60
1756012288.6949446,-3,0,-51
1756012288.733945,-10,0,-48
1756012288.769945,-5,1,-57
1756012288.8079443,2,2,-59
1756012288.8449447,6,-5,-60
1756012288.8839445,3,-4,-54
1756012288.9199443,0,-3,-53
1756012288.9579446,4,-5,-45
1756012288.9949446,0,3,-45
1756012289.032945,-4,5,-46
1756012289.0689447,-8,-4,-56
1756012289.1069446,-1,-9,-55
1756012289.144945,-2,-1,-56
1756012289.1839447,3,1,-42
1756012289.2199447,-2,-3,-51
1756012289.2579446,-1,-4,-48
1756012289.2959447,4,0,-50
1756012289.3339446,0,-4,-32
1756012289.3699446,-2,0,-48
1756012289.407945,-6,3,-59
1756012289.4449446,0,-6,-52
1756012289.483945,5,0,-51
1756012289.519945,0,0,-54
1756012289.5579443,0,1,-55
1756012289.5949447,6,-2,-57
1756012289.6339445,-5,-4,-59
1756012289.6699443,-1,-4,-60
1756012289.7079446,-1,0,-47
1756012289.7459445,0,4,-48
1756012289.7839446,4,0,-54
1756012289.8199446,3,8,-63
1756012289.8579447,-6,1,-50
1756012289.894945,2,-3,-45
1756012289.9339447,-6,-3,-54
1756012289.9699447,4,-1,-54
1756012290.006945,0,4,-48
1756012290.0449443,-1,1,-59
1756012290.0839446,-2,-1,-55
1756012290.1199446,-2,3,-42
1756012290.1569445,4,1,-45
1756012290.1959443,1,5,-45
1756012290.233945,0,-3,-42
1756012290.269945,-4,-4,-44
1756012290.3079443,2,0,-55
1756012290.3459446,4,0,-60
1756012290.3839445,3,0,-55
1756012290.4199443,0,4,-54
1756012290.4569447,-3,0,-51
1756012290.4959445,5,-3,-49
1756012290.5339446,6,-5,-42
1756012290.5699446,5,-2,-52
1756012290.6069446,5,4,-64
1756012290.644945,1,1,-63
1756012290.6809447,1,-2,-53
1756012290.7189443,-3,0,-49
1756012290.756945,-3,-3,-57
1756012290.7959447,-2,-5,-52
1756012290.8339446,-4,3,-47
1756012290.8699446,-4,4,-51
1756012290.9069445,-5,0,-50
1756012290.9459443,0,-6,-51
1756012290.983945,4,-4,-49
1756012291.019945,-3,-9,-50
1756012291.0579443,2,-2,-55
1756012291.0959446,-4,0,-49
1756012291.134945,0,3,-55
1756012291.1709447,-7,-4,-54
1756012291.2089446,-1,0,-51
1756012291.246945,-2,0,-47
1756012291.2859447,6,-1,-43
1756012291.3219447,-3,-4,-48
1756012291.3599446,-6,0,-52
1756012291.3979447,-2,3,-58
1756012291.4369447,0,-6,-48
1756012291.4749446,0,-5,-38
1756012291.5109446,3,0,-42
1756012291.5479443,0,-3,-50
1756012291.585945,7,0,-57
1756012291.6249447,0,-2,-49
1756012291.6609447,-3,0,-47
1756012291.6979446,-3,2,-51
1756012291.7359445,7,4,-56
1756012291.7749443,0,4,-41
1756012291.8109446,-1,0,-48
1756012291.8479445,2,7,-52
1756012291.8869443,-9,5,-58
1756012291.9249446,-8,2,-54
1756012291.960945,-8,8,-52
1756012291.9989443,-8,6,-45
1756012292.0369446,-8,7,-60
1756012292.0749447,2,1,-56
1756012292.1109445,4,-3,-41
1756012292.1489446,-2,4,-50
1756012292.1869447,1,0,-51
1756012292.2249446,-6,-2,-45
1756012292.2619443,-4,-2,-51
1756012292.2989447,0,-2,-47
1756012292.3369446,1,-5,-48
1756012292.3759446,4,2,-51
1756012292.4119446,3,2,-48
1756012292.4579446,-7,8,-67
1756012292.4959445,-6,0,-64
1756012292.5319445,-3,-6,-46
1756012292.5709443,-6,-6,-41
1756012292.608945,-8,-4,-56
1756012292.6469443,0,-2,-55
1756012292.6849446,1,7,-64
1756012292.7209446,-2,4,-52
1756012292.7579446,-4,0,-55
1756012292.7969446,-4,0,-51
1756012292.8329446,-2,5,-37
1756012292.8709445,-8,0,-48
1756012292.907945,0,0,-51
1756012292.9459443,0,-5,-55
1756012292.9819446,2,-4,-44
1756012293.019945,3,-1,-50
1756012293.0579443,0,-8,-53
1756012293.0969446,1,-12,-46
1756012293.1329446,-7,-2,-45
1756012293.1709447,-4,0,-44
1756012293.2089446,1,0,-46
1756012293.246945,0,0,-48
1756012293.282945,8,5,-49
1756012293.3199446,4,6,-58
1756012293.3569446,-3,0,-57
1756012293.3959446,-3,-2,-47
1756012293.4319446,-11,-2,-46
1756012293.4709446,2,3,-52
1756012293.5079446,0,0,-40
1756012293.5469446,0,2,-48
1756012293.5829446,1,-2,-48
1756012293.6209445,-2,-4,-53
1756012293.6599443,3,-8,-51
1756012293.6979446,0,-3,-39
1756012293.7359445,0,-3,-50
1756012293.7719443,-4,3,-47
1756012293.8099446,2,-4,-39
1756012293.8479445,-6,0,-48
1756012293.8859446,-8,-3,-48
1756012293.9219446,-10,-2,-47
1756012293.9599447,-6,-1,-42
1756012293.9979446,2,-4,-58
1756012294.0369446,3,-4,-53
1756012294.0729446,-2,0,-50
1756012294.1099446,3,3,-50
1756012294.1479447,1,3,-51
1756012294.1859446,3,-5,-60
1756012294.2219446,5,0,-50
1756012294.2589445,0,4,-40
1756012294.2979443,0,-2,-50
1756012294.335945,2,-2,-61
1756012294.371945,-4,-2,-43
1756012294.4099443,-2,0,-54
1756012294.4479446,-1,-11,-47
1756012294.486945,0,-3,-43
1756012294.5229447,-4,-5,-41
1756012294.5609446,4,5,-47
1756012294.598945,3,0,-53
1756012294.6379447,4,3,-53
1756012294.6739447,-2,0,-47
1756012294.710945,-1,-3,-52
1756012294.7489443,2,2,-63
1756012294.7879446,3,-2,-59
1756012294.8239446,-3,4,-51
1756012294.8609445,1,-1,-52
1756012294.8989446,-2,-5,-55
1756012294.937945,-1,0,-41
1756012294.973945,-5,-4,-42
1756012295.0119443,1,-1,-47
1756012295.0499446,-4,2,-52
1756012295.0879445,1,3,-51
1756012295.1269443,7,3,-56
1756012295.1629446,-1,3,-62
1756012295.1999447,-3,5,-55
1756012295.2389443,-4,0,-50
1756012295.2769446,-1,3,-44
1756012295.312945,0,4,-50
1756012295.3509445,4,2,-44
1756012295.3889446,5,3,-53
1756012295.4269447,1,-2,-48
1756012295.4629445,0,2,-57
1756012295.4999447,1,-1,-58
1756012295.5389447,-1,3,-55
1756012295.5769446,1,2,-62
1756012295.6129446,7,0,-54
1756012295.6509447,2,-1,-48
1756012295.6889446,-3,-1,-57
1756012295.7279446,-6,-6,-55
1756012295.7639446,-4,-2,-63
1756012295.8019447,1,0,-51
1756012295.838945,0,-6,-56
1756012295.8779447,3,0,-58
1756012295.9139447,4,0,-55
1756012295.950945,-8,2,-45
1756012295.9899447,-3,0,-57
1756012296.0279446,-7,-1,-47
1756012296.0639446,-5,-2,-41
1756012296.1029446,-1,-2,-47
1756012296.1399446,3,-1,-40
1756012296.1789446,-4,0,-59
1756012296.2149446,0,7,-49
1756012296.2519443,-8,0,-65
1756012296.2899446,0,-6,-51
1756012296.3289447,1,-3,-55
1756012296.3649447,8,-3,-64
1756012296.4019446,9,0,-44
1756012296.4399445,0,0,-58
1756012296.4779446,-4,-2,-62
1756012296.5139446,-6,-2,-63
1756012296.5519447,-8,2,-46
1756012296.5899446,-5,6,-47
1756012296.6289446,-8,1,-55
1756012296.6649446,-1,0,-51
1756012296.7019446,0,0,-51
1756012296.7399447,5,0,-55
1756012296.7779446,-2,0,-58
1756012296.8139446,-2,2,-54
1756012296.8519447,-7,0,-52
1756012296.8899446,0,-2,-57
1756012296.9289446,-5,-2,-59
1756012296.9649446,-2,-4,-53
1756012297.0029447,3,0,-52
1756012297.0399446,4,-2,-56
1756012297.0789447,1,-2,-51
1756012297.1149447,-1,-1,-49
1756012297.1529446,5,-1,-49
1756012297.190945,6,1,-55
1756012297.2289443,1,-2,-50
1756012297.2649446,0,0,-51
1756012297.3019447,4,-4,-49
1756012297.3399446,-5,-3,-50
1756012297.3789446,-5,6,-47
1756012297.4149446,-6,3,-53
1756012297.4519446,2,0,-48
1756012297.4899447,0,2,-55
1756012297.5279446,0,1,-44
1756012297.5639446,0,9,-54
1756012297.6019447,-1,1,-55
1756012297.6399446,-1,4,-58
1756012297.6789446,5,-4,-50
1756012297.7149446,1,1,-36
1756012297.7519443,1,6,-37
1756012297.7899446,-1,3,-51
1756012297.825945,-3,5,-58
1756012297.8629446,-2,-5,-56
1756012297.9009447,0,-3,-47
1756012297.9399445,5,1,-50
1756012297.9759445,-3,1,-46
1756012298.0129447,-5,-4,-53
1756012298.0509446,3,-3,-53
1756012298.0899446,0,-1,-64
1756012298.1259446,0,-4,-58
1756012298.1629446,-2,1,-57
1756012298.200945,-4,-4,-48
1756012298.2399447,0,-9,-46
1756012298.2759447,-1,-2,-45
1756012298.3139446,-3,-3,-47
1756012298.3519447,-3,-1,-62
1756012298.3909447,0,-4,-50
1756012298.4289446,-1,0,-49
1756012298.4649446,-4,-10,-52
1756012298.5029447,-2,-4,-62
1756012298.5409446,-3,-1,-63
1756012298.5799446,-1,-4,-49
1756012298.6159446,1,0,-68
1756012298.6529446,-3,-3,-51
1756012298.690945,-1,3,-47
1756012298.7299447,-6,10,-52
1756012298.7659447,-2,8,-47
1756012298.802945,0,2,-51
1756012298.8409443,-5,-2,-53
1756012298.8789446,-6,-1,-51
1756012298.9159446,-9,-2,-54
1756012298.9529445,-6,-9,-49
1756012298.9919446,-4,-1,-38
1756012299.029945,-2,-5,-59
1756012299.065945,0,-4,-52
1756012299.1049447,5,-2,-43
1756012299.1419446,0,3,-41
1756012299.1799445,-4,9,-52
1756012299.2159443,-8,4,-51
1756012299.2529447,-6,-5,-48
1756012299.2909446,-8,-3,-54
1756012299.3299446,-2,4,-52
1756012299.3659446,1,4,-47
1756012299.4029446,-3,0,-50
1756012299.4419446,1,2,-45
1756012299.4799447,-3,8,-46
1756012299.5159447,0,7,-50
1756012299.552945,-7,2,-50
1756012299.5919447,-5,-1,-51
1756012299.6299446,-1,0,-59
1756012299.6659446,-6,-7,-57
1756012299.7039447,-1,-2,-51
1756012299.7419446,-1,2,-56
1756012299.7809446,1,-4,-55
1756012299.8169446,-1,-2,-48
1756012299.8549447,0,5,-41
1756012299.8919446,-7,2,-42
1756012299.9309447,1,0,-45
1756012299.9669447,-1,1,-50
1756012300.0049446,-3,1,-41
1756012300.0419445,-1,0,-45
1756012300.0809443,3,-3,-49
1756012300.1169446,0,1,-57
1756012300.1539447,0,-7,-56
1756012300.1919446,7,-4,-49
1756012300.2309446,6,-5,-46
1756012300.2669446,7,0,-53
1756012300.3039446,0,0,-58
1756012300.3419447,8,-4,-54
1756012300.3799446,3,-8,-57
1756012300.4159446,-4,-3,-55
1756012300.4539447,5,-3,-55
1756012300.4929447,3,0,-66
1756012300.5309446,-5,-1,-61
1756012300.5669446,-3,1,-51
1756012300.6039443,1,2,-47
1756012300.6419446,2,-6,-51
1756012300.6799445,1,-2,-43
1756012300.7159443,4,-3,-46
1756012300.7539446,2,-6,-44
1756012300.7919445,-4,-3,-47
1756012300.8309443,0,-1,-61
1756012300.8669446,0,-3,-52
1756012300.9039447,-4,-3,-46
1756012300.9419446,-7,-1,-45
1756012300.9809446,-1,-5,-59
1756012301.0169446,-5,-7,-52
1756012301.0549445,-2,1,-47
1756012301.0929446,0,8,-53
1756012301.1309447,7,4,-53
1756012301.1669445,5,0,-54
1756012301.2039447,4,2,-55
1756012301.2419446,-4,0,-56
1756012301.2809446,0,4,-51
1756012301.3169446,0,0,-56
1756012301.3539443,-1,4,-58
1756012301.3919446,2,-3,-65
1756012301.4309447,6,0,-63
1756012301.4669447,-5,-3,-59
1756012301.5049446,-2,-1,-43
1756012301.542945,-3,-7,-55
1756012301.5819447,-2,-6,-58
1756012301.6179447,-1,0,-57
1756012301.654945,9,-4,-44
1756012301.6929443,2,4,-48
1756012301.7319446,8,6,-41
1756012301.7679446,6,5,-34
1756012301.8049445,4,0,-40
1756012301.8429446,2,-2,-38
1756012301.8809447,-4,-6,-38
1756012301.9169445,0,-4,-44
1756012301.9539447,1,-3,-53
1756012301.9929447,0,-3,-54
1756012302.0309446,5,-1,-51
1756012302.0669446,1,-3,-52
1756012302.1039443,1,-4,-56
1756012302.1429446,3,-3,-50
1756012302.1809447,7,2,-57
1756012302.2169447,0,4,-63
1756012302.2539446,-1,0,-43
1756012302.292945,-2,0,-44
1756012302.3309443,-7,-4,-59
1756012302.3669446,-4,-6,-48
1756012302.4059446,-8,-4,-52
1756012302.4429443,-1,-4,-56
1756012302.486945,-2,-2,-55
1756012302.5249443,-4,-1,-53
1756012302.562945,-10,2,-52
1756012302.6019447,-5,1,-45
1756012302.6379447,2,-2,-35
1756012302.6749446,2,0,-57
1756012302.7129445,-3,0,-59
1756012302.7509446,-2,-6,-46
1756012302.7869446,1,-5,-45
1756012302.8239446,1,2,-45
1756012302.861945,-1,1,-39
1756012302.8979447,-4,0,-36
1756012302.9349446,2,0,-44
1756012302.9729445,4,0,-38
1756012303.0089445,4,5,-48
1756012303.0459447,-4,5,-49
1756012303.0839446,-7,0,-46
1756012303.1229446,-1,0,-37
1756012303.1589446,0,0,-32
1756012303.1959443,4,-1,-42
1756012303.233945,1,0,-44
1756012303.2719443,1,0,-40
1756012303.3079443,-1,-4,-45
1756012303.3459446,-5,-5,-46
1756012303.3839445,-4,0,-58
1756012303.4229443,-3,0,-47
1756012303.4589446,1,0,-49
1756012303.4959445,-5,-1,-51
1756012303.5339446,0,0,-48
1756012303.5729446,7,1,-58
1756012303.608945,4,3,-57
1756012303.6459446,6,2,-49
1756012303.6839447,8,0,-59
1756012303.7219446,0,9,-58
1756012303.7579446,-4,2,-49
1756012303.7959447,-4,2,-48
1756012303.8339446,-1,10,-55
1756012303.8729446,3,0,-50
1756012303.9089446,1,1,-54
1756012303.9459443,-1,-3,-56
1756012303.983945,3,-5,-56
1756012304.0229447,-1,-10,-52
1756012304.0589447,0,-4,-61
1756012304.0969446,-1,-4,-47
1756012304.134945,0,1,-40
1756012304.1729443,-1,1,-49
1756012304.2089446,0,-1,-49
1756012304.2459445,-3,0,-48
1756012304.2839446,-6,-1,-48
1756012304.3229446,-3,1,-44
1756012304.358945,-2,0,-56
1756012304.3959446,-5,0,-54
1756012304.4339447,-1,2,-53
1756012304.4729445,3,-4,-46
1756012304.5089445,-2,-5,-45
1756012304.5469446,-5,-2,-48
1756012304.5849447,-9,2,-47
1756012304.6239443,-5,-3,-60
1756012304.6599443,0,0,-49
1756012304.6969447,-2,0,-53
1756012304.7349446,-1,8,-63
1756012304.7739446,0,2,-49
1756012304.8099446,-2,3,-60
1756012304.8469446,-1,5,-58
1756012304.884945,6,-4,-52
1756012304.9239447,6,-1,-58
1756012304.9599447,-1,0,-57
1756012304.996945,-3,0,-50
1756012305.0349443,-4,2,-56
1756012305.0739446,-6,0,-42
1756012305.1099446,-2,4,-56
1756012305.1479447,3,2,-45
1756012305.1849446,8,1,-54
1756012305.2229445,0,-8,-50
1756012305.2589445,-3,-4,-47
1756012305.2969446,-7,-7,-41
1756012305.3349447,0,-6,-47
1756012305.3739443,2,-4,-56
1756012305.4099443,-2,0,-53
1756012305.4469447,0,4,-46
1756012305.4849446,1,3,-52
1756012305.5229447,-1,-6,-50
1756012305.5589447,-4,-4,-42
1756012305.5969446,-2,-6,-46
1756012305.634945,0,-10,-50
1756012305.6739447,-7,-7,-58
1756012305.7099447,-2,-4,-60
1756012305.7479446,3,0,-54
1756012305.7849443,0,7,-61
1756012305.8239446,-7,-3,-56
1756012305.8599446,-4,1,-57
1756012305.8969443,4,1,-49
1756012305.9349446,0,3,-51
1756012305.9729445,4,2,-55
1756012306.0089445,-1,5,-52
1756012306.0459447,10,7,-43
1756012306.0849447,8,-2,-51
1756012306.1229446,2,4,-58
1756012306.1589446,-3,2,-64
1756012306.1959443,6,3,-53
1756012306.2349446,2,1,-40
1756012306.2709446,-4,1,-45
1756012306.3089447,-4,-2,-42
1756012306.3469446,-2,-10,-42
1756012306.3859446,-1,-8,-46
1756012306.4239447,-3,-3,-51
1756012306.4599447,0,-4,-50
1756012306.4979446,0,-4,-55
1756012306.5359447,0,-2,-49
1756012306.5749447,0,-2,-50
1756012306.6109445,3,-4,-49
1756012306.6479447,8,-3,-61
1756012306.6859446,8,-7,-56
1756012306.7249446,2,-3,-56
1756012306.7609446,-1,3,-53
1756012306.7979443,-1,3,-41
1756012306.835945,-3,0,-49
1756012306.8749447,-1,-1,-54
1756012306.9109447,0,1,-55
1756012306.9479446,-3,-6,-53
1756012306.9859445,5,0,-56
1756012307.0249443,-1,-4,-57
1756012307.0609446,5,-12,-57
1756012307.0979445,-2,-9,-48
1756012307.1369443,3,-2,-56
1756012307.1749446,0,6,-57
1756012307.210945,-3,2,-61
1756012307.2479446,0,2,-59
1756012307.2869446,-2,0,-66
1756012307.3249447,3,1,-64
1756012307.3609445,0,-3,-60
1756012307.3989446,1,-10,-45
1756012307.4369447,0,0,-46
1756012307.4759445,-6,0,-45
1756012307.5139446,-2,-1,-44
1756012307.5499446,-1,-4,-47
1756012307.5879445,-5,5,-48
1756012307.6269443,-3,10,-38
1756012307.6649446,-2,0,-37
1756012307.700945,-4,-3,-38
1756012307.7389443,-5,8,-60
1756012307.7769446,-5,3,-65
1756012307.815945,-5,1,-58
1756012307.8519447,-8,-4,-55
1756012307.8909447,-6,-4,-60
1756012307.9289446,1,0,-59
1756012307.9659443,4,0,-48
1756012308.0049446,1,1,-41
1756012308.0409446,0,0,-45
1756012308.0789447,0,4,-57
1756012308.1159446,0,-2,-61
1756012308.154945,-8,4,-60
1756012308.190945,0,2,-67
1756012308.2289443,-7,-1,-51
1756012308.2659447,0,-4,-46
1756012308.3049445,-1,2,-48
1756012308.3409443,1,0,-36
1756012308.3789446,-2,0,-46
1756012308.4159446,0,3,-37
1756012308.4519446,0,3,-42
1756012308.4899447,-5,5,-49
1756012308.5279446,-1,8,-48
1756012308.5669446,0,2,-41
1756012308.6049447,-4,-3,-48
1756012308.6409447,4,0,-65
1756012308.677945,-2,5,-52
1756012308.7169447,0,-1,-60
1756012308.7549446,1,-5,-55
1756012308.7909446,-7,0,-56
1756012308.8279445,-4,6,-51
1756012308.8669446,1,0,-47
1756012308.904945,2,2,-47
1756012308.940945,0,5,-48
1756012308.9779446,-6,0,-45
1756012309.0169446,-3,-6,-41
1756012309.0549445,-8,-1,-47
1756012309.0909443,-3,-2,-57
1756012309.1299446,-1,-1,-48
1756012309.1669445,4,-4,-44
1756012309.2059443,-5,-6,-46
1756012309.2419446,-12,-3,-57
1756012309.279945,-4,1,-59
1756012309.3179443,-1,-2,-52
1756012309.3569446,-8,-1,-51
1756012309.394945,-1,-14,-42
1756012309.4309447,0,-9,-45
1756012309.4679446,-7,-6,-43
1756012309.506945,-2,-1,-42
1756012309.542945,0,-4,-55
1756012309.5799446,-4,-2,-64
1756012309.6179447,-5,-5,-64
1756012309.6569445,-3,-2,-59
1756012309.6929443,1,0,-36
1756012309.7299447,2,2,-42
1756012309.7679446,1,0,-50
1756012309.8059447,2,-3,-49
1756012309.8419447,0,-5,-58
1756012309.8789446,-5,-6,-47
1756012309.9169445,-8,-4,-52
1756012309.9559443,1,0,-58
1756012309.9919446,2,1,-53
1756012310.0289447,7,1,-50
1756012310.0669446,-2,5,-47
1756012310.1029446,-2,4,-53
1756012310.1399446,-1,-1,-52
1756012310.177945,-4,-5,-55
1756012310.2169447,-2,-2,-46
1756012310.2529447,2,-7,-59
1756012310.2899446,4,-4,-54
1756012310.3279445,3,0,-48
1756012310.3669446,0,2,-46
1756012310.4029446,-1,-1,-46
1756012310.440945,-4,-5,-34
1756012310.4789443,1,-2,-51
1756012310.5179446,1,0,-50
1756012310.5559447,0,-2,-52
1756012310.5919447,6,0,-61
1756012310.6299446,2,0,-54
1756012310.667945,3,0,-57
1756012310.7059443,-1,0,-51
1756012310.7419446,2,3,-45
1756012310.779945,5,0,-55
1756012310.8179443,5,-5,-56
1756012310.8559446,13,-9,-49
1756012310.8919446,-2,-5,-54
1756012310.9299445,1,-2,-49
1756012310.9689443,-3,2,-48
1756012311.006945,1,-3,-53
1756012311.042945,7,2,-50
1756012311.0799446,0,0,-56
1756012311.1179447,0,0,-49
1756012311.1539447,4,-1,-52
1756012311.190945,2,0,-52
1756012311.2289443,-12,8,-51
1756012311.2679446,3,1,-55
1756012311.3039446,-2,4,-56
1756012311.3409443,-2,-1,-50
1756012311.3789446,-1,-6,-46
1756012311.417945,-4,4,-47
1756012311.4539447,2,0,-53
1756012311.4909446,3,0,-47
1756012311.5279446,1,0,-50
1756012311.5669446,1,10,-53
1756012311.6029446,-6,3,-62
1756012311.6399446,-3,0,-44
1756012311.677945,-4,3,-45
1756012311.7169447,-7,-1,-51
1756012311.7529447,-4,-5,-54
1756012311.7909446,3,0,-56
1756012311.8289447,1,-1,-51
1756012311.8669446,1,0,-56
1756012311.9029446,-3,1,-51
1756012311.9399445,0,3,-54
1756012311.9779446,4,2,-49
1756012312.0149446,4,2,-56
1756012312.052945,2,6,-44
1756012312.0899446,4,10,-42
1756012312.1279447,2,2,-46
1756012312.1639447,-4,6,-53
1756012312.2019446,-2,-1,-52
1756012312.2399447,-1,0,-46
1756012312.2789447,3,-3,-49
1756012312.3169446,0,-8,-52
1756012312.3529446,4,0,-47
1756012312.3899446,0,2,-40
1756012312.427945,1,-1,-51
1756012312.463945,2,0,-41
1756012312.509945,3,3,-43
1756012312.5479443,1,4,-57
1756012312.5839446,1,1,-53
1756012312.6209445,3,0,-42
1756012312.6589446,0,-4,-43
1756012312.6969447,-10,-7,-57
1756012312.7329447,-6,-9,-60
1756012312.7709446,-3,-2,-62
1756012312.8099446,-9,0,-60
1756012312.8479445,2,-2,-52
1756012312.8839445,0,-2,-44
1756012312.9219446,6,-7,-47
1756012312.9599447,-2,-2,-53
1756012312.9989443,-4,1,-44
1756012313.0349443,-9,1,-52
1756012313.0729446,-2,2,-50
1756012313.1109445,3,3,-61
1756012313.1489446,-1,-6,-50
1756012313.1849446,-1,-4,-44
1756012313.2229445,-7,-6,-45
1756012313.2609446,-5,-4,-48
1756012313.2989447,-5,-4,-51
1756012313.3379445,-3,0,-55
1756012313.3739443,-2,-1,-64
1756012313.4119446,-5,-7,-55
1756012313.4499447,-5,-2,-58
1756012313.4889443,3,-4,-46
1756012313.5249443,1,-2,-49
1756012313.5619447,-4,-1,-55
1756012313.6009445,-7,0,-51
1756012313.6389446,0,-3,-50
1756012313.6749446,-11,-1,-56
1756012313.713945,-6,4,-56
1756012313.7509446,-5,-6,-50
1756012313.7899446,2,-1,-47
1756012313.8279445,10,3,-43
1756012313.8639443,5,3,-48
1756012313.9009447,-1,3,-52
1756012313.9399445,-4,-5,-51
1756012313.9779446,-7,-3,-47
1756012314.0139446,1,-3,-51
1756012314.0519447,7,-1,-49
1756012314.0899446,1,3,-57
1756012314.1289446,0,-1,-45
1756012314.1649446,-3,-3,-45
1756012314.2029445,-8,-7,-49
1756012314.2409446,0,-3,-46
1756012314.279945,-1,-8,-56
1756012314.3179443,-1,1,-52
1756012314.3539443,1,0,-43
1756012314.3909447,0,4,-43
1756012314.4289446,2,0,-42
1756012314.4649446,-2,0,-48
1756012314.5019443,4,4,-43
1756012314.5399446,0,5,-52
1756012314.575945,6,4,-50
1756012314.6129446,4,3,-48
1756012314.6509447,3,-2,-49
1756012314.6899445,0,-7,-48
1756012314.7259445,-3,0,-45
1756012314.7629447,1,0,-55
1756012314.8009446,-4,-2,-45
1756012314.838945,3,-4,-35
1756012314.8749447,4,-6,-45
1756012314.9129446,2,0,-50
1756012314.9499447,0,1,-37
1756012314.9889443,-1,6,-49
1756012315.0249443,-9,2,-59
1756012315.062945,-7,0,-60
1756012315.1009445,-8,-1,-48
1756012315.1399446,1,0,-58
1756012315.1759446,-1,0,-58
1756012315.2149446,-2,-5,-55
1756012315.2519443,0,0,-51
1756012315.2899446,-1,2,-52
1756012315.325945,4,1,-58
1756012315.3629446,0,-3,-54
1756012315.4009447,3,-5,-61
1756012315.4399445,5,-1,-46
1756012315.4759445,-2,-1,-51
1756012315.5139446,2,-9,-52
1756012315.552945,0,0,-36
1756012315.5909443,0,-2,-44
1756012315.6289446,-4,-2,-50
1756012315.6649446,-5,3,-41
1756012315.7019446,-3,3,-46
1756012315.7409446,0,5,-42
1756012315.7789447,5,2,-39
1756012315.8149445,3,5,-47
1756012315.8519447,6,1,-55
1756012315.8909447,3,-1,-46
1756012315.9289446,1,-7,-41
1756012315.9649446,1,-11,-49
1756012316.0019443,4,2,-57
1756012316.0399446,1,7,-56
1756012316.075945,-2,0,-49
1756012316.1139443,-6,-6,-55
1756012316.1519446,4,-2,-59
1756012316.190945,3,-4,-56
1756012316.2269447,10,-5,-49
1756012316.2659447,5,0,-48
1756012316.302945,5,-1,-58
1756012316.3409443,0,0,-52
1756012316.3769443,0,-4,-61
1756012316.4159446,0,-2,-47
1756012316.4539447,0,2,-52
1756012316.4909446,-1,0,-42
1756012316.529945,4,-2,-51
1756012316.565945,6,1,-49
1756012316.6039443,-1,4,-49
1756012316.6409447,-1,-2,-51
1756012316.6799445,0,0,-58
1756012316.7159443,-3,1,-68
1756012316.7529447,0,-3,-54
1756012316.7909446,0,-6,-42
1756012316.8299446,0,-8,-51
1756012316.8659446,0,0,-55
1756012316.9029446,-4,3,-50
1756012316.9419446,-4,1,-34
1756012316.9799447,3,2,-45
1756012317.0159447,3,-4,-57
1756012317.052945,-1,-6,-50
1756012317.0919447,4,-2,-41
1756012317.1299446,2,-4,-56
1756012317.1659446,9,-4,-51
1756012317.2029445,-5,-3,-50
1756012317.2419446,0,-2,-45
1756012317.279945,-9,0,-58
1756012317.315945,-2,0,-47
1756012317.3529446,2,0,-40
1756012317.3909447,0,0,-35
1756012317.4269447,-2,1,-41
1756012317.4649446,0,-2,-47
1756012317.5029447,-5,-3,-45
1756012317.5419445,0,0,-57
1756012317.5799446,-5,8,-65
1756012317.6159446,-3,1,-57
1756012317.6529446,-1,-1,-56
1756012317.6919446,6,-6,-45
1756012317.7299447,-4,-4,-46
1756012317.7669446,6,-6,-54
1756012317.8039446,3,1,-46
1756012317.8419447,-7,0,-39
1756012317.8809447,0,1,-53
1756012317.9169445,0,0,-51
1756012317.9539447,-5,-2,-43
1756012317.9919446,-6,-3,-46
1756012318.0309446,0,-1,-47
1756012318.0669446,-3,2,-46
1756012318.1049447,0,3,-52
1756012318.1419446,-3,-2,-55
1756012318.1809447,-6,2,-59
1756012318.2169447,0,4,-52
1756012318.2549446,0,3,-44
1756012318.2919445,0,-5,-52
1756012318.3309443,2,0,-45
1756012318.3669446,0,-3,-44
1756012318.404945,-1,-3,-47
1756012318.4429443,0,-5,-51
1756012318.4819446,-1,-1,-57
1756012318.5179446,-6,-4,-59
1756012318.5559447,-6,-3,-39
1756012318.5939443,-2,4,-52
1756012318.6329446,-4,3,-58
1756012318.6709447,-5,3,-54
1756012318.7069447,2,0,-56
1756012318.7439446,1,0,-62
1756012318.7819445,0,0,-47
1756012318.8179443,-3,2,-46
1756012318.8559446,2,0,-51
1756012318.8929446,6,4,-38
1756012318.9319446,11,1,-53
1756012318.9679446,2,-5,-44
1756012319.0059447,5,-4,-56
1756012319.042945,3,3,-46
1756012319.0809443,-3,-4,-47
1756012319.1169446,-1,-1,-48
1756012319.154945,-1,-6,-45
1756012319.1929443,0,-4,-47
1756012319.2319446,-6,1,-46
1756012319.2679446,4,-3,-50
1756012319.3059447,2,0,-52
1756012319.3429446,0,0,-58
1756012319.381945,0,-8,-62
1756012319.417945,0,-8,-57
1756012319.4559443,-3,-5,-37
1756012319.4939446,0,0,-43
1756012319.5319445,-4,2,-50
1756012319.5679443,0,4,-42
1756012319.6049447,7,2,-38
1756012319.6429446,2,-6,-44
1756012319.6819446,-2,0,-41
1756012319.7179446,5,1,-46
1756012319.7549446,9,3,-51
1756012319.792945,2,2,-48
1756012319.8289447,-3,-3,-52
1756012319.8669446,1,-2,-47
1756012319.904945,4,1,-60
1756012319.9429443,1,-6,-62
1756012319.9789443,3,-6,-56
1756012320.0159447,3,-7,-49
1756012320.0539446,1,4,-56
1756012320.0929446,6,4,-51
1756012320.1289446,-3,4,-50
1756012320.1659446,-5,0,-48
1756012320.2039447,0,-10,-43
1756012320.2429447,0,-13,-52
1756012320.2789447,-2,-6,-50
1756012320.3169446,3,-5,-52
1756012320.3549447,7,-4,-46
1756012320.3939445,3,-3,-59
1756012320.4319446,0,0,-45
1756012320.4679446,0,5,-56
1756012320.5049446,-9,2,-44
1756012320.5439446,-6,-2,-43
1756012320.5819447,5,0,-46
1756012320.6179447,3,0,-51
1756012320.654945,2,-2,-48
1756012320.6939447,4,0,-49
1756012320.7319446,0,4,-49
1756012320.7679446,-5,0,-39
1756012320.8059447,-4,1,-47
1756012320.8439443,1,3,-50
1756012320.881945,0,-1,-49
1756012320.9189446,4,-5,-58
1756012320.9559443,0,-5,-57
1756012320.9939446,-2,-1,-64
1756012321.032945,-11,-2,-70
1756012321.0689447,-5,2,-57
1756012321.1059446,0,-1,-60
1756012321.1439445,-1,-5,-60
1756012321.1829443,2,-2,-62
1756012321.2189443,6,0,-47
1756012321.2559447,-2,2,-45
1756012321.2939446,-3,-2,-46
1756012321.3329446,-2,0,-44
1756012321.3689446,0,-6,-39
1756012321.4059446,0,0,-46
1756012321.4439447,-4,-6,-61
1756012321.4799447,-4,-11,-52
1756012321.5179446,-3,-7,-48
1756012321.5559447,1,-2,-57
1756012321.5939443,4,2,-44
1756012321.6329446,4,8,-42
1756012321.6689446,2,12,-40
1756012321.7059443,-6,0,-43
1756012321.7439446,0,0,-50
1756012321.782945,0,-9,-46
1756012321.8189447,0,0,-53
1756012321.8559446,4,0,-58
1756012321.894945,-7,0,-50
1756012321.9329443,6,-2,-66
1756012321.9689443,0,-9,-50
1756012322.0059447,-3,-2,-53
1756012322.0449443,-6,-8,-52
1756012322.0829446,-1,1,-56
1756012322.1189446,-1,-1,-58
1756012322.1569445,-7,-3,-55
1756012322.1949446,1,1,-63
1756012322.2329447,1,4,-69
1756012322.2689445,1,-1,-60
1756012322.3069446,-9,0,-56
1756012322.3449447,-4,-2,-60
1756012322.3829446,0,-2,-62
1756012322.4189446,0,0,-63
1756012322.4559443,-2,5,-56
1756012322.4949446,0,-3,-48
1756012322.5399446,-6,1,-45
1756012322.5779445,4,2,-56
1756012322.6149447,0,4,-51
1756012322.6539447,3,0,-53
1756012322.6899445,-4,0,-69
1756012322.7269447,-1,0,-64
1756012322.7649446,1,1,-55
1756012322.8039446,-1,-9,-64
1756012322.8399446,0,-1,-64
1756012322.8789446,-9,2,-46
1756012322.9159446,-6,0,-45
1756012322.9549446,-2,0,-46
1756012322.9909446,-2,-1,-48
1756012323.0289447,3,0,-45
1756012323.0669446,0,-1,-57
1756012323.1049447,0,0,-51
1756012323.1409447,0,1,-42
1756012323.177945,1,2,-50
1756012323.2149446,-6,-6,-64
1756012323.2539446,-4,0,-52
1756012323.2899446,1,1,-47
1756012323.3279445,-1,-2,-55
1756012323.3659446,2,-2,-53
1756012323.404945,3,0,-55
1756012323.440945,-1,-2,-59
1756012323.4789443,-1,-7,-48
1756012323.5169446,5,0,-43
1756012323.5559447,-2,-3,-39
1756012323.5939443,-3,-10,-49
1756012323.6299446,1,-6,-46
1756012323.6669445,4,-4,-50
1756012323.7059443,3,-5,-50
1756012323.7439446,2,-3,-51
1756012323.779945,1,-2,-44
1756012323.8179443,0,4,-55
1756012323.8559446,2,0,-59
1756012323.8939445,2,-3,-57
1756012323.9299445,3,-2,-57
1756012323.9669447,2,-6,-69
1756012324.0059447,1,-5,-59
1756012324.0439446,-1,-2,-51
1756012324.0799446,-1,-3,-57
1756012324.1179447,-5,1,-56
1756012324.1559446,0,2,-40
1756012324.1949446,-2,-1,-46
1756012324.2309446,-1,5,-40
1756012324.2679446,4,1,-47
1756012324.3059447,1,0,-55
1756012324.3439443,0,0,-51
1756012324.3799446,0,1,-56
1756012324.4169445,3,0,-54
1756012324.4549446,3,0,-45
1756012324.4909446,6,-3,-44
1756012324.529945,4,6,-42
1756012324.5669446,-6,3,-47
1756012324.6059446,5,0,-48
1756012324.6419446,2,0,-50
1756012324.6799445,-1,0,-47
1756012324.7189443,0,-3,-51
1756012324.7559447,1,1,-56
1756012324.7919445,-1,-2,-50
1756012324.8299446,-7,1,-57
1756012324.8689446,0,-3,-39
1756012324.9059446,-2,0,-40
1756012324.9449446,1,-5,-41
1756012324.9809446,0,-3,-48
1756012325.0189445,0,-1,-53
1756012325.0559447,3,-5,-55
1756012325.0949447,-2,-4,-63
1756012325.1309447,0,-4,-56
1756012325.1689446,-6,6,-38
1756012325.2069447,1,5,-37
1756012325.2449446,2,0,-41
1756012325.2809446,-5,3,-45
1756012325.3189447,0,1,-54
1756012325.3569446,-6,-2,-43
1756012325.394945,1,5,-44
1756012325.4309447,6,0,-46
1756012325.4679446,-1,4,-47
1756012325.506945,-5,1,-46
1756012325.5449443,-1,-1,-54
1756012325.5809443,0,-2,-57
1756012325.6179447,0,4,-56
1756012325.6559446,2,2,-47
1756012325.6919446,-2,-1,-30
1756012325.7299447,-8,2,-57
1756012325.7679446,-2,-1,-59
1756012325.8069446,0,-6,-67
1756012325.8449447,1,-5,-47
1756012325.8809447,4,-1,-48
1756012325.917945,0,8,-55
1756012325.9559443,2,5,-54
1756012325.9919446,-5,7,-58
1756012326.0309446,-12,1,-41
1756012326.0679443,-6,4,-47
1756012326.1069446,-4,1,-55
1756012326.144945,-2,-2,-54
1756012326.1809447,3,0,-45
1756012326.2179446,-5,-1,-46
1756012326.256945,-8,-3,-50
1756012326.292945,0,-4,-60
1756012326.3299446,5,-5,-60
1756012326.3679447,-2,-3,-58
1756012326.4069445,3,-9,-51
1756012326.4429443,0,3,-49
1756012326.4799447,-2,0,-61
1756012326.5179446,-1,3,-53
1756012326.5569446,-2,-3,-60
1756012326.5929446,-2,-4,-53
1756012326.6309447,3,-6,-46
1756012326.6689446,5,5,-50
1756012326.7069447,3,-1,-57
1756012326.7459445,-1,0,-57
1756012326.7819445,-1,4,-45
1756012326.8199446,1,-1,-51
1756012326.8579447,0,2,-51
1756012326.8959446,3,-7,-56
1756012326.9319446,8,-3,-62
1756012326.9699447,11,0,-50
1756012327.0079446,1,0,-57
1756012327.0459447,1,6,-43
1756012327.0819447,5,0,-39
1756012327.1199446,-2,1,-44
1756012327.157945,3,1,-51
1756012327.1959443,2,0,-51
1756012327.2319446,-7,-6,-47
1756012327.269945,0,0,-52
1756012327.3079443,-2,0,-45
1756012327.3459446,4,-5,-42
1756012327.381945,-4,-1,-53
1756012327.4199443,3,-2,-48
1756012327.4579446,3,-1,-49
1756012327.496945,1,-1,-46
1756012327.532945,3,1,-48
1756012327.5699446,2,-4,-40
1756012327.6079447,-2,-2,-41
1756012327.6469443,0,4,-54
1756012327.6829443,1,2,-50
1756012327.7199447,4,-7,-62
1756012327.7579446,0,-7,-58
1756012327.7969446,1,-4,-55
1756012327.8329446,1,-4,-52
1756012327.8709445,-2,-2,-44
1756012327.907945,-1,-1,-48
1756012327.9469447,-8,-2,-51
1756012327.9829447,-4,-5,-62
1756012328.0209446,0,-6,-45
1756012328.0589447,3,-3,-50
1756012328.0979445,4,0,-52
1756012328.1339445,-1,0,-57
1756012328.1709447,1,1,-52
1756012328.2079446,4,0,-54
1756012328.2439446,-2,-7,-50
1756012328.2819445,-2,5,-51
1756012328.3209443,0,-2,-40
1756012328.3579447,5,-2,-57
1756012328.3969443,-3,-5,-41
1756012328.4329443,0,-1,-49
1756012328.4709446,1,-2,-51
1756012328.5089445,-4,-11,-59
1756012328.5469446,-3,-10,-53
1756012328.5829446,1,-4,-43
1756012328.6199446,4,0,-48
1756012328.657945,4,-4,-53
1756012328.6939447,4,-4,-55
1756012328.7309446,-4,-4,-63
1756012328.769945,-1,-9,-54
1756012328.8079443,-2,-3,-52
1756012328.8439443,0,0,-45
1756012328.8809447,0,4,-61
1756012328.9189446,1,5,-46
1756012328.9569447,2,2,-46
1756012328.9929447,-1,-8,-49
1756012329.0309446,0,-13,-40
1756012329.0689447,-4,-6,-47
1756012329.1079447,-4,0,-51
1756012329.1439445,0,2,-56
1756012329.1809447,-3,-2,-53
1756012329.2189443,-6,-1,-46
1756012329.2579446,3,-4,-57
1756012329.2939446,-3,-4,-51
1756012329.3319447,-2,-2,-49
1756012329.3699446,8,-5,-50
1756012329.4089446,-3,-7,-54
1756012329.4469447,2,-7,-48
1756012329.4829447,3,-11,-35
1756012329.519945,0,-5,-53
1756012329.5589447,-2,-8,-51
1756012329.5949447,4,-1,-52
1756012329.631945,-1,-2,-51
1756012329.6699443,0,2,-34
1756012329.7079446,2,-7,-43
1756012329.7439446,-1,-8,-48
1756012329.7819445,-2,2,-52
1756012329.8199446,2,-2,-52
1756012329.858945,1,-1,-56
1756012329.894945,3,-4,-56
1756012329.9319446,-2,-5,-57
1756012329.9699447,-2,-3,-49
1756012330.0089445,-1,-7,-46
1756012330.0449443,-3,-4,-49
1756012330.0829446,-6,0,-53
1756012330.1209445,-2,0,-55
1756012330.1589446,6,-1,-53
1756012330.1949446,8,-2,-48
1756012330.2319446,1,0,-48
1756012330.269945,3,-7,-46
1756012330.3089447,-7,3,-52
1756012330.3449447,-3,0,-44
1756012330.381945,-6,0,-49
1756012330.4199443,3,-6,-49
1756012330.4589446,4,-5,-53
1756012330.4949446,2,-2,-54
1756012330.5339446,-1,0,-55
1756012330.5709443,0,0,-51
1756012330.608945,-5,0,-50
1756012330.644945,2,0,-51
1756012330.6829443,-1,0,-51
1756012330.7209446,0,0,-54
1756012330.7589445,1,-5,-55
1756012330.7949443,4,-7,-65
1756012330.8329446,4,1,-47
1756012330.8709445,7,-3,-49
1756012330.9099443,0,-1,-53
1756012330.9479446,7,-2,-54
1756012330.983945,2,0,-61
1756012331.0209446,3,-2,-59
1756012331.0599446,2,2,-56
1756012331.0979445,0,-1,-47
1756012331.1339445,0,-5,-54
1756012331.1709447,2,0,-51
1756012331.2089446,1,-1,-44
1756012331.2449446,0,-1,-50
1756012331.282945,-3,-4,-44
1756012331.3219447,4,-6,-41
1756012331.3599446,1,-8,-56
1756012331.3959446,2,0,-56
1756012331.4329443,7,-5,-50
1756012331.4709446,-1,-3,-51
1756012331.509945,-5,-3,-49
1756012331.5459447,1,-5,-41
1756012331.5829446,0,-4,-45
1756012331.621945,2,-3,-54
1756012331.6599443,4,-5,-53
1756012331.6959443,0,0,-47
1756012331.7329447,-7,0,-55
1756012331.7709446,0,-6,-48
1756012331.8099446,3,0,-49
1756012331.8459446,2,1,-58
1756012331.8829446,7,3,-52
1756012331.9209447,0,-1,-49
1756012331.9599447,2,2,-48
1756012331.9959445,0,0,-50
1756012332.0349443,0,-1,-41
1756012332.0719447,0,-7,-44
1756012332.1109445,-9,-1,-40
1756012332.1489446,-5,-2,-49
1756012332.1849446,-4,-6,-54
1756012332.223945,-9,-2,-58
1756012332.2609446,-5,0,-58
1756012332.2999446,-4,2,-63
1756012332.335945,-1,-2,-63
1756012332.3729446,-6,-2,-51
1756012332.4109447,-6,8,-37
1756012332.4499447,-3,0,-52
1756012332.4859445,4,-3,-51
1756012332.5239446,2,-5,-43
1756012332.5689447,-2,-4,-41
1756012332.6059446,5,-6,-43
1756012332.6429446,5,-1,-45
1756012332.6819446,-2,-1,-54
1756012332.7199447,-4,-5,-43
1756012332.7559447,-3,-5,-58
1756012332.7939446,6,-1,-43
1756012332.8319447,5,-6,-55
1756012332.8709445,3,-2,-43
1756012332.9089446,8,0,-49
1756012332.9449446,0,-1,-41
1756012332.9819446,-5,-2,-39
1756012333.0209446,-4,-4,-59
1756012333.0579443,3,-1,-57
1756012333.0949447,3,-5,-53
1756012333.1329446,0,-5,-39
1756012333.1709447,3,-8,-45
1756012333.2099447,5,-3,-55
1756012333.2459445,8,0,-50
1756012333.282945,2,-6,-49
1756012333.3209443,0,-9,-45
1756012333.3599446,-5,0,-51
1756012333.3959446,-4,1,-55
1756012333.4329443,-3,0,-52
1756012333.4709446,-5,2,-49
1756012333.509945,-6,-4,-53
1756012333.5459447,1,-3,-64
1756012333.5829446,3,-5,-63
1756012333.621945,2,0,-49
1756012333.6599443,7,-2,-60
1756012333.6959443,1,-1,-54
1756012333.7329447,6,0,-51
1756012333.7709446,2,12,-50
1756012333.8069446,5,1,-48
1756012333.8439443,-2,6,-49
1756012333.881945,0,3,-55
1756012333.9209447,1,8,-46
1756012333.9569447,1,0,-51
1756012333.9939446,2,-1,-47
1756012334.0319445,5,-1,-51
1756012334.0709443,0,-2,-51
1756012334.1069446,-2,-4,-51
1756012334.144945,1,1,-44
1756012334.1829443,0,-3,-44
1756012334.2219446,0,-2,-44
1756012334.259945,-2,-5,-47
1756012334.2959447,0,-2,-43
1756012334.3329446,0,0,-56
1756012334.3709445,8,0,-55
1756012334.4069445,2,6,-53
1756012334.4439447,2,3,-62
1756012334.4819446,5,-3,-52
1756012334.5209446,-3,3,-46
1756012334.5569446,0,1,-40
1756012334.5939443,3,-3,-36
1756012334.631945,-1,-5,-49
1756012334.6709447,-2,0,-52
1756012334.7069447,0,-2,-55
1756012334.7459445,0,0,-47
1756012334.782945,-5,-3,-44
1756012334.8219447,3,-8,-47
1756012334.8579447,0,0,-51
1756012334.894945,0,1,-51
1756012334.9339447,2,4,-53
1756012334.9719446,1,0,-38
1756012335.0079446,-1,2,-52
1756012335.0459447,2,-1,-45
1756012335.0839446,0,-1,-54
1756012335.121945,-3,1,-54
1756012335.1609447,-1,-6,-49
1756012335.1969447,-2,-2,-57
1756012335.2349446,-6,0,-56
1756012335.2729447,-5,-2,-62
1756012335.3119447,-2,4,-42
1756012335.3479445,-10,3,-47
1756012335.3859446,4,4,-49
1756012335.4229443,-1,3,-48
1756012335.4619446,-3,0,-42
1756012335.4979446,-4,-2,-49
1756012335.5359447,-3,-3,-50
1756012335.5739446,-8,3,-56
1756012335.6129446,-2,6,-55
1756012335.6509447,9,-1,-63
1756012335.6869447,3,0,-51
1756012335.723945,0,-3,-55
1756012335.7629447,-4,2,-49
1756012335.8009446,-7,2,-48
1756012335.8369446,-3,-1,-51
1756012335.8759446,-3,-1,-53
1756012335.9129446,-2,-3,-52
1756012335.9519446,-1,-3,-51
1756012335.9879446,-11,0,-64
1756012336.0249443,1,-5,-53
1756012336.062945,1,-10,-44
1756012336.1019447,-2,-8,-48
1756012336.1379447,-3,-1,-58
1756012336.1759446,0,1,-52
1756012336.2129445,0,0,-55
1756012336.2489443,4,-3,-57
1756012336.2859447,-2,1,-46
1756012336.3239446,-1,2,-52
1756012336.3629446,2,0,-58
1756012336.3989446,3,2,-58
1756012336.4359446,0,-1,-48
1756012336.473945,-1,-6,-52
1756012336.5129447,-1,3,-46
1756012336.5489447,-2,4,-46
1756012336.585945,-10,3,-44
1756012336.6239443,-9,-2,-54
1756012336.6629446,-3,-3,-52
1756012336.6989446,-5,-3,-59
1756012336.736945,-5,2,-45
1756012336.7749443,-4,-1,-54
1756012336.8139446,-1,0,-51
1756012336.8519447,7,-3,-48
1756012336.8879447,3,-1,-54
1756012336.9249446,5,6,-52
1756012336.9629445,2,0,-53
1756012336.9989443,-1,0,-58
1756012337.0369446,1,4,-58
1756012337.0739446,-5,2,-56
1756012337.1129446,-4,-3,-52
1756012337.1489446,5,-6,-50
1756012337.1869447,0,-3,-52
1756012337.2249446,2,7,-59
1756012337.2629447,0,-3,-50
1756012337.2989447,7,0,-49
1756012337.335945,2,1,-54
1756012337.3739443,0,4,-61
1756012337.4129446,3,1,-57
1756012337.4489446,5,1,-56
1756012337.486945,4,-3,-54
1756012337.5249443,1,0,-61
1756012337.562945,-4,-11,-48
1756012337.598945,-3,-6,-39
1756012337.6369443,0,-6,-53
1756012337.6749446,2,0,-56
1756012337.713945,1,4,-45
1756012337.7519443,-7,0,-44
1756012337.7879446,-2,-2,-56
1756012337.8269446,-1,-5,-58
1756012337.8639443,-3,0,-52
1756012337.9029446,2,-1,-58
1756012337.9389446,-5,5,-44
1756012337.9769447,0,2,-46
1756012338.0139446,0,1,-45
1756012338.0499446,-2,-1,-48
1756012338.0879445,-1,-6,-42
1756012338.1259446,-3,-5,-39
1756012338.1639447,-13,0,-37
1756012338.2029445,-6,-2,-52
1756012338.2389443,-9,1,-50
1756012338.2759447,0,0,-51
1756012338.3139446,-5,4,-55
1756012338.3529446,-6,-1,-49
1756012338.3889446,0,0,-46
1756012338.4259446,-2,0,-52
1756012338.463945,-10,4,-60
1756012338.5029447,-4,-2,-60
1756012338.5389447,-1,-2,-55
1756012338.5769446,0,1,-44
1756012338.6149447,-2,2,-56
1756012338.6539447,0,8,-45
1756012338.6899445,-4,-1,-41
1756012338.7279446,-1,4,-43
1756012338.7659447,-5,1,-52
1756012338.8049445,-9,0,-50
1756012338.8429446,0,3,-52
1756012338.8789446,1,5,-48
1756012338.9159446,0,3,-51
1756012338.9549446,0,1,-55
1756012338.9929447,-3,-1,-62
1756012339.0289447,0,-4,-59
1756012339.065945,4,0,-63
1756012339.1039443,0,0,-48
1756012339.1399446,-1,-4,-55
1756012339.177945,0,-1,-63
1756012339.2159443,-2,3,-56
1756012339.2549446,-6,2,-49
1756012339.292945,-7,-6,-46
1756012339.3289447,-1,-6,-41
1756012339.3669446,-1,0,-43
1756012339.4059446,0,7,-40
1756012339.4439447,-2,-3,-49
1756012339.4799447,-2,-2,-56
1756012339.5179446,0,-1,-52
1756012339.5559447,-3,0,-54
1756012339.5949447,5,-1,-58
1756012339.6309447,0,-4,-54
1756012339.667945,-1,-1,-44
1756012339.7059443,5,-7,-44
1756012339.7449446,2,-4,-37
1756012339.7809446,-5,-8,-52
1756012339.8189447,-2,0,-49
1756012339.8569446,-5,-2,-60
1756012339.894945,-5,-1,-57
1756012339.9339447,1,-3,-49
1756012339.9699447,-1,-8,-60
1756012340.0079446,5,-13,-52
1756012340.0459447,2,-3,-51
1756012340.0849447,1,3,-54
1756012340.1209445,2,0,-50
1756012340.1589446,-1,-4,-49
1756012340.1969447,-2,-2,-51
1756012340.2359445,1,-4,-50
1756012340.2739446,0,0,-54
1756012340.3099446,0,-4,-52
1756012340.3469446,-10,3,-47
1756012340.3859446,-10,1,-46
1756012340.4239447,0,-2,-48
1756012340.4599447,0,2,-47
1756012340.496945,6,3,-61
1756012340.5349443,0,2,-53
1756012340.5709443,2,2,-52
1756012340.6079447,-1,0,-53
1756012340.6459446,2,5,-44
1756012340.6839447,0,4,-53
1756012340.7199447,0,3,-49
1756012340.756945,-1,0,-57
1756012340.7959447,0,2,-69
1756012340.8339446,1,9,-60
1756012340.8699446,1,2,-58
1756012340.9069445,1,-4,-56
1756012340.9459443,-3,0,-54
1756012340.983945,1,1,-44
1756012341.019945,-5,6,-51
1756012341.0569446,-1,7,-49
1756012341.0959446,-4,-1,-63
1756012341.1339445,-1,0,-54
1756012341.1699443,-2,-1,-55
1756012341.2079446,7,3,-51
1756012341.2459445,0,1,-53
1756012341.2819445,6,-1,-50
1756012341.3189447,4,2,-56
1756012341.3569446,-4,-5,-59
1756012341.3959446,-4,2,-47
1756012341.4319446,-1,-3,-48
1756012341.4699447,1,-5,-53
1756012341.5079446,-1,-3,-63
1756012341.5459447,-3,0,-58
1756012341.5849447,-7,-1,-54
1756012341.6209445,-5,4,-60
1756012341.6589446,7,4,-52
1756012341.6959443,9,-1,-42
1756012341.7349446,-2,-2,-54
1756012341.7709446,0,-4,-60
1756012341.8079443,1,-6,-53
1756012341.8469446,0,8,-48
1756012341.884945,-4,0,-59
1756012341.9209447,1,3,-49
1756012341.9579446,7,6,-46
1756012341.9959445,1,1,-58
1756012342.0319445,-3,1,-58
1756012342.0689447,3,-4,-56
1756012342.1069446,5,-4,-51
1756012342.1459446,2,-3,-52
1756012342.1819446,-9,0,-50
1756012342.2189443,-2,6,-60
1756012342.256945,0,-4,-47
1756012342.2959447,-3,3,-48
1756012342.3319447,-8,0,-44
1756012342.3689446,-4,0,-51
1756012342.4069445,-5,-3,-47
1756012342.4459443,-4,-1,-52
1756012342.4819446,0,2,-55
1756012342.5189445,-5,-3,-57
1756012342.5569446,-5,-3,-56
1756012342.6009445,-4,-1,-54
1756012342.6389446,-1,2,-49
1756012342.6769447,-4,-1,-53
1756012342.7159443,8,3,-54
1756012342.7519443,5,-6,-52
1756012342.7889447,0,-1,-55
1756012342.8269446,-1,2,-53
1756012342.8659446,1,2,-59
1756012342.9019446,0,-1,-59
1756012342.9389446,0,-2,-56
1756012342.9779446,-1,-3,-58
1756012343.0159447,-2,-7,-59
1756012343.0519447,0,3,-55
1756012343.088945,-2,-1,-41
1756012343.1269443,-3,7,-51
1756012343.1659446,6,1,-60
1756012343.2019446,7,0,-55
1756012343.2389443,1,-7,-57
1756012343.2769446,3,-3,-53
1756012343.315945,-5,-7,-66
1756012343.3519447,-4,-9,-53
1756012343.3909447,-4,-4,-56
1756012343.427945,-3,-5,-53
1756012343.4669447,-3,-4,-62
1756012343.5039446,-13,0,-62
1756012343.5409446,-6,0,-56
1756012343.5789447,-5,-3,-49
1756012343.6179447,0,0,-52
1756012343.6559446,2,3,-51
1756012343.6919446,8,1,-44
1756012343.7289443,5,-3,-54
1756012343.7679446,6,2,-52
1756012343.8059447,7,4,-48
1756012343.8419447,6,-2,-54
1756012343.8799446,-3,0,-58
1756012343.917945,-1,-1,-57
1756012343.9559443,-6,2,-48
1756012343.9919446,-4,4,-46
1756012344.029945,-7,1,-44
1756012344.0679443,-2,-6,-51
1756012344.1059446,-4,-3,-50
1756012344.1419446,-8,0,-52
1756012344.1799445,-10,2,-55
1756012344.2179446,0,-4,-57
1756012344.2559447,-5,0,-55
1756012344.2919445,-4,2,-55
1756012344.3299446,-1,1,-51
1756012344.3679447,-6,-2,-56
1756012344.4059446,-1,3,-49
1756012344.4419446,0,-4,-40
1756012344.4799447,1,-4,-51
1756012344.5179446,0,0,-52
1756012344.5539446,0,-5,-45
1756012344.5909443,3,8,-51
1756012344.6279447,0,0,-57
1756012344.6669445,2,0,-56
1756012344.7029445,2,0,-59
1756012344.7409446,4,2,-50
1756012344.7779446,0,-5,-49
1756012344.8169446,0,2,-55
1756012344.8529446,-6,6,-57
1756012344.8899446,-3,0,-72
1756012344.927945,-9,-6,-56
1756012344.9669447,-4,-11,-56
1756012345.0029447,0,-7,-57
1756012345.0409446,3,-3,-49
1756012345.0799446,2,-6,-42
1756012345.1179447,4,-1,-59
1756012345.1539447,1,4,-51
1756012345.1919446,3,3,-64
1756012345.2299447,3,-2,-65
1756012345.2679446,-7,0,-57
1756012345.3049445,-4,3,-51
1756012345.3419447,1,-1,-54
1756012345.3799446,-4,-8,-66
1756012345.4189446,0,-3,-63
1756012345.4569447,-2,1,-51
1756012345.4929447,0,3,-55
1756012345.529945,2,0,-44
1756012345.5679443,0,0,-53
1756012345.6039443,1,-2,-56
1756012345.6419446,3,4,-51
1756012345.6789446,0,-1,-45
1756012345.7179446,-3,-4,-46
1756012345.7539446,-2,-1,-62
1756012345.7919445,-1,0,-56
1756012345.8299446,-2,1,-51
1756012345.8689446,-1,9,-62
1756012345.9069445,-2,0,-50
1756012345.9429443,-3,-3,-47
1756012345.9809446,0,-2,-47
1756012346.0189445,-9,0,-49
1756012346.0579443,-6,8,-46
1756012346.0939443,-3,6,-48
1756012346.1309447,4,2,-53
1756012346.1689446,4,0,-50
1756012346.2049446,8,-1,-52
1756012346.2419446,3,1,-39
1756012346.2789447,6,4,-47
1756012346.3149445,-1,3,-61
1756012346.3539443,3,-6,-52
1756012346.3909447,1,-2,-53
1756012346.4289446,2,3,-44
1756012346.4649446,5,3,-44
1756012346.5019443,4,5,-48
1756012346.5389447,2,-5,-53
1756012346.5779445,-3,-5,-46
1756012346.6139443,-6,-9,-44
1756012346.6519446,2,-3,-50
1756012346.6899445,4,3,-55
1756012346.7279446,1,-3,-62
1756012346.7639446,-4,-5,-52
1756012346.8019447,-4,-4,-47
1756012346.8399446,-3,-6,-51
1756012346.8789446,3,-5,-45
1756012346.9149446,1,-1,-52
1756012346.9519446,8,0,-47
1756012346.9899447,0,3,-58
1756012347.0279446,5,0,-55
1756012347.0639446,5,-5,-52
1756012347.1009445,-2,-7,-50
1756012347.1399446,1,-2,-57
1756012347.177945,0,1,-56
1756012347.213945,0,0,-58
1756012347.2509446,1,0,-63
1756012347.2889447,-1,-1,-50
1756012347.3249447,5,-3,-44
1756012347.361945,12,6,-46
1756012347.3999443,1,6,-57
1756012347.437945,-2,0,-47
1756012347.473945,-4,0,-52
1756012347.5109446,-3,-3,-47
1756012347.5499446,3,-3,-39
1756012347.5879445,-2,-3,-52
1756012347.6239443,-4,-1,-57
1756012347.6619446,-2,-3,-58
1756012347.6999447,-1,0,-55
1756012347.7389443,-5,0,-44
1756012347.7749443,-4,0,-52
1756012347.8119447,-3,0,-59
1756012347.8499446,5,-1,-65
1756012347.8889446,-4,-1,-56
1756012347.9249446,1,-4,-48
1756012347.9629445,2,-2,-49
1756012348.0019443,8,-2,-45
1756012348.0399446,8,3,-58
1756012348.075945,1,-3,-58
1756012348.1129446,0,0,-58
1756012348.1519446,1,-2,-56
1756012348.1899445,2,0,-50
1756012348.2259445,0,-1,-52
1756012348.2629447,0,-1,-52
1756012348.3019447,2,0,-51
1756012348.3399446,0,1,-57
1756012348.3759446,2,0,-49
1756012348.4129446,3,-3,-44
1756012348.4519446,-1,-2,-40
1756012348.4899447,1,3,-47
1756012348.5259447,0,1,-47
1756012348.562945,2,3,-55
1756012348.6009445,3,-3,-56
1756012348.6389446,-6,-3,-42
1756012348.6749446,3,-1,-45
1756012348.7129445,5,2,-45
1756012348.7509446,0,1,-45
1756012348.7889447,4,-4,-43
1756012348.825945,3,-2,-50
1756012348.8629446,-3,0,-56
1756012348.9019446,-8,7,-51
1756012348.9399445,-11,4,-53
1756012348.9759445,0,8,-54
1756012349.0129447,-4,1,-50
1756012349.0519447,-9,1,-51
1756012349.0899446,0,0,-53
1756012349.1259446,-1,0,-47
1756012349.1629446,1,-6,-52
1756012349.2019446,1,-1,-57
1756012349.2399447,4,3,-54
1756012349.2759447,0,-8,-57
1756012349.312945,0,-1,-48
1756012349.3509445,-5,1,-45
1756012349.3899446,-8,4,-51
1756012349.4259446,0,3,-46
1756012349.4629445,1,-2,-52
1756012349.5009446,3,-2,-61
1756012349.5399446,1,-5,-62
1756012349.575945,5,0,-66
1756012349.6139443,-4,2,-64
1756012349.6509447,-2,0,-49
1756012349.6899445,-2,-8,-57
1756012349.7259445,4,1,-48
1756012349.7629447,2,-2,-50
1756012349.8009446,-3,-4,-41
1756012349.8399446,-3,-9,-48
1756012349.8759446,-6,-2,-45
1756012349.9139447,1,6,-48
1756012349.950945,2,5,-50
1756012349.9899447,-1,1,-57
1756012350.0259447,-7,-3,-47
1756012350.0639446,-4,-5,-49
1756012350.1019447,-3,-4,-41
1756012350.1409447,-5,0,-50
1756012350.1769447,-9,0,-45
1756012350.213945,-1,0,-37
1756012350.2519443,0,-5,-47
1756012350.2909446,6,3,-49
1756012350.3269446,4,4,-51
1756012350.3639443,-2,2,-53
1756012350.4019446,3,4,-52
1756012350.440945,-2,4,-45
1756012350.4769447,-2,-1,-49
1756012350.5159447,-6,0,-46
1756012350.552945,-2,2,-42
1756012350.5919447,-1,4,-52
1756012350.6299446,-7,3,-50
1756012350.6659446,-1,-2,-49
1756012350.7039447,-2,-4,-39
1756012350.7419446,-8,-4,-39
1756012350.7809446,-2,-2,-51
1756012350.8169446,0,2,-52
1756012350.8539443,2,3,-52
1756012350.8919446,0,1,-40
1756012350.9299445,1,-7,-59
1756012350.9659443,0,-7,-58
1756012351.0029447,0,5,-57
1756012351.0409446,3,-5,-50
1756012351.0769446,0,-1,-46
1756012351.1139443,-3,-9,-47
1756012351.1529446,-5,-7,-49
1756012351.190945,-7,-1,-52
1756012351.2269447,0,3,-53
1756012351.2639446,0,-4,-47
1756012351.3019447,-1,4,-55
1756012351.3409443,1,-1,-58
1756012351.3769443,-2,0,-66
1756012351.4139447,-11,-5,-52
1756012351.4519446,-3,0,-52
1756012351.4909446,3,0,-45
1756012351.5269446,2,2,-48
1756012351.5639446,-3,2,-44
1756012351.6019447,2,0,-46
1756012351.6409447,1,3,-43
1756012351.6769447,-4,0,-55
1756012351.713945,-1,1,-56
1756012351.7529447,1,1,-55
1756012351.7909446,1,0,-39
1756012351.8269446,4,-6,-42
1756012351.8639443,5,3,-52
1756012351.9029446,1,0,-49
1756012351.940945,2,0,-51
1756012351.9769447,0,-11,-37
1756012352.0149446,-3,0,-50
1756012352.052945,-2,0,-55
1756012352.0909443,-5,2,-54
1756012352.1269443,-11,-3,-47
1756012352.1649446,-2,-6,-58
1756012352.2029445,4,-7,-49
1756012352.2419446,1,-3,-55
1756012352.2779446,4,-6,-49
1756012352.3149445,5,-2,-48
1756012352.3529446,0,-1,-53
1756012352.3919446,0,3,-48
1756012352.427945,0,-6,-47
1756012352.4649446,5,-2,-49
1756012352.5029447,3,0,-65
1756012352.5409446,-2,-5,-57
1756012352.5769446,0,-5,-50
1756012352.6229446,0,0,-42
1756012352.6609447,7,2,-42
1756012352.6969447,-1,-2,-53
1756012352.7349446,-4,-2,-54
1756012352.7729447,0,2,-52
1756012352.8109446,5,-9,-54
1756012352.8469446,8,-2,-42
1756012352.884945,0,-2,-56
1756012352.9229443,3,-1,-57
1756012352.9619446,-1,-3,-57
1756012352.9979446,-3,-3,-71
1756012353.0369446,1,-7,-50
1756012353.0739446,0,0,-54
1756012353.111945,3,4,-52
1756012353.1479447,9,9,-50
1756012353.1849446,6,6,-59
1756012353.2229445,0,10,-59
1756012353.2589445,-3,-4,-63
1756012353.2969446,0,-5,-50
1756012353.3349447,0,0,-40
1756012353.3729446,-3,-8,-46
1756012353.4119446,-5,-6,-52
1756012353.4479446,-5,0,-46
1756012353.4849446,0,-4,-51
1756012353.5229447,-3,-5,-49
1756012353.5619447,-1,-1,-61
1756012353.5979445,-5,1,-60
1756012353.634945,-1,1,-55
1756012353.6739447,-3,2,-56
1756012353.7119446,-4,-4,-60
1756012353.7479446,2,-1,-59
1756012353.7849443,5,0,-51
1756012353.8229446,5,-1,-53
1756012353.858945,6,-1,-44
1756012353.8959446,-2,2,-49
1756012353.9339447,-1,1,-52
1756012353.9729445,0,0,-52
1756012354.0089445,0,0,-49
1756012354.0459447,-1,-3,-53
1756012354.0839446,-2,-10,-45
1756012354.1229446,0,-6,-47
1756012354.1589446,7,-4,-60
1756012354.1969447,9,0,-59
1756012354.2349446,6,-2,-48
1756012354.2739446,-7,-1,-49
1756012354.3119447,2,-4,-52
1756012354.3479445,3,-3,-53
1756012354.3859446,4,3,-55
1756012354.4239447,-1,1,-55
1756012354.4619446,-3,6,-47
1756012354.4979446,3,-1,-45
1756012354.5359447,2,-5,-43
1756012354.5749447,1,-1,-51
1756012354.6129446,-2,1,-45
1756012354.6489446,-3,-2,-50
1756012354.6869447,-4,-5,-48
1756012354.7249446,-1,-1,-47
1756012354.7639446,0,1,-52
1756012354.7999446,0,3,-42
1756012354.8369446,-3,0,-51
1756012354.8749447,-2,0,-55
1756012354.9139447,0,-3,-49
1756012354.9499447,0,-1,-42
1756012354.986945,3,0,-61
1756012355.0239446,0,-3,-50
1756012355.062945,-3,-5,-46
1756012355.098945,1,-5,-52
1756012355.1359446,6,-2,-54
1756012355.1749446,4,2,-55
1756012355.2129445,-1,-1,-53
1756012355.2489443,8,2,-61
1756012355.2859447,1,6,-55
1756012355.3249447,-4,0,-52
1756012355.3629446,6,-3,-58
1756012355.3989446,4,-4,-60
1756012355.4359446,5,-7,-62
1756012355.4749446,4,-5,-66
1756012355.5129447,2,0,-61
1756012355.5489447,-4,0,-57
1756012355.585945,4,-4,-57
1756012355.6249447,-7,0,-64
1756012355.6629446,1,-5,-60
1756012355.6989446,3,1,-53
1756012355.7359445,5,3,-54
1756012355.7739446,-2,0,-49
1756012355.8099446,0,1,-38
1756012355.8479445,3,-2,-47
1756012355.8859446,2,-2,-55
1756012355.9249446,4,-5,-56
1756012355.9629445,1,-2,-53
1756012355.9989443,2,1,-43
1756012356.0359447,2,3,-44
1756012356.0739446,-3,6,-63
1756012356.1099446,6,1,-57
1756012356.1479447,-1,-1,-62
1756012356.1859446,7,-3,-49
1756012356.2249446,-4,5,-53
1756012356.2609446,8,-1,-60
1756012356.2979443,2,-1,-53
1756012356.335945,1,-2,-61
1756012356.3749447,6,-4,-46
1756012356.4109447,9,-5,-44
1756012356.4479446,4,0,-45
1756012356.4859445,1,-2,-48
1756012356.5249443,2,5,-47
1756012356.5609446,0,1,-47
1756012356.5979445,1,-2,-48
1756012356.6359446,0,-4,-52
1756012356.6749446,-3,-1,-58
1756012356.710945,-1,-3,-57
1756012356.7489443,3,-3,-50
1756012356.7879446,1,-5,-38
1756012356.825945,0,0,-51
1756012356.8639443,0,-2,-51
1756012356.9009447,-2,-4,-49
1756012356.937945,0,1,-60
1756012356.9759445,-2,0,-58
1756012357.0139446,2,-9,-50
1756012357.0499446,-7,-6,-42
1756012357.0879445,-9,-6,-58
1756012357.1269443,-4,-4,-55
1756012357.1649446,0,-5,-45
1756012357.200945,2,0,-39
1756012357.2379446,0,1,-57
1756012357.2759447,-1,-1,-52
1756012357.3139446,0,0,-43
1756012357.3499446,-8,-4,-41
1756012357.3879447,0,-6,-50
1756012357.4259446,3,-2,-48
1756012357.4649446,0,-7,-56
1756012357.5009446,-5,-5,-51
1756012357.5389447,-4,-4,-53
1756012357.5769446,0,-4,-61
1756012357.6159446,8,-2,-60
1756012357.6539447,2,-4,-43
1756012357.6899445,0,-2,-43
1756012357.7269447,0,-3,-49
1756012357.7659447,-3,-3,-42
1756012357.8039446,1,-2,-51
1756012357.8399446,1,0,-52
1756012357.8769443,-7,0,-45
1756012357.9159446,-3,-5,-53
1756012357.9519446,-7,-1,-61
1756012357.9899447,1,0,-50
1756012358.0269446,0,-4,-38
1756012358.065945,1,0,-47
1756012358.1019447,-4,-3,-52
1756012358.1399446,-6,-2,-56
1756012358.1789446,1,-9,-46
1756012358.2159443,1,-1,-46
1756012358.2549446,-7,-2,-53
1756012358.2909446,-4,-1,-50
1756012358.3289447,-4,-5,-54
1756012358.3669446,1,1,-44
1756012358.404945,-3,2,-42
1756012358.440945,-10,5,-52
1756012358.4779446,-7,0,-44
1756012358.5159447,-8,1,-48
1756012358.5549445,-3,3,-55
1756012358.5909443,-2,4,-49
1756012358.6289446,-1,5,-48
1756012358.6669445,0,1,-45
1756012358.7049446,-6,2,-55
1756012358.7409446,3,2,-50
1756012358.7789447,-4,0,-59
1756012358.8169446,-3,0,-67
1756012358.8559446,2,0,-57
1756012358.8919446,7,-2,-58
1756012358.9289446,4,0,-51
1756012358.9669447,0,-1,-44
1756012359.0049446,-4,-7,-41
1756012359.0409446,-5,-6,-54
1756012359.0789447,-1,-3,-49
1756012359.1169446,-6,-6,-40
1756012359.1559446,2,0,-57
1756012359.1919446,4,-3,-55
1756012359.2289443,-5,-1,-56
1756012359.2669446,-2,0,-48
1756012359.3059447,6,4,-41
1756012359.3419447,0,-2,-47
1756012359.3789446,0,-5,-42
1756012359.4169445,-2,-1,-54
1756012359.4559443,-7,0,-55
1756012359.4919446,-1,0,-59
1756012359.5289447,1,-1,-45
1756012359.5669446,-3,-2,-41
1756012359.6059446,3,-7,-48
1756012359.6419446,0,-3,-54
1756012359.6789446,2,2,-54
1756012359.7169447,-1,-4,-56
1756012359.7529447,-14,0,-49
1756012359.7899446,-2,0,-49
1756012359.8279445,-3,-4,-54
1756012359.8669446,4,3,-50
1756012359.9029446,-6,1,-44
1756012359.9399445,-4,0,-46
1756012359.9779446,-5,4,-39
1756012360.0169446,0,0,-37
1756012360.052945,-4,3,-42
1756012360.0919447,-2,2,-57
1756012360.1289446,-1,1,-48
1756012360.1669445,-1,-1,-45
1756012360.2059443,-3,-3,-53
1756012360.2419446,-4,-4,-56
1756012360.279945,1,-7,-50
1756012360.3179443,-3,-4,-48
1756012360.3569446,-1,-2,-52
1756012360.3929446,1,-4,-49
1756012360.4309447,-3,0,-52
1756012360.4689443,-3,-9,-45
1756012360.5079446,6,-11,-44
1756012360.5459447,0,-4,-43
1756012360.5819447,3,-2,-47
1756012360.6189446,-2,-12,-60
1756012360.657945,2,-2,-55
1756012360.6959443,2,-6,-57
1756012360.7319446,-1,2,-59
1756012360.7689445,2,4,-58
1756012360.8069446,6,4,-56
1756012360.8429446,9,-1,-59
1756012360.8799446,0,-3,-57
1756012360.917945,1,-5,-44
1756012360.9569447,1,-1,-52
1756012360.9929447,2,-6,-52
1756012361.0309446,-3,-5,-53
1756012361.0689447,2,-1,-55
1756012361.1079447,-8,3,-53
1756012361.1459446,-8,0,-50
1756012361.1819446,-10,-6,-44
1756012361.2199447,0,-2,-58
1756012361.2579446,2,-1,-60
1756012361.2969446,7,-10,-51
1756012361.3329446,6,-5,-41
1756012361.3699446,6,0,-49
1756012361.407945,0,-3,-50
1756012361.4439447,1,-1,-45
1756012361.4809446,-5,-4,-49
1756012361.5189445,-7,5,-58
1756012361.5579443,-1,4,-56
1756012361.5939443,-8,-2,-48
1756012361.631945,5,-2,-48
1756012361.6699443,-4,-3,-61
1756012361.7079446,-2,-5,-43
1756012361.746945,-4,5,-55
1756012361.782945,-4,1,-58
1756012361.8199446,-6,2,-53
1756012361.8579447,0,6,-50
1756012361.8939445,6,0,-58
1756012361.9309447,0,-2,-59
1756012361.9699447,5,5,-53
1756012362.0079446,4,-4,-45
1756012362.0439446,0,0,-60
1756012362.0809443,0,0,-54
1756012362.1189446,0,1,-64
1756012362.1569445,0,1,-50
1756012362.1929443,0,2,-61
1756012362.2299447,1,-4,-56
1756012362.2689445,-3,4,-46
1756012362.3069446,-1,-1,-44
1756012362.3429446,-5,-1,-47
1756012362.3809447,1,-4,-54
1756012362.4189446,-3,-8,-48
1756012362.4579446,4,-9,-54
1756012362.4939446,-7,-9,-42
1756012362.5319445,0,-5,-56
1756012362.5699446,-3,-5,-52
1756012362.608945,-5,-1,-45
1756012362.6529446,-3,-1,-37
1756012362.6919446,0,-1,-40
1756012362.7289443,2,2,-48
1756012362.7669446,3,0,-44
1756012362.802945,-1,-3,-45
1756012362.8409443,0,-3,-51
1756012362.8789446,0,-1,-58
1756012362.917945,-1,-2,-57
1756012362.9539447,0,-5,-50
1756012362.9909446,6,-9,-38
1756012363.0289447,2,-8,-39
1756012363.0679443,0,-2,-44
1756012363.1039443,-2,-3,-49
1756012363.1419446,4,1,-38
1756012363.1789446,0,0,-53
1756012363.2179446,-2,-4,-52
1756012363.2539446,-1,-1,-48
1756012363.2919445,0,-6,-45
1756012363.3299446,0,-3,-54
1756012363.3689446,-7,-3,-52
1756012363.404945,-4,0,-42
1756012363.4439447,-5,0,-55
1756012363.4809446,-2,0,-61
1756012363.5189445,-5,0,-47
1756012363.5579443,-11,0,-49
1756012363.5939443,-5,-4,-49
1756012363.631945,-1,-1,-37
1756012363.6699443,-1,0,-66
1756012363.7089446,1,2,-51
1756012363.7449446,-2,5,-47
1756012363.7819445,7,-4,-48
1756012363.8199446,0,-6,-57
1756012363.858945,5,-7,-44
1756012363.894945,0,-4,-53
1756012363.9319446,1,-9,-61
1756012363.9699447,8,-4,-61
1756012364.0089445,2,0,-50
1756012364.0449443,-5,-3,-49
1756012364.0829446,-6,8,-47
1756012364.1209445,-9,7,-53
1756012364.1599443,-12,-2,-51
1756012364.1979446,-1,-4,-49
1756012364.233945,-4,0,-48
1756012364.2729447,-1,2,-43
1756012364.3099446,2,-3,-60
1756012364.348945,3,-2,-53
1756012364.384945,-1,1,-53
1756012364.4219446,0,0,-51
1756012364.4599447,1,2,-46
1756012364.4959445,2,-3,-39
1756012364.5339446,8,0,-48
1756012364.5719447,2,-2,-54
1756012364.6099446,-9,1,-44
1756012364.6489446,7,0,-42
1756012364.6849446,5,2,-49
1756012364.7229445,2,-8,-50
1756012364.759945,0,-7,-57
1756012364.7989447,-2,-3,-52
1756012364.8349447,-6,-7,-51
1756012364.8729446,-8,-6,-49
1756012364.9109447,-4,-14,-60
1756012364.9499447,-5,-8,-40
1756012364.9859445,1,-3,-54
1756012365.0229447,4,-5,-51
1756012365.0609446,1,5,-42
1756012365.098945,0,0,-41
1756012365.134945,-5,-2,-58
1756012365.1729443,3,-1,-54
1756012365.210945,6,-6,-60
1756012365.2499447,0,-7,-52
1756012365.2859447,2,-5,-48
1756012365.3239446,2,-2,-46
1756012365.361945,4,-1,-54
1756012365.4009447,3,-2,-58
1756012365.4389446,6,0,-56
1756012365.4749446,1,1,-42
1756012365.5119443,1,-2,-45
1756012365.5509446,2,-10,-47
1756012365.588945,0,-1,-45
1756012365.6249447,-2,-2,-45
1756012365.6629446,1,-14,-44
1756012365.700945,6,-10,-53
1756012365.7399447,-3,0,-48
1756012365.7759447,0,1,-54
1756012365.812945,1,1,-50
1756012365.8509445,1,-3,-58
1756012365.8889446,-3,-4,-62
1756012365.9249446,-3,-5,-61
1756012365.9629445,0,-5,-48
1756012366.0019443,2,3,-42
1756012366.0399446,3,-2,-55
1756012366.075945,0,1,-58
1756012366.1129446,6,-8,-58
1756012366.1509447,2,-5,-49
1756012366.1899445,-7,2,-49
1756012366.2259445,-7,3,-47
1756012366.2629447,-10,-1,-53
1756012366.3009446,-2,-7,-49
1756012366.3399446,-2,-3,-47
1756012366.3759446,2,4,-36
1756012366.4129446,2,3,-54
1756012366.450945,4,3,-50
1756012366.486945,8,1,-58
1756012366.5249443,-5,0,-60
1756012366.562945,-8,-7,-60
1756012366.6019447,-4,-6,-52
1756012366.6399446,-7,0,-48
1756012366.6759446,-3,1,-48
1756012366.7129445,-3,-3,-50
1756012366.7509446,2,1,-48
1756012366.7899446,-3,0,-41
1756012366.825945,-7,0,-52
1756012366.8629446,-2,2,-54
1756012366.9019446,-3,-1,-46
1756012366.9399445,-5,-2,-48
1756012366.9759445,4,-6,-44
1756012367.0129447,1,-2,-46
1756012367.0519447,-5,-5,-53
1756012367.0899446,-10,-6,-56
1756012367.1259446,8,-6,-55
1756012367.1629446,12,-3,-51
1756012367.2019446,1,-5,-49
1756012367.2399447,-1,-9,-45
1756012367.2759447,-3,-4,-48
1756012367.3139446,2,-6,-55
1756012367.3519447,-2,3,-34
1756012367.3909447,1,-2,-45
1756012367.4269447,5,2,-36
1756012367.463945,6,-4,-41
1756012367.5019443,-4,-3,-43
1756012367.5409446,0,6,-52
1756012367.5769446,5,0,-46
1756012367.6139443,0,0,-48
1756012367.6519446,-1,-2,-49
1756012367.6899445,-3,-9,-46
1756012367.7259445,6,-3,-57
1756012367.7629447,-9,-7,-62
1756012367.8019447,-2,-2,-53
1756012367.8399446,4,-1,-48
1756012367.8759446,4,6,-59
1756012367.9129446,1,-4,-53
1756012367.9519446,2,-1,-49
1756012367.9879446,0,2,-48
1756012368.0259447,-3,0,-52
1756012368.0639446,-4,-7,-46
1756012368.1019447,-3,-5,-41
1756012368.1409447,0,-3,-47
1756012368.1769447,-3,3,-49
1756012368.213945,0,4,-51
1756012368.2519443,3,-3,-53
1756012368.2889447,-6,-3,-48
1756012368.325945,0,0,-52
1756012368.3629446,1,0,-43
1756012368.4019446,-1,-2,-49
1756012368.437945,2,-1,-47
1756012368.4759445,-1,-1,-52
1756012368.5139446,-1,-4,-51
1756012368.552945,0,-4,-51
1756012368.5909443,0,0,-46
1756012368.6269443,3,-2,-60
1756012368.6639447,0,5,-60
1756012368.7019446,-2,3,-59
1756012368.7379446,-2,0,-52
1756012368.7749443,1,1,-40
1756012368.812945,6,1,-48
1756012368.8509445,0,6,-42
1756012368.8869443,-4,5,-53
1756012368.9249446,-2,2,-55
1756012368.963945,-6,2,-58
1756012369.0019443,-1,-7,-42
1756012369.0379446,0,-6,-41
1756012369.075945,-2,0,-43
1756012369.1139443,2,-1,-47
1756012369.1529446,-2,2,-51
1756012369.190945,-1,-3,-44
1756012369.2269447,-8,-6,-55
1756012369.2649446,-5,-2,-69
1756012369.302945,-4,-1,-56
1756012369.3419447,-10,-2,-42
1756012369.3779447,-1,-2,-38
1756012369.4169445,2,0,-49
1756012369.4539447,1,3,-53
1756012369.4929447,-3,0,-37
1756012369.5289447,-12,-7,-50
1756012369.5669446,0,0,-44
1756012369.6049447,3,0,-40
1756012369.6429446,2,1,-47
1756012369.6789446,7,-5,-48
1756012369.7169447,2,-2,-50
1756012369.7539446,1,-2,-46
1756012369.792945,-2,-3,-53
1756012369.8289447,2,0,-51
1756012369.8669446,-4,2,-51
1756012369.904945,-5,0,-51
1756012369.9429443,4,0,-54
1756012369.9789443,0,0,-54
1756012370.0169446,3,0,-58
1756012370.0539446,5,0,-38
1756012370.0919447,-3,0,-56
1756012370.1279447,0,0,-52
1756012370.1649446,-3,-3,-52
1756012370.2039447,-2,4,-41
1756012370.2419446,-3,-1,-46
1756012370.2779446,1,-5,-49
1756012370.3149445,-4,1,-49
1756012370.3539443,-4,0,-61
1756012370.3919446,-6,-5,-60
1756012370.427945,-7,-2,-42
1756012370.4659443,0,2,-42
1756012370.5039446,0,2,-50
1756012370.5419445,10,0,-49
1756012370.5779445,10,0,-50
1756012370.6149447,3,5,-45
1756012370.6529446,-4,1,-51
1756012370.6889446,-5,3,-46
1756012370.7269447,-7,-3,-43
1756012370.7649446,2,0,-58
1756012370.802945,-4,-4,-55
1756012370.838945,4,-4,-55
1756012370.8769443,-4,3,-51
1756012370.9149446,7,-2,-51
1756012370.9539447,5,-3,-46
1756012370.9919446,4,0,-58
1756012371.0279446,0,-1,-45
1756012371.0649445,1,-4,-53
1756012371.1039443,0,0,-51
1756012371.1419446,0,2,-58
1756012371.177945,3,0,-54
1756012371.2149446,0,-1,-43
1756012371.2539446,7,3,-38
1756012371.2899446,2,0,-38
1756012371.3269446,2,1,-53
1756012371.3649447,-3,-8,-57
1756012371.4039447,-2,-6,-51
1756012371.4399445,-1,-2,-50
1756012371.4779446,6,-1,-52
1756012371.5159447,0,-3,-46
1756012371.5539446,2,2,-56
1756012371.5929446,7,0,-55
1756012371.6289446,8,-6,-48
1756012371.6659446,3,0,-46
1756012371.7039447,-5,-9,-44
1756012371.7429447,-2,-7,-57
1756012371.7789447,2,-5,-52
1756012371.815945,-5,2,-59
1756012371.8539443,-11,-1,-58
1756012371.8929446,-6,-1,-55
1756012371.9289446,-4,2,-49
1756012371.9659443,2,0,-52
1756012372.0039446,-1,2,-61
1756012372.0399446,-2,2,-63
1756012372.0769446,-1,0,-67
1756012372.1159446,1,-4,-54
1756012372.1539447,-4,0,-60
1756012372.1899445,-7,0,-47
1756012372.2269447,1,3,-48
1756012372.2649446,0,0,-49
1756012372.3039446,1,2,-51
1756012372.3399446,-9,5,-59
1756012372.3769443,1,4,-65
1756012372.4149446,-3,1,-56
1756012372.4529445,3,6,-54
1756012372.4889443,0,3,-56
1756012372.5259447,-2,-6,-64
1756012372.5649445,2,-1,-61
1756012372.6029446,0,-10,-55
1756012372.6389446,0,0,-67
1756012372.6849446,-9,-3,-51
1756012372.7229445,-3,0,-52
1756012372.7589445,-1,0,-46
1756012372.7959447,4,-2,-46
1756012372.8349447,-2,1,-48
1756012372.8709445,-4,-4,-47
1756012372.9089446,-1,-11,-56
1756012372.9469447,8,-9,-57
1756012372.9849446,0,-2,-54
1756012373.0239446,-9,3,-57
1756012373.0599446,-5,-2,-55
1756012373.098945,-8,0,-57
1756012373.1359446,-5,0,-48
1756012373.1749446,-10,4,-50
1756012373.210945,-7,5,-55
1756012373.2489443,-6,1,-53
1756012373.2869446,-9,4,-49
1756012373.3249447,-6,2,-46
1756012373.3639443,-4,0,-50
1756012373.3999443,-5,-6,-50
1756012373.437945,-5,0,-59
1756012373.4759445,-2,-3,-59
1756012373.5149446,0,-3,-59
1756012373.5509446,-7,1,-56
1756012373.588945,-4,2,-49
1756012373.6269443,-6,8,-42
1756012373.6659446,6,1,-50
1756012373.7039447,-7,0,-51
1756012373.7399447,-6,-2,-45
1756012373.7779446,4,0,-54
1756012373.815945,-1,1,-50
1756012373.8539443,0,0,-47
1756012373.8899446,-1,0,-42
1756012373.927945,1,5,-52
1756012373.9659443,3,1,-62
1756012374.0039446,-2,-5,-68
1756012374.0399446,0,-1,-62
1756012374.0769446,-9,0,-65
1756012374.1159446,-7,6,-60
1756012374.1539447,-3,1,-61
1756012374.1899445,6,2,-56
1756012374.2279446,7,0,-49
1756012374.2659447,1,-1,-50
1756012374.3039446,-4,-2,-52
1756012374.3399446,-7,2,-55
1756012374.3779447,0,0,-47
1756012374.4159446,0,-2,-38
1756012374.4539447,1,5,-54
1756012374.4899447,5,0,-50
1756012374.5279446,1,0,-44
1756012374.565945,3,5,-60
1756012374.6019447,0,0,-48
1756012374.6389446,-3,2,-58
1756012374.677945,-5,1,-57
1756012374.7159443,1,0,-61
1756012374.7519443,3,2,-51
1756012374.7889447,-3,3,-47
1756012374.8269446,3,0,-48
1756012374.8659446,1,-1,-48
1756012374.9019446,5,-5,-55
1756012374.9389446,2,-5,-47
1756012374.9769447,1,-3,-52
1756012375.0159447,2,1,-51
1756012375.0519447,5,0,-45
1756012375.088945,0,0,-53
1756012375.1259446,-3,8,-58
1756012375.1649446,-1,3,-59
1756012375.200945,-4,-1,-44
1756012375.2389443,-5,-5,-42
1756012375.2769446,-7,-5,-49
1756012375.315945,1,-7,-43
1756012375.3519447,-2,0,-57
1756012375.3899446,-4,3,-47
1756012375.427945,-3,0,-51
1756012375.4669447,-1,-1,-45
1756012375.5049446,3,1,-37
1756012375.5409446,0,1,-37
1756012375.5789447,0,3,-46
1756012375.6169446,0,-4,-57
1756012375.654945,0,-6,-55
1756012375.690945,4,-3,-55
1756012375.7289443,2,0,-56
1756012375.7669446,-2,0,-58
1756012375.8049445,-1,0,-50
1756012375.8409443,-6,4,-61
1756012375.8789446,-9,1,-59
1756012375.917945,-7,-4,-69
1756012375.9559443,0,-3,-52
1756012375.9919446,0,-3,-52
1756012376.0289447,-7,0,-63
1756012376.0679443,-2,-4,-50
1756012376.1059446,-10,5,-41
1756012376.1419446,-6,9,-51
1756012376.1789446,-6,7,-46
1756012376.2169447,-6,5,-43
1756012376.2559447,3,2,-53
1756012376.2919445,1,3,-61
1756012376.3289447,0,2,-56
1756012376.3669446,-1,0,-66
1756012376.4029446,2,-4,-53
1756012376.440945,8,-1,-36
1756012376.4799447,2,5,-52
1756012376.5179446,0,0,-49
1756012376.5559447,2,1,-57
1756012376.5919447,2,2,-55
1756012376.6299446,-1,1,-56
1756012376.667945,6,-5,-57
1756012376.7059443,4,1,-60
1756012376.7419446,-2,1,-51
1756012376.779945,-2,-3,-53
1756012376.8179443,0,-2,-51
1756012376.8569446,1,0,-49
1756012376.8929446,-5,2,-49
1756012376.9299445,-1,0,-46
1756012376.9679446,-1,-4,-46
1756012377.006945,0,1,-58
1756012377.042945,-1,0,-50
1756012377.0799446,0,0,-50
1756012377.1179447,-1,-4,-44
1756012377.1559446,0,2,-57
1756012377.1929443,-3,0,-46
1756012377.2299447,3,1,-52
1756012377.2679446,2,5,-61
1756012377.3059447,-2,1,-58
1756012377.3419447,3,3,-58
1756012377.3799446,6,-1,-47
1756012377.417945,0,0,-49
1756012377.4559443,-1,-1,-51
1756012377.4919446,-2,1,-55
1756012377.529945,-5,5,-62
1756012377.5679443,-3,2,-49
1756012377.6069446,-5,0,-55
1756012377.6429446,0,4,-52
1756012377.6799445,-1,0,-51
1756012377.7179446,-8,1,-55
1756012377.756945,0,0,-46
1756012377.792945,0,-5,-44
1756012377.8299446,0,4,-52
1756012377.8679447,1,5,-50
1756012377.9039447,2,-3,-46
1756012377.940945,-1,-3,-56
1756012377.9789443,0,-3,-48
1756012378.0179446,2,0,-46
1756012378.0539446,-1,5,-51
1756012378.0919447,-7,3,-46
1756012378.1289446,-7,4,-45
1756012378.167945,-4,-3,-42
1756012378.2039447,-7,1,-40
1756012378.2409446,-8,0,-40
1756012378.2789447,-1,3,-57
1756012378.3179443,8,0,-59
1756012378.3539443,4,-1,-55
1756012378.3919446,5,-4,-56
1756012378.4289446,-4,1,-51
1756012378.4679446,6,5,-66
1756012378.5039446,0,1,-62
1756012378.5419445,-4,6,-55
1756012378.5789447,-1,7,-57
1756012378.6179447,-1,0,-59
1756012378.6539447,4,-5,-52
1756012378.6919446,0,0,-38
1756012378.7289443,-3,2,-39
1756012378.7679446,0,0,-48
1756012378.8039446,-6,-1,-47
1756012378.8419447,-2,-4,-53
1756012378.8799446,1,-4,-46
1756012378.9189446,-9,1,-59
1756012378.9569447,-4,3,-62
1756012378.9929447,-6,2,-61
1756012379.0309446,0,-3,-60
1756012379.0689447,-6,-8,-57
1756012379.1079447,-2,-9,-53
1756012379.1439445,6,1,-47
1756012379.1809447,7,0,-44
1756012379.2189443,-5,-5,-37
1756012379.256945,0,0,-46
1756012379.292945,3,0,-43
1756012379.3299446,4,-5,-40
1756012379.3689446,-1,-6,-41
1756012379.4069445,-2,-5,-53
1756012379.4439447,-3,6,-56
1756012379.4809446,-3,3,-58
1756012379.5189445,-6,3,-46
1756012379.5579443,-8,3,-55
1756012379.5939443,1,-6,-55
1756012379.631945,6,4,-39
1756012379.6689446,-1,9,-58
1756012379.7079446,-4,-1,-59
1756012379.7439446,1,2,-67
1756012379.7809446,-6,-4,-59
1756012379.8189447,0,-4,-42
1756012379.8579447,-3,-3,-48
1756012379.8939445,-5,5,-44
1756012379.9319446,-11,-1,-52
1756012379.9689443,-2,-4,-55
1756012380.0079446,-3,0,-47
1756012380.0439446,0,0,-45
1756012380.0809443,-2,0,-48
1756012380.1189446,0,-4,-41
1756012380.157945,0,0,-49
1756012380.1939447,-2,-7,-51
1756012380.2319446,-2,0,-46
1756012380.269945,-1,-3,-53
1756012380.3089447,8,-1,-50
1756012380.3449447,5,-4,-55
1756012380.381945,-1,-2,-55
1756012380.4199443,-5,-5,-50
1756012380.4589446,2,0,-48
1756012380.4949446,0,-3,-56
1756012380.5319445,-4,-6,-64
1756012380.5699446,2,-5,-50
1756012380.608945,2,-3,-45
1756012380.644945,6,2,-40
1756012380.6819446,3,-5,-52
1756012380.7199447,1,-4,-48
1756012380.7589445,3,-6,-49
1756012380.7949443,-2,-4,-51
1756012380.8329446,4,0,-50
1756012380.8699446,8,6,-47
1756012380.907945,7,-2,-48
1756012380.9439447,3,5,-40
1756012380.9809446,4,6,-48
1756012381.0189445,3,-1,-49
1756012381.0549445,0,3,-41
1756012381.0919447,-7,1,-55
1756012381.1299446,0,0,-54
1756012381.167945,5,-4,-45
1756012381.2039447,-2,-4,-48
1756012381.2419446,-9,0,-47
1756012381.279945,-1,1,-50
1756012381.3189447,-2,4,-44
1756012381.3549447,-6,-4,-52
1756012381.3939445,-3,-7,-44
1756012381.4309447,-5,5,-53
1756012381.4699447,0,-1,-43
1756012381.5059447,-4,0,-49
1756012381.5439446,0,1,-47
1756012381.5809443,2,-1,-51
1756012381.6199446,3,-1,-45
1756012381.6559446,6,-1,-45
1756012381.6939447,8,1,-54
1756012381.7309446,4,2,-52
1756012381.769945,1,-2,-50
1756012381.8059447,-5,-3,-47
1756012381.8439443,-4,3,-48
1756012381.881945,-1,0,-56
1756012381.9209447,2,3,-55
1756012381.9589446,8,0,-55
1756012381.9949446,3,0,-57
1756012382.032945,0,-4,-43
1756012382.0709443,-9,-2,-53
1756012382.1099446,-1,-4,-41
1756012382.1459446,1,-4,-42
1756012382.1829443,-3,-5,-40
1756012382.2209446,-1,-1,-42
1756012382.259945,0,1,-43
1756012382.2959447,1,0,-46
1756012382.3329446,-1,-3,-48
1756012382.3709445,0,0,-42
1756012382.4099443,-7,-1,-52
1756012382.4459443,-5,3,-46
1756012382.4829447,-6,0,-49
1756012382.5209446,-5,-2,-53
1756012382.5599446,0,0,-51
1756012382.5959446,2,2,-53
1756012382.6329446,0,-4,-46
1756012382.6709447,10,0,-51
1756012382.7149446,11,-3,-51
1756012382.7539446,-6,-5,-47
1756012382.7909446,-9,-9,-46
1756012382.8299446,0,-2,-49
1756012382.8659446,-5,1,-44
1756012382.9029446,-1,4,-36
1756012382.940945,0,4,-48
1756012382.9769447,-8,0,-46
1756012383.0139446,-1,0,-55
1756012383.0519447,-7,8,-62
1756012383.0909443,-2,5,-60
1756012383.1269443,-5,8,-64
1756012383.1649446,1,2,-55
1756012383.2019446,-10,-1,-49
1756012383.2409446,-4,1,-46
1756012383.2769446,-2,3,-47
1756012383.3139446,4,8,-49
1756012383.3509445,1,1,-48
1756012383.3869443,2,2,-49
1756012383.4239447,5,0,-52
1756012383.460945,3,-3,-59
1756012383.4999447,0,-5,-51
1756012383.5359447,1,-3,-55
1756012383.5739446,1,0,-46
1756012383.611945,-4,2,-48
1756012383.6499443,0,1,-54
1756012383.6859446,3,0,-52
1756012383.723945,-3,0,-53
1756012383.7619443,-5,1,-60
1756012383.8009446,-5,-3,-53
1756012383.8369446,-4,0,-53
1756012383.8739443,0,-3,-43
1756012383.9119446,5,-7,-45
1756012383.950945,-4,1,-55
1756012383.986945,0,0,-56
1756012384.0239446,-2,0,-56
1756012384.062945,-1,-3,-49
1756012384.1009445,-1,-1,-56
1756012384.1369443,-3,-5,-47
1756012384.1749446,0,0,-50
1756012384.2129445,0,-4,-55
1756012384.2519443,4,0,-57
1756012384.2899446,2,-3,-45
1756012384.325945,1,-1,-52
1756012384.3639443,0,-4,-53
1756012384.4019446,1,-8,-59
1756012384.440945,-2,-2,-45
1756012384.4769447,1,-6,-54
1756012384.5149446,-1,-7,-55
1756012384.552945,2,-7,-58
1756012384.5919447,-4,-3,-57
1756012384.6279447,-4,-6,-61
1756012384.6659446,-3,0,-50
1756012384.7049446,-3,-3,-50
1756012384.7419446,1,-2,-56
1756012384.7809446,9,-2,-65
1756012384.8169446,7,-3,-48
1756012384.8549447,0,-1,-43
1756012384.8929446,-4,1,-48
1756012384.9319446,4,8,-59
1756012384.9679446,2,4,-58
1756012385.0049446,4,0,-56
1756012385.0419445,3,5,-55
1756012385.0779445,5,3,-45
1756012385.1159446,-3,1,-52
1756012385.1529446,-9,2,-51
1756012385.1919446,-2,0,-60
1756012385.2279446,2,-4,-52
1756012385.2659447,0,3,-43
1756012385.302945,-4,1,-48
1756012385.3419447,-2,-2,-43
1756012385.3779447,-5,-8,-48
1756012385.4159446,-2,-1,-51
1756012385.4539447,-1,-2,-52
1756012385.4929447,-1,-4,-51
1756012385.5309446,-4,-1,-55
1756012385.5669446,0,-1,-60
1756012385.6039443,2,-4,-44
1756012385.6429446,-2,2,-51
1756012385.6809447,-1,2,-54
1756012385.7169447,-1,1,-56
1756012385.7539446,3,0,-55
1756012385.7919445,-1,3,-61
1756012385.8289447,-2,2,-52
1756012385.8659446,2,4,-56
1756012385.9039447,-4,8,-62
1756012385.9419446,0,0,-47
1756012385.9789443,1,0,-42
1756012386.0159447,0,3,-50
1756012386.0539446,4,-3,-54
1756012386.0919447,0,-3,-58
1756012386.1279447,-8,-2,-65
1756012386.1659446,-1,-1,-56
1756012386.2039447,2,-3,-44
1756012386.2429447,5,-4,-60
1756012386.2789447,1,-9,-55
1756012386.315945,8,-6,-56
1756012386.3539443,4,-1,-38
1756012386.3929446,5,-9,-50
1756012386.4289446,2,-6,-52
1756012386.4669447,0,-9,-57
1756012386.5049446,-3,-7,-59
1756012386.542945,-2,2,-66
1756012386.5819447,-7,2,-57
1756012386.6179447,-6,1,-59
1756012386.6559446,-4,-6,-57
1756012386.6949446,1,-2,-44
1756012386.7329447,3,0,-65
1756012386.7689445,0,4,-54
1756012386.8059447,0,14,-52
1756012386.8429446,6,0,-56
1756012386.8789446,0,-1,-53
1756012386.9159446,-2,-7,-66
1756012386.9539447,0,-1,-62
1756012386.9929447,-1,-7,-58
1756012387.0289447,0,2,-45
1756012387.065945,0,0,-47
1756012387.1039443,-2,-1,-54
1756012387.1419446,-3,1,-41
1756012387.177945,-1,-5,-52
1756012387.2159443,-5,-6,-54
1756012387.2539446,-10,-6,-61
1756012387.292945,-2,-4,-73
1756012387.3289447,0,0,-58
1756012387.3659446,7,-1,-54
1756012387.4039447,5,1,-52
1756012387.4419446,0,-3,-55
1756012387.4779446,1,-1,-56
1756012387.5159447,1,-3,-64
1756012387.5539446,-2,-5,-58
1756012387.5929446,1,-5,-41
1756012387.6289446,-10,0,-50
1756012387.6659446,0,-3,-53
1756012387.7039447,1,0,-51
1756012387.7419446,2,2,-60
1756012387.7779446,4,-5,-58
1756012387.8149445,6,-6,-54
1756012387.8539443,-1,-5,-52
1756012387.8899446,-8,-3,-51
1756012387.927945,5,0,-47
1756012387.9649446,-3,-4,-41
1756012388.0039446,3,1,-49
1756012388.0399446,2,-4,-41
1756012388.0779445,-3,-4,-45
1756012388.1159446,-8,1,-54
1756012388.1539447,8,0,-51
1756012388.1929443,0,4,-47
1756012388.2289443,0,8,-47
1756012388.2659447,1,-1,-49
1756012388.3039446,2,-1,-33
1756012388.3429446,1,-3,-43
1756012388.3789446,1,-3,-48
1756012388.4169445,9,-2,-55
1756012388.4549446,11,-3,-62
1756012388.4939446,12,-2,-49
1756012388.529945,0,3,-54
1756012388.5669446,4,-5,-55
1756012388.6049447,-1,-2,-51
1756012388.6439445,1,1,-53
1756012388.6799445,-1,8,-53
1756012388.7169447,0,4,-53
1756012388.7549446,-1,-2,-58
1756012388.7939446,-5,-3,-57
1756012388.8299446,3,-4,-56
1756012388.8679447,-5,0,-54
1756012388.904945,-4,-4,-54
1756012388.9439447,0,0,-55
1756012388.9799447,4,2,-54
1756012389.0179446,1,4,-48
1756012389.0549445,-2,2,-63
1756012389.0939443,0,-3,-49
1756012389.1299446,-4,-2,-55
1756012389.167945,4,1,-54
1756012389.2059443,0,1,-49
1756012389.2439446,-2,1,-57
1756012389.279945,0,0,-59
1756012389.3169446,-3,-3,-41
1756012389.3549447,6,0,-53
1756012389.3939445,-1,1,-54
1756012389.4299445,-1,-1,-53
1756012389.4689443,2,1,-56
1756012389.5059447,4,2,-50
1756012389.5439446,-5,2,-46
1756012389.5799446,-3,0,-47
1756012389.6169446,-1,-3,-56
1756012389.654945,-1,-3,-49
1756012389.6939447,-5,0,-59
1756012389.7299447,1,4,-56
1756012389.7669446,3,1,-50
1756012389.8049445,4,3,-43
1756012389.8409443,1,0,-48
1756012389.8789446,0,-4,-53
1756012389.9169445,6,-7,-57
1756012389.9549446,3,-3,-51
1756012389.9939446,-3,-5,-52
1756012390.029945,-1,-1,-57
1756012390.0689447,-4,-5,-58
1756012390.1059446,0,0,-59
1756012390.1439445,3,-2,-40
1756012390.1799445,2,1,-50
1756012390.2169447,1,-5,-52
1756012390.2559447,2,-4,-63
1756012390.2939446,9,-3,-47
1756012390.3299446,5,-7,-47
1756012390.3669446,-8,-2,-56
1756012390.4059446,1,0,-45
1756012390.4439447,2,-3,-50
1756012390.4799447,-6,-1,-55
1756012390.5189445,-4,3,-59
1756012390.5559447,-1,4,-53
1756012390.5949447,0,3,-50
1756012390.6309447,-5,-3,-49
1756012390.6689446,0,-7,-48
1756012390.7069447,-4,6,-49
1756012390.7459445,-7,1,-54
1756012390.7839446,-5,11,-51
1756012390.8199446,-1,1,-46
1756012390.8579447,0,-4,-52
1756012390.8959446,-5,1,-46
1756012390.9349446,-6,0,-36
1756012390.9709446,-6,-1,-53
1756012391.009945,-6,0,-54
1756012391.0469446,4,-3,-48
1756012391.085945,0,-8,-46
1756012391.1239443,3,-10,-52
1756012391.1599443,-3,-8,-58
1756012391.1979446,0,-3,-47
1756012391.2359445,-3,-5,-50
1756012391.2749443,1,1,-53
1756012391.3109446,1,-5,-48
1756012391.3479445,2,-6,-56
1756012391.3859446,-1,-2,-59
1756012391.4249446,-4,-5,-50
1756012391.460945,2,-7,-57
1756012391.4979446,5,-10,-65
1756012391.5359447,8,-10,-57
1756012391.5749447,1,-1,-51
1756012391.6109445,0,-3,-56
1756012391.6479447,-2,1,-70
1756012391.6859446,0,0,-52
1756012391.7219446,0,-2,-56
1756012391.7589445,-4,0,-55
1756012391.7969446,0,-1,-40
1756012391.835945,3,4,-53
1756012391.871945,1,10,-55
1756012391.9089446,4,4,-59
1756012391.9469447,3,1,-61
1756012391.9849446,4,0,-56
1756012392.0209446,7,0,-53
1756012392.0589447,9,0,-53
1756012392.0969446,3,-4,-54
1756012392.134945,5,0,-51
1756012392.1709447,4,4,-35
1756012392.2079446,0,2,-48
1756012392.2459445,0,0,-45
1756012392.2819445,1,-7,-47
1756012392.3199446,0,2,-45
1756012392.3579447,5,4,-54
1756012392.3959446,-2,-1,-56
1756012392.4319446,-1,-9,-45
1756012392.4699447,-2,1,-35
1756012392.5079446,-1,-2,-51
1756012392.5469446,-5,-4,-50
1756012392.5849447,-3,-3,-45
1756012392.6209445,7,4,-58
1756012392.6589446,5,-1,-58
1756012392.6969447,5,-7,-51
1756012392.7409446,-1,-11,-49
1756012392.7789447,-3,-4,-45
1756012392.8179443,3,0,-52
1756012392.8559446,7,3,-58
1756012392.8919446,10,0,-49
1756012392.9289446,1,-1,-47
1756012392.9679446,9,-1,-51
1756012393.0059447,1,3,-57
1756012393.0419445,0,0,-48
1756012393.0789447,1,7,-46
1756012393.1169446,6,-6,-46
1756012393.1529446,0,-6,-45
1756012393.190945,0,-2,-50
1756012393.2289443,4,-1,-51
1756012393.2679446,2,-5,-51
1756012393.3059447,0,-4,-56
1756012393.3419447,3,0,-48
1756012393.3789446,0,-2,-57
1756012393.417945,5,1,-58
1756012393.4559443,6,-5,-56
1756012393.4919446,3,-4,-63
1756012393.5289447,-7,-1,-53
1756012393.5679443,-12,0,-52
1756012393.6059446,1,-1,-54
1756012393.6419446,1,-1,-53
1756012393.6789446,4,-1,-48
1756012393.7179446,2,0,-55
1756012393.7559447,0,2,-55
1756012393.7919445,-2,0,-60
1756012393.8299446,-1,-4,-57
1756012393.8679447,2,-4,-53
1756012393.9069445,-1,-4,-61
1756012393.9429443,-7,1,-59
1756012393.9799447,-6,-5,-56
1756012394.0179446,1,-6,-57
1756012394.0569446,3,-4,-54
1756012394.0929446,1,0,-49
1756012394.1299446,-2,-2,-55
1756012394.167945,2,5,-40
1756012394.2059443,0,-3,-43
1756012394.2419446,1,-11,-47
1756012394.2789447,0,0,-55
1756012394.3169446,0,2,-51
1756012394.3529446,-4,-2,-46
1756012394.3919446,-9,0,-42
1756012394.4289446,-3,-3,-49
1756012394.4679446,-1,-2,-55
1756012394.5039446,0,-6,-46
1756012394.5419445,6,-1,-57
1756012394.5789447,3,-5,-62
1756012394.6179447,-1,1,-47
1756012394.6539447,0,-1,-56
1756012394.6919446,-2,-7,-63
1756012394.7289443,-3,-8,-50
1756012394.7679446,5,-4,-48
1756012394.8039446,2,3,-54
1756012394.8419447,-3,7,-56
1756012394.8789446,-6,2,-40
1756012394.917945,-4,-1,-54
1756012394.9539447,1,-8,-48
1756012394.9919446,4,-3,-37
1756012395.0289447,11,0,-51
1756012395.0669446,3,-1,-53
1756012395.1029446,3,-4,-50
1756012395.1399446,2,0,-43
1756012395.177945,-2,-5,-56
1756012395.213945,-6,-6,-51
1756012395.2519443,-1,-3,-53
1756012395.2899446,-1,-1,-59
1756012395.3289447,3,-4,-52
1756012395.3669446,0,0,-45
1756012395.4029446,3,2,-39
1756012395.440945,1,0,-40
1756012395.4789443,-2,-1,-46
1756012395.5169446,1,-3,-56
1756012395.552945,1,1,-45
1756012395.5899446,1,-1,-46
1756012395.6289446,-4,-5,-44
1756012395.6669445,-4,1,-44
1756012395.7029445,-4,2,-57
1756012395.7399447,-7,1,-59
1756012395.7789447,0,-8,-54
1756012395.8169446,-2,0,-55
1756012395.8529446,-1,-10,-61
1756012395.8909447,-2,-6,-60
1756012395.9289446,-3,-5,-51
1756012395.9679446,0,-8,-47
1756012396.0039446,-6,-2,-57
1756012396.0419445,1,-3,-54
1756012396.0799446,1,-3,-53
1756012396.1189446,1,4,-49
1756012396.154945,4,-4,-46
1756012396.1929443,11,1,-40
1756012396.2299447,3,0,-47
1756012396.2679446,0,-8,-45
1756012396.3039446,0,1,-52
1756012396.3409443,1,5,-44
1756012396.3789446,1,-6,-47
1756012396.4149446,1,4,-47
1756012396.4519446,-5,10,-49
1756012396.4899447,-6,0,-49
1756012396.5289447,7,0,-43
1756012396.5649445,0,2,-54
1756012396.6019447,0,4,-55
1756012396.6389446,1,1,-54
1756012396.6749446,5,-1,-59
1756012396.7119446,-3,7,-54
1756012396.7509446,-8,2,-52
1756012396.7889447,-5,-2,-62
1756012396.8249447,-1,-3,-52
1756012396.8629446,-7,-1,-55
1756012396.9009447,-6,0,-46
1756012396.9399445,2,2,-52
1756012396.9779446,0,0,-49
1756012397.0139446,3,-2,-44
1756012397.0519447,-1,-7,-58
1756012397.0899446,2,-2,-45
1756012397.1289446,2,0,-52
1756012397.1649446,1,-3,-45
1756012397.2019446,-2,-5,-46
1756012397.2409446,0,-7,-54
1756012397.2789447,2,-7,-59
1756012397.3149445,0,-2,-53
1756012397.3529446,-6,-4,-48
1756012397.3909447,9,-7,-42
1756012397.4289446,-1,-6,-50
1756012397.4649446,-1,-7,-43
1756012397.5029447,-1,-2,-44
1756012397.5409446,-3,-2,-49
1756012397.5799446,3,-5,-52
1756012397.6179447,-2,-8,-57
1756012397.6539447,-8,-3,-67
1756012397.6919446,-3,-3,-47
1756012397.7299447,0,-1,-61
1756012397.7689445,0,-8,-63
1756012397.8049445,1,-4,-63
1756012397.8419447,-1,-3,-57
1756012397.8799446,6,1,-52
1756012397.9189446,-2,-8,-43
1756012397.9549446,2,0,-45
1756012397.9929447,-2,-4,-60
1756012398.0309446,0,-10,-48
1756012398.0699446,-7,-2,-47
1756012398.1059446,-4,1,-44
1756012398.1439445,0,2,-54
1756012398.1809447,0,-1,-55
1756012398.2199447,-2,-4,-49
1756012398.2559447,0,-6,-48
1756012398.2939446,3,-6,-56
1756012398.3319447,1,-3,-53
1756012398.3699446,0,-2,-57
1756012398.4089446,-2,1,-57
1756012398.4449446,-5,-5,-62
1756012398.4829447,-2,-1,-52
1756012398.5209446,-5,3,-54
1756012398.5599446,3,-5,-41
1756012398.5959446,13,-2,-40
1756012398.6339445,5,0,-45
1756012398.6709447,5,1,-48
1756012398.7099447,5,2,-44
1756012398.7459445,-1,3,-45
1756012398.7839446,4,9,-52
1756012398.8219447,4,6,-53
1756012398.8599446,-7,1,-55
1756012398.8959446,0,-7,-51
1756012398.9339447,1,-5,-55
1756012398.9719446,3,-3,-44
1756012399.0109446,8,-2,-64
1756012399.0489447,9,-2,-51
1756012399.0849447,3,-6,-41
1756012399.1229446,2,-1,-44
1756012399.1609447,-6,1,-55
1756012399.1989446,-1,-1,-62
1756012399.2349446,-1,-6,-61
1756012399.2729447,-3,-1,-56
1756012399.3109446,-3,-5,-55
1756012399.3499446,-1,-6,-62
1756012399.3859446,-1,-3,-60
1756012399.4239447,3,0,-54
1756012399.460945,-4,-6,-39
1756012399.4999447,-8,2,-47
1756012399.5359447,3,0,-53
1756012399.5729446,3,-4,-51
1756012399.6109445,2,2,-50
1756012399.6469443,-3,-3,-51
1756012399.6849446,-4,-7,-47
1756012399.7229445,-9,0,-49
1756012399.7609446,-1,-8,-58
1756012399.7999446,-7,-1,-49
1756012399.835945,-6,-2,-50
1756012399.8739443,1,4,-49
1756012399.9109447,-4,-2,-49
1756012399.9499447,1,-5,-60
1756012399.9859445,-2,-6,-55
1756012400.0239446,-2,0,-54
1756012400.0619447,-2,-1,-50
1756012400.1009445,-3,-5,-54
1756012400.1369443,-2,-2,-51
1756012400.1749446,6,3,-60
1756012400.2129445,1,10,-56
1756012400.2509446,5,1,-69
1756012400.2869446,0,1,-59
1756012400.3249447,0,-1,-54
1756012400.3629446,-2,2,-55
1756012400.4019446,-2,1,-56
1756012400.4399445,-3,-4,-46
1756012400.4759445,-6,1,-49
1756012400.5129447,0,7,-52
1756012400.5519447,0,-1,-48
1756012400.5899446,0,1,-43
1756012400.6259446,4,1,-58
1756012400.6629446,5,-3,-48
1756012400.7019446,6,-7,-46
1756012400.7399447,1,-6,-50
1756012400.7759447,3,-6,-47
1756012400.812945,-1,-3,-43
1756012400.8519447,-8,-12,-58
1756012400.8899446,-1,-7,-51
1756012400.9259446,0,-11,-50
1756012400.9629445,2,-2,-52
1756012401.0019443,2,1,-51
1756012401.0399446,1,-4,-38
1756012401.075945,-3,-8,-34
1756012401.1149447,3,-6,-47
1756012401.1519446,5,-5,-54
1756012401.190945,7,6,-58
1756012401.2269447,3,4,-51
1756012401.2639446,2,2,-52
1756012401.3019447,4,-1,-52
1756012401.3409443,-2,1,-43
1756012401.3769443,-11,-2,-40
1756012401.4149446,-5,-4,-33
1756012401.4529445,-11,-2,-41
1756012401.4919446,-2,2,-54
1756012401.5279446,2,-5,-59
1756012401.5649445,-6,0,-62
1756012401.6029446,-6,-1,-43
1756012401.6419446,-8,-4,-41
1756012401.677945,3,-1,-44
1756012401.7149446,7,1,-47
1756012401.7519443,4,5,-58
1756012401.7879446,5,0,-53
1756012401.8249447,-9,-1,-59
1756012401.8629446,-14,1,-54
1756012401.9019446,0,2,-52
1756012401.937945,4,-6,-56
1756012401.9759445,7,1,-48
1756012402.0139446,2,-4,-47
1756012402.052945,0,-4,-45
1756012402.0909443,2,-1,-38
1756012402.1269443,-3,-1,-45
1756012402.1649446,0,0,-46
1756012402.2029445,1,1,-50
1756012402.2409446,0,1,-45
1756012402.2769446,4,3,-45
1756012402.3139446,4,2,-61
1756012402.3529446,-1,0,-52
1756012402.3909447,-6,-2,-44
1756012402.4269447,8,-2,-50
1756012402.463945,-3,0,-54
1756012402.5029447,0,2,-42
1756012402.5409446,0,0,-47
1756012402.5769446,-4,1,-54
1756012402.6139443,1,-3,-56
1756012402.6529446,3,0,-45
1756012402.690945,5,-2,-42
1756012402.7269447,2,0,-45
1756012402.7729447,-2,-1,-38
1756012402.8109446,3,6,-58
1756012402.8469446,-1,2,-61
1756012402.884945,-2,-3,-44
1756012402.9229443,-8,-2,-51
1756012402.9619446,-11,3,-49
1756012402.9979446,-9,-1,-54
1756012403.0359447,-6,0,-46
1756012403.0739446,-1,4,-49
1756012403.1129446,1,-5,-48
1756012403.1499443,-1,-2,-51
1756012403.1869447,0,4,-54
1756012403.223945,2,-2,-57
1756012403.2629447,5,-7,-52
1756012403.2989447,2,-6,-45
1756012403.3369446,4,-5,-46
1756012403.3749447,6,0,-49
1756012403.4129446,0,0,-49
1756012403.4519446,1,-5,-51
1756012403.4879446,-5,-2,-43
1756012403.5259447,0,-4,-49
1756012403.5639446,0,-1,-41
1756012403.6029446,1,1,-41
1756012403.6389446,0,0,-57
1756012403.6759446,2,-1,-56
1756012403.713945,-2,-7,-38
1756012403.7529447,0,-6,-46
1756012403.7889447,3,-3,-56
1756012403.825945,-2,0,-47
1756012403.8639443,0,0,-46
1756012403.9019446,2,-2,-48
1756012403.937945,5,0,-54
1756012403.9749446,-1,0,-50
1756012404.0139446,3,1,-61
1756012404.0519447,5,3,-61
1756012404.0879445,3,3,-54
1756012404.1249447,3,1,-56
1756012404.1629446,-1,2,-61
1756012404.1989446,0,-1,-54
1756012404.236945,-2,1,-53
1756012404.2749443,-2,-3,-45
1756012404.3139446,1,0,-50
1756012404.3519447,0,0,-57
1756012404.3879447,1,-5,-53
1756012404.4249446,-6,-4,-59
1756012404.463945,4,0,-60
1756012404.5019443,2,0,-57
1756012404.5379446,3,0,-53
1756012404.5749447,3,4,-39
1756012404.6129446,0,6,-47
1756012404.6489446,-5,1,-50
1756012404.6869447,-10,0,-49
1756012404.7249446,-4,-1,-49
1756012404.7639446,2,0,-57
1756012404.7999446,-5,-3,-42
1756012404.8379445,-6,1,-47
1756012404.8759446,1,0,-58
1756012404.9139447,0,2,-56
1756012404.9499447,2,1,-64
1756012404.9879446,0,-3,-59
1756012405.0249443,4,-4,-48
1756012405.0639446,1,4,-43
1756012405.0999446,-6,-6,-53
1756012405.1379447,3,0,-56
1756012405.1759446,-3,0,-46
1756012405.2149446,0,-2,-48
1756012405.2529447,-3,-3,-52
1756012405.2889447,0,-1,-50
1756012405.325945,2,3,-56
1756012405.3639443,-1,4,-52
1756012405.3999443,5,1,-41
1756012405.437945,3,1,-46
1756012405.4749446,-4,1,-50
1756012405.5139446,4,6,-57
1756012405.5499446,0,2,-52
1756012405.5879445,1,1,-47
1756012405.6249447,1,-4,-47
1756012405.6639447,0,4,-52
1756012405.6999447,5,3,-41
1756012405.736945,3,1,-45
1756012405.7749443,0,0,-47
1756012405.812945,4,3,-41
1756012405.848945,0,2,-56
1756012405.8859446,4,-4,-57
1756012405.9249446,5,4,-54
1756012405.9629445,-3,-1,-53
1756012405.9989443,-1,-7,-51
1756012406.0379446,-1,-4,-43
1756012406.0749447,0,0,-49
1756012406.1139443,-7,-1,-58
1756012406.1499443,-7,0,-54
1756012406.1869447,-3,1,-54
1756012406.2249446,0,4,-50
1756012406.2609446,-4,-3,-42
1756012406.2999446,-2,4,-57
1756012406.3379445,-2,4,-57
1756012406.3749447,0,7,-48
1756012406.4109447,3,2,-58
1756012406.4479446,2,0,-63
1756012406.4849446,0,3,-57
1756012406.5239446,-2,0,-42
1756012406.5599446,-3,1,-50
1756012406.5969446,-2,6,-51
1756012406.634945,-3,4,-44
1756012406.6739447,2,0,-29
1756012406.7099447,1,1,-35
1756012406.746945,-5,5,-57
1756012406.7849443,-4,0,-51
1756012406.8239446,3,-5,-38
1756012406.8599446,0,-1,-42
1756012406.8969443,1,-1,-49
1756012406.9359446,-2,11,-55
1756012406.973945,2,6,-54
1756012407.009945,0,0,-54
1756012407.0479443,-1,5,-48
1756012407.085945,0,-3,-54
1756012407.1249447,0,1,-58
1756012407.1609447,1,0,-55
1756012407.1979446,5,-2,-58
1756012407.2359445,-8,-2,-50
1756012407.2749443,-4,6,-57
1756012407.3109446,-5,3,-47
1756012407.3479445,3,0,-52
1756012407.3859446,1,-4,-50
1756012407.4249446,0,-7,-68
1756012407.460945,2,-1,-55
1756012407.4979446,-2,-4,-55
1756012407.5359447,-7,0,-58
1756012407.5749447,-2,-8,-61
1756012407.6109445,0,-4,-50
1756012407.6499443,0,-4,-47
1756012407.6869447,1,5,-62
1756012407.7249446,0,5,-48
1756012407.7609446,0,0,-51
1756012407.7979443,2,-2,-45
1756012407.835945,4,2,-49
1756012407.8749447,-2,0,-59
1756012407.9109447,1,3,-64
1756012407.9479446,4,-2,-52
1756012407.9859445,2,-1,-56
1756012408.0249443,-1,-2,-54
1756012408.0609446,-2,2,-49
1756012408.0979445,0,4,-49
1756012408.1369443,-2,-3,-46
1756012408.1749446,-1,2,-63
1756012408.210945,-4,-3,-55
1756012408.2489443,-12,1,-41
1756012408.2869446,-6,-4,-43
1756012408.325945,-1,0,-44
1756012408.361945,-3,1,-52
1756012408.3999443,-6,2,-54
1756012408.437945,7,-3,-48
1756012408.4759445,0,-2,-46
1756012408.5149446,3,-7,-44
1756012408.5509446,3,-5,-49
1756012408.588945,-6,-7,-56
1756012408.6269443,-2,1,-49
1756012408.6659446,-7,2,-45
1756012408.7019446,-3,1,-47
1756012408.7399447,-2,4,-49
1756012408.7769446,0,-3,-62
1756012408.815945,4,-4,-54
1756012408.8519447,0,0,-55
1756012408.8889446,6,0,-55
1756012408.9269447,1,-2,-54
1756012408.9649446,1,0,-50
1756012409.0009446,-7,-1,-52
1756012409.0389447,-3,0,-55
1756012409.0769446,0,6,-53
1756012409.1159446,1,3,-56
1756012409.1519446,-2,-1,-55
1756012409.1899445,1,0,-53
1756012409.2269447,8,-5,-42
1756012409.2659447,2,0,-45
1756012409.3019447,-5,0,-45
1756012409.338945,-2,-2,-44
1756012409.3769443,-5,-3,-45
1756012409.4159446,-1,-8,-41
1756012409.4519446,0,-5,-46
1756012409.4899447,0,-8,-47
1756012409.5269446,1,-3,-59
1756012409.565945,1,-3,-52
1756012409.6019447,-1,0,-44
1756012409.6389446,-3,-6,-43
1756012409.6769447,1,-1,-31
1756012409.7159443,0,-4,-40
1756012409.7519443,-1,-2,-47
1756012409.7899446,-3,-5,-51
1756012409.8289447,-2,-4,-56
1756012409.8669446,-3,0,-50
1756012409.9029446,-3,1,-53
1756012409.9399445,0,5,-52
1756012409.9769447,0,6,-50
1756012410.0159447,-2,2,-49
1756012410.0519447,-2,2,-45
1756012410.088945,-1,0,-45
1756012410.1269443,2,7,-54
1756012410.1629446,-2,7,-48
1756012410.200945,0,1,-47
1756012410.2389443,-1,2,-44
1756012410.2769446,0,-3,-46
1756012410.315945,0,-5,-46
1756012410.3519447,-3,-2,-60
1756012410.3899446,-4,-1,-58
1756012410.4289446,-4,-2,-50
1756012410.4669447,-3,-4,-51
1756012410.5029447,0,-4,-65
1756012410.5409446,0,-4,-52
1756012410.5789447,0,2,-46
1756012410.6179447,0,0,-47
1756012410.6559446,2,0,-53
1756012410.6919446,5,-3,-44
1756012410.7289443,5,3,-54
1756012410.7669446,0,-7,-61
1756012410.802945,-6,-5,-64
1756012410.8409443,-1,-5,-66
1756012410.8789446,-6,0,-53
1756012410.917945,-5,-1,-54
1756012410.9559443,-6,0,-63
1756012410.9919446,-3,0,-57
1756012411.0289447,-6,-2,-48
1756012411.0679443,-8,-2,-51
1756012411.1059446,-3,-6,-58
1756012411.1419446,-1,-4,-49
1756012411.1799445,3,0,-40
1756012411.2179446,-4,-6,-43
1756012411.2539446,-2,2,-45
1756012411.2909446,-4,-2,-55
1756012411.3289447,0,1,-49
1756012411.3669446,-2,3,-46
1756012411.4029446,1,2,-53
1756012411.4399445,2,0,-39
1756012411.4779446,2,0,-40
1756012411.5139446,7,-1,-52
1756012411.5509446,-6,1,-47
1756012411.588945,2,0,-52
1756012411.6279447,1,-2,-52
1756012411.6639447,3,-1,-53
1756012411.700945,0,2,-59
1756012411.7379446,-3,-2,-55
1756012411.7769446,0,5,-57
1756012411.812945,-2,0,-62
1756012411.8509445,-4,-2,-57
1756012411.8899446,3,0,-54
1756012411.927945,-3,2,-52
1756012411.963945,-7,-3,-53
1756012412.0029447,3,0,-54
1756012412.0399446,0,0,-47
1756012412.0779445,-2,-3,-53
1756012412.1139443,-2,0,-61
1756012412.1509447,-1,-9,-47
1756012412.1889446,5,-4,-46
1756012412.2279446,0,0,-49
1756012412.2639446,0,0,-52
1756012412.3009446,0,0,-48
1756012412.338945,-2,1,-48
1756012412.3769443,-3,-8,-47
1756012412.4129446,0,-4,-49
1756012412.4499447,3,-9,-56
1756012412.4889443,-12,1,-56
1756012412.5269446,-11,0,-69
1756012412.562945,-7,0,-68
1756012412.6009445,-5,-4,-69
1756012412.6389446,-7,-2,-65
1756012412.677945,0,8,-59
1756012412.713945,-5,5,-62
1756012412.7509446,-1,-2,-45
1756012412.7969446,7,0,-66
1756012412.8329446,9,3,-51
1756012412.8709445,-4,0,-41
1756012412.9099443,0,3,-51
1756012412.9479446,-1,4,-53
1756012412.983945,1,2,-58
1756012413.0209446,0,3,-54
1756012413.0589447,-3,0,-47
1756012413.0949447,0,-4,-51
1756012413.131945,-1,-6,-56
1756012413.1699443,4,-5,-41
1756012413.2089446,0,-3,-41
1756012413.2449446,1,8,-46
1756012413.2819445,2,4,-54
1756012413.3199446,1,-2,-61
1756012413.358945,-3,-2,-43
1756012413.394945,-1,-4,-55
1756012413.4329443,0,5,-57
1756012413.4709446,1,-4,-43
1756012413.5089445,1,-2,-57
1756012413.5479443,0,7,-53
1756012413.5839446,0,2,-56
1756012413.6209445,4,0,-52
1756012413.6599443,6,4,-56
1756012413.6979446,0,-8,-47
1756012413.733945,-4,-2,-50
1756012413.7729447,0,0,-46
1756012413.8109446,-1,0,-45
1756012413.848945,3,0,-48
1756012413.8859446,4,-8,-61
1756012413.9229443,-4,-1,-47
1756012413.960945,-1,-8,-45
1756012413.9999447,0,-2,-48
1756012414.0379446,1,0,-46
1756012414.0739446,-3,-1,-52
1756012414.111945,-5,-5,-56
1756012414.1499443,-3,0,-50
1756012414.1889446,-7,1,-48
1756012414.2249446,4,0,-57
1756012414.2629447,0,-5,-59
1756012414.3009446,1,-1,-61
1756012414.3399446,6,-2,-45
1756012414.3779447,3,5,-47
1756012414.4139447,0,-1,-55
1756012414.450945,-5,-5,-42
1756012414.4899447,-4,-4,-41
1756012414.5259447,0,1,-50
1756012414.562945,1,1,-44
1756012414.5999446,0,-3,-59
1756012414.6389446,-6,-5,-51
1756012414.6749446,-2,-7,-47
1756012414.7129445,-1,0,-57
1756012414.7519443,-1,-5,-45
1756012414.7899446,-4,0,-45
1756012414.825945,-2,0,-46
1756012414.8629446,5,-6,-47
1756012414.9019446,2,-3,-55
1756012414.9399445,0,-6,-47
1756012414.9759445,0,1,-46
1756012415.0129447,-6,-1,-54
1756012415.0509446,0,-2,-47
1756012415.0899446,0,-2,-46
1756012415.1259446,-4,0,-51
1756012415.1629446,9,-8,-44
1756012415.2019446,2,0,-57
1756012415.2399447,-1,0,-48
1756012415.2759447,-6,-7,-51
1756012415.3139446,0,-5,-59
1756012415.3519447,0,-4,-50
1756012415.3909447,-3,-3,-61
1756012415.4289446,3,-4,-56
1756012415.4649446,0,-1,-54
1756012415.5019443,5,5,-52
1756012415.5399446,4,2,-40
1756012415.575945,0,2,-49
1756012415.6139443,-1,0,-44
1756012415.6519446,-9,2,-46
1756012415.6899445,2,-1,-44
1756012415.7259445,7,2,-54
1756012415.7639446,5,-1,-55
1756012415.8019447,-5,9,-49
1756012415.8409443,-6,-3,-52
1756012415.8789446,-2,11,-56
1756012415.9149446,4,2,-54
1756012415.9519446,2,-5,-53
1756012415.9909446,3,-5,-56
1756012416.0289447,0,0,-50
1756012416.0649445,1,-1,-51
1756012416.1019447,1,-2,-41
1756012416.1409447,3,-1,-53
1756012416.1789446,0,3,-43
1756012416.2149446,0,1,-48
1756012416.2519443,0,-1,-45
1756012416.2909446,-2,0,-42
1756012416.3269446,1,-5,-46
1756012416.3639443,5,-3,-56
1756012416.4019446,2,-4,-61
1756012416.440945,-5,0,-45
1756012416.4769447,-14,2,-40
1756012416.5139446,-3,6,-57
1756012416.5519447,4,-7,-49
1756012416.5909443,8,-8,-36
1756012416.6269443,2,-7,-45
1756012416.6639447,-1,1,-40
1756012416.7019446,-5,-6,-38
1756012416.7409446,3,0,-47
1756012416.7769446,0,6,-54
1756012416.8139446,-3,0,-45
1756012416.8519447,1,-1,-42
1756012416.8909447,-1,-3,-42
1756012416.9269447,-2,-1,-42
1756012416.9649446,2,-2,-53
1756012417.0029447,0,-3,-53
1756012417.0419445,4,0,-57
1756012417.0799446,-4,0,-52
1756012417.1159446,1,-1,-64
1756012417.1529446,3,3,-57
1756012417.190945,-3,2,-54
1756012417.2269447,0,0,-59
1756012417.2639446,5,5,-63
1756012417.3019447,4,-6,-49
1756012417.3399446,-3,-4,-46
1756012417.3759446,1,-3,-52
1756012417.4139447,-1,0,-50
1756012417.4519446,5,5,-51
1756012417.4899447,5,1,-59
1756012417.5259447,6,5,-50
1756012417.562945,7,0,-60
1756012417.6019447,4,-2,-51
1756012417.6399446,0,-3,-51
1756012417.6759446,-1,0,-46
1756012417.7129445,-2,1,-44
1756012417.7519443,-3,1,-44
1756012417.7899446,-2,4,-52
1756012417.825945,3,-1,-59
1756012417.8629446,3,-2,-61
1756012417.9019446,5,-3,-68
1756012417.937945,1,-4,-53
1756012417.9749446,-2,-3,-54
1756012418.0129447,5,-3,-60
1756012418.0519447,-1,-4,-58
1756012418.0879445,0,0,-66
1756012418.1249447,7,0,-63
1756012418.1629446,0,2,-48
1756012418.2019446,1,0,-45
1756012418.2379446,0,-1,-56
1756012418.2759447,0,0,-39
1756012418.312945,-6,0,-40
1756012418.3519447,0,-3,-48
1756012418.3879447,-10,0,-49
1756012418.4249446,-14,3,-52
1756012418.4629445,-6,0,-41
1756012418.5019443,0,0,-44
1756012418.5379446,5,-2,-49
1756012418.575945,7,0,-54
1756012418.6129446,-3,-5,-49
1756012418.6519446,-2,-6,-44
1756012418.687945,8,-3,-50
1756012418.7259445,5,2,-41
1756012418.7629447,-3,0,-43
1756012418.8019447,2,-5,-55
1756012418.8379445,-6,-7,-57
1756012418.8759446,-7,-4,-41
1756012418.9139447,3,6,-50
1756012418.9529445,3,0,-48
1756012418.9909446,4,0,-52
1756012419.0269446,-4,0,-48
1756012419.0639446,1,0,-43
1756012419.1029446,0,1,-48
1756012419.1409447,-1,3,-51
1756012419.1769447,3,0,-47
1756012419.213945,3,0,-38
1756012419.2519443,-9,-3,-37
1756012419.2879446,-7,-5,-45
1756012419.325945,-5,-5,-50
1756012419.3639443,-2,-3,-51
1756012419.4029446,-3,2,-44
1756012419.440945,-4,3,-57
1756012419.4769447,0,5,-61
1756012419.5139446,-6,-2,-48
1756012419.552945,-8,6,-50
1756012419.588945,-4,4,-47
1756012419.6259446,3,2,-49
1756012419.6629446,5,-2,-45
1756012419.7019446,8,4,-42
1756012419.7379446,3,8,-47
1756012419.7749443,5,5,-49
1756012419.812945,2,0,-46
1756012419.848945,1,1,-42
1756012419.8859446,-2,1,-47
1756012419.9239447,-7,3,-50
1756012419.9629445,-4,-4,-58
1756012419.9989443,-7,0,-57
1756012420.0369446,5,-2,-54
1756012420.0749447,-5,-2,-50
1756012420.1129446,7,1,-55
1756012420.1499443,4,0,-48
1756012420.1869447,0,-2,-45
1756012420.2249446,5,-2,-46
1756012420.2639446,7,-4,-44
1756012420.3019447,5,-5,-50
1756012420.3379445,4,4,-42
1756012420.3749447,-7,5,-52
1756012420.4139447,0,3,-49
1756012420.4519446,-2,1,-55
1756012420.4879446,4,3,-47
1756012420.5249443,0,0,-47
1756012420.562945,-3,-2,-49
1756012420.598945,1,-8,-51
1756012420.6369443,1,1,-52
1756012420.6739447,-2,1,-43
1756012420.7129445,3,-6,-42
1756012420.7489443,-2,-5,-45
1756012420.7869446,-2,-7,-51
1756012420.8249447,0,0,-44
1756012420.8639443,-1,-1,-58
1756012420.9019446,-2,3,-50
1756012420.937945,5,0,-51
1756012420.9749446,0,-3,-47
1756012421.0139446,-9,0,-50
1756012421.0519447,-4,-1,-42
1756012421.0879445,0,1,-42
1756012421.1249447,2,2,-46
1756012421.1629446,4,1,-50
1756012421.1989446,1,1,-48
1756012421.2359445,4,3,-54
1756012421.2739446,0,0,-53
1756012421.3099446,4,-1,-53
1756012421.3479445,-2,3,-53
1756012421.3859446,5,0,-49
1756012421.4239447,0,-2,-46
1756012421.4599447,-4,-2,-52
1756012421.4979446,-3,-2,-47
1756012421.5359447,-1,5,-48
1756012421.5749447,-6,1,-46
1756012421.6129446,2,0,-45
1756012421.6489446,-8,0,-50
1756012421.6859446,0,2,-56
1756012421.723945,0,0,-60
1756012421.759945,-4,5,-49
1756012421.7979443,-10,1,-44
1756012421.835945,0,2,-41
1756012421.8749447,-1,-2,-45
1756012421.9129446,0,-1,-49
1756012421.9489446,-10,-5,-62
1756012421.986945,-7,2,-58
1756012422.0249443,1,3,-48
1756012422.0639446,8,2,-53
1756012422.0999446,4,1,-53
1756012422.1369443,-1,2,-62
1756012422.1749446,4,-3,-55
1756012422.213945,-2,-2,-48
1756012422.2499447,-6,-7,-40
1756012422.2879446,4,-1,-48
1756012422.325945,-5,0,-39
1756012422.3649447,-2,-1,-46
1756012422.4029446,-9,0,-58
1756012422.4399445,-3,2,-45
1756012422.4769447,0,-1,-44
1756012422.5159447,1,3,-50
1756012422.5539446,1,6,-48
1756012422.5899446,6,4,-55
1756012422.6269443,-5,0,-62
1756012422.6649446,1,2,-50
1756012422.7039447,-11,1,-53
1756012422.7399447,-3,0,-52
1756012422.7769446,-1,1,-47
1756012422.8229446,1,5,-62
1756012422.858945,1,4,-58
1756012422.8959446,1,3,-53
1756012422.9349446,4,0,-56
1756012422.9709446,5,2,-55
1756012423.0079446,4,0,-53
1756012423.0459447,-4,-6,-52
1756012423.0849447,5,-1,-53
1756012423.1209445,0,-6,-60
1756012423.157945,0,-4,-54
1756012423.1959443,0,0,-45
1756012423.2349446,0,-2,-46
1756012423.2709446,0,7,-52
1756012423.3089447,3,-2,-54
1756012423.3469446,-6,1,-60
1756012423.384945,1,0,-57
1756012423.4239447,2,-2,-46
1756012423.4599447,0,-1,-59
1756012423.496945,0,-4,-60
1756012423.5349443,-1,1,-54
1756012423.5739446,-3,-2,-54
1756012423.6099446,-5,0,-39
1756012423.6469443,0,0,-52
1756012423.6849446,-2,-2,-52
1756012423.7209446,-1,-5,-46
1756012423.7589445,-7,5,-43
1756012423.7969446,-6,-5,-47
1756012423.835945,-8,-4,-59
1756012423.8739443,-2,-6,-47
1756012423.9099443,1,-9,-46
1756012423.9469447,2,-5,-44
1756012423.9859445,6,7,-40
1756012424.0239446,6,8,-45
1756012424.0599446,-7,3,-51
1756012424.0969446,-6,1,-47
1756012424.1359446,-1,-2,-56
1756012424.1739447,0,-4,-53
1756012424.2099447,-2,0,-48
1756012424.246945,6,1,-54
1756012424.2849443,-1,1,-58
1756012424.3209443,-2,2,-62
1756012424.3579447,-4,3,-54
1756012424.3959446,-5,0,-44
1756012424.4349446,-11,3,-58
1756012424.4709446,-9,2,-49
1756012424.5089445,-4,1,-56
1756012424.5469446,-5,2,-59
1756012424.585945,-7,0,-60
1756012424.621945,-1,-4,-72
1756012424.6609447,4,-7,-49
1756012424.6979446,2,-3,-50
1756012424.7359445,4,-1,-52
1756012424.7749443,3,-3,-47
1756012424.8109446,1,-3,-53
1756012424.848945,-5,0,-46
1756012424.8869443,0,-7,-47
1756012424.9259446,-3,-6,-45
1756012424.9619446,-7,-1,-53
1756012424.9999447,-3,0,-59
1756012425.0379446,-4,-6,-47
1756012425.075945,-1,-2,-50
1756012425.1149447,5,0,-49
1756012425.1509447,0,8,-42
1756012425.1889446,-3,1,-41
1756012425.2259445,-1,-4,-51
1756012425.2649446,4,-1,-58
1756012425.3009446,6,0,-51
1756012425.338945,3,-3,-56
1756012425.3769443,1,-2,-56
1756012425.4149446,-7,-3,-52
1756012425.450945,-8,-2,-50
1756012425.4889443,-2,1,-49
1756012425.5269446,-5,5,-45
1756012425.565945,-4,-1,-49
1756012425.6019447,-2,-3,-60
1756012425.6399446,4,1,-54
1756012425.6769447,-6,1,-44
1756012425.7159443,-6,-5,-45
1756012425.7519443,-2,-2,-49
1756012425.7899446,6,1,-59
1756012425.8269446,-5,-7,-64
1756012425.8659446,-4,-3,-61
1756012425.9019446,-5,-4,-51
1756012425.9399445,-1,1,-38
1756012425.9779446,5,0,-48
1756012426.0159447,0,-2,-59
1756012426.0519447,0,2,-53
1756012426.0899446,-5,-2,-47
1756012426.1269443,3,1,-44
1756012426.1649446,5,0,-55
1756012426.200945,5,-3,-54
1756012426.2379446,8,-7,-50
1756012426.2769446,6,0,-52
1756012426.312945,-7,-3,-58
1756012426.3509445,4,4,-59
1756012426.3889446,1,-4,-57
1756012426.4269447,9,3,-68
1756012426.4629445,0,-3,-60
1756012426.5009446,-2,-1,-52
1756012426.5389447,2,-1,-48
1756012426.5769446,1,2,-41
1756012426.6129446,7,5,-39
1756012426.6509447,-7,-1,-35
1756012426.6899445,4,-8,-43
1756012426.7269447,-2,-2,-46
1756012426.7659447,0,-3,-58
1756012426.8019447,0,6,-60
1756012426.8399446,-3,6,-49
1756012426.8779447,-3,0,-56
1756012426.9159446,0,5,-53
1756012426.9519446,-5,5,-54
1756012426.9899447,-7,0,-62
1756012427.0279446,-2,0,-57
1756012427.065945,2,3,-53
1756012427.1019447,-3,-3,-52
1756012427.1399446,-8,-6,-49
1756012427.177945,-2,-3,-54
1756012427.2169447,-4,-1,-54
1756012427.2529447,7,0,-55
1756012427.2899446,8,-2,-49
1756012427.3279445,4,5,-50
1756012427.3669446,3,0,-48
1756012427.4029446,-3,1,-48
1756012427.4399445,-2,-6,-52
1756012427.4779446,1,-3,-44
1756012427.5169446,-1,0,-49
1756012427.552945,1,0,-66
1756012427.5899446,-1,-5,-54
1756012427.6279447,-9,-2,-47
1756012427.6669445,0,5,-50
1756012427.7029445,-5,-2,-49
1756012427.7409446,-3,-5,-57
1756012427.7789447,0,-2,-52
1756012427.8179443,-1,0,-65
1756012427.8539443,-1,-3,-49
1756012427.8919446,0,-3,-38
1756012427.9309447,-6,1,-41
1756012427.9679446,0,-1,-35
1756012428.006945,4,0,-51
1756012428.042945,3,1,-50
1756012428.0809443,6,1,-53
1756012428.1179447,4,0,-64
1756012428.1539447,2,-3,-59
1756012428.1929443,5,0,-53
1756012428.2299447,1,-10,-54
1756012428.2679446,-3,-5,-41
1756012428.3069446,-7,-5,-44
1756012428.3429446,-3,-7,-52
1756012428.3809447,4,-4,-53
1756012428.4189446,-1,-10,-53
1756012428.4579446,-2,-8,-41
1756012428.4939446,-1,-3,-40
1756012428.5319445,-3,0,-43
1756012428.5699446,-5,0,-47
1756012428.608945,-2,-4,-43
1756012428.6469443,8,0,-61
1756012428.6829443,2,-8,-47
1756012428.7209446,-4,-8,-40
1756012428.7589445,1,-13,-36
1756012428.7979443,5,-6,-54
1756012428.8339446,3,1,-57
1756012428.8709445,0,-5,-50
1756012428.9089446,1,-1,-57
1756012428.9479446,-1,-1,-51
1756012428.983945,-2,-2,-51
1756012429.0219443,-2,-6,-41
1756012429.0599446,5,-10,-53
1756012429.098945,-2,-17,-61
1756012429.1369443,-2,-2,-63
1756012429.1729443,-4,4,-56
1756012429.2099447,-6,8,-49
1756012429.2489443,-5,3,-56
1756012429.2869446,-3,-1,-42
1756012429.3229446,0,-1,-50
1756012429.3609445,0,0,-52
1756012429.3999443,-2,0,-53
1756012429.437945,-1,0,-45
1756012429.473945,-3,2,-58
1756012429.5119443,-2,0,-43
1756012429.5499446,4,1,-54
1756012429.5879445,1,0,-52
1756012429.6249447,4,-6,-42
1756012429.6619446,-2,0,-46
1756012429.6999447,-9,-4,-39
1756012429.7389443,-4,-3,-49
1756012429.7749443,-5,-3,-54
1756012429.812945,-5,-4,-55
1756012429.8509445,0,-2,-54
1756012429.8889446,-5,4,-61
1756012429.927945,0,2,-69
1756012429.963945,0,0,-55
1756012430.0009446,-5,1,-65
1756012430.0389447,-2,2,-42
1756012430.0779445,3,-2,-51
1756012430.1139443,5,-4,-47
1756012430.1509447,1,-12,-49
1756012430.1889446,3,-1,-45
1756012430.2279446,0,6,-60
1756012430.2639446,-2,-1,-57
1756012430.3019447,-6,1,-48
1756012430.3399446,-6,-2,-51
1756012430.3789446,-6,0,-50
1756012430.4149446,-4,5,-59
1756012430.4519446,-3,3,-45
1756012430.4899447,-7,7,-40
1756012430.5289447,0,0,-55
1756012430.5649445,-2,0,-57
1756012430.6019447,0,-6,-50
1756012430.6399446,-4,0,-53
1756012430.6789446,-3,0,-42
1756012430.7149446,-4,0,-46
1756012430.7529447,-2,-2,-55
1756012430.7919445,1,1,-56
1756012430.8299446,-2,-1,-56
1756012430.8679447,1,3,-61
1756012430.9039447,2,-1,-59
1756012430.9419446,4,-2,-55
1756012430.9799447,4,7,-53
1756012431.0179446,-4,4,-63
1756012431.0549445,-7,-3,-57
1756012431.0919447,2,-2,-57
1756012431.1299446,-5,-1,-50
1756012431.1689446,-7,-1,-53
1756012431.2049446,-1,-3,-58
1756012431.2429447,3,5,-49
1756012431.279945,0,3,-47
1756012431.315945,6,2,-37
1756012431.3529446,3,1,-49
1756012431.3919446,4,0,-50
1756012431.4299445,3,1,-49
1756012431.4659443,0,6,-52
1756012431.5029447,0,0,-53
1756012431.5399446,-11,-3,-49
1756012431.5789447,-3,-5,-52
1756012431.6149447,-5,0,-50
1756012431.6519446,-8,1,-44
1756012431.6899445,-4,-2,-49
1756012431.7289443,-4,0,-54
1756012431.7649446,0,2,-57
1756012431.8019447,-7,0,-59
1756012431.8399446,-2,1,-57
1756012431.8789446,8,-1,-58
1756012431.9149446,7,0,-56
1756012431.9519446,6,-6,-57
1756012431.9909446,6,-10,-46
1756012432.0289447,5,-6,-41
1756012432.0649445,-1,-4,-56
1756012432.1029446,2,-2,-58
1756012432.1409447,-3,1,-59
1756012432.1799445,0,-7,-53
1756012432.2159443,5,-13,-47
1756012432.2529447,0,-6,-52
1756012432.2909446,-6,-3,-52
1756012432.3299446,-10,-3,-59
1756012432.3659446,-7,-2,-53
1756012432.4039447,-1,-3,-55
1756012432.4419446,3,0,-52
1756012432.4799447,-5,-2,-49
1756012432.5159447,-5,2,-48
1756012432.552945,-1,-6,-52
1756012432.5909443,2,-2,-53
1756012432.6299446,5,-3,-46
1756012432.6659446,-4,-4,-52
1756012432.7039447,0,1,-60
1756012432.7409446,-5,6,-50
1756012432.779945,0,2,-54
1756012432.8239446,-2,-3,-64
1756012432.861945,0,-5,-51
1756012432.9009447,2,0,-61
1756012432.9369447,-2,0,-47
1756012432.973945,0,0,-52
1756012433.0119443,0,2,-61
1756012433.0499446,-3,-2,-48
1756012433.085945,2,-4,-57
1756012433.1229446,-7,0,-62
1756012433.1609447,1,0,-53
1756012433.1999447,8,0,-63
1756012433.2359445,7,-1,-55
1756012433.2729447,-3,1,-58
1756012433.3109446,-3,0,-58
1756012433.3499446,1,-5,-55
1756012433.3859446,3,-3,-54
1756012433.4229443,-4,-7,-39
1756012433.460945,4,2,-42
1756012433.496945,0,-1,-49
1756012433.5339446,4,3,-61
1756012433.5709443,0,-3,-51
1756012433.6099446,0,-2,-50
1756012433.6459446,-2,-1,-48
1756012433.6839447,0,-2,-52
1756012433.7219446,5,1,-53
1756012433.759945,0,2,-48
1756012433.7959447,8,-2,-58
1756012433.8329446,2,-4,-47
1756012433.871945,-2,0,-63
1756012433.9099443,-4,-7,-60
1756012433.9459443,-1,-10,-56
1756012433.983945,-1,0,-61
1756012434.0219443,0,-3,-61
1756012434.0609446,3,4,-58
1756012434.0969446,2,2,-55
1756012434.1339445,-5,1,-58
1756012434.1719446,-4,-3,-44
1756012434.210945,0,3,-41
1756012434.246945,3,1,-45
1756012434.2849443,-1,-4,-47
1756012434.3239446,3,0,-36
1756012434.361945,5,4,-52
1756012434.3999443,1,1,-54
1756012434.4369447,3,5,-50
1756012434.473945,-6,2,-50
1756012434.5119443,-3,-6,-59
1756012434.5509446,-3,-3,-52
1756012434.5869446,0,-5,-57
1756012434.6239443,2,0,-43
1756012434.6619446,5,-6,-43
1756012434.6979446,0,-6,-42
1756012434.7349446,-2,-1,-46
1756012434.7729447,0,-3,-47
1756012434.8119447,2,4,-52
1756012434.8479445,8,2,-46
1756012434.884945,2,0,-58
1756012434.9219446,3,3,-57
1756012434.960945,3,-2,-57
1756012434.996945,6,-3,-47
1756012435.0339446,2,5,-59
1756012435.0719447,-1,4,-71
1756012435.1109445,-1,-3,-56
1756012435.1469443,3,-1,-50
1756012435.1839447,-2,3,-46
1756012435.2219446,-1,0,-50
1756012435.2609446,2,7,-55
1756012435.2969446,0,-1,-47
1756012435.3339446,3,-2,-49
1756012435.3729446,-4,0,-38
1756012435.4109447,-5,-2,-40
1756012435.4469447,-1,-2,-50
1756012435.4849446,-1,1,-45
1756012435.5229447,1,1,-49
1756012435.5619447,9,-2,-45
1756012435.5979445,-6,0,-48
1756012435.634945,-2,0,-46
1756012435.6729443,1,0,-49
1756012435.7119446,-7,-1,-42
1756012435.7479446,0,-3,-45
1756012435.7849443,0,-1,-60
1756012435.8229446,6,-2,-50
1756012435.861945,7,3,-49
1756012435.8979447,2,5,-62
1756012435.9349446,6,4,-60
1756012435.9729445,2,-2,-52
1756012436.0109446,1,1,-49
1756012436.0469446,-3,-1,-50
1756012436.0849447,-5,9,-58
1756012436.1229446,-3,2,-46
1756012436.1619446,1,5,-44
1756012436.1979446,0,6,-40
1756012436.2349446,1,3,-40
1756012436.2729447,4,-2,-48
1756012436.3089447,-3,-4,-58
1756012436.3469446,2,5,-44
1756012436.3859446,2,0,-44
1756012436.4229443,-5,-2,-40
1756012436.4619446,-3,-2,-53
1756012436.4979446,-7,2,-44
1756012436.5349443,0,3,-43
1756012436.5729446,2,4,-41
1756012436.608945,-3,1,-49
1756012436.6459446,2,0,-35
1756012436.6829443,1,-2,-38
1756012436.7219446,1,-4,-40
1756012436.7579446,-7,-6,-43
1756012436.7969446,-3,-2,-54
1756012436.8339446,-2,-9,-57
1756012436.8729446,1,-2,-42
1756012436.9089446,-3,0,-68
1756012436.9469447,-3,-4,-51
1756012436.983945,-2,-7,-45
1756012437.0229447,-10,-4,-59
1756012437.0589447,-6,4,-55
1756012437.0979445,0,-5,-50
1756012437.1359446,2,-2,-51
1756012437.1739447,-5,-4,-47
1756012437.2119446,-4,3,-53
1756012437.2479446,1,3,-42
1756012437.2859447,-1,4,-48
1756012437.3239446,4,3,-50
1756012437.361945,3,4,-58
1756012437.3979447,9,1,-62
1756012437.4359446,2,-4,-63
1756012437.473945,-4,1,-57
1756012437.5119443,3,0,-47
1756012437.5479443,0,-1,-41
1756012437.585945,-1,10,-38
1756012437.6239443,3,7,-42
1756012437.6619446,-1,0,-56
1756012437.6979446,-3,0,-43
1756012437.7359445,0,-3,-48
1756012437.7739446,0,0,-59
1756012437.8119447,6,2,-61
1756012437.8479445,5,-2,-65
1756012437.8859446,0,-1,-53
1756012437.9239447,6,-1,-54
1756012437.9599447,3,3,-40
1756012437.996945,3,2,-56
1756012438.0339446,-3,0,-46
1756012438.0729446,4,-5,-51
1756012438.108945,5,-10,-43
1756012438.1459446,-3,-8,-52
1756012438.1839447,-5,-1,-51
1756012438.2229445,-3,0,-56
1756012438.259945,-2,2,-51
1756012438.2969446,1,-1,-55
1756012438.3349447,0,5,-55
1756012438.3739443,-1,1,-58
1756012438.4099443,1,-4,-43
1756012438.4469447,0,5,-45
1756012438.483945,2,3,-47
1756012438.519945,-4,0,-51
1756012438.5569446,-6,0,-56
1756012438.5949447,0,-2,-53
1756012438.6339445,1,1,-47
1756012438.6699443,0,-2,-40
1756012438.7079446,2,-1,-43
1756012438.7459445,4,0,-44
1756012438.7849443,0,-2,-48
1756012438.8229446,-2,-4,-51
1756012438.858945,-8,1,-49
1756012438.8969443,-1,1,-51
1756012438.9349446,2,1,-51
1756012438.973945,-3,5,-64
1756012439.009945,-4,-1,-56
1756012439.0479443,-9,1,-44
1756012439.085945,-5,1,-55
1756012439.1249447,1,2,-58
1756012439.1629446,0,3,-53
1756012439.1989446,-8,-8,-53
1756012439.236945,0,-3,-60
1756012439.2749443,1,-2,-62
1756012439.3139446,1,1,-64
1756012439.3499446,-1,3,-48
1756012439.3879447,2,6,-47
1756012439.4259446,1,5,-43
1756012439.463945,-2,0,-42
1756012439.4999447,0,1,-49
1756012439.5369446,-3,-3,-42
1756012439.5749447,5,-9,-38
1756012439.6139443,3,2,-44
1756012439.6499443,0,-1,-52
1756012439.6869447,-5,0,-56
1756012439.7249446,2,-1,-54
1756012439.7639446,-1,3,-56
1756012439.7999446,-5,-1,-52
1756012439.838945,0,-4,-46
1756012439.8759446,2,-2,-44
1756012439.9149446,-2,0,-51
1756012439.9519446,-2,-5,-57
1756012439.9889443,-7,1,-54
1756012440.0269446,0,-1,-43
1756012440.0649445,1,0,-47
1756012440.1039443,5,1,-55
1756012440.1399446,7,-2,-56
1756012440.1769447,4,0,-47
1756012440.2149446,-1,3,-47
1756012440.2509446,-3,-1,-52
1756012440.2889447,0,2,-46
1756012440.325945,-4,-1,-48
1756012440.3649447,-5,2,-45
1756012440.4009447,-3,2,-34
1756012440.4389446,-1,0,-46
1756012440.4769447,0,0,-44
1756012440.5159447,-2,-2,-51
1756012440.5539446,-7,-3,-40
1756012440.5899446,1,-6,-41
1756012440.6279447,-3,1,-48
1756012440.6669445,0,-1,-46
1756012440.7049446,0,1,-39
1756012440.7409446,6,-3,-43
1756012440.7779446,-1,-2,-42
1756012440.815945,-7,-2,-53
1756012440.8549447,-1,-2,-57
1756012440.8909447,0,0,-49
1756012440.927945,5,1,-52
1756012440.9659443,-6,-5,-41
1756012441.0039446,0,-1,-39
1756012441.0399446,5,0,-40
1756012441.0779445,-1,-5,-54
1756012441.1159446,-3,1,-50
1756012441.154945,1,1,-51
1756012441.190945,1,10,-49
1756012441.2279446,5,2,-51
1756012441.2659447,4,-1,-47
1756012441.3019447,0,-5,-44
1756012441.338945,-4,-10,-56
1756012441.3769443,-1,2,-55
1756012441.4159446,3,-1,-45
1756012441.4519446,0,-6,-43
1756012441.4889443,2,-1,-53
1756012441.5269446,5,-4,-55
1756012441.565945,1,-1,-62
1756012441.6019447,-6,-3,-61
1756012441.6399446,-5,0,-49
1756012441.6789446,-7,-3,-44
1756012441.7159443,-5,-5,-47
1756012441.7549446,0,-5,-48
1756012441.7909446,1,1,-45
1756012441.8279445,2,1,-53
1756012441.8659446,3,0,-52
1756012441.904945,3,0,-46
1756012441.940945,-2,-7,-58
1756012441.9789443,1,2,-58
1756012442.0169446,-2,0,-54
1756012442.0549445,-2,0,-46
1756012442.0909443,6,0,-36
1756012442.1289446,3,-6,-53
1756012442.1669445,1,-1,-46
1756012442.2049446,-6,1,-51
1756012442.2409446,-5,1,-48
1756012442.2779446,-2,6,-42
1756012442.3169446,4,-1,-48
1756012442.3549447,0,0,-59
1756012442.3909447,4,2,-62
1756012442.4289446,6,3,-55
1756012442.4669447,5,-5,-44
1756012442.5049446,2,0,-39
1756012442.5409446,0,-3,-51
1756012442.5789447,-5,-3,-52
1756012442.6169446,-4,2,-43
1756012442.6559446,-7,7,-43
1756012442.6919446,-8,1,-36
1756012442.7289443,-6,3,-44
1756012442.7669446,-5,4,-41
1756012442.8059447,-7,-3,-49
1756012442.8499446,-6,3,-50
1756012442.8879447,-3,-1,-44
1756012442.9269447,-1,-6,-57
1756012442.9629445,-2,-4,-58
1756012443.0009446,-4,-3,-56
1756012443.0389447,7,4,-57
1756012443.0769446,4,-3,-61
1756012443.1159446,2,3,-59
1756012443.1519446,2,0,-50
1756012443.1899445,-3,8,-41
1756012443.2279446,-5,6,-43
1756012443.2669446,-5,5,-55
1756012443.302945,0,2,-62
1756012443.3409443,-3,0,-53
1756012443.3789446,-6,-2,-55
1756012443.4169445,1,-5,-50
1756012443.4529445,3,0,-48
1756012443.4899447,-4,-1,-49
1756012443.5279446,0,-1,-45
1756012443.5669446,1,-1,-28
1756012443.6029446,-1,0,-32
1756012443.6399446,1,0,-44
1756012443.677945,-1,-2,-50
1756012443.7159443,1,-4,-50
1756012443.7529447,0,-5,-46
1756012443.7899446,7,0,-49
1756012443.8279445,-4,-7,-44
1756012443.8669446,-2,-6,-48
1756012443.9029446,3,-7,-49
1756012443.940945,-2,0,-57
1756012443.9789443,1,2,-54
1756012444.0169446,2,0,-48
1756012444.052945,-2,-3,-55
1756012444.0909443,-3,-5,-48
1756012444.1289446,-3,-1,-53
1756012444.167945,7,-10,-49
1756012444.2059443,-2,0,-47
1756012444.2419446,3,2,-35
1756012444.2789447,-3,-2,-49
1756012444.3179443,6,-5,-60
1756012444.3559446,0,1,-58
1756012444.3919446,1,1,-50
1756012444.4289446,6,-3,-39
1756012444.4679446,0,0,-42
1756012444.5059447,-4,-3,-48
1756012444.5419445,-4,-1,-49
1756012444.5799446,-7,-3,-54
1756012444.6179447,-2,-5,-58
1756012444.6569445,-1,0,-56
1756012444.6929443,3,0,-50
1756012444.7299447,5,1,-50
1756012444.7679446,-2,-1,-46
1756012444.8039446,-4,1,-50
1756012444.8409443,0,1,-46
1756012444.8779447,-5,-1,-41
1756012444.9169445,-10,0,-49
1756012444.9529445,-3,0,-43
1756012444.9909446,3,-7,-37
1756012445.0289447,11,0,-44
1756012445.0669446,11,-1,-46
1756012445.1029446,9,-1,-43
1756012445.1409447,3,5,-43
1756012445.177945,2,-1,-52
1756012445.2169447,2,2,-55
1756012445.2529447,2,-1,-52
1756012445.2899446,-3,-5,-49
1756012445.3289447,-5,0,-37
1756012445.3669446,4,-2,-46
1756012445.4029446,6,2,-40
1756012445.4399445,4,1,-42
1756012445.4789443,-5,4,-67
1756012445.5169446,-7,3,-49
1756012445.552945,-3,3,-50
1756012445.5909443,2,2,-58
1756012445.6289446,0,1,-53
1756012445.6669445,1,-2,-51
1756012445.7029445,3,-7,-36
1756012445.7409446,-3,-3,-48
1756012445.7789447,5,-4,-44
1756012445.8169446,1,-1,-51
1756012445.8529446,-3,-1,-48
1756012445.8909447,0,-3,-44
1756012445.9289446,2,-2,-37
1756012445.9679446,2,-5,-54
1756012446.0039446,3,-5,-39
1756012446.0409446,7,-8,-44
1756012446.0789447,4,-6,-48
1756012446.1179447,3,2,-57
1756012446.1539447,2,1,-60
1756012446.190945,-7,-5,-52
1756012446.2289443,-3,0,-42
1756012446.2679446,4,5,-35
1756012446.3039446,9,0,-39
1756012446.3409443,10,0,-48
1756012446.3789446,-6,-1,-48
1756012446.4159446,0,-2,-46
1756012446.4529445,1,5,-47
1756012446.4909446,0,0,-48
1756012446.5289447,0,1,-57
1756012446.5649445,0,3,-58
1756012446.6029446,10,-7,-44
1756012446.6409447,-2,-3,-47
1756012446.6789446,0,3,-45
1756012446.7149446,-2,6,-51
1756012446.7529447,3,-2,-42
1756012446.7909446,-1,1,-47
1756012446.8289447,5,0,-56
1756012446.8679447,3,-1,-55
1756012446.9039447,5,2,-47
1756012446.940945,2,-1,-58
1756012446.9799447,6,-7,-55
1756012447.0179446,-7,-4,-52
1756012447.0539446,0,-6,-47
1756012447.0909443,-2,-1,-46
1756012447.1299446,-6,0,-45
1756012447.167945,0,-1,-55
1756012447.2039447,0,0,-52
1756012447.2409446,0,0,-51
1756012447.279945,-3,0,-43
1756012447.3179443,4,-3,-57
1756012447.3539443,-1,-6,-49
1756012447.3919446,-1,0,-48
1756012447.4299445,0,-3,-49
1756012447.4689443,1,-9,-40
1756012447.5049446,-2,-7,-46
1756012447.542945,0,-5,-43
1756012447.5809443,5,-2,-48
1756012447.6199446,-6,-1,-55
1756012447.657945,-2,-1,-51
1756012447.6939447,0,-2,-53
1756012447.7309446,-2,-9,-52
1756012447.769945,4,-8,-52
1756012447.8079443,-3,0,-58
1756012447.8439443,-4,0,-53
1756012447.8809447,-4,4,-50
1756012447.9199443,-5,7,-49
1756012447.9559443,-7,0,-51
1756012447.9939446,-7,-6,-51
1756012448.0319445,0,-2,-55
1756012448.0699446,-5,-6,-43
1756012448.108945,-7,-1,-50
1756012448.144945,-5,-2,-46
1756012448.1829443,-5,0,-32
1756012448.2209446,-4,-13,-33
1756012448.259945,1,3,-54
1756012448.2959447,2,3,-51
1756012448.3329446,-4,8,-49
1756012448.3709445,-4,9,-50
1756012448.4099443,-5,0,-49
1756012448.4459443,-5,2,-49
1756012448.483945,0,0,-36
1756012448.5219443,-1,-2,-50
1756012448.5599446,-2,-5,-56
1756012448.598945,0,4,-53
1756012448.634945,-3,5,-62
1756012448.6729443,-1,-1,-54
1756012448.710945,-3,-1,-56
1756012448.7489443,7,-5,-59
1756012448.7849443,6,-4,-46
1756012448.8219447,0,-10,-54
1756012448.8609445,1,-6,-55
1756012448.8989446,-4,-9,-56
1756012448.9349446,-3,-6,-53
1756012448.9729445,2,0,-52
1756012449.0109446,0,4,-62
1756012449.0489447,5,5,-57
1756012449.0849447,0,0,-41
1756012449.1229446,-1,0,-46
1756012449.1609447,-3,0,-58
1756012449.1989446,3,-2,-64
1756012449.2349446,1,1,-52
1756012449.2719443,-6,7,-51
1756012449.3109446,-7,-5,-36
1756012449.348945,-9,0,-44
1756012449.384945,-5,0,-48
1756012449.4229443,-1,-1,-50
1756012449.460945,0,-1,-46
1756012449.4999447,-2,3,-62
1756012449.5359447,2,-1,-45
1756012449.5729446,7,-5,-46
1756012449.6109445,0,-5,-55
1756012449.6499443,-4,-8,-60
1756012449.6859446,-6,-4,-60
1756012449.723945,0,-7,-47
1756012449.7619443,7,0,-57
1756012449.8009446,-1,0,-60
1756012449.8369446,0,0,-48
1756012449.8749447,-7,0,-51
1756012449.9129446,-7,0,-51
1756012449.9519446,2,-6,-50
1756012449.9899447,0,1,-51
1756012450.0259447,-3,-2,-62
1756012450.0639446,-5,0,-51
1756012450.1019447,-7,2,-52
1756012450.1409447,-3,3,-52
1756012450.1769447,-2,-4,-48
1756012450.2149446,-1,-6,-49
1756012450.2529447,6,-1,-50
1756012450.2919445,4,-3,-47
1756012450.3299446,-2,4,-46
1756012450.3659446,1,5,-49
1756012450.4029446,-9,8,-57
1756012450.4419446,-3,0,-51
1756012450.4799447,0,-1,-57
1756012450.5159447,2,-4,-54
1756012450.552945,-3,2,-54
1756012450.5919447,-6,4,-55
1756012450.6299446,-5,0,-65
1756012450.6659446,-5,0,-57
1756012450.7029445,1,1,-44
1756012450.7409446,-6,0,-57
1756012450.7769446,2,2,-63
1756012450.8149445,6,-1,-59
1756012450.8519447,9,-4,-48
1756012450.8909447,3,0,-52
1756012450.9269447,2,0,-46
1756012450.9649446,2,-4,-53
1756012451.0019443,5,-7,-52
1756012451.0409446,0,-4,-53
1756012451.0769446,0,-1,-59
1756012451.1149447,3,0,-54
1756012451.1519446,-1,-5,-56
1756012451.190945,-3,-6,-54
1756012451.2269447,-3,-3,-58
1756012451.2649446,0,4,-54
1756012451.3019447,0,1,-46
1756012451.3379445,-5,-3,-50
1756012451.3759446,0,-1,-49
1756012451.4149446,0,0,-53
1756012451.4519446,1,0,-39
1756012451.4879446,-3,0,-43
1756012451.5249443,-5,5,-47
1756012451.562945,4,0,-49
1756012451.6009445,2,1,-55
1756012451.6369443,-4,4,-51
1756012451.6749446,4,0,-45
1756012451.7129445,-2,4,-38
1756012451.7519443,-2,-4,-47
1756012451.7879446,-1,0,-60
1756012451.8249447,-8,-1,-58
1756012451.8629446,-3,1,-43
1756012451.9019446,-3,0,-57
1756012451.937945,2,5,-60
1756012451.9759445,-2,7,-55
1756012452.0129447,2,3,-48
1756012452.0509446,0,-1,-63
1756012452.0869446,-3,2,-57
1756012452.1249447,-4,1,-42
1756012452.1629446,4,-1,-53
1756012452.2019446,4,-3,-57
1756012452.2379446,-4,-3,-63
1756012452.2759447,4,-5,-58
1756012452.3139446,-5,-6,-46
1756012452.3529446,-3,-1,-52
1756012452.3909447,-5,-5,-54
1756012452.4269447,0,-6,-55
1756012452.4649446,-5,-10,-51
1756012452.5029447,-5,-5,-60
1756012452.5419445,-4,2,-58
1756012452.5779445,-4,2,-42
1756012452.6149447,4,-3,-46
1756012452.6529446,1,-4,-47
1756012452.6919446,0,-3,-38
1756012452.7279446,0,-4,-46
1756012452.7649446,-5,-2,-51
1756012452.802945,-3,2,-51
1756012452.8419447,-7,1,-53
1756012452.8859446,0,-3,-49
1756012452.9249446,3,1,-53
1756012452.9629445,2,-1,-55
1756012452.9989443,0,-1,-54
1756012453.0359447,0,-6,-35
1756012453.0739446,-1,-4,-44
1756012453.1129446,0,1,-58
1756012453.1489446,-5,3,-58
1756012453.1859446,-5,3,-57
1756012453.223945,2,3,-57
1756012453.2619443,6,1,-39
1756012453.2979443,8,0,-47
1756012453.3349447,4,-1,-48
1756012453.3729446,4,-5,-43
1756012453.4119446,7,-5,-35
1756012453.4479446,0,-1,-36
1756012453.4849446,3,1,-49
1756012453.5229447,-2,0,-56
1756012453.5619447,-3,0,-48
1756012453.5979445,6,-3,-60
1756012453.634945,-1,-4,-56
1756012453.6739447,-8,-1,-50
1756012453.7119446,1,-11,-50
1756012453.7479446,3,-11,-51
1756012453.7849443,4,-11,-62
1756012453.8239446,0,-6,-47
1756012453.861945,3,-7,-45
1756012453.8979447,6,0,-52
1756012453.9349446,2,-3,-46
1756012453.973945,3,-2,-55
1756012454.0119443,3,1,-53
1756012454.0479443,2,0,-67
1756012454.0849447,2,-2,-60
1756012454.1239443,2,-1,-49
1756012454.1619446,-4,-6,-54
1756012454.1979446,-2,1,-52
1756012454.2349446,2,3,-55
1756012454.2729447,-4,-1,-54
1756012454.3089447,-2,2,-53
1756012454.3459446,5,3,-47
1756012454.3839445,2,0,-45
1756012454.4219446,0,-5,-46
1756012454.4579446,1,0,-49
1756012454.4949446,1,0,-53
1756012454.5339446,0,0,-56
1756012454.5699446,-1,-6,-44
1756012454.608945,-2,-3,-37
1756012454.6459446,-2,1,-39
1756012454.6849446,0,0,-35
1756012454.7229445,1,4,-51
1756012454.7589445,-3,2,-51
1756012454.7959447,-1,3,-52
1756012454.8349447,-1,-2,-58
1756012454.8729446,5,-8,-55
1756012454.9089446,-5,-10,-62
1756012454.9479446,-3,-3,-65
1756012454.9849446,0,-2,-53
1756012455.0239446,-7,2,-47
1756012455.0599446,-10,-2,-40
1756012455.0979445,-3,1,-40
1756012455.1359446,-4,-3,-46
1756012455.1739447,0,-1,-53
1756012455.2129445,-1,-4,-51
1756012455.2489443,4,6,-59
1756012455.2859447,4,1,-44
1756012455.3249447,3,-2,-47
1756012455.3629446,2,-5,-59
1756012455.3989446,3,-8,-54
1756012455.4359446,3,-6,-43
1756012455.4749446,1,0,-56
1756012455.5129447,0,1,-55
1756012455.5489447,2,0,-50
1756012455.585945,-1,3,-55
1756012455.6249447,8,0,-50
1756012455.6629446,1,0,-47
1756012455.6989446,0,0,-55
1756012455.7359445,2,1,-61
1756012455.7749443,0,2,-57
1756012455.812945,3,0,-50
1756012455.848945,4,-3,-52
1756012455.8859446,0,-2,-50
1756012455.9249446,-4,7,-45
1756012455.9629445,3,2,-59
1756012455.9989443,5,1,-65
1756012456.0359447,5,4,-51
1756012456.0749447,4,-1,-48
1756012456.1129446,-5,-7,-51
1756012456.1489446,-4,-2,-51
1756012456.1869447,4,0,-50
1756012456.2249446,0,1,-48
1756012456.2609446,-2,-3,-55
1756012456.2989447,-2,0,-48
1756012456.3369446,2,6,-60
1756012456.3749447,4,3,-51
1756012456.4109447,-1,0,-39
1756012456.4479446,0,0,-56
1756012456.4849446,1,-2,-69
1756012456.5239446,-4,3,-49
1756012456.5599446,0,6,-37
1756012456.5979445,8,1,-50
1756012456.634945,6,5,-57
1756012456.6709447,6,-1,-53
1756012456.7089446,4,3,-43
1756012456.7459445,-1,1,-51
1756012456.7849443,-2,0,-53
1756012456.8209443,0,-4,-56
1756012456.8579447,5,0,-59
1756012456.8959446,-1,-8,-53
1756012456.9349446,0,-1,-49
1756012456.9709446,3,-9,-43
1756012457.0089445,11,-3,-33
1756012457.0479443,0,-10,-37
1756012457.085945,-3,0,-46
1756012457.1239443,0,3,-56
1756012457.1599443,-4,-1,-54
1756012457.1979446,-3,1,-61
1756012457.2359445,1,3,-49
1756012457.2749443,-3,0,-55
1756012457.3109446,-3,1,-55
1756012457.3479445,-7,8,-55
1756012457.3859446,-5,1,-47
1756012457.4249446,-1,-2,-49
1756012457.460945,-4,-8,-53
1756012457.4989443,-6,-4,-45
1756012457.5369446,2,-5,-46
1756012457.575945,-5,0,-49
1756012457.6139443,0,1,-49
1756012457.6499443,-10,1,-48
1756012457.687945,0,0,-45
1756012457.7259445,3,1,-41
1756012457.7639446,2,-3,-54
1756012457.7999446,3,-4,-52
1756012457.8369446,0,-6,-44
1756012457.8759446,0,-2,-53
1756012457.9119446,0,-3,-54
1756012457.9499447,6,2,-53
1756012457.986945,0,4,-54
1756012458.0259447,-4,0,-68
1756012458.0619447,-9,0,-58
1756012458.0999446,-1,1,-60
1756012458.1379447,-5,-3,-57
1756012458.1759446,1,-2,-54
1756012458.2149446,-8,0,-52
1756012458.2509446,-9,-1,-40
1756012458.2889447,-2,0,-43
1756012458.3269446,-1,-1,-51
1756012458.3659446,-4,-5,-44
1756012458.4019446,-1,-3,-45
1756012458.4399445,3,1,-55
1756012458.4779446,0,5,-50
1756012458.5159447,-1,6,-41
1756012458.5549445,-5,2,-50
1756012458.5909443,-2,0,-54
1756012458.6279447,5,-1,-57
1756012458.6669445,-3,-5,-56
1756012458.7049446,0,1,-46
1756012458.7409446,-3,0,-58
1756012458.7789447,-6,-10,-49
1756012458.8169446,-8,-3,-56
1756012458.8559446,-3,6,-49
1756012458.8919446,-4,4,-57
1756012458.9289446,-1,-10,-53
1756012458.9679446,-2,1,-43
1756012459.0059447,-7,-9,-44
1756012459.0419445,2,0,-41
1756012459.0789447,-7,-2,-46
1756012459.1179447,0,2,-58
1756012459.1559446,-3,0,-49
1756012459.1919446,-8,1,-45
1756012459.2289443,-9,-2,-41
1756012459.2679446,0,4,-47
1756012459.3059447,-2,1,-55
1756012459.3419447,0,0,-48
1756012459.3789446,-3,6,-50
1756012459.417945,2,3,-46
1756012459.4559443,4,2,-58
1756012459.4919446,-1,-2,-48
1756012459.5309446,-5,0,-51
1756012459.5679443,-5,0,-48
1756012459.6069446,1,2,-46
1756012459.6429446,3,3,-44
1756012459.6809447,0,-1,-58
1756012459.7179446,4,-7,-46
1756012459.756945,-1,-13,-46
1756012459.792945,1,-5,-60
1756012459.8309443,0,-1,-58
1756012459.8689446,2,1,-48
1756012459.9069445,-3,0,-55
1756012459.9429443,0,4,-59
1756012459.9809446,2,-1,-57
1756012460.0179446,1,-5,-45
1756012460.0569446,2,-2,-43
1756012460.0929446,3,-5,-43
1756012460.1309447,-3,0,-53
1756012460.167945,2,-8,-61
1756012460.2069447,3,-5,-58
1756012460.2429447,8,-5,-60
1756012460.2809446,7,-8,-58
1756012460.3189447,0,-7,-56
1756012460.3579447,5,-8,-53
1756012460.3959446,10,0,-58
1756012460.4319446,0,-3,-55
1756012460.4689443,0,-1,-49
1756012460.5079446,8,0,-57
1756012460.5459447,-2,2,-48
1756012460.5819447,-5,-2,-49
1756012460.6199446,9,0,-51
1756012460.657945,5,4,-55
1756012460.6959443,3,2,-45
1756012460.7319446,2,0,-31
1756012460.7689445,3,0,-44
1756012460.8069446,-2,-1,-55
1756012460.8429446,1,-2,-49
1756012460.8799446,-2,5,-46
1756012460.917945,4,3,-39
1756012460.9559443,-1,-3,-40
1756012460.9919446,-6,0,-44
1756012461.0289447,-1,-4,-39
1756012461.0679443,0,0,-45
1756012461.1059446,0,-1,-55
1756012461.1419446,2,0,-60
1756012461.1789446,-1,5,-58
1756012461.2179446,-3,5,-53
1756012461.2539446,-1,-3,-61
1756012461.2919445,-1,-3,-52
1756012461.3299446,-5,-4,-58
1756012461.3679447,1,0,-57
1756012461.4039447,4,0,-44
1756012461.4419446,1,1,-49
1756012461.4789443,1,-2,-49
1756012461.5179446,1,0,-54
1756012461.5539446,5,-1,-64
1756012461.5919447,1,-5,-59
1756012461.6299446,0,0,-56
1756012461.667945,1,2,-49
1756012461.7039447,0,0,-42
1756012461.7409446,4,0,-45
1756012461.7789447,0,0,-62
1756012461.8169446,1,-1,-46
1756012461.8529446,0,-1,-41
1756012461.8899446,-2,2,-46
1756012461.927945,-8,-7,-59
1756012461.9669447,0,2,-63
1756012462.0029447,1,2,-60
1756012462.0399446,0,-2,-61
1756012462.0789447,-2,-4,-51
1756012462.1169446,0,0,-45
1756012462.1529446,-3,-1,-50
1756012462.1919446,5,3,-55
1756012462.2289443,6,0,-44
1756012462.2669446,-2,1,-43
1756012462.302945,-4,-2,-45
1756012462.3419447,-1,-5,-52
1756012462.3789446,0,-6,-50
1756012462.417945,3,-5,-46
1756012462.4539447,-3,0,-43
1756012462.4919446,2,-5,-46
1756012462.529945,8,-3,-48
1756012462.5689447,3,5,-43
1756012462.6069446,4,-4,-59
1756012462.6429446,1,-1,-59
1756012462.6799445,-2,-2,-61
1756012462.7189443,2,-11,-53
1756012462.756945,-1,-3,-42
1756012462.792945,0,-2,-45
1756012462.8299446,3,-1,-54
1756012462.8689446,1,0,-62
1756012462.9129446,2,-3,-54
1756012462.950945,-2,-4,-50
1756012462.9889443,0,-1,-57
1756012463.0279446,-4,-4,-51
1756012463.0639446,-6,-4,-53
1756012463.1019447,-4,-2,-49
1756012463.1399446,-4,-4,-50
1756012463.1789446,-6,-3,-61
1756012463.2149446,-4,0,-51
1756012463.2529447,-5,1,-52
1756012463.2909446,-5,-2,-47
1756012463.3299446,-1,-2,-62
1756012463.3679447,0,2,-71
1756012463.4039447,0,1,-50
1756012463.440945,-4,-1,-45
1756012463.4799447,-5,-2,-41
1756012463.5179446,-6,0,-56
1756012463.5539446,0,-1,-52
1756012463.5909443,0,-1,-59
1756012463.6299446,5,-11,-54
1756012463.667945,9,-11,-63
1756012463.7039447,-1,-9,-53
1756012463.7419446,4,-4,-51
1756012463.779945,-11,-6,-35
1756012463.8189447,0,0,-44
1756012463.8549447,-3,-2,-47
1756012463.8929446,8,-3,-41
1756012463.9309447,5,0,-52
1756012463.9699447,0,0,-49
1756012464.0079446,2,-2,-62
1756012464.0439446,5,-2,-47
1756012464.0819447,3,0,-48
1756012464.1199446,0,8,-46
1756012464.157945,-3,1,-56
1756012464.1939447,2,2,-53
1756012464.2319446,8,-3,-49
1756012464.269945,0,-1,-38
1756012464.3079443,0,0,-46
1756012464.3439443,2,-1,-38
1756012464.381945,1,-3,-50
1756012464.4209447,0,-8,-52
1756012464.4589446,2,-6,-39
1756012464.4949446,7,-3,-52
1756012464.532945,8,-1,-57
1756012464.5709443,3,1,-52
1756012464.608945,8,1,-50
1756012464.644945,3,-2,-52
1756012464.6829443,-4,-9,-40
1756012464.7199447,0,1,-50
1756012464.7559447,0,-1,-50
1756012464.792945,-5,-5,-60
1756012464.8309443,-7,-4,-57
1756012464.8699446,4,-1,-49
1756012464.9059446,-3,2,-54
1756012464.9429443,-5,5,-45
1756012464.9809446,-10,0,-48
1756012465.019945,-1,-5,-48
1756012465.0559447,-4,1,-46
1756012465.0939443,-3,-1,-44
1756012465.131945,0,0,-47
1756012465.1699443,3,0,-43
1756012465.2059443,-1,3,-54
1756012465.2429447,-4,-6,-49
1756012465.2809446,11,2,-47
1756012465.3189447,0,-2,-45
1756012465.3549447,-2,-4,-45
1756012465.3929446,1,1,-44
1756012465.4309447,-5,-2,-48
1756012465.4699447,-1,-6,-57
1756012465.5059447,-4,-6,-54
1756012465.5439446,3,0,-60
1756012465.5829446,2,-5,-52
1756012465.6209445,2,-2,-51
1756012465.6589446,-2,-5,-56
1756012465.6959443,0,-1,-52
1756012465.7329447,-7,-2,-41
1756012465.7709446,-1,-2,-51
1756012465.8099446,1,-1,-43
1756012465.8459446,-7,-1,-46
1756012465.8839445,-4,-1,-44
1756012465.9219446,-1,0,-63
1756012465.960945,-5,-1,-58
1756012465.9989443,-1,0,-56
1756012466.0349443,0,0,-50
1756012466.0719447,0,-14,-49
1756012466.1109445,1,2,-47
1756012466.1489446,-3,0,-46
1756012466.1849446,-6,1,-48
1756012466.2219446,-3,5,-55
1756012466.2609446,-2,6,-46
1756012466.2969446,1,-1,-42
1756012466.3339446,2,0,-52
1756012466.371945,0,0,-50
1756012466.4099443,0,0,-48
1756012466.4459443,1,2,-57
1756012466.4829447,-4,4,-50
1756012466.5209446,4,0,-39
1756012466.5569446,9,-1,-43
1756012466.5939443,-2,-2,-43
1756012466.631945,0,-5,-39
1756012466.6709447,0,0,-49
1756012466.7069447,1,-1,-51
1756012466.7439446,-2,-3,-47
1756012466.7819445,1,-2,-52
1756012466.8209443,1,0,-59
1756012466.8569446,2,0,-54
1756012466.8939445,-1,4,-56
1756012466.9319446,-6,3,-45
1756012466.9709446,-10,0,-52
1756012467.006945,-9,10,-46
1756012467.0439446,-1,0,-46
1756012467.0819447,-1,-4,-41
1756012467.1209445,0,-7,-57
1756012467.1569445,-5,-1,-45
1756012467.1949446,-2,0,-54
1756012467.2329447,-5,2,-50
1756012467.2719443,-1,6,-63
1756012467.3099446,0,4,-57
1756012467.3459446,3,3,-51
1756012467.3829446,0,6,-52
1756012467.4209447,2,6,-54
1756012467.4569447,2,1,-52
1756012467.4949446,0,1,-60
1756012467.5319445,6,0,-48
1756012467.5699446,1,-1,-46
1756012467.6059446,0,-5,-44
1756012467.6429446,-6,1,-42
1756012467.6819446,-1,-1,-51
1756012467.7199447,-7,-5,-49
1756012467.7559447,-4,0,-55
1756012467.792945,-6,4,-52
1756012467.8319447,6,0,-55
1756012467.8699446,-2,0,-54
1756012467.9059446,-6,-4,-53
1756012467.9439447,-8,3,-52
1756012467.9819446,-3,-6,-57
1756012468.0209446,-2,-7,-53
1756012468.0569446,-1,-4,-56
1756012468.0949447,-2,-7,-50
1756012468.1329446,-1,8,-57
1756012468.1719446,1,-1,-49
1756012468.2079446,0,-2,-57
1756012468.2449446,0,-3,-55
1756012468.282945,3,2,-43
1756012468.3219447,5,8,-47
1756012468.3579447,1,5,-44
1756012468.394945,7,-2,-54
1756012468.4329443,0,0,-51
1756012468.4719446,-3,-2,-41
1756012468.5079446,1,1,-52
1756012468.5449443,0,-6,-53
1756012468.5829446,-4,2,-58
1756012468.621945,-3,4,-46
1756012468.657945,-1,2,-50
1756012468.6949446,-16,-1,-57
1756012468.7329447,-4,6,-50
1756012468.7719443,-3,-2,-48
1756012468.8079443,3,-3,-39
1756012468.8449447,2,-1,-53
1756012468.8829446,0,0,-52
1756012468.9219446,1,-4,-57
1756012468.9579446,-3,-4,-38
1756012468.9959445,4,-6,-47
1756012469.0339446,1,-7,-40
1756012469.0729446,1,-7,-49
1756012469.1109445,3,-9,-45
1756012469.1469443,4,-5,-48
1756012469.1839447,3,1,-55
1756012469.2219446,-3,-1,-53
1756012469.2579446,-6,-3,-48
1756012469.2959447,4,0,-42
1756012469.3339446,0,-3,-46
1756012469.3729446,3,4,-46
1756012469.4109447,4,0,-54
1756012469.4469447,1,0,-52
1756012469.483945,-1,-2,-59
1756012469.5229447,-1,0,-51
1756012469.5609446,-5,-1,-53
1756012469.5979445,-6,1,-45
1756012469.634945,1,0,-48
1756012469.6729443,10,0,-53
1756012469.7089446,1,-3,-42
1756012469.7459445,2,-5,-44
1756012469.7839446,0,-1,-51
1756012469.8229446,-1,2,-58
1756012469.858945,-3,0,-56
1756012469.8959446,0,-3,-52
1756012469.9339447,7,-5,-46
1756012469.9729445,1,-6,-53
1756012470.0089445,-3,-1,-57
1756012470.0479443,1,-1,-55
1756012470.0849447,2,-2,-54
1756012470.1229446,-2,0,-61
1756012470.1619446,-1,-1,-59
1756012470.1979446,0,-3,-51
1756012470.2349446,-7,0,-59
1756012470.2729447,1,-4,-47
1756012470.3119447,4,2,-46
1756012470.3479445,-5,0,-53
1756012470.3859446,6,-3,-49
1756012470.4239447,7,-2,-50
1756012470.4629445,10,-2,-46
1756012470.4989443,-5,-2,-50
1756012470.5369446,-5,0,-57
1756012470.5749447,-6,3,-50
1756012470.6139443,6,4,-41
1756012470.6519446,1,2,-42
1756012470.687945,2,0,-48
1756012470.7259445,5,-1,-64
1756012470.7639446,2,-1,-48
1756012470.802945,-2,3,-51
1756012470.838945,-8,1,-58
1756012470.8759446,-2,3,-54
1756012470.9139447,-6,6,-53
1756012470.9529445,1,1,-50
1756012470.9889443,-4,3,-59
1756012471.0259447,-4,0,-44
1756012471.0639446,0,0,-48
1756012471.1019447,4,9,-43
1756012471.1379447,12,2,-52
1756012471.1759446,-2,-1,-54
1756012471.213945,0,2,-52
1756012471.2499447,-3,2,-53
1756012471.2869446,-3,-7,-47
1756012471.3249447,-4,0,-51
1756012471.3639443,-3,2,-51
1756012471.3999443,-4,5,-51
1756012471.4369447,5,1,-63
1756012471.4749446,7,2,-44
1756012471.5139446,7,0,-49
1756012471.5499446,7,2,-51
1756012471.5869446,8,2,-43
1756012471.6239443,-3,-3,-49
1756012471.6629446,-2,-2,-50
1756012471.6989446,-2,-2,-54
1756012471.736945,0,-5,-54
1756012471.7749443,7,0,-36
1756012471.8139446,0,-6,-46
1756012471.8499446,-3,-7,-43
1756012471.8879447,5,-1,-45
1756012471.9259446,1,-6,-46
1756012471.9649446,1,-6,-45
1756012472.0029447,-1,-4,-51
1756012472.0389447,-6,-8,-63
1756012472.0769446,-2,0,-58
1756012472.1149447,-7,-3,-52
1756012472.1539447,2,0,-46
1756012472.1899445,-1,0,-40
1756012472.2269447,0,-9,-51
1756012472.2649446,-4,-3,-55
1756012472.3039446,3,0,-57
1756012472.3399446,5,-1,-52
1756012472.3769443,1,2,-47
1756012472.4149446,0,-4,-49
1756012472.4529445,-1,0,-49
1756012472.4889443,-6,-2,-60
1756012472.5269446,-5,-3,-57
1756012472.5649445,0,5,-47
1756012472.6029446,1,4,-49
1756012472.6389446,-3,8,-39
1756012472.6769447,-3,-1,-47
1756012472.7149446,0,0,-41
1756012472.7529447,6,1,-37
1756012472.7889447,7,0,-37
1756012472.8269446,2,1,-50
1756012472.8649447,1,5,-54
1756012472.9029446,0,-1,-45
1756012472.9469447,-1,-4,-37
1756012472.9849446,7,0,-44
1756012473.0239446,4,0,-47
1756012473.0599446,-2,3,-49
1756012473.0979445,-4,0,-47
1756012473.1359446,-2,-8,-50
1756012473.1749446,-3,-8,-54
1756012473.210945,-2,-6,-52
1756012473.2499447,1,-3,-54
1756012473.2869446,-4,-4,-56
1756012473.3249447,0,-6,-44
1756012473.3639443,0,0,-55
1756012473.3999443,5,-6,-56
1756012473.437945,-8,-2,-51
1756012473.4759445,5,-2,-42
1756012473.5149446,-1,5,-47
1756012473.5509446,1,1,-43
1756012473.5879445,0,1,-57
1756012473.6259446,-4,1,-59
1756012473.6639447,3,0,-47
1756012473.6999447,-3,-4,-43
1756012473.7379446,0,-6,-46
1756012473.7759447,0,-4,-50
1756012473.8149445,-3,-3,-49
1756012473.8509445,0,2,-49
1756012473.8879447,-4,-2,-49
1756012473.9259446,-11,1,-57
1756012473.9649446,-6,0,-52
1756012474.0009446,-6,-4,-49
1756012474.0389447,0,0,-62
1756012474.075945,-4,7,-46
1756012474.1149447,2,4,-43
1756012474.1509447,0,0,-55
1756012474.187945,-4,0,-48
1756012474.2259445,0,-5,-51
1756012474.2649446,2,-9,-55
1756012474.3009446,0,-6,-53
1756012474.3379445,0,1,-56
1756012474.3759446,-3,-5,-49
1756012474.4139447,-2,0,-54
1756012474.4499447,1,-3,-51
1756012474.4879446,3,-2,-41
1756012474.5259447,2,0,-61
1756012474.5639446,-7,5,-55
1756012474.5999446,2,7,-51
1756012474.6369443,-4,0,-55
1756012474.6759446,-1,0,-45
1756012474.7119446,-1,-3,-52
1756012474.7509446,-6,-6,-55
1756012474.7879446,-4,-6,-50
1756012474.825945,-3,-2,-49
1756012474.8649447,-6,2,-47
1756012474.9009447,-2,4,-49
1756012474.937945,-2,-4,-52
1756012474.9759445,-8,0,-51
1756012475.0149446,-4,-3,-49
1756012475.0509446,4,1,-38
1756012475.088945,3,-2,-36
1756012475.1269443,-3,4,-51
1756012475.1659446,4,5,-54
1756012475.2019446,1,-2,-46
1756012475.2399447,-2,-3,-46
1756012475.2779446,-1,-8,-48
1756012475.3169446,2,0,-40
1756012475.3549447,-2,0,-49
1756012475.3909447,6,2,-41
1756012475.427945,1,2,-53
1756012475.4659443,6,1,-52
1756012475.5019443,9,-2,-49
1756012475.5399446,0,4,-51
1756012475.5779445,6,0,-46
1756012475.6169446,0,-4,-47
1756012475.654945,-3,5,-60
1756012475.690945,0,0,-65
1756012475.7279446,6,-1,-57
1756012475.7669446,2,0,-51
1756012475.8049445,-1,1,-52
1756012475.8409443,0,2,-60
1756012475.8779447,-3,-2,-47
1756012475.9169445,-2,1,-53
1756012475.9549446,-7,3,-41
1756012475.9909446,-3,1,-43
1756012476.0279446,-1,7,-57
1756012476.0669446,-3,3,-52
1756012476.1049447,-3,-3,-51
1756012476.1409447,0,-3,-55
1756012476.1789446,0,-8,-63
1756012476.2169447,5,-4,-57
1756012476.2559447,3,0,-57
1756012476.2919445,-2,-5,-50
1756012476.3299446,-1,-6,-49
1756012476.3679447,0,-4,-66
1756012476.4069445,1,1,-58
1756012476.4429443,0,-5,-49
1756012476.4799447,-1,-6,-53
1756012476.5179446,-3,-3,-45
1756012476.5569446,1,-4,-52
1756012476.5929446,1,-5,-48
1756012476.6299446,1,-1,-40
1756012476.667945,-2,-3,-53
1756012476.7069447,-7,0,-40
1756012476.7429447,-1,-3,-46
1756012476.7809446,0,1,-51
1756012476.8189447,-2,0,-44
1756012476.8569446,-4,-1,-37
1756012476.8959446,0,0,-54
1756012476.9329443,-1,0,-47
1756012476.9699447,3,0,-57
1756012477.0079446,4,-3,-50
1756012477.0459447,3,0,-55
1756012477.0819447,3,-2,-53
1756012477.1189446,0,-3,-49
1756012477.157945,1,-7,-58
1756012477.1959443,2,0,-48
1756012477.2319446,1,-2,-46
1756012477.269945,0,-4,-52
1756012477.3079443,-6,1,-50
1756012477.3459446,-6,-4,-54
1756012477.381945,-9,-4,-59
1756012477.4199443,-9,3,-55
1756012477.4579446,0,4,-51
1756012477.496945,5,4,-59
1756012477.532945,1,-7,-55
1756012477.5699446,0,-5,-38
1756012477.6079447,5,5,-47
1756012477.6469443,2,6,-61
1756012477.6829443,-1,-1,-47
1756012477.7209446,3,-5,-55
1756012477.7589445,0,-2,-58
1756012477.7979443,-2,-7,-45
1756012477.835945,-1,-12,-38
1756012477.871945,4,-6,-45
1756012477.9089446,-2,-1,-47
1756012477.9479446,-1,-1,-61
1756012477.983945,8,2,-50
1756012478.0209446,4,4,-62
1756012478.0579443,1,0,-62
1756012478.0969446,-4,-7,-61
1756012478.1329446,2,-9,-49
1756012478.1699443,-4,-7,-62
1756012478.2079446,0,-1,-62
1756012478.246945,0,-1,-59
1756012478.282945,-7,0,-41
1756012478.3209443,-2,3,-43
1756012478.358945,4,-3,-54
1756012478.3979447,-9,3,-48
1756012478.4339447,-4,1,-51
1756012478.4709446,-7,-4,-53
1756012478.5089445,0,0,-47
1756012478.5469446,2,1,-56
1756012478.5829446,1,-3,-48
1756012478.6199446,0,-2,-36
1756012478.6589446,1,2,-52
1756012478.6969447,-4,-7,-57
1756012478.7329447,-1,0,-51
1756012478.769945,-1,-1,-45
1756012478.8089447,0,-2,-56
1756012478.8469446,-5,-3,-53
1756012478.8829446,-7,0,-49
1756012478.9209447,-1,0,-47
1756012478.9589446,-1,-1,-48
1756012478.9979446,-7,3,-51
1756012479.0339446,-4,-2,-43
1756012479.0719447,0,0,-34
1756012479.1099446,0,-3,-52
1756012479.1489446,-6,-2,-47
1756012479.1869447,-8,0,-51
1756012479.2229445,-4,8,-47
1756012479.259945,0,1,-46
1756012479.2979443,0,-5,-45
1756012479.3339446,-1,0,-51
1756012479.371945,-1,-2,-39
1756012479.4099443,-2,1,-49
1756012479.4489446,-3,2,-41
1756012479.486945,-3,-1,-43
1756012479.5229447,0,-3,-53
1756012479.5599446,0,-1,-48
1756012479.598945,2,-6,-41
1756012479.634945,-1,-7,-48
1756012479.6729443,0,-5,-56
1756012479.710945,-1,-3,-54
1756012479.7489443,-3,1,-51
1756012479.7879446,-1,1,-45
1756012479.8239446,0,6,-41
1756012479.8609445,-4,0,-55
1756012479.8989446,-3,-1,-52
1756012479.937945,1,-4,-48
1756012479.973945,1,1,-47
1756012480.0109446,7,3,-52
1756012480.0489447,-1,6,-49
1756012480.0879445,-3,2,-48
1756012480.1239443,2,0,-53
1756012480.1609447,2,3,-45
1756012480.1989446,4,-1,-63
1756012480.2349446,-2,-5,-61
1756012480.2739446,1,0,-49
1756012480.3109446,-2,6,-56
1756012480.3499446,-3,-2,-54
1756012480.3879447,-1,5,-53
1756012480.4239447,6,7,-55
1756012480.460945,5,4,-46
1756012480.4989443,-6,0,-53
1756012480.5349443,-3,-2,-60
1756012480.5739446,0,-4,-47
1756012480.6109445,1,-1,-42
1756012480.6499443,13,0,-52
1756012480.687945,6,0,-50
1756012480.723945,0,3,-52
1756012480.7609446,2,0,-41
1756012480.7989447,0,0,-51
1756012480.8349447,1,-2,-57
1756012480.871945,-3,4,-56
1756012480.9109447,7,-2,-49
1756012480.9489446,-1,-3,-44
1756012480.9849446,6,-5,-61
1756012481.0219443,-3,-2,-48
1756012481.0599446,2,0,-46
1756012481.098945,2,0,-54
1756012481.134945,-1,-4,-54
1756012481.1729443,1,-3,-61
1756012481.210945,0,1,-64
1756012481.2489443,0,0,-48
1756012481.2849443,-6,1,-47
1756012481.3219447,5,0,-48
1756012481.3599446,3,0,-51
1756012481.3959446,-1,0,-56
1756012481.4329443,0,5,-48
1756012481.4699447,-12,-5,-44
1756012481.5089445,-1,2,-41
1756012481.5449443,0,-1,-43
1756012481.5829446,-1,-9,-61
1756012481.6209445,4,-3,-49
1756012481.6599443,1,-12,-51
1756012481.6959443,-3,-8,-58
1756012481.733945,2,-11,-53
1756012481.7729447,0,-4,-52
1756012481.8099446,0,0,-51
1756012481.8459446,-6,0,-52
1756012481.8839445,-6,-4,-57
1756012481.9229443,1,4,-59
1756012481.9599447,0,1,-50
1756012481.9989443,2,8,-44
1756012482.0349443,0,3,-61
1756012482.0719447,4,3,-58
1756012482.1109445,2,-5,-47
1756012482.1489446,12,0,-53
1756012482.1849446,12,-1,-53
1756012482.2229445,2,-1,-56
1756012482.2609446,0,1,-62
1756012482.2989447,2,0,-60
1756012482.3349447,4,0,-50
1756012482.3729446,-1,-6,-48
1756012482.4109447,-4,0,-59
1756012482.4489446,2,-1,-57
1756012482.4849446,3,0,-53
1756012482.5229447,0,-8,-56
1756012482.5609446,0,1,-45
1756012482.598945,-1,-5,-59
1756012482.634945,3,-2,-58
1756012482.6729443,9,0,-54
1756012482.710945,2,0,-62
1756012482.7489443,2,0,-57
1756012482.7849443,-5,3,-46
1756012482.8219447,4,6,-58
1756012482.8609445,3,4,-48
1756012482.8969443,3,3,-45
1756012482.9339447,6,-3,-47
1756012482.9799447,2,0,-43
1756012483.0159447,-2,-2,-45
1756012483.0539446,2,-7,-51
1756012483.0919447,0,2,-55
1756012483.1309447,-7,8,-46
1756012483.1669445,-10,3,-54
1756012483.2039447,0,-2,-53
1756012483.2429447,-2,0,-60
1756012483.2809446,0,4,-55
1756012483.3169446,-2,2,-61
1756012483.3539443,2,-7,-52
1756012483.3929446,0,-3,-47
1756012483.4309447,-4,-3,-46
1756012483.4669447,-3,0,-57
1756012483.5039446,-7,1,-49
1756012483.5419445,0,3,-42
1756012483.5809443,-2,-1,-57
1756012483.6169446,0,-3,-55
1756012483.6539447,0,-4,-51
1756012483.6919446,1,-2,-49
1756012483.7309446,3,-1,-65
1756012483.7669446,1,-1,-51
1756012483.8039446,7,-4,-41
1756012483.8419447,4,1,-49
1756012483.8809447,-1,-4,-43
1756012483.9169445,3,-3,-46
1756012483.9539447,3,-1,-44
1756012483.9919446,1,1,-50
1756012484.0309446,3,1,-42
1756012484.0669446,-3,-1,-46
1756012484.1049447,1,-4,-39
1756012484.1429446,1,-9,-44
1756012484.1819446,3,-4,-43
1756012484.2199447,1,-3,-47
1756012484.2559447,0,0,-43
1756012484.292945,-4,-11,-51
1756012484.3319447,-4,-8,-47
1756012484.3699446,-3,-5,-41
1756012484.4059446,-6,0,-56
1756012484.4439447,1,1,-62
1756012484.4819446,-5,0,-51
1756012484.5209446,-1,-3,-50
1756012484.5569446,0,0,-52
1756012484.5949447,4,6,-60
1756012484.6329446,2,3,-55
1756012484.6709447,-1,-1,-40
1756012484.7069447,0,-4,-35
1756012484.7449446,4,5,-48
1756012484.7819445,5,4,-59
1756012484.8209443,0,5,-49
1756012484.8569446,-4,-3,-49
1756012484.894945,-1,-6,-59
1756012484.9329443,0,-3,-55
1756012484.9719446,2,-1,-49
1756012485.0079446,7,0,-58
1756012485.0449443,8,-1,-55
1756012485.0829446,6,0,-55
1756012485.121945,3,0,-52
1756012485.157945,-7,-5,-57
1756012485.1959443,2,-1,-57
1756012485.233945,-7,6,-47
1756012485.2719443,-6,1,-54
1756012485.3109446,-3,-2,-58
1756012485.3469446,1,-1,-51
1756012485.3839445,7,-3,-52
1756012485.4229443,3,4,-51
1756012485.460945,5,2,-45
1756012485.496945,0,-3,-49
1756012485.5349443,-1,-4,-50
1756012485.5729446,-3,0,-59
1756012485.611945,2,-7,-49
1756012485.6479447,-1,-6,-47
1756012485.6859446,2,-3,-48
1756012485.723945,5,-3,-39
1756012485.7629447,1,-2,-33
1756012485.8009446,1,-2,-41
1756012485.8369446,0,-2,-39
1756012485.8749447,4,-2,-45
1756012485.9129446,5,2,-44
1756012485.950945,-2,0,-47
1756012485.986945,0,7,-43
1756012486.0239446,0,4,-50
1756012486.062945,-1,4,-54
1756012486.1009445,2,-3,-45
1756012486.1369443,0,-2,-56
1756012486.1749446,-1,0,-43
1756012486.2129445,3,0,-53
1756012486.2509446,-2,-4,-54
1756012486.2869446,-4,-4,-58
1756012486.3249447,-5,0,-66
1756012486.3629446,-6,0,-58
1756012486.4019446,-7,-5,-56
1756012486.437945,0,-4,-54
1756012486.4749446,6,-9,-47
1756012486.5129447,2,-2,-42
1756012486.5519447,9,0,-40
1756012486.5879445,3,3,-44
1756012486.6249447,2,-2,-46
1756012486.6629446,5,-2,-54
1756012486.7019446,3,-3,-56
1756012486.7379446,6,1,-55
1756012486.7749443,0,1,-57
1756012486.812945,0,0,-61
1756012486.848945,-4,-6,-59
1756012486.8869443,-3,0,-63
1756012486.9249446,-2,0,-50
1756012486.9629445,5,0,-55
1756012486.9989443,1,-6,-59
1756012487.0359447,6,0,-51
1756012487.0739446,-2,0,-47
1756012487.111945,6,-1,-53
1756012487.1479447,-1,2,-53
1756012487.1849446,-1,0,-52
1756012487.223945,0,0,-42
1756012487.2619443,1,-1,-57
1756012487.2979443,6,-7,-48
1756012487.3349447,8,-8,-39
1756012487.3739443,0,-9,-42
1756012487.4119446,-4,0,-44
1756012487.4479446,-1,-1,-49
1756012487.4859445,-5,-4,-41
1756012487.5239446,0,-1,-42
1756012487.562945,-2,-2,-52
1756012487.598945,-5,1,-54
1756012487.6359446,-2,-8,-53
1756012487.6739447,3,1,-53
1756012487.7119446,-2,-2,-46
1756012487.7479446,-9,-6,-51
1756012487.7859447,-1,-9,-49
1756012487.8239446,-6,-7,-57
1756012487.8629446,1,-2,-50
1756012487.8989446,0,-3,-50
1756012487.9359446,1,1,-54
1756012487.973945,4,1,-53
1756012488.009945,7,1,-52
1756012488.0469446,8,-1,-53
1756012488.085945,7,5,-54
1756012488.1239443,0,7,-57
1756012488.1599443,-5,3,-49
1756012488.1969447,-3,1,-44
1756012488.2349446,1,0,-56
1756012488.2739446,-3,0,-67
1756012488.3099446,0,4,-51
1756012488.3469446,-5,-3,-43
1756012488.384945,-3,5,-49
1756012488.4239447,1,3,-44
1756012488.4599447,1,-4,-47
1756012488.496945,4,-6,-52
1756012488.5349443,-5,2,-58
1756012488.5739446,2,-4,-65
1756012488.6099446,2,-3,-53
1756012488.6469443,-9,-2,-47
1756012488.6849446,-12,-5,-44
1756012488.723945,1,-4,-53
1756012488.759945,-2,-4,-59
1756012488.7979443,5,3,-51
1756012488.835945,0,2,-49
1756012488.8749447,7,2,-47
1756012488.9129446,-1,0,-51
1756012488.9489446,3,-3,-45
1756012488.9859445,6,-2,-52
1756012489.0249443,-2,0,-53
1756012489.062945,-2,-10,-53
1756012489.098945,-3,-2,-53
1756012489.1369443,-3,-2,-49
1756012489.1749446,2,2,-53
1756012489.2129445,0,2,-52
1756012489.2489443,-1,-5,-52
1756012489.2869446,0,-2,-53
1756012489.3249447,-7,0,-48
1756012489.3639443,-2,1,-56
1756012489.3999443,-1,-5,-48
1756012489.437945,0,-1,-43
1756012489.4759445,-7,0,-51
1756012489.5149446,-6,4,-39
1756012489.552945,-12,-7,-55
1756012489.588945,-3,1,-57
1756012489.6259446,-1,4,-58
1756012489.6649446,-1,-1,-43
1756012489.700945,1,5,-49
1756012489.7389443,-8,-2,-56
1756012489.7779446,-4,5,-51
1756012489.8149445,5,3,-44
1756012489.8509445,11,-4,-52
1756012489.8889446,3,4,-52
1756012489.927945,0,6,-44
1756012489.9649446,-3,8,-44
1756012490.0039446,0,1,-49
1756012490.0399446,0,3,-49
1756012490.0769446,-1,5,-41
1756012490.1149447,3,10,-51
1756012490.1509447,1,-3,-52
1756012490.1889446,9,0,-49
1756012490.2259445,6,-1,-52
1756012490.2649446,1,-5,-48
1756012490.3009446,0,-2,-56
1756012490.338945,-1,-1,-54
1756012490.3769443,-5,-1,-49
1756012490.4159446,1,-3,-48
1756012490.4539447,-1,0,-46
1756012490.4899447,2,2,-46
1756012490.5279446,-4,0,-59
1756012490.565945,-4,-5,-61
1756012490.6039443,1,4,-66
1756012490.6399446,2,0,-56
1756012490.677945,0,-3,-55
1756012490.7159443,-3,3,-52
1756012490.7539446,2,0,-58
1756012490.7899446,-2,0,-62
1756012490.8279445,-8,0,-52
1756012490.8659446,-2,-1,-51
1756012490.9039447,2,-6,-55
1756012490.9399445,3,-1,-51
1756012490.9779446,3,-5,-48
1756012491.0159447,-1,-3,-53
1756012491.0539446,-3,3,-55
1756012491.0899446,-4,0,-54
1756012491.1279447,-1,-7,-44
1756012491.1659446,3,-3,-38
1756012491.2039447,9,-3,-39
1756012491.2399447,7,4,-52
1756012491.2769446,4,4,-58
1756012491.315945,1,0,-51
1756012491.3519447,0,-4,-47
1756012491.3899446,4,-4,-45
1756012491.427945,4,-1,-53
1756012491.4659443,-1,-1,-50
1756012491.5049446,-7,5,-43
1756012491.5409446,-5,5,-54
1756012491.5779445,2,4,-46
1756012491.6159446,-2,-2,-41
1756012491.654945,-2,2,-47
1756012491.690945,-3,-3,-46
1756012491.7289443,-6,-9,-44
1756012491.7669446,-4,-8,-45
1756012491.8059447,1,0,-45
1756012491.8419447,1,-7,-54
1756012491.8799446,-5,-5,-51
1756012491.917945,-8,0,-44
1756012491.9559443,-5,0,-56
1756012491.9949446,-2,1,-55
1756012492.0309446,2,-1,-48
1756012492.0689447,1,-2,-52
1756012492.1069446,1,1,-41
1756012492.144945,-4,2,-45
1756012492.1809447,0,-5,-53
1756012492.2179446,-5,0,-57
1756012492.256945,-2,-2,-51
1756012492.2949443,0,-2,-40
1756012492.3309443,-4,0,-42
1756012492.3679447,-5,4,-38
1756012492.4069445,2,-1,-40
1756012492.4449446,13,1,-45
1756012492.4809446,3,-2,-48
1756012492.5179446,0,-2,-38
1756012492.5569446,-2,0,-42
1756012492.5949447,0,0,-42
1756012492.6309447,0,-2,-43
1756012492.667945,0,-1,-55
1756012492.7069447,0,-5,-44
1756012492.7449446,4,-7,-52
1756012492.7809446,0,-4,-52
1756012492.8179443,-2,1,-59
1756012492.8569446,0,3,-58
1756012492.894945,-1,-2,-52
1756012492.9309447,-1,-3,-52
1756012492.9689443,4,0,-55
1756012493.0149446,0,-1,-53
1756012493.0509446,-3,1,-61
1756012493.088945,-5,1,-53
1756012493.1269443,-5,3,-51
1756012493.1659446,1,2,-45
1756012493.2019446,6,2,-45
1756012493.2389443,8,2,-38
1756012493.2769446,1,0,-43
1756012493.315945,-3,-1,-57
1756012493.3529446,-4,0,-49
1756012493.3899446,1,0,-54
1756012493.4269447,0,1,-56
1756012493.4629445,-4,4,-46
1756012493.4999447,-2,2,-36
1756012493.5379446,-7,7,-51
1756012493.5769446,-10,4,-50
1756012493.6129446,-7,3,-46
1756012493.6499443,-8,0,-56
1756012493.687945,0,0,-49
1756012493.7259445,0,1,-60
1756012493.7619443,3,-3,-60
1756012493.7999446,-3,0,-37
1756012493.8379445,4,-3,-37
1756012493.8769443,-2,0,-46
1756012493.9129446,-2,0,-44
1756012493.9499447,0,4,-43
1756012493.9879446,3,3,-47
1756012494.0259447,5,3,-55
1756012494.0619447,4,4,-45
1756012494.0999446,-2,-5,-42
1756012494.1379447,-8,-4,-41
1756012494.1769447,3,3,-44
1756012494.2129445,0,3,-50
1756012494.2509446,4,0,-45
1756012494.2879446,0,5,-52
1756012494.325945,3,0,-61
1756012494.361945,-1,0,-43
1756012494.4009447,-5,3,-48
1756012494.437945,-8,0,-46
1756012494.4769447,-9,-3,-59
1756012494.5129447,0,-4,-48
1756012494.5509446,4,-7,-57
1756012494.5879445,2,0,-49
1756012494.6269443,0,-5,-44
1756012494.6629446,-3,0,-42
1756012494.700945,-6,-5,-43
1756012494.7379446,6,0,-71
1756012494.7739446,4,-1,-55
1756012494.8109446,0,-5,-53
1756012494.848945,-2,-2,-43
1756012494.8879447,-8,-1,-45
1756012494.9239447,-3,1,-48
1756012494.960945,-1,2,-43
1756012494.9989443,-1,0,-54
1756012495.0379446,-4,-1,-55
1756012495.0739446,-4,1,-47
1756012495.111945,-4,-3,-45
1756012495.1499443,-1,-3,-51
1756012495.187945,-2,-4,-46
1756012495.2269447,-1,-4,-50
1756012495.2629447,-1,2,-55
1756012495.3009446,3,3,-56
1756012495.338945,8,0,-55
1756012495.3769443,3,-1,-58
1756012495.4129446,-2,-1,-59
1756012495.450945,2,3,-49
1756012495.4889443,3,3,-40
1756012495.5269446,-7,1,-54
1756012495.562945,5,-3,-49
1756012495.5999446,7,-2,-46
1756012495.6389446,-2,1,-49
1756012495.6769447,-7,-5,-50
1756012495.7129445,-2,-3,-56
1756012495.7509446,-4,-1,-52
1756012495.7889447,-5,-4,-50
1756012495.8279445,-2,-5,-61
1756012495.8639443,4,-3,-62
1756012495.9019446,2,-5,-54
1756012495.9389446,-3,-5,-52
1756012495.9779446,3,-2,-56
1756012496.0139446,0,-3,-56
1756012496.0509446,-2,-4,-46
1756012496.088945,2,-1,-46
1756012496.1279447,-1,1,-40
1756012496.1639447,7,0,-51
1756012496.200945,8,0,-48
1756012496.2389443,3,1,-49
1756012496.2749443,0,-2,-47
1756012496.3119447,6,2,-51
1756012496.348945,5,2,-59
1756012496.384945,5,3,-60
1756012496.4219446,-1,3,-53
1756012496.4599447,-8,-7,-45
1756012496.4989443,-2,-8,-42
1756012496.5349443,-1,-4,-47
1756012496.5729446,-3,-1,-50
1756012496.6109445,-4,2,-55
1756012496.6489446,-2,7,-54
1756012496.687945,1,3,-45
1756012496.723945,1,0,-42
1756012496.7619443,5,-6,-53
1756012496.7999446,3,-3,-43
1756012496.838945,4,2,-52
1756012496.8749447,3,-5,-43
1756012496.9119446,-4,-3,-48
1756012496.9499447,-6,-3,-41
1756012496.9889443,8,-3,-45
1756012497.0249443,0,-5,-49
1756012497.0619447,0,-2,-56
1756012497.0999446,-8,-5,-60
1756012497.1389446,-3,0,-54
1756012497.1749446,-3,0,-58
1756012497.2119446,-3,-6,-63
1756012497.2499447,3,-9,-59
1756012497.2889447,1,-2,-53
1756012497.3249447,0,-7,-54
1756012497.361945,2,0,-49
1756012497.3999443,5,6,-35
1756012497.437945,4,2,-42
1756012497.473945,-1,5,-54
1756012497.5119443,1,0,-41
1756012497.5499446,-3,0,-57
1756012497.588945,-3,-5,-63
1756012497.6249447,-8,-3,-50
1756012497.6629446,-7,0,-42
1756012497.700945,-3,-2,-43
1756012497.7399447,0,-2,-48
1756012497.7779446,0,9,-43
1756012497.8139446,-6,1,-44
1756012497.8509445,-12,-1,-46
1756012497.8899446,2,-2,-54
1756012497.9259446,-1,2,-54
1756012497.9629445,6,-1,-52
1756012498.0009446,6,-1,-43
1756012498.0399446,4,0,-53
1756012498.075945,-2,3,-63
1756012498.1129446,-8,3,-58
1756012498.1519446,-6,-2,-53
1756012498.1899445,-3,-5,-52
1756012498.2259445,1,-4,-55
1756012498.2629447,3,-8,-45
1756012498.3009446,-4,-7,-41
1756012498.3399446,5,0,-46
1756012498.3759446,1,-3,-55
1756012498.4129446,9,-5,-48
1756012498.450945,-4,0,-43
1756012498.4899447,1,-7,-52
1756012498.5259447,0,-7,-51
1756012498.562945,-6,3,-56
1756012498.6009445,1,0,-54
1756012498.6399446,0,0,-54
1756012498.6759446,7,1,-49
1756012498.7129445,-5,-3,-46
1756012498.7519443,-1,6,-55
1756012498.7899446,-1,-5,-54
1756012498.825945,0,-1,-58
1756012498.8629446,-3,-3,-60
1756012498.9009447,1,-4,-57
1756012498.9399445,-1,0,-42
1756012498.9759445,0,0,-50
1756012499.0129447,0,-1,-64
1756012499.0519447,-2,-2,-56
1756012499.0899446,-1,-2,-50
1756012499.1259446,3,1,-64
1756012499.1629446,0,-4,-58
1756012499.200945,9,0,-59
1756012499.2399447,5,1,-63
1756012499.2759447,-6,5,-50
1756012499.312945,1,2,-62
1756012499.3509445,-3,3,-46
1756012499.3889446,-3,2,-49
1756012499.4259446,-3,-4,-52
1756012499.4629445,-7,0,-55
1756012499.5019443,-5,1,-45
1756012499.5399446,-9,4,-41
1756012499.575945,-6,2,-38
1756012499.6129446,-7,-1,-48
1756012499.6519446,2,-2,-48
1756012499.6899445,-1,0,-39
1756012499.7259445,3,-7,-50
1756012499.7629447,3,-4,-55
1756012499.8009446,-5,-2,-55
1756012499.8399446,5,-8,-50
1756012499.8759446,4,-4,-52
1756012499.9129446,-1,-2,-45
1756012499.9519446,0,0,-53
1756012499.9899447,3,-2,-62
1756012500.0259447,-2,-4,-58
1756012500.0639446,-8,-3,-50
1756012500.1019447,-5,-2,-44
1756012500.1409447,-2,-3,-47
1756012500.1769447,-3,0,-48
1756012500.213945,0,0,-44
1756012500.2519443,0,-2,-53
1756012500.2899446,-5,-3,-50
1756012500.325945,-4,2,-54
1756012500.3629446,-2,-1,-54
1756012500.4019446,3,0,-41
1756012500.4399445,-1,-4,-40
1756012500.4759445,-4,-3,-58
1756012500.5139446,-3,-3,-58
1756012500.5519447,-1,-5,-48
1756012500.5909443,0,-5,-58
1756012500.6269443,3,4,-56
1756012500.6639447,-1,0,-47
1756012500.7019446,-2,0,-59
1756012500.7409446,0,1,-55
1756012500.7769446,0,-5,-58
1756012500.8149445,9,-4,-56
1756012500.8529446,-1,1,-45
1756012500.8919446,0,0,-52
1756012500.9299445,3,-1,-48
1756012500.9659443,2,-7,-52
1756012501.0039446,2,-1,-46
1756012501.042945,-1,1,-44
1756012501.0809443,0,6,-56
1756012501.1169446,0,3,-56
1756012501.1539447,-3,3,-54
1756012501.1919446,-4,-4,-55
1756012501.2309446,-4,8,-52
1756012501.2669446,-2,3,-53
1756012501.3039446,-1,-1,-44
1756012501.3429446,1,-4,-50
1756012501.3809447,0,0,-62
1756012501.4169445,4,-3,-54
1756012501.4539447,3,-1,-61
1756012501.4919446,8,0,-38
1756012501.5309446,1,0,-56
1756012501.5669446,-2,-4,-55
1756012501.6049447,-1,-1,-45
1756012501.6429446,0,-2,-46
1756012501.6819446,-2,0,-52
1756012501.7179446,-3,2,-61
1756012501.7559447,-3,0,-47
1756012501.7939446,0,-4,-59
1756012501.8319447,1,-3,-66
1756012501.8709445,-7,0,-61
1756012501.9069445,-3,1,-46
1756012501.9449446,2,-1,-47
1756012501.9829447,0,-1,-47
1756012502.0219443,-3,3,-46
1756012502.0579443,-1,2,-51
1756012502.0959446,-8,-2,-45
1756012502.1339445,10,4,-62
1756012502.1729443,10,1,-48
1756012502.210945,2,1,-44
1756012502.246945,-3,-2,-47
1756012502.2849443,7,-3,-64
1756012502.3229446,-1,-3,-58
1756012502.361945,4,-3,-42
1756012502.3979447,-2,-2,-43
1756012502.4359446,-5,0,-56
1756012502.473945,1,-4,-53
1756012502.5129447,-1,-3,-52
1756012502.5509446,1,-5,-56
1756012502.5869446,-2,-4,-46
1756012502.6249447,4,-1,-47
1756012502.6629446,2,-3,-59
1756012502.7019446,8,0,-57
1756012502.7379446,3,-1,-46
1756012502.7759447,1,0,-60
1756012502.812945,4,-3,-53
1756012502.8519447,5,2,-43
1756012502.8879447,-2,2,-48
1756012502.9249446,0,3,-51
1756012502.9629445,1,-1,-56
1756012502.9989443,-9,1,-65
1756012503.0499446,-5,3,-46
1756012503.085945,-3,3,-58
1756012503.1249447,-5,0,-59
1756012503.1629446,5,0,-61
1756012503.1989446,3,-2,-48
1756012503.236945,-3,0,-48
1756012503.2749443,5,-5,-45
1756012503.312945,0,-3,-44
1756012503.3519447,2,-5,-50
1756012503.3879447,-1,-5,-46
1756012503.4259446,-4,-8,-40
1756012503.463945,0,-6,-48
1756012503.5029447,2,-2,-40
1756012503.5389447,2,-4,-50
1756012503.575945,3,-3,-66
1756012503.6139443,1,6,-65
1756012503.6519446,2,5,-56
1756012503.687945,1,7,-47
1756012503.7249446,3,-1,-46
1756012503.7639446,5,-5,-48
1756012503.8019447,1,-7,-56
1756012503.8379445,1,-4,-57
1756012503.8759446,0,0,-57
1756012503.9139447,-2,-5,-69
1756012503.9519446,2,-3,-54
1756012503.9879446,4,0,-49
1756012504.0249443,4,3,-35
1756012504.0639446,-2,-4,-52
1756012504.1019447,-6,-3,-47
1756012504.1379447,-3,-1,-56
1756012504.1759446,-1,2,-47
1756012504.213945,1,1,-44
1756012504.2519443,-9,1,-50
1756012504.2879446,-15,-3,-52
1756012504.325945,-5,-4,-44
1756012504.3639443,-4,0,-49
1756012504.4029446,2,-3,-43
1756012504.4389446,3,6,-43
1756012504.4759445,-2,-1,-51
1756012504.5139446,3,-8,-43
1756012504.552945,0,-3,-42
1756012504.588945,1,-7,-43
1756012504.6259446,1,-7,-50
1756012504.6639447,3,0,-51
1756012504.6999447,4,4,-52
1756012504.736945,-2,1,-52
1756012504.7749443,-5,-2,-63
1756012504.8139446,3,-2,-51
1756012504.8499446,4,-5,-49
1756012504.8869443,1,3,-42
1756012504.9249446,-2,0,-44
1756012504.963945,-5,-5,-47
1756012504.9999447,2,-2,-51
1756012505.0369446,0,-7,-46
1756012505.075945,-2,-6,-49
1756012505.1139443,-3,2,-53
1756012505.1499443,2,4,-46
1756012505.1869447,-2,0,-54
1756012505.2259445,5,-2,-59
1756012505.2639446,5,2,-60
1756012505.2999446,3,-2,-55
1756012505.3379445,1,1,-74
1756012505.3759446,7,0,-52
1756012505.4139447,1,0,-52
1756012505.4499447,0,2,-50
1756012505.486945,-2,3,-55
1756012505.5259447,-1,2,-56
1756012505.5639446,-5,3,-55
1756012505.5999446,0,-5,-42
1756012505.6369443,-2,-3,-41
1756012505.6759446,-4,0,-54
1756012505.713945,0,-4,-57
1756012505.7499447,-2,4,-56
1756012505.7869446,-3,1,-41
1756012505.825945,-2,3,-50
1756012505.8639443,0,5,-55
1756012505.8999443,-3,-1,-50
1756012505.937945,-1,0,-52
1756012505.9759445,-4,-3,-63
1756012506.0149446,1,-2,-47
1756012506.052945,1,-5,-48
1756012506.088945,-3,2,-49
1756012506.1259446,-6,1,-51
1756012506.1649446,-7,-2,-62
1756012506.2029445,-2,-4,-63
1756012506.2389443,3,-6,-60
1756012506.2769446,-10,-3,-55
1756012506.3149445,-5,4,-68
1756012506.3539443,2,-1,-57
1756012506.3899446,6,-8,-64
1756012506.427945,-1,0,-53
1756012506.4659443,2,0,-51
1756012506.5039446,3,-2,-46
1756012506.5399446,0,0,-56
1756012506.5779445,-2,6,-42
1756012506.6159446,0,-4,-44
1756012506.654945,2,-6,-55
1756012506.690945,1,0,-56
1756012506.7289443,3,3,-56
1756012506.7659447,2,4,-53
1756012506.8049445,1,-2,-54
1756012506.8409443,-1,-3,-58
1756012506.8789446,-3,-1,-53
1756012506.917945,-1,-5,-47
1756012506.9549446,0,-3,-56
1756012506.9939446,1,-1,-52
1756012507.029945,4,-10,-50
1756012507.0679443,-1,-2,-52
1756012507.1059446,3,-6,-49
1756012507.1439445,1,0,-51
1756012507.1799445,-7,1,-59
1756012507.2179446,-7,-3,-50
1756012507.2559447,7,-3,-51
1756012507.2939446,10,-1,-48
1756012507.3299446,-1,-3,-48
1756012507.3679447,-5,-7,-43
1756012507.4059446,8,1,-49
1756012507.4449446,7,-4,-50
1756012507.4809446,0,-1,-51
1756012507.5179446,-1,3,-41
1756012507.5559447,5,-4,-51
1756012507.5949447,1,-4,-51
1756012507.6309447,3,-1,-46
1756012507.667945,-2,-10,-42
1756012507.7059443,0,-7,-51
1756012507.7449446,0,-9,-52
1756012507.7809446,2,-8,-46
1756012507.8179443,4,-2,-54
1756012507.8559446,-1,0,-59
1756012507.8939445,6,-1,-47
1756012507.9299445,5,3,-52
1756012507.9679446,3,5,-52
1756012508.0059447,-4,-2,-58
1756012508.0419445,-3,-3,-53
1756012508.0799446,-7,0,-55
1756012508.1179447,0,0,-52
1756012508.1559446,-5,4,-52
1756012508.1949446,-2,-2,-52
1756012508.2309446,-10,-3,-47
1756012508.2689445,-4,0,-41
1756012508.3069446,5,-6,-52
1756012508.3459446,0,5,-48
1756012508.381945,5,0,-49
1756012508.4199443,4,0,-49
1756012508.4569447,2,1,-46
1756012508.4959445,-6,0,-53
1756012508.5319445,-3,0,-43
1756012508.5699446,-5,-2,-47
1756012508.608945,-6,0,-58
1756012508.6459446,-1,-2,-44
1756012508.6849446,2,7,-38
1756012508.7209446,3,1,-49
1756012508.7579446,-2,-1,-47
1756012508.7969446,-3,4,-61
1756012508.8349447,0,2,-52
1756012508.8709445,-1,-1,-48
1756012508.9089446,1,-2,-51
1756012508.9469447,2,-1,-47
1756012508.9859445,-3,0,-63
1756012509.0219443,-2,-1,-54
1756012509.0599446,-4,1,-40
1756012509.0979445,-5,8,-55
1756012509.1369443,3,-6,-50
1756012509.1749446,4,-4,-63
1756012509.210945,0,4,-55
1756012509.2479446,4,-1,-51
1756012509.2869446,0,6,-48
1756012509.3249447,5,1,-50
1756012509.3609445,-3,-2,-36
1756012509.3989446,-1,4,-47
1756012509.437945,-3,-2,-43
1756012509.4759445,-5,-1,-46
1756012509.5119443,-4,-1,-50
1756012509.5499446,0,2,-60
1756012509.5879445,5,2,-56
1756012509.6259446,-1,2,-57
1756012509.6619446,-4,0,-46
1756012509.6999447,-12,-1,-50
1756012509.736945,4,-2,-58
1756012509.7759447,7,-2,-42
1756012509.8119447,2,0,-44
1756012509.8499446,6,-7,-43
1756012509.8869443,1,-5,-41
1756012509.9259446,4,1,-47
1756012509.9619446,-2,-2,-40
1756012509.9999447,-2,-3,-53
1756012510.0379446,-3,-1,-50
1756012510.0769446,-3,-2,-42
1756012510.1129446,0,-1,-45
1756012510.1499443,3,6,-61
1756012510.1869447,2,6,-57
1756012510.2259445,-3,1,-56
1756012510.2619443,-5,-4,-51
1756012510.2999446,0,-2,-51
1756012510.3379445,-4,0,-53
1756012510.3769443,-3,4,-57
1756012510.4129446,-2,-2,-50
1756012510.450945,-3,-4,-54
1756012510.4889443,-2,-2,-61
1756012510.5279446,7,0,-63
1756012510.565945,2,1,-56
1756012510.6019447,-2,1,-48
1756012510.6389446,0,6,-51
1756012510.6769447,4,-2,-54
1756012510.7129445,3,-7,-54
1756012510.7499447,-1,-4,-59
1756012510.7879446,-5,0,-65
1756012510.8269446,-2,2,-64
1756012510.8629446,0,-5,-67
1756012510.8999443,-1,0,-53
1756012510.937945,-7,-11,-48
1756012510.9769447,-1,-4,-53
1756012511.0129447,1,-2,-49
1756012511.0499446,2,-9,-54
1756012511.0879445,-1,-6,-51
1756012511.1269443,-4,-4,-52
1756012511.1629446,-4,-2,-60
1756012511.200945,2,-2,-51
1756012511.2389443,0,3,-50
1756012511.2769446,0,0,-51
1756012511.312945,-5,3,-53
1756012511.3499446,-4,2,-55
1756012511.3879447,-2,-2,-51
1756012511.4269447,2,1,-50
1756012511.4629445,1,0,-51
1756012511.4999447,2,2,-50
1756012511.5379446,-5,-3,-50
1756012511.5739446,-2,-3,-66
1756012511.611945,-5,1,-60
1756012511.6499443,0,4,-51
1756012511.687945,6,-2,-51
1756012511.7269447,0,-3,-52
1756012511.7629447,4,-2,-57
1756012511.7999446,2,-2,-52
1756012511.8379445,2,-3,-49
1756012511.8769443,-1,0,-58
1756012511.9129446,-2,2,-55
1756012511.9499447,1,0,-54
1756012511.9879446,-2,-1,-51
1756012512.0239446,-5,5,-49
1756012512.0609446,-3,0,-49
1756012512.098945,5,0,-61
1756012512.1379447,3,2,-41
1756012512.1739447,-5,0,-38
1756012512.210945,-1,2,-47
1756012512.2489443,-2,2,-57
1756012512.2879446,0,0,-49
1756012512.3239446,-5,3,-53
1756012512.361945,-2,3,-56
1756012512.3999443,0,0,-51
1756012512.437945,3,-3,-37
1756012512.4749446,0,-5,-40
1756012512.5129447,-4,0,-41
1756012512.5499446,-3,1,-46
1756012512.588945,-4,0,-45
1756012512.6269443,-2,-2,-53
1756012512.6629446,-3,-5,-52
1756012512.7019446,-9,-6,-50
1756012512.7389443,-2,-6,-44
1756012512.7779446,6,-8,-61
1756012512.8139446,0,-7,-45
1756012512.8519447,-1,-4,-50
1756012512.8889446,-4,-6,-57
1756012512.927945,-1,-2,-46
1756012512.963945,4,5,-56
1756012513.0019443,2,4,-64
1756012513.0449443,1,3,-53
1756012513.0829446,-2,-2,-52
1756012513.121945,-5,-5,-55
1756012513.1599443,-2,0,-55
1756012513.1979446,3,3,-53
1756012513.233945,6,-2,-41
1756012513.2709446,8,-6,-39
1756012513.3099446,2,0,-45
1756012513.3479445,-6,4,-47
1756012513.3839445,-4,1,-51
1756012513.4219446,0,-9,-59
1756012513.4599447,-1,0,-66
1756012513.4979446,-4,-7,-60
1756012513.5339446,5,-4,-49
1756012513.5709443,1,2,-60
1756012513.6099446,0,0,-50
1756012513.6479447,-1,-4,-59
1756012513.6839447,-4,-7,-53
1756012513.7219446,2,-1,-49
1756012513.759945,1,4,-55
1756012513.7979443,0,-1,-55
1756012513.8339446,0,-4,-62
1756012513.8709445,1,1,-46
1756012513.9089446,-4,-6,-52
1756012513.9449446,0,-5,-51
1756012513.9819446,8,2,-44
1756012514.019945,-2,-7,-38
1756012514.0579443,-7,-1,-50
1756012514.0939443,-8,0,-57
1756012514.131945,0,-2,-52
1756012514.1699443,2,3,-51
1756012514.2079446,2,10,-63
1756012514.2439446,5,2,-62
1756012514.2809446,5,5,-65
1756012514.3189447,0,4,-51
1756012514.3549447,0,-5,-41
1756012514.3919446,-5,-3,-43
1756012514.4299445,3,-2,-46
1756012514.4689443,-4,0,-45
1756012514.5049446,-8,0,-41
1756012514.5419445,0,2,-44
1756012514.5799446,-8,1,-54
1756012514.6189446,-1,0,-56
1756012514.654945,-1,-7,-57
1756012514.6929443,8,-3,-58
1756012514.7309446,2,-2,-55
1756012514.769945,0,-4,-61
1756012514.8059447,1,-2,-56
1756012514.8429446,0,-2,-50
1756012514.8809447,0,1,-42
1756012514.9189446,-5,-4,-49
1756012514.9549446,-6,2,-62
1756012514.9919446,4,1,-51
1756012515.029945,0,-6,-49
1756012515.065945,-2,-6,-59
1756012515.1039443,-4,-3,-64
1756012515.1419446,2,-3,-56
1756012515.1799445,3,-4,-57
1756012515.2189443,0,-3,-46
1756012515.2549446,0,-4,-61
1756012515.2919445,-5,-4,-48
1756012515.3309443,-7,-5,-54
1756012515.3689446,-3,-3,-46
1756012515.404945,-7,-2,-51
1756012515.4439447,-6,-7,-48
1756012515.4809446,2,0,-59
1756012515.5189445,2,0,-53
1756012515.5549445,0,1,-58
1756012515.5919447,5,-2,-58
1756012515.6309447,2,2,-46
1756012515.6689446,-6,-5,-55
1756012515.7049446,-3,-4,-49
1756012515.7439446,-2,-6,-43
1756012515.7809446,-2,2,-41
1756012515.8199446,-3,3,-40
1756012515.8559446,3,2,-54
1756012515.8929446,5,0,-55
1756012515.9309447,3,4,-49
1756012515.9689443,5,-6,-39
1756012516.0049446,7,-5,-44
1756012516.0419445,1,-7,-59
1756012516.0809443,0,-4,-52
1756012516.1189446,5,-7,-53
1756012516.154945,3,0,-51
1756012516.1919446,1,4,-49
1756012516.2309446,0,1,-41
1756012516.2669446,-5,-8,-47
1756012516.3049445,-4,-4,-48
1756012516.3439443,-9,1,-51
1756012516.3809447,-1,0,-46
1756012516.4199443,4,-1,-62
1756012516.4559443,-2,-3,-52
1756012516.4939446,0,3,-56
1756012516.5309446,0,0,-52
1756012516.5669446,-5,4,-54
1756012516.6049447,-1,-1,-53
1756012516.6429446,-4,-3,-46
1756012516.6809447,-6,0,-42
1756012516.7199447,0,0,-51
1756012516.7559447,5,1,-57
1756012516.792945,0,-1,-51
1756012516.8309443,5,-4,-54
1756012516.8699446,9,-6,-44
1756012516.9059446,5,-2,-50
1756012516.9429443,3,-7,-53
1756012516.9819446,2,-8,-41
1756012517.019945,4,-7,-47
1756012517.0559447,0,-4,-44
1756012517.0929446,9,-4,-37
1756012517.131945,2,-2,-42
1756012517.1699443,0,7,-46
1756012517.2059443,-7,8,-49
1756012517.2429447,-2,-1,-50
1756012517.2819445,-6,-1,-46
1756012517.3199446,-1,-7,-41
1756012517.3559446,6,-2,-58
1756012517.3929446,-1,-3,-49
1756012517.4319446,-2,0,-47
1756012517.4699447,4,-6,-46
1756012517.5059447,2,-1,-49
1756012517.542945,5,-7,-44
1756012517.5819447,5,-9,-52
1756012517.6199446,7,-5,-63
1756012517.6559446,1,-6,-48
1756012517.6929443,-1,-2,-38
1756012517.7319446,-7,2,-40
1756012517.769945,-2,8,-58
1756012517.8059447,-6,0,-57
1756012517.8439443,-4,0,-51
1756012517.881945,-3,-3,-50
1756012517.9209447,-2,0,-38
1756012517.9569447,-2,-3,-50
1756012517.9949446,0,-3,-43
1756012518.032945,-2,-8,-59
1756012518.0719447,-4,1,-60
1756012518.1079447,-8,2,-57
1756012518.144945,0,0,-56
1756012518.1819446,7,0,-38
1756012518.2179446,3,2,-39
1756012518.2549446,1,0,-43
1756012518.2919445,10,0,-44
1756012518.3309443,8,2,-49
1756012518.3669446,4,0,-45
1756012518.4039447,-8,-3,-43
1756012518.4419446,-5,1,-51
1756012518.4809446,-1,3,-43
1756012518.5169446,7,-1,-49
1756012518.5549445,3,0,-39
1756012518.5919447,1,-3,-42
1756012518.6309447,3,-5,-45
1756012518.6669445,0,-7,-46
1756012518.7039447,0,-9,-52
1756012518.7429447,-4,-7,-55
1756012518.7809446,-7,-3,-46
1756012518.8169446,-12,0,-47
1756012518.8539443,-12,0,-40
1756012518.8929446,-7,0,-43
1756012518.9309447,-1,0,-54
1756012518.9669447,-1,-2,-58
1756012519.0049446,2,-2,-58
1756012519.042945,-6,0,-52
1756012519.0819447,0,-6,-51
1756012519.1179447,0,-3,-48
1756012519.1559446,-6,-1,-53
1756012519.1939447,-8,-3,-54
1756012519.2329447,7,1,-55
1756012519.2709446,0,0,-59
1756012519.3069446,1,1,-61
1756012519.3449447,1,0,-54
1756012519.3829446,2,2,-52
1756012519.4209447,0,0,-59
1756012519.4569447,2,-2,-54
1756012519.4939446,-1,2,-50
1756012519.532945,-1,-7,-54
1756012519.5709443,1,1,-41
1756012519.6069446,-1,6,-40
1756012519.6439445,-3,1,-38
1756012519.6829443,1,-2,-46
1756012519.7189443,0,-8,-63
1756012519.7559447,-5,-8,-34
1756012519.7949443,-3,0,-40
1756012519.8329446,-4,-1,-41
1756012519.8689446,12,1,-40
1756012519.9059446,4,2,-52
1756012519.9429443,1,0,-59
1756012519.9819446,1,-3,-60
1756012520.0179446,2,1,-55
1756012520.0559447,0,-1,-45
1756012520.0949447,-2,0,-46
1756012520.1329446,-5,1,-47
1756012520.1689446,1,-5,-49
1756012520.2059443,1,-1,-44
1756012520.2449446,-3,-1,-57
1756012520.282945,-2,0,-68
1756012520.3189447,0,2,-61
1756012520.3559446,2,3,-57
1756012520.3939445,0,7,-56
1756012520.4319446,0,7,-54
1756012520.4679446,-1,0,-53
1756012520.5059447,-1,-2,-52
1756012520.5439446,-5,6,-59
1756012520.5829446,-1,-2,-64
1756012520.6189446,13,0,-52
1756012520.6559446,9,5,-57
1756012520.6939447,3,-3,-58
1756012520.7319446,0,-2,-49
1756012520.7679446,0,-2,-39
1756012520.8059447,0,-3,-46
1756012520.8439443,0,-2,-44
1756012520.8829446,8,4,-54
1756012520.9189446,8,1,-48
1756012520.9559443,0,0,-56
1756012520.9939446,0,-2,-41
1756012521.0319445,0,4,-49
1756012521.0679443,-5,0,-49
1756012521.1059446,0,-4,-50
1756012521.144945,-3,-3,-46
1756012521.1829443,2,5,-41
1756012521.2189443,1,2,-52
1756012521.2559447,5,-6,-49
1756012521.2949443,-6,-2,-63
1756012521.3329446,-7,1,-67
1756012521.3689446,-2,-3,-53
1756012521.4069445,3,-3,-52
1756012521.4449446,-1,3,-54
1756012521.483945,0,3,-51
1756012521.519945,0,0,-45
1756012521.5569446,-2,-1,-49
1756012521.5949447,2,4,-46
1756012521.6329446,6,2,-47
1756012521.6689446,1,5,-43
1756012521.7059443,4,2,-59
1756012521.7439446,8,-2,-62
1756012521.779945,2,2,-53
1756012521.8179443,-1,6,-60
1756012521.8559446,0,-3,-54
1756012521.894945,-1,0,-56
1756012521.9329443,-6,-6,-40
1756012521.9689443,-6,-5,-59
1756012522.006945,0,1,-45
1756012522.0449443,0,2,-56
1756012522.0829446,4,3,-53
1756012522.1189446,1,3,-51
1756012522.1559446,4,4,-48
1756012522.1939447,0,2,-49
1756012522.2299447,1,-2,-54
1756012522.2679446,-4,-3,-54
1756012522.3059447,-3,0,-59
1756012522.3449447,3,0,-57
1756012522.3829446,5,0,-51
1756012522.4189446,1,0,-59
1756012522.4559443,-1,0,-56
1756012522.4949446,-1,-3,-50
1756012522.532945,0,1,-46
1756012522.5689447,1,1,-54
1756012522.6059446,0,0,-51
1756012522.644945,-2,0,-52
1756012522.6829443,-1,0,-53
1756012522.7189443,-10,0,-45
1756012522.7559447,-11,0,-52
1756012522.7949443,7,0,-56
1756012522.8329446,6,0,-49
1756012522.8689446,5,-3,-56
1756012522.9059446,7,-2,-47
1756012522.9449446,6,-8,-43
1756012522.9809446,1,-6,-43
1756012523.0179446,-3,-7,-46
1756012523.0639446,0,-3,-63
1756012523.0999446,2,-7,-55
1756012523.1379447,1,-6,-59
1756012523.1769447,-2,-1,-46
1756012523.2149446,0,5,-47
1756012523.2509446,-4,3,-40
1756012523.2879446,-2,4,-46
1756012523.325945,-1,0,-47
1756012523.3649447,-3,-6,-49
1756012523.4009447,0,2,-51
1756012523.437945,-4,0,-64
1756012523.4759445,5,0,-52
1756012523.5149446,1,-2,-57
1756012523.5509446,-3,-1,-47
1756012523.588945,-7,-1,-46
1756012523.6269443,-5,-7,-41
1756012523.6659446,-6,-2,-39
1756012523.7039447,-1,0,-43
1756012523.7399447,-4,1,-43
1756012523.7769446,-3,0,-45
1756012523.815945,1,0,-51
1756012523.8539443,0,6,-49
1756012523.8899446,-1,5,-48
1756012523.9269447,-1,2,-54
1756012523.9659443,0,3,-46
1756012524.0039446,4,3,-55
1756012524.0399446,3,0,-48
1756012524.0769446,0,-1,-48
1756012524.1159446,-1,-1,-61
1756012524.1539447,2,-2,-42
1756012524.1899445,1,0,-44
1756012524.2269447,0,-1,-48
1756012524.2659447,2,-4,-40
1756012524.3039446,0,3,-40
1756012524.3399446,-1,0,-33
1756012524.3769443,-2,1,-51
1756012524.4159446,-3,3,-65
1756012524.4539447,9,2,-68
1756012524.4899447,5,-6,-56
1756012524.5269446,0,2,-57
1756012524.5649445,5,6,-48
1756012524.6009445,2,-6,-39
1756012524.6379447,9,0,-57
1756012524.6759446,-2,2,-48
1756012524.7149446,0,-6,-44
1756012524.7509446,-4,-6,-43
1756012524.7889447,6,-6,-46
1756012524.8269446,0,-1,-54
1756012524.8659446,-4,-6,-48
1756012524.9019446,-2,-2,-52
1756012524.940945,-5,3,-51
1756012524.9779446,3,2,-51
1756012525.0159447,7,-11,-46
1756012525.0519447,4,-4,-38
1756012525.0909443,2,0,-48
1756012525.1289446,-5,-1,-50
1756012525.1659446,0,-4,-60
1756012525.2049446,3,-1,-47
1756012525.2409446,-2,-4,-38
1756012525.2789447,-6,-2,-44
1756012525.3169446,-5,4,-54
1756012525.3559446,0,0,-65
1756012525.3919446,2,-1,-51
1756012525.4289446,7,4,-52
1756012525.4669447,2,-2,-50
1756012525.5049446,3,3,-54
1756012525.5409446,0,-1,-53
1756012525.5789447,-1,-3,-46
1756012525.6169446,0,-8,-35
1756012525.654945,0,-9,-52
1756012525.690945,0,-4,-58
1756012525.7289443,0,-3,-57
1756012525.7669446,-2,2,-45
1756012525.8059447,3,-2,-49
1756012525.8419447,5,-5,-28
1756012525.8789446,-3,-6,-42
1756012525.9169445,2,1,-39
1756012525.9549446,-2,-2,-54
1756012525.9909446,-4,-5,-50
1756012526.0289447,-3,1,-51
1756012526.0669446,-6,-1,-57
1756012526.1059446,0,8,-46
1756012526.1419446,-1,1,-53
1756012526.1799445,-8,-7,-59
1756012526.2179446,2,-2,-45
1756012526.256945,0,-5,-50
1756012526.2949443,0,-5,-55
1756012526.3309443,0,-7,-48
1756012526.3679447,-8,2,-58
1756012526.4069445,-7,-4,-61
1756012526.4429443,4,1,-56
1756012526.4809446,2,2,-49
1756012526.5189445,0,1,-52
1756012526.5569446,0,-4,-57
1756012526.5929446,0,-2,-57
1756012526.6309447,0,0,-47
1756012526.6689446,3,-3,-44
1756012526.7079446,4,0,-56
1756012526.7459445,1,0,-55
1756012526.7819445,3,-5,-46
1756012526.8209443,-2,2,-46
1756012526.8579447,-4,-2,-55
1756012526.8969443,2,-6,-57
1756012526.9329443,1,-6,-53
1756012526.9709446,3,-1,-45
1756012527.0079446,2,-1,-50
1756012527.0469446,-1,-3,-60
1756012527.0829446,0,3,-45
1756012527.1209445,7,-3,-57
1756012527.157945,-1,-3,-47
1756012527.1969447,-2,0,-47
1756012527.2329447,5,1,-56
1756012527.269945,3,-2,-52
1756012527.3079443,-1,-3,-47
1756012527.3469446,-4,3,-51
1756012527.3829446,-1,-3,-54
1756012527.4219446,-6,-4,-57
1756012527.4599447,-1,1,-54
1756012527.4979446,3,4,-49
1756012527.5369446,-7,-4,-48
1756012527.5729446,-1,-2,-46
1756012527.6109445,-1,-1,-56
1756012527.6489446,0,2,-44
1756012527.6869447,0,-1,-48
1756012527.7229445,-9,2,-47
1756012527.7609446,0,-1,-55
1756012527.7989447,3,-3,-51
1756012527.8379445,3,-3,-53
1756012527.8759446,0,0,-54
1756012527.9119446,0,-3,-52
1756012527.9489446,2,-1,-52
1756012527.9879446,0,-3,-47
1756012528.0239446,-2,0,-52
1756012528.0609446,-7,0,-50
1756012528.098945,-5,2,-57
1756012528.1379447,-1,-3,-46
1756012528.1739447,-1,2,-41
1756012528.2119446,-6,5,-44
1756012528.2489443,-10,1,-54
1756012528.2879446,-3,8,-50
1756012528.3239446,-3,3,-49
1756012528.361945,-4,4,-57
1756012528.3989446,-4,-1,-52
1756012528.437945,-2,1,-35
1756012528.473945,2,0,-43
1756012528.5109446,-5,2,-44
1756012528.5489447,-4,3,-49
1756012528.5879445,-1,4,-42
1756012528.6239443,2,5,-53
1756012528.6619446,3,2,-55
1756012528.6989446,1,0,-49
1756012528.736945,4,-4,-47
1756012528.7739446,0,-11,-45
1756012528.8119447,0,-3,-53
1756012528.848945,0,-2,-67
1756012528.8879447,2,-4,-51
1756012528.9239447,-3,-4,-52
1756012528.9619446,-5,-5,-46
1756012528.9999447,0,-2,-54
1756012529.0389447,1,-3,-48
1756012529.0769446,5,-5,-47
1756012529.1129446,-1,-3,-46
1756012529.1509447,4,-2,-52
1756012529.1889446,2,3,-52
1756012529.2269447,2,3,-46
1756012529.2629447,-2,6,-50
1756012529.3009446,0,3,-54
1756012529.338945,2,2,-42
1756012529.3769443,5,7,-51
1756012529.4129446,0,0,-47
1756012529.4499447,1,-1,-40
1756012529.4889443,-5,-3,-45
1756012529.5269446,8,-1,-58
1756012529.562945,9,-1,-43
1756012529.5999446,6,-8,-43
1756012529.6389446,1,-3,-51
1756012529.6749446,3,1,-49
1756012529.7119446,3,-3,-51
1756012529.7499447,-6,2,-55
1756012529.7889447,0,4,-40
1756012529.8249447,3,1,-45
1756012529.861945,0,0,-51
1756012529.8999443,-5,6,-44
1756012529.9389446,-6,3,-55
1756012529.9749446,4,1,-59
1756012530.0119443,-1,-7,-51
1756012530.0499446,2,-4,-44
1756012530.088945,-5,1,-54
1756012530.1249447,2,-2,-36
1756012530.1619446,5,-3,-44
1756012530.1999447,0,-10,-44
1756012530.2389443,0,-3,-59
1756012530.2749443,0,-7,-52
1756012530.3119447,2,-7,-40
1756012530.3499446,-3,-10,-43
1756012530.3889446,-5,-4,-54
1756012530.4249446,0,0,-55
1756012530.4619446,-6,-4,-33
1756012530.4999447,-1,-1,-50
1756012530.5389447,6,-6,-46
1756012530.5749447,0,-7,-43
1756012530.611945,1,-2,-56
1756012530.6499443,-6,1,-45
1756012530.6889446,-3,5,-43
1756012530.7249446,-6,3,-33
1756012530.7619443,3,4,-46
1756012530.7999446,4,5,-47
1756012530.8379445,-4,4,-52
1756012530.8739443,-7,3,-48
1756012530.9109447,3,-1,-56
1756012530.9499447,4,-1,-51
1756012530.9879446,2,0,-56
1756012531.0239446,2,2,-41
1756012531.0609446,5,-1,-42
1756012531.0999446,0,3,-38
1756012531.1379447,-5,5,-61
1756012531.1739447,4,0,-53
1756012531.210945,-1,0,-45
1756012531.2499447,4,0,-38
1756012531.2859447,-5,-5,-43
1756012531.3249447,-2,-4,-48
1756012531.361945,-3,-2,-51
1756012531.3999443,1,-2,-49
1756012531.4389446,-3,-2,-40
1756012531.4749446,-5,-8,-44
1756012531.5129447,1,-1,-54
1756012531.5509446,5,2,-60
1756012531.588945,0,-3,-58
1756012531.6249447,1,-3,-57
1756012531.6629446,-1,-3,-52
1756012531.700945,-3,-3,-50
1756012531.7399447,-2,-4,-45
1756012531.7759447,1,1,-55
1756012531.812945,0,-3,-57
1756012531.8509445,0,-1,-57
1756012531.8899446,0,1,-56
1756012531.9259446,0,0,-55
1756012531.9629445,4,0,-48
1756012531.9999447,-1,-2,-44
1756012532.0389447,-3,-1,-52
1756012532.0749447,-2,1,-55
1756012532.1129446,-6,-4,-61
1756012532.1509447,-1,-2,-50
1756012532.1889446,-3,-7,-48
1756012532.2249446,-4,-5,-52
1756012532.2629447,-8,-4,-36
1756012532.3009446,-8,-3,-44
1756012532.3399446,-7,4,-46
1756012532.3759446,-2,-3,-47
1756012532.4139447,0,-4,-44
1756012532.4519446,0,1,-52
1756012532.4909446,-5,-3,-48
1756012532.5289447,-1,0,-57
1756012532.5649445,7,4,-49
1756012532.6019447,1,-1,-43
1756012532.6409447,7,0,-40
1756012532.6789446,5,3,-50
1756012532.7149446,2,-2,-50
1756012532.7519443,0,-5,-47
1756012532.7909446,7,-4,-45
1756012532.8289447,0,-3,-49
1756012532.8649447,3,0,-59
1756012532.9019446,4,-2,-40
1756012532.940945,0,-4,-53
1756012532.9769447,-9,0,-51
1756012533.0149446,-2,-1,-46
1756012533.052945,-6,3,-45
1756012533.0969446,0,1,-53
1756012533.134945,-2,1,-49
1756012533.1729443,1,4,-44
1756012533.210945,4,-1,-43
1756012533.246945,0,0,-53
1756012533.2839446,5,1,-41
1756012533.3219447,6,-1,-29
1756012533.3599446,-5,1,-43
1756012533.3959446,-2,-5,-46
1756012533.4339447,0,-1,-53
1756012533.4719446,-4,2,-40
1756012533.5109446,-4,-1,-42
1756012533.5469446,-5,-4,-53
1756012533.5849447,-2,-4,-48
1756012533.6229446,-4,3,-59
1756012533.6619446,-2,1,-58
1756012533.6999447,1,-2,-54
1756012533.7359445,-7,3,-51
1756012533.7739446,0,-6,-52
1756012533.812945,2,-6,-58
1756012533.8509445,0,-1,-39
1756012533.8869443,2,-2,-44
1756012533.9239447,-1,2,-49
1756012533.9629445,2,-3,-42
1756012534.0009446,3,0,-36
1756012534.0369446,3,-3,-49
1756012534.0739446,0,0,-51
1756012534.111945,2,1,-51
1756012534.1499443,2,-4,-54
1756012534.1859446,-4,-3,-52
1756012534.223945,0,-5,-56
1756012534.2619443,0,1,-49
1756012534.3009446,0,3,-49
1756012534.3369446,4,-6,-50
1756012534.3739443,6,-1,-55
1756012534.4119446,2,0,-46
1756012534.450945,0,3,-65
1756012534.486945,0,5,-58
1756012534.5239446,1,7,-59
1756012534.5619447,2,6,-60
1756012534.5999446,0,-3,-42
1756012534.6359446,5,6,-52
1756012534.6739447,2,-3,-54
1756012534.7119446,2,-2,-56
1756012534.7509446,-1,0,-50
1756012534.7869446,0,-1,-50
1756012534.8239446,-2,-6,-50
1756012534.861945,1,-3,-65
1756012534.9009447,-1,1,-57
1756012534.9369447,0,5,-55
1756012534.973945,-3,6,-47
1756012535.0119443,-4,2,-57
1756012535.0509446,2,3,-45
1756012535.0869446,0,11,-59
1756012535.1239443,-2,4,-43
1756012535.1619446,-7,-1,-55
1756012535.200945,-9,0,-41
1756012535.236945,-10,0,-43
1756012535.2739446,-5,0,-43
1756012535.3119447,-1,0,-55
1756012535.3509445,0,-3,-58
1756012535.3869443,-4,2,-55
1756012535.4239447,-1,0,-52
1756012535.4629445,6,4,-50
1756012535.5009446,5,3,-48
1756012535.5369446,0,3,-46
1756012535.5739446,-2,4,-47
1756012535.6129446,-9,4,-53
1756012535.6509447,-10,4,-67
1756012535.6869447,-11,4,-60
1756012535.7249446,0,2,-54
1756012535.7629447,1,1,-40
1756012535.8019447,0,-3,-47
1756012535.8379445,1,-2,-49
1756012535.8749447,-4,-4,-59
1756012535.9129446,-5,0,-62
1756012535.9519446,-1,0,-60
1756012535.9879446,-5,7,-55
1756012536.0249443,-5,-8,-58
1756012536.0639446,-6,-2,-55
1756012536.1019447,0,-1,-58
1756012536.1379447,6,5,-60
1756012536.1749446,1,3,-52
1756012536.2129445,-1,10,-51
1756012536.2509446,-2,7,-47
1756012536.2869446,-6,10,-44
1756012536.3249447,-5,8,-47
1756012536.3639443,-1,3,-46
1756012536.4019446,-2,-2,-57
1756012536.437945,0,-1,-59
1756012536.4749446,-3,3,-62
1756012536.5139446,8,2,-55
1756012536.5519447,4,2,-50
1756012536.5879445,8,0,-49
1756012536.6249447,-3,4,-37
1756012536.6639447,0,0,-55
1756012536.7019446,-5,-2,-58
1756012536.7379446,0,2,-54
1756012536.7749443,-2,1,-48
1756012536.8139446,-8,0,-52
1756012536.8519447,-2,1,-57
1756012536.8879447,-4,6,-53
1756012536.9249446,-2,2,-49
1756012536.963945,1,-5,-49
1756012537.0019443,7,0,-58
1756012537.0379446,1,9,-53
1756012537.0749447,5,4,-55
1756012537.1139443,-3,5,-51
1756012537.1519446,-3,7,-51
1756012537.187945,-3,8,-53
1756012537.2249446,-1,8,-53
1756012537.2639446,-3,-3,-58
1756012537.3019447,0,2,-52
1756012537.3379445,-4,3,-45
1756012537.3759446,-7,4,-51
1756012537.4149446,1,3,-47
1756012537.4529445,-5,1,-62
1756012537.4899447,0,0,-52
1756012537.5269446,0,2,-59
1756012537.5649445,2,0,-51
1756012537.6029446,-3,4,-55
1756012537.6389446,-10,0,-53
1756012537.6769447,-12,-4,-57
1756012537.7149446,-4,-4,-56
1756012537.7529447,0,0,-56
1756012537.7889447,0,-1,-50
1756012537.825945,5,-2,-45
1756012537.8649447,3,0,-55
1756012537.9029446,6,2,-46
1756012537.9389446,-4,2,-50
1756012537.9759445,-4,0,-40
1756012538.0139446,4,0,-46
1756012538.052945,0,-4,-47
1756012538.088945,-10,-4,-56
1756012538.1269443,-3,-2,-55
1756012538.1649446,-7,-4,-47
1756012538.2039447,0,1,-53
1756012538.2399447,1,-8,-43
1756012538.2769446,6,3,-59
1756012538.3149445,0,2,-48
1756012538.3529446,0,-6,-43
1756012538.3889446,-1,-3,-48
1756012538.4269447,-10,-8,-46
1756012538.4649446,-7,0,-53
1756012538.5039446,-4,-2,-55
1756012538.5399446,-6,0,-50
1756012538.5779445,-4,0,-56
1756012538.6159446,-1,2,-62
1756012538.654945,5,0,-46
1756012538.6929443,1,-3,-51
1756012538.7289443,1,4,-59
1756012538.7659447,4,-2,-45
1756012538.8049445,2,0,-51
1756012538.8429446,0,0,-58
1756012538.8789446,-3,0,-57
1756012538.9159446,-7,2,-57
1756012538.9549446,-4,-1,-42
1756012538.9929447,0,-8,-42
1756012539.0289447,6,-5,-45
1756012539.0669446,-2,-4,-55
1756012539.1049447,5,-3,-59
1756012539.1439445,1,-5,-47
1756012539.1799445,7,-5,-52
1756012539.2179446,4,-8,-51
1756012539.2559447,-3,-1,-60
1756012539.2949443,0,0,-56
1756012539.3329446,-1,-5,-47
1756012539.3689446,-3,-5,-54
1756012539.407945,-2,-7,-59
1756012539.4449446,0,0,-41
1756012539.4829447,6,-1,-51
1756012539.5189445,4,-2,-54
1756012539.5559447,0,0,-51
1756012539.5939443,0,-6,-41
1756012539.6299446,-1,4,-43
1756012539.667945,0,1,-60
1756012539.7049446,6,2,-55
1756012539.7439446,3,-3,-55
1756012539.779945,0,-6,-51
1756012539.8179443,-4,-7,-41
1756012539.8559446,1,-7,-58
1756012539.894945,6,-7,-57
1756012539.9309447,0,0,-63
1756012539.9679446,-3,0,-52
1756012540.0059447,-4,2,-47
1756012540.0449443,4,0,-46
1756012540.0809443,2,2,-50
1756012540.1179447,-4,5,-48
1756012540.1559446,-5,7,-54
1756012540.1949446,3,5,-49
1756012540.2309446,-1,0,-59
1756012540.2679446,0,0,-63
1756012540.3059447,0,-10,-59
1756012540.3449447,4,-2,-55
1756012540.3809447,0,-3,-56
1756012540.417945,0,-7,-61
1756012540.4569447,-7,-2,-69
1756012540.4949446,-3,-1,-47
1756012540.5309446,3,0,-46
1756012540.5679443,0,0,-55
1756012540.6059446,-2,0,-38
1756012540.6439445,0,0,-36
1756012540.6799445,-1,-3,-48
1756012540.7179446,0,3,-55
1756012540.7559447,-8,-9,-58
1756012540.7939446,-10,-2,-52
1756012540.8299446,0,-8,-49
1756012540.8669446,-3,-5,-49
1756012540.9059446,0,-2,-48
1756012540.9439447,2,2,-44
1756012540.9799447,0,-2,-56
1756012541.0179446,2,2,-52
1756012541.0559447,-1,-1,-59
1756012541.0939443,-8,-4,-61
1756012541.1299446,-8,0,-53
1756012541.167945,-3,0,-54
1756012541.2059443,-2,2,-51
1756012541.2449446,-6,9,-51
1756012541.2809446,0,10,-54
1756012541.3189447,0,6,-48
1756012541.3569446,0,0,-54
1756012541.394945,-6,-1,-47
1756012541.4309447,-1,-3,-59
1756012541.4699447,4,3,-54
1756012541.506945,11,2,-61
1756012541.5449443,5,9,-51
1756012541.5809443,1,2,-56
1756012541.6189446,0,1,-56
1756012541.6569445,2,-1,-55
1756012541.6959443,3,-5,-50
1756012541.7319446,7,-3,-41
1756012541.7689445,0,1,-42
1756012541.8069446,0,6,-51
1756012541.8459446,1,1,-52
1756012541.881945,3,0,-46
1756012541.9189446,3,0,-49
1756012541.9569447,-1,-2,-45
1756012541.9949446,-3,-1,-52
1756012542.0309446,-3,1,-57
1756012542.0689447,0,0,-51
1756012542.1069446,-4,-1,-53
1756012542.144945,1,-4,-50
1756012542.1809447,4,-5,-59
1756012542.2189443,2,-1,-48
1756012542.256945,2,-7,-41
1756012542.2959447,0,-1,-37
1756012542.3319447,-2,0,-49
1756012542.3689446,2,0,-64
1756012542.4069445,-2,-4,-56
1756012542.4449446,2,-8,-51
1756012542.4809446,-3,-9,-42
1756012542.5189445,3,0,-44
1756012542.5569446,11,-4,-48
1756012542.5949447,5,-4,-62
1756012542.6309447,0,-1,-55
1756012542.6689446,0,0,-57
1756012542.7069447,2,-2,-56
1756012542.7459445,-1,-1,-59
1756012542.7819445,-4,-1,-55
1756012542.8199446,0,2,-50
1756012542.8579447,1,3,-47
1756012542.8959446,-1,-5,-57
1756012542.9319446,3,3,-47
1756012542.9699447,0,-1,-46
1756012543.0079446,-5,0,-54
1756012543.0469446,7,1,-50
1756012543.0829446,10,5,-47
1756012543.1339445,1,-5,-51
1756012543.1699443,-4,-3,-59
1756012543.2079446,-6,2,-51
1756012543.246945,1,0,-56
1756012543.282945,-1,4,-51
1756012543.3209443,4,3,-44
1756012543.3579447,-5,3,-49
1756012543.3969443,-7,-1,-54
1756012543.4359446,-12,-2,-57
1756012543.4719446,-5,-6,-57
1756012543.509945,-9,-4,-49
1756012543.5479443,-6,-2,-52
1756012543.5869446,-3,-1,-49
1756012543.6229446,-2,1,-50
1756012543.6599443,-7,0,-60
1756012543.6979446,-7,0,-58
1756012543.736945,-1,1,-40
1756012543.7729447,6,0,-41
1756012543.8099446,4,-1,-42
1756012543.8479445,-4,-4,-48
1756012543.8869443,-1,5,-53
1756012543.9229443,0,0,-43
1756012543.9599447,-1,3,-52
1756012543.9979446,-3,0,-60
1756012544.0369446,-1,-3,-60
1756012544.0729446,-6,0,-51
1756012544.1099446,-6,0,-46
1756012544.1479447,6,4,-44
1756012544.1859446,4,2,-65
1756012544.2219446,4,-6,-65
1756012544.2589445,4,0,-65
1756012544.2969446,1,-1,-59
1756012544.3329446,-1,0,-62
1756012544.3699446,1,-3,-50
1756012544.407945,5,-10,-47
1756012544.4469447,2,3,-38
1756012544.4829447,-4,1,-47
1756012544.519945,-2,-1,-43
1756012544.5579443,-1,-4,-62
1756012544.5969446,-1,-4,-65
1756012544.6329446,-1,-7,-58
1756012544.6709447,4,-4,-49
1756012544.7089446,1,3,-58
1756012544.7479446,0,-4,-57
1756012544.7859447,2,-5,-52
1756012544.8229446,0,2,-60
1756012544.8609445,0,-1,-52
1756012544.8979447,4,4,-40
1756012544.9339447,1,0,-46
1756012544.9709446,6,0,-49
1756012545.0089445,0,0,-43
1756012545.0469446,6,-1,-47
1756012545.0829446,-2,-2,-54
1756012545.1209445,3,-6,-52
1756012545.1589446,-4,3,-55
1756012545.1979446,-3,-1,-45
1756012545.2349446,-4,-1,-53
1756012545.2719443,-2,-1,-47
1756012545.3099446,-6,-1,-47
1756012545.3479445,5,-2,-47
1756012545.3869443,9,-5,-50
1756012545.4229443,16,3,-54
1756012545.4599447,7,1,-51
1756012545.4989443,0,2,-45
1756012545.5369446,4,0,-48
1756012545.5729446,5,0,-42
1756012545.6109445,8,0,-48
1756012545.6489446,-5,-4,-41
1756012545.6869447,0,6,-41
1756012545.7229445,-2,5,-44
1756012545.759945,0,7,-47
1756012545.7989447,-3,3,-46
1756012545.8369446,0,0,-43
1756012545.8729446,-3,1,-58
1756012545.9099443,-4,2,-58
1756012545.9489446,-13,1,-54
1756012545.986945,-2,-4,-47
1756012546.0229447,0,3,-47
1756012546.0599446,-7,-1,-50
1756012546.098945,-3,-2,-49
1756012546.1369443,-4,-3,-43
1756012546.1729443,4,-5,-54
1756012546.2099447,-3,0,-56
1756012546.2489443,1,-2,-44
1756012546.2849443,5,-4,-57
1756012546.3229446,-1,0,-41
1756012546.3609445,-8,5,-48
1756012546.3989446,-8,-1,-52
1756012546.437945,-2,-3,-49
1756012546.473945,3,-7,-46
1756012546.5119443,5,-2,-46
1756012546.5489447,0,-3,-56
1756012546.5879445,0,-7,-58
1756012546.6239443,6,-1,-59
1756012546.6619446,-5,-3,-51
1756012546.6989446,5,4,-39
1756012546.7349446,1,-1,-49
1756012546.7719443,-12,3,-54
1756012546.8099446,-7,2,-50
1756012546.848945,-4,-7,-53
1756012546.884945,-4,-7,-51
1756012546.9229443,0,1,-55
1756012546.9599447,-3,12,-58
1756012546.9989443,-5,2,-58
1756012547.0349443,-3,-2,-51
1756012547.0729446,4,-1,-44
1756012547.1109445,1,0,-50
1756012547.1499443,-4,-1,-50
1756012547.187945,-4,-4,-53
1756012547.223945,-6,-1,-60
1756012547.2619443,1,5,-56
1756012547.2999446,-4,1,-51
1756012547.3379445,-1,-2,-48
1756012547.3739443,3,1,-48
1756012547.4109447,-1,5,-53
1756012547.4499447,6,0,-63
1756012547.4879446,0,3,-52
1756012547.5239446,2,-4,-52
1756012547.5609446,1,-4,-48
1756012547.5999446,2,-1,-51
1756012547.6379447,0,4,-49
1756012547.6739447,3,-5,-51
1756012547.710945,1,1,-47
1756012547.7489443,2,-3,-47
1756012547.7849443,5,0,-51
1756012547.8219447,5,-4,-44
1756012547.8599446,2,-3,-50
1756012547.8989446,2,-6,-55
1756012547.9349446,0,-2,-57
1756012547.9719446,2,-1,-58
1756012548.009945,1,3,-51
1756012548.0489447,-2,-2,-47
1756012548.0849447,-1,-2,-42
1756012548.1239443,0,-6,-41
1756012548.1609447,-5,-3,-52
1756012548.1999447,-1,-3,-47
1756012548.2359445,1,-1,-59
1756012548.2739446,-8,-3,-40
1756012548.312945,-3,-4,-31
1756012548.3499446,6,0,-48
1756012548.3859446,3,-3,-41
1756012548.4229443,-3,-2,-48
1756012548.460945,3,-2,-45
1756012548.4999447,5,-3,-53
1756012548.5359447,4,4,-52
1756012548.5729446,-9,1,-41
1756012548.6109445,-5,-2,-39
1756012548.6499443,-4,-2,-58
1756012548.6859446,0,0,-54
1756012548.7229445,2,-2,-49
1756012548.7609446,4,-2,-55
1756012548.7999446,12,0,-44
1756012548.835945,5,-6,-46
1756012548.8729446,1,0,-60
1756012548.9109447,-4,-3,-46
1756012548.9489446,-3,1,-50
1756012548.9849446,-8,4,-53
1756012549.0229447,-2,3,-54
1756012549.0619447,-1,-1,-54
1756012549.0999446,-2,-7,-46
1756012549.1359446,-7,-3,-49
1756012549.1739447,0,-4,-59
1756012549.2119446,0,-8,-47
1756012549.2509446,-3,-2,-40
1756012549.2889447,-3,-3,-46
1756012549.3249447,-4,-6,-56
1756012549.3629446,-4,0,-49
1756012549.4009447,-3,0,-37
1756012549.4399445,-5,3,-37
1756012549.4759445,-5,0,-47
1756012549.5129447,5,-9,-36
1756012549.5509446,5,-3,-52
1756012549.5899446,0,-3,-63
1756012549.6259446,-1,2,-51
1756012549.6639447,6,6,-55
1756012549.700945,6,4,-49
1756012549.736945,0,0,-56
1756012549.7739446,3,0,-53
1756012549.8119447,9,-5,-52
1756012549.8509445,4,0,-54
1756012549.8869443,-1,-1,-56
1756012549.9249446,-4,1,-53
1756012549.963945,2,6,-47
1756012550.0009446,5,0,-52
1756012550.0369446,5,-1,-60
1756012550.0749447,3,-3,-51
1756012550.1139443,3,0,-43
1756012550.1509447,-6,-2,-54
1756012550.1899445,-9,-2,-57
1756012550.2259445,-5,3,-51
1756012550.2639446,-7,-6,-51
1756012550.3009446,-7,-1,-47
1756012550.3399446,-2,4,-55
1756012550.3759446,-7,-1,-56
1756012550.4139447,0,-2,-55
1756012550.4519446,0,-1,-54
1756012550.4909446,1,0,-52
1756012550.5269446,1,0,-46
1756012550.5639446,4,1,-55
1756012550.6019447,-3,0,-52
1756012550.6409447,2,0,-55
1756012550.6769447,2,0,-57
1756012550.713945,-4,-2,-56
1756012550.7519443,-5,-3,-53
1756012550.7909446,-1,4,-48
1756012550.8269446,-1,1,-43
1756012550.8639443,0,-2,-43
1756012550.9019446,7,0,-47
1756012550.9399445,-1,5,-44
1756012550.9759445,-3,2,-38
1756012551.0129447,1,2,-46
1756012551.0509446,0,0,-51
1756012551.0869446,2,0,-46
1756012551.1239443,6,-4,-52
1756012551.1619446,2,3,-48
1756012551.200945,-2,-1,-56
1756012551.236945,0,2,-55
1756012551.2749443,5,2,-44
1756012551.3119447,4,1,-50
1756012551.3509445,3,1,-47
1756012551.3869443,1,0,-54
1756012551.4249446,0,1,-51
1756012551.4629445,-1,-4,-36
1756012551.5019443,1,-7,-52
1756012551.5389447,3,-1,-50
1756012551.575945,3,-5,-36
1756012551.6149447,-11,1,-42
1756012551.6519446,-10,-3,-49
1756012551.690945,-2,0,-53
1756012551.7269447,10,7,-53
1756012551.7639446,1,-6,-52
1756012551.8019447,1,-6,-42
1756012551.8409443,-7,0,-46
1756012551.8769443,-4,5,-47
1756012551.9139447,-3,4,-34
1756012551.9519446,-4,3,-43
1756012551.9909446,-1,-1,-54
1756012552.0269446,-5,-4,-48
1756012552.0649445,-2,-2,-48
1756012552.1029446,-3,-2,-52
1756012552.1419446,0,-2,-52
1756012552.177945,-4,0,-55
1756012552.2159443,-4,-4,-48
1756012552.2539446,3,-3,-50
1756012552.292945,0,3,-57
1756012552.3309443,-1,0,-58
1756012552.3669446,0,-4,-51
1756012552.404945,4,-5,-50
1756012552.4429443,-6,-8,-53
1756012552.4819446,-4,-4,-55
1756012552.5179446,-4,2,-50
1756012552.5549445,-8,0,-62
1756012552.5929446,0,-1,-55
1756012552.631945,-2,-6,-55
1756012552.667945,-3,-8,-48
1756012552.7069447,5,3,-48
1756012552.7439446,1,2,-37
1756012552.7819445,-3,6,-46
1756012552.8179443,3,6,-53
1756012552.8549447,2,5,-37
1756012552.8929446,-3,-3,-40
1756012552.9309447,1,-4,-48
1756012552.9669447,-1,-4,-36
1756012553.0049446,3,-3,-43
1756012553.042945,0,1,-51
1756012553.0819447,1,0,-45
1756012553.1179447,-1,-6,-56
1756012553.1639447,4,-2,-49
1756012553.2019446,1,-1,-54
1756012553.2379446,-4,2,-54
1756012553.2749443,0,-3,-59
1756012553.312945,0,0,-56
1756012553.3519447,-11,0,-52
1756012553.3879447,-10,0,-56
1756012553.4259446,5,-9,-50
1756012553.463945,0,-1,-49
1756012553.5029447,5,-3,-49
1756012553.5389447,3,-2,-45
1756012553.5769446,-5,5,-58
1756012553.6159446,-1,0,-57
1756012553.6529446,0,-5,-42
1756012553.6919446,-1,0,-39
1756012553.7279446,-1,-2,-48
1756012553.7659447,-1,-5,-65
1756012553.8039446,0,-1,-51
1756012553.8429446,0,0,-47
1756012553.8789446,-2,-8,-44
1756012553.9169445,1,-1,-46
1756012553.9549446,1,0,-49
1756012553.9939446,-7,3,-43
1756012554.0319445,5,-2,-43
1756012554.0679443,2,0,-38
1756012554.1059446,0,-4,-46
1756012554.1439445,-1,-1,-48
1756012554.1829443,-2,-3,-50
1756012554.2189443,-7,-1,-59
1756012554.2579446,-3,0,-62
1756012554.2949443,-3,4,-54
1756012554.3339446,-3,0,-58
1756012554.371945,-2,2,-54
1756012554.407945,-2,4,-56
1756012554.4449446,1,-3,-47
1756012554.483945,2,-2,-47
1756012554.5219443,0,-4,-42
1756012554.5579443,2,-8,-48
1756012554.5949447,5,-6,-62
1756012554.6339445,1,-7,-51
1756012554.6699443,-6,-2,-50
1756012554.7079446,-5,1,-60
1756012554.7459445,-5,2,-52
1756012554.7839446,-1,2,-50
1756012554.8229446,-1,2,-46
1756012554.858945,-5,-6,-47
1756012554.8969443,-1,-1,-51
1756012554.9349446,3,-1,-61
1756012554.973945,-1,-1,-60
1756012555.009945,0,-3,-43
1756012555.0469446,3,-6,-33
1756012555.0849447,-5,-4,-46
1756012555.1239443,-5,-6,-39
1756012555.1599443,3,0,-41
1756012555.1969447,-10,-1,-41
1756012555.2349446,-11,-1,-40
1756012555.2739446,-14,0,-50
1756012555.3099446,-6,-5,-47
1756012555.348945,3,2,-48
1756012555.3859446,0,-1,-51
1756012555.4249446,-3,0,-54
1756012555.4629445,-8,0,-46
1756012555.4989443,5,-2,-53
1756012555.5359447,-3,-7,-55
1756012555.5749447,-3,0,-52
1756012555.6129446,1,-4,-49
1756012555.6489446,2,0,-51
1756012555.6859446,0,4,-65
1756012555.723945,5,4,-48
1756012555.759945,0,0,-50
1756012555.7979443,-3,5,-49
1756012555.835945,-1,1,-50
1756012555.8749447,-5,-2,-57
1756012555.9129446,-3,4,-53
1756012555.9489446,-1,6,-50
1756012555.9859445,2,0,-50
1756012556.0249443,0,1,-49
1756012556.062945,-8,9,-47
1756012556.098945,-2,0,-54
1756012556.1369443,-2,0,-50
1756012556.1749446,2,0,-55
1756012556.2129445,0,-6,-49
1756012556.2489443,-6,-2,-46
1756012556.2869446,-10,1,-48
1756012556.3249447,-2,-6,-46
1756012556.3639443,7,6,-48
1756012556.4009447,1,9,-68
1756012556.437945,5,8,-63
1756012556.4749446,-4,2,-59
1756012556.5139446,-6,1,-59
1756012556.5499446,0,-4,-49
1756012556.5879445,2,0,-57
1756012556.6259446,7,0,-57
1756012556.6639447,5,-3,-53
1756012556.6999447,0,-2,-45
1756012556.7379446,-2,1,-50
1756012556.7759447,0,4,-45
1756012556.8139446,-2,1,-42
1756012556.8499446,0,2,-40
1756012556.8879447,-2,0,-49
1756012556.9259446,2,0,-44
1756012556.963945,-1,1,-41
1756012556.9999447,-5,-1,-47
1756012557.0379446,-2,2,-52
1756012557.075945,-5,3,-53
1756012557.1149447,-4,0,-49
1756012557.1509447,0,0,-57
1756012557.187945,0,2,-63
1756012557.2259445,8,0,-63
1756012557.2639446,2,5,-58
1756012557.2999446,2,-5,-63
1756012557.3369446,-5,-1,-60
1756012557.3759446,-2,2,-39
1756012557.4139447,-7,-1,-62
1756012557.4499447,-2,-1,-59
1756012557.4879446,2,0,-59
1756012557.5259447,0,0,-52
1756012557.5639446,-2,4,-49
1756012557.5999446,-1,7,-56
1756012557.6369443,3,0,-48
1756012557.6749446,1,1,-48
1756012557.710945,-1,0,-43
1756012557.7489443,1,1,-35
1756012557.7869446,-1,-7,-42
1756012557.825945,-3,-2,-47
1756012557.8639443,0,2,-58
1756012557.8999443,-9,1,-68
1756012557.937945,-5,-3,-59
1756012557.9759445,-2,0,-39
1756012558.0119443,8,-3,-47
1756012558.0489447,-1,0,-61
1756012558.0869446,-2,-1,-53
1756012558.1259446,3,-2,-60
1756012558.1619446,2,-3,-47
1756012558.1989446,-2,-3,-51
1756012558.236945,0,-3,-60
1756012558.2759447,0,-1,-53
1756012558.3119447,7,1,-54
1756012558.348945,0,4,-60
1756012558.3869443,0,0,-61
1756012558.4259446,0,0,-50
1756012558.4619446,-2,-10,-50
1756012558.4999447,-1,0,-58
1756012558.5389447,1,0,-59
1756012558.575945,-3,4,-54
1756012558.6149447,-1,-3,-54
1756012558.6509447,5,-4,-57
1756012558.6889446,3,0,-56
1756012558.7269447,-1,0,-60
1756012558.7649446,0,1,-59
1756012558.8009446,-1,5,-53
1756012558.838945,2,-3,-33
1756012558.8769443,3,-4,-39
1756012558.9159446,4,0,-55
1756012558.9519446,0,0,-54
1756012558.9889443,5,-3,-53
1756012559.0269446,9,-3,-49
1756012559.065945,4,-1,-50
1756012559.1019447,5,-2,-46
1756012559.1389446,-4,1,-44
1756012559.1769447,0,2,-52
1756012559.2149446,3,-3,-50
1756012559.2509446,5,4,-63
1756012559.2879446,2,-1,-57
1756012559.3269446,-5,-2,-57
1756012559.3649447,0,-3,-48
1756012559.4009447,1,-2,-45
1756012559.437945,5,-2,-48
1756012559.4769447,-1,-4,-52
1756012559.5149446,-1,-8,-49
1756012559.5509446,-2,6,-41
1756012559.588945,-4,-3,-49
1756012559.6269443,-3,1,-51
1756012559.6659446,-3,3,-60
1756012559.7019446,-7,2,-44
1756012559.7399447,1,-4,-53
1756012559.7779446,-1,2,-50
1756012559.8169446,3,-1,-41
1756012559.8529446,3,0,-42
1756012559.8899446,-3,3,-36
1756012559.927945,-5,-1,-36
1756012559.9669447,-8,2,-38
1756012560.0029447,-5,-5,-47
1756012560.0409446,-9,-3,-52
1756012560.0789447,8,-2,-57
1756012560.1169446,7,-1,-55
1756012560.1559446,0,-5,-44
1756012560.1919446,-2,1,-55
1756012560.2289443,2,0,-52
1756012560.2669446,-1,-1,-44
1756012560.302945,-2,0,-51
1756012560.3399446,-2,0,-51
1756012560.3779447,0,-3,-54
1756012560.4169445,-7,-5,-40
1756012560.4529445,2,-1,-53
1756012560.4899447,0,-9,-57
1756012560.5279446,0,0,-53
1756012560.565945,-1,4,-54
1756012560.6029446,-7,6,-52
1756012560.6399446,-2,3,-46
1756012560.677945,1,-2,-53
1756012560.7169447,-3,-2,-51
1756012560.7529447,-3,1,-57
1756012560.7899446,-3,3,-44
1756012560.8279445,2,3,-48
1756012560.8659446,1,-2,-50
1756012560.9019446,-5,-2,-56
1756012560.9399445,-2,-3,-57
1756012560.9779446,0,1,-57
1756012561.0159447,3,-1,-46
1756012561.0519447,-1,3,-47
1756012561.088945,0,2,-47
1756012561.1269443,3,-2,-58
1756012561.1629446,0,-8,-59
1756012561.200945,-6,0,-59
1756012561.2389443,0,2,-48
1756012561.2769446,0,1,-46
1756012561.312945,4,-5,-42
1756012561.3509445,4,-7,-58
1756012561.3889446,0,-2,-59
1756012561.427945,-7,0,-53
1756012561.463945,-5,2,-71
1756012561.5009446,-7,-1,-58
1756012561.5389447,-7,5,-63
1756012561.5779445,-6,2,-60
1756012561.6139443,-6,-5,-62
1756012561.6519446,6,0,-56
1756012561.6889446,2,-5,-59
1756012561.7279446,0,-2,-58
1756012561.7639446,5,-3,-56
1756012561.8009446,-2,-7,-54
1756012561.838945,-2,0,-55
1756012561.8779447,-10,-3,-55
1756012561.9139447,-4,1,-52
1756012561.950945,-7,2,-57
1756012561.9889443,-4,5,-55
1756012562.0279446,3,-7,-53
1756012562.0639446,2,-2,-52
1756012562.1009445,3,2,-50
1756012562.1389446,0,-2,-47
1756012562.1769447,3,-3,-53
1756012562.2129445,-1,-2,-48
1756012562.2509446,1,2,-62
1756012562.2889447,2,2,-57
1756012562.3269446,-2,2,-49
1756012562.3629446,6,0,-47
1756012562.3999443,4,3,-51
1756012562.437945,-3,-3,-47
1756012562.473945,-4,0,-54
1756012562.5119443,-2,3,-46
1756012562.5489447,0,0,-51
1756012562.5869446,-1,-1,-55
1756012562.6229446,-1,-5,-53
1756012562.6609447,4,0,-49
1756012562.6989446,-7,-2,-50
1756012562.7379446,-5,4,-46
1756012562.7739446,-4,3,-50
1756012562.8109446,-4,4,-44
1756012562.848945,-12,7,-40
1756012562.8879447,-2,7,-47
1756012562.9239447,2,6,-46
1756012562.9619446,2,0,-61
1756012562.9989443,-8,1,-54
1756012563.0379446,-2,-4,-54
1756012563.0739446,6,-1,-47
1756012563.1109445,1,-3,-60
1756012563.1489446,0,0,-56
1756012563.1929443,1,-7,-52
1756012563.2309446,-1,-12,-52
1756012563.269945,-4,-4,-53
1756012563.3079443,-3,0,-52
1756012563.3439443,2,-1,-59
1756012563.381945,-2,0,-56
1756012563.4199443,-2,1,-45
1756012563.4589446,0,-10,-41
1756012563.4959445,5,-2,-45
1756012563.532945,-7,-2,-45
1756012563.5709443,-3,-5,-52
1756012563.608945,2,1,-52
1756012563.6479447,1,-2,-60
1756012563.6839447,-1,0,-54
1756012563.7209446,6,-1,-57
1756012563.759945,6,3,-55
1756012563.7979443,1,1,-47
1756012563.8339446,-1,0,-60
1756012563.871945,3,-2,-54
1756012563.9099443,4,-5,-64
1756012563.9479446,3,-5,-59
1756012563.983945,-1,-8,-68
1756012564.0219443,1,0,-55
1756012564.0599446,7,-2,-63
1756012564.0979445,3,-3,-49
1756012564.1339445,1,-1,-42
1756012564.1719446,8,-2,-51
1756012564.2099447,6,0,-47
1756012564.2479446,-2,0,-52
1756012564.2839446,-3,-1,-45
1756012564.3219447,-4,-2,-51
1756012564.3599446,3,1,-65
1756012564.3979447,-2,-5,-56
1756012564.4339447,-4,-2,-44
1756012564.4719446,-3,2,-54
1756012564.509945,8,-4,-58
1756012564.5489447,3,9,-55
1756012564.5849447,0,2,-48
1756012564.621945,0,2,-42
1756012564.6599443,-3,-2,-46
1756012564.6979446,1,-4,-52
1756012564.733945,1,-4,-60
1756012564.7709446,5,-2,-51
1756012564.8099446,-1,-1,-50
1756012564.8459446,0,-11,-52
1756012564.8839445,3,-1,-45
1756012564.9219446,0,-5,-56
1756012564.9599447,-2,2,-41
1756012564.9989443,0,-3,-50
1756012565.0349443,0,-3,-50
1756012565.0719447,1,-2,-54
1756012565.1099446,6,-9,-43
1756012565.1489446,0,-1,-47
1756012565.1849446,8,4,-46
1756012565.2219446,0,-6,-60
1756012565.259945,1,-8,-52
1756012565.2989447,3,1,-53
1756012565.3349447,1,-3,-50
1756012565.371945,-1,0,-43
1756012565.4109447,6,1,-53
1756012565.4489446,-3,-5,-54
1756012565.4849446,-10,-5,-54
1756012565.5229447,-1,4,-53
1756012565.5609446,-8,-2,-53
1756012565.5999446,0,-4,-61
1756012565.6359446,-3,0,-57
1756012565.6729443,-3,-2,-41
1756012565.710945,1,-2,-48
1756012565.7499447,-6,3,-48
1756012565.7859447,-5,0,-50
1756012565.8229446,-2,-1,-55
1756012565.8609445,-2,0,-54
1756012565.8999443,0,1,-50
1756012565.9359446,-7,1,-51
1756012565.9729445,-12,-3,-50
1756012566.0109446,2,-7,-52
1756012566.0499446,1,-5,-54
1756012566.085945,4,3,-50
1756012566.1229446,0,0,-53
1756012566.1609447,-2,-5,-47
1756012566.1989446,-5,4,-54
1756012566.2349446,0,5,-48
1756012566.2729447,-1,2,-60
1756012566.3109446,1,0,-48
1756012566.348945,6,-7,-50
1756012566.384945,7,-5,-55
1756012566.4229443,2,0,-56
1756012566.460945,-4,0,-56
1756012566.496945,-2,-1,-51
1756012566.5349443,-3,-6,-37
1756012566.5729446,5,-7,-47
1756012566.6109445,-4,-8,-58
1756012566.6499443,0,0,-58
1756012566.6859446,3,-7,-52
1756012566.7229445,0,0,-58
1756012566.7609446,0,1,-55
1756012566.7969446,1,3,-58
1756012566.8349447,-2,4,-49
1756012566.871945,-5,-1,-46
1756012566.9109447,-3,-3,-56
1756012566.9469447,-7,-6,-48
1756012566.9849446,-1,-7,-65
1756012567.0229447,3,-6,-41
1756012567.0619447,0,-7,-36
1756012567.0999446,-3,-3,-33
1756012567.1359446,-6,-1,-40
1756012567.1739447,-5,5,-65
1756012567.2119446,0,-1,-53
1756012567.2509446,0,-1,-55
1756012567.2869446,1,6,-56
1756012567.3239446,-7,6,-59
1756012567.361945,3,-6,-50
1756012567.4009447,5,0,-55
1756012567.4369447,-2,-2,-49
1756012567.4749446,2,-3,-43
1756012567.5129447,1,3,-50
1756012567.5509446,0,-1,-47
1756012567.5869446,1,0,-45
1756012567.6239443,0,3,-55
1756012567.6619446,3,-2,-58
1756012567.6999447,0,0,-55
1756012567.7359445,-4,-3,-56
1756012567.7739446,-5,2,-55
1756012567.8119447,-5,2,-61
1756012567.8509445,-1,0,-58
1756012567.8869443,-7,-1,-47
1756012567.9249446,0,-4,-41
1756012567.963945,3,-6,-52
1756012568.0019443,1,-5,-61
1756012568.0379446,0,5,-59
1756012568.075945,3,-4,-48
1756012568.1139443,-3,1,-54
1756012568.1519446,-6,0,-56
1756012568.190945,2,2,-53
1756012568.2269447,-1,6,-56
1756012568.2639446,3,3,-70
1756012568.3019447,0,-4,-49
1756012568.3379445,-1,1,-51
1756012568.3759446,-2,-2,-48
1756012568.4149446,2,-3,-47
1756012568.4519446,0,4,-46
1756012568.4879446,-1,3,-50
1756012568.5259447,0,-3,-53
1756012568.5639446,-5,-3,-40
1756012568.6019447,-3,-2,-54
1756012568.6409447,3,3,-61
1756012568.6769447,5,6,-46
1756012568.713945,1,-7,-39
1756012568.7529447,-2,-6,-53
1756012568.7909446,-5,-5,-58
1756012568.8269446,0,0,-50
1756012568.8639443,0,-7,-35
1756012568.9029446,-3,-6,-57
1756012568.940945,3,-1,-49
1756012568.9769447,-3,0,-52
1756012569.0139446,-9,-3,-48
1756012569.052945,-10,-2,-51
1756012569.0909443,5,1,-51
1756012569.1269443,1,-4,-49
1756012569.1639447,4,0,-56
1756012569.2019446,-3,0,-62
1756012569.2379446,-5,3,-56
1756012569.2749443,0,6,-58
1756012569.312945,-1,4,-51
1756012569.3519447,0,-2,-57
1756012569.3879447,0,-1,-51
1756012569.4249446,2,0,-52
1756012569.4629445,1,0,-50
1756012569.5009446,0,0,-49
1756012569.5369446,1,7,-48
1756012569.5749447,1,-2,-48
1756012569.6129446,-5,-2,-41
1756012569.6509447,-4,-8,-53
1756012569.6869447,1,-6,-57
1756012569.7249446,1,-2,-49
1756012569.7629447,4,-1,-57
1756012569.7989447,2,2,-51
1756012569.835945,1,0,-53
1756012569.8739443,1,0,-59
1756012569.9129446,-2,-1,-52
1756012569.9499447,1,-8,-42
1756012569.986945,-4,3,-50
1756012570.0249443,3,-6,-51
1756012570.062945,0,1,-53
1756012570.0999446,4,-1,-42
1756012570.1369443,5,2,-57
1756012570.1739447,1,-1,-56
1756012570.2129445,4,0,-53
1756012570.2489443,8,0,-50
1756012570.2869446,4,-8,-46
1756012570.3249447,0,-6,-56
1756012570.3629446,-7,2,-57
1756012570.4019446,-5,4,-34
1756012570.437945,-6,0,-51
1756012570.4749446,3,-2,-57
1756012570.5139446,2,1,-51
1756012570.5519447,4,6,-47
1756012570.5879445,1,5,-52
1756012570.6249447,0,1,-51
1756012570.6639447,4,0,-47
1756012570.7019446,-3,-1,-53
1756012570.7379446,1,-2,-54
1756012570.7759447,-6,-7,-55
1756012570.8139446,0,1,-41
1756012570.8519447,3,-4,-52
1756012570.8879447,-1,2,-55
1756012570.9259446,-1,0,-55
1756012570.963945,-2,-2,-45
1756012571.0019443,1,-6,-47
1756012571.0379446,1,-4,-41
1756012571.075945,2,-4,-53
1756012571.1139443,0,3,-48
1756012571.1519446,4,0,-55
1756012571.187945,1,0,-52
1756012571.2259445,-2,-1,-45
1756012571.2639446,-6,0,-40
1756012571.3019447,-2,0,-46
1756012571.3379445,-7,-1,-45
1756012571.3759446,-5,-1,-37
1756012571.4139447,-1,7,-37
1756012571.4529445,-4,3,-54
1756012571.4889443,-5,0,-47
1756012571.5259447,0,2,-47
1756012571.5639446,3,4,-43
1756012571.5999446,0,-1,-51
1756012571.6369443,0,-6,-57
1756012571.6759446,7,-1,-54
1756012571.713945,5,0,-56
1756012571.7499447,1,0,-61
1756012571.7869446,1,2,-53
1756012571.8239446,5,8,-61
1756012571.8629446,0,0,-52
1756012571.8989446,0,6,-51
1756012571.9359446,-5,0,-54
1756012571.9749446,0,0,-50
1756012572.0129447,-3,-3,-48
1756012572.0489447,0,-4,-35
1756012572.085945,2,0,-48
1756012572.1239443,3,3,-43
1756012572.1599443,9,-4,-59
1756012572.1969447,3,-6,-53
1756012572.2349446,9,0,-48
1756012572.2739446,2,-8,-47
1756012572.3099446,1,-5,-53
1756012572.3469446,0,-10,-49
1756012572.384945,0,-1,-52
1756012572.4239447,-5,-1,-47
1756012572.4599447,0,0,-60
1756012572.496945,-2,0,-54
1756012572.5349443,-2,-1,-50
1756012572.5739446,0,0,-40
1756012572.6099446,4,2,-46
1756012572.6469443,0,-5,-45
1756012572.6849446,0,-4,-51
1756012572.723945,9,-1,-55
1756012572.759945,10,6,-60
1756012572.7979443,1,8,-57
1756012572.835945,0,0,-49
1756012572.8739443,-9,-5,-48
1756012572.9099443,-9,2,-50
1756012572.9469447,0,0,-41
1756012572.9849446,1,4,-46
1756012573.0209446,-2,3,-58
1756012573.0579443,-4,-1,-54
1756012573.0969446,-7,6,-53
1756012573.134945,-1,6,-46
1756012573.1709447,4,-4,-43
1756012573.2219446,2,-1,-45
1756012573.2579446,5,-5,-54
1756012573.2969446,-2,1,-64
1756012573.3349447,-1,-4,-56
1756012573.3709445,5,-2,-46
1756012573.407945,0,3,-50
1756012573.4459443,4,1,-47
1756012573.483945,-1,0,-50
1756012573.519945,-1,0,-51
1756012573.5579443,-2,4,-46
1756012573.5959446,-4,-1,-47
1756012573.634945,8,0,-56
1756012573.6709447,2,4,-45
1756012573.7079446,0,1,-52
1756012573.7459445,0,3,-48
1756012573.7849443,9,0,-55
1756012573.8209443,-2,2,-49
1756012573.8579447,5,0,-57
1756012573.8959446,4,-3,-49
1756012573.9349446,-4,-4,-58
1756012573.9709446,-7,3,-42
1756012574.0079446,0,-2,-52
1756012574.0459447,6,-2,-48
1756012574.0849447,0,-4,-39
1756012574.1209445,6,-5,-50
1756012574.157945,8,1,-60
1756012574.1959443,3,3,-53
1756012574.233945,0,0,-50
1756012574.269945,0,-7,-48
1756012574.3079443,1,-2,-56
1756012574.3459446,1,0,-55
1756012574.3839445,0,1,-52
1756012574.4199443,0,0,-44
1756012574.4579446,-9,-2,-49
1756012574.4959445,5,-3,-56
1756012574.5349443,5,6,-63
1756012574.5709443,9,6,-52
1756012574.6079447,-4,3,-50
1756012574.6459446,3,2,-51
1756012574.6819446,0,0,-59
1756012574.7189443,3,4,-51
1756012574.7559447,-3,-4,-50
1756012574.7949443,-6,-1,-55
1756012574.8309443,0,0,-54
1756012574.8689446,0,6,-43
1756012574.9059446,6,-3,-51
1756012574.9449446,0,-5,-58
1756012574.9809446,5,5,-62
1756012575.0189445,-5,-1,-55
1756012575.0559447,-4,-2,-43
1756012575.0949447,3,1,-46
1756012575.1309447,0,0,-47
1756012575.1689446,-2,-1,-50
1756012575.2059443,-1,-2,-53
1756012575.2449446,4,4,-55
1756012575.2809446,-5,5,-45
1756012575.3179443,-2,-3,-43
1756012575.3569446,-7,5,-50
1756012575.394945,-9,0,-42
1756012575.4309447,-5,2,-61
1756012575.4689443,-2,2,-49
1756012575.506945,1,-8,-39
1756012575.5449443,1,0,-43
1756012575.5809443,1,-2,-51
1756012575.6189446,0,-4,-52
1756012575.6569445,-3,2,-47
1756012575.6949446,-8,3,-39
1756012575.7309446,-5,0,-47
1756012575.7689445,-1,-4,-53
1756012575.8069446,-5,-4,-54
1756012575.8449447,-3,2,-57
1756012575.8809447,1,-4,-59
1756012575.9189446,-2,5,-57
1756012575.9569447,0,0,-51
1756012575.9949446,-3,-4,-44
1756012576.0309446,-1,-6,-57
1756012576.0689447,-7,-2,-52
1756012576.1069446,-2,-1,-54
1756012576.1459446,4,1,-51
1756012576.1819446,-3,0,-50
1756012576.2189443,2,-3,-58
1756012576.256945,2,1,-58
1756012576.292945,-4,0,-55
1756012576.3299446,-1,5,-51
1756012576.3679447,0,11,-43
1756012576.4069445,0,9,-43
1756012576.4429443,0,8,-50
1756012576.4799447,5,1,-61
1756012576.5169446,8,2,-64
1756012576.5559447,4,7,-57
1756012576.5919447,4,0,-48
1756012576.6299446,10,1,-56
1756012576.6669445,-7,0,-44
1756012576.7059443,-12,-1,-51
1756012576.7419446,-1,2,-55
1756012576.779945,-4,-3,-55
1756012576.8179443,-8,0,-57
1756012576.8569446,-1,3,-52
1756012576.8929446,-4,1,-45
1756012576.9299445,-1,-1,-55
1756012576.9679446,0,-1,-57
1756012577.006945,-5,-2,-56
1756012577.042945,0,-4,-61
1756012577.0799446,0,-6,-48
1756012577.1179447,-9,-5,-45
1756012577.1569445,-8,-3,-46
1756012577.1929443,-5,0,-49
1756012577.2299447,3,-5,-56
1756012577.2679446,1,-1,-55
1756012577.3069446,0,2,-46
1756012577.3429446,0,1,-49
1756012577.3799446,0,-5,-47
1756012577.417945,0,0,-50
1756012577.4559443,1,4,-50
1756012577.4919446,0,5,-58
1756012577.5289447,0,-3,-54
1756012577.5679443,0,-1,-40
1756012577.6059446,0,-1,-50
1756012577.6419446,-5,-1,-50
1756012577.6799445,-2,4,-49
1756012577.7179446,0,-6,-51
1756012577.756945,-2,-1,-51
1756012577.792945,-3,4,-46
1756012577.8309443,4,-1,-50
1756012577.8699446,8,0,-48
1756012577.907945,4,2,-51
1756012577.9459443,-4,5,-62
1756012577.9819446,-6,-1,-47
1756012578.019945,-1,0,-46
1756012578.0579443,1,-1,-54
1756012578.0969446,-5,1,-50
1756012578.1329446,-2,-3,-54
1756012578.1709447,-6,5,-59
1756012578.2089446,-11,3,-46
1756012578.2479446,-4,0,-52
1756012578.2839446,-6,3,-53
1756012578.3219447,0,0,-59
1756012578.3599446,-2,-4,-57
1756012578.3979447,0,-2,-44
1756012578.4369447,0,0,-41
1756012578.4729445,2,2,-42
1756012578.509945,0,1,-60
1756012578.5489447,0,-3,-58
1756012578.5869446,-7,2,-37
1756012578.6229446,-9,0,-42
1756012578.6599443,-5,0,-45
1756012578.6989446,2,-4,-46
1756012578.736945,0,-1,-41
1756012578.7729447,-7,0,-50
1756012578.8099446,-2,0,-59
1756012578.848945,-3,-2,-60
1756012578.8869443,-4,6,-53
1756012578.9229443,0,-2,-52
1756012578.9599447,0,-1,-49
1756012578.9989443,-1,3,-38
1756012579.0369446,1,-1,-46
1756012579.0729446,-1,0,-49
1756012579.111945,2,4,-50
1756012579.1489446,1,4,-53
1756012579.1869447,-4,0,-50
1756012579.2229445,-3,-3,-51
1756012579.2619443,1,2,-56
1756012579.2989447,1,4,-57
1756012579.3369446,1,1,-57
1756012579.3729446,1,5,-51
1756012579.4099443,3,1,-46
1756012579.4489446,7,0,-51
1756012579.486945,2,-1,-53
1756012579.5229447,-5,-5,-59
1756012579.5619447,-5,-5,-52
1756012579.598945,-8,2,-59
1756012579.6379447,-3,1,-50
1756012579.6739447,-10,-7,-52
1756012579.7119446,-11,-4,-49
1756012579.7499447,-5,-2,-49
1756012579.7889447,0,-5,-49
1756012579.8249447,-7,-3,-52
1756012579.8629446,-3,-6,-55
1756012579.9009447,0,8,-63
1756012579.9389446,-3,2,-45
1756012579.9749446,2,6,-40
1756012580.0119443,-8,2,-45
1756012580.0499446,-5,1,-53
1756012580.088945,-2,-3,-50
1756012580.1249447,7,-8,-53
1756012580.1629446,-1,-11,-60
1756012580.200945,1,1,-49
1756012580.2389443,3,-3,-52
1756012580.2779446,0,-2,-43
1756012580.3139446,0,0,-50
1756012580.3519447,-8,-8,-50
1756012580.3899446,1,-3,-47
1756012580.4289446,-3,-5,-42
1756012580.4649446,-2,-2,-40
1756012580.5029447,2,0,-54
1756012580.5399446,1,-9,-48
1756012580.5789447,0,0,-59
1756012580.6149447,-1,0,-57
1756012580.6519446,-2,0,-52
1756012580.6899445,-2,0,-53
1756012580.7289443,0,-1,-44
1756012580.7649446,1,0,-48
1756012580.8019447,1,-4,-50
1756012580.8399446,5,5,-51
1756012580.8779447,5,1,-56
1756012580.9139447,3,2,-49
1756012580.9519446,-1,9,-58
1756012580.9899447,0,1,-50
1756012581.0279446,-2,-6,-44
1756012581.0639446,0,-6,-51
1756012581.1029446,2,-2,-62
1756012581.1399446,-1,0,-60
1756012581.1789446,-1,3,-48
1756012581.2149446,1,2,-40
1756012581.2519443,-6,-5,-42
1756012581.2899446,0,-1,-44
1756012581.3289447,-1,-7,-51
1756012581.3649447,0,-8,-57
1756012581.4029446,0,3,-52
1756012581.4399445,-6,1,-49
1756012581.4789443,1,-11,-59
1756012581.5149446,-2,-4,-59
1756012581.552945,-6,-5,-44
1756012581.5909443,-4,-2,-52
1756012581.6299446,0,-9,-53
1756012581.6659446,-5,-3,-40
1756012581.7039447,-4,-6,-61
1756012581.7419446,-2,0,-62
1756012581.779945,-3,1,-66
1756012581.8189447,-4,7,-51
1756012581.8549447,-1,3,-48
1756012581.8929446,4,4,-43
1756012581.9309447,4,0,-35
1756012581.9689443,0,-2,-40
1756012582.0049446,0,-5,-36
1756012582.042945,3,-2,-49
1756012582.0809443,4,-1,-51
1756012582.1199446,2,-2,-52
1756012582.1559446,2,2,-44
1756012582.1929443,0,1,-57
1756012582.2309446,5,-1,-42
1756012582.269945,8,-5,-51
1756012582.3059447,2,0,-49
1756012582.3429446,-6,-8,-40
1756012582.3809447,-9,0,-56
1756012582.4199443,-9,-3,-58
1756012582.4559443,-8,6,-58
1756012582.4929447,-4,2,-58
1756012582.5309446,1,-2,-57
1756012582.5699446,-4,-8,-50
1756012582.6059446,0,-3,-57
1756012582.6429446,-1,-6,-59
1756012582.6809447,-2,-9,-56
1756012582.7209446,-11,-1,-63
1756012582.7589445,-4,-2,-59
1756012582.7949443,-8,2,-59
1756012582.8329446,-4,0,-58
1756012582.8709445,-5,1,-65
1756012582.9099443,-6,1,-59
1756012582.9459443,0,2,-56
1756012582.9829447,4,3,-53
1756012583.0209446,3,-4,-60
1756012583.0569446,2,-4,-57
1756012583.0939443,9,-9,-47
1756012583.131945,5,-12,-36
1756012583.1709447,4,-4,-52
1756012583.2069447,0,-4,-47
1756012583.2579446,-5,-2,-51
1756012583.2939446,-3,-8,-45
1756012583.3319447,11,-1,-37
1756012583.3709445,0,0,-45
1756012583.4069445,-1,-2,-46
1756012583.4449446,0,4,-44
1756012583.4819446,2,-3,-55
1756012583.5209446,0,-7,-50
1756012583.5569446,-7,-3,-50
1756012583.5949447,-5,6,-43
1756012583.6329446,-6,3,-47
1756012583.6709447,-2,-7,-32
1756012583.7099447,-5,-13,-50
1756012583.7459445,2,-9,-54
1756012583.782945,-5,-2,-44
1756012583.8219447,-8,1,-55
1756012583.8599446,-4,-5,-53
1756012583.8959446,-1,-3,-61
1756012583.9339447,-5,-1,-54
1756012583.9719446,0,2,-44
1756012584.0109446,2,8,-43
1756012584.0469446,1,1,-47
1756012584.0849447,-5,6,-49
1756012584.1229446,-8,0,-51
1756012584.1619446,-8,5,-57
1756012584.1999447,3,0,-56
1756012584.2359445,0,-1,-48
1756012584.2729447,0,-4,-45
1756012584.3119447,0,-3,-42
1756012584.3499446,3,-2,-47
1756012584.3859446,5,1,-51
1756012584.4229443,5,0,-57
1756012584.460945,3,0,-50
1756012584.496945,2,0,-52
1756012584.5339446,-4,-3,-65
1756012584.5729446,-7,1,-56
1756012584.6109445,0,0,-46
1756012584.6469443,0,-5,-49
1756012584.6849446,-2,-11,-42
1756012584.7229445,2,-1,-42
1756012584.7619443,-3,-2,-63
1756012584.7979443,-10,-4,-56
1756012584.835945,-8,-3,-56
1756012584.8739443,4,6,-52
1756012584.9119446,-2,0,-51
1756012584.9479446,-5,0,-42
1756012584.9849446,-4,2,-46
1756012585.0229447,-5,-5,-52
1756012585.0619447,-3,4,-37
1756012585.0979445,-6,4,-40
1756012585.134945,-5,-9,-48
1756012585.1729443,-7,0,-55
1756012585.2119446,0,0,-56
1756012585.2479446,3,-4,-46
1756012585.2859447,7,-9,-43
1756012585.3229446,1,2,-36
1756012585.3609445,-1,4,-47
1756012585.3969443,-1,0,-51
1756012585.4339447,1,-2,-47
1756012585.4729445,0,-3,-62
1756012585.5109446,5,-2,-57
1756012585.5469446,9,-2,-54
1756012585.5839446,-2,-2,-50
1756012585.6229446,-2,-3,-50
1756012585.6609447,-5,-3,-47
1756012585.6969447,0,1,-51
1756012585.733945,-3,9,-60
1756012585.7729447,1,-2,-57
1756012585.8109446,-3,-4,-61
1756012585.8469446,-1,0,-59
1756012585.8839445,1,4,-56
1756012585.9229443,2,0,-57
1756012585.960945,1,4,-63
1756012585.996945,2,6,-54
1756012586.0339446,1,1,-50
1756012586.0719447,-4,-5,-47
1756012586.1079447,1,0,-39
1756012586.144945,-7,2,-49
1756012586.1829443,0,0,-40
1756012586.2219446,1,3,-53
1756012586.2579446,1,3,-47
1756012586.2949443,6,4,-48
1756012586.3329446,7,7,-55
1756012586.3689446,-1,5,-56
1756012586.4059446,0,11,-63
1756012586.4439447,1,3,-53
1756012586.4829447,0,-6,-49
1756012586.5189445,4,-1,-51
1756012586.5559447,4,-4,-54
1756012586.5939443,0,-2,-42
1756012586.6329446,5,-5,-48
1756012586.6689446,2,-3,-57
1756012586.7059443,6,0,-60
1756012586.7429447,0,0,-56
1756012586.7789447,0,-4,-54
1756012586.815945,3,1,-44
1756012586.8539443,2,0,-49
1756012586.8919446,2,-1,-46
1756012586.927945,0,-4,-52
1756012586.9649446,0,-3,-57
1756012587.0039446,-2,-11,-56
1756012587.0419445,-10,-1,-47
1756012587.0779445,-8,-2,-47
1756012587.1159446,0,6,-49
1756012587.1539447,-1,8,-47
1756012587.1929443,0,0,-54
1756012587.2299447,4,3,-44
1756012587.2669446,0,-1,-37
1756012587.3049445,-5,-2,-61
1756012587.3439443,-6,-4,-50
1756012587.381945,2,-3,-33
1756012587.417945,-1,-3,-51
1756012587.4559443,3,-1,-44
1756012587.4939446,4,-6,-42
1756012587.5339446,1,-2,-48
1756012587.5719447,-1,-10,-55
1756012587.6079447,0,-11,-55
1756012587.6459446,4,-5,-49
1756012587.6839447,3,3,-49
1756012587.7229445,4,-4,-64
1756012587.7589445,-2,0,-61
1756012587.7959447,-2,-5,-64
1756012587.8349447,7,-5,-62
1756012587.8729446,1,-1,-47
1756012587.9089446,11,-6,-40
1756012587.9459443,4,-1,-47
1756012587.983945,7,3,-56
1756012588.0229447,-3,0,-51
1756012588.0589447,-4,2,-49
1756012588.0959446,-1,2,-50
1756012588.1339445,-6,-2,-55
1756012588.1729443,-5,-1,-58
1756012588.2089446,5,-5,-49
1756012588.2459445,-1,0,-53
1756012588.2839446,-8,-1,-62
1756012588.3229446,-2,-3,-59
1756012588.358945,-1,-6,-46
1756012588.3969443,0,-1,-49
1756012588.4349446,-5,-3,-52
1756012588.473945,-10,-1,-54
1756012588.509945,-7,-2,-45
1756012588.5479443,0,-2,-57
1756012588.585945,-3,1,-59
1756012588.6239443,-7,1,-44
1756012588.6629446,-1,0,-44
1756012588.6999447,2,-9,-48
1756012588.736945,-1,-2,-59
1756012588.7749443,-9,-1,-62
1756012588.8139446,2,-3,-58
1756012588.8499446,-3,-6,-57
1756012588.8879447,-5,3,-54
1756012588.9259446,-5,2,-52
1756012588.9649446,-1,0,-53
1756012589.0029447,0,-2,-46
1756012589.0389447,4,-2,-43
1756012589.075945,2,-6,-45
1756012589.1149447,0,-2,-48
1756012589.1529446,-1,2,-42
1756012589.1889446,-1,6,-44
1756012589.2259445,1,5,-43
1756012589.2649446,-3,2,-47
1756012589.302945,-1,-4,-47
1756012589.338945,2,-5,-51
1756012589.3769443,0,2,-44
1756012589.4149446,3,0,-58
1756012589.4529445,-1,5,-53
1756012589.4889443,-3,2,-50
1756012589.5269446,-4,4,-46
1756012589.5649445,-1,-2,-54
1756012589.6029446,4,0,-47
1756012589.6389446,9,-3,-44
1756012589.677945,6,3,-53
1756012589.7149446,2,3,-49
1756012589.7509446,4,1,-43
1756012589.7879446,0,-2,-62
1756012589.8269446,-5,3,-54
1756012589.8649447,2,1,-63
1756012589.9009447,0,0,-67
1756012589.937945,3,1,-51
1756012589.9749446,-1,-1,-59
1756012590.0139446,-4,2,-52
1756012590.0499446,-4,-1,-48
1756012590.0879445,0,2,-51
1756012590.1269443,-2,4,-56
1756012590.1649446,-1,0,-53
1756012590.200945,-1,3,-57
1756012590.2379446,-5,1,-49
1756012590.2769446,0,-7,-48
1756012590.3149445,-3,-6,-49
1756012590.3509445,-7,-5,-49
1756012590.3889446,1,-7,-52
1756012590.4269447,0,-2,-59
1756012590.4659443,3,-4,-58
1756012590.5039446,-5,-6,-59
1756012590.5399446,-2,0,-53
1756012590.5769446,-1,1,-46
1756012590.6159446,3,-2,-46
1756012590.6539447,0,-3,-53
1756012590.6899445,1,-7,-55
1756012590.7279446,-1,-5,-48
1756012590.7659447,4,2,-55
1756012590.8039446,-4,-1,-54
1756012590.8399446,-4,-4,-41
1756012590.8779447,-3,-14,-52
1756012590.9159446,-2,-5,-54
1756012590.9549446,-5,-3,-58
1756012590.9909446,-3,-4,-60
1756012591.029945,0,-2,-56
1756012591.0679443,1,2,-53
1756012591.1059446,-1,-3,-51
1756012591.1439445,5,-3,-45
1756012591.1799445,6,-2,-54
1756012591.2169447,-5,3,-55
1756012591.2559447,-1,-1,-45
1756012591.2919445,-2,9,-44
1756012591.3299446,-1,-1,-50
1756012591.3679447,-4,4,-50
1756012591.4059446,0,1,-56
1756012591.4429443,-7,-1,-59
1756012591.4799447,-5,0,-43
1756012591.5179446,1,-3,-50
1756012591.5559447,5,3,-53
1756012591.5919447,0,1,-56
1756012591.6299446,3,0,-56
1756012591.667945,8,-2,-54
1756012591.7059443,-2,0,-46
1756012591.7419446,3,2,-52
1756012591.779945,-1,0,-55
1756012591.8179443,0,0,-55
1756012591.8559446,4,-10,-55
1756012591.8919446,-2,-14,-63
1756012591.9299445,-5,-11,-50
1756012591.9679446,-4,-5,-43
1756012592.006945,2,0,-52
1756012592.0449443,4,-4,-56
1756012592.0809443,-6,1,-52
1756012592.1189446,-7,3,-49
1756012592.1569445,-5,6,-48
1756012592.1959443,-2,4,-50
1756012592.2319446,1,0,-47
1756012592.269945,0,-4,-61
1756012592.3079443,-3,0,-48
1756012592.3469446,-1,1,-49
1756012592.384945,1,0,-39
1756012592.4209447,-1,1,-39
1756012592.4579446,4,2,-46
1756012592.4959445,-1,5,-48
1756012592.5319445,-2,1,-34
1756012592.5689447,-2,2,-44
1756012592.6069446,1,-7,-49
1756012592.6459446,4,-5,-51
1756012592.6819446,6,-6,-45
1756012592.7189443,3,-7,-49
1756012592.756945,4,-4,-41
1756012592.7959447,-10,2,-54
1756012592.8319447,-6,2,-56
1756012592.8699446,-7,2,-60
1756012592.907945,-3,1,-48
1756012592.9469447,-7,-5,-56
1756012592.9829447,-2,-5,-43
1756012593.0209446,-5,-3,-47
1756012593.0589447,0,0,-51
1756012593.0969446,1,-1,-49
1756012593.1329446,-2,-1,-56
1756012593.1709447,-5,-3,-60
1756012593.2089446,6,-4,-53
1756012593.2529447,-6,-3,-49
1756012593.2909446,1,-2,-41
1756012593.3299446,2,5,-52
1756012593.3669446,1,6,-57
1756012593.4029446,2,0,-62
1756012593.4399445,-7,-2,-56
1756012593.4779446,-7,-3,-69
1756012593.5169446,-1,-6,-58
1756012593.552945,-2,-3,-62
1756012593.5909443,2,-1,-64
1756012593.6299446,2,1,-54
1756012593.6669445,-1,7,-45
1756012593.7059443,-5,2,-47
1756012593.7429447,-5,1,-44
1756012593.779945,6,3,-44
1756012593.8179443,11,-3,-40
1756012593.8569446,-1,1,-53
1756012593.8929446,1,-2,-58
1756012593.9299445,-7,5,-47
1756012593.9679446,4,6,-38
1756012594.0059447,1,5,-46
1756012594.042945,2,3,-56
1756012594.0799446,1,-5,-60
1756012594.1179447,-4,3,-59
1756012594.1569445,0,0,-69
1756012594.1929443,-3,-5,-59
1756012594.2309446,-6,0,-48
1756012594.2689445,0,-5,-60
1756012594.3079443,-1,5,-49
1756012594.3459446,5,3,-56
1756012594.381945,6,1,-45
1756012594.4189446,0,-2,-48
1756012594.4579446,-5,2,-56
1756012594.4959445,6,-1,-54
1756012594.5319445,-3,-4,-54
1756012594.5709443,-1,0,-59
1756012594.6079447,-1,-2,-50
1756012594.6469443,-10,2,-63
1756012594.6829443,-8,-1,-50
1756012594.7209446,5,-2,-63
1756012594.7589445,-1,-2,-51
1756012594.7979443,-6,-1,-56
1756012594.8339446,-3,-2,-64
1756012594.871945,-9,4,-57
1756012594.9099443,0,-5,-53
1756012594.9479446,9,-4,-52
1756012594.986945,3,-6,-37
1756012595.0229447,-1,-5,-48
1756012595.0609446,1,1,-50
1756012595.0979445,-1,1,-52
1756012595.1369443,-1,0,-54
1756012595.1729443,2,4,-51
1756012595.2099447,3,1,-45
1756012595.2479446,1,-6,-47
1756012595.2839446,3,-3,-51
1756012595.3209443,-8,1,-55
1756012595.358945,-4,-4,-50
1756012595.3979447,0,0,-59
1756012595.4339447,-3,-2,-53
1756012595.4719446,2,3,-47
1756012595.5089445,1,-1,-52
1756012595.5479443,5,1,-40
1756012595.5839446,5,0,-60
1756012595.6209445,-1,-7,-47
1756012595.6589446,0,4,-50
1756012595.6969447,-3,0,-49
1756012595.733945,-6,-7,-50
1756012595.7709446,-10,-4,-52
1756012595.8089447,-2,-6,-42
1756012595.8479445,-7,-3,-52
1756012595.8839445,3,2,-57
1756012595.9209447,-2,0,-60
1756012595.9589446,0,3,-51
1756012595.996945,0,-3,-49
1756012596.032945,7,-1,-51
1756012596.0709443,3,-6,-45
1756012596.108945,-1,0,-49
1756012596.1479447,1,0,-46
1756012596.1839447,1,3,-46
1756012596.2209446,3,2,-59
1756012596.2589445,3,2,-57
1756012596.2969446,-1,-1,-59
1756012596.3329446,2,-3,-51
1756012596.3709445,0,0,-37
1756012596.4089446,-5,-2,-43
1756012596.4449446,1,6,-48
1756012596.4819446,1,5,-38
1756012596.5189445,0,-2,-60
1756012596.5579443,5,-4,-57
1756012596.5939443,2,-3,-47
1756012596.6309447,-10,3,-55
1756012596.6689446,-8,1,-48
1756012596.7079446,0,0,-47
1756012596.7439446,-2,0,-59
1756012596.7819445,-1,-1,-47
1756012596.8199446,0,2,-43
1756012596.8579447,11,2,-46
1756012596.8939445,6,-2,-50
1756012596.9309447,6,-5,-48
1756012596.9689443,-5,-2,-43
1756012597.0079446,-7,0,-46
1756012597.0439446,0,4,-50
1756012597.0809443,2,-1,-40
1756012597.1199446,-2,2,-47
1756012597.157945,0,-1,-42
1756012597.1939447,0,-1,-34
1756012597.2309446,5,-3,-44
1756012597.269945,3,-3,-38
1756012597.3079443,0,0,-40
1756012597.3439443,0,0,-50
1756012597.3809447,-5,2,-52
1756012597.4199443,-1,4,-43
1756012597.4579446,2,-1,-53
1756012597.4939446,7,0,-49
1756012597.5309446,-1,3,-50
1756012597.5699446,-9,-4,-56
1756012597.6079447,-5,1,-50
1756012597.6439445,-5,0,-63
1756012597.6809447,-5,0,-61
1756012597.7199447,0,3,-61
1756012597.7579446,-6,1,-58
1756012597.7939446,0,0,-53
1756012597.8309443,0,2,-49
1756012597.8699446,-3,0,-58
1756012597.907945,-1,9,-65
1756012597.9439447,-1,3,-55
1756012597.9819446,1,3,-50
1756012598.019945,0,0,-55
1756012598.0559447,-3,0,-54
1756012598.0929446,0,-1,-43
1756012598.1309447,-1,-1,-57
1756012598.1699443,0,-1,-50
1756012598.2059443,7,2,-57
1756012598.2429447,4,-2,-58
1756012598.2809446,-6,-1,-54
1756012598.3199446,0,-3,-58
1756012598.3559446,0,-1,-48
1756012598.3929446,1,3,-50
1756012598.4309447,-4,0,-49
1756012598.4699447,-5,-3,-43
1756012598.5059447,-4,-4,-57
1756012598.5439446,-7,4,-55
1756012598.5819447,-2,-5,-58
1756012598.6199446,-5,-5,-50
1756012598.6589446,2,-4,-51
1756012598.6949446,0,2,-39
1756012598.7319446,-3,3,-55
1756012598.7709446,-8,4,-55
1756012598.8089447,-2,3,-42
1756012598.8449447,-4,2,-54
1756012598.881945,2,3,-56
1756012598.9199443,0,-1,-56
1756012598.9559443,7,0,-57
1756012598.9929447,3,-6,-50
1756012599.0309446,-1,-1,-51
1756012599.0699446,-1,1,-49
1756012599.1059446,-7,-3,-61
1756012599.1439445,3,-1,-46
1756012599.1819446,-9,6,-58
1756012599.2209446,-4,-2,-56
1756012599.2589445,0,0,-51
1756012599.2949443,-3,0,-53
1756012599.3319447,-3,0,-48
1756012599.3709445,6,0,-51
1756012599.4089446,-3,-6,-41
1756012599.4449446,-2,2,-50
1756012599.4819446,2,0,-44
1756012599.519945,-4,-3,-45
1756012599.5559447,-1,-6,-51
1756012599.5939443,-4,-4,-45
1756012599.631945,4,-5,-49
1756012599.6709447,3,-5,-57
1756012599.7069447,1,0,-33
1756012599.7439446,3,0,-57
1756012599.7809446,0,-3,-46
1756012599.8199446,-1,1,-41
1756012599.8559446,-1,-1,-51
1756012599.8939445,3,1,-54
1756012599.9309447,0,-5,-55
1756012599.9699447,-5,3,-50
1756012600.0059447,-2,6,-45
1756012600.042945,-3,5,-55
1756012600.0809443,1,2,-64
1756012600.1199446,6,-1,-55
1756012600.1559446,4,4,-48
1756012600.1929443,3,2,-52
1756012600.2309446,-3,2,-47
1756012600.269945,4,4,-45
1756012600.3059447,3,0,-48
1756012600.3429446,5,10,-56
1756012600.3809447,5,1,-50
1756012600.4169445,0,-2,-42
1756012600.4539447,-1,-2,-51
1756012600.4919446,-3,-1,-58
1756012600.5309446,2,5,-49
1756012600.5669446,-1,4,-43
1756012600.6039443,-7,5,-46
1756012600.6419446,0,0,-49
1756012600.6809447,3,1,-53
1756012600.7169447,-6,0,-54
1756012600.7539446,-4,-1,-56
1756012600.7919445,-2,-1,-54
1756012600.8309443,0,-9,-44
1756012600.8669446,0,0,-61
1756012600.9039447,0,5,-51
1756012600.9419446,-3,2,-54
1756012600.9799447,-3,0,-56
1756012601.0159447,-5,-8,-50
1756012601.0539446,-9,-1,-53
1756012601.0919447,-14,4,-49
1756012601.1309447,-4,3,-50
1756012601.1669445,-6,-3,-59
1756012601.2049446,-4,-4,-68
1756012601.2429447,-1,-1,-63
1756012601.2819445,-7,0,-57
1756012601.3179443,-6,-2,-56
1756012601.3559446,0,1,-57
1756012601.3939445,0,0,-51
1756012601.4319446,-5,3,-54
1756012601.4679446,-10,-2,-63
1756012601.5059447,0,-1,-47
1756012601.5439446,2,1,-52
1756012601.5819447,-7,2,-57
1756012601.6179447,-7,7,-67
1756012601.6559446,-4,5,-48
1756012601.6939447,-3,6,-50
1756012601.7319446,1,6,-59
1756012601.7679446,2,4,-45
1756012601.8049445,1,-2,-46
1756012601.8429446,-1,2,-53
1756012601.881945,0,1,-52
1756012601.917945,8,0,-47
1756012601.9559443,-3,4,-46
1756012601.9939446,-2,-1,-54
1756012602.032945,0,2,-51
1756012602.0709443,5,2,-46
1756012602.1069446,0,0,-45
1756012602.1439445,-2,1,-51
1756012602.1829443,0,-1,-55
1756012602.2209446,-1,3,-52
1756012602.256945,-11,1,-49
1756012602.2959447,-5,4,-50
1756012602.3339446,1,5,-51
1756012602.371945,-1,-3,-55
1756012602.407945,7,-4,-53
1756012602.4459443,8,-1,-54
1756012602.483945,0,-4,-57
1756012602.5229447,8,0,-50
1756012602.5609446,1,1,-48
1756012602.5969446,-2,3,-51
1756012602.6339445,-5,1,-56
1756012602.6729443,3,1,-54
1756012602.710945,3,-11,-47
1756012602.746945,-2,-2,-51
1756012602.7849443,-2,-8,-54
1756012602.8229446,3,0,-55
1756012602.861945,-2,3,-55
1756012602.8989446,-4,0,-55
1756012602.9359446,-5,1,-53
1756012602.973945,3,-3,-50
1756012603.0129447,5,-1,-55
1756012603.0489447,4,-1,-49
1756012603.0869446,-5,-4,-53
1756012603.1259446,0,-6,-47
1756012603.1629446,2,3,-61
1756012603.1989446,-2,-2,-62
1756012603.236945,-2,5,-54
1756012603.282945,-2,0,-50
1756012603.3189447,2,2,-45
1756012603.3559446,4,-1,-43
1756012603.3939445,6,4,-40
1756012603.4319446,8,4,-42
1756012603.4679446,-2,-1,-41
1756012603.5059447,-7,-7,-47
1756012603.5439446,-8,-7,-49
1756012603.5829446,-7,-4,-53
1756012603.6189446,4,-4,-60
1756012603.6569445,0,-4,-56
1756012603.6939447,0,-7,-55
1756012603.7329447,4,-7,-56
1756012603.7689445,-1,0,-62
1756012603.8059447,0,-4,-56
1756012603.8439443,7,-3,-58
1756012603.8829446,2,0,-57
1756012603.9189446,5,0,-46
1756012603.9559443,-2,-2,-52
1756012603.9939446,3,-3,-45
1756012604.032945,0,-1,-51
1756012604.0689447,-2,5,-51
1756012604.1059446,-5,5,-47
1756012604.1439445,-7,2,-61
1756012604.1829443,5,3,-54
1756012604.2189443,0,-2,-44
1756012604.2559447,-2,-9,-50
1756012604.2939446,1,-2,-51
1756012604.3329446,-2,-1,-61
1756012604.3689446,2,-3,-53
1756012604.4059446,-2,1,-52
1756012604.4439447,0,-2,-49
1756012604.4829447,-7,0,-46
1756012604.5189445,-1,-5,-58
1756012604.5569446,2,-3,-44
1756012604.5949447,2,1,-49
1756012604.6339445,10,0,-53
1756012604.6699443,0,-5,-43
1756012604.7069447,5,-15,-52
1756012604.7459445,0,-9,-48
1756012604.7839446,2,-2,-51
1756012604.8199446,5,-1,-54
1756012604.8569446,4,-1,-64
1756012604.8959446,1,-3,-58
1756012604.9339447,4,-6,-46
1756012604.9699447,-2,-8,-58
1756012605.0089445,-1,0,-47
1756012605.0459447,-1,-2,-36
1756012605.0839446,3,-2,-50
1756012605.1229446,-3,-4,-44
1756012605.1589446,1,-1,-44
1756012605.1959443,0,-3,-41
1756012605.233945,-1,-2,-49
1756012605.2729447,-3,-7,-58
1756012605.3089447,1,-2,-56
1756012605.3459446,4,-6,-62
1756012605.384945,3,-4,-53
1756012605.4229443,4,-10,-46
1756012605.4589446,0,-11,-58
1756012605.4959445,-1,-4,-55
1756012605.5349443,-3,-6,-56
1756012605.5729446,-13,0,-50
1756012605.608945,-5,-1,-44
1756012605.6469443,-11,-2,-40
1756012605.6849446,-5,0,-44
1756012605.723945,-1,0,-56
1756012605.759945,-1,2,-57
1756012605.7969446,2,0,-44
1756012605.8349447,-5,-2,-49
1756012605.8729446,3,0,-51
1756012605.9089446,-1,-2,-52
1756012605.9469447,0,-2,-51
1756012605.9849446,-3,0,-50
1756012606.0239446,3,0,-59
1756012606.0599446,6,0,-64
1756012606.0969446,2,-5,-56
1756012606.134945,0,-9,-56
1756012606.1739447,0,0,-47
1756012606.2099447,-3,-4,-53
1756012606.2479446,-2,-1,-47
1756012606.2859447,9,-1,-50
1756012606.3249447,-1,-5,-50
1756012606.3609445,-1,-3,-58
1756012606.3999443,-7,-2,-64
1756012606.4369447,0,0,-61
1756012606.4749446,4,-1,-58
1756012606.5109446,6,4,-55
1756012606.5479443,4,-2,-46
1756012606.585945,3,0,-51
1756012606.6249447,8,1,-48
1756012606.6609447,3,2,-43
1756012606.6979446,6,5,-56
1756012606.7349446,8,7,-52
1756012606.7739446,-2,1,-44
1756012606.8099446,-1,-3,-52
1756012606.8479445,-5,-2,-54
1756012606.8869443,-3,3,-50
1756012606.9249446,-2,4,-45
1756012606.960945,0,0,-56
1756012606.9979446,-7,-8,-58
1756012607.0359447,-12,0,-59
1756012607.0749447,-2,-5,-55
1756012607.1109445,-2,1,-41
1756012607.1479447,0,0,-65
1756012607.1859446,-5,0,-52
1756012607.223945,1,1,-53
1756012607.259945,-8,4,-46
1756012607.2969446,-6,-2,-52
1756012607.335945,-3,-4,-52
1756012607.3739443,-2,0,-42
1756012607.4099443,-8,7,-49
1756012607.4469447,4,-4,-44
1756012607.4859445,-5,-3,-48
1756012607.5239446,-1,0,-45
1756012607.5599446,3,-1,-44
1756012607.5969446,-2,3,-48
1756012607.6359446,3,3,-49
1756012607.6739447,3,5,-51
1756012607.7099447,10,7,-49
1756012607.746945,-1,3,-57
1756012607.7859447,0,0,-51
1756012607.8239446,0,6,-47
1756012607.8599446,-1,-2,-44
1756012607.8979447,-4,4,-42
1756012607.9359446,-11,6,-45
1756012607.9749446,-3,0,-44
1756012608.0109446,0,2,-47
1756012608.0479443,0,0,-58
1756012608.085945,-3,2,-55
1756012608.1249447,-4,5,-56
1756012608.1609447,0,0,-59
1756012608.1979446,5,-8,-63
1756012608.236945,0,-3,-55
1756012608.2749443,8,0,-50
1756012608.3109446,5,1,-50
1756012608.3479445,7,0,-43
1756012608.3859446,-4,-4,-56
1756012608.4219446,-2,-6,-60
1756012608.4599447,-1,-3,-60
1756012608.4979446,1,-2,-63
1756012608.5359447,0,0,-59
1756012608.5719447,7,-7,-51
1756012608.608945,4,-5,-47
1756012608.6469443,-2,-8,-58
1756012608.6859446,0,-7,-55
1756012608.7219446,5,-2,-55
1756012608.7589445,-3,-8,-67
1756012608.7969446,0,0,-62
1756012608.835945,-2,-1,-48
1756012608.871945,1,3,-41
1756012608.9089446,4,-3,-45
1756012608.9469447,3,0,-51
1756012608.9859445,-7,0,-57
1756012609.0219443,0,-2,-58
1756012609.0589447,-1,-2,-51
1756012609.0969446,0,3,-52
1756012609.134945,5,-1,-47
1756012609.1709447,2,3,-52
1756012609.2089446,-1,-1,-57
1756012609.246945,3,-11,-56
1756012609.2849443,5,-15,-60
1756012609.3209443,4,-9,-54
1756012609.358945,8,-3,-56
1756012609.3969443,-2,0,-64
1756012609.4349446,0,0,-48
1756012609.4709446,3,0,-55
1756012609.5089445,-1,-2,-59
1756012609.5469446,-2,-3,-56
1756012609.5849447,-3,-1,-51
1756012609.6209445,1,0,-42
1756012609.6589446,5,2,-51
1756012609.6969447,-2,-6,-51
1756012609.7329447,7,-3,-55
1756012609.769945,7,0,-46
1756012609.8069446,3,0,-43
1756012609.8429446,8,-3,-44
1756012609.8799446,0,5,-43
1756012609.9169445,1,4,-48
1756012609.9529445,5,4,-46
1756012609.9899447,2,0,-43
1756012610.0269446,2,0,-51
1756012610.062945,-2,0,-52
1756012610.1009445,0,-3,-53
1756012610.1389446,4,-2,-42
1756012610.1769447,3,-3,-58
1756012610.2159443,-2,-7,-61
1756012610.2519443,-2,-2,-59
1756012610.2899446,-2,2,-43
1756012610.3289447,1,4,-59
1756012610.3669446,-6,-7,-50
1756012610.4029446,2,-6,-59
1756012610.4399445,1,0,-43
1756012610.4789443,-1,-1,-50
1756012610.5169446,7,1,-47
1756012610.552945,0,1,-45
1756012610.5899446,-3,-3,-58
1756012610.6289446,-2,0,-46
1756012610.6669445,4,2,-50
1756012610.7029445,-6,-1,-44
1756012610.7419446,-6,4,-54
1756012610.7789447,-9,-5,-45
1756012610.8179443,-5,-3,-52
1756012610.8559446,-2,2,-56
1756012610.8919446,0,4,-57
1756012610.9289446,1,-1,-53
1756012610.9679446,-3,-1,-57
1756012611.0059447,-2,-6,-44
1756012611.0419445,-7,-5,-45
1756012611.0799446,-3,-1,-50
1756012611.1179447,-7,-3,-54
1756012611.1569445,-1,-2,-57
1756012611.1929443,-3,-3,-53
1756012611.2309446,1,0,-57
1756012611.2689445,0,-3,-67
1756012611.3079443,-4,-1,-56
1756012611.3459446,2,0,-46
1756012611.381945,0,0,-49
1756012611.4199443,-8,-5,-52
1756012611.4579446,0,-6,-49
1756012611.4949446,2,-2,-54
1756012611.5319445,3,3,-55
1756012611.5689447,6,2,-44
1756012611.6079447,4,3,-42
1756012611.6439445,5,0,-54
1756012611.6819446,0,2,-47
1756012611.7189443,-1,3,-49
1756012611.7579446,0,2,-43
1756012611.7939446,-1,3,-48
1756012611.8319447,-7,0,-55
1756012611.8699446,-1,-5,-52
1756012611.9089446,-1,1,-59
1756012611.9469447,-1,0,-58
1756012611.9829447,-1,-3,-57
1756012612.0209446,0,-2,-58
1756012612.0589447,1,-2,-53
1756012612.0979445,0,-3,-59
1756012612.1339445,-2,-5,-54
1756012612.1719446,-2,-4,-46
1756012612.2099447,-1,3,-45
1756012612.2489443,-8,8,-45
1756012612.2869446,-2,7,-44
1756012612.3229446,-1,0,-51
1756012612.3609445,2,-2,-50
1756012612.3989446,3,0,-47
1756012612.437945,2,-1,-37
1756012612.473945,-6,1,-38
1756012612.5109446,1,-7,-45
1756012612.5489447,2,-3,-56
1756012612.5879445,-4,-5,-67
1756012612.6239443,3,-2,-63
1756012612.6609447,-6,-1,-54
1756012612.6999447,-1,1,-44
1756012612.7379446,-1,5,-45
1756012612.7739446,-4,5,-43
1756012612.8109446,-3,1,-48
1756012612.848945,0,-2,-50
1756012612.8879447,0,1,-49
1756012612.9239447,-2,0,-53
1756012612.9619446,3,-3,-49
1756012612.9999447,-5,-2,-44
1756012613.0389447,-3,0,-59
1756012613.0769446,2,-9,-70
1756012613.1129446,-1,-1,-66
1756012613.1509447,1,1,-60
1756012613.1889446,1,0,-48
1756012613.2249446,-3,3,-47
1756012613.2629447,-1,4,-37
1756012613.3089447,3,4,-54
1756012613.3449447,2,-2,-53
1756012613.3829446,8,1,-64
1756012613.4199443,1,3,-46
1756012613.4589446,11,-1,-44
1756012613.4949446,3,0,-40
1756012613.5319445,1,0,-43
1756012613.5689447,-1,-8,-34
1756012613.6079447,0,5,-46
1756012613.6439445,-3,0,-49
1756012613.6819446,3,2,-45
1756012613.7199447,0,2,-67
1756012613.7589445,-6,1,-52
1756012613.7949443,-5,0,-56
1756012613.8319447,-2,-2,-58
1756012613.8709445,4,-3,-55
1756012613.9089446,2,1,-50
1756012613.9449446,6,1,-46
1756012613.9819446,9,-6,-50
1756012614.019945,0,-3,-44
1756012614.0589447,-3,1,-49
1756012614.0949447,1,2,-45
1756012614.131945,2,0,-40
1756012614.1699443,0,-2,-57
1756012614.2089446,-6,-4,-56
1756012614.2449446,-5,0,-59
1756012614.2819445,5,0,-46
1756012614.3199446,-1,2,-48
1756012614.3579447,0,2,-45
1756012614.3939445,4,2,-50
1756012614.4309447,0,-5,-50
1756012614.4699447,-6,0,-49
1756012614.5079446,-2,-2,-55
1756012614.5439446,-1,-4,-56
1756012614.5819447,2,0,-65
1756012614.6199446,1,2,-63
1756012614.6589446,-3,3,-53
1756012614.6949446,-6,-3,-48
1756012614.7329447,-6,2,-48
1756012614.7709446,-2,1,-50
1756012614.8099446,-7,0,-48
1756012614.8459446,-4,2,-45
1756012614.8839445,2,0,-48
1756012614.9209447,6,0,-42
1756012614.9589446,8,-5,-39
1756012614.9949446,0,-4,-44
1756012615.032945,-1,-7,-55
1756012615.0709443,1,-1,-43
1756012615.1099446,-3,0,-52
1756012615.1459446,-2,2,-58
1756012615.1829443,-3,-1,-53
1756012615.2209446,0,0,-51
1756012615.2589445,-1,-4,-53
1756012615.2949443,3,-1,-53
1756012615.3329446,3,-1,-47
1756012615.3709445,7,2,-55
1756012615.4089446,0,5,-57
1756012615.4449446,2,6,-55
1756012615.4829447,-4,4,-56
1756012615.5209446,1,0,-55
1756012615.5589447,-1,-4,-47
1756012615.5949447,2,-4,-55
1756012615.6329446,4,1,-54
1756012615.6709447,-2,0,-58
1756012615.7089446,0,7,-65
1756012615.7449446,0,5,-54
1756012615.782945,-2,2,-49
1756012615.8209443,-3,-3,-47
1756012615.8599446,0,0,-46
1756012615.8959446,0,2,-53
1756012615.9329443,-9,1,-50
1756012615.9709446,-4,5,-53
1756012616.009945,1,4,-50
1756012616.0459447,-1,2,-52
1756012616.0829446,-10,0,-45
1756012616.1209445,-6,-1,-55
1756012616.1599443,2,2,-50
1756012616.1959443,6,-1,-62
1756012616.2329447,3,0,-60
1756012616.2709446,2,-2,-61
1756012616.3089447,5,-3,-61
1756012616.3449447,2,1,-61
1756012616.3829446,4,4,-53
1756012616.4219446,2,1,-40
1756012616.4599447,0,0,-45
1756012616.4959445,0,1,-46
1756012616.532945,-7,1,-54
1756012616.5709443,-6,3,-59
1756012616.6099446,4,1,-59
1756012616.6459446,6,0,-41
1756012616.6829443,3,-4,-49
1756012616.7209446,-4,-1,-53
1756012616.759945,0,-6,-49
1756012616.7959447,-5,-5,-54
1756012616.8339446,-3,-6,-55
1756012616.871945,2,0,-48
1756012616.9099443,0,3,-43
1756012616.9459443,-1,0,-48
1756012616.9829447,0,-3,-63
1756012617.0209446,0,0,-51
1756012617.0599446,-10,-1,-58
1756012617.0959446,-12,-1,-51
1756012617.134945,-3,-2,-54
1756012617.1719446,-5,-5,-50
1756012617.210945,-3,-5,-49
1756012617.246945,-3,-6,-54
1756012617.2849443,4,-2,-49
1756012617.3229446,-4,-1,-52
1756012617.361945,-1,3,-46
1756012617.3999443,-5,1,-61
1756012617.4359446,-5,7,-58
1756012617.4729445,2,0,-50
1756012617.5109446,-1,-3,-45
1756012617.5469446,-1,6,-44
1756012617.5849447,3,3,-49
1756012617.6229446,0,5,-49
1756012617.6609447,0,0,-56
1756012617.6969447,7,0,-61
1756012617.7349446,0,1,-56
1756012617.7719443,6,5,-63
1756012617.8099446,-1,0,-48
1756012617.8459446,1,3,-55
1756012617.8829446,0,9,-45
1756012617.9219446,0,4,-45
1756012617.9579446,0,5,-44
1756012617.9959445,1,0,-58
1756012618.032945,1,-4,-53
1756012618.0719447,0,4,-58
1756012618.1079447,3,3,-59
1756012618.1459446,2,-7,-53
1756012618.1839447,1,-5,-51
1756012618.2219446,0,-3,-57
1756012618.2609446,-2,-7,-53
1756012618.2969446,-1,-6,-51
1756012618.3349447,-3,0,-51
1756012618.3729446,-6,0,-39
1756012618.4119446,-1,-7,-45
1756012618.4479446,-6,-7,-45
1756012618.4859445,-5,-3,-46
1756012618.5239446,0,-3,-42
1756012618.5619447,-2,1,-39
1756012618.6009445,-7,-1,-51
1756012618.6369443,-1,0,-51
1756012618.6749446,-3,-1,-56
1756012618.7129445,2,1,-51
1756012618.7509446,1,2,-48
1756012618.7869446,-3,3,-43
1756012618.8249447,-2,0,-44
1756012618.8629446,-2,4,-47
1756012618.9019446,-4,-1,-52
1756012618.937945,7,-1,-51
1756012618.9749446,1,5,-49
1756012619.0129447,3,3,-51
1756012619.0509446,-7,0,-52
1756012619.0879445,0,-2,-51
1756012619.1249447,0,0,-34
1756012619.1629446,7,5,-44
1756012619.2019446,2,3,-57
1756012619.2379446,-3,0,-56
1756012619.2749443,-5,-6,-45
1756012619.312945,2,3,-50
1756012619.3519447,2,1,-55
1756012619.3879447,2,0,-62
1756012619.4249446,1,-1,-55
1756012619.4629445,-1,-1,-50
1756012619.5019443,6,0,-59
1756012619.5379446,4,-6,-54
1756012619.5749447,-1,-5,-60
1756012619.6129446,-4,-6,-52
1756012619.6519446,1,3,-50
1756012619.687945,1,1,-51
1756012619.7259445,-1,-5,-46
1756012619.7649446,-5,-2,-50
1756012619.802945,-4,-1,-49
1756012619.838945,0,-1,-51
1756012619.8759446,0,-4,-46
1756012619.9139447,3,-3,-52
1756012619.9529445,0,-4,-55
1756012619.9889443,4,-3,-53
1756012620.0259447,2,-5,-45
1756012620.0639446,8,-5,-50
1756012620.1029446,2,-4,-57
1756012620.1389446,7,-5,-53
1756012620.1759446,3,-5,-51
1756012620.2149446,-1,0,-51
1756012620.2529447,2,-3,-48
1756012620.2889447,4,-4,-44
1756012620.325945,2,-3,-44
1756012620.3649447,-1,-3,-51
1756012620.4029446,0,7,-53
1756012620.4389446,-2,7,-45
1756012620.4769447,-2,0,-45
1756012620.5139446,0,-5,-42
1756012620.552945,2,1,-47
1756012620.588945,3,3,-45
1756012620.6269443,2,-5,-49
1756012620.6639447,-3,-4,-44
1756012620.7029445,-4,-2,-48
1756012620.7389443,-3,-2,-51
1756012620.7769446,-1,-3,-57
1756012620.8149445,2,1,-41
1756012620.8529446,-1,3,-53
1756012620.8889446,-1,1,-44
1756012620.9259446,0,-4,-53
1756012620.963945,6,4,-53
1756012621.0019443,-4,2,-67
1756012621.0379446,1,-4,-62
1756012621.075945,7,1,-48
1756012621.1139443,2,-1,-43
1756012621.1529446,4,-6,-52
1756012621.1889446,-8,1,-52
1756012621.2259445,0,4,-55
1756012621.2639446,-3,-4,-57
1756012621.302945,-2,-8,-48
1756012621.338945,-2,-5,-51
1756012621.3769443,-4,-4,-57
1756012621.4159446,-6,-2,-51
1756012621.4539447,-2,1,-43
1756012621.4899447,-1,-9,-54
1756012621.5289447,0,-3,-60
1756012621.565945,0,5,-54
1756012621.6039443,4,-1,-53
1756012621.6399446,1,0,-51
1756012621.6769447,-1,-2,-48
1756012621.7159443,7,2,-46
1756012621.7539446,0,0,-51
1756012621.7899446,3,-10,-51
1756012621.8269446,-3,-10,-44
1756012621.8659446,-4,-4,-54
1756012621.9039447,-3,-5,-58
1756012621.9399445,-6,0,-53
1756012621.9769447,-4,-1,-50
1756012622.0149446,-4,-1,-49
1756012622.0539446,4,3,-40
1756012622.0899446,2,1,-37
1756012622.1269443,3,3,-56
1756012622.1649446,3,0,-53
1756012622.2029445,3,0,-65
1756012622.2389443,8,-2,-65
1756012622.2769446,8,-1,-60
1756012622.315945,3,-2,-55
1756012622.3539443,-1,0,-48
1756012622.3899446,-3,0,-54
1756012622.4269447,-2,0,-52
1756012622.4659443,10,1,-49
1756012622.5039446,1,-3,-49
1756012622.5399446,1,-2,-53
1756012622.5769446,0,-2,-50
1756012622.6149447,-1,-2,-41
1756012622.6539447,-2,2,-52
1756012622.6899445,-10,-3,-46
1756012622.7279446,-5,-2,-49
1756012622.7659447,0,-2,-48
1756012622.8049445,-2,1,-48
1756012622.8429446,-4,2,-53
1756012622.8789446,2,-5,-51
1756012622.9169445,4,-11,-46
1756012622.9549446,0,-9,-48
1756012622.9939446,0,-4,-55
1756012623.029945,-3,-2,-56
1756012623.0679443,-7,-1,-58
1756012623.1059446,2,-4,-46
1756012623.144945,4,-6,-59
1756012623.1809447,-6,-7,-61
1756012623.2189443,-3,-3,-55
1756012623.256945,-1,1,-58
1756012623.2949443,-2,-4,-58
1756012623.338945,1,5,-47
1756012623.3769443,0,4,-57
1756012623.4149446,1,0,-53
1756012623.450945,7,4,-56
1756012623.4879446,6,-3,-64
1756012623.5259447,7,-3,-52
1756012623.5649445,-8,1,-69
1756012623.6009445,2,-5,-64
1756012623.6379447,-2,-5,-59
1756012623.6759446,-1,-1,-49
1756012623.7149446,3,-1,-51
1756012623.7509446,3,-1,-52
1756012623.7879446,-1,-2,-48
1756012623.825945,-3,0,-55
1756012623.8649447,-4,-4,-49
1756012623.9009447,-5,-3,-60
1756012623.9389446,-12,3,-59
1756012623.9769447,-9,4,-68
1756012624.0159447,-4,6,-56
1756012624.0539446,-7,-6,-57
1756012624.0899446,0,0,-45
1756012624.1269443,-4,3,-59
1756012624.1659446,-3,3,-48
1756012624.2039447,-7,2,-47
1756012624.2399447,-8,1,-46
1756012624.2769446,-4,0,-53
1756012624.315945,1,-5,-57
1756012624.3539443,-1,-2,-49
1756012624.3899446,-4,1,-56
1756012624.427945,0,-3,-54
1756012624.4669447,7,0,-51
1756012624.5049446,-3,6,-47
1756012624.5409446,1,0,-37
1756012624.5779445,-4,0,-42
1756012624.6159446,1,1,-50
1756012624.6519446,-3,1,-55
1756012624.6899445,-5,-4,-60
1756012624.7279446,2,-6,-52
1756012624.7659447,-1,-6,-36
1756012624.8049445,-2,-6,-48
1756012624.8409443,-3,-4,-45
1756012624.8789446,-5,0,-55
1756012624.9169445,-6,0,-53
1756012624.9559443,-2,-1,-54
1756012624.9919446,-4,-7,-52
1756012625.029945,0,-3,-48
1756012625.0679443,7,-1,-38
1756012625.1059446,8,-1,-55
1756012625.144945,-1,-8,-55
1756012625.1809447,-2,-5,-61
1756012625.2189443,-1,1,-51
1756012625.256945,0,-1,-59
1756012625.2959447,2,1,-54
1756012625.3319447,0,0,-55
1756012625.3689446,0,-6,-58
1756012625.4069445,-2,-2,-51
1756012625.4459443,-4,-3,-46
1756012625.4819446,-3,1,-55
1756012625.5189445,3,-2,-57
1756012625.5569446,1,0,-39
1756012625.5949447,-4,-3,-53
1756012625.6309447,-8,-5,-50
1756012625.6689446,4,-10,-52
1756012625.7069447,9,-7,-58
1756012625.7459445,-6,-2,-62
1756012625.7819445,-1,0,-52
1756012625.8189447,0,0,-35
1756012625.8569446,-1,1,-36
1756012625.894945,0,0,-33
1756012625.9309447,2,3,-44
1756012625.9679446,6,1,-57
1756012626.006945,2,-5,-46
1756012626.0449443,1,-6,-47
1756012626.0809443,-2,-4,-60
1756012626.1189446,-7,-4,-61
1756012626.1569445,1,-3,-55
1756012626.1959443,5,-5,-50
1756012626.2319446,-3,-4,-49
1756012626.2709446,-5,0,-44
1756012626.3089447,0,3,-56
1756012626.3469446,2,6,-52
1756012626.3829446,2,7,-47
1756012626.4199443,8,0,-57
1756012626.4579446,5,-8,-58
1756012626.496945,-6,0,-54
1756012626.532945,-4,-3,-65
1756012626.5709443,-2,-7,-58
1756012626.608945,-2,-7,-49
1756012626.6479447,-8,-5,-46
1756012626.6859446,-2,-7,-45
1756012626.7219446,1,-3,-52
1756012626.7589445,-3,-2,-54
1756012626.7969446,2,-1,-53
1756012626.835945,0,3,-47
1756012626.871945,7,0,-51
1756012626.9089446,0,-9,-48
1756012626.9479446,6,0,-55
1756012626.9859445,-3,-4,-50
1756012627.0219443,-2,-4,-52
1756012627.0599446,-1,3,-54
1756012627.0979445,-6,0,-44
1756012627.1369443,0,0,-45
1756012627.1729443,-6,-3,-41
1756012627.210945,-5,-1,-44
1756012627.2489443,-2,-2,-54
1756012627.2879446,0,0,-50
1756012627.325945,1,-1,-58
1756012627.361945,-1,-1,-59
1756012627.3999443,-3,5,-53
1756012627.437945,-1,5,-55
1756012627.4769447,1,0,-56
1756012627.5129447,6,0,-54
1756012627.5499446,-1,-8,-60
1756012627.5879445,3,-7,-66
1756012627.6269443,-3,-5,-56
1756012627.6629446,0,-6,-44
1756012627.6999447,-10,0,-36
1756012627.7379446,1,-3,-51
1756012627.7769446,-3,-6,-59
1756012627.812945,4,-3,-61
1756012627.8499446,-4,-5,-59
1756012627.8879447,-3,-3,-45
1756012627.9269447,-2,-5,-46
1756012627.9629445,-6,0,-43
1756012628.0019443,-3,4,-48
1756012628.0399446,6,5,-43
1756012628.0779445,0,-7,-37
1756012628.1139443,0,0,-39
1756012628.1519446,1,0,-57
1756012628.1899445,-4,1,-56
1756012628.2279446,-3,1,-49
1756012628.2639446,-6,-1,-50
1756012628.3019447,3,5,-38
1756012628.3399446,-4,4,-45
1756012628.3779447,0,2,-50
1756012628.4139447,6,-4,-44
1756012628.4519446,1,0,-56
1756012628.4889443,-10,-1,-59
1756012628.5279446,-7,-3,-59
1756012628.5639446,0,-7,-59
1756012628.6009445,1,0,-47
1756012628.6389446,-7,0,-54
1756012628.677945,2,7,-52
1756012628.713945,-1,0,-53
1756012628.7509446,-1,6,-54
1756012628.7889447,5,3,-46
1756012628.8279445,6,-7,-50
1756012628.8639443,8,-5,-51
1756012628.9009447,-2,-2,-58
1756012628.9399445,-1,-2,-51
1756012628.9779446,-4,-5,-68
1756012629.0139446,0,-4,-54
1756012629.0509446,2,-3,-61
1756012629.088945,4,-3,-53
1756012629.1279447,0,-10,-57
1756012629.1639447,3,-7,-57
1756012629.200945,2,3,-55
1756012629.2389443,-2,-2,-46
1756012629.2779446,-1,-5,-45
1756012629.3139446,-2,-1,-52
1756012629.3529446,9,-1,-50
1756012629.3899446,6,1,-43
1756012629.427945,6,-2,-52
1756012629.463945,2,-3,-59
1756012629.5009446,7,0,-44
1756012629.5389447,6,-1,-49
1756012629.5769446,-3,-2,-40
1756012629.6129446,-2,0,-43
1756012629.6509447,-4,-2,-50
1756012629.6889446,5,2,-46
1756012629.7249446,4,-1,-54
1756012629.7629447,4,-1,-52
1756012629.8009446,-3,-6,-58
1756012629.838945,0,3,-52
1756012629.8749447,-5,0,-50
1756012629.9129446,-2,6,-54
1756012629.950945,0,1,-52
1756012629.9889443,0,-6,-46
1756012630.0249443,0,-3,-52
1756012630.062945,3,-3,-55
1756012630.1009445,0,-4,-37
1756012630.1389446,1,3,-49
1756012630.1749446,-1,1,-57
1756012630.2119446,-9,-5,-44
1756012630.2499447,-8,-2,-50
1756012630.2889447,2,-7,-50
1756012630.3249447,-1,-13,-57
1756012630.3629446,0,-8,-57
1756012630.4009447,1,-3,-50
1756012630.4399445,4,1,-43
1756012630.4779446,9,-6,-65
1756012630.5139446,-2,0,-71
1756012630.5519447,0,-9,-57
1756012630.5909443,-2,-11,-54
1756012630.6289446,-1,2,-60
1756012630.6649446,2,-4,-62
1756012630.7019446,1,0,-52
1756012630.7399447,-2,2,-48
1756012630.7779446,-2,3,-46
1756012630.8139446,-5,2,-56
1756012630.8519447,0,-1,-55
1756012630.8909447,9,-4,-54
1756012630.9289446,0,1,-57
1756012630.9649446,-6,-1,-68
1756012631.0029447,-12,2,-61
1756012631.0409446,-4,4,-44
1756012631.0799446,-4,0,-56
1756012631.1179447,-6,-1,-61
1756012631.1539447,0,0,-69
1756012631.190945,3,6,-53
1756012631.2289443,-4,-2,-54
1756012631.2649446,-3,0,-53
1756012631.3019447,1,-6,-41
1756012631.3399446,-8,-3,-48
1756012631.3789446,-5,-1,-54
1756012631.4149446,-2,2,-60
1756012631.4519446,-1,4,-58
1756012631.4899447,0,-6,-47
1756012631.5289447,0,-3,-54
1756012631.5649445,1,-2,-52
1756012631.6019447,5,-2,-48
1756012631.6399446,7,5,-49
1756012631.6759446,5,-6,-42
1756012631.713945,-2,-2,-49
1756012631.7519443,0,-5,-61
1756012631.7899446,-3,0,-59
1756012631.8289447,-1,-4,-50
1756012631.8649447,0,-6,-64
1756012631.9039447,-5,1,-42
1756012631.940945,-7,-2,-50
1756012631.9799447,2,-8,-52
1756012632.0159447,3,-6,-43
1756012632.0539446,-2,-2,-44
1756012632.0919447,4,-3,-58
1756012632.1309447,11,-1,-65
1756012632.1689446,4,1,-52
1756012632.2049446,4,2,-47
1756012632.2419446,1,3,-43
1756012632.279945,11,1,-50
1756012632.315945,6,-1,-38
1756012632.3539443,0,1,-38
1756012632.3919446,-2,0,-36
1756012632.4299445,3,0,-45
1756012632.4659443,-2,-2,-42
1756012632.5039446,-8,0,-52
1756012632.5419445,-7,1,-58
1756012632.5809443,-1,-1,-53
1756012632.6189446,1,-2,-44
1756012632.654945,3,1,-42
1756012632.6929443,3,-1,-47
1756012632.7309446,2,-3,-40
1756012632.769945,-1,2,-43
1756012632.8059447,0,-1,-53
1756012632.8449447,2,-1,-57
1756012632.881945,-1,-9,-40
1756012632.9209447,2,-4,-50
1756012632.9569447,1,-2,-66
1756012632.9939446,-9,-1,-58
1756012633.0319445,-8,-8,-49
1756012633.0709443,-2,-1,-48
1756012633.1069446,-4,-1,-52
1756012633.144945,2,3,-53
1756012633.1839447,2,4,-49
1756012633.2209446,0,1,-55
1756012633.256945,3,1,-45
1756012633.2939446,-5,2,-51
1756012633.3319447,2,-2,-55
1756012633.3759446,-2,0,-44
1756012633.4139447,-2,0,-57
1756012633.4519446,3,0,-51
1756012633.4909446,-3,0,-49
1756012633.5269446,-7,2,-58
1756012633.5649445,-4,2,-57
1756012633.6029446,1,2,-48
1756012633.6409447,-2,8,-47
1756012633.6769447,0,9,-57
1756012633.7149446,3,7,-50
1756012633.7529447,-1,0,-53
1756012633.7919445,6,3,-59
1756012633.8299446,3,0,-49
1756012633.8659446,2,0,-47
1756012633.9029446,2,-4,-44
1756012633.9419446,1,0,-50
1756012633.9799447,-2,0,-54
1756012634.0159447,0,6,-56
1756012634.052945,0,0,-48
1756012634.0919447,-3,-6,-54
1756012634.1299446,-3,-8,-51
1756012634.1659446,-6,0,-47
1756012634.2029445,0,-6,-48
1756012634.2419446,-1,-2,-45
1756012634.279945,-2,-1,-46
1756012634.315945,-3,-2,-65
1756012634.3549447,-2,-3,-61
1756012634.3919446,1,-11,-46
1756012634.4309447,0,-3,-49
1756012634.4669447,-1,0,-55
1756012634.5049446,-3,-1,-48
1756012634.542945,0,4,-55
1756012634.5809443,-5,1,-48
1756012634.6169446,-2,0,-54
1756012634.654945,-2,0,-56
1756012634.6929443,-1,0,-52
1756012634.7319446,5,1,-55
1756012634.7679446,3,1,-45
1756012634.8049445,2,2,-55
1756012634.8419447,0,3,-64
1756012634.8809447,-2,0,-58
1756012634.9169445,2,-2,-60
1756012634.9539447,-5,0,-53
1756012634.9919446,1,-1,-48
1756012635.0309446,3,2,-56
1756012635.0669446,-1,-2,-53
1756012635.1049447,1,0,-49
1756012635.1419446,1,1,-43
1756012635.1809447,9,-3,-62
1756012635.2169447,0,-2,-63
1756012635.2539446,0,7,-50
1756012635.2919445,-6,3,-59
1756012635.3279445,-10,0,-44
1756012635.3649447,-2,-7,-41
1756012635.4029446,-1,0,-54
1756012635.4419446,-3,1,-55
1756012635.4779446,-1,-5,-73
1756012635.5159447,-3,-6,-56
1756012635.5539446,-2,-4,-46
1756012635.5929446,-9,-2,-46
1756012635.6309447,-3,6,-54
1756012635.6669445,0,5,-47
1756012635.7039447,1,4,-51
1756012635.7419446,-6,-2,-50
1756012635.7779446,0,0,-50
1756012635.815945,2,0,-52
1756012635.8539443,-5,-3,-42
1756012635.8929446,-3,-1,-41
1756012635.9309447,0,0,-43
1756012635.9669447,-2,-5,-51
1756012636.0059447,3,-1,-56
1756012636.042945,0,0,-50
1756012636.0809443,5,-2,-44
1756012636.1169446,0,4,-53
1756012636.1539447,-4,0,-42
1756012636.1929443,-4,0,-41
1756012636.2309446,0,4,-62
1756012636.2669446,-5,2,-55
1756012636.3039446,-3,2,-59
1756012636.3429446,-6,2,-60
1756012636.3789446,0,-1,-54
1756012636.4159446,7,2,-65
1756012636.4539447,6,-6,-62
1756012636.4929447,-5,-7,-41
1756012636.5289447,-1,2,-47
1756012636.565945,7,4,-46
1756012636.6039443,-3,-3,-42
1756012636.6429446,-2,-5,-59
1756012636.6789446,2,3,-51
1756012636.7159443,-1,0,-51
1756012636.7539446,-1,-1,-49
1756012636.792945,8,-1,-57
1756012636.8289447,0,-4,-61
1756012636.8659446,-4,-6,-44
1756012636.9039447,-2,0,-49
1756012636.9429443,4,-2,-66
1756012636.9789443,0,-1,-56
1756012637.0159447,2,1,-52
1756012637.0539446,6,0,-52
1756012637.0919447,-4,3,-59
1756012637.1279447,-5,-4,-59
1756012637.1659446,-1,1,-53
1756012637.2039447,-1,-1,-46
1756012637.2429447,0,-1,-50
1756012637.2789447,-2,-4,-51
1756012637.3179443,0,-2,-61
1756012637.3549447,6,-3,-60
1756012637.3939445,7,2,-52
1756012637.4319446,1,-4,-50
1756012637.4679446,0,-4,-54
1756012637.5059447,0,-7,-53
1756012637.5439446,-3,8,-41
1756012637.5829446,2,6,-56
1756012637.6189446,-4,6,-49
1756012637.6569445,-4,3,-55
1756012637.6949446,5,-8,-53
1756012637.733945,5,-6,-60
1756012637.7719443,1,-3,-47
1756012637.8079443,-1,0,-38
1756012637.8459446,-1,-4,-56
1756012637.8839445,2,2,-58
1756012637.9229443,-2,6,-53
1756012637.9589446,-1,4,-53
1756012637.9959445,1,5,-58
1756012638.0339446,0,-4,-51
1756012638.0699446,-6,0,-49
1756012638.1069446,0,-1,-48
1756012638.144945,1,0,-49
1756012638.1839447,0,5,-38
1756012638.2199447,-5,5,-49
1756012638.256945,-5,2,-53
1756012638.2949443,-3,0,-49
1756012638.3339446,-9,-4,-50
1756012638.3699446,-5,2,-47
1756012638.4069445,2,3,-54
1756012638.4439447,4,0,-57
1756012638.4799447,5,-4,-59
1756012638.5169446,2,-2,-56
1756012638.5549445,-2,1,-59
1756012638.5939443,-3,-1,-41
1756012638.6299446,-3,4,-50
1756012638.667945,-7,-1,-39
1756012638.7069447,-2,-3,-50
1756012638.7449446,0,0,-50
1756012638.782945,1,0,-50
1756012638.8189447,-2,0,-47
1756012638.8569446,10,5,-54
1756012638.894945,1,5,-50
1756012638.9329443,-2,0,-54
1756012638.9689443,0,0,-43
1756012639.006945,-5,-1,-56
1756012639.0449443,2,-7,-58
1756012639.0839446,6,-1,-56
1756012639.1199446,0,-3,-45
1756012639.1569445,-1,-1,-56
1756012639.1949446,-3,0,-57
1756012639.233945,7,5,-61
1756012639.269945,13,6,-58
1756012639.3069446,5,1,-55
1756012639.3449447,0,1,-59
1756012639.3829446,0,-6,-56
1756012639.4189446,2,1,-46
1756012639.4569447,4,6,-43
1756012639.4949446,-4,1,-48
1756012639.532945,3,-1,-55
1756012639.5689447,-1,-4,-52
1756012639.6069446,-6,-5,-49
1756012639.644945,-3,-3,-47
1756012639.6839447,0,-5,-53
1756012639.7199447,1,-3,-53
1756012639.756945,-3,-2,-57
1756012639.7949443,0,2,-53
1756012639.8339446,5,0,-56
1756012639.8699446,7,-8,-54
1756012639.907945,5,-5,-58
1756012639.9459443,3,1,-42
1756012639.983945,-2,3,-50
1756012640.019945,0,1,-59
1756012640.0569446,-1,-5,-58
1756012640.0949447,-1,-1,-51
1756012640.1339445,5,6,-45
1756012640.1699443,3,-2,-43
1756012640.2079446,3,1,-54
1756012640.2449446,-6,2,-38
1756012640.2839446,7,-3,-60
1756012640.3199446,2,-2,-58
1756012640.3579447,-8,-1,-56
1756012640.3959446,0,1,-58
1756012640.4339447,4,4,-53
1756012640.4699447,-1,-2,-50
1756012640.5079446,-4,0,-49
1756012640.5459447,0,-4,-47
1756012640.5849447,-1,-2,-44
1756012640.6209445,0,-2,-52
1756012640.657945,-4,-3,-51
1756012640.6959443,-1,6,-42
1756012640.7349446,-4,3,-44
1756012640.7709446,-2,2,-47
1756012640.8079443,-1,-1,-44
1756012640.8459446,0,-1,-53
1756012640.884945,-2,4,-46
1756012640.9209447,-3,5,-46
1756012640.9579446,2,-2,-62
1756012640.9959445,4,-8,-57
1756012641.0349443,6,2,-46
1756012641.0709443,3,0,-53
1756012641.1079447,-2,1,-53
1756012641.1459446,-11,-8,-56
1756012641.1849446,-2,1,-60
1756012641.2209446,-8,1,-65
1756012641.2579446,-4,-3,-71
1756012641.2959447,-5,1,-61
1756012641.3349447,-2,1,-65
1756012641.3709445,-3,-6,-59
1756012641.4089446,3,0,-53
1756012641.4459443,3,-5,-59
1756012641.4849446,-1,-11,-52
1756012641.5209446,-1,-8,-50
1756012641.5589447,1,0,-47
1756012641.5959446,0,-2,-44
1756012641.634945,1,-1,-55
1756012641.6709447,0,2,-56
1756012641.7079446,4,-2,-53
1756012641.7459445,-2,-2,-55
1756012641.7849443,-5,-6,-55
1756012641.8209443,-3,7,-59
1756012641.8579447,1,7,-49
1756012641.8959446,1,6,-57
1756012641.9319446,-2,-5,-58
1756012641.9699447,-4,-1,-42
1756012642.0079446,-3,0,-46
1756012642.0469446,0,3,-45
1756012642.0849447,4,4,-54
1756012642.1209445,-1,5,-48
1756012642.157945,-7,3,-51
1756012642.1969447,-3,1,-60
1756012642.2349446,4,-1,-45
1756012642.2709446,4,-6,-42
1756012642.3079443,2,0,-49
1756012642.3459446,-7,1,-53
1756012642.381945,-7,0,-63
1756012642.4199443,-6,3,-62
1756012642.4569447,-3,0,-53
1756012642.4959445,-1,0,-45
1756012642.5319445,-2,1,-43
1756012642.5689447,6,3,-39
1756012642.6069446,0,4,-49
1756012642.644945,-7,-5,-56
1756012642.6809447,-2,-5,-47
1756012642.7189443,4,-1,-49
1756012642.756945,-4,2,-54
1756012642.7959447,-4,4,-49
1756012642.8319447,-1,0,-47
1756012642.8689446,-2,-7,-49
1756012642.9069445,0,-7,-44
1756012642.9459443,1,-8,-44
1756012642.9819446,6,3,-36
1756012643.0189445,1,0,-43
1756012643.0569446,11,-3,-53
1756012643.0959446,5,1,-48
1756012643.131945,-1,-3,-49
1756012643.1699443,0,3,-62
1756012643.2069447,-5,0,-59
1756012643.2459445,2,-5,-51
1756012643.2819445,-3,-3,-60
1756012643.3199446,4,-6,-63
1756012643.358945,2,2,-42
1756012643.4019446,2,0,-47
1756012643.4399445,2,1,-48
1756012643.4779446,0,4,-55
1756012643.5159447,1,6,-49
1756012643.5519447,4,3,-60
1756012643.588945,2,-5,-55
1756012643.6279447,0,-2,-52
1756012643.6659446,5,0,-60
1756012643.7019446,-1,-2,-49
1756012643.7399447,1,0,-56
1756012643.7779446,12,2,-51
1756012643.815945,-2,-3,-45
1756012643.8519447,1,-1,-52
1756012643.8889446,0,-6,-45
1756012643.927945,-2,0,-47
1756012643.9659443,-2,1,-45
1756012644.0019443,-4,1,-40
1756012644.0389447,-5,2,-54
1756012644.0779445,0,1,-61
1756012644.1159446,2,0,-50
1756012644.1519446,3,-4,-58
1756012644.1889446,-3,-9,-54
1756012644.2279446,1,2,-46
1756012644.2659447,-2,-5,-41
1756012644.3019447,0,-1,-42
1756012644.338945,4,1,-63
1756012644.3769443,-1,5,-64
1756012644.4129446,0,-3,-55
1756012644.4499447,-4,-1,-59
1756012644.4889443,-1,8,-64
1756012644.5269446,-1,1,-55
1756012644.562945,-2,1,-48
1756012644.5999446,-8,-3,-56
1756012644.6389446,-6,-2,-61
1756012644.6769447,0,2,-58
1756012644.7129445,3,0,-66
1756012644.7499447,5,1,-64
1756012644.7879446,0,-3,-45
1756012644.8239446,2,-2,-45
1756012644.861945,0,0,-58
1756012644.8989446,0,0,-44
1756012644.9369447,-5,5,-53
1756012644.9729445,-4,0,-61
1756012645.0109446,-2,-1,-50
1756012645.0499446,0,4,-56
1756012645.0879445,3,0,-46
1756012645.1239443,-3,1,-46
1756012645.1619446,-2,0,-50
1756012645.1999447,1,0,-47
1756012645.2379446,0,1,-47
1756012645.2739446,1,1,-52
1756012645.3109446,1,1,-43
1756012645.348945,2,1,-48
1756012645.3879447,-4,-2,-51
1756012645.4239447,-3,-2,-52
1756012645.4619446,0,4,-59
1756012645.4989443,-1,2,-53
1756012645.5379446,3,2,-54
1756012645.5739446,1,0,-51
1756012645.611945,4,1,-57
1756012645.6499443,-2,6,-47
1756012645.687945,3,2,-46
1756012645.723945,9,-2,-47
1756012645.7619443,2,-8,-53
1756012645.7999446,6,-7,-60
1756012645.838945,1,0,-56
1756012645.8769443,-1,-1,-40
1756012645.9129446,-3,-1,-43
1756012645.950945,0,3,-45
1756012645.9889443,0,4,-48
1756012646.0269446,0,0,-51
1756012646.062945,-5,-3,-46
1756012646.1009445,-6,-3,-55
1756012646.1389446,-6,-2,-59
1756012646.1769447,-2,-7,-60
1756012646.2129445,6,-1,-57
1756012646.2509446,6,-2,-46
1756012646.2889447,7,5,-48
1756012646.3269446,0,-1,-49
1756012646.3629446,3,1,-63
1756012646.3999443,7,0,-51
1756012646.4389446,0,0,-49
1756012646.4749446,6,-7,-55
1756012646.5119443,-3,-5,-60
1756012646.5499446,-4,-1,-55
1756012646.588945,-2,2,-62
1756012646.6249447,-6,4,-61
1756012646.6619446,-6,5,-54
1756012646.6999447,0,0,-55
1756012646.7389443,5,-4,-52
1756012646.7749443,-5,1,-51
1756012646.8119447,-6,-1,-54
1756012646.8499446,1,-2,-51
1756012646.8889446,1,1,-59
1756012646.9249446,3,3,-58
1756012646.9619446,2,-1,-62
1756012646.9999447,2,-6,-62
1756012647.0389447,0,-3,-52
1756012647.0749447,-4,0,-56
1756012647.111945,3,-5,-42
1756012647.1509447,2,0,-45
1756012647.1889446,-2,0,-37
1756012647.2249446,-2,4,-43
1756012647.2629447,2,7,-44
1756012647.2999446,0,7,-35
1756012647.338945,4,9,-38
1756012647.3749447,0,-3,-46
1756012647.4139447,1,-3,-51
1756012647.450945,-1,2,-44
1756012647.4899447,0,2,-48
1756012647.5279446,-2,0,-51
1756012647.5639446,-2,0,-51
1756012647.6009445,-6,-3,-37
1756012647.6399446,0,-2,-41
1756012647.677945,-3,0,-50
1756012647.713945,-2,-1,-48
1756012647.7519443,-10,2,-59
1756012647.7899446,4,2,-61
1756012647.8289447,7,0,-56
1756012647.8649447,0,1,-51
1756012647.9019446,-4,4,-47
1756012647.9399445,-1,7,-51
1756012647.9789443,-2,7,-47
1756012648.0149446,1,1,-50
1756012648.0519447,-4,-2,-50
1756012648.0899446,1,0,-43
1756012648.1259446,1,0,-51
1756012648.1629446,3,-2,-59
1756012648.200945,3,-1,-62
1756012648.2399447,-1,0,-59
1756012648.2759447,-3,0,-56
1756012648.312945,0,-1,-50
1756012648.3509445,-3,-1,-56
1756012648.3899446,-4,-2,-43
1756012648.4259446,-2,2,-49
1756012648.4629445,-4,4,-45
1756012648.5009446,-5,0,-51
1756012648.5399446,-1,-6,-46
1756012648.575945,-1,-3,-43
1756012648.6139443,0,-2,-43
1756012648.6519446,7,1,-46
1756012648.6899445,1,1,-38
1756012648.7259445,3,-4,-43
1756012648.7639446,1,-5,-48
1756012648.8019447,-3,2,-51
1756012648.8409443,-1,2,-47
1756012648.8789446,-4,6,-45
1756012648.9149446,1,2,-54
1756012648.9519446,-4,-6,-61
1756012648.9909446,-5,1,-58
1756012649.0289447,-4,-1,-45
1756012649.0649445,-2,-3,-54
1756012649.1029446,0,-4,-58
1756012649.1409447,0,-4,-52
1756012649.1809447,1,-1,-59
1756012649.2189443,5,4,-49
1756012649.2549446,1,6,-51
1756012649.2919445,0,1,-46
1756012649.3299446,2,4,-53
1756012649.3659446,-6,0,-56
1756012649.4039447,-5,-1,-53
1756012649.4419446,4,0,-48
1756012649.4809446,6,-2,-63
1756012649.5189445,-5,2,-50
1756012649.5549445,0,5,-50
1756012649.5919447,-6,-2,-53
1756012649.6309447,2,-6,-54
1756012649.6669445,2,-3,-58
1756012649.7039447,4,-1,-54
1756012649.7419446,-2,4,-57
1756012649.7809446,-10,3,-60
1756012649.8169446,-3,0,-49
1756012649.8539443,-3,4,-58
1756012649.8919446,-6,-6,-51
1756012649.9309447,-2,4,-52
1756012649.9669447,-7,0,-62
1756012650.0039446,-5,2,-58
1756012650.0419445,5,0,-63
1756012650.0799446,-5,0,-55
1756012650.1159446,-7,0,-59
1756012650.1539447,-5,5,-51
1756012650.1919446,-10,10,-52
1756012650.2309446,4,6,-59
1756012650.2669446,4,2,-61
1756012650.3039446,-1,-1,-48
1756012650.3419447,-2,-1,-64
1756012650.3809447,4,0,-59
1756012650.4169445,-1,0,-66
1756012650.4539447,5,-1,-54
1756012650.4919446,6,-5,-62
1756012650.5309446,0,2,-54
1756012650.5669446,0,6,-50
1756012650.6039443,0,0,-46
1756012650.6419446,-2,2,-53
1756012650.6799445,2,5,-47
1756012650.7159443,0,0,-57
1756012650.7529447,6,-1,-44
1756012650.7919445,7,-6,-52
1756012650.8299446,0,-1,-45
1756012650.8659446,5,3,-44
1756012650.9029446,4,0,-39
1756012650.940945,1,-3,-49
1756012650.9769447,-2,6,-49
1756012651.0139446,3,0,-57
1756012651.0519447,2,-1,-47
1756012651.0909443,-9,2,-40
1756012651.1269443,-11,3,-39
1756012651.1649446,-3,1,-56
1756012651.2029445,0,5,-58
1756012651.2409446,-1,1,-64
1756012651.2769446,-2,3,-55
1756012651.3139446,-6,0,-53
1756012651.3519447,1,-6,-52
1756012651.3909447,0,-6,-47
1756012651.4269447,2,-3,-47
1756012651.463945,2,-1,-45
1756012651.5019443,0,-4,-53
1756012651.5409446,0,-2,-57
1756012651.5769446,-7,-9,-47
1756012651.6149447,-6,-2,-46
1756012651.6529446,3,-1,-47
1756012651.6919446,-4,-3,-50
1756012651.7279446,-8,-1,-48
1756012651.7659447,-3,0,-53
1756012651.8039446,0,3,-53
1756012651.8419447,-6,-6,-59
1756012651.8779447,-2,0,-56
1756012651.9149446,0,-2,-56
1756012651.9529445,-2,-2,-50
1756012651.9919446,-2,-3,-51
1756012652.0279446,-8,-4,-43
1756012652.065945,-3,-7,-37
1756012652.1039443,4,-4,-48
1756012652.1429446,0,-2,-55
1756012652.1809447,-3,-5,-50
1756012652.2169447,-1,-4,-42
1756012652.2549446,-3,0,-40
1756012652.292945,-12,3,-60
1756012652.3319447,-3,2,-53
1756012652.3679447,1,0,-57
1756012652.404945,1,0,-45
1756012652.4429443,3,0,-46
1756012652.4819446,1,-9,-48
1756012652.5179446,0,-4,-43
1756012652.5549445,3,1,-51
1756012652.5929446,0,-2,-58
1756012652.631945,-1,4,-53
1756012652.667945,4,2,-50
1756012652.7049446,2,0,-51
1756012652.7429447,0,0,-63
1756012652.7809446,6,0,-48
1756012652.8169446,8,0,-52
1756012652.8539443,-1,-1,-50
1756012652.8929446,7,4,-52
1756012652.9309447,-2,0,-48
1756012652.9679446,0,-2,-47
1756012653.0059447,0,0,-52
1756012653.042945,1,1,-46
1756012653.0789447,2,-2,-48
1756012653.1159446,2,-1,-45
1756012653.1539447,0,2,-53
1756012653.1919446,4,2,-63
1756012653.2279446,-1,-1,-64
1756012653.2659447,2,-8,-50
1756012653.3039446,2,-3,-45
1756012653.3429446,-5,4,-57
1756012653.3789446,-1,1,-45
1756012653.4249446,-8,-2,-48
1756012653.4629445,-2,-5,-49
1756012653.4989443,-5,-4,-45
1756012653.5369446,-4,-8,-42
1756012653.5749447,-2,-3,-53
1756012653.6129446,-1,-5,-43
1756012653.6519446,1,-3,-53
1756012653.687945,0,0,-47
1756012653.7249446,3,4,-59
1756012653.7629447,0,1,-68
1756012653.7989447,-5,0,-63
1756012653.835945,-5,-3,-54
1756012653.8739443,0,4,-59
1756012653.9129446,-4,0,-65
1756012653.9489446,-3,2,-59
1756012653.986945,-2,0,-60
1756012654.0249443,-2,0,-57
1756012654.0639446,4,3,-46
1756012654.1019447,-5,-4,-53
1756012654.1379447,-3,-3,-53
1756012654.1759446,-5,0,-59
1756012654.213945,-10,0,-57
1756012654.2529447,-4,0,-63
1756012654.2889447,1,-2,-65
1756012654.3269446,-6,5,-55
1756012654.3649447,-5,6,-40
1756012654.4039447,5,7,-44
1756012654.4419446,1,9,-53
1756012654.4779446,3,0,-56
1756012654.5159447,3,4,-60
1756012654.5539446,-5,-3,-67
1756012654.5919447,0,-3,-42
1756012654.6279447,-4,-9,-54
1756012654.6659446,0,-1,-39
1756012654.7039447,0,-1,-34
1756012654.7429447,1,-1,-31
1756012654.7789447,2,-7,-38
1756012654.815945,6,-6,-49
1756012654.8539443,8,0,-51
1756012654.8899446,1,-2,-51
1756012654.9269447,0,0,-56
1756012654.963945,-1,-6,-44
1756012655.0029447,1,-3,-49
1756012655.0389447,-3,0,-49
1756012655.0769446,0,-2,-50
1756012655.1159446,-1,5,-51
1756012655.1539447,-2,5,-54
1756012655.1899445,-10,-2,-49
1756012655.2279446,0,-2,-53
1756012655.2659447,0,-4,-56
1756012655.3039446,2,-4,-55
1756012655.3429446,2,-1,-45
1756012655.3789446,5,2,-47
1756012655.4159446,-6,-3,-43
1756012655.4549446,-1,-7,-54
1756012655.4929447,0,-11,-47
1756012655.5289447,0,-6,-55
1756012655.5669446,-12,1,-52
1756012655.6049447,-2,-4,-58
1756012655.6439445,3,-1,-47
1756012655.6799445,-1,0,-44
1756012655.7179446,-3,-5,-55
1756012655.7559447,-1,-3,-55
1756012655.7949443,-3,2,-54
1756012655.8329446,1,3,-59
1756012655.8689446,2,0,-55
1756012655.9059446,0,-6,-59
1756012655.9449446,0,-5,-61
1756012655.9829447,3,3,-64
1756012656.0189445,-4,-2,-52
1756012656.0569446,-2,-9,-55
1756012656.0949447,-1,2,-51
1756012656.1339445,-1,0,-51
1756012656.1699443,-3,3,-51
1756012656.2069447,-3,0,-56
1756012656.2449446,-1,1,-55
1756012656.2839446,4,9,-54
1756012656.3199446,0,0,-62
1756012656.3569446,1,-3,-60
1756012656.394945,-3,-5,-54
1756012656.4339447,0,-3,-51
1756012656.4699447,-1,2,-55
1756012656.506945,5,1,-62
1756012656.5449443,-4,-1,-69
1756012656.5839446,1,-6,-62
1756012656.6199446,0,5,-54
1756012656.657945,0,0,-57
1756012656.6949446,6,-3,-62
1756012656.733945,6,-4,-55
1756012656.769945,0,0,-54
1756012656.8069446,-8,-6,-43
1756012656.8449447,2,-1,-36
1756012656.8839445,3,-3,-49
1756012656.9199443,3,-1,-59
1756012656.9569447,4,0,-52
1756012656.9949446,-4,1,-54
1756012657.0339446,0,2,-59
1756012657.0699446,-1,0,-44
1756012657.1069446,-7,0,-52
1756012657.1459446,0,2,-51
1756012657.1839447,-4,-1,-49
1756012657.2199447,-2,1,-45
1756012657.256945,-3,1,-53
1756012657.2959447,2,2,-47
1756012657.3339446,-3,0,-57
1756012657.3699446,-1,-4,-66
1756012657.407945,-3,-3,-74
1756012657.4459443,-6,-1,-47
1756012657.4849446,-4,0,-42
1756012657.5209446,-8,0,-41
1756012657.5579443,0,1,-42
1756012657.5959446,-1,4,-52
1756012657.6339445,2,-4,-55
1756012657.6699443,-3,3,-59
1756012657.7079446,-5,0,-57
1756012657.7459445,1,-2,-45
1756012657.7849443,1,3,-42
1756012657.8209443,-1,-3,-43
1756012657.858945,6,-1,-42
1756012657.8969443,-1,-1,-59
1756012657.9359446,-3,-1,-51
1756012657.973945,-1,-2,-47
1756012658.009945,1,-2,-63
1756012658.0489447,2,-7,-48
1756012658.085945,1,-12,-56
1756012658.1249447,3,-4,-55
1756012658.1609447,3,0,-55
1756012658.1979446,0,0,-51
1756012658.2359445,0,-4,-49
1756012658.2749443,8,3,-54
1756012658.3109446,1,3,-51
1756012658.3479445,0,5,-49
1756012658.3859446,-2,0,-49
1756012658.4219446,-2,-7,-47
1756012658.4599447,2,-2,-41
1756012658.4989443,0,2,-47
1756012658.5359447,2,-1,-35
1756012658.5749447,-5,-8,-36
1756012658.6109445,-4,-3,-46
1756012658.6489446,-1,-1,-51
1756012658.6869447,-4,0,-46
1756012658.7259445,-2,4,-53
1756012658.7619443,0,1,-47
1756012658.7989447,-2,1,-45
1756012658.8369446,-1,5,-55
1756012658.8749447,-1,8,-62
1756012658.9109447,-1,1,-58
1756012658.9479446,1,0,-52
1756012658.986945,-2,-2,-58
1756012659.0249443,-3,-6,-54
1756012659.0609446,-3,-3,-58
1756012659.098945,-1,2,-61
1756012659.1369443,-1,-7,-54
1756012659.1759446,2,-11,-43
1756012659.2119446,-7,-7,-52
1756012659.2499447,-8,-7,-48
1756012659.2879446,-3,-5,-52
1756012659.3269446,0,-2,-46
1756012659.3649447,-2,3,-48
1756012659.4009447,-7,-3,-42
1756012659.4389446,-10,-4,-38
1756012659.4769447,-2,-7,-50
1756012659.5159447,-2,0,-48
1756012659.5519447,3,0,-38
1756012659.588945,-2,4,-47
1756012659.6279447,2,3,-44
1756012659.6659446,3,2,-53
1756012659.7019446,-2,4,-58
1756012659.7389443,0,-4,-48
1756012659.7779446,3,-5,-56
1756012659.815945,7,-5,-44
1756012659.8519447,1,-6,-46
1756012659.8889446,-1,-4,-65
1756012659.927945,0,-2,-48
1756012659.9659443,-6,-2,-56
1756012660.0019443,0,-2,-54
1756012660.0389447,0,-2,-44
1756012660.0769446,-6,1,-44
1756012660.1159446,0,0,-51
1756012660.1519446,0,-3,-40
1756012660.1889446,1,-2,-40
1756012660.2269447,2,3,-43
1756012660.2659447,-1,2,-53
1756012660.3019447,2,0,-53
1756012660.338945,2,-1,-57
1756012660.3779447,-4,-4,-58
1756012660.4159446,0,0,-52
1756012660.4519446,7,0,-56
1756012660.4889443,0,0,-54
1756012660.5279446,8,-2,-52
1756012660.565945,1,6,-50
1756012660.6019447,0,-1,-55
1756012660.6389446,-1,0,-59
1756012660.677945,1,1,-55
1756012660.7159443,-4,-5,-64
1756012660.7519443,0,-7,-52
1756012660.7889447,6,-5,-58
1756012660.8279445,7,-9,-61
1756012660.8659446,-2,-3,-46
1756012660.9019446,-3,-3,-52
1756012660.940945,-2,1,-47
1756012660.9779446,0,0,-61
1756012661.0159447,-2,-2,-47
1756012661.0519447,4,1,-49
1756012661.088945,-3,-4,-64
1756012661.1279447,-2,0,-54
1756012661.1659446,0,-5,-53
1756012661.2019446,-8,-5,-57
1756012661.2409446,0,-9,-45
1756012661.2779446,-1,0,-48
1756012661.3169446,-5,0,-51
1756012661.3529446,-1,-1,-38
1756012661.3909447,-4,4,-51
1756012661.4289446,1,-1,-39
1756012661.4679446,1,1,-41
1756012661.5039446,0,-3,-36
1756012661.5409446,-2,0,-45
1756012661.5789447,1,0,-47
1756012661.6179447,2,-2,-47
1756012661.6539447,2,-5,-47
1756012661.690945,4,-2,-53
1756012661.7289443,5,-2,-51
1756012661.7679446,-1,0,-41
1756012661.8039446,-4,2,-36
1756012661.8409443,-5,-7,-47
1756012661.8789446,-4,-3,-38
1756012661.917945,-3,-5,-43
1756012661.9539447,-4,-2,-55
1756012661.9919446,2,-8,-51
1756012662.029945,2,0,-67
1756012662.0679443,0,4,-49
1756012662.1039443,0,0,-43
1756012662.1409447,0,-3,-40
1756012662.1789446,11,-4,-50
1756012662.2179446,-3,-2,-61
1756012662.2539446,-4,-2,-46
1756012662.2919445,-5,-6,-56
1756012662.3299446,0,-1,-51
1756012662.3689446,3,-9,-40
1756012662.4069445,1,-10,-53
1756012662.4429443,-1,-7,-52
1756012662.4809446,0,-6,-54
1756012662.5189445,-2,-8,-58
1756012662.5579443,-1,-5,-47
1756012662.5939443,4,-5,-46
1756012662.6309447,-2,1,-47
1756012662.6689446,-4,4,-44
1756012662.7079446,-2,0,-51
1756012662.7439446,0,5,-64
1756012662.7809446,-1,2,-58
1756012662.8189447,-4,5,-60
1756012662.8579447,0,6,-54
1756012662.8939445,2,7,-46
1756012662.9309447,-4,-1,-56
1756012662.9689443,-6,1,-41
1756012663.0079446,-5,5,-50
1756012663.0439446,0,3,-51
1756012663.0809443,0,12,-55
1756012663.1189446,1,1,-47
1756012663.154945,-2,2,-48
1756012663.1919446,-2,2,-57
1756012663.2299447,-8,1,-53
1756012663.2689445,0,4,-57
1756012663.3049445,5,4,-58
1756012663.3419447,6,8,-43
1756012663.3799446,-2,7,-43
1756012663.417945,5,-3,-36
1756012663.4619446,1,-1,-39
1756012663.4999447,3,2,-53
1756012663.5389447,1,-2,-60
1756012663.5749447,1,-4,-50
1756012663.6129446,-5,-7,-52
1756012663.6509447,0,0,-45
1756012663.6889446,0,-1,-54
1756012663.7259445,0,0,-62
1756012663.7629447,-3,0,-55
1756012663.8009446,2,-3,-58
1756012663.8399446,3,-6,-49
1756012663.8779447,3,0,-57
1756012663.9139447,1,5,-59
1756012663.950945,5,2,-56
1756012663.9889443,2,-5,-56
1756012664.0249443,2,1,-42
1756012664.0619447,1,3,-44
1756012664.0999446,4,-1,-50
1756012664.1389446,-5,1,-49
1756012664.1749446,-4,4,-51
1756012664.2129445,-2,3,-48
1756012664.2509446,4,-4,-51
1756012664.2899446,4,-7,-44
1756012664.3279445,4,0,-47
1756012664.3639443,0,-3,-46
1756012664.4009447,10,-2,-49
1756012664.4399445,-1,-3,-48
1756012664.4779446,3,-1,-46
1756012664.5139446,1,8,-56
1756012664.5509446,-5,0,-62
1756012664.5899446,-2,-2,-47
1756012664.6279447,-3,0,-53
1756012664.6639447,-2,0,-49
1756012664.700945,0,-2,-40
1756012664.7399447,4,-3,-55
1756012664.7759447,1,0,-50
1756012664.812945,-3,1,-47
1756012664.8509445,-8,6,-38
1756012664.8899446,0,3,-51
1756012664.9259446,-7,0,-49
1756012664.963945,-6,0,-59
1756012665.0009446,2,1,-48
1756012665.0389447,0,-1,-48
1756012665.0749447,-2,1,-40
1756012665.1139443,3,4,-46
1756012665.1509447,1,1,-52
1756012665.1889446,-1,-2,-59
1756012665.2249446,3,-3,-57
1756012665.2629447,4,2,-57
1756012665.3009446,-3,2,-63
1756012665.3399446,-1,3,-59
1756012665.3759446,2,1,-56
1756012665.4129446,6,0,-48
1756012665.450945,-5,2,-48
1756012665.4899447,-4,-9,-60
1756012665.5259447,0,-4,-58
1756012665.5639446,3,0,-47
1756012665.6009445,0,0,-43
1756012665.6389446,-3,1,-53
1756012665.6749446,0,1,-49
1756012665.7119446,-1,2,-63
1756012665.7509446,0,-2,-42
1756012665.7889447,-2,-8,-44
1756012665.8249447,0,-5,-50
1756012665.8639443,1,6,-50
1756012665.9009447,3,5,-50
1756012665.9389446,0,2,-49
1756012665.9749446,5,-2,-55
1756012666.0119443,0,-2,-52
1756012666.0509446,0,-7,-50
1756012666.088945,-7,-1,-52
1756012666.1249447,-1,-3,-49
1756012666.1639447,1,-11,-51
1756012666.200945,3,-3,-43
1756012666.2399447,-8,-2,-42
1756012666.2759447,-3,-3,-47
1756012666.3139446,-4,0,-43
1756012666.3519447,-5,2,-52
1756012666.3909447,-7,1,-44
1756012666.4269447,-12,-4,-43
1756012666.4649446,-3,8,-54
1756012666.5029447,6,2,-54
1756012666.5409446,6,0,-48
1756012666.5769446,15,6,-45
1756012666.6139443,5,6,-44
1756012666.6509447,8,0,-50
1756012666.6899445,6,5,-53
1756012666.7259445,2,7,-47
1756012666.7629447,-6,-3,-51
1756012666.8009446,3,0,-56
1756012666.8369446,0,0,-53
1756012666.8749447,-2,-2,-48
1756012666.9129446,-5,3,-51
1756012666.950945,2,4,-59
1756012666.986945,0,0,-53
1756012667.0249443,0,4,-52
1756012667.0619447,3,2,-58
1756012667.1009445,1,0,-57
1756012667.1369443,0,-2,-44
1756012667.1749446,-1,-3,-54
1756012667.2129445,2,-3,-45
1756012667.2519443,1,0,-56
1756012667.2899446,1,-1,-59
1756012667.325945,-2,0,-69
1756012667.3629446,-2,7,-50
1756012667.4019446,-7,5,-56
1756012667.4399445,0,2,-48
1756012667.4759445,-4,3,-48
1756012667.5129447,0,-5,-47
1756012667.5519447,1,-4,-48
1756012667.5899446,-1,-6,-41
1756012667.6259446,-1,-2,-48
1756012667.6639447,-3,-4,-53
1756012667.7019446,6,-4,-53
1756012667.7409446,0,0,-58
1756012667.7769446,3,3,-68
1756012667.8139446,0,1,-53
1756012667.8519447,-1,0,-56
1756012667.8899446,1,-2,-53
1756012667.9259446,-6,-3,-42
1756012667.963945,-8,3,-52
1756012668.0019443,-1,6,-42
1756012668.0409446,6,-2,-56
1756012668.0769446,2,-5,-37
1756012668.1139443,1,2,-45
1756012668.1519446,1,2,-39
1756012668.187945,1,-1,-42
1756012668.2249446,2,0,-46
1756012668.2629447,-1,0,-44
1756012668.3019447,4,-7,-50
1756012668.3379445,-4,-1,-64
1756012668.3769443,-2,-5,-51
1756012668.4139447,0,-5,-55
1756012668.4519446,6,-3,-64
1756012668.4909446,0,-8,-58
1756012668.5269446,0,-3,-52
1756012668.5639446,-7,0,-41
1756012668.6019447,-3,-5,-43
1756012668.6409447,-2,0,-44
1756012668.6769447,-2,0,-39
1756012668.713945,-4,0,-52
1756012668.7529447,-6,2,-41
1756012668.7909446,-3,10,-46
1756012668.8269446,-4,-1,-51
1756012668.8649447,-7,-9,-45
1756012668.9029446,-2,-2,-58
1756012668.9419446,-1,-6,-54
1756012668.9779446,0,0,-60
1756012669.0159447,-11,-1,-59
1756012669.0539446,-2,2,-50
1756012669.0929446,-4,-2,-57
1756012669.1309447,6,-4,-48
1756012669.1669445,0,-6,-52
1756012669.2039447,6,0,-43
1756012669.2429447,7,4,-55
1756012669.2809446,2,0,-50
1756012669.3169446,3,1,-68
1756012669.3539443,-5,-3,-49
1756012669.3929446,0,-4,-53
1756012669.4309447,3,-2,-51
1756012669.4669447,-5,-2,-48
1756012669.5049446,0,1,-38
1756012669.542945,-2,-2,-51
1756012669.5809443,1,-5,-47
1756012669.6169446,1,2,-58
1756012669.6539447,9,9,-52
1756012669.6929443,1,1,-46
1756012669.7289443,-1,3,-47
1756012669.7669446,-1,0,-50
1756012669.8049445,0,0,-57
1756012669.8429446,0,4,-58
1756012669.8789446,0,-4,-70
1756012669.917945,0,-1,-69
1756012669.9549446,-6,-5,-56
1756012669.9929447,-7,-4,-53
1756012670.0319445,-2,0,-33
1756012670.0679443,0,-2,-34
1756012670.1059446,0,-1,-51
1756012670.1439445,4,-9,-66
1756012670.1829443,5,-3,-60
1756012670.2189443,3,0,-52
1756012670.2559447,-6,4,-39
1756012670.2939446,-4,-3,-41
1756012670.3329446,-1,-8,-44
1756012670.3689446,0,-9,-51
1756012670.4069445,1,-4,-48
1756012670.4449446,-7,-2,-50
1756012670.483945,1,-1,-53
1756012670.5219443,-2,1,-54
1756012670.5579443,0,0,-44
1756012670.5949447,2,0,-43
1756012670.6339445,0,-1,-50
1756012670.6719446,-5,4,-61
1756012670.7079446,-4,3,-55
1756012670.7449446,-4,1,-43
1756012670.7839446,2,3,-49
1756012670.8219447,-3,1,-48
1756012670.8579447,-3,0,-51
1756012670.894945,-1,-9,-50
1756012670.9339447,0,0,-59
1756012670.9719446,1,1,-61
1756012671.0079446,3,-6,-45
1756012671.0449443,-2,-1,-54
1756012671.0839446,-2,-1,-60
1756012671.121945,4,-1,-45
1756012671.157945,7,-3,-45
1756012671.1949446,0,-5,-47
1756012671.233945,-5,0,-55
1756012671.2719443,-2,-1,-49
1756012671.3079443,-2,2,-40
1756012671.3449447,4,-3,-44
1756012671.3839445,-1,-1,-45
1756012671.4199443,-5,5,-51
1756012671.4569447,-5,0,-55
1756012671.4949446,-2,-6,-53
1756012671.5339446,2,-2,-57
1756012671.5699446,0,-1,-53
1756012671.6069446,-1,-2,-39
1756012671.644945,2,-1,-51
1756012671.6839447,-2,1,-56
1756012671.7199447,4,-5,-51
1756012671.756945,-1,1,-45
1756012671.7949443,1,0,-45
1756012671.8329446,0,0,-53
1756012671.8689446,3,3,-60
1756012671.9069445,1,1,-70
1756012671.9439447,-6,4,-58
1756012671.9829447,-9,8,-57
1756012672.0189445,0,2,-63
1756012672.0569446,2,4,-56
1756012672.0949447,-2,10,-67
1756012672.1329446,-3,0,-53
1756012672.1689446,0,-5,-54
1756012672.2069447,2,0,-59
1756012672.2449446,1,-2,-53
1756012672.282945,-8,-7,-50
1756012672.3189447,5,5,-52
1756012672.3569446,-3,10,-46
1756012672.394945,-7,6,-59
1756012672.4329443,-8,0,-54
1756012672.4689443,1,3,-56
1756012672.506945,-6,-1,-63
1756012672.5449443,-4,1,-55
1756012672.5829446,1,-4,-63
1756012672.6189446,-3,-1,-53
1756012672.6569445,9,-1,-54
1756012672.6949446,5,6,-50
1756012672.7329447,3,2,-51
1756012672.7689445,1,0,-56
1756012672.8069446,-1,2,-61
1756012672.8449447,1,-5,-47
1756012672.8829446,0,-2,-61
1756012672.9189446,-8,0,-54
1756012672.9569447,-1,-3,-55
1756012672.9949446,3,-2,-62
1756012673.0309446,5,-5,-53
1756012673.0689447,6,-7,-61
1756012673.1069446,-2,-9,-47
1756012673.144945,6,-3,-50
1756012673.1839447,-2,-4,-55
1756012673.2199447,1,-4,-44
1756012673.256945,0,0,-55
1756012673.2949443,3,3,-59
1756012673.3309443,4,-7,-50
1756012673.3679447,-1,-1,-51
1756012673.4069445,0,-2,-47
1756012673.4449446,6,0,-54
1756012673.4899447,-5,1,-49
1756012673.5269446,-7,-1,-52
1756012673.5649445,-6,-4,-50
1756012673.6039443,1,-2,-52
1756012673.6399446,0,-2,-45
1756012673.6769447,0,-5,-45
1756012673.7159443,0,2,-45
1756012673.7539446,3,1,-60
1756012673.7899446,1,-4,-64
1756012673.8269446,0,3,-49
1756012673.8649447,-7,0,-49
1756012673.9009447,-1,3,-48
1756012673.937945,3,-5,-44
1756012673.9759445,5,-3,-55
1756012674.0149446,4,0,-54
1756012674.0509446,8,-1,-55
1756012674.0879445,3,3,-49
1756012674.1259446,-9,3,-52
1756012674.1649446,-4,0,-66
1756012674.200945,-6,-3,-63
1756012674.2389443,0,0,-55
1756012674.2759447,4,0,-52
1756012674.3139446,8,0,-43
1756012674.3499446,4,-4,-56
1756012674.3879447,6,3,-49
1756012674.4259446,5,6,-56
1756012674.463945,-4,5,-45
1756012674.4999447,2,-3,-43
1756012674.5379446,-5,-1,-38
1756012674.575945,0,-3,-48
1756012674.6149447,1,-4,-50
1756012674.6509447,-6,2,-46
1756012674.687945,-4,2,-57
1756012674.7259445,-2,5,-48
1756012674.7649446,-2,4,-50
1756012674.8009446,-5,10,-50
1756012674.8379445,-1,3,-49
1756012674.8759446,-4,5,-50
1756012674.9149446,-6,-2,-52
1756012674.950945,0,-5,-55
1756012674.9879446,4,-1,-57
1756012675.0259447,4,-6,-56
1756012675.0649445,1,-9,-48
1756012675.1009445,4,-7,-47
1756012675.1379447,-1,1,-48
1756012675.1759446,-2,-6,-50
1756012675.2149446,2,0,-52
1756012675.2509446,-2,1,-54
1756012675.2879446,1,6,-55
1756012675.325945,5,5,-54
1756012675.361945,0,4,-55
1756012675.3989446,-5,2,-59
1756012675.4369447,-7,0,-50
1756012675.4759445,-1,-1,-63
1756012675.5119443,6,-4,-51
1756012675.5489447,4,5,-56
1756012675.5869446,0,0,-57
1756012675.6259446,-2,1,-54
1756012675.6619446,-2,-5,-54
1756012675.6999447,-5,4,-53
1756012675.7379446,0,-2,-49
1756012675.7769446,2,7,-54
1756012675.8149445,2,0,-53
1756012675.8509445,1,0,-55
1756012675.8879447,2,3,-46
1756012675.9259446,5,7,-60
1756012675.9619446,8,2,-63
1756012675.9989443,1,-2,-49
1756012676.0369446,0,6,-39
1756012676.0749447,-5,5,-47
1756012676.1109445,-4,3,-45
1756012676.1489446,0,1,-50
1756012676.1869447,4,4,-50
1756012676.2249446,-5,3,-51
1756012676.2609446,-4,-1,-50
1756012676.2989447,5,2,-46
1756012676.3369446,-8,-2,-47
1756012676.3729446,-1,0,-40
1756012676.4099443,-2,4,-44
1756012676.4479446,-2,9,-56
1756012676.486945,-3,7,-48
1756012676.5229447,1,1,-46
1756012676.5599446,6,0,-59
1756012676.5979445,6,-5,-57
1756012676.6359446,0,-8,-49
1756012676.6719446,4,-11,-47
1756012676.7099447,1,-3,-38
1756012676.7479446,8,1,-48
1756012676.7869446,4,-7,-41
1756012676.8229446,0,-1,-47
1756012676.8609445,0,-4,-46
1756012676.8989446,1,-7,-55
1756012676.9369447,1,-8,-51
1756012676.9759445,4,-2,-46
1756012677.0119443,0,-2,-56
1756012677.0489447,0,4,-54
1756012677.0869446,1,0,-59
1756012677.1229446,-6,-2,-47
1756012677.1619446,0,-2,-49
1756012677.1989446,0,3,-49
1756012677.2379446,-10,0,-55
1756012677.2759447,-2,2,-48
1756012677.3119447,0,0,-45
1756012677.348945,0,-3,-55
1756012677.3879447,-2,-1,-53
1756012677.4259446,1,0,-54
1756012677.4619446,-4,-2,-44
1756012677.4999447,1,2,-53
1756012677.5379446,0,-1,-49
1756012677.575945,7,1,-40
1756012677.611945,7,0,-49
1756012677.6499443,0,3,-46
1756012677.687945,-2,-1,-53
1756012677.7259445,0,-2,-52
1756012677.7619443,3,0,-41
1756012677.7989447,1,-1,-53
1756012677.8379445,0,2,-53
1756012677.8759446,-2,1,-61
1756012677.9119446,0,3,-45
1756012677.9499447,6,0,-44
1756012677.9879446,0,1,-52
1756012678.0239446,-3,0,-54
1756012678.0619447,0,-2,-60
1756012678.0999446,-1,-7,-55
1756012678.1379447,1,3,-51
1756012678.1739447,0,-4,-50
1756012678.210945,0,-7,-48
1756012678.2489443,4,-5,-43
1756012678.2879446,4,-11,-34
1756012678.3239446,-2,-4,-48
1756012678.361945,-2,-1,-51
1756012678.3999443,-7,3,-55
1756012678.437945,-11,-3,-69
1756012678.4769447,-6,-1,-60
1756012678.5129447,-8,-4,-53
1756012678.5509446,0,5,-38
1756012678.5879445,-1,3,-54
1756012678.6269443,3,-7,-52
1756012678.6629446,2,-4,-58
1756012678.6999447,3,-3,-58
1756012678.7389443,0,-1,-55
1756012678.7769446,0,-6,-47
1756012678.812945,1,0,-46
1756012678.8499446,-4,-4,-52
1756012678.8889446,-6,-3,-68
1756012678.9269447,-9,0,-60
1756012678.9629445,-3,0,-57
1756012678.9999447,1,0,-52
1756012679.0379446,-5,0,-49
1756012679.0739446,0,0,-57
1756012679.1109445,-1,-11,-44
1756012679.1489446,-3,-8,-42
1756012679.187945,-1,-2,-48
1756012679.223945,-4,0,-41
1756012679.2609446,-3,-1,-59
1756012679.2989447,0,-5,-49
1756012679.3379445,2,4,-44
1756012679.3739443,5,1,-52
1756012679.4109447,-1,0,-60
1756012679.4499447,-2,0,-47
1756012679.4879446,2,5,-56
1756012679.5239446,5,8,-64
1756012679.5609446,-1,0,-55
1756012679.5999446,-7,-6,-46
1756012679.6379447,-6,-5,-37
1756012679.6739447,-3,-1,-41
1756012679.7129445,-6,2,-44
1756012679.7499447,3,-1,-53
1756012679.7889447,0,0,-60
1756012679.8249447,0,0,-55
1756012679.8629446,-8,-3,-54
1756012679.9009447,3,2,-49
1756012679.9389446,-3,4,-52
1756012679.9779446,2,5,-39
1756012680.0139446,-6,0,-46
1756012680.0509446,-1,-1,-47
1756012680.088945,2,-4,-51
1756012680.1279447,11,-2,-46
1756012680.1639447,10,-3,-48
1756012680.200945,1,0,-56
1756012680.2389443,-5,-2,-42
1756012680.2779446,5,8,-58
1756012680.3139446,0,0,-63
1756012680.3509445,-10,-4,-63
1756012680.3899446,-8,2,-48
1756012680.427945,-6,0,-49
1756012680.463945,-1,0,-51
1756012680.5009446,3,0,-49
1756012680.5389447,1,-8,-49
1756012680.5749447,-2,-7,-39
1756012680.6139443,4,-2,-42
1756012680.6509447,3,0,-49
1756012680.6899445,-2,-1,-50
1756012680.7279446,1,-3,-52
1756012680.7639446,7,0,-55
1756012680.8009446,-4,5,-50
1756012680.8399446,-1,3,-45
1756012680.8779447,4,-3,-44
1756012680.9139447,3,-2,-64
1756012680.9519446,7,-4,-58
1756012680.9899447,0,-4,-40
1756012681.0289447,0,0,-49
1756012681.0649445,-6,-3,-52
1756012681.1029446,-2,6,-63
1756012681.1419446,-1,10,-56
1756012681.1799445,3,-2,-49
1756012681.2179446,1,-1,-51
1756012681.2539446,6,-6,-50
1756012681.2919445,-3,-7,-48
1756012681.3299446,-1,-4,-42
1756012681.3659446,5,-2,-42
1756012681.4029446,4,7,-61
1756012681.4399445,0,6,-55
1756012681.4759445,0,4,-45
1756012681.5139446,8,1,-51
1756012681.5509446,4,5,-49
1756012681.588945,-5,0,-54
1756012681.6249447,0,2,-56
1756012681.6619446,8,-3,-49
1756012681.6999447,0,-1,-49
1756012681.7389443,0,-5,-52
1756012681.7749443,6,-4,-49
1756012681.8139446,10,0,-46
1756012681.8509445,2,1,-43
1756012681.8889446,-9,3,-54
1756012681.9249446,-6,2,-59
1756012681.9619446,-4,-1,-56
1756012681.9999447,5,2,-61
1756012682.0389447,0,3,-62
1756012682.0749447,-2,2,-64
1756012682.111945,3,-1,-63
1756012682.1509447,2,-4,-69
1756012682.1889446,4,-5,-49
1756012682.2249446,8,0,-52
1756012682.2619443,7,6,-44
1756012682.3009446,-3,-1,-42
1756012682.338945,6,-2,-46
1756012682.3749447,0,-3,-45
1756012682.4139447,-3,-2,-55
1756012682.4519446,2,0,-49
1756012682.4899447,-2,0,-55
1756012682.5259447,2,1,-59
1756012682.5639446,4,-2,-50
1756012682.6009445,2,-3,-54
1756012682.6399446,-1,-3,-51
1756012682.6759446,-7,-2,-56
1756012682.713945,-2,-2,-59
1756012682.7519443,0,-6,-46
1756012682.7909446,0,1,-62
1756012682.8289447,-3,1,-57
1756012682.8649447,-5,1,-47
1756012682.9019446,-2,4,-42
1756012682.940945,-6,-2,-44
1756012682.9789443,-1,4,-36
1756012683.0149446,-4,0,-39
1756012683.0519447,-4,0,-52
1756012683.0909443,-2,-6,-46
1756012683.1269443,1,2,-49
1756012683.1639447,-5,4,-42
1756012683.2019446,1,-3,-40
1756012683.2409446,1,-1,-48
1756012683.2769446,0,-6,-48
1756012683.3139446,-6,-4,-58
1756012683.3519447,0,-9,-55
1756012683.3909447,1,-1,-53
1756012683.4269447,-2,-2,-43
1756012683.4649446,0,0,-45
1756012683.5109446,0,-7,-32
1756012683.5469446,4,-6,-60
1756012683.585945,11,0,-55
1756012683.6229446,-1,-5,-46
1756012683.6609447,0,-5,-42
1756012683.6999447,-9,1,-47
1756012683.7359445,-6,0,-51
1756012683.7729447,-2,3,-56
1756012683.8119447,2,5,-55
1756012683.8499446,3,-3,-51
1756012683.8859446,4,4,-52
1756012683.9229443,4,0,-54
1756012683.960945,3,0,-53
1756012683.996945,4,3,-50
1756012684.0339446,-1,-3,-51
1756012684.0719447,-6,0,-43
1756012684.1109445,-7,0,-47
1756012684.1469443,-7,-2,-46
1756012684.1849446,-6,-2,-52
1756012684.2229445,-2,0,-43
1756012684.2619443,4,0,-39
1756012684.2999446,4,0,-39
1756012684.335945,3,0,-50
1756012684.3729446,9,-4,-42
1756012684.4119446,-4,-4,-51
1756012684.4499447,-5,-8,-50
1756012684.4859445,-5,-2,-59
1756012684.5239446,0,-2,-47
1756012684.5619447,-6,-3,-47
1756012684.6009445,3,-1,-37
1756012684.6369443,6,-4,-51
1756012684.6739447,0,-1,-44
1756012684.7119446,5,-8,-46
1756012684.7509446,0,0,-46
1756012684.7869446,1,-1,-49
1756012684.8239446,0,5,-56
1756012684.861945,0,1,-45
1756012684.8979447,3,-1,-45
1756012684.9349446,-1,0,-54
1756012684.9729445,2,1,-55
1756012685.0109446,-2,-4,-52
1756012685.0469446,-5,0,-57
1756012685.085945,-3,1,-41
1756012685.1229446,0,-1,-44
1756012685.1619446,0,-2,-42
1756012685.1979446,4,-5,-51
1756012685.2349446,-2,-4,-61
1756012685.2729447,4,2,-50
1756012685.3109446,1,-2,-50
1756012685.3469446,-2,4,-58
1756012685.384945,0,-4,-48
1756012685.4229443,-3,-1,-47
1756012685.4619446,2,-6,-46
1756012685.4979446,8,-4,-51
1756012685.5349443,7,-5,-55
1756012685.5729446,4,3,-60
1756012685.611945,-8,-2,-52
1756012685.6479447,2,-2,-50
1756012685.6849446,11,0,-56
1756012685.7229445,10,-3,-63
1756012685.7609446,-2,0,-52
1756012685.7969446,-4,1,-51
1756012685.8349447,0,-1,-52
1756012685.8729446,-7,-7,-56
1756012685.9119446,3,-1,-63
1756012685.9479446,0,4,-56
1756012685.9849446,0,4,-52
1756012686.0229447,-2,0,-45
1756012686.0609446,4,-1,-52
1756012686.0969446,-1,-1,-55
1756012686.134945,-8,7,-57
1756012686.1739447,-3,7,-50
1756012686.2119446,-7,-1,-60
1756012686.2479446,0,0,-61
1756012686.2849443,-4,0,-66
1756012686.3239446,-1,0,-41
1756012686.361945,1,1,-38
1756012686.3979447,0,-4,-53
1756012686.4349446,-2,3,-65
1756012686.4729445,-5,0,-66
1756012686.5119443,-4,-3,-45
1756012686.5479443,-3,1,-51
1756012686.5849447,-7,-7,-46
1756012686.6229446,-5,-7,-49
1756012686.6619446,-1,4,-41
1756012686.6979446,-1,5,-52
1756012686.7359445,4,1,-40
1756012686.7739446,4,-2,-38
1756012686.812945,3,-3,-48
1756012686.848945,3,0,-50
1756012686.8869443,-2,4,-47
1756012686.9239447,0,2,-46
1756012686.9619446,3,1,-52
1756012686.9979446,6,1,-53
1756012687.0349443,-5,3,-55
1756012687.0739446,2,4,-44
1756012687.111945,4,0,-46
1756012687.1479447,2,0,-50
1756012687.1859446,0,-5,-38
1756012687.223945,2,-1,-61
1756012687.2629447,2,-1,-50
1756012687.2989447,-5,-5,-48
1756012687.3369446,1,0,-47
1756012687.3749447,4,-2,-47
1756012687.4139447,4,-2,-61
1756012687.4519446,5,-7,-51
1756012687.4879446,5,-6,-51
1756012687.5249443,3,-4,-47
1756012687.5639446,-5,0,-50
1756012687.6019447,0,-4,-53
1756012687.6379447,2,-1,-53
1756012687.6749446,6,-4,-46
1756012687.713945,-3,-5,-57
1756012687.7519443,-3,-11,-54
1756012687.7879446,-11,-7,-49
1756012687.825945,-5,-1,-48
1756012687.8639443,-2,4,-63
1756012687.9029446,-4,10,-56
1756012687.9389446,-2,1,-44
1756012687.9759445,-5,1,-45
1756012688.0139446,0,0,-55
1756012688.0499446,7,4,-56
1756012688.0869446,3,10,-49
1756012688.1249447,5,0,-55
1756012688.1629446,0,0,-51
1756012688.1989446,-1,1,-58
1756012688.2359445,-1,1,-53
1756012688.2749443,6,0,-58
1756012688.312945,0,-2,-45
1756012688.348945,-3,-2,-38
1756012688.3869443,-7,0,-38
1756012688.4249446,0,1,-54
1756012688.4629445,-2,0,-57
1756012688.4989443,-4,-5,-55
1756012688.5369446,-6,-7,-45
1756012688.5749447,-5,-4,-43
1756012688.6139443,2,-1,-50
1756012688.6499443,1,-2,-51
1756012688.6869447,5,-4,-63
1756012688.7249446,2,-5,-58
1756012688.7639446,6,-1,-51
1756012688.7999446,0,0,-58
1756012688.8379445,-3,1,-51
1756012688.8749447,0,-1,-57
1756012688.9139447,-2,-4,-50
1756012688.9499447,3,-3,-60
1756012688.986945,4,-5,-61
1756012689.0249443,0,0,-46
1756012689.062945,2,-6,-46
1756012689.098945,-4,3,-55
1756012689.1369443,-1,2,-48
1756012689.1749446,2,1,-52
1756012689.2129445,0,8,-63
1756012689.2489443,-1,-1,-57
1756012689.2869446,-3,3,-49
1756012689.3249447,-2,3,-51
1756012689.3639443,6,5,-47
1756012689.3999443,6,-2,-50
1756012689.4369447,-3,-1,-59
1756012689.4749446,0,-4,-49
1756012689.5139446,4,0,-63
1756012689.5499446,0,0,-64
1756012689.5869446,4,-1,-55
1756012689.6259446,4,0,-49
1756012689.6639447,7,0,-40
1756012689.6999447,6,-4,-46
1756012689.736945,4,-1,-48
1756012689.7749443,2,-2,-54
1756012689.8139446,0,-5,-56
1756012689.8499446,-1,-8,-39
1756012689.8879447,0,-4,-55
1756012689.9259446,2,2,-51
1756012689.963945,0,-4,-52
1756012689.9999447,-2,0,-55
1756012690.0369446,1,5,-56
1756012690.0749447,0,-1,-54
1756012690.1109445,1,-3,-45
1756012690.1479447,0,-5,-40
1756012690.1859446,-4,0,-47
1756012690.2249446,0,3,-48
1756012690.2609446,-4,1,-54
1756012690.2979443,0,2,-43
1756012690.3349447,4,-3,-49
1756012690.3739443,0,-3,-50
1756012690.4099443,6,-7,-56
1756012690.4479446,10,-2,-51
1756012690.4859445,0,-2,-55
1756012690.5249443,0,-3,-49
1756012690.5609446,7,-2,-57
1756012690.5979445,0,6,-40
1756012690.6359446,-6,-2,-60
1756012690.6739447,-9,1,-60
1756012690.7099447,-1,-1,-47
1756012690.7479446,-7,2,-54
1756012690.7859447,-5,0,-51
1756012690.8249447,-6,-7,-48
1756012690.8609445,-4,2,-49
1756012690.8979447,6,1,-40
1756012690.9359446,8,0,-52
1756012690.973945,-6,-3,-49
1756012691.009945,-6,-3,-49
1756012691.0479443,7,-2,-55
1756012691.085945,3,-2,-47
1756012691.1249447,3,4,-64
1756012691.1609447,2,10,-49
1756012691.1979446,7,3,-55
1756012691.2359445,8,-3,-46
1756012691.2749443,5,0,-42
1756012691.3109446,9,0,-45
1756012691.3479445,3,0,-49
1756012691.3859446,1,5,-53
1756012691.4219446,2,3,-43
1756012691.4599447,7,0,-53
1756012691.496945,0,-5,-52
1756012691.5359447,-8,-2,-53
1756012691.5729446,-6,-2,-59
1756012691.6099446,0,5,-47
1756012691.6469443,2,-2,-53
1756012691.6859446,2,0,-45
1756012691.7219446,0,-5,-53
1756012691.7589445,0,0,-52
1756012691.7969446,4,0,-55
1756012691.8349447,1,-10,-43
1756012691.8709445,2,-9,-50
1756012691.9089446,3,-3,-48
1756012691.9469447,-5,0,-46
1756012691.9859445,0,1,-45
1756012692.0219443,2,4,-57
1756012692.0589447,0,-1,-61
1756012692.0969446,1,-1,-57
1756012692.1359446,1,-9,-49
1756012692.1719446,3,-8,-54
1756012692.2089446,6,-2,-49
1756012692.246945,4,0,-51
1756012692.2859447,0,0,-60
1756012692.3219447,1,-10,-52
1756012692.358945,0,-2,-53
1756012692.3969443,0,0,-49
1756012692.4359446,2,6,-49
1756012692.4719446,0,0,-55
1756012692.5089445,-2,0,-51
1756012692.5469446,4,0,-53
1756012692.585945,-5,0,-48
1756012692.621945,-4,4,-54
1756012692.6589446,2,1,-56
1756012692.6969447,-4,6,-55
1756012692.7349446,-5,0,-49
1756012692.7709446,1,5,-50
1756012692.8079443,1,2,-44
1756012692.8459446,-1,0,-45
1756012692.8829446,0,-2,-39
1756012692.9199443,-7,-6,-46
1756012692.9579446,-5,3,-49
1756012692.996945,-1,2,-56
1756012693.032945,2,2,-60
1756012693.0699446,7,0,-52
1756012693.1079447,-3,-5,-57
1756012693.1469443,-10,-4,-52
1756012693.1829443,-7,-2,-46
1756012693.2209446,3,-3,-57
1756012693.2589445,-3,0,-44
1756012693.2969446,-5,-2,-60
1756012693.335945,-6,-1,-61
1756012693.371945,3,-1,-57
1756012693.4089446,0,8,-45
1756012693.4469447,2,-6,-61
1756012693.4829447,-1,2,-55
1756012693.5289447,1,-7,-57
1756012693.5669446,1,-4,-66
1756012693.6029446,2,2,-53
1756012693.6399446,-4,0,-58
1756012693.677945,0,0,-40
1756012693.7159443,-1,-5,-42
1756012693.7529447,1,0,-49
1756012693.7899446,5,0,-48
1756012693.8279445,2,0,-50
1756012693.8669446,4,4,-49
1756012693.9029446,9,0,-44
1756012693.9399445,5,-4,-52
1756012693.9779446,2,-3,-36
1756012694.0169446,-2,-2,-51
1756012694.052945,0,-1,-52
1756012694.0909443,2,0,-54
1756012694.1279447,5,-1,-57
1756012694.1669445,-3,-6,-57
1756012694.2029445,-1,-4,-62
1756012694.2409446,4,-3,-34
1756012694.2789447,1,-2,-53
1756012694.3179443,4,3,-52
1756012694.3559446,-2,9,-47
1756012694.3919446,-1,4,-56
1756012694.4289446,-1,4,-49
1756012694.4679446,4,-2,-62
1756012694.5059447,7,-8,-56
1756012694.5419445,0,-8,-62
1756012694.5789447,-2,-7,-52
1756012694.6179447,3,-4,-57
1756012694.6539447,6,-7,-39
1756012694.690945,6,0,-47
1756012694.7289443,-6,1,-49
1756012694.7679446,-4,5,-48
1756012694.8039446,-5,-6,-52
1756012694.8419447,-12,-5,-48
1756012694.8799446,2,-5,-43
1756012694.917945,-10,-8,-48
1756012694.9569447,-3,-4,-55
1756012694.9929447,1,0,-48
1756012695.029945,-8,4,-41
1756012695.0679443,-3,-4,-51
1756012695.1069446,-4,-2,-54
1756012695.1429446,0,1,-55
1756012695.1799445,0,2,-55
1756012695.2179446,0,0,-52
1756012695.2539446,0,-3,-41
1756012695.2909446,6,-2,-45
1756012695.3289447,5,1,-41
1756012695.3669446,2,0,-49
1756012695.4029446,5,-4,-53
1756012695.440945,5,-2,-47
1756012695.4789443,1,-2,-48
1756012695.5179446,-6,-5,-56
1756012695.5539446,1,1,-51
1756012695.5909443,-2,0,-44
1756012695.6289446,-8,3,-47
1756012695.667945,-3,-3,-54
1756012695.7039447,-2,-2,-44
1756012695.7419446,0,0,-44
1756012695.7789447,2,-2,-57
1756012695.8179443,-8,-2,-59
1756012695.8539443,-4,-1,-57
1756012695.8919446,2,0,-59
1756012695.9289446,3,-1,-49
1756012695.9679446,-5,0,-49
1756012696.0039446,0,5,-53
1756012696.0409446,4,8,-48
1756012696.0789447,-1,1,-44
1756012696.1169446,11,-2,-46
1756012696.1529446,5,0,-59
1756012696.1919446,9,5,-54
1756012696.2289443,9,-2,-51
1756012696.2679446,-2,5,-48
1756012696.3039446,3,0,-60
1756012696.3409443,2,-2,-57
1756012696.3789446,3,-9,-44
1756012696.417945,-4,0,-48
1756012696.4539447,0,0,-50
1756012696.4909446,-6,0,-55
1756012696.5289447,-2,-7,-57
1756012696.5679443,0,-2,-48
1756012696.6039443,2,-2,-50
1756012696.6409447,1,-1,-54
1756012696.6789446,4,-1,-41
1756012696.7179446,0,-5,-54
1756012696.7539446,-2,0,-48
1756012696.7909446,-3,-2,-54
1756012696.8289447,-3,-4,-54
1756012696.8679447,4,-7,-56
1756012696.9039447,0,-9,-56
1756012696.9419446,2,-8,-52
1756012696.9799447,-7,-9,-47
1756012697.0189445,-3,0,-41
1756012697.0549445,-1,-6,-39
1756012697.0929446,-4,-5,-38
1756012697.1309447,2,0,-35
1756012697.1689446,-3,-1,-42
1756012697.2049446,3,3,-58
1756012697.2429447,0,-5,-50
1756012697.279945,-3,-4,-36
1756012697.3189447,-1,-3,-47
1756012697.3549447,-7,-5,-47
1756012697.3929446,-2,2,-53
1756012697.4309447,-3,0,-67
1756012697.4699447,3,0,-58
1756012697.5079446,0,1,-54
1756012697.5439446,-5,-1,-52
1756012697.5819447,0,-2,-55
1756012697.6199446,-7,1,-50
1756012697.6589446,-4,3,-49
1756012697.6949446,3,6,-63
1756012697.7319446,6,6,-49
1756012697.769945,4,7,-49
1756012697.8079443,10,-3,-47
1756012697.8439443,8,0,-42
1756012697.8809447,-3,-1,-56
1756012697.9199443,-3,0,-61
1756012697.9579446,1,0,-59
1756012697.9939446,2,0,-51
1756012698.0309446,-4,1,-41
1756012698.0699446,-2,-8,-44
1756012698.1059446,-4,-1,-61
1756012698.1439445,-1,0,-59
1756012698.1819446,-2,1,-52
1756012698.2199447,5,5,-55
1756012698.2559447,2,3,-52
1756012698.2939446,2,0,-55
1756012698.3309443,-2,1,-57
1756012698.3699446,-3,7,-62
1756012698.4059446,2,5,-57
1756012698.4439447,-1,1,-48
1756012698.4809446,1,-3,-46
1756012698.519945,-4,0,-48
1756012698.5559447,2,-1,-46
1756012698.5929446,2,0,-50
1756012698.6309447,4,2,-44
1756012698.6689446,1,-4,-50
1756012698.7049446,1,0,-52
1756012698.7429447,4,-2,-49
1756012698.7809446,-8,0,-52
1756012698.8189447,0,-1,-50
1756012698.8549447,-2,0,-49
1756012698.8929446,9,3,-50
1756012698.9309447,2,-1,-59
1756012698.9699447,-4,2,-39
1756012699.0059447,-6,6,-52
1756012699.042945,2,5,-54
1756012699.0809443,-1,0,-58
1756012699.1199446,-2,1,-49
1756012699.1559446,0,0,-51
1756012699.1929443,1,-1,-49
1756012699.2309446,-3,4,-44
1756012699.269945,5,7,-45
1756012699.3059447,5,4,-43
1756012699.3429446,-1,-5,-48
1756012699.3809447,0,3,-53
1756012699.4199443,-2,4,-48
1756012699.4559443,0,0,-51
1756012699.4939446,6,8,-47
1756012699.5309446,4,2,-49
1756012699.5689447,-5,9,-41
1756012699.6049447,2,0,-54
1756012699.6429446,0,0,-48
1756012699.6809447,-2,-2,-60
1756012699.7169447,0,-1,-71
1756012699.7539446,3,1,-52
1756012699.7909446,3,3,-44
1756012699.8279445,-3,8,-48
1756012699.8659446,-9,1,-48
1756012699.9029446,-9,-1,-43
1756012699.940945,-5,-2,-50
1756012699.9799447,1,-4,-60
1756012700.0159447,0,-7,-63
1756012700.052945,-3,0,-52
1756012700.0909443,-1,-2,-46
1756012700.1299446,-1,0,-47
1756012700.1659446,0,4,-53
1756012700.2029445,2,4,-59
1756012700.2409446,4,-7,-49
1756012700.279945,0,-1,-44
1756012700.315945,-1,-1,-50
1756012700.3539443,-3,4,-46
1756012700.3919446,-4,-5,-53
1756012700.4309447,3,-11,-56
1756012700.4669447,1,-8,-48
1756012700.5039446,-1,-6,-50
1756012700.5419445,3,-2,-46
1756012700.5809443,0,-1,-52
1756012700.6169446,2,0,-54
1756012700.6539447,1,-1,-33
1756012700.6919446,4,-2,-47
1756012700.7309446,2,3,-49
1756012700.7669446,5,-3,-49
1756012700.8039446,12,-6,-47
1756012700.8419447,-2,-5,-55
1756012700.8809447,0,-3,-58
1756012700.9169445,4,0,-50
1756012700.9539447,6,0,-53
1756012700.9919446,4,-1,-53
1756012701.0309446,6,-5,-57
1756012701.0669446,3,-6,-49
1756012701.1039443,2,-4,-47
1756012701.1419446,3,2,-49
1756012701.1799445,1,2,-55
1756012701.2159443,9,-4,-50
1756012701.2529447,6,2,-43
1756012701.2909446,-1,6,-41
1756012701.3269446,4,0,-57
1756012701.3639443,0,-3,-44
1756012701.4029446,6,5,-53
1756012701.440945,1,0,-56
1756012701.4769447,3,-3,-43
1756012701.5149446,-3,-3,-57
1756012701.552945,0,-7,-49
1756012701.5919447,0,2,-56
1756012701.6279447,-1,3,-52
1756012701.6659446,0,3,-41
1756012701.7029445,5,1,-50
1756012701.7409446,0,-5,-56
1756012701.7769446,0,-4,-59
1756012701.8149445,2,-6,-41
1756012701.8529446,-1,-5,-46
1756012701.8919446,-2,0,-49
1756012701.927945,-1,-3,-45
1756012701.9659443,-4,-2,-44
1756012702.0049446,-4,-1,-47
1756012702.0419445,-3,-3,-51
1756012702.0809443,-8,0,-46
1756012702.1169446,1,0,-44
1756012702.154945,1,0,-42
1756012702.1929443,-2,2,-63
1756012702.2309446,5,0,-61
1756012702.2669446,-3,5,-61
1756012702.3049445,1,6,-57
1756012702.3429446,3,-6,-55
1756012702.3809447,4,-3,-57
1756012702.4169445,5,0,-59
1756012702.4549446,-1,1,-55
1756012702.4929447,-7,-1,-56
1756012702.5309446,-6,1,-61
1756012702.5669446,-4,-3,-56
1756012702.6049447,-5,-3,-57
1756012702.6429446,0,-3,-56
1756012702.6819446,-1,-6,-49
1756012702.7179446,-3,0,-43
1756012702.7549446,-11,3,-53
1756012702.792945,-8,-2,-40
1756012702.8319447,-7,-1,-48
1756012702.8679447,-15,-7,-56
1756012702.9059446,-8,-1,-42
1756012702.9449446,-2,0,-49
1756012702.9829447,-1,-2,-55
1756012703.0189445,0,0,-55
1756012703.0559447,-3,5,-51
1756012703.0939443,-10,-3,-55
1756012703.1329446,-1,-6,-58
1756012703.1689446,-2,-3,-52
1756012703.2069447,-6,-2,-59
1756012703.2449446,-2,0,-58
1756012703.2839446,-5,1,-64
1756012703.3219447,0,-2,-56
1756012703.3579447,-3,-5,-44
1756012703.3969443,-2,-7,-57
1756012703.4339447,0,-5,-54
1756012703.4729445,-4,-4,-47
1756012703.5089445,-4,-7,-53
1756012703.5549445,-2,-14,-52
1756012703.5929446,-2,-4,-40
1756012703.6289446,0,2,-49
1756012703.6659446,-2,1,-55
1756012703.7039447,-9,3,-49
1756012703.7429447,2,-2,-54
1756012703.7789447,-1,-1,-53
1756012703.8169446,-11,-4,-42
1756012703.8559446,0,0,-52
1756012703.8939445,-6,0,-49
1756012703.9319446,1,0,-57
1756012703.9679446,0,2,-60
1756012704.0059447,1,2,-59
1756012704.0439446,0,-6,-60
1756012704.0819447,4,0,-49
1756012704.1179447,0,3,-57
1756012704.1559446,-9,3,-63
1756012704.1939447,-5,1,-57
1756012704.2319446,-2,0,-55
1756012704.2679446,0,0,-52
1756012704.3059447,-3,-4,-51
1756012704.3439443,-3,-5,-31
1756012704.381945,-1,-8,-37
1756012704.417945,0,0,-50
1756012704.4549446,-2,-1,-42
1756012704.4939446,-2,-4,-61
1756012704.5319445,3,-5,-69
1756012704.5679443,-1,-1,-59
1756012704.6059446,0,5,-57
1756012704.6439445,4,-1,-53
1756012704.6829443,1,2,-43
1756012704.7189443,11,2,-58
1756012704.7559447,2,4,-56
1756012704.7939446,2,3,-49
1756012704.8299446,-3,1,-46
1756012704.8679447,3,-3,-51
1756012704.9059446,0,1,-48
1756012704.9439447,-1,1,-48
1756012704.9799447,4,-11,-55
1756012705.0179446,4,-7,-51
1756012705.0559447,10,0,-53
1756012705.0939443,1,0,-55
1756012705.1299446,-4,0,-51
1756012705.167945,-2,-3,-46
1756012705.2059443,4,0,-58
1756012705.2439446,-3,-1,-43
1756012705.282945,-7,-11,-53
1756012705.3189447,-5,-2,-65
1756012705.3569446,-2,-8,-67
1756012705.394945,1,-7,-52
1756012705.4339447,-2,-2,-57
1756012705.4699447,0,-4,-44
1756012705.506945,2,1,-52
1756012705.5449443,2,-2,-44
1756012705.5839446,0,-7,-56
1756012705.6199446,-4,-1,-54
1756012705.657945,4,0,-43
1756012705.6959443,0,7,-46
1756012705.7349446,-1,0,-53
1756012705.7729447,1,1,-47
1756012705.8089447,-1,0,-51
1756012705.8479445,-2,0,-52
1756012705.884945,-3,1,-48
1756012705.9239447,5,-3,-56
1756012705.9599447,5,1,-52
1756012705.996945,1,3,-71
1756012706.0349443,-8,-2,-53
1756012706.0739446,4,-2,-55
1756012706.1099446,0,-1,-53
1756012706.1479447,3,-5,-48
1756012706.1859446,4,-2,-55
1756012706.2249446,4,-7,-59
1756012706.2629447,-3,-4,-53
1756012706.2989447,-2,-3,-53
1756012706.3369446,-1,-4,-47
1756012706.3749447,0,6,-53
1756012706.4109447,-4,2,-54
1756012706.4479446,5,1,-49
1756012706.4849446,4,-4,-42
1756012706.5239446,2,-6,-49
1756012706.5599446,9,-7,-50
1756012706.5969446,-3,-4,-55
1756012706.634945,-5,3,-59
1756012706.6739447,6,0,-52
1756012706.7099447,6,-4,-61
1756012706.746945,9,0,-48
1756012706.7849443,-9,0,-43
1756012706.8239446,-6,3,-33
1756012706.8599446,2,-4,-51
1756012706.8969443,-5,1,-50
1756012706.9349446,-6,1,-48
1756012706.973945,4,0,-53
1756012707.009945,0,-2,-45
1756012707.0469446,3,-5,-56
1756012707.085945,6,-7,-53
1756012707.1239443,7,-5,-55
1756012707.1599443,1,0,-57
1756012707.1969447,0,2,-50
1756012707.2349446,1,-3,-51
1756012707.2709446,2,-4,-51
1756012707.3089447,0,-5,-50
1756012707.3469446,-2,0,-51
1756012707.3859446,-5,4,-42
1756012707.4239447,-8,1,-52
1756012707.4599447,-9,-3,-50
1756012707.4989443,0,0,-54
1756012707.5359447,0,-1,-56
1756012707.5749447,-7,6,-57
1756012707.6109445,-7,3,-53
1756012707.6489446,-3,3,-48
1756012707.6859446,-5,0,-47
1756012707.7249446,-1,-4,-47
1756012707.7609446,2,-4,-45
1756012707.7989447,2,1,-42
1756012707.835945,0,-1,-42
1756012707.8749447,-2,3,-48
1756012707.9109447,-8,3,-52
1756012707.9479446,0,6,-54
1756012707.9859445,4,6,-58
1756012708.0219443,1,5,-53
1756012708.0599446,0,-1,-54
1756012708.098945,-2,0,-61
1756012708.1359446,7,2,-58
1756012708.1719446,2,-2,-54
1756012708.2099447,0,2,-49
1756012708.246945,2,7,-48
1756012708.2849443,-4,1,-49
1756012708.3209443,-1,0,-49
1756012708.358945,1,-5,-50
1756012708.3969443,1,-1,-46
1756012708.4359446,-5,-6,-54
1756012708.4719446,-9,-1,-52
1756012708.509945,3,0,-39
1756012708.5469446,7,1,-47
1756012708.5849447,3,7,-50
1756012708.6209445,-6,4,-65
1756012708.657945,-4,-1,-61
1756012708.6959443,-4,3,-54
1756012708.7349446,5,2,-48
1756012708.7709446,5,-1,-47
1756012708.8079443,0,2,-47
1756012708.8459446,0,-1,-44
1756012708.881945,-1,-2,-39
1756012708.9199443,7,3,-38
1756012708.9579446,9,5,-44
1756012708.9959445,1,-4,-48
1756012709.0319445,3,-2,-36
1756012709.0689447,5,-6,-40
1756012709.1069446,-1,-4,-41
1756012709.1459446,-6,-1,-49
1756012709.1819446,-4,0,-56
1756012709.2199447,-6,0,-45
1756012709.2579446,-2,3,-60
1756012709.2969446,4,-2,-55
1756012709.3349447,7,6,-56
1756012709.3709445,4,0,-53
1756012709.407945,5,0,-51
1756012709.4469447,7,-5,-58
1756012709.4849446,-3,-6,-52
1756012709.5209446,-1,0,-51
1756012709.5579443,2,1,-54
1756012709.5959446,1,-1,-49
1756012709.631945,-2,0,-43
1756012709.6699443,-1,-1,-57
1756012709.7079446,1,6,-56
1756012709.7459445,0,2,-57
1756012709.7819445,3,3,-58
1756012709.8199446,0,0,-57
1756012709.8569446,-1,0,-66
1756012709.8959446,-7,-1,-71
1756012709.9329443,-1,-6,-57
1756012709.9699447,-3,-5,-56
1756012710.0079446,0,-8,-46
1756012710.0469446,-4,3,-46
1756012710.0829446,-2,0,-38
1756012710.1199446,4,-5,-42
1756012710.157945,0,-1,-43
1756012710.1969447,1,0,-48
1756012710.2329447,0,5,-55
1756012710.269945,-1,8,-52
1756012710.3079443,-5,4,-61
1756012710.3459446,-4,5,-60
1756012710.3829446,-4,7,-48
1756012710.4199443,-4,0,-40
1756012710.4579446,-7,-3,-47
1756012710.496945,-5,0,-49
1756012710.532945,-2,0,-47
1756012710.5699446,-2,0,-51
1756012710.6079447,0,-5,-48
1756012710.6469443,1,-2,-57
1756012710.6829443,-2,2,-52
1756012710.7199447,0,-5,-52
1756012710.7579446,2,-2,-55
1756012710.7969446,4,0,-50
1756012710.8329446,3,0,-59
1756012710.8699446,0,3,-60
1756012710.907945,0,3,-49
1756012710.9459443,-2,1,-51
1756012710.9819446,-13,8,-50
1756012711.019945,-13,3,-53
1756012711.0579443,0,1,-47
1756012711.0969446,0,0,-54
1756012711.1329446,1,-2,-45
1756012711.1699443,2,3,-56
1756012711.2079446,0,0,-48
1756012711.2459445,1,-1,-54
1756012711.2819445,2,-2,-49
1756012711.3199446,-3,0,-43
1756012711.3579447,-10,3,-47
1756012711.3939445,-4,1,-52
1756012711.4319446,-1,0,-59
1756012711.4699447,8,-6,-55
1756012711.5089445,0,-4,-45
1756012711.5469446,3,0,-51
1756012711.5829446,1,0,-59
1756012711.6199446,-1,-5,-59
1756012711.6589446,3,-7,-63
1756012711.6969447,-3,2,-60
1756012711.7329447,-4,0,-50
1756012711.769945,-3,0,-47
1756012711.8089447,-9,4,-50
1756012711.8469446,0,3,-54
1756012711.8829446,-5,2,-61
1756012711.9199443,-1,-2,-58
1756012711.9589446,-1,-3,-50
1756012711.996945,3,5,-52
1756012712.032945,-3,12,-53
1756012712.0709443,-1,5,-49
1756012712.108945,0,6,-62
1756012712.1469443,0,0,-54
1756012712.1829443,-3,0,-51
1756012712.2209446,-9,1,-55
1756012712.2589445,0,0,-44
1756012712.2979443,0,2,-54
1756012712.3339446,-2,8,-48
1756012712.3709445,1,0,-49
1756012712.4089446,1,-6,-46
1756012712.4469447,0,0,-47
1756012712.483945,-7,-7,-49
1756012712.5209446,-7,-5,-41
1756012712.5589447,-2,0,-46
1756012712.5979445,-5,-2,-56
1756012712.6339445,-6,-3,-53
1756012712.6719446,-5,-4,-50
1756012712.7099447,-4,0,-48
1756012712.7489443,2,3,-58
1756012712.7869446,-8,-2,-44
1756012712.8229446,-4,0,-51
1756012712.8609445,-2,4,-62
1756012712.8989446,0,4,-54
1756012712.937945,0,9,-54
1756012712.973945,0,7,-52
1756012713.0109446,3,0,-55
1756012713.0489447,3,3,-47
1756012713.0849447,1,7,-54
1756012713.121945,-7,2,-49
1756012713.1599443,-6,0,-47
1756012713.1989446,-9,-1,-46
1756012713.2349446,-3,0,-44
1756012713.2729447,-1,-1,-47
1756012713.3109446,-7,-7,-51
1756012713.348945,-7,-5,-43
1756012713.3879447,-5,-4,-62
1756012713.4239447,-8,-2,-48
1756012713.4629445,5,2,-58
1756012713.5009446,0,1,-49
1756012713.5389447,-2,-5,-56
1756012713.5839446,0,10,-59
1756012713.6209445,-3,0,-47
1756012713.6589446,-3,7,-52
1756012713.6979446,-4,0,-51
1756012713.733945,1,5,-49
1756012713.7709446,7,4,-50
1756012713.8089447,0,3,-56
1756012713.8449447,0,0,-65
1756012713.881945,2,0,-51
1756012713.9199443,3,5,-54
1756012713.9579446,2,2,-65
1756012713.9939446,5,0,-54
1756012714.0309446,-5,3,-57
1756012714.0699446,-2,-3,-57
1756012714.1079447,2,1,-54
1756012714.1439445,3,-10,-47
1756012714.1809447,2,-11,-53
1756012714.2199447,-1,1,-48
1756012714.2579446,-7,-3,-47
1756012714.2939446,-4,0,-45
1756012714.3309443,3,-7,-49
1756012714.3699446,0,-10,-44
1756012714.407945,5,-4,-40
1756012714.4439447,4,-1,-48
1756012714.4809446,0,2,-51
1756012714.5189445,-4,5,-42
1756012714.5549445,-5,-1,-51
1756012714.5929446,3,1,-52
1756012714.6299446,-7,0,-51
1756012714.6689446,0,5,-55
1756012714.7049446,1,1,-49
1756012714.7419446,0,0,-54
1756012714.779945,0,3,-37
1756012714.815945,3,3,-45
1756012714.8529446,0,2,-49
1756012714.8899446,6,-1,-50
1756012714.9289446,5,0,-65
1756012714.9649446,2,2,-57
1756012715.0019443,5,5,-53
1756012715.0399446,0,1,-55
1756012715.0769446,2,0,-47
1756012715.1139443,1,1,-66
1756012715.1509447,0,3,-57
1756012715.1899445,-4,3,-56
1756012715.2269447,-2,0,-49
1756012715.2639446,0,3,-57
1756012715.3009446,1,0,-51
1756012715.3399446,7,-3,-57
1756012715.3759446,2,-2,-52
1756012715.4139447,8,-2,-39
1756012715.4519446,2,-3,-50
1756012715.4909446,0,-3,-56
1756012715.5289447,-2,1,-50
1756012715.5649445,5,3,-53
1756012715.6019447,8,-1,-64
1756012715.6409447,-2,-1,-50
1756012715.6789446,-2,-11,-54
1756012715.7149446,0,0,-54
1756012715.7519443,-1,1,-53
1756012715.7909446,-1,1,-59
1756012715.8289447,1,-2,-48
1756012715.8649447,2,-1,-65
1756012715.9019446,6,1,-60
1756012715.9399445,2,4,-60
1756012715.9759445,-5,-2,-58
1756012716.0139446,-4,0,-64
1756012716.0519447,-6,0,-55
1756012716.0909443,3,-3,-42
1756012716.1289446,5,-8,-45
1756012716.1649446,5,0,-53
1756012716.2019446,-2,-3,-59
1756012716.2409446,3,6,-60
1756012716.2789447,6,0,-57
1756012716.3149445,1,1,-54
1756012716.3519447,-4,0,-54
1756012716.3909447,-6,-1,-51
1756012716.4269447,-3,-4,-50
1756012716.4649446,2,-8,-62
1756012716.5029447,1,1,-45
1756012716.5409446,2,7,-51
1756012716.5769446,-2,-2,-45
1756012716.6149447,-4,-2,-51
1756012716.6529446,-6,0,-51
1756012716.690945,1,-3,-54
1756012716.7299447,-6,-5,-46
1756012716.7659447,-11,-9,-51
1756012716.8039446,0,-2,-51
1756012716.8419447,2,-2,-53
1756012716.8809447,0,-2,-56
1756012716.9169445,0,-1,-47
1756012716.9539447,2,2,-61
1756012716.9919446,1,-2,-53
1756012717.0309446,-2,-2,-53
1756012717.0669446,2,-7,-54
1756012717.1049447,-11,2,-51
1756012717.1429446,-8,4,-48
1756012717.1819446,0,0,-59
1756012717.2199447,0,0,-52
1756012717.2559447,2,4,-52
1756012717.292945,1,-4,-64
1756012717.3319447,0,-2,-58
1756012717.3699446,-2,-2,-57
1756012717.4059446,-4,1,-54
1756012717.4429443,-4,1,-61
1756012717.4819446,3,2,-48
1756012717.519945,-3,0,-57
1756012717.5559447,-4,0,-52
1756012717.5929446,-1,-2,-53
1756012717.631945,0,-3,-55
1756012717.6699443,6,-6,-46
1756012717.7059443,2,-1,-45
1756012717.7429447,4,2,-50
1756012717.7809446,0,-4,-47
1756012717.8169446,1,-4,-52
1756012717.8549447,0,0,-47
1756012717.8919446,-3,3,-36
1756012717.9309447,3,3,-55
1756012717.9669447,1,3,-50
1756012718.0049446,-6,5,-63
1756012718.042945,-4,-5,-56
1756012718.0819447,-6,-5,-69
1756012718.1179447,0,4,-52
1756012718.154945,3,-1,-43
1756012718.1929443,-3,-1,-48
1756012718.2319446,-7,0,-46
1756012718.2679446,-5,0,-50
1756012718.3049445,0,-2,-39
1756012718.3429446,3,-4,-48
1756012718.381945,4,-5,-61
1756012718.417945,4,-1,-64
1756012718.4549446,1,2,-47
1756012718.4939446,-3,-2,-55
1756012718.5319445,7,-6,-50
1756012718.5679443,5,-5,-54
1756012718.6049447,1,-1,-46
1756012718.6429446,-5,-3,-51
1756012718.6819446,-6,0,-48
1756012718.7179446,-2,0,-45
1756012718.7549446,-7,3,-44
1756012718.792945,-2,2,-41
1756012718.8319447,0,-8,-54
1756012718.8679447,0,-2,-57
1756012718.9069445,-3,-5,-52
1756012718.9439447,-5,0,-59
1756012718.9829447,-1,-2,-57
1756012719.0209446,1,4,-46
1756012719.0569446,0,7,-55
1756012719.0939443,3,4,-55
1756012719.131945,6,0,-49
1756012719.167945,1,0,-50
1756012719.2049446,8,0,-49
1756012719.2429447,-2,1,-55
1756012719.2809446,0,4,-61
1756012719.3169446,5,-1,-57
1756012719.3539443,0,-1,-66
1756012719.3929446,-2,-3,-67
1756012719.4309447,0,7,-62
1756012719.4669447,4,4,-44
1756012719.5039446,-2,0,-41
1756012719.542945,2,-2,-40
1756012719.5809443,-6,0,-44
1756012719.6169446,3,-4,-51
1756012719.6539447,3,2,-50
1756012719.6919446,4,4,-59
1756012719.7279446,5,8,-54
1756012719.7649446,0,-2,-54
1756012719.802945,3,-3,-45
1756012719.8419447,0,-7,-49
1756012719.8779447,0,-5,-50
1756012719.9149446,4,-5,-52
1756012719.9529445,7,0,-60
1756012719.9919446,1,-1,-63
1756012720.0279446,0,-1,-67
1756012720.0649445,3,3,-53
1756012720.1029446,-1,0,-61
1756012720.1389446,1,0,-71
1756012720.1769447,-1,1,-56
1756012720.2149446,-1,9,-51
1756012720.2539446,1,-2,-49
1756012720.2919445,-5,-4,-47
1756012720.3279445,0,0,-51
1756012720.3649447,5,-8,-57
1756012720.4039447,5,-5,-47
1756012720.4419446,7,-9,-52
1756012720.4779446,6,-8,-48
1756012720.5169446,7,0,-49
1756012720.5549445,1,2,-53
1756012720.5929446,-4,-4,-53
1756012720.6289446,0,-6,-51
1756012720.6669445,7,4,-57
1756012720.7039447,4,3,-54
1756012720.7419446,2,-1,-48
1756012720.7779446,1,-3,-47
1756012720.8149445,-1,3,-49
1756012720.8539443,3,-2,-42
1756012720.8919446,4,0,-38
1756012720.927945,10,0,-43
1756012720.9649446,1,-1,-45
1756012721.0039446,-4,-2,-38
1756012721.0419445,0,5,-44
1756012721.0779445,5,-1,-42
1756012721.1149447,2,-1,-48
1756012721.1539447,-2,-2,-55
1756012721.1919446,-2,1,-53
1756012721.2279446,-2,-4,-53
1756012721.2669446,-3,-5,-43
1756012721.3039446,-1,-2,-51
1756012721.3429446,4,-3,-48
1756012721.3799446,2,2,-61
1756012721.4169445,0,2,-55
1756012721.4539447,-3,4,-59
1756012721.4929447,-5,-3,-57
1756012721.5289447,0,3,-66
1756012721.5669446,-1,3,-47
1756012721.6039443,-1,3,-46
1756012721.6429446,-2,2,-54
1756012721.6789446,-1,0,-45
1756012721.7169447,-2,0,-48
1756012721.7549446,-5,5,-49
1756012721.7939446,-6,-1,-57
1756012721.8299446,0,7,-58
1756012721.8669446,6,-4,-56
1756012721.904945,0,1,-41
1756012721.9429443,5,1,-49
1756012721.9789443,2,1,-46
1756012722.0169446,0,5,-46
1756012722.0549445,1,2,-45
1756012722.0929446,8,0,-47
1756012722.1289446,5,4,-54
1756012722.1669445,-2,5,-53
1756012722.2049446,1,0,-43
1756012722.2429447,6,5,-38
1756012722.2789447,6,2,-49
1756012722.3169446,3,0,-46
1756012722.3549447,-2,2,-49
1756012722.3929446,5,1,-47
1756012722.4289446,-2,0,-48
1756012722.4659443,-1,-5,-40
1756012722.5049446,0,-12,-56
1756012722.542945,1,-2,-60
1756012722.5789447,2,-6,-49
1756012722.6159446,1,-3,-51
1756012722.654945,0,0,-51
1756012722.6929443,0,1,-56
1756012722.7289443,-5,5,-52
1756012722.7659447,5,-2,-54
1756012722.8049445,0,-3,-45
1756012722.8429446,5,-5,-54
1756012722.8789446,0,3,-54
1756012722.9159446,-5,-2,-46
1756012722.9549446,-8,0,-45
1756012722.9929447,-1,2,-57
1756012723.0289447,1,5,-65
1756012723.065945,-1,-1,-56
1756012723.1049447,2,0,-54
1756012723.1409447,-2,2,-56
1756012723.1789446,0,1,-53
1756012723.2159443,-10,0,-57
1756012723.2549446,-4,-6,-54
1756012723.2909446,-7,0,-64
1756012723.3279445,-3,6,-60
1756012723.3659446,-1,-4,-61
1756012723.404945,3,-3,-65
1756012723.440945,0,1,-48
1756012723.4779446,1,-6,-58
1756012723.5159447,-2,-3,-55
1756012723.5549445,0,-8,-53
1756012723.5979445,6,0,-43
1756012723.6359446,1,1,-41
1756012723.6749446,3,-2,-55
1756012723.710945,-1,-4,-58
1756012723.7489443,-1,-6,-54
1756012723.7869446,-3,-5,-49
1756012723.825945,-2,3,-50
1756012723.8639443,-6,-1,-39
1756012723.8999443,-10,1,-42
1756012723.9369447,1,3,-46
1756012723.9749446,1,-3,-48
1756012724.0109446,4,-1,-49
1756012724.0479443,2,-3,-49
1756012724.085945,-2,0,-60
1756012724.1249447,-6,-4,-55
1756012724.1609447,-2,-3,-59
1756012724.1989446,0,-3,-59
1756012724.236945,0,1,-61
1756012724.2759447,10,2,-54
1756012724.3139446,-2,-2,-51
1756012724.3499446,0,-5,-43
1756012724.3869443,1,4,-58
1756012724.4249446,-1,-4,-62
1756012724.460945,-1,-9,-58
1756012724.4989443,0,-10,-57
1756012724.5369446,2,-4,-58
1756012724.575945,1,0,-54
1756012724.6139443,2,3,-52
1756012724.6499443,2,0,-51
1756012724.6869447,-6,4,-50
1756012724.7259445,2,3,-45
1756012724.7619443,-6,-2,-54
1756012724.8009446,-6,-1,-47
1756012724.838945,-10,-10,-49
1756012724.8759446,-7,-5,-50
1756012724.9149446,-13,0,-62
1756012724.950945,-10,-4,-61
1756012724.9889443,-5,-5,-55
1756012725.0269446,-1,-1,-52
1756012725.065945,5,6,-48
1756012725.1019447,3,-1,-58
1756012725.1389446,-3,1,-57
1756012725.1769447,-5,5,-61
1756012725.2159443,-6,0,-43
1756012725.2519443,-4,-1,-54
1756012725.2899446,2,1,-46
1756012725.3269446,3,-1,-59
1756012725.3659446,2,-6,-62
1756012725.4019446,6,-9,-65
1756012725.4389446,0,6,-59
1756012725.4769447,-4,3,-49
1756012725.5149446,1,0,-43
1756012725.5509446,2,1,-44
1756012725.5879445,0,5,-48
1756012725.6259446,0,8,-46
1756012725.6619446,0,-3,-40
1756012725.6999447,1,-4,-52
1756012725.7389443,4,4,-47
1756012725.7769446,-2,4,-63
1756012725.8149445,-4,4,-60
1756012725.8509445,-1,5,-48
1756012725.8879447,-4,8,-36
1756012725.9269447,-11,0,-47
1756012725.9649446,7,5,-43
1756012726.0009446,3,-1,-53
1756012726.0379446,-1,-1,-61
1756012726.0769446,0,-8,-57
1756012726.1149447,0,-3,-54
1756012726.1509447,4,-1,-53
1756012726.187945,0,3,-49
1756012726.2269447,0,5,-38
1756012726.2649446,0,4,-49
1756012726.3009446,-6,3,-49
1756012726.338945,0,2,-48
1756012726.3769443,-8,5,-59
1756012726.4129446,-6,0,-51
1756012726.4499447,-5,0,-50
1756012726.4879446,0,-1,-52
1756012726.5259447,-2,-5,-45
1756012726.5619447,-4,1,-53
1756012726.5999446,4,4,-51
1756012726.6369443,8,0,-59
1756012726.6729443,3,-1,-57
1756012726.7099447,-6,-2,-49
1756012726.7479446,-4,-4,-48
1756012726.7869446,5,-2,-53
1756012726.8229446,3,1,-48
1756012726.8599446,-1,5,-50
1756012726.8979447,-5,0,-46
1756012726.9369447,-1,-2,-54
1756012726.9729445,-2,-4,-51
1756012727.0109446,1,-5,-52
1756012727.0489447,7,-2,-51
1756012727.0879445,6,-2,-53
1756012727.1259446,2,-6,-54
1756012727.1619446,-2,-1,-55
1756012727.1999447,-1,-4,-51
1756012727.2379446,6,-4,-54
1756012727.2769446,11,3,-53
1756012727.312945,2,-6,-55
1756012727.3509445,7,6,-55
1756012727.3889446,4,0,-46
1756012727.4269447,4,0,-49
1756012727.4629445,1,1,-45
1756012727.4999447,9,2,-56
1756012727.5379446,1,1,-43
1756012727.575945,5,2,-33
1756012727.611945,1,0,-46
1756012727.6499443,5,2,-52
1756012727.687945,4,-2,-63
1756012727.7259445,7,0,-57
1756012727.7619443,1,0,-52
1756012727.7999446,0,2,-48
1756012727.8379445,2,2,-54
1756012727.8759446,-2,5,-67
1756012727.9119446,-6,-4,-55
1756012727.9499447,-2,-8,-54
1756012727.9889443,1,-3,-49
1756012728.0269446,0,1,-52
1756012728.062945,5,-1,-66
1756012728.0999446,0,-4,-59
1756012728.1379447,-2,-1,-52
1756012728.1769447,-2,0,-51
1756012728.2129445,3,2,-47
1756012728.2499447,-4,-3,-53
1756012728.2889447,4,-4,-43
1756012728.3269446,-3,-4,-39
1756012728.3629446,-6,-4,-39
1756012728.4019446,2,0,-50
1756012728.4389446,2,2,-56
1756012728.4779446,6,1,-49
1756012728.5139446,2,7,-43
1756012728.5519447,-3,0,-44
1756012728.5899446,-5,-11,-49
1756012728.6279447,-7,-3,-62
1756012728.6669445,-8,-2,-45
1756012728.7029445,-4,-5,-49
1756012728.7409446,-9,-1,-57
1756012728.7789447,3,3,-60
1756012728.8179443,4,2,-60
1756012728.8539443,4,-1,-49
1756012728.8919446,-1,-3,-57
1756012728.9299445,6,0,-61
1756012728.9689443,7,3,-58
1756012729.006945,2,-4,-59
1756012729.042945,-5,-9,-57
1756012729.0809443,-2,-10,-40
1756012729.1189446,2,-4,-55
1756012729.157945,4,0,-56
1756012729.1939447,2,1,-56
1756012729.2309446,9,-1,-55
1756012729.2689445,10,3,-48
1756012729.3069446,4,0,-37
1756012729.3429446,2,-1,-48
1756012729.3799446,5,4,-56
1756012729.417945,-3,3,-43
1756012729.4539447,-2,0,-53
1756012729.4929447,-2,-2,-57
1756012729.529945,0,0,-57
1756012729.5679443,14,1,-40
1756012729.6039443,5,5,-45
1756012729.6429446,5,-5,-49
1756012729.6799445,5,-5,-58
1756012729.7189443,0,-4,-51
1756012729.7549446,-4,-2,-54
1756012729.792945,-2,0,-48
1756012729.8309443,1,-1,-56
1756012729.8689446,-8,-6,-47
1756012729.907945,-2,3,-49
1756012729.9439447,-1,-4,-49
1756012729.9819446,-1,-3,-47
1756012730.019945,-3,-5,-45
1756012730.0589447,0,-2,-45
1756012730.0949447,5,0,-57
1756012730.131945,1,-2,-54
1756012730.1699443,3,1,-51
1756012730.2079446,3,0,-51
1756012730.2439446,1,1,-59
1756012730.2819445,1,1,-56
1756012730.3189447,2,2,-55
1756012730.3549447,3,0,-46
1756012730.3919446,6,0,-43
1756012730.4299445,8,2,-50
1756012730.4679446,7,0,-45
1756012730.5039446,6,-3,-52
1756012730.542945,3,-6,-61
1756012730.5799446,5,1,-37
1756012730.6179447,2,1,-49
1756012730.6539447,0,0,-54
1756012730.6929443,-3,2,-54
1756012730.7299447,-6,-3,-48
1756012730.7689445,-9,0,-50
1756012730.8049445,-3,3,-45
1756012730.8419447,-3,1,-54
1756012730.8799446,0,7,-54
1756012730.917945,0,2,-49
1756012730.9539447,-6,0,-43
1756012730.9919446,-2,-4,-35
1756012731.029945,0,0,-33
1756012731.0689447,-7,7,-43
1756012731.1049447,1,5,-45
1756012731.1429446,-3,3,-51
1756012731.1799445,0,1,-48
1756012731.2179446,-1,-3,-43
1756012731.2539446,2,-5,-42
1756012731.2909446,2,3,-44
1756012731.3289447,5,-1,-54
1756012731.3649447,2,-4,-45
1756012731.4019446,-2,-2,-53
1756012731.4399445,-1,-4,-48
1756012731.4789443,-5,-1,-52
1756012731.5149446,-12,2,-47
1756012731.5519447,-8,-3,-43
1756012731.5899446,2,-3,-56
1756012731.6289446,8,-2,-57
1756012731.6649446,3,-7,-39
1756012731.7019446,3,0,-40
1756012731.7399447,0,0,-42
1756012731.7759447,-3,5,-62
1756012731.812945,0,-2,-55
1756012731.8519447,-6,5,-49
1756012731.8899446,-6,7,-58
1756012731.9259446,-3,5,-42
1756012731.9649446,-5,0,-60
1756012732.0019443,-4,-2,-58
1756012732.0399446,0,1,-56
1756012732.075945,6,1,-59
1756012732.1129446,1,0,-60
1756012732.1519446,1,-2,-57
1756012732.1899445,0,3,-45
1756012732.2259445,-4,0,-55
1756012732.2629447,-7,-3,-52
1756012732.3019447,-4,-10,-68
1756012732.3399446,-4,0,-48
1756012732.3759446,0,-4,-57
1756012732.4129446,0,-5,-44
1756012732.4519446,2,-3,-55
1756012732.4899447,0,-6,-52
1756012732.5259447,-5,-9,-56
1756012732.5639446,1,-2,-51
1756012732.6019447,-2,-1,-53
1756012732.6409447,-2,1,-41
1756012732.6789446,-5,1,-36
1756012732.7149446,6,0,-48
1756012732.7519443,0,10,-51
1756012732.7899446,0,2,-43
1756012732.825945,-2,-3,-46
1756012732.8649447,1,2,-47
1756012732.9019446,1,8,-36
1756012732.9399445,0,-2,-45
1756012732.9759445,2,-10,-58
1756012733.0129447,3,-11,-58
1756012733.0519447,1,-3,-54
1756012733.0899446,2,-1,-52
1756012733.1259446,-3,-6,-46
1756012733.1649446,-3,0,-43
1756012733.2019446,-3,4,-58
1756012733.2409446,-4,2,-60
1756012733.2769446,-5,3,-53
1756012733.3149445,0,8,-51
1756012733.3519447,1,-4,-41
1756012733.3909447,0,2,-53
1756012733.4269447,11,3,-57
1756012733.4649446,13,5,-48
1756012733.5019443,6,-2,-60
1756012733.5409446,2,1,-51
1756012733.5769446,-1,1,-45
1756012733.6229446,-4,3,-38
1756012733.6609447,0,6,-49
1756012733.6969447,-6,2,-48
1756012733.733945,9,-5,-51
1756012733.7729447,-4,1,-45
1756012733.8109446,-5,2,-48
1756012733.8469446,-1,-7,-47
1756012733.884945,-2,-4,-52
1756012733.9229443,6,0,-40
1756012733.960945,-10,-2,-38
1756012733.996945,0,0,-37
1756012734.0339446,-6,-4,-51
1756012734.0729446,-2,-4,-52
1756012734.1109445,0,2,-58
1756012734.1469443,0,-2,-49
1756012734.1849446,-8,3,-50
1756012734.2229445,0,1,-51
1756012734.2609446,2,-4,-46
1756012734.2969446,1,-1,-61
1756012734.3339446,-2,0,-66
1756012734.371945,-2,1,-58
1756012734.4109447,1,0,-53
1756012734.4469447,3,0,-54
1756012734.483945,0,1,-53
1756012734.5219443,0,0,-57
1756012734.5609446,5,0,-51
1756012734.5969446,1,-1,-58
1756012734.6339445,5,-3,-49
1756012734.6719446,8,1,-48
1756012734.710945,7,2,-48
1756012734.746945,8,0,-46
1756012734.7839446,5,1,-48
1756012734.8229446,-2,-1,-52
1756012734.8609445,-2,-6,-52
1756012734.8969443,5,-6,-52
1756012734.9339447,8,5,-48
1756012734.9729445,7,4,-55
1756012735.0109446,-5,5,-57
1756012735.0469446,0,6,-52
1756012735.0849447,1,-4,-53
1756012735.1229446,5,5,-49
1756012735.1609447,2,-2,-60
1756012735.1979446,1,-1,-56
1756012735.2349446,-1,-1,-35
1756012735.2729447,1,0,-35
1756012735.3109446,1,4,-42
1756012735.3469446,-2,2,-39
1756012735.384945,5,0,-41
1756012735.4229443,7,1,-37
1756012735.460945,6,-4,-49
1756012735.4979446,6,-3,-55
1756012735.5349443,6,-4,-56
1756012735.5729446,3,-3,-45
1756012735.611945,-1,-5,-58
1756012735.6479447,0,-2,-57
1756012735.6849446,-1,-3,-54
1756012735.7229445,3,0,-47
1756012735.7619443,1,-4,-47
1756012735.7979443,-6,3,-55
1756012735.8349447,1,1,-47
1756012735.8729446,1,3,-58
1756012735.9109447,1,-3,-56
1756012735.9469447,3,3,-61
1756012735.9849446,5,0,-55
1756012736.0229447,0,-5,-66
1756012736.0609446,0,0,-61
1756012736.0969446,-5,-4,-59
1756012736.134945,0,0,-51
1756012736.1729443,-1,1,-54
1756012736.210945,-1,3,-58
1756012736.2479446,12,3,-61
1756012736.2849443,0,0,-54
1756012736.3229446,-4,0,-67
1756012736.358945,0,-2,-57
1756012736.3959446,0,1,-51
1756012736.4339447,14,0,-56
1756012736.4729445,3,6,-51
1756012736.5089445,0,8,-47
1756012736.5479443,4,2,-52
1756012736.5849447,3,0,-59
1756012736.6229446,0,-2,-49
1756012736.6589446,0,0,-54
1756012736.6959443,1,4,-66
1756012736.7329447,2,-4,-51
1756012736.7719443,0,1,-44
1756012736.8079443,0,1,-56
1756012736.8449447,2,-4,-48
1756012736.8829446,-4,-4,-45
1756012736.9219446,0,-1,-43
1756012736.9579446,8,-2,-48
1756012736.9949446,-1,0,-57
1756012737.032945,-3,-1,-50
1756012737.0719447,4,-3,-53
1756012737.1079447,0,-6,-45
1756012737.144945,-5,-2,-53
1756012737.1839447,0,2,-48
1756012737.2219446,5,0,-54
1756012737.2579446,5,1,-47
1756012737.2949443,3,3,-49
1756012737.3339446,1,0,-43
1756012737.371945,0,1,-44
1756012737.407945,-3,0,-50
1756012737.4449446,4,0,-47
1756012737.4829447,2,-2,-47
1756012737.5189445,2,-5,-50
1756012737.5559447,-2,-1,-48
1756012737.5939443,-5,-1,-57
1756012737.6329446,0,-5,-63
1756012737.6689446,-2,-2,-67
1756012737.7069447,0,-4,-68
1756012737.7459445,-5,-7,-55
1756012737.7839446,2,-4,-49
1756012737.8219447,0,0,-47
1756012737.8579447,1,-2,-51
1756012737.8959446,0,0,-44
1756012737.9339447,1,2,-56
1756012737.9719446,1,5,-50
1756012738.0079446,-2,4,-53
1756012738.0449443,-4,-2,-69
1756012738.0839446,-3,0,-67
1756012738.1199446,-6,0,-57
1756012738.1569445,-3,3,-62
1756012738.1949446,0,-3,-52
1756012738.233945,0,-7,-51
1756012738.269945,0,-1,-56
1756012738.3069446,1,0,-59
1756012738.3439443,8,4,-63
1756012738.3799446,6,4,-50
1756012738.4169445,-1,-1,-65
1756012738.4549446,-5,0,-60
1756012738.4939446,-4,-3,-46
1756012738.529945,9,-2,-58
1756012738.5669446,0,-4,-64
1756012738.6049447,1,-3,-56
1756012738.6439445,1,-3,-57
1756012738.6799445,-2,-4,-59
1756012738.7179446,-1,1,-57
1756012738.7559447,1,2,-50
1756012738.7939446,6,-7,-45
1756012738.8299446,5,-3,-58
1756012738.8669446,-1,0,-55
1756012738.904945,-3,-3,-47
1756012738.9439447,-1,0,-53
1756012738.9799447,5,0,-53
1756012739.0169446,-3,-1,-62
1756012739.0549445,-2,-2,-60
1756012739.0939443,0,-3,-64
1756012739.1299446,1,1,-59
1756012739.1669445,4,-7,-54
1756012739.2049446,10,-3,-57
1756012739.2439446,0,5,-46
1756012739.279945,4,7,-51
1756012739.3169446,3,4,-55
1756012739.3549447,0,0,-62
1756012739.3929446,0,3,-56
1756012739.4289446,11,0,-55
1756012739.4669447,1,-5,-58
1756012739.5049446,-1,-5,-52
1756012739.5439446,2,-3,-60
1756012739.5799446,2,-2,-47
1756012739.6169446,-2,1,-50
1756012739.654945,-3,4,-60
1756012739.6939447,-2,3,-57
1756012739.7299447,3,-4,-53
1756012739.7669446,-4,-1,-49
1756012739.8049445,1,4,-49
1756012739.8439443,0,2,-51
1756012739.8799446,-1,1,-47
1756012739.9169445,-3,-2,-51
1756012739.9549446,-1,0,-50
1756012739.9939446,-2,-1,-43
1756012740.029945,-4,-6,-41
1756012740.0679443,-9,0,-45
1756012740.1069446,2,-6,-34
1756012740.144945,0,-11,-35
1756012740.1809447,1,-7,-49
1756012740.2189443,-4,-5,-53
1756012740.256945,3,-3,-53
1756012740.2949443,3,2,-49
1756012740.3339446,1,-1,-46
1756012740.3699446,-1,2,-45
1756012740.4069445,0,-4,-49
1756012740.4459443,-1,3,-63
1756012740.483945,-4,2,-63
1756012740.519945,-2,5,-66
1756012740.5579443,2,3,-72
1756012740.5959446,-1,3,-61
1756012740.6339445,-4,-4,-57
1756012740.6699443,0,-3,-49
1756012740.7069447,6,5,-58
1756012740.7449446,-2,4,-59
1756012740.7809446,-1,6,-52
1756012740.8189447,-3,0,-48
1756012740.8569446,1,-5,-48
1756012740.8959446,7,0,-52
1756012740.9339447,3,4,-50
1756012740.9699447,1,0,-47
1756012741.006945,-3,0,-53
1756012741.0459447,1,-4,-52
1756012741.0839446,1,-1,-52
1756012741.1199446,-1,0,-54
1756012741.1569445,-6,1,-57
1756012741.1959443,-3,4,-42
1756012741.233945,10,4,-48
1756012741.269945,10,0,-45
1756012741.3069446,0,7,-57
1756012741.3449447,1,2,-55
1756012741.3809447,6,2,-50
1756012741.417945,7,0,-45
1756012741.4559443,5,-2,-49
1756012741.4919446,7,2,-45
1756012741.5289447,8,-1,-40
1756012741.5669446,-1,-2,-48
1756012741.6059446,0,0,-57
1756012741.6419446,-4,1,-46
1756012741.6789446,1,4,-49
1756012741.7169447,-1,6,-52
1756012741.7559447,0,1,-53
1756012741.7919445,0,0,-54
1756012741.8289447,-1,-5,-52
1756012741.8669446,1,0,-56
1756012741.9059446,4,-6,-54
1756012741.9419446,2,2,-41
1756012741.9789443,3,1,-46
1756012742.0159447,4,4,-52
1756012742.0519447,1,1,-44
1756012742.088945,-3,3,-46
1756012742.1269443,0,0,-52
1756012742.1659446,-4,-4,-51
1756012742.2019446,-8,-8,-65
1756012742.2399447,-3,0,-50
1756012742.2779446,-1,0,-44
1756012742.3169446,-5,0,-56
1756012742.3549447,-6,0,-62
1756012742.3909447,1,2,-58
1756012742.427945,-3,6,-55
1756012742.4669447,-1,10,-50
1756012742.5049446,-3,-2,-53
1756012742.5409446,-11,0,-53
1756012742.5779445,1,-4,-58
1756012742.6169446,-2,-4,-62
1756012742.654945,-3,-9,-61
1756012742.690945,-4,-6,-51
1756012742.7289443,-5,-4,-57
1756012742.7669446,-6,-6,-51
1756012742.8059447,0,-4,-39
1756012742.8419447,-3,-5,-52
1756012742.8799446,-9,0,-53
1756012742.917945,-5,1,-48
1756012742.9569447,-9,1,-46
1756012742.9949446,-6,0,-52
1756012743.0309446,-3,-2,-64
1756012743.0689447,-6,0,-55
1756012743.1069446,0,-3,-52
1756012743.1459446,4,2,-55
1756012743.1819446,2,7,-54
1756012743.2189443,1,0,-53
1756012743.256945,-8,5,-51
1756012743.292945,-1,1,-45
1756012743.3299446,-7,3,-47
1756012743.3689446,-1,2,-53
1756012743.4069445,9,1,-47
1756012743.4429443,5,-5,-48
1756012743.4799447,0,-5,-60
1756012743.5189445,-11,6,-52
1756012743.5569446,1,-4,-40
1756012743.5929446,3,3,-53
1756012743.6389446,1,2,-59
1756012743.6769447,-2,0,-55
1756012743.7129445,-3,0,-51
1756012743.7519443,-2,-9,-48
1756012743.7889447,3,0,-56
1756012743.8269446,-1,0,-50
1756012743.8629446,-2,-4,-44
1756012743.9009447,-2,-2,-49
1756012743.9389446,-5,0,-52
1756012743.9779446,-4,-1,-52
1756012744.0159447,7,1,-54
1756012744.0519447,3,1,-55
1756012744.088945,-4,0,-53
1756012744.1279447,-5,4,-48
1756012744.1659446,-2,4,-61
1756012744.2019446,0,-3,-54
1756012744.2389443,-9,0,-42
1756012744.2779446,-3,2,-42
1756012744.315945,0,-3,-51
1756012744.3519447,2,-6,-55
1756012744.3889446,-2,-4,-47
1756012744.427945,0,-3,-43
1756012744.4659443,-4,-11,-55
1756012744.5019443,-2,-7,-58
1756012744.5399446,-2,0,-62
1756012744.5779445,0,8,-59
1756012744.6159446,0,1,-54
1756012744.6519446,9,2,-50
1756012744.6889446,-6,-11,-54
1756012744.7279446,-3,-4,-58
1756012744.7639446,1,2,-62
1756012744.8019447,0,-3,-54
1756012744.838945,1,-2,-45
1756012744.8779447,-2,1,-59
1756012744.9139447,1,1,-48
1756012744.9519446,2,0,-51
1756012744.9889443,-5,0,-45
1756012745.0279446,-5,-1,-56
1756012745.0639446,-7,2,-54
1756012745.1019447,-3,2,-49
1756012745.1389446,-8,-3,-45
1756012745.177945,1,0,-49
1756012745.213945,0,0,-53
1756012745.2509446,3,0,-56
1756012745.2889447,5,2,-55
1756012745.3269446,4,0,-55
1756012745.3629446,0,5,-55
1756012745.3999443,0,7,-49
1756012745.437945,5,2,-44
1756012745.473945,3,5,-50
1756012745.5109446,0,2,-51
1756012745.5489447,6,0,-47
1756012745.5869446,0,-3,-64
1756012745.6229446,-3,1,-58
1756012745.6599443,0,0,-57
1756012745.6979446,-6,3,-48
1756012745.733945,0,-4,-48
1756012745.7719443,2,-4,-51
1756012745.8099446,1,-5,-47
1756012745.848945,0,-3,-41
1756012745.8869443,-3,0,-51
1756012745.9229443,-2,-2,-62
1756012745.960945,-11,6,-54
1756012745.9999447,-9,-6,-53
1756012746.0379446,0,-2,-54
1756012746.0739446,3,2,-53
1756012746.111945,0,-9,-49
1756012746.1499443,4,-1,-54
1756012746.1889446,0,-6,-45
1756012746.2269447,3,-8,-50
1756012746.2629447,1,-1,-41
1756012746.3009446,0,-2,-54
1756012746.338945,2,-6,-52
1756012746.3779447,0,-1,-46
1756012746.4139447,1,-7,-46
1756012746.450945,-3,-2,-54
1756012746.4889443,-5,-4,-47
1756012746.5279446,-5,-4,-58
1756012746.5649445,-2,-2,-55
1756012746.6029446,-9,-5,-61
1756012746.6409447,2,-1,-48
1756012746.6789446,0,0,-51
1756012746.7179446,6,-4,-53
1756012746.7539446,-2,-6,-56
1756012746.792945,-5,-4,-48
1756012746.8299446,-7,-2,-49
1756012746.8689446,0,0,-49
1756012746.904945,-3,-8,-45
1756012746.9429443,-4,-3,-44
1756012746.9809446,-7,0,-47
1756012747.0189445,-5,-4,-49
1756012747.0579443,1,0,-52
1756012747.0939443,-7,-5,-53
1756012747.131945,6,0,-48
1756012747.1699443,-2,-4,-61
1756012747.2079446,-5,-1,-48
1756012747.2439446,-8,3,-49
1756012747.2809446,1,0,-40
1756012747.3199446,0,-8,-37
1756012747.3579447,8,1,-46
1756012747.3939445,2,0,-46
1756012747.4309447,-3,-1,-49
1756012747.4699447,-3,-2,-53
1756012747.5079446,-6,-3,-50
1756012747.5439446,-3,3,-45
1756012747.5809443,-3,4,-53
1756012747.6199446,7,3,-49
1756012747.657945,1,0,-51
1756012747.6939447,-3,4,-42
1756012747.7309446,5,-2,-48
1756012747.769945,3,0,-56
1756012747.8079443,-5,0,-51
1756012747.8439443,-8,2,-59
1756012747.8809447,-5,5,-65
1756012747.9199443,-1,0,-54
1756012747.9579446,5,2,-59
1756012747.9949446,3,0,-52
1756012748.0319445,5,0,-52
1756012748.0699446,6,0,-54
1756012748.1059446,0,0,-43
1756012748.1429446,0,-1,-53
1756012748.1809447,-3,0,-56
1756012748.2199447,0,0,-45
1756012748.2559447,1,2,-40
1756012748.292945,-5,-1,-49
1756012748.3309443,1,0,-44
1756012748.3699446,5,-4,-54
1756012748.4059446,0,-7,-39
1756012748.4439447,-12,-8,-55
1756012748.4819446,-7,-4,-51
1756012748.519945,0,-3,-45
1756012748.5589447,1,-6,-48
1756012748.5949447,7,-5,-44
1756012748.631945,-4,3,-40
1756012748.6699443,-4,3,-47
1756012748.7089446,-9,0,-50
1756012748.7449446,1,3,-45
1756012748.7819445,-2,5,-42
1756012748.8209443,-4,-1,-38
1756012748.858945,2,1,-47
1756012748.894945,-1,7,-43
1756012748.9319446,4,-3,-57
1756012748.9709446,-5,-2,-57
1756012749.0089445,3,-2,-53
1756012749.0449443,0,-6,-49
1756012749.0819447,-1,0,-46
1756012749.1209445,5,-1,-46
1756012749.1589446,3,-7,-50
1756012749.1949446,0,-4,-45
1756012749.2319446,-2,-3,-35
1756012749.2709446,0,-3,-46
1756012749.3089447,-9,1,-34
1756012749.3449447,-11,-1,-55
1756012749.3829446,-3,-1,-59
1756012749.4209447,0,3,-52
1756012749.4589446,-2,4,-49
1756012749.4949446,-9,4,-44
1756012749.532945,1,1,-46
1756012749.5709443,-4,-4,-44
1756012749.608945,-5,-1,-52
1756012749.644945,-7,0,-58
1756012749.6829443,-1,2,-52
1756012749.7209446,-3,0,-47
1756012749.756945,0,2,-52
1756012749.7939446,-9,0,-65
1756012749.8319447,-1,1,-53
1756012749.8709445,0,3,-56
1756012749.9069445,1,0,-51
1756012749.9449446,0,1,-58
1756012749.9819446,7,0,-38
1756012750.0209446,3,2,-49
1756012750.0569446,1,0,-55
1756012750.0939443,3,0,-52
1756012750.1309447,12,0,-53
1756012750.1669445,-1,0,-59
1756012750.2039447,4,-2,-60
1756012750.2419446,1,-6,-54
1756012750.2809446,-4,-9,-72
1756012750.3169446,-4,0,-52
1756012750.3549447,8,3,-71
1756012750.3929446,1,-3,-52
1756012750.4319446,5,-2,-48
1756012750.4699447,1,-4,-44
1756012750.5059447,-1,-3,-49
1756012750.5449443,2,7,-51
1756012750.5819447,2,-1,-53
1756012750.6209445,2,0,-51
1756012750.6569445,-2,-7,-59
1756012750.6949446,4,-3,-51
1756012750.7329447,1,-1,-49
1756012750.7719443,-3,-7,-54
1756012750.8099446,-5,1,-53
1756012750.8459446,-5,5,-43
1756012750.8829446,-1,-7,-55
1756012750.9219446,-1,-2,-55
1756012750.9599447,-9,-4,-50
1756012750.9959445,-5,1,-52
1756012751.0339446,0,3,-56
1756012751.0719447,5,0,-54
1756012751.1099446,-2,-1,-57
1756012751.1459446,0,1,-48
1756012751.1829443,0,-5,-43
1756012751.2219446,-3,-6,-48
1756012751.259945,4,0,-47
1756012751.2959447,-1,-2,-44
1756012751.3339446,0,6,-43
1756012751.371945,-5,1,-54
1756012751.407945,-4,5,-52
1756012751.4449446,2,0,-61
1756012751.4819446,6,2,-58
1756012751.5179446,0,-3,-57
1756012751.5549445,0,-4,-53
1756012751.5929446,1,-2,-44
1756012751.631945,0,0,-41
1756012751.667945,0,0,-40
1756012751.7049446,-2,3,-47
1756012751.7429447,0,0,-49
1756012751.7809446,-2,1,-52
1756012751.8169446,2,3,-49
1756012751.8539443,5,4,-41
1756012751.8919446,8,0,-38
1756012751.927945,-2,0,-48
1756012751.9649446,-3,2,-47
1756012752.0029447,-3,0,-56
1756012752.0419445,4,-2,-57
1756012752.0779445,6,1,-61
1756012752.1149447,0,2,-56
1756012752.1529446,-1,-3,-47
1756012752.190945,-2,0,-55
1756012752.2269447,0,2,-60
1756012752.2639446,-2,-2,-52
1756012752.302945,0,-8,-60
1756012752.3409443,-2,-8,-62
1756012752.3769443,2,-4,-51
1756012752.4139447,5,0,-38
1756012752.4529445,4,5,-37
1756012752.4909446,7,1,-55
1756012752.5269446,-5,1,-51
1756012752.5649445,-1,0,-54
1756012752.6029446,2,-5,-43
1756012752.6409447,-8,0,-46
1756012752.6769447,-4,1,-40
1756012752.7149446,1,1,-49
1756012752.7529447,0,-1,-58
1756012752.7919445,2,2,-62
1756012752.8279445,-3,-2,-58
1756012752.8659446,-4,-2,-68
1756012752.9039447,1,-2,-56
1756012752.9429443,1,3,-55
1756012752.9809446,7,-1,-56
1756012753.0169446,5,-1,-57
1756012753.0539446,4,0,-50
1756012753.0929446,-3,6,-63
1756012753.1289446,-6,-2,-51
1756012753.1669445,1,0,-51
1756012753.2049446,0,-1,-47
1756012753.2429447,2,5,-57
1756012753.2819445,0,0,-52
1756012753.3179443,1,0,-49
1756012753.3549447,0,-1,-52
1756012753.3929446,2,0,-50
1756012753.4289446,0,2,-57
1756012753.4659443,4,-5,-51
1756012753.5049446,6,-2,-44
1756012753.542945,-3,-2,-39
1756012753.5789447,-1,-1,-49
1756012753.6169446,-5,-4,-63
1756012753.6629446,-3,4,-44
1756012753.6989446,-2,6,-61
1756012753.7379446,-6,-2,-57
1756012753.7749443,-4,0,-54
1756012753.8139446,-1,1,-57
1756012753.8519447,6,4,-44
1756012753.8879447,7,1,-41
1756012753.9249446,9,2,-38
1756012753.9629445,0,0,-56
1756012753.9989443,6,-1,-55
1756012754.0359447,-6,0,-58
1756012754.0749447,5,6,-48
1756012754.1129446,0,0,-54
1756012754.1489446,-4,0,-43
1756012754.1859446,0,2,-49
1756012754.223945,-2,0,-47
1756012754.2629447,2,5,-49
1756012754.2989447,0,2,-53
1756012754.335945,9,7,-51
1756012754.3739443,-2,4,-45
1756012754.4119446,3,-3,-44
1756012754.4479446,0,-6,-51
1756012754.4859445,0,-2,-41
1756012754.5239446,0,-3,-41
1756012754.562945,0,0,-53
1756012754.598945,5,0,-61
1756012754.6359446,0,-9,-51
1756012754.6739447,2,-8,-53
1756012754.7129445,-3,-3,-46
1756012754.7489443,-7,-1,-46
1756012754.7869446,4,2,-50
1756012754.8239446,7,3,-49
1756012754.8599446,5,3,-49
1756012754.8969443,1,1,-51
1756012754.9339447,1,3,-61
1756012754.9699447,1,6,-71
1756012755.006945,-2,2,-61
1756012755.0449443,3,4,-54
1756012755.0839446,2,0,-45
1756012755.1199446,5,-4,-49
1756012755.1569445,2,-9,-54
1756012755.1949446,0,2,-48
1756012755.2329447,-3,-5,-53
1756012755.2689445,-2,2,-54
1756012755.3069446,0,-7,-42
1756012755.3449447,9,0,-49
1756012755.3839445,2,0,-46
1756012755.4199443,2,-4,-49
1756012755.4569447,6,1,-53
1756012755.4949446,-2,0,-56
1756012755.532945,0,5,-50
1756012755.5689447,-1,4,-54
1756012755.6069446,2,-3,-59
1756012755.644945,2,4,-50
1756012755.6839447,3,1,-53
1756012755.7199447,4,1,-55
1756012755.756945,0,2,-52
1756012755.7959447,0,0,-45
1756012755.8339446,0,-1,-56
1756012755.8699446,-1,3,-55
1756012755.9069445,-5,1,-43
1756012755.9449446,-3,-1,-49
1756012755.983945,0,5,-58
1756012756.019945,-2,-3,-54
1756012756.0579443,-4,-3,-53
1756012756.0959446,-4,7,-54
1756012756.134945,0,6,-52
1756012756.1729443,5,4,-49
1756012756.2089446,8,0,-47
1756012756.2459445,3,0,-50
1756012756.2849443,3,3,-54
1756012756.3209443,0,2,-53
1756012756.3579447,-7,0,-51
1756012756.3959446,-8,3,-50
1756012756.4349446,-1,0,-54
1756012756.4709446,3,2,-47
1756012756.5079446,-4,-1,-48
1756012756.5459447,-3,-5,-51
1756012756.5849447,-1,-7,-40
1756012756.6209445,-1,-9,-50
1756012756.6589446,1,1,-52
1756012756.6959443,6,3,-49
1756012756.733945,-2,0,-52
1756012756.7709446,-2,2,-54
1756012756.8079443,-1,1,-47
1756012756.8459446,-3,-4,-42
1756012756.884945,-3,4,-54
1756012756.9209447,-1,3,-44
1756012756.9579446,5,0,-52
1756012756.9949446,8,-4,-53
1756012757.0339446,0,1,-54
1756012757.0699446,5,-2,-51
1756012757.1079447,3,-2,-42
1756012757.1459446,-2,1,-37
1756012757.1849446,-9,0,-45
1756012757.2209446,-5,-9,-47
1756012757.2589445,-5,0,-48
1756012757.2969446,2,-5,-46
1756012757.335945,3,-2,-52
1756012757.3739443,1,0,-49
1756012757.4099443,0,5,-48
1756012757.4469447,5,1,-41
1756012757.4849446,0,0,-47
1756012757.5209446,-3,0,-34
1756012757.5589447,-1,1,-39
1756012757.5969446,-1,-4,-47
1756012757.6359446,-2,8,-62
1756012757.6739447,0,8,-53
1756012757.7099447,-1,2,-60
1756012757.746945,-3,-5,-57
1756012757.7859447,2,-6,-45
1756012757.8239446,0,2,-56
1756012757.8599446,0,5,-44
1756012757.8969443,4,-4,-49
1756012757.9359446,2,-6,-55
1756012757.973945,0,2,-53
1756012758.009945,0,1,-51
1756012758.0469446,2,4,-55
1756012758.085945,4,2,-59
1756012758.121945,1,0,-53
1756012758.1599443,3,1,-46
1756012758.1979446,2,8,-49
1756012758.2359445,3,-1,-50
1756012758.2719443,7,0,-56
1756012758.3089447,0,-6,-63
1756012758.3479445,-6,-1,-62
1756012758.3859446,0,-3,-60
1756012758.4219446,5,-6,-68
1756012758.460945,3,-6,-54
1756012758.4979446,2,2,-52
1756012758.5359447,-2,-2,-44
1756012758.5719447,6,-4,-43
1756012758.608945,1,-6,-56
1756012758.6469443,-1,-3,-51
1756012758.6859446,2,3,-60
1756012758.7219446,6,0,-61
1756012758.7589445,3,5,-61
1756012758.7969446,5,5,-54
1756012758.8349447,7,5,-46
1756012758.8709445,0,5,-50
1756012758.907945,-3,2,-49
1756012758.9469447,-1,-2,-45
1756012758.9849446,6,6,-54
1756012759.0209446,5,1,-41
1756012759.0589447,7,1,-52
1756012759.0969446,10,1,-61
1756012759.1359446,0,1,-58
1756012759.1719446,-5,-4,-56
1756012759.2099447,1,1,-56
1756012759.2479446,7,6,-53
1756012759.2859447,1,6,-52
1756012759.3219447,1,2,-32
1756012759.358945,-2,3,-34
1756012759.3969443,3,0,-33
1756012759.4349446,2,-1,-52
1756012759.4709446,1,0,-67
1756012759.5079446,-5,0,-40
1756012759.5469446,-2,-2,-54
1756012759.5849447,7,0,-42
1756012759.6209445,2,0,-41
1756012759.657945,-6,-1,-48
1756012759.6969447,-7,1,-47
1756012759.7329447,-10,5,-41
1756012759.7709446,-4,-1,-55
1756012759.8099446,1,0,-61
1756012759.8469446,-2,-1,-53
1756012759.8859446,-1,-2,-52
1756012759.9219446,-1,-6,-49
1756012759.9599447,-4,-13,-67
1756012759.9979446,3,-3,-54
1756012760.0369446,-1,-3,-53
1756012760.0729446,3,-2,-44
1756012760.1099446,1,-1,-43
1756012760.1479447,-6,0,-45
1756012760.1869447,-7,-3,-40
1756012760.2229445,-6,-7,-45
1756012760.2609446,-3,-3,-42
1756012760.2989447,1,-3,-52
1756012760.3369446,-6,0,-61
1756012760.3759446,-12,-1,-53
1756012760.4119446,-3,5,-57
1756012760.4489446,-4,4,-49
1756012760.4879446,-7,9,-52
1756012760.5259447,0,0,-45
1756012760.5619447,1,0,-54
1756012760.598945,5,0,-50
1756012760.6379447,-2,-9,-45
1756012760.6759446,0,-6,-55
1756012760.7119446,1,0,-60
1756012760.7489443,1,0,-56
1756012760.7879446,-2,0,-60
1756012760.825945,2,-7,-47
1756012760.861945,-2,0,-41
1756012760.8989446,0,0,-56
1756012760.937945,9,0,-52
1756012760.9759445,1,-1,-48
1756012761.0119443,1,-3,-54
1756012761.0489447,1,-5,-57
1756012761.0879445,6,3,-38
1756012761.1259446,4,3,-46
1756012761.1619446,3,-2,-50
1756012761.1989446,-14,1,-48
1756012761.2379446,-12,2,-54
1756012761.2759447,0,0,-56
1756012761.3119447,-3,0,-48
1756012761.3499446,0,-4,-54
1756012761.3879447,2,-1,-57
1756012761.4269447,-1,-1,-59
1756012761.4629445,0,-4,-58
1756012761.4999447,-3,-1,-48
1756012761.5379446,7,-5,-44
1756012761.5769446,2,0,-56
1756012761.6129446,-4,6,-63
1756012761.6509447,0,5,-52
1756012761.6889446,-2,0,-55
1756012761.7279446,-4,-1,-48
1756012761.7639446,-1,-2,-55
1756012761.8019447,3,1,-53
1756012761.838945,1,-6,-50
1756012761.8779447,2,-2,-55
1756012761.9139447,1,-7,-52
1756012761.950945,0,-5,-44
1756012761.9889443,0,6,-57
1756012762.0269446,-1,3,-50
1756012762.062945,-4,2,-51
1756012762.1009445,-1,-5,-58
1756012762.1389446,-2,-5,-47
1756012762.1769447,-2,-13,-50
1756012762.2129445,-4,-5,-46
1756012762.2509446,-3,-3,-59
1756012762.2889447,-1,-2,-59
1756012762.3279445,-2,-3,-70
1756012762.3639443,2,-1,-75
1756012762.4009447,-2,-1,-49
1756012762.4389446,3,1,-46
1756012762.4779446,0,1,-59
1756012762.5139446,1,2,-59
1756012762.5509446,-7,2,-56
1756012762.588945,0,3,-40
1756012762.6279447,1,-3,-43
1756012762.6639447,-4,-2,-40
1756012762.7019446,-3,0,-53
1756012762.7399447,-1,0,-46
1756012762.7789447,-3,-5,-49
1756012762.8169446,1,-6,-44
1756012762.8529446,8,-1,-41
1756012762.8899446,12,0,-42
1756012762.927945,17,-3,-60
1756012762.963945,8,1,-51
1756012763.0009446,1,-2,-43
1756012763.0389447,-5,-2,-44
1756012763.0779445,0,-4,-52
1756012763.1139443,-6,2,-46
1756012763.1509447,1,2,-41
1756012763.1889446,5,1,-50
1756012763.2249446,3,7,-52
1756012763.2619443,4,4,-62
1756012763.2989447,5,0,-49
1756012763.3349447,1,-4,-51
1756012763.371945,0,-6,-48
1756012763.4099443,-6,-5,-55
1756012763.4489446,-3,0,-41
1756012763.4849446,-7,-1,-46
1756012763.5229447,-10,0,-36
1756012763.5609446,-3,-4,-49
1756012763.5999446,-1,-1,-63
1756012763.6379447,-4,1,-63
1756012763.6819446,-3,3,-43
1756012763.7199447,0,-4,-47
1756012763.7589445,-8,-8,-40
1756012763.7949443,-7,-5,-51
1756012763.8329446,1,0,-43
1756012763.8699446,7,0,-60
1756012763.907945,4,2,-67
1756012763.9439447,0,-1,-61
1756012763.9819446,-4,-1,-57
1756012764.019945,-4,-2,-52
1756012764.0589447,-4,1,-52
1756012764.0949447,0,-1,-55
1756012764.131945,3,-1,-53
1756012764.1699443,-4,5,-53
1756012764.2089446,3,4,-56
1756012764.2449446,2,4,-51
1756012764.282945,-6,-1,-58
1756012764.3199446,-10,1,-54
1756012764.358945,0,-7,-45
1756012764.394945,3,-4,-54
1756012764.4329443,4,-2,-61
1756012764.4699447,0,7,-52
1756012764.5079446,8,-3,-52
1756012764.5439446,6,0,-54
1756012764.5809443,2,-7,-60
1756012764.6199446,0,-4,-49
1756012764.657945,5,0,-44
1756012764.6939447,4,2,-47
1756012764.7309446,-3,-7,-61
1756012764.769945,10,0,-47
1756012764.8059447,6,-3,-53
1756012764.8429446,0,-3,-45
1756012764.8809447,0,4,-54
1756012764.9189446,0,5,-42
1756012764.9549446,-1,0,-42
1756012764.9929447,3,-3,-40
1756012765.0309446,3,-5,-56
1756012765.0699446,0,1,-61
1756012765.1059446,7,0,-57
1756012765.1429446,-3,0,-48
1756012765.1809447,-1,2,-49
1756012765.2199447,-5,5,-61
1756012765.2559447,-1,-1,-66
1756012765.2939446,-3,2,-55
1756012765.3319447,-6,1,-43
1756012765.3699446,-5,1,-57
1756012765.4089446,-2,-12,-67
1756012765.4449446,4,-6,-54
1756012765.4819446,0,-4,-49
1756012765.5209446,7,-3,-55
1756012765.5589447,0,-1,-60
1756012765.5949447,7,3,-56
1756012765.631945,0,0,-55
1756012765.6699443,-3,7,-51
1756012765.7059443,-4,-3,-49
1756012765.7439446,2,4,-47
1756012765.7809446,5,3,-46
1756012765.8199446,-2,2,-61
1756012765.8559446,0,-1,-51
1756012765.8929446,2,-4,-51
1756012765.9309447,-1,2,-55
1756012765.9699447,-3,-3,-55
1756012766.0059447,0,3,-50
1756012766.0439446,3,4,-57
1756012766.0819447,7,5,-61
1756012766.1199446,1,-3,-41
1756012766.1559446,0,-8,-39
1756012766.1929443,-1,-6,-48
1756012766.2319446,3,-7,-56
1756012766.269945,1,-5,-54
1756012766.3059447,-2,-3,-55
1756012766.3439443,-5,-4,-59
1756012766.381945,-9,-1,-51
1756012766.4209447,-5,-1,-45
1756012766.4569447,0,2,-42
1756012766.4939446,-5,-1,-52
1756012766.5319445,3,0,-56
1756012766.5709443,-1,1,-63
1756012766.6069446,0,1,-62
1756012766.6439445,3,6,-50
1756012766.6819446,0,1,-48
1756012766.7199447,-3,0,-47
1756012766.7559447,-5,0,-57
1756012766.792945,7,1,-44
1756012766.8309443,-2,-2,-51
1756012766.8669446,-4,1,-47
1756012766.9059446,0,-7,-44
1756012766.9439447,1,-3,-52
1756012766.9809446,3,-4,-56
1756012767.019945,0,0,-54
1756012767.0559447,-2,4,-49
1756012767.0929446,-2,-2,-43
1756012767.131945,-3,-6,-59
1756012767.1699443,2,1,-60
1756012767.2059443,-6,3,-62
1756012767.2429447,-10,4,-63
1756012767.2819445,0,0,-54
1756012767.3199446,0,-3,-52
1756012767.3559446,-1,-3,-48
1756012767.3939445,4,-7,-61
1756012767.4319446,0,-3,-58
1756012767.4709446,-1,0,-51
1756012767.506945,-6,-4,-57
1756012767.5449443,-2,-2,-57
1756012767.5829446,4,-1,-51
1756012767.621945,-4,2,-54
1756012767.6599443,4,7,-59
1756012767.6959443,1,7,-50
1756012767.7329447,4,-1,-51
1756012767.7719443,7,-4,-50
1756012767.8099446,0,2,-54
1756012767.8459446,-1,5,-49
1756012767.8829446,0,3,-51
1756012767.9209447,5,5,-51
1756012767.9569447,4,7,-47
1756012767.9939446,0,5,-50
1756012768.0319445,-2,-1,-39
1756012768.0679443,-4,4,-40
1756012768.1059446,2,-4,-48
1756012768.1439445,-3,0,-46
1756012768.1819446,0,1,-49
1756012768.2209446,-1,5,-46
1756012768.256945,7,0,-53
1756012768.2949443,3,-2,-62
1756012768.3329446,2,-2,-54
1756012768.371945,8,-8,-57
1756012768.407945,-2,-11,-69
1756012768.4459443,-4,-4,-57
1756012768.483945,0,0,-52
1756012768.5219443,4,2,-49
1756012768.5609446,2,0,-48
1756012768.5969446,-8,0,-48
1756012768.6339445,2,-3,-42
1756012768.6719446,6,-7,-38
1756012768.710945,-3,0,-40
1756012768.746945,-6,2,-43
1756012768.7839446,0,0,-36
1756012768.8219447,-4,2,-56
1756012768.8579447,-3,-1,-57
1756012768.8969443,0,-4,-55
1756012768.9339447,0,-2,-54
1756012768.9729445,0,-6,-64
1756012769.0109446,2,1,-56
1756012769.0469446,-4,2,-62
1756012769.0839446,2,-7,-53
1756012769.1229446,1,-5,-61
1756012769.1609447,0,-3,-55
1756012769.1969447,-1,-3,-55
1756012769.2349446,-1,-5,-54
1756012769.2729447,-4,-4,-49
1756012769.3119447,-5,-5,-56
1756012769.3479445,2,4,-52
1756012769.384945,-3,1,-43
1756012769.4229443,0,-1,-48
1756012769.4619446,2,-4,-42
1756012769.4979446,-1,-4,-55
1756012769.5359447,0,-3,-55
1756012769.5739446,0,-6,-49
1756012769.6129446,0,-2,-51
1756012769.6509447,-8,-10,-50
1756012769.6869447,-2,0,-46
1756012769.7249446,-1,6,-50
1756012769.7629447,0,-1,-58
1756012769.8019447,2,0,-50
1756012769.8379445,-3,0,-51
1756012769.8749447,-8,-2,-48
1756012769.9139447,-6,-2,-39
1756012769.9529445,-1,-7,-44
1756012769.9899447,1,-3,-43
1756012770.0269446,-6,0,-57
1756012770.0649445,6,0,-57
1756012770.1029446,0,1,-64
1756012770.1389446,-2,0,-61
1756012770.1759446,-2,-7,-51
1756012770.213945,-4,-8,-56
1756012770.2529447,0,-7,-59
1756012770.2889447,2,-5,-44
1756012770.3269446,-1,-2,-47
1756012770.3649447,6,-2,-50
1756012770.4039447,2,-2,-58
1756012770.4419446,0,-3,-48
1756012770.4779446,0,0,-55
1756012770.5149446,5,8,-51
1756012770.552945,0,2,-40
1756012770.588945,-2,0,-52
1756012770.6269443,1,-1,-51
1756012770.6649446,-1,4,-62
1756012770.7039447,0,4,-57
1756012770.7419446,-2,0,-33
1756012770.7779446,7,-3,-31
1756012770.8149445,6,2,-58
1756012770.8529446,-4,-4,-55
1756012770.8889446,-10,0,-46
1756012770.9269447,-3,-1,-47
1756012770.9649446,-2,-6,-46
1756012771.0039446,3,3,-42
1756012771.0419445,4,-3,-53
1756012771.0779445,2,-1,-57
1756012771.1149447,4,-4,-51
1756012771.1539447,-1,0,-48
1756012771.1919446,3,4,-42
1756012771.2279446,1,0,-38
1756012771.2649446,0,1,-45
1756012771.302945,-7,5,-52
1756012771.338945,5,4,-52
1756012771.3759446,0,-3,-50
1756012771.4139447,3,-1,-63
1756012771.4529445,5,5,-56
1756012771.4889443,-1,-3,-44
1756012771.5269446,2,-2,-50
1756012771.565945,-4,5,-51
1756012771.6039443,-5,7,-55
1756012771.6399446,6,2,-47
1756012771.6769447,2,-5,-49
1756012771.7149446,2,0,-49
1756012771.7539446,-1,0,-44
1756012771.7899446,2,-1,-51
1756012771.8269446,-1,0,-50
1756012771.8659446,3,6,-48
1756012771.9039447,3,6,-43
1756012771.9399445,-1,2,-44
1756012771.9769447,-1,-2,-53
1756012772.0159447,-3,-5,-50
1756012772.0539446,-5,-4,-55
1756012772.0899446,1,4,-52
1756012772.1269443,-4,0,-59
1756012772.1649446,-1,2,-56
1756012772.2039447,-1,6,-47
1756012772.2399447,0,4,-49
1756012772.2769446,-3,9,-53
1756012772.315945,-1,3,-53
1756012772.3539443,5,1,-62
1756012772.3899446,-3,3,-60
1756012772.4269447,3,6,-59
1756012772.4649446,1,0,-54
1756012772.5029447,5,-1,-49
1756012772.5389447,0,1,-49
1756012772.575945,-3,-6,-44
1756012772.6149447,-4,-10,-46
1756012772.6529446,1,-2,-47
1756012772.6889446,3,7,-48
1756012772.7259445,-4,-2,-51
1756012772.7649446,2,-2,-57
1756012772.802945,6,1,-53
1756012772.838945,5,-2,-52
1756012772.8769443,2,-7,-59
1756012772.9149446,4,-2,-52
1756012772.9529445,4,4,-49
1756012772.9889443,4,3,-48
1756012773.0259447,1,-3,-62
1756012773.0649445,-7,-4,-54
1756012773.1009445,-4,-2,-56
1756012773.1389446,0,-2,-57
1756012773.1769447,1,-5,-56
1756012773.2149446,4,-4,-51
1756012773.2539446,4,-7,-48
1756012773.2899446,6,-8,-49
1756012773.3279445,5,-5,-49
1756012773.3649447,-3,-8,-38
1756012773.4039447,-7,-7,-41
1756012773.4399445,-2,-5,-47
1756012773.4779446,10,-4,-51
1756012773.5159447,0,-6,-64
1756012773.5549445,0,-3,-45
1756012773.5909443,4,0,-48
1756012773.6279447,3,-2,-65
1756012773.6659446,3,1,-65
1756012773.710945,-2,-4,-56
1756012773.7489443,-3,-1,-52
1756012773.7859447,0,-2,-48
1756012773.8249447,-8,2,-42
1756012773.8609445,-5,-1,-53
1756012773.8989446,1,-2,-59
1756012773.9369447,4,-9,-53
1756012773.9759445,-3,2,-56
1756012774.0139446,-6,1,-54
1756012774.0499446,5,-6,-50
1756012774.0879445,6,-5,-55
1756012774.1259446,0,1,-57
1756012774.1649446,-4,1,-55
1756012774.2019446,-4,1,-55
1756012774.2389443,-4,-1,-56
1756012774.2769446,1,1,-48
1756012774.315945,-4,2,-57
1756012774.3539443,1,1,-48
1756012774.3899446,0,-2,-48
1756012774.4269447,-4,-5,-47
1756012774.4659443,0,-2,-54
1756012774.5039446,0,0,-50
1756012774.5399446,-2,3,-53
1756012774.5769446,-2,3,-45
1756012774.6159446,0,5,-46
1756012774.6539447,0,0,-51
1756012774.6899445,6,-2,-48
1756012774.7269447,0,-3,-45
1756012774.7659447,4,-6,-41
1756012774.8019447,-5,-7,-57
1756012774.8399446,1,0,-62
1756012774.8769443,-3,3,-65
1756012774.9159446,4,1,-55
1756012774.9519446,0,4,-56
1756012774.9889443,-2,2,-45
1756012775.0269446,-4,-3,-44
1756012775.065945,-5,-1,-47
1756012775.1019447,-5,-5,-49
1756012775.1399446,-7,4,-54
1756012775.177945,-2,1,-48
1756012775.2159443,-6,-9,-59
1756012775.2549446,-2,-5,-50
1756012775.2909446,-4,-2,-54
1756012775.3289447,-8,1,-44
1756012775.3669446,-2,4,-43
1756012775.4059446,2,4,-48
1756012775.4419446,0,7,-52
1756012775.4789443,0,0,-61
1756012775.5169446,0,3,-57
1756012775.5549445,3,3,-55
1756012775.5909443,4,0,-45
1756012775.6289446,-1,1,-39
1756012775.6669445,0,0,-58
1756012775.7059443,0,-6,-53
1756012775.7419446,-9,-3,-56
1756012775.779945,-1,-8,-49
1756012775.8179443,-7,-7,-56
1756012775.8569446,0,-5,-61
1756012775.894945,0,-5,-57
1756012775.9309447,-1,0,-46
1756012775.9679446,2,0,-55
1756012776.0059447,-4,0,-43
1756012776.0419445,-3,-4,-55
1756012776.0799446,-3,0,-50
1756012776.1179447,-3,3,-50
1756012776.1569445,-6,4,-64
1756012776.1949446,3,3,-56
1756012776.2309446,2,-8,-46
1756012776.2679446,-3,-4,-31
1756012776.3069446,1,-5,-34
1756012776.3429446,-5,-3,-46
1756012776.3809447,2,-1,-47
1756012776.4189446,4,-1,-41
1756012776.4569447,2,-12,-57
1756012776.4959445,-1,-7,-44
1756012776.5319445,3,-3,-50
1756012776.5699446,-2,0,-42
1756012776.6079447,-7,-2,-58
1756012776.6469443,0,-1,-54
1756012776.6829443,2,0,-55
1756012776.7199447,0,0,-49
1756012776.7579446,1,-2,-46
1756012776.7969446,0,-5,-44
1756012776.8329446,5,0,-46
1756012776.8709445,5,-4,-44
1756012776.907945,3,-5,-48
1756012776.9469447,-4,-2,-48
1756012776.9829447,-3,-8,-46
1756012777.0209446,2,0,-55
1756012777.0579443,2,-2,-50
1756012777.0969446,7,1,-59
1756012777.1329446,1,-4,-59
1756012777.1709447,-4,-5,-48
1756012777.2089446,-7,-8,-52
1756012777.2479446,2,-7,-50
1756012777.2859447,2,-9,-57
1756012777.3219447,-3,-3,-54
1756012777.3599446,0,-4,-51
1756012777.3979447,0,-2,-38
1756012777.4369447,0,-1,-52
1756012777.4729445,0,-6,-48
1756012777.509945,1,-7,-44
1756012777.5479443,0,3,-60
1756012777.5869446,1,-3,-52
1756012777.6229446,3,0,-50
1756012777.6599443,0,4,-47
1756012777.6979446,-4,0,-51
1756012777.7359445,0,2,-53
1756012777.7719443,-2,3,-50
1756012777.8089447,-1,0,-37
1756012777.8479445,-3,0,-47
1756012777.8859446,0,5,-44
1756012777.9219446,0,-2,-38
1756012777.9589446,4,4,-36
1756012777.9979446,3,-1,-51
1756012778.0339446,-4,-6,-46
1756012778.0719447,2,-8,-43
1756012778.1099446,1,-4,-50
1756012778.1479447,0,-3,-50
1756012778.1869447,2,-2,-51
1756012778.2229445,10,-5,-51
1756012778.2609446,9,1,-44
1756012778.2979443,4,-8,-48
1756012778.3369446,-2,-8,-51
1756012778.3729446,-1,-4,-57
1756012778.4109447,3,-2,-48
1756012778.4489446,-1,1,-41
1756012778.4879446,0,-1,-34
1756012778.5239446,1,0,-48
1756012778.5609446,0,4,-51
1756012778.598945,2,-5,-48
1756012778.6369443,-1,0,-43
1756012778.6729443,0,1,-52
1756012778.710945,0,4,-60
1756012778.7489443,-1,1,-59
1756012778.7869446,3,-4,-58
1756012778.8229446,-6,-14,-57
1756012778.8609445,-3,-9,-63
1756012778.8989446,0,0,-48
1756012778.937945,1,1,-51
1756012778.973945,7,2,-61
1756012779.0109446,2,-3,-64
1756012779.0499446,-2,3,-51
1756012779.0879445,3,-1,-54
1756012779.1239443,-1,1,-54
1756012779.1619446,0,1,-36
1756012779.1999447,0,3,-38
1756012779.2379446,0,1,-49
1756012779.2739446,2,3,-44
1756012779.3109446,5,-4,-64
1756012779.348945,2,-2,-54
1756012779.3879447,0,0,-41
1756012779.4239447,-1,4,-43
1756012779.460945,-2,-4,-53
1756012779.4989443,2,-3,-47
1756012779.5379446,5,-1,-44
1756012779.5739446,2,-3,-50
1756012779.611945,-1,-3,-59
1756012779.6499443,0,-12,-52
1756012779.6889446,2,-5,-50
1756012779.7249446,0,-2,-47
1756012779.7619443,1,4,-43
1756012779.7999446,-3,1,-50
1756012779.8379445,1,-2,-56
1756012779.8739443,0,-8,-44
1756012779.9119446,-1,0,-55
1756012779.9499447,0,5,-47
1756012779.9879446,5,-5,-52
1756012780.0249443,0,-6,-54
1756012780.0619447,0,-4,-61
1756012780.0999446,2,1,-53
1756012780.1389446,0,-2,-49
1756012780.1749446,-2,-4,-46
1756012780.2129445,-2,-7,-48
1756012780.2509446,0,-6,-52
1756012780.2889447,-1,1,-44
1756012780.3279445,1,6,-59
1756012780.3639443,0,-2,-52
1756012780.4029446,0,1,-44
1756012780.4399445,-3,4,-43
1756012780.4789443,4,0,-48
1756012780.5149446,-7,-3,-54
1756012780.552945,-11,-7,-60
1756012780.5909443,-3,-7,-59
1756012780.6299446,1,-2,-40
1756012780.667945,-2,0,-50
1756012780.7039447,-3,0,-46
1756012780.7409446,2,0,-52
1756012780.779945,0,-3,-56
1756012780.8179443,-9,-4,-46
1756012780.8539443,-8,-5,-43
1756012780.8919446,9,-2,-43
1756012780.9309447,3,-6,-57
1756012780.9689443,-14,1,-59
1756012781.0049446,-5,3,-52
1756012781.0419445,0,-1,-53
1756012781.0799446,-4,0,-52
1756012781.1189446,3,2,-54
1756012781.154945,1,2,-51
1756012781.1919446,-3,-3,-56
1756012781.2299447,-6,-5,-52
1756012781.2689445,-9,-4,-58
1756012781.3049445,-7,-4,-54
1756012781.3429446,-5,-7,-56
1756012781.3809447,-5,-2,-57
1756012781.4199443,2,-2,-52
1756012781.4559443,1,0,-52
1756012781.4929447,3,-7,-51
1756012781.5309446,0,-6,-46
1756012781.5699446,9,4,-50
1756012781.6059446,1,3,-49
1756012781.6429446,3,7,-51
1756012781.6809447,3,2,-44
1756012781.7189443,4,6,-55
1756012781.7549446,0,5,-39
1756012781.792945,4,-3,-41
1756012781.8309443,3,-2,-46
1756012781.8699446,4,0,-46
1756012781.9059446,0,-3,-49
1756012781.9429443,-13,0,-54
1756012781.9819446,-11,1,-46
1756012782.019945,-8,-6,-45
1756012782.0559447,-10,-2,-61
1756012782.0949447,-1,1,-50
1756012782.131945,-1,-8,-75
1756012782.1709447,0,-10,-67
1756012782.2089446,3,-6,-45
1756012782.2449446,4,-1,-57
1756012782.282945,5,5,-62
1756012782.3209443,-4,-1,-57
1756012782.358945,0,-3,-46
1756012782.394945,0,-4,-45
1756012782.4319446,8,-1,-46
1756012782.4709446,5,0,-42
1756012782.5089445,-2,-3,-46
1756012782.5449443,-4,-3,-51
1756012782.5829446,1,-7,-62
1756012782.6209445,0,-1,-63
1756012782.6599443,-3,-1,-49
1756012782.6959443,-2,-1,-54
1756012782.733945,1,-1,-59
1756012782.7719443,0,-3,-53
1756012782.8109446,-3,0,-51
1756012782.848945,-3,0,-51
1756012782.884945,1,-3,-53
1756012782.9219446,3,0,-52
1756012782.960945,-5,2,-48
1756012782.9989443,-5,-1,-48
1756012783.0349443,0,0,-47
1756012783.0719447,7,7,-49
1756012783.1109445,-2,1,-45
1756012783.1469443,-1,0,-48
1756012783.1839447,0,-4,-39
1756012783.2219446,0,0,-39
1756012783.2609446,1,-3,-54
1756012783.2969446,1,-2,-49
1756012783.3349447,-1,-4,-40
1756012783.3729446,-10,-1,-39
1756012783.4109447,-1,-6,-41
1756012783.4499447,0,1,-50
1756012783.4859445,-3,1,-46
1756012783.5229447,-9,2,-49
1756012783.5609446,-4,8,-52
1756012783.5999446,-1,7,-66
1756012783.6359446,0,-2,-58
1756012783.6739447,1,2,-49
1756012783.7199447,-6,4,-42
1756012783.7559447,-7,6,-52
1756012783.7939446,7,0,-56
1756012783.8319447,5,-4,-47
1756012783.8699446,-3,-1,-41
1756012783.9059446,0,5,-45
1756012783.9439447,-3,3,-47
1756012783.9819446,-7,3,-44
1756012784.019945,4,5,-54
1756012784.0559447,6,-1,-41
1756012784.0939443,0,-3,-43
1756012784.131945,-1,-4,-52
1756012784.1709447,2,-2,-48
1756012784.2069447,0,-2,-54
1756012784.2439446,-2,-6,-43
1756012784.2819445,-5,-10,-47
1756012784.3209443,1,0,-41
1756012784.3569446,-7,1,-50
1756012784.3939445,-3,4,-52
1756012784.4319446,0,0,-50
1756012784.4699447,0,-1,-53
1756012784.5059447,-1,3,-42
1756012784.5439446,1,1,-55
1756012784.5819447,-1,2,-49
1756012784.6199446,-2,3,-50
1756012784.6559446,-5,1,-57
1756012784.6939447,0,5,-61
1756012784.7319446,0,3,-61
1756012784.7679446,-6,-5,-57
1756012784.8069446,-1,-5,-55
1756012784.8439443,-4,0,-63
1756012784.881945,-7,1,-49
1756012784.9209447,0,0,-50
1756012784.9569447,6,1,-57
1756012784.9939446,7,-5,-61
1756012785.0319445,0,-7,-50
1756012785.0709443,-8,1,-45
1756012785.1069446,-10,-7,-59
1756012785.144945,0,1,-47
1756012785.1819446,2,-1,-46
1756012785.2209446,-2,-2,-51
1756012785.256945,4,-3,-53
1756012785.2939446,6,2,-53
1756012785.3319447,9,-1,-54
1756012785.3709445,5,-3,-55
1756012785.4069445,1,-5,-51
1756012785.4439447,0,-3,-51
1756012785.4829447,-7,-2,-45
1756012785.5209446,-5,0,-55
1756012785.5569446,0,2,-54
1756012785.5939443,-3,-4,-50
1756012785.6329446,-5,-2,-46
1756012785.6709447,2,-7,-53
1756012785.7069447,8,-2,-50
1756012785.7439446,2,5,-41
1756012785.7819445,-1,1,-52
1756012785.8179443,-1,-3,-42
1756012785.8559446,-1,-6,-53
1756012785.8939445,-1,-5,-49
1756012785.9329443,-2,-2,-55
1756012785.9709446,1,-1,-61
1756012786.006945,4,0,-59
1756012786.0439446,-2,-10,-56
1756012786.0829446,3,-11,-56
1756012786.1209445,0,1,-38
1756012786.1569445,6,-4,-44
1756012786.1939447,-5,1,-48
1756012786.2329447,0,-3,-50
1756012786.2709446,2,5,-58
1756012786.3069446,1,-4,-57
1756012786.3449447,-3,-1,-53
1756012786.3839445,-9,-8,-54
1756012786.4219446,1,-7,-53
1756012786.4579446,2,2,-48
1756012786.4949446,2,0,-48
1756012786.532945,-7,-7,-48
1756012786.5719447,-5,0,-58
1756012786.608945,-9,3,-52
1756012786.6459446,2,-2,-53
1756012786.6839447,3,-4,-52
1756012786.7229445,3,2,-56
1756012786.7589445,1,-4,-51
1756012786.7959447,-1,1,-45
1756012786.8339446,-5,-5,-51
1756012786.8729446,-2,-5,-41
1756012786.9089446,-3,-1,-47
1756012786.9469447,-1,-5,-48
1756012786.9849446,5,-6,-42
1756012787.0229447,2,-3,-41
1756012787.0619447,-3,-1,-48
1756012787.0979445,0,-3,-53
1756012787.1359446,-3,0,-47
1756012787.1739447,-3,-4,-52
1756012787.2129445,0,-6,-54
1756012787.2489443,0,0,-55
1756012787.2859447,-5,0,-42
1756012787.3239446,-7,2,-58
1756012787.3629446,4,0,-59
1756012787.3989446,-8,-5,-56
1756012787.4369447,-2,-1,-55
1756012787.4759445,-7,2,-51
1756012787.5139446,5,2,-61
1756012787.5519447,5,-3,-54
1756012787.5879445,8,-1,-50
1756012787.6259446,3,0,-49
1756012787.6639447,-2,-2,-44
1756012787.7029445,-3,-2,-44
1756012787.7389443,-5,-4,-50
1756012787.7769446,2,-1,-49
1756012787.8149445,2,3,-54
1756012787.8529446,0,3,-68
1756012787.8889446,-1,2,-72
1756012787.9259446,-6,-5,-65
1756012787.963945,-6,4,-54
1756012788.0029447,-1,-2,-56
1756012788.0389447,0,-5,-57
1756012788.075945,-4,-1,-48
1756012788.1139443,2,1,-59
1756012788.1499443,10,0,-54
1756012788.1869447,-1,-2,-47
1756012788.2249446,-2,-8,-57
1756012788.2639446,0,-2,-47
1756012788.2999446,6,-6,-46
1756012788.3369446,4,6,-56
1756012788.3739443,3,0,-62
1756012788.4099443,0,2,-68
1756012788.4469447,2,-3,-58
1756012788.4849446,-1,-1,-62
1756012788.5239446,0,0,-56
1756012788.5599446,0,1,-52
1756012788.5979445,5,-7,-54
1756012788.6359446,2,-1,-47
1756012788.6749446,-2,0,-49
1756012788.7129445,-3,2,-47
1756012788.7489443,-1,1,-58
1756012788.7859447,-6,0,-55
1756012788.8249447,-6,-6,-57
1756012788.8629446,-1,-6,-49
1756012788.8989446,2,0,-52
1756012788.9359446,2,1,-47
1756012788.973945,3,0,-51
1756012789.009945,8,-3,-52
1756012789.0479443,-2,0,-60
1756012789.085945,-2,-1,-66
1756012789.1249447,-4,1,-67
1756012789.1629446,-2,5,-52
1756012789.1989446,0,-1,-43
1756012789.2359445,-5,0,-56
1756012789.2749443,2,3,-42
1756012789.312945,-2,0,-55
1756012789.348945,-4,1,-45
1756012789.3859446,-4,-2,-53
1756012789.4249446,0,-3,-63
1756012789.4629445,-10,0,-60
1756012789.4989443,0,0,-54
1756012789.5359447,3,-5,-54
1756012789.5749447,1,-3,-61
1756012789.6129446,0,3,-53
1756012789.6489446,-11,0,-52
1756012789.6859446,-3,-3,-50
1756012789.7249446,3,-7,-53
1756012789.7609446,-3,-5,-64
1756012789.7989447,5,-8,-64
1756012789.8369446,0,-3,-61
1756012789.8749447,1,6,-54
1756012789.9109447,6,7,-53
1756012789.9489446,0,1,-51
1756012789.9859445,-5,-3,-53
1756012790.0249443,-5,0,-39
1756012790.0609446,-3,1,-48
1756012790.098945,2,-2,-53
1756012790.1369443,-5,-1,-51
1756012790.1749446,-1,-4,-40
1756012790.213945,1,0,-46
1756012790.2499447,-2,0,-53
1756012790.2869446,-5,-5,-55
1756012790.3249447,-4,-1,-49
1756012790.3639443,-3,-1,-52
1756012790.3999443,-1,0,-55
1756012790.4369447,1,-4,-54
1756012790.4759445,-2,3,-56
1756012790.5139446,3,-1,-58
1756012790.5499446,9,2,-47
1756012790.5869446,4,0,-59
1756012790.6249447,-1,-4,-54
1756012790.6609447,8,3,-50
1756012790.6989446,4,0,-50
1756012790.7359445,1,-5,-52
1756012790.7749443,-1,1,-53
1756012790.8109446,1,-5,-47
1756012790.8479445,6,-2,-55
1756012790.8869443,-3,1,-45
1756012790.9249446,0,-8,-46
1756012790.960945,-5,-1,-38
1756012790.9989443,2,2,-49
1756012791.0369446,0,-3,-54
1756012791.0749447,-2,4,-49
1756012791.1109445,7,2,-54
1756012791.1479447,4,2,-50
1756012791.1869447,-7,0,-47
1756012791.2249446,0,7,-48
1756012791.2609446,0,9,-43
1756012791.2979443,-7,3,-38
1756012791.3369446,-4,-5,-42
1756012791.3749447,4,2,-44
1756012791.4109447,0,0,-60
1756012791.4479446,-5,3,-58
1756012791.486945,1,-2,-53
1756012791.5249443,1,1,-53
1756012791.5609446,5,0,-47
1756012791.5979445,0,1,-51
1756012791.6359446,-1,0,-48
1756012791.6719446,-1,0,-47
1756012791.7099447,-3,-9,-50
1756012791.7479446,-2,-8,-50
1756012791.7859447,-6,-5,-50
1756012791.8249447,1,-3,-55
1756012791.8609445,1,-2,-46
1756012791.8979447,-1,-2,-50
1756012791.9359446,-5,0,-50
1756012791.9749446,-6,1,-49
1756012792.0109446,-2,4,-43
1756012792.0479443,-1,-2,-52
1756012792.0869446,1,3,-53
1756012792.1249447,0,-2,-62
1756012792.1609447,0,-1,-55
1756012792.1979446,5,-2,-45
1756012792.236945,0,0,-51
1756012792.2749443,1,2,-57
1756012792.3109446,-2,-5,-54
1756012792.348945,0,-2,-52
1756012792.3869443,-3,3,-60
1756012792.4259446,3,-1,-49
1756012792.4619446,0,1,-55
1756012792.4989443,6,1,-61
1756012792.5369446,0,0,-57
1756012792.5749447,6,-9,-57
1756012792.6109445,5,-2,-48
1756012792.6479447,3,4,-58
1756012792.6869447,-2,3,-49
1756012792.7249446,2,1,-59
1756012792.7609446,-2,1,-58
1756012792.7989447,-10,-4,-43
1756012792.8369446,-6,-4,-54
1756012792.8759446,1,-2,-36
1756012792.9119446,-1,0,-50
1756012792.950945,-8,-2,-50
1756012792.9879446,-7,0,-41
1756012793.0269446,0,0,-58
1756012793.062945,1,0,-58
1756012793.0999446,4,2,-52
1756012793.1379447,-3,0,-52
1756012793.1769447,-4,-1,-52
1756012793.2129445,-2,-7,-49
1756012793.2509446,1,-1,-44
1756012793.2889447,2,0,-57
1756012793.3269446,-2,0,-59
1756012793.3659446,6,0,-60
1756012793.4019446,0,-5,-55
1756012793.4389446,1,-1,-50
1756012793.4769447,4,-2,-51
1756012793.5159447,-7,-1,-50
1756012793.5519447,-5,3,-47
1756012793.588945,-2,-5,-54
1756012793.6269443,-5,-1,-59
1756012793.6659446,-3,-5,-64
1756012793.7019446,0,-3,-50
1756012793.7479446,-1,-6,-58
1756012793.7859447,-3,0,-45
1756012793.8219447,6,2,-35
1756012793.858945,10,-1,-46
1756012793.8979447,1,-5,-51
1756012793.9359446,-6,-2,-48
1756012793.9719446,-6,-7,-46
1756012794.0089445,3,-1,-58
1756012794.0479443,-3,-1,-49
1756012794.085945,-4,-1,-55
1756012794.121945,1,-3,-43
1756012794.1599443,-3,-2,-49
1756012794.1979446,-4,3,-63
1756012794.236945,1,4,-60
1756012794.2729447,-3,-2,-63
1756012794.3109446,-6,-2,-59
1756012794.348945,0,7,-52
1756012794.3879447,-3,2,-50
1756012794.4259446,-3,1,-61
1756012794.4619446,-7,9,-58
1756012794.4989443,5,-6,-57
1756012794.5379446,0,-4,-54
1756012794.575945,-10,2,-61
1756012794.611945,-8,5,-58
1756012794.6489446,-2,-5,-55
1756012794.687945,-2,0,-47
1756012794.723945,4,-4,-46
1756012794.7619443,1,-7,-52
1756012794.7999446,3,-1,-39
1756012794.838945,1,1,-53
1756012794.8769443,-2,2,-52
1756012794.9129446,-1,-5,-52
1756012794.9519446,-3,0,-49
1756012794.9889443,0,1,-53
1756012795.0269446,0,0,-50
1756012795.062945,0,-4,-43
1756012795.0999446,-2,-2,-38
1756012795.1379447,-4,-4,-46
1756012795.1769447,2,1,-46
1756012795.2129445,5,2,-53
1756012795.2499447,1,-5,-56
1756012795.2879446,0,-10,-55
1756012795.3269446,-6,-2,-61
1756012795.3629446,-2,-1,-61
1756012795.4009447,1,-4,-52
1756012795.4389446,-7,2,-53
1756012795.4779446,-1,5,-42
1756012795.5139446,1,0,-52
1756012795.5509446,-6,-1,-55
1756012795.588945,5,0,-55
1756012795.6269443,2,1,-51
1756012795.6629446,-1,0,-48
1756012795.6999447,-1,-5,-53
1756012795.7389443,-1,-2,-47
1756012795.7769446,0,0,-53
1756012795.812945,0,1,-51
1756012795.8499446,-2,-4,-50
1756012795.8889446,0,-6,-36
1756012795.9269447,1,-1,-48
1756012795.9629445,-3,-2,-52
1756012796.0009446,-7,-1,-59
1756012796.0389447,-3,-2,-55
1756012796.0779445,-5,1,-55
1756012796.1139443,-3,5,-57
1756012796.1509447,-5,-1,-49
1756012796.1889446,-5,-4,-43
1756012796.2279446,-3,2,-51
1756012796.2639446,-8,0,-48
1756012796.3009446,-5,-1,-49
1756012796.338945,-3,-2,-55
1756012796.3779447,2,1,-58
1756012796.4139447,-3,5,-52
1756012796.450945,0,1,-51
1756012796.4889443,-11,-4,-50
1756012796.5249443,-7,-2,-45
1756012796.562945,-1,0,-54
1756012796.6009445,-3,0,-49
1756012796.6389446,-2,0,-56
1756012796.677945,3,0,-49
1756012796.713945,-1,-1,-51
1756012796.7519443,-3,0,-51
1756012796.7899446,-1,1,-47
1756012796.8289447,0,0,-51
1756012796.8649447,-4,10,-45
1756012796.9029446,-1,9,-51
1756012796.940945,-1,6,-59
1756012796.9789443,-9,4,-47
1756012797.0179446,-1,0,-52
1756012797.0539446,-3,1,-48
1756012797.0909443,-8,1,-50
1756012797.1299446,-1,-2,-62
1756012797.167945,2,4,-56
1756012797.2039447,4,3,-47
1756012797.2409446,18,0,-53
1756012797.2789447,5,3,-52
1756012797.3149445,4,6,-56
1756012797.3519447,4,0,-52
1756012797.3899446,5,-2,-46
1756012797.4289446,-6,-2,-56
1756012797.4649446,2,-1,-46
1756012797.5029447,1,0,-49
1756012797.5419445,1,2,-50
1756012797.5799446,12,0,-55
1756012797.6179447,9,0,-50
1756012797.6539447,0,0,-53
1756012797.690945,-1,0,-47
1756012797.7299447,-1,5,-50
1756012797.7679446,0,2,-53
1756012797.8039446,-3,0,-49
1756012797.8409443,0,-2,-45
1756012797.8799446,6,2,-47
1756012797.917945,-3,-4,-49
1756012797.9539447,-3,-6,-43
1756012797.9919446,-4,-3,-47
1756012798.029945,-4,-2,-54
1756012798.0689447,-3,0,-45
1756012798.1049447,-6,0,-45
1756012798.1419446,-2,0,-57
1756012798.1799445,-1,0,-56
1756012798.2189443,0,-3,-56
1756012798.2549446,-2,-3,-58
1756012798.292945,-2,0,-52
1756012798.3309443,2,0,-53
1756012798.3699446,-2,-3,-51
1756012798.4059446,-4,-3,-53
1756012798.4449446,1,2,-56
1756012798.4829447,-3,4,-52
1756012798.519945,-4,0,-51
1756012798.5589447,5,4,-50
1756012798.5949447,2,6,-56
1756012798.6329446,1,0,-52
1756012798.6699443,1,-2,-55
1756012798.7089446,-1,-2,-47
1756012798.7449446,1,0,-54
1756012798.782945,-5,-2,-49
1756012798.8209443,1,7,-48
1756012798.858945,-2,-1,-47
1756012798.894945,-2,-4,-58
1756012798.9329443,1,-3,-57
1756012798.9709446,0,-2,-53
1756012799.009945,-4,5,-46
1756012799.0459447,2,-4,-55
1756012799.0829446,1,-2,-62
1756012799.1209445,-5,-6,-62
1756012799.1599443,1,-5,-48
1756012799.1959443,0,4,-43
1756012799.2329447,1,-4,-52
1756012799.2709446,1,-2,-60
1756012799.3099446,-4,6,-55
1756012799.3459446,-2,0,-50
1756012799.3829446,-2,-4,-47
1756012799.4209447,-7,-2,-53
1756012799.4599447,0,-1,-58
1756012799.4959445,1,-2,-42
1756012799.532945,-5,-1,-55
1756012799.5709443,-3,-1,-56
1756012799.6099446,2,-3,-47
1756012799.6459446,2,0,-52
1756012799.6829443,1,0,-58
1756012799.7209446,-3,0,-65
1756012799.756945,-4,4,-58
1756012799.7939446,-2,5,-48
1756012799.8319447,2,-4,-52
1756012799.8709445,5,-1,-61
1756012799.9069445,-1,-4,-63
1756012799.9449446,8,0,-41
1756012799.9819446,3,0,-48
1756012800.019945,0,0,-52
1756012800.0559447,2,-3,-45
1756012800.0939443,-3,-1,-53
1756012800.131945,2,-3,-56
1756012800.1709447,3,-1,-59
1756012800.2069447,2,-3,-63
1756012800.2439446,-7,0,-56
1756012800.2819445,1,2,-49
1756012800.3199446,0,5,-53
1756012800.3559446,2,9,-50
1756012800.3939445,0,3,-57
1756012800.4319446,0,1,-52
1756012800.4699447,1,0,-58
1756012800.5059447,0,0,-42
1756012800.542945,3,2,-53
1756012800.5819447,-4,-1,-54
1756012800.6199446,-2,-3,-59
1756012800.6559446,-1,0,-56
1756012800.6939447,3,-2,-60
1756012800.7319446,2,-2,-55
1756012800.7709446,4,-5,-46
1756012800.8069446,-2,0,-50
1756012800.8439443,2,0,-43
1756012800.881945,3,0,-57
1756012800.9199443,-1,-1,-52
1756012800.9559443,0,-1,-52
1756012800.9929447,1,2,-45
1756012801.0309446,0,0,-58
1756012801.0669446,2,6,-48
1756012801.1039443,-2,10,-52
1756012801.1419446,4,2,-45
1756012801.1809447,-1,4,-38
1756012801.2179446,0,0,-42
1756012801.2559447,8,0,-48
1756012801.292945,2,-3,-46
1756012801.3319447,-1,-6,-44
1756012801.3679447,0,-2,-42
1756012801.404945,5,-5,-55
1756012801.4429443,1,0,-58
1756012801.4809446,5,0,-53
1756012801.5169446,10,3,-36
1756012801.5539446,1,4,-40
1756012801.5919447,-3,1,-50
1756012801.6309447,4,2,-52
1756012801.6669445,-3,5,-54
1756012801.7039447,-5,3,-46
1756012801.7419446,4,-1,-48
1756012801.7809446,2,-3,-48
1756012801.8169446,5,5,-67
1756012801.8539443,5,5,-53
1756012801.8919446,3,5,-56
1756012801.927945,2,-4,-62
1756012801.9649446,1,-7,-58
1756012802.0029447,-4,-1,-51
1756012802.0419445,1,-1,-52
1756012802.0779445,0,0,-52
1756012802.1149447,0,0,-42
1756012802.1529446,2,8,-51
1756012802.190945,0,6,-60
1756012802.2269447,2,-3,-56
1756012802.2639446,3,2,-56
1756012802.302945,2,-3,-55
1756012802.3409443,5,-1,-56
1756012802.3769443,7,5,-48
1756012802.4139447,3,8,-43
1756012802.4529445,1,-3,-45
1756012802.4909446,8,0,-52
1756012802.5269446,0,-1,-52
1756012802.5639446,0,0,-53
1756012802.6019447,-4,-4,-53
1756012802.6379447,-7,0,-49
1756012802.6759446,-5,-3,-48
1756012802.713945,2,-7,-41
1756012802.7529447,0,-1,-44
1756012802.7909446,-2,4,-54
1756012802.8269446,-7,1,-46
1756012802.8639443,-13,0,-45
1756012802.9029446,0,2,-48
1756012802.940945,-1,-3,-49
1756012802.9769447,2,-2,-52
1756012803.0139446,7,-2,-55
1756012803.052945,5,-4,-51
1756012803.088945,0,0,-45
1756012803.1259446,4,5,-58
1756012803.1639447,0,1,-51
1756012803.2019446,4,2,-62
1756012803.2379446,3,8,-47
1756012803.2749443,-2,5,-51
1756012803.3139446,-5,14,-40
1756012803.3519447,-1,-3,-50
1756012803.3879447,-1,0,-43
1756012803.4249446,-11,-3,-41
1756012803.463945,-5,0,-48
1756012803.5019443,-2,0,-46
1756012803.5379446,4,-1,-50
1756012803.5749447,6,-2,-50
1756012803.6139443,0,0,-53
1756012803.6519446,5,3,-60
1756012803.687945,2,1,-65
1756012803.7249446,2,0,-59
1756012803.7689445,2,-1,-57
1756012803.8069446,6,-1,-54
1756012803.8449447,1,-4,-50
1756012803.8839445,0,-2,-52
1756012803.9219446,-3,-7,-54
1756012803.9579446,-6,-1,-60
1756012803.996945,-19,-3,-53
1756012804.0339446,-2,2,-43
1756012804.0729446,-11,0,-54
1756012804.108945,-2,3,-49
1756012804.1459446,1,0,-57
1756012804.1839447,-5,-5,-44
1756012804.2229445,-6,-4,-44
1756012804.2589445,-11,0,-47
1756012804.2959447,-5,-2,-52
1756012804.3339446,-8,0,-58
1756012804.3729446,3,2,-57
1756012804.4089446,4,-2,-52
1756012804.4469447,1,-4,-56
1756012804.483945,-9,-3,-52
1756012804.5229447,-4,-4,-56
1756012804.5589447,0,-2,-56
1756012804.5969446,0,-5,-51
1756012804.634945,-1,-6,-48
1756012804.6729443,4,-3,-52
1756012804.7089446,-2,-6,-54
1756012804.746945,-11,5,-51
1756012804.7849443,-6,-2,-51
1756012804.8239446,2,1,-60
1756012804.8599446,1,-1,-63
1756012804.8969443,0,-2,-54
1756012804.9349446,7,-2,-51
1756012804.973945,3,3,-50
1756012805.009945,-4,0,-61
1756012805.0469446,-2,-1,-61
1756012805.0849447,-7,2,-53
1756012805.1239443,-4,5,-54
1756012805.1599443,0,-4,-59
1756012805.1969447,3,-1,-48
1756012805.2349446,1,5,-56
1756012805.2729447,0,4,-54
1756012805.3089447,2,0,-52
1756012805.3469446,1,-8,-56
1756012805.384945,2,-4,-57
1756012805.4229443,0,-1,-56
1756012805.4589446,0,0,-53
1756012805.4959445,1,1,-56
1756012805.5349443,-1,-2,-51
1756012805.5729446,0,-2,-54
1756012805.608945,-2,-2,-42
1756012805.6469443,-1,1,-42
1756012805.6849446,3,0,-42
1756012805.723945,-1,6,-48
1756012805.759945,3,0,-46
1756012805.7969446,-3,-2,-35
1756012805.8349447,-7,-2,-40
1756012805.8739443,-1,5,-49
1756012805.9099443,-2,0,-47
1756012805.9469447,-5,0,-48
1756012805.9849446,-8,0,-48
1756012806.0239446,-4,-2,-53
1756012806.0599446,0,-6,-47
1756012806.0979445,-1,-8,-52
1756012806.1359446,1,-6,-59
1756012806.1749446,4,0,-43
1756012806.2129445,3,1,-54
1756012806.2489443,0,-2,-63
1756012806.2859447,4,1,-56
1756012806.3239446,3,6,-48
1756012806.3599446,4,8,-48
1756012806.3969443,-2,0,-53
1756012806.4349446,1,-4,-52
1756012806.473945,1,2,-55
1756012806.509945,2,5,-61
1756012806.5469446,-3,5,-58
1756012806.5849447,5,0,-49
1756012806.6239443,2,0,-40
1756012806.6599443,-2,3,-55
1756012806.6979446,0,0,-61
1756012806.7359445,1,0,-55
1756012806.7739446,3,3,-48
1756012806.8099446,5,5,-49
1756012806.8469446,0,-5,-50
1756012806.884945,0,-1,-42
1756012806.9239447,0,3,-49
1756012806.9599447,-4,8,-52
1756012806.9979446,0,9,-47
1756012807.0349443,-4,-2,-56
1756012807.0739446,-1,1,-54
1756012807.1099446,-2,0,-57
1756012807.1479447,12,1,-55
1756012807.1859446,4,3,-51
1756012807.223945,6,4,-57
1756012807.259945,-1,-5,-46
1756012807.2979443,0,0,-49
1756012807.335945,-2,0,-52
1756012807.3749447,-5,0,-40
1756012807.4109447,-8,1,-49
1756012807.4479446,3,-1,-45
1756012807.4859445,0,7,-54
1756012807.5249443,6,2,-67
1756012807.5609446,2,0,-51
1756012807.5979445,2,2,-58
1756012807.6359446,4,6,-49
1756012807.6739447,6,4,-61
1756012807.7099447,1,1,-54
1756012807.7479446,-9,0,-57
1756012807.7859447,-1,1,-46
1756012807.8249447,1,5,-44
1756012807.8609445,-5,2,-52
1756012807.8979447,1,1,-51
1756012807.9359446,0,0,-51
1756012807.973945,-3,0,-51
1756012808.009945,-1,0,-48
1756012808.0479443,4,-5,-57
1756012808.085945,0,6,-63
1756012808.121945,-1,2,-67
1756012808.1599443,0,-1,-60
1756012808.1979446,0,7,-61
1756012808.2359445,-1,9,-57
1756012808.2719443,-5,0,-53
1756012808.3099446,-1,-2,-55
1756012808.3479445,-2,-4,-39
1756012808.3859446,4,0,-46
1756012808.4249446,0,3,-57
1756012808.460945,4,2,-61
1756012808.4979446,4,5,-54
1756012808.5359447,-3,0,-47
1756012808.5719447,-3,6,-53
1756012808.6099446,-8,3,-53
1756012808.6479447,2,2,-63
1756012808.6859446,-3,1,-65
1756012808.7219446,-2,1,-52
1756012808.759945,0,-2,-58
1756012808.7979443,1,-1,-49
1756012808.8369446,0,-1,-51
1756012808.8749447,6,2,-61
1756012808.9109447,7,1,-56
1756012808.9479446,2,2,-61
1756012808.986945,4,-2,-63
1756012809.0249443,6,1,-66
1756012809.0609446,-1,-5,-54
1756012809.098945,-5,2,-51
1756012809.1369443,-5,-1,-46
1756012809.1759446,-3,-3,-56
1756012809.2119446,0,-1,-42
1756012809.2489443,2,-2,-40
1756012809.2869446,1,0,-45
1756012809.3249447,8,4,-45
1756012809.3609445,3,0,-53
1756012809.3979447,0,-1,-57
1756012809.4369447,-2,1,-50
1756012809.4749446,8,0,-48
1756012809.5109446,5,0,-51
1756012809.5479443,5,-4,-56
1756012809.5869446,-4,0,-49
1756012809.6249447,-6,-1,-57
1756012809.6609447,0,4,-52
1756012809.6979446,-6,-2,-55
1756012809.736945,-14,-3,-55
1756012809.7729447,-3,1,-54
1756012809.8099446,0,-1,-50
1756012809.8479445,3,0,-47
1756012809.8859446,6,-3,-58
1756012809.9219446,0,-7,-64
1756012809.9599447,5,-12,-49
1756012809.9979446,-1,-10,-50
1756012810.0369446,0,0,-63
1756012810.0729446,-6,-1,-63
1756012810.1109445,9,-5,-51
1756012810.1489446,6,8,-58
1756012810.1869447,-3,4,-49
1756012810.2259445,-3,-1,-41
1756012810.2619443,-2,2,-52
1756012810.2989447,1,-4,-46
1756012810.3369446,3,0,-50
1756012810.3729446,-4,0,-55
1756012810.4109447,-6,-2,-58
1756012810.4489446,-5,0,-56
1756012810.486945,-9,-2,-47
1756012810.5229447,-11,0,-53
1756012810.5599446,-3,0,-55
1756012810.5979445,-2,4,-52
1756012810.6369443,0,8,-46
1756012810.6729443,0,4,-65
1756012810.7099447,3,-1,-67
1756012810.7489443,-2,-2,-45
1756012810.7869446,-1,-1,-51
1756012810.8229446,-1,5,-56
1756012810.8599446,-3,3,-49
1756012810.8989446,-5,2,-58
1756012810.9369447,0,3,-53
1756012810.9729445,0,1,-61
1756012811.009945,7,-3,-62
1756012811.0489447,7,-6,-64
1756012811.0869446,-4,-8,-50
1756012811.1229446,-3,-7,-53
1756012811.1609447,3,-2,-66
1756012811.1989446,3,0,-55
1756012811.2379446,-3,0,-53
1756012811.2759447,2,-1,-54
1756012811.3119447,4,-6,-47
1756012811.348945,5,-2,-44
1756012811.3879447,-2,2,-43
1756012811.4239447,-4,0,-48
1756012811.4619446,-6,-4,-58
1756012811.4989443,-2,-2,-64
1756012811.5379446,-2,-3,-53
1756012811.5739446,1,-4,-51
1756012811.611945,6,-2,-54
1756012811.6489446,0,-2,-48
1756012811.687945,-9,-1,-52
1756012811.723945,0,-7,-46
1756012811.7619443,2,-3,-50
1756012811.7989447,3,-2,-54
1756012811.8379445,0,-4,-59
1756012811.8739443,-1,0,-65
1756012811.9119446,3,1,-55
1756012811.9489446,4,-1,-64
1756012811.9879446,-3,-2,-43
1756012812.0239446,-1,0,-49
1756012812.0609446,-6,8,-58
1756012812.098945,-5,2,-50
1756012812.1379447,-1,-2,-52
1756012812.1739447,-4,1,-58
1756012812.2119446,2,0,-58
1756012812.2489443,5,3,-55
1756012812.2869446,1,0,-65
1756012812.3229446,-2,0,-58
1756012812.3599446,-8,-3,-52
1756012812.3989446,0,-2,-50
1756012812.4369447,-1,0,-47
1756012812.4729445,1,1,-49
1756012812.509945,-3,2,-62
1756012812.5489447,-3,-3,-43
1756012812.5869446,-2,-2,-47
1756012812.6229446,2,-3,-54
1756012812.6599443,0,-6,-60
1756012812.6989446,8,-3,-46
1756012812.736945,-1,-1,-47
1756012812.7729447,0,1,-51
1756012812.8099446,-4,3,-46
1756012812.848945,5,4,-52
1756012812.8869443,0,-7,-41
1756012812.9229443,1,-5,-52
1756012812.9599447,2,-3,-53
1756012812.9989443,6,-2,-51
1756012813.0349443,-3,0,-49
1756012813.0719447,4,-4,-42
1756012813.1099446,3,2,-34
1756012813.1489446,2,0,-50
1756012813.1849446,10,10,-54
1756012813.2219446,8,0,-56
1756012813.2589445,5,2,-46
1756012813.2979443,1,0,-48
1756012813.3339446,3,2,-39
1756012813.371945,-3,-4,-43
1756012813.4099443,2,-5,-48
1756012813.4489446,2,-6,-54
1756012813.4849446,-2,0,-54
1756012813.5229447,4,-1,-52
1756012813.5599446,0,-11,-41
1756012813.598945,-2,-5,-49
1756012813.634945,6,0,-50
1756012813.6719446,1,-1,-50
1756012813.7099447,-5,0,-51
1756012813.7489443,-4,3,-42
1756012813.792945,0,0,-49
1756012813.8319447,1,2,-56
1756012813.8699446,-3,1,-43
1756012813.907945,1,-10,-42
1756012813.9439447,1,-2,-43
1756012813.9819446,0,0,-53
1756012814.019945,2,-7,-57
1756012814.0579443,3,-2,-49
1756012814.0939443,2,-8,-48
1756012814.131945,5,0,-51
1756012814.1699443,-8,-2,-43
1756012814.2079446,4,-3,-46
1756012814.2439446,5,1,-44
1756012814.2809446,2,1,-56
1756012814.3199446,-1,0,-47
1756012814.3579447,0,0,-42
1756012814.3939445,8,4,-50
1756012814.4319446,0,5,-57
1756012814.4699447,-3,-1,-63
1756012814.5079446,-2,-5,-54
1756012814.5439446,0,0,-57
1756012814.5819447,0,-1,-55
1756012814.6199446,0,3,-50
1756012814.6559446,2,0,-57
1756012814.6929443,-4,0,-47
1756012814.7319446,-6,0,-59
1756012814.769945,-1,-6,-58
1756012814.8059447,2,-9,-57
1756012814.8429446,1,-3,-55
1756012814.881945,4,0,-56
1756012814.9199443,5,1,-59
1756012814.9559443,9,4,-52
1756012814.9929447,0,-4,-55
1756012815.0309446,-1,-4,-62
1756012815.0699446,6,0,-47
1756012815.1059446,10,-1,-42
1756012815.1429446,0,4,-43
1756012815.1819446,-1,0,-45
1756012815.2199447,0,-10,-46
1756012815.2559447,0,-5,-54
1756012815.292945,-4,-4,-51
1756012815.3309443,-5,3,-50
1756012815.3699446,-1,0,-48
1756012815.4059446,0,-2,-47
1756012815.4429443,-7,-5,-51
1756012815.4809446,-1,-2,-49
1756012815.519945,-7,0,-56
1756012815.5559447,0,-2,-58
1756012815.5929446,0,-8,-50
1756012815.631945,-5,-2,-50
1756012815.6699443,1,-4,-56
1756012815.7059443,-3,-6,-55
1756012815.7449446,-6,-9,-46
1756012815.7819445,-1,-6,-42
1756012815.8209443,-5,5,-46
1756012815.858945,-2,1,-45
1756012815.894945,0,-6,-47
1756012815.9329443,0,-7,-50
1756012815.9709446,6,1,-54
1756012816.0089445,6,-1,-50
1756012816.0449443,0,1,-47
1756012816.0819447,1,0,-62
1756012816.1199446,3,-4,-47
1756012816.1559446,3,-7,-48
1756012816.1929443,7,0,-48
1756012816.2309446,-3,0,-43
1756012816.2689445,-3,0,-49
1756012816.3049445,-4,2,-42
1756012816.3419447,-4,-4,-45
1756012816.3809447,-1,0,-52
1756012816.4169445,0,2,-54
1756012816.4539447,10,-2,-53
1756012816.4919446,0,-7,-52
1756012816.5309446,0,-7,-58
1756012816.5669446,-8,-7,-68
1756012816.6059446,-2,0,-46
1756012816.6429446,-1,10,-52
1756012816.6809447,6,-1,-48
1756012816.7199447,7,7,-46
1756012816.7559447,6,2,-49
1756012816.792945,-6,-1,-41
1756012816.8309443,-7,-1,-40
1756012816.8699446,2,-4,-50
1756012816.9059446,2,-6,-69
1756012816.9429443,1,-3,-51
1756012816.9809446,-2,-6,-56
1756012817.019945,3,0,-56
1756012817.0559447,-1,1,-50
1756012817.0929446,-3,-4,-53
1756012817.131945,-2,-4,-49
1756012817.1699443,-2,1,-50
1756012817.2059443,-2,1,-60
1756012817.2429447,4,0,-57
1756012817.2809446,1,-1,-52
1756012817.3169446,0,-6,-56
1756012817.3539443,-5,-3,-40
1756012817.3919446,3,-3,-45
1756012817.4309447,0,-10,-41
1756012817.4669447,0,-2,-46
1756012817.5039446,-3,-5,-42
1756012817.5419445,3,5,-41
1756012817.5809443,0,-3,-44
1756012817.6169446,1,-2,-39
1756012817.6539447,0,-4,-50
1756012817.6919446,-1,-5,-60
1756012817.7309446,2,3,-50
1756012817.7669446,0,-1,-38
1756012817.8039446,1,-3,-39
1756012817.8429446,-2,-2,-49
1756012817.8809447,1,0,-56
1756012817.9169445,0,1,-49
1756012817.9539447,-7,0,-51
1756012817.9919446,-1,-4,-54
1756012818.0309446,0,1,-54
1756012818.0669446,7,0,-51
1756012818.1039443,4,1,-48
1756012818.1429446,3,1,-45
1756012818.1809447,-3,-2,-46
1756012818.2169447,-3,3,-52
1756012818.2539446,-7,1,-58
1756012818.292945,0,3,-46
1756012818.3309443,-3,3,-45
1756012818.3669446,-1,0,-58
1756012818.4039447,3,4,-45
1756012818.4419446,1,-6,-52
1756012818.4779446,-3,0,-65
1756012818.5149446,-2,0,-66
1756012818.552945,5,-6,-64
1756012818.5919447,-2,-1,-57
1756012818.6279447,0,-2,-47
1756012818.6649446,1,-6,-52
1756012818.7029445,0,-1,-58
1756012818.7419446,-2,-5,-43
1756012818.7779446,-4,-8,-47
1756012818.815945,8,-1,-47
1756012818.8539443,5,-2,-47
1756012818.8929446,-7,-2,-61
1756012818.9309447,-6,-3,-49
1756012818.9669447,0,0,-48
1756012819.0039446,-12,-4,-50
1756012819.042945,-10,-2,-50
1756012819.0809443,0,-6,-42
1756012819.1169446,7,0,-49
1756012819.1539447,-3,3,-50
1756012819.1929443,0,5,-50
1756012819.2309446,-2,5,-53
1756012819.2669446,-4,2,-46
1756012819.3039446,-3,3,-55
1756012819.3429446,-2,5,-49
1756012819.3809447,-2,1,-53
1756012819.4169445,2,-5,-46
1756012819.4539447,1,0,-34
1756012819.4919446,0,-3,-47
1756012819.5279446,3,-4,-51
1756012819.5649445,0,4,-56
1756012819.6029446,2,3,-51
1756012819.6409447,3,2,-45
1756012819.6769447,3,1,-50
1756012819.7149446,2,0,-50
1756012819.7529447,-2,-4,-47
1756012819.7889447,0,0,-52
1756012819.825945,4,0,-60
1756012819.8629446,2,0,-63
1756012819.8989446,2,-8,-59
1756012819.9359446,-4,-2,-52
1756012819.973945,-8,-3,-34
1756012820.0129447,-10,1,-61
1756012820.0489447,-1,0,-58
1756012820.085945,-1,2,-53
1756012820.1239443,-1,3,-47
1756012820.1629446,4,1,-58
1756012820.1989446,-1,1,-57
1756012820.2359445,0,6,-56
1756012820.2729447,3,1,-53
1756012820.3089447,2,-3,-59
1756012820.3469446,4,-2,-54
1756012820.384945,0,3,-58
1756012820.4239447,2,-3,-51
1756012820.4619446,-5,0,-60
1756012820.4979446,-1,-2,-62
1756012820.5359447,-8,4,-51
1756012820.5739446,-2,5,-50
1756012820.6129446,-2,5,-52
1756012820.6489446,-5,0,-61
1756012820.6859446,-3,-8,-53
1756012820.723945,1,0,-57
1756012820.7619443,3,0,-50
1756012820.7979443,0,4,-60
1756012820.8349447,1,0,-68
1756012820.8729446,1,0,-59
1756012820.9089446,0,-3,-52
1756012820.9479446,2,-4,-50
1756012820.9849446,1,-8,-52
1756012821.0239446,4,-15,-50
1756012821.0619447,-1,-3,-45
1756012821.0979445,-3,-3,-43
1756012821.1359446,-3,-2,-49
1756012821.1739447,-4,3,-55
1756012821.2129445,-10,0,-55
1756012821.2489443,0,9,-58
1756012821.2859447,-2,1,-52
1756012821.3239446,-3,2,-51
1756012821.3629446,-5,4,-49
1756012821.3989446,0,0,-47
1756012821.4359446,0,0,-43
1756012821.473945,-5,-9,-56
1756012821.5129447,-2,-5,-61
1756012821.5489447,4,0,-55
1756012821.585945,0,-6,-59
1756012821.6239443,1,-2,-67
1756012821.6629446,-3,1,-53
1756012821.6989446,3,-1,-56
1756012821.7359445,1,1,-51
1756012821.7739446,-8,0,-50
1756012821.8109446,0,-1,-46
1756012821.8479445,3,1,-56
1756012821.884945,3,0,-49
1756012821.9229443,0,-5,-45
1756012821.9589446,2,-4,-47
1756012821.9959445,-4,0,-52
1756012822.0339446,0,0,-57
1756012822.0699446,1,-1,-45
1756012822.1079447,0,-5,-59
1756012822.1459446,-1,-4,-55
1756012822.1849446,0,-4,-50
1756012822.2229445,0,1,-58
1756012822.2589445,5,-3,-40
1756012822.2969446,-1,2,-35
1756012822.3349447,-3,0,-54
1756012822.3739443,-9,-7,-42
1756012822.4109447,-2,0,-42
1756012822.4479446,0,4,-48
1756012822.4849446,-2,4,-50
1756012822.5239446,1,-6,-52
1756012822.5609446,-4,-2,-52
1756012822.5979445,3,-1,-52
1756012822.6359446,2,-6,-59
1756012822.6749446,1,-3,-53
1756012822.7129445,-1,-9,-53
1756012822.7489443,-6,-5,-55
1756012822.7869446,-6,-3,-49
1756012822.8249447,10,0,-44
1756012822.8639443,2,3,-49
1756012822.8999443,0,-4,-50
1756012822.9369447,-4,-7,-51
1756012822.9749446,0,-5,-54
1756012823.0139446,-10,-2,-47
1756012823.0499446,0,-3,-51
1756012823.0879445,0,-7,-41
1756012823.1259446,0,-4,-50
1756012823.1649446,1,3,-43
1756012823.2019446,0,6,-54
1756012823.2389443,-8,-2,-50
1756012823.2769446,-3,-7,-47
1756012823.3149445,-2,-3,-50
1756012823.3539443,0,-2,-48
1756012823.3899446,2,5,-56
1756012823.4269447,6,-1,-48
1756012823.4649446,-5,2,-52
1756012823.5039446,-1,1,-51
1756012823.5399446,3,3,-53
1756012823.5769446,-5,1,-55
1756012823.6149447,-3,1,-58
1756012823.6539447,1,-1,-42
1756012823.6899445,3,2,-36
1756012823.7269447,4,4,-49
1756012823.7649446,7,8,-54
1756012823.8079443,0,-3,-59
1756012823.8459446,1,-3,-49
1756012823.884945,1,-6,-52
1756012823.9209447,-5,-6,-47
1756012823.9589446,-1,0,-50
1756012823.996945,1,-5,-47
1756012824.0359447,3,-8,-53
1756012824.0739446,0,-6,-44
1756012824.1109445,-6,-5,-50
1756012824.1479447,3,-1,-55
1756012824.1859446,4,0,-43
1756012824.223945,6,2,-43
1756012824.2609446,-2,-13,-50
1756012824.2979443,2,-4,-45
1756012824.335945,2,-5,-55
1756012824.3749447,-2,-4,-46
1756012824.4109447,0,-4,-54
1756012824.4479446,8,-3,-51
1756012824.4859445,0,-2,-47
1756012824.5249443,-1,0,-43
1756012824.5609446,-7,-1,-58
1756012824.598945,-11,6,-49
1756012824.6369443,-3,5,-47
1756012824.6759446,6,-4,-58
1756012824.7119446,-2,0,-59
1756012824.7489443,2,-2,-59
1756012824.7869446,-1,-1,-63
1756012824.825945,2,1,-57
1756012824.861945,-1,4,-50
1756012824.9009447,-1,4,-66
1756012824.9389446,-6,4,-57
1756012824.9759445,2,-5,-56
1756012825.0149446,0,2,-48
1756012825.0509446,0,-3,-58
1756012825.0879445,2,0,-56
1756012825.1259446,-9,-1,-59
1756012825.1649446,-6,-4,-54
1756012825.200945,-3,4,-60
1756012825.2389443,-7,-1,-48
1756012825.2759447,-4,-5,-55
1756012825.3149445,3,-11,-55
1756012825.3509445,0,-7,-46
1756012825.3889446,2,0,-51
1756012825.4269447,-3,2,-61
1756012825.4659443,0,1,-56
1756012825.5019443,4,7,-54
1756012825.5389447,1,2,-55
1756012825.5769446,6,-3,-43
1756012825.6149447,-4,-4,-49
1756012825.6509447,0,0,-51
1756012825.687945,-5,-2,-53
1756012825.7269447,1,-7,-56
1756012825.7649446,10,-1,-59
1756012825.8009446,5,2,-58
1756012825.8379445,3,0,-54
1756012825.8769443,0,-3,-57
1756012825.9149446,6,-2,-47
1756012825.950945,0,-1,-48
1756012825.9889443,1,-2,-55
1756012826.0269446,0,0,-51
1756012826.0649445,-4,0,-46
1756012826.1009445,-1,-5,-48
1756012826.1389446,9,-1,-59
1756012826.177945,0,2,-63
1756012826.2159443,-3,3,-50
1756012826.2519443,0,6,-57
1756012826.2889447,-2,-3,-53
1756012826.3279445,6,-6,-53
1756012826.3659446,4,0,-61
1756012826.4019446,5,-4,-57
1756012826.4389446,-6,-4,-52
1756012826.4779446,0,-1,-60
1756012826.5159447,0,6,-54
1756012826.5519447,4,7,-46
1756012826.588945,1,4,-48
1756012826.6269443,-6,6,-45
1756012826.6629446,-5,6,-51
1756012826.700945,-4,0,-52
1756012826.7389443,-5,-2,-54
1756012826.7769446,-7,3,-65
1756012826.815945,-5,-1,-55
1756012826.8519447,-7,-2,-46
1756012826.8899446,-9,-4,-51
1756012826.927945,-6,0,-52
1756012826.9669447,1,4,-51
1756012827.0029447,0,-3,-60
1756012827.0409446,5,5,-63
1756012827.0779445,-2,4,-64
1756012827.1169446,-11,-2,-57
1756012827.1529446,0,3,-58
1756012827.1899445,-1,-1,-53
1756012827.2279446,-4,-6,-50
1756012827.2669446,-8,-3,-49
1756012827.302945,-3,1,-42
1756012827.3399446,-6,-1,-46
1756012827.3779447,-2,2,-37
1756012827.4169445,-5,0,-57
1756012827.4529445,-4,-2,-71
1756012827.4909446,3,-4,-58
1756012827.5289447,6,-4,-56
1756012827.5679443,-1,-2,-46
1756012827.6059446,1,0,-63
1756012827.6419446,3,0,-53
1756012827.6789446,3,-4,-54
1756012827.7179446,-6,4,-55
1756012827.7559447,0,5,-56
1756012827.7919445,5,3,-53
1756012827.8289447,4,-2,-56
1756012827.8679447,-2,0,-55
1756012827.9059446,-8,-2,-52
1756012827.9419446,-11,-3,-59
1756012827.9799447,0,-4,-55
1756012828.0179446,-1,-4,-55
1756012828.0569446,-6,-1,-43
1756012828.0929446,-2,2,-45
1756012828.131945,-8,-9,-52
1756012828.1689446,-11,-5,-41
1756012828.2079446,1,-6,-45
1756012828.2439446,4,2,-51
1756012828.2819445,2,-4,-50
1756012828.3199446,-3,-4,-54
1756012828.3579447,-4,-1,-61
1756012828.3939445,-1,2,-58
1756012828.4319446,4,1,-49
1756012828.4699447,4,-1,-47
1756012828.5079446,7,-7,-52
1756012828.5439446,3,-9,-57
1756012828.5809443,1,4,-48
1756012828.6199446,5,3,-36
1756012828.657945,6,-4,-40
1756012828.6939447,6,2,-48
1756012828.7309446,0,-4,-35
1756012828.769945,-4,-11,-39
1756012828.8079443,-4,4,-40
1756012828.8439443,-1,-6,-53
1756012828.881945,-2,-2,-53
1756012828.9199443,-8,-5,-57
1756012828.9589446,5,-3,-43
1756012828.996945,8,-10,-49
1756012829.032945,8,-7,-56
1756012829.0699446,6,-5,-60
1756012829.108945,0,2,-61
1756012829.1469443,-7,0,-64
1756012829.1829443,-6,2,-53
1756012829.2199447,0,-1,-48
1756012829.2589445,3,-1,-68
1756012829.2969446,4,-1,-52
1756012829.3329446,-2,-3,-52
1756012829.3709445,-6,-7,-44
1756012829.4089446,-2,3,-54
1756012829.4479446,-8,3,-40
1756012829.483945,-1,0,-54
1756012829.5209446,0,0,-55
1756012829.5589447,-4,0,-50
1756012829.5979445,-6,0,-55
1756012829.6339445,-5,-7,-58
1756012829.6719446,0,0,-57
1756012829.7099447,-3,-2,-56
1756012829.7489443,0,-7,-50
1756012829.7849443,-1,-2,-46
1756012829.8239446,-3,0,-47
1756012829.8609445,-1,-4,-71
1756012829.8999443,-3,4,-53
1756012829.937945,-4,6,-62
1756012829.973945,-4,5,-58
1756012830.0109446,10,0,-49
1756012830.0489447,2,0,-40
1756012830.0849447,-1,-4,-50
1756012830.1229446,0,-5,-33
1756012830.1609447,-2,-2,-39
1756012830.1989446,5,-4,-50
1756012830.2379446,0,-5,-48
1756012830.2739446,-7,-3,-51
1756012830.312945,-2,-3,-46
1756012830.3499446,6,-2,-52
1756012830.3889446,7,0,-54
1756012830.4249446,16,-3,-56
1756012830.4619446,-2,-1,-45
1756012830.4999447,-3,0,-53
1756012830.5389447,-2,-6,-47
1756012830.5749447,-4,-7,-54
1756012830.6129446,-8,0,-54
1756012830.6509447,-4,0,-52
1756012830.6899445,-1,-1,-38
1756012830.7279446,8,-6,-41
1756012830.7639446,9,-2,-49
1756012830.8009446,11,-1,-55
1756012830.8399446,7,0,-59
1756012830.8779447,-3,-3,-57
1756012830.9139447,-3,0,-67
1756012830.9519446,0,-9,-51
1756012830.9899447,-8,-5,-61
1756012831.0289447,0,-8,-47
1756012831.0649445,-3,-6,-53
1756012831.1039443,-7,-7,-53
1756012831.1409447,-10,-3,-50
1756012831.1799445,-4,0,-50
1756012831.2179446,-1,-3,-57
1756012831.2549446,0,0,-58
1756012831.2919445,7,0,-52
1756012831.3299446,0,-2,-50
1756012831.3659446,4,0,-45
1756012831.4029446,7,-1,-61
1756012831.4419446,5,-1,-58
1756012831.4799447,-7,-2,-62
1756012831.5159447,-5,-5,-55
1756012831.5549445,5,-1,-51
1756012831.5919447,2,-8,-55
1756012831.6299446,2,-10,-58
1756012831.6689446,-3,-3,-48
1756012831.7049446,-9,-4,-55
1756012831.7429447,-5,-8,-51
1756012831.7809446,3,-3,-45
1756012831.8199446,0,-4,-38
1756012831.8559446,-2,-3,-49
1756012831.8939445,-2,-2,-45
1756012831.9319446,-6,3,-43
1756012831.9699447,-11,0,-46
1756012832.0089445,-9,-3,-51
1756012832.0449443,-2,-3,-45
1756012832.0829446,0,-5,-49
1756012832.1209445,-1,-2,-57
1756012832.1599443,-1,-4,-55
1756012832.1959443,-1,-4,-46
1756012832.233945,-4,2,-43
1756012832.2719443,-7,3,-50
1756012832.3109446,-10,-4,-53
1756012832.348945,-1,0,-50
1756012832.384945,-6,2,-54
1756012832.4219446,-1,0,-42
1756012832.460945,0,3,-47
1756012832.4989443,4,2,-57
1756012832.5349443,2,-2,-49
1756012832.5719447,0,2,-47
1756012832.6099446,-3,0,-48
1756012832.6459446,1,-3,-60
1756012832.6829443,0,-4,-53
1756012832.7209446,1,3,-53
1756012832.759945,6,0,-50
1756012832.7959447,0,0,-51
1756012832.8329446,6,-3,-62
1756012832.8709445,5,3,-56
1756012832.9099443,0,0,-47
1756012832.9459443,6,4,-41
1756012832.9829447,8,4,-37
1756012833.0209446,0,3,-44
1756012833.0569446,2,-2,-47
1756012833.0949447,-2,-3,-50
1756012833.1329446,3,-8,-56
1756012833.1709447,-4,-10,-51
1756012833.2099447,1,1,-50
1756012833.2459445,0,2,-58
1756012833.282945,-8,6,-51
1756012833.3209443,-1,-1,-50
1756012833.3599446,-4,0,-49
1756012833.3959446,-3,0,-39
1756012833.4339447,-6,-5,-44
1756012833.4719446,-2,0,-49
1756012833.5109446,-1,0,-43
1756012833.5469446,-8,2,-48
1756012833.5849447,-10,1,-51
1756012833.6229446,0,4,-55
1756012833.6609447,0,-4,-59
1756012833.6969447,-7,-1,-52
1756012833.7349446,-7,0,-48
1756012833.7729447,-1,3,-47
1756012833.8169446,-3,1,-58
1756012833.8559446,-6,0,-45
1756012833.8939445,-1,0,-46
1756012833.9319446,3,-7,-52
1756012833.9699447,5,-3,-51
1756012834.0059447,0,-5,-59
1756012834.0439446,-1,-3,-53
1756012834.0819447,0,-1,-53
1756012834.1209445,2,0,-43
1756012834.1569445,0,2,-45
1756012834.1939447,3,0,-43
1756012834.2319446,1,3,-49
1756012834.269945,0,1,-48
1756012834.3059447,-2,-4,-46
1756012834.3439443,1,-5,-52
1756012834.381945,-7,4,-62
1756012834.4209447,-5,3,-59
1756012834.4569447,-4,9,-60
1756012834.4939446,6,0,-60
1756012834.5319445,0,0,-61
1756012834.5699446,-1,4,-57
1756012834.6059446,0,4,-59
1756012834.6429446,-1,-3,-50
1756012834.6819446,1,-4,-48
1756012834.7179446,-8,-11,-40
1756012834.7559447,-5,-8,-47
1756012834.7939446,-3,-1,-58
1756012834.8319447,0,-2,-51
1756012834.8709445,0,-10,-57
1756012834.9069445,-4,-2,-47
1756012834.9449446,-6,-1,-46
1756012834.9829447,0,0,-53
1756012835.0209446,1,-3,-51
1756012835.0569446,1,5,-53
1756012835.0939443,4,5,-62
1756012835.131945,-1,-4,-50
1756012835.167945,-12,0,-47
1756012835.2049446,0,-3,-48
1756012835.2429447,5,0,-60
1756012835.2819445,8,2,-40
1756012835.3179443,2,2,-55
1756012835.3549447,-1,-3,-51
1756012835.3929446,-4,-7,-58
1756012835.4319446,-5,4,-50
1756012835.4679446,-1,-1,-46
1756012835.5059447,0,-2,-43
1756012835.5439446,-3,-6,-52
1756012835.5829446,1,-2,-58
1756012835.6209445,4,-1,-56
1756012835.6569445,0,4,-57
1756012835.6939447,-2,-2,-47
1756012835.7329447,-4,1,-52
1756012835.7709446,-4,1,-53
1756012835.8069446,-12,-6,-57
1756012835.8449447,-2,1,-56
1756012835.8829446,-2,-1,-51
1756012835.9219446,-3,-1,-64
1756012835.9579446,-4,-2,-56
1756012835.9959445,0,-4,-61
1756012836.0339446,-5,0,-52
1756012836.0729446,-2,4,-52
1756012836.1109445,3,0,-59
1756012836.1469443,-1,-2,-58
1756012836.1849446,0,-1,-63
1756012836.223945,6,-7,-60
1756012836.2619443,-10,-2,-59
1756012836.2979443,-7,-5,-43
1756012836.335945,2,3,-61
1756012836.3739443,-3,-1,-61
1756012836.4129446,1,-7,-61
1756012836.4489446,8,-2,-51
1756012836.486945,0,-3,-51
1756012836.5249443,-4,0,-54
1756012836.562945,0,-1,-53
1756012836.6019447,-3,-7,-48
1756012836.6379447,8,-4,-51
1756012836.6759446,3,3,-47
1756012836.713945,8,2,-46
1756012836.7529447,-2,1,-61
1756012836.7889447,2,-2,-51
1756012836.825945,3,0,-41
1756012836.8629446,-6,-2,-49
1756012836.9019446,-2,0,-47
1756012836.937945,0,-3,-44
1756012836.9749446,-3,0,-45
1756012837.0129447,-8,-1,-62
1756012837.0519447,-12,-2,-62
1756012837.0879445,-5,0,-48
1756012837.1249447,-1,1,-47
1756012837.1639447,-1,4,-54
1756012837.2019446,-4,0,-45
1756012837.2379446,-1,2,-53
1756012837.2759447,-3,-1,-52
1756012837.3139446,0,2,-49
1756012837.3529446,-5,2,-57
1756012837.3889446,1,8,-50
1756012837.4259446,-2,0,-55
1756012837.463945,-6,5,-57
1756012837.5029447,4,8,-48
1756012837.5389447,0,1,-60
1756012837.575945,-5,0,-51
1756012837.6139443,5,1,-40
1756012837.6529446,10,-3,-51
1756012837.6889446,3,-3,-47
1756012837.7269447,8,5,-41
1756012837.7649446,3,1,-43
1756012837.802945,0,-2,-42
1756012837.838945,-1,-4,-45
1756012837.8769443,1,-2,-50
1756012837.9149446,-2,2,-47
1756012837.9539447,6,-1,-53
1756012837.9899447,0,-1,-50
1756012838.0269446,5,0,-53
1756012838.0649445,7,0,-51
1756012838.1039443,5,-2,-54
1756012838.1399446,4,6,-54
1756012838.1769447,6,-10,-50
1756012838.2149446,0,-1,-42
1756012838.2539446,0,-3,-47
1756012838.2899446,-2,0,-53
1756012838.3269446,3,-6,-46
1756012838.3649447,-3,-3,-48
1756012838.4039447,1,-1,-55
1756012838.4399445,4,0,-46
1756012838.4779446,8,0,-53
1756012838.5149446,0,2,-53
1756012838.5539446,-3,3,-54
1756012838.5899446,-5,4,-45
1756012838.6289446,3,4,-54
1756012838.6669445,7,1,-51
1756012838.7049446,7,-3,-49
1756012838.7429447,-2,0,-48
1756012838.7789447,-2,0,-48
1756012838.8169446,-1,-5,-50
1756012838.8549447,1,-5,-56
1756012838.8929446,1,-2,-42
1756012838.9289446,3,2,-51
1756012838.9659443,4,1,-51
1756012839.0039446,5,1,-40
1756012839.0399446,1,0,-45
1756012839.0769446,0,-1,-54
1756012839.1159446,-4,-2,-52
1756012839.1539447,-4,3,-51
1756012839.1899445,0,5,-50
1756012839.2269447,0,3,-39
1756012839.2649446,-4,-3,-39
1756012839.302945,3,-3,-48
1756012839.338945,4,-11,-54
1756012839.3769443,1,-4,-50
1756012839.4149446,2,0,-36
1756012839.4539447,-1,-1,-55
1756012839.4899447,0,-4,-56
1756012839.5279446,10,-1,-52
1756012839.565945,2,5,-52
1756012839.6039443,4,-6,-53
1756012839.6399446,4,0,-57
1756012839.6769447,2,-6,-52
1756012839.7149446,-8,-4,-57
1756012839.7539446,-1,-1,-57
1756012839.7899446,-1,-3,-51
1756012839.8279445,0,-2,-45
1756012839.8659446,4,-4,-46
1756012839.904945,1,3,-54
1756012839.940945,0,5,-55
1756012839.9789443,5,6,-59
1756012840.0159447,1,-6,-46
1756012840.0549445,-1,0,-43
1756012840.0909443,0,3,-51
1756012840.1289446,4,4,-47
1756012840.1659446,-5,4,-50
1756012840.2049446,-2,6,-46
1756012840.2409446,-6,9,-47
1756012840.2789447,-8,7,-49
1756012840.315945,-3,5,-50
1756012840.3549447,-6,-3,-56
1756012840.3909447,-10,-7,-58
1756012840.4289446,1,-1,-55
1756012840.4679446,3,-3,-48
1756012840.5059447,4,-6,-56
1756012840.5439446,6,-11,-63
1756012840.5799446,0,-2,-56
1756012840.6169446,3,0,-58
1756012840.6559446,4,1,-51
1756012840.6939447,10,-10,-51
1756012840.7299447,-2,-4,-55
1756012840.7679446,5,-2,-57
1756012840.8059447,0,-10,-48
1756012840.8449447,0,0,-52
1756012840.8809447,-2,0,-48
1756012840.9189446,-3,6,-53
1756012840.9569447,-9,2,-55
1756012840.9959445,-8,-2,-57
1756012841.0339446,0,-7,-50
1756012841.0699446,2,3,-44
1756012841.1079447,1,-4,-53
1756012841.1459446,-1,1,-54
1756012841.1849446,-3,-1,-45
1756012841.2209446,-4,8,-54
1756012841.2579446,-7,0,-49
1756012841.2959447,1,-5,-55
1756012841.3349447,-5,-1,-51
1756012841.3709445,-7,0,-51
1756012841.407945,0,-2,-41
1756012841.4459443,6,0,-46
1756012841.4849446,8,-2,-51
1756012841.5209446,4,-6,-49
1756012841.5579443,3,-2,-56
1756012841.5959446,4,0,-44
1756012841.631945,3,-1,-48
1756012841.6689446,0,3,-51
1756012841.7059443,-7,0,-59
1756012841.7449446,-8,4,-66
1756012841.7809446,-2,-4,-59
1756012841.8189447,0,4,-56
1756012841.8569446,-5,-1,-45
1756012841.8959446,-5,-4,-56
1756012841.9319446,0,-1,-52
1756012841.9689443,-5,-12,-57
1756012842.006945,-3,-7,-58
1756012842.0459447,-7,-1,-54
1756012842.0819447,-6,-3,-51
1756012842.1199446,1,-7,-47
1756012842.157945,0,-4,-53
1756012842.1969447,4,-4,-54
1756012842.2349446,3,-3,-38
1756012842.2709446,7,1,-51
1756012842.3079443,-1,1,-45
1756012842.3469446,-5,4,-53
1756012842.384945,-3,0,-51
1756012842.4209447,-2,1,-44
1756012842.4579446,4,-6,-60
1756012842.496945,1,0,-48
1756012842.5349443,0,2,-51
1756012842.5709443,-3,8,-56
1756012842.608945,4,3,-55
1756012842.6469443,0,-3,-60
1756012842.6859446,0,-5,-41
1756012842.7219446,-3,0,-43
1756012842.7589445,5,-8,-54
1756012842.7969446,7,0,-52
1756012842.8349447,0,0,-58
1756012842.871945,8,3,-61
1756012842.9099443,6,4,-57
1756012842.9469447,3,-6,-42
1756012842.9859445,0,-9,-41
1756012843.0219443,-2,-9,-54
1756012843.0599446,-3,3,-63
1756012843.0979445,2,6,-65
1756012843.1359446,-5,7,-58
1756012843.1719446,-3,0,-49
1756012843.2089446,-1,0,-51
1756012843.246945,-2,1,-56
1756012843.2859447,3,-2,-53
1756012843.3219447,-2,-3,-52
1756012843.3599446,-7,-8,-54
1756012843.3979447,-3,3,-56
1756012843.4369447,-1,3,-55
1756012843.4729445,-5,1,-49
1756012843.509945,0,1,-55
1756012843.5469446,-8,-6,-54
1756012843.585945,-7,-2,-51
1756012843.621945,0,1,-53
1756012843.6589446,0,-2,-60
1756012843.6979446,2,-10,-58
1756012843.7359445,-7,0,-57
1756012843.7719443,-10,-1,-48
1756012843.8109446,-10,-3,-53
1756012843.8559446,2,-7,-43
1756012843.8919446,3,-4,-51
1756012843.9309447,-1,3,-56
1756012843.9679446,5,-2,-57
1756012844.006945,2,2,-43
1756012844.042945,1,1,-48
1756012844.0809443,0,-7,-49
1756012844.1189446,0,-1,-66
1756012844.157945,4,-1,-47
1756012844.1959443,3,-5,-43
1756012844.2319446,6,-2,-36
1756012844.269945,-4,-1,-54
1756012844.3079443,0,-1,-52
1756012844.3459446,-1,2,-55
1756012844.381945,-8,1,-55
1756012844.4199443,0,0,-43
1756012844.4579446,-4,-1,-40
1756012844.4959445,2,-1,-50
1756012844.5319445,-1,1,-41
1756012844.5699446,-4,-1,-51
1756012844.6079447,8,-4,-54
1756012844.6459446,4,0,-49
1756012844.6819446,0,-5,-53
1756012844.7199447,1,3,-66
1756012844.7579446,0,0,-56
1756012844.7939446,0,5,-56
1756012844.8309443,-6,-4,-51
1756012844.8699446,-4,-8,-55
1756012844.907945,-1,0,-49
1756012844.9439447,1,1,-56
1756012844.9809446,3,-1,-36
1756012845.019945,5,1,-58
1756012845.0579443,-4,-3,-62
1756012845.0939443,-6,-4,-45
1756012845.131945,-2,2,-55
1756012845.1699443,1,1,-41
1756012845.2079446,0,0,-46
1756012845.2439446,-2,3,-42
1756012845.2819445,3,-2,-44
1756012845.3199446,-2,-5,-44
1756012845.3579447,-4,-3,-52
1756012845.3969443,1,-8,-54
1756012845.4329443,3,-8,-61
1756012845.4709446,0,1,-50
1756012845.5089445,-10,0,-49
1756012845.5469446,-7,-1,-44
1756012845.5829446,-6,-2,-44
1756012845.6209445,-2,0,-41
1756012845.6589446,-1,0,-42
1756012845.6979446,-8,-1,-53
1756012845.733945,-4,-6,-44
1756012845.7719443,1,-7,-51
1756012845.8099446,1,0,-50
1756012845.8479445,-1,-1,-56
1756012845.8839445,-1,5,-60
1756012845.9209447,5,-1,-52
1756012845.9589446,-8,-4,-57
1756012845.9979446,0,0,-62
1756012846.0339446,6,0,-54
1756012846.0709443,4,0,-55
1756012846.108945,0,-1,-45
1756012846.1469443,-7,-6,-56
1756012846.1829443,-13,1,-58
1756012846.2199447,-5,-1,-59
1756012846.2589445,-5,-2,-52
1756012846.2969446,-3,4,-34
1756012846.3329446,-1,4,-44
1756012846.3699446,-7,6,-46
1756012846.4089446,-2,5,-42
1756012846.4449446,0,5,-48
1756012846.4819446,-7,4,-43
1756012846.519945,-9,5,-47
1756012846.5589447,-15,5,-40
1756012846.5949447,-10,-3,-52
1756012846.6329446,-1,-6,-43
1756012846.6709447,-6,-13,-50
1756012846.7089446,2,-3,-43
1756012846.7479446,1,-3,-56
1756012846.7839446,-3,0,-50
1756012846.8209443,0,-5,-45
1756012846.858945,-4,5,-56
1756012846.8979447,0,8,-53
1756012846.9339447,10,3,-48
1756012846.9709446,-1,-1,-38
1756012847.0089445,3,-3,-51
1756012847.0479443,2,0,-50
1756012847.0839446,-1,1,-50
1756012847.1209445,1,-2,-50
1756012847.1599443,3,-4,-53
1756012847.1979446,-5,-3,-63
1756012847.233945,-2,-1,-59
1756012847.2719443,7,2,-50
1756012847.3109446,5,-4,-42
1756012847.348945,-6,-4,-46
1756012847.384945,-4,0,-42
1756012847.4229443,-13,0,-52
1756012847.4619446,-10,2,-52
1756012847.4999447,2,2,-55
1756012847.5379446,-1,3,-52
1756012847.5739446,2,0,-63
1756012847.6109445,1,-1,-65
1756012847.6499443,2,-2,-51
1756012847.687945,-5,5,-53
1756012847.723945,-4,5,-45
1756012847.7609446,-4,2,-60
1756012847.7999446,5,1,-48
1756012847.8379445,4,0,-37
1756012847.8739443,-8,-1,-52
1756012847.9119446,-3,-4,-49
1756012847.9499447,-9,0,-56
1756012847.9889443,-6,3,-53
1756012848.0249443,3,-1,-47
1756012848.0619447,2,0,-46
1756012848.0999446,0,0,-49
1756012848.1359446,0,1,-59
1756012848.1729443,3,0,-48
1756012848.2099447,1,-3,-40
1756012848.2489443,0,0,-55
1756012848.2849443,-5,1,-47
1756012848.3219447,5,-1,-54
1756012848.3599446,-3,3,-49
1756012848.3989446,-6,0,-44
1756012848.4349446,-3,-1,-44
1756012848.4729445,-1,3,-46
1756012848.5109446,-2,0,-42
1756012848.5499446,0,5,-46
1756012848.585945,-3,7,-53
1756012848.6239443,-6,0,-47
1756012848.6629446,-2,4,-50
1756012848.6999447,0,0,-55
1756012848.7359445,5,2,-44
1756012848.7729447,3,-1,-42
1756012848.8109446,-6,4,-45
1756012848.8499446,2,0,-44
1756012848.8859446,2,3,-57
1756012848.9229443,-4,-3,-59
1756012848.960945,0,-4,-57
1756012848.9999447,8,-1,-50
1756012849.0359447,11,-3,-49
1756012849.0749447,-1,-3,-37
1756012849.1129446,0,1,-55
1756012849.1509447,1,-5,-53
1756012849.1889446,0,1,-56
1756012849.2249446,7,1,-60
1756012849.2629447,2,1,-58
1756012849.3009446,-5,-6,-49
1756012849.338945,-3,4,-49
1756012849.3749447,-3,4,-67
1756012849.4119446,0,1,-60
1756012849.4499447,2,-2,-60
1756012849.4859445,7,2,-46
1756012849.5239446,4,-9,-52
1756012849.5619447,2,-3,-57
1756012849.6009445,2,-3,-51
1756012849.6389446,-3,-6,-57
1756012849.6749446,-3,-6,-57
1756012849.7129445,-7,-3,-57
1756012849.7509446,-2,2,-60
1756012849.7899446,-2,4,-53
1756012849.825945,-3,0,-49
1756012849.8629446,0,-4,-44
1756012849.9009447,3,-5,-58
1756012849.9399445,0,-2,-49
1756012849.9759445,-3,-4,-52
1756012850.0139446,-3,-1,-44
1756012850.0519447,-5,7,-43
1756012850.0909443,0,0,-48
1756012850.1269443,-3,1,-50
1756012850.1649446,0,-4,-56
1756012850.2029445,0,0,-54
1756012850.2409446,4,1,-44
1756012850.279945,0,-3,-57
1756012850.315945,5,0,-53
1756012850.3529446,-5,-2,-46
1756012850.3919446,-4,-4,-60
1756012850.4299445,2,-2,-57
1756012850.4659443,0,0,-57
1756012850.5039446,0,2,-48
1756012850.5419445,0,2,-52
1756012850.5799446,-3,-1,-56
1756012850.6159446,1,-5,-52
1756012850.6529446,0,-1,-56
1756012850.6919446,2,-5,-54
1756012850.7299447,4,-5,-56
1756012850.7659447,1,-3,-52
1756012850.8039446,0,2,-50
1756012850.8419447,-4,-2,-54
1756012850.8799446,-1,2,-49
1756012850.9159446,5,-1,-57
1756012850.9529445,0,-3,-43
1756012850.9919446,-2,-4,-45
1756012851.029945,0,-4,-44
1756012851.065945,-3,-5,-57
1756012851.1039443,-7,-7,-50
1756012851.1419446,-2,0,-58
1756012851.1809447,3,-2,-45
1756012851.2169447,4,2,-50
1756012851.2539446,3,0,-59
1756012851.2919445,3,-3,-53
1756012851.3279445,-4,0,-47
1756012851.3649447,-1,0,-49
1756012851.4029446,5,-3,-55
1756012851.4419446,3,0,-61
1756012851.4779446,3,0,-62
1756012851.5149446,0,0,-59
1756012851.5519447,-3,-2,-56
1756012851.5909443,-6,4,-39
1756012851.6269443,0,2,-45
1756012851.6639447,-4,8,-49
1756012851.7019446,2,-7,-48
1756012851.7409446,6,-6,-52
1756012851.7769446,2,-2,-57
1756012851.8149445,3,-9,-66
1756012851.8529446,3,0,-51
1756012851.8919446,5,2,-52
1756012851.927945,0,0,-43
1756012851.9659443,-1,-3,-50
1756012852.0039446,2,-2,-53
1756012852.0419445,1,-6,-60
1756012852.0809443,1,-3,-63
1756012852.1169446,4,-1,-75
1756012852.1539447,1,2,-66
1756012852.1919446,2,-14,-58
1756012852.2289443,0,0,-58
1756012852.2669446,2,-3,-61
1756012852.3039446,0,-1,-49
1756012852.3429446,0,-8,-44
1756012852.3809447,-6,-6,-53
1756012852.4169445,-7,-5,-52
1756012852.4549446,0,1,-46
1756012852.4929447,-1,-7,-47
1756012852.5319445,8,-10,-43
1756012852.5679443,0,-5,-47
1756012852.6049447,-1,3,-46
1756012852.6429446,2,5,-53
1756012852.6809447,8,4,-66
1756012852.7169447,-6,0,-53
1756012852.7539446,-5,-2,-53
1756012852.792945,-7,2,-59
1756012852.8309443,2,0,-46
1756012852.8669446,4,1,-47
1756012852.9039447,-1,-4,-44
1756012852.9429443,3,-3,-55
1756012852.9809446,1,-5,-51
1756012853.0169446,1,-3,-40
1756012853.0539446,-6,0,-44
1756012853.0929446,5,3,-39
1756012853.1289446,3,5,-47
1756012853.1669445,2,6,-55
1756012853.2059443,8,11,-35
1756012853.2429447,10,9,-50
1756012853.2789447,3,6,-48
1756012853.315945,0,0,-49
1756012853.3539443,0,-11,-57
1756012853.3929446,2,-3,-57
1756012853.4289446,6,3,-46
1756012853.4659443,1,2,-43
1756012853.5039446,-2,2,-53
1756012853.542945,3,0,-55
1756012853.5799446,7,-3,-59
1756012853.6169446,-3,-2,-39
1756012853.6559446,-2,-4,-43
1756012853.6929443,-8,-4,-48
1756012853.7319446,-2,-7,-54
1756012853.7679446,1,-2,-54
1756012853.8059447,2,-12,-50
1756012853.8439443,5,-5,-56
1756012853.8879447,3,-2,-40
1756012853.9269447,5,-3,-53
1756012853.963945,4,-1,-51
1756012854.0029447,6,1,-44
1756012854.0389447,1,2,-45
1756012854.075945,3,0,-47
1756012854.1139443,2,-2,-39
1756012854.1519446,3,2,-57
1756012854.187945,0,0,-47
1756012854.2249446,-3,-3,-44
1756012854.2639446,-5,-5,-46
1756012854.3019447,-1,-7,-42
1756012854.3379445,-4,2,-49
1756012854.3759446,1,-4,-47
1756012854.4139447,2,0,-57
1756012854.4519446,-2,-6,-49
1756012854.4879446,1,-10,-36
1756012854.5249443,-4,-7,-44
1756012854.5639446,-2,-6,-54
1756012854.6019447,-5,-9,-52
1756012854.6379447,-1,-6,-59
1756012854.6759446,0,-1,-56
1756012854.713945,-6,-2,-64
1756012854.7529447,-2,3,-47
1756012854.7889447,-7,-4,-46
1756012854.8269446,7,6,-49
1756012854.8639443,5,4,-45
1756012854.8999443,4,7,-42
1756012854.9369447,6,-1,-52
1756012854.9749446,0,1,-61
1756012855.0129447,-1,4,-51
1756012855.0489447,1,6,-54
1756012855.085945,5,-2,-59
1756012855.1239443,0,-2,-48
1756012855.1629446,-8,-1,-52
1756012855.1989446,0,-6,-54
1756012855.2359445,0,-2,-45
1756012855.2739446,2,-4,-50
1756012855.312945,0,-4,-41
1756012855.348945,1,-2,-48
1756012855.3879447,5,-3,-46
1756012855.4249446,0,2,-43
1756012855.463945,1,5,-43
1756012855.4999447,3,4,-46
1756012855.5379446,-9,4,-44
1756012855.5749447,-1,-1,-42
1756012855.6139443,4,-7,-51
1756012855.6499443,4,0,-58
1756012855.687945,4,4,-58
1756012855.7249446,1,1,-55
1756012855.7639446,0,-5,-50
1756012855.7999446,4,-5,-60
1756012855.8379445,5,-4,-60
1756012855.8749447,0,4,-47
1756012855.9129446,7,-6,-62
1756012855.9489446,4,-1,-57
1756012855.9879446,-2,-3,-60
1756012856.0249443,-4,-2,-51
1756012856.0639446,-1,-1,-60
1756012856.0999446,-3,-5,-55
1756012856.1379447,-5,-1,-53
1756012856.1759446,1,-1,-53
1756012856.2149446,-5,-3,-59
1756012856.2529447,-13,-2,-57
1756012856.2889447,-6,0,-54
1756012856.325945,-1,-1,-58
1756012856.3649447,-2,-4,-60
1756012856.4009447,0,-3,-66
1756012856.437945,-7,-3,-61
1756012856.4759445,-2,-2,-44
1756012856.5149446,2,0,-54
1756012856.5509446,-3,0,-59
1756012856.5879445,0,-10,-53
1756012856.6259446,0,-3,-51
1756012856.6649446,0,0,-52
1756012856.700945,2,-2,-61
1756012856.7379446,4,-1,-67
1756012856.7759447,1,0,-65
1756012856.8139446,-2,1,-55
1756012856.8499446,0,1,-60
1756012856.8869443,-4,-4,-53
1756012856.9249446,-8,-5,-47
1756012856.963945,0,3,-48
1756012856.9999447,3,2,-46
1756012857.0369446,3,0,-46
1756012857.075945,0,-2,-60
1756012857.1139443,5,-3,-47
1756012857.1499443,-3,0,-42
1756012857.1869447,-2,-4,-43
1756012857.2259445,-3,-8,-52
1756012857.2639446,-2,-3,-55
1756012857.2999446,-4,0,-48
1756012857.3369446,4,-2,-46
1756012857.3759446,3,5,-44
1756012857.4139447,-2,-4,-50
1756012857.4499447,-2,-2,-52
1756012857.4879446,-1,-5,-51
1756012857.5259447,-1,-2,-50
1756012857.5649445,-5,0,-49
1756012857.6009445,1,-7,-52
1756012857.6389446,0,4,-44
1756012857.6759446,-4,-2,-46
1756012857.7149446,-2,2,-47
1756012857.7509446,3,0,-51
1756012857.7879446,1,-4,-52
1756012857.825945,6,-1,-44
1756012857.8649447,3,2,-36
1756012857.9009447,3,2,-43
1756012857.937945,3,5,-55
1756012857.9759445,2,-4,-55
1756012858.0119443,-5,1,-51
1756012858.0489447,5,1,-49
1756012858.085945,3,3,-54
1756012858.1239443,4,-1,-51
1756012858.1609447,-2,-2,-51
1756012858.1989446,-5,0,-50
1756012858.236945,2,1,-55
1756012858.2759447,0,0,-44
1756012858.3119447,-1,0,-52
1756012858.348945,-3,5,-54
1756012858.3879447,-3,1,-56
1756012858.4259446,8,2,-42
1756012858.4619446,0,5,-50
1756012858.4989443,-5,1,-55
1756012858.5369446,-4,0,-33
1756012858.575945,-3,-2,-41
1756012858.611945,-9,-5,-50
1756012858.6499443,-5,2,-58
1756012858.687945,0,-7,-42
1756012858.7269447,-7,-11,-53
1756012858.7649446,-5,-9,-52
1756012858.8009446,-6,-1,-53
1756012858.838945,-2,7,-54
1756012858.8769443,-4,3,-56
1756012858.9159446,-2,4,-51
1756012858.9519446,-5,3,-58
1756012858.9889443,0,1,-57
1756012859.0269446,3,-2,-62
1756012859.065945,1,0,-51
1756012859.1019447,-1,2,-59
1756012859.1389446,-1,0,-60
1756012859.1769447,0,3,-49
1756012859.2149446,0,-3,-46
1756012859.2509446,1,3,-51
1756012859.2879446,-1,-1,-49
1756012859.3269446,-4,-6,-46
1756012859.3649447,-2,-3,-43
1756012859.4009447,-5,-5,-50
1756012859.4389446,2,-2,-45
1756012859.4769447,-2,0,-45
1756012859.5159447,-3,4,-53
1756012859.5519447,8,0,-56
1756012859.588945,9,-2,-50
1756012859.6269443,5,4,-50
1756012859.6649446,3,0,-58
1756012859.700945,1,3,-51
1756012859.7379446,-4,-5,-59
1756012859.7769446,-3,-1,-55
1756012859.812945,1,4,-54
1756012859.8509445,-2,1,-49
1756012859.8889446,-1,1,-55
1756012859.9269447,-4,2,-58
1756012859.9659443,0,0,-49
1756012860.0019443,-4,1,-52
1756012860.0389447,0,-4,-55
1756012860.0769446,-5,0,-50
1756012860.1159446,0,1,-40
1756012860.1519446,1,5,-44
1756012860.1889446,-7,4,-53
1756012860.2269447,3,-3,-57
1756012860.2659447,-5,-2,-52
1756012860.3019447,-7,2,-56
1756012860.338945,0,-6,-55
1756012860.3779447,-3,-5,-63
1756012860.4159446,-7,-4,-50
1756012860.4519446,-2,-7,-48
1756012860.4899447,1,-1,-46
1756012860.5279446,7,0,-36
1756012860.5669446,0,6,-44
1756012860.6029446,0,2,-44
1756012860.6399446,1,-1,-48
1756012860.677945,1,0,-53
1756012860.7169447,8,1,-67
1756012860.7529447,8,1,-63
1756012860.7899446,-3,-1,-48
1756012860.8289447,3,0,-49
1756012860.8669446,-1,-4,-47
1756012860.9029446,-1,-1,-50
1756012860.940945,7,0,-43
1756012860.9789443,10,-7,-59
1756012861.0169446,-3,3,-53
1756012861.052945,2,1,-53
1756012861.0909443,2,1,-49
1756012861.1289446,3,0,-33
1756012861.1669445,0,-1,-44
1756012861.2029445,-5,-5,-48
1756012861.2409446,-6,-4,-50
1756012861.2789447,1,-3,-54
1756012861.3179443,-1,-9,-50
1756012861.3539443,3,-11,-58
1756012861.3929446,-1,-4,-62
1756012861.4299445,-1,2,-49
1756012861.4679446,3,-6,-61
1756012861.506945,0,-1,-41
1756012861.542945,-3,2,-36
1756012861.5799446,1,0,-40
1756012861.6179447,2,-4,-42
1756012861.6569445,-4,-6,-52
1756012861.6929443,-4,-2,-55
1756012861.7309446,-3,-2,-52
1756012861.7689445,4,-2,-50
1756012861.8079443,4,1,-53
1756012861.8439443,5,0,-58
1756012861.881945,2,2,-51
1756012861.9199443,0,0,-55
1756012861.9579446,-1,0,-59
1756012861.996945,-4,0,-60
1756012862.032945,-1,-7,-64
1756012862.0709443,1,-4,-46
1756012862.108945,0,-1,-59
1756012862.1479447,1,0,-51
1756012862.1839447,4,-8,-57
1756012862.2219446,4,-10,-54
1756012862.259945,5,-7,-54
1756012862.2989447,6,-2,-57
1756012862.3369446,2,-9,-57
1756012862.3729446,3,-4,-61
1756012862.4099443,3,-5,-67
1756012862.4489446,-9,-4,-48
1756012862.486945,-1,-3,-55
1756012862.5229447,-3,-3,-69
1756012862.5609446,-4,-6,-58
1756012862.598945,-2,-8,-55
1756012862.6379447,-2,-5,-51
1756012862.6739447,-3,1,-58
1756012862.7129445,3,-5,-57
1756012862.7499447,8,-1,-47
1756012862.7889447,-1,-1,-46
1756012862.8269446,-2,-2,-48
1756012862.8629446,2,3,-44
1756012862.8999443,0,2,-45
1756012862.937945,-6,-1,-41
1756012862.973945,3,-2,-51
1756012863.0119443,-1,0,-59
1756012863.0499446,1,-1,-52
1756012863.088945,1,1,-46
1756012863.1249447,-1,-1,-36
1756012863.1629446,4,7,-47
1756012863.1999447,10,5,-54
1756012863.2379446,8,4,-51
1756012863.2739446,6,11,-57
1756012863.3109446,0,2,-47
1756012863.348945,4,-5,-65
1756012863.3879447,-2,-4,-54
1756012863.4239447,0,-1,-54
1756012863.4629445,1,0,-55
1756012863.4999447,1,-1,-47
1756012863.5389447,-6,-2,-40
1756012863.5749447,0,-2,-45
1756012863.6129446,0,-1,-43
1756012863.6499443,-4,4,-45
1756012863.6889446,2,-3,-55
1756012863.7249446,0,-4,-50
1756012863.7619443,-3,-7,-52
1756012863.7999446,-4,-11,-44
1756012863.838945,-6,-5,-56
1756012863.8749447,-1,-3,-52
1756012863.9209447,1,-10,-51
1756012863.9589446,0,-2,-63
1756012863.9949446,1,-1,-58
1756012864.032945,-1,-1,-48
1756012864.0719447,1,0,-52
1756012864.1099446,-3,-1,-55
1756012864.1479447,-2,-1,-46
1756012864.1839447,-1,-3,-37
1756012864.2219446,3,1,-42
1756012864.259945,-3,-4,-42
1756012864.2979443,2,-6,-50
1756012864.3339446,6,-3,-50
1756012864.371945,-1,-6,-64
1756012864.4099443,-1,-4,-66
1756012864.4489446,-6,-2,-60
1756012864.4849446,-4,0,-55
1756012864.5219443,-2,6,-43
1756012864.5599446,-1,-5,-55
1756012864.598945,0,-5,-42
1756012864.634945,1,-2,-45
1756012864.6729443,-9,0,-50
1756012864.710945,-2,0,-52
1756012864.7499447,-5,0,-50
1756012864.7859447,1,-5,-45
1756012864.8239446,5,-3,-39
1756012864.8629446,0,-1,-49
1756012864.8999443,0,-7,-53
1756012864.9389446,-7,-1,-46
1756012864.9749446,-5,1,-46
1756012865.0129447,-1,3,-52
1756012865.0509446,1,-10,-49
1756012865.0899446,-7,-3,-54
1756012865.1259446,-2,-2,-52
1756012865.1639447,3,0,-57
1756012865.200945,-2,-2,-68
1756012865.2399447,-1,-3,-47
1756012865.2759447,-3,-4,-39
1756012865.3139446,-3,1,-47
1756012865.3519447,-1,-2,-44
1756012865.3909447,0,-6,-54
1756012865.4289446,-4,2,-41
1756012865.4649446,-1,0,-48
1756012865.5019443,-1,1,-55
1756012865.5409446,-1,-1,-56
1756012865.5789447,-5,-1,-53
1756012865.6149447,0,0,-44
1756012865.6519446,2,-2,-45
1756012865.690945,2,4,-46
1756012865.7289443,5,-1,-46
1756012865.7649446,8,4,-45
1756012865.8019447,0,0,-50
1756012865.8409443,0,-2,-53
1756012865.8789446,-4,-1,-53
1756012865.9149446,0,0,-46
1756012865.9519446,0,4,-49
1756012865.9909446,0,3,-56
1756012866.0289447,3,5,-58
1756012866.0649445,6,-1,-52
1756012866.1029446,-1,2,-58
1756012866.1409447,-3,6,-48
1756012866.1799445,-2,0,-64
1756012866.2159443,0,-6,-55
1756012866.2529447,0,-2,-55
1756012866.2909446,-6,-5,-46
1756012866.3299446,-3,-6,-44
1756012866.3659446,-3,-4,-49
1756012866.404945,-5,0,-46
1756012866.4419446,0,0,-41
1756012866.4799447,1,0,-39
1756012866.5159447,-4,-2,-46
1756012866.5549445,-2,-4,-51
1756012866.5919447,1,-4,-52
1756012866.6309447,-1,-3,-50
1756012866.6669445,-8,0,-52
1756012866.7039447,5,-2,-48
1756012866.7419446,0,-3,-44
1756012866.7809446,-3,-4,-44
1756012866.8169446,-5,-2,-56
1756012866.8549447,-3,3,-49
1756012866.8929446,1,0,-46
1756012866.9309447,-6,2,-46
1756012866.9699447,4,4,-42
1756012867.0059447,5,6,-35
1756012867.042945,8,2,-45
1756012867.0819447,11,1,-52
1756012867.1199446,6,2,-49
1756012867.1559446,0,-1,-40
1756012867.1939447,6,2,-46
1756012867.2319446,-7,1,-60
1756012867.269945,-5,-1,-58
1756012867.3059447,0,3,-64
1756012867.3439443,4,-3,-56
1756012867.381945,0,4,-63
1756012867.4199443,-4,0,-48
1756012867.4559443,-6,0,-50
1756012867.4939446,2,1,-51
1756012867.5319445,0,-12,-60
1756012867.5699446,3,-5,-52
1756012867.6059446,7,4,-45
1756012867.6429446,2,1,-53
1756012867.6819446,4,0,-47
1756012867.7199447,0,1,-41
1756012867.7559447,1,0,-47
1756012867.792945,-3,0,-44
1756012867.8319447,-1,-5,-50
1756012867.8699446,-3,-8,-53
1756012867.9069445,-7,-2,-56
1756012867.9449446,0,2,-47
1756012867.9829447,-4,5,-60
1756012868.0219443,0,-4,-54
1756012868.0579443,4,-4,-63
1756012868.0949447,0,0,-57
1756012868.1329446,1,0,-53
1756012868.1709447,0,-2,-56
1756012868.2069447,-6,-4,-47
1756012868.2449446,-1,-4,-49
1756012868.282945,1,0,-59
1756012868.3209443,1,0,-49
1756012868.3569446,-1,0,-51
1756012868.3939445,3,1,-39
1756012868.4319446,2,2,-51
1756012868.4679446,-1,0,-44
1756012868.5059447,0,-8,-42
1756012868.5439446,-4,0,-48
1756012868.5819447,4,1,-62
1756012868.6179447,0,0,-61
1756012868.6559446,1,4,-59
1756012868.6939447,-2,-2,-55
1756012868.7329447,-2,8,-50
1756012868.7709446,-3,3,-49
1756012868.8069446,-2,2,-46
1756012868.8439443,0,0,-52
1756012868.881945,3,-1,-46
1756012868.917945,1,-10,-51
1756012868.9559443,0,-4,-48
1756012868.9939446,-3,-7,-50
1756012869.032945,-9,-4,-48
1756012869.0709443,-11,0,-46
1756012869.1069446,0,-5,-45
1756012869.1439445,-6,1,-47
1756012869.1829443,-4,0,-47
1756012869.2209446,-1,4,-49
1756012869.256945,-5,1,-45
1756012869.2949443,-5,1,-45
1756012869.3329446,0,-2,-41
1756012869.371945,3,0,-50
1756012869.407945,2,2,-42
1756012869.4449446,1,0,-30
1756012869.4829447,0,0,-60
1756012869.5209446,2,0,-57
1756012869.5569446,4,3,-48
1756012869.5939443,6,-3,-53
1756012869.6329446,-2,0,-52
1756012869.6689446,0,-2,-44
1756012869.7059443,-4,0,-40
1756012869.7439446,-2,-7,-46
1756012869.782945,-4,-3,-43
1756012869.8189447,-4,-6,-39
1756012869.8569446,-10,0,-48
1756012869.894945,-9,-5,-60
1756012869.9329443,-4,0,-62
1756012869.9719446,0,0,-53
1756012870.0079446,6,1,-61
1756012870.0449443,6,-1,-59
1756012870.0829446,0,0,-54
1756012870.1189446,1,3,-50
1756012870.1559446,8,2,-58
1756012870.1949446,4,0,-43
1756012870.2329447,-1,-8,-58
1756012870.2689445,1,3,-54
1756012870.3059447,-1,4,-46
1756012870.3449447,-5,-4,-58
1756012870.3829446,3,-3,-46
1756012870.4189446,4,-6,-42
1756012870.4569447,0,-1,-37
1756012870.4949446,-1,1,-51
1756012870.532945,3,-1,-51
1756012870.5689447,1,0,-47
1756012870.6069446,7,5,-50
1756012870.644945,1,6,-48
1756012870.6829443,-1,0,-35
1756012870.7189443,1,4,-48
1756012870.756945,5,2,-52
1756012870.7939446,12,2,-58
1756012870.8329446,10,0,-50
1756012870.8689446,1,0,-50
1756012870.9069445,-3,-2,-55
1756012870.9449446,0,2,-46
1756012870.9829447,4,0,-54
1756012871.0189445,0,-1,-63
1756012871.0569446,-1,0,-58
1756012871.0949447,-4,0,-62
1756012871.1339445,-4,1,-57
1756012871.1719446,-3,-8,-50
1756012871.2079446,-4,0,-53
1756012871.2449446,0,-1,-48
1756012871.2839446,0,4,-57
1756012871.3199446,-2,1,-59
1756012871.3569446,-2,0,-58
1756012871.394945,0,2,-47
1756012871.4339447,0,2,-42
1756012871.4699447,0,0,-51
1756012871.506945,0,0,-52
1756012871.5439446,0,-3,-63
1756012871.5829446,-4,-1,-55
1756012871.6199446,5,0,-52
1756012871.6569445,6,0,-54
1756012871.6939447,-2,-5,-55
1756012871.7329447,0,1,-43
1756012871.7689445,5,2,-60
1756012871.8069446,0,-3,-64
1756012871.8449447,4,0,-54
1756012871.8829446,4,-4,-49
1756012871.9199443,-3,-2,-57
1756012871.9569447,-6,0,-45
1756012871.9949446,-7,-1,-39
1756012872.0339446,-6,1,-52
1756012872.0699446,-4,1,-42
1756012872.1069446,-1,4,-46
1756012872.144945,-1,2,-42
1756012872.1839447,-2,-7,-42
1756012872.2199447,1,-3,-51
1756012872.256945,-5,0,-49
1756012872.2949443,2,5,-49
1756012872.3339446,-3,-2,-49
1756012872.3699446,-1,-2,-50
1756012872.407945,1,-6,-54
1756012872.4459443,-1,-3,-56
1756012872.4849446,-3,-4,-62
1756012872.5229447,-5,0,-56
1756012872.5589447,-2,2,-50
1756012872.5959446,-5,0,-43
1756012872.634945,-1,2,-49
1756012872.6729443,1,5,-49
1756012872.7089446,-4,0,-53
1756012872.7459445,-2,-11,-59
1756012872.7849443,-1,1,-50
1756012872.8229446,0,0,-51
1756012872.858945,1,-1,-61
1756012872.8959446,5,-3,-55
1756012872.9349446,0,0,-47
1756012872.9729445,0,2,-38
1756012873.0089445,-4,4,-48
1756012873.0469446,0,4,-54
1756012873.0849447,0,-2,-53
1756012873.1209445,2,-1,-52
1756012873.1589446,4,-10,-53
1756012873.1969447,2,-7,-54
1756012873.2359445,1,-2,-50
1756012873.2739446,-2,0,-55
1756012873.3099446,0,0,-57
1756012873.3469446,3,-3,-58
1756012873.3859446,3,1,-61
1756012873.4239447,2,0,-64
1756012873.4599447,1,2,-55
1756012873.496945,2,-3,-50
1756012873.5359447,-4,-4,-51
1756012873.5739446,0,-1,-55
1756012873.6099446,-7,-9,-50
1756012873.6489446,-3,1,-58
1756012873.6869447,1,4,-50
1756012873.7249446,-2,0,-53
1756012873.7609446,1,1,-47
1756012873.7979443,-2,0,-54
1756012873.835945,-3,1,-45
1756012873.8749447,0,6,-49
1756012873.9109447,-1,8,-46
1756012873.9569447,-3,1,-53
1756012873.9949446,0,0,-51
1756012874.0309446,2,3,-67
1756012874.0689447,-1,1,-58
1756012874.1059446,-3,10,-49
1756012874.144945,-4,7,-52
1756012874.1809447,8,0,-37
1756012874.2189443,5,0,-46
1756012874.2559447,1,4,-50
1756012874.2939446,1,4,-58
1756012874.3299446,1,2,-57
1756012874.3669446,2,-3,-53
1756012874.4059446,7,1,-55
1756012874.4439447,-2,0,-53
1756012874.4799447,0,0,-52
1756012874.5169446,3,-3,-49
1756012874.5559447,6,-6,-53
1756012874.5939443,5,-2,-44
1756012874.6299446,3,3,-48
1756012874.6669445,3,2,-48
1756012874.7049446,1,3,-46
1756012874.7409446,3,4,-43
1756012874.7779446,12,0,-56
1756012874.815945,2,0,-53
1756012874.8549447,3,-1,-49
1756012874.8909447,0,0,-54
1756012874.9289446,5,0,-48
1756012874.9669447,3,-4,-49
1756012875.0059447,1,-1,-48
1756012875.0419445,4,0,-51
1756012875.0789447,0,0,-53
1756012875.1169446,-4,2,-55
1756012875.1559446,-2,-5,-53
1756012875.1919446,-3,-1,-55
1756012875.2299447,-3,0,-52
1756012875.2679446,-5,4,-50
1756012875.3059447,1,4,-45
1756012875.3419447,-3,-1,-53
1756012875.3799446,0,0,-55
1756012875.4169445,1,2,-47
1756012875.4549446,0,2,-61
1756012875.4909446,0,3,-55
1756012875.5279446,6,-1,-54
1756012875.5669446,2,-4,-65
1756012875.6049447,-4,2,-52
1756012875.6409447,-1,-4,-56
1756012875.6789446,-1,-3,-54
1756012875.7169447,1,2,-38
1756012875.7549446,-6,3,-40
1756012875.7909446,-1,0,-43
1756012875.8279445,-7,-5,-45
1756012875.8669446,0,-5,-51
1756012875.904945,1,0,-49
1756012875.940945,-4,-2,-57
1756012875.9789443,-1,1,-55
1756012876.0169446,-7,-2,-44
1756012876.0559447,0,5,-59
1756012876.0919447,1,2,-56
1756012876.1289446,-5,0,-47
1756012876.167945,-3,-2,-48
1756012876.2059443,6,-4,-41
1756012876.2419446,7,0,-41
1756012876.279945,5,0,-43
1756012876.3179443,0,-1,-48
1756012876.3559446,-7,-2,-45
1756012876.3919446,-1,-4,-46
1756012876.4299445,-1,-10,-47
1756012876.4679446,2,-4,-48
1756012876.506945,-2,-2,-51
1756012876.542945,6,-6,-58
1756012876.5799446,0,-1,-58
1756012876.6179447,2,0,-50
1756012876.6559446,1,-2,-56
1756012876.6919446,9,-1,-55
1756012876.7289443,3,-5,-62
1756012876.7679446,3,-5,-51
1756012876.8059447,1,-3,-55
1756012876.8419447,-2,-11,-57
1756012876.8799446,-1,-4,-41
1756012876.917945,5,0,-49
1756012876.9559443,0,-2,-46
1756012876.9919446,5,-2,-53
1756012877.0289447,3,-6,-62
1756012877.0679443,3,-3,-56
1756012877.1059446,3,0,-57
1756012877.1419446,0,2,-55
1756012877.1789446,-6,6,-49
1756012877.2179446,-5,0,-51
1756012877.2559447,-3,1,-54
1756012877.2919445,-4,10,-52
1756012877.3289447,-7,5,-49
1756012877.3679447,-9,-1,-51
1756012877.4059446,-1,-2,-47
1756012877.4419446,-2,-3,-59
1756012877.4799447,-4,-3,-55
1756012877.5179446,-4,2,-44
1756012877.5569446,0,-7,-55
1756012877.5929446,-2,-3,-59
1756012877.6309447,1,-4,-57
1756012877.6689446,-4,-2,-58
1756012877.7079446,0,-1,-52
1756012877.7459445,-3,-8,-56
1756012877.7819445,-3,-2,-53
1756012877.8209443,2,-5,-56
1756012877.858945,1,0,-44
1756012877.8969443,0,3,-56
1756012877.9329443,0,1,-65
1756012877.9709446,-2,0,-60
1756012878.0089445,2,-8,-46
1756012878.0469446,1,-2,-51
1756012878.0839446,3,-1,-54
1756012878.1209445,3,-6,-43
1756012878.1589446,1,-5,-51
1756012878.1979446,0,-8,-46
1756012878.233945,0,-7,-52
1756012878.2719443,-2,-6,-46
1756012878.3099446,0,-2,-44
1756012878.3479445,-6,-4,-44
1756012878.3869443,-2,-1,-54
1756012878.4229443,-3,1,-46
1756012878.4619446,-5,3,-36
1756012878.4999447,0,-3,-46
1756012878.5379446,-2,0,-53
1756012878.5769446,-5,-5,-48
1756012878.6129446,1,1,-54
1756012878.6499443,-2,-3,-50
1756012878.6889446,5,-6,-62
1756012878.7269447,3,-5,-69
1756012878.7629447,-3,-6,-65
1756012878.8009446,0,0,-58
1756012878.838945,-3,1,-51
1756012878.8769443,-6,-6,-50
1756012878.9129446,0,0,-46
1756012878.9499447,0,-6,-51
1756012878.9889443,6,-2,-56
1756012879.0269446,0,0,-59
1756012879.062945,0,-1,-52
1756012879.0999446,-4,-3,-57
1756012879.1389446,1,-2,-48
1756012879.1769447,-3,-2,-47
1756012879.2129445,-8,-3,-51
1756012879.2509446,-2,2,-55
1756012879.2889447,0,4,-45
1756012879.3279445,-2,6,-60
1756012879.3639443,-7,0,-58
1756012879.4019446,-6,4,-55
1756012879.4399445,-2,-6,-53
1756012879.4789443,-4,0,-52
1756012879.5169446,-2,0,-53
1756012879.552945,0,-4,-53
1756012879.5899446,0,-2,-56
1756012879.6289446,-3,2,-52
1756012879.6649446,-3,-7,-48
1756012879.7029445,5,0,-51
1756012879.7409446,10,-1,-64
1756012879.7789447,6,1,-64
1756012879.8149445,5,9,-59
1756012879.8529446,6,1,-51
1756012879.8909447,5,1,-58
1756012879.9289446,0,-6,-56
1756012879.9679446,0,-5,-48
1756012880.0039446,-1,-7,-54
1756012880.0419445,-1,2,-54
1756012880.0799446,-1,-1,-57
1756012880.1189446,-3,1,-51
1756012880.154945,2,1,-51
1756012880.1919446,-9,-2,-55
1756012880.2299447,0,0,-45
1756012880.2679446,4,-1,-48
1756012880.3039446,3,-6,-50
1756012880.3409443,0,-8,-50
1756012880.3799446,-2,-8,-56
1756012880.417945,3,-7,-39
1756012880.4539447,-4,-3,-40
1756012880.4919446,1,-3,-46
1756012880.529945,0,-6,-52
1756012880.5689447,4,-4,-50
1756012880.6049447,3,2,-48
1756012880.6429446,5,3,-61
1756012880.6799445,0,-2,-47
1756012880.7189443,4,1,-50
1756012880.7549446,-5,1,-51
1756012880.792945,-2,2,-47
1756012880.8309443,-1,-4,-54
1756012880.8699446,-6,-4,-47
1756012880.907945,-4,-1,-48
1756012880.9439447,0,-6,-49
1756012880.9829447,0,-6,-46
1756012881.019945,6,-3,-44
1756012881.0589447,7,1,-47
1756012881.0949447,0,2,-49
1756012881.131945,-3,4,-37
1756012881.1699443,-2,0,-47
1756012881.2089446,2,-8,-49
1756012881.2449446,1,-6,-62
1756012881.282945,-5,-10,-52
1756012881.3199446,-1,0,-53
1756012881.358945,1,1,-59
1756012881.394945,3,-6,-53
1756012881.4329443,9,-5,-48
1756012881.4709446,0,-1,-45
1756012881.509945,6,5,-53
1756012881.5459447,0,0,-50
1756012881.5829446,0,3,-54
1756012881.6199446,5,5,-52
1756012881.6559446,0,4,-46
1756012881.6929443,0,-4,-45
1756012881.7309446,-5,-10,-51
1756012881.769945,0,0,-50
1756012881.8059447,3,-3,-52
1756012881.8429446,8,1,-56
1756012881.8809447,-1,-1,-52
1756012881.9199443,-3,1,-52
1756012881.9559443,5,0,-48
1756012881.9939446,0,-4,-51
1756012882.0309446,-2,-6,-54
1756012882.0699446,-10,-2,-57
1756012882.1059446,-4,-5,-56
1756012882.1439445,-1,4,-50
1756012882.1829443,-6,1,-57
1756012882.2209446,-2,-4,-58
1756012882.2589445,6,2,-55
1756012882.2949443,-5,0,-58
1756012882.3329446,-7,-6,-52
1756012882.3709445,-3,-7,-47
1756012882.4089446,-1,-8,-47
1756012882.4449446,-3,-5,-49
1756012882.4829447,-5,0,-46
1756012882.5209446,-5,-4,-48
1756012882.5599446,-2,-12,-49
1756012882.5959446,-4,-2,-47
1756012882.6339445,-3,3,-57
1756012882.6719446,0,1,-56
1756012882.7099447,2,3,-57
1756012882.7459445,-2,1,-49
1756012882.782945,-9,-1,-43
1756012882.8209443,-2,5,-56
1756012882.8599446,1,0,-46
1756012882.8959446,-1,5,-55
1756012882.9329443,0,4,-46
1756012882.9709446,0,0,-45
1756012883.006945,9,-2,-62
1756012883.0449443,-3,-2,-50
1756012883.0829446,-5,-2,-55
1756012883.1209445,-4,-3,-46
1756012883.1599443,3,1,-43
1756012883.1959443,0,-1,-48
1756012883.2329447,-9,1,-48
1756012883.2709446,-3,-1,-59
1756012883.3099446,-3,0,-57
1756012883.3459446,-1,-4,-62
1756012883.3839445,2,0,-64
1756012883.4209447,-2,2,-55
1756012883.4599447,1,4,-59
1756012883.4959445,3,2,-57
1756012883.532945,0,5,-48
1756012883.5709443,-4,-5,-57
1756012883.6099446,-8,-5,-65
1756012883.6459446,-8,-5,-45
1756012883.6839447,-4,1,-52
1756012883.7219446,-3,-5,-44
1756012883.7609446,2,-3,-60
1756012883.7969446,-1,-6,-59
1756012883.835945,2,0,-49
1756012883.8729446,-7,3,-54
1756012883.9119446,-2,1,-56
1756012883.9499447,4,-5,-57
1756012883.9939446,-7,2,-50
1756012884.032945,0,2,-45
1756012884.0709443,2,-1,-47
1756012884.1069446,0,5,-44
1756012884.1439445,1,2,-43
1756012884.1819446,-1,0,-38
1756012884.2199447,-1,0,-46
1756012884.2559447,-3,0,-51
1756012884.2939446,2,-4,-55
1756012884.3329446,-10,1,-66
1756012884.3709445,0,5,-52
1756012884.4069445,0,1,-52
1756012884.4439447,0,-1,-50
1756012884.4819446,-4,-3,-66
1756012884.5209446,-4,2,-49
1756012884.5569446,-11,0,-60
1756012884.5939443,-8,-2,-48
1756012884.631945,-1,2,-41
1756012884.6709447,-8,0,-42
1756012884.7069447,0,5,-47
1756012884.7439446,0,-1,-58
1756012884.7819445,-5,0,-64
1756012884.8209443,-1,-1,-56
1756012884.8569446,4,0,-44
1756012884.8939445,-8,-3,-57
1756012884.9319446,-9,0,-55
1756012884.9709446,0,4,-53
1756012885.006945,-1,1,-43
1756012885.0439446,-4,2,-39
1756012885.0819447,3,-4,-57
1756012885.1209445,-5,0,-53
1756012885.1569445,-9,1,-52
1756012885.1939447,-3,0,-47
1756012885.2319446,-6,0,-55
1756012885.2709446,-2,7,-62
1756012885.3069446,1,5,-50
1756012885.3439443,0,-2,-41
1756012885.3829446,-4,-1,-49
1756012885.4209447,0,-5,-49
1756012885.4569447,2,-4,-62
1756012885.4939446,0,-6,-62
1756012885.532945,-5,0,-51
1756012885.5709443,-5,-5,-48
1756012885.6069446,-6,-4,-55
1756012885.644945,2,-6,-48
1756012885.6829443,3,-4,-55
1756012885.7219446,-2,2,-56
1756012885.7579446,1,4,-53
1756012885.7949443,3,5,-48
1756012885.8329446,3,3,-43
1756012885.8709445,4,6,-54
1756012885.9069445,2,-1,-59
1756012885.9439447,0,-3,-53
1756012885.9829447,-2,-1,-53
1756012886.0209446,3,0,-54
1756012886.0569446,2,-2,-58
1756012886.0939443,0,-1,-47
1756012886.1329446,3,-5,-50
1756012886.1709447,4,0,-57
1756012886.2069447,-2,1,-49
1756012886.2439446,0,-3,-42
1756012886.282945,-3,1,-42
1756012886.3189447,4,-7,-53
1756012886.3569446,7,0,-53
1756012886.3939445,3,3,-59
1756012886.4319446,3,4,-57
1756012886.4679446,-4,4,-49
1756012886.5049446,2,1,-58
1756012886.542945,4,1,-38
1756012886.5819447,4,0,-44
1756012886.6179447,1,2,-49
1756012886.654945,2,3,-50
1756012886.6929443,-3,0,-45
1756012886.7289443,2,3,-51
1756012886.7659447,0,6,-50
1756012886.802945,8,2,-53
1756012886.838945,0,3,-54
1756012886.8759446,-3,-6,-48
1756012886.9139447,-3,-2,-52
1756012886.9529445,3,7,-50
1756012886.9889443,-3,7,-54
1756012887.0259447,4,3,-49
1756012887.0649445,2,0,-46
1756012887.1029446,1,1,-50
1756012887.1389446,-4,5,-54
1756012887.1769447,-1,0,-60
1756012887.2149446,-8,2,-55
1756012887.2539446,-9,1,-45
1756012887.2919445,-4,-2,-59
1756012887.3279445,4,-5,-55
1756012887.3659446,3,-2,-57
1756012887.4039447,-4,1,-53
1756012887.4419446,0,0,-47
1756012887.4779446,1,1,-40
1756012887.5149446,0,-2,-51
1756012887.5539446,-4,-4,-41
1756012887.5919447,-1,-4,-43
1756012887.6279447,0,-6,-41
1756012887.6659446,-1,0,-35
1756012887.7039447,1,-4,-40
1756012887.7419446,-3,-11,-47
1756012887.7779446,-1,-2,-48
1756012887.815945,-4,-5,-43
1756012887.8539443,-5,0,-47
1756012887.8929446,6,2,-51
1756012887.9289446,-5,5,-54
1756012887.9659443,-2,5,-57
1756012888.0039446,1,1,-56
1756012888.0419445,3,2,-47
1756012888.0779445,3,0,-45
1756012888.1149447,-5,2,-47
1756012888.1539447,-7,-1,-50
1756012888.1899445,-3,-5,-52
1756012888.2279446,4,-5,-45
1756012888.2659447,0,2,-42
1756012888.3039446,3,-8,-55
1756012888.3399446,4,-2,-49
1756012888.3779447,7,-3,-43
1756012888.4159446,-3,-6,-54
1756012888.4539447,2,-1,-45
1756012888.4929447,-4,-7,-57
1756012888.5289447,-6,-1,-61
1756012888.5669446,0,0,-51
1756012888.6039443,-1,-5,-52
1756012888.6429446,-3,-8,-38
1756012888.6789446,-2,-9,-45
1756012888.7169447,-7,-4,-45
1756012888.7549446,-10,-3,-59
1756012888.7939446,2,-3,-51
1756012888.8299446,0,-4,-55
1756012888.8669446,1,2,-45
1756012888.904945,-5,4,-46
1756012888.9429443,-4,0,-53
1756012888.9789443,-6,-2,-52
1756012889.0169446,0,0,-54
1756012889.0549445,0,1,-57
1756012889.0929446,-4,3,-57
1756012889.1289446,-5,-3,-49
1756012889.1669445,-1,0,-48
1756012889.2049446,1,0,-47
1756012889.2439446,-10,1,-52
1756012889.279945,-5,1,-61
1756012889.3169446,-1,1,-58
1756012889.3549447,0,-3,-59
1756012889.3939445,0,1,-52
1756012889.4299445,-2,0,-42
1756012889.4669447,-6,2,-44
1756012889.5049446,5,-4,-40
1756012889.5439446,-6,-8,-45
1756012889.5799446,-7,-4,-46
1756012889.6179447,-1,-4,-40
1756012889.6559446,-4,-4,-48
1756012889.6949446,-5,-3,-60
1756012889.7309446,-5,0,-48
1756012889.7689445,-3,-4,-68
1756012889.8069446,-1,-4,-57
1756012889.8449447,-1,2,-49
1756012889.8839445,-1,-4,-35
1756012889.9199443,-4,-5,-38
1756012889.9579446,4,1,-54
1756012889.9949446,-8,0,-55
1756012890.0339446,2,-3,-46
1756012890.0699446,2,0,-40
1756012890.1069446,3,1,-48
1756012890.144945,1,0,-61
1756012890.1809447,-1,-1,-55
1756012890.2189443,-1,-2,-48
1756012890.256945,-8,-5,-52
1756012890.2949443,0,-7,-56
1756012890.3339446,0,-3,-56
1756012890.3699446,1,4,-56
1756012890.4069445,-1,5,-47
1756012890.4459443,-5,-1,-45
1756012890.483945,1,-1,-47
1756012890.519945,4,1,-55
1756012890.5569446,-2,0,-51
1756012890.5959446,0,-5,-48
1756012890.6339445,3,-5,-52
1756012890.6699443,3,-3,-59
1756012890.7069447,5,2,-55
1756012890.7449446,-2,2,-62
1756012890.7809446,-5,1,-58
1756012890.8179443,4,-6,-54
1756012890.8559446,-2,-4,-46
1756012890.894945,2,-2,-55
1756012890.9309447,7,-7,-55
1756012890.9679446,0,-8,-44
1756012891.0059447,-5,-4,-59
1756012891.0449443,-1,2,-53
1756012891.0809443,-1,0,-52
1756012891.1179447,-8,-3,-50
1756012891.1559446,-14,-5,-45
1756012891.1949446,-2,2,-43
1756012891.2309446,0,-4,-45
1756012891.2679446,-3,-3,-43
1756012891.3059447,0,-4,-50
1756012891.3449447,-3,-8,-51
1756012891.3809447,-2,0,-51
1756012891.417945,2,-4,-58
1756012891.4559443,4,-10,-66
1756012891.4949446,2,-9,-56
1756012891.5309446,-4,-7,-47
1756012891.5689447,4,-2,-53
1756012891.6069446,5,-1,-49
1756012891.6459446,1,-7,-48
1756012891.6819446,0,-5,-56
1756012891.7199447,0,-5,-47
1756012891.7579446,-3,-3,-50
1756012891.7959447,1,0,-39
1756012891.8319447,0,3,-38
1756012891.8699446,-3,4,-48
1756012891.9069445,2,2,-41
1756012891.9459443,-3,5,-45
1756012891.9819446,-4,-2,-43
1756012892.019945,-7,-8,-38
1756012892.0579443,-12,0,-42
1756012892.0969446,0,-4,-51
1756012892.134945,-3,-1,-51
1756012892.1709447,-8,0,-48
1756012892.2079446,-6,-2,-44
1756012892.246945,-3,0,-54
1756012892.2849443,-1,0,-52
1756012892.3209443,0,-1,-56
1756012892.3579447,0,2,-56
1756012892.3969443,-2,-3,-46
1756012892.4349446,0,-7,-56
1756012892.4709446,-1,-3,-49
1756012892.5089445,-9,-6,-52
1756012892.5469446,2,-1,-58
1756012892.585945,-1,-6,-50
1756012892.621945,2,-7,-49
1756012892.6599443,1,-5,-54
1756012892.6969447,-4,0,-50
1756012892.7359445,-2,-5,-41
1756012892.7719443,2,-8,-45
1756012892.8089447,8,-5,-52
1756012892.8469446,1,-5,-56
1756012892.8859446,4,3,-65
1756012892.9219446,3,2,-57
1756012892.9589446,0,0,-47
1756012892.996945,-7,1,-48
1756012893.032945,0,-3,-38
1756012893.0709443,-3,-9,-46
1756012893.108945,-7,-5,-51
1756012893.1469443,-2,2,-57
1756012893.1859446,-6,2,-57
1756012893.2219446,0,-4,-58
1756012893.2589445,-4,1,-57
1756012893.2969446,-1,3,-47
1756012893.335945,3,-1,-55
1756012893.371945,1,-4,-40
1756012893.4099443,9,3,-46
1756012893.4469447,6,1,-54
1756012893.4829447,3,0,-63
1756012893.5209446,1,2,-68
1756012893.5599446,-2,0,-50
1756012893.5969446,-3,2,-53
1756012893.6359446,-1,0,-62
1756012893.6719446,0,0,-48
1756012893.7099447,5,0,-54
1756012893.7479446,0,0,-54
1756012893.7859447,-1,0,-47
1756012893.8219447,-4,0,-42
1756012893.858945,-1,-5,-47
1756012893.8979447,0,-7,-35
1756012893.9359446,4,0,-47
1756012893.9719446,7,-9,-40
1756012894.0179446,-8,-2,-40
1756012894.0559447,-5,0,-50
1756012894.0919447,-1,2,-51
1756012894.1289446,0,1,-61
1756012894.167945,1,5,-56
1756012894.2059443,-1,3,-44
1756012894.2419446,-5,1,-58
1756012894.2789447,3,-3,-41
1756012894.3179443,-2,-1,-50
1756012894.3559446,-4,-4,-43
1756012894.3919446,3,-1,-52
1756012894.4289446,0,-4,-51
1756012894.4679446,-4,-2,-57
1756012894.5059447,7,-6,-48
1756012894.5419445,1,-3,-48
1756012894.5799446,5,-2,-51
1756012894.6179447,-1,1,-47
1756012894.6569445,-8,0,-53
1756012894.6929443,-4,0,-56
1756012894.7309446,-3,4,-53
1756012894.7689445,-1,0,-41
1756012894.8079443,-2,5,-55
1756012894.8439443,-4,8,-45
1756012894.881945,0,2,-38
1756012894.9189446,-1,0,-49
1756012894.9579446,-1,-3,-59
1756012894.9939446,0,-8,-55
1756012895.0309446,1,-5,-47
1756012895.0689447,-6,1,-53
1756012895.1079447,-2,3,-53
1756012895.1439445,-1,0,-51
1756012895.1809447,0,0,-55
1756012895.2179446,0,2,-55
1756012895.2539446,0,-7,-44
1756012895.2919445,-8,0,-47
1756012895.3309443,-4,-4,-42
1756012895.3689446,2,-6,-55
1756012895.4069445,-6,-3,-45
1756012895.4429443,2,0,-46
1756012895.4809446,-1,4,-54
1756012895.5189445,-3,1,-52
1756012895.5569446,-6,0,-53
1756012895.5939443,-10,2,-54
1756012895.6309447,-3,0,-54
1756012895.6699443,-4,0,-48
1756012895.7079446,-2,1,-59
1756012895.7439446,3,-1,-59
1756012895.7809446,-7,-3,-67
1756012895.8199446,0,-1,-53
1756012895.8579447,-1,-5,-62
1756012895.8939445,3,-3,-57
1756012895.9309447,2,3,-44
1756012895.9689443,5,-4,-46
1756012896.006945,1,-3,-37
1756012896.042945,4,-11,-46
1756012896.0809443,6,-6,-59
1756012896.1199446,5,-2,-67
1756012896.157945,1,-8,-58
1756012896.1939447,8,-5,-46
1756012896.2309446,6,-4,-45
1756012896.269945,3,-10,-58
1756012896.3079443,4,-7,-51
1756012896.3439443,5,-8,-48
1756012896.3809447,1,-4,-59
1756012896.4199443,-2,0,-47
1756012896.4579446,-3,-7,-41
1756012896.4939446,-3,-2,-52
1756012896.5319445,3,0,-51
1756012896.5689447,0,2,-56
1756012896.6079447,1,0,-52
1756012896.6439445,-1,-3,-54
1756012896.6819446,-1,-4,-56
1756012896.7199447,-4,-3,-59
1756012896.7589445,-1,1,-57
1756012896.7949443,1,5,-51
1756012896.8319447,-2,5,-50
1756012896.8699446,2,2,-47
1756012896.907945,12,1,-38
1756012896.9449446,4,4,-55
1756012896.9819446,1,2,-45
1756012897.019945,4,5,-52
1756012897.0579443,0,0,-50
1756012897.0939443,-2,-4,-53
1756012897.131945,0,5,-48
1756012897.1699443,-5,-2,-58
1756012897.2079446,-6,-2,-58
1756012897.2439446,2,-7,-61
1756012897.2809446,-2,-4,-57
1756012897.3199446,5,-6,-49
1756012897.3579447,1,-3,-52
1756012897.3939445,1,2,-49
1756012897.4319446,1,0,-48
1756012897.4699447,-2,-2,-55
1756012897.5079446,6,-4,-50
1756012897.5439446,2,-5,-52
1756012897.5819447,-1,-9,-55
1756012897.6199446,0,-1,-45
1756012897.6589446,3,1,-37
1756012897.6949446,10,3,-45
1756012897.7319446,0,-1,-38
1756012897.769945,1,0,-37
1756012897.8079443,7,-2,-53
1756012897.8439443,3,-1,-56
1756012897.881945,3,0,-44
1756012897.9199443,-4,-4,-34
1756012897.9559443,-4,0,-49
1756012897.9929447,-7,0,-49
1756012898.0309446,-2,2,-52
1756012898.0699446,-3,0,-42
1756012898.1059446,-7,0,-50
1756012898.1429446,-4,-5,-51
1756012898.1819446,-4,2,-58
1756012898.2199447,-4,0,-62
1756012898.2559447,3,0,-59
1756012898.292945,-4,5,-51
1756012898.3319447,0,3,-46
1756012898.3699446,0,-1,-62
1756012898.4059446,3,-5,-58
1756012898.4429443,1,-2,-46
1756012898.4819446,1,-2,-52
1756012898.519945,1,0,-55
1756012898.5559447,1,0,-63
1756012898.5929446,2,-1,-64
1756012898.6309447,-8,-6,-59
1756012898.6699443,-9,-3,-56
1756012898.7059443,-7,1,-49
1756012898.7429447,-3,0,-56
1756012898.7809446,4,0,-52
1756012898.8199446,4,9,-50
1756012898.8559446,2,5,-59
1756012898.8929446,0,-3,-55
1756012898.9309447,9,-4,-54
1756012898.9699447,-3,-3,-58
1756012899.0059447,8,-5,-59
1756012899.042945,5,-2,-56
1756012899.0819447,0,1,-47
1756012899.1199446,-1,-2,-41
1756012899.1559446,-3,-4,-50
1756012899.1949446,-7,0,-47
1756012899.2319446,-13,1,-49
1756012899.2709446,1,-2,-46
1756012899.3089447,5,-7,-48
1756012899.3449447,5,-3,-56
1756012899.3829446,2,4,-35
1756012899.4209447,-1,-4,-34
1756012899.4589446,2,-6,-50
1756012899.4949446,1,-6,-46
1756012899.5319445,-2,-6,-49
1756012899.5709443,-7,-6,-50
1756012899.6069446,-5,1,-45
1756012899.6439445,-1,-4,-43
1756012899.6819446,9,2,-45
1756012899.7199447,9,-10,-52
1756012899.756945,0,-8,-51
1756012899.7939446,-1,-7,-51
1756012899.8319447,1,-3,-50
1756012899.8709445,1,7,-51
1756012899.9069445,9,4,-58
1756012899.9439447,2,-4,-49
1756012899.9819446,1,-4,-45
1756012900.0209446,1,-9,-49
1756012900.0569446,0,0,-58
1756012900.0939443,1,-3,-57
1756012900.131945,-2,-8,-52
1756012900.1709447,1,-2,-42
1756012900.2069447,1,-8,-49
1756012900.2439446,7,0,-52
1756012900.2809446,5,-1,-52
1756012900.3199446,1,0,-56
1756012900.3559446,3,0,-51
1756012900.3939445,-4,-2,-54
1756012900.4319446,0,-6,-46
1756012900.4699447,2,0,-52
1756012900.5059447,-3,4,-52
1756012900.5439446,0,6,-56
1756012900.5819447,-3,0,-47
1756012900.6199446,-2,0,-52
1756012900.6559446,-7,-4,-55
1756012900.6949446,-4,-7,-38
1756012900.7319446,-14,0,-49
1756012900.7709446,1,-2,-42
1756012900.8069446,-5,-5,-64
1756012900.8449447,-9,2,-50
1756012900.8829446,-6,-1,-52
1756012900.9219446,-2,-3,-50
1756012900.9599447,-2,0,-53
1756012900.9959445,2,-3,-58
1756012901.032945,-5,0,-57
1756012901.0719447,7,-6,-40
1756012901.1099446,4,-9,-53
1756012901.1459446,-2,-5,-57
1756012901.1839447,1,-5,-48
1756012901.2219446,0,-4,-52
1756012901.2609446,-1,0,-61
1756012901.2979443,-1,2,-49
1756012901.3349447,0,2,-61
1756012901.3729446,1,0,-46
1756012901.4109447,3,-1,-45
1756012901.4469447,11,0,-39
1756012901.4849446,4,5,-51
1756012901.5229447,2,4,-48
1756012901.5609446,0,1,-52
1756012901.5969446,7,-1,-48
1756012901.634945,2,2,-51
1756012901.6729443,0,0,-46
1756012901.710945,6,0,-49
1756012901.746945,11,-4,-57
1756012901.7849443,11,-5,-59
1756012901.8229446,7,0,-64
1756012901.8609445,0,3,-46
1756012901.8969443,-4,7,-45
1756012901.9349446,3,1,-61
1756012901.9729445,1,-3,-54
1756012902.0119443,1,1,-50
1756012902.0479443,-2,0,-50
1756012902.0849447,-7,3,-59
1756012902.1229446,-3,5,-57
1756012902.1619446,1,2,-49
1756012902.1979446,3,-2,-46
1756012902.2349446,1,-10,-50
1756012902.2729447,0,-9,-45
1756012902.3119447,-1,-6,-54
1756012902.3479445,6,-1,-49
1756012902.384945,-4,-2,-50
1756012902.4229443,-2,-7,-53
1756012902.4619446,1,-5,-48
1756012902.4979446,0,-5,-55
1756012902.5349443,1,3,-60
1756012902.5729446,-4,-5,-56
1756012902.611945,-2,-3,-45
1756012902.6479447,0,-2,-48
1756012902.6849446,0,0,-41
1756012902.7229445,-4,-3,-45
1756012902.7619443,-2,2,-54
1756012902.7979443,2,0,-58
1756012902.8349447,4,-3,-58
1756012902.8729446,0,-8,-58
1756012902.9119446,-7,2,-49
1756012902.9479446,-5,3,-44
1756012902.9849446,2,0,-46
1756012903.0229447,-1,3,-47
1756012903.0619447,0,0,-46
1756012903.0979445,7,1,-40
1756012903.134945,0,2,-49
1756012903.1729443,1,2,-58
1756012903.2089446,-4,2,-58
1756012903.2459445,-5,0,-63
1756012903.2839446,-3,0,-47
1756012903.3229446,-3,4,-62
1756012903.358945,0,-5,-46
1756012903.3959446,5,-8,-57
1756012903.4339447,-4,-2,-59
1756012903.4729445,1,-7,-58
1756012903.5089445,0,0,-47
1756012903.5459447,1,-4,-60
1756012903.5839446,-1,-6,-58
1756012903.6229446,2,-1,-55
1756012903.6589446,2,-1,-59
1756012903.6959443,-5,4,-59
1756012903.733945,-2,1,-59
1756012903.7729447,-2,-3,-67
1756012903.8089447,-5,-1,-70
1756012903.8469446,-7,-7,-56
1756012903.884945,-12,1,-53
1756012903.9239447,0,-1,-52
1756012903.9619446,1,0,-67
1756012903.9979446,0,-1,-54
1756012904.0439446,5,-1,-46
1756012904.0819447,-2,4,-43
1756012904.1179447,-9,0,-51
1756012904.154945,-7,0,-49
1756012904.1939447,-1,3,-57
1756012904.2319446,3,0,-39
1756012904.2679446,0,-1,-34
1756012904.3059447,0,-3,-47
1756012904.3439443,3,-6,-46
1756012904.3829446,5,4,-54
1756012904.4189446,3,1,-43
1756012904.4559443,4,0,-62
1756012904.4939446,8,-4,-57
1756012904.532945,-1,-4,-54
1756012904.5689447,-1,-3,-53
1756012904.6079447,4,4,-61
1756012904.6459446,0,7,-55
1756012904.6839447,-1,1,-63
1756012904.7199447,-3,4,-56
1756012904.7579446,-3,-6,-53
1756012904.7959447,1,0,-42
1756012904.8339446,-3,0,-54
1756012904.8699446,3,1,-57
1756012904.907945,-1,2,-56
1756012904.9459443,-5,-4,-57
1756012904.983945,-6,-2,-45
1756012905.019945,0,0,-47
1756012905.0579443,-2,0,-46
1756012905.0959446,-6,-1,-45
1756012905.1339445,2,2,-51
1756012905.1699443,7,-2,-47
1756012905.2079446,0,-4,-42
1756012905.2449446,6,-8,-52
1756012905.2839446,6,-8,-59
1756012905.3199446,0,0,-46
1756012905.3579447,-6,-1,-45
1756012905.3959446,0,-4,-51
1756012905.4339447,-6,-4,-53
1756012905.4699447,-4,-7,-61
1756012905.5079446,3,0,-60
1756012905.5449443,0,-2,-54
1756012905.5839446,4,-3,-59
1756012905.6199446,3,-1,-50
1756012905.657945,0,-2,-60
1756012905.6959443,-1,0,-60
1756012905.7349446,3,5,-55
1756012905.7729447,5,4,-50
1756012905.8089447,8,3,-52
1756012905.8459446,2,1,-45
1756012905.8839445,0,-1,-45
1756012905.9199443,2,-4,-47
1756012905.9579446,0,-2,-37
1756012905.9959445,3,-1,-49
1756012906.0339446,-3,1,-39
1756012906.0699446,4,0,-44
1756012906.1079447,4,-1,-51
1756012906.1459446,0,-4,-55
1756012906.1839447,5,-6,-51
1756012906.2199447,0,0,-44
1756012906.2579446,-1,-6,-41
1756012906.2959447,-4,-9,-49
1756012906.3339446,-6,-3,-49
1756012906.3699446,0,0,-52
1756012906.407945,0,4,-58
1756012906.4449446,-5,3,-57
1756012906.483945,-7,0,-71
1756012906.519945,-6,3,-62
1756012906.5579443,-7,-4,-61
1756012906.5959446,-8,-5,-64
1756012906.634945,-5,-7,-57
1756012906.6709447,-1,-6,-55
1756012906.7089446,-3,-5,-56
1756012906.746945,0,-6,-53
1756012906.7849443,0,1,-46
1756012906.8239446,1,-10,-46
1756012906.8599446,0,0,-42
1756012906.8969443,6,4,-45
1756012906.9349446,1,0,-60
1756012906.9709446,4,2,-46
1756012907.0079446,2,10,-55
1756012907.0459447,-5,0,-49
1756012907.0839446,0,3,-57
1756012907.1199446,-3,2,-56
1756012907.157945,-3,0,-49
1756012907.1959443,-9,0,-53
1756012907.2349446,-2,1,-54
1756012907.2709446,-2,0,-56
1756012907.3079443,-4,0,-61
1756012907.3459446,0,3,-55
1756012907.3839445,-5,-1,-53
1756012907.4209447,-3,0,-56
1756012907.4579446,-6,-3,-50
1756012907.4959445,-2,-2,-62
1756012907.5349443,-1,0,-54
1756012907.5709443,3,-1,-53
1756012907.6079447,2,3,-37
1756012907.6459446,8,-1,-42
1756012907.6839447,0,-3,-39
1756012907.7199447,0,-6,-54
1756012907.7579446,0,1,-33
1756012907.7959447,-2,3,-39
1756012907.8349447,4,-1,-55
1756012907.8709445,3,-6,-53
1756012907.907945,0,-2,-43
1756012907.9459443,4,-2,-56
1756012907.9849446,4,-8,-50
1756012908.0209446,4,-5,-54
1756012908.0589447,-3,-10,-51
1756012908.0969446,-2,4,-52
1756012908.1359446,-1,1,-56
1756012908.1719446,1,0,-58
1756012908.2089446,-2,-1,-59
1756012908.246945,2,-3,-51
1756012908.2859447,-9,-3,-51
1756012908.3219447,0,-6,-60
1756012908.3599446,1,-1,-52
1756012908.3969443,2,1,-44
1756012908.4349446,5,3,-54
1756012908.4709446,10,-3,-53
1756012908.5079446,4,3,-51
1756012908.5459447,10,-1,-50
1756012908.5819447,-2,-1,-48
1756012908.6209445,-6,-5,-61
1756012908.657945,-8,-12,-71
1756012908.6969447,-5,-5,-66
1756012908.7349446,5,-2,-48
1756012908.7709446,7,-1,-44
1756012908.8089447,1,-9,-57
1756012908.8469446,10,-6,-52
1756012908.8859446,2,6,-43
1756012908.9219446,9,3,-59
1756012908.9589446,2,-1,-56
1756012908.996945,0,-5,-60
1756012909.0359447,5,-6,-65
1756012909.0719447,-2,-2,-57
1756012909.1099446,0,1,-55
1756012909.1469443,6,-2,-51
1756012909.1859446,-4,-5,-52
1756012909.2219446,-1,-4,-58
1756012909.259945,-2,1,-57
1756012909.2989447,-3,3,-64
1756012909.3369446,-4,2,-56
1756012909.3749447,2,7,-59
1756012909.4109447,-6,1,-52
1756012909.4489446,-1,1,-56
1756012909.486945,-1,-1,-48
1756012909.5249443,-2,-7,-46
1756012909.5619447,4,0,-40
1756012909.598945,-4,-1,-46
1756012909.6369443,-4,1,-57
1756012909.6759446,-2,-3,-52
1756012909.7119446,-1,-3,-48
1756012909.7499447,3,-7,-57
1756012909.7879446,-3,-5,-60
1756012909.8269446,0,0,-51
1756012909.8629446,1,-3,-55
1756012909.8999443,13,-3,-47
1756012909.937945,5,-2,-49
1756012909.9769447,4,1,-47
1756012910.0129447,-1,-3,-44
1756012910.0509446,0,5,-53
1756012910.0879445,-8,2,-49
1756012910.1269443,-6,5,-42
1756012910.1629446,-5,2,-50
1756012910.1999447,3,0,-44
1756012910.236945,-3,2,-53
1756012910.2759447,-9,-5,-51
1756012910.3119447,0,-7,-53
1756012910.348945,0,-1,-47
1756012910.3879447,-1,3,-42
1756012910.4259446,-1,0,-52
1756012910.4619446,-4,2,-40
1756012910.4989443,0,1,-60
1756012910.5369446,2,3,-46
1756012910.5729446,-1,0,-47
1756012910.6099446,0,3,-47
1756012910.6479447,6,0,-47
1756012910.6859446,7,-2,-56
1756012910.7219446,6,-4,-53
1756012910.759945,5,0,-56
1756012910.7979443,9,2,-51
1756012910.835945,3,4,-57
1756012910.871945,10,-3,-56
1756012910.9099443,1,-4,-51
1756012910.9479446,1,-9,-57
1756012910.986945,2,-3,-58
1756012911.0229447,2,-2,-48
1756012911.0599446,-2,-1,-54
1756012911.0979445,0,0,-57
1756012911.1369443,1,0,-36
1756012911.1729443,-1,-1,-41
1756012911.210945,0,-4,-46
1756012911.2489443,1,2,-51
1756012911.2869446,9,-1,-50
1756012911.3229446,3,1,-42
1756012911.3599446,5,-2,-44
1756012911.3979447,-1,-1,-42
1756012911.4369447,-7,-6,-38
1756012911.4729445,0,0,-36
1756012911.509945,0,4,-36
1756012911.5479443,-2,0,-49
1756012911.5869446,3,0,-53
1756012911.6229446,0,-1,-48
1756012911.6599443,1,4,-49
1756012911.6979446,-3,1,-43
1756012911.733945,6,3,-46
1756012911.7719443,2,-5,-44
1756012911.8099446,1,-7,-38
1756012911.8479445,2,-3,-46
1756012911.8869443,-3,2,-48
1756012911.9229443,-5,1,-60
1756012911.9599447,-2,-2,-37
1756012911.9989443,5,0,-47
1756012912.0369446,3,4,-52
1756012912.0729446,1,6,-54
1756012912.1099446,3,8,-62
1756012912.1489446,-2,-2,-62
1756012912.1869447,2,0,-56
1756012912.2229445,4,4,-58
1756012912.259945,-3,0,-57
1756012912.2989447,-4,0,-44
1756012912.3369446,-5,-5,-50
1756012912.3729446,-1,-6,-62
1756012912.4109447,0,-5,-58
1756012912.4489446,2,-6,-47
1756012912.4879446,-5,0,-47
1756012912.5239446,-2,3,-47
1756012912.5619447,-4,5,-59
1756012912.598945,-3,-1,-52
1756012912.6379447,-7,-6,-50
1756012912.6739447,2,-5,-52
1756012912.710945,-4,0,-53
1756012912.7489443,-5,1,-54
1756012912.7879446,0,0,-46
1756012912.8239446,0,1,-53
1756012912.8609445,3,2,-42
1756012912.8989446,1,-2,-56
1756012912.9369447,5,-5,-57
1756012912.9729445,0,-5,-56
1756012913.009945,0,-5,-47
1756012913.0489447,4,2,-56
1756012913.0849447,0,1,-48
1756012913.121945,2,-3,-51
1756012913.1609447,0,0,-55
1756012913.1989446,-1,0,-46
1756012913.2349446,-2,0,-56
1756012913.2719443,0,-1,-66
1756012913.3109446,-2,-2,-52
1756012913.348945,-4,-2,-55
1756012913.384945,-3,3,-57
1756012913.4219446,-6,-2,-57
1756012913.460945,-2,-3,-48
1756012913.4989443,-4,0,-52
1756012913.5349443,-5,10,-64
1756012913.5719447,-1,9,-47
1756012913.6099446,8,3,-41
1756012913.6489446,3,-3,-52
1756012913.6849446,0,1,-50
1756012913.7219446,-1,2,-50
1756012913.759945,1,2,-46
1756012913.7989447,-3,0,-55
1756012913.8349447,-3,-3,-42
1756012913.8729446,1,5,-57
1756012913.9109447,-5,4,-60
1756012913.9489446,-2,3,-68
1756012913.9849446,4,1,-50
1756012914.0219443,9,7,-50
1756012914.0679443,1,5,-38
1756012914.1039443,1,3,-43
1756012914.1409447,2,-1,-49
1756012914.1799445,1,-4,-46
1756012914.2179446,1,-7,-51
1756012914.2539446,2,-3,-41
1756012914.2909446,3,0,-55
1756012914.3289447,-6,-5,-49
1756012914.3649447,-3,-6,-42
1756012914.4029446,3,-5,-36
1756012914.440945,-2,0,-50
1756012914.4799447,-4,-2,-69
1756012914.5179446,1,4,-48
1756012914.5539446,1,5,-42
1756012914.5909443,-5,-6,-53
1756012914.6299446,1,4,-51
1756012914.6659446,-2,0,-45
1756012914.7029445,1,0,-44
1756012914.7409446,0,-3,-49
1756012914.779945,10,0,-66
1756012914.815945,3,3,-63
1756012914.8529446,-1,7,-42
1756012914.8909447,-3,-1,-47
1756012914.9299445,-5,6,-50
1756012914.9659443,0,2,-47
1756012915.0029447,-3,-7,-47
1756012915.0409446,2,0,-49
1756012915.0799446,0,-3,-50
1756012915.1159446,-2,-4,-61
1756012915.1539447,-2,-3,-50
1756012915.1919446,4,-3,-57
1756012915.2309446,0,0,-59
1756012915.2689445,6,-7,-51
1756012915.3049445,8,-4,-39
1756012915.3419447,13,4,-52
1756012915.3809447,8,1,-48
1756012915.4189446,0,7,-52
1756012915.4549446,1,1,-46
1756012915.4919446,0,2,-49
1756012915.5309446,-4,-5,-46
1756012915.5689447,-1,-4,-53
1756012915.6049447,-9,3,-53
1756012915.6419446,-4,-2,-49
1756012915.6809447,-1,-3,-51
1756012915.7189443,0,4,-48
1756012915.7549446,0,0,-54
1756012915.7919445,-6,3,-48
1756012915.8309443,-7,4,-55
1756012915.8689446,-4,1,-54
1756012915.904945,-2,0,-56
1756012915.9419446,-2,1,-43
1756012915.9809446,-2,-1,-42
1756012916.0189445,0,-2,-53
1756012916.0549445,3,-6,-50
1756012916.0919447,-2,-4,-53
1756012916.1309447,2,-3,-56
1756012916.1689446,-6,-1,-65
1756012916.2049446,-8,-1,-64
1756012916.2429447,2,0,-50
1756012916.2809446,-3,2,-56
1756012916.3199446,3,-1,-53
1756012916.3559446,-3,-6,-48
1756012916.3939445,3,-3,-64
1756012916.4319446,3,0,-61
1756012916.4699447,2,-4,-56
1756012916.5059447,5,-10,-61
1756012916.542945,9,0,-54
1756012916.5809443,0,4,-45
1756012916.6169446,3,-1,-45
1756012916.654945,-2,-5,-52
1756012916.6929443,-9,-5,-51
1756012916.7309446,-5,0,-50
1756012916.769945,0,0,-55
1756012916.8059447,-5,0,-52
1756012916.8429446,1,0,-52
1756012916.8809447,-1,1,-53
1756012916.9169445,0,-3,-49
1756012916.9539447,0,-6,-63
1756012916.9919446,-9,-7,-45
1756012917.0309446,-3,-1,-31
1756012917.0669446,0,3,-37
1756012917.1039443,-5,-3,-42
1756012917.1419446,-2,0,-53
1756012917.1809447,-1,-3,-54
1756012917.2169447,9,-2,-59
1756012917.2539446,5,-1,-54
1756012917.2919445,-4,-1,-58
1756012917.3309443,0,3,-40
1756012917.3669446,-5,0,-49
1756012917.4039447,1,4,-54
1756012917.4419446,-7,0,-56
1756012917.4799447,-4,-1,-47
1756012917.5159447,-4,-2,-50
1756012917.5539446,0,1,-49
1756012917.5919447,2,0,-57
1756012917.6299446,4,-5,-57
1756012917.6659446,5,-1,-50
1756012917.7039447,-2,-2,-50
1756012917.7419446,-2,-4,-43
1756012917.7809446,-1,-4,-48
1756012917.8169446,0,-6,-58
1756012917.8539443,-1,1,-61
1756012917.8929446,-3,3,-46
1756012917.9309447,0,2,-53
1756012917.9669447,-2,-4,-50
1756012918.0049446,-1,0,-52
1756012918.042945,0,-2,-52
1756012918.0819447,-8,0,-50
1756012918.1179447,-2,3,-53
1756012918.1559446,10,-7,-58
1756012918.1939447,4,0,-58
1756012918.2319446,7,-2,-58
1756012918.2709446,2,-1,-58
1756012918.3069446,2,0,-52
1756012918.3449447,4,-3,-51
1756012918.3829446,-3,-7,-48
1756012918.4219446,1,-2,-43
1756012918.4579446,4,-2,-52
1756012918.4949446,3,0,-45
1756012918.5319445,0,-2,-46
1756012918.5709443,2,-3,-48
1756012918.6069446,-3,-1,-46
1756012918.644945,4,-4,-54
1756012918.6829443,-2,0,-54
1756012918.7219446,2,1,-52
1756012918.7579446,-1,0,-50
1756012918.7949443,0,2,-62
1756012918.8329446,0,-4,-59
1756012918.8709445,-4,-1,-56
1756012918.9069445,-3,-8,-47
1756012918.9449446,-3,-8,-54
1756012918.9829447,0,-4,-47
1756012919.0219443,-3,-1,-46
1756012919.0579443,4,1,-53
1756012919.0949447,-3,-1,-48
1756012919.1329446,-5,-7,-57
1756012919.1719446,-3,-4,-49
1756012919.2079446,-3,-1,-56
1756012919.2459445,-3,2,-54
1756012919.2849443,-3,1,-47
1756012919.3229446,-5,7,-37
1756012919.3609445,5,5,-51
1756012919.3969443,5,5,-55
1756012919.4349446,3,7,-54
1756012919.4729445,0,2,-57
1756012919.5109446,-2,-4,-49
1756012919.5469446,1,1,-45
1756012919.5849447,-1,-3,-50
1756012919.6229446,2,2,-45
1756012919.6589446,-1,-1,-53
1756012919.6969447,0,0,-51
1756012919.7349446,-1,-3,-54
1756012919.7729447,2,7,-62
1756012919.8089447,0,0,-59
1756012919.8459446,-5,2,-50
1756012919.884945,1,-1,-45
1756012919.9229443,-1,-5,-48
1756012919.9589446,1,-3,-48
1756012919.9959445,-1,-5,-54
1756012920.0349443,0,1,-58
1756012920.0729446,2,0,-42
1756012920.108945,0,-2,-49
1756012920.1459446,-1,4,-42
1756012920.1849446,-7,0,-57
1756012920.2229445,-2,0,-54
1756012920.2589445,-6,-2,-46
1756012920.2969446,-3,3,-52
1756012920.3349447,1,4,-53
1756012920.3739443,-2,3,-40
1756012920.4119446,1,0,-42
1756012920.4479446,-2,0,-45
1756012920.4859445,-4,3,-44
1756012920.5239446,0,-2,-46
1756012920.562945,-1,0,-55
1756012920.5999446,-1,4,-56
1756012920.6369443,2,4,-60
1756012920.6739447,1,3,-48
1756012920.7119446,-2,3,-56
1756012920.7479446,-4,-3,-49
1756012920.7859447,2,0,-54
1756012920.8239446,-3,2,-40
1756012920.861945,8,-7,-50
1756012920.8979447,9,0,-36
1756012920.9349446,-5,-7,-37
1756012920.973945,0,-5,-39
1756012921.0119443,0,-5,-45
1756012921.0479443,2,-4,-57
1756012921.0849447,4,1,-48
1756012921.1229446,4,-3,-49
1756012921.1589446,-5,2,-50
1756012921.1959443,-3,1,-56
1756012921.233945,2,-1,-56
1756012921.2729447,14,4,-45
1756012921.3089447,9,0,-42
1756012921.3459446,0,4,-47
1756012921.3839445,-2,5,-43
1756012921.4199443,4,-1,-51
1756012921.4569447,8,-5,-41
1756012921.4959445,3,0,-50
1756012921.5339446,0,-3,-59
1756012921.5699446,1,3,-59
1756012921.6069446,0,-7,-60
1756012921.644945,-3,-1,-68
1756012921.6839447,-2,1,-48
1756012921.7199447,-4,7,-50
1756012921.756945,-9,2,-55
1756012921.7959447,-6,-2,-43
1756012921.8339446,-5,2,-49
1756012921.8699446,5,3,-45
1756012921.9069445,10,-1,-43
1756012921.9449446,2,4,-36
1756012921.983945,2,1,-39
1756012922.019945,-1,3,-47
1756012922.0569446,8,3,-61
1756012922.0949447,7,-5,-63
1756012922.1339445,-4,1,-58
1756012922.1699443,-4,-5,-61
1756012922.2089446,-8,1,-55
1756012922.2459445,2,1,-42
1756012922.2839446,0,3,-40
1756012922.3199446,1,9,-47
1756012922.3569446,0,0,-55
1756012922.394945,-3,-4,-54
1756012922.4329443,-3,-3,-45
1756012922.4689443,-5,-9,-44
1756012922.506945,9,-3,-41
1756012922.5449443,-3,0,-54
1756012922.5839446,-6,-2,-56
1756012922.6199446,-7,-3,-61
1756012922.6589446,-5,-3,-55
1756012922.6959443,-5,-1,-48
1756012922.7349446,-4,-3,-55
1756012922.7729447,4,0,-53
1756012922.8089447,1,1,-51
1756012922.8459446,4,1,-52
1756012922.8839445,5,1,-59
1756012922.9199443,2,3,-53
1756012922.9569447,-2,0,-45
1756012922.9949446,0,-2,-44
1756012923.0339446,3,0,-56
1756012923.0699446,-1,-1,-53
1756012923.108945,5,-5,-53
1756012923.1459446,2,-3,-50
1756012923.1849446,-1,-3,-69
1756012923.2209446,4,-8,-66
1756012923.2589445,3,-10,-66
1756012923.2959447,0,-8,-49
1756012923.3349447,4,0,-65
1756012923.3709445,1,-5,-53
1756012923.4089446,0,-7,-50
1756012923.4459443,0,-4,-51
1756012923.4849446,-6,-1,-56
1756012923.5209446,3,1,-61
1756012923.5589447,-1,-1,-47
1756012923.5959446,-2,2,-53
1756012923.634945,0,-3,-50
1756012923.6709447,-7,-3,-45
1756012923.7089446,0,-6,-48
1756012923.746945,-7,-4,-48
1756012923.7859447,5,3,-50
1756012923.8239446,2,-4,-44
1756012923.8599446,0,0,-40
1756012923.8969443,-5,6,-34
1756012923.9359446,-10,5,-53
1756012923.973945,10,-7,-47
1756012924.009945,9,-2,-45
1756012924.0469446,3,0,-40
1756012924.0919447,-1,-2,-60
1756012924.1289446,-1,2,-54
1756012924.167945,-4,-4,-47
1756012924.2059443,0,0,-62
1756012924.2439446,5,2,-49
1756012924.279945,1,-3,-53
1756012924.3179443,0,-2,-43
1756012924.3559446,-3,-3,-55
1756012924.3939445,0,-2,-57
1756012924.4299445,-4,2,-52
1756012924.4679446,-7,0,-63
1756012924.5059447,3,0,-46
1756012924.5439446,3,0,-52
1756012924.5799446,-4,-6,-44
1756012924.6179447,-1,0,-45
1756012924.6559446,-8,0,-51
1756012924.6949446,0,-4,-43
1756012924.7309446,-7,0,-50
1756012924.7679446,-6,3,-47
1756012924.8059447,-4,3,-50
1756012924.8449447,0,3,-49
1756012924.8809447,0,-1,-50
1756012924.917945,0,1,-54
1756012924.9559443,1,1,-49
1756012924.9919446,4,2,-55
1756012925.0289447,-4,-4,-44
1756012925.0679443,-4,-5,-40
1756012925.1059446,-3,-5,-52
1756012925.1419446,4,-5,-48
1756012925.1799445,-2,-5,-54
1756012925.2179446,1,-4,-54
1756012925.2559447,3,0,-55
1756012925.2949443,2,-1,-66
1756012925.3309443,0,-5,-50
1756012925.3679447,1,-3,-51
1756012925.4069445,0,-4,-50
1756012925.4449446,4,-7,-45
1756012925.4809446,7,0,-47
1756012925.5179446,1,0,-64
1756012925.5559447,3,0,-54
1756012925.5919447,7,-2,-38
1756012925.6289446,-4,-1,-44
1756012925.667945,1,-8,-40
1756012925.7059443,-5,-2,-47
1756012925.7419446,-6,3,-52
1756012925.7789447,-3,2,-50
1756012925.8169446,1,3,-53
1756012925.8559446,6,7,-44
1756012925.8919446,-1,6,-40
1756012925.9289446,1,3,-34
1756012925.9679446,2,0,-52
1756012926.0059447,0,1,-59
1756012926.0419445,-3,0,-56
1756012926.0789447,7,2,-51
1756012926.1179447,5,-4,-61
1756012926.1559446,-4,-11,-59
1756012926.1919446,-2,-6,-52
1756012926.2299447,0,-4,-53
1756012926.2679446,0,-5,-49
1756012926.3069446,1,-5,-52
1756012926.3429446,1,1,-61
1756012926.3799446,0,-2,-55
1756012926.417945,4,0,-45
1756012926.4559443,-3,0,-47
1756012926.4919446,0,-3,-51
1756012926.529945,0,1,-55
1756012926.5679443,5,-1,-55
1756012926.6059446,6,5,-46
1756012926.6419446,7,0,-55
1756012926.6799445,6,-4,-58
1756012926.7179446,0,-5,-50
1756012926.756945,7,-3,-48
1756012926.792945,2,-6,-48
1756012926.8299446,5,-5,-56
1756012926.8679447,7,-3,-57
1756012926.9069445,-7,3,-48
1756012926.9429443,0,0,-55
1756012926.9799447,3,-6,-51
1756012927.0179446,2,-6,-58
1756012927.0569446,3,-10,-55
1756012927.0929446,1,-3,-55
1756012927.1299446,-6,0,-50
1756012927.167945,4,-8,-51
1756012927.2069447,7,-7,-52
1756012927.2429447,0,-4,-50
1756012927.279945,-6,-6,-54
1756012927.3179443,-6,-1,-55
1756012927.3569446,-2,1,-52
1756012927.3929446,2,1,-45
1756012927.4299445,1,0,-51
1756012927.4679446,3,0,-57
1756012927.5059447,0,-1,-59
1756012927.542945,0,-4,-51
1756012927.5799446,-2,1,-45
1756012927.6179447,1,0,-53
1756012927.6559446,4,-6,-56
1756012927.6919446,3,2,-52
1756012927.7299447,0,0,-58
1756012927.7679446,2,2,-61
1756012927.8059447,3,-2,-55
1756012927.8419447,7,0,-50
1756012927.8799446,8,-3,-46
1756012927.917945,-2,-5,-48
1756012927.9559443,7,-5,-47
1756012927.9919446,-1,0,-50
1756012928.029945,2,-6,-56
1756012928.0679443,0,-4,-59
1756012928.1069446,8,0,-67
1756012928.1429446,5,-3,-52
1756012928.1799445,2,-1,-60
1756012928.2189443,4,-1,-59
1756012928.256945,-6,0,-40
1756012928.292945,-7,-4,-53
1756012928.3309443,-4,-8,-50
1756012928.3689446,-3,-5,-48
1756012928.407945,-3,-4,-52
1756012928.4439447,-1,1,-54
1756012928.4809446,3,10,-42
1756012928.5189445,0,5,-54
1756012928.5569446,0,-4,-57
1756012928.5929446,-6,-8,-51
1756012928.6309447,-3,-1,-57
1756012928.6689446,2,0,-59
1756012928.7069447,-4,-1,-54
1756012928.7429447,-7,2,-56
1756012928.779945,-2,0,-44
1756012928.8189447,11,-6,-50
1756012928.8569446,0,6,-49
1756012928.8929446,-5,0,-54
1756012928.9299445,2,-4,-46
1756012928.9689443,0,1,-50
1756012929.006945,3,-1,-52
1756012929.0439446,5,1,-51
1756012929.0809443,8,-1,-43
1756012929.1189446,-2,2,-46
1756012929.157945,-3,-10,-54
1756012929.1939447,-3,-7,-56
1756012929.2319446,3,-6,-60
1756012929.269945,4,1,-57
1756012929.3079443,0,-7,-60
1756012929.3439443,-6,-4,-65
1756012929.381945,-1,0,-54
1756012929.4199443,-3,6,-53
1756012929.4589446,4,7,-49
1756012929.4979446,5,1,-49
1756012929.5339446,0,-2,-47
1756012929.5719447,-11,1,-49
1756012929.6099446,-3,1,-54
1756012929.6489446,-7,0,-55
1756012929.6849446,0,-6,-47
1756012929.7229445,2,-5,-41
1756012929.7609446,1,-1,-51
1756012929.7989447,0,-2,-51
1756012929.8379445,-2,-3,-50
1756012929.8739443,2,-1,-47
1756012929.9109447,1,0,-53
1756012929.9489446,-1,-1,-50
1756012929.9849446,1,-6,-43
1756012930.0219443,2,0,-32
1756012930.0599446,0,-3,-41
1756012930.098945,0,-6,-47
1756012930.134945,-9,-5,-60
1756012930.1729443,-5,-5,-53
1756012930.210945,-3,-4,-58
1756012930.2489443,5,-2,-47
1756012930.2879446,6,2,-55
1756012930.3239446,4,3,-57
1756012930.3609445,3,-2,-58
1756012930.3999443,0,0,-55
1756012930.437945,-5,0,-51
1756012930.473945,-3,-1,-44
1756012930.5119443,-6,0,-58
1756012930.5499446,-4,0,-44
1756012930.588945,-2,-2,-54
1756012930.6249447,0,0,-56
1756012930.6629446,4,1,-52
1756012930.700945,4,1,-54
1756012930.7399447,1,0,-67
1756012930.7779446,3,-4,-54
1756012930.8139446,2,-3,-56
1756012930.8519447,7,-1,-50
1756012930.8899446,4,1,-61
1756012930.927945,-1,0,-54
1756012930.963945,1,2,-44
1756012931.0009446,-6,0,-55
1756012931.0399446,2,-2,-61
1756012931.0779445,-3,-4,-61
1756012931.1139443,0,-7,-51
1756012931.1509447,-1,-6,-47
1756012931.1899445,-1,0,-43
1756012931.2279446,-6,-1,-35
1756012931.2639446,-3,-6,-42
1756012931.3019447,3,0,-43
1756012931.3409443,5,0,-45
1756012931.3789446,3,-1,-50
1756012931.4149446,3,0,-47
1756012931.4519446,-2,3,-56
1756012931.4909446,1,2,-50
1756012931.5289447,2,0,-53
1756012931.5649445,1,2,-52
1756012931.6019447,3,-2,-56
1756012931.6399446,16,4,-57
1756012931.6789446,11,-1,-43
1756012931.7149446,5,-4,-41
1756012931.7519443,3,-3,-63
1756012931.7909446,-1,-11,-49
1756012931.8289447,2,-10,-53
1756012931.8649447,1,-8,-47
1756012931.9019446,6,-3,-50
1756012931.940945,-1,-6,-51
1756012931.9789443,7,0,-47
1756012932.0149446,0,-3,-54
1756012932.0519447,1,-5,-52
1756012932.0909443,6,-2,-52
1756012932.1289446,-2,-2,-58
1756012932.1649446,-3,-5,-42
1756012932.2039447,2,-2,-48
1756012932.2409446,1,-10,-50
1756012932.279945,-8,-8,-67
1756012932.315945,-4,-6,-67
1756012932.3539443,1,-4,-51
1756012932.3919446,4,-4,-43
1756012932.4309447,3,-2,-50
1756012932.4689443,-5,1,-51
1756012932.5049446,-4,0,-49
1756012932.5419445,0,-7,-44
1756012932.5809443,0,-3,-54
1756012932.6189446,1,-6,-53
1756012932.654945,-4,-5,-56
1756012932.6929443,-6,-5,-56
1756012932.7309446,1,-3,-53
1756012932.769945,-5,0,-45
1756012932.8059447,-2,-2,-52
1756012932.8439443,0,0,-52
1756012932.881945,-2,0,-49
1756012932.9209447,-5,0,-51
1756012932.9589446,0,-7,-50
1756012932.9949446,1,-6,-59
1756012933.0319445,-4,-10,-56
1756012933.0709443,-7,-1,-58
1756012933.1069446,-9,1,-47
1756012933.1439445,-3,1,-57
1756012933.1819446,5,0,-69
1756012933.2209446,0,-4,-49
1756012933.256945,4,-2,-41
1756012933.2939446,0,-4,-45
1756012933.3329446,1,0,-42
1756012933.3709445,0,0,-50
1756012933.4069445,-1,0,-54
1756012933.4439447,8,-11,-47
1756012933.4819446,7,0,-48
1756012933.5209446,0,0,-49
1756012933.5569446,2,1,-50
1756012933.5939443,2,0,-42
1756012933.631945,0,1,-46
1756012933.6709447,-11,-8,-56
1756012933.7069447,-7,-9,-55
1756012933.7449446,4,1,-58
1756012933.782945,3,-3,-52
1756012933.8219447,10,-4,-44
1756012933.8599446,5,0,-50
1756012933.8959446,-5,-5,-52
1756012933.9339447,-5,-7,-57
1756012933.9719446,-5,4,-55
1756012934.0109446,-4,3,-56
1756012934.0469446,-5,0,-49
1756012934.0849447,4,-7,-47
1756012934.1299446,3,-5,-39
1756012934.1659446,1,-8,-40
1756012934.2029445,7,-2,-48
1756012934.2419446,-2,-2,-56
1756012934.279945,0,-4,-50
1756012934.315945,0,1,-52
1756012934.3529446,0,1,-46
1756012934.3919446,7,-6,-55
1756012934.4299445,-1,1,-42
1756012934.4659443,-1,-1,-52
1756012934.5049446,0,-4,-50
1756012934.5419445,1,-2,-55
1756012934.5809443,-3,-3,-61
1756012934.6169446,-7,2,-53
1756012934.6539447,-10,2,-52
1756012934.6919446,-3,2,-52
1756012934.7309446,-1,3,-50
1756012934.7669446,1,2,-48
1756012934.8049445,-6,3,-36
1756012934.8419447,-10,11,-59
1756012934.8809447,-3,-1,-47
1756012934.9169445,0,-5,-42
1756012934.9539447,-2,0,-55
1756012934.9919446,1,7,-50
1756012935.0309446,1,5,-56
1756012935.0669446,-2,3,-45
1756012935.1039443,0,2,-48
1756012935.1419446,-5,-3,-58
1756012935.177945,-6,-1,-61
1756012935.2159443,6,2,-53
1756012935.2539446,9,0,-51
1756012935.2919445,0,-2,-61
1756012935.3279445,0,-2,-37
1756012935.3659446,4,-7,-54
1756012935.4039447,0,-8,-56
1756012935.4429443,5,0,-47
1756012935.4809446,0,1,-40
1756012935.5169446,1,-2,-49
1756012935.5539446,-5,-3,-47
1756012935.5929446,-4,-5,-47
1756012935.6309447,-1,1,-58
1756012935.6669445,4,4,-51
1756012935.7039447,3,-1,-49
1756012935.7429447,0,-3,-52
1756012935.7809446,3,-6,-52
1756012935.8169446,-1,3,-43
1756012935.8539443,-9,3,-58
1756012935.8929446,-4,-1,-48
1756012935.9309447,2,-3,-55
1756012935.9669447,2,2,-45
1756012936.0039446,1,-3,-45
1756012936.042945,4,-3,-47
1756012936.0809443,10,0,-40
1756012936.1169446,1,2,-44
1756012936.1539447,3,0,-44
1756012936.1929443,-3,0,-50
1756012936.2309446,-3,1,-53
1756012936.2669446,2,4,-46
1756012936.3039446,1,1,-40
1756012936.3429446,0,-1,-42
1756012936.3789446,6,-6,-56
1756012936.4159446,4,1,-57
1756012936.4549446,1,-5,-46
1756012936.4929447,-1,4,-51
1756012936.5289447,-2,-1,-58
1756012936.5669446,-5,0,-61
1756012936.6049447,-9,-3,-59
1756012936.6429446,-3,2,-48
1756012936.6819446,0,0,-47
1756012936.7179446,1,0,-45
1756012936.7549446,5,0,-58
1756012936.792945,4,7,-55
1756012936.8319447,2,4,-61
1756012936.8679447,2,-2,-53
1756012936.904945,6,3,-56
1756012936.9429443,0,-7,-51
1756012936.9789443,5,1,-48
1756012937.0159447,0,-7,-48
1756012937.0539446,0,-4,-38
1756012937.0929446,-1,0,-48
1756012937.1289446,-2,1,-42
1756012937.167945,0,-2,-48
1756012937.2049446,0,1,-53
1756012937.2439446,-3,5,-53
1756012937.2819445,-2,-1,-53
1756012937.3179443,0,0,-52
1756012937.3549447,-1,-5,-54
1756012937.3939445,2,-3,-52
1756012937.4319446,0,0,-49
1756012937.4679446,-3,-3,-49
1756012937.5059447,0,8,-46
1756012937.5439446,2,5,-48
1756012937.5829446,1,-3,-47
1756012937.6189446,1,2,-52
1756012937.6569445,9,11,-56
1756012937.6939447,5,2,-56
1756012937.7319446,0,4,-47
1756012937.7679446,-2,4,-39
1756012937.8049445,5,1,-44
1756012937.8439443,5,2,-56
1756012937.881945,-2,3,-49
1756012937.917945,0,4,-63
1756012937.9549446,0,7,-58
1756012937.9939446,6,5,-51
1756012938.029945,5,-5,-46
1756012938.0669446,3,-7,-55
1756012938.1059446,6,-8,-49
1756012938.1439445,3,-3,-45
1756012938.1799445,-2,0,-43
1756012938.2169447,5,-1,-46
1756012938.2559447,1,4,-49
1756012938.2939446,0,-1,-47
1756012938.3299446,-5,2,-53
1756012938.3669446,2,-2,-52
1756012938.404945,-1,0,-58
1756012938.4439447,0,-7,-50
1756012938.4799447,0,-3,-56
1756012938.5169446,-1,-3,-53
1756012938.5549445,7,7,-56
1756012938.5939443,8,0,-50
1756012938.6299446,4,0,-51
1756012938.6669445,2,0,-52
1756012938.7049446,5,5,-54
1756012938.7429447,-1,-7,-41
1756012938.7789447,1,-5,-54
1756012938.8169446,-3,-5,-64
1756012938.8549447,-6,-12,-65
1756012938.8939445,2,-9,-62
1756012938.9299445,-3,0,-46
1756012938.9679446,-3,-6,-45
1756012939.0059447,-2,-4,-54
1756012939.0449443,-1,-4,-57
1756012939.0829446,-12,0,-58
1756012939.1189446,-8,5,-54
1756012939.1559446,0,-1,-56
1756012939.1949446,3,-4,-60
1756012939.2329447,7,-3,-54
1756012939.2689445,6,-7,-52
1756012939.3059447,6,0,-53
1756012939.3439443,7,3,-49
1756012939.3799446,6,3,-44
1756012939.4169445,3,1,-54
1756012939.4549446,0,3,-47
1756012939.4939446,-2,6,-61
1756012939.529945,0,3,-46
1756012939.5679443,1,3,-46
1756012939.6049447,-4,-3,-50
1756012939.6439445,-5,-5,-47
1756012939.6799445,3,0,-58
1756012939.7179446,-1,4,-62
1756012939.7559447,0,4,-47
1756012939.7949443,0,5,-51
1756012939.8309443,0,-1,-56
1756012939.8679447,4,1,-59
1756012939.904945,3,-3,-48
1756012939.9439447,-2,4,-52
1756012939.9799447,-8,0,-52
1756012940.0179446,-9,-3,-48
1756012940.0569446,0,0,-40
1756012940.0949447,5,-2,-50
1756012940.1309447,4,0,-50
1756012940.167945,0,0,-46
1756012940.2049446,0,-1,-52
1756012940.2439446,0,0,-53
1756012940.279945,-3,-3,-39
1756012940.3179443,-4,-1,-62
1756012940.3559446,0,-2,-58
1756012940.394945,-7,0,-53
1756012940.4309447,-5,0,-54
1756012940.4689443,-1,-4,-50
1756012940.506945,4,-5,-48
1756012940.5459447,0,-5,-54
1756012940.5839446,0,-7,-62
1756012940.6199446,-1,0,-60
1756012940.6569445,0,-4,-53
1756012940.6959443,-6,0,-43
1756012940.733945,0,2,-47
1756012940.769945,3,3,-44
1756012940.8069446,0,-2,-54
1756012940.8459446,0,-3,-67
1756012940.8839445,-6,-4,-60
1756012940.9199443,-7,2,-53
1756012940.9569447,1,2,-56
1756012940.9959445,6,3,-55
1756012941.0339446,7,0,-51
1756012941.0699446,-3,-1,-53
1756012941.108945,-5,-5,-55
1756012941.1459446,1,0,-46
1756012941.1839447,-1,5,-62
1756012941.2199447,-1,6,-62
1756012941.256945,-2,-6,-49
1756012941.2959447,1,-5,-51
1756012941.3319447,2,-4,-49
1756012941.3699446,-6,1,-47
1756012941.4069445,-3,2,-45
1756012941.4459443,-1,6,-51
1756012941.4819446,-4,-2,-50
1756012941.5209446,2,4,-56
1756012941.5589447,0,2,-50
1756012941.5959446,9,4,-55
1756012941.631945,8,0,-51
1756012941.6689446,-2,-4,-54
1756012941.7069447,-4,4,-42
1756012941.7459445,-5,-1,-55
1756012941.7819445,-1,2,-59
1756012941.8189447,-1,0,-48
1756012941.8569446,-4,4,-36
1756012941.8959446,-4,4,-52
1756012941.9319446,2,9,-61
1756012941.9689443,-5,0,-47
1756012942.0079446,-4,2,-53
1756012942.0459447,3,-2,-57
1756012942.0819447,-3,0,-49
1756012942.1189446,-1,-1,-63
1756012942.157945,6,-5,-55
1756012942.1959443,0,0,-56
1756012942.2319446,-2,-2,-55
1756012942.269945,-5,-2,-51
1756012942.3079443,2,2,-54
1756012942.3459446,6,-4,-54
1756012942.381945,3,7,-58
1756012942.4189446,5,6,-58
1756012942.4569447,-2,6,-58
1756012942.4949446,5,2,-49
1756012942.5309446,0,4,-51
1756012942.5679443,11,4,-72
1756012942.6059446,0,-1,-54
1756012942.6419446,4,-3,-60
1756012942.6799445,12,-4,-47
1756012942.7179446,1,-2,-46
1756012942.756945,0,-2,-37
1756012942.7949443,0,0,-42
1756012942.8309443,1,9,-43
1756012942.8679447,-2,2,-59
1756012942.9069445,-1,1,-55
1756012942.9449446,0,1,-55
1756012942.9809446,0,-4,-50
1756012943.0179446,0,-4,-63
1756012943.0569446,0,-1,-54
1756012943.0929446,0,4,-53
1756012943.1299446,7,-7,-59
1756012943.167945,1,3,-45
1756012943.2069447,-3,1,-64
1756012943.2429447,-1,2,-66
1756012943.279945,-7,-5,-63
1756012943.3179443,0,-10,-53
1756012943.3569446,4,-7,-49
1756012943.3929446,9,0,-56
1756012943.4299445,4,-6,-54
1756012943.4679446,2,-3,-51
1756012943.506945,-1,-2,-47
1756012943.542945,2,-2,-44
1756012943.5809443,2,-4,-64
1756012943.6189446,-2,-2,-52
1756012943.6569445,4,-3,-60
1756012943.6959443,-1,-3,-58
1756012943.7319446,3,-3,-55
1756012943.7689445,-1,-5,-41
1756012943.8079443,0,-7,-55
1756012943.8459446,0,-3,-55
1756012943.881945,-5,0,-57
1756012943.9189446,2,-3,-62
1756012943.9579446,0,3,-61
1756012943.9959445,-1,-3,-64
1756012944.0319445,-4,-2,-58
1756012944.0699446,1,-5,-51
1756012944.1079447,-4,-3,-52
1756012944.1519446,0,0,-46
1756012944.1899445,-4,4,-49
1756012944.2279446,-2,3,-61
1756012944.2669446,0,-2,-54
1756012944.302945,-7,-2,-55
1756012944.3409443,-4,2,-52
1756012944.3789446,0,0,-52
1756012944.4169445,-4,-3,-50
1756012944.4529445,-4,8,-40
1756012944.4899447,-2,3,-55
1756012944.5279446,-1,1,-57
1756012944.5669446,0,5,-50
1756012944.6039443,5,1,-64
1756012944.6409447,7,-7,-52
1756012944.6789446,3,-2,-54
1756012944.7179446,0,-4,-65
1756012944.7539446,3,-3,-60
1756012944.7919445,-7,-4,-48
1756012944.8309443,-3,1,-58
1756012944.8689446,-3,-3,-55
1756012944.9069445,6,-9,-55
1756012944.9429443,0,-6,-42
1756012944.9809446,3,1,-42
1756012945.0179446,-7,-3,-54
1756012945.0569446,0,-1,-55
1756012945.0929446,2,-3,-46
1756012945.1309447,0,0,-53
1756012945.167945,4,-1,-57
1756012945.2069447,-8,-3,-49
1756012945.2429447,-4,-3,-48
1756012945.2809446,1,-2,-44
1756012945.3189447,2,-7,-44
1756012945.3579447,-11,-3,-55
1756012945.3939445,-4,2,-49
1756012945.4309447,0,0,-53
1756012945.4689443,-1,0,-56
1756012945.5079446,-5,0,-62
1756012945.5439446,-2,-1,-50
1756012945.5819447,1,1,-39
1756012945.6189446,0,-8,-45
1756012945.657945,0,0,-54
1756012945.6939447,2,1,-47
1756012945.7309446,0,0,-41
1756012945.7689445,0,0,-51
1756012945.8079443,5,-6,-45
1756012945.8439443,6,-2,-43
1756012945.881945,6,-4,-49
1756012945.9199443,1,-1,-44
1756012945.9589446,0,-5,-47
1756012945.996945,-2,-5,-55
1756012946.032945,-9,-1,-58
1756012946.0709443,-2,-8,-56
1756012946.1099446,1,-6,-55
1756012946.1479447,1,-3,-55
1756012946.1839447,-2,-4,-53
1756012946.2229445,-5,-1,-54
1756012946.259945,-2,-5,-54
1756012946.2989447,5,-3,-50
1756012946.3349447,1,-4,-47
1756012946.3729446,-3,8,-46
1756012946.4109447,1,1,-54
1756012946.4489446,-2,-1,-54
1756012946.4879446,-4,-2,-61
1756012946.5239446,1,-2,-56
1756012946.5609446,5,-1,-43
1756012946.598945,-5,-9,-51
1756012946.6379447,-1,-2,-53
1756012946.6739447,-9,-1,-58
1756012946.7119446,-3,1,-44
1756012946.7499447,4,-5,-48
1756012946.7889447,-3,-2,-53
1756012946.8249447,2,0,-51
1756012946.861945,-3,-8,-52
1756012946.8999443,-4,-9,-54
1756012946.9389446,10,-5,-46
1756012946.9749446,-5,6,-59
1756012947.0119443,0,-1,-58
1756012947.0499446,-2,-4,-62
1756012947.088945,0,-1,-58
1756012947.1249447,-3,1,-59
1756012947.1619446,-2,0,-52
1756012947.1999447,-2,-1,-49
1756012947.2389443,-4,3,-59
1756012947.2749443,-7,3,-60
1756012947.312945,-14,5,-50
1756012947.3519447,-3,4,-47
1756012947.3899446,-2,3,-50
1756012947.427945,6,2,-39
1756012947.463945,4,5,-45
1756012947.5019443,2,0,-43
1756012947.5399446,1,2,-49
1756012947.5779445,0,9,-57
1756012947.6139443,4,1,-49
1756012947.6519446,-4,-1,-55
1756012947.6899445,-3,-1,-49
1756012947.7289443,-8,-4,-54
1756012947.7649446,-5,-2,-49
1756012947.802945,4,3,-52
1756012947.8399446,0,-2,-51
1756012947.8789446,-2,-2,-46
1756012947.9149446,-1,-8,-49
1756012947.9529445,1,-2,-57
1756012947.9909446,-9,7,-52
1756012948.029945,2,0,-43
1756012948.065945,0,-4,-44
1756012948.1029446,-1,-1,-46
1756012948.1409447,4,-6,-44
1756012948.1799445,7,-3,-55
1756012948.2159443,7,-2,-58
1756012948.2539446,0,1,-56
1756012948.2909446,0,5,-62
1756012948.3289447,-7,0,-41
1756012948.3649447,2,-2,-43
1756012948.4019446,6,-5,-44
1756012948.4399445,4,0,-37
1756012948.4789443,4,-2,-52
1756012948.5149446,-9,1,-46
1756012948.5519447,3,-4,-47
1756012948.5899446,4,-1,-53
1756012948.6289446,5,-7,-52
1756012948.6649446,0,0,-58
1756012948.7019446,-1,-4,-55
1756012948.7409446,4,-2,-54
1756012948.7789447,-5,0,-52
1756012948.8149445,-7,-1,-48
1756012948.8529446,-3,5,-46
1756012948.8909447,-5,2,-50
1756012948.9299445,-2,4,-46
1756012948.9659443,0,4,-39
1756012949.0029447,4,-2,-45
1756012949.0409446,0,-6,-41
1756012949.0799446,2,0,-35
1756012949.1159446,3,5,-48
1756012949.1539447,-1,3,-54
1756012949.190945,1,-3,-50
1756012949.2299447,0,-4,-48
1756012949.2659447,-3,-1,-42
1756012949.3039446,0,-3,-52
1756012949.3419447,0,-2,-43
1756012949.3809447,-5,-4,-50
1756012949.4189446,-2,-2,-40
1756012949.4549446,0,-4,-37
1756012949.4929447,1,-7,-49
1756012949.5309446,2,-6,-60
1756012949.5699446,-2,-1,-48
1756012949.6059446,-1,0,-57
1756012949.6439445,0,0,-55
1756012949.6819446,-10,-5,-50
1756012949.7209446,4,-4,-46
1756012949.756945,1,-5,-38
1756012949.7949443,1,2,-50
1756012949.8319447,5,-1,-43
1756012949.8709445,-1,-3,-52
1756012949.9069445,2,0,-54
1756012949.9449446,-1,-3,-44
1756012949.9819446,-2,3,-48
1756012950.0209446,-2,3,-41
1756012950.0569446,6,4,-49
1756012950.0939443,0,0,-69
1756012950.131945,-11,-6,-60
1756012950.1709447,-7,4,-47
1756012950.2069447,-9,2,-48
1756012950.2439446,-3,-11,-55
1756012950.2819445,-3,-1,-55
1756012950.3209443,5,1,-29
1756012950.3569446,5,-1,-34
1756012950.3939445,3,-5,-41
1756012950.4319446,1,-1,-45
1756012950.4709446,-2,-1,-56
1756012950.506945,-2,-2,-54
1756012950.5449443,0,-4,-49
1756012950.5839446,-3,-7,-49
1756012950.621945,-2,-3,-46
1756012950.6599443,1,-5,-40
1756012950.6959443,-2,-5,-51
1756012950.733945,0,-1,-47
1756012950.7719443,-3,-6,-59
1756012950.8109446,0,-1,-53
1756012950.8469446,5,3,-55
1756012950.8839445,4,2,-54
1756012950.9219446,0,0,-45
1756012950.9599447,4,0,-46
1756012950.996945,-3,2,-44
1756012951.0339446,-5,0,-57
1756012951.0719447,-12,11,-61
1756012951.1109445,3,5,-51
1756012951.1469443,0,8,-50
1756012951.1839447,-9,2,-47
1756012951.2219446,-2,-1,-45
1756012951.2609446,-1,7,-39
1756012951.2969446,0,3,-45
1756012951.3339446,0,-1,-49
1756012951.371945,-7,-5,-56
1756012951.4109447,-5,-6,-45
1756012951.4469447,-8,-6,-41
1756012951.4849446,-3,2,-45
1756012951.5229447,2,-1,-46
1756012951.5619447,0,-3,-45
1756012951.5979445,4,2,-34
1756012951.634945,-3,3,-48
1756012951.6729443,-1,1,-52
1756012951.7119446,4,-2,-49
1756012951.7479446,2,2,-46
1756012951.7849443,-1,6,-50
1756012951.8229446,0,10,-47
1756012951.8609445,12,-2,-49
1756012951.8969443,3,-2,-49
1756012951.9339447,-11,0,-48
1756012951.9719446,-1,6,-44
1756012952.0109446,-3,8,-52
1756012952.0469446,-1,5,-52
1756012952.0839446,-2,2,-55
1756012952.1229446,0,-5,-65
1756012952.1609447,-5,0,-57
1756012952.1969447,-5,-1,-56
1756012952.2349446,0,1,-54
1756012952.2729447,-3,0,-54
1756012952.3109446,-2,0,-51
1756012952.3469446,1,5,-48
1756012952.3839445,2,1,-46
1756012952.4219446,-3,3,-55
1756012952.4579446,1,0,-52
1756012952.4959445,0,-1,-60
1756012952.532945,0,1,-58
1756012952.5709443,2,-3,-55
1756012952.6069446,-2,5,-47
1756012952.644945,-10,1,-52
1756012952.6829443,0,5,-47
1756012952.7219446,2,2,-51
1756012952.7579446,-1,6,-57
1756012952.7949443,0,-4,-47
1756012952.8329446,-1,2,-43
1756012952.871945,7,1,-50
1756012952.907945,9,2,-46
1756012952.9449446,3,6,-52
1756012952.9829447,1,-1,-54
1756012953.0219443,0,0,-44
1756012953.0579443,-2,0,-45
1756012953.0949447,-2,5,-46
1756012953.1329446,9,7,-54
1756012953.1689446,5,2,-50
1756012953.2059443,-3,0,-45
1756012953.2439446,-3,3,-39
1756012953.282945,0,-5,-50
1756012953.3189447,-7,5,-52
1756012953.3569446,-11,0,-47
1756012953.394945,-4,5,-51
1756012953.4329443,1,5,-55
1756012953.4689443,1,0,-69
1756012953.5059447,-3,3,-51
1756012953.5439446,-4,3,-56
1756012953.5829446,-2,3,-58
1756012953.6189446,-2,-2,-57
1756012953.6569445,-2,0,-52
1756012953.6949446,-2,-1,-45
1756012953.733945,2,5,-49
1756012953.7719443,-4,7,-56
1756012953.8079443,-6,2,-58
1756012953.8449447,-6,3,-60
1756012953.8839445,-1,7,-59
1756012953.9219446,0,0,-57
1756012953.9579446,0,0,-65
1756012953.9949446,1,4,-51
1756012954.0339446,7,5,-46
1756012954.0719447,0,1,-43
1756012954.1079447,0,1,-48
1756012954.144945,5,-1,-55
1756012954.1889446,-3,-4,-51
1756012954.2269447,-3,1,-50
1756012954.2649446,3,6,-53
1756012954.3039446,6,-8,-49
1756012954.3419447,5,-5,-53
1756012954.3779447,5,0,-54
1756012954.4149446,1,0,-54
1756012954.4529445,0,-1,-45
1756012954.4889443,-8,0,-58
1756012954.5259447,1,2,-56
1756012954.5639446,-1,0,-45
1756012954.6019447,-6,7,-50
1756012954.6379447,3,4,-58
1756012954.6749446,-4,10,-54
1756012954.713945,-1,3,-44
1756012954.7499447,1,1,-54
1756012954.7879446,0,-3,-53
1756012954.825945,0,0,-53
1756012954.8639443,-11,5,-53
1756012954.8999443,-3,5,-59
1756012954.937945,0,3,-55
1756012954.9749446,3,-2,-54
1756012955.0139446,3,-3,-47
1756012955.0499446,3,1,-45
1756012955.088945,0,2,-45
1756012955.1259446,1,0,-42
1756012955.1639447,-5,4,-46
1756012955.1999447,3,7,-37
1756012955.236945,0,3,-47
1756012955.2759447,2,-2,-57
1756012955.3139446,-5,0,-55
1756012955.3499446,-6,0,-50
1756012955.3879447,-6,2,-39
1756012955.4259446,-5,1,-46
1756012955.4649446,-2,3,-52
1756012955.5029447,5,4,-58
1756012955.5389447,5,-1,-60
1756012955.5769446,1,1,-42
1756012955.6149447,0,5,-45
1756012955.6529446,5,0,-52
1756012955.6889446,4,1,-58
1756012955.7259445,7,5,-56
1756012955.7649446,2,1,-56
1756012955.802945,1,3,-52
1756012955.838945,-3,0,-54
1756012955.8769443,-1,-5,-59
1756012955.9149446,-7,-4,-51
1756012955.9529445,-8,-3,-51
1756012955.9889443,-6,-4,-52
1756012956.0269446,0,3,-53
1756012956.0649445,-1,6,-56
1756012956.1029446,-4,3,-48
1756012956.1389446,-6,1,-52
1756012956.1759446,-4,2,-57
1756012956.2149446,-10,-1,-49
1756012956.2529447,-9,6,-47
1756012956.2889447,-4,1,-47
1756012956.3269446,-2,9,-49
1756012956.3649447,0,4,-51
1756012956.4009447,2,7,-53
1756012956.437945,0,-1,-62
1756012956.4759445,0,0,-53
1756012956.5149446,0,-1,-51
1756012956.5509446,5,-2,-64
1756012956.588945,7,4,-45
1756012956.6269443,6,1,-39
1756012956.6649446,9,-4,-52
1756012956.700945,7,2,-45
1756012956.7389443,1,-5,-54
1756012956.7769446,0,1,-57
1756012956.8149445,4,2,-56
1756012956.8509445,2,0,-61
1756012956.8889446,5,0,-53
1756012956.9269447,-4,-3,-49
1756012956.9659443,-3,-5,-44
1756012957.0039446,0,-4,-50
1756012957.0399446,0,0,-46
1756012957.0769446,2,-4,-59
1756012957.1159446,-4,1,-43
1756012957.1539447,2,-3,-57
1756012957.1899445,0,-4,-56
1756012957.2269447,-7,-4,-64
1756012957.2659447,-2,-1,-53
1756012957.3039446,-2,-6,-56
1756012957.3399446,2,-2,-60
1756012957.3769443,0,-1,-53
1756012957.4159446,0,-4,-54
1756012957.4539447,-1,3,-57
1756012957.4899447,2,-1,-59
1756012957.5269446,7,-9,-67
1756012957.565945,9,-8,-54
1756012957.6039443,3,-4,-56
1756012957.6399446,6,-7,-52
1756012957.6769447,9,5,-53
1756012957.7159443,4,2,-50
1756012957.7539446,2,-1,-58
1756012957.7899446,4,-11,-44
1756012957.8279445,-4,-1,-38
1756012957.8659446,-4,4,-47
1756012957.904945,0,9,-40
1756012957.940945,2,0,-47
1756012957.9779446,6,-2,-47
1756012958.0159447,4,-3,-57
1756012958.0549445,4,-2,-60
1756012958.0909443,0,5,-55
1756012958.1279447,-2,-1,-44
1756012958.1659446,-11,-4,-46
1756012958.2049446,-1,5,-48
1756012958.2409446,-1,1,-58
1756012958.2779446,5,-3,-52
1756012958.315945,-2,-1,-34
1756012958.3549447,-1,0,-40
1756012958.3909447,2,-4,-38
1756012958.427945,7,-5,-45
1756012958.4659443,1,-9,-50
1756012958.5049446,3,-6,-46
1756012958.5409446,0,0,-54
1756012958.5779445,0,1,-47
1756012958.6159446,-9,2,-52
1756012958.6519446,-3,2,-50
1756012958.6889446,0,1,-44
1756012958.7269447,0,6,-43
1756012958.7649446,5,0,-53
1756012958.8009446,7,-1,-51
1756012958.8379445,4,-4,-42
1756012958.8769443,-1,-5,-43
1756012958.9149446,-5,-7,-44
1756012958.950945,4,-7,-44
1756012958.9889443,-5,-5,-56
1756012959.0269446,-2,-3,-55
1756012959.065945,-3,-6,-48
1756012959.1019447,0,0,-49
1756012959.1389446,0,0,-42
1756012959.1769447,-2,1,-36
1756012959.2159443,2,4,-48
1756012959.2519443,0,-3,-44
1756012959.2899446,0,0,-49
1756012959.3279445,4,2,-50
1756012959.3659446,4,-1,-44
1756012959.4019446,-1,-1,-56
1756012959.440945,-7,4,-50
1756012959.4779446,0,-1,-47
1756012959.5169446,0,-8,-61
1756012959.5549445,-4,-1,-51
1756012959.5909443,0,-3,-46
1756012959.6279447,2,0,-47
1756012959.6659446,0,0,-46
1756012959.7019446,-1,-3,-52
1756012959.7399447,-8,0,-47
1756012959.7779446,-7,-3,-51
1756012959.8169446,0,0,-56
1756012959.8529446,-3,0,-51
1756012959.8899446,0,-2,-64
1756012959.927945,-2,-5,-54
1756012959.9669447,0,0,-50
1756012960.0029447,0,0,-45
1756012960.0409446,0,0,-53
1756012960.0779445,3,6,-49
1756012960.1159446,5,6,-46
1756012960.1519446,-1,0,-45
1756012960.1899445,0,-6,-50
1756012960.2279446,0,2,-52
1756012960.2659447,-5,-5,-51
1756012960.3019447,-1,-2,-48
1756012960.3409443,3,-6,-48
1756012960.3779447,2,1,-61
1756012960.4159446,2,4,-57
1756012960.4519446,-1,0,-46
1756012960.4909446,3,2,-54
1756012960.5279446,0,5,-47
1756012960.565945,-1,-5,-43
1756012960.6019447,-6,-2,-46
1756012960.6409447,-9,-3,-56
1756012960.677945,-3,-4,-52
1756012960.7169447,-2,0,-49
1756012960.7529447,-2,0,-51
1756012960.7899446,0,-4,-46
1756012960.8279445,-9,-1,-48
1756012960.8669446,-6,-1,-50
1756012960.9029446,-1,-1,-52
1756012960.940945,-4,0,-50
1756012960.9789443,0,-7,-48
1756012961.0179446,-6,-4,-43
1756012961.0559447,-6,-4,-53
1756012961.0919447,-1,-1,-52
1756012961.1299446,-11,-6,-51
1756012961.167945,-10,1,-54
1756012961.2069447,-2,-2,-44
1756012961.2429447,1,-4,-50
1756012961.2809446,-5,-1,-43
1756012961.3189447,-10,-2,-53
1756012961.3579447,4,-1,-53
1756012961.3939445,-1,0,-57
1756012961.4309447,-4,4,-59
1756012961.4689443,-4,8,-53
1756012961.5079446,-1,2,-47
1756012961.5439446,-4,-5,-56
1756012961.5819447,-6,-3,-40
1756012961.6199446,1,-3,-45
1756012961.657945,0,2,-45
1756012961.6939447,1,1,-42
1756012961.7309446,0,0,-50
1756012961.7689445,4,-1,-56
1756012961.8079443,1,-2,-53
1756012961.8439443,0,0,-63
1756012961.8809447,-5,1,-57
1756012961.9189446,-1,1,-55
1756012961.9579446,6,11,-59
1756012961.9939446,5,-1,-50
1756012962.0309446,0,6,-53
1756012962.0689447,6,0,-52
1756012962.1069446,-2,0,-51
1756012962.1429446,0,-3,-53
1756012962.1809447,0,4,-55
1756012962.2189443,-3,5,-52
1756012962.2579446,-8,0,-43
1756012962.2939446,-8,-3,-42
1756012962.3319447,0,2,-45
1756012962.3699446,1,0,-47
1756012962.4089446,2,-3,-51
1756012962.4469447,0,1,-49
1756012962.4829447,3,0,-60
1756012962.5209446,2,6,-52
1756012962.5589447,-5,-1,-53
1756012962.5969446,-2,13,-50
1756012962.6339445,-10,11,-52
1756012962.6709447,-1,0,-54
1756012962.7089446,-3,0,-50
1756012962.7479446,0,-1,-53
1756012962.7839446,0,-3,-56
1756012962.8209443,3,-3,-48
1756012962.858945,5,-12,-56
1756012962.8979447,0,-6,-45
1756012962.9339447,0,-5,-50
1756012962.9709446,7,0,-51
1756012963.0089445,-7,1,-57
1756012963.0449443,-3,3,-63
1756012963.0829446,6,-2,-54
1756012963.1209445,2,0,-49
1756012963.1589446,4,3,-48
1756012963.1949446,8,4,-59
1756012963.2319446,2,0,-42
1756012963.269945,4,-2,-43
1756012963.3089447,-1,-6,-45
1756012963.3449447,2,3,-65
1756012963.3829446,3,-4,-54
1756012963.4199443,0,-4,-66
1756012963.4589446,4,3,-47
1756012963.4949446,3,5,-50
1756012963.532945,1,0,-44
1756012963.5699446,0,-4,-48
1756012963.608945,2,-2,-51
1756012963.644945,11,-5,-53
1756012963.6819446,8,-2,-54
1756012963.7199447,-7,-2,-59
1756012963.7589445,-5,-5,-56
1756012963.7949443,-2,-2,-47
1756012963.8329446,0,1,-47
1756012963.8699446,-2,-4,-57
1756012963.9089446,-4,-1,-47
1756012963.9449446,-3,5,-56
1756012963.9819446,-5,-5,-48
1756012964.019945,1,-1,-45
1756012964.0589447,2,0,-51
1756012964.0949447,-3,0,-45
1756012964.131945,-6,-2,-52
1756012964.1699443,0,1,-53
1756012964.213945,0,3,-54
1756012964.2529447,0,-6,-52
1756012964.2899446,0,-3,-58
1756012964.3289447,3,-2,-53
1756012964.3649447,0,-3,-45
1756012964.4029446,0,-3,-44
1756012964.440945,3,1,-51
1756012964.4789443,-4,1,-50
1756012964.5149446,0,-4,-62
1756012964.5519447,0,7,-47
1756012964.5899446,3,0,-49
1756012964.6279447,1,-5,-48
1756012964.6639447,-2,-5,-46
1756012964.7019446,-11,-8,-45
1756012964.7409446,-3,-7,-48
1756012964.7789447,3,1,-52
1756012964.8149445,3,3,-52
1756012964.8519447,3,0,-62
1756012964.8899446,1,2,-50
1756012964.9259446,-2,2,-51
1756012964.9629445,-3,0,-39
1756012965.0019443,1,3,-49
1756012965.0399446,0,2,-56
1756012965.075945,-1,-3,-44
1756012965.1139443,4,0,-37
1756012965.1519446,5,-4,-37
1756012965.1899445,-3,4,-45
1756012965.2259445,-4,2,-44
1756012965.2629447,1,3,-53
1756012965.3009446,-1,-2,-52
1756012965.3399446,-2,2,-51
1756012965.3759446,0,0,-51
1756012965.4129446,9,-3,-51
1756012965.4519446,6,7,-48
1756012965.4899447,-1,2,-47
1756012965.5259447,-1,8,-58
1756012965.562945,-1,2,-47
1756012965.6019447,5,-2,-50
1756012965.6399446,0,4,-32
1756012965.6759446,-3,4,-48
1756012965.7129445,-10,2,-43
1756012965.7519443,-3,4,-43
1756012965.7899446,5,1,-46
1756012965.825945,3,4,-55
1756012965.8629446,8,5,-49
1756012965.9009447,1,2,-49
1756012965.9389446,-5,1,-46
1756012965.9749446,0,0,-45
1756012966.0129447,1,-3,-46
1756012966.0509446,1,2,-42
1756012966.088945,3,3,-46
1756012966.1249447,-8,-7,-37
1756012966.1629446,-4,-3,-54
1756012966.2019446,0,-4,-52
1756012966.2399447,-1,-2,-50
1756012966.2759447,-5,4,-48
1756012966.3139446,0,0,-53
1756012966.3519447,-4,-4,-54
1756012966.3909447,-5,6,-57
1756012966.4269447,2,0,-54
1756012966.463945,6,5,-53
1756012966.5009446,-1,2,-45
1756012966.5399446,1,-5,-40
1756012966.575945,7,-6,-45
1756012966.6139443,3,-5,-50
1756012966.6519446,3,-2,-39
1756012966.690945,5,0,-37
1756012966.7269447,3,-4,-47
1756012966.7639446,6,-8,-48
1756012966.8019447,-2,0,-56
1756012966.8409443,-1,-1,-45
1756012966.8769443,-1,-5,-55
1756012966.9149446,0,-6,-55
1756012966.9529445,6,-7,-56
1756012966.9919446,0,-1,-48
1756012967.029945,-1,-4,-54
1756012967.065945,-1,-7,-56
1756012967.1039443,-4,-2,-51
1756012967.1419446,0,0,-41
1756012967.1809447,0,3,-43
1756012967.2169447,4,-5,-38
1756012967.2559447,7,1,-52
1756012967.2939446,-1,0,-58
1756012967.3319447,2,0,-58
1756012967.3699446,-8,2,-48
1756012967.4059446,-4,0,-55
1756012967.4439447,2,5,-49
1756012967.4819446,-5,2,-48
1756012967.519945,0,6,-41
1756012967.5559447,-1,7,-45
1756012967.5939443,6,-1,-56
1756012967.631945,0,-1,-43
1756012967.6699443,5,0,-47
1756012967.7059443,3,2,-46
1756012967.7429447,-2,-2,-54
1756012967.7819445,0,-8,-59
1756012967.8199446,2,2,-59
1756012967.8559446,3,4,-43
1756012967.8939445,2,0,-63
1756012967.9319446,0,-5,-52
1756012967.9679446,0,-1,-43
1756012968.0049446,1,-3,-53
1756012968.0439446,-1,-6,-48
1756012968.0819447,-4,1,-56
1756012968.1179447,-1,2,-52
1756012968.154945,5,1,-59
1756012968.1919446,0,1,-56
1756012968.2279446,4,2,-55
1756012968.2649446,-2,-5,-57
1756012968.302945,2,-4,-60
1756012968.3419447,-2,-3,-63
1756012968.3779447,5,-4,-64
1756012968.4149446,1,1,-56
1756012968.4529445,1,3,-60
1756012968.4909446,4,-5,-51
1756012968.5269446,4,0,-57
1756012968.5649445,2,-6,-57
1756012968.6029446,6,-5,-54
1756012968.6419446,-1,2,-43
1756012968.677945,-7,-2,-57
1756012968.7159443,0,-5,-58
1756012968.7539446,0,6,-51
1756012968.7919445,-2,4,-58
1756012968.8279445,-6,1,-51
1756012968.8659446,-3,-2,-42
1756012968.9039447,-4,3,-47
1756012968.9429443,-2,9,-47
1756012968.9809446,4,10,-48
1756012969.0169446,2,4,-57
1756012969.0539446,0,-8,-51
1756012969.0929446,3,-1,-51
1756012969.1309447,0,0,-55
1756012969.1669445,2,-3,-55
1756012969.2039447,-5,-2,-47
1756012969.2429447,1,-5,-47
1756012969.2809446,7,-8,-49
1756012969.3169446,3,-8,-59
1756012969.3539443,-5,-4,-50
1756012969.3929446,2,-4,-55
1756012969.4309447,0,5,-47
1756012969.4669447,5,0,-53
1756012969.5039446,4,-1,-49
1756012969.542945,0,0,-45
1756012969.5809443,-2,4,-42
1756012969.6169446,0,0,-49
1756012969.6539447,1,-5,-45
1756012969.6929443,0,-3,-49
1756012969.7289443,0,-1,-50
1756012969.7659447,0,0,-57
1756012969.802945,7,0,-54
1756012969.8419447,-1,-7,-49
1756012969.8779447,-1,-4,-45
1756012969.9159446,5,0,-53
1756012969.9539447,3,3,-60
1756012969.9919446,5,-10,-60
1756012970.0279446,6,-3,-52
1756012970.0649445,4,-1,-58
1756012970.1039443,13,-2,-56
1756012970.1419446,-2,-2,-56
1756012970.177945,-2,-6,-58
1756012970.2159443,-7,-7,-54
1756012970.2539446,-5,-8,-56
1756012970.292945,-3,-4,-59
1756012970.3289447,-9,0,-58
1756012970.3659446,-6,1,-58
1756012970.4039447,-5,-9,-50
1756012970.4429443,-8,-5,-40
1756012970.4789443,-10,-1,-54
1756012970.5169446,-3,0,-49
1756012970.5549445,-1,0,-52
1756012970.5939443,0,3,-50
1756012970.631945,0,-2,-45
1756012970.667945,-7,0,-61
1756012970.7059443,-2,3,-54
1756012970.7449446,3,-4,-58
1756012970.782945,-2,0,-54
1756012970.8189447,0,3,-39
1756012970.8559446,1,4,-46
1756012970.8939445,-2,0,-43
1756012970.9319446,2,0,-46
1756012970.9679446,5,-4,-49
1756012971.0059447,-4,4,-52
1756012971.0439446,-1,-1,-55
1756012971.0829446,2,-4,-40
1756012971.1189446,0,-1,-40
1756012971.1569445,-4,-12,-46
1756012971.1949446,0,0,-47
1756012971.2329447,4,1,-50
1756012971.2689445,3,-1,-49
1756012971.3079443,5,-9,-57
1756012971.3449447,4,-5,-46
1756012971.3839445,-1,-6,-57
1756012971.4209447,0,1,-52
1756012971.4579446,1,1,-55
1756012971.4949446,0,0,-58
1756012971.5339446,0,-2,-52
1756012971.5699446,2,8,-63
1756012971.6079447,3,-1,-60
1756012971.644945,5,-8,-58
1756012971.6839447,-4,-3,-47
1756012971.7199447,-1,3,-48
1756012971.7579446,3,1,-47
1756012971.7949443,3,-2,-36
1756012971.8339446,0,-2,-39
1756012971.8699446,-3,-3,-42
1756012971.907945,2,0,-44
1756012971.9449446,1,8,-46
1756012971.9829447,2,1,-47
1756012972.0189445,6,4,-59
1756012972.0559447,5,3,-56
1756012972.0949447,0,-2,-58
1756012972.1329446,7,0,-51
1756012972.1689446,3,1,-52
1756012972.2059443,-7,-6,-41
1756012972.2449446,-2,-3,-49
1756012972.282945,0,-2,-46
1756012972.3189447,2,2,-57
1756012972.3559446,1,2,-48
1756012972.3939445,6,8,-52
1756012972.4309447,3,8,-43
1756012972.4679446,1,0,-46
1756012972.5059447,7,-2,-51
1756012972.5449443,1,-1,-56
1756012972.5829446,-8,-1,-53
1756012972.6189446,3,-7,-41
1756012972.657945,-4,-13,-48
1756012972.6959443,-3,-9,-46
1756012972.733945,-6,-1,-52
1756012972.7709446,-3,-3,-48
1756012972.8079443,-5,-4,-56
1756012972.8459446,-3,1,-48
1756012972.884945,2,2,-49
1756012972.9209447,-2,3,-39
1756012972.9579446,-1,5,-43
1756012972.9959445,-5,-5,-45
1756012973.0349443,-4,-2,-49
1756012973.0709443,-7,-5,-54
1756012973.108945,2,-6,-65
1756012973.1469443,4,-3,-64
1756012973.1849446,1,-2,-60
1756012973.223945,5,-3,-56
1756012973.259945,1,0,-49
1756012973.2979443,0,0,-57
1756012973.335945,6,3,-54
1756012973.3739443,0,2,-62
1756012973.4099443,-1,0,-44
1756012973.4479446,-3,0,-38
1756012973.4859445,3,0,-52
1756012973.5249443,6,-2,-57
1756012973.5609446,8,-1,-48
1756012973.598945,7,1,-48
1756012973.6359446,1,-4,-50
1756012973.6749446,3,2,-61
1756012973.710945,-4,5,-53
1756012973.7489443,0,0,-40
1756012973.7859447,-5,0,-52
1756012973.8249447,0,2,-51
1756012973.8609445,-1,-6,-54
1756012973.8989446,0,-6,-55
1756012973.937945,-2,-11,-61
1756012973.9759445,-7,-5,-48
1756012974.0139446,-4,-9,-42
1756012974.0499446,-1,-1,-43
1756012974.0879445,-5,0,-53
1756012974.1259446,0,0,-52
1756012974.1649446,2,-1,-59
1756012974.200945,-3,0,-61
1756012974.246945,-8,3,-42
1756012974.2849443,-8,-3,-59
1756012974.3209443,9,-2,-56
1756012974.3579447,-1,2,-48
1756012974.3959446,-8,4,-51
1756012974.4349446,-7,-4,-52
1756012974.4709446,-4,-2,-48
1756012974.5089445,0,0,-45
1756012974.5459447,0,2,-56
1756012974.5839446,0,2,-46
1756012974.6199446,-3,0,-46
1756012974.657945,-4,4,-52
1756012974.6959443,-4,0,-60
1756012974.7349446,-4,7,-59
1756012974.7709446,-8,10,-51
1756012974.8089447,-8,-5,-49
1756012974.8469446,-7,-2,-48
1756012974.8859446,-3,2,-44
1756012974.9219446,-5,0,-54
1756012974.9589446,-1,-3,-49
1756012974.996945,-2,-1,-58
1756012975.0359447,-9,2,-56
1756012975.0719447,-1,2,-47
1756012975.108945,0,4,-54
1756012975.1459446,0,-2,-54
1756012975.1849446,-2,0,-59
1756012975.2209446,0,0,-58
1756012975.2579446,-4,-1,-58
1756012975.2969446,3,-3,-61
1756012975.3349447,2,0,-52
1756012975.3709445,0,-2,-47
1756012975.407945,-4,0,-47
1756012975.4469447,-1,3,-50
1756012975.4849446,3,4,-51
1756012975.5209446,1,0,-47
1756012975.5579443,-2,0,-49
1756012975.5969446,4,3,-53
1756012975.634945,2,-2,-53
1756012975.6709447,-3,0,-49
1756012975.7079446,-6,1,-49
1756012975.746945,-2,-2,-44
1756012975.7849443,4,1,-57
1756012975.8209443,4,0,-52
1756012975.8579447,8,4,-51
1756012975.8959446,-2,-1,-46
1756012975.9319446,0,-2,-56
1756012975.9689443,3,1,-61
1756012976.0079446,0,0,-53
1756012976.0459447,-2,-3,-56
1756012976.0819447,7,-3,-58
1756012976.1189446,7,0,-56
1756012976.157945,5,-2,-61
1756012976.1959443,0,5,-54
1756012976.2319446,-2,6,-55
1756012976.2689445,-3,-3,-53
1756012976.3079443,1,0,-51
1756012976.3459446,1,0,-49
1756012976.381945,1,0,-51
1756012976.4189446,7,2,-57
1756012976.4579446,7,-3,-49
1756012976.4959445,3,-2,-54
1756012976.5319445,5,0,-51
1756012976.5689447,0,3,-59
1756012976.6079447,1,-1,-50
1756012976.6459446,-3,-4,-46
1756012976.6819446,3,-5,-47
1756012976.7189443,-2,0,-41
1756012976.756945,0,0,-44
1756012976.7959447,0,0,-60
1756012976.8319447,0,3,-62
1756012976.8689446,-2,2,-58
1756012976.9069445,-2,0,-48
1756012976.9459443,-4,4,-49
1756012976.9819446,-9,2,-44
1756012977.0189445,-8,2,-56
1756012977.0579443,-2,0,-54
1756012977.0959446,-1,-6,-52
1756012977.131945,-2,-6,-50
1756012977.1709447,0,-7,-41
1756012977.2079446,-3,0,-52
1756012977.246945,-2,3,-48
1756012977.282945,-2,7,-58
1756012977.3209443,1,-6,-50
1756012977.358945,-2,7,-59
1756012977.3979447,-4,2,-57
1756012977.4359446,-1,1,-50
1756012977.4719446,0,-2,-47
1756012977.5089445,0,0,-44
1756012977.5469446,0,0,-51
1756012977.5829446,-3,-2,-55
1756012977.6209445,-6,2,-54
1756012977.6589446,-2,10,-60
1756012977.6979446,8,7,-62
1756012977.7359445,3,-1,-55
1756012977.7719443,-1,-3,-55
1756012977.8099446,7,-2,-57
1756012977.8479445,-2,-5,-46
1756012977.8869443,0,-11,-48
1756012977.9229443,0,-3,-48
1756012977.960945,0,0,-45
1756012977.9989443,-5,1,-44
1756012978.0379446,-2,4,-49
1756012978.0739446,-1,6,-46
1756012978.1109445,1,4,-52
1756012978.1479447,0,5,-54
1756012978.1869447,-4,-3,-47
1756012978.2229445,-1,-2,-48
1756012978.2609446,1,1,-51
1756012978.2989447,0,0,-39
1756012978.3379445,1,5,-31
1756012978.3739443,-7,6,-38
1756012978.4109447,-6,1,-49
1756012978.4489446,-5,-5,-51
1756012978.4879446,-4,-3,-53
1756012978.5239446,-5,-3,-55
1756012978.5619447,5,0,-47
1756012978.598945,6,-1,-58
1756012978.6379447,5,-5,-46
1756012978.6739447,4,-4,-43
1756012978.7119446,0,0,-52
1756012978.7489443,0,0,-48
1756012978.7869446,5,-5,-43
1756012978.8229446,8,-1,-40
1756012978.8609445,-3,0,-47
1756012978.8989446,0,3,-55
1756012978.9369447,5,-3,-56
1756012978.9729445,6,5,-46
1756012979.0109446,3,4,-57
1756012979.0489447,-5,-3,-44
1756012979.0869446,0,0,-52
1756012979.1229446,2,1,-58
1756012979.1599443,-3,-2,-64
1756012979.1989446,-2,0,-50
1756012979.236945,2,4,-54
1756012979.2729447,3,-1,-47
1756012979.3099446,-6,1,-51
1756012979.348945,-3,-6,-50
1756012979.3869443,2,1,-48
1756012979.4229443,-2,1,-56
1756012979.4599447,-2,-2,-49
1756012979.4989443,4,-1,-55
1756012979.5369446,11,1,-48
1756012979.5729446,1,0,-54
1756012979.6099446,2,1,-58
1756012979.6479447,2,2,-64
1756012979.6839447,-4,-1,-70
1756012979.7219446,-3,-3,-60
1756012979.759945,-2,-1,-56
1756012979.7989447,-2,-6,-54
1756012979.8349447,-3,-1,-49
1756012979.8729446,0,0,-58
1756012979.9099443,-5,2,-65
1756012979.9489446,-7,9,-61
1756012979.9849446,-3,-6,-48
1756012980.0229447,-5,-7,-48
1756012980.0619447,-7,-3,-54
1756012980.098945,6,-2,-42
1756012980.1379447,-6,-4,-49
1756012980.1739447,6,1,-52
1756012980.2119446,-2,2,-45
1756012980.2489443,-1,0,-53
1756012980.2879446,0,-1,-49
1756012980.3239446,0,0,-41
1756012980.3609445,0,5,-56
1756012980.3999443,9,0,-55
1756012980.437945,0,0,-47
1756012980.473945,-3,4,-54
1756012980.5109446,-6,0,-52
1756012980.5499446,0,1,-55
1756012980.5879445,3,4,-46
1756012980.6239443,1,1,-51
1756012980.6609447,-3,0,-44
1756012980.6999447,-3,-3,-46
1756012980.7379446,0,-3,-56
1756012980.7739446,0,-6,-53
1756012980.8109446,0,-8,-58
1756012980.8499446,-7,-12,-56
1756012980.8879447,0,-14,-59
1756012980.9239447,0,-7,-57
1756012980.960945,0,7,-52
1756012980.9999447,5,1,-53
1756012981.0379446,1,-1,-53
1756012981.0739446,2,2,-51
1756012981.1109445,2,-2,-58
1756012981.1499443,0,-3,-62
1756012981.187945,2,2,-52
1756012981.223945,0,3,-53
1756012981.2609446,5,7,-67
1756012981.2999446,-6,4,-62
1756012981.335945,-3,-1,-55
1756012981.3739443,-2,-6,-48
1756012981.4119446,5,0,-61
1756012981.4499447,1,7,-51
1756012981.4859445,0,0,-41
1756012981.5229447,4,2,-47
1756012981.5619447,1,6,-49
1756012981.5999446,-1,0,-56
1756012981.6359446,-8,0,-55
1756012981.6729443,-3,4,-54
1756012981.7119446,1,2,-52
1756012981.7499447,-2,4,-44
1756012981.7859447,11,3,-47
1756012981.8229446,2,2,-42
1756012981.8609445,8,3,-47
1756012981.8989446,3,-2,-46
1756012981.9349446,1,-10,-48
1756012981.973945,5,-4,-44
1756012982.0109446,-1,-2,-49
1756012982.0499446,1,-9,-47
1756012982.085945,4,-3,-50
1756012982.1239443,1,3,-46
1756012982.1609447,1,0,-50
1756012982.1989446,-4,4,-41
1756012982.2349446,-6,4,-53
1756012982.2739446,-7,8,-58
1756012982.3119447,-6,0,-57
1756012982.3499446,2,7,-51
1756012982.3859446,4,2,-50
1756012982.4239447,-2,-5,-52
1756012982.4619446,-8,-11,-52
1756012982.4999447,-6,-10,-54
1756012982.5369446,-4,-4,-49
1756012982.5739446,-2,-4,-53
1756012982.611945,-2,0,-52
1756012982.6509447,-2,3,-46
1756012982.6889446,2,-1,-61
1756012982.7249446,-8,-1,-55
1756012982.7629447,0,-9,-45
1756012982.8009446,6,-4,-41
1756012982.8399446,-1,-1,-38
1756012982.8759446,-4,3,-49
1756012982.9139447,1,-2,-48
1756012982.9519446,-2,-1,-57
1756012982.9909446,-5,-2,-53
1756012983.0269446,-1,0,-38
1756012983.0639446,0,5,-47
1756012983.1019447,-6,5,-51
1756012983.1409447,-10,4,-46
1756012983.1769447,-4,0,-49
1756012983.213945,1,0,-48
1756012983.2509446,-3,3,-52
1756012983.2899446,-16,-1,-56
1756012983.325945,-8,2,-56
1756012983.3639443,-3,3,-49
1756012983.4019446,3,-1,-55
1756012983.440945,-5,12,-43
1756012983.4769447,2,8,-42
1756012983.5149446,2,0,-36
1756012983.5519447,5,4,-31
1756012983.5899446,4,5,-40
1756012983.6259446,1,1,-40
1756012983.6649446,7,-7,-44
1756012983.7019446,3,-4,-57
1756012983.7409446,0,-2,-55
1756012983.7769446,2,0,-56
1756012983.8149445,-2,-8,-56
1756012983.8519447,0,-2,-54
1756012983.8909447,4,-4,-47
1756012983.9269447,0,-8,-50
1756012983.9649446,-7,-6,-54
1756012984.0019443,1,0,-55
1756012984.0399446,-1,-3,-54
1756012984.075945,2,2,-47
1756012984.1129446,-2,2,-49
1756012984.1519446,5,-1,-52
1756012984.1899445,3,-7,-50
1756012984.2259445,2,1,-47
1756012984.2719443,4,5,-54
1756012984.3099446,1,-1,-55
1756012984.3459446,0,-6,-58
1756012984.3839445,4,-7,-62
1756012984.4219446,2,0,-55
1756012984.460945,-6,6,-43
1756012984.496945,-8,2,-46
1756012984.5339446,-10,-3,-41
1756012984.5719447,0,-8,-58
1756012984.6109445,2,-6,-53
1756012984.6469443,0,-11,-53
1756012984.6839447,-5,-3,-50
1756012984.7219446,0,-2,-43
1756012984.7609446,10,-4,-47
1756012984.7969446,-4,-7,-48
1756012984.8349447,0,-5,-52
1756012984.8739443,3,-1,-54
1756012984.9119446,3,-2,-51
1756012984.9479446,1,1,-63
1756012984.9849446,3,6,-61
1756012985.0219443,4,1,-46
1756012985.0609446,-1,1,-53
1756012985.0969446,0,-3,-51
1756012985.1339445,-7,-8,-57
1756012985.1719446,-4,-5,-50
1756012985.210945,-3,1,-56
1756012985.246945,5,10,-56
1756012985.2839446,7,1,-48
1756012985.3229446,6,-1,-46
1756012985.3609445,0,-7,-56
1756012985.3969443,-1,-4,-61
1756012985.4349446,-11,-7,-47
1756012985.473945,-4,-5,-58
1756012985.5119443,-3,6,-54
1756012985.5479443,3,1,-67
1756012985.5849447,-1,0,-59
1756012985.6239443,-4,0,-54
1756012985.6619446,-2,0,-54
1756012985.6979446,2,4,-51
1756012985.7349446,-3,5,-53
1756012985.7729447,2,1,-59
1756012985.8119447,0,-4,-47
1756012985.8479445,5,3,-53
1756012985.884945,-6,-2,-51
1756012985.9239447,0,3,-45
1756012985.9619446,0,0,-56
1756012985.9979446,4,1,-65
1756012986.0349443,7,9,-68
1756012986.0729446,-7,4,-66
1756012986.1109445,-11,3,-52
1756012986.1469443,-6,1,-56
1756012986.1839447,0,-2,-61
1756012986.2229445,4,-1,-52
1756012986.2609446,0,-3,-57
1756012986.2969446,-3,-1,-51
1756012986.3349447,2,1,-61
1756012986.3729446,1,0,-60
1756012986.4089446,-5,0,-55
1756012986.4459443,1,-2,-64
1756012986.483945,4,8,-60
1756012986.5229447,2,3,-51
1756012986.5589447,4,2,-45
1756012986.5959446,-1,-2,-52
1756012986.6339445,-2,-4,-61
1756012986.6729443,5,-2,-55
1756012986.7089446,1,-3,-59
1756012986.746945,3,-6,-55
1756012986.7849443,1,-3,-56
1756012986.8239446,2,-3,-46
1756012986.861945,3,3,-55
1756012986.8979447,6,-3,-52
1756012986.9359446,4,-5,-60
1756012986.973945,3,2,-53
1756012987.0119443,-4,0,-55
1756012987.0479443,-10,2,-44
1756012987.0849447,0,-4,-47
1756012987.1239443,5,0,-45
1756012987.1619446,-1,-2,-39
1756012987.1979446,-3,2,-49
1756012987.2349446,6,-3,-57
1756012987.2739446,-4,-5,-60
1756012987.3119447,3,2,-67
1756012987.3479445,-1,-1,-54
1756012987.3859446,0,-1,-49
1756012987.4239447,0,-6,-51
1756012987.4629445,2,-2,-59
1756012987.4989443,0,0,-41
1756012987.5359447,-1,3,-51
1756012987.5739446,2,-1,-43
1756012987.6129446,-1,2,-52
1756012987.6489446,3,6,-53
1756012987.6859446,0,1,-51
1756012987.723945,2,-1,-53
1756012987.7629447,6,2,-45
1756012987.7989447,4,1,-46
1756012987.835945,0,2,-45
1756012987.8739443,11,1,-51
1756012987.9119446,2,-6,-59
1756012987.9479446,3,-13,-59
1756012987.9849446,-1,-4,-49
1756012988.0239446,-7,-4,-57
1756012988.0599446,0,0,-57
1756012988.0979445,3,-6,-58
1756012988.134945,-7,0,-53
1756012988.1739447,-2,0,-47
1756012988.2099447,-1,-6,-55
1756012988.2479446,-1,-3,-47
1756012988.2859447,0,-4,-41
1756012988.3239446,0,-1,-49
1756012988.3629446,-6,1,-42
1756012988.3989446,0,-1,-59
1756012988.4359446,6,-13,-47
1756012988.473945,6,-1,-52
1756012988.5129447,-1,-1,-45
1756012988.5489447,-1,-2,-51
1756012988.5869446,-4,-5,-55
1756012988.6249447,-2,3,-57
1756012988.6639447,0,0,-61
1756012988.6999447,6,1,-64
1756012988.736945,-3,0,-48
1756012988.7749443,-6,2,-45
1756012988.8139446,-3,-2,-40
1756012988.8499446,-6,-6,-46
1756012988.8879447,0,-2,-48
1756012988.9259446,-1,1,-52
1756012988.9649446,0,2,-48
1756012989.0029447,0,0,-45
1756012989.0389447,3,2,-48
1756012989.075945,-4,-1,-51
1756012989.1149447,7,-4,-54
1756012989.1529446,4,1,-46
1756012989.1889446,4,4,-46
1756012989.2259445,0,-4,-48
1756012989.2649446,3,-6,-53
1756012989.302945,4,-6,-57
1756012989.338945,8,-5,-49
1756012989.3759446,3,0,-63
1756012989.4139447,2,-1,-57
1756012989.4499447,5,-1,-52
1756012989.486945,-1,-2,-52
1756012989.5249443,-1,-6,-57
1756012989.5639446,-2,-3,-47
1756012989.5999446,8,0,-53
1756012989.6369443,5,3,-50
1756012989.6749446,2,1,-43
1756012989.710945,0,-2,-53
1756012989.7479446,3,1,-51
1756012989.7849443,5,-3,-54
1756012989.8239446,-5,-7,-56
1756012989.8599446,-8,-5,-54
1756012989.8979447,2,-3,-57
1756012989.9359446,7,-9,-55
1756012989.9749446,5,-5,-67
1756012990.0109446,-2,-1,-61
1756012990.0489447,-2,-1,-57
1756012990.0869446,2,-1,-55
1756012990.1249447,0,-1,-44
1756012990.1639447,-2,-4,-36
1756012990.1999447,6,-3,-53
1756012990.2379446,1,2,-55
1756012990.2749443,0,-3,-43
1756012990.3139446,0,-4,-49
1756012990.3499446,8,-6,-53
1756012990.3889446,0,-11,-45
1756012990.4259446,1,-5,-39
1756012990.4649446,-2,-9,-42
1756012990.5009446,5,-2,-38
1756012990.5379446,4,-1,-55
1756012990.5769446,2,4,-51
1756012990.6149447,5,1,-55
1756012990.6509447,-2,3,-49
1756012990.6889446,6,0,-53
1756012990.7269447,5,1,-57
1756012990.7649446,4,5,-56
1756012990.8009446,6,5,-56
1756012990.8379445,1,6,-59
1756012990.8759446,3,0,-52
1756012990.9139447,-6,-1,-45
1756012990.9499447,0,0,-57
1756012990.9879446,-4,2,-53
1756012991.0259447,6,0,-60
1756012991.0649445,7,6,-49
1756012991.1009445,0,0,-44
1756012991.1379447,3,-4,-42
1756012991.1759446,2,-6,-52
1756012991.2149446,-3,-4,-53
1756012991.2509446,0,0,-58
1756012991.2889447,0,-1,-49
1756012991.3269446,2,3,-45
1756012991.3649447,-9,2,-52
1756012991.4009447,-10,-2,-51
1756012991.4389446,-2,-4,-50
1756012991.4769447,-4,-4,-44
1756012991.5159447,2,-1,-45
1756012991.5519447,6,-1,-45
1756012991.588945,0,1,-49
1756012991.6259446,-11,-2,-61
1756012991.6649446,-5,-6,-51
1756012991.700945,3,-6,-49
1756012991.7389443,5,-6,-57
1756012991.7769446,2,-1,-57
1756012991.815945,2,2,-56
1756012991.8519447,0,-3,-64
1756012991.8889446,-6,-4,-53
1756012991.9269447,-3,1,-51
1756012991.9659443,-2,0,-46
1756012992.0019443,-8,-4,-60
1756012992.0399446,-7,3,-55
1756012992.0779445,-1,0,-50
1756012992.1169446,-7,-7,-40
1756012992.154945,-2,-9,-46
1756012992.190945,1,-10,-55
1756012992.2279446,5,0,-47
1756012992.2669446,-3,0,-38
1756012992.3049445,-6,0,-56
1756012992.3409443,-8,0,-49
1756012992.3779447,-4,-6,-46
1756012992.4169445,7,-3,-46
1756012992.4549446,6,1,-52
1756012992.4909446,2,0,-61
1756012992.5279446,5,-7,-38
1756012992.5669446,0,-2,-46
1756012992.6049447,0,-5,-56
1756012992.6409447,-1,-6,-45
1756012992.6789446,1,-3,-40
1756012992.7179446,-4,-13,-53
1756012992.7559447,4,-3,-52
1756012992.7919445,10,1,-40
1756012992.8289447,0,2,-43
1756012992.8669446,3,4,-49
1756012992.904945,-1,0,-53
1756012992.940945,-1,-2,-53
1756012992.9789443,-4,-8,-50
1756012993.0179446,3,-2,-52
1756012993.0559447,8,-2,-56
1756012993.0919447,1,1,-56
1756012993.1289446,1,2,-50
1756012993.1669445,6,5,-48
1756012993.2029445,3,3,-47
1756012993.2399447,10,-3,-45
1756012993.2779446,4,-4,-53
1756012993.3169446,1,-1,-47
1756012993.3529446,-4,-1,-40
1756012993.3909447,-3,1,-42
1756012993.4289446,-6,0,-48
1756012993.4669447,-4,-2,-47
1756012993.5059447,-3,-3,-49
1756012993.5419445,3,2,-46
1756012993.5789447,-2,6,-54
1756012993.6169446,-5,4,-57
1756012993.6559446,2,4,-50
1756012993.6919446,3,9,-50
1756012993.7289443,-2,4,-42
1756012993.7679446,2,0,-46
1756012993.8059447,0,7,-43
1756012993.8419447,0,3,-36
1756012993.8789446,2,-3,-42
1756012993.917945,1,-5,-47
1756012993.9559443,-2,-8,-53
1756012993.9919446,-1,0,-53
1756012994.0289447,-2,1,-55
1756012994.0679443,0,-5,-52
1756012994.1059446,0,0,-40
1756012994.1419446,-3,-2,-45
1756012994.1799445,-9,-6,-49
1756012994.2179446,0,-1,-44
1756012994.256945,2,-1,-58
1756012994.2999446,3,-3,-61
1756012994.3379445,0,-8,-58
1756012994.3769443,-4,-1,-51
1756012994.4129446,-4,2,-54
1756012994.4499447,-1,2,-52
1756012994.4879446,0,-1,-57
1756012994.5269446,-3,-2,-54
1756012994.562945,-10,-2,-39
1756012994.6009445,0,2,-55
1756012994.6379447,4,1,-60
1756012994.6769447,-1,0,-60
1756012994.7129445,-2,0,-51
1756012994.7499447,2,1,-41
1756012994.7879446,-1,2,-56
1756012994.8239446,-8,0,-49
1756012994.861945,1,0,-42
1756012994.8989446,1,-2,-45
1756012994.937945,-2,-3,-47
1756012994.973945,-1,-1,-46
1756012995.0119443,10,-11,-53
1756012995.0499446,5,-4,-60
1756012995.0879445,7,0,-50
1756012995.1269443,5,-5,-50
1756012995.1629446,0,-6,-46
1756012995.1999447,3,-7,-45
1756012995.2379446,-2,2,-52
1756012995.2769446,-1,-1,-57
1756012995.312945,1,0,-51
1756012995.3499446,1,0,-41
1756012995.3889446,-2,2,-46
1756012995.4269447,2,2,-54
1756012995.4629445,-3,-3,-44
1756012995.5009446,-3,0,-44
1756012995.5389447,7,0,-59
1756012995.5769446,-2,0,-55
1756012995.6129446,8,-1,-65
1756012995.6509447,8,0,-43
1756012995.6889446,-2,0,-45
1756012995.7269447,0,-2,-43
1756012995.7629447,2,-9,-52
1756012995.8009446,-1,-5,-57
1756012995.8399446,-2,2,-55
1756012995.8779447,1,0,-48
1756012995.9139447,-2,0,-52
1756012995.9519446,-6,0,-58
1756012995.9899447,0,4,-51
1756012996.0279446,-2,-1,-45
1756012996.0639446,-5,0,-57
1756012996.1009445,-6,0,-54
1756012996.1389446,-7,-1,-66
1756012996.177945,-6,-4,-67
1756012996.213945,-8,-3,-58
1756012996.2519443,0,-3,-44
1756012996.2899446,-5,-4,-50
1756012996.3289447,-4,0,-54
1756012996.3649447,-1,0,-58
1756012996.4019446,-6,-3,-43
1756012996.4399445,1,-1,-46
1756012996.4789443,-8,6,-60
1756012996.5149446,0,3,-58
1756012996.5519447,0,-1,-51
1756012996.5899446,0,0,-55
1756012996.6279447,-1,-2,-52
1756012996.6639447,2,-9,-54
1756012996.7019446,1,-4,-53
1756012996.7399447,0,4,-52
1756012996.7789447,4,7,-58
1756012996.8149445,-2,0,-59
1756012996.8519447,0,5,-59
1756012996.8889446,-2,1,-49
1756012996.927945,2,-4,-47
1756012996.9649446,3,-3,-49
1756012997.0019443,6,0,-55
1756012997.0399446,-1,0,-53
1756012997.0779445,-5,0,-51
1756012997.1139443,-4,5,-51
1756012997.1519446,5,0,-52
1756012997.1899445,-2,2,-58
1756012997.2279446,-1,-7,-51
1756012997.2639446,5,-5,-47
1756012997.3019447,1,-5,-45
1756012997.3399446,0,-5,-57
1756012997.3789446,-7,0,-57
1756012997.4149446,0,-2,-46
1756012997.4519446,-3,-7,-65
1756012997.4899447,-10,-8,-54
1756012997.5289447,-4,-2,-42
1756012997.5649445,2,-4,-49
1756012997.6019447,-1,-5,-48
1756012997.6399446,3,0,-50
1756012997.677945,0,-1,-49
1756012997.713945,0,-4,-55
1756012997.7509446,0,-6,-54
1756012997.7899446,3,-8,-52
1756012997.8279445,0,-6,-57
1756012997.8639443,-2,-3,-45
1756012997.9019446,-11,2,-51
1756012997.9399445,3,-4,-47
1756012997.9789443,4,0,-52
1756012998.0149446,8,-2,-57
1756012998.052945,11,-3,-60
1756012998.0909443,7,0,-53
1756012998.1299446,1,0,-51
1756012998.1659446,5,0,-55
1756012998.2029445,-1,3,-51
1756012998.2419446,1,7,-46
1756012998.279945,5,6,-61
1756012998.315945,4,-3,-59
1756012998.3529446,0,-4,-58
1756012998.3919446,-2,-7,-65
1756012998.4299445,-1,-4,-58
1756012998.4659443,6,-4,-50
1756012998.5029447,0,1,-46
1756012998.5399446,0,-3,-60
1756012998.5789447,-6,-6,-53
1756012998.6149447,-3,-3,-55
1756012998.6529446,0,-1,-47
1756012998.690945,-4,1,-53
1756012998.7299447,0,-1,-61
1756012998.7659447,-3,3,-55
1756012998.802945,-2,3,-54
1756012998.8409443,1,6,-57
1756012998.8789446,2,1,-51
1756012998.9149446,2,-4,-41
1756012998.9529445,4,-2,-59
1756012998.9909446,4,-1,-48
1756012999.029945,0,-1,-39
1756012999.065945,-1,-1,-43
1756012999.1039443,-4,-4,-51
1756012999.1419446,-4,2,-59
1756012999.1809447,-4,-2,-53
1756012999.2189443,0,-7,-60
1756012999.2549446,-2,1,-70
1756012999.2919445,3,1,-58
1756012999.3309443,-6,0,-57
1756012999.3689446,-1,0,-48
1756012999.404945,0,-5,-51
1756012999.4429443,6,-3,-51
1756012999.4809446,2,-2,-41
1756012999.519945,-6,-1,-45
1756012999.5559447,0,-4,-47
1756012999.5949447,8,-1,-55
1756012999.631945,3,8,-54
1756012999.6709447,6,5,-44
1756012999.7069447,2,5,-48
1756012999.7439446,-2,-2,-47
1756012999.782945,3,0,-42
1756012999.8209443,-1,4,-46
1756012999.8569446,-4,2,-49
1756012999.8939445,11,-3,-50
1756012999.9329443,2,-1,-52
1756012999.9709446,0,-2,-32
1756013000.006945,8,-2,-43
1756013000.0439446,1,-6,-44
1756013000.0819447,-3,-3,-49
1756013000.1209445,-6,-3,-49
1756013000.1569445,-3,-5,-51
1756013000.1959443,0,-11,-44
1756013000.2329447,8,-1,-48
1756013000.2709446,0,-3,-53
1756013000.3099446,0,-6,-52
1756013000.3459446,0,-5,-54
1756013000.3829446,5,-3,-45
1756013000.4219446,4,-8,-55
1756013000.4599447,-2,-4,-45
1756013000.4959445,-1,-10,-43
1756013000.5339446,-6,-8,-50
1756013000.5719447,-7,2,-49
1756013000.6109445,-1,-6,-55
1756013000.6469443,-6,-2,-53
1756013000.6849446,3,2,-65
1756013000.7229445,-3,2,-63
1756013000.7619443,0,0,-61
1756013000.7999446,4,-5,-51
1756013000.835945,-1,2,-52
1756013000.8739443,2,2,-54
1756013000.9119446,-5,3,-61
1756013000.9499447,-4,8,-59
1756013000.9859445,0,6,-63
1756013001.0229447,-8,-1,-54
1756013001.0619447,-5,-4,-38
1756013001.0999446,2,-10,-41
1756013001.1359446,-2,-6,-45
1756013001.1739447,4,-5,-54
1756013001.2119446,5,-6,-51
1756013001.2509446,4,-5,-55
1756013001.2869446,-3,-3,-54
1756013001.3249447,3,-5,-51
1756013001.3629446,5,-3,-55
1756013001.4019446,0,-3,-57
1756013001.4389446,0,-5,-51
1756013001.4769447,1,-5,-41
1756013001.5139446,0,2,-49
1756013001.5519447,-1,-3,-54
1756013001.5879445,-4,0,-54
1756013001.6259446,-2,-1,-48
1756013001.6649446,1,-4,-55
1756013001.7019446,5,-3,-59
1756013001.7409446,7,-10,-52
1756013001.7779446,7,-4,-58
1756013001.8149445,6,1,-42
1756013001.8529446,-7,-2,-62
1756013001.8909447,0,-5,-51
1756013001.927945,-4,-2,-56
1756013001.9649446,-3,-1,-57
1756013002.0029447,-5,-7,-56
1756013002.0419445,6,-1,-47
1756013002.0779445,4,3,-52
1756013002.1149447,0,-1,-46
1756013002.1529446,0,-4,-45
1756013002.1919446,0,-8,-43
1756013002.2279446,4,-3,-37
1756013002.2649446,9,-4,-39
1756013002.302945,1,-1,-58
1756013002.3419447,-1,0,-49
1756013002.3779447,2,0,-55
1756013002.4149446,-3,1,-58
1756013002.4529445,-4,3,-51
1756013002.4919446,-1,0,-45
1756013002.5279446,10,-2,-42
1756013002.5649445,1,6,-59
1756013002.6029446,0,0,-43
1756013002.6409447,-1,2,-50
1756013002.6769447,0,-1,-59
1756013002.7149446,1,-7,-54
1756013002.7529447,0,-7,-61
1756013002.7919445,4,-8,-51
1756013002.8279445,1,-4,-51
1756013002.8659446,-3,-1,-40
1756013002.9039447,0,3,-48
1756013002.9419446,1,-3,-59
1756013002.9779446,-8,-7,-54
1756013003.0149446,-7,4,-59
1756013003.052945,6,1,-53
1756013003.088945,6,4,-60
1756013003.1259446,-3,1,-52
1756013003.1639447,-9,-1,-40
1756013003.2029445,0,-4,-53
1756013003.2389443,-2,2,-49
1756013003.2769446,4,-1,-50
1756013003.3139446,7,-3,-59
1756013003.3529446,7,1,-56
1756013003.3889446,2,0,-56
1756013003.4259446,1,-1,-59
1756013003.463945,-1,-2,-59
1756013003.5029447,1,-1,-66
1756013003.5389447,-3,-5,-51
1756013003.5769446,1,-7,-62
1756013003.6149447,5,-1,-57
1756013003.6539447,0,-2,-58
1756013003.6919446,9,-1,-63
1756013003.7279446,9,0,-59
1756013003.7649446,7,0,-53
1756013003.8039446,2,-3,-48
1756013003.8419447,-3,-7,-54
1756013003.8779447,0,-4,-60
1756013003.9159446,1,2,-52
1756013003.9539447,-2,-5,-53
1756013003.9919446,0,-9,-52
1756013004.0279446,-12,-9,-64
1756013004.065945,0,1,-54
1756013004.1039443,-6,2,-63
1756013004.1419446,-4,-1,-44
1756013004.177945,-4,3,-44
1756013004.2159443,-2,3,-46
1756013004.2539446,-3,0,-58
1756013004.292945,-7,-2,-55
1756013004.3369446,-4,2,-61
1756013004.3759446,2,-2,-59
1756013004.4139447,0,1,-59
1756013004.4519446,-1,-5,-53
1756013004.4879446,6,-1,-57
1756013004.5249443,8,1,-60
1756013004.5639446,13,2,-50
1756013004.6019447,7,0,-61
1756013004.6379447,2,1,-48
1756013004.6759446,2,2,-55
1756013004.713945,-8,-5,-46
1756013004.7499447,-2,-7,-49
1756013004.7879446,0,-4,-48
1756013004.825945,-4,-4,-46
1756013004.8639443,1,-1,-61
1756013004.9029446,-6,0,-51
1756013004.9389446,2,1,-55
1756013004.9759445,4,2,-54
1756013005.0139446,0,0,-59
1756013005.0499446,0,-2,-46
1756013005.0869446,0,4,-42
1756013005.1239443,-1,1,-55
1756013005.1629446,7,1,-50
1756013005.1989446,0,2,-44
1756013005.236945,-3,-5,-48
1756013005.2739446,-5,3,-57
1756013005.312945,-6,3,-42
1756013005.348945,-9,0,-48
1756013005.3869443,0,0,-54
1756013005.4249446,1,3,-50
1756013005.463945,-1,2,-57
1756013005.4999447,0,-5,-54
1756013005.5369446,-2,-4,-50
1756013005.5749447,1,-7,-55
1756013005.6139443,-1,-4,-68
1756013005.6499443,2,-3,-53
1756013005.6869447,-8,-5,-52
1756013005.7249446,-3,0,-48
1756013005.7639446,-6,-8,-52
1756013005.7999446,-3,0,-55
1756013005.8369446,-3,5,-51
1756013005.8749447,-1,5,-50
1756013005.9139447,-10,-1,-50
1756013005.9499447,-3,-3,-48
1756013005.9879446,-4,1,-54
1756013006.0259447,-3,6,-43
1756013006.0649445,-11,0,-50
1756013006.1029446,-4,-1,-55
1756013006.1389446,4,1,-46
1756013006.1769447,2,-3,-51
1756013006.2159443,0,0,-43
1756013006.2539446,-2,-4,-50
1756013006.2899446,4,-7,-54
1756013006.3269446,-2,-1,-55
1756013006.3649447,0,-6,-62
1756013006.4039447,0,-5,-58
1756013006.4399445,-3,-6,-55
1756013006.4779446,-4,-8,-57
1756013006.5159447,0,-9,-61
1756013006.5549445,-1,-8,-62
1756013006.5909443,3,-3,-56
1756013006.6279447,5,2,-57
1756013006.6659446,8,5,-47
1756013006.7039447,9,1,-57
1756013006.7399447,0,5,-55
1756013006.7779446,-4,0,-50
1756013006.8149445,2,0,-49
1756013006.8539443,3,1,-42
1756013006.8899446,2,-4,-56
1756013006.927945,2,-11,-58
1756013006.9649446,-5,-2,-65
1756013007.0039446,-1,0,-51
1756013007.0399446,-2,-3,-55
1756013007.0779445,-1,-7,-51
1756013007.1159446,2,5,-47
1756013007.1539447,-3,5,-43
1756013007.1899445,-1,-2,-46
1756013007.2279446,0,0,-58
1756013007.2659447,0,-2,-55
1756013007.3039446,4,-2,-56
1756013007.3399446,-1,-5,-68
1756013007.3779447,2,-6,-53
1756013007.4159446,4,-1,-51
1756013007.4549446,0,2,-41
1756013007.4909446,-1,2,-43
1756013007.5289447,3,1,-41
1756013007.5669446,2,-1,-37
1756013007.6059446,0,-4,-52
1756013007.6439445,0,-3,-53
1756013007.6799445,-1,2,-55
1756013007.7169447,6,-2,-51
1756013007.7559447,0,-1,-63
1756013007.7939446,-4,-1,-44
1756013007.8299446,-2,1,-49
1756013007.8669446,1,1,-47
1756013007.904945,1,1,-53
1756013007.940945,-3,2,-60
1756013007.9779446,0,3,-59
1756013008.0159447,4,-1,-48
1756013008.0519447,4,-3,-45
1756013008.0899446,2,2,-49
1756013008.1269443,0,2,-50
1756013008.1649446,-1,-1,-58
1756013008.200945,-3,2,-47
1756013008.2389443,-5,3,-49
1756013008.2769446,2,-3,-59
1756013008.315945,3,2,-51
1756013008.3519447,4,-3,-53
1756013008.3899446,0,0,-66
1756013008.4269447,0,0,-61
1756013008.4649446,-3,-2,-54
1756013008.5009446,0,-2,-60
1756013008.5379446,0,-7,-51
1756013008.575945,4,-4,-52
1756013008.6149447,0,1,-55
1756013008.6509447,-1,-1,-61
1756013008.6899445,2,0,-48
1756013008.7269447,-5,0,-61
1756013008.7659447,-9,-4,-50
1756013008.8019447,-2,-1,-49
1756013008.8399446,0,0,-52
1756013008.8779447,0,-5,-49
1756013008.9169445,-1,-3,-51
1756013008.9549446,2,0,-47
1756013008.9909446,-3,-4,-45
1756013009.0289447,-7,-3,-49
1756013009.0669446,0,-3,-49
1756013009.1059446,-8,0,-51
1756013009.1419446,-4,-3,-46
1756013009.1799445,2,-3,-41
1756013009.2179446,0,-1,-56
1756013009.256945,0,0,-57
1756013009.2949443,-7,-6,-57
1756013009.3309443,-5,-4,-58
1756013009.3689446,-6,0,-57
1756013009.4069445,1,3,-53
1756013009.4449446,5,0,-61
1756013009.4809446,8,-1,-51
1756013009.5179446,3,-5,-61
1756013009.5569446,7,-3,-57
1756013009.5929446,-1,0,-52
1756013009.6299446,2,-1,-58
1756013009.667945,3,3,-51
1756013009.7069447,1,0,-55
1756013009.7429447,4,2,-49
1756013009.779945,-4,0,-61
1756013009.8179443,0,-1,-61
1756013009.8569446,-2,0,-57
1756013009.8929446,-1,-1,-65
1756013009.9309447,-4,3,-52
1756013009.9689443,3,0,-58
1756013010.006945,-1,-1,-54
1756013010.042945,-7,-1,-53
1756013010.0809443,-1,-3,-59
1756013010.1189446,0,-2,-58
1756013010.1569445,-1,-4,-50
1756013010.1959443,0,-4,-40
1756013010.2319446,-6,1,-40
1756013010.269945,-1,4,-46
1756013010.3079443,-5,4,-49
1756013010.3469446,-5,9,-57
1756013010.3829446,0,-1,-49
1756013010.4199443,0,2,-53
1756013010.4579446,1,0,-57
1756013010.4959445,4,-8,-54
1756013010.5319445,1,-6,-61
1756013010.5689447,-1,-7,-54
1756013010.6079447,-2,-7,-42
1756013010.6459446,-2,-7,-48
1756013010.6819446,-7,-2,-56
1756013010.7199447,-6,-6,-53
1756013010.7589445,2,-1,-41
1756013010.7969446,1,-3,-52
1756013010.8329446,-4,-4,-41
1756013010.8709445,-1,-1,-35
1756013010.9089446,4,-7,-41
1756013010.9479446,0,-3,-44
1756013010.9859445,1,-3,-55
1756013011.0219443,-8,-4,-50
1756013011.0599446,-1,3,-51
1756013011.0979445,6,5,-51
1756013011.1359446,-7,5,-50
1756013011.1719446,-1,6,-60
1756013011.2099447,3,5,-46
1756013011.2479446,7,0,-45
1756013011.2869446,3,0,-50
1756013011.3239446,1,-3,-53
1756013011.3609445,0,2,-55
1756013011.3979447,-5,3,-55
1756013011.4369447,3,0,-47
1756013011.4729445,0,-6,-51
1756013011.5109446,-3,-1,-59
1756013011.5489447,-4,-8,-49
1756013011.5879445,-4,1,-59
1756013011.6239443,-5,1,-47
1756013011.6609447,-7,0,-56
1756013011.6989446,-12,-7,-39
1756013011.7379446,-9,-9,-52
1756013011.7739446,-6,-2,-36
1756013011.8119447,-4,1,-43
1756013011.8499446,8,-3,-40
1756013011.8879447,0,0,-42
1756013011.9269447,2,0,-50
1756013011.9629445,5,7,-54
1756013011.9999447,2,3,-47
1756013012.0379446,0,0,-61
1756013012.0739446,-3,-4,-54
1756013012.111945,-2,-8,-50
1756013012.1499443,-7,0,-46
1756013012.1889446,-5,0,-58
1756013012.2269447,-6,3,-52
1756013012.2639446,0,-2,-56
1756013012.3009446,1,-4,-50
1756013012.338945,4,-4,-48
1756013012.3779447,2,4,-59
1756013012.4139447,-1,5,-59
1756013012.450945,6,4,-55
1756013012.4889443,10,3,-50
1756013012.5279446,-3,10,-56
1756013012.5639446,-2,2,-54
1756013012.6009445,4,-4,-51
1756013012.6389446,4,-6,-63
1756013012.677945,10,-2,-53
1756013012.713945,6,-8,-40
1756013012.7509446,0,-3,-55
1756013012.7889447,1,0,-53
1756013012.8269446,0,-4,-48
1756013012.8629446,-4,-2,-55
1756013012.9009447,0,4,-58
1756013012.9389446,-3,0,-58
1756013012.9779446,3,2,-50
1756013013.0139446,6,0,-51
1756013013.0509446,6,1,-51
1756013013.088945,4,0,-57
1756013013.1249447,9,0,-51
1756013013.1629446,6,-4,-49
1756013013.2019446,0,-3,-61
1756013013.2389443,0,-6,-49
1756013013.2779446,-5,2,-63
1756013013.3139446,-7,0,-55
1756013013.3509445,-4,-1,-52
1756013013.3899446,0,-3,-54
1756013013.427945,0,0,-60
1756013013.463945,0,-11,-59
1756013013.5009446,-4,-3,-58
1756013013.5389447,-7,0,-56
1756013013.5779445,-6,0,-57
1756013013.6139443,-6,-1,-56
1756013013.6519446,-4,2,-57
1756013013.6899445,-6,-1,-61
1756013013.7289443,2,3,-56
1756013013.7649446,0,2,-62
1756013013.802945,0,4,-62
1756013013.8399446,-2,-2,-59
1756013013.8789446,-2,-4,-58
1756013013.9149446,0,-3,-57
1756013013.9529445,7,-5,-50
1756013013.9909446,7,-4,-56
1756013014.029945,2,1,-58
1756013014.0679443,-5,1,-51
1756013014.1039443,0,3,-54
1756013014.1409447,5,-4,-56
1756013014.1799445,1,4,-66
1756013014.2179446,-1,3,-66
1756013014.2539446,4,-2,-62
1756013014.2909446,-3,-4,-60
1756013014.3299446,6,-1,-58
1756013014.3739443,-2,5,-48
1756013014.4119446,0,7,-51
1756013014.450945,12,-6,-52
1756013014.4889443,4,-4,-46
1756013014.5249443,-2,10,-48
1756013014.5619447,-2,1,-42
1756013014.6009445,1,1,-56
1756013014.6389446,2,0,-57
1756013014.6749446,-5,4,-59
1756013014.7119446,-10,2,-61
1756013014.7499447,-5,2,-50
1756013014.7889447,1,-4,-53
1756013014.8249447,-3,-3,-51
1756013014.8639443,-2,-9,-55
1756013014.9009447,-1,-5,-55
1756013014.9399445,2,-4,-53
1756013014.9769447,2,-3,-54
1756013015.0139446,-2,-4,-61
1756013015.0519447,5,-10,-58
1756013015.0899446,2,-5,-53
1756013015.1289446,10,-11,-43
1756013015.1649446,2,-8,-61
1756013015.2029445,-5,-7,-57
1756013015.2419446,-8,-4,-59
1756013015.279945,0,0,-58
1756013015.315945,-2,-7,-53
1756013015.3539443,0,-1,-57
1756013015.3929446,-6,-1,-53
1756013015.4309447,-4,-2,-52
1756013015.4689443,-7,-8,-54
1756013015.5049446,0,-7,-49
1756013015.542945,-3,0,-57
1756013015.5809443,-3,-2,-53
1756013015.6189446,-3,-1,-46
1756013015.654945,-4,1,-59
1756013015.6919446,0,0,-63
1756013015.7309446,6,-5,-71
1756013015.7689445,0,-2,-73
1756013015.8049445,0,-1,-47
1756013015.8429446,2,1,-58
1756013015.8809447,3,-5,-51
1756013015.9189446,0,-8,-51
1756013015.9549446,-6,-4,-45
1756013015.9929447,0,6,-43
1756013016.0309446,3,-2,-54
1756013016.0689447,2,-2,-48
1756013016.1049447,0,-1,-43
1756013016.1429446,5,3,-55
1756013016.1809447,3,2,-58
1756013016.2189443,4,5,-49
1756013016.2549446,0,2,-50
1756013016.2919445,-4,-1,-55
1756013016.3309443,-5,-3,-57
1756013016.3669446,1,-1,-61
1756013016.404945,0,-3,-48
1756013016.4429443,2,-9,-50
1756013016.4809446,1,-4,-52
1756013016.519945,-1,0,-53
1756013016.5559447,-2,3,-51
1756013016.5929446,-4,2,-48
1756013016.6309447,-6,0,-47
1756013016.6699443,-8,0,-41
1756013016.7059443,-6,-1,-36
1756013016.7439446,-6,5,-49
1756013016.782945,-5,0,-50
1756013016.8209443,2,-2,-58
1756013016.8569446,3,-3,-54
1756013016.8939445,0,5,-51
1756013016.9319446,5,4,-55
1756013016.9709446,-1,1,-54
1756013017.006945,0,-4,-46
1756013017.0449443,3,1,-43
1756013017.0819447,-2,1,-43
1756013017.1209445,-9,3,-52
1756013017.1569445,-3,-7,-47
1756013017.1949446,-1,-5,-52
1756013017.233945,6,5,-47
1756013017.2719443,1,0,-58
1756013017.3099446,3,1,-62
1756013017.3459446,3,7,-56
1756013017.3839445,1,0,-59
1756013017.4219446,6,-2,-64
1756013017.4599447,4,1,-53
1756013017.4959445,1,-1,-55
1756013017.5339446,5,-3,-60
1756013017.5719447,4,-3,-52
1756013017.6099446,0,-3,-69
1756013017.6459446,-2,1,-59
1756013017.6839447,1,5,-60
1756013017.7219446,-3,2,-69
1756013017.759945,3,0,-63
1756013017.7959447,-2,-2,-69
1756013017.8339446,8,4,-51
1756013017.871945,8,-3,-57
1756013017.9099443,0,0,-48
1756013017.9459443,1,-5,-48
1756013017.9829447,-1,1,-43
1756013018.0219443,-1,-1,-56
1756013018.0579443,2,-2,-59
1756013018.0949447,-5,-3,-54
1756013018.1329446,-8,-9,-53
1756013018.1719446,2,2,-43
1756013018.2079446,0,-1,-49
1756013018.2449446,2,-2,-50
1756013018.282945,-3,-3,-47
1756013018.3219447,0,-2,-47
1756013018.3579447,3,5,-65
1756013018.394945,0,-3,-59
1756013018.4329443,-1,-6,-58
1756013018.4719446,7,1,-54
1756013018.5079446,3,4,-54
1756013018.5449443,0,0,-58
1756013018.5829446,0,-4,-58
1756013018.621945,-1,-4,-47
1756013018.657945,3,-4,-49
1756013018.6949446,1,-1,-49
1756013018.7329447,-1,-5,-50
1756013018.7719443,6,1,-40
1756013018.8079443,3,0,-39
1756013018.8449447,5,1,-37
1756013018.8829446,4,-4,-47
1756013018.9209447,2,0,-41
1756013018.9569447,1,0,-52
1756013018.9939446,6,0,-54
1756013019.0319445,4,0,-60
1756013019.0679443,-2,-3,-54
1756013019.1059446,-3,-1,-49
1756013019.1439445,1,0,-51
1756013019.1829443,-1,1,-53
1756013019.2209446,-3,-4,-45
1756013019.256945,0,-1,-51
1756013019.2939446,3,-4,-53
1756013019.3329446,-1,-1,-59
1756013019.3709445,0,-4,-56
1756013019.4069445,-2,5,-56
1756013019.4439447,1,0,-63
1756013019.4819446,-5,-1,-61
1756013019.5179446,-3,4,-55
1756013019.5559447,4,4,-56
1756013019.5939443,2,6,-50
1756013019.631945,3,-1,-52
1756013019.667945,0,-2,-46
1756013019.7049446,0,-2,-41
1756013019.7429447,0,-4,-48
1756013019.7819445,0,-4,-44
1756013019.8179443,-6,0,-46
1756013019.8549447,2,-4,-51
1756013019.8929446,1,-1,-50
1756013019.9319446,0,-3,-52
1756013019.9679446,1,-3,-57
1756013020.0049446,-2,5,-57
1756013020.042945,-3,2,-48
1756013020.0819447,0,0,-46
1756013020.1179447,0,-4,-47
1756013020.154945,7,0,-45
1756013020.1929443,2,-2,-52
1756013020.2289443,-5,-8,-48
1756013020.2669446,-1,3,-56
1756013020.3049445,-3,-6,-51
1756013020.3439443,-5,-2,-55
1756013020.381945,0,2,-54
1756013020.417945,-3,-3,-44
1756013020.4559443,0,-2,-48
1756013020.4939446,-3,-2,-57
1756013020.532945,-1,0,-63
1756013020.5689447,-5,2,-61
1756013020.6059446,-3,-3,-46
1756013020.6439445,-6,0,-54
1756013020.6829443,-2,0,-63
1756013020.7189443,-2,3,-54
1756013020.756945,-1,-1,-52
1756013020.7949443,-3,-4,-53
1756013020.8339446,1,3,-53
1756013020.871945,1,3,-53
1756013020.907945,-7,0,-60
1756013020.9469447,5,0,-56
1756013020.983945,-3,8,-51
1756013021.0229447,1,3,-59
1756013021.0589447,-3,0,-50
1756013021.0969446,-4,1,-51
1756013021.1339445,2,3,-53
1756013021.1729443,-1,-1,-61
1756013021.2089446,-5,-3,-58
1756013021.2479446,-4,-3,-51
1756013021.2849443,-3,0,-46
1756013021.3239446,2,6,-50
1756013021.3599446,3,10,-53
1756013021.3969443,0,0,-49
1756013021.4349446,-7,-4,-55
1756013021.473945,-8,0,-43
1756013021.509945,-6,-4,-43
1756013021.5479443,-2,-6,-43
1756013021.585945,-2,3,-40
1756013021.6239443,-4,0,-48
1756013021.6629446,2,3,-54
1756013021.6989446,7,0,-54
1756013021.7359445,1,0,-50
1756013021.7739446,-2,4,-57
1756013021.8099446,5,-1,-47
1756013021.8479445,4,-4,-45
1756013021.8859446,-1,-3,-55
1756013021.9239447,-5,-8,-52
1756013021.9629445,-5,-6,-51
1756013021.9989443,-5,-3,-51
1756013022.0369446,-3,-6,-41
1756013022.0749447,-7,-5,-41
1756013022.1139443,-2,-2,-44
1756013022.1499443,0,-2,-44
1756013022.1869447,-5,-4,-52
1756013022.2249446,0,-2,-52
1756013022.2639446,-1,-5,-55
1756013022.2999446,0,-8,-60
1756013022.3369446,2,-2,-49
1756013022.3749447,3,-6,-46
1756013022.4139447,0,-1,-50
1756013022.4499447,-7,-1,-48
1756013022.4879446,-8,-1,-59
1756013022.5259447,-1,6,-51
1756013022.5649445,-2,-8,-42
1756013022.6029446,-7,-3,-53
1756013022.6389446,-12,-9,-55
1756013022.6769447,-10,0,-58
1756013022.7149446,-9,-3,-59
1756013022.7539446,-4,-4,-55
1756013022.7899446,-5,2,-52
1756013022.8279445,-3,0,-48
1756013022.8659446,-1,-4,-50
1756013022.904945,-3,0,-53
1756013022.940945,4,0,-46
1756013022.9789443,0,-2,-53
1756013023.0159447,-4,-2,-41
1756013023.0549445,-10,3,-47
1756013023.0909443,-15,-2,-53
1756013023.1289446,-4,0,-56
1756013023.1669445,1,1,-57
1756013023.2049446,8,0,-57
1756013023.2409446,5,-6,-64
1756013023.2779446,4,5,-61
1756013023.3169446,10,4,-57
1756013023.3549447,-3,0,-52
1756013023.3909447,4,0,-52
1756013023.427945,3,-2,-54
1756013023.4669447,4,-1,-54
1756013023.5049446,-3,-6,-42
1756013023.5409446,0,-1,-38
1756013023.5779445,0,0,-43
1756013023.6159446,2,-4,-55
1756013023.6539447,4,-2,-63
1756013023.6899445,8,3,-60
1756013023.7269447,-5,2,-51
1756013023.7659447,-4,-5,-49
1756013023.8039446,-3,2,-47
1756013023.8399446,-2,0,-47
1756013023.8769443,0,-3,-51
1756013023.9159446,1,-2,-58
1756013023.9539447,2,4,-60
1756013023.9899447,8,6,-52
1756013024.0269446,-4,-1,-44
1756013024.065945,-1,1,-43
1756013024.1039443,3,3,-47
1756013024.1399446,1,-1,-50
1756013024.1769447,-3,-6,-50
1756013024.2159443,1,0,-55
1756013024.2539446,1,0,-60
1756013024.2899446,1,0,-52
1756013024.3269446,4,-1,-52
1756013024.3659446,0,-4,-54
1756013024.4099443,-1,3,-45
1756013024.4479446,0,10,-49
1756013024.4859445,-2,5,-37
1756013024.5239446,0,-1,-39
1756013024.5599446,-1,-2,-37
1756013024.5979445,-14,3,-37
1756013024.6359446,-7,4,-40
1756013024.6749446,1,0,-50
1756013024.710945,-1,-6,-58
1756013024.7489443,0,2,-47
1756013024.7859447,-2,2,-49
1756013024.8249447,5,-2,-55
1756013024.8609445,4,2,-52
1756013024.8989446,4,-3,-45
1756013024.9359446,-4,-2,-50
1756013024.9749446,7,2,-54
1756013025.0109446,6,4,-52
1756013025.0479443,2,2,-58
1756013025.085945,2,1,-51
1756013025.121945,-1,0,-55
1756013025.1589446,2,-5,-52
1756013025.1969447,3,-7,-44
1756013025.2359445,0,6,-61
1756013025.2719443,-5,-3,-60
1756013025.3099446,-5,-1,-55
1756013025.348945,-6,-1,-56
1756013025.3869443,-9,4,-56
1756013025.4249446,-1,0,-47
1756013025.460945,-3,2,-52
1756013025.4989443,4,0,-60
1756013025.5369446,-1,-2,-49
1756013025.5749447,2,-3,-55
1756013025.6109445,3,-2,-52
1756013025.6489446,-4,-1,-54
1756013025.6869447,0,-3,-56
1756013025.7259445,-3,4,-32
1756013025.7619443,0,-1,-47
1756013025.7989447,0,-4,-53
1756013025.8369446,1,-3,-57
1756013025.8759446,-7,0,-43
1756013025.9119446,-2,3,-52
1756013025.9489446,-9,0,-58
1756013025.986945,-2,3,-69
1756013026.0259447,0,0,-62
1756013026.0619447,0,0,-50
1756013026.098945,1,3,-55
1756013026.1369443,0,0,-40
1756013026.1749446,-1,3,-45
1756013026.210945,-5,0,-46
1756013026.2489443,-2,-1,-49
1756013026.2869446,0,0,-51
1756013026.3229446,1,3,-47
1756013026.3599446,4,8,-52
1756013026.3969443,5,-2,-59
1756013026.4359446,-2,3,-59
1756013026.4719446,0,0,-60
1756013026.509945,-6,-3,-52
1756013026.5469446,-14,2,-51
1756013026.585945,1,-1,-48
1756013026.621945,-1,4,-47
1756013026.6589446,-1,5,-44
1756013026.6979446,3,3,-52
1756013026.7359445,0,0,-44
1756013026.7719443,1,-1,-54
1756013026.8089447,-2,2,-45
1756013026.8469446,0,-4,-46
1756013026.8859446,4,2,-54
1756013026.9219446,-6,2,-53
1756013026.9589446,3,-3,-55
1756013026.9979446,-2,-5,-46
1756013027.0359447,3,5,-51
1756013027.0719447,5,-1,-46
1756013027.108945,-3,0,-49
1756013027.1479447,0,8,-57
1756013027.1859446,-3,-2,-47
1756013027.2219446,-1,-4,-48
1756013027.2609446,-1,1,-63
1756013027.2979443,-2,5,-54
1756013027.3369446,-4,0,-55
1756013027.3729446,-7,-2,-36
1756013027.4109447,-2,-1,-51
1756013027.4489446,0,0,-41
1756013027.486945,2,-2,-50
1756013027.5229447,9,0,-53
1756013027.5599446,0,-3,-46
1756013027.5979445,-6,-2,-48
1756013027.6369443,-3,-1,-48
1756013027.6729443,-2,0,-55
1756013027.7099447,-1,1,-53
1756013027.7479446,3,3,-59
1756013027.7859447,6,6,-51
1756013027.8219447,-1,3,-58
1756013027.858945,0,0,-56
1756013027.8969443,1,-11,-42
1756013027.9329443,3,-5,-44
1756013027.9699447,4,-10,-48
1756013028.0089445,1,1,-46
1756013028.0469446,-4,0,-55
1756013028.0829446,-7,-2,-53
1756013028.1209445,2,-8,-47
1756013028.1599443,-1,-5,-50
1756013028.1979446,0,-3,-52
1756013028.233945,-5,-1,-53
1756013028.2719443,-4,0,-55
1756013028.3099446,-4,0,-56
1756013028.3479445,-1,-1,-47
1756013028.3869443,-2,0,-51
1756013028.4229443,4,-1,-50
1756013028.4599447,3,13,-49
1756013028.4979446,0,7,-59
1756013028.5339446,2,1,-59
1756013028.5709443,0,0,-51
1756013028.6079447,-11,0,-56
1756013028.6469443,-6,-7,-51
1756013028.6829443,1,-5,-50
1756013028.7209446,0,0,-54
1756013028.7589445,-3,-3,-51
1756013028.7969446,-7,3,-43
1756013028.8329446,-1,3,-52
1756013028.8699446,-2,5,-45
1756013028.9089446,0,0,-51
1756013028.9469447,6,-3,-57
1756013028.9829447,8,2,-53
1756013029.0209446,5,1,-63
1756013029.0589447,-2,0,-57
1756013029.0969446,-6,4,-42
1756013029.1329446,-2,2,-44
1756013029.1699443,2,0,-49
1756013029.2089446,2,1,-52
1756013029.246945,3,0,-53
1756013029.282945,-1,-3,-54
1756013029.3209443,8,2,-47
1756013029.358945,4,0,-50
1756013029.3969443,-2,2,-46
1756013029.4329443,1,3,-52
1756013029.4699447,-1,0,-49
1756013029.5089445,0,-3,-40
1756013029.5469446,-3,0,-45
1756013029.5829446,0,4,-44
1756013029.6199446,2,3,-55
1756013029.6589446,-2,6,-56
1756013029.6949446,-3,0,-55
1756013029.7319446,-3,-2,-61
1756013029.769945,0,-2,-66
1756013029.8089447,-4,-1,-45
1756013029.8449447,0,-3,-62
1756013029.881945,-5,2,-37
1756013029.9199443,-7,2,-41
1756013029.9589446,-2,0,-59
1756013029.9949446,-1,-1,-61
1756013030.0339446,-1,-3,-45
1756013030.0709443,-4,-4,-48
1756013030.108945,0,1,-46
1756013030.144945,3,3,-54
1756013030.1819446,1,2,-56
1756013030.2189443,-1,5,-54
1756013030.2579446,-3,8,-50
1756013030.2939446,-1,1,-53
1756013030.3319447,0,-1,-45
1756013030.3699446,5,-1,-49
1756013030.4089446,3,1,-43
1756013030.4449446,6,0,-51
1756013030.4819446,-1,-3,-55
1756013030.519945,5,2,-46
1756013030.5579443,-2,-1,-53
1756013030.5939443,3,-3,-51
1756013030.631945,0,-4,-51
1756013030.6699443,2,-3,-57
1756013030.7089446,3,0,-46
1756013030.7449446,-3,4,-49
1756013030.7819445,-7,0,-45
1756013030.8199446,13,0,-57
1756013030.8579447,0,0,-57
1756013030.8939445,0,1,-59
1756013030.9309447,-6,0,-52
1756013030.9699447,1,-6,-52
1756013031.0079446,-6,-3,-53
1756013031.0439446,-6,-4,-45
1756013031.0829446,0,-1,-40
1756013031.1199446,0,4,-47
1756013031.157945,5,0,-38
1756013031.1939447,-2,-5,-37
1756013031.2329447,-2,-2,-42
1756013031.269945,0,-2,-50
1756013031.3089447,0,4,-42
1756013031.3449447,-2,4,-47
1756013031.381945,-6,-7,-58
1756013031.4199443,1,1,-70
1756013031.4559443,3,-7,-56
1756013031.4939446,0,0,-44
1756013031.532945,-6,-6,-52
1756013031.5699446,-7,0,-55
1756013031.608945,2,6,-54
1756013031.644945,4,4,-55
1756013031.6829443,3,0,-69
1756013031.7199447,-3,-2,-65
1756013031.7589445,-1,0,-61
1756013031.7949443,-5,1,-49
1756013031.8319447,-7,6,-43
1756013031.8699446,0,-7,-46
1756013031.9089446,-2,-5,-56
1756013031.9449446,-1,-4,-54
1756013031.9829447,3,0,-51
1756013032.0209446,0,-6,-53
1756013032.0589447,0,0,-53
1756013032.0949447,-10,-5,-44
1756013032.1329446,0,5,-47
1756013032.1709447,1,0,-60
1756013032.2089446,2,0,-50
1756013032.2449446,0,-4,-47
1756013032.2819445,0,-2,-59
1756013032.3209443,6,-8,-66
1756013032.358945,-3,-3,-50
1756013032.394945,3,-2,-54
1756013032.4329443,-1,4,-58
1756013032.4709446,-1,0,-53
1756013032.509945,-5,0,-60
1756013032.5459447,2,9,-49
1756013032.5839446,2,3,-53
1756013032.6209445,-5,-1,-62
1756013032.6599443,-3,-5,-59
1756013032.6959443,0,-3,-68
1756013032.733945,-4,0,-62
1756013032.7729447,-6,-11,-52
1756013032.8109446,-4,-2,-54
1756013032.848945,3,-4,-36
1756013032.884945,2,-2,-39
1756013032.9219446,4,0,-45
1756013032.960945,9,0,-44
1756013032.996945,5,-1,-38
1756013033.0339446,0,-3,-46
1756013033.0719447,-3,-6,-50
1756013033.1109445,4,-1,-50
1756013033.1469443,3,4,-54
1756013033.1839447,3,2,-44
1756013033.2209446,1,-4,-45
1756013033.259945,-2,-6,-50
1756013033.2959447,1,-6,-64
1756013033.3349447,6,-4,-60
1756013033.371945,1,0,-56
1756013033.4099443,2,3,-53
1756013033.4459443,1,1,-48
1756013033.483945,-2,3,-44
1756013033.5219443,3,4,-49
1756013033.5599446,3,7,-54
1756013033.5959446,5,-1,-52
1756013033.6329446,6,0,-49
1756013033.6709447,-5,-1,-46
1756013033.7069447,-8,-1,-46
1756013033.7449446,-5,1,-45
1756013033.782945,-1,-6,-53
1756013033.8219447,0,0,-63
1756013033.8599446,-1,3,-61
1756013033.8959446,-6,-2,-59
1756013033.9349446,0,1,-63
1756013033.9719446,-3,1,-55
1756013034.0109446,-8,-3,-60
1756013034.0479443,1,-2,-58
1756013034.0849447,4,0,-56
1756013034.121945,12,-1,-54
1756013034.1609447,6,4,-59
1756013034.1979446,0,2,-53
1756013034.2349446,0,0,-58
1756013034.2719443,0,-6,-56
1756013034.3109446,-3,-7,-45
1756013034.3469446,0,-10,-50
1756013034.384945,0,-6,-48
1756013034.4309447,0,-3,-54
1756013034.4669447,3,-3,-56
1756013034.5039446,0,1,-61
1756013034.5419445,3,-4,-52
1756013034.5809443,1,0,-46
1756013034.6169446,-1,1,-49
1756013034.6539447,4,-7,-50
1756013034.6919446,0,1,-67
1756013034.7279446,6,-1,-66
1756013034.7659447,3,-8,-47
1756013034.8039446,1,0,-49
1756013034.8419447,0,-1,-57
1756013034.8809447,4,-3,-62
1756013034.9169445,7,-4,-62
1756013034.9539447,0,4,-56
1756013034.9919446,4,0,-59
1756013035.0279446,0,-2,-55
1756013035.065945,0,5,-57
1756013035.1029446,-1,1,-60
1756013035.1419446,-1,6,-51
1756013035.177945,6,4,-46
1756013035.2149446,5,-1,-45
1756013035.2529447,0,1,-46
1756013035.2909446,5,-5,-49
1756013035.3269446,6,-10,-57
1756013035.3639443,4,-9,-34
1756013035.4029446,-1,-2,-47
1756013035.440945,-2,-5,-40
1756013035.4769447,-4,-7,-50
1756013035.5149446,0,-1,-49
1756013035.552945,-2,4,-45
1756013035.5919447,-1,-4,-49
1756013035.6279447,0,0,-52
1756013035.6649446,2,-2,-51
1756013035.7029445,2,0,-57
1756013035.7409446,-5,-5,-57
1756013035.7769446,0,-2,-45
1756013035.8139446,-6,-7,-47
1756013035.8529446,0,-3,-50
1756013035.8909447,-5,-6,-36
1756013035.9269447,0,-4,-44
1756013035.963945,-2,0,-44
1756013036.0029447,-4,-9,-59
1756013036.0409446,3,-7,-54
1756013036.0769446,3,-2,-46
1756013036.1139443,-3,-12,-42
1756013036.1529446,-4,-7,-46
1756013036.190945,-5,-6,-44
1756013036.2269447,-4,-6,-54
1756013036.2649446,7,-6,-50
1756013036.302945,5,-6,-53
1756013036.3419447,1,0,-54
1756013036.3779447,3,0,-52
1756013036.4159446,-3,-1,-55
1756013036.4539447,0,-5,-40
1756013036.4929447,6,-3,-42
1756013036.5289447,3,-5,-44
1756013036.5669446,2,-2,-42
1756013036.6059446,0,-4,-58
1756013036.6429446,3,-8,-36
1756013036.6819446,-1,0,-49
1756013036.7179446,3,5,-52
1756013036.7549446,-4,5,-48
1756013036.792945,-1,-1,-43
1756013036.8319447,1,-1,-40
1756013036.8679447,0,-2,-48
1756013036.904945,-1,-1,-51
1756013036.9439447,0,0,-53
1756013036.9819446,0,2,-50
1756013037.0179446,-2,-1,-56
1756013037.0559447,-5,0,-53
1756013037.0939443,4,-8,-50
1756013037.1329446,2,3,-44
1756013037.1689446,3,-7,-41
1756013037.2059443,0,-9,-56
1756013037.2439446,5,-6,-55
1756013037.282945,-2,-12,-50
1756013037.3189447,-9,-4,-43
1756013037.3569446,3,0,-47
1756013037.3939445,1,-4,-48
1756013037.4329443,2,-3,-50
1756013037.4689443,-3,-3,-52
1756013037.506945,-3,-4,-59
1756013037.5449443,3,-4,-56
1756013037.5839446,3,-7,-44
1756013037.621945,-4,-12,-52
1756013037.657945,-6,-9,-52
1756013037.6959443,-3,0,-47
1756013037.733945,-3,-3,-55
1756013037.7729447,-2,-2,-56
1756013037.8089447,-2,0,-48
1756013037.8469446,-1,1,-49
1756013037.884945,4,-3,-47
1756013037.9239447,4,0,-64
1756013037.9599447,-7,-1,-53
1756013037.9979446,0,-1,-51
1756013038.0369446,-7,-4,-51
1756013038.0739446,0,1,-47
1756013038.1099446,-8,-2,-50
1756013038.1479447,0,-8,-53
1756013038.1859446,0,-2,-46
1756013038.223945,-3,-1,-59
1756013038.2629447,2,-3,-48
1756013038.2989447,0,1,-46
1756013038.335945,-2,0,-53
1756013038.3749447,1,-4,-48
1756013038.4129446,6,-3,-56
1756013038.4489446,-1,0,-59
1756013038.4859445,-5,-7,-53
1756013038.5249443,-3,2,-46
1756013038.562945,-7,3,-48
1756013038.598945,0,-1,-38
1756013038.6359446,-6,-2,-47
1756013038.6749446,0,1,-53
1756013038.7129445,2,1,-52
1756013038.7489443,2,-1,-50
1756013038.7859447,5,-5,-44
1756013038.8249447,0,2,-49
1756013038.8629446,-2,-1,-56
1756013038.8989446,-5,-1,-55
1756013038.937945,-8,5,-52
1756013038.9749446,-1,1,-60
1756013039.0139446,0,-3,-55
1756013039.0499446,8,-1,-54
1756013039.0879445,0,0,-53
1756013039.1249447,1,1,-50
1756013039.1629446,-1,-4,-58
1756013039.1989446,-2,-10,-58
1756013039.2379446,-7,-12,-47
1756013039.2749443,-3,-8,-38
1756013039.3139446,-10,0,-47
1756013039.3499446,-4,-6,-53
1756013039.3879447,0,-16,-58
1756013039.4259446,1,-6,-49
1756013039.4649446,-4,-2,-46
1756013039.5029447,-5,-9,-60
1756013039.5389447,2,-10,-51
1756013039.575945,2,-7,-51
1756013039.6149447,2,-5,-50
1756013039.6509447,-1,-2,-48
1756013039.6889446,-6,-7,-48
1756013039.7269447,-4,-7,-43
1756013039.7649446,4,3,-50
1756013039.8039446,0,8,-58
1756013039.8399446,-5,2,-54
1756013039.8769443,1,-4,-63
1756013039.9149446,1,2,-59
1756013039.950945,8,1,-45
1756013039.9879446,0,3,-54
1756013040.0249443,0,-3,-65
1756013040.0639446,5,3,-72
1756013040.0999446,-1,-2,-50
1756013040.1379447,4,-2,-46
1756013040.1759446,-2,-2,-49
1756013040.2149446,7,-5,-59
1756013040.2509446,1,-4,-53
1756013040.2879446,-3,-7,-56
1756013040.325945,4,-1,-58
1756013040.3649447,5,0,-54
1756013040.4009447,5,-5,-56
1756013040.4389446,3,-4,-61
1756013040.4769447,-1,-2,-48
1756013040.5159447,-3,0,-38
1756013040.5539446,0,-1,-45
1756013040.5899446,0,0,-52
1756013040.6269443,3,-5,-47
1756013040.6659446,0,-1,-45
1756013040.7039447,0,-6,-55
1756013040.7399447,4,-1,-53
1756013040.7769446,3,-1,-46
1756013040.815945,8,-1,-43
1756013040.8539443,2,-2,-40
1756013040.8899446,-2,-1,-38
1756013040.927945,0,-3,-51
1756013040.9659443,-1,1,-37
1756013041.0049446,1,-4,-54
1756013041.0409446,0,-1,-51
1756013041.0779445,-5,2,-41
1756013041.1159446,-6,3,-51
1756013041.154945,-9,0,-53
1756013041.190945,-7,-3,-43
1756013041.2289443,5,-6,-50
1756013041.2669446,4,-2,-55
1756013041.3059447,0,-3,-60
1756013041.3419447,-3,-4,-48
1756013041.3799446,1,-6,-57
1756013041.417945,11,-4,-53
1756013041.4559443,1,-2,-48
1756013041.4949446,0,-2,-57
1756013041.5309446,-2,-8,-63
1756013041.5699446,1,2,-47
1756013041.6069446,-2,-1,-37
1756013041.6459446,0,0,-51
1756013041.6819446,0,-4,-39
1756013041.7199447,-3,0,-58
1756013041.756945,1,3,-50
1756013041.7949443,7,0,-45
1756013041.8309443,-7,0,-46
1756013041.8679447,-3,-5,-52
1756013041.9059446,2,1,-48
1756013041.9449446,-1,0,-47
1756013041.9809446,-8,0,-49
1756013042.0179446,0,-4,-58
1756013042.0569446,-6,-7,-58
1756013042.0949447,2,-7,-54
1756013042.1309447,1,0,-55
1756013042.167945,-2,-5,-54
1756013042.2069447,3,0,-62
1756013042.2449446,1,2,-70
1756013042.2809446,7,-6,-45
1756013042.3179443,0,-5,-60
1756013042.3569446,2,3,-50
1756013042.394945,0,2,-53
1756013042.4309447,1,5,-44
1756013042.4679446,-7,-2,-57
1756013042.506945,0,-5,-49
1756013042.5449443,-5,-4,-56
1756013042.5809443,-5,-1,-49
1756013042.6189446,-4,4,-48
1756013042.6569445,5,2,-50
1756013042.6949446,5,-3,-60
1756013042.7309446,-2,5,-63
1756013042.7679446,2,6,-57
1756013042.8059447,1,2,-56
1756013042.8419447,-3,0,-52
1756013042.8789446,-5,0,-50
1756013042.917945,-2,-3,-50
1756013042.9559443,-6,-8,-51
1756013042.9919446,-3,-8,-48
1756013043.029945,0,3,-56
1756013043.0679443,4,1,-64
1756013043.1069446,4,-9,-58
1756013043.1429446,6,-5,-69
1756013043.1809447,1,0,-63
1756013043.2189443,-4,-2,-66
1756013043.256945,0,-4,-60
1756013043.292945,4,-1,-51
1756013043.3319447,2,0,-52
1756013043.3699446,4,-8,-53
1756013043.407945,-2,0,-50
1756013043.4469447,-1,0,-57
1756013043.4829447,-7,1,-49
1756013043.5209446,-5,7,-47
1756013043.5599446,3,0,-54
1756013043.5969446,4,0,-64
1756013043.6329446,0,-2,-55
1756013043.6709447,0,2,-57
1756013043.7079446,2,0,-44
1756013043.7459445,0,-4,-35
1756013043.7819445,-3,-4,-40
1756013043.8199446,-6,2,-58
1756013043.8579447,2,2,-66
1756013043.8959446,5,0,-61
1756013043.9319446,4,4,-63
1756013043.9689443,1,-1,-55
1756013044.0079446,-1,1,-44
1756013044.0459447,-6,0,-47
1756013044.0819447,-1,0,-38
1756013044.1189446,-3,7,-45
1756013044.157945,-3,2,-51
1756013044.1959443,-2,4,-54
1756013044.2319446,0,3,-49
1756013044.2689445,0,1,-44
1756013044.3069446,0,0,-40
1756013044.3429446,0,4,-50
1756013044.3799446,1,0,-56
1756013044.417945,-2,0,-51
1756013044.4619446,-7,-4,-59
1756013044.4999447,-2,3,-49
1756013044.5389447,-5,-7,-54
1756013044.5769446,-1,-4,-44
1756013044.6129446,-4,-4,-45
1756013044.6519446,2,-2,-53
1756013044.6889446,-1,-1,-54
1756013044.7279446,6,1,-58
1756013044.7639446,4,0,-56
1756013044.8019447,3,-1,-54
1756013044.838945,2,-2,-43
1756013044.8779447,3,7,-44
1756013044.9139447,4,5,-39
1756013044.9519446,0,0,-47
1756013044.9889443,-3,1,-42
1756013045.0279446,1,5,-49
1756013045.0639446,-2,1,-55
1756013045.1009445,11,9,-50
1756013045.1389446,-3,1,-41
1756013045.177945,-3,-9,-46
1756013045.213945,-4,-5,-58
1756013045.2519443,0,-3,-48
1756013045.2899446,5,0,-46
1756013045.3289447,-5,1,-46
1756013045.3669446,-7,-1,-56
1756013045.4029446,0,7,-65
1756013045.4399445,5,2,-60
1756013045.4789443,6,-1,-57
1756013045.5169446,-1,0,-54
1756013045.552945,-9,0,-61
1756013045.5909443,0,0,-60
1756013045.6289446,3,0,-64
1756013045.6669445,0,-4,-51
1756013045.7029445,2,0,-63
1756013045.7409446,5,-9,-60
1756013045.7789447,-2,-11,-53
1756013045.8179443,-1,-3,-56
1756013045.8539443,0,2,-44
1756013045.8919446,7,1,-54
1756013045.9289446,8,0,-55
1756013045.9669447,-2,0,-60
1756013046.0029447,4,5,-54
1756013046.0409446,-3,6,-53
1756013046.0789447,-5,-1,-54
1756013046.1179447,-2,-1,-61
1756013046.1539447,-5,0,-51
1756013046.1919446,-11,-6,-60
1756013046.2289443,-2,-1,-62
1756013046.2679446,-2,0,-60
1756013046.3039446,-6,0,-58
1756013046.3419447,0,3,-55
1756013046.3789446,2,0,-53
1756013046.4149446,7,0,-54
1756013046.4529445,0,0,-49
1756013046.4899447,2,0,-59
1756013046.5279446,1,-1,-55
1756013046.5639446,0,5,-51
1756013046.6009445,1,3,-35
1756013046.6389446,-6,-1,-41
1756013046.6749446,-6,2,-55
1756013046.7119446,0,0,-52
1756013046.7489443,0,-3,-55
1756013046.7879446,0,0,-54
1756013046.8239446,-3,0,-56
1756013046.861945,-4,10,-55
1756013046.8989446,-3,1,-50
1756013046.937945,-7,-2,-47
1756013046.973945,2,0,-35
1756013047.0119443,1,2,-52
1756013047.0499446,5,2,-45
1756013047.0879445,4,-1,-61
1756013047.1239443,2,-2,-52
1756013047.1619446,2,-4,-57
1756013047.1999447,7,-4,-56
1756013047.2389443,2,0,-66
1756013047.2749443,2,-8,-66
1756013047.3119447,2,-4,-63
1756013047.3499446,-6,-6,-45
1756013047.3889446,-10,-3,-48
1756013047.4249446,-3,-1,-44
1756013047.4629445,0,3,-41
1756013047.4999447,5,4,-47
1756013047.5379446,0,-1,-44
1756013047.5739446,3,-2,-50
1756013047.611945,-2,-1,-49
1756013047.6499443,-2,4,-43
1756013047.6889446,-2,4,-39
1756013047.7249446,-5,1,-49
1756013047.7619443,-5,-2,-46
1756013047.7999446,-4,-3,-53
1756013047.838945,-1,-5,-44
1756013047.8749447,6,2,-47
1756013047.9119446,5,5,-55
1756013047.9499447,2,0,-52
1756013047.9859445,10,1,-53
1756013048.0229447,1,0,-55
1756013048.0609446,0,1,-60
1756013048.098945,1,3,-48
1756013048.134945,-3,2,-52
1756013048.1729443,0,-2,-48
1756013048.210945,-1,-4,-63
1756013048.2499447,-1,-2,-47
1756013048.2859447,-6,-7,-50
1756013048.3239446,0,-3,-59
1756013048.361945,3,9,-56
1756013048.3999443,-3,6,-56
1756013048.4359446,3,1,-60
1756013048.473945,1,5,-51
1756013048.5109446,0,-2,-65
1756013048.5499446,2,-1,-51
1756013048.585945,7,-1,-46
1756013048.6229446,-5,8,-46
1756013048.6609447,-3,4,-39
1756013048.6999447,0,1,-55
1756013048.7359445,-1,-2,-52
1756013048.7739446,0,-6,-47
1756013048.8119447,-3,0,-66
1756013048.8509445,1,2,-55
1756013048.8889446,-9,-4,-45
1756013048.9249446,0,2,-55
1756013048.9619446,-2,0,-53
1756013049.0009446,0,0,-47
1756013049.0389447,0,0,-65
1756013049.0749447,0,0,-52
1756013049.111945,-3,0,-48
1756013049.1509447,-3,0,-48
1756013049.1889446,3,1,-54
1756013049.2249446,3,3,-48
1756013049.2619443,0,-5,-45
1756013049.3009446,-4,-1,-47
1756013049.338945,-1,3,-57
1756013049.3749447,-1,-1,-61
1756013049.4129446,-2,1,-49
1756013049.450945,5,-5,-38
1756013049.4899447,2,-3,-47
1756013049.5259447,-4,0,-51
1756013049.562945,-4,6,-43
1756013049.6009445,-6,-2,-55
1756013049.6399446,-3,3,-56
1756013049.6759446,-4,1,-42
1756013049.713945,-6,3,-43
1756013049.7519443,-1,-2,-56
1756013049.7909446,3,-7,-49
1756013049.8269446,1,-3,-46
1756013049.8639443,0,-4,-53
1756013049.9029446,2,0,-57
1756013049.940945,-5,-7,-47
1756013049.9769447,-2,-3,-47
1756013050.0149446,-1,4,-42
1756013050.052945,3,3,-40
1756013050.0909443,1,-6,-49
1756013050.1269443,6,-7,-53
1756013050.1639447,3,3,-51
1756013050.200945,2,-2,-44
1756013050.2399447,5,-3,-43
1756013050.2759447,2,0,-58
1756013050.312945,1,-3,-48
1756013050.3519447,4,-8,-50
1756013050.3899446,-6,-4,-59
1756013050.4259446,-4,-4,-48
1756013050.463945,-5,-2,-58
1756013050.5019443,1,6,-45
1756013050.5409446,-8,-5,-48
1756013050.5769446,-2,0,-57
1756013050.6139443,0,0,-49
1756013050.6519446,-6,1,-48
1756013050.6899445,-3,-4,-52
1756013050.7259445,3,4,-59
1756013050.7629447,-1,0,-62
1756013050.8019447,6,2,-54
1756013050.8399446,8,3,-51
1756013050.8759446,0,6,-45
1756013050.9129446,-3,5,-49
1756013050.9519446,5,4,-56
1756013050.9899447,1,2,-55
1756013051.0259447,4,-5,-59
1756013051.062945,-1,-3,-50
1756013051.1019447,-1,0,-55
1756013051.1399446,-3,-2,-66
1756013051.1759446,0,-5,-67
1756013051.2129445,0,-3,-56
1756013051.2519443,-4,-3,-44
1756013051.2879446,2,0,-45
1756013051.3249447,1,0,-53
1756013051.3629446,0,-5,-56
1756013051.4019446,0,-6,-53
1756013051.437945,-4,5,-50
1756013051.4749446,-2,-6,-63
1756013051.5129447,-1,-6,-50
1756013051.5519447,-4,-6,-44
1756013051.5879445,-1,0,-47
1756013051.6259446,-7,-2,-51
1756013051.6649446,-4,-2,-55
1756013051.7019446,3,4,-37
1756013051.7379446,2,0,-37
1756013051.7749443,11,-3,-36
1756013051.812945,4,-5,-51
1756013051.8519447,-6,0,-46
1756013051.8879447,-4,1,-56
1756013051.9259446,0,1,-41
1756013051.9629445,0,-9,-40
1756013052.0019443,-5,-4,-45
1756013052.0379446,-1,-2,-65
1756013052.075945,-5,-2,-61
1756013052.1149447,-2,-5,-59
1756013052.1529446,-2,2,-51
1756013052.190945,0,-7,-43
1756013052.2269447,3,0,-46
1756013052.2639446,3,-2,-51
1756013052.302945,6,1,-48
1756013052.3409443,3,0,-46
1756013052.3769443,-2,-3,-51
1756013052.4149446,-6,4,-48
1756013052.4529445,4,0,-51
1756013052.4919446,3,-5,-45
1756013052.5279446,4,-1,-48
1756013052.5649445,-1,-1,-60
1756013052.6029446,-2,-5,-45
1756013052.6419446,2,1,-48
1756013052.677945,0,7,-43
1756013052.7149446,-1,0,-48
1756013052.7529447,1,-6,-48
1756013052.7919445,-1,0,-52
1756013052.8279445,-1,-4,-50
1756013052.8659446,-8,-3,-42
1756013052.9039447,-2,5,-57
1756013052.9429443,-4,2,-70
1756013052.9789443,-8,0,-58
1756013053.0179446,-1,-1,-53
1756013053.0549445,3,-2,-56
1756013053.0929446,4,-11,-52
1756013053.131945,7,0,-62
1756013053.167945,5,0,-60
1756013053.2049446,-6,4,-54
1756013053.2429447,-6,0,-55
1756013053.2819445,-3,-6,-46
1756013053.3179443,-7,-3,-45
1756013053.3559446,-2,0,-55
1756013053.3939445,2,0,-51
1756013053.4319446,-2,1,-39
1756013053.4689443,-7,0,-36
1756013053.5059447,0,0,-50
1756013053.5439446,3,0,-53
1756013053.5819447,2,2,-56
1756013053.6179447,5,-2,-43
1756013053.654945,2,3,-44
1756013053.6929443,-4,3,-49
1756013053.7289443,-3,-2,-49
1756013053.7669446,-8,-5,-46
1756013053.8049445,-2,-1,-55
1756013053.8439443,-1,-4,-55
1756013053.881945,1,0,-54
1756013053.917945,7,-4,-55
1756013053.9549446,-1,3,-55
1756013053.9939446,-3,-3,-54
1756013054.0319445,-6,1,-58
1756013054.0679443,-9,6,-65
1756013054.1049447,0,3,-65
1756013054.1429446,2,0,-62
1756013054.1789446,-2,0,-64
1756013054.2169447,4,-1,-52
1756013054.2539446,3,2,-41
1756013054.2919445,1,-2,-46
1756013054.3279445,-6,-1,-50
1756013054.3669446,-3,0,-46
1756013054.4039447,-2,0,-53
1756013054.4429443,3,9,-62
1756013054.4879446,-1,1,-46
1756013054.5259447,-8,-5,-62
1756013054.5639446,1,2,-58
1756013054.5999446,-6,0,-55
1756013054.6379447,0,6,-59
1756013054.6749446,6,2,-50
1756013054.7129445,0,2,-60
1756013054.7489443,7,0,-51
1756013054.7859447,1,0,-44
1756013054.8239446,-2,11,-52
1756013054.8599446,-3,8,-51
1756013054.8969443,1,6,-54
1756013054.9349446,5,7,-59
1756013054.973945,-3,7,-51
1756013055.009945,1,8,-54
1756013055.0479443,-1,-2,-57
1756013055.0869446,0,-3,-58
1756013055.1239443,2,0,-47
1756013055.1599443,5,1,-47
1756013055.1969447,-4,5,-48
1756013055.2349446,-1,3,-48
1756013055.2739446,2,-3,-45
1756013055.3099446,5,1,-55
1756013055.3479445,-3,0,-54
1756013055.3859446,3,-4,-54
1756013055.4249446,5,-6,-54
1756013055.4629445,0,-11,-51
1756013055.4989443,-1,-6,-53
1756013055.5369446,-3,0,-48
1756013055.5749447,0,-7,-50
1756013055.6139443,0,-4,-55
1756013055.6499443,1,3,-52
1756013055.6869447,-2,4,-56
1756013055.7249446,2,-2,-62
1756013055.7639446,0,1,-51
1756013055.7999446,3,5,-48
1756013055.8369446,-2,4,-46
1756013055.8749447,-1,0,-44
1756013055.9139447,-2,-2,-56
1756013055.9499447,-1,0,-61
1756013055.986945,2,-3,-51
1756013056.0249443,-1,-7,-47
1756013056.0639446,0,4,-58
1756013056.0999446,-5,-1,-60
1756013056.1379447,-1,1,-58
1756013056.1759446,1,-5,-63
1756013056.2149446,5,-6,-52
1756013056.2509446,8,-9,-56
1756013056.2899446,-10,-1,-49
1756013056.3269446,-5,2,-49
1756013056.3659446,0,-1,-42
1756013056.4039447,0,-3,-56
1756013056.4399445,-4,-2,-53
1756013056.4789443,3,-2,-56
1756013056.5159447,0,-9,-58
1756013056.5549445,2,-11,-51
1756013056.5909443,-1,-1,-53
1756013056.6289446,0,-5,-52
1756013056.6669445,0,0,-46
1756013056.7049446,4,6,-50
1756013056.7409446,2,6,-54
1756013056.7779446,5,2,-51
1756013056.815945,3,2,-51
1756013056.8539443,1,0,-54
1756013056.8899446,-1,0,-57
1756013056.9269447,-3,-1,-56
1756013056.9659443,-1,0,-59
1756013057.0039446,0,-2,-53
1756013057.0399446,-2,1,-50
1756013057.0769446,-5,-4,-54
1756013057.1159446,-7,-4,-42
1756013057.1539447,0,-7,-45
1756013057.1899445,-5,-2,-41
1756013057.2279446,-1,-8,-55
1756013057.2659447,-4,-2,-49
1756013057.3049445,-1,-2,-54
1756013057.3409443,-1,2,-57
1756013057.3779447,-1,-2,-55
1756013057.4159446,1,0,-51
1756013057.4539447,-3,4,-56
1756013057.4899447,-7,0,-46
1756013057.5279446,0,-2,-44
1756013057.565945,0,-4,-48
1756013057.6039443,-1,-7,-44
1756013057.6399446,-5,-7,-53
1756013057.677945,5,-5,-53
1756013057.7159443,-1,0,-51
1756013057.7549446,0,-1,-59
1756013057.7909446,-3,5,-60
1756013057.8279445,-5,-3,-54
1756013057.8659446,0,-1,-49
1756013057.904945,3,-1,-54
1756013057.940945,5,-3,-61
1756013057.9779446,-2,0,-64
1756013058.0159447,0,0,-53
1756013058.0519447,-2,0,-49
1756013058.088945,-3,4,-54
1756013058.1279447,3,0,-40
1756013058.1659446,-3,-3,-54
1756013058.2019446,-7,1,-51
1756013058.2399447,-6,0,-50
1756013058.2779446,0,-3,-55
1756013058.315945,-2,5,-51
1756013058.3549447,1,3,-62
1756013058.3909447,5,4,-55
1756013058.427945,0,7,-55
1756013058.4659443,-6,0,-62
1756013058.5019443,-7,-4,-51
1756013058.5399446,0,2,-47
1756013058.5769446,0,2,-53
1756013058.6159446,-3,4,-54
1756013058.6519446,-3,-1,-60
1756013058.6899445,0,-5,-57
1756013058.7279446,-2,-3,-48
1756013058.7669446,1,-7,-48
1756013058.8049445,-5,-5,-53
1756013058.8409443,-3,-3,-49
1756013058.8789446,9,-3,-57
1756013058.9169445,1,-6,-57
1756013058.9559443,0,0,-50
1756013058.9919446,0,-2,-57
1756013059.0289447,-7,0,-50
1756013059.0669446,2,-3,-63
1756013059.1059446,1,2,-51
1756013059.1419446,-2,0,-45
1756013059.1789446,2,0,-51
1756013059.2169447,-3,-2,-53
1756013059.2549446,0,-8,-47
1756013059.2909446,6,0,-52
1756013059.3289447,2,-2,-36
1756013059.3679447,7,-6,-46
1756013059.4059446,1,5,-48
1756013059.4419446,-4,-3,-59
1756013059.4809446,-7,-5,-55
1756013059.5179446,-3,0,-56
1756013059.5569446,2,-3,-58
1756013059.5929446,8,-6,-52
1756013059.6299446,1,-1,-59
1756013059.667945,4,-9,-53
1756013059.7069447,5,-9,-51
1756013059.7429447,-4,-7,-42
1756013059.7809446,0,6,-41
1756013059.8189447,0,8,-51
1756013059.8569446,-2,4,-50
1756013059.8959446,-4,9,-41
1756013059.9319446,-10,-1,-41
1756013059.9699447,-3,-6,-52
1756013060.0079446,-7,4,-53
1756013060.0469446,0,2,-52
1756013060.0829446,0,0,-51
1756013060.1199446,-3,5,-60
1756013060.157945,-2,3,-62
1756013060.1969447,0,2,-59
1756013060.2329447,3,0,-47
1756013060.269945,-2,6,-56
1756013060.3079443,-1,-6,-54
1756013060.3469446,0,-2,-59
1756013060.3829446,1,-11,-49
1756013060.4209447,5,-10,-57
1756013060.4579446,-1,0,-51
1756013060.496945,-5,0,-51
1756013060.532945,0,-2,-57
1756013060.5709443,4,-9,-56
1756013060.608945,1,-4,-59
1756013060.6479447,2,-3,-55
1756013060.6859446,-1,0,-61
1756013060.7219446,-3,0,-56
1756013060.7589445,-4,0,-54
1756013060.7979443,0,-2,-48
1756013060.835945,2,-5,-56
1756013060.871945,5,-2,-56
1756013060.9099443,-2,-7,-51
1756013060.9489446,-1,0,-62
1756013060.986945,-5,-7,-49
1756013061.0229447,-4,-1,-48
1756013061.0609446,-2,2,-63
1756013061.0999446,-8,0,-48
1756013061.1379447,-5,1,-48
1756013061.1759446,-2,0,-55
1756013061.2119446,-9,-2,-52
1756013061.2499447,-2,0,-61
1756013061.2879446,-1,0,-59
1756013061.3269446,0,4,-46
1756013061.3629446,0,3,-49
1756013061.3999443,1,3,-55
1756013061.437945,0,-3,-63
1756013061.4769447,-2,-3,-57
1756013061.5129447,5,-9,-57
1756013061.5499446,8,-3,-49
1756013061.5879445,4,-7,-54
1756013061.6269443,1,-1,-47
1756013061.6629446,-5,-1,-39
1756013061.700945,0,-1,-58
1756013061.7389443,2,1,-51
1756013061.7769446,1,-5,-42
1756013061.812945,4,0,-54
1756013061.8499446,4,-2,-57
1756013061.8879447,0,0,-59
1756013061.9239447,0,-1,-60
1756013061.9619446,3,-5,-49
1756013061.9999447,-1,0,-51
1756013062.0389447,-4,0,-54
1756013062.0769446,-1,0,-49
1756013062.1129446,4,7,-49
1756013062.1499443,3,1,-47
1756013062.187945,1,0,-51
1756013062.223945,7,4,-43
1756013062.2619443,1,0,-51
1756013062.2999446,5,-4,-44
1756013062.3379445,5,1,-62
1756013062.3749447,7,3,-60
1756013062.4119446,-4,-4,-56
1756013062.4499447,4,-1,-44
1756013062.4889443,-2,2,-46
1756013062.5269446,4,-1,-44
1756013062.562945,0,-2,-42
1756013062.5999446,2,-1,-48
1756013062.6389446,-2,-9,-56
1756013062.6769447,3,1,-49
1756013062.7129445,5,4,-47
1756013062.7499447,-7,0,-52
1756013062.7889447,-2,4,-59
1756013062.8269446,0,6,-62
1756013062.8629446,0,1,-51
1756013062.8999443,-9,0,-47
1756013062.9389446,-6,0,-56
1756013062.9749446,-4,5,-57
1756013063.0119443,1,-2,-44
1756013063.0499446,2,-5,-49
1756013063.088945,6,-4,-50
1756013063.1249447,-1,0,-59
1756013063.1619446,3,0,-60
1756013063.1989446,9,-7,-61
1756013063.2379446,2,-3,-55
1756013063.2739446,-3,1,-66
1756013063.3119447,4,-7,-53
1756013063.3499446,3,0,-53
1756013063.3879447,2,0,-54
1756013063.4239447,3,-1,-62
1756013063.4619446,-3,2,-63
1756013063.4999447,-3,-2,-59
1756013063.5389447,2,5,-54
1756013063.5749447,-3,-1,-60
1756013063.6139443,-2,0,-53
1756013063.6509447,0,-2,-43
1756013063.6899445,1,1,-58
1756013063.7279446,-1,0,-49
1756013063.7639446,-2,-1,-48
1756013063.8019447,-2,-3,-45
1756013063.8409443,4,6,-51
1756013063.8789446,7,3,-56
1756013063.9149446,3,0,-56
1756013063.9519446,0,0,-55
1756013063.9899447,-9,0,-59
1756013064.0279446,4,-5,-52
1756013064.0639446,3,-4,-56
1756013064.1019447,1,-5,-63
1756013064.1409447,-9,-6,-58
1756013064.1789446,0,-5,-47
1756013064.2149446,-2,0,-57
1756013064.2519443,7,3,-49
1756013064.2899446,6,-2,-56
1756013064.3279445,3,-4,-63
1756013064.3639443,3,-6,-66
1756013064.4019446,-2,2,-62
1756013064.4399445,7,-5,-51
1756013064.4789443,7,-4,-48
1756013064.5239446,1,-2,-51
1756013064.5609446,0,-1,-56
1756013064.5999446,-1,-3,-51
1756013064.6359446,2,-1,-52
1756013064.6739447,6,-4,-62
1756013064.7119446,0,0,-53
1756013064.7499447,3,-1,-53
1756013064.7859447,0,0,-50
1756013064.8239446,-5,-2,-45
1756013064.8609445,0,0,-46
1756013064.8989446,5,0,-51
1756013064.9349446,5,-3,-47
1756013064.9729445,2,-3,-63
1756013065.0109446,-3,-1,-55
1756013065.0489447,2,-2,-55
1756013065.0849447,1,-3,-58
1756013065.121945,-4,0,-52
1756013065.1599443,-1,-4,-65
1756013065.1989446,-7,-3,-48
1756013065.2349446,-6,-3,-42
1756013065.2729447,-5,-9,-56
1756013065.3109446,0,-5,-56
1756013065.3499446,3,-3,-50
1756013065.3859446,1,0,-55
1756013065.4229443,-7,2,-56
1756013065.460945,-2,0,-61
1756013065.4999447,1,0,-58
1756013065.5359447,5,4,-61
1756013065.5729446,2,-2,-51
1756013065.6109445,1,0,-57
1756013065.6489446,-9,-6,-52
1756013065.6849446,-6,1,-52
1756013065.7219446,-6,0,-55
1756013065.7609446,6,-2,-51
1756013065.7989447,0,-2,-50
1756013065.8349447,-6,-1,-45
1756013065.8729446,-2,-1,-49
1756013065.9109447,0,0,-35
1756013065.9489446,-6,-2,-46
1756013065.9849446,-4,5,-38
1756013066.0229447,-2,-3,-52
1756013066.0609446,-6,-5,-57
1756013066.098945,0,-4,-44
1756013066.134945,0,1,-53
1756013066.1719446,4,-2,-60
1756013066.210945,1,-1,-61
1756013066.246945,0,-4,-58
1756013066.2839446,0,-6,-54
1756013066.3229446,8,1,-55
1756013066.3609445,5,-4,-51
1756013066.3969443,-2,-7,-62
1756013066.4349446,-5,-3,-57
1756013066.4729445,-2,-1,-49
1756013066.5109446,2,-1,-51
1756013066.5499446,2,4,-53
1756013066.585945,-1,-1,-56
1756013066.6239443,1,1,-44
1756013066.6619446,-4,0,-53
1756013066.700945,-4,3,-58
1756013066.736945,0,0,-47
1756013066.7749443,0,-4,-45
1756013066.812945,1,-6,-50
1756013066.8509445,-6,-5,-55
1756013066.8899446,-1,-3,-70
1756013066.9259446,-1,0,-68
1756013066.9629445,0,-1,-57
1756013067.0019443,0,-3,-52
1756013067.0399446,2,-6,-52
1756013067.075945,-3,-4,-62
1756013067.1139443,-6,-11,-53
1756013067.1519446,0,-7,-53
1756013067.190945,0,3,-59
1756013067.2269447,1,2,-60
1756013067.2639446,0,0,-63
1756013067.3019447,3,3,-61
1756013067.3399446,1,0,-55
1756013067.3759446,-8,-2,-49
1756013067.4139447,3,2,-55
1756013067.4519446,0,1,-49
1756013067.4899447,-3,3,-56
1756013067.5259447,-5,-1,-58
1756013067.5639446,-3,-2,-56
1756013067.6019447,1,0,-57
1756013067.6409447,-3,2,-50
1756013067.6769447,-1,1,-55
1756013067.7149446,0,0,-54
1756013067.7529447,3,0,-40
1756013067.7919445,-3,-4,-53
1756013067.8299446,-1,-1,-59
1756013067.8659446,-5,0,-53
1756013067.9029446,-1,1,-53
1756013067.9419446,-8,0,-44
1756013067.9779446,0,5,-50
1756013068.0149446,4,-3,-53
1756013068.052945,0,5,-53
1756013068.0919447,-5,0,-58
1756013068.1279447,0,0,-62
1756013068.1649446,-1,5,-48
1756013068.2039447,-1,-6,-41
1756013068.2419446,1,-2,-53
1756013068.2779446,-3,-2,-64
1756013068.315945,6,2,-59
1756013068.3529446,4,3,-48
1756013068.3919446,0,-2,-44
1756013068.427945,7,0,-47
1756013068.4649446,1,-2,-53
1756013068.5029447,-1,1,-48
1756013068.5419445,1,2,-51
1756013068.5779445,-1,-10,-52
1756013068.6159446,8,-2,-56
1756013068.654945,5,-1,-53
1756013068.6929443,0,2,-53
1756013068.7309446,5,1,-47
1756013068.7669446,2,0,-51
1756013068.8049445,0,-1,-49
1756013068.8429446,1,0,-51
1756013068.8809447,2,-4,-58
1756013068.9169445,-3,1,-51
1756013068.9539447,-4,0,-57
1756013068.9929447,-8,1,-58
1756013069.0309446,4,-2,-54
1756013069.0669446,2,0,-60
1756013069.1049447,-1,-7,-46
1756013069.1429446,-1,0,-49
1756013069.1809447,-1,-5,-54
1756013069.2169447,6,-9,-60
1756013069.2549446,5,-2,-60
1756013069.292945,0,2,-64
1756013069.3309443,0,1,-50
1756013069.3669446,-1,0,-32
1756013069.404945,6,0,-42
1756013069.4429443,0,4,-52
1756013069.4809446,0,2,-46
1756013069.5169446,3,1,-47
1756013069.5549445,-6,1,-53
1756013069.5929446,-3,-1,-51
1756013069.6289446,-1,-3,-49
1756013069.6669445,3,-9,-54
1756013069.7049446,-1,-4,-44
1756013069.7429447,0,-2,-46
1756013069.7819445,0,-4,-47
1756013069.8179443,1,-1,-50
1756013069.8549447,-2,-3,-53
1756013069.8929446,0,5,-60
1756013069.9289446,-5,0,-50
1756013069.9659443,0,1,-53
1756013070.0039446,-2,4,-55
1756013070.042945,-5,2,-48
1756013070.0789447,0,2,-48
1756013070.1159446,1,6,-53
1756013070.1529446,4,4,-44
1756013070.1889446,1,0,-45
1756013070.2259445,-1,2,-55
1756013070.2639446,2,9,-48
1756013070.3019447,-4,1,-50
1756013070.3379445,-2,-1,-59
1756013070.3759446,0,-5,-57
1756013070.4139447,-6,-1,-48
1756013070.4529445,-2,-4,-48
1756013070.4889443,-5,0,-37
1756013070.5259447,6,-2,-46
1756013070.5639446,-1,-7,-37
1756013070.6029446,0,-4,-54
1756013070.6389446,5,-4,-61
1756013070.6759446,3,-5,-59
1756013070.713945,-5,0,-52
1756013070.7529447,-8,-5,-58
1756013070.7889447,-3,-6,-58
1756013070.8269446,0,-1,-52
1756013070.8649447,-1,4,-43
1756013070.9039447,0,4,-51
1756013070.9419446,1,-5,-57
1756013070.9779446,-3,-4,-56
1756013071.0159447,-1,-1,-51
1756013071.0539446,0,-11,-57
1756013071.0929446,0,-6,-53
1756013071.1289446,0,0,-50
1756013071.1659446,5,-10,-53
1756013071.2039447,5,-5,-50
1756013071.2429447,4,-1,-40
1756013071.2789447,-2,0,-49
1756013071.315945,0,0,-58
1756013071.3539443,5,-2,-58
1756013071.3899446,-3,-5,-45
1756013071.427945,0,-11,-47
1756013071.4659443,2,-5,-53
1756013071.5039446,3,3,-42
1756013071.5399446,5,2,-56
1756013071.5769446,6,2,-55
1756013071.6139443,5,9,-47
1756013071.6529446,-1,0,-56
1756013071.6899445,-3,3,-61
1756013071.7279446,5,-4,-51
1756013071.7649446,2,-4,-54
1756013071.8039446,1,-2,-38
1756013071.8399446,-1,0,-42
1756013071.8769443,-5,-3,-52
1756013071.9149446,-8,6,-53
1756013071.9539447,-1,0,-64
1756013071.9899447,0,3,-60
1756013072.0269446,2,-4,-60
1756013072.0649445,5,-3,-57
1756013072.1039443,6,0,-54
1756013072.1399446,2,-2,-48
1756013072.1769447,4,-4,-44
1756013072.2149446,2,-6,-55
1756013072.2539446,6,-3,-54
1756013072.2899446,0,0,-49
1756013072.3269446,-1,-5,-47
1756013072.3649447,-3,1,-52
1756013072.4039447,-2,-4,-59
1756013072.4399445,-5,1,-51
1756013072.4779446,-3,-3,-56
1756013072.5149446,-1,-5,-51
1756013072.5539446,-3,-4,-47
1756013072.5899446,-9,-2,-45
1756013072.6279447,-7,-5,-52
1756013072.6659446,-7,-2,-56
1756013072.7049446,-1,-3,-48
1756013072.7429447,3,-8,-58
1756013072.7789447,2,-3,-60
1756013072.8169446,-4,0,-51
1756013072.8549447,-3,4,-47
1756013072.8939445,3,-3,-48
1756013072.9299445,-1,0,-50
1756013072.9669447,-7,-3,-57
1756013073.0049446,0,-1,-33
1756013073.0439446,6,6,-51
1756013073.0799446,3,8,-50
1756013073.1169446,0,-5,-61
1756013073.154945,1,-5,-65
1756013073.1939447,-4,1,-58
1756013073.2299447,-3,-4,-49
1756013073.2679446,-3,-4,-60
1756013073.3059447,-8,-8,-62
1756013073.3449447,1,-1,-54
1756013073.3809447,7,-3,-55
1756013073.417945,1,-3,-50
1756013073.4569447,3,2,-52
1756013073.4949446,1,-3,-41
1756013073.5309446,1,2,-51
1756013073.5679443,0,0,-65
1756013073.6069446,5,-4,-58
1756013073.644945,0,-4,-59
1756013073.6809447,4,-3,-61
1756013073.7179446,12,0,-56
1756013073.7559447,6,1,-71
1756013073.7939446,4,0,-67
1756013073.8299446,8,-1,-60
1756013073.8669446,9,-4,-54
1756013073.9059446,4,-5,-48
1756013073.9439447,2,-9,-43
1756013073.9799447,-2,-6,-55
1756013074.0179446,-7,-3,-56
1756013074.0569446,0,-3,-54
1756013074.0949447,-5,0,-51
1756013074.1309447,2,-2,-47
1756013074.167945,1,4,-52
1756013074.2059443,-1,0,-55
1756013074.2439446,2,8,-47
1756013074.279945,3,2,-51
1756013074.3169446,-2,0,-50
1756013074.3559446,-5,-5,-50
1756013074.3939445,-7,1,-43
1756013074.4299445,-4,0,-49
1756013074.4669447,7,-5,-47
1756013074.5059447,4,3,-43
1756013074.5509446,0,-1,-48
1756013074.5879445,2,-3,-51
1756013074.6259446,0,-2,-50
1756013074.6649446,-2,1,-58
1756013074.700945,-4,0,-68
1756013074.7379446,0,2,-58
1756013074.7759447,0,0,-62
1756013074.8119447,1,6,-60
1756013074.8499446,5,-1,-48
1756013074.8879447,1,-2,-50
1756013074.9269447,-2,-4,-60
1756013074.9649446,-3,-5,-59
1756013075.0009446,2,-4,-53
1756013075.0379446,7,1,-54
1756013075.075945,6,2,-55
1756013075.111945,-4,1,-55
1756013075.1489446,-6,-4,-45
1756013075.1869447,-4,0,-65
1756013075.2259445,0,0,-55
1756013075.2619443,-6,1,-52
1756013075.2999446,-5,1,-49
1756013075.3379445,1,0,-53
1756013075.3759446,-3,-2,-55
1756013075.4119446,-7,-5,-54
1756013075.4499447,1,-9,-51
1756013075.4879446,-1,-6,-58
1756013075.5269446,6,-4,-59
1756013075.5649445,3,-1,-63
1756013075.6009445,0,-5,-61
1756013075.6389446,1,-2,-55
1756013075.6769447,2,-5,-64
1756013075.7159443,-3,1,-54
1756013075.7519443,-1,1,-53
1756013075.7889447,-1,1,-61
1756013075.8269446,-1,-6,-49
1756013075.8659446,7,-2,-59
1756013075.9019446,5,-5,-65
1756013075.9389446,0,0,-44
1756013075.9769447,2,2,-32
1756013076.0149446,-7,2,-47
1756013076.0509446,-3,0,-52
1756013076.088945,-2,-1,-45
1756013076.1269443,-3,-1,-48
1756013076.1649446,-6,-1,-54
1756013076.2019446,-6,-2,-56
1756013076.2389443,3,4,-54
1756013076.2769446,-2,0,-64
1756013076.312945,-2,-3,-57
1756013076.3519447,-1,2,-57
1756013076.3889446,1,-2,-56
1756013076.4269447,6,7,-52
1756013076.4629445,2,6,-52
1756013076.4999447,-5,0,-51
1756013076.5379446,-7,1,-48
1756013076.5769446,7,-2,-53
1756013076.6129446,2,0,-62
1756013076.6499443,-6,-3,-61
1756013076.687945,2,1,-66
1756013076.7269447,4,-1,-67
1756013076.7629447,0,0,-56
1756013076.7999446,-5,-2,-63
1756013076.838945,-2,1,-55
1756013076.8769443,0,0,-56
1756013076.9129446,3,2,-56
1756013076.9499447,4,-2,-57
1756013076.9889443,5,-4,-58
1756013077.0269446,-8,-9,-57
1756013077.062945,-1,-4,-53
1756013077.1019447,0,0,-43
1756013077.1389446,-3,2,-40
1756013077.177945,-1,0,-45
1756013077.2159443,-1,-6,-51
1756013077.2519443,2,-3,-44
1756013077.2889447,5,1,-46
1756013077.3269446,4,2,-48
1756013077.3629446,-1,3,-52
1756013077.3999443,-1,-3,-45
1756013077.4389446,-9,4,-47
1756013077.4769447,-1,-5,-53
1756013077.5129447,-5,1,-58
1756013077.5499446,-2,3,-57
1756013077.588945,-2,-4,-54
1756013077.6269443,-3,-4,-39
1756013077.6629446,-7,-7,-45
1756013077.700945,-5,-1,-55
1756013077.7389443,-6,3,-53
1756013077.7779446,-4,1,-57
1756013077.815945,-6,-1,-41
1756013077.8529446,-3,1,-47
1756013077.8899446,-1,-2,-59
1756013077.927945,0,-9,-48
1756013077.9669447,8,-5,-61
1756013078.0029447,6,2,-56
1756013078.0399446,0,1,-46
1756013078.0779445,-3,-2,-44
1756013078.1169446,0,-1,-42
1756013078.1529446,-3,4,-47
1756013078.190945,-1,5,-49
1756013078.2289443,1,0,-54
1756013078.2669446,0,0,-59
1756013078.302945,1,-1,-57
1756013078.3409443,2,-7,-46
1756013078.3789446,0,-5,-37
1756013078.417945,3,-5,-43
1756013078.4539447,2,-2,-45
1756013078.4929447,-2,1,-53
1756013078.529945,6,11,-56
1756013078.5679443,0,3,-47
1756013078.6039443,-3,2,-51
1756013078.6409447,-7,-1,-42
1756013078.6789446,-3,2,-40
1756013078.7179446,-4,-3,-59
1756013078.7539446,-8,-1,-61
1756013078.7919445,-1,-2,-59
1756013078.8299446,-3,-6,-53
1756013078.8689446,0,3,-58
1756013078.9069445,3,3,-44
1756013078.9429443,4,1,-37
1756013078.9799447,-1,2,-54
1756013079.0189445,4,-3,-51
1756013079.0569446,0,-6,-49
1756013079.0929446,4,-2,-45
1756013079.1299446,3,-1,-47
1756013079.1689446,-4,1,-64
1756013079.2069447,-1,4,-55
1756013079.2429447,1,4,-65
1756013079.279945,-1,-2,-49
1756013079.3189447,0,-3,-37
1756013079.3569446,-2,-3,-54
1756013079.3929446,-2,-1,-39
1756013079.4309447,1,-2,-44
1756013079.4689443,-3,0,-56
1756013079.5079446,-2,-2,-48
1756013079.5439446,-1,0,-55
1756013079.5829446,-3,0,-50
1756013079.6199446,0,6,-51
1756013079.657945,-3,-5,-61
1756013079.6939447,-4,-9,-65
1756013079.7329447,-4,-4,-64
1756013079.769945,0,0,-67
1756013079.8079443,1,-3,-50
1756013079.8439443,5,0,-52
1756013079.8809447,-2,1,-62
1756013079.9189446,-4,6,-55
1756013079.9579446,3,-1,-55
1756013079.9939446,6,2,-52
1756013080.0309446,3,10,-50
1756013080.0689447,2,0,-46
1756013080.1049447,3,5,-56
1756013080.1419446,-3,-1,-58
1756013080.1799445,-5,5,-46
1756013080.2189443,6,6,-56
1756013080.2549446,11,-6,-54
1756013080.2919445,-5,-3,-54
1756013080.3299446,7,-2,-55
1756013080.3689446,2,0,-58
1756013080.404945,3,-3,-55
1756013080.4429443,0,0,-42
1756013080.4799447,-9,-1,-51
1756013080.5189445,2,-2,-48
1756013080.5549445,1,2,-61
1756013080.5919447,-4,2,-57
1756013080.6299446,8,-5,-61
1756013080.6689446,2,-3,-54
1756013080.7049446,-2,2,-60
1756013080.7419446,-3,1,-58
1756013080.779945,-4,0,-47
1756013080.8189447,0,3,-52
1756013080.8549447,-15,4,-47
1756013080.8919446,-5,1,-56
1756013080.9299445,-4,2,-53
1756013080.9689443,-4,5,-43
1756013081.0049446,-5,1,-46
1756013081.0419445,-3,0,-60
1756013081.0799446,3,1,-57
1756013081.1179447,5,-3,-49
1756013081.1539447,3,0,-57
1756013081.1919446,0,-3,-47
1756013081.2299447,8,0,-44
1756013081.2659447,2,-3,-56
1756013081.302945,4,-1,-43
1756013081.3419447,2,-2,-42
1756013081.3799446,0,-2,-55
1756013081.4159446,-2,-1,-52
1756013081.4539447,-1,-6,-55
1756013081.4919446,-2,-3,-49
1756013081.529945,-3,-2,-49
1756013081.5689447,1,-1,-50
1756013081.6049447,5,0,-42
1756013081.6419446,3,-5,-52
1756013081.6799445,0,7,-53
1756013081.7159443,-1,4,-48
1756013081.7539446,-3,3,-50
1756013081.7919445,-9,0,-44
1756013081.8299446,-2,-4,-43
1756013081.8689446,0,-9,-51
1756013081.904945,0,-7,-48
1756013081.9419446,-4,-1,-45
1756013081.9809446,-6,0,-54
1756013082.0189445,-2,1,-53
1756013082.0549445,-6,3,-49
1756013082.0919447,0,4,-62
1756013082.1299446,-3,2,-69
1756013082.1669445,-3,-1,-62
1756013082.2039447,0,-2,-54
1756013082.2419446,6,0,-57
1756013082.279945,1,3,-53
1756013082.3169446,2,0,-46
1756013082.3539443,4,6,-56
1756013082.3909447,7,-2,-52
1756013082.4299445,10,-3,-54
1756013082.4669447,4,-2,-54
1756013082.5039446,0,1,-59
1756013082.5409446,1,4,-54
1756013082.5799446,4,3,-62
1756013082.6169446,0,0,-47
1756013082.654945,6,-3,-48
1756013082.6929443,1,-2,-39
1756013082.7319446,-10,4,-43
1756013082.769945,0,0,-51
1756013082.8059447,2,2,-51
1756013082.8429446,-2,4,-45
1756013082.881945,3,0,-52
1756013082.9199443,-2,1,-55
1756013082.9559443,-4,4,-59
1756013082.9949446,3,1,-54
1756013083.0319445,-1,0,-56
1756013083.0709443,-2,-4,-61
1756013083.1069446,5,0,-63
1756013083.1439445,1,-6,-48
1756013083.1819446,-4,-7,-56
1756013083.2209446,0,0,-55
1756013083.256945,-7,0,-60
1756013083.2949443,-1,7,-57
1756013083.3329446,4,-1,-51
1756013083.3709445,-4,-2,-50
1756013083.4099443,-7,4,-60
1756013083.4459443,-8,-7,-57
1756013083.483945,-2,-2,-46
1756013083.5219443,0,-7,-50
1756013083.5609446,5,-2,-56
1756013083.5969446,0,1,-56
1756013083.634945,0,2,-45
1756013083.6719446,5,-7,-48
1756013083.710945,0,-1,-60
1756013083.746945,-6,-1,-43
1756013083.7849443,-7,0,-42
1756013083.8229446,4,4,-38
1756013083.861945,-8,7,-49
1756013083.8999443,-1,-1,-49
1756013083.9359446,0,5,-48
1756013083.9729445,0,0,-40
1756013084.0119443,4,2,-43
1756013084.0499446,8,2,-45
1756013084.085945,-2,2,-49
1756013084.1239443,-4,1,-49
1756013084.1619446,-5,12,-52
1756013084.200945,-5,6,-46
1756013084.236945,3,0,-46
1756013084.2739446,6,1,-58
1756013084.3119447,1,-1,-40
1756013084.3499446,-1,2,-49
1756013084.3859446,-10,0,-51
1756013084.4239447,0,-5,-54
1756013084.4619446,0,-1,-55
1756013084.4999447,0,-3,-49
1756013084.5359447,4,-6,-50
1756013084.5819447,0,0,-50
1756013084.6179447,5,8,-47
1756013084.654945,-6,1,-49
1756013084.6929443,-2,1,-50
1756013084.7319446,3,6,-52
1756013084.7679446,2,7,-50
1756013084.8049445,5,3,-59
1756013084.8429446,3,-1,-62
1756013084.881945,10,0,-54
1756013084.917945,0,-7,-49
1756013084.9559443,6,2,-63
1756013084.9939446,1,-6,-41
1756013085.032945,0,-5,-45
1756013085.0709443,-2,-2,-48
1756013085.1069446,-6,5,-47
1756013085.144945,0,0,-56
1756013085.1829443,4,-1,-54
1756013085.2209446,1,0,-58
1756013085.256945,4,-1,-43
1756013085.2939446,0,-3,-43
1756013085.3329446,4,7,-45
1756013085.3709445,0,6,-47
1756013085.4069445,1,1,-45
1756013085.4439447,0,1,-50
1756013085.4819446,1,4,-54
1756013085.5179446,4,2,-51
1756013085.5559447,4,2,-44
1756013085.5939443,3,-1,-48
1756013085.6329446,-12,-4,-58
1756013085.6709447,-6,0,-53
1756013085.7069447,1,5,-48
1756013085.7439446,5,0,-39
1756013085.7819445,-2,-2,-54
1756013085.8179443,0,-5,-52
1756013085.8569446,1,-5,-58
1756013085.8939445,3,-3,-69
1756013085.9329443,3,-5,-51
1756013085.9709446,7,1,-59
1756013086.006945,0,0,-55
1756013086.0439446,3,1,-53
1756013086.0819447,6,-7,-51
1756013086.1179447,1,-4,-59
1756013086.1559446,1,2,-58
1756013086.1939447,-2,-1,-57
1756013086.2329447,5,2,-49
1756013086.2689445,-1,1,-50
1756013086.3059447,5,0,-48
1756013086.3439443,0,0,-53
1756013086.381945,1,3,-56
1756013086.417945,4,-1,-54
1756013086.4569447,6,1,-47
1756013086.4939446,2,-2,-54
1756013086.532945,4,1,-45
1756013086.5689447,0,-4,-46
1756013086.6069446,3,-1,-58
1756013086.6439445,-3,0,-49
1756013086.6829443,0,-1,-63
1756013086.7189443,-2,-4,-47
1756013086.756945,2,2,-45
1756013086.7939446,-1,0,-43
1756013086.8329446,0,-5,-49
1756013086.8689446,-3,-8,-62
1756013086.9069445,-2,1,-64
1756013086.9449446,-3,-1,-62
1756013086.983945,0,0,-60
1756013087.0219443,-6,0,-54
1756013087.0579443,-2,-1,-50
1756013087.0959446,3,2,-56
1756013087.1339445,-5,2,-54
1756013087.1719446,0,0,-50
1756013087.2079446,1,-8,-51
1756013087.2459445,-3,-3,-59
1756013087.2839446,-2,-8,-53
1756013087.3229446,-6,-11,-50
1756013087.358945,0,-1,-41
1756013087.3969443,1,0,-45
1756013087.4359446,9,-5,-45
1756013087.473945,6,0,-53
1756013087.5119443,0,1,-55
1756013087.5479443,3,-3,-53
1756013087.585945,1,-9,-64
1756013087.6239443,3,-2,-54
1756013087.6629446,-3,0,-54
1756013087.6989446,0,0,-61
1756013087.7359445,5,2,-50
1756013087.7739446,3,0,-45
1756013087.8119447,-4,0,-43
1756013087.8479445,0,0,-57
1756013087.8859446,-2,3,-52
1756013087.9239447,-2,3,-44
1756013087.9629445,0,3,-59
1756013087.9989443,0,1,-64
1756013088.0359447,8,-3,-58
1756013088.0739446,5,0,-50
1756013088.1099446,1,1,-61
1756013088.1469443,-6,4,-51
1756013088.1859446,-2,5,-54
1756013088.223945,1,1,-54
1756013088.259945,-2,0,-52
1756013088.2969446,3,-5,-47
1756013088.335945,4,-5,-46
1756013088.3739443,-2,-2,-47
1756013088.4099443,2,1,-38
1756013088.4469447,6,0,-44
1756013088.4849446,8,-7,-37
1756013088.5229447,4,0,-48
1756013088.5589447,4,-4,-45
1756013088.5959446,1,-4,-51
1756013088.634945,-2,0,-44
1756013088.6729443,-3,1,-53
1756013088.7089446,-4,-1,-56
1756013088.746945,5,-3,-58
1756013088.7859447,5,-4,-51
1756013088.8239446,-7,-4,-47
1756013088.8599446,0,0,-49
1756013088.8969443,-8,1,-56
1756013088.9359446,-2,1,-46
1756013088.973945,1,1,-48
1756013089.009945,5,-3,-53
1756013089.0469446,1,1,-54
1756013089.085945,8,-5,-60
1756013089.1239443,10,-6,-50
1756013089.1599443,6,-6,-51
1756013089.1969447,-5,1,-68
1756013089.2359445,-5,-5,-67
1756013089.2739446,-3,-7,-49
1756013089.3099446,2,-4,-35
1756013089.3469446,2,0,-43
1756013089.3859446,0,-3,-56
1756013089.4239447,-7,-3,-47
1756013089.4599447,-8,0,-44
1756013089.496945,-2,1,-56
1756013089.5359447,3,1,-53
1756013089.5739446,-1,0,-59
1756013089.6099446,1,4,-53
1756013089.6469443,4,2,-49
1756013089.6849446,4,6,-51
1756013089.7209446,-4,-1,-46
1756013089.7589445,0,0,-45
1756013089.7959447,7,-2,-46
1756013089.8349447,7,0,-40
1756013089.8709445,4,-1,-45
1756013089.9089446,13,-3,-55
1756013089.9479446,9,-6,-54
1756013089.9859445,0,-15,-45
1756013090.0239446,-4,-7,-59
1756013090.0599446,-7,-8,-54
1756013090.0979445,4,5,-58
1756013090.1359446,0,0,-59
1756013090.1739447,0,2,-64
1756013090.2099447,-1,-1,-54
1756013090.2479446,2,3,-57
1756013090.2859447,-4,6,-53
1756013090.3239446,-1,-10,-44
1756013090.3599446,1,-5,-37
1756013090.3969443,3,-2,-52
1756013090.4359446,2,1,-60
1756013090.473945,1,1,-47
1756013090.509945,-5,0,-52
1756013090.5469446,-5,-2,-57
1756013090.585945,0,5,-58
1756013090.6239443,-2,3,-54
1756013090.6599443,-3,2,-58
1756013090.6969447,-4,-1,-57
1756013090.7359445,3,5,-60
1756013090.7739446,1,6,-47
1756013090.8099446,-3,3,-44
1756013090.8479445,-2,-1,-57
1756013090.8859446,-4,0,-53
1756013090.9239447,-2,0,-44
1756013090.9599447,0,-5,-49
1756013090.9979446,-3,-1,-48
1756013091.0359447,4,-1,-44
1756013091.0749447,-4,-3,-53
1756013091.1109445,-3,-2,-41
1756013091.1489446,3,-1,-57
1756013091.1869447,-5,-3,-59
1756013091.2259445,2,-3,-55
1756013091.2619443,5,-4,-38
1756013091.2989447,0,-5,-42
1756013091.3369446,2,-2,-50
1756013091.3759446,-4,0,-61
1756013091.4119446,0,-4,-62
1756013091.4489446,9,-5,-54
1756013091.486945,0,1,-50
1756013091.5259447,0,-8,-56
1756013091.5619447,-2,-5,-51
1756013091.5999446,-5,-4,-53
1756013091.6379447,-1,1,-42
1756013091.6759446,0,-2,-35
1756013091.7149446,4,-3,-47
1756013091.7509446,1,-2,-48
1756013091.7889447,3,3,-47
1756013091.825945,-1,-5,-58
1756013091.8649447,-2,3,-62
1756013091.9009447,0,0,-62
1756013091.937945,-6,-8,-43
1756013091.9769447,0,-7,-49
1756013092.0149446,0,-1,-54
1756013092.0509446,5,-2,-51
1756013092.0879445,-2,-4,-43
1756013092.1269443,-2,0,-54
1756013092.1649446,-1,-1,-53
1756013092.200945,0,0,-59
1756013092.2379446,-3,4,-51
1756013092.2769446,-1,-3,-54
1756013092.3149445,0,5,-54
1756013092.3509445,7,-1,-42
1756013092.3879447,2,3,-45
1756013092.4269447,-2,3,-40
1756013092.4649446,-4,4,-51
1756013092.5009446,-7,1,-57
1756013092.5379446,-3,-2,-48
1756013092.5769446,1,-13,-52
1756013092.6149447,5,-8,-51
1756013092.6509447,0,-6,-46
1756013092.687945,-1,-4,-49
1756013092.7269447,3,1,-53
1756013092.7649446,-4,7,-47
1756013092.8009446,-3,0,-48
1756013092.8379445,1,-8,-44
1756013092.8769443,-4,3,-61
1756013092.9129446,-1,2,-58
1756013092.9499447,4,-3,-59
1756013092.9879446,0,-3,-50
1756013093.0269446,-6,-1,-47
1756013093.062945,-4,6,-48
1756013093.0999446,0,0,-50
1756013093.1379447,-3,2,-46
1756013093.1769447,-6,-1,-52
1756013093.2129445,-2,2,-61
1756013093.2499447,0,-1,-54
1756013093.2879446,0,-6,-48
1756013093.3269446,1,-10,-51
1756013093.3629446,3,-6,-58
1756013093.3999443,7,-4,-60
1756013093.437945,2,-8,-56
1756013093.4769447,-1,0,-57
1756013093.5129447,-6,-1,-52
1756013093.5509446,-3,-9,-41
1756013093.588945,-1,-9,-51
1756013093.6279447,-1,-2,-52
1756013093.6659446,-4,0,-63
1756013093.7019446,0,5,-51
1756013093.7389443,-4,1,-51
1756013093.7779446,-7,-1,-60
1756013093.815945,-3,1,-49
1756013093.8519447,0,0,-47
1756013093.8899446,-4,-1,-51
1756013093.927945,2,0,-48
1756013093.9659443,5,2,-47
1756013094.0029447,2,0,-59
1756013094.0399446,0,-2,-56
1756013094.0779445,-4,-4,-51
1756013094.1169446,-5,-6,-56
1756013094.1529446,-4,-3,-63
1756013094.190945,2,0,-57
1756013094.2289443,9,-2,-51
1756013094.2669446,4,1,-50
1756013094.302945,6,5,-57
1756013094.3399446,3,0,-57
1756013094.3779447,4,-4,-73
1756013094.4159446,0,-3,-73
1756013094.4519446,-2,-10,-67
1756013094.4899447,1,-1,-44
1756013094.5279446,-3,3,-30
1756013094.5669446,0,2,-46
1756013094.611945,-9,-1,-57
1756013094.6489446,-2,-1,-46
1756013094.687945,-2,-1,-44
1756013094.723945,-3,-1,-61
1756013094.7619443,0,-4,-53
1756013094.7999446,9,-9,-47
1756013094.8379445,3,-7,-46
1756013094.8769443,-2,5,-46
1756013094.9129446,2,6,-58
1756013094.9499447,-4,3,-52
1756013094.9889443,-2,1,-57
1756013095.0269446,2,2,-48
1756013095.062945,2,0,-49
1756013095.1009445,5,3,-56
1756013095.1379447,-2,6,-46
1756013095.1769447,-4,-1,-44
1756013095.2129445,0,1,-49
1756013095.2509446,-1,2,-48
1756013095.2889447,-6,4,-56
1756013095.3269446,2,5,-58
1756013095.3629446,4,5,-52
1756013095.4009447,-5,0,-64
1756013095.4389446,3,-6,-66
1756013095.4769447,10,-4,-60
1756013095.5129447,4,-4,-56
1756013095.5509446,0,-5,-50
1756013095.588945,1,1,-48
1756013095.6269443,0,-1,-51
1756013095.6629446,11,-2,-48
1756013095.700945,7,-10,-52
1756013095.7389443,-1,-5,-47
1756013095.7779446,-4,0,-53
1756013095.8139446,0,-4,-60
1756013095.8509445,0,3,-60
1756013095.8889446,-1,-1,-55
1756013095.9269447,-3,5,-37
1756013095.9629445,0,2,-54
1756013095.9999447,2,-2,-49
1756013096.0389447,6,-1,-45
1756013096.0769446,2,-3,-45
1756013096.1129446,0,3,-54
1756013096.1509447,-5,0,-49
1756013096.1889446,-6,-1,-51
1756013096.2249446,0,-1,-62
1756013096.2619443,2,-5,-68
1756013096.2999446,0,0,-59
1756013096.338945,-2,4,-68
1756013096.3749447,-3,1,-57
1756013096.4129446,2,-3,-44
1756013096.450945,-2,4,-52
1756013096.4889443,1,0,-59
1756013096.5249443,0,3,-51
1756013096.5619447,-4,4,-50
1756013096.5999446,1,-5,-50
1756013096.6389446,-4,-2,-45
1756013096.6749446,6,-2,-55
1756013096.7129445,2,0,-53
1756013096.7509446,-2,-3,-56
1756013096.7889447,-4,0,-50
1756013096.8279445,-2,6,-49
1756013096.8639443,9,-6,-42
1756013096.9009447,4,0,-30
1756013096.9389446,-2,-1,-48
1756013096.9749446,0,1,-56
1756013097.0129447,4,-2,-57
1756013097.0509446,4,-3,-57
1756013097.0899446,-7,-1,-45
1756013097.1279447,0,-5,-57
1756013097.1639447,0,-2,-47
1756013097.200945,-5,-4,-49
1756013097.2399447,-1,-2,-52
1756013097.2779446,4,-8,-64
1756013097.3139446,2,-9,-48
1756013097.3509445,7,-3,-45
1756013097.3899446,3,0,-49
1756013097.427945,-3,0,-50
1756013097.463945,-4,3,-47
1756013097.5019443,0,6,-50
1756013097.5399446,0,0,-52
1756013097.5779445,-2,5,-61
1756013097.6139443,2,-7,-58
1756013097.6519446,-1,-1,-62
1756013097.6899445,1,-2,-63
1756013097.7279446,6,0,-62
1756013097.7639446,4,-1,-67
1756013097.8019447,1,-9,-52
1756013097.8399446,3,-2,-48
1756013097.8759446,0,-2,-49
1756013097.9129446,-3,1,-46
1756013097.9519446,1,2,-51
1756013097.9899447,-4,-1,-41
1756013098.0259447,-11,0,-48
1756013098.062945,4,1,-62
1756013098.0999446,-1,-1,-49
1756013098.1389446,-2,-1,-31
1756013098.1749446,-4,-4,-35
1756013098.2129445,-5,-1,-48
1756013098.2509446,0,3,-51
1756013098.2899446,-4,0,-55
1756013098.325945,-3,2,-54
1756013098.3639443,0,-8,-53
1756013098.4019446,2,-6,-57
1756013098.4399445,6,1,-44
1756013098.4759445,4,-6,-53
1756013098.5139446,3,-4,-42
1756013098.5519447,9,-2,-47
1756013098.5899446,0,0,-48
1756013098.6269443,-2,-10,-59
1756013098.6639447,0,-4,-52
1756013098.7019446,2,1,-44
1756013098.7399447,0,0,-53
1756013098.7759447,-6,1,-57
1756013098.812945,-4,-3,-59
1756013098.8509445,-13,1,-61
1756013098.8899446,-1,-1,-54
1756013098.9269447,8,-4,-56
1756013098.963945,0,-3,-50
1756013099.0019443,5,-2,-51
1756013099.0409446,-3,0,-63
1756013099.0789447,-1,-7,-58
1756013099.1149447,-2,-3,-58
1756013099.1529446,4,-3,-58
1756013099.190945,1,-9,-53
1756013099.2299447,6,-14,-47
1756013099.2659447,2,-6,-50
1756013099.302945,4,2,-45
1756013099.3409443,9,3,-50
1756013099.3789446,3,4,-54
1756013099.4149446,0,5,-37
1756013099.4519446,0,-1,-45
1756013099.4909446,4,-1,-44
1756013099.5269446,1,-2,-46
1756013099.5639446,-3,1,-47
1756013099.6019447,4,-8,-57
1756013099.6409447,-4,-7,-67
1756013099.6769447,-7,-9,-56
1756013099.7149446,-11,3,-66
1756013099.7529447,-1,0,-69
1756013099.7909446,4,3,-62
1756013099.8269446,2,0,-60
1756013099.8639443,0,-1,-59
1756013099.9029446,0,0,-51
1756013099.940945,-2,4,-47
1756013099.9769447,0,2,-44
1756013100.0139446,4,-5,-52
1756013100.052945,0,0,-47
1756013100.0909443,1,3,-57
1756013100.1269443,8,-2,-55
1756013100.1639447,11,-7,-51
1756013100.2029445,3,1,-54
1756013100.2409446,7,-6,-44
1756013100.2769446,-2,-4,-40
1756013100.3149445,0,-1,-46
1756013100.3529446,1,-2,-55
1756013100.3919446,-1,-7,-50
1756013100.4299445,2,-3,-46
1756013100.4659443,3,-5,-60
1756013100.5039446,3,-1,-63
1756013100.542945,3,1,-65
1756013100.5809443,2,1,-68
1756013100.6169446,1,2,-67
1756013100.654945,-1,1,-67
1756013100.6929443,-1,3,-59
1756013100.7319446,2,-1,-55
1756013100.769945,6,-2,-62
1756013100.8059447,-1,-2,-60
1756013100.8439443,0,0,-59
1756013100.881945,5,-7,-59
1756013100.9199443,0,-8,-50
1756013100.9559443,0,1,-53
1756013100.9929447,-1,-1,-52
1756013101.0319445,5,-5,-45
1756013101.0699446,11,-3,-50
1756013101.1059446,3,-5,-61
1756013101.1429446,1,-4,-58
1756013101.1819446,2,-2,-46
1756013101.2179446,-2,0,-50
1756013101.2549446,0,2,-43
1756013101.2919445,0,-1,-58
1756013101.3309443,3,0,-56
1756013101.3669446,0,-6,-52
1756013101.4039447,-5,-1,-46
1756013101.4419446,1,-2,-38
1756013101.4809446,3,0,-46
1756013101.5169446,-2,-1,-48
1756013101.5549445,-1,3,-55
1756013101.5929446,2,0,-58
1756013101.631945,-2,0,-60
1756013101.667945,-1,0,-60
1756013101.7069447,-1,-2,-53
1756013101.7449446,0,0,-49
1756013101.7819445,4,-6,-58
1756013101.8209443,8,0,-54
1756013101.8569446,2,1,-52
1756013101.8939445,-6,-6,-48
1756013101.9329443,-1,-5,-43
1756013101.9709446,0,-7,-44
1756013102.006945,-3,-4,-51
1756013102.0449443,3,-4,-46
1756013102.0829446,-4,-6,-44
1756013102.121945,-4,0,-51
1756013102.157945,1,-6,-55
1756013102.1949446,5,-7,-58
1756013102.2329447,-5,-6,-51
1756013102.2719443,2,-1,-57
1756013102.3079443,2,0,-53
1756013102.3449447,1,2,-61
1756013102.3829446,2,-2,-56
1756013102.4209447,-5,0,-52
1756013102.4569447,0,5,-56
1756013102.4949446,6,2,-57
1756013102.532945,0,-2,-46
1756013102.5709443,-3,-3,-45
1756013102.6069446,-2,-2,-51
1756013102.644945,0,-2,-54
1756013102.6829443,-7,-2,-61
1756013102.7219446,-4,-5,-54
1756013102.7579446,-1,-7,-53
1756013102.7959447,1,-1,-47
1756013102.8339446,-5,-5,-49
1756013102.8729446,-8,-2,-43
1756013102.9089446,0,-3,-52
1756013102.9459443,3,-5,-45
1756013102.983945,8,4,-53
1756013103.0219443,0,0,-57
1756013103.0579443,1,2,-42
1756013103.0949447,0,-7,-54
1756013103.1329446,0,-3,-50
1756013103.1719446,-6,-2,-44
1756013103.2079446,0,3,-47
1756013103.2449446,0,0,-31
1756013103.282945,-3,1,-50
1756013103.3189447,-2,0,-42
1756013103.3559446,-7,4,-48
1756013103.3939445,-1,0,-43
1756013103.4329443,-1,1,-51
1756013103.4689443,-4,-1,-44
1756013103.506945,2,6,-45
1756013103.5459447,1,5,-52
1756013103.5839446,4,-4,-59
1756013103.621945,3,5,-58
1756013103.657945,0,0,-63
1756013103.6949446,1,4,-52
1756013103.7329447,0,0,-55
1756013103.7689445,-1,0,-46
1756013103.8069446,0,0,-44
1756013103.8459446,-6,1,-41
1756013103.8839445,-2,0,-35
1756013103.9219446,4,-1,-43
1756013103.9579446,-1,3,-42
1756013103.9959445,-5,12,-45
1756013104.0339446,-1,2,-48
1756013104.0719447,-5,-3,-39
1756013104.1079447,-1,-6,-50
1756013104.1459446,4,-4,-52
1756013104.1839447,6,-6,-47
1756013104.2229445,7,0,-47
1756013104.2589445,9,0,-55
1756013104.2959447,6,-4,-54
1756013104.3339446,1,1,-39
1756013104.371945,2,1,-38
1756013104.407945,-3,-3,-42
1756013104.4459443,-9,-1,-44
1756013104.483945,-1,-3,-48
1756013104.5229447,-1,-5,-53
1756013104.5589447,2,-8,-59
1756013104.5959446,0,-3,-60
1756013104.6399446,2,0,-53
1756013104.677945,0,-2,-57
1756013104.7159443,-3,5,-58
1756013104.7549446,-8,-4,-48
1756013104.792945,-2,5,-52
1756013104.8289447,4,3,-54
1756013104.8659446,-9,0,-44
1756013104.9039447,1,3,-58
1756013104.9429443,-6,6,-44
1756013104.9789443,3,0,-34
1756013105.0159447,3,-4,-55
1756013105.0549445,7,-4,-53
1756013105.0929446,0,2,-63
1756013105.1289446,0,-1,-57
1756013105.1669445,3,-5,-54
1756013105.2049446,-1,2,-47
1756013105.2439446,8,-3,-43
1756013105.279945,5,0,-55
1756013105.3169446,6,-1,-56
1756013105.3549447,-2,1,-54
1756013105.3939445,1,-2,-48
1756013105.4299445,3,-3,-47
1756013105.4669447,7,-7,-49
1756013105.5049446,0,-3,-54
1756013105.5439446,-5,-3,-53
1756013105.5799446,-5,0,-50
1756013105.6169446,-8,0,-41
1756013105.654945,-5,-3,-50
1756013105.6939447,-3,-7,-41
1756013105.7299447,-4,-1,-48
1756013105.7679446,1,0,-59
1756013105.8049445,-2,6,-48
1756013105.8439443,-5,-6,-49
1756013105.8799446,-2,0,-54
1756013105.9169445,-1,2,-46
1756013105.9549446,-4,2,-45
1756013105.9939446,0,8,-58
1756013106.029945,-1,5,-54
1756013106.0669446,0,1,-56
1756013106.1049447,10,-2,-53
1756013106.1429446,6,0,-50
1756013106.1789446,1,-1,-40
1756013106.2169447,6,2,-57
1756013106.2559447,4,5,-52
1756013106.2939446,0,0,-54
1756013106.3299446,-9,-3,-50
1756013106.3679447,2,2,-45
1756013106.4059446,2,0,-59
1756013106.4439447,0,-6,-52
1756013106.4799447,-4,-7,-57
1756013106.5179446,0,-2,-60
1756013106.5559447,5,0,-52
1756013106.5939443,2,2,-53
1756013106.6299446,0,-3,-52
1756013106.667945,-3,0,-51
1756013106.7059443,0,-2,-58
1756013106.7449446,0,-3,-58
1756013106.7809446,4,0,-60
1756013106.8179443,-2,0,-44
1756013106.8559446,3,1,-43
1756013106.8939445,-5,1,-51
1756013106.9299445,-1,0,-46
1756013106.9679446,-9,2,-54
1756013107.0059447,-4,-2,-50
1756013107.0449443,-3,0,-50
1756013107.0809443,3,-3,-51
1756013107.1179447,3,-3,-41
1756013107.1559446,0,-7,-39
1756013107.1949446,5,1,-46
1756013107.2309446,2,-4,-57
1756013107.2679446,3,0,-45
1756013107.3059447,0,-5,-50
1756013107.3449447,-2,-3,-47
1756013107.3809447,-1,0,-37
1756013107.417945,4,1,-50
1756013107.4559443,-1,1,-61
1756013107.4939446,0,-5,-53
1756013107.529945,-1,-1,-48
1756013107.5679443,7,-1,-62
1756013107.6069446,9,-4,-60
1756013107.644945,6,-5,-57
1756013107.6809447,0,-2,-49
1756013107.7189443,5,-1,-38
1756013107.756945,3,0,-42
1756013107.7959447,0,2,-52
1756013107.8339446,3,-1,-46
1756013107.8699446,-7,0,-55
1756013107.9069445,3,-6,-66
1756013107.9459443,-3,2,-64
1756013107.9819446,5,-2,-53
1756013108.0189445,1,-2,-54
1756013108.0569446,2,7,-59
1756013108.0949447,4,1,-45
1756013108.1309447,-4,1,-49
1756013108.1689446,-8,-2,-55
1756013108.2069447,-3,0,-51
1756013108.2459445,-4,-3,-37
1756013108.2819445,2,-1,-50
1756013108.3189447,-6,-1,-58
1756013108.3579447,-3,-2,-47
1756013108.3959446,7,0,-60
1756013108.4319446,5,3,-61
1756013108.4689443,3,2,-61
1756013108.5059447,1,2,-58
1756013108.5419445,1,-1,-54
1756013108.5789447,4,0,-50
1756013108.6169446,-3,-5,-58
1756013108.6559446,-7,-8,-39
1756013108.6919446,-10,0,-50
1756013108.7289443,0,0,-42
1756013108.7669446,-3,5,-58
1756013108.8049445,1,1,-53
1756013108.8409443,4,5,-53
1756013108.8779447,0,4,-64
1756013108.9169445,7,-1,-64
1756013108.9549446,2,-1,-51
1756013108.9909446,0,0,-60
1756013109.0279446,7,-3,-62
1756013109.0669446,1,4,-51
1756013109.1049447,-2,6,-45
1756013109.1409447,0,4,-46
1756013109.177945,11,1,-48
1756013109.2159443,-3,-5,-50
1756013109.2519443,-5,-7,-48
1756013109.2909446,-2,-5,-52
1756013109.3279445,-5,3,-54
1756013109.3669446,-6,8,-55
1756013109.404945,-9,0,-41
1756013109.440945,-2,1,-49
1756013109.4779446,1,0,-53
1756013109.5159447,-2,-5,-55
1756013109.5519447,-2,-6,-70
1756013109.5899446,2,0,-55
1756013109.6279447,0,-3,-55
1756013109.6669445,1,0,-46
1756013109.7029445,6,0,-55
1756013109.7399447,0,2,-52
1756013109.7769446,1,-6,-50
1756013109.815945,1,1,-40
1756013109.8519447,0,0,-45
1756013109.8889446,1,0,-46
1756013109.9269447,5,-1,-50
1756013109.9659443,8,-4,-49
1756013110.0019443,12,-5,-47
1756013110.0389447,1,0,-59
1756013110.0769446,1,-3,-50
1756013110.1159446,0,7,-45
1756013110.1519446,2,5,-47
1756013110.1889446,-3,-2,-57
1756013110.2279446,-4,-3,-54
1756013110.2659447,-3,0,-51
1756013110.302945,-2,-2,-53
1756013110.3419447,-8,-7,-44
1756013110.3789446,-5,-6,-58
1756013110.417945,-5,-4,-44
1756013110.4559443,-6,1,-49
1756013110.4919446,-5,-2,-65
1756013110.529945,2,0,-61
1756013110.5679443,-1,0,-61
1756013110.6059446,-3,4,-49
1756013110.6419446,0,1,-57
1756013110.6789446,-2,-4,-53
1756013110.7179446,5,0,-50
1756013110.7559447,4,-1,-57
1756013110.7919445,8,1,-50
1756013110.8289447,1,2,-42
1756013110.8669446,0,0,-44
1756013110.9029446,0,2,-47
1756013110.9399445,2,-5,-40
1756013110.9789443,-5,-4,-42
1756013111.0169446,0,-1,-47
1756013111.052945,3,-1,-44
1756013111.0899446,0,3,-46
1756013111.1289446,5,7,-49
1756013111.1669445,3,-4,-50
1756013111.2029445,0,-12,-46
1756013111.2399447,-1,1,-49
1756013111.2779446,-1,-5,-52
1756013111.3169446,-4,0,-48
1756013111.3529446,-7,2,-58
1756013111.3899446,-8,0,-57
1756013111.427945,-7,6,-60
1756013111.4669447,-3,2,-50
1756013111.5029447,-9,-1,-53
1756013111.5409446,3,0,-45
1756013111.5789447,10,-3,-57
1756013111.6179447,-1,-2,-51
1756013111.6539447,0,7,-57
1756013111.690945,0,0,-59
1756013111.7279446,4,-12,-65
1756013111.7669446,0,-5,-55
1756013111.802945,-1,-2,-50
1756013111.8409443,3,0,-55
1756013111.8779447,0,-4,-64
1756013111.9169445,-7,-2,-70
1756013111.9529445,-7,2,-68
1756013111.9899447,-2,4,-55
1756013112.0289447,0,-2,-60
1756013112.0669446,0,-2,-57
1756013112.1029446,-7,-1,-49
1756013112.1419446,4,-2,-39
1756013112.1799445,-5,2,-41
1756013112.2179446,-7,0,-39
1756013112.2539446,-2,4,-50
1756013112.2919445,-1,-2,-51
1756013112.3299446,-4,-4,-56
1756013112.3689446,0,0,-56
1756013112.4069445,0,0,-49
1756013112.4429443,0,-4,-46
1756013112.4799447,0,-1,-58
1756013112.5189445,2,-5,-49
1756013112.5579443,-7,0,-58
1756013112.5939443,-2,-3,-62
1756013112.631945,-3,-7,-46
1756013112.6699443,0,0,-49
1756013112.7079446,14,-3,-60
1756013112.7439446,2,-6,-62
1756013112.7809446,-2,-3,-55
1756013112.8189447,4,-3,-56
1756013112.8579447,-3,-2,-58
1756013112.8939445,0,0,-50
1756013112.9309447,-1,0,-51
1756013112.9689443,0,0,-41
1756013113.0079446,-3,-2,-50
1756013113.0439446,-1,-4,-49
1756013113.0819447,6,1,-50
1756013113.1199446,-1,-2,-44
1756013113.1589446,-1,1,-53
1756013113.1949446,1,-3,-56
1756013113.2319446,-1,0,-56
1756013113.269945,3,0,-54
1756013113.3079443,4,-2,-45
1756013113.3439443,2,-2,-52
1756013113.3809447,5,-2,-52
1756013113.4189446,3,1,-54
1756013113.4549446,7,-3,-58
1756013113.4919446,17,-6,-45
1756013113.5309446,1,-1,-50
1756013113.5689447,-4,-6,-42
1756013113.6049447,-1,-2,-45
1756013113.6429446,-5,-8,-44
1756013113.6809447,0,-3,-46
1756013113.7199447,-4,-7,-64
1756013113.7579446,-2,3,-54
1756013113.7939446,-4,0,-47
1756013113.8309443,-6,-2,-48
1756013113.8699446,0,3,-46
1756013113.907945,-1,4,-47
1756013113.9439447,-6,-1,-49
1756013113.9819446,-7,-1,-46
1756013114.019945,-2,-1,-45
1756013114.0589447,-1,-4,-58
1756013114.0949447,-2,-1,-50
1756013114.1329446,-2,-2,-51
1756013114.1709447,1,-4,-58
1756013114.2099447,1,-1,-51
1756013114.2479446,5,0,-58
1756013114.2839446,2,2,-48
1756013114.3209443,-5,3,-50
1756013114.3599446,-1,6,-46
1756013114.3979447,-5,-3,-51
1756013114.4339447,2,-1,-65
1756013114.4709446,-4,1,-54
1756013114.509945,-2,0,-56
1756013114.5459447,-1,0,-70
1756013114.5829446,-9,-7,-54
1756013114.6209445,2,-3,-60
1756013114.6649446,-8,0,-50
1756013114.7029445,-1,-1,-52
1756013114.7419446,0,0,-42
1756013114.779945,-1,2,-40
1756013114.815945,-3,1,-45
1756013114.8529446,-7,0,-53
1756013114.8909447,6,0,-55
1756013114.9289446,8,2,-61
1756013114.9649446,-2,0,-63
1756013115.0029447,-3,-9,-52
1756013115.0399446,-2,-4,-49
1756013115.0789447,-6,0,-58
1756013115.1159446,-5,-3,-55
1756013115.1539447,1,-4,-51
1756013115.1919446,-5,-2,-52
1756013115.2309446,-2,-4,-48
1756013115.2689445,-6,2,-44
1756013115.3049445,-5,0,-46
1756013115.3419447,0,0,-50
1756013115.3799446,4,-3,-45
1756013115.4159446,3,-3,-42
1756013115.4529445,4,-9,-45
1756013115.4909446,-2,-3,-47
1756013115.529945,-1,-4,-52
1756013115.565945,-5,0,-54
1756013115.6029446,-2,0,-46
1756013115.6409447,-4,7,-54
1756013115.6799445,-10,1,-48
1756013115.7159443,-2,0,-52
1756013115.7539446,0,7,-53
1756013115.7909446,-5,7,-43
1756013115.8299446,-9,5,-40
1756013115.8659446,-4,0,-38
1756013115.9039447,-3,-7,-40
1756013115.940945,-3,0,-50
1756013115.9799447,3,-2,-57
1756013116.0159447,0,-2,-50
1756013116.052945,0,1,-47
1756013116.0909443,3,3,-43
1756013116.1289446,3,4,-50
1756013116.1649446,1,4,-51
1756013116.2019446,6,-5,-44
1756013116.2409446,1,-6,-58
1756013116.2769446,4,-3,-69
1756013116.3149445,-2,0,-66
1756013116.3539443,-15,3,-57
1756013116.3909447,-7,4,-62
1756013116.4299445,-3,-8,-55
1756013116.4659443,-1,-2,-45
1756013116.5039446,-2,-3,-55
1756013116.5419445,-5,2,-55
1756013116.5809443,-5,5,-54
1756013116.6169446,1,-3,-62
1756013116.6539447,2,3,-64
1756013116.690945,-2,-2,-50
1756013116.7299447,-1,-4,-51
1756013116.7659447,-1,-6,-51
1756013116.8039446,-3,-5,-61
1756013116.8419447,-1,-5,-56
1756013116.8809447,0,0,-70
1756013116.9169445,6,9,-54
1756013116.9539447,1,9,-57
1756013116.9919446,0,3,-49
1756013117.029945,-6,0,-44
1756013117.065945,1,-1,-45
1756013117.1029446,-1,-4,-58
1756013117.1419446,-2,-10,-48
1756013117.1799445,-3,-3,-46
1756013117.2159443,0,-1,-48
1756013117.2529447,-2,3,-58
1756013117.2919445,-3,1,-46
1756013117.3299446,-1,1,-60
1756013117.3659446,-2,-2,-61
1756013117.404945,6,-7,-54
1756013117.4419446,-1,-1,-52
1756013117.4809446,0,-1,-59
1756013117.5169446,-4,-2,-55
1756013117.5549445,0,-8,-47
1756013117.5929446,3,-6,-56
1756013117.631945,0,-4,-42
1756013117.6699443,-4,-1,-39
1756013117.7059443,0,0,-44
1756013117.7429447,-3,-3,-34
1756013117.7819445,-3,-5,-43
1756013117.8199446,-3,-6,-45
1756013117.8559446,-3,-3,-43
1756013117.8939445,0,-1,-49
1756013117.9319446,-4,0,-55
1756013117.9709446,-1,0,-47
1756013118.006945,-3,1,-52
1756013118.0439446,-6,3,-57
1756013118.0819447,-5,-5,-44
1756013118.1209445,-6,5,-46
1756013118.1569445,-4,1,-49
1756013118.1949446,0,-7,-55
1756013118.2329447,7,-6,-52
1756013118.2719443,3,-7,-57
1756013118.3079443,11,-1,-49
1756013118.3449447,8,-1,-58
1756013118.3829446,1,1,-54
1756013118.4219446,0,5,-54
1756013118.4579446,1,10,-59
1756013118.4949446,4,6,-50
1756013118.532945,-2,-2,-40
1756013118.5719447,-7,0,-37
1756013118.6079447,0,0,-43
1756013118.644945,4,1,-45
1756013118.6829443,-3,-2,-58
1756013118.7219446,-2,0,-51
1756013118.7579446,2,2,-51
1756013118.7949443,0,11,-50
1756013118.8329446,1,10,-44
1756013118.8709445,1,10,-48
1756013118.907945,4,12,-50
1756013118.9449446,2,4,-42
1756013118.9829447,3,8,-46
1756013119.0209446,-6,4,-47
1756013119.0569446,-7,3,-51
1756013119.0949447,-6,2,-44
1756013119.1329446,-6,-1,-40
1756013119.1719446,-3,2,-40
1756013119.2079446,-1,-3,-37
1756013119.246945,-1,3,-54
1756013119.2839446,8,0,-52
1756013119.3219447,-4,-1,-55
1756013119.358945,-1,5,-48
1756013119.3959446,-2,-1,-49
1756013119.4339447,2,3,-46
1756013119.4729445,1,-1,-61
1756013119.5089445,0,-4,-63
1756013119.5459447,1,1,-63
1756013119.5839446,3,-5,-55
1756013119.6229446,5,-5,-55
1756013119.6589446,0,-10,-52
1756013119.6959443,0,-1,-58
1756013119.733945,4,5,-59
1756013119.7719443,-3,2,-56
1756013119.8079443,-4,-4,-58
1756013119.8459446,2,-3,-61
1756013119.8839445,0,3,-51
1756013119.9219446,-1,4,-56
1756013119.9589446,0,3,-55
1756013119.9959445,0,0,-56
1756013120.0339446,-1,0,-49
1756013120.0729446,-2,-7,-41
1756013120.108945,-5,-8,-52
1756013120.1469443,-5,-4,-63
1756013120.1859446,-10,0,-61
1756013120.2229445,-2,-2,-54
1756013120.2619443,2,0,-63
1756013120.2979443,-2,-2,-46
1756013120.335945,1,-5,-43
1756013120.3739443,0,-5,-50
1756013120.4129446,-5,0,-40
1756013120.4489446,-1,-1,-51
1756013120.486945,-2,2,-54
1756013120.5249443,-1,-3,-52
1756013120.5639446,2,0,-42
1756013120.6019447,6,4,-51
1756013120.6379447,0,3,-55
1756013120.6759446,0,-2,-51
1756013120.713945,-2,-6,-52
1756013120.7529447,2,-6,-59
1756013120.7889447,-7,0,-54
1756013120.825945,-2,0,-55
1756013120.8639443,-7,0,-57
1756013120.9029446,-10,3,-52
1756013120.9389446,-4,-2,-53
1756013120.9769447,-6,7,-55
1756013121.0149446,-4,2,-47
1756013121.0539446,-6,1,-45
1756013121.0919447,-3,-2,-62
1756013121.1279447,-3,2,-58
1756013121.1649446,-4,1,-39
1756013121.2039447,3,0,-57
1756013121.2399447,0,4,-51
1756013121.2779446,-8,2,-42
1756013121.315945,-2,0,-53
1756013121.3539443,4,-2,-51
1756013121.3929446,3,2,-58
1756013121.4289446,-5,1,-51
1756013121.4669447,0,0,-50
1756013121.5039446,-1,-4,-44
1756013121.542945,-4,1,-51
1756013121.5789447,6,-6,-48
1756013121.6169446,3,-1,-51
1756013121.654945,3,-5,-58
1756013121.6939447,-2,-4,-59
1756013121.7299447,0,-6,-63
1756013121.7669446,0,1,-69
1756013121.8049445,7,0,-57
1756013121.8429446,1,4,-58
1756013121.8789446,4,-9,-50
1756013121.9159446,-11,-3,-56
1756013121.9549446,-2,-11,-44
1756013121.9929447,-3,-9,-55
1756013122.0289447,-3,0,-64
1756013122.0669446,-3,3,-59
1756013122.1049447,4,-1,-58
1756013122.1429446,-6,0,-50
1756013122.1789446,-9,0,-58
1756013122.2159443,-7,0,-57
1756013122.2549446,-8,7,-54
1756013122.292945,-4,0,-51
1756013122.3289447,-2,3,-48
1756013122.3659446,-8,0,-40
1756013122.404945,2,4,-58
1756013122.4429443,2,0,-56
1756013122.4789443,0,0,-54
1756013122.5159447,0,2,-49
1756013122.5539446,6,2,-43
1756013122.5909443,7,-1,-42
1756013122.6289446,4,4,-57
1756013122.6659446,6,-1,-56
1756013122.7049446,2,0,-57
1756013122.7429447,-3,-1,-52
1756013122.7789447,-4,3,-62
1756013122.815945,-2,7,-57
1756013122.8549447,-1,0,-57
1756013122.8909447,-5,3,-51
1756013122.9289446,-1,2,-56
1756013122.9659443,0,4,-55
1756013123.0039446,-8,1,-53
1756013123.0409446,-3,-1,-41
1756013123.0779445,4,0,-55
1756013123.1149447,-1,0,-49
1756013123.1539447,4,-2,-53
1756013123.1899445,8,8,-47
1756013123.2279446,1,2,-42
1756013123.2649446,-2,3,-38
1756013123.3039446,0,9,-41
1756013123.3399446,-3,6,-35
1756013123.3779447,4,1,-47
1756013123.4149446,3,3,-49
1756013123.450945,4,6,-41
1756013123.4889443,8,4,-55
1756013123.5259447,-3,4,-56
1756013123.5649445,-5,0,-62
1756013123.6009445,1,2,-54
1756013123.6389446,-8,-3,-52
1756013123.6769447,0,1,-59
1756013123.7149446,4,6,-44
1756013123.7509446,3,-1,-47
1756013123.7889447,2,0,-46
1756013123.825945,1,3,-34
1756013123.8649447,4,-3,-52
1756013123.9009447,1,-5,-52
1756013123.9389446,-4,3,-50
1756013123.9769447,-5,-3,-51
1756013124.0159447,-2,0,-56
1756013124.0539446,0,-4,-44
1756013124.0899446,-1,-1,-50
1756013124.1279447,-3,-2,-49
1756013124.1659446,-8,-5,-60
1756013124.2049446,6,0,-53
1756013124.2409446,1,0,-58
1756013124.2789447,2,1,-59
1756013124.315945,1,0,-39
1756013124.3539443,-4,0,-50
1756013124.3899446,-6,7,-44
1756013124.4269447,2,0,-59
1756013124.4649446,-2,6,-51
1756013124.5009446,-2,0,-64
1756013124.5379446,0,-1,-71
1756013124.575945,0,5,-53
1756013124.611945,9,1,-51
1756013124.6489446,0,-2,-46
1756013124.6949446,4,-5,-53
1756013124.7309446,2,-2,-52
1756013124.7679446,-2,-3,-59
1756013124.8069446,-14,-6,-61
1756013124.8449447,-2,6,-55
1756013124.8809447,-2,3,-52
1756013124.917945,1,2,-49
1756013124.9569447,1,2,-53
1756013124.9949446,1,5,-43
1756013125.0309446,-3,3,-43
1756013125.0689447,-4,-3,-51
1756013125.1069446,0,2,-50
1756013125.144945,0,2,-52
1756013125.1809447,-1,-4,-64
1756013125.2189443,5,3,-53
1756013125.256945,3,3,-61
1756013125.2959447,9,5,-59
1756013125.3319447,-1,10,-50
1756013125.3689446,5,7,-65
1756013125.4069445,1,5,-43
1756013125.4449446,0,0,-54
1756013125.4809446,6,-3,-56
1756013125.5179446,1,-1,-52
1756013125.5569446,4,-2,-46
1756013125.5949447,10,2,-38
1756013125.6309447,7,1,-45
1756013125.667945,-5,-3,-45
1756013125.7069447,0,-1,-54
1756013125.7449446,-2,-4,-43
1756013125.7809446,-5,-2,-47
1756013125.8189447,-8,-5,-49
1756013125.8579447,0,-1,-39
1756013125.8959446,-3,-5,-46
1756013125.9319446,-3,-4,-56
1756013125.9709446,-9,2,-63
1756013126.0079446,1,0,-55
1756013126.0459447,2,-1,-50
1756013126.0819447,-4,0,-56
1756013126.1189446,0,4,-39
1756013126.157945,0,1,-51
1756013126.1959443,10,1,-52
1756013126.2319446,1,-1,-54
1756013126.269945,-3,0,-59
1756013126.3069446,0,-2,-45
1756013126.3459446,-1,-3,-49
1756013126.381945,-3,-1,-44
1756013126.4199443,0,-2,-52
1756013126.4579446,-1,5,-50
1756013126.496945,-6,-1,-55
1756013126.532945,-4,-6,-41
1756013126.5719447,3,3,-51
1756013126.608945,-1,-2,-44
1756013126.6469443,0,0,-36
1756013126.6829443,0,0,-43
1756013126.7199447,0,-6,-51
1756013126.7579446,0,0,-40
1756013126.7969446,4,-4,-58
1756013126.8329446,6,0,-51
1756013126.8699446,1,-4,-39
1756013126.907945,0,-8,-46
1756013126.9469447,0,-7,-57
1756013126.9829447,0,1,-51
1756013127.019945,-1,-1,-53
1756013127.0579443,0,1,-58
1756013127.0969446,2,0,-47
1756013127.1329446,-5,-1,-43
1756013127.1709447,-5,-2,-60
1756013127.2089446,0,0,-44
1756013127.246945,-2,-6,-59
1756013127.282945,-2,0,-43
1756013127.3199446,-2,0,-50
1756013127.3579447,0,0,-50
1756013127.3959446,3,8,-42
1756013127.4319446,0,2,-43
1756013127.4689443,-3,2,-38
1756013127.5079446,3,0,-49
1756013127.5459447,3,-3,-43
1756013127.5819447,1,1,-48
1756013127.6189446,-4,-1,-50
1756013127.657945,-5,-2,-51
1756013127.6959443,0,2,-52
1756013127.7319446,-1,3,-65
1756013127.7689445,0,7,-59
1756013127.8069446,-3,2,-45
1756013127.8429446,-2,1,-40
1756013127.8799446,-5,0,-45
1756013127.917945,0,-3,-38
1756013127.9569447,0,-1,-48
1756013127.9929447,-4,-1,-46
1756013128.0309446,0,-1,-50
1756013128.0689447,-6,5,-52
1756013128.1079447,4,2,-54
1756013128.1439445,0,1,-60
1756013128.1809447,-1,3,-58
1756013128.2189443,0,-3,-48
1756013128.2579446,-7,-6,-58
1756013128.2939446,-3,-4,-64
1756013128.3319447,-2,0,-51
1756013128.3699446,-8,5,-58
1756013128.407945,-7,-1,-51
1756013128.4469447,-4,-4,-53
1756013128.4829447,-2,0,-49
1756013128.519945,0,0,-53
1756013128.5579443,-4,-1,-54
1756013128.5939443,-7,1,-44
1756013128.6309447,-1,4,-54
1756013128.6689446,-4,-3,-49
1756013128.7079446,-1,0,-57
1756013128.7439446,-1,-3,-51
1756013128.7819445,0,-7,-50
1756013128.8199446,2,-3,-48
1756013128.858945,2,1,-41
1756013128.8969443,4,-1,-49
1756013128.9329443,4,-2,-56
1756013128.9709446,-4,6,-52
1756013129.0089445,-2,2,-47
1756013129.0479443,-4,3,-52
1756013129.0839446,-7,6,-56
1756013129.1209445,5,5,-56
1756013129.1589446,3,1,-59
1756013129.1969447,0,-2,-60
1756013129.2329447,-3,-5,-51
1756013129.2709446,0,-1,-44
1756013129.3089447,3,-4,-44
1756013129.3479445,0,-8,-46
1756013129.3839445,-2,0,-53
1756013129.4229443,2,0,-56
1756013129.4599447,-3,0,-59
1756013129.4989443,1,3,-53
1756013129.5349443,0,4,-55
1756013129.5719447,3,5,-47
1756013129.6099446,3,0,-47
1756013129.6479447,-1,6,-52
1756013129.6839447,0,6,-50
1756013129.7209446,-5,6,-54
1756013129.7589445,0,-5,-38
1756013129.7979443,-3,-9,-47
1756013129.8339446,0,-8,-47
1756013129.871945,0,0,-47
1756013129.9099443,-3,2,-65
1756013129.9489446,0,-3,-67
1756013129.9849446,1,-1,-60
1756013130.0219443,-1,0,-55
1756013130.0599446,-2,0,-52
1756013130.098945,-3,-1,-43
1756013130.134945,-6,1,-52
1756013130.1719446,-9,4,-48
1756013130.2099447,-4,1,-44
1756013130.2489443,5,0,-40
1756013130.2849443,-1,6,-41
1756013130.3219447,-5,4,-38
1756013130.3599446,-3,3,-46
1756013130.3989446,-5,-4,-45
1756013130.4349446,-2,-5,-48
1756013130.4729445,-6,-7,-55
1756013130.5119443,0,-4,-61
1756013130.5499446,1,-4,-44
1756013130.5879445,2,1,-44
1756013130.6239443,1,-3,-41
1756013130.6609447,0,-3,-45
1756013130.6999447,-5,3,-58
1756013130.7379446,-4,-2,-51
1756013130.7739446,1,-10,-63
1756013130.8109446,-6,0,-61
1756013130.8499446,-6,-4,-62
1756013130.8879447,0,-3,-57
1756013130.9239447,1,-6,-50
1756013130.960945,0,-4,-57
1756013130.9999447,-3,-7,-58
1756013131.0379446,0,2,-54
1756013131.0739446,-1,4,-55
1756013131.111945,2,2,-49
1756013131.1499443,3,3,-42
1756013131.1859446,0,1,-51
1756013131.2229445,3,-3,-57
1756013131.2609446,0,0,-56
1756013131.2989447,0,-2,-60
1756013131.3349447,4,2,-56
1756013131.371945,5,2,-54
1756013131.4099443,3,-1,-51
1756013131.4459443,4,-3,-48
1756013131.483945,5,-2,-57
1756013131.5209446,0,-4,-45
1756013131.5599446,4,-1,-53
1756013131.5959446,-6,-4,-47
1756013131.6339445,-6,0,-49
1756013131.6719446,-7,-6,-54
1756013131.7099447,0,-6,-55
1756013131.7489443,0,1,-63
1756013131.7849443,2,-5,-52
1756013131.8219447,0,-2,-61
1756013131.8599446,10,-4,-50
1756013131.8989446,-2,-7,-51
1756013131.9349446,-1,-5,-45
1756013131.9729445,-1,3,-53
1756013132.0109446,0,0,-49
1756013132.0489447,-1,0,-47
1756013132.0849447,1,0,-46
1756013132.121945,0,-5,-43
1756013132.1609447,-1,0,-50
1756013132.1989446,6,-1,-48
1756013132.2349446,1,-3,-40
1756013132.2719443,-5,-1,-41
1756013132.3109446,0,-6,-39
1756013132.348945,-9,-4,-54
1756013132.384945,-1,-9,-52
1756013132.4229443,-6,-6,-47
1756013132.460945,-6,-1,-48
1756013132.4999447,-4,-3,-56
1756013132.5359447,-3,4,-53
1756013132.5739446,-3,-4,-47
1756013132.611945,0,0,-42
1756013132.6499443,5,0,-57
1756013132.6859446,-3,0,-55
1756013132.723945,0,1,-57
1756013132.7619443,4,-4,-41
1756013132.8009446,-1,3,-60
1756013132.838945,-1,0,-54
1756013132.8749447,-6,-12,-45
1756013132.9129446,-6,0,-39
1756013132.950945,-1,-1,-45
1756013132.9899447,-7,-6,-43
1756013133.0269446,-1,0,-39
1756013133.0639446,2,0,-40
1756013133.1009445,-6,-7,-50
1756013133.1399446,-6,-5,-51
1756013133.1759446,3,-9,-47
1756013133.213945,3,0,-55
1756013133.2519443,0,0,-55
1756013133.2899446,-5,-1,-45
1756013133.325945,0,1,-53
1756013133.3639443,-7,-5,-55
1756013133.4019446,-5,-4,-66
1756013133.440945,3,-1,-52
1756013133.4769447,4,1,-59
1756013133.5139446,5,1,-55
1756013133.5519447,1,1,-52
1756013133.5899446,-2,7,-49
1756013133.6259446,-3,-1,-54
1756013133.6639447,-4,-1,-50
1756013133.7019446,-3,-2,-60
1756013133.7409446,-2,-7,-57
1756013133.7769446,-3,-8,-54
1756013133.8149445,-3,-2,-61
1756013133.8529446,0,-7,-46
1756013133.8919446,-3,-5,-40
1756013133.9299445,-9,-4,-38
1756013133.9659443,-9,1,-49
1756013134.0039446,-3,0,-57
1756013134.0419445,-9,0,-54
1756013134.0809443,-2,-3,-44
1756013134.1169446,0,-4,-46
1756013134.1539447,-6,-5,-49
1756013134.1919446,-5,0,-50
1756013134.2309446,0,-3,-48
1756013134.2669446,-6,1,-56
1756013134.3049445,1,-5,-63
1756013134.3439443,1,0,-60
1756013134.381945,4,3,-56
1756013134.4199443,-5,0,-60
1756013134.4559443,-1,2,-46
1756013134.4929447,-4,-2,-49
1756013134.5319445,-3,-6,-56
1756013134.5679443,6,-3,-41
1756013134.6059446,-2,7,-55
1756013134.6439445,-1,3,-44
1756013134.6819446,2,9,-48
1756013134.7269447,-6,-1,-54
1756013134.7649446,-5,0,-53
1756013134.8019447,-3,5,-47
1756013134.8409443,8,2,-49
1756013134.8779447,-1,-5,-51
1756013134.9149446,-4,-1,-40
1756013134.9529445,-5,5,-51
1756013134.9919446,-2,7,-37
1756013135.0279446,-3,1,-58
1756013135.0649445,-6,-1,-56
1756013135.1029446,-1,-3,-45
1756013135.1419446,-1,-1,-46
1756013135.177945,-1,0,-42
1756013135.2159443,-5,2,-46
1756013135.2539446,0,4,-56
1756013135.292945,0,0,-59
1756013135.3309443,-1,1,-51
1756013135.3669446,-5,-5,-57
1756013135.404945,0,0,-59
1756013135.4429443,3,3,-57
1756013135.4809446,1,2,-57
1756013135.5169446,3,-1,-57
1756013135.5539446,0,4,-58
1756013135.5919447,1,-4,-57
1756013135.6279447,6,-2,-61
1756013135.6649446,6,-2,-65
1756013135.7029445,9,-6,-46
1756013135.7419446,4,-8,-47
1756013135.7779446,8,-5,-36
1756013135.815945,3,-9,-51
1756013135.8539443,0,-3,-51
1756013135.8929446,0,1,-57
1756013135.9309447,-1,-4,-54
1756013135.9669447,6,0,-59
1756013136.0049446,2,2,-56
1756013136.042945,-1,-1,-43
1756013136.0819447,0,-2,-53
1756013136.1179447,6,-5,-45
1756013136.154945,3,-1,-52
1756013136.1929443,-2,-2,-53
1756013136.2319446,-6,0,-51
1756013136.2679446,-6,-2,-46
1756013136.3059447,-5,-3,-44
1756013136.3449447,0,-1,-37
1756013136.3829446,-1,0,-44
1756013136.4189446,-2,-4,-45
1756013136.4569447,1,-5,-49
1756013136.4949446,5,0,-51
1756013136.532945,0,1,-60
1756013136.5689447,4,5,-55
1756013136.6059446,-5,3,-49
1756013136.6439445,-3,1,-51
1756013136.6829443,-4,2,-47
1756013136.7189443,-6,5,-50
1756013136.756945,-1,2,-42
1756013136.7949443,3,-1,-49
1756013136.8329446,2,-11,-43
1756013136.871945,-5,-4,-46
1756013136.907945,4,0,-58
1756013136.9449446,5,5,-55
1756013136.983945,4,6,-46
1756013137.0219443,-3,0,-51
1756013137.0579443,0,5,-46
1756013137.0949447,2,-2,-48
1756013137.1339445,2,-2,-45
1756013137.1719446,0,3,-44
1756013137.2079446,-3,-2,-47
1756013137.2459445,-5,-4,-51
1756013137.2839446,-6,-11,-48
1756013137.3229446,0,-6,-49
1756013137.358945,2,-5,-39
1756013137.3969443,3,0,-47
1756013137.4339447,-5,0,-51
1756013137.4719446,-6,2,-51
1756013137.5079446,1,0,-52
1756013137.5459447,-4,-1,-55
1756013137.5839446,-1,2,-47
1756013137.621945,-1,-6,-63
1756013137.657945,4,-2,-57
1756013137.6959443,3,-2,-64
1756013137.733945,0,-3,-52
1756013137.7719443,0,-1,-40
1756013137.8079443,-1,-3,-45
1756013137.8459446,-6,-3,-50
1756013137.8839445,1,-1,-52
1756013137.9229443,5,-1,-43
1756013137.9589446,1,-3,-47
1756013137.9959445,0,0,-47
1756013138.0339446,-3,-7,-47
1756013138.0699446,-5,0,-40
1756013138.1069446,-4,3,-37
1756013138.144945,-1,0,-43
1756013138.1839447,-2,-2,-53
1756013138.2199447,-7,0,-52
1756013138.2579446,-7,-5,-51
1756013138.2959447,0,0,-47
1756013138.3339446,-2,-4,-53
1756013138.3699446,-2,3,-57
1756013138.407945,-5,1,-50
1756013138.4459443,-4,-5,-53
1756013138.483945,-3,0,-46
1756013138.5229447,8,-1,-57
1756013138.5589447,-7,2,-45
1756013138.5959446,1,1,-40
1756013138.6339445,-4,-1,-45
1756013138.6699443,-4,-8,-46
1756013138.7079446,-2,-2,-52
1756013138.7459445,0,2,-58
1756013138.7839446,0,0,-46
1756013138.8199446,7,-2,-47
1756013138.8579447,5,-3,-50
1756013138.8959446,0,-2,-55
1756013138.9349446,-4,3,-54
1756013138.9729445,-1,5,-54
1756013139.0089445,-1,4,-57
1756013139.0459447,-5,-2,-56
1756013139.0849447,-4,-5,-49
1756013139.1229446,0,-1,-59
1756013139.1589446,-2,-3,-43
1756013139.1969447,1,1,-41
1756013139.2349446,7,3,-47
1756013139.2739446,12,-3,-53
1756013139.3099446,6,-1,-49
1756013139.3469446,0,0,-55
1756013139.384945,4,1,-53
1756013139.4229443,0,-5,-57
1756013139.4589446,0,-6,-57
1756013139.496945,3,5,-62
1756013139.5349443,0,-11,-52
1756013139.5709443,0,-4,-44
1756013139.6079447,2,0,-46
1756013139.644945,-1,6,-49
1756013139.6839447,4,0,-55
1756013139.7199447,1,0,-58
1756013139.756945,3,6,-47
1756013139.7949443,2,1,-45
1756013139.8309443,1,-1,-65
1756013139.8689446,1,0,-53
1756013139.9069445,3,0,-49
1756013139.9449446,1,6,-48
1756013139.9809446,3,0,-40
1756013140.0179446,2,-2,-58
1756013140.0559447,-7,2,-45
1756013140.0949447,-4,1,-58
1756013140.1309447,-2,1,-56
1756013140.167945,-8,-3,-50
1756013140.2059443,7,-1,-52
1756013140.2449446,0,3,-59
1756013140.2809446,1,2,-58
1756013140.3179443,7,3,-54
1756013140.3559446,5,4,-41
1756013140.3939445,-1,-3,-48
1756013140.4299445,0,-1,-38
1756013140.4679446,3,-6,-51
1756013140.5059447,9,-4,-51
1756013140.5449443,13,-13,-43
1756013140.5809443,-2,-8,-51
1756013140.6189446,6,-1,-46
1756013140.6569445,4,5,-48
1756013140.6949446,0,13,-54
1756013140.7309446,-1,4,-54
1756013140.7679446,-4,-3,-50
1756013140.8059447,0,-1,-41
1756013140.8449447,-6,0,-58
1756013140.8809447,1,2,-48
1756013140.917945,-4,2,-56
1756013140.9559443,0,0,-47
1756013140.9939446,-5,2,-59
1756013141.029945,-5,0,-52
1756013141.0679443,-1,-3,-53
1756013141.1059446,0,2,-40
1756013141.144945,0,4,-42
1756013141.1809447,-2,7,-51
1756013141.2179446,-3,4,-47
1756013141.2559447,0,3,-46
1756013141.2919445,-6,-2,-44
1756013141.3309443,-2,2,-40
1756013141.3679447,2,-1,-42
1756013141.4059446,-6,-7,-49
1756013141.4449446,-1,1,-49
1756013141.4809446,3,-2,-55
1756013141.5179446,7,-2,-52
1756013141.5559447,-3,-6,-43
1756013141.5949447,4,-5,-53
1756013141.6309447,-3,-7,-54
1756013141.6689446,-1,0,-51
1756013141.7069447,-2,-4,-55
1756013141.7459445,0,2,-56
1756013141.7819445,0,0,-54
1756013141.8189447,-5,-2,-61
1756013141.8569446,0,5,-58
1756013141.894945,4,-3,-58
1756013141.9309447,0,-1,-53
1756013141.9689443,-2,9,-58
1756013142.006945,-1,5,-57
1756013142.0459447,1,3,-56
1756013142.0819447,0,3,-48
1756013142.1189446,-3,4,-46
1756013142.1569445,4,3,-40
1756013142.1959443,3,2,-44
1756013142.2319446,0,-1,-52
1756013142.2689445,-5,0,-59
1756013142.3069446,7,0,-52
1756013142.3449447,0,-1,-44
1756013142.3809447,-1,-2,-44
1756013142.4189446,0,-8,-47
1756013142.4569447,5,-4,-47
1756013142.4959445,1,-4,-47
1756013142.5319445,4,-3,-47
1756013142.5689447,2,4,-40
1756013142.6069446,1,0,-38
1756013142.644945,0,0,-48
1756013142.6819446,-4,1,-56
1756013142.7189443,-6,1,-52
1756013142.756945,-2,-2,-59
1756013142.7959447,2,3,-51
1756013142.8319447,0,3,-47
1756013142.8689446,-6,-4,-50
1756013142.9069445,1,0,-47
1756013142.9429443,6,-3,-53
1756013142.9799447,12,3,-67
1756013143.0179446,2,2,-47
1756013143.0559447,0,-3,-48
1756013143.0919447,-1,5,-32
1756013143.1289446,7,4,-39
1756013143.1669445,-3,1,-39
1756013143.2029445,-4,-2,-45
1756013143.2409446,-1,4,-49
1756013143.2789447,-2,0,-41
1756013143.3169446,-4,0,-49
1756013143.3559446,-1,-1,-42
1756013143.3919446,-6,6,-45
1756013143.4299445,-8,0,-40
1756013143.4679446,-6,3,-39
1756013143.506945,-10,-8,-44
1756013143.542945,-2,-3,-53
1756013143.5809443,-7,1,-47
1756013143.6199446,-7,2,-59
1756013143.657945,0,1,-66
1756013143.6959443,0,0,-57
1756013143.7319446,1,-4,-56
1756013143.769945,7,10,-49
1756013143.8079443,1,5,-53
1756013143.8459446,4,3,-52
1756013143.881945,0,1,-54
1756013143.9199443,0,1,-48
1756013143.9579446,1,-1,-39
1756013143.9959445,-1,-1,-34
1756013144.0319445,0,2,-41
1756013144.0689447,1,-1,-54
1756013144.1079447,-5,3,-50
1756013144.1459446,-3,-6,-47
1756013144.1829443,-1,-3,-57
1756013144.2199447,0,-12,-46
1756013144.2579446,1,-1,-52
1756013144.2969446,-4,2,-47
1756013144.3329446,-3,-1,-56
1756013144.3709445,1,7,-60
1756013144.407945,-6,3,-50
1756013144.4469447,4,2,-51
1756013144.4829447,0,-4,-46
1756013144.519945,0,-3,-54
1756013144.5579443,-4,0,-57
1756013144.5969446,-3,-4,-56
1756013144.6329446,1,-6,-50
1756013144.6699443,5,-7,-42
1756013144.7079446,4,-3,-45
1756013144.7519443,0,-5,-42
1756013144.7909446,0,0,-41
1756013144.8279445,0,4,-53
1756013144.8639443,-4,1,-47
1756013144.9019446,0,-4,-45
1756013144.9399445,2,-4,-49
1756013144.9779446,-3,2,-53
1756013145.0169446,-1,0,-42
1756013145.052945,-3,-3,-52
1756013145.0909443,0,0,-43
1756013145.1279447,2,-3,-56
1756013145.1669445,-7,0,-50
1756013145.2029445,-3,-3,-54
1756013145.2419446,0,0,-44
1756013145.2789447,-3,-2,-62
1756013145.3179443,-3,4,-58
1756013145.3539443,5,4,-54
1756013145.3919446,3,1,-57
1756013145.4289446,0,7,-58
1756013145.4669447,-1,-5,-53
1756013145.5029447,2,-4,-56
1756013145.5399446,-6,0,-58
1756013145.5789447,-4,-1,-50
1756013145.6169446,6,-3,-48
1756013145.6529446,3,2,-52
1756013145.6899445,4,2,-59
1756013145.7279446,-2,0,-53
1756013145.7639446,0,0,-47
1756013145.8009446,7,-1,-49
1756013145.838945,0,-5,-55
1756013145.8779447,-3,6,-55
1756013145.9139447,-5,0,-54
1756013145.950945,-9,-2,-55
1756013145.9889443,-1,-1,-55
1756013146.0279446,-2,-1,-52
1756013146.0639446,1,-1,-55
1756013146.1009445,4,0,-56
1756013146.1389446,5,0,-68
1756013146.1749446,1,-6,-59
1756013146.2119446,-3,-1,-49
1756013146.2499447,2,-5,-50
1756013146.2889447,8,-9,-62
1756013146.3249447,3,-7,-56
1756013146.3629446,0,-2,-51
1756013146.4009447,1,-3,-51
1756013146.4389446,0,0,-61
1756013146.4779446,1,-4,-66
1756013146.5139446,-2,-4,-56
1756013146.5519447,-2,-2,-56
1756013146.5899446,-5,-4,-53
1756013146.6289446,-1,2,-50
1756013146.6649446,1,9,-55
1756013146.7029445,1,2,-49
1756013146.7409446,-3,-2,-58
1756013146.7789447,8,-3,-59
1756013146.8179443,-1,0,-45
1756013146.8539443,2,3,-46
1756013146.8909447,-2,0,-54
1756013146.9299445,0,1,-51
1756013146.9679446,0,-1,-55
1756013147.0039446,-8,-2,-60
1756013147.042945,4,-1,-49
1756013147.0799446,-2,-5,-52
1756013147.1189446,-9,-9,-48
1756013147.154945,-4,-3,-48
1756013147.1929443,0,-3,-55
1756013147.2309446,-1,0,-45
1756013147.269945,0,0,-55
1756013147.3079443,-3,7,-43
1756013147.3439443,-7,0,-58
1756013147.381945,-2,-4,-46
1756013147.4199443,-1,-2,-54
1756013147.4589446,1,-4,-47
1756013147.4949446,-3,-5,-52
1756013147.532945,-2,-6,-58
1756013147.5709443,1,2,-55
1756013147.6099446,4,-2,-75
1756013147.6479447,3,-8,-58
1756013147.6849446,3,-4,-50
1756013147.7219446,2,0,-55
1756013147.759945,-2,-1,-54
1756013147.7979443,-1,-4,-39
1756013147.8339446,-1,-1,-53
1756013147.871945,-4,-6,-49
1756013147.9099443,1,-1,-51
1756013147.9489446,-4,0,-49
1756013147.9849446,-3,2,-51
1756013148.0219443,-8,-1,-52
1756013148.0599446,-2,1,-54
1756013148.098945,0,-1,-49
1756013148.134945,-1,1,-53
1756013148.1719446,0,-1,-53
1756013148.2099447,2,1,-51
1756013148.2489443,3,0,-53
1756013148.2849443,4,-3,-61
1756013148.3219447,0,4,-53
1756013148.3599446,-1,-1,-58
1756013148.3959446,1,-8,-62
1756013148.4339447,4,-3,-47
1756013148.4719446,-1,-6,-49
1756013148.509945,-1,-7,-47
1756013148.5489447,0,4,-50
1756013148.5849447,0,5,-50
1756013148.621945,-3,0,-44
1756013148.6609447,4,-1,-56
1756013148.6989446,2,0,-56
1756013148.7349446,3,3,-63
1756013148.7729447,7,3,-54
1756013148.8109446,0,-1,-66
1756013148.848945,2,-7,-57
1756013148.884945,4,-9,-61
1756013148.9229443,2,-4,-59
1756013148.960945,-7,-1,-55
1756013148.9999447,2,-6,-51
1756013149.0359447,8,-3,-52
1756013149.0729446,7,-2,-49
1756013149.1109445,11,-4,-53
1756013149.1499443,2,1,-50
1756013149.1859446,0,-1,-56
1756013149.2229445,5,5,-59
1756013149.2609446,7,6,-52
1756013149.2989447,7,8,-44
1756013149.3349447,4,4,-40
1756013149.3729446,4,-2,-51
1756013149.4109447,-3,-4,-51
1756013149.4499447,-5,-6,-59
1756013149.4859445,0,-4,-60
1756013149.5229447,-1,3,-58
1756013149.5609446,-1,0,-54
1756013149.5999446,-2,4,-54
1756013149.6359446,1,9,-62
1756013149.6729443,-3,1,-54
1756013149.710945,-5,2,-57
1756013149.7499447,13,3,-60
1756013149.7859447,9,5,-48
1756013149.8229446,-7,-3,-61
1756013149.8609445,6,2,-64
1756013149.8969443,6,4,-59
1756013149.9339447,0,-8,-64
1756013149.9729445,-1,0,-61
1756013150.0109446,3,0,-60
1756013150.0469446,5,-4,-57
1756013150.0839446,-2,0,-59
1756013150.121945,-7,-2,-52
1756013150.1609447,1,-1,-54
1756013150.1969447,-4,-3,-47
1756013150.2349446,2,1,-41
1756013150.2729447,1,3,-55
1756013150.3109446,4,3,-56
1756013150.3469446,3,-1,-61
1756013150.3839445,1,-2,-52
1756013150.4219446,-2,-2,-47
1756013150.460945,0,0,-49
1756013150.496945,4,1,-55
1756013150.5339446,2,0,-52
1756013150.5719447,-5,0,-53
1756013150.6109445,0,-1,-50
1756013150.6469443,3,-2,-49
1756013150.6839447,1,-7,-56
1756013150.7219446,9,0,-51
1756013150.759945,1,2,-42
1756013150.7959447,5,0,-44
1756013150.8329446,3,-3,-54
1756013150.871945,0,2,-42
1756013150.9099443,-5,1,-45
1756013150.9459443,-5,-3,-36
1756013150.983945,-1,0,-45
1756013151.0219443,2,-1,-53
1756013151.0609446,0,-4,-49
1756013151.0969446,0,-3,-55
1756013151.1339445,-2,4,-54
1756013151.1719446,3,-1,-47
1756013151.210945,11,2,-47
1756013151.246945,7,0,-50
1756013151.2839446,0,-1,-50
1756013151.3219447,-1,-6,-54
1756013151.3609445,2,-3,-55
1756013151.3969443,-6,-4,-54
1756013151.4349446,-9,1,-60
1756013151.473945,-6,-1,-49
1756013151.5119443,-3,-1,-61
1756013151.5479443,-2,1,-48
1756013151.5849447,-4,3,-56
1756013151.6239443,1,-2,-56
1756013151.6619446,-3,0,-56
1756013151.6979446,-5,0,-55
1756013151.7349446,3,0,-52
1756013151.7739446,0,-4,-50
1756013151.8119447,-1,-1,-50
1756013151.8479445,-5,-10,-56
1756013151.8859446,-1,-6,-56
1756013151.9239447,-5,-3,-54
1756013151.9629445,-1,0,-57
1756013152.0009446,-3,-2,-54
1756013152.0369446,-3,1,-49
1756013152.0739446,-8,-3,-42
1756013152.1129446,-7,2,-53
1756013152.1509447,-2,-4,-57
1756013152.1869447,-1,-1,-60
1756013152.2249446,-2,-5,-57
1756013152.2629447,-3,-1,-54
1756013152.3019447,-10,-3,-49
1756013152.3379445,-1,-1,-49
1756013152.3769443,6,-3,-60
1756013152.4139447,3,-2,-59
1756013152.4529445,5,0,-51
1756013152.4909446,1,-3,-50
1756013152.5269446,2,2,-44
1756013152.5639446,4,-4,-54
1756013152.6029446,2,0,-54
1756013152.6409447,0,0,-49
1756013152.6769447,6,-2,-47
1756013152.7149446,-2,-5,-59
1756013152.7539446,-3,-3,-66
1756013152.7919445,-9,6,-64
1756013152.8279445,0,7,-62
1756013152.8649447,4,6,-44
1756013152.9039447,14,0,-52
1756013152.9429443,3,4,-55
1756013152.9789443,0,4,-47
1756013153.0159447,3,-1,-47
1756013153.0539446,5,-1,-52
1756013153.0929446,-1,1,-58
1756013153.1289446,10,3,-58
1756013153.1659446,5,-5,-56
1756013153.2039447,0,1,-49
1756013153.2419446,0,-5,-54
1756013153.2779446,-2,-2,-54
1756013153.315945,1,-1,-64
1756013153.3539443,-1,5,-57
1756013153.3929446,-7,-1,-58
1756013153.4289446,0,-2,-53
1756013153.4659443,-1,0,-45
1756013153.5039446,-7,-3,-56
1756013153.542945,-3,-3,-53
1756013153.5789447,-1,-3,-56
1756013153.6169446,-2,-5,-46
1756013153.654945,-1,-6,-62
1756013153.6939447,-4,-1,-56
1756013153.7319446,0,0,-55
1756013153.7679446,-6,1,-45
1756013153.8049445,0,-1,-56
1756013153.8439443,0,1,-56
1756013153.881945,-9,7,-49
1756013153.917945,2,0,-51
1756013153.9549446,6,-6,-44
1756013153.9939446,9,4,-51
1756013154.0319445,0,-7,-45
1756013154.0679443,4,-10,-47
1756013154.1049447,-3,-7,-54
1756013154.1439445,0,3,-56
1756013154.1819446,1,2,-55
1756013154.2179446,0,3,-46
1756013154.2549446,-3,-1,-51
1756013154.2939446,4,-3,-54
1756013154.3319447,6,-14,-50
1756013154.3679447,2,-6,-55
1756013154.404945,-1,-4,-47
1756013154.4439447,4,-10,-49
1756013154.4799447,-1,0,-48
1756013154.5169446,-2,-4,-39
1756013154.5549445,-2,-4,-55
1756013154.5939443,-5,-7,-47
1756013154.6299446,1,0,-60
1756013154.6669445,-4,-6,-53
1756013154.7049446,-8,-1,-58
1756013154.7439446,1,6,-46
1756013154.7879446,-1,2,-51
1756013154.825945,-1,2,-43
1756013154.8639443,-10,-1,-51
1756013154.9029446,-7,-2,-62
1756013154.9389446,-6,1,-60
1756013154.9759445,-4,4,-57
1756013155.0139446,-2,3,-49
1756013155.052945,-6,5,-51
1756013155.088945,-3,-1,-48
1756013155.1269443,9,-3,-48
1756013155.1649446,-3,-1,-47
1756013155.2039447,0,-7,-54
1756013155.2399447,6,-6,-55
1756013155.2769446,5,-4,-48
1756013155.3149445,0,-2,-44
1756013155.3539443,-1,7,-50
1756013155.3899446,-3,12,-50
1756013155.4269447,0,7,-48
1756013155.4649446,-2,8,-73
1756013155.5039446,0,9,-59
1756013155.5399446,5,2,-56
1756013155.5769446,1,-2,-52
1756013155.6149447,-2,0,-44
1756013155.6539447,-4,-2,-44
1756013155.6899445,-1,-3,-43
1756013155.7279446,2,3,-43
1756013155.7649446,1,2,-49
1756013155.8039446,4,2,-50
1756013155.8399446,3,0,-38
1756013155.8769443,0,0,-39
1756013155.9149446,-6,-2,-52
1756013155.9529445,3,2,-38
1756013155.9889443,0,2,-48
1756013156.0259447,-3,0,-51
1756013156.0649445,-3,-3,-49
1756013156.1029446,-1,4,-47
1756013156.1389446,-6,-7,-34
1756013156.1769447,-4,0,-53
1756013156.2149446,-5,3,-53
1756013156.2539446,-4,0,-42
1756013156.2899446,-2,4,-33
1756013156.3279445,1,-2,-39
1756013156.3659446,4,0,-50
1756013156.404945,0,4,-48
1756013156.440945,3,2,-53
1756013156.4779446,8,3,-54
1756013156.5149446,3,2,-52
1756013156.5509446,0,0,-52
1756013156.5879445,-2,-3,-44
1756013156.6259446,-3,1,-57
1756013156.6649446,-6,4,-52
1756013156.700945,-6,-5,-60
1756013156.7399447,-7,-7,-49
1756013156.7769446,-1,3,-38
1756013156.8149445,1,2,-47
1756013156.8509445,-9,3,-49
1756013156.8879447,-6,-1,-51
1756013156.9259446,5,0,-58
1756013156.9649446,-3,1,-50
1756013157.0009446,5,-3,-54
1756013157.0379446,-12,-4,-58
1756013157.075945,-4,-10,-47
1756013157.1149447,-7,-7,-52
1756013157.1509447,-10,3,-55
1756013157.187945,-9,5,-46
1756013157.2269447,-2,1,-48
1756013157.2649446,8,-4,-51
1756013157.3009446,8,-4,-59
1756013157.338945,2,-7,-55
1756013157.3769443,6,-3,-56
1756013157.4159446,2,0,-64
1756013157.4539447,1,-1,-56
1756013157.4899447,2,-4,-57
1756013157.5269446,0,-1,-46
1756013157.565945,3,0,-52
1756013157.6039443,1,1,-54
1756013157.6399446,6,0,-46
1756013157.6769447,-2,8,-49
1756013157.7159443,0,5,-52
1756013157.7539446,1,-5,-57
1756013157.7899446,4,-3,-65
1756013157.8279445,-3,-6,-50
1756013157.8659446,-4,-2,-44
1756013157.904945,-6,-6,-52
1756013157.940945,-3,5,-48
1756013157.9779446,2,-5,-49
1756013158.0159447,-6,-3,-50
1756013158.0549445,3,5,-49
1756013158.0909443,2,2,-55
1756013158.1279447,3,0,-54
1756013158.1659446,10,-1,-33
1756013158.2019446,0,-3,-38
1756013158.2389443,-3,2,-36
1756013158.2779446,1,2,-46
1756013158.315945,0,-2,-58
1756013158.3519447,-1,-3,-54
1756013158.3899446,-5,0,-53
1756013158.427945,-3,-1,-48
1756013158.4659443,0,-5,-53
1756013158.5049446,0,0,-52
1756013158.5409446,1,0,-53
1756013158.5779445,0,2,-42
1756013158.6159446,0,0,-56
1756013158.6519446,-1,1,-54
1756013158.6889446,0,-7,-62
1756013158.7269447,2,-5,-61
1756013158.7659447,-3,4,-65
1756013158.8019447,-5,1,-65
1756013158.8399446,1,1,-68
1756013158.8769443,4,1,-58
1756013158.9149446,1,4,-47
1756013158.9519446,-3,-1,-46
1756013158.9889443,-7,-6,-50
1756013159.0269446,-3,-6,-46
1756013159.065945,0,-6,-58
1756013159.1019447,-10,0,-52
1756013159.1389446,-1,6,-56
1756013159.1769447,-1,1,-47
1756013159.2159443,8,0,-50
1756013159.2519443,-1,0,-47
1756013159.2889447,-2,4,-41
1756013159.3269446,-5,0,-48
1756013159.3659446,-3,-8,-43
1756013159.4019446,1,-6,-51
1756013159.4389446,-3,-8,-45
1756013159.4769447,-2,-6,-49
1756013159.5159447,-2,-2,-49
1756013159.5519447,7,2,-51
1756013159.588945,3,4,-50
1756013159.6269443,-3,-3,-48
1756013159.6659446,0,-2,-54
1756013159.7019446,6,-5,-50
1756013159.7389443,5,0,-51
1756013159.7769446,-1,4,-57
1756013159.815945,-3,2,-59
1756013159.8519447,-2,-3,-53
1756013159.8899446,1,3,-53
1756013159.927945,-9,1,-60
1756013159.9669447,-4,1,-52
1756013160.0029447,-1,6,-51
1756013160.0399446,8,-3,-47
1756013160.0789447,3,1,-50
1756013160.1169446,3,0,-47
1756013160.1529446,0,1,-62
1756013160.1899445,8,0,-58
1756013160.2279446,4,-5,-60
1756013160.2669446,0,-1,-48
1756013160.302945,-4,2,-51
1756013160.3409443,0,-2,-50
1756013160.3779447,-10,-2,-55
1756013160.4169445,2,-1,-55
1756013160.4529445,-6,6,-40
1756013160.4899447,-12,-3,-54
1756013160.5279446,-2,-1,-51
1756013160.5669446,-1,-7,-46
1756013160.6029446,2,-7,-47
1756013160.6399446,3,1,-45
1756013160.677945,-2,3,-50
1756013160.7169447,-3,4,-56
1756013160.7529447,0,9,-53
1756013160.7899446,0,5,-48
1756013160.8279445,4,0,-57
1756013160.8659446,0,-1,-65
1756013160.9019446,3,-6,-64
1756013160.9399445,-3,-9,-55
1756013160.9779446,2,-3,-49
1756013161.0169446,-2,2,-45
1756013161.052945,4,2,-44
1756013161.0899446,1,3,-44
1756013161.1279447,0,2,-53
1756013161.1669445,-1,-5,-52
1756013161.2029445,-2,-4,-55
1756013161.2409446,1,-3,-53
1756013161.2789447,10,0,-49
1756013161.3179443,7,4,-58
1756013161.3539443,9,4,-50
1756013161.3909447,7,4,-45
1756013161.427945,-1,3,-48
1756013161.4669447,-5,2,-54
1756013161.5029447,-6,-2,-56
1756013161.5409446,-2,0,-48
1756013161.5789447,-5,-1,-45
1756013161.6179447,7,-1,-58
1756013161.6539447,3,0,-62
1756013161.690945,0,-2,-61
1756013161.7289443,4,6,-55
1756013161.7669446,2,0,-53
1756013161.802945,2,-1,-60
1756013161.8419447,0,0,-57
1756013161.8789446,0,0,-49
1756013161.9169445,1,-3,-68
1756013161.9529445,1,0,-51
1756013161.9899447,1,1,-54
1756013162.0279446,-8,-1,-53
1756013162.0639446,-1,-1,-48
1756013162.1019447,-5,0,-56
1756013162.1399446,-2,0,-52
1756013162.1789446,-1,-5,-56
1756013162.2169447,-4,-5,-45
1756013162.2529447,5,-4,-51
1756013162.2899446,-4,-7,-44
1756013162.3289447,-1,-3,-47
1756013162.3669446,9,6,-46
1756013162.4029446,11,2,-49
1756013162.4399445,6,3,-48
1756013162.4779446,-1,2,-59
1756013162.5139446,-3,2,-55
1756013162.5519447,0,-5,-42
1756013162.588945,-1,-2,-71
1756013162.6279447,-1,-2,-44
1756013162.6639447,-1,0,-47
1756013162.700945,4,-2,-48
1756013162.7389443,1,-1,-63
1756013162.7779446,-1,-8,-59
1756013162.8139446,2,-4,-63
1756013162.8509445,-1,-3,-56
1756013162.8889446,5,1,-53
1756013162.9249446,-3,1,-46
1756013162.9629445,1,0,-58
1756013162.9999447,4,-1,-60
1756013163.0389447,3,-1,-54
1756013163.0749447,0,0,-43
1756013163.1129446,-4,0,-44
1756013163.1519446,-6,-1,-43
1756013163.1889446,-4,1,-53
1756013163.2279446,-2,6,-50
1756013163.2639446,0,5,-50
1756013163.3009446,0,-2,-54
1756013163.338945,-5,-7,-53
1756013163.3779447,0,0,-50
1756013163.4139447,8,-6,-59
1756013163.450945,4,-9,-50
1756013163.4889443,3,-3,-51
1756013163.5279446,2,0,-57
1756013163.5639446,9,-5,-59
1756013163.6009445,1,2,-52
1756013163.6389446,-11,-8,-52
1756013163.6749446,0,-7,-56
1756013163.7129445,4,-11,-42
1756013163.7509446,0,-7,-40
1756013163.7899446,-4,-6,-42
1756013163.8279445,0,-8,-44
1756013163.8639443,3,-1,-40
1756013163.9009447,0,-2,-48
1756013163.9399445,1,-9,-65
1756013163.9779446,0,3,-52
1756013164.0139446,2,-2,-63
1756013164.0509446,-1,0,-62
1756013164.0899446,1,0,-51
1756013164.1279447,0,1,-49
1756013164.1639447,-7,-2,-37
1756013164.2029445,-2,-5,-62
1756013164.2399447,2,-1,-55
1756013164.2789447,-3,-3,-62
1756013164.3149445,-3,-3,-49
1756013164.3529446,-2,-9,-56
1756013164.3909447,0,-6,-58
1756013164.4299445,0,7,-51
1756013164.4659443,-2,0,-49
1756013164.5029447,-2,3,-49
1756013164.5409446,5,0,-54
1756013164.5789447,0,0,-55
1756013164.6149447,-2,0,-52
1756013164.6529446,-7,3,-41
1756013164.6899445,-7,-7,-53
1756013164.7289443,-5,2,-46
1756013164.7649446,0,-5,-45
1756013164.8109446,-2,0,-58
1756013164.848945,-7,0,-44
1756013164.884945,6,-2,-50
1756013164.9229443,4,-1,-59
1756013164.9619446,2,-7,-52
1756013164.9999447,-1,-5,-44
1756013165.0359447,-7,-13,-51
1756013165.0739446,2,-6,-55
1756013165.111945,0,-2,-70
1756013165.1499443,2,-10,-49
1756013165.1889446,0,-5,-62
1756013165.2249446,1,0,-45
1756013165.2619443,7,4,-43
1756013165.2999446,-1,2,-45
1756013165.335945,2,-2,-58
1756013165.3739443,0,-6,-57
1756013165.4119446,-11,-1,-61
1756013165.450945,-6,0,-56
1756013165.4889443,-1,-2,-57
1756013165.5249443,-2,-1,-49
1756013165.562945,0,-2,-53
1756013165.6019447,0,-4,-63
1756013165.6409447,-4,-2,-58
1756013165.6789446,-4,-3,-45
1756013165.7149446,-6,3,-54
1756013165.7519443,3,-2,-52
1756013165.7909446,10,0,-60
1756013165.8289447,0,-8,-57
1756013165.8649447,3,-1,-58
1756013165.9039447,-1,1,-45
1756013165.940945,-10,-1,-51
1756013165.9799447,3,2,-51
1756013166.0159447,2,0,-55
1756013166.052945,0,-3,-53
1756013166.0909443,-2,5,-48
1756013166.1299446,3,0,-39
1756013166.1659446,5,0,-46
1756013166.2029445,3,-5,-54
1756013166.2409446,5,-5,-50
1756013166.279945,6,-2,-55
1756013166.315945,-1,3,-62
1756013166.3539443,0,5,-60
1756013166.3909447,1,-1,-62
1756013166.4299445,-2,-7,-59
1756013166.4659443,-1,0,-50
1756013166.5039446,-2,0,-54
1756013166.5409446,0,4,-63
1756013166.5769446,5,2,-53
1756013166.6149447,9,-4,-48
1756013166.6529446,0,3,-60
1756013166.690945,-2,1,-63
1756013166.7299447,1,-1,-69
1756013166.7659447,1,0,-56
1756013166.8039446,0,0,-46
1756013166.8419447,2,1,-49
1756013166.8799446,3,-12,-49
1756013166.9159446,0,-7,-45
1756013166.9539447,1,-5,-47
1756013166.9919446,-2,5,-58
1756013167.0309446,0,2,-60
1756013167.0669446,-4,0,-65
1756013167.1039443,-4,6,-49
1756013167.1419446,-7,0,-55
1756013167.1809447,-3,1,-49
1756013167.2169447,-1,-5,-46
1756013167.2549446,1,-2,-49
1756013167.292945,0,8,-48
1756013167.3309443,2,5,-40
1756013167.3669446,0,5,-54
1756013167.4039447,-3,6,-49
1756013167.4419446,9,0,-42
1756013167.4809446,0,3,-40
1756013167.5169446,-2,-1,-50
1756013167.5549445,3,7,-46
1756013167.5929446,4,1,-45
1756013167.6309447,-1,-3,-43
1756013167.6669445,9,-2,-48
1756013167.7049446,-7,2,-56
1756013167.7419446,-4,-1,-53
1756013167.7809446,0,1,-58
1756013167.8169446,-5,0,-53
1756013167.8549447,-6,-1,-51
1756013167.8919446,0,-1,-53
1756013167.9309447,4,-3,-38
1756013167.9669447,0,-10,-45
1756013168.0049446,1,-5,-47
1756013168.0419445,-1,-6,-53
1756013168.0809443,3,-3,-63
1756013168.1169446,2,-3,-53
1756013168.1539447,-3,2,-62
1756013168.1919446,5,3,-67
1756013168.2279446,1,0,-63
1756013168.2669446,0,-1,-49
1756013168.3039446,0,-1,-58
1756013168.3419447,-1,6,-42
1756013168.3809447,-2,-1,-46
1756013168.4169445,-1,0,-54
1756013168.4539447,1,0,-56
1756013168.4919446,-1,0,-48
1756013168.5309446,4,1,-52
1756013168.5669446,1,1,-53
1756013168.6049447,4,-6,-51
1756013168.6429446,0,0,-40
1756013168.6809447,-5,-6,-59
1756013168.7169447,2,-4,-57
1756013168.7539446,-1,1,-51
1756013168.792945,2,-1,-55
1756013168.8309443,11,0,-53
1756013168.8669446,8,-1,-54
1756013168.9039447,9,-2,-59
1756013168.9429443,8,1,-56
1756013168.9809446,4,-3,-51
1756013169.0169446,7,-6,-56
1756013169.0549445,7,-4,-59
1756013169.0929446,6,-3,-68
1756013169.1309447,2,-7,-53
1756013169.1669445,5,-7,-47
1756013169.2039447,5,-4,-60
1756013169.2429447,2,-8,-58
1756013169.2809446,-8,0,-50
1756013169.3169446,5,4,-42
1756013169.3539443,0,-4,-50
1756013169.3929446,0,-5,-55
1756013169.4309447,4,0,-57
1756013169.4669447,-1,-5,-51
1756013169.5049446,3,2,-42
1756013169.542945,0,2,-49
1756013169.5789447,1,-2,-55
1756013169.6179447,-2,-5,-52
1756013169.654945,-1,1,-55
1756013169.6929443,4,-7,-56
1756013169.7319446,0,-9,-49
1756013169.7679446,0,-3,-45
1756013169.8049445,0,0,-52
1756013169.8429446,4,-4,-51
1756013169.881945,1,1,-53
1756013169.917945,5,-2,-67
1756013169.9559443,4,-3,-58
1756013169.9929447,6,-1,-54
1756013170.0319445,-5,-1,-50
1756013170.0679443,-5,-4,-42
1756013170.1059446,-5,0,-44
1756013170.1439445,0,-2,-44
1756013170.1829443,-1,3,-52
1756013170.2189443,0,0,-67
1756013170.2559447,-3,-8,-53
1756013170.2939446,-1,-2,-53
1756013170.3329446,0,-1,-52
1756013170.3689446,-6,7,-47
1756013170.4059446,-6,10,-50
1756013170.4439447,0,2,-45
1756013170.4819446,0,4,-51
1756013170.5179446,-5,1,-56
1756013170.5559447,-3,1,-61
1756013170.5939443,0,7,-65
1756013170.631945,8,2,-58
1756013170.667945,0,-12,-60
1756013170.7059443,1,-6,-72
1756013170.7439446,12,-3,-46
1756013170.782945,6,2,-46
1756013170.8189447,0,-4,-47
1756013170.8559446,-1,-7,-44
1756013170.8939445,0,-4,-53
1756013170.9329443,-2,-2,-54
1756013170.9689443,-5,0,-50
1756013171.0059447,5,-6,-48
1756013171.0439446,1,-3,-47
1756013171.0829446,2,-3,-37
1756013171.1189446,0,2,-34
1756013171.1559446,-3,0,-50
1756013171.1939447,-3,0,-53
1756013171.2329447,-2,-1,-52
1756013171.2689445,-2,-6,-58
1756013171.3069446,0,-4,-45
1756013171.3449447,-7,-7,-52
1756013171.3839445,-5,-3,-45
1756013171.4199443,-2,-1,-41
1756013171.4579446,-2,-6,-44
1756013171.4959445,-2,1,-53
1756013171.5339446,-5,7,-61
1756013171.5729446,-1,-1,-45
1756013171.608945,1,0,-50
1756013171.6469443,-1,1,-63
1756013171.6839447,1,1,-55
1756013171.7199447,1,0,-46
1756013171.7579446,-2,1,-44
1756013171.7969446,-5,0,-52
1756013171.8349447,0,2,-59
1756013171.8729446,-7,0,-53
1756013171.9089446,2,0,-43
1756013171.9469447,-1,-2,-46
1756013171.9849446,-2,0,-49
1756013172.0229447,0,-4,-52
1756013172.0589447,-3,-4,-44
1756013172.0969446,2,-5,-53
1756013172.134945,1,-5,-47
1756013172.1739447,-3,-1,-49
1756013172.2099447,-2,0,-48
1756013172.246945,-11,4,-49
1756013172.2849443,1,-4,-48
1756013172.3239446,-3,-1,-46
1756013172.3599446,-2,3,-50
1756013172.3969443,5,-5,-47
1756013172.4349446,5,-5,-54
1756013172.473945,4,2,-51
1756013172.509945,6,1,-45
1756013172.5469446,7,-1,-42
1756013172.5849447,4,-6,-49
1756013172.6239443,0,5,-51
1756013172.6599443,1,1,-50
1756013172.6969447,-4,7,-57
1756013172.7349446,1,0,-56
1756013172.7739446,0,-2,-44
1756013172.8099446,5,0,-56
1756013172.8469446,0,-3,-66
1756013172.884945,1,0,-54
1756013172.9239447,4,2,-47
1756013172.9599447,2,2,-40
1756013172.996945,5,1,-32
1756013173.0349443,6,2,-52
1756013173.0709443,0,-1,-53
1756013173.108945,0,1,-40
1756013173.1469443,0,0,-44
1756013173.1849446,-2,-4,-55
1756013173.2209446,-6,-5,-50
1756013173.259945,-8,-5,-55
1756013173.2969446,-1,-3,-58
1756013173.3349447,2,4,-47
1756013173.3739443,-2,0,-56
1756013173.4099443,-2,-6,-56
1756013173.4479446,-1,-2,-62
1756013173.4859445,0,-4,-55
1756013173.5249443,-9,-2,-57
1756013173.5609446,-8,4,-59
1756013173.598945,0,7,-65
1756013173.6359446,0,8,-56
1756013173.6739447,-1,1,-53
1756013173.7099447,1,-1,-49
1756013173.746945,-3,-5,-54
1756013173.7859447,2,0,-57
1756013173.8239446,0,-1,-63
1756013173.8599446,0,-1,-57
1756013173.8989446,0,-3,-45
1756013173.9359446,7,-10,-48
1756013173.9749446,5,-2,-63
1756013174.0109446,2,3,-54
1756013174.0479443,-3,-1,-48
1756013174.085945,-7,0,-50
1756013174.1249447,4,-4,-52
1756013174.1609447,6,0,-55
1756013174.1989446,-7,-4,-55
1756013174.2359445,1,-8,-53
1756013174.2749443,-3,0,-47
1756013174.3109446,-8,3,-51
1756013174.348945,3,4,-49
1756013174.3859446,6,2,-54
1756013174.4249446,3,2,-55
1756013174.460945,-1,5,-53
1756013174.4989443,4,6,-39
1756013174.5359447,6,2,-47
1756013174.5719447,2,4,-49
1756013174.6099446,-2,5,-54
1756013174.6469443,-4,-4,-55
1756013174.6859446,0,2,-55
1756013174.7229445,0,-5,-59
1756013174.759945,-4,-2,-57
1756013174.7989447,-2,-7,-45
1756013174.8419447,-7,5,-38
1756013174.8799446,-4,5,-44
1756013174.9189446,-4,4,-45
1756013174.9559443,-8,5,-41
1756013174.9949446,-5,-5,-56
1756013175.0309446,-3,-2,-57
1756013175.0689447,-2,-8,-54
1756013175.1069446,-3,0,-39
1756013175.1459446,-8,1,-48
1756013175.1819446,-9,2,-43
1756013175.2189443,-4,0,-36
1756013175.256945,0,-4,-55
1756013175.2959447,4,-1,-62
1756013175.3319447,0,-4,-59
1756013175.3699446,3,-1,-52
1756013175.407945,-2,-3,-54
1756013175.4469447,1,3,-48
1756013175.4849446,8,3,-58
1756013175.5209446,6,0,-53
1756013175.5589447,0,2,-60
1756013175.5969446,3,0,-56
1756013175.634945,-1,8,-55
1756013175.6709447,-2,1,-51
1756013175.7079446,0,2,-50
1756013175.7459445,-2,3,-53
1756013175.7819445,-7,-2,-40
1756013175.8199446,-14,0,-47
1756013175.8579447,0,0,-58
1756013175.8959446,-2,-3,-60
1756013175.9319446,8,-2,-68
1756013175.9699447,2,4,-54
1756013176.006945,1,5,-59
1756013176.0449443,-1,-2,-54
1756013176.0809443,-1,-6,-54
1756013176.1189446,6,1,-48
1756013176.1569445,1,0,-44
1756013176.1929443,-8,-2,-56
1756013176.2319446,-5,0,-48
1756013176.2689445,-8,0,-48
1756013176.3069446,-9,1,-55
1756013176.3459446,-3,0,-47
1756013176.381945,3,3,-55
1756013176.4189446,8,-2,-48
1756013176.4569447,0,0,-38
1756013176.4959445,3,1,-47
1756013176.5319445,0,1,-40
1756013176.5689447,-8,4,-46
1756013176.6069446,-4,0,-54
1756013176.6459446,-6,7,-49
1756013176.6819446,-9,9,-51
1756013176.7199447,-6,-1,-59
1756013176.7579446,-1,0,-59
1756013176.7969446,1,1,-52
1756013176.8329446,-4,-2,-53
1756013176.8709445,-1,-3,-53
1756013176.9099443,0,0,-49
1756013176.9479446,-1,-6,-56
1756013176.9859445,-6,0,-53
1756013177.0219443,-1,-1,-56
1756013177.0599446,0,2,-60
1756013177.0979445,5,-1,-51
1756013177.1359446,0,-6,-49
1756013177.1719446,0,-4,-62
1756013177.2099447,-5,4,-60
1756013177.2479446,-9,1,-55
1756013177.2869446,-1,-9,-48
1756013177.3229446,5,-4,-51
1756013177.3599446,0,-11,-53
1756013177.3979447,2,-1,-48
1756013177.4369447,-2,3,-58
1756013177.4729445,-3,-1,-59
1756013177.5109446,-5,1,-49
1756013177.5489447,-9,5,-44
1756013177.5879445,0,6,-54
1756013177.6259446,-4,2,-50
1756013177.6619446,-2,3,-42
1756013177.6989446,-4,4,-54
1756013177.7379446,1,4,-65
1756013177.7739446,5,1,-62
1756013177.8109446,2,-1,-57
1756013177.848945,-5,-6,-47
1756013177.8879447,-7,3,-57
1756013177.9239447,-2,0,-41
1756013177.9619446,-4,-1,-39
1756013177.9999447,-2,-3,-44
1756013178.0379446,-5,4,-51
1756013178.0769446,0,0,-52
1756013178.1129446,0,-3,-59
1756013178.1519446,-1,1,-59
1756013178.1889446,5,0,-63
1756013178.2279446,1,-5,-51
1756013178.2639446,0,-6,-56
1756013178.3019447,1,-5,-55
1756013178.3399446,-5,-3,-54
1756013178.3779447,-1,-3,-58
1756013178.4139447,-7,-9,-44
1756013178.4519446,-7,1,-52
1756013178.4899447,2,2,-45
1756013178.5279446,-5,11,-58
1756013178.5639446,-4,-2,-60
1756013178.6019447,-13,2,-53
1756013178.6399446,-7,6,-45
1756013178.6789446,0,-6,-46
1756013178.7169447,2,2,-45
1756013178.7529447,-2,-4,-50
1756013178.7909446,0,-1,-42
1756013178.8289447,-5,-2,-54
1756013178.8679447,2,-2,-59
1756013178.9039447,-3,-7,-42
1756013178.9429443,8,0,-45
1756013178.9799447,3,2,-53
1756013179.0179446,7,0,-59
1756013179.0539446,0,-1,-45
1756013179.0919447,-3,1,-43
1756013179.1299446,-1,0,-49
1756013179.1689446,0,7,-39
1756013179.2069447,1,3,-47
1756013179.2429447,0,1,-55
1756013179.279945,3,3,-53
1756013179.3179443,-5,2,-51
1756013179.3539443,-4,2,-54
1756013179.3919446,12,3,-61
1756013179.4299445,8,1,-55
1756013179.4679446,3,7,-64
1756013179.5039446,3,0,-57
1756013179.5419445,9,0,-54
1756013179.5799446,8,-4,-62
1756013179.6189446,1,1,-63
1756013179.654945,-7,9,-61
1756013179.6919446,-2,0,-57
1756013179.7299447,5,-1,-57
1756013179.7689445,-1,3,-51
1756013179.8049445,2,-1,-62
1756013179.8419447,3,-2,-53
1756013179.8799446,2,2,-57
1756013179.917945,-6,2,-61
1756013179.9539447,-2,0,-55
1756013179.9919446,-1,-6,-42
1756013180.029945,3,1,-47
1756013180.0679443,4,-5,-42
1756013180.1039443,9,2,-55
1756013180.1429446,0,0,-49
1756013180.1799445,-4,-2,-51
1756013180.2189443,0,0,-53
1756013180.2549446,-2,3,-58
1756013180.2919445,1,-2,-47
1756013180.3299446,-5,-6,-37
1756013180.3689446,0,2,-54
1756013180.404945,-1,-2,-54
1756013180.4429443,-1,-3,-56
1756013180.4819446,2,-3,-43
1756013180.519945,2,4,-57
1756013180.5579443,-2,0,-47
1756013180.5939443,-8,2,-67
1756013180.6309447,-1,2,-59
1756013180.6699443,0,3,-56
1756013180.7079446,-13,3,-66
1756013180.7439446,0,7,-50
1756013180.7809446,0,-1,-47
1756013180.8199446,0,-3,-53
1756013180.8579447,-2,-2,-68
1756013180.8939445,2,-7,-61
1756013180.9309447,0,-1,-46
1756013180.9699447,-2,-5,-44
1756013181.0079446,2,-2,-43
1756013181.0439446,-1,-4,-41
1756013181.0819447,0,2,-44
1756013181.1199446,8,-1,-49
1756013181.1559446,3,-3,-51
1756013181.1929443,4,0,-52
1756013181.2299447,0,0,-43
1756013181.2689445,-2,0,-50
1756013181.3049445,0,6,-53
1756013181.3419447,-3,3,-47
1756013181.3799446,6,3,-50
1756013181.4159446,-9,0,-57
1756013181.4529445,-10,-2,-59
1756013181.4909446,-5,-7,-50
1756013181.529945,3,-8,-49
1756013181.565945,1,1,-58
1756013181.6029446,-4,3,-54
1756013181.6409447,-2,-1,-57
1756013181.6799445,5,4,-55
1756013181.7159443,-3,2,-55
1756013181.7529447,-3,-3,-61
1756013181.7909446,-3,-2,-55
1756013181.8299446,3,4,-53
1756013181.8659446,3,5,-56
1756013181.9029446,3,5,-66
1756013181.940945,-4,-3,-64
1756013181.9799447,1,-2,-44
1756013182.0159447,1,-6,-49
1756013182.052945,0,-2,-52
1756013182.0909443,0,0,-51
1756013182.1299446,-3,0,-43
1756013182.1659446,-2,-3,-39
1756013182.2039447,-4,1,-64
1756013182.2419446,3,3,-67
1756013182.279945,-12,-1,-53
1756013182.315945,-10,-2,-54
1756013182.3539443,-6,-2,-60
1756013182.3919446,-3,-2,-60
1756013182.4309447,0,1,-51
1756013182.4689443,-6,-3,-47
1756013182.5049446,-9,4,-57
1756013182.542945,-9,9,-56
1756013182.5809443,1,9,-56
1756013182.6189446,6,6,-50
1756013182.654945,5,3,-48
1756013182.6919446,2,5,-41
1756013182.7299447,0,0,-47
1756013182.7659447,5,1,-47
1756013182.802945,3,-6,-43
1756013182.8409443,5,-5,-45
1756013182.8799446,1,0,-66
1756013182.9159446,0,3,-56
1756013182.9529445,-2,1,-53
1756013182.9909446,-3,2,-49
1756013183.029945,-4,-1,-47
1756013183.065945,0,-1,-51
1756013183.1039443,-3,-1,-64
1756013183.1419446,4,-2,-54
1756013183.1809447,1,-4,-54
1756013183.2169447,0,0,-50
1756013183.2539446,4,-2,-57
1756013183.2919445,2,1,-62
1756013183.3299446,1,-1,-56
1756013183.3659446,0,-2,-45
1756013183.4039447,-4,-6,-53
1756013183.4419446,0,2,-59
1756013183.4799447,-2,3,-60
1756013183.5159447,-6,3,-50
1756013183.5539446,-5,-1,-49
1756013183.5919447,-9,0,-47
1756013183.6309447,-2,0,-54
1756013183.6669445,1,2,-43
1756013183.7039447,-5,2,-42
1756013183.7419446,6,3,-48
1756013183.779945,0,0,-54
1756013183.815945,-3,-4,-56
1756013183.8549447,-5,-4,-58
1756013183.8919446,0,0,-54
1756013183.9309447,-1,4,-62
1756013183.9669447,0,3,-52
1756013184.0039446,1,-1,-50
1756013184.0419445,-2,-4,-46
1756013184.0809443,0,7,-49
1756013184.1169446,-1,0,-46
1756013184.1539447,0,0,-54
1756013184.1919446,-1,3,-52
1756013184.2309446,0,-5,-50
1756013184.2669446,2,-7,-55
1756013184.3049445,-3,-7,-44
1756013184.3419447,8,-4,-49
1756013184.3809447,-2,-4,-54
1756013184.4169445,4,-1,-45
1756013184.4549446,1,-1,-52
1756013184.4929447,0,-4,-45
1756013184.5319445,1,-9,-43
1756013184.5679443,-2,-1,-52
1756013184.6059446,-6,-2,-65
1756013184.6439445,-9,-6,-56
1756013184.6819446,2,-2,-52
1756013184.7209446,0,0,-56
1756013184.756945,0,0,-53
1756013184.7939446,1,0,-59
1756013184.8319447,4,0,-57
1756013184.8759446,2,-5,-59
1756013184.9139447,-2,-7,-49
1756013184.9519446,-14,-5,-58
1756013184.9909446,-7,-3,-49
1756013185.0269446,-6,-8,-52
1756013185.0649445,4,0,-56
1756013185.1019447,-2,-4,-61
1756013185.1409447,-1,-1,-48
1756013185.1769447,1,3,-51
1756013185.213945,-3,0,-47
1756013185.2529447,-1,-5,-54
1756013185.2909446,0,-6,-52
1756013185.3269446,6,-1,-49
1756013185.3639443,0,-4,-54
1756013185.4029446,0,-4,-55
1756013185.440945,-3,0,-58
1756013185.4769447,6,-3,-59
1756013185.5139446,9,0,-46
1756013185.5519447,0,-1,-56
1756013185.5879445,0,0,-55
1756013185.6249447,4,3,-55
1756013185.6629446,0,0,-48
1756013185.700945,0,-3,-53
1756013185.736945,-3,-2,-57
1756013185.7749443,0,-9,-57
1756013185.812945,0,-5,-57
1756013185.8519447,-2,2,-67
1756013185.8879447,-3,0,-48
1756013185.9249446,-7,0,-43
1756013185.9629445,-2,-5,-57
1756013186.0019443,0,5,-60
1756013186.0379446,0,0,-69
1756013186.0749447,0,3,-57
1756013186.1129446,-3,1,-61
1756013186.1489446,-1,0,-53
1756013186.1869447,2,1,-52
1756013186.223945,0,-4,-51
1756013186.2629447,1,-2,-55
1756013186.2989447,5,-1,-57
1756013186.335945,8,-2,-61
1756013186.3739443,-4,-6,-53
1756013186.4129446,2,-4,-42
1756013186.4489446,-4,6,-48
1756013186.486945,3,1,-49
1756013186.5239446,1,4,-37
1756013186.5619447,-1,1,-54
1756013186.5979445,-3,0,-50
1756013186.6369443,-5,-6,-44
1756013186.6739447,-6,-9,-63
1756013186.7129445,-3,-8,-59
1756013186.7489443,-5,-7,-56
1756013186.7869446,-2,-8,-55
1756013186.8249447,8,-10,-55
1756013186.8639443,0,-4,-54
1756013186.9029446,5,-6,-49
1756013186.9389446,1,-1,-59
1756013186.9759445,9,-2,-55
1756013187.0139446,-1,1,-58
1756013187.052945,-13,0,-50
1756013187.088945,-3,0,-46
1756013187.1269443,-6,-6,-57
1756013187.1649446,-5,4,-57
1756013187.2039447,-3,-6,-61
1756013187.2419446,-4,-2,-47
1756013187.2779446,3,3,-52
1756013187.315945,3,-1,-48
1756013187.3539443,-1,2,-58
1756013187.3919446,-3,0,-52
1756013187.427945,6,0,-49
1756013187.4659443,5,6,-61
1756013187.5039446,3,4,-54
1756013187.5419445,2,8,-56
1756013187.5779445,4,6,-50
1756013187.6159446,-7,3,-52
1756013187.6539447,-2,-3,-59
1756013187.6929443,-2,-4,-45
1756013187.7289443,0,-6,-57
1756013187.7659447,2,-3,-62
1756013187.8039446,-2,0,-60
1756013187.8429446,1,-5,-50
1756013187.8789446,-6,-5,-61
1756013187.9169445,-7,4,-48
1756013187.9549446,-9,0,-45
1756013187.9939446,-6,-3,-51
1756013188.029945,-3,3,-51
1756013188.0679443,-3,1,-58
1756013188.1059446,-7,-4,-43
1756013188.1439445,-4,-2,-49
1756013188.1829443,3,-2,-52
1756013188.2189443,-1,-2,-49
1756013188.256945,2,4,-51
1756013188.2949443,1,7,-48
1756013188.3329446,0,3,-50
1756013188.3689446,-1,0,-54
1756013188.4069445,1,5,-44
1756013188.4449446,7,0,-51
1756013188.4829447,-1,-4,-48
1756013188.5189445,-1,-3,-52
1756013188.5569446,-1,6,-50
1756013188.5949447,0,-3,-51
1756013188.6339445,3,-4,-59
1756013188.6699443,1,-12,-49
1756013188.7079446,1,-2,-47
1756013188.7459445,0,-11,-39
1756013188.7849443,7,1,-50
1756013188.8229446,8,-1,-56
1756013188.858945,5,7,-52
1756013188.8969443,3,0,-57
1756013188.9349446,18,-4,-55
1756013188.9729445,0,1,-45
1756013189.0089445,-2,4,-56
1756013189.0469446,0,1,-61
1756013189.0849447,-1,0,-52
1756013189.1229446,-2,-4,-59
1756013189.1599443,4,-2,-62
1756013189.1969447,-2,-3,-52
1756013189.2349446,-6,-2,-46
1756013189.2739446,4,-1,-52
1756013189.3099446,3,0,-48
1756013189.3469446,2,-4,-51
1756013189.384945,1,2,-44
1756013189.4239447,5,1,-50
1756013189.4599447,2,4,-49
1756013189.4979446,0,-3,-52
1756013189.5359447,3,-3,-52
1756013189.5739446,5,-2,-43
1756013189.6099446,3,-1,-50
1756013189.6479447,3,-1,-46
1756013189.6859446,5,0,-49
1756013189.723945,0,-4,-45
1756013189.759945,-8,-9,-56
1756013189.7979443,-1,-7,-42
1756013189.835945,3,-7,-49
1756013189.8749447,-1,-3,-46
1756013189.9109447,-2,-7,-45
1756013189.9489446,0,-4,-51
1756013189.9879446,-2,1,-61
1756013190.0249443,0,-4,-58
1756013190.0639446,-11,5,-52
1756013190.0999446,-2,-2,-53
1756013190.1389446,0,1,-65
1756013190.1759446,3,-4,-52
1756013190.2149446,5,-7,-56
1756013190.2509446,-2,0,-60
1756013190.2879446,1,8,-60
1756013190.325945,0,3,-57
1756013190.3639443,-2,3,-49
1756013190.3999443,-1,-4,-43
1756013190.437945,-6,-1,-48
1756013190.4759445,-7,4,-58
1756013190.5149446,6,6,-55
1756013190.5509446,2,0,-66
1756013190.5879445,6,0,-58
1756013190.6259446,0,-2,-56
1756013190.6649446,4,-4,-48
1756013190.7019446,-2,-5,-50
1756013190.7389443,-1,-7,-57
1756013190.7769446,-1,-5,-56
1756013190.815945,-2,-1,-57
1756013190.8539443,-5,5,-49
1756013190.8899446,3,3,-47
1756013190.9269447,1,1,-58
1756013190.9649446,7,1,-45
1756013191.0009446,-6,-1,-47
1756013191.0389447,-3,-4,-57
1756013191.0769446,-6,0,-59
1756013191.1159446,-6,-3,-49
1756013191.1519446,3,-2,-53
1756013191.1889446,-1,5,-49
1756013191.2269447,-3,5,-51
1756013191.2659447,-2,-4,-50
1756013191.3019447,0,4,-45
1756013191.338945,0,-2,-55
1756013191.3769443,-9,0,-41
1756013191.4159446,2,4,-61
1756013191.4519446,4,0,-58
1756013191.4889443,1,0,-56
1756013191.5269446,0,0,-55
1756013191.5649445,0,0,-43
1756013191.6009445,7,-6,-38
1756013191.6379447,-2,-6,-41
1756013191.6769447,0,-2,-48
1756013191.7159443,4,-9,-51
1756013191.7519443,-1,-6,-46
1756013191.7899446,2,2,-53
1756013191.8279445,0,-1,-59
1756013191.8669446,1,0,-61
1756013191.904945,0,-7,-48
1756013191.940945,-1,-2,-47
1756013191.9799447,-2,0,-53
1756013192.0169446,-4,-1,-54
1756013192.0559447,0,3,-64
1756013192.0919447,0,-2,-56
1756013192.1299446,-3,-3,-58
1756013192.167945,1,0,-48
1756013192.2059443,3,5,-45
1756013192.2419446,5,0,-38
1756013192.2789447,2,4,-52
1756013192.3169446,2,-2,-62
1756013192.3559446,0,-2,-75
1756013192.3919446,6,0,-54
1756013192.4299445,1,-4,-54
1756013192.4669447,-8,0,-51
1756013192.5059447,-1,-3,-54
1756013192.5419445,2,-5,-52
1756013192.5799446,-5,-4,-46
1756013192.6179447,-4,4,-48
1756013192.6569445,6,3,-55
1756013192.6949446,-6,2,-61
1756013192.7309446,2,1,-48
1756013192.7679446,5,-7,-55
1756013192.8069446,0,-3,-47
1756013192.8429446,0,-3,-43
1756013192.8809447,4,-6,-54
1756013192.9189446,0,-5,-52
1756013192.9579446,0,0,-54
1756013192.9959445,8,5,-61
1756013193.0319445,-3,-1,-57
1756013193.0699446,-1,-2,-47
1756013193.1079447,2,-1,-56
1756013193.1469443,-2,-1,-60
1756013193.1829443,3,-7,-51
1756013193.2209446,0,-7,-55
1756013193.2589445,-3,0,-55
1756013193.2969446,-3,0,-61
1756013193.335945,-3,1,-61
1756013193.371945,-3,-4,-60
1756013193.4099443,3,-3,-63
1756013193.4479446,-2,0,-51
1756013193.486945,-4,-2,-40
1756013193.5229447,-1,-2,-33
1756013193.5609446,0,-7,-43
1756013193.598945,0,-1,-46
1756013193.6379447,3,-3,-50
1756013193.6759446,-5,-6,-60
1756013193.7119446,1,-4,-64
1756013193.7489443,-2,-2,-56
1756013193.7879446,-1,0,-47
1756013193.825945,1,-1,-54
1756013193.861945,0,-4,-57
1756013193.8999443,-4,-3,-45
1756013193.937945,0,-3,-50
1756013193.9759445,0,-9,-54
1756013194.0119443,-5,-3,-55
1756013194.0499446,8,2,-57
1756013194.0879445,-3,-3,-59
1756013194.1259446,0,-7,-53
1756013194.1619446,-3,-4,-55
1756013194.1999447,-2,-6,-56
1756013194.2379446,-2,0,-47
1756013194.2769446,0,0,-47
1756013194.312945,0,-7,-40
1756013194.3499446,-6,-5,-51
1756013194.3879447,-4,-7,-41
1756013194.4269447,-6,-2,-43
1756013194.4629445,-3,-6,-49
1756013194.5009446,-3,-3,-52
1756013194.5389447,-4,-9,-54
1756013194.5779445,-4,-3,-51
1756013194.6139443,1,-2,-65
1756013194.6519446,0,-2,-57
1756013194.6899445,7,-3,-61
1756013194.7289443,-8,-7,-52
1756013194.7669446,-4,-1,-44
1756013194.802945,-6,0,-48
1756013194.8399446,-2,2,-44
1756013194.8839445,8,1,-43
1756013194.9229443,-5,3,-56
1756013194.9599447,-4,1,-55
1756013194.9979446,7,-4,-40
1756013195.0369446,7,-4,-39
1756013195.0729446,6,-3,-55
1756013195.1099446,7,-3,-57
1756013195.1479447,5,-2,-70
1756013195.1869447,5,-1,-58
1756013195.2229445,3,-1,-47
1756013195.259945,7,2,-40
1756013195.2979443,0,0,-53
1756013195.3349447,2,2,-44
1756013195.371945,0,-10,-50
1756013195.4099443,0,0,-49
1756013195.4489446,-3,1,-50
1756013195.486945,3,-3,-41
1756013195.5229447,-1,-4,-52
1756013195.5609446,-11,-6,-59
1756013195.598945,-3,-4,-48
1756013195.6379447,0,7,-55
1756013195.6739447,1,5,-58
1756013195.710945,2,3,-62
1756013195.7489443,-5,5,-65
1756013195.7879446,3,5,-55
1756013195.8239446,2,9,-54
1756013195.8609445,2,1,-63
1756013195.8989446,1,4,-50
1756013195.9369447,-5,7,-40
1756013195.9729445,2,-6,-60
1756013196.009945,6,1,-64
1756013196.0489447,-1,-1,-51
1756013196.0869446,4,0,-52
1756013196.1229446,-1,-7,-53
1756013196.1609447,3,-1,-46
1756013196.1989446,-1,-3,-51
1756013196.2379446,0,-1,-56
1756013196.2739446,-3,-1,-42
1756013196.3119447,0,0,-44
1756013196.348945,-3,2,-52
1756013196.3879447,-8,1,-54
1756013196.4239447,-5,0,-53
1756013196.460945,5,-5,-57
1756013196.4989443,-2,-4,-47
1756013196.5379446,-2,-2,-45
1756013196.5739446,-1,-2,-51
1756013196.611945,-3,0,-43
1756013196.6499443,1,-2,-51
1756013196.6889446,0,1,-51
1756013196.7249446,-2,0,-60
1756013196.7629447,0,6,-57
1756013196.7999446,4,5,-52
1756013196.8379445,4,0,-56
1756013196.8739443,-3,-7,-55
1756013196.9119446,-2,-2,-60
1756013196.9499447,6,1,-55
1756013196.9879446,3,-1,-57
1756013197.0239446,0,-2,-55
1756013197.0609446,-1,-7,-63
1756013197.0999446,2,-1,-59
1756013197.1379447,1,-2,-47
1756013197.1739447,-3,0,-53
1756013197.210945,0,2,-46
1756013197.2489443,4,-6,-49
1756013197.2849443,0,-3,-57
1756013197.3219447,-3,-1,-61
1756013197.3599446,-5,-1,-53
1756013197.3989446,-1,4,-50
1756013197.4349446,1,0,-61
1756013197.4719446,-6,0,-55
1756013197.509945,2,-3,-51
1756013197.5489447,1,-3,-49
1756013197.5849447,-7,-3,-44
1756013197.6229446,-4,-1,-57
1756013197.6609447,0,-1,-47
1756013197.6999447,-3,0,-38
1756013197.7379446,-3,5,-42
1756013197.7739446,-7,0,-48
1756013197.8109446,0,-3,-43
1756013197.8499446,2,4,-59
1756013197.8859446,-1,3,-52
1756013197.9229443,-3,5,-44
1756013197.960945,0,5,-44
1756013197.9989443,-2,5,-58
1756013198.0349443,0,5,-57
1756013198.0729446,-2,0,-48
1756013198.1099446,0,1,-46
1756013198.1459446,0,0,-58
1756013198.1829443,7,-4,-53
1756013198.2209446,0,-2,-47
1756013198.259945,2,-3,-46
1756013198.2959447,2,-3,-58
1756013198.3339446,-1,-2,-37
1756013198.3709445,-1,-6,-46
1756013198.4099443,-4,-4,-58
1756013198.4459443,-1,4,-45
1756013198.4829447,-4,4,-58
1756013198.5209446,0,-1,-53
1756013198.5599446,-5,-4,-53
1756013198.5959446,-5,0,-52
1756013198.6339445,0,2,-52
1756013198.6709447,-6,5,-41
1756013198.7099447,-5,1,-42
1756013198.7459445,-1,6,-51
1756013198.782945,2,6,-59
1756013198.8209443,5,5,-51
1756013198.858945,8,1,-58
1756013198.894945,7,-1,-57
1756013198.9329443,1,-2,-55
1756013198.9709446,4,2,-54
1756013199.0089445,-5,0,-56
1756013199.0449443,1,-4,-56
1756013199.0819447,3,-3,-61
1756013199.1209445,0,6,-67
1756013199.1589446,0,5,-61
1756013199.1949446,0,1,-56
1756013199.2319446,-3,1,-56
1756013199.2709446,-1,0,-66
1756013199.3089447,-6,6,-57
1756013199.3449447,0,-4,-46
1756013199.381945,3,-6,-50
1756013199.4209447,4,-11,-54
1756013199.4569447,2,4,-61
1756013199.4939446,-3,5,-61
1756013199.5319445,0,6,-59
1756013199.5709443,1,0,-58
1756013199.6069446,0,0,-64
1756013199.6439445,-4,-5,-56
1756013199.6819446,-8,-9,-50
1756013199.7209446,-5,-13,-47
1756013199.756945,-6,-4,-47
1756013199.7949443,3,3,-51
1756013199.8319447,-4,5,-54
1756013199.8709445,0,1,-44
1756013199.9069445,-1,5,-42
1756013199.9449446,-1,0,-42
1756013199.9829447,-1,8,-48
1756013200.0219443,-6,-3,-56
1756013200.0599446,0,0,-64
1756013200.0959446,-2,0,-59
1756013200.1339445,-6,1,-49
1756013200.1719446,-4,0,-58
1756013200.210945,-5,0,-44
1756013200.246945,1,2,-55
1756013200.2839446,-5,-1,-45
1756013200.3219447,-8,-5,-58
1756013200.3609445,-2,1,-51
1756013200.3969443,5,1,-46
1756013200.4339447,1,-2,-45
1756013200.4719446,-5,-3,-52
1756013200.5109446,-3,1,-50
1756013200.5469446,0,2,-62
1756013200.5839446,3,-3,-53
1756013200.621945,1,-2,-52
1756013200.6609447,-6,1,-57
1756013200.6969447,3,2,-44
1756013200.733945,4,-3,-42
1756013200.7719443,6,-7,-55
1756013200.8109446,0,-5,-59
1756013200.8469446,-5,-3,-56
1756013200.884945,-6,4,-50
1756013200.9229443,5,-2,-54
1756013200.9619446,0,-3,-48
1756013200.9999447,-1,-1,-48
1756013201.0359447,-1,1,-49
1756013201.0749447,0,-4,-49
1756013201.111945,0,0,-45
1756013201.1479447,-5,-3,-56
1756013201.1859446,0,0,-50
1756013201.2229445,4,1,-41
1756013201.2609446,1,0,-58
1756013201.2969446,4,0,-52
1756013201.3339446,-1,0,-63
1756013201.371945,2,4,-54
1756013201.407945,6,2,-52
1756013201.4459443,1,0,-49
1756013201.4829447,-5,-1,-40
1756013201.5219443,-1,0,-53
1756013201.5579443,0,-2,-44
1756013201.5959446,1,-5,-52
1756013201.6329446,1,-5,-49
1756013201.6719446,-5,-4,-60
1756013201.7079446,-2,4,-59
1756013201.7459445,-5,6,-49
1756013201.782945,-6,2,-46
1756013201.8219447,1,1,-61
1756013201.8579447,2,2,-61
1756013201.894945,1,2,-50
1756013201.9329443,1,-2,-47
1756013201.9709446,-11,9,-55
1756013202.006945,-5,0,-43
1756013202.0439446,-14,0,-33
1756013202.0829446,0,2,-45
1756013202.1209445,-6,-6,-51
1756013202.1569445,3,-6,-56
1756013202.1949446,0,-10,-51
1756013202.2329447,-4,-15,-55
1756013202.2709446,-1,-8,-53
1756013202.3069446,1,-4,-44
1756013202.3449447,5,0,-50
1756013202.3829446,4,2,-58
1756013202.4209447,-6,1,-64
1756013202.4569447,-4,5,-55
1756013202.4939446,0,1,-55
1756013202.532945,-1,3,-52
1756013202.5709443,0,-3,-49
1756013202.6069446,4,-5,-54
1756013202.644945,1,-7,-59
1756013202.6829443,3,-4,-47
1756013202.7209446,-6,0,-54
1756013202.756945,-8,4,-60
1756013202.7939446,-6,4,-45
1756013202.8329446,-2,4,-43
1756013202.8689446,-7,1,-40
1756013202.9069445,-4,1,-56
1756013202.9449446,1,-1,-54
1756013202.9829447,-4,-4,-55
1756013203.0219443,4,-4,-45
1756013203.0579443,0,-3,-51
1756013203.0949447,4,2,-49
1756013203.1329446,-4,0,-42
1756013203.1719446,0,0,-48
1756013203.2079446,-4,5,-45
1756013203.2449446,-6,1,-46
1756013203.282945,-9,1,-38
1756013203.3219447,0,4,-55
1756013203.3579447,1,2,-36
1756013203.394945,4,-3,-38
1756013203.4329443,0,-6,-46
1756013203.4719446,-6,0,-49
1756013203.5079446,0,5,-60
1756013203.5449443,8,3,-53
1756013203.5829446,7,-1,-53
1756013203.6189446,1,6,-56
1756013203.6559446,0,4,-46
1756013203.6939447,0,-2,-59
1756013203.7329447,-5,-1,-58
1756013203.7689445,-2,-1,-58
1756013203.8069446,-2,-4,-45
1756013203.8449447,1,-7,-51
1756013203.8839445,4,-11,-48
1756013203.9219446,2,-6,-57
1756013203.9579446,8,-1,-52
1756013203.9959445,6,0,-59
1756013204.0339446,1,1,-50
1756013204.0729446,5,-1,-47
1756013204.108945,0,-1,-53
1756013204.1459446,2,-3,-53
1756013204.1839447,7,0,-45
1756013204.2229445,0,-5,-53
1756013204.2589445,-5,0,-52
1756013204.2959447,-3,-4,-73
1756013204.3349447,4,-3,-47
1756013204.3729446,9,4,-51
1756013204.4089446,0,0,-42
1756013204.4459443,-1,0,-48
1756013204.483945,0,-3,-50
1756013204.5229447,-3,-4,-54
1756013204.5589447,-2,1,-51
1756013204.5959446,-5,2,-55
1756013204.6339445,-2,-9,-59
1756013204.6729443,2,-5,-58
1756013204.7089446,0,-4,-61
1756013204.746945,0,-6,-57
1756013204.7839446,-2,-3,-56
1756013204.8229446,-6,-6,-54
1756013204.858945,-5,-11,-48
1756013204.904945,2,-7,-49
1756013204.9429443,2,0,-49
1756013204.9789443,8,-3,-65
1756013205.0169446,0,-11,-46
1756013205.0559447,0,0,-50
1756013205.0939443,5,1,-66
1756013205.1299446,2,3,-61
1756013205.1669445,-4,9,-52
1756013205.2059443,-1,0,-67
1756013205.2439446,-1,-3,-43
1756013205.279945,-5,-4,-54
1756013205.3189447,0,-3,-56
1756013205.3559446,0,0,-59
1756013205.3939445,5,0,-39
1756013205.4299445,-2,-2,-48
1756013205.4679446,-4,0,-53
1756013205.5059447,7,3,-46
1756013205.5439446,-2,0,-44
1756013205.5799446,-12,6,-51
1756013205.6169446,1,3,-50
1756013205.654945,2,0,-43
1756013205.6929443,4,0,-51
1756013205.7289443,0,3,-47
1756013205.7659447,0,2,-46
1756013205.8049445,0,0,-56
1756013205.8429446,-2,3,-42
1756013205.8789446,-2,3,-54
1756013205.9159446,-1,4,-53
1756013205.9549446,0,1,-48
1756013205.9929447,5,6,-50
1756013206.0289447,10,4,-47
1756013206.065945,0,-2,-41
1756013206.1049447,3,9,-47
1756013206.1409447,-3,1,-41
1756013206.1799445,-1,5,-52
1756013206.2169447,0,7,-42
1756013206.2549446,1,7,-59
1756013206.2909446,1,0,-60
1756013206.3289447,3,-3,-57
1756013206.3669446,9,-2,-48
1756013206.404945,-1,-4,-41
1756013206.4439447,1,0,-47
1756013206.4799447,0,6,-50
1756013206.5169446,3,9,-48
1756013206.5549445,-10,0,-45
1756013206.5909443,-11,2,-40
1756013206.6279447,-3,0,-43
1756013206.6669445,-4,1,-47
1756013206.7049446,1,1,-54
1756013206.7409446,-7,0,-62
1756013206.7779446,-2,-2,-62
1756013206.8169446,-1,-1,-55
1756013206.8549447,-2,-3,-50
1756013206.8909447,-3,0,-46
1756013206.927945,0,-5,-45
1756013206.9669447,2,-9,-47
1756013207.0049446,4,-5,-44
1756013207.0409446,-2,-3,-53
1756013207.0789447,0,-6,-56
1756013207.1169446,1,2,-54
1756013207.154945,0,7,-57
1756013207.190945,3,0,-49
1756013207.2289443,0,1,-46
1756013207.2659447,7,0,-52
1756013207.3049445,11,5,-54
1756013207.3409443,0,6,-55
1756013207.3779447,0,1,-58
1756013207.4159446,-6,0,-48
1756013207.4549446,0,0,-56
1756013207.4909446,3,1,-59
1756013207.5279446,-5,4,-56
1756013207.565945,0,-3,-38
1756013207.6049447,2,5,-44
1756013207.6409447,4,0,-59
1756013207.677945,7,0,-47
1756013207.7159443,-5,-1,-53
1756013207.7539446,-1,1,-38
1756013207.7909446,2,0,-48
1756013207.8279445,4,-2,-54
1756013207.8659446,6,-7,-54
1756013207.904945,3,-2,-55
1756013207.940945,1,-5,-51
1756013207.9779446,-7,7,-54
1756013208.0159447,1,4,-50
1756013208.0549445,0,0,-53
1756013208.0909443,-5,0,-52
1756013208.1289446,-6,-3,-45
1756013208.167945,0,-5,-49
1756013208.2059443,4,0,-48
1756013208.2419446,-3,-2,-51
1756013208.279945,-8,4,-54
1756013208.3179443,-5,0,-54
1756013208.3559446,-5,-4,-49
1756013208.394945,-6,-4,-57
1756013208.4309447,-2,-7,-63
1756013208.4689443,-1,0,-58
1756013208.506945,5,0,-49
1756013208.5449443,-2,-3,-43
1756013208.5809443,-11,-5,-52
1756013208.6189446,-4,-4,-58
1756013208.6569445,0,-2,-39
1756013208.6959443,0,2,-57
1756013208.7319446,0,2,-56
1756013208.7689445,-1,4,-57
1756013208.8069446,0,0,-54
1756013208.8449447,-3,-1,-40
1756013208.8809447,0,-2,-32
1756013208.917945,0,-5,-46
1756013208.9569447,-7,-3,-39
1756013208.9949446,-1,-3,-53
1756013209.0309446,-2,-1,-58
1756013209.0689447,-3,9,-57
1756013209.1069446,4,9,-50
1756013209.144945,-3,0,-56
1756013209.1809447,-8,-4,-53
1756013209.2189443,-5,0,-54
1756013209.256945,0,1,-53
1756013209.2949443,-2,-1,-61
1756013209.3309443,4,1,-54
1756013209.3679447,11,0,-56
1756013209.4059446,1,-2,-48
1756013209.4419446,-6,-7,-43
1756013209.4799447,-1,-7,-54
1756013209.5179446,-2,1,-48
1756013209.5569446,1,8,-41
1756013209.5929446,-2,3,-50
1756013209.6309447,-3,-5,-54
1756013209.6689446,1,-11,-53
1756013209.7069447,-3,0,-49
1756013209.7459445,-2,0,-42
1756013209.7819445,-3,4,-42
1756013209.8189447,-8,-1,-49
1756013209.8569446,4,-2,-48
1756013209.8959446,9,9,-44
1756013209.9319446,1,5,-47
1756013209.9689443,-4,0,-62
1756013210.006945,-4,-2,-49
1756013210.0459447,-3,0,-55
1756013210.0819447,1,3,-43
1756013210.1189446,-4,0,-59
1756013210.157945,-11,2,-45
1756013210.1959443,0,-2,-44
1756013210.2319446,-4,-3,-48
1756013210.269945,-7,-2,-42
1756013210.3079443,-1,-4,-43
1756013210.3469446,-1,3,-60
1756013210.3829446,3,2,-60
1756013210.4199443,5,2,-60
1756013210.4579446,0,1,-55
1756013210.4959445,6,0,-59
1756013210.5319445,0,1,-56
1756013210.5689447,-1,4,-51
1756013210.6079447,1,0,-48
1756013210.6459446,3,-6,-52
1756013210.6819446,6,0,-46
1756013210.7189443,9,1,-59
1756013210.756945,4,3,-59
1756013210.792945,-2,3,-63
1756013210.8309443,-3,3,-50
1756013210.8699446,-3,1,-50
1756013210.907945,-1,3,-50
1756013210.9459443,1,-1,-47
1756013210.9819446,4,-4,-50
1756013211.0189445,8,0,-55
1756013211.0579443,-1,-6,-52
1756013211.0939443,-4,2,-58
1756013211.1309447,-5,-1,-52
1756013211.1699443,7,-2,-50
1756013211.2079446,0,-5,-44
1756013211.2439446,-2,0,-52
1756013211.2809446,-1,-3,-60
1756013211.3189447,0,4,-61
1756013211.3579447,0,-2,-50
1756013211.3939445,5,1,-59
1756013211.4309447,-4,-1,-46
1756013211.4699447,1,5,-45
1756013211.5079446,1,1,-45
1756013211.5439446,4,-5,-35
1756013211.5809443,0,1,-29
1756013211.6179447,5,6,-50
1756013211.6569445,7,6,-52
1756013211.6929443,3,6,-51
1756013211.7299447,0,1,-53
1756013211.7679446,4,-3,-38
1756013211.8069446,-2,0,-44
1756013211.8429446,-3,0,-45
1756013211.8799446,3,1,-48
1756013211.9189446,3,2,-50
1756013211.9569447,-4,0,-54
1756013211.9929447,-5,1,-56
1756013212.029945,0,0,-50
1756013212.0689447,-1,-1,-55
1756013212.1069446,0,0,-36
1756013212.1429446,2,3,-36
1756013212.1799445,3,0,-48
1756013212.2189443,4,0,-56
1756013212.256945,-1,0,-58
1756013212.292945,2,3,-63
1756013212.3299446,8,0,-65
1756013212.3689446,6,-1,-65
1756013212.4069445,2,0,-69
1756013212.4429443,8,-5,-62
1756013212.4799447,9,-2,-55
1756013212.5189445,11,0,-54
1756013212.5569446,5,-5,-50
1756013212.5929446,2,0,-54
1756013212.6309447,0,1,-55
1756013212.6689446,-6,2,-47
1756013212.7069447,-11,-1,-44
1756013212.7439446,-4,-1,-51
1756013212.7819445,0,0,-51
1756013212.8189447,-1,0,-45
1756013212.8579447,1,0,-59
1756013212.8939445,-3,1,-47
1756013212.9319446,1,0,-45
1756013212.9689443,2,1,-41
1756013213.0049446,-3,0,-44
1756013213.042945,-4,-4,-41
1756013213.0799446,0,-2,-58
1756013213.1189446,-2,-14,-54
1756013213.154945,2,-8,-52
1756013213.1919446,4,-3,-47
1756013213.2299447,2,2,-51
1756013213.2689445,9,-3,-51
1756013213.3049445,8,-5,-52
1756013213.3429446,-2,-8,-48
1756013213.3809447,1,-7,-57
1756013213.4189446,0,-2,-48
1756013213.4579446,-3,-4,-53
1756013213.4939446,0,-7,-52
1756013213.5319445,-7,2,-63
1756013213.5699446,5,-1,-56
1756013213.6079447,1,-5,-55
1756013213.6439445,-4,-2,-66
1756013213.6819446,-7,-2,-60
1756013213.7199447,-5,-1,-52
1756013213.7589445,-8,6,-55
1756013213.7949443,-4,-3,-52
1756013213.8329446,0,0,-58
1756013213.8709445,0,-1,-61
1756013213.9099443,0,1,-53
1756013213.9479446,5,-5,-41
1756013213.983945,4,-2,-52
1756013214.0209446,5,-1,-60
1756013214.0599446,-3,0,-54
1756013214.0979445,-5,-3,-55
1756013214.1339445,-3,-8,-54
1756013214.1729443,-4,-1,-59
1756013214.2099447,-3,-6,-55
1756013214.2489443,-5,-6,-45
1756013214.2849443,0,-1,-58
1756013214.3219447,3,0,-52
1756013214.3599446,3,-5,-57
1756013214.3979447,0,1,-54
1756013214.4339447,0,-3,-51
1756013214.4719446,1,2,-45
1756013214.509945,1,2,-53
1756013214.5459447,-5,-2,-62
1756013214.5839446,-2,7,-46
1756013214.621945,-1,3,-51
1756013214.6599443,1,1,-55
1756013214.6959443,-1,0,-60
1756013214.7329447,0,0,-61
1756013214.7709446,0,-2,-41
1756013214.8089447,-6,-7,-48
1756013214.8449447,0,0,-53
1756013214.8829446,0,4,-59
1756013214.9289446,0,-4,-48
1756013214.9649446,-7,0,-46
1756013215.0029447,-4,1,-38
1756013215.0409446,5,-6,-50
1756013215.0799446,0,-5,-49
1756013215.1159446,-2,-5,-53
1756013215.1539447,-6,-2,-52
1756013215.1919446,-7,5,-55
1756013215.2309446,-7,1,-48
1756013215.2689445,0,-1,-59
1756013215.3049445,-1,-2,-50
1756013215.3429446,-3,-2,-53
1756013215.3809447,4,1,-52
1756013215.4189446,4,0,-53
1756013215.4549446,-1,-4,-54
1756013215.4929447,-8,-7,-54
1756013215.5309446,-3,0,-58
1756013215.5699446,-2,0,-60
1756013215.6059446,-4,-2,-54
1756013215.6439445,6,2,-54
1756013215.6819446,0,0,-53
1756013215.7199447,-4,-3,-45
1756013215.756945,-5,-1,-50
1756013215.7939446,1,0,-45
1756013215.8319447,2,4,-57
1756013215.8699446,2,-2,-57
1756013215.9059446,0,0,-60
1756013215.9429443,0,-4,-49
1756013215.9809446,2,-3,-45
1756013216.019945,2,-1,-54
1756013216.0559447,-2,2,-55
1756013216.0939443,0,-5,-51
1756013216.131945,5,0,-39
1756013216.1699443,1,5,-45
1756013216.2059443,0,0,-59
1756013216.2429447,1,-4,-57
1756013216.2809446,-3,-1,-51
1756013216.3199446,-8,6,-51
1756013216.3559446,-5,5,-49
1756013216.3939445,1,2,-57
1756013216.4319446,-4,0,-65
1756013216.4709446,-6,-2,-64
1756013216.506945,0,2,-58
1756013216.5439446,-2,-8,-58
1756013216.5819447,1,-6,-56
1756013216.6209445,-1,-9,-52
1756013216.6569445,-5,-8,-50
1756013216.6959443,5,4,-47
1756013216.7329447,-1,4,-44
1756013216.7709446,0,5,-48
1756013216.8069446,4,2,-48
1756013216.8439443,-2,-3,-42
1756013216.8829446,-3,2,-46
1756013216.9209447,-4,-7,-41
1756013216.9569447,-2,-2,-45
1756013216.9959445,-2,4,-44
1756013217.032945,-8,0,-58
1756013217.0719447,-5,0,-54
1756013217.1099446,-1,3,-52
1756013217.1459446,3,2,-55
1756013217.1829443,5,1,-48
1756013217.2209446,-4,4,-45
1756013217.256945,-5,2,-53
1756013217.2939446,0,2,-57
1756013217.3319447,-7,0,-57
1756013217.3699446,0,-6,-53
1756013217.4059446,7,-8,-55
1756013217.4439447,2,-1,-62
1756013217.4819446,4,-1,-62
1756013217.519945,7,0,-62
1756013217.5559447,0,1,-60
1756013217.5939443,-4,6,-45
1756013217.631945,1,7,-59
1756013217.6699443,-4,-3,-60
1756013217.7059443,-8,-2,-58
1756013217.7449446,-4,2,-56
1756013217.7819445,-4,1,-59
1756013217.8209443,-3,0,-62
1756013217.8569446,-2,1,-48
1756013217.8939445,-1,-6,-51
1756013217.9319446,3,-1,-48
1756013217.9709446,2,-6,-46
1756013218.006945,1,0,-50
1756013218.0449443,-4,-5,-55
1756013218.0819447,0,-6,-64
1756013218.1209445,3,-3,-48
1756013218.1569445,-3,-7,-52
1756013218.1949446,0,-3,-63
1756013218.2329447,-1,-3,-57
1756013218.2719443,-4,-1,-60
1756013218.3079443,-4,0,-52
1756013218.3449447,-11,-10,-53
1756013218.3829446,-8,-8,-61
1756013218.4219446,-4,1,-59
1756013218.4579446,-7,8,-64
1756013218.4949446,-8,1,-56
1756013218.532945,-4,-4,-51
1756013218.5719447,-4,-9,-57
1756013218.6079447,-8,-3,-51
1756013218.6459446,5,-2,-52
1756013218.6839447,3,1,-46
1756013218.7229445,0,2,-49
1756013218.7609446,1,1,-44
1756013218.7969446,2,1,-40
1756013218.8339446,-4,2,-55
1756013218.8729446,-8,0,-54
1756013218.9109447,1,-4,-51
1756013218.9469447,4,2,-60
1756013218.983945,-5,-1,-49
1756013219.0229447,3,-6,-52
1756013219.0609446,-7,-1,-52
1756013219.0969446,2,1,-53
1756013219.134945,1,6,-47
1756013219.1729443,-3,-2,-46
1756013219.210945,1,1,-43
1756013219.246945,-1,-2,-44
1756013219.2849443,0,-5,-58
1756013219.3229446,6,0,-64
1756013219.3609445,0,-3,-59
1756013219.3969443,-4,3,-58
1756013219.4349446,-3,4,-63
1756013219.4729445,-3,0,-47
1756013219.5089445,-6,-2,-45
1756013219.5469446,-1,-6,-52
1756013219.5849447,-2,-1,-56
1756013219.6229446,-3,0,-47
1756013219.6619446,-9,1,-53
1756013219.6979446,-4,5,-43
1756013219.7359445,2,2,-54
1756013219.7729447,0,2,-63
1756013219.8089447,1,-2,-59
1756013219.8469446,4,0,-45
1756013219.8839445,2,-7,-56
1756013219.9229443,0,0,-55
1756013219.9589446,3,8,-61
1756013219.996945,-1,3,-52
1756013220.0349443,-4,-2,-62
1756013220.0729446,5,-7,-52
1756013220.111945,0,-8,-44
1756013220.1479447,-3,-6,-45
1756013220.1859446,-9,-2,-52
1756013220.223945,-2,0,-51
1756013220.2629447,0,0,-50
1756013220.2989447,-2,-6,-50
1756013220.3369446,6,-5,-48
1756013220.3749447,9,-4,-52
1756013220.4139447,10,-6,-57
1756013220.4519446,-4,0,-47
1756013220.4879446,0,-5,-51
1756013220.5259447,0,-2,-52
1756013220.5639446,2,-3,-41
1756013220.6029446,0,-8,-52
1756013220.6389446,-2,-7,-46
1756013220.6769447,-9,-9,-53
1756013220.7149446,0,0,-56
1756013220.7539446,-2,0,-44
1756013220.7919445,0,6,-54
1756013220.8279445,4,2,-49
1756013220.8649447,-3,-1,-48
1756013220.9039447,-2,-6,-53
1756013220.9419446,-2,-2,-51
1756013220.9779446,4,0,-47
1756013221.0159447,-1,-5,-53
1756013221.0539446,-5,-10,-55
1756013221.0929446,0,-4,-56
1756013221.1289446,-1,-3,-51
1756013221.1669445,-1,0,-46
1756013221.2049446,-1,-4,-51
1756013221.2439446,1,-1,-56
1756013221.279945,3,-2,-50
1756013221.3169446,2,0,-55
1756013221.3549447,0,-2,-58
1756013221.3939445,0,0,-56
1756013221.4299445,-3,0,-60
1756013221.4669447,-7,-1,-49
1756013221.5049446,-10,-3,-44
1756013221.5439446,-2,-1,-43
1756013221.5799446,-1,0,-51
1756013221.6169446,0,-3,-60
1756013221.654945,-2,-3,-55
1756013221.6939447,2,2,-52
1756013221.7299447,-7,2,-53
1756013221.7669446,5,5,-57
1756013221.8049445,7,2,-43
1756013221.8429446,10,-4,-49
1756013221.8789446,0,-3,-57
1756013221.9169445,5,-7,-61
1756013221.9549446,-4,0,-56
1756013221.9929447,-3,-2,-50
1756013222.0289447,3,2,-54
1756013222.065945,7,0,-56
1756013222.1039443,5,-2,-47
1756013222.1399446,3,-6,-51
1756013222.1769447,7,-4,-45
1756013222.2149446,6,-1,-47
1756013222.2539446,-3,-2,-51
1756013222.2899446,-2,-4,-48
1756013222.3279445,0,-4,-48
1756013222.3659446,5,0,-57
1756013222.404945,3,1,-54
1756013222.4429443,0,2,-44
1756013222.4789443,0,-4,-50
1756013222.5159447,5,7,-59
1756013222.5539446,0,3,-59
1756013222.5899446,3,-2,-46
1756013222.6269443,-2,0,-56
1756013222.6659446,-2,-11,-53
1756013222.7039447,5,-1,-65
1756013222.7399447,0,-6,-53
1756013222.7769446,5,-4,-53
1756013222.815945,4,1,-55
1756013222.8539443,3,-1,-53
1756013222.8899446,4,-4,-62
1756013222.9269447,6,-1,-51
1756013222.9649446,-3,-3,-43
1756013223.0039446,-1,0,-57
1756013223.0399446,-5,-8,-53
1756013223.0779445,0,-6,-55
1756013223.1159446,0,-8,-47
1756013223.154945,-4,0,-57
1756013223.190945,0,0,-60
1756013223.2279446,2,-8,-67
1756013223.2659447,-2,-5,-61
1756013223.3049445,0,-6,-52
1756013223.3409443,-6,-5,-51
1756013223.3789446,-4,-3,-50
1756013223.4169445,-5,-1,-60
1756013223.4549446,0,1,-59
1756013223.4939446,-2,0,-50
1756013223.529945,0,3,-53
1756013223.5669446,-3,2,-48
1756013223.6059446,-4,0,-59
1756013223.6439445,0,-3,-42
1756013223.6799445,-5,1,-45
1756013223.7169447,-7,5,-49
1756013223.7559447,-4,0,-50
1756013223.7939446,-2,-6,-59
1756013223.8299446,-8,-5,-57
1756013223.8689446,-7,-1,-55
1756013223.9059446,-3,0,-58
1756013223.9449446,-2,0,-49
1756013223.9809446,-1,0,-48
1756013224.0189445,0,-4,-60
1756013224.0569446,-4,0,-61
1756013224.0959446,3,-4,-47
1756013224.1339445,4,2,-51
1756013224.1699443,6,-4,-58
1756013224.2069447,7,-2,-58
1756013224.2459445,2,-1,-60
1756013224.2839446,-3,1,-49
1756013224.3199446,-2,3,-50
1756013224.3569446,1,0,-49
1756013224.394945,1,-1,-36
1756013224.4309447,0,4,-45
1756013224.4679446,4,4,-41
1756013224.506945,0,3,-51
1756013224.5449443,-8,6,-53
1756013224.5809443,-9,-1,-55
1756013224.6189446,-2,1,-59
1756013224.6569445,-3,-4,-58
1756013224.6959443,-5,-2,-56
1756013224.7319446,0,-1,-57
1756013224.7689445,-4,0,-59
1756013224.8069446,-6,-4,-50
1756013224.8459446,-4,-4,-46
1756013224.881945,0,-3,-54
1756013224.9189446,1,-5,-57
1756013224.9649446,5,-7,-47
1756013225.0009446,14,-12,-48
1756013225.0379446,12,-6,-56
1756013225.0769446,10,0,-49
1756013225.1149447,3,-3,-39
1756013225.1509447,-1,-4,-46
1756013225.1899445,1,-4,-47
1756013225.2269447,3,-1,-49
1756013225.2659447,-4,-4,-46
1756013225.3019447,1,-2,-65
1756013225.3399446,0,-2,-52
1756013225.3769443,-2,1,-49
1756013225.4159446,5,-2,-47
1756013225.4519446,-3,0,-49
1756013225.4899447,-1,-5,-56
1756013225.5269446,-5,-9,-62
1756013225.565945,-2,1,-45
1756013225.6019447,1,3,-47
1756013225.6389446,2,-2,-46
1756013225.6769447,0,2,-47
1756013225.7149446,-4,6,-49
1756013225.7509446,2,6,-58
1756013225.7879446,4,4,-55
1756013225.825945,1,0,-55
1756013225.861945,-5,-3,-39
1756013225.9009447,-13,-5,-42
1756013225.937945,-4,5,-44
1756013225.9769447,4,-2,-46
1756013226.0149446,0,-2,-57
1756013226.0509446,-2,-5,-49
1756013226.088945,-2,8,-46
1756013226.1269443,-2,2,-41
1756013226.1659446,-5,7,-49
1756013226.2019446,-4,0,-58
1756013226.2389443,3,2,-58
1756013226.2769446,-2,2,-55
1756013226.312945,-4,5,-51
1756013226.3509445,0,-3,-44
1756013226.3889446,0,0,-56
1756013226.4269447,-3,1,-52
1756013226.4629445,3,-2,-47
1756013226.4999447,-4,0,-51
1756013226.5389447,-1,2,-54
1756013226.5769446,-4,0,-41
1756013226.6129446,-2,2,-45
1756013226.6499443,1,2,-48
1756013226.6869447,6,2,-57
1756013226.7229445,7,-4,-46
1756013226.7609446,0,-8,-53
1756013226.7989447,4,-2,-48
1756013226.8379445,3,-1,-58
1756013226.8759446,1,1,-59
1756013226.9119446,5,3,-52
1756013226.9489446,4,2,-67
1756013226.9879446,0,0,-53
1756013227.0259447,0,0,-53
1756013227.0619447,2,-2,-42
1756013227.0999446,-6,0,-33
1756013227.1379447,3,-4,-51
1756013227.1769447,3,-3,-49
1756013227.2129445,0,-4,-40
1756013227.2499447,-5,-5,-45
1756013227.2879446,-5,-2,-48
1756013227.3269446,0,1,-50
1756013227.3629446,0,1,-57
1756013227.3999443,-4,2,-51
1756013227.437945,4,-2,-52
1756013227.4769447,2,3,-55
1756013227.5129447,3,0,-38
1756013227.5499446,1,-5,-40
1756013227.5879445,1,-1,-57
1756013227.6269443,4,-6,-54
1756013227.6629446,6,-8,-53
1756013227.700945,10,-9,-51
1756013227.7389443,-3,1,-45
1756013227.7779446,-5,-5,-51
1756013227.8139446,5,-7,-53
1756013227.8509445,5,0,-46
1756013227.8879447,-6,-6,-36
1756013227.9269447,0,1,-41
1756013227.9629445,-1,4,-51
1756013227.9999447,0,0,-63
1756013228.0379446,0,-3,-64
1756013228.0739446,2,-4,-53
1756013228.1109445,-2,-2,-59
1756013228.1489446,4,0,-64
1756013228.187945,2,-4,-60
1756013228.223945,5,-8,-53
1756013228.2609446,2,-2,-55
1756013228.2989447,2,-2,-53
1756013228.3379445,-5,5,-58
1756013228.3739443,0,10,-48
1756013228.4119446,-3,7,-52
1756013228.4489446,0,5,-46
1756013228.486945,2,-3,-51
1756013228.5229447,1,-2,-50
1756013228.5609446,0,-4,-42
1756013228.598945,-5,5,-40
1756013228.6379447,0,3,-60
1756013228.6739447,5,0,-53
1756013228.710945,1,-2,-55
1756013228.7489443,2,-1,-56
1756013228.7879446,3,1,-50
1756013228.8239446,0,-1,-48
1756013228.861945,-5,-1,-49
1756013228.8989446,0,0,-56
1756013228.9369447,-8,2,-59
1756013228.9729445,-17,2,-55
1756013229.009945,-9,1,-40
1756013229.0489447,-8,0,-45
1756013229.0869446,1,0,-53
1756013229.1229446,0,2,-48
1756013229.1599443,-2,2,-43
1756013229.1989446,2,-1,-56
1756013229.236945,2,0,-49
1756013229.2729447,-3,0,-54
1756013229.3099446,-2,3,-56
1756013229.348945,-5,-2,-56
1756013229.384945,-10,-2,-57
1756013229.4239447,-15,0,-53
1756013229.4619446,-3,2,-52
1756013229.4989443,2,0,-48
1756013229.5349443,4,2,-52
1756013229.5719447,4,-2,-55
1756013229.6109445,1,0,-53
1756013229.6489446,-6,0,-54
1756013229.6849446,-10,0,-58
1756013229.7219446,0,0,-58
1756013229.759945,-2,3,-57
1756013229.7989447,-8,3,-52
1756013229.8349447,1,3,-53
1756013229.871945,-4,2,-48
1756013229.9099443,0,0,-54
1756013229.9489446,4,0,-51
1756013229.9849446,-3,-3,-54
1756013230.0229447,7,-2,-55
1756013230.0609446,-1,3,-51
1756013230.098945,0,0,-48
1756013230.134945,-3,2,-42
1756013230.1719446,-8,3,-40
1756013230.2099447,-1,-3,-45
1756013230.2489443,-8,0,-49
1756013230.2849443,-4,4,-64
1756013230.3229446,-3,-7,-51
1756013230.3609445,1,-1,-56
1756013230.3999443,3,2,-55
1756013230.437945,7,-2,-67
1756013230.473945,4,-3,-65
1756013230.5109446,5,-3,-48
1756013230.5499446,-1,-8,-43
1756013230.5879445,1,-6,-47
1756013230.6239443,0,-5,-42
1756013230.6609447,-1,-7,-46
1756013230.6999447,-6,0,-56
1756013230.7379446,-3,2,-52
1756013230.7739446,-4,0,-47
1756013230.8109446,-1,0,-34
1756013230.8499446,0,-8,-57
1756013230.8879447,-3,1,-48
1756013230.9239447,7,-1,-46
1756013230.960945,0,-3,-54
1756013230.9999447,-5,1,-59
1756013231.0389447,-9,3,-54
1756013231.0749447,0,-3,-57
1756013231.1129446,0,5,-63
1756013231.1509447,-1,4,-54
1756013231.1899445,-4,-3,-61
1756013231.2259445,-1,3,-55
1756013231.2639446,4,-2,-53
1756013231.3019447,0,0,-49
1756013231.3399446,0,-8,-56
1756013231.3789446,0,0,-51
1756013231.4149446,0,0,-55
1756013231.4519446,-5,4,-45
1756013231.4899447,-11,-1,-49
1756013231.5289447,-2,-6,-59
1756013231.5649445,-8,1,-57
1756013231.6019447,-5,5,-57
1756013231.6399446,1,0,-62
1756013231.6759446,2,0,-54
1756013231.713945,0,3,-60
1756013231.7509446,-2,-2,-48
1756013231.7899446,2,-3,-45
1756013231.825945,0,-4,-51
1756013231.8639443,0,2,-50
1756013231.9019446,3,-4,-53
1756013231.940945,0,-1,-40
1756013231.9789443,-10,0,-47
1756013232.0149446,0,3,-45
1756013232.0519447,7,0,-62
1756013232.0899446,5,5,-57
1756013232.1259446,-1,5,-51
1756013232.1629446,-4,7,-61
1756013232.2019446,1,0,-60
1756013232.2399447,-1,2,-61
1756013232.2759447,-5,1,-67
1756013232.312945,-4,0,-51
1756013232.3519447,0,-1,-49
1756013232.3899446,2,0,-56
1756013232.4259446,-1,2,-56
1756013232.4629445,3,-4,-59
1756013232.5019443,-5,1,-58
1756013232.5399446,0,6,-38
1756013232.575945,-6,0,-58
1756013232.6129446,3,0,-54
1756013232.6509447,0,-1,-53
1756013232.6889446,-4,-2,-51
1756013232.7249446,0,0,-55
1756013232.7619443,-1,0,-58
1756013232.8009446,-1,0,-57
1756013232.838945,2,-3,-49
1756013232.8749447,2,-4,-64
1756013232.9129446,-2,-7,-65
1756013232.950945,-1,-1,-70
1756013232.9899447,10,-7,-72
1756013233.0259447,0,0,-55
1756013233.062945,-1,1,-56
1756013233.1009445,-7,4,-50
1756013233.1399446,-7,9,-47
1756013233.1759446,1,0,-40
1756013233.2129445,2,0,-38
1756013233.2509446,2,3,-58
1756013233.2869446,-7,3,-61
1756013233.3239446,-7,-1,-49
1756013233.361945,-11,-1,-48
1756013233.4009447,-3,0,-54
1756013233.4369447,0,1,-65
1756013233.473945,5,-5,-57
1756013233.5119443,-5,-5,-47
1756013233.5509446,1,6,-57
1756013233.5869446,-1,0,-49
1756013233.6239443,4,-3,-59
1756013233.6619446,0,0,-48
1756013233.700945,-3,2,-59
1756013233.736945,0,1,-53
1756013233.7739446,-6,-10,-45
1756013233.8119447,-5,1,-46
1756013233.8509445,-2,0,-54
1756013233.8869443,4,6,-59
1756013233.9249446,0,1,-51
1756013233.9619446,-2,3,-42
1756013234.0009446,3,0,-53
1756013234.0369446,-1,6,-64
1756013234.0749447,-8,4,-54
1756013234.111945,1,0,-61
1756013234.1509447,0,2,-58
1756013234.1869447,5,5,-58
1756013234.223945,9,3,-59
1756013234.2619443,0,-6,-51
1756013234.3009446,-2,-7,-46
1756013234.3369446,2,0,-52
1756013234.3739443,6,-1,-53
1756013234.4119446,9,-5,-49
1756013234.450945,10,2,-55
1756013234.486945,5,3,-48
1756013234.5249443,0,-6,-56
1756013234.5619447,1,7,-60
1756013234.5979445,0,-5,-62
1756013234.6359446,-1,-9,-48
1756013234.6739447,-7,-4,-48
1756013234.7119446,1,1,-54
1756013234.7489443,-2,-1,-58
1756013234.7859447,-2,-3,-57
1756013234.8239446,0,0,-55
1756013234.861945,3,0,-48
1756013234.8979447,3,6,-48
1756013234.9359446,4,0,-53
1756013234.9819446,2,5,-56
1756013235.0179446,3,4,-55
1756013235.0559447,2,0,-50
1756013235.0929446,0,-3,-44
1756013235.131945,5,-2,-44
1756013235.167945,6,-3,-59
1756013235.2049446,0,1,-50
1756013235.2429447,0,3,-48
1756013235.2809446,5,2,-47
1756013235.3169446,5,1,-62
1756013235.3539443,5,-2,-53
1756013235.3929446,11,-4,-57
1756013235.4309447,-1,-2,-55
1756013235.4669447,0,1,-49
1756013235.5039446,-9,6,-58
1756013235.542945,0,0,-46
1756013235.5809443,0,-5,-52
1756013235.6169446,2,0,-48
1756013235.6539447,-2,-2,-52
1756013235.6929443,1,4,-48
1756013235.7309446,1,11,-55
1756013235.7669446,0,0,-59
1756013235.8039446,0,0,-55
1756013235.8419447,-5,6,-60
1756013235.8779447,0,9,-68
1756013235.9149446,0,6,-54
1756013235.9529445,-1,-5,-50
1756013235.9909446,3,0,-57
1756013236.0269446,3,1,-47
1756013236.0639446,3,4,-50
1756013236.1029446,-1,-1,-29
1756013236.1389446,6,-3,-46
1756013236.1759446,6,-2,-48
1756013236.213945,-4,6,-54
1756013236.2529447,-1,4,-51
1756013236.2889447,1,2,-52
1756013236.325945,-3,2,-51
1756013236.3639443,0,1,-53
1756013236.4019446,1,3,-57
1756013236.437945,-3,8,-63
1756013236.4759445,5,0,-50
1756013236.5139446,-2,3,-50
1756013236.552945,0,1,-56
1756013236.588945,-1,0,-52
1756013236.6259446,3,-3,-47
1756013236.6639447,2,0,-40
1756013236.7029445,-1,-3,-39
1756013236.7389443,2,-5,-52
1756013236.7759447,-5,3,-48
1756013236.8139446,-2,3,-54
1756013236.8529446,-6,0,-61
1756013236.8899446,-2,-5,-58
1756013236.9269447,3,7,-47
1756013236.963945,1,1,-42
1756013237.0019443,6,3,-49
1756013237.0379446,3,-2,-53
1756013237.0769446,0,1,-47
1756013237.1139443,-1,-2,-46
1756013237.1529446,-2,-1,-67
1756013237.1899445,0,0,-57
1756013237.2269447,-1,1,-38
1756013237.2649446,-7,-1,-64
1756013237.3039446,-6,5,-39
1756013237.3419447,5,3,-52
1756013237.3779447,0,0,-49
1756013237.4149446,-1,0,-54
1756013237.4539447,2,2,-62
1756013237.4919446,-1,-5,-54
1756013237.5279446,-1,-7,-51
1756013237.565945,-9,-8,-51
1756013237.6039443,-8,-2,-56
1756013237.6429446,-9,0,-43
1756013237.6789446,-2,0,-52
1756013237.7159443,-3,4,-55
1756013237.7539446,2,0,-58
1756013237.792945,2,0,-64
1756013237.8289447,0,0,-50
1756013237.8669446,1,-4,-62
1756013237.904945,5,0,-46
1756013237.9429443,0,4,-55
1756013237.9789443,-3,0,-50
1756013238.0169446,4,2,-47
1756013238.0539446,0,7,-54
1756013238.0929446,-2,5,-51
1756013238.1289446,0,5,-53
1756013238.1669445,1,1,-55
1756013238.2059443,2,-3,-50
1756013238.2439446,2,-5,-60
1756013238.279945,-2,-1,-52
1756013238.3189447,4,0,-52
1756013238.3559446,-4,4,-50
1756013238.3939445,2,2,-60
1756013238.4299445,2,1,-58
1756013238.4669447,5,5,-52
1756013238.5049446,4,-1,-52
1756013238.542945,1,-5,-42
1756013238.5789447,0,-4,-44
1756013238.6169446,0,-2,-47
1756013238.6559446,2,3,-46
1756013238.6939447,-1,8,-55
1756013238.7299447,2,0,-46
1756013238.7669446,-2,0,-60
1756013238.8049445,-4,0,-52
1756013238.8439443,-1,0,-48
1756013238.8799446,1,-1,-51
1756013238.9169445,3,0,-42
1756013238.9559443,3,-9,-54
1756013238.9939446,0,1,-47
1756013239.029945,-9,2,-43
1756013239.0679443,1,5,-53
1756013239.1059446,2,2,-58
1756013239.1439445,1,2,-54
1756013239.1799445,-5,0,-57
1756013239.2179446,-4,0,-50
1756013239.2559447,0,5,-42
1756013239.2939446,2,4,-46
1756013239.3309443,5,-1,-53
1756013239.3679447,-7,-2,-52
1756013239.4059446,-12,0,-49
1756013239.4449446,-1,7,-52
1756013239.4809446,0,3,-63
1756013239.5179446,0,-3,-58
1756013239.5559447,1,0,-55
1756013239.5939443,-4,0,-56
1756013239.6299446,-6,1,-57
1756013239.667945,-5,2,-59
1756013239.7059443,1,0,-60
1756013239.7439446,-5,-3,-51
1756013239.779945,-6,-1,-47
1756013239.8179443,-4,-1,-44
1756013239.8559446,-6,-4,-61
1756013239.894945,0,6,-58
1756013239.9309447,-9,2,-56
1756013239.9679446,-2,-6,-53
1756013240.0059447,-4,-5,-46
1756013240.0449443,0,-4,-47
1756013240.0809443,0,0,-42
1756013240.1179447,2,3,-47
1756013240.1559446,0,0,-48
1756013240.1939447,-10,0,-57
1756013240.2299447,-7,7,-50
1756013240.2679446,0,2,-54
1756013240.3059447,-1,0,-62
1756013240.3439443,-1,-4,-52
1756013240.3799446,-2,-3,-56
1756013240.417945,-4,-2,-47
1756013240.4559443,-2,-4,-56
1756013240.4949446,-2,3,-44
1756013240.5309446,2,-4,-48
1756013240.5679443,0,0,-53
1756013240.6059446,0,-6,-57
1756013240.6439445,0,-1,-46
1756013240.6799445,6,5,-44
1756013240.7169447,6,0,-44
1756013240.7559447,0,2,-50
1756013240.7939446,-2,0,-49
1756013240.8299446,-1,0,-50
1756013240.8679447,-3,4,-54
1756013240.9059446,-6,6,-50
1756013240.9449446,-1,7,-63
1756013240.9809446,3,1,-49
1756013241.0179446,4,1,-43
1756013241.0559447,1,5,-63
1756013241.0919447,-2,1,-57
1756013241.1289446,-1,7,-55
1756013241.1669445,-4,7,-54
1756013241.2059443,-1,-1,-42
1756013241.2419446,-1,5,-47
1756013241.279945,1,0,-51
1756013241.3169446,3,-1,-53
1756013241.3559446,0,1,-45
1756013241.3919446,3,0,-55
1756013241.4299445,1,6,-52
1756013241.4669447,2,-1,-54
1756013241.5059447,6,-5,-48
1756013241.5419445,4,0,-47
1756013241.5799446,4,1,-62
1756013241.6169446,0,-5,-57
1756013241.6559446,4,-1,-53
1756013241.6919446,7,2,-44
1756013241.7299447,4,-4,-49
1756013241.7669446,-6,-4,-42
1756013241.8059447,-5,1,-54
1756013241.8419447,1,5,-54
1756013241.8799446,10,-3,-49
1756013241.9169445,6,-1,-50
1756013241.9559443,1,4,-47
1756013241.9919446,5,0,-54
1756013242.029945,12,-1,-43
1756013242.0669446,4,-1,-50
1756013242.1059446,0,0,-53
1756013242.1419446,-4,0,-49
1756013242.1799445,-3,-1,-46
1756013242.2169447,1,-2,-48
1756013242.2559447,2,-3,-50
1756013242.2919445,-3,7,-55
1756013242.3289447,-3,0,-59
1756013242.3669446,2,-5,-62
1756013242.4059446,1,-3,-46
1756013242.4419446,2,-8,-44
1756013242.4789443,0,-5,-54
1756013242.5169446,-3,5,-60
1756013242.5559447,1,-2,-62
1756013242.5919447,-2,0,-55
1756013242.6289446,-4,3,-61
1756013242.6669445,0,2,-53
1756013242.7049446,-5,-1,-58
1756013242.7419446,0,-9,-57
1756013242.7789447,-2,0,-56
1756013242.8169446,1,-2,-51
1756013242.8559446,0,3,-47
1756013242.8919446,-3,4,-54
1756013242.9289446,-5,0,-51
1756013242.9669447,0,2,-49
1756013243.0059447,3,2,-56
1756013243.0419445,1,-2,-55
1756013243.0789447,9,1,-54
1756013243.1169446,15,-1,-41
1756013243.1529446,6,-3,-51
1756013243.1899445,6,-2,-50
1756013243.2289443,0,2,-60
1756013243.2669446,-1,0,-45
1756013243.302945,0,4,-45
1756013243.3399446,-2,6,-56
1756013243.3789446,11,0,-57
1756013243.4169445,9,-1,-58
1756013243.4529445,7,3,-53
1756013243.4899447,6,3,-52
1756013243.5289447,5,2,-42
1756013243.5669446,0,-6,-54
1756013243.6029446,2,-6,-63
1756013243.6399446,-5,-2,-61
1756013243.6789446,1,-4,-61
1756013243.7169447,1,-4,-56
1756013243.7529447,4,4,-49
1756013243.7899446,0,5,-47
1756013243.8279445,-6,2,-42
1756013243.8659446,0,0,-48
1756013243.9019446,-4,2,-45
1756013243.9389446,0,1,-57
1756013243.9779446,-1,-3,-50
1756013244.0159447,3,1,-59
1756013244.0519447,-1,-1,-52
1756013244.0899446,-4,1,-57
1756013244.1289446,0,0,-58
1756013244.1669445,7,-2,-58
1756013244.2029445,3,-2,-38
1756013244.2399447,-4,0,-49
1756013244.2779446,0,-5,-60
1756013244.3169446,2,-5,-61
1756013244.3529446,1,-1,-61
1756013244.3899446,8,4,-52
1756013244.427945,11,-7,-46
1756013244.463945,3,-5,-44
1756013244.5009446,4,-4,-49
1756013244.5389447,0,-5,-44
1756013244.5779445,1,3,-46
1756013244.6139443,-2,2,-54
1756013244.6509447,2,0,-40
1756013244.6889446,2,1,-45
1756013244.7279446,8,-10,-46
1756013244.7639446,7,-9,-58
1756013244.8019447,1,-2,-47
1756013244.8399446,0,-4,-50
1756013244.8779447,4,-3,-52
1756013244.9169445,4,0,-39
1756013244.9529445,1,1,-52
1756013244.9989443,-2,0,-60
1756013245.0369446,-2,-2,-51
1756013245.0729446,12,-4,-44
1756013245.1099446,7,0,-59
1756013245.1479447,5,-2,-59
1756013245.1839447,6,0,-50
1756013245.2209446,2,-1,-53
1756013245.2589445,-3,-8,-59
1756013245.2979443,1,-4,-51
1756013245.3339446,0,-5,-48
1756013245.3709445,8,0,-36
1756013245.4089446,5,-4,-45
1756013245.4469447,2,-7,-59
1756013245.4829447,4,0,-51
1756013245.5209446,0,1,-56
1756013245.5589447,-1,2,-50
1756013245.5979445,0,0,-57
1756013245.6339445,-6,-3,-53
1756013245.6719446,-6,-3,-48
1756013245.7099447,-4,-2,-52
1756013245.7489443,-4,0,-48
1756013245.7869446,-2,-1,-56
1756013245.8229446,-2,1,-52
1756013245.8609445,1,-3,-47
1756013245.8989446,3,-3,-53
1756013245.9369447,0,10,-58
1756013245.9729445,-3,6,-56
1756013246.0109446,8,6,-51
1756013246.0489447,2,4,-50
1756013246.0849447,-1,0,-47
1756013246.1229446,3,-7,-44
1756013246.1609447,-2,-7,-50
1756013246.1989446,2,0,-53
1756013246.2379446,-8,5,-43
1756013246.2739446,-8,-5,-38
1756013246.3119447,-6,0,-48
1756013246.3499446,-2,3,-44
1756013246.3889446,-8,4,-50
1756013246.4249446,-11,-2,-46
1756013246.4629445,-5,2,-52
1756013246.5009446,-1,-4,-46
1756013246.5389447,0,-5,-47
1756013246.5779445,0,-8,-55
1756013246.6139443,-4,-4,-47
1756013246.6519446,0,-8,-49
1756013246.6899445,-6,-5,-61
1756013246.7289443,2,-2,-53
1756013246.7649446,2,-4,-46
1756013246.8019447,-3,-3,-43
1756013246.8399446,1,0,-46
1756013246.8779447,2,0,-61
1756013246.9139447,0,2,-48
1756013246.9519446,-12,1,-49
1756013246.9899447,-6,0,-49
1756013247.0279446,-8,3,-56
1756013247.0639446,-9,-1,-52
1756013247.1019447,5,4,-52
1756013247.1399446,-5,-2,-43
1756013247.1789446,-1,-3,-45
1756013247.2149446,-4,3,-42
1756013247.2519443,0,1,-50
1756013247.2899446,0,0,-62
1756013247.3279445,0,1,-65
1756013247.3639443,-2,-2,-59
1756013247.4019446,0,-3,-51
1756013247.4399445,5,3,-58
1756013247.4779446,1,9,-60
1756013247.5139446,5,3,-54
1756013247.5509446,-1,-4,-52
1756013247.5899446,0,-2,-45
1756013247.6279447,0,-6,-47
1756013247.6639447,-1,-1,-57
1756013247.7019446,0,0,-47
1756013247.7399447,0,3,-45
1756013247.7779446,-1,2,-37
1756013247.8139446,3,-1,-48
1756013247.8509445,2,2,-56
1756013247.8899446,1,5,-47
1756013247.9259446,0,1,-41
1756013247.963945,2,-6,-40
1756013248.0019443,-4,1,-47
1756013248.0399446,4,-2,-45
1756013248.0789447,9,0,-47
1756013248.1149447,5,1,-55
1756013248.1519446,-6,2,-53
1756013248.1899445,0,4,-55
1756013248.2289443,2,0,-56
1756013248.2649446,-3,-4,-52
1756013248.302945,8,1,-48
1756013248.3399446,8,-5,-55
1756013248.3789446,0,-6,-46
1756013248.4149446,1,0,-39
1756013248.4529445,-1,0,-48
1756013248.4909446,-4,2,-52
1756013248.529945,-6,5,-58
1756013248.565945,-5,5,-54
1756013248.6039443,0,-5,-48
1756013248.6409447,6,-5,-50
1756013248.6799445,0,0,-42
1756013248.7159443,0,3,-45
1756013248.7539446,5,0,-42
1756013248.7909446,2,0,-64
1756013248.8289447,3,-3,-52
1756013248.8649447,3,6,-46
1756013248.9019446,-3,3,-52
1756013248.940945,4,5,-51
1756013248.9789443,-9,3,-62
1756013249.0149446,-5,2,-54
1756013249.052945,-3,8,-52
1756013249.0909443,0,7,-57
1756013249.1299446,0,4,-40
1756013249.1659446,1,-1,-49
1756013249.2039447,0,0,-46
1756013249.2409446,0,-2,-51
1756013249.279945,-4,0,-55
1756013249.315945,-2,-3,-43
1756013249.3539443,1,2,-40
1756013249.3909447,0,1,-53
1756013249.4269447,2,-2,-49
1756013249.463945,4,-8,-49
1756013249.5019443,0,1,-54
1756013249.5399446,-5,-1,-59
1756013249.575945,-1,-2,-55
1756013249.6139443,2,-1,-48
1756013249.6519446,-6,1,-55
1756013249.690945,-1,-2,-49
1756013249.7269447,2,0,-49
1756013249.7639446,0,3,-46
1756013249.8019447,6,2,-45
1756013249.8409443,0,2,-50
1756013249.8769443,0,12,-46
1756013249.9139447,1,4,-55
1756013249.9519446,-1,1,-58
1756013249.9909446,3,5,-49
1756013250.0269446,-2,1,-54
1756013250.0639446,3,2,-44
1756013250.1009445,5,1,-53
1756013250.1399446,-1,0,-54
1756013250.1759446,-2,2,-57
1756013250.2129445,-1,2,-57
1756013250.2519443,0,1,-51
1756013250.2909446,0,1,-57
1756013250.3269446,2,-1,-42
1756013250.3649447,0,0,-49
1756013250.4019446,7,2,-57
1756013250.4399445,5,2,-49
1756013250.4759445,2,0,-49
1756013250.5129447,-1,-3,-52
1756013250.5519447,0,2,-50
1756013250.5899446,3,0,-60
1756013250.6259446,0,3,-60
1756013250.6629446,0,-4,-42
1756013250.7019446,0,3,-50
1756013250.7399447,1,1,-48
1756013250.7759447,4,0,-46
1756013250.812945,1,0,-61
1756013250.8509445,-4,-4,-51
1756013250.8869443,-2,-1,-43
1756013250.9249446,-1,-5,-45
1756013250.9629445,-3,-2,-58
1756013251.0019443,-1,-6,-66
1756013251.0399446,-4,-3,-54
1756013251.0769446,-4,-5,-55
1756013251.1149447,-5,-6,-46
1756013251.1529446,1,-2,-58
1756013251.1919446,-1,1,-54
1756013251.2279446,-5,1,-41
1756013251.2649446,-1,0,-44
1756013251.302945,5,3,-55
1756013251.3409443,1,0,-52
1756013251.3769443,-5,-2,-51
1756013251.4149446,0,0,-52
1756013251.4529445,3,-5,-58
1756013251.4919446,1,-5,-61
1756013251.5279446,2,-5,-54
1756013251.565945,3,-6,-45
1756013251.6029446,0,2,-59
1756013251.6419446,5,-2,-51
1756013251.677945,0,6,-50
1756013251.7149446,-5,8,-54
1756013251.7529447,-1,1,-48
1756013251.7919445,0,-3,-57
1756013251.8279445,1,0,-58
1756013251.8649447,12,5,-56
1756013251.9029446,2,3,-59
1756013251.940945,0,0,-51
1756013251.9779446,0,-9,-44
1756013252.0159447,0,-2,-44
1756013252.052945,3,3,-59
1756013252.0909443,8,1,-66
1756013252.1279447,5,-6,-70
1756013252.1649446,5,-4,-58
1756013252.2029445,0,-11,-51
1756013252.2419446,4,0,-54
1756013252.2779446,0,-5,-49
1756013252.315945,-1,-5,-45
1756013252.3529446,3,-2,-41
1756013252.3919446,4,4,-46
1756013252.427945,-3,4,-52
1756013252.4659443,0,-2,-62
1756013252.5039446,-1,-2,-62
1756013252.542945,4,2,-46
1756013252.5809443,2,1,-44
1756013252.6169446,-3,5,-47
1756013252.6539447,-1,3,-54
1756013252.6929443,12,0,-60
1756013252.7289443,2,-2,-45
1756013252.7659447,2,-5,-47
1756013252.8039446,3,-2,-52
1756013252.8429446,-5,2,-60
1756013252.8789446,1,0,-57
1756013252.9159446,-1,-6,-52
1756013252.9539447,-5,0,-55
1756013252.9929447,7,-1,-53
1756013253.0289447,4,-7,-60
1756013253.065945,1,-7,-57
1756013253.1039443,2,-3,-55
1756013253.1429446,3,-2,-55
1756013253.1789446,-1,0,-54
1756013253.2159443,0,-2,-56
1756013253.2539446,0,-2,-50
1756013253.292945,-1,3,-44
1756013253.3289447,0,-4,-40
1756013253.3659446,5,-8,-41
1756013253.4039447,4,-6,-45
1756013253.4429443,-3,0,-47
1756013253.4789443,-8,-7,-54
1756013253.5169446,-5,-7,-50
1756013253.5549445,-5,-2,-55
1756013253.5939443,3,0,-58
1756013253.631945,6,-3,-49
1756013253.667945,12,0,-64
1756013253.7049446,5,0,-54
1756013253.7429447,3,5,-53
1756013253.7789447,2,0,-59
1756013253.815945,-2,-2,-53
1756013253.8539443,1,-7,-53
1756013253.8929446,0,-1,-53
1756013253.9289446,-11,-2,-42
1756013253.9669447,-1,-6,-36
1756013254.0049446,-3,1,-36
1756013254.0439446,-2,0,-50
1756013254.0819447,1,5,-45
1756013254.1179447,0,7,-53
1756013254.154945,-4,3,-59
1756013254.1939447,2,10,-64
1756013254.2319446,7,3,-62
1756013254.2679446,2,7,-46
1756013254.3049445,4,7,-46
1756013254.3439443,0,2,-56
1756013254.381945,0,5,-48
1756013254.417945,-1,-2,-53
1756013254.4559443,-2,-5,-46
1756013254.4949446,-5,-4,-47
1756013254.532945,-5,-10,-39
1756013254.5689447,-5,-3,-40
1756013254.6079447,1,-1,-43
1756013254.644945,-3,-3,-46
1756013254.6839447,5,4,-49
1756013254.7199447,-1,-2,-43
1756013254.7579446,7,-6,-52
1756013254.7959447,5,-5,-53
1756013254.8339446,7,3,-44
1756013254.8699446,6,1,-47
1756013254.9069445,0,6,-55
1756013254.9449446,7,3,-62
1756013254.9829447,2,2,-58
1756013255.0279446,0,1,-57
1756013255.065945,4,-1,-44
1756013255.1039443,5,0,-55
1756013255.1409447,0,-4,-51
1756013255.177945,-6,7,-54
1756013255.2159443,0,0,-53
1756013255.2539446,0,0,-58
1756013255.2899446,6,0,-56
1756013255.3279445,2,-4,-63
1756013255.3659446,0,-7,-56
1756013255.404945,0,-4,-62
1756013255.4429443,0,-4,-63
1756013255.4789443,0,-2,-51
1756013255.5169446,6,-2,-51
1756013255.5549445,3,-1,-47
1756013255.5939443,-1,0,-48
1756013255.6299446,0,-1,-52
1756013255.6689446,-1,2,-41
1756013255.7059443,4,1,-58
1756013255.7439446,5,6,-55
1756013255.779945,-2,2,-63
1756013255.8169446,-2,4,-65
1756013255.8559446,-3,-3,-62
1756013255.8939445,-2,-2,-58
1756013255.9299445,1,-8,-60
1756013255.9669447,-2,-9,-50
1756013256.0049446,3,-4,-55
1756013256.0439446,-1,-2,-47
1756013256.0799446,-11,0,-41
1756013256.1189446,-1,0,-35
1756013256.1559446,-1,0,-48
1756013256.1949446,1,5,-48
1756013256.2319446,3,5,-59
1756013256.2689445,-10,0,-46
1756013256.3069446,0,-1,-48
1756013256.3449447,-3,-2,-57
1756013256.3839445,-2,-5,-47
1756013256.4199443,0,-8,-50
1756013256.4569447,6,-4,-56
1756013256.4949446,8,-4,-49
1756013256.5339446,1,-2,-52
1756013256.5699446,5,-5,-50
1756013256.6069446,3,0,-51
1756013256.644945,2,-1,-56
1756013256.6839447,-4,2,-39
1756013256.7199447,-6,3,-57
1756013256.756945,-1,-2,-53
1756013256.7959447,0,-3,-43
1756013256.8339446,-4,-1,-32
1756013256.8699446,-1,1,-32
1756013256.9069445,-6,0,-44
1756013256.9459443,-1,0,-51
1756013256.983945,0,-2,-43
1756013257.019945,0,0,-46
1756013257.0569446,-1,1,-53
1756013257.0959446,2,0,-43
1756013257.1339445,-2,4,-48
1756013257.1699443,-3,3,-48
1756013257.2069447,1,-1,-48
1756013257.2459445,-4,-2,-43
1756013257.2839446,-6,2,-51
1756013257.3199446,-7,0,-46
1756013257.3569446,-5,-4,-47
1756013257.3959446,4,-9,-54
1756013257.4339447,-9,-5,-57
1756013257.4699447,-7,-6,-60
1756013257.5079446,-1,-2,-60
1756013257.5459447,-2,0,-49
1756013257.5849447,-2,-1,-56
1756013257.6209445,0,-3,-49
1756013257.6589446,-7,-6,-44
1756013257.6979446,-6,-9,-49
1756013257.7359445,2,-2,-47
1756013257.7719443,0,-1,-48
1756013257.8099446,2,-5,-51
1756013257.8479445,0,-3,-44
1756013257.8859446,-1,4,-49
1756013257.9249446,3,4,-46
1756013257.960945,0,2,-54
1756013257.9979446,-5,-2,-51
1756013258.0359447,-3,2,-51
1756013258.0749447,4,-3,-46
1756013258.1109445,-2,-6,-52
1756013258.1489446,0,-4,-48
1756013258.1869447,0,2,-51
1756013258.2249446,5,5,-44
1756013258.2609446,-3,-3,-52
1756013258.2989447,-3,-3,-62
1756013258.3369446,-3,-3,-53
1756013258.3759446,5,-6,-45
1756013258.4119446,0,-3,-46
1756013258.4499447,0,0,-43
1756013258.486945,-5,1,-53
1756013258.5259447,0,0,-45
1756013258.5619447,2,-1,-49
1756013258.5999446,-10,3,-50
1756013258.6379447,-2,1,-57
1756013258.6769447,0,4,-55
1756013258.7149446,-1,3,-57
1756013258.7509446,-3,7,-42
1756013258.7899446,-1,1,-40
1756013258.8269446,3,-1,-40
1756013258.8659446,3,-2,-47
1756013258.9019446,2,-6,-43
1756013258.9399445,0,-4,-54
1756013258.9769447,2,7,-54
1756013259.0149446,-3,0,-52
1756013259.0509446,-2,-1,-45
1756013259.0899446,8,-2,-42
1756013259.1269443,1,-5,-40
1756013259.1659446,4,1,-50
1756013259.2019446,2,0,-54
1756013259.2399447,1,0,-53
1756013259.2769446,-4,-3,-44
1756013259.315945,-5,0,-62
1756013259.3519447,-2,-2,-66
1756013259.3899446,2,-2,-49
1756013259.427945,2,0,-58
1756013259.4669447,-2,-6,-53
1756013259.5029447,-2,0,-46
1756013259.5399446,1,2,-43
1756013259.5769446,4,0,-43
1756013259.6129446,6,-1,-42
1756013259.6509447,0,-1,-47
1756013259.6899445,1,-4,-57
1756013259.7269447,-2,-1,-61
1756013259.7659447,-1,-7,-55
1756013259.8019447,-8,-3,-54
1756013259.8399446,0,-2,-54
1756013259.8779447,-2,-4,-52
1756013259.9169445,3,-3,-56
1756013259.9529445,3,0,-51
1756013259.9899447,2,-2,-50
1756013260.0279446,0,-3,-58
1756013260.0669446,3,-4,-60
1756013260.1029446,0,-6,-65
1756013260.1399446,-1,-3,-46
1756013260.177945,-2,-3,-49
1756013260.2169447,-2,-2,-49
1756013260.2529447,7,-1,-57
1756013260.2899446,6,0,-46
1756013260.3279445,-4,0,-48
1756013260.3659446,-4,-2,-49
1756013260.4019446,-3,-3,-55
1756013260.4399445,-1,-4,-42
1756013260.4779446,-3,0,-53
1756013260.5169446,0,0,-50
1756013260.552945,2,0,-45
1756013260.5899446,-1,1,-48
1756013260.6279447,-4,-3,-48
1756013260.6669445,0,-6,-46
1756013260.7029445,0,-2,-42
1756013260.7399447,3,3,-47
1756013260.7779446,-3,3,-47
1756013260.8169446,-2,-4,-55
1756013260.8529446,-3,-4,-58
1756013260.8909447,-6,-4,-59
1756013260.9289446,-3,1,-49
1756013260.9679446,3,-8,-52
1756013261.0059447,-5,0,-47
1756013261.0419445,-4,0,-49
1756013261.0789447,6,-5,-62
1756013261.1179447,8,-2,-43
1756013261.1539447,-1,2,-51
1756013261.1919446,0,0,-50
1756013261.2289443,0,2,-46
1756013261.2669446,-2,1,-41
1756013261.302945,3,4,-54
1756013261.3399446,-1,-6,-45
1756013261.3779447,0,5,-55
1756013261.4169445,-3,7,-54
1756013261.4529445,0,0,-53
1756013261.4899447,-1,1,-60
1756013261.5279446,-10,2,-60
1756013261.5669446,-7,0,-61
1756013261.6029446,-9,0,-60
1756013261.6399446,2,2,-49
1756013261.677945,4,-1,-60
1756013261.713945,-1,-6,-56
1756013261.7519443,-5,0,-50
1756013261.7899446,-3,-2,-48
1756013261.8289447,-1,-4,-59
1756013261.8669446,4,2,-47
1756013261.9029446,1,7,-59
1756013261.9399445,6,1,-39
1756013261.9789443,1,-7,-35
1756013262.0169446,-5,-1,-42
1756013262.052945,-2,-4,-53
1756013262.0909443,0,0,-58
1756013262.1289446,-2,2,-65
1756013262.1669445,-1,-4,-53
1756013262.2029445,3,-6,-54
1756013262.2399447,2,0,-51
1756013262.2779446,-1,2,-49
1756013262.3139446,-2,-2,-62
1756013262.3519447,0,-8,-52
1756013262.3899446,-5,-8,-42
1756013262.4289446,-6,0,-46
1756013262.4669447,1,-1,-51
1756013262.5029447,7,-3,-42
1756013262.5399446,-5,-1,-44
1756013262.5789447,-5,1,-44
1756013262.6169446,-2,3,-54
1756013262.6529446,-2,0,-56
1756013262.6899445,3,-1,-51
1756013262.7289443,3,-1,-60
1756013262.7649446,-3,-2,-61
1756013262.802945,2,2,-54
1756013262.8399446,-7,-1,-59
1756013262.8789446,0,0,-57
1756013262.9149446,-4,-4,-67
1756013262.9529445,-6,0,-59
1756013262.9909446,-1,-1,-58
1756013263.0289447,-5,-3,-47
1756013263.0679443,-1,-5,-45
1756013263.1039443,3,-1,-53
1756013263.1419446,3,-2,-55
1756013263.1809447,0,1,-57
1756013263.2189443,-3,-6,-51
1756013263.2549446,2,0,-49
1756013263.2919445,16,-5,-51
1756013263.3299446,3,-5,-64
1756013263.3689446,6,-8,-61
1756013263.404945,0,-10,-62
1756013263.4419446,-1,-7,-64
1756013263.4809446,-5,4,-64
1756013263.5189445,-3,6,-61
1756013263.5549445,-5,1,-44
1756013263.5929446,-6,2,-62
1756013263.6309447,-11,-1,-66
1756013263.6699443,-9,-1,-49
1756013263.7079446,6,-3,-52
1756013263.7439446,-5,-3,-56
1756013263.7819445,5,-1,-57
1756013263.8199446,2,-6,-55
1756013263.858945,1,0,-50
1756013263.894945,4,-6,-51
1756013263.9339447,0,-4,-54
1756013263.9709446,2,0,-60
1756013264.009945,8,0,-55
1756013264.0479443,0,10,-57
1756013264.0839446,0,7,-54
1756013264.1209445,-1,-4,-55
1756013264.1599443,0,-12,-56
1756013264.1979446,0,-5,-54
1756013264.233945,-2,-3,-44
1756013264.2729447,0,-3,-49
1756013264.3099446,3,-9,-39
1756013264.348945,1,-5,-47
1756013264.384945,-4,-7,-54
1756013264.4239447,-4,-7,-49
1756013264.460945,1,-7,-41
1756013264.4999447,-2,-4,-46
1756013264.5359447,0,1,-59
1756013264.5729446,-5,-3,-54
1756013264.6109445,-2,-7,-47
1756013264.6499443,-1,1,-53
1756013264.6859446,-3,1,-51
1756013264.7229445,-2,-2,-47
1756013264.7609446,3,-5,-55
1756013264.7999446,3,1,-54
1756013264.835945,2,-3,-58
1756013264.8729446,-4,-1,-48
1756013264.9109447,0,-3,-56
1756013264.9499447,2,-4,-50
1756013264.9859445,2,-1,-45
1756013265.0319445,0,-3,-43
1756013265.0699446,5,0,-46
1756013265.1059446,2,-1,-47
1756013265.1429446,1,-1,-46
1756013265.1809447,0,-7,-46
1756013265.2199447,0,4,-47
1756013265.2559447,2,1,-38
1756013265.292945,-2,-2,-54
1756013265.3309443,1,-4,-55
1756013265.3699446,4,-4,-49
1756013265.4059446,-1,2,-57
1756013265.4429443,5,1,-45
1756013265.4809446,3,-7,-42
1756013265.5189445,0,-4,-59
1756013265.5549445,-8,-6,-59
1756013265.5929446,-1,-6,-49
1756013265.6309447,8,0,-54
1756013265.6689446,-2,1,-55
1756013265.7049446,0,-4,-45
1756013265.7429447,2,-7,-55
1756013265.7809446,0,0,-47
1756013265.8189447,1,-6,-52
1756013265.8559446,3,-4,-59
1756013265.8929446,9,-4,-53
1756013265.9309447,2,-4,-50
1756013265.9699447,-1,-6,-52
1756013266.0059447,-2,-3,-48
1756013266.0439446,-11,-1,-47
1756013266.0819447,-1,6,-46
1756013266.1209445,9,-1,-55
1756013266.1569445,9,1,-57
1756013266.1939447,3,-5,-42
1756013266.2319446,3,-10,-57
1756013266.2709446,0,-8,-44
1756013266.3069446,0,-1,-50
1756013266.3439443,-1,-1,-59
1756013266.381945,0,4,-56
1756013266.4199443,-7,2,-59
1756013266.4559443,-8,0,-53
1756013266.4929447,0,3,-52
1756013266.5309446,3,4,-51
1756013266.5669446,4,2,-53
1756013266.6039443,2,-1,-50
1756013266.6429446,-1,-3,-33
1756013266.6809447,5,3,-36
1756013266.7169447,4,3,-39
1756013266.7539446,-1,-1,-48
1756013266.792945,0,-6,-58
1756013266.8309443,-5,-10,-54
1756013266.8669446,2,0,-52
1756013266.9039447,7,0,-48
1756013266.9419446,3,-5,-55
1756013266.9809446,0,4,-60
1756013267.0169446,-4,1,-55
1756013267.0539446,0,-1,-63
1756013267.0919447,-3,-1,-66
1756013267.1309447,0,-4,-48
1756013267.1669445,0,-6,-54
1756013267.2039447,0,1,-46
1756013267.2419446,3,-3,-47
1756013267.2809446,-4,2,-54
1756013267.3169446,-2,3,-59
1756013267.3539443,0,0,-54
1756013267.3929446,-4,0,-54
1756013267.4309447,3,-8,-53
1756013267.4669447,0,-9,-56
1756013267.5039446,6,-5,-61
1756013267.542945,0,0,-49
1756013267.5809443,-8,-1,-50
1756013267.6169446,-5,3,-59
1756013267.6539447,-4,8,-59
1756013267.6929443,0,1,-51
1756013267.7309446,0,0,-59
1756013267.7669446,-1,1,-56
1756013267.8039446,-4,2,-55
1756013267.8429446,-3,9,-57
1756013267.8809447,2,7,-65
1756013267.9169445,4,0,-66
1756013267.9539447,2,-3,-51
1756013267.9919446,5,2,-41
1756013268.0309446,1,-3,-52
1756013268.0669446,2,0,-48
1756013268.1039443,3,3,-50
1756013268.1429446,-2,2,-46
1756013268.1809447,0,-3,-35
1756013268.2169447,-1,1,-42
1756013268.2559447,0,2,-42
1756013268.292945,2,0,-62
1756013268.3309443,-1,-5,-53
1756013268.3669446,-3,0,-57
1756013268.4039447,-2,-2,-64
1756013268.4429443,-2,4,-58
1756013268.4809446,-5,2,-49
1756013268.5169446,1,-4,-46
1756013268.5539446,3,1,-52
1756013268.5929446,-2,2,-58
1756013268.6309447,2,1,-62
1756013268.6669445,-5,-1,-46
1756013268.7059443,1,0,-61
1756013268.7429447,0,-5,-44
1756013268.7819445,6,-6,-57
1756013268.8179443,-1,-9,-52
1756013268.8559446,6,-10,-49
1756013268.8929446,8,-10,-42
1756013268.9319446,8,-11,-42
1756013268.9679446,2,-4,-52
1756013269.0059447,4,0,-49
1756013269.042945,2,1,-53
1756013269.0809443,-1,-2,-54
1756013269.1169446,3,-7,-58
1756013269.1539447,0,1,-58
1756013269.1929443,5,-2,-46
1756013269.2309446,-3,0,-55
1756013269.2669446,-3,-2,-57
1756013269.3059447,5,-5,-48
1756013269.3429446,4,1,-59
1756013269.3789446,-3,0,-54
1756013269.4159446,7,-2,-47
1756013269.4539447,4,0,-49
1756013269.4929447,0,-5,-55
1756013269.5289447,0,-4,-56
1756013269.565945,-3,-3,-57
1756013269.6039443,-9,7,-53
1756013269.6429446,-4,-2,-51
1756013269.6789446,-3,0,-62
1756013269.7159443,3,1,-52
1756013269.7529447,-1,3,-49
1756013269.7919445,2,-3,-62
1756013269.8279445,-3,-3,-55
1756013269.8659446,-5,-4,-65
1756013269.9039447,4,-3,-53
1756013269.9429443,0,2,-50
1756013269.9789443,-1,-6,-46
1756013270.0169446,-4,-1,-52
1756013270.0559447,-3,-3,-60
1756013270.0939443,-4,-3,-58
1756013270.131945,4,-1,-50
1756013270.167945,11,-1,-60
1756013270.2049446,-1,-3,-50
1756013270.2439446,-5,-4,-55
1756013270.2819445,0,-2,-49
1756013270.3179443,-1,0,-33
1756013270.3549447,2,1,-50
1756013270.3939445,-1,-6,-58
1756013270.4319446,0,1,-53
1756013270.4679446,4,-6,-53
1756013270.5059447,6,3,-45
1756013270.5439446,1,0,-50
1756013270.5819447,3,2,-60
1756013270.6179447,1,3,-64
1756013270.654945,1,-3,-50
1756013270.6939447,6,-6,-55
1756013270.7319446,0,3,-54
1756013270.7679446,-5,1,-51
1756013270.8059447,0,0,-43
1756013270.8439443,-10,-4,-43
1756013270.881945,1,-4,-50
1756013270.917945,5,1,-65
1756013270.9549446,-6,-2,-50
1756013270.9939446,-2,0,-60
1756013271.0319445,1,0,-58
1756013271.0679443,1,-2,-50
1756013271.1049447,-7,-1,-60
1756013271.1439445,-4,1,-45
1756013271.1809447,-4,-1,-45
1756013271.2179446,0,5,-42
1756013271.2549446,5,4,-43
1756013271.292945,0,1,-55
1756013271.3289447,-2,4,-60
1756013271.3659446,3,0,-59
1756013271.4039447,-2,-5,-53
1756013271.4399445,-6,2,-51
1756013271.4769447,-2,-2,-54
1756013271.5149446,-6,0,-49
1756013271.5539446,-2,1,-51
1756013271.5899446,-3,0,-44
1756013271.6279447,3,3,-49
1756013271.6649446,6,0,-53
1756013271.7029445,3,-4,-53
1756013271.7399447,2,-3,-45
1756013271.7769446,9,0,-54
1756013271.8149445,-3,-1,-43
1756013271.8529446,-4,-2,-51
1756013271.8899446,-2,-4,-48
1756013271.9269447,-1,2,-54
1756013271.9649446,3,2,-58
1756013272.0029447,3,-2,-65
1756013272.0389447,0,-6,-61
1756013272.0769446,-4,-4,-67
1756013272.1149447,-1,-4,-48
1756013272.1539447,0,4,-43
1756013272.1899445,-1,2,-48
1756013272.2269447,2,0,-52
1756013272.2649446,2,4,-54
1756013272.302945,-2,3,-50
1756013272.338945,-6,3,-52
1756013272.3769443,3,6,-46
1756013272.4149446,1,0,-59
1756013272.4529445,1,0,-60
1756013272.4889443,-3,-1,-65
1756013272.5269446,-3,0,-64
1756013272.5649445,0,1,-58
1756013272.6029446,-4,5,-55
1756013272.6389446,1,-1,-57
1756013272.6769447,1,-1,-56
1756013272.7149446,-3,-8,-54
1756013272.7539446,-1,0,-60
1756013272.7899446,-1,1,-52
1756013272.8269446,0,1,-55
1756013272.8649447,0,-2,-45
1756013272.9009447,2,-5,-48
1756013272.937945,0,-7,-48
1756013272.9769447,5,-3,-50
1756013273.0149446,0,-1,-58
1756013273.0509446,4,-7,-50
1756013273.0879445,12,-2,-57
1756013273.1269443,0,-8,-54
1756013273.1649446,0,3,-51
1756013273.200945,1,1,-50
1756013273.2379446,-4,-7,-51
1756013273.2759447,0,-9,-53
1756013273.3149445,-1,1,-50
1756013273.3509445,-1,5,-38
1756013273.3879447,-1,0,-33
1756013273.4259446,-4,-3,-45
1756013273.4649446,-2,0,-45
1756013273.5009446,0,1,-41
1756013273.5389447,0,7,-47
1756013273.575945,13,-1,-49
1756013273.6149447,8,2,-57
1756013273.6509447,3,5,-60
1756013273.687945,3,3,-48
1756013273.7259445,0,5,-55
1756013273.7639446,3,5,-62
1756013273.7999446,9,4,-57
1756013273.8369446,3,-2,-52
1756013273.8759446,-3,-1,-56
1756013273.9139447,-4,1,-59
1756013273.9499447,3,0,-54
1756013273.986945,1,6,-47
1756013274.0249443,6,-1,-59
1756013274.0609446,-2,-2,-58
1756013274.098945,2,4,-54
1756013274.1359446,2,4,-47
1756013274.1739447,2,5,-53
1756013274.2099447,-3,1,-53
1756013274.246945,4,-1,-54
1756013274.2859447,3,-2,-55
1756013274.3239446,4,4,-46
1756013274.3599446,0,0,-39
1756013274.3969443,-3,8,-46
1756013274.4359446,-2,-1,-51
1756013274.4719446,2,-3,-44
1756013274.5109446,-4,-3,-47
1756013274.5489447,0,3,-45
1756013274.585945,4,-1,-44
1756013274.6249447,-7,-3,-54
1756013274.6609447,0,-1,-48
1756013274.6989446,3,0,-51
1756013274.7359445,3,-7,-52
1756013274.7749443,3,-1,-73
1756013274.8109446,2,0,-57
1756013274.848945,-4,-2,-54
1756013274.8859446,2,-5,-58
1756013274.9249446,3,-5,-51
1756013274.960945,6,0,-63
1756013274.9989443,0,-4,-59
1756013275.0419445,0,0,-53
1756013275.0799446,4,2,-49
1756013275.1179447,0,2,-46
1756013275.1569445,3,2,-53
1756013275.1949446,1,3,-55
1756013275.2309446,0,-1,-57
1756013275.2679446,0,-2,-62
1756013275.3069446,1,-5,-58
1756013275.3449447,8,-6,-55
1756013275.3809447,5,-3,-58
1756013275.417945,9,-6,-42
1756013275.4569447,0,-10,-48
1756013275.4949446,-6,-11,-49
1756013275.5309446,0,-2,-50
1756013275.5689447,-1,-5,-54
1756013275.6069446,-3,-2,-49
1756013275.6459446,0,-1,-42
1756013275.6819446,-1,-2,-43
1756013275.7199447,3,-5,-53
1756013275.7579446,-9,-5,-49
1756013275.7969446,0,-4,-42
1756013275.8349447,5,1,-46
1756013275.8709445,4,0,-47
1756013275.907945,-1,-7,-50
1756013275.9469447,-8,-5,-42
1756013275.9849446,1,-2,-50
1756013276.0209446,-8,-6,-56
1756013276.0589447,-1,-6,-51
1756013276.0969446,-1,-1,-56
1756013276.1359446,5,0,-53
1756013276.1719446,2,-7,-51
1756013276.2099447,-1,1,-52
1756013276.2479446,0,4,-48
1756013276.2859447,0,0,-64
1756013276.3219447,-4,-4,-54
1756013276.3599446,0,1,-58
1756013276.3969443,1,-4,-56
1756013276.4359446,0,-6,-50
1756013276.4719446,-3,-4,-39
1756013276.509945,-4,3,-52
1756013276.5479443,3,-4,-52
1756013276.5869446,9,-9,-55
1756013276.6229446,8,-13,-48
1756013276.6619446,8,-2,-50
1756013276.6999447,0,-3,-52
1756013276.7379446,-5,-1,-47
1756013276.7759447,7,-1,-54
1756013276.8119447,0,0,-54
1756013276.8499446,0,-2,-62
1756013276.8879447,2,-4,-53
1756013276.9259446,-5,-2,-57
1756013276.9619446,-1,-2,-50
1756013276.9999447,0,-2,-56
1756013277.0379446,-2,-1,-49
1756013277.0769446,1,0,-59
1756013277.1129446,0,-1,-58
1756013277.1509447,-2,-3,-58
1756013277.1889446,1,-7,-54
1756013277.2279446,-1,-4,-48
1756013277.2659447,1,-1,-51
1756013277.3019447,-4,-5,-48
1756013277.3399446,-5,2,-59
1756013277.3789446,2,0,-58
1756013277.4169445,1,-3,-42
1756013277.4529445,2,-2,-45
1756013277.4899447,-2,4,-60
1756013277.5289447,0,-3,-58
1756013277.5669446,-2,-2,-51
1756013277.6029446,-2,0,-47
1756013277.6399446,-3,0,-48
1756013277.677945,7,0,-48
1756013277.7169447,5,-5,-55
1756013277.7529447,1,-1,-51
1756013277.7899446,3,-2,-60
1756013277.8279445,0,-7,-57
1756013277.8669446,-2,1,-41
1756013277.9029446,-3,0,-57
1756013277.940945,1,-1,-53
1756013277.9779446,2,-4,-59
1756013278.0169446,2,-6,-47
1756013278.052945,-1,0,-54
1756013278.0899446,-4,0,-47
1756013278.1279447,3,-5,-51
1756013278.1669445,4,-10,-49
1756013278.2029445,4,-3,-46
1756013278.2399447,-3,1,-56
1756013278.2779446,-6,-2,-54
1756013278.3169446,-1,-2,-46
1756013278.3529446,3,0,-39
1756013278.3899446,0,2,-42
1756013278.4289446,-1,2,-42
1756013278.4669447,-1,0,-41
1756013278.5029447,-8,0,-47
1756013278.5399446,0,1,-51
1756013278.5789447,0,-1,-61
1756013278.6169446,5,1,-43
1756013278.6529446,11,5,-48
1756013278.6899445,7,4,-60
1756013278.7289443,0,1,-60
1756013278.7669446,-2,0,-43
1756013278.802945,-2,3,-54
1756013278.8399446,-4,4,-52
1756013278.8789446,0,-2,-61
1756013278.9169445,1,-4,-64
1756013278.9529445,-2,-3,-62
1756013278.9909446,-5,-2,-59
1756013279.029945,-2,-8,-47
1756013279.0679443,-6,-2,-45
1756013279.1039443,-8,0,-48
1756013279.1409447,-2,-4,-44
1756013279.1789446,-6,-6,-45
1756013279.2179446,-1,-7,-45
1756013279.2539446,0,-4,-45
1756013279.2909446,1,-8,-48
1756013279.3289447,-4,-6,-38
1756013279.3679447,-2,-6,-45
1756013279.4039447,0,-4,-56
1756013279.440945,3,-3,-43
1756013279.4799447,3,-1,-54
1756013279.5179446,0,3,-51
1756013279.5539446,0,0,-49
1756013279.5909443,-2,-4,-59
1756013279.6289446,4,-1,-48
1756013279.667945,0,2,-46
1756013279.7039447,6,0,-51
1756013279.7409446,8,0,-61
1756013279.7789447,2,-3,-57
1756013279.8179443,-5,-5,-61
1756013279.8539443,-2,-3,-58
1756013279.8919446,-5,-6,-50
1756013279.9299445,-2,0,-54
1756013279.9689443,4,-2,-52
1756013280.0049446,4,-4,-52
1756013280.0419445,-2,-1,-61
1756013280.0799446,2,-3,-60
1756013280.1189446,5,5,-47
1756013280.154945,4,-3,-49
1756013280.1919446,1,-5,-46
1756013280.2299447,4,-11,-41
1756013280.2689445,3,-4,-50
1756013280.3049445,1,-3,-46
1756013280.3419447,0,3,-52
1756013280.3799446,-8,-2,-55
1756013280.417945,6,-1,-46
1756013280.4539447,1,2,-46
1756013280.4909446,-3,2,-48
1756013280.529945,4,-5,-50
1756013280.5679443,1,0,-58
1756013280.6039443,0,-1,-57
1756013280.6409447,-2,-5,-50
1756013280.6799445,-2,-1,-43
1756013280.7179446,0,0,-50
1756013280.7539446,-1,-4,-50
1756013280.7919445,1,-1,-53
1756013280.8309443,-2,0,-59
1756013280.8689446,-5,-4,-57
1756013280.904945,-1,0,-56
1756013280.9439447,0,-6,-43
1756013280.9809446,-4,-1,-46
1756013281.019945,-6,-2,-55
1756013281.0559447,1,3,-50
1756013281.0939443,5,3,-55
1756013281.1309447,5,-2,-55
1756013281.1699443,1,0,-50
1756013281.2059443,0,1,-53
1756013281.2439446,2,-3,-52
1756013281.2809446,0,-3,-61
1756013281.3199446,1,-8,-56
1756013281.3559446,3,0,-58
1756013281.3939445,6,8,-58
1756013281.4309447,8,6,-48
1756013281.4699447,1,0,-53
1756013281.5059447,0,3,-64
1756013281.5439446,4,2,-63
1756013281.5809443,5,0,-67
1756013281.6189446,1,-1,-64
1756013281.654945,-5,5,-62
1756013281.6919446,-1,2,-53
1756013281.7309446,0,-3,-47
1756013281.7689445,-3,1,-44
1756013281.8049445,0,-5,-44
1756013281.8419447,-1,-6,-48
1756013281.8809447,0,-2,-47
1756013281.9189446,5,-8,-48
1756013281.9549446,-3,-5,-54
1756013281.9929447,-2,0,-54
1756013282.0309446,4,0,-42
1756013282.0689447,5,3,-50
1756013282.1049447,5,2,-53
1756013282.1419446,-2,-6,-49
1756013282.1809447,-6,-10,-49
1756013282.2189443,-5,0,-63
1756013282.2549446,-6,-2,-59
1756013282.2939446,0,-2,-47
1756013282.3309443,0,4,-54
1756013282.3689446,-3,8,-47
1756013282.404945,-7,3,-40
1756013282.4419446,2,0,-46
1756013282.4809446,-5,0,-49
1756013282.5189445,-5,-3,-47
1756013282.5549445,-1,-2,-48
1756013282.5929446,1,-2,-60
1756013282.6309447,0,0,-51
1756013282.6669445,0,3,-46
1756013282.7039447,11,0,-73
1756013282.7409446,0,0,-52
1756013282.7769446,3,2,-52
1756013282.8139446,1,3,-52
1756013282.8519447,0,0,-48
1756013282.8899446,3,4,-50
1756013282.9259446,-6,1,-54
1756013282.9629445,-1,6,-39
1756013283.0009446,0,-2,-41
1756013283.0399446,5,0,-44
1756013283.075945,4,-1,-49
1756013283.1129446,0,0,-58
1756013283.1509447,-4,0,-53
1756013283.1869447,0,0,-54
1756013283.223945,4,5,-55
1756013283.2609446,3,0,-53
1756013283.2969446,1,0,-49
1756013283.3339446,-2,3,-47
1756013283.371945,-5,0,-58
1756013283.4109447,-7,0,-56
1756013283.4469447,-3,-1,-54
1756013283.4849446,-3,3,-61
1756013283.5229447,1,1,-64
1756013283.5609446,5,7,-63
1756013283.5969446,1,10,-50
1756013283.6339445,-8,-2,-50
1756013283.6719446,-5,-1,-50
1756013283.710945,-3,5,-57
1756013283.746945,5,4,-49
1756013283.7839446,4,0,-58
1756013283.8219447,0,-1,-54
1756013283.8609445,2,-2,-50
1756013283.8969443,4,0,-48
1756013283.9339447,-3,0,-56
1756013283.9719446,1,6,-50
1756013284.009945,0,4,-50
1756013284.0469446,6,7,-51
1756013284.0839446,4,3,-49
1756013284.121945,4,3,-43
1756013284.1609447,2,0,-39
1756013284.1969447,4,6,-42
1756013284.233945,-1,0,-42
1756013284.2719443,1,1,-56
1756013284.3109446,1,-1,-57
1756013284.3469446,0,-7,-57
1756013284.3839445,0,0,-56
1756013284.4219446,0,0,-63
1756013284.460945,0,3,-61
1756013284.496945,4,0,-57
1756013284.5339446,7,-5,-47
1756013284.5719447,0,0,-37
1756013284.6109445,0,2,-47
1756013284.6469443,-3,0,-58
1756013284.6839447,0,-1,-56
1756013284.7219446,-2,1,-51
1756013284.7609446,-2,0,-48
1756013284.7969446,-5,-7,-35
1756013284.8349447,0,-1,-37
1756013284.8729446,2,-1,-42
1756013284.9119446,9,-5,-53
1756013284.9479446,6,-2,-56
1756013284.9859445,-2,-5,-54
1756013285.0229447,-3,-5,-46
1756013285.0679443,-6,-3,-53
1756013285.1049447,-6,1,-49
1756013285.1429446,3,-2,-46
1756013285.1819446,1,-1,-56
1756013285.2179446,-1,1,-59
1756013285.2549446,-3,0,-45
1756013285.292945,-1,-2,-58
1756013285.3319447,1,0,-57
1756013285.3689446,1,0,-47
1756013285.4059446,0,-2,-50
1756013285.4449446,0,0,-53
1756013285.4829447,0,4,-52
1756013285.5209446,-15,-1,-50
1756013285.5569446,-6,-3,-55
1756013285.5949447,-9,0,-47
1756013285.6329446,0,0,-49
1756013285.6719446,-3,-2,-55
1756013285.7079446,-2,0,-49
1756013285.7449446,5,5,-54
1756013285.782945,-6,-3,-43
1756013285.8209443,-1,6,-41
1756013285.8569446,-2,3,-52
1756013285.894945,-1,6,-54
1756013285.9329443,-2,-3,-45
1756013285.9709446,2,-1,-51
1756013286.006945,-5,3,-49
1756013286.0449443,0,9,-51
1756013286.0829446,7,3,-55
1756013286.1189446,1,10,-50
1756013286.1559446,0,3,-53
1756013286.1929443,3,-3,-53
1756013286.2319446,0,-8,-48
1756013286.2679446,-9,-1,-50
1756013286.3059447,2,-3,-47
1756013286.3449447,0,5,-54
1756013286.3829446,-1,2,-53
1756013286.4189446,3,0,-47
1756013286.4559443,5,3,-56
1756013286.4929447,4,2,-64
1756013286.5289447,-2,-2,-61
1756013286.5669446,-4,1,-62
1756013286.6059446,3,-2,-58
1756013286.6429446,6,-3,-48
1756013286.6819446,0,-1,-52
1756013286.7179446,-8,3,-56
1756013286.7559447,-8,1,-65
1756013286.7949443,-4,4,-60
1756013286.8329446,3,0,-55
1756013286.8689446,-1,0,-60
1756013286.9059446,6,2,-59
1756013286.9439447,7,-2,-57
1756013286.9819446,-2,2,-49
1756013287.0179446,-3,3,-42
1756013287.0549445,-3,4,-55
1756013287.0939443,-7,0,-55
1756013287.131945,-5,0,-60
1756013287.167945,0,-2,-52
1756013287.2059443,5,2,-64
1756013287.2439446,2,0,-57
1756013287.2819445,7,2,-44
1756013287.3179443,1,-1,-44
1756013287.3559446,-1,-2,-42
1756013287.3939445,0,-1,-46
1756013287.4319446,-8,10,-62
1756013287.4679446,-6,7,-49
1756013287.5059447,-4,0,-53
1756013287.5449443,-6,-5,-51
1756013287.5829446,-5,-1,-53
1756013287.6189446,-3,-3,-48
1756013287.6569445,0,-8,-45
1756013287.6949446,-2,-3,-52
1756013287.733945,0,3,-52
1756013287.769945,-7,0,-47
1756013287.8069446,0,-2,-51
1756013287.8449447,5,5,-54
1756013287.8839445,-1,-1,-45
1756013287.9199443,0,0,-49
1756013287.9569447,0,-7,-51
1756013287.9949446,-6,0,-58
1756013288.0339446,-3,-1,-47
1756013288.0699446,0,-2,-56
1756013288.1069446,0,4,-51
1756013288.144945,0,0,-55
1756013288.1829443,6,6,-59
1756013288.2189443,5,6,-58
1756013288.2559447,2,7,-53
1756013288.2949443,3,4,-62
1756013288.3329446,5,0,-49
1756013288.3689446,0,-1,-63
1756013288.4059446,0,0,-62
1756013288.4439447,-5,-6,-52
1756013288.4799447,-6,-7,-58
1756013288.5179446,-1,-6,-54
1756013288.5559447,2,-3,-56
1756013288.5949447,0,-5,-61
1756013288.6329446,0,0,-59
1756013288.6689446,-4,-5,-62
1756013288.7069447,2,-5,-54
1756013288.7449446,3,-9,-44
1756013288.7839446,-5,-1,-41
1756013288.8199446,-5,7,-48
1756013288.8569446,1,-2,-49
1756013288.894945,0,-4,-47
1756013288.9339447,2,0,-57
1756013288.9699447,-2,3,-47
1756013289.006945,0,0,-42
1756013289.0449443,2,-1,-49
1756013289.0829446,-4,0,-47
1756013289.1189446,-5,-2,-53
1756013289.1569445,0,-6,-49
1756013289.1949446,-1,-2,-48
1756013289.233945,4,0,-43
1756013289.269945,-1,5,-51
1756013289.3069446,1,1,-50
1756013289.3449447,3,0,-51
1756013289.3839445,-4,1,-53
1756013289.4199443,-6,1,-44
1756013289.4569447,0,0,-41
1756013289.4949446,-3,-6,-49
1756013289.5309446,1,-5,-50
1756013289.5679443,6,-2,-54
1756013289.6059446,0,-2,-53
1756013289.6439445,3,-9,-48
1756013289.6799445,5,-7,-39
1756013289.7179446,2,0,-57
1756013289.7559447,0,-4,-60
1756013289.7949443,5,-4,-60
1756013289.8309443,0,0,-59
1756013289.8679447,7,-6,-51
1756013289.9059446,-3,-3,-46
1756013289.9449446,0,4,-43
1756013289.9809446,1,4,-51
1756013290.0179446,2,-2,-47
1756013290.0559447,0,-2,-53
1756013290.0949447,0,-1,-43
1756013290.1309447,0,-1,-52
1756013290.167945,10,-2,-51
1756013290.2059443,3,0,-65
1756013290.2439446,2,2,-45
1756013290.279945,3,-1,-47
1756013290.3189447,1,-2,-39
1756013290.3559446,1,1,-51
1756013290.3939445,7,-3,-50
1756013290.4309447,7,-8,-56
1756013290.4679446,-4,0,-56
1756013290.5059447,3,0,-54
1756013290.5439446,-1,2,-48
1756013290.5799446,0,3,-43
1756013290.6179447,4,-5,-47
1756013290.6559446,5,-6,-36
1756013290.6939447,2,-2,-44
1756013290.7299447,0,4,-54
1756013290.7679446,2,0,-51
1756013290.8059447,5,-3,-56
1756013290.8439443,-6,-3,-54
1756013290.8799446,2,-5,-43
1756013290.917945,7,-2,-56
1756013290.9559443,-1,-3,-50
1756013290.9949446,-7,0,-49
1756013291.0309446,-1,2,-43
1756013291.0679443,0,3,-57
1756013291.1059446,0,0,-59
1756013291.1419446,5,-5,-51
1756013291.1789446,8,-3,-58
1756013291.2169447,1,2,-56
1756013291.2559447,-6,1,-57
1756013291.2919445,-6,6,-55
1756013291.3299446,-6,6,-67
1756013291.3679447,-4,3,-64
1756013291.4059446,-3,2,-64
1756013291.4449446,-1,-2,-55
1756013291.4809446,1,0,-52
1756013291.5179446,6,0,-50
1756013291.5559447,0,1,-48
1756013291.5919447,8,-1,-56
1756013291.6299446,5,5,-74
1756013291.667945,2,1,-62
1756013291.7069447,-3,3,-48
1756013291.7449446,0,-3,-49
1756013291.7809446,-1,-3,-49
1756013291.8189447,3,4,-49
1756013291.8569446,0,4,-59
1756013291.894945,-6,3,-59
1756013291.9309447,0,-1,-57
1756013291.9689443,7,1,-46
1756013292.006945,2,-8,-53
1756013292.0449443,4,3,-45
1756013292.0809443,-4,-1,-47
1756013292.1189446,-6,2,-34
1756013292.1569445,2,-4,-41
1756013292.1959443,-3,-3,-56
1756013292.2319446,0,-4,-54
1756013292.2689445,4,0,-49
1756013292.3069446,-2,-2,-58
1756013292.3459446,5,-4,-42
1756013292.381945,7,-7,-53
1756013292.4199443,9,-2,-39
1756013292.4579446,6,-1,-41
1756013292.496945,5,-3,-52
1756013292.5349443,2,0,-55
1756013292.5709443,4,0,-53
1756013292.6079447,-3,-2,-44
1756013292.6469443,-2,1,-50
1756013292.6849446,-1,1,-60
1756013292.7219446,3,-3,-58
1756013292.7589445,0,-6,-53
1756013292.7969446,3,-3,-49
1756013292.835945,-11,6,-57
1756013292.871945,-1,9,-58
1756013292.9089446,0,4,-52
1756013292.9469447,-2,0,-50
1756013292.9859445,-5,-3,-47
1756013293.0219443,-2,-1,-53
1756013293.0599446,0,0,-45
1756013293.0979445,0,-7,-44
1756013293.1369443,1,-5,-49
1756013293.1729443,0,-3,-45
1756013293.2099447,1,-1,-56
1756013293.2479446,2,1,-60
1756013293.2869446,0,3,-65
1756013293.3229446,2,-1,-61
1756013293.3599446,-2,-3,-67
1756013293.3979447,2,-5,-60
1756013293.4369447,0,-5,-65
1756013293.4729445,-4,-2,-62
1756013293.5109446,-4,-5,-48
1756013293.5489447,2,-3,-56
1756013293.5879445,3,-2,-66
1756013293.6259446,1,0,-52
1756013293.6619446,3,-3,-50
1756013293.6989446,0,-1,-58
1756013293.7379446,-6,-6,-59
1756013293.7759447,2,-4,-56
1756013293.8119447,5,1,-49
1756013293.848945,4,2,-52
1756013293.8869443,-3,2,-52
1756013293.9229443,-1,-1,-51
1756013293.960945,0,1,-43
1756013293.9989443,2,-2,-54
1756013294.0379446,-2,-3,-54
1756013294.075945,4,-5,-54
1756013294.111945,1,-3,-53
1756013294.1499443,1,-1,-55
1756013294.187945,0,3,-53
1756013294.2259445,0,2,-57
1756013294.2619443,0,2,-55
1756013294.2989447,0,4,-49
1756013294.3369446,1,3,-55
1756013294.3729446,1,4,-53
1756013294.4099443,1,3,-50
1756013294.4479446,-8,-1,-40
1756013294.483945,3,-3,-52
1756013294.5229447,2,2,-46
1756013294.5599446,-4,-7,-49
1756013294.5979445,3,0,-52
1756013294.6369443,0,0,-56
1756013294.6729443,-3,-3,-48
1756013294.710945,-4,-3,-57
1756013294.7489443,-6,-1,-46
1756013294.7879446,-3,-7,-39
1756013294.8239446,-2,-7,-55
1756013294.861945,-1,0,-49
1756013294.8999443,-4,0,-52
1756013294.937945,0,-3,-58
1756013294.9769447,4,-1,-59
1756013295.0129447,4,0,-55
1756013295.0509446,0,0,-59
1756013295.0969446,-4,-1,-54
1756013295.1329446,0,3,-67
1756013295.1699443,1,5,-52
1756013295.2089446,-2,2,-49
1756013295.246945,7,-1,-59
1756013295.282945,12,1,-54
1756013295.3199446,0,-3,-46
1756013295.358945,2,-4,-48
1756013295.3969443,-3,-3,-37
1756013295.4329443,0,0,-55
1756013295.4699447,4,4,-49
1756013295.5079446,-1,3,-51
1756013295.5439446,5,6,-54
1756013295.5829446,-1,0,-39
1756013295.6199446,2,4,-45
1756013295.6589446,0,5,-50
1756013295.6969447,3,5,-46
1756013295.7329447,1,4,-50
1756013295.7709446,7,6,-53
1756013295.8089447,1,4,-57
1756013295.8469446,0,-1,-45
1756013295.8829446,1,-1,-44
1756013295.9199443,-3,0,-45
1756013295.9589446,-11,-2,-61
1756013295.996945,5,0,-49
1756013296.032945,-2,0,-48
1756013296.0699446,7,5,-57
1756013296.108945,4,2,-55
1756013296.144945,8,-1,-54
1756013296.1829443,-1,0,-45
1756013296.2209446,-5,-5,-55
1756013296.2589445,-7,-4,-55
1756013296.2979443,5,-1,-52
1756013296.3339446,-2,2,-47
1756013296.3709445,0,-1,-50
1756013296.4089446,0,7,-50
1756013296.4479446,-8,1,-61
1756013296.483945,-6,3,-58
1756013296.5209446,-4,-4,-53
1756013296.5589447,3,-1,-40
1756013296.5979445,5,0,-37
1756013296.6339445,4,2,-42
1756013296.6709447,-1,1,-45
1756013296.7099447,0,-2,-55
1756013296.7479446,-1,6,-59
1756013296.7839446,-3,1,-57
1756013296.8209443,3,-1,-63
1756013296.8599446,0,-2,-64
1756013296.8979447,5,-5,-55
1756013296.9339447,0,-2,-51
1756013296.9709446,-5,1,-45
1756013297.009945,2,5,-51
1756013297.0479443,-4,2,-57
1756013297.0839446,0,7,-49
1756013297.1209445,0,1,-52
1756013297.1599443,2,0,-53
1756013297.1979446,-1,-6,-61
1756013297.233945,-1,0,-65
1756013297.2709446,7,0,-62
1756013297.3089447,2,2,-43
1756013297.3449447,2,0,-35
1756013297.381945,-1,2,-47
1756013297.4199443,0,4,-53
1756013297.4579446,4,7,-51
1756013297.4939446,0,2,-60
1756013297.5319445,3,6,-47
1756013297.5699446,0,3,-48
1756013297.6079447,0,-4,-53
1756013297.6439445,0,-3,-51
1756013297.6819446,0,2,-43
1756013297.7199447,0,-1,-46
1756013297.7559447,2,2,-54
1756013297.792945,-6,-3,-45
1756013297.8309443,-6,-4,-43
1756013297.8699446,-2,-8,-54
1756013297.9059446,2,-7,-49
1756013297.9429443,0,-6,-48
1756013297.9809446,3,-1,-54
1756013298.019945,6,0,-51
1756013298.0559447,-5,-4,-58
1756013298.0939443,-5,0,-55
1756013298.131945,1,-3,-59
1756013298.1699443,0,1,-67
1756013298.2059443,-3,1,-57
1756013298.2429447,0,-6,-47
1756013298.2809446,0,-8,-57
1756013298.3199446,-13,-5,-51
1756013298.3559446,-10,4,-53
1756013298.3929446,0,3,-50
1756013298.4309447,3,-1,-46
1756013298.4689443,-5,-6,-46
1756013298.5049446,1,-2,-46
1756013298.5419445,1,-3,-53
1756013298.5809443,-2,-3,-54
1756013298.6189446,-5,-3,-53
1756013298.654945,1,0,-54
1756013298.6929443,-2,-1,-52
1756013298.7309446,-1,0,-49
1756013298.7689445,-4,5,-58
1756013298.8049445,-9,-2,-51
1756013298.8429446,0,-2,-57
1756013298.8809447,-3,-5,-53
1756013298.9199443,0,-6,-51
1756013298.9559443,0,-7,-42
1756013298.9929447,0,-3,-55
1756013299.0309446,-1,-1,-47
1756013299.0699446,-4,-2,-51
1756013299.1059446,-5,0,-53
1756013299.1429446,-1,0,-54
1756013299.1809447,-1,7,-46
1756013299.2199447,2,6,-45
1756013299.2559447,-4,1,-47
1756013299.2939446,-1,-6,-57
1756013299.3309443,-2,0,-59
1756013299.3699446,0,-2,-54
1756013299.4059446,0,1,-57
1756013299.4439447,-4,1,-55
1756013299.4809446,-3,6,-46
1756013299.519945,1,3,-45
1756013299.5559447,3,4,-45
1756013299.5939443,2,0,-50
1756013299.6309447,-3,0,-58
1756013299.6699443,1,2,-59
1756013299.7059443,1,-1,-51
1756013299.7439446,-3,-2,-50
1756013299.7809446,-7,1,-54
1756013299.8199446,7,3,-40
1756013299.8559446,6,-1,-51
1756013299.8939445,4,1,-47
1756013299.9309447,5,-3,-54
1756013299.9699447,4,0,-54
1756013300.0059447,0,1,-58
1756013300.0439446,4,1,-63
1756013300.0819447,5,-2,-56
1756013300.1199446,-4,-2,-35
1756013300.1559446,1,-1,-44
1756013300.1939447,-6,0,-49
1756013300.2319446,1,-1,-49
1756013300.269945,2,2,-42
1756013300.3059447,1,3,-40
1756013300.3439443,-10,0,-39
1756013300.381945,-5,-2,-45
1756013300.4199443,-1,-3,-45
1756013300.4559443,-5,-3,-46
1756013300.4939446,2,-4,-57
1756013300.5319445,9,1,-54
1756013300.5709443,0,-2,-62
1756013300.6069446,-3,-9,-51
1756013300.644945,-10,-3,-47
1756013300.6829443,0,-3,-44
1756013300.7219446,-5,-2,-40
1756013300.759945,2,3,-48
1756013300.7959447,1,-10,-55
1756013300.8329446,1,-3,-52
1756013300.871945,-2,0,-54
1756013300.9099443,-2,3,-57
1756013300.9459443,1,-4,-52
1756013300.983945,-3,-5,-51
1756013301.0219443,-6,-5,-48
1756013301.0609446,-7,0,-51
1756013301.0969446,-5,1,-56
1756013301.1339445,2,0,-52
1756013301.1719446,0,2,-51
1756013301.2079446,0,1,-46
1756013301.2449446,-5,-5,-55
1756013301.282945,-2,-7,-62
1756013301.3219447,-7,-3,-53
1756013301.3579447,0,-1,-50
1756013301.394945,-2,-2,-38
1756013301.4329443,-8,-3,-40
1756013301.4719446,-3,-4,-41
1756013301.5079446,4,0,-45
1756013301.5449443,0,-4,-52
1756013301.5829446,-6,-4,-54
1756013301.621945,-6,1,-57
1756013301.657945,-3,4,-59
1756013301.6949446,1,0,-55
1756013301.733945,6,-3,-49
1756013301.7719443,11,-5,-61
1756013301.8079443,1,-5,-57
1756013301.8449447,5,1,-44
1756013301.8829446,11,1,-45
1756013301.9209447,1,0,-44
1756013301.9569447,3,-5,-55
1756013301.9949446,2,0,-62
1756013302.032945,7,3,-54
1756013302.0719447,0,5,-54
1756013302.1079447,3,0,-52
1756013302.144945,1,-4,-46
1756013302.1839447,0,-3,-54
1756013302.2219446,3,-2,-50
1756013302.2579446,-3,-1,-49
1756013302.2959447,0,0,-50
1756013302.3329446,-3,-6,-50
1756013302.371945,-10,-1,-59
1756013302.407945,0,-1,-43
1756013302.4459443,-2,3,-60
1756013302.483945,-4,-4,-58
1756013302.5229447,-5,4,-58
1756013302.5609446,-6,-6,-54
1756013302.5969446,0,-6,-53
1756013302.6339445,0,-10,-51
1756013302.6729443,7,-4,-50
1756013302.7089446,0,2,-58
1756013302.7459445,0,-3,-49
1756013302.7839446,0,-4,-43
1756013302.8229446,0,-8,-59
1756013302.861945,0,1,-47
1756013302.8979447,5,-3,-54
1756013302.9359446,0,-3,-66
1756013302.973945,0,3,-46
1756013303.0119443,1,1,-56
1756013303.0479443,-2,0,-61
1756013303.0849447,-6,3,-62
1756013303.1229446,-4,7,-54
1756013303.1619446,4,-3,-56
1756013303.1979446,2,0,-49
1756013303.2349446,2,1,-60
1756013303.2729447,0,-7,-57
1756013303.3089447,3,-2,-53
1756013303.3459446,3,0,-46
1756013303.3839445,1,0,-42
1756013303.4219446,0,0,-44
1756013303.4579446,0,2,-44
1756013303.4949446,0,-6,-52
1756013303.5339446,-12,-1,-42
1756013303.5719447,-2,-4,-53
1756013303.6079447,2,5,-54
1756013303.6459446,7,-2,-57
1756013303.6839447,2,0,-59
1756013303.7219446,2,0,-48
1756013303.7579446,6,-3,-50
1756013303.7959447,3,0,-48
1756013303.8339446,0,4,-57
1756013303.871945,-7,0,-55
1756013303.907945,-6,0,-63
1756013303.9449446,6,0,-61
1756013303.983945,1,-2,-55
1756013304.0219443,4,-1,-65
1756013304.0579443,1,1,-63
1756013304.0949447,-1,-5,-64
1756013304.1339445,2,1,-54
1756013304.1719446,-1,0,-48
1756013304.2079446,7,-4,-49
1756013304.2449446,3,-6,-45
1756013304.2839446,4,0,-54
1756013304.3219447,3,-3,-47
1756013304.3579447,5,1,-57
1756013304.394945,4,0,-49
1756013304.4329443,1,-1,-49
1756013304.4689443,10,-4,-54
1756013304.5059447,4,0,-58
1756013304.5439446,-1,2,-52
1756013304.5799446,1,0,-42
1756013304.6189446,5,1,-36
1756013304.6559446,0,0,-46
1756013304.6949446,2,1,-49
1756013304.7329447,-8,-1,-54
1756013304.7689445,-5,0,-59
1756013304.8079443,2,-2,-47
1756013304.8449447,6,-4,-46
1756013304.8839445,8,-1,-51
1756013304.9199443,5,0,-51
1756013304.9579446,1,3,-50
1756013304.9949446,8,-2,-58
1756013305.0339446,4,-2,-49
1756013305.0699446,2,-2,-41
1756013305.1159446,0,0,-55
1756013305.1539447,0,2,-67
1756013305.1899445,-5,0,-57
1756013305.2279446,1,5,-38
1756013305.2649446,0,2,-50
1756013305.3039446,-12,2,-61
1756013305.3399446,-6,4,-59
1756013305.3779447,0,2,-51
1756013305.4159446,1,-1,-59
1756013305.4549446,-1,-2,-52
1756013305.4929447,-10,-3,-55
1756013305.5289447,-9,-3,-52
1756013305.5669446,-2,2,-46
1756013305.6049447,-8,-4,-58
1756013305.6439445,-3,-5,-54
1756013305.6799445,-2,0,-53
1756013305.7169447,-2,-2,-52
1756013305.7549446,-2,-6,-50
1756013305.7939446,-2,-5,-48
1756013305.8299446,3,2,-46
1756013305.8669446,-2,4,-52
1756013305.9059446,-1,0,-45
1756013305.9439447,-2,-1,-50
1756013305.9799447,-5,-2,-54
1756013306.0179446,-3,4,-58
1756013306.0559447,1,0,-66
1756013306.0939443,2,-4,-55
1756013306.1299446,3,-2,-59
1756013306.1669445,0,1,-40
1756013306.2049446,-2,4,-44
1756013306.2439446,0,-3,-52
1756013306.279945,-6,0,-50
1756013306.3169446,-11,3,-52
1756013306.3549447,1,0,-40
1756013306.3939445,-2,3,-45
1756013306.4299445,-5,0,-57
1756013306.4669447,0,-4,-55
1756013306.5049446,-1,-8,-50
1756013306.5439446,-1,-2,-45
1756013306.5799446,0,3,-39
1756013306.6169446,-9,0,-49
1756013306.654945,9,2,-60
1756013306.690945,8,-2,-55
1756013306.7299447,-5,-2,-48
1756013306.7679446,0,-7,-50
1756013306.8059447,6,5,-51
1756013306.8439443,1,-2,-45
1756013306.8799446,5,-6,-58
1756013306.917945,4,0,-53
1756013306.9559443,-3,-2,-60
1756013306.9939446,-1,-3,-51
1756013307.029945,7,0,-47
1756013307.0669446,-6,0,-48
1756013307.1059446,-3,1,-41
1756013307.1439445,4,1,-55
1756013307.1799445,0,0,-47
1756013307.2179446,-4,0,-48
1756013307.2559447,-8,0,-36
1756013307.2939446,-2,0,-48
1756013307.3299446,-1,-1,-66
1756013307.3679447,-2,-1,-55
1756013307.4059446,-5,0,-52
1756013307.4449446,-4,-1,-49
1756013307.4809446,-3,0,-48
1756013307.5179446,-4,6,-53
1756013307.5559447,4,5,-54
1756013307.5949447,-4,4,-61
1756013307.6309447,-2,0,-47
1756013307.6689446,1,-1,-47
1756013307.7069447,3,3,-45
1756013307.7449446,8,-5,-50
1756013307.7809446,6,1,-54
1756013307.8179443,-2,0,-56
1756013307.8559446,-1,-4,-43
1756013307.894945,2,0,-53
1756013307.9309447,2,-2,-62
1756013307.9679446,-3,-2,-54
1756013308.0059447,0,-5,-43
1756013308.0449443,0,-5,-64
1756013308.0809443,3,-1,-60
1756013308.1179447,-1,-8,-45
1756013308.1559446,-2,4,-55
1756013308.1949446,0,5,-49
1756013308.2309446,2,2,-46
1756013308.2679446,-2,3,-50
1756013308.3059447,-1,-2,-41
1756013308.3449447,0,-4,-49
1756013308.3809447,3,-10,-47
1756013308.417945,-1,-8,-43
1756013308.4569447,4,1,-50
1756013308.4949446,0,0,-46
1756013308.5309446,-2,-2,-50
1756013308.5689447,-1,1,-49
1756013308.6069446,4,-4,-62
1756013308.6459446,2,-6,-47
1756013308.6819446,-1,-3,-52
1756013308.7199447,2,-1,-50
1756013308.7579446,-4,0,-50
1756013308.7969446,0,2,-49
1756013308.8349447,-2,2,-58
1756013308.8709445,1,-1,-51
1756013308.907945,6,-5,-59
1756013308.9469447,3,-6,-44
1756013308.9849446,4,0,-47
1756013309.0209446,3,4,-51
1756013309.0579443,-5,0,-49
1756013309.0969446,4,-7,-58
1756013309.134945,0,-5,-60
1756013309.1709447,0,-4,-53
1756013309.2079446,6,2,-60
1756013309.246945,3,4,-54
1756013309.2849443,-8,-4,-46
1756013309.3209443,0,-2,-45
1756013309.3579447,1,0,-54
1756013309.3969443,1,-2,-52
1756013309.4329443,1,3,-56
1756013309.4699447,0,1,-53
1756013309.5079446,0,-4,-56
1756013309.5469446,1,-3,-67
1756013309.5829446,4,-5,-57
1756013309.6199446,8,-5,-61
1756013309.657945,2,-2,-52
1756013309.6969447,3,-2,-58
1756013309.7329447,2,-3,-44
1756013309.769945,3,-7,-55
1756013309.8079443,-3,5,-52
1756013309.8469446,0,-5,-48
1756013309.8829446,-3,-7,-48
1756013309.9209447,4,-11,-50
1756013309.9589446,-1,-7,-55
1756013309.996945,-3,-2,-54
1756013310.0359447,-4,-5,-44
1756013310.0719447,-3,-1,-55
1756013310.1099446,-1,-3,-49
1756013310.1479447,-8,0,-43
1756013310.1869447,-4,2,-55
1756013310.2229445,-4,0,-58
1756013310.259945,-8,-4,-48
1756013310.2979443,-8,-9,-46
1756013310.3369446,-2,-2,-52
1756013310.3729446,-2,-2,-53
1756013310.4109447,-3,-5,-56
1756013310.4489446,0,-3,-59
1756013310.4879446,-2,-3,-51
1756013310.5259447,0,-3,-41
1756013310.5619447,9,0,-51
1756013310.598945,6,4,-59
1756013310.6379447,-2,1,-62
1756013310.6759446,-4,0,-51
1756013310.7119446,-5,2,-58
1756013310.7499447,4,4,-52
1756013310.7879446,0,2,-45
1756013310.825945,0,-7,-51
1756013310.861945,1,-4,-52
1756013310.8989446,-1,-6,-45
1756013310.937945,-6,-10,-40
1756013310.9759445,-6,-9,-50
1756013311.0119443,1,-1,-57
1756013311.0489447,-2,7,-57
1756013311.0879445,0,0,-49
1756013311.1239443,0,-5,-50
1756013311.1619446,6,-4,-51
1756013311.1999447,0,3,-53
1756013311.2379446,-5,-5,-54
1756013311.2739446,1,-4,-45
1756013311.3109446,3,-2,-47
1756013311.3499446,-5,-4,-55
1756013311.3879447,-2,-4,-51
1756013311.4239447,0,-1,-46
1756013311.460945,-1,-2,-43
1756013311.4989443,3,1,-46
1756013311.5379446,-1,-1,-45
1756013311.5739446,-4,2,-51
1756013311.6109445,-4,-5,-50
1756013311.6489446,-1,2,-44
1756013311.687945,1,-6,-38
1756013311.723945,3,-3,-48
1756013311.7609446,2,-3,-49
1756013311.7999446,-1,3,-49
1756013311.8379445,4,-1,-43
1756013311.8739443,6,0,-52
1756013311.9109447,5,-2,-61
1756013311.9489446,11,-3,-49
1756013311.9879446,11,0,-39
1756013312.0239446,3,1,-44
1756013312.0609446,0,-2,-60
1756013312.098945,-2,0,-56
1756013312.1379447,7,-4,-46
1756013312.1739447,-2,-5,-43
1756013312.2119446,-5,-10,-40
1756013312.2499447,0,-5,-46
1756013312.2889447,-6,-2,-52
1756013312.3269446,-2,-3,-50
1756013312.3629446,1,0,-54
1756013312.3999443,4,-2,-61
1756013312.4389446,5,-1,-61
1756013312.4769447,6,1,-62
1756013312.5129447,0,1,-65
1756013312.5499446,-6,-1,-46
1756013312.588945,-2,-3,-51
1756013312.6269443,-4,-8,-57
1756013312.6639447,-1,-2,-51
1756013312.7019446,-2,-6,-50
1756013312.7399447,6,-1,-46
1756013312.7789447,-4,0,-52
1756013312.8149445,2,5,-45
1756013312.8519447,9,-3,-56
1756013312.8899446,1,-2,-60
1756013312.9289446,7,-7,-54
1756013312.9649446,8,0,-47
1756013313.0019443,3,5,-51
1756013313.0399446,-3,-1,-39
1756013313.0789447,-4,-1,-46
1756013313.1149447,-8,-5,-45
1756013313.1529446,0,-2,-53
1756013313.190945,-2,0,-43
1756013313.2289443,0,-1,-46
1756013313.2679446,0,-1,-43
1756013313.3039446,-4,0,-46
1756013313.3409443,0,1,-50
1756013313.3799446,0,-4,-44
1756013313.417945,-4,-1,-44
1756013313.4539447,-6,4,-51
1756013313.4909446,1,-1,-50
1756013313.529945,-2,-4,-48
1756013313.5679443,-1,-3,-48
1756013313.6039443,-6,-3,-55
1756013313.6419446,0,-1,-41
1756013313.6799445,-6,0,-49
1756013313.7189443,0,0,-53
1756013313.7549446,3,2,-49
1756013313.7919445,3,3,-48
1756013313.8299446,2,5,-49
1756013313.8679447,-1,-1,-52
1756013313.9039447,-8,-7,-51
1756013313.9419446,-1,-2,-48
1756013313.9799447,3,1,-55
1756013314.0189445,2,2,-47
1756013314.0549445,8,0,-47
1756013314.0919447,2,5,-41
1756013314.1299446,-3,0,-46
1756013314.167945,-11,5,-50
1756013314.2039447,-7,0,-50
1756013314.2409446,-4,0,-42
1756013314.279945,1,0,-51
1756013314.315945,-1,2,-48
1756013314.3539443,1,-1,-51
1756013314.3909447,4,0,-47
1756013314.4299445,1,-3,-54
1756013314.4659443,2,-4,-50
1756013314.5039446,2,0,-50
1756013314.5409446,0,-6,-51
1756013314.5799446,-1,-3,-67
1756013314.6159446,0,-2,-67
1756013314.6539447,-2,-5,-62
1756013314.690945,5,-3,-59
1756013314.7299447,0,4,-53
1756013314.7659447,5,4,-48
1756013314.8039446,0,-4,-58
1756013314.8409443,-10,-2,-45
1756013314.8799446,-2,3,-50
1756013314.9159446,-8,1,-54
1756013314.9539447,-4,-6,-50
1756013314.9909446,-1,-7,-57
1756013315.029945,-5,6,-54
1756013315.065945,-6,0,-49
1756013315.1039443,0,2,-60
1756013315.1489446,8,0,-45
1756013315.1849446,1,0,-50
1756013315.2219446,0,-1,-50
1756013315.2609446,-3,-3,-49
1756013315.2989447,1,-1,-56
1756013315.3349447,2,0,-66
1756013315.371945,0,4,-58
1756013315.4099443,2,-1,-51
1756013315.4459443,2,0,-50
1756013315.4829447,3,0,-42
1756013315.5209446,0,-1,-54
1756013315.5589447,-5,0,-50
1756013315.5949447,1,8,-43
1756013315.631945,-3,0,-39
1756013315.6709447,-1,2,-49
1756013315.7089446,-7,5,-51
1756013315.7449446,1,0,-58
1756013315.7819445,-8,-4,-49
1756013315.8209443,-5,4,-58
1756013315.858945,-4,-1,-58
1756013315.894945,-7,-6,-41
1756013315.9329443,5,-6,-49
1756013315.9709446,3,1,-46
1756013316.006945,3,-4,-42
1756013316.0439446,5,0,-52
1756013316.0809443,7,0,-52
1756013316.1169446,3,0,-60
1756013316.1539447,3,0,-48
1756013316.190945,0,-2,-29
1756013316.2299447,1,-3,-47
1756013316.2659447,0,-3,-43
1756013316.302945,3,-2,-65
1756013316.3409443,-5,-3,-54
1756013316.3799446,3,1,-45
1756013316.4159446,0,0,-55
1756013316.4529445,-2,1,-53
1756013316.4909446,0,0,-57
1756013316.5269446,1,-1,-52
1756013316.5649445,3,-2,-45
1756013316.6029446,6,-3,-49
1756013316.6409447,10,-1,-57
1756013316.6799445,-1,0,-54
1756013316.7159443,-1,4,-55
1756013316.7539446,0,4,-47
1756013316.7919445,6,7,-50
1756013316.8299446,5,0,-53
1756013316.8659446,4,2,-44
1756013316.9029446,-2,0,-40
1756013316.9419446,0,-3,-42
1756013316.9799447,4,3,-41
1756013317.0159447,1,8,-38
1756013317.052945,-1,-2,-45
1756013317.0919447,2,-7,-49
1756013317.1299446,-8,-6,-45
1756013317.1659446,-2,4,-53
1756013317.2029445,2,0,-50
1756013317.2409446,-1,-1,-54
1756013317.2769446,1,-3,-46
1756013317.3139446,-8,-2,-55
1756013317.3519447,3,0,-61
1756013317.3909447,10,-3,-60
1756013317.4269447,1,3,-60
1756013317.463945,0,4,-50
1756013317.5019443,0,7,-60
1756013317.5399446,-1,8,-59
1756013317.575945,2,6,-49
1756013317.6129446,0,-8,-53
1756013317.6519446,0,-6,-55
1756013317.6899445,-1,0,-42
1756013317.7259445,-4,-6,-40
1756013317.7639446,2,4,-55
1756013317.802945,8,0,-53
1756013317.8409443,1,0,-41
1756013317.8769443,0,-1,-44
1756013317.9139447,0,-2,-45
1756013317.9529445,4,7,-52
1756013317.9909446,3,0,-54
1756013318.0269446,-3,-4,-40
1756013318.0649445,-2,6,-56
1756013318.1029446,-4,6,-65
1756013318.1419446,-2,4,-63
1756013318.177945,2,-4,-64
1756013318.2149446,0,0,-64
1756013318.2519443,0,-1,-58
1756013318.2909446,-5,0,-58
1756013318.3269446,0,-2,-60
1756013318.3649447,-2,0,-52
1756013318.4029446,0,-1,-57
1756013318.4419446,5,7,-56
1756013318.4779446,4,-3,-59
1756013318.5149446,1,0,-41
1756013318.552945,2,0,-39
1756013318.5909443,0,6,-46
1756013318.6269443,2,7,-52
1756013318.6639447,2,-1,-52
1756013318.7029445,7,-5,-50
1756013318.7409446,2,-2,-48
1756013318.7769446,1,-3,-49
1756013318.8139446,0,-2,-59
1756013318.8529446,1,-5,-50
1756013318.8909447,-4,-3,-52
1756013318.9269447,-5,-3,-57
1756013318.9649446,1,0,-48
1756013319.0029447,1,-2,-51
1756013319.0409446,2,-2,-56
1756013319.0769446,2,-5,-52
1756013319.1139443,1,-3,-43
1756013319.1529446,-4,-1,-36
1756013319.190945,-9,6,-49
1756013319.2269447,-7,5,-53
1756013319.2639446,-8,0,-55
1756013319.302945,6,2,-49
1756013319.338945,1,-2,-47
1756013319.3759446,-1,1,-47
1756013319.4139447,3,-4,-50
1756013319.4529445,-2,-2,-56
1756013319.4889443,-3,0,-58
1756013319.5269446,0,2,-58
1756013319.5639446,-2,-2,-51
1756013319.6029446,0,7,-45
1756013319.6389446,2,2,-44
1756013319.6759446,2,0,-54
1756013319.7129445,4,-3,-53
1756013319.7519443,-4,0,-53
1756013319.7879446,0,0,-58
1756013319.8249447,-1,-4,-44
1756013319.8629446,10,-3,-50
1756013319.9019446,2,2,-50
1756013319.937945,8,0,-39
1756013319.9749446,1,1,-44
1756013320.0129447,-2,1,-42
1756013320.0489447,-3,-4,-51
1756013320.0869446,-1,-1,-39
1756013320.1259446,-4,-2,-61
1756013320.1639447,-1,0,-57
1756013320.2019446,0,0,-53
1756013320.2379446,5,-5,-48
1756013320.2749443,-1,-6,-68
1756013320.3139446,-8,-2,-62
1756013320.3519447,0,2,-52
1756013320.3879447,-6,-3,-53
1756013320.4259446,-3,0,-49
1756013320.463945,-2,6,-54
1756013320.5029447,0,2,-50
1756013320.5389447,-3,-3,-52
1756013320.5769446,1,-1,-54
1756013320.6149447,1,0,-45
1756013320.6529446,2,-3,-42
1756013320.6889446,-3,0,-52
1756013320.7259445,2,3,-62
1756013320.7639446,3,-7,-57
1756013320.8019447,9,-6,-55
1756013320.8379445,4,1,-52
1756013320.8749447,-2,4,-51
1756013320.9139447,2,2,-62
1756013320.9519446,4,-3,-57
1756013320.9879446,-1,-5,-59
1756013321.0259447,0,-4,-58
1756013321.0639446,-2,0,-54
1756013321.1029446,-1,-6,-50
1756013321.1389446,0,1,-55
1756013321.1759446,6,-3,-48
1756013321.213945,2,0,-40
1756013321.2499447,1,1,-50
1756013321.2879446,-3,7,-53
1756013321.325945,1,3,-54
1756013321.3639443,-5,3,-63
1756013321.3999443,-1,5,-58
1756013321.437945,-4,-2,-59
1756013321.4759445,-3,5,-64
1756013321.5139446,-1,-1,-58
1756013321.552945,0,0,-47
1756013321.588945,-3,-3,-53
1756013321.6269443,0,-6,-64
1756013321.6649446,-1,-1,-46
1756013321.7039447,4,0,-51
1756013321.7399447,-3,0,-42
1756013321.7789447,1,-5,-43
1756013321.815945,4,-9,-44
1756013321.8549447,4,-2,-58
1756013321.8929446,0,-2,-41
1756013321.9289446,-2,-4,-47
1756013321.9669447,0,2,-59
1756013322.0049446,8,-1,-53
1756013322.0439446,0,-2,-46
1756013322.0799446,5,-5,-42
1756013322.1169446,-1,-5,-55
1756013322.154945,-7,0,-57
1756013322.1939447,-14,-5,-55
1756013322.2299447,-5,1,-48
1756013322.2679446,-2,-2,-53
1756013322.3059447,3,0,-58
1756013322.3449447,-5,-2,-51
1756013322.3829446,-5,4,-57
1756013322.4189446,-2,0,-53
1756013322.4569447,0,-4,-37
1756013322.4949446,0,-2,-53
1756013322.5339446,-1,-1,-53
1756013322.5699446,-1,-2,-47
1756013322.6079447,3,2,-56
1756013322.644945,1,3,-49
1756013322.6809447,-5,1,-47
1756013322.7189443,-5,0,-42
1756013322.756945,-1,-2,-39
1756013322.7949443,-7,-5,-48
1756013322.8339446,-1,1,-48
1756013322.8699446,2,-2,-46
1756013322.9069445,-2,2,-45
1756013322.9449446,3,-2,-55
1756013322.983945,2,0,-52
1756013323.019945,1,2,-49
1756013323.0569446,-4,-3,-47
1756013323.0949447,6,3,-48
1756013323.1309447,-1,2,-43
1756013323.1689446,8,0,-45
1756013323.2059443,0,0,-42
1756013323.2439446,2,0,-45
1756013323.279945,3,-2,-42
1756013323.3169446,1,0,-44
1756013323.3559446,2,-3,-47
1756013323.3939445,-3,-4,-53
1756013323.4299445,-12,0,-51
1756013323.4669447,0,2,-58
1756013323.5059447,-6,5,-54
1756013323.5439446,-2,4,-49
1756013323.5799446,-1,0,-61
1756013323.6169446,-4,0,-50
1756013323.6559446,11,3,-48
1756013323.6939447,0,1,-61
1756013323.7299447,-1,0,-58
1756013323.7669446,-5,2,-61
1756013323.8059447,6,2,-61
1756013323.8439443,4,-3,-56
1756013323.8799446,1,-1,-68
1756013323.9169445,-2,-3,-66
1756013323.9559443,-3,-6,-63
1756013323.9939446,-4,0,-57
1756013324.029945,-4,-3,-51
1756013324.0679443,-5,0,-53
1756013324.1059446,-6,3,-57
1756013324.144945,4,0,-52
1756013324.1809447,12,0,-54
1756013324.2179446,0,-4,-51
1756013324.2559447,0,-3,-61
1756013324.2949443,0,-4,-60
1756013324.3309443,3,0,-51
1756013324.3679447,-2,0,-54
1756013324.4059446,4,4,-50
1756013324.4449446,0,0,-51
1756013324.4809446,2,-2,-62
1756013324.5179446,4,2,-61
1756013324.5559447,4,4,-54
1756013324.5919447,-2,-1,-57
1756013324.6299446,0,-1,-53
1756013324.667945,0,5,-55
1756013324.7059443,9,4,-60
1756013324.7419446,3,-6,-57
1756013324.779945,-3,-5,-41
1756013324.8179443,2,-3,-38
1756013324.8569446,-9,-3,-32
1756013324.894945,1,-1,-49
1756013324.9309447,1,-3,-64
1756013324.9679446,-1,-1,-59
1756013325.006945,-2,-3,-55
1756013325.0449443,-3,-4,-47
1756013325.0809443,-6,5,-49
1756013325.1179447,0,3,-52
1756013325.1619446,0,0,-58
1756013325.1999447,-3,-3,-52
1756013325.2379446,-3,8,-53
1756013325.2769446,-1,1,-61
1756013325.3149445,-4,8,-46
1756013325.3509445,-4,0,-59
1756013325.3879447,-2,6,-46
1756013325.4269447,-2,1,-66
1756013325.4649446,-3,0,-54
1756013325.5009446,1,3,-56
1756013325.5379446,0,2,-54
1756013325.575945,0,0,-48
1756013325.611945,1,-6,-55
1756013325.6489446,0,0,-51
1756013325.6869447,9,1,-62
1756013325.7259445,8,0,-54
1756013325.7619443,-2,-1,-56
1756013325.7999446,4,-7,-56
1756013325.8379445,8,-1,-53
1756013325.8769443,2,-3,-47
1756013325.9149446,1,-1,-55
1756013325.950945,2,-5,-57
1756013325.9879446,2,-1,-55
1756013326.0269446,3,7,-44
1756013326.062945,3,5,-43
1756013326.0999446,0,2,-52
1756013326.1369443,3,-2,-48
1756013326.1759446,3,3,-45
1756013326.2119446,0,8,-46
1756013326.2489443,0,1,-47
1756013326.2869446,0,0,-60
1756013326.3229446,-2,-3,-56
1756013326.3609445,0,-6,-52
1756013326.3989446,0,-2,-50
1756013326.4369447,2,-6,-55
1756013326.4759445,7,-2,-50
1756013326.5119443,0,1,-53
1756013326.5499446,-1,0,-55
1756013326.5879445,-1,0,-52
1756013326.6269443,1,0,-51
1756013326.6629446,1,3,-66
1756013326.6999447,-2,-3,-54
1756013326.7389443,3,-1,-52
1756013326.7769446,-3,-5,-66
1756013326.812945,1,-2,-54
1756013326.8499446,1,-5,-60
1756013326.8889446,-3,-5,-64
1756013326.9269447,-3,3,-60
1756013326.9629445,-2,4,-57
1756013326.9999447,1,-9,-51
1756013327.0379446,2,-14,-52
1756013327.0769446,3,-12,-54
1756013327.1129446,0,-13,-52
1756013327.1499443,2,-7,-47
1756013327.187945,8,-11,-53
1756013327.2269447,1,-6,-54
1756013327.2629447,0,1,-52
1756013327.3009446,-6,3,-53
1756013327.338945,-1,3,-50
1756013327.3779447,5,-7,-52
1756013327.4159446,0,0,-38
1756013327.4519446,-3,-7,-55
1756013327.4899447,2,-5,-56
1756013327.5279446,5,-2,-53
1756013327.5669446,-3,-3,-49
1756013327.6029446,-1,0,-56
1756013327.6409447,-5,-4,-62
1756013327.6789446,-2,-4,-60
1756013327.7179446,2,-6,-46
1756013327.7539446,0,2,-52
1756013327.7919445,0,2,-45
1756013327.8289447,2,-2,-35
1756013327.8679447,8,-4,-49
1756013327.9039447,1,-7,-52
1756013327.9419446,9,-2,-49
1756013327.9799447,0,-2,-47
1756013328.0179446,-2,-2,-53
1756013328.0569446,-2,1,-48
1756013328.0929446,2,3,-51
1756013328.1299446,0,-7,-54
1756013328.167945,3,-2,-53
1756013328.2069447,-2,-3,-50
1756013328.2429447,-3,-1,-48
1756013328.2809446,0,0,-56
1756013328.3189447,0,6,-50
1756013328.3569446,-1,4,-39
1756013328.3929446,-4,4,-45
1756013328.4299445,-1,2,-54
1756013328.4689443,-2,8,-46
1756013328.506945,-4,3,-48
1756013328.542945,3,-3,-42
1756013328.5799446,0,0,-55
1756013328.6179447,0,0,-52
1756013328.6539447,-4,3,-48
1756013328.6919446,1,-1,-43
1756013328.7299447,-1,1,-48
1756013328.7689445,0,-3,-63
1756013328.8069446,0,0,-56
1756013328.8429446,0,-4,-54
1756013328.8799446,-2,-2,-40
1756013328.9189446,-5,-1,-45
1756013328.9569447,6,-4,-46
1756013328.9929447,1,-7,-42
1756013329.029945,-1,-8,-46
1756013329.0689447,0,-4,-49
1756013329.1069446,4,-2,-52
1756013329.1429446,0,5,-57
1756013329.1799445,7,6,-34
1756013329.2179446,12,5,-48
1756013329.2539446,3,1,-44
1756013329.2909446,1,0,-46
1756013329.3289447,0,-2,-50
1756013329.3649447,4,1,-42
1756013329.4029446,1,5,-54
1756013329.4399445,-2,1,-52
1756013329.4789443,-2,0,-39
1756013329.5149446,0,-3,-43
1756013329.552945,-1,-7,-56
1756013329.5909443,-4,-7,-57
1756013329.6289446,3,-2,-56
1756013329.667945,0,-1,-56
1756013329.7039447,0,0,-54
1756013329.7409446,6,0,-64
1756013329.7789447,-2,0,-52
1756013329.8149445,4,3,-45
1756013329.8519447,-5,-4,-49
1756013329.8899446,-7,3,-60
1756013329.9289446,0,-5,-52
1756013329.9649446,-4,-3,-46
1756013330.0039446,-6,-2,-47
1756013330.0409446,-3,-1,-56
1756013330.0799446,-4,0,-61
1756013330.1179447,3,4,-60
1756013330.1539447,0,8,-49
1756013330.190945,0,2,-48
1756013330.2289443,-4,3,-53
1756013330.2649446,0,1,-60
1756013330.302945,-2,0,-62
1756013330.3409443,0,0,-61
1756013330.3789446,-1,0,-58
1756013330.4149446,-3,-3,-66
1756013330.4539447,6,-1,-57
1756013330.4909446,0,0,-57
1756013330.529945,-2,-2,-63
1756013330.5679443,-1,-3,-53
1756013330.6039443,-2,-8,-49
1756013330.6419446,4,-5,-54
1756013330.6799445,2,1,-61
1756013330.7189443,0,-2,-54
1756013330.7549446,3,-1,-52
1756013330.7919445,-2,-3,-55
1756013330.8299446,-1,-2,-51
1756013330.8689446,5,-3,-52
1756013330.904945,0,5,-58
1756013330.9419446,-6,3,-51
1756013330.9799447,-9,-1,-51
1756013331.0189445,0,0,-42
1756013331.0549445,-5,-5,-51
1756013331.0929446,9,-4,-45
1756013331.1309447,2,-6,-46
1756013331.1699443,2,1,-43
1756013331.2059443,0,5,-54
1756013331.2429447,0,6,-51
1756013331.2809446,0,9,-60
1756013331.3189447,-3,-3,-63
1756013331.3549447,-1,-7,-49
1756013331.3939445,-5,0,-59
1756013331.4309447,-6,0,-53
1756013331.4699447,1,1,-54
1756013331.5059447,3,7,-52
1756013331.5439446,3,0,-50
1756013331.5809443,0,3,-39
1756013331.6189446,0,-4,-53
1756013331.654945,3,-5,-43
1756013331.6919446,1,-2,-50
1756013331.7309446,4,0,-51
1756013331.7689445,-3,-1,-54
1756013331.8049445,0,0,-53
1756013331.8419447,2,4,-55
1756013331.8799446,-1,0,-50
1756013331.9159446,4,0,-56
1756013331.9529445,-1,1,-48
1756013331.9909446,1,1,-55
1756013332.0289447,2,1,-57
1756013332.0649445,6,8,-56
1756013332.1029446,1,3,-53
1756013332.1409447,0,3,-53
1756013332.1789446,0,6,-42
1756013332.2149446,1,1,-55
1756013332.2529447,7,0,-51
1756013332.2909446,-4,1,-45
1756013332.3289447,-2,1,-56
1756013332.3649447,-4,0,-54
1756013332.4029446,0,-4,-57
1756013332.440945,-5,0,-50
1756013332.4789443,0,-3,-44
1756013332.5149446,0,0,-52
1756013332.552945,5,3,-46
1756013332.5909443,-4,-3,-49
1756013332.6289446,-1,1,-57
1756013332.6649446,0,-2,-52
1756013332.7019446,2,-4,-49
1756013332.7409446,-8,-9,-47
1756013332.7769446,-1,3,-49
1756013332.8149445,-4,-1,-49
1756013332.8529446,-2,0,-50
1756013332.8909447,-10,-1,-49
1756013332.9299445,2,-6,-50
1756013332.9659443,6,0,-33
1756013333.0029447,0,-1,-51
1756013333.0409446,-2,-4,-55
1756013333.0799446,-4,-1,-53
1756013333.1159446,-1,0,-53
1756013333.1529446,0,2,-48
1756013333.190945,1,3,-60
1756013333.2269447,6,0,-64
1756013333.2649446,0,1,-57
1756013333.3019447,-4,-1,-51
1756013333.3409443,-1,7,-39
1756013333.3779447,1,-4,-46
1756013333.4149446,0,-3,-49
1756013333.4529445,1,-5,-63
1756013333.4919446,-3,0,-63
1756013333.529945,-2,0,-47
1756013333.565945,1,-3,-54
1756013333.6029446,2,0,-47
1756013333.6409447,0,0,-49
1756013333.6769447,1,-5,-45
1756013333.7149446,-1,-7,-50
1756013333.7529447,5,0,-43
1756013333.7909446,1,-4,-52
1756013333.8269446,0,-2,-63
1756013333.8649447,-4,-6,-57
1756013333.9029446,2,-7,-50
1756013333.9419446,-2,0,-57
1756013333.9799447,-5,-13,-51
1756013334.0159447,-2,-1,-52
1756013334.0539446,3,0,-70
1756013334.0919447,-3,0,-62
1756013334.1299446,5,1,-49
1756013334.1659446,4,1,-56
1756013334.2039447,5,4,-58
1756013334.2419446,3,7,-63
1756013334.2809446,1,6,-49
1756013334.3169446,-1,3,-62
1756013334.3539443,0,-1,-42
1756013334.3919446,2,-1,-45
1756013334.4309447,-4,3,-58
1756013334.4669447,-4,-4,-48
1756013334.5049446,-6,8,-54
1756013334.5439446,-7,0,-53
1756013334.5819447,1,-3,-49
1756013334.6179447,1,2,-44
1756013334.654945,2,-6,-35
1756013334.6939447,1,2,-36
1756013334.7319446,0,2,-62
1756013334.7679446,-5,-3,-55
1756013334.8059447,-6,-2,-55
1756013334.8439443,-11,3,-61
1756013334.881945,-2,-1,-54
1756013334.9209447,0,-5,-52
1756013334.9569447,1,-2,-48
1756013334.9939446,0,-3,-50
1756013335.032945,5,-1,-55
1756013335.0709443,-3,-1,-41
1756013335.1069446,-1,3,-37
1756013335.1439445,-2,3,-59
1756013335.1889446,1,3,-53
1756013335.2269447,4,-1,-61
1756013335.2639446,4,-2,-56
1756013335.302945,1,1,-61
1756013335.3409443,-4,1,-50
1756013335.3769443,-1,2,-49
1756013335.4139447,-6,4,-58
1756013335.4529445,0,-2,-49
1756013335.4909446,6,-3,-53
1756013335.5269446,2,5,-46
1756013335.5639446,-7,-4,-60
1756013335.6029446,2,0,-44
1756013335.6409447,0,-3,-48
1756013335.6769447,-2,0,-44
1756013335.713945,0,1,-50
1756013335.7529447,-3,1,-48
1756013335.7909446,-1,-3,-52
1756013335.8269446,-6,-3,-47
1756013335.8649447,0,-4,-56
1756013335.9029446,0,0,-46
1756013335.9389446,0,-8,-49
1756013335.9769447,-6,-2,-40
1756013336.0139446,-9,1,-42
1756013336.052945,-7,-2,-49
1756013336.088945,-1,2,-60
1756013336.1259446,0,8,-56
1756013336.1639447,1,4,-51
1756013336.2019446,-5,5,-49
1756013336.2379446,0,0,-50
1756013336.2749443,-1,-4,-57
1756013336.3139446,-2,-5,-66
1756013336.3519447,2,0,-51
1756013336.3879447,1,-5,-55
1756013336.4249446,2,-3,-48
1756013336.4629445,-5,1,-53
1756013336.5019443,-2,4,-55
1756013336.5379446,-7,-4,-50
1756013336.575945,0,-3,-56
1756013336.6139443,2,0,-51
1756013336.6519446,0,-1,-64
1756013336.687945,-3,8,-51
1756013336.7249446,-4,4,-51
1756013336.7639446,2,3,-53
1756013336.8019447,2,5,-50
1756013336.8379445,2,5,-44
1756013336.8749447,0,3,-42
1756013336.9129446,-3,0,-50
1756013336.9489446,-3,-7,-47
1756013336.986945,2,-2,-40
1756013337.0259447,-1,-1,-43
1756013337.0639446,0,4,-47
1756013337.1019447,-7,0,-62
1756013337.1379447,0,-3,-55
1756013337.1759446,-5,0,-44
1756013337.213945,-2,0,-48
1756013337.2519443,-1,4,-50
1756013337.2879446,1,-2,-61
1756013337.325945,-6,-5,-47
1756013337.3639443,-2,0,-48
1756013337.4029446,6,0,-42
1756013337.4389446,6,-3,-50
1756013337.4759445,0,2,-41
1756013337.5139446,0,-2,-56
1756013337.5519447,-1,-1,-52
1756013337.5879445,6,2,-51
1756013337.6259446,0,3,-52
1756013337.6639447,-2,7,-54
1756013337.6999447,-4,1,-50
1756013337.736945,-2,6,-50
1756013337.7759447,-1,3,-54
1756013337.8139446,-6,1,-59
1756013337.8499446,0,-1,-64
1756013337.8869443,-5,-11,-58
1756013337.9259446,-10,-3,-42
1756013337.963945,-2,-5,-43
1756013337.9999447,-2,3,-48
1756013338.0369446,-2,5,-58
1756013338.075945,-1,5,-54
1756013338.1139443,0,0,-49
1756013338.1499443,-3,0,-53
1756013338.187945,-3,3,-53
1756013338.2259445,-2,0,-49
1756013338.2639446,-1,-3,-58
1756013338.302945,-3,1,-52
1756013338.338945,-3,1,-43
1756013338.3759446,-3,2,-57
1756013338.4149446,-1,5,-53
1756013338.4529445,-1,-1,-57
1756013338.4889443,0,0,-54
1756013338.5259447,-2,0,-70
1756013338.5649445,0,3,-67
1756013338.6029446,-5,1,-58
1756013338.6389446,0,3,-54
1756013338.6759446,0,6,-47
1756013338.713945,1,-1,-54
1756013338.7499447,1,4,-63
1756013338.7869446,7,-3,-61
1756013338.8249447,3,0,-54
1756013338.8639443,-4,0,-43
1756013338.8999443,2,-4,-49
1756013338.937945,10,0,-47
1756013338.9749446,0,1,-51
1756013339.0139446,6,2,-43
1756013339.0499446,1,-3,-43
1756013339.0869446,3,-6,-54
1756013339.1249447,5,-8,-49
1756013339.1639447,2,-5,-51
1756013339.1999447,0,0,-50
1756013339.236945,-1,5,-60
1756013339.2749443,-9,2,-56
1756013339.3139446,0,-4,-48
1756013339.3499446,2,-2,-55
1756013339.3869443,3,5,-50
1756013339.4249446,2,0,-55
1756013339.460945,1,0,-46
1756013339.4979446,2,4,-52
1756013339.5349443,4,8,-55
1756013339.5709443,-2,2,-47
1756013339.6079447,-6,3,-51
1756013339.6459446,-5,-1,-57
1756013339.6849446,4,-3,-60
1756013339.7209446,7,0,-55
1756013339.7579446,-1,7,-49
1756013339.7959447,5,4,-42
1756013339.8349447,-3,-8,-52
1756013339.8709445,-4,-6,-51
1756013339.9089446,0,-4,-47
1756013339.9469447,-1,-1,-46
1756013339.9849446,-9,3,-47
1756013340.0239446,-9,6,-47
1756013340.0599446,2,6,-51
1756013340.0979445,-4,11,-59
1756013340.1359446,0,9,-55
1756013340.1739447,3,-1,-45
1756013340.210945,1,3,-42
1756013340.2489443,-8,-3,-42
1756013340.2859447,-16,0,-47
1756013340.3249447,-5,2,-56
1756013340.3609445,0,-1,-51
1756013340.3979447,-9,0,-43
1756013340.4359446,4,1,-47
1756013340.473945,-4,5,-43
1756013340.509945,-1,7,-47
1756013340.5479443,-1,1,-56
1756013340.585945,-3,-3,-59
1756013340.6249447,-6,-6,-52
1756013340.6609447,1,3,-49
1756013340.6979446,2,1,-38
1756013340.7359445,-6,-2,-46
1756013340.7739446,-2,5,-40
1756013340.8109446,-7,4,-42
1756013340.8479445,-5,3,-50
1756013340.8859446,-4,3,-44
1756013340.9249446,1,0,-53
1756013340.960945,4,5,-65
1756013340.9979446,4,1,-56
1756013341.0359447,0,-1,-38
1756013341.0749447,8,-6,-43
1756013341.1109445,0,-6,-47
1756013341.1479447,4,-6,-41
1756013341.1859446,0,-2,-49
1756013341.2249446,4,-1,-39
1756013341.2609446,-4,-5,-50
1756013341.2989447,-1,-2,-55
1756013341.3369446,0,-4,-56
1756013341.3759446,3,-6,-59
1756013341.4119446,3,4,-49
1756013341.4489446,-1,0,-46
1756013341.486945,-6,3,-46
1756013341.5259447,-2,3,-41
1756013341.5619447,5,2,-33
1756013341.598945,-5,3,-48
1756013341.6369443,7,7,-57
1756013341.6749446,-1,-5,-49
1756013341.710945,0,0,-52
1756013341.7489443,1,5,-61
1756013341.7869446,-1,2,-55
1756013341.8249447,-1,2,-50
1756013341.8609445,-2,2,-50
1756013341.8989446,-8,-3,-52
1756013341.9369447,0,-4,-54
1756013341.9749446,-3,-2,-56
1756013342.0109446,0,4,-60
1756013342.0479443,1,-3,-52
1756013342.0869446,5,-3,-52
1756013342.1249447,10,-2,-48
1756013342.1609447,7,-1,-54
1756013342.1979446,11,4,-57
1756013342.236945,9,-2,-62
1756013342.2749443,5,-1,-51
1756013342.3109446,-3,4,-54
1756013342.3479445,0,7,-49
1756013342.3869443,-1,1,-53
1756013342.4249446,-5,-5,-48
1756013342.460945,2,-2,-57
1756013342.4979446,0,-7,-46
1756013342.5369446,-5,0,-53
1756013342.5749447,-7,0,-52
1756013342.6109445,1,1,-43
1756013342.6479447,7,0,-50
1756013342.6869447,4,1,-55
1756013342.7229445,4,6,-45
1756013342.7609446,-1,-5,-48
1756013342.7989447,-4,-9,-56
1756013342.8369446,-5,-2,-57
1756013342.8729446,-3,-2,-52
1756013342.9109447,-1,0,-62
1756013342.9489446,-4,0,-57
1756013342.986945,-8,0,-63
1756013343.0259447,0,-2,-69
1756013343.0619447,-6,-6,-66
1756013343.0999446,-2,6,-58
1756013343.1379447,-3,0,-58
1756013343.1769447,0,-2,-52
1756013343.2129445,-3,0,-40
1756013343.2499447,-6,0,-42
1756013343.2879446,-7,0,-48
1756013343.3269446,0,-2,-47
1756013343.3629446,3,-3,-46
1756013343.4009447,11,-2,-56
1756013343.4389446,4,7,-60
1756013343.4769447,-1,1,-58
1756013343.5129447,7,0,-65
1756013343.5519447,3,-5,-47
1756013343.588945,-2,-3,-42
1756013343.6279447,1,0,-48
1756013343.6659446,0,-5,-50
1756013343.7019446,-9,-2,-40
1756013343.7399447,-9,0,-58
1756013343.7779446,-2,-5,-45
1756013343.8169446,0,2,-53
1756013343.8529446,-3,3,-48
1756013343.8899446,-6,6,-56
1756013343.927945,-2,0,-60
1756013343.9669447,6,-2,-56
1756013344.0029447,4,-1,-51
1756013344.0399446,3,-2,-54
1756013344.0779445,1,1,-53
1756013344.1159446,2,-1,-60
1756013344.1519446,2,0,-66
1756013344.1889446,6,-4,-54
1756013344.2279446,3,0,-45
1756013344.2659447,5,0,-59
1756013344.3019447,-2,0,-59
1756013344.338945,-2,-2,-46
1756013344.3779447,-4,0,-59
1756013344.4139447,1,4,-47
1756013344.4519446,0,1,-46
1756013344.4889443,-8,-4,-52
1756013344.5279446,-5,-6,-50
1756013344.5639446,-1,-2,-60
1756013344.6019447,0,-2,-69
1756013344.6399446,-4,-1,-61
1756013344.677945,-3,-1,-45
1756013344.7169447,1,3,-45
1756013344.7529447,1,3,-55
1756013344.7899446,0,-2,-63
1756013344.8279445,3,-2,-47
1756013344.8669446,3,-4,-47
1756013344.9029446,5,-2,-54
1756013344.9399445,7,-5,-46
1756013344.9789443,1,-4,-42
1756013345.0169446,-1,0,-47
1756013345.052945,-1,4,-42
1756013345.0899446,-2,6,-55
1756013345.1289446,4,-1,-57
1756013345.1669445,7,1,-60
1756013345.2099447,0,-6,-50
1756013345.2489443,3,-2,-48
1756013345.2869446,-6,-5,-56
1756013345.3229446,2,-7,-50
1756013345.3599446,-5,1,-53
1756013345.3989446,-5,-5,-50
1756013345.4369447,-4,2,-58
1756013345.4729445,-6,-1,-60
1756013345.5109446,-11,0,-56
1756013345.5489447,-3,-2,-46
1756013345.5879445,-2,-4,-44
1756013345.6239443,1,-8,-49
1756013345.6609447,0,-7,-50
1756013345.6989446,-1,-1,-60
1756013345.7379446,-9,-7,-56
1756013345.7739446,-7,-1,-65
1756013345.8119447,-2,-1,-50
1756013345.8499446,7,-8,-44
1756013345.8889446,3,-9,-46
1756013345.9269447,-4,-9,-46
1756013345.9629445,-5,-2,-43
1756013346.0009446,1,1,-54
1756013346.0399446,0,-5,-43
1756013346.0779445,2,0,-42
1756013346.1139443,5,2,-46
1756013346.1509447,4,0,-63
1756013346.1889446,8,0,-58
1756013346.2249446,8,-1,-53
1756013346.2629447,10,-2,-50
1756013346.3009446,6,-1,-53
1756013346.3399446,2,-4,-51
1756013346.3779447,0,1,-51
1756013346.4139447,2,0,-49
1756013346.450945,5,0,-33
1756013346.4899447,-4,-6,-37
1756013346.5279446,2,-4,-46
1756013346.5639446,-5,-1,-46
1756013346.6019447,1,-4,-46
1756013346.6399446,2,-9,-52
1756013346.6789446,2,-1,-55
1756013346.7149446,-1,-2,-54
1756013346.7529447,2,3,-57
1756013346.7909446,3,-5,-60
1756013346.8299446,-4,-5,-61
1756013346.8679447,5,-1,-52
1756013346.9039447,7,-4,-46
1756013346.9419446,3,-1,-44
1756013346.9799447,-7,0,-44
1756013347.0189445,-7,-6,-48
1756013347.0549445,-9,-5,-55
1756013347.0929446,-4,2,-43
1756013347.1309447,0,-7,-46
1756013347.1699443,1,-2,-41
1756013347.2079446,-4,-2,-39
1756013347.2439446,-10,-2,-46
1756013347.2819445,1,1,-38
1756013347.3199446,-3,-1,-45
1756013347.3579447,4,2,-53
1756013347.3939445,3,-2,-49
1756013347.4309447,-2,-1,-51
1756013347.4699447,-2,5,-57
1756013347.5079446,-6,-8,-51
1756013347.5439446,-5,-4,-56
1756013347.5819447,2,0,-60
1756013347.6199446,-2,0,-55
1756013347.6559446,-2,3,-53
1756013347.6929443,-4,-2,-61
1756013347.7309446,1,-2,-52
1756013347.769945,-1,-5,-46
1756013347.8059447,0,-5,-41
1756013347.8429446,0,-4,-60
1756013347.8809447,-3,-2,-55
1756013347.9199443,-4,0,-56
1756013347.9559443,-1,0,-55
1756013347.9929447,-3,-3,-55
1756013348.0309446,-1,-1,-55
1756013348.0699446,0,0,-46
1756013348.1059446,-3,-4,-45
1756013348.1439445,-1,-3,-50
1756013348.1819446,0,-1,-56
1756013348.2199447,-5,1,-52
1756013348.2589445,0,6,-43
1756013348.2949443,-6,-1,-58
1756013348.3329446,-5,-5,-67
1756013348.3709445,-1,2,-57
1756013348.4099443,1,0,-46
1756013348.4459443,-1,0,-50
1756013348.4829447,4,-1,-52
1756013348.5209446,3,-1,-54
1756013348.5599446,0,0,-63
1756013348.5969446,0,-1,-60
1756013348.6339445,-6,1,-61
1756013348.6719446,-5,-6,-47
1756013348.710945,0,-8,-57
1756013348.7489443,1,-6,-50
1756013348.7849443,4,-6,-42
1756013348.8219447,0,0,-47
1756013348.8599446,3,2,-47
1756013348.8959446,-2,-1,-47
1756013348.9339447,-8,3,-54
1756013348.9719446,-3,-3,-52
1756013349.0109446,-3,0,-57
1756013349.0489447,0,0,-50
1756013349.0849447,-4,2,-53
1756013349.121945,5,0,-39
1756013349.1599443,3,0,-53
1756013349.1969447,3,-3,-62
1756013349.233945,3,5,-62
1756013349.2719443,0,-3,-53
1756013349.3099446,-4,0,-64
1756013349.3469446,-5,4,-55
1756013349.3839445,3,-1,-53
1756013349.4219446,-1,4,-47
1756013349.460945,-3,0,-47
1756013349.496945,-7,2,-51
1756013349.5339446,-5,0,-53
1756013349.5719447,-10,-3,-55
1756013349.6109445,0,-3,-49
1756013349.6469443,-3,2,-53
1756013349.6839447,6,4,-66
1756013349.7219446,-5,0,-49
1756013349.759945,-8,5,-39
1756013349.7959447,0,-3,-47
1756013349.8329446,7,6,-54
1756013349.8709445,1,-1,-64
1756013349.9069445,-1,-9,-50
1756013349.9459443,-2,2,-49
1756013349.9829447,-3,0,-46
1756013350.0219443,-3,-2,-53
1756013350.0599446,-1,-6,-43
1756013350.0959446,-1,-7,-53
1756013350.1339445,3,-1,-48
1756013350.1719446,1,-1,-50
1756013350.210945,0,-2,-47
1756013350.246945,8,0,-52
1756013350.2839446,0,0,-69
1756013350.3219447,-8,-1,-54
1756013350.3599446,3,0,-54
1756013350.3959446,-5,0,-52
1756013350.4329443,-3,0,-58
1756013350.4719446,-1,-7,-61
1756013350.509945,0,1,-55
1756013350.5459447,3,1,-60
1756013350.5829446,-4,1,-57
1756013350.621945,-4,3,-42
1756013350.6599443,-1,5,-40
1756013350.6959443,3,0,-50
1756013350.7329447,0,0,-42
1756013350.7709446,0,2,-58
1756013350.8069446,1,-3,-46
1756013350.8439443,3,5,-41
1756013350.881945,3,0,-45
1756013350.9209447,3,-1,-52
1756013350.9569447,3,-3,-58
1756013350.9949446,6,3,-57
1756013351.032945,3,6,-48
1756013351.0709443,-2,8,-54
1756013351.1069446,-7,1,-54
1756013351.1439445,0,4,-60
1756013351.1819446,0,-3,-51
1756013351.2179446,-4,0,-54
1756013351.2549446,-3,0,-52
1756013351.292945,-5,-3,-41
1756013351.3319447,-9,4,-45
1756013351.3679447,0,7,-41
1756013351.404945,3,-1,-36
1756013351.4429443,0,6,-54
1756013351.4819446,-5,0,-48
1756013351.5179446,-2,0,-48
1756013351.5549445,-9,4,-48
1756013351.5929446,-9,0,-65
1756013351.631945,-3,-4,-56
1756013351.667945,-3,0,-45
1756013351.7049446,-2,-3,-41
1756013351.7429447,4,5,-47
1756013351.7819445,0,1,-60
1756013351.8179443,-7,1,-60
1756013351.8549447,-1,1,-61
1756013351.8929446,0,2,-46
1756013351.9319446,7,1,-46
1756013351.9679446,1,3,-43
1756013352.0049446,0,4,-55
1756013352.042945,3,1,-56
1756013352.0809443,-1,0,-50
1756013352.1169446,2,-2,-43
1756013352.154945,0,1,-57
1756013352.1929443,-2,1,-60
1756013352.2309446,0,5,-58
1756013352.2669446,-1,4,-56
1756013352.3039446,0,-3,-51
1756013352.3429446,-2,-1,-54
1756013352.3809447,2,-8,-43
1756013352.4169445,-2,0,-54
1756013352.4539447,-5,3,-42
1756013352.4929447,-6,5,-45
1756013352.5309446,-5,4,-50
1756013352.5669446,1,5,-48
1756013352.6039443,1,-3,-56
1756013352.6429446,-1,3,-51
1756013352.6789446,-1,4,-53
1756013352.7159443,0,4,-39
1756013352.7539446,-3,-4,-56
1756013352.7919445,1,-2,-57
1756013352.8279445,1,-5,-53
1756013352.8649447,1,-3,-55
1756013352.9039447,11,4,-48
1756013352.9419446,7,4,-48
1756013352.9779446,5,-1,-56
1756013353.0149446,0,3,-53
1756013353.052945,0,-4,-52
1756013353.088945,3,-1,-53
1756013353.1269443,8,0,-59
1756013353.1649446,1,0,-58
1756013353.2029445,0,3,-43
1756013353.2389443,-2,-1,-40
1756013353.2769446,-3,-5,-48
1756013353.3149445,-5,-4,-44
1756013353.3539443,0,1,-38
1756013353.3919446,-4,3,-42
1756013353.427945,0,3,-50
1756013353.4649446,-3,0,-49
1756013353.5039446,-3,-1,-51
1756013353.5419445,0,-5,-53
1756013353.5779445,-5,2,-59
1756013353.6149447,1,-1,-50
1756013353.6539447,3,2,-57
1756013353.6919446,-2,4,-56
1756013353.7279446,-1,-6,-55
1756013353.7659447,0,-1,-38
1756013353.8039446,-6,-4,-35
1756013353.8429446,-4,4,-43
1756013353.8789446,-6,1,-53
1756013353.9159446,6,0,-51
1756013353.9539447,-4,-3,-60
1756013353.9929447,-6,-3,-45
1756013354.0289447,2,0,-42
1756013354.0669446,1,0,-47
1756013354.1039443,-1,0,-48
1756013354.1429446,0,-3,-41
1756013354.1789446,-5,-2,-41
1756013354.2169447,0,-3,-54
1756013354.2549446,-1,6,-54
1756013354.2939446,7,4,-60
1756013354.3319447,4,0,-54
1756013354.3679447,4,0,-47
1756013354.404945,-6,-4,-41
1756013354.4439447,-7,-3,-38
1756013354.4799447,-1,-1,-45
1756013354.5179446,-5,-5,-43
1756013354.5559447,4,0,-42
1756013354.5949447,-3,-3,-48
1756013354.6329446,-4,0,-45
1756013354.6689446,-11,2,-59
1756013354.7069447,-3,2,-51
1756013354.7449446,1,4,-41
1756013354.782945,0,7,-47
1756013354.8189447,-1,2,-51
1756013354.8569446,-3,0,-47
1756013354.894945,-6,0,-51
1756013354.9339447,-2,-3,-58
1756013354.9699447,-4,-2,-63
1756013355.0079446,-2,-4,-48
1756013355.0459447,0,0,-60
1756013355.0839446,4,4,-64
1756013355.1199446,2,6,-58
1756013355.1569445,-3,5,-57
1756013355.1949446,-3,-2,-62
1756013355.2399447,0,6,-54
1756013355.2779446,-5,4,-49
1756013355.3149445,3,3,-46
1756013355.3529446,0,0,-52
1756013355.3889446,-3,-3,-44
1756013355.4269447,-1,0,-56
1756013355.4649446,-5,1,-53
1756013355.5039446,0,-3,-43
1756013355.5399446,-10,0,-57
1756013355.5779445,-4,7,-48
1756013355.6149447,0,3,-50
1756013355.6529446,0,3,-45
1756013355.6889446,2,6,-49
1756013355.7269447,2,8,-50
1756013355.7649446,-7,-1,-53
1756013355.8039446,-6,3,-57
1756013355.8399446,4,-3,-45
1756013355.8769443,8,0,-42
1756013355.9149446,-1,-2,-46
1756013355.950945,0,0,-44
1756013355.9879446,6,-4,-47
1756013356.0259447,2,-3,-46
1756013356.0649445,-8,4,-45
1756013356.1009445,-4,4,-47
1756013356.1379447,-1,-4,-53
1756013356.1759446,3,-4,-52
1756013356.2149446,-3,-1,-54
1756013356.2509446,-2,-3,-56
1756013356.2899446,4,-7,-52
1756013356.3269446,4,-3,-46
1756013356.3649447,1,0,-55
1756013356.4009447,-4,6,-57
1756013356.437945,0,0,-65
1756013356.4749446,-1,0,-52
1756013356.5139446,-7,0,-49
1756013356.5499446,1,3,-54
1756013356.5869446,0,3,-56
1756013356.6259446,3,5,-52
1756013356.6639447,6,0,-65
1756013356.6999447,2,-3,-50
1756013356.7379446,0,0,-53
1756013356.7759447,1,-4,-44
1756013356.8139446,3,4,-44
1756013356.8499446,-2,0,-54
1756013356.8879447,0,-1,-43
1756013356.9259446,2,-4,-56
1756013356.9649446,3,-6,-44
1756013357.0009446,1,-6,-49
1756013357.0379446,-2,-10,-40
1756013357.075945,3,-10,-45
1756013357.1149447,3,-2,-50
1756013357.1509447,0,2,-43
1756013357.187945,2,-3,-40
1756013357.2259445,-2,0,-47
1756013357.2649446,-8,-3,-53
1756013357.3009446,-5,0,-61
1756013357.3379445,-5,8,-66
1756013357.3769443,-6,6,-72
1756013357.4149446,2,2,-49
1756013357.450945,6,-1,-51
1756013357.4879446,3,-7,-46
1756013357.5259447,0,-7,-46
1756013357.5649445,8,-4,-49
1756013357.6009445,0,-2,-61
1756013357.6379447,1,0,-41
1756013357.6759446,10,-2,-47
1756013357.7119446,7,1,-60
1756013357.7499447,2,-5,-46
1756013357.7879446,0,-3,-39
1756013357.8269446,-8,-5,-50
1756013357.8649447,0,-9,-42
1756013357.9009447,8,-9,-38
1756013357.937945,4,0,-46
1756013357.9759445,-2,-4,-47
1756013358.0119443,0,-4,-59
1756013358.0499446,-7,-5,-51
1756013358.0879445,-7,-3,-52
1756013358.1269443,-2,0,-46
1756013358.1649446,-2,-5,-45
1756013358.200945,-4,-6,-50
1756013358.2389443,-2,-6,-40
1756013358.2769446,2,-2,-51
1756013358.315945,-1,-6,-50
1756013358.3519447,0,0,-50
1756013358.3889446,1,4,-52
1756013358.4269447,-9,7,-49
1756013358.4649446,1,1,-52
1756013358.5009446,3,1,-52
1756013358.5389447,1,1,-53
1756013358.5769446,1,-2,-45
1756013358.6149447,2,4,-60
1756013358.6509447,5,0,-62
1756013358.687945,3,0,-52
1756013358.7259445,5,0,-47
1756013358.7619443,0,2,-59
1756013358.7989447,-3,1,-45
1756013358.8369446,-6,-2,-57
1756013358.8759446,-2,-7,-45
1756013358.9119446,-7,-7,-50
1756013358.9499447,-5,-4,-51
1756013358.9879446,0,-2,-56
1756013359.0269446,2,-3,-64
1756013359.0649445,3,-5,-64
1756013359.1009445,-5,-6,-53
1756013359.1389446,-5,-6,-54
1756013359.1769447,2,0,-51
1756013359.2149446,1,-6,-53
1756013359.2509446,2,0,-48
1756013359.2879446,4,4,-52
1756013359.3269446,0,-3,-53
1756013359.3629446,0,-7,-57
1756013359.3999443,2,-6,-59
1756013359.437945,-2,-2,-48
1756013359.4769447,-2,-5,-63
1756013359.5129447,-2,-5,-55
1756013359.5519447,-1,0,-57
1756013359.588945,8,-7,-58
1756013359.6269443,-1,0,-58
1756013359.6659446,0,0,-48
1756013359.7019446,-8,1,-55
1756013359.7389443,-2,0,-61
1756013359.7769446,1,0,-47
1756013359.812945,0,-4,-53
1756013359.8499446,-5,0,-50
1756013359.8879447,4,-2,-57
1756013359.9269447,3,0,-46
1756013359.9629445,4,2,-47
1756013359.9999447,7,2,-45
1756013360.0379446,3,0,-62
1756013360.0769446,-2,5,-50
1756013360.1129446,0,1,-47
1756013360.1499443,-1,1,-36
1756013360.1889446,-2,-3,-45
1756013360.2269447,2,-4,-39
1756013360.2629447,0,-7,-47
1756013360.2999446,-2,5,-41
1756013360.338945,2,2,-59
1756013360.3769443,1,-1,-58
1756013360.4129446,0,-6,-49
1756013360.4499447,0,-8,-59
1756013360.4889443,1,-4,-51
1756013360.5269446,-1,-3,-50
1756013360.562945,-2,-1,-48
1756013360.6019447,2,-1,-63
1756013360.6389446,3,2,-59
1756013360.6769447,7,-6,-45
1756013360.7129445,-1,0,-48
1756013360.7499447,-5,-1,-43
1756013360.7889447,-9,-2,-44
1756013360.8269446,-7,-3,-54
1756013360.8629446,-5,-4,-45
1756013360.9019446,-2,-1,-43
1756013360.9389446,-4,3,-46
1756013360.9779446,-4,0,-57
1756013361.0139446,0,0,-56
1756013361.0519447,0,-2,-51
1756013361.088945,5,-1,-55
1756013361.1279447,1,-3,-48
1756013361.1639447,4,-7,-43
1756013361.2019446,7,0,-53
1756013361.2389443,2,-4,-52
1756013361.2779446,-1,-6,-56
1756013361.3139446,3,-9,-53
1756013361.3509445,0,-9,-59
1756013361.3889446,1,-5,-52
1756013361.427945,7,-3,-43
1756013361.463945,-6,-1,-46
1756013361.5019443,-6,0,-47
1756013361.5399446,-11,2,-48
1756013361.5779445,-2,0,-53
1756013361.6169446,-2,-3,-43
1756013361.6529446,2,-2,-46
1756013361.690945,0,-10,-48
1756013361.7289443,1,0,-56
1756013361.7669446,2,-6,-39
1756013361.802945,2,0,-46
1756013361.8409443,-4,1,-40
1756013361.8799446,3,0,-48
1756013361.917945,5,-2,-46
1756013361.9539447,-2,-2,-42
1756013361.9929447,0,0,-45
1756013362.029945,7,0,-49
1756013362.0679443,7,-1,-52
1756013362.1039443,1,-4,-49
1756013362.1409447,0,1,-43
1756013362.1789446,-6,-3,-48
1756013362.2179446,-5,4,-52
1756013362.2539446,1,0,-49
1756013362.2909446,4,-4,-45
1756013362.3289447,0,4,-54
1756013362.3669446,0,3,-54
1756013362.4029446,0,4,-54
1756013362.440945,-2,0,-57
1756013362.4789443,0,-6,-50
1756013362.5169446,-2,-2,-54
1756013362.5539446,-2,-2,-48
1756013362.5919447,-4,0,-47
1756013362.6299446,-7,0,-48
1756013362.6689446,0,0,-41
1756013362.7049446,3,-1,-54
1756013362.7419446,4,0,-61
1756013362.7789447,-6,-1,-61
1756013362.8179443,0,3,-49
1756013362.8539443,4,4,-53
1756013362.8909447,-4,7,-53
1756013362.9289446,5,6,-45
1756013362.9679446,0,-2,-53
1756013363.0039446,-1,1,-57
1756013363.0409446,3,1,-60
1756013363.0789447,-4,0,-55
1756013363.1179447,1,6,-43
1756013363.1539447,2,0,-47
1756013363.190945,-6,1,-50
1756013363.2289443,-4,0,-63
1756013363.2679446,6,3,-65
1756013363.3039446,2,-2,-54
1756013363.3409443,-4,-13,-43
1756013363.3799446,-1,-7,-50
1756013363.417945,0,0,-49
1756013363.4539447,3,-2,-45
1756013363.4909446,-2,-2,-51
1756013363.529945,1,-1,-60
1756013363.5679443,0,-2,-63
1756013363.6039443,-7,-8,-51
1756013363.6419446,1,-5,-44
1756013363.6799445,-3,-1,-50
1756013363.7189443,-3,-2,-47
1756013363.7549446,-3,-2,-57
1756013363.792945,3,0,-49
1756013363.8299446,3,9,-49
1756013363.8679447,-2,-1,-58
1756013363.9039447,8,0,-44
1756013363.9419446,3,0,-45
1756013363.9799447,4,-9,-51
1756013364.0179446,2,-3,-52
1756013364.0539446,-1,3,-51
1756013364.0919447,-9,5,-59
1756013364.1299446,-5,-1,-57
1756013364.1689446,0,-9,-56
1756013364.2049446,-6,-6,-67
1756013364.2429447,-2,-5,-64
1756013364.2809446,0,0,-51
1756013364.3199446,-2,0,-59
1756013364.3559446,-5,-8,-49
1756013364.3939445,7,-4,-58
1756013364.4319446,1,0,-53
1756013364.4699447,0,-3,-38
1756013364.5059447,3,4,-48
1756013364.5439446,-3,0,-45
1756013364.5819447,-7,-2,-54
1756013364.6209445,-2,0,-54
1756013364.6589446,6,4,-59
1756013364.6949446,-3,-5,-56
1756013364.7329447,-1,3,-51
1756013364.7709446,0,-4,-45
1756013364.8099446,-2,-1,-48
1756013364.8459446,2,1,-51
1756013364.8839445,2,2,-51
1756013364.9209447,1,1,-48
1756013364.9589446,-1,0,-53
1756013364.9949446,8,0,-55
1756013365.0319445,6,-1,-46
1756013365.0709443,-5,1,-47
1756013365.108945,-5,0,-63
1756013365.144945,-6,-4,-52
1756013365.1839447,0,-3,-46
1756013365.2209446,0,0,-56
1756013365.2649446,-7,-6,-55
1756013365.3039446,0,-2,-62
1756013365.3409443,2,-9,-53
1756013365.3799446,0,-7,-57
1756013365.4159446,4,1,-51
1756013365.4529445,0,5,-56
1756013365.4919446,-2,-7,-61
1756013365.529945,-3,-8,-54
1756013365.565945,-3,-9,-52
1756013365.6039443,-2,-5,-57
1756013365.6419446,0,-4,-56
1756013365.6809447,0,-9,-49
1756013365.7189443,0,-2,-45
1756013365.7549446,-1,1,-58
1756013365.792945,0,-8,-55
1756013365.8309443,-10,-3,-52
1756013365.8699446,-5,1,-53
1756013365.9059446,0,0,-54
1756013365.9449446,8,-1,-59
1756013365.9819446,6,-1,-58
1756013366.0209446,0,4,-49
1756013366.0589447,5,7,-39
1756013366.0949447,6,1,-60
1756013366.131945,8,-2,-53
1756013366.1709447,3,-1,-50
1756013366.2069447,-6,-2,-57
1756013366.2449446,5,1,-45
1756013366.2819445,5,5,-48
1756013366.3199446,-8,0,-49
1756013366.3559446,-6,-3,-63
1756013366.3939445,0,-1,-61
1756013366.4319446,-1,-2,-57
1756013366.4709446,8,5,-49
1756013366.506945,1,2,-52
1756013366.5439446,4,-1,-55
1756013366.5819447,4,-1,-52
1756013366.6209445,2,-1,-44
1756013366.6569445,2,-2,-43
1756013366.6949446,3,3,-46
1756013366.7319446,-4,1,-48
1756013366.7709446,3,-7,-61
1756013366.8069446,-7,0,-44
1756013366.8449447,-3,-3,-54
1756013366.8829446,-1,0,-56
1756013366.9219446,-3,5,-43
1756013366.9599447,-2,1,-47
1756013366.9959445,3,-1,-48
1756013367.032945,8,0,-51
1756013367.0719447,1,1,-44
1756013367.1099446,-1,0,-50
1756013367.1459446,-3,-4,-45
1756013367.1839447,-8,-7,-45
1756013367.2219446,-11,-4,-59
1756013367.2609446,-6,-2,-47
1756013367.2969446,4,4,-61
1756013367.3349447,2,1,-55
1756013367.3729446,-3,-3,-64
1756013367.4119446,1,-5,-56
1756013367.4499447,6,4,-51
1756013367.4859445,-4,-4,-60
1756013367.5239446,-8,-6,-59
1756013367.5619447,-3,-7,-52
1756013367.6009445,0,5,-53
1756013367.6369443,-9,6,-53
1756013367.6739447,1,4,-52
1756013367.7119446,-4,5,-60
1756013367.7479446,-1,2,-60
1756013367.7849443,-3,-1,-49
1756013367.8229446,-2,-8,-53
1756013367.861945,-2,-6,-51
1756013367.8979447,-3,-2,-51
1756013367.9369447,0,4,-47
1756013367.973945,0,4,-57
1756013368.0119443,2,-4,-59
1756013368.0479443,-3,3,-49
1756013368.0849447,9,6,-46
1756013368.121945,5,8,-47
1756013368.157945,6,-3,-43
1756013368.1949446,2,1,-35
1756013368.2329447,-5,0,-49
1756013368.2709446,-12,-2,-53
1756013368.3069446,-2,-1,-50
1756013368.3449447,0,-3,-51
1756013368.3829446,-7,-2,-61
1756013368.4219446,-5,3,-52
1756013368.4579446,-7,1,-51
1756013368.4959445,0,-6,-52
1756013368.5339446,5,-3,-45
1756013368.5729446,-5,-1,-54
1756013368.6109445,0,2,-47
1756013368.6469443,0,-1,-53
1756013368.6849446,-4,0,-51
1756013368.723945,4,-1,-55
1756013368.7619443,-12,-1,-56
1756013368.7979443,-2,-1,-54
1756013368.835945,1,0,-56
1756013368.8739443,-2,-3,-42
1756013368.9129446,-3,-1,-52
1756013368.950945,-3,6,-53
1756013368.986945,3,-2,-53
1756013369.0249443,1,-7,-52
1756013369.062945,-3,-9,-49
1756013369.1019447,-1,0,-56
1756013369.1379447,-11,-1,-54
1756013369.1769447,-3,-5,-54
1756013369.213945,-4,-7,-45
1756013369.2529447,0,-1,-43
1756013369.2889447,4,2,-55
1756013369.325945,-13,6,-60
1756013369.3639443,-2,1,-55
1756013369.4029446,-2,0,-57
1756013369.4389446,-1,4,-63
1756013369.4769447,-3,1,-54
1756013369.5159447,-5,-1,-54
1756013369.552945,-3,4,-52
1756013369.5919447,1,0,-51
1756013369.6279447,0,-3,-40
1756013369.6659446,-1,-1,-56
1756013369.7029445,-4,0,-70
1756013369.7419446,-3,-2,-51
1756013369.7779446,0,0,-52
1756013369.815945,0,1,-53
1756013369.8529446,1,1,-59
1756013369.8889446,3,-2,-50
1756013369.9269447,0,1,-48
1756013369.963945,-3,0,-54
1756013370.0029447,-1,-1,-58
1756013370.0389447,0,0,-54
1756013370.075945,-4,4,-51
1756013370.1139443,6,0,-58
1756013370.1519446,-9,-8,-48
1756013370.187945,-3,-1,-49
1756013370.2259445,-7,1,-45
1756013370.2639446,-7,-2,-60
1756013370.302945,-1,-3,-53
1756013370.338945,2,-1,-55
1756013370.3769443,4,-4,-42
1756013370.4139447,5,-4,-50
1756013370.4529445,-1,8,-50
1756013370.4889443,-5,6,-53
1756013370.5269446,5,0,-50
1756013370.5639446,0,-9,-58
1756013370.6029446,3,-2,-55
1756013370.6389446,5,8,-56
1756013370.6769447,2,0,-52
1756013370.713945,3,-3,-43
1756013370.7529447,-1,2,-53
1756013370.7899446,-2,-3,-52
1756013370.8269446,-7,-7,-40
1756013370.8649447,1,-6,-45
1756013370.9039447,-5,0,-40
1756013370.9399445,-2,2,-54
1756013370.9769447,0,-6,-42
1756013371.0149446,0,0,-45
1756013371.052945,0,1,-53
1756013371.0899446,1,0,-62
1756013371.1269443,-7,-5,-59
1756013371.1649446,-3,-2,-62
1756013371.2039447,-1,4,-49
1756013371.2399447,-1,2,-55
1756013371.2769446,6,0,-53
1756013371.3139446,1,1,-56
1756013371.3499446,-10,-1,-54
1756013371.3879447,-3,0,-53
1756013371.4269447,0,-4,-48
1756013371.463945,-4,0,-43
1756013371.5029447,0,5,-49
1756013371.5389447,2,0,-52
1756013371.575945,0,-1,-47
1756013371.6139443,-4,-5,-48
1756013371.6529446,1,1,-63
1756013371.6889446,-2,7,-65
1756013371.7269447,0,7,-47
1756013371.7649446,1,7,-57
1756013371.802945,-5,5,-60
1756013371.838945,-4,7,-64
1756013371.8769443,0,3,-63
1756013371.9149446,-3,-2,-65
1756013371.9529445,-7,0,-50
1756013371.9889443,-3,1,-37
1756013372.0259447,5,-3,-48
1756013372.0649445,4,1,-50
1756013372.1029446,-6,-4,-69
1756013372.1399446,-1,3,-56
1756013372.1769447,-5,4,-53
1756013372.2149446,-5,-6,-56
1756013372.2539446,2,6,-48
1756013372.2899446,-1,3,-49
1756013372.3269446,0,3,-53
1756013372.3649447,7,4,-58
1756013372.4029446,5,6,-42
1756013372.4389446,4,2,-39
1756013372.4759445,-5,0,-51
1756013372.5149446,-10,6,-47
1756013372.5509446,-6,0,-43
1756013372.5879445,-5,-4,-55
1756013372.6259446,0,0,-52
1756013372.6639447,3,-3,-57
1756013372.6999447,1,-1,-65
1756013372.7379446,1,-3,-61
1756013372.7759447,3,0,-48
1756013372.8139446,6,5,-47
1756013372.8499446,-1,-3,-43
1756013372.8889446,2,-2,-58
1756013372.9259446,0,-2,-47
1756013372.9649446,-4,3,-59
1756013373.0009446,0,5,-61
1756013373.0379446,-1,4,-59
1756013373.075945,-4,1,-60
1756013373.1149447,-7,-2,-47
1756013373.1509447,-2,-2,-39
1756013373.1889446,-5,-3,-42
1756013373.2269447,-5,1,-54
1756013373.2649446,0,4,-59
1756013373.3039446,4,0,-58
1756013373.3399446,-1,-2,-40
1756013373.3779447,8,0,-45
1756013373.4159446,8,0,-50
1756013373.4539447,2,-5,-51
1756013373.4899447,1,-1,-51
1756013373.5269446,-2,0,-58
1756013373.565945,1,-6,-57
1756013373.6039443,6,1,-54
1756013373.6399446,-2,-2,-53
1756013373.677945,0,8,-44
1756013373.7159443,4,0,-48
1756013373.7539446,1,-7,-51
1756013373.7909446,-10,-4,-58
1756013373.8279445,4,6,-52
1756013373.8659446,-10,0,-46
1756013373.9039447,-5,0,-42
1756013373.9399445,-7,-8,-41
1756013373.9779446,-2,4,-45
1756013374.0159447,4,1,-51
1756013374.0539446,2,5,-40
1756013374.0899446,-2,3,-43
1756013374.1279447,2,-3,-47
1756013374.1659446,-4,-3,-53
1756013374.2049446,-9,1,-52
1756013374.2409446,0,0,-54
1756013374.2779446,2,1,-59
1756013374.315945,10,-2,-57
1756013374.3519447,9,3,-54
1756013374.3889446,7,5,-56
1756013374.4259446,2,2,-48
1756013374.4619446,2,-2,-58
1756013374.4999447,0,-9,-60
1756013374.5379446,1,-6,-55
1756013374.575945,6,-2,-57
1756013374.6149447,0,6,-54
1756013374.6509447,-1,-4,-62
1756013374.6889446,4,2,-49
1756013374.7259445,-1,9,-45
1756013374.7649446,1,0,-48
1756013374.8009446,2,-2,-49
1756013374.8379445,-3,1,-57
1756013374.8759446,-4,-4,-47
1756013374.9149446,-2,2,-42
1756013374.950945,-1,-1,-51
1756013374.9889443,0,-5,-53
1756013375.0269446,0,-6,-63
1756013375.065945,1,-8,-46
1756013375.1019447,1,-7,-56
1756013375.1389446,1,-3,-74
1756013375.1769447,-4,1,-45
1756013375.2159443,0,2,-62
1756013375.2519443,3,-2,-58
1756013375.2979443,-8,-1,-54
1756013375.335945,-8,0,-54
1756013375.371945,-2,4,-56
1756013375.4099443,8,1,-67
1756013375.4469447,7,4,-59
1756013375.4849446,1,-3,-53
1756013375.5209446,3,0,-49
1756013375.5579443,2,-3,-50
1756013375.5969446,0,-1,-50
1756013375.634945,-1,0,-48
1756013375.6709447,6,0,-48
1756013375.7079446,0,1,-61
1756013375.746945,-2,2,-50
1756013375.7849443,-7,-4,-46
1756013375.8219447,-7,-5,-55
1756013375.858945,1,-4,-56
1756013375.8969443,2,0,-50
1756013375.9329443,-2,4,-53
1756013375.9719446,0,0,-42
1756013376.0089445,0,-9,-49
1756013376.0469446,0,-1,-54
1756013376.085945,-1,4,-58
1756013376.121945,5,0,-56
1756013376.1589446,5,-1,-54
1756013376.1969447,0,0,-65
1756013376.2329447,2,0,-64
1756013376.269945,1,2,-48
1756013376.3069446,1,2,-49
1756013376.3429446,-2,5,-55
1756013376.3809447,1,5,-39
1756013376.417945,0,2,-46
1756013376.4559443,-3,-2,-59
1756013376.4919446,-3,-7,-60
1756013376.529945,-1,-3,-63
1756013376.5679443,-2,8,-56
1756013376.6069446,-5,6,-45
1756013376.6429446,0,-3,-40
1756013376.6799445,2,-2,-52
1756013376.7179446,1,-2,-57
1756013376.756945,0,4,-50
1756013376.792945,0,2,-56
1756013376.8299446,2,-7,-56
1756013376.8679447,-5,-3,-64
1756013376.9069445,-6,-8,-58
1756013376.9429443,4,-4,-55
1756013376.9799447,6,-1,-63
1756013377.0179446,-1,0,-57
1756013377.0569446,0,2,-45
1756013377.0929446,-1,-4,-47
1756013377.1309447,-4,3,-52
1756013377.1689446,5,-2,-49
1756013377.2079446,5,-7,-39
1756013377.2459445,0,-3,-43
1756013377.2819445,2,-4,-47
1756013377.3199446,2,1,-52
1756013377.3579447,-3,0,-54
1756013377.3959446,0,-1,-58
1756013377.4319446,2,-8,-49
1756013377.4699447,1,0,-55
1756013377.5079446,-1,-7,-44
1756013377.5469446,-6,-3,-48
1756013377.5829446,0,3,-59
1756013377.6199446,5,5,-57
1756013377.657945,1,1,-68
1756013377.6939447,8,3,-48
1756013377.7309446,2,-3,-57
1756013377.7689445,3,-3,-52
1756013377.8079443,1,-4,-40
1756013377.8439443,2,-6,-46
1756013377.881945,3,-4,-51
1756013377.9199443,-2,-3,-45
1756013377.9579446,0,-2,-41
1756013377.996945,-2,-6,-51
1756013378.032945,-8,-6,-57
1756013378.0709443,3,-6,-48
1756013378.108945,-2,-3,-45
1756013378.1479447,8,0,-45
1756013378.1839447,12,-8,-50
1756013378.2209446,2,-2,-43
1756013378.2589445,4,4,-48
1756013378.2969446,0,-4,-48
1756013378.3329446,1,-1,-53
1756013378.3699446,-3,-3,-47
1756013378.4089446,6,-1,-49
1756013378.4469447,-1,1,-43
1756013378.4829447,-10,5,-46
1756013378.5209446,-5,0,-56
1756013378.5589447,0,-1,-49
1756013378.5979445,0,0,-46
1756013378.6339445,-1,-4,-57
1756013378.6719446,-6,0,-52
1756013378.7099447,-1,-1,-44
1756013378.7489443,0,0,-41
1756013378.7869446,1,-9,-53
1756013378.8229446,-1,-10,-49
1756013378.861945,0,-1,-50
1756013378.8989446,-1,0,-50
1756013378.937945,-8,4,-47
1756013378.973945,-8,5,-57
1756013379.0119443,0,9,-48
1756013379.0489447,0,0,-44
1756013379.0869446,-1,0,-63
1756013379.1229446,4,-1,-63
1756013379.1599443,1,0,-53
1756013379.1979446,1,-5,-47
1756013379.233945,-6,-8,-49
1756013379.2719443,0,-5,-53
1756013379.3099446,3,1,-67
1756013379.3479445,4,-1,-56
1756013379.3839445,1,3,-45
1756013379.4209447,-2,1,-51
1756013379.4589446,-3,-5,-59
1756013379.4979446,-5,-11,-51
1756013379.5339446,-5,0,-59
1756013379.5719447,-7,2,-63
1756013379.6099446,1,3,-55
1756013379.6479447,4,-1,-49
1756013379.6839447,-2,-1,-52
1756013379.7219446,0,6,-57
1756013379.759945,-6,-5,-50
1756013379.7989447,3,0,-47
1756013379.8349447,4,-2,-50
1756013379.8729446,1,-4,-49
1756013379.9119446,-3,3,-47
1756013379.9499447,2,0,-52
1756013379.9879446,-2,-4,-47
1756013380.0239446,-8,-5,-39
1756013380.0619447,-5,5,-35
1756013380.0999446,0,1,-42
1756013380.1389446,3,-1,-46
1756013380.1749446,5,0,-48
1756013380.2119446,4,0,-55
1756013380.2499447,2,2,-63
1756013380.2879446,1,-3,-50
1756013380.3239446,-5,-7,-44
1756013380.361945,-4,0,-43
1756013380.3999443,5,-6,-41
1756013380.4389446,-5,2,-45
1756013380.4749446,-2,0,-45
1756013380.5119443,-1,-1,-54
1756013380.5499446,-3,-6,-54
1756013380.588945,-2,-4,-58
1756013380.6249447,-2,2,-48
1756013380.6629446,-2,4,-60
1756013380.700945,0,-6,-50
1756013380.7399447,-1,-5,-48
1756013380.7779446,-1,-5,-59
1756013380.8139446,2,-3,-48
1756013380.8509445,-6,-5,-46
1756013380.8899446,1,-7,-40
1756013380.9259446,-1,-5,-54
1756013380.963945,1,1,-42
1756013381.0009446,1,8,-43
1756013381.0389447,0,2,-48
1756013381.0749447,0,-2,-40
1756013381.111945,2,-7,-49
1756013381.1499443,-4,0,-65
1756013381.1889446,1,0,-64
1756013381.2249446,-1,5,-51
1756013381.2619443,0,-3,-54
1756013381.2999446,5,6,-42
1756013381.338945,7,5,-52
1756013381.3749447,3,2,-43
1756013381.4119446,-5,4,-50
1756013381.4499447,-4,0,-55
1756013381.4889443,0,-4,-61
1756013381.5249443,1,0,-60
1756013381.5619447,0,-2,-55
1756013381.5999446,-2,-8,-45
1756013381.6389446,-4,-4,-47
1756013381.6749446,0,-5,-59
1756013381.7129445,0,5,-53
1756013381.7509446,5,-7,-41
1756013381.7899446,0,-2,-48
1756013381.825945,-6,4,-44
1756013381.8629446,-5,4,-44
1756013381.9009447,-4,2,-47
1756013381.9399445,0,-4,-59
1756013381.9759445,-3,-11,-51
1756013382.0139446,-3,0,-54
1756013382.0519447,-2,-1,-50
1756013382.0909443,2,1,-46
1756013382.1289446,-8,0,-51
1756013382.1649446,-6,6,-46
1756013382.2019446,1,3,-60
1756013382.2409446,0,-2,-63
1756013382.2789447,0,1,-63
1756013382.3149445,0,-3,-53
1756013382.3519447,0,7,-45
1756013382.3909447,0,4,-54
1756013382.4289446,0,-4,-48
1756013382.4649446,0,-9,-52
1756013382.5019443,3,-1,-47
1756013382.5409446,5,-4,-42
1756013382.5769446,6,4,-43
1756013382.6139443,1,1,-55
1756013382.6519446,1,3,-58
1756013382.6899445,0,0,-52
1756013382.7259445,4,2,-45
1756013382.7639446,2,-6,-45
1756013382.8009446,0,-7,-53
1756013382.8399446,-3,-1,-56
1756013382.8759446,-1,1,-69
1756013382.9139447,-2,1,-59
1756013382.950945,-3,2,-50
1756013382.9899447,-3,4,-48
1756013383.0259447,-6,0,-68
1756013383.0639446,1,-3,-57
1756013383.1009445,-2,-6,-49
1756013383.1399446,-1,-10,-45
1756013383.1759446,-1,-3,-48
1756013383.213945,0,2,-55
1756013383.2509446,-3,6,-48
1756013383.2899446,2,1,-53
1756013383.325945,-1,1,-47
1756013383.3639443,-11,-2,-38
1756013383.4019446,-6,2,-50
1756013383.4399445,2,3,-42
1756013383.4759445,0,4,-66
1756013383.5139446,5,-2,-49
1756013383.5519447,-2,-1,-47
1756013383.5899446,1,-7,-43
1756013383.6259446,0,-8,-53
1756013383.6629446,0,4,-52
1756013383.7019446,-1,0,-62
1756013383.7399447,0,-9,-50
1756013383.7759447,4,-4,-45
1756013383.8139446,-2,0,-41
1756013383.8519447,-1,-4,-38
1756013383.8899446,2,-4,-52
1756013383.9259446,0,1,-53
1756013383.963945,3,1,-58
1756013384.0019443,-2,6,-42
1756013384.0399446,-7,3,-44
1756013384.075945,-1,0,-54
1756013384.1129446,5,1,-44
1756013384.1509447,-1,0,-44
1756013384.1869447,0,-1,-46
1756013384.223945,1,2,-53
1756013384.2619443,2,-3,-50
1756013384.2979443,0,-2,-41
1756013384.3349447,-6,-7,-39
1756013384.3729446,-6,0,-49
1756013384.4119446,-5,4,-45
1756013384.4479446,-3,4,-60
1756013384.4849446,4,0,-50
1756013384.5219443,-5,-3,-51
1756013384.5609446,-9,-1,-58
1756013384.5979445,-8,3,-50
1756013384.634945,1,-1,-56
1756013384.6729443,1,0,-55
1756013384.710945,-3,-3,-49
1756013384.7479446,3,-1,-45
1756013384.7849443,-2,0,-58
1756013384.8229446,0,-3,-53
1756013384.861945,0,-2,-60
1756013384.8979447,-10,2,-56
1756013384.9349446,-5,10,-50
1756013384.9729445,1,0,-53
1756013385.0109446,3,2,-48
1756013385.0469446,0,4,-51
1756013385.0849447,3,1,-51
1756013385.1229446,4,0,-44
1756013385.1609447,6,-1,-58
1756013385.1969447,7,-3,-51
1756013385.2349446,-4,-6,-57
1756013385.2729447,1,3,-60
1756013385.3169446,1,-4,-63
1756013385.3559446,1,0,-52
1756013385.3929446,-2,0,-49
1756013385.4319446,-10,3,-48
1756013385.4679446,0,2,-51
1756013385.5049446,-1,1,-54
1756013385.542945,-2,2,-61
1756013385.5819447,2,-4,-46
1756013385.6179447,-4,2,-46
1756013385.654945,-2,-2,-48
1756013385.6929443,1,-9,-53
1756013385.7319446,0,4,-53
1756013385.7679446,-2,0,-55
1756013385.8059447,-3,-2,-56
1756013385.8439443,0,-9,-53
1756013385.8829446,5,1,-50
1756013385.9189446,4,0,-57
1756013385.9559443,-3,-3,-57
1756013385.9939446,3,1,-51
1756013386.0319445,0,0,-60
1756013386.0679443,-1,-3,-66
1756013386.1059446,-1,2,-54
1756013386.1439445,2,-1,-54
1756013386.1829443,-6,0,-67
1756013386.2189443,-1,1,-51
1756013386.256945,-2,-7,-50
1756013386.2939446,-1,-1,-49
1756013386.3329446,9,2,-54
1756013386.3689446,5,0,-55
1756013386.4069445,4,5,-45
1756013386.4439447,0,8,-44
1756013386.4819446,-2,-2,-42
1756013386.5179446,1,5,-48
1756013386.5549445,3,3,-58
1756013386.5929446,5,0,-58
1756013386.6289446,-2,0,-56
1756013386.6659446,4,0,-42
1756013386.7039447,0,-3,-45
1756013386.7429447,-4,1,-44
1756013386.7789447,2,-5,-54
1756013386.815945,0,-3,-60
1756013386.8539443,0,4,-46
1756013386.8919446,0,5,-52
1756013386.927945,-3,-2,-57
1756013386.9659443,0,-3,-61
1756013387.0039446,2,-5,-36
1756013387.042945,0,-5,-40
1756013387.0789447,2,-6,-53
1756013387.1159446,3,0,-49
1756013387.1539447,-3,0,-35
1756013387.1919446,4,3,-50
1756013387.2279446,-1,1,-50
1756013387.2659447,-3,-2,-54
1756013387.3039446,1,0,-62
1756013387.3419447,-3,-6,-54
1756013387.3779447,1,-5,-51
1756013387.4159446,9,0,-45
1756013387.4539447,4,1,-43
1756013387.4919446,0,-5,-34
1756013387.5279446,-2,-3,-37
1756013387.565945,2,0,-49
1756013387.6039443,-2,-7,-40
1756013387.6399446,-5,-6,-54
1756013387.677945,2,4,-49
1756013387.7149446,-5,-4,-49
1756013387.7539446,-14,2,-55
1756013387.7899446,-10,1,-47
1756013387.8279445,-1,-2,-45
1756013387.8659446,-1,-6,-45
1756013387.9039447,2,-4,-37
1756013387.9429443,1,-4,-46
1756013387.9789443,-6,3,-58
1756013388.0159447,-1,-2,-58
1756013388.0539446,7,6,-46
1756013388.0899446,3,3,-42
1756013388.1279447,-1,-1,-47
1756013388.1649446,2,-1,-47
1756013388.2039447,7,-2,-41
1756013388.2399447,2,-3,-50
1756013388.2779446,0,-7,-52
1756013388.3149445,1,6,-45
1756013388.3529446,1,0,-54
1756013388.3889446,-3,-3,-51
1756013388.4269447,-3,2,-55
1756013388.4649446,-1,-3,-58
1756013388.5039446,0,1,-48
1756013388.5399446,0,-2,-49
1756013388.5779445,0,-1,-49
1756013388.6149447,-2,0,-64
1756013388.6539447,-1,-1,-62
1756013388.6899445,-4,-2,-51
1756013388.7279446,-3,2,-46
1756013388.7669446,-3,3,-59
1756013388.8049445,-14,0,-52
1756013388.8429446,-5,0,-44
1756013388.8789446,-5,-1,-55
1756013388.9169445,-3,-1,-60
1756013388.9549446,0,0,-41
1756013388.9929447,1,0,-50
1756013389.0289447,-5,-2,-56
1756013389.0669446,6,-5,-48
1756013389.1049447,3,-2,-50
1756013389.1439445,6,-5,-60
1756013389.1799445,5,-7,-65
1756013389.2169447,-5,-8,-53
1756013389.2549446,-2,-7,-45
1756013389.2939446,-3,-4,-43
1756013389.3299446,-7,-5,-49
1756013389.3679447,-2,0,-55
1756013389.4059446,-1,-2,-54
1756013389.4449446,2,-2,-49
1756013389.4809446,-1,0,-45
1756013389.5179446,0,1,-46
1756013389.5549445,4,4,-45
1756013389.5939443,-12,0,-52
1756013389.6299446,-3,1,-45
1756013389.6669445,0,0,-51
1756013389.7049446,8,-2,-53
1756013389.7409446,4,-3,-55
1756013389.7789447,0,4,-46
1756013389.815945,3,-5,-47
1756013389.8549447,-1,-5,-54
1756013389.8909447,-3,3,-62
1756013389.9289446,-8,-2,-51
1756013389.9679446,-5,-4,-44
1756013390.0059447,5,2,-71
1756013390.0439446,9,-2,-66
1756013390.0799446,6,4,-64
1756013390.1179447,-3,-3,-60
1756013390.1559446,1,0,-56
1756013390.1939447,-1,0,-55
1756013390.2299447,-1,-2,-55
1756013390.2679446,-3,0,-62
1756013390.3059447,-9,-2,-63
1756013390.3449447,-4,-3,-54
1756013390.3809447,4,-2,-46
1756013390.417945,4,-2,-44
1756013390.4559443,3,-4,-43
1756013390.4949446,-1,-3,-50
1756013390.5309446,1,2,-48
1756013390.5679443,-3,-6,-54
1756013390.6059446,-9,-5,-49
1756013390.644945,-1,5,-44
1756013390.6809447,-6,5,-42
1756013390.7189443,-7,-2,-49
1756013390.756945,-4,-5,-48
1756013390.7959447,-4,0,-45
1756013390.8339446,-7,5,-54
1756013390.8699446,-13,1,-59
1756013390.907945,-2,8,-56
1756013390.9459443,0,7,-54
1756013390.9819446,1,6,-60
1756013391.019945,7,3,-57
1756013391.0569446,-4,-6,-51
1756013391.0959446,-1,-1,-49
1756013391.131945,-5,0,-34
1756013391.1699443,-5,0,-50
1756013391.2079446,0,-2,-49
1756013391.2459445,1,-2,-45
1756013391.2849443,3,-3,-50
1756013391.3209443,1,0,-55
1756013391.3579447,3,1,-53
1756013391.3959446,-3,0,-44
1756013391.4319446,-6,-3,-49
1756013391.4699447,-2,0,-50
1756013391.5079446,-7,-3,-51
1756013391.5459447,-7,-1,-57
1756013391.5849447,-10,0,-53
1756013391.6209445,-10,-5,-57
1756013391.6589446,-4,-5,-58
1756013391.6969447,0,1,-59
1756013391.7359445,-9,-4,-52
1756013391.7719443,-4,-7,-48
1756013391.8099446,-5,-7,-53
1756013391.8479445,-10,-6,-58
1756013391.8869443,7,0,-59
1756013391.9249446,2,-6,-57
1756013391.960945,0,-5,-53
1756013391.9989443,1,-2,-41
1756013392.0369446,0,0,-45
1756013392.0749447,-5,-6,-55
1756013392.1109445,1,2,-52
1756013392.1479447,2,3,-49
1756013392.1859446,1,-3,-53
1756013392.2219446,1,-8,-49
1756013392.259945,-1,-8,-56
1756013392.2979443,-4,1,-52
1756013392.3369446,-3,0,-55
1756013392.3749447,3,1,-48
1756013392.4109447,6,-4,-54
1756013392.4479446,0,-1,-63
1756013392.486945,-5,-5,-69
1756013392.5249443,-1,0,-49
1756013392.5609446,1,3,-58
1756013392.5979445,7,2,-59
1756013392.6359446,5,1,-35
1756013392.6719446,2,6,-49
1756013392.7099447,-10,5,-48
1756013392.746945,-4,1,-57
1756013392.7859447,-5,3,-59
1756013392.8219447,-10,0,-49
1756013392.858945,-2,0,-50
1756013392.8969443,0,-7,-47
1756013392.9359446,2,-3,-55
1756013392.9719446,2,-5,-49
1756013393.0089445,7,-1,-48
1756013393.0469446,0,0,-63
1756013393.0829446,5,-3,-57
1756013393.1209445,-2,0,-57
1756013393.1589446,-5,-2,-44
1756013393.1969447,0,-10,-49
1756013393.2359445,8,0,-41
1756013393.2719443,0,-2,-57
1756013393.3089447,0,0,-63
1756013393.3479445,6,5,-61
1756013393.3869443,6,-1,-54
1756013393.4229443,8,-1,-53
1756013393.4599447,1,7,-57
1756013393.4979446,5,2,-50
1756013393.5359447,7,-5,-49
1756013393.5719447,1,0,-55
1756013393.608945,4,-5,-46
1756013393.6479447,-4,-6,-48
1756013393.6859446,-2,-2,-42
1756013393.7219446,0,-4,-37
1756013393.7589445,0,-6,-43
1756013393.7979443,-1,-5,-41
1756013393.835945,0,-3,-51
1756013393.871945,8,0,-47
1756013393.9089446,3,4,-35
1756013393.9469447,5,1,-58
1756013393.9829447,6,-4,-62
1756013394.0209446,7,-3,-56
1756013394.0599446,-3,1,-59
1756013394.0979445,-1,-2,-50
1756013394.1359446,-3,2,-45
1756013394.1719446,1,1,-53
1756013394.2089446,-2,-5,-50
1756013394.2479446,-1,8,-58
1756013394.2839446,-5,0,-51
1756013394.3229446,3,-2,-50
1756013394.3599446,0,-5,-44
1756013394.3979447,-1,-5,-61
1756013394.4369447,-6,0,-59
1756013394.4729445,-5,-4,-57
1756013394.5109446,-2,-1,-47
1756013394.5489447,-2,-2,-49
1756013394.5879445,0,-2,-49
1756013394.6239443,5,-6,-43
1756013394.6609447,3,-3,-49
1756013394.6989446,0,2,-61
1756013394.736945,-3,8,-47
1756013394.7729447,-7,-2,-45
1756013394.8109446,-1,6,-49
1756013394.848945,-1,7,-40
1756013394.8879447,-5,-1,-44
1756013394.9239447,-1,0,-45
1756013394.960945,-9,-5,-45
1756013394.9989443,2,-1,-41
1756013395.0379446,-4,-4,-38
1756013395.0739446,2,4,-48
1756013395.1109445,-1,1,-44
1756013395.1489446,-8,0,-53
1756013395.187945,-3,0,-51
1756013395.223945,2,4,-54
1756013395.2609446,5,-8,-49
1756013395.2989447,8,-4,-50
1756013395.3429446,0,0,-61
1756013395.3809447,0,-4,-58
1756013395.4199443,-2,-5,-58
1756013395.4579446,2,-1,-47
1756013395.4939446,5,-6,-48
1756013395.5319445,3,-1,-48
1756013395.5699446,-4,0,-50
1756013395.608945,-5,4,-51
1756013395.6469443,3,-4,-52
1756013395.6829443,-1,0,-51
1756013395.7199447,-5,-7,-49
1756013395.7589445,-6,-5,-45
1756013395.7969446,2,-2,-50
1756013395.8329446,4,1,-47
1756013395.8699446,-10,-1,-49
1756013395.9089446,-2,-2,-51
1756013395.9449446,0,-6,-56
1756013395.9829447,-1,0,-53
1756013396.0209446,3,4,-56
1756013396.0589447,3,0,-59
1756013396.0949447,0,-1,-67
1756013396.131945,-1,2,-49
1756013396.1699443,1,-4,-53
1756013396.2089446,2,-2,-60
1756013396.2449446,0,-6,-57
1756013396.2819445,0,0,-61
1756013396.3189447,0,0,-50
1756013396.3579447,-3,0,-48
1756013396.3939445,-5,-2,-52
1756013396.4319446,-8,-4,-40
1756013396.4699447,0,-2,-41
1756013396.5089445,0,0,-48
1756013396.5449443,5,5,-51
1756013396.5819447,2,-2,-55
1756013396.6209445,8,-4,-48
1756013396.6589446,-5,-3,-51
1756013396.6949446,-9,1,-52
1756013396.7319446,-8,-3,-55
1756013396.769945,1,-2,-51
1756013396.8089447,2,5,-49
1756013396.8449447,-8,-5,-55
1756013396.8829446,0,-10,-57
1756013396.9209447,3,-2,-50
1756013396.9599447,3,-7,-50
1756013396.9979446,-2,-5,-63
1756013397.0339446,-1,-6,-57
1756013397.0719447,-7,-9,-44
1756013397.1099446,-7,-9,-55
1756013397.1489446,0,-1,-55
1756013397.1849446,-1,2,-54
1756013397.2229445,0,-4,-43
1756013397.2609446,-2,0,-51
1756013397.2999446,6,3,-54
1756013397.3379445,-8,0,-45
1756013397.3739443,-4,-2,-62
1756013397.4119446,-1,-1,-52
1756013397.4499447,-1,-2,-51
1756013397.4889443,-2,2,-52
1756013397.5249443,-1,4,-51
1756013397.5619447,0,-1,-51
1756013397.5999446,6,-10,-53
1756013397.6389446,2,-7,-38
1756013397.6749446,3,-5,-42
1756013397.7119446,9,0,-56
1756013397.7499447,0,1,-67
1756013397.7859447,1,0,-51
1756013397.8229446,4,-6,-50
1756013397.8609445,2,-9,-53
1756013397.8999443,-4,-4,-44
1756013397.9359446,-4,1,-55
1756013397.9729445,-9,1,-52
1756013398.0109446,-3,0,-43
1756013398.0499446,-6,-3,-38
1756013398.085945,-4,-3,-41
1756013398.1249447,-10,3,-47
1756013398.1619446,-13,2,-54
1756013398.1999447,-14,2,-59
1756013398.2389443,-3,1,-59
1756013398.2749443,1,4,-46
1756013398.3119447,0,-2,-54
1756013398.3509445,0,4,-53
1756013398.3889446,-3,1,-47
1756013398.4249446,-8,-1,-47
1756013398.4629445,0,-1,-50
1756013398.5009446,1,8,-46
1756013398.5389447,-1,-3,-55
1756013398.5749447,2,0,-51
1756013398.611945,0,0,-52
1756013398.6509447,-3,-2,-57
1756013398.6889446,4,-3,-54
1756013398.7249446,-1,-7,-47
1756013398.7629447,2,-3,-50
1756013398.8019447,0,-2,-52
1756013398.8399446,-1,-2,-60
1756013398.8759446,1,1,-60
1756013398.9129446,4,1,-65
1756013398.950945,0,4,-50
1756013398.9889443,-2,-8,-58
1756013399.0249443,-3,0,-53
1756013399.0619447,3,3,-56
1756013399.1009445,0,8,-43
1756013399.1389446,-2,5,-51
1756013399.1749446,3,3,-57
1756013399.2129445,0,-4,-48
1756013399.2509446,-2,0,-63
1756013399.2869446,-3,5,-52
1756013399.3239446,8,3,-61
1756013399.361945,-5,3,-61
1756013399.4009447,-7,4,-43
1756013399.4369447,-8,-1,-42
1756013399.4749446,-6,-7,-41
1756013399.5129447,-6,-1,-56
1756013399.5509446,1,4,-47
1756013399.5869446,2,-1,-46
1756013399.6249447,0,-6,-41
1756013399.6629446,-10,2,-38
1756013399.700945,-11,1,-33
1756013399.7399447,4,4,-40
1756013399.7759447,1,1,-40
1756013399.812945,0,0,-39
1756013399.8509445,-5,1,-53
1756013399.8899446,-7,0,-63
1756013399.9259446,1,6,-50
1756013399.9629445,5,1,-46
1756013400.0009446,-4,0,-47
1756013400.0369446,0,0,-55
1756013400.0739446,1,-1,-44
1756013400.1129446,-6,-1,-56
1756013400.1509447,-2,-2,-58
1756013400.1869447,-2,1,-49
1756013400.223945,5,6,-61
1756013400.2619443,4,2,-59
1756013400.2999446,1,0,-51
1756013400.335945,8,3,-49
1756013400.3739443,7,-1,-48
1756013400.4129446,1,-3,-47
1756013400.450945,-4,-4,-46
1756013400.486945,-2,-4,-46
1756013400.5259447,0,-9,-56
1756013400.562945,-7,3,-49
1756013400.6019447,-2,0,-56
1756013400.6399446,0,-2,-57
1756013400.6759446,4,-5,-54
1756013400.713945,-2,-3,-51
1756013400.7519443,1,0,-59
1756013400.7899446,-4,-5,-47
1756013400.825945,1,0,-42
1756013400.8629446,-1,0,-59
1756013400.9019446,3,-4,-54
1756013400.937945,9,-2,-44
1756013400.9759445,0,-1,-43
1756013401.0139446,0,0,-50
1756013401.0519447,-2,4,-51
1756013401.0879445,4,3,-53
1756013401.1249447,5,2,-49
1756013401.1629446,-4,5,-45
1756013401.2019446,3,3,-50
1756013401.2379446,6,-5,-42
1756013401.2759447,-3,-3,-56
1756013401.3139446,-1,-3,-51
1756013401.3519447,-11,1,-52
1756013401.3909447,-1,-3,-54
1756013401.4269447,0,1,-57
1756013401.463945,-3,-1,-53
1756013401.5019443,-2,-5,-40
1756013401.5409446,-3,1,-51
1756013401.5769446,-1,-2,-50
1756013401.6149447,1,0,-48
1756013401.6529446,0,0,-45
1756013401.6919446,-2,0,-54
1756013401.7279446,4,-5,-50
1756013401.7659447,1,2,-45
1756013401.802945,-7,3,-56
1756013401.8419447,-9,8,-67
1756013401.8779447,-10,1,-61
1756013401.9159446,5,-1,-54
1756013401.9539447,3,-1,-60
1756013401.9929447,0,-2,-56
1756013402.0309446,8,-6,-58
1756013402.0669446,-2,-11,-65
1756013402.1049447,4,-6,-68
1756013402.1429446,7,-4,-48
1756013402.1819446,-5,0,-52
1756013402.2179446,0,-1,-54
1756013402.2559447,6,0,-40
1756013402.292945,0,-2,-61
1756013402.3319447,2,-4,-54
1756013402.3679447,3,-7,-46
1756013402.4059446,6,-1,-54
1756013402.4429443,0,2,-58
1756013402.4809446,-2,-5,-54
1756013402.5169446,0,-2,-58
1756013402.5539446,4,3,-64
1756013402.5929446,-2,-2,-53
1756013402.6289446,-2,0,-47
1756013402.6659446,4,0,-47
1756013402.7039447,3,6,-54
1756013402.7429447,-2,-1,-50
1756013402.7789447,0,-2,-50
1756013402.8169446,0,0,-48
1756013402.8549447,-2,1,-57
1756013402.8929446,-6,-5,-48
1756013402.9319446,5,0,-60
1756013402.9679446,3,-4,-60
1756013403.0049446,6,-1,-54
1756013403.042945,-4,-5,-71
1756013403.0819447,-2,2,-65
1756013403.1179447,4,1,-52
1756013403.154945,1,-2,-55
1756013403.1929443,-1,-5,-59
1756013403.2319446,2,-8,-54
1756013403.2679446,0,-2,-56
1756013403.3049445,0,-4,-57
1756013403.3439443,-5,-7,-44
1756013403.381945,-2,-4,-50
1756013403.417945,-3,-4,-47
1756013403.4559443,2,-2,-64
1756013403.4939446,-1,-5,-50
1756013403.532945,-6,3,-53
1756013403.5689447,-7,1,-60
1756013403.6059446,-3,-1,-53
1756013403.6439445,-1,0,-47
1756013403.6829443,0,-1,-54
1756013403.7189443,-2,-3,-59
1756013403.756945,-4,2,-56
1756013403.7949443,-8,1,-48
1756013403.8339446,-8,-1,-55
1756013403.871945,0,-1,-51
1756013403.907945,0,-4,-56
1756013403.9449446,0,-6,-41
1756013403.983945,-3,-2,-44
1756013404.0219443,1,0,-48
1756013404.0579443,4,3,-48
1756013404.0949447,2,6,-41
1756013404.1339445,6,3,-54
1756013404.1719446,6,1,-57
1756013404.2079446,5,3,-60
1756013404.2449446,6,4,-60
1756013404.282945,0,0,-58
1756013404.3189447,5,-5,-59
1756013404.3569446,8,-8,-47
1756013404.3939445,-2,-4,-56
1756013404.4329443,5,1,-52
1756013404.4689443,-1,-4,-56
1756013404.506945,0,1,-55
1756013404.5439446,1,3,-44
1756013404.5799446,3,-1,-55
1756013404.6169446,-11,0,-66
1756013404.654945,1,-3,-67
1756013404.6939447,0,3,-60
1756013404.7299447,-9,2,-49
1756013404.7669446,-9,2,-56
1756013404.8049445,-2,-1,-51
1756013404.8439443,4,0,-44
1756013404.8799446,8,0,-40
1756013404.9169445,2,-4,-47
1756013404.9549446,-1,2,-40
1756013404.9939446,-2,2,-46
1756013405.029945,-4,0,-46
1756013405.0669446,-2,3,-42
1756013405.1059446,4,0,-41
1756013405.1439445,-5,-5,-45
1756013405.1799445,-8,-2,-49
1756013405.2189443,0,3,-51
1756013405.2559447,1,-1,-47
1756013405.2949443,4,0,-52
1756013405.3329446,1,-2,-40
1756013405.3779447,2,0,-42
1756013405.4149446,5,1,-52
1756013405.4539447,2,-2,-47
1756013405.4909446,3,0,-41
1756013405.5279446,8,-7,-45
1756013405.565945,5,-4,-46
1756013405.6049447,-1,2,-46
1756013405.6429446,-6,0,-57
1756013405.6789446,-1,6,-44
1756013405.7169447,-2,3,-54
1756013405.7549446,0,0,-51
1756013405.7939446,0,4,-52
1756013405.8299446,3,-2,-57
1756013405.8689446,4,-2,-56
1756013405.9059446,0,-4,-52
1756013405.9449446,-6,4,-45
1756013405.9809446,2,2,-50
1756013406.0179446,8,0,-54
1756013406.0559447,1,5,-61
1756013406.0939443,-4,-4,-59
1756013406.1309447,-1,0,-57
1756013406.167945,-5,-3,-53
1756013406.2059443,-2,-2,-58
1756013406.2449446,1,-3,-44
1756013406.2809446,-2,0,-49
1756013406.3189447,0,-1,-53
1756013406.3559446,2,-3,-45
1756013406.394945,-2,-1,-56
1756013406.4309447,6,-5,-54
1756013406.4689443,6,-4,-48
1756013406.506945,-4,5,-41
1756013406.5459447,8,1,-44
1756013406.5839446,2,1,-56
1756013406.6199446,0,-1,-54
1756013406.657945,0,5,-45
1756013406.6959443,10,0,-55
1756013406.733945,4,3,-48
1756013406.769945,0,1,-45
1756013406.8069446,-1,-1,-53
1756013406.8459446,-1,-1,-43
1756013406.8839445,-6,-4,-45
1756013406.9199443,-2,2,-43
1756013406.9569447,-4,-6,-58
1756013406.9959445,3,-8,-55
1756013407.0339446,-2,0,-53
1756013407.0699446,2,-3,-57
1756013407.1069446,0,2,-46
1756013407.144945,-2,-3,-45
1756013407.1809447,0,-8,-46
1756013407.2179446,7,-4,-55
1756013407.256945,3,0,-62
1756013407.2949443,-5,1,-49
1756013407.3309443,-5,-1,-44
1756013407.3699446,-2,3,-46
1756013407.4069445,-6,4,-54
1756013407.4459443,0,-4,-52
1756013407.483945,2,-8,-44
1756013407.5209446,-2,-11,-40
1756013407.5589447,-2,-6,-50
1756013407.5969446,4,-1,-49
1756013407.6359446,3,0,-49
1756013407.6719446,0,-4,-48
1756013407.7089446,-2,0,-39
1756013407.746945,-6,-1,-51
1756013407.7859447,-8,-2,-62
1756013407.8219447,-2,1,-56
1756013407.858945,0,-1,-48
1756013407.8969443,1,-6,-52
1756013407.9359446,-5,-1,-52
1756013407.9719446,-3,-4,-44
1756013408.009945,-6,-6,-50
1756013408.0479443,4,-9,-48
1756013408.085945,-2,-5,-44
1756013408.1249447,2,0,-48
1756013408.1609447,3,2,-57
1756013408.1979446,5,3,-48
1756013408.236945,2,3,-50
1756013408.2749443,1,1,-48
1756013408.3109446,1,2,-48
1756013408.3479445,0,0,-60
1756013408.3859446,2,0,-51
1756013408.4219446,4,-6,-50
1756013408.4589446,1,4,-47
1756013408.496945,-1,-1,-56
1756013408.5349443,0,2,-56
1756013408.5709443,-5,3,-50
1756013408.608945,-1,5,-47
1756013408.6469443,-2,-3,-55
1756013408.6859446,-5,1,-51
1756013408.7219446,-2,3,-45
1756013408.7589445,2,-3,-50
1756013408.7969446,5,-1,-50
1756013408.835945,4,-11,-60
1756013408.871945,3,-10,-52
1756013408.9089446,0,-6,-50
1756013408.9469447,5,-4,-44
1756013408.9859445,5,4,-43
1756013409.0219443,3,0,-51
1756013409.0589447,8,-4,-52
1756013409.0969446,0,1,-47
1756013409.1359446,1,1,-55
1756013409.1719446,-3,-4,-40
1756013409.2099447,-4,-3,-52
1756013409.2479446,1,-6,-52
1756013409.2869446,7,-1,-73
1756013409.3229446,4,1,-71
1756013409.3599446,-1,-5,-51
1756013409.3979447,3,-2,-46
1756013409.4369447,0,-8,-46
1756013409.4729445,7,-2,-56
1756013409.509945,0,-8,-45
1756013409.5479443,0,-11,-50
1756013409.5869446,0,-8,-45
1756013409.6229446,1,-5,-44
1756013409.6609447,0,-2,-52
1756013409.6989446,-9,-2,-55
1756013409.7379446,-4,0,-45
1756013409.7759447,0,-1,-49
1756013409.8119447,0,-3,-42
1756013409.848945,4,-2,-55
1756013409.8879447,12,-1,-46
1756013409.9259446,2,0,-56
1756013409.9619446,1,-1,-51
1756013409.9989443,0,-4,-44
1756013410.0379446,-1,0,-54
1756013410.075945,-6,0,-46
1756013410.111945,-2,-3,-46
1756013410.1499443,0,-3,-41
1756013410.187945,-3,-1,-68
1756013410.2269447,-3,-2,-53
1756013410.2629447,-1,-6,-47
1756013410.3009446,1,2,-51
1756013410.3379445,4,0,-48
1756013410.3759446,1,4,-50
1756013410.4119446,-7,6,-48
1756013410.4499447,-5,0,-60
1756013410.4879446,-4,2,-57
1756013410.5269446,-4,-2,-54
1756013410.562945,-6,2,-58
1756013410.5999446,1,3,-60
1756013410.6379447,1,-1,-55
1756013410.6759446,0,3,-58
1756013410.7119446,6,-1,-50
1756013410.7499447,0,-1,-46
1756013410.7879446,1,2,-51
1756013410.825945,-6,2,-48
1756013410.861945,3,3,-57
1756013410.8989446,2,-4,-61
1756013410.937945,6,-2,-64
1756013410.973945,4,0,-63
1756013411.0109446,-4,0,-75
1756013411.0489447,-2,-4,-63
1756013411.0879445,1,-9,-58
1756013411.1239443,6,-5,-56
1756013411.1609447,2,0,-43
1756013411.1999447,-3,-5,-45
1756013411.2379446,-2,-1,-45
1756013411.2739446,4,-2,-48
1756013411.3109446,3,0,-56
1756013411.3479445,-5,-2,-53
1756013411.3869443,-1,3,-52
1756013411.4229443,1,2,-58
1756013411.460945,-2,-2,-60
1756013411.4979446,-2,4,-62
1756013411.5369446,-4,-5,-58
1756013411.5729446,0,-1,-53
1756013411.6109445,5,4,-57
1756013411.6489446,2,0,-58
1756013411.6869447,0,-3,-48
1756013411.7229445,1,4,-52
1756013411.759945,6,2,-58
1756013411.7989447,1,-4,-52
1756013411.8369446,-3,0,-45
1756013411.8729446,-6,0,-44
1756013411.9109447,0,5,-46
1756013411.9489446,2,-5,-39
1756013411.986945,0,-7,-55
1756013412.0229447,1,-2,-57
1756013412.0599446,2,-1,-54
1756013412.098945,2,-2,-50
1756013412.1369443,-8,2,-55
1756013412.1729443,-3,1,-53
1756013412.2099447,1,4,-44
1756013412.2479446,0,0,-42
1756013412.2839446,-4,0,-45
1756013412.3219447,-6,-5,-47
1756013412.3599446,-2,0,-55
1756013412.3989446,1,-4,-34
1756013412.4369447,1,-3,-43
1756013412.4729445,7,-1,-51
1756013412.509945,1,-1,-59
1756013412.5489447,4,-8,-53
1756013412.5849447,0,-9,-51
1756013412.6229446,0,-4,-54
1756013412.6609447,-6,-4,-64
1756013412.6989446,-6,-9,-60
1756013412.7379446,-4,-2,-49
1756013412.7739446,-1,-7,-52
1756013412.8119447,1,-5,-50
1756013412.8499446,0,-5,-41
1756013412.8889446,-3,-3,-40
1756013412.9249446,0,-6,-39
1756013412.9619446,2,0,-44
1756013412.9989443,-1,1,-48
1756013413.0379446,-2,-1,-59
1756013413.0739446,-2,0,-47
1756013413.111945,-8,-2,-53
1756013413.1489446,-7,-2,-44
1756013413.187945,0,0,-44
1756013413.223945,0,3,-43
1756013413.2619443,-7,0,-52
1756013413.2999446,0,-5,-49
1756013413.3379445,7,0,-44
1756013413.3739443,10,-7,-55
1756013413.4119446,2,-10,-48
1756013413.4499447,-5,-1,-44
1756013413.4889443,4,-2,-44
1756013413.5249443,1,0,-53
1756013413.5619447,7,-2,-50
1756013413.5999446,1,-2,-53
1756013413.6389446,4,8,-48
1756013413.6749446,0,6,-47
1756013413.7119446,-10,11,-47
1756013413.7499447,-3,4,-51
1756013413.7889447,0,4,-46
1756013413.8249447,1,5,-47
1756013413.861945,-8,4,-51
1756013413.8999443,-7,-1,-50
1756013413.9389446,0,6,-53
1756013413.9749446,-5,5,-50
1756013414.0119443,2,-4,-57
1756013414.0499446,6,-3,-52
1756013414.088945,1,-8,-59
1756013414.1249447,7,-5,-44
1756013414.1619446,0,0,-53
1756013414.1999447,2,0,-53
1756013414.2379446,2,1,-46
1756013414.2739446,1,3,-51
1756013414.3109446,3,2,-53
1756013414.348945,4,7,-49
1756013414.384945,0,1,-45
1756013414.4219446,-2,0,-46
1756013414.4599447,-2,0,-52
1756013414.4989443,-1,-2,-53
1756013414.5349443,-6,1,-52
1756013414.5739446,-4,3,-48
1756013414.6109445,0,0,-46
1756013414.6489446,-5,-1,-46
1756013414.6849446,-7,0,-50
1756013414.7229445,-1,2,-47
1756013414.7609446,-2,0,-46
1756013414.7999446,-5,0,-58
1756013414.835945,-10,-2,-55
1756013414.8739443,-5,3,-56
1756013414.9129446,-12,2,-43
1756013414.950945,-1,0,-58
1756013414.9889443,-9,3,-47
1756013415.0249443,-2,3,-42
1756013415.062945,-4,5,-42
1756013415.1009445,-4,-1,-49
1756013415.1389446,0,4,-54
1756013415.1749446,2,2,-56
1756013415.2119446,1,2,-49
1756013415.2509446,0,0,-56
1756013415.2889447,4,-1,-62
1756013415.3249447,1,4,-58
1756013415.361945,-1,3,-53
1756013415.4069445,3,4,-43
1756013415.4449446,-1,0,-43
1756013415.4819446,5,-4,-39
1756013415.5209446,-2,1,-42
1756013415.5589447,4,0,-45
1756013415.5949447,2,2,-46
1756013415.631945,1,0,-50
1756013415.6699443,3,4,-56
1756013415.7059443,0,4,-52
1756013415.7429447,-5,3,-51
1756013415.7809446,-2,-11,-52
1756013415.8199446,2,5,-56
1756013415.8559446,1,10,-60
1756013415.8929446,4,3,-45
1756013415.9309447,1,1,-50
1756013415.9669447,-1,2,-54
1756013416.0039446,-2,4,-56
1756013416.0419445,0,2,-51
1756013416.0799446,-4,-5,-51
1756013416.1159446,-10,-6,-42
1756013416.1539447,-3,-1,-42
1756013416.1919446,-8,2,-52
1756013416.2309446,0,4,-40
1756013416.2669446,-2,2,-43
1756013416.3049445,3,1,-42
1756013416.3419447,6,-2,-44
1756013416.3809447,4,1,-55
1756013416.4169445,1,0,-49
1756013416.4539447,1,-8,-38
1756013416.4919446,1,0,-44
1756013416.529945,2,-1,-55
1756013416.565945,-3,-4,-48
1756013416.6049447,-1,-2,-52
1756013416.6419446,0,0,-57
1756013416.6799445,-7,0,-58
1756013416.7159443,1,7,-56
1756013416.7529447,-2,-1,-53
1756013416.7919445,3,-5,-44
1756013416.8299446,0,-5,-41
1756013416.8659446,-4,0,-52
1756013416.9029446,1,0,-49
1756013416.9419446,-1,3,-59
1756013416.9799447,-1,4,-55
1756013417.0159447,0,5,-57
1756013417.052945,1,0,-57
1756013417.0919447,1,-2,-59
1756013417.1299446,-1,-5,-42
1756013417.1659446,1,-5,-44
1756013417.2039447,6,-4,-43
1756013417.2419446,1,-7,-56
1756013417.2809446,0,-3,-55
1756013417.3169446,-1,-1,-50
1756013417.3549447,-7,2,-33
1756013417.3929446,0,0,-44
1756013417.4309447,3,0,-56
1756013417.4669447,0,6,-57
1756013417.5039446,3,2,-61
1756013417.5419445,3,-2,-56
1756013417.5809443,0,-1,-57
1756013417.6169446,-1,5,-58
1756013417.6539447,0,-4,-56
1756013417.6919446,2,-3,-58
1756013417.7309446,-1,0,-61
1756013417.7669446,-6,-1,-57
1756013417.8049445,-5,-1,-53
1756013417.8429446,-1,-6,-60
1756013417.881945,0,-1,-58
1756013417.917945,-1,1,-49
1756013417.9549446,-1,6,-63
1756013417.9929447,-3,4,-59
1756013418.0319445,-2,1,-55
1756013418.0679443,0,0,-54
1756013418.1049447,1,-7,-46
1756013418.1429446,-3,1,-58
1756013418.1819446,-8,1,-55
1756013418.2179446,-4,0,-52
1756013418.2549446,-1,1,-52
1756013418.292945,-1,-1,-50
1756013418.3319447,-3,2,-52
1756013418.3679447,3,1,-62
1756013418.4059446,0,3,-52
1756013418.4429443,0,-3,-54
1756013418.4819446,4,-2,-50
1756013418.5179446,1,0,-50
1756013418.5559447,0,3,-53
1756013418.5929446,-2,6,-42
1756013418.631945,4,-1,-48
1756013418.667945,1,1,-50
1756013418.7059443,-1,0,-56
1756013418.7429447,-2,0,-55
1756013418.7819445,-1,-2,-49
1756013418.8179443,-3,0,-53
1756013418.8549447,-9,3,-49
1756013418.8929446,-10,6,-50
1756013418.9319446,-8,-1,-53
1756013418.9679446,-2,-3,-46
1756013419.0059447,0,3,-49
1756013419.042945,-6,1,-48
1756013419.0819447,-6,11,-52
1756013419.1179447,0,4,-43
1756013419.1559446,0,-2,-43
1756013419.1929443,11,-9,-49
1756013419.2319446,-2,0,-45
1756013419.2679446,0,6,-46
1756013419.3059447,-1,0,-49
1756013419.3429446,1,-2,-57
1756013419.381945,3,-4,-57
1756013419.417945,0,-2,-56
1756013419.4549446,1,1,-45
1756013419.4929447,3,2,-49
1756013419.5289447,0,-3,-47
1756013419.5669446,0,-1,-56
1756013419.6059446,0,0,-53
1756013419.6429446,1,4,-55
1756013419.6819446,4,0,-51
1756013419.7179446,7,2,-51
1756013419.7549446,8,-3,-50
1756013419.792945,0,-4,-59
1756013419.8319447,-1,1,-53
1756013419.8679447,0,2,-52
1756013419.904945,-5,-4,-52
1756013419.9439447,-5,-1,-53
1756013419.9819446,0,-1,-67
1756013420.0179446,6,0,-54
1756013420.0549445,-3,4,-57
1756013420.0939443,4,2,-49
1756013420.131945,-5,2,-48
1756013420.167945,-6,-1,-54
1756013420.2059443,-3,-7,-64
1756013420.2439446,-4,2,-53
1756013420.282945,-3,-5,-58
1756013420.3189447,0,-6,-53
1756013420.3559446,1,-2,-51
1756013420.3939445,1,0,-56
1756013420.4319446,0,3,-44
1756013420.4679446,-2,0,-47
1756013420.5059447,0,-3,-51
1756013420.5439446,4,-3,-65
1756013420.5819447,1,0,-61
1756013420.6179447,4,5,-61
1756013420.654945,4,4,-48
1756013420.6929443,2,-3,-48
1756013420.7289443,5,-2,-52
1756013420.7669446,0,-2,-53
1756013420.8049445,0,0,-53
1756013420.8429446,-8,-3,-53
1756013420.8789446,-5,-3,-54
1756013420.9169445,-10,-1,-50
1756013420.9549446,-4,0,-45
1756013420.9939446,2,0,-57
1756013421.029945,5,-1,-61
1756013421.0679443,4,2,-60
1756013421.1049447,1,2,-54
1756013421.1429446,-8,1,-43
1756013421.1789446,3,0,-50
1756013421.2159443,4,-5,-47
1756013421.2539446,-4,-1,-46
1756013421.292945,0,-11,-53
1756013421.3289447,-4,-3,-52
1756013421.3669446,0,-5,-61
1756013421.4059446,-5,-1,-44
1756013421.4439447,3,1,-45
1756013421.4799447,4,-4,-44
1756013421.5179446,0,-7,-52
1756013421.5569446,-2,-1,-62
1756013421.5949447,0,0,-47
1756013421.6329446,0,-4,-57
1756013421.6689446,-5,-1,-47
1756013421.7069447,-5,-2,-46
1756013421.7449446,10,-2,-49
1756013421.7839446,-1,0,-67
1756013421.8199446,0,7,-63
1756013421.8569446,-6,1,-69
1756013421.894945,4,-4,-55
1756013421.9339447,2,0,-47
1756013421.9699447,0,0,-49
1756013422.006945,3,-7,-55
1756013422.0449443,4,-3,-50
1756013422.0839446,6,-7,-52
1756013422.1199446,7,-5,-46
1756013422.1569445,8,-4,-44
1756013422.1949446,-1,0,-64
1756013422.233945,-2,0,-54
1756013422.269945,0,-3,-59
1756013422.3069446,2,3,-54
1756013422.3449447,0,0,-52
1756013422.3829446,0,-9,-42
1756013422.4189446,5,-7,-39
1756013422.4559443,-4,-1,-44
1756013422.4949446,5,-4,-46
1756013422.5339446,-8,-5,-48
1756013422.5699446,-1,-2,-57
1756013422.6079447,-1,-1,-51
1756013422.6459446,1,-1,-52
1756013422.6849446,0,0,-52
1756013422.7209446,-1,2,-53
1756013422.7579446,-8,0,-47
1756013422.7959447,-2,3,-44
1756013422.8349447,-3,2,-54
1756013422.8709445,0,2,-49
1756013422.907945,-2,1,-57
1756013422.9459443,0,-6,-45
1756013422.9849446,9,0,-65
1756013423.0209446,3,3,-62
1756013423.0579443,12,3,-40
1756013423.0949447,-1,-4,-48
1756013423.1339445,1,-3,-57
1756013423.1699443,-1,-6,-49
1756013423.2079446,-6,0,-53
1756013423.2459445,-2,3,-46
1756013423.2849443,-4,0,-41
1756013423.3209443,-1,-2,-48
1756013423.358945,1,4,-47
1756013423.3959446,1,6,-57
1756013423.4349446,-1,5,-50
1756013423.4709446,-8,1,-47
1756013423.5079446,-11,0,-46
1756013423.5459447,3,-3,-59
1756013423.5849447,6,-2,-59
1756013423.6209445,8,1,-42
1756013423.657945,5,-2,-44
1756013423.6959443,0,-7,-46
1756013423.7349446,2,-5,-59
1756013423.7709446,1,0,-57
1756013423.8079443,3,1,-60
1756013423.8459446,3,-3,-49
1756013423.8839445,0,-1,-56
1756013423.9199443,0,-4,-58
1756013423.9579446,-8,1,-56
1756013423.9959445,-7,1,-58
1756013424.0349443,-9,0,-50
1756013424.0709443,-3,-5,-54
1756013424.108945,-7,-5,-56
1756013424.1469443,2,-4,-61
1756013424.1859446,-1,-5,-47
1756013424.2219446,-8,-5,-46
1756013424.259945,-4,-5,-47
1756013424.2979443,-6,5,-51
1756013424.335945,-2,1,-45
1756013424.3749447,0,-4,-61
1756013424.4109447,2,3,-58
1756013424.4479446,5,-6,-54
1756013424.4859445,4,-4,-53
1756013424.5249443,-2,-3,-46
1756013424.5609446,2,2,-54
1756013424.5979445,5,0,-54
1756013424.6359446,-3,4,-53
1756013424.6749446,-1,3,-49
1756013424.710945,-1,1,-41
1756013424.7479446,2,-6,-46
1756013424.7859447,-1,-6,-46
1756013424.8249447,-2,-4,-50
1756013424.8609445,-2,-5,-57
1756013424.8989446,-3,-1,-66
1756013424.937945,-4,-4,-57
1756013424.9759445,-4,6,-58
1756013425.0119443,1,3,-48
1756013425.0489447,-1,-3,-48
1756013425.0879445,-4,-6,-57
1756013425.1259446,2,-1,-36
1756013425.1619446,1,-3,-47
1756013425.1989446,-4,-4,-60
1756013425.236945,3,0,-54
1756013425.2759447,-2,-1,-56
1756013425.3119447,-6,-3,-51
1756013425.3499446,-4,-2,-45
1756013425.3879447,0,0,-55
1756013425.4319446,0,0,-59
1756013425.4699447,3,-1,-56
1756013425.5079446,-1,3,-63
1756013425.5469446,-2,0,-57
1756013425.5849447,-3,-2,-53
1756013425.6209445,-2,-4,-57
1756013425.6589446,-1,-2,-61
1756013425.6969447,-2,-6,-56
1756013425.7359445,-4,-3,-54
1756013425.7719443,-9,0,-52
1756013425.8099446,0,2,-53
1756013425.8479445,1,4,-61
1756013425.8869443,-7,-3,-56
1756013425.9229443,-8,-2,-54
1756013425.960945,-10,4,-50
1756013425.9989443,3,-3,-59
1756013426.0369446,4,2,-52
1756013426.075945,-3,0,-45
1756013426.111945,-1,-2,-56
1756013426.1499443,-1,0,-64
1756013426.1889446,-1,6,-62
1756013426.2269447,-3,-6,-51
1756013426.2629447,0,0,-56
1756013426.2999446,1,-1,-52
1756013426.338945,-6,-4,-43
1756013426.3769443,-1,0,-57
1756013426.4129446,-2,0,-54
1756013426.4499447,-1,7,-49
1756013426.4879446,0,6,-52
1756013426.5269446,-3,5,-58
1756013426.562945,-4,3,-60
1756013426.5999446,0,2,-51
1756013426.6389446,7,2,-54
1756013426.6769447,6,3,-55
1756013426.7129445,-4,-1,-59
1756013426.7509446,-5,3,-62
1756013426.7889447,-8,7,-55
1756013426.8279445,0,0,-53
1756013426.8659446,2,4,-56
1756013426.9019446,-3,-2,-46
1756013426.9399445,2,-3,-51
1756013426.9779446,0,-3,-54
1756013427.0169446,5,1,-55
1756013427.052945,5,-1,-65
1756013427.0899446,-8,-2,-67
1756013427.1279447,5,0,-59
1756013427.1659446,-1,-9,-51
1756013427.2019446,0,-1,-56
1756013427.2389443,4,0,-50
1756013427.2779446,-3,0,-36
1756013427.315945,-8,-4,-51
1756013427.3519447,0,0,-59
1756013427.3899446,-3,1,-62
1756013427.427945,0,-4,-54
1756013427.4659443,0,1,-43
1756013427.5019443,-2,-4,-46
1756013427.5399446,-2,1,-46
1756013427.5779445,-1,1,-43
1756013427.6169446,-4,5,-44
1756013427.6529446,-6,-4,-43
1756013427.690945,0,1,-48
1756013427.7289443,4,-1,-54
1756013427.7679446,3,-1,-45
1756013427.8039446,8,-1,-46
1756013427.8409443,8,4,-45
1756013427.8779447,0,2,-55
1756013427.9139447,-2,0,-49
1756013427.950945,-3,2,-50
1756013427.9899447,0,-1,-52
1756013428.0279446,4,0,-47
1756013428.0639446,-1,0,-36
1756013428.1019447,4,-2,-44
1756013428.1399446,-4,-1,-55
1756013428.177945,2,0,-52
1756013428.213945,6,0,-48
1756013428.2509446,0,4,-53
1756013428.2889447,5,-5,-50
1756013428.3269446,2,-8,-56
1756013428.3629446,8,-6,-63
1756013428.3999443,4,0,-59
1756013428.437945,6,-5,-61
1756013428.473945,4,0,-47
1756013428.5109446,-1,0,-46
1756013428.5489447,-7,6,-53
1756013428.5879445,-2,-3,-57
1756013428.6239443,-10,-2,-57
1756013428.6619446,2,-2,-59
1756013428.6999447,0,-2,-53
1756013428.7389443,0,0,-54
1756013428.7769446,-2,-3,-44
1756013428.812945,-6,-2,-39
1756013428.8519447,-5,2,-57
1756013428.8889446,-6,-7,-58
1756013428.927945,0,7,-44
1756013428.963945,4,3,-51
1756013429.0019443,7,4,-53
1756013429.0389447,0,0,-44
1756013429.0769446,4,1,-58
1756013429.1129446,-3,0,-56
1756013429.1509447,-2,4,-55
1756013429.1889446,-4,0,-51
1756013429.2279446,-3,0,-47
1756013429.2639446,-3,4,-48
1756013429.3009446,-4,0,-48
1756013429.338945,-7,4,-43
1756013429.3779447,-4,5,-64
1756013429.4139447,-12,1,-49
1756013429.450945,0,-4,-48
1756013429.4889443,0,0,-53
1756013429.5249443,-1,1,-51
1756013429.5619447,3,1,-59
1756013429.598945,4,-1,-51
1756013429.6379447,6,6,-58
1756013429.6739447,0,7,-69
1756013429.710945,-2,3,-49
1756013429.7489443,5,4,-49
1756013429.7849443,1,0,-48
1756013429.8219447,-1,-2,-57
1756013429.8599446,-4,-5,-49
1756013429.8989446,-8,-5,-41
1756013429.9349446,-5,-2,-44
1756013429.973945,-1,-4,-34
1756013430.0109446,-2,-2,-41
1756013430.0499446,-3,4,-34
1756013430.0879445,-7,-2,-49
1756013430.1239443,-10,1,-53
1756013430.1619446,-7,7,-40
1756013430.1999447,-1,3,-37
1756013430.2389443,3,0,-50
1756013430.2749443,5,-3,-53
1756013430.3119447,-1,3,-41
1756013430.3499446,0,0,-55
1756013430.3879447,-9,-5,-57
1756013430.4239447,-8,-3,-51
1756013430.4619446,-8,0,-48
1756013430.4999447,-8,1,-54
1756013430.5389447,-1,3,-64
1756013430.5749447,1,-2,-47
1756013430.611945,4,-1,-43
1756013430.6499443,0,-3,-44
1756013430.6889446,-1,-3,-55
1756013430.7249446,-1,-2,-58
1756013430.7629447,-5,0,-54
1756013430.8009446,-3,5,-55
1756013430.8399446,0,-4,-66
1756013430.8759446,4,0,-52
1756013430.9139447,-7,0,-46
1756013430.9519446,-1,-1,-42
1756013430.9909446,-3,-3,-53
1756013431.0289447,0,0,-50
1756013431.0649445,-3,6,-52
1756013431.1019447,0,7,-44
1756013431.1399446,-1,7,-41
1756013431.1759446,3,6,-51
1756013431.213945,5,0,-51
1756013431.2509446,0,-1,-46
1756013431.2899446,-3,2,-36
1756013431.325945,8,-3,-38
1756013431.3649447,2,2,-47
1756013431.4019446,-3,-1,-62
1756013431.4399445,4,2,-62
1756013431.4789443,0,2,-47
1756013431.5149446,-7,1,-58
1756013431.5519447,-2,0,-55
1756013431.5909443,1,-1,-55
1756013431.6289446,0,0,-57
1756013431.6649446,8,-3,-44
1756013431.7019446,1,1,-45
1756013431.7409446,-5,-1,-52
1756013431.7789447,-1,8,-45
1756013431.8149445,-2,7,-58
1756013431.8539443,-6,3,-44
1756013431.8909447,2,-1,-49
1756013431.9299445,-1,-3,-61
1756013431.9659443,-3,2,-61
1756013432.0039446,0,0,-55
1756013432.0409446,-3,0,-54
1756013432.0799446,2,-3,-55
1756013432.1159446,3,2,-56
1756013432.1539447,-1,-1,-56
1756013432.190945,6,-3,-53
1756013432.2299447,-2,-5,-52
1756013432.2659447,2,2,-55
1756013432.302945,2,2,-48
1756013432.3409443,4,4,-46
1756013432.3799446,11,0,-46
1756013432.4159446,6,1,-48
1756013432.4529445,3,-5,-52
1756013432.4909446,6,-3,-56
1756013432.529945,0,-3,-49
1756013432.565945,5,6,-47
1756013432.6029446,5,5,-48
1756013432.6409447,2,-1,-51
1756013432.6769447,0,-1,-66
1756013432.713945,0,2,-68
1756013432.7509446,-2,-2,-56
1756013432.7899446,4,-10,-49
1756013432.825945,12,-9,-45
1756013432.8629446,2,0,-47
1756013432.9009447,-2,8,-54
1756013432.9399445,-8,2,-54
1756013432.9759445,-1,1,-59
1756013433.0139446,0,0,-53
1756013433.0509446,4,1,-60
1756013433.0869446,-4,6,-59
1756013433.1249447,7,4,-55
1756013433.1619446,4,7,-44
1756013433.1999447,8,0,-49
1756013433.2359445,9,0,-42
1756013433.2729447,2,0,-54
1756013433.3109446,-1,-4,-52
1756013433.3479445,1,-1,-51
1756013433.384945,4,0,-51
1756013433.4229443,-1,0,-49
1756013433.4619446,2,0,-57
1756013433.4999447,5,4,-47
1756013433.5359447,2,2,-41
1756013433.5729446,0,-2,-54
1756013433.611945,-7,0,-47
1756013433.6499443,-5,5,-52
1756013433.6859446,-8,-1,-46
1756013433.723945,-8,-1,-40
1756013433.7619443,2,2,-45
1756013433.7999446,0,-6,-47
1756013433.835945,1,0,-47
1756013433.8729446,-2,1,-51
1756013433.9119446,0,-7,-48
1756013433.9499447,3,-9,-52
1756013433.9859445,-4,0,-63
1756013434.0229447,-8,3,-58
1756013434.0619447,-10,7,-52
1756013434.0999446,0,3,-52
1756013434.1359446,6,-5,-47
1756013434.1729443,5,-5,-51
1756013434.2119446,-4,-1,-55
1756013434.2479446,-3,3,-56
1756013434.2849443,-2,-2,-47
1756013434.3229446,0,0,-57
1756013434.361945,-1,-6,-46
1756013434.3979447,-1,-2,-53
1756013434.4359446,-4,-9,-48
1756013434.4749446,-8,-7,-44
1756013434.5119443,-2,-5,-44
1756013434.5509446,-3,-4,-56
1756013434.5869446,0,0,-66
1756013434.6249447,-6,3,-66
1756013434.6619446,-10,-2,-55
1756013434.700945,-10,-1,-52
1756013434.736945,-1,-4,-58
1756013434.7749443,1,3,-55
1756013434.8119447,1,-5,-50
1756013434.8509445,2,0,-57
1756013434.8869443,-2,7,-47
1756013434.9249446,-4,-3,-37
1756013434.9629445,-2,0,-54
1756013435.0019443,-6,-5,-48
1756013435.0379446,-5,0,-43
1756013435.0749447,8,2,-64
1756013435.1129446,1,-2,-60
1756013435.1509447,-6,-1,-49
1756013435.1869447,0,-1,-58
1756013435.2249446,0,-1,-41
1756013435.2629447,6,-4,-57
1756013435.3019447,7,0,-47
1756013435.3379445,7,-4,-47
1756013435.3759446,3,3,-53
1756013435.4129446,-2,2,-48
1756013435.4579446,0,0,-51
1756013435.4959445,0,-1,-63
1756013435.532945,0,0,-50
1756013435.5719447,0,3,-54
1756013435.6079447,1,0,-43
1756013435.644945,-11,-2,-51
1756013435.6829443,-7,7,-46
1756013435.7219446,0,5,-43
1756013435.7579446,1,-1,-47
1756013435.7959447,0,0,-57
1756013435.8329446,-2,-2,-56
1756013435.871945,-3,3,-47
1756013435.907945,-1,0,-44
1756013435.9459443,11,-3,-51
1756013435.9829447,-4,-9,-46
1756013436.0219443,0,-5,-52
1756013436.0579443,-2,1,-55
1756013436.0959446,0,-2,-42
1756013436.1329446,6,-4,-40
1756013436.1719446,-1,3,-42
1756013436.2079446,-7,0,-52
1756013436.2459445,0,0,-57
1756013436.282945,-2,-1,-52
1756013436.3219447,-4,0,-54
1756013436.3579447,0,1,-47
1756013436.394945,-2,-7,-53
1756013436.4329443,-1,-7,-50
1756013436.4719446,-1,5,-40
1756013436.5079446,-2,1,-54
1756013436.5459447,-6,-5,-50
1756013436.5839446,3,-6,-48
1756013436.6229446,0,-1,-45
1756013436.6589446,-1,2,-44
1756013436.6959443,0,0,-47
1756013436.733945,-1,0,-54
1756013436.7719443,-7,-1,-49
1756013436.8079443,-6,-5,-40
1756013436.8459446,-5,-4,-53
1756013436.8839445,1,2,-63
1756013436.9219446,-5,3,-47
1756013436.9579446,0,10,-56
1756013436.9949446,2,3,-53
1756013437.0339446,0,-5,-49
1756013437.0719447,3,0,-53
1756013437.1079447,0,3,-52
1756013437.144945,2,5,-63
1756013437.1839447,3,-4,-51
1756013437.2219446,0,-10,-50
1756013437.2579446,-4,1,-49
1756013437.2949443,-2,-6,-53
1756013437.3339446,-4,-1,-54
1756013437.371945,2,-2,-49
1756013437.407945,1,-4,-60
1756013437.4459443,-3,-8,-58
1756013437.483945,3,-2,-52
1756013437.5229447,0,-10,-59
1756013437.5589447,1,-7,-52
1756013437.5969446,-1,-2,-50
1756013437.634945,1,2,-48
1756013437.6729443,-2,-5,-51
1756013437.7089446,-2,-6,-49
1756013437.746945,-1,-5,-59
1756013437.7849443,3,-5,-63
1756013437.8239446,2,-1,-54
1756013437.8599446,0,-4,-60
1756013437.8989446,1,-4,-52
1756013437.9359446,-8,1,-47
1756013437.9749446,-4,4,-57
1756013438.0129447,-2,7,-62
1756013438.0489447,-3,4,-57
1756013438.085945,-9,0,-55
1756013438.1249447,-3,-5,-55
1756013438.1629446,-1,-3,-44
1756013438.1989446,-2,-4,-44
1756013438.2379446,-2,-2,-50
1756013438.2749443,-1,1,-55
1756013438.3139446,-3,0,-50
1756013438.3499446,-3,0,-42
1756013438.3879447,0,5,-41
1756013438.4249446,1,-8,-54
1756013438.463945,1,-3,-54
1756013438.4999447,-6,-2,-44
1756013438.5379446,5,-2,-46
1756013438.575945,0,-6,-60
1756013438.6149447,-2,0,-52
1756013438.6529446,-8,7,-53
1756013438.6889446,-4,5,-57
1756013438.7259445,0,0,-70
1756013438.7639446,1,-2,-52
1756013438.7999446,0,-1,-49
1756013438.8379445,1,-2,-54
1756013438.8749447,2,0,-43
1756013438.9129446,-4,5,-42
1756013438.9489446,0,0,-58
1756013438.9859445,-6,0,-60
1756013439.0249443,-11,0,-61
1756013439.062945,-8,0,-51
1756013439.098945,-10,-6,-61
1756013439.1379447,-6,2,-56
1756013439.1749446,-8,3,-61
1756013439.213945,-1,-5,-60
1756013439.2499447,-1,-4,-47
1756013439.2879446,-5,-12,-44
1756013439.325945,-3,-4,-48
1756013439.3649447,8,-10,-49
1756013439.4009447,2,-5,-41
1756013439.437945,-6,-1,-44
1756013439.4759445,-2,0,-47
1756013439.5149446,-2,3,-54
1756013439.5509446,-1,0,-48
1756013439.5879445,1,0,-51
1756013439.6249447,1,3,-58
1756013439.6609447,0,6,-54
1756013439.6989446,3,3,-57
1756013439.7359445,0,0,-57
1756013439.7749443,-7,-2,-55
1756013439.8109446,0,0,-51
1756013439.8479445,1,10,-50
1756013439.8859446,0,-2,-51
1756013439.9249446,-3,1,-49
1756013439.960945,-2,1,-51
1756013439.9989443,1,0,-53
1756013440.0359447,-7,6,-34
1756013440.0749447,-7,-4,-39
1756013440.1109445,-9,-3,-49
1756013440.1489446,-8,1,-60
1756013440.1869447,-5,3,-58
1756013440.2259445,2,0,-44
1756013440.2639446,5,-6,-54
1756013440.2999446,2,-1,-56
1756013440.3369446,1,5,-63
1756013440.3749447,-1,-2,-54
1756013440.4109447,-5,0,-52
1756013440.4489446,-5,-2,-66
1756013440.486945,-9,2,-48
1756013440.5259447,1,1,-48
1756013440.5639446,-1,4,-48
1756013440.5999446,-1,0,-52
1756013440.6369443,-2,-2,-53
1756013440.6759446,0,5,-58
1756013440.713945,1,2,-54
1756013440.7499447,0,1,-43
1756013440.7869446,4,-2,-39
1756013440.825945,1,-3,-46
1756013440.861945,5,-2,-55
1756013440.8989446,0,-13,-50
1756013440.9369447,2,-4,-46
1756013440.9759445,-1,1,-67
1756013441.0119443,0,4,-54
1756013441.0489447,2,-2,-54
1756013441.0869446,0,0,-57
1756013441.1249447,2,-1,-51
1756013441.1609447,0,-2,-53
1756013441.1989446,-7,-1,-62
1756013441.236945,-8,1,-54
1756013441.2759447,-6,2,-56
1756013441.3119447,0,8,-52
1756013441.348945,-3,2,-47
1756013441.3869443,-6,0,-48
1756013441.4259446,-6,-2,-44
1756013441.4619446,0,-3,-42
1756013441.4989443,0,-2,-53
1756013441.5369446,-2,0,-53
1756013441.575945,2,8,-48
1756013441.611945,1,2,-45
1756013441.6489446,0,3,-51
1756013441.6869447,0,-5,-50
1756013441.7249446,3,-4,-57
1756013441.7609446,6,0,-53
1756013441.7979443,-2,5,-41
1756013441.8369446,-1,-2,-48
1756013441.8749447,-4,1,-56
1756013441.9109447,-5,-4,-53
1756013441.9489446,-7,-3,-50
1756013441.986945,-2,3,-56
1756013442.0259447,2,1,-58
1756013442.0619447,-5,0,-51
1756013442.098945,-5,-12,-49
1756013442.1369443,6,-2,-52
1756013442.1759446,2,4,-50
1756013442.2119446,6,-1,-47
1756013442.2489443,5,-2,-53
1756013442.2869446,-2,0,-50
1756013442.325945,-3,-6,-51
1756013442.361945,5,-8,-49
1756013442.3999443,-5,-10,-54
1756013442.437945,4,-6,-40
1756013442.4769447,0,-7,-50
1756013442.5129447,-4,-5,-40
1756013442.5509446,0,0,-44
1756013442.5879445,5,2,-51
1756013442.6259446,-10,1,-55
1756013442.6619446,-3,-2,-56
1756013442.6999447,6,-8,-56
1756013442.7379446,4,-4,-59
1756013442.7769446,3,-9,-61
1756013442.812945,7,-5,-45
1756013442.8509445,3,0,-49
1756013442.8899446,4,0,-59
1756013442.9269447,5,2,-53
1756013442.9629445,0,-4,-57
1756013442.9999447,3,-5,-45
1756013443.0379446,4,0,-61
1756013443.075945,1,-3,-52
1756013443.111945,-2,-2,-49
1756013443.1499443,0,2,-55
1756013443.187945,-4,3,-58
1756013443.2269447,-6,-4,-46
1756013443.2629447,0,-5,-55
1756013443.2999446,0,5,-59
1756013443.3379445,3,-4,-57
1756013443.3769443,0,0,-48
1756013443.4129446,-8,-4,-50
1756013443.450945,0,-4,-61
1756013443.4889443,-1,5,-54
1756013443.5279446,-7,1,-52
1756013443.565945,-2,1,-45
1756013443.6019447,-1,5,-51
1756013443.6389446,-2,0,-35
1756013443.677945,0,-2,-46
1756013443.7159443,-1,-8,-50
1756013443.7519443,4,-2,-41
1756013443.7889447,6,2,-44
1756013443.8279445,0,-5,-55
1756013443.8659446,0,-2,-66
1756013443.9019446,-1,0,-55
1756013443.9389446,-1,2,-50
1756013443.9779446,-4,0,-49
1756013444.0159447,4,0,-57
1756013444.0519447,4,0,-58
1756013444.088945,3,0,-55
1756013444.1269443,3,0,-49
1756013444.1629446,3,2,-60
1756013444.200945,-2,1,-57
1756013444.2389443,1,-6,-57
1756013444.2769446,-7,1,-57
1756013444.312945,-4,-3,-49
1756013444.3519447,-3,6,-50
1756013444.3889446,0,0,-48
1756013444.4269447,1,0,-52
1756013444.4629445,2,-2,-43
1756013444.4999447,-2,-2,-56
1756013444.5379446,8,1,-51
1756013444.5769446,4,2,-55
1756013444.6129446,3,0,-44
1756013444.6499443,-1,-1,-44
1756013444.6889446,7,-3,-50
1756013444.7269447,4,8,-50
1756013444.7629447,2,9,-42
1756013444.7999446,-5,3,-50
1756013444.838945,-1,0,-57
1756013444.8769443,0,-6,-51
1756013444.9129446,8,-1,-45
1756013444.9499447,-1,5,-48
1756013444.9889443,0,-3,-40
1756013445.0269446,4,-3,-38
1756013445.062945,7,1,-50
1756013445.0999446,-1,-3,-63
1756013445.1389446,4,-2,-46
1756013445.1769447,6,-3,-46
1756013445.2129445,0,0,-49
1756013445.2499447,2,-2,-52
1756013445.2889447,6,0,-65
1756013445.3269446,3,-4,-47
1756013445.3629446,4,-10,-64
1756013445.4009447,1,-4,-58
1756013445.4389446,4,-8,-67
1756013445.4829447,3,1,-46
1756013445.5219443,-3,10,-42
1756013445.5589447,6,0,-53
1756013445.5969446,7,1,-53
1756013445.6329446,1,-5,-48
1756013445.6699443,3,-1,-50
1756013445.7089446,-1,0,-36
1756013445.746945,2,-8,-55
1756013445.782945,1,-2,-53
1756013445.8219447,0,-2,-54
1756013445.858945,0,1,-56
1756013445.894945,2,-1,-48
1756013445.9319446,1,-2,-51
1756013445.9699447,0,-1,-53
1756013446.0089445,-1,2,-67
1756013446.0449443,-2,-2,-61
1756013446.0829446,6,2,-65
1756013446.1199446,-2,4,-46
1756013446.1589446,-6,10,-43
1756013446.1949446,1,3,-49
1756013446.2319446,8,0,-50
1756013446.269945,2,3,-43
1756013446.3079443,-6,0,-51
1756013446.3439443,-2,-2,-50
1756013446.381945,-2,-7,-48
1756013446.4199443,0,-4,-48
1756013446.4589446,3,1,-49
1756013446.4949446,-4,-1,-47
1756013446.532945,8,0,-47
1756013446.5709443,-1,-4,-52
1756013446.6099446,-7,2,-52
1756013446.6479447,-3,-5,-50
1756013446.6839447,0,0,-41
1756013446.7209446,-1,1,-44
1756013446.759945,0,0,-38
1756013446.7979443,-3,3,-46
1756013446.8339446,0,3,-52
1756013446.8709445,2,4,-51
1756013446.9089446,-2,1,-50
1756013446.9449446,0,1,-52
1756013446.9819446,6,-3,-57
1756013447.0209446,-1,2,-50
1756013447.0589447,0,-2,-46
1756013447.0949447,4,-2,-52
1756013447.131945,0,0,-54
1756013447.1709447,-2,0,-42
1756013447.2089446,-6,2,-46
1756013447.2449446,-1,4,-53
1756013447.2819445,-7,-1,-65
1756013447.3209443,3,-3,-62
1756013447.358945,-1,4,-60
1756013447.394945,2,-2,-63
1756013447.4319446,-1,2,-53
1756013447.4709446,6,1,-53
1756013447.5089445,-7,-6,-42
1756013447.5449443,-2,-2,-37
1756013447.5839446,1,2,-55
1756013447.6209445,-1,-1,-47
1756013447.6599443,2,3,-43
1756013447.6959443,5,0,-42
1756013447.733945,0,1,-53
1756013447.7709446,-6,-4,-51
1756013447.8099446,-3,-2,-52
1756013447.8459446,-1,0,-49
1756013447.8839445,-3,3,-56
1756013447.9209447,8,-3,-63
1756013447.9599447,6,7,-62
1756013447.9959445,0,0,-58
1756013448.0339446,3,-5,-54
1756013448.0709443,8,-5,-49
1756013448.1099446,9,-5,-51
1756013448.1459446,2,-7,-61
1756013448.1829443,1,0,-59
1756013448.2209446,-3,1,-49
1756013448.259945,0,-8,-52
1756013448.2959447,0,-5,-56
1756013448.3329446,-6,-3,-44
1756013448.3709445,0,1,-47
1756013448.4089446,7,2,-52
1756013448.4449446,7,-1,-46
1756013448.4829447,3,0,-44
1756013448.5209446,1,-2,-49
1756013448.5589447,0,-1,-53
1756013448.5949447,-8,3,-48
1756013448.631945,-1,5,-46
1756013448.6709447,-4,-1,-50
1756013448.7089446,-1,3,-48
1756013448.7449446,0,1,-49
1756013448.7819445,-6,0,-53
1756013448.8209443,-1,-6,-45
1756013448.858945,-2,-3,-57
1756013448.894945,0,-3,-54
1756013448.9319446,-2,-2,-50
1756013448.9709446,1,-5,-44
1756013449.0089445,1,0,-52
1756013449.0449443,-6,-3,-58
1756013449.0829446,0,0,-58
1756013449.1209445,1,1,-53
1756013449.1589446,-5,-6,-69
1756013449.1949446,-5,-5,-53
1756013449.2329447,3,-4,-47
1756013449.2709446,7,-2,-45
1756013449.3099446,7,-3,-45
1756013449.3459446,3,-3,-57
1756013449.3829446,6,-1,-53
1756013449.4209447,2,-1,-53
1756013449.4599447,-1,-2,-47
1756013449.4959445,0,-3,-47
1756013449.532945,7,-4,-63
1756013449.5709443,-2,-4,-57
1756013449.6099446,1,-2,-54
1756013449.6459446,0,-2,-55
1756013449.6829443,-5,-4,-47
1756013449.7209446,0,-1,-44
1756013449.759945,-4,0,-42
1756013449.7959447,1,0,-48
1756013449.8329446,1,2,-59
1756013449.8709445,7,4,-62
1756013449.9069445,6,3,-56
1756013449.9439447,8,3,-61
1756013449.9829447,-4,1,-57
1756013450.0209446,-2,-1,-56
1756013450.0569446,0,2,-51
1756013450.0939443,6,3,-57
1756013450.131945,4,3,-46
1756013450.1699443,2,-6,-55
1756013450.2059443,0,-4,-56
1756013450.2429447,-1,-2,-53
1756013450.2819445,7,3,-51
1756013450.3199446,8,0,-39
1756013450.3569446,3,-2,-60
1756013450.3939445,-5,0,-60
1756013450.4319446,-3,-8,-55
1756013450.4709446,-5,-3,-53
1756013450.506945,-6,0,-45
1756013450.5439446,2,1,-57
1756013450.5819447,-3,4,-53
1756013450.6199446,-3,1,-38
1756013450.6559446,-6,0,-41
1756013450.6939447,0,-7,-55
1756013450.7319446,2,-9,-48
1756013450.7709446,-2,-3,-51
1756013450.8069446,3,-5,-48
1756013450.8449447,3,0,-65
1756013450.881945,7,-4,-54
1756013450.9209447,4,7,-71
1756013450.9569447,7,-4,-64
1756013450.9939446,0,-4,-66
1756013451.0319445,-4,-6,-59
1756013451.0709443,-1,-7,-52
1756013451.1069446,3,0,-62
1756013451.1439445,2,0,-52
1756013451.1819446,2,6,-57
1756013451.2179446,0,7,-53
1756013451.2549446,5,4,-44
1756013451.2919445,2,1,-59
1756013451.3279445,-3,-4,-54
1756013451.3659446,-2,-2,-53
1756013451.4039447,10,4,-48
1756013451.4419446,0,2,-51
1756013451.4779446,2,-1,-59
1756013451.5149446,-3,-2,-56
1756013451.552945,-3,-7,-52
1756013451.5919447,-4,-6,-46
1756013451.6279447,0,-1,-55
1756013451.6649446,-6,3,-47
1756013451.7029445,0,-2,-57
1756013451.7419446,-1,5,-46
1756013451.7779446,0,2,-54
1756013451.8149445,4,-2,-53
1756013451.8529446,4,6,-56
1756013451.8919446,4,0,-49
1756013451.927945,0,2,-32
1756013451.9649446,-2,-6,-47
1756013452.0029447,1,3,-56
1756013452.0409446,2,3,-56
1756013452.0769446,5,-3,-66
1756013452.1149447,4,-5,-58
1756013452.1529446,4,-2,-67
1756013452.190945,-2,0,-56
1756013452.2269447,2,1,-54
1756013452.2649446,0,0,-45
1756013452.302945,0,0,-48
1756013452.3409443,-2,-1,-57
1756013452.3769443,-3,-8,-53
1756013452.4149446,0,-2,-52
1756013452.4529445,-2,-1,-53
1756013452.4919446,-1,-2,-57
1756013452.5279446,-4,-3,-45
1756013452.565945,2,1,-42
1756013452.6029446,0,0,-48
1756013452.6419446,-5,-2,-42
1756013452.677945,0,1,-50
1756013452.7149446,0,2,-46
1756013452.7529447,2,1,-52
1756013452.7889447,1,-3,-52
1756013452.825945,0,-3,-48
1756013452.8639443,-3,-7,-56
1756013452.9029446,-5,-3,-44
1756013452.9389446,-2,2,-46
1756013452.9759445,2,-3,-54
1756013453.0139446,2,-4,-49
1756013453.052945,6,1,-56
1756013453.088945,8,-2,-52
1756013453.1259446,2,6,-41
1756013453.1639447,2,-4,-37
1756013453.2019446,0,-1,-36
1756013453.2379446,8,-3,-40
1756013453.2759447,7,5,-40
1756013453.3139446,2,0,-46
1756013453.3519447,6,-1,-53
1756013453.3879447,0,-2,-54
1756013453.4249446,-1,-5,-44
1756013453.463945,5,-4,-56
1756013453.5019443,9,-4,-49
1756013453.5379446,-1,-6,-41
1756013453.575945,0,-4,-50
1756013453.6139443,2,1,-45
1756013453.6519446,4,2,-59
1756013453.687945,5,5,-45
1756013453.7249446,8,5,-46
1756013453.7629447,8,4,-55
1756013453.7989447,7,-1,-55
1756013453.8369446,2,0,-57
1756013453.8749447,6,-2,-54
1756013453.9139447,1,-10,-56
1756013453.9519446,6,-5,-54
1756013453.9879446,1,-7,-50
1756013454.0259447,0,-5,-46
1756013454.0639446,-2,-3,-48
1756013454.1029446,2,-4,-41
1756013454.1389446,-3,0,-44
1756013454.1759446,-7,1,-48
1756013454.213945,-3,1,-53
1756013454.2529447,-2,0,-52
1756013454.2889447,0,-6,-66
1756013454.325945,-4,-6,-61
1756013454.3639443,-6,0,-56
1756013454.4029446,4,0,-49
1756013454.4389446,0,-1,-50
1756013454.4759445,3,0,-58
1756013454.5139446,0,-2,-46
1756013454.5499446,0,-3,-47
1756013454.5879445,6,-5,-43
1756013454.6249447,6,-1,-46
1756013454.6639447,4,-4,-51
1756013454.6999447,4,0,-55
1756013454.736945,-1,-4,-54
1756013454.7749443,2,-4,-53
1756013454.8139446,-1,0,-54
1756013454.8499446,4,-4,-49
1756013454.8879447,6,-11,-43
1756013454.9249446,1,-7,-44
1756013454.963945,1,-5,-52
1756013454.9999447,2,-5,-67
1756013455.0379446,5,-1,-55
1756013455.0749447,6,-1,-45
1756013455.1139443,-7,-2,-52
1756013455.1499443,-1,-2,-50
1756013455.187945,-3,-5,-49
1756013455.2259445,0,-5,-41
1756013455.2649446,-8,-1,-37
1756013455.302945,0,0,-46
1756013455.338945,1,3,-46
1756013455.3759446,1,3,-48
1756013455.4139447,0,-1,-47
1756013455.4499447,0,0,-50
1756013455.4959445,1,0,-41
1756013455.5339446,-3,6,-48
1756013455.5709443,-1,-1,-53
1756013455.6079447,1,-1,-45
1756013455.6459446,8,-2,-49
1756013455.6849446,4,0,-41
1756013455.7229445,-3,-2,-48
1756013455.7589445,-3,-4,-55
1756013455.7969446,0,2,-43
1756013455.835945,6,-6,-36
1756013455.8739443,9,-4,-59
1756013455.9099443,5,-3,-50
1756013455.9479446,-3,-4,-46
1756013455.986945,0,-4,-45
1756013456.0249443,1,-2,-42
1756013456.0609446,0,-4,-35
1756013456.0979445,4,1,-50
1756013456.134945,0,8,-52
1756013456.1709447,-2,3,-52
1756013456.2079446,0,0,-54
1756013456.2459445,0,-2,-52
1756013456.2839446,2,3,-45
1756013456.3199446,2,5,-40
1756013456.3569446,1,-3,-46
1756013456.394945,0,-6,-51
1756013456.4339447,2,0,-52
1756013456.4699447,-4,-3,-51
1756013456.5079446,-8,2,-55
1756013456.5459447,-5,2,-54
1756013456.5849447,-7,0,-46
1756013456.6209445,1,1,-41
1756013456.657945,0,-11,-53
1756013456.6959443,-4,-10,-56
1756013456.7349446,-5,-1,-50
1756013456.7709446,-1,6,-48
1756013456.8079443,4,-2,-40
1756013456.8459446,4,-2,-56
1756013456.884945,-5,0,-65
1756013456.9209447,3,1,-54
1756013456.9579446,2,0,-47
1756013456.9959445,6,-2,-51
1756013457.0339446,6,-1,-46
1756013457.0699446,0,-1,-45
1756013457.1079447,2,1,-43
1756013457.1459446,2,-3,-47
1756013457.1839447,6,0,-53
1756013457.2199447,1,7,-58
1756013457.256945,-1,5,-49
1756013457.2959447,-1,2,-48
1756013457.3339446,-4,0,-46
1756013457.3699446,-7,-7,-49
1756013457.407945,4,0,-51
1756013457.4459443,0,3,-55
1756013457.4819446,-2,0,-45
1756013457.5189445,2,0,-49
1756013457.5559447,-8,-1,-43
1756013457.5949447,0,-2,-49
1756013457.6309447,-1,0,-37
1756013457.667945,0,0,-46
1756013457.7059443,-6,3,-53
1756013457.7449446,-6,2,-52
1756013457.7809446,-4,-3,-51
1756013457.8189447,-3,5,-43
1756013457.8569446,5,-4,-51
1756013457.8959446,-2,-2,-47
1756013457.9319446,-6,-10,-51
1756013457.9699447,-4,0,-34
1756013458.0079446,0,-4,-43
1756013458.0459447,-3,-1,-43
1756013458.0849447,1,-3,-46
1756013458.1209445,4,-8,-55
1756013458.1589446,6,-6,-54
1756013458.1979446,-1,-3,-60
1756013458.2359445,-2,0,-60
1756013458.2719443,-1,0,-58
1756013458.3109446,3,-2,-53
1756013458.3479445,3,3,-50
1756013458.3859446,-2,5,-55
1756013458.4219446,0,10,-47
1756013458.4589446,-1,-3,-61
1756013458.4979446,-2,2,-57
1756013458.5359447,-7,0,-55
1756013458.5719447,-1,-1,-50
1756013458.6109445,0,1,-56
1756013458.6479447,-9,3,-65
1756013458.6869447,-2,-1,-59
1756013458.7249446,-3,6,-50
1756013458.7609446,-6,6,-52
1756013458.7979443,-1,6,-61
1756013458.8369446,-2,0,-47
1756013458.8749447,2,-2,-45
1756013458.9109447,11,-2,-52
1756013458.9479446,3,0,-44
1756013458.9859445,-5,2,-42
1756013459.0219443,-4,-1,-43
1756013459.0599446,-6,-1,-52
1756013459.0979445,0,-5,-61
1756013459.1369443,0,0,-49
1756013459.1729443,3,-5,-55
1756013459.2099447,0,-4,-61
1756013459.2479446,0,-6,-45
1756013459.2869446,0,0,-41
1756013459.3229446,6,3,-53
1756013459.3599446,-9,0,-57
1756013459.3979447,-8,-5,-64
1756013459.4369447,-2,3,-57
1756013459.4729445,-7,3,-51
1756013459.509945,5,-1,-52
1756013459.5479443,0,-4,-62
1756013459.5869446,-2,-3,-61
1756013459.6229446,-5,0,-68
1756013459.6599443,0,1,-54
1756013459.6969447,-1,3,-51
1756013459.7359445,-3,5,-48
1756013459.7719443,-5,-1,-55
1756013459.8099446,-1,-6,-54
1756013459.8479445,0,0,-59
1756013459.8859446,-1,-2,-50
1756013459.9219446,-4,-4,-47
1756013459.9599447,3,0,-48
1756013459.9979446,-3,-1,-50
1756013460.0359447,-3,-6,-51
1756013460.0719447,0,-2,-48
1756013460.1099446,-2,0,-53
1756013460.1479447,0,-6,-56
1756013460.1859446,0,-4,-58
1756013460.2219446,3,4,-63
1756013460.259945,8,0,-55
1756013460.2979443,5,-2,-53
1756013460.335945,0,0,-46
1756013460.371945,-2,-3,-42
1756013460.4099443,8,0,-49
1756013460.4479446,9,2,-56
1756013460.4859445,-3,7,-58
1756013460.5219443,-4,3,-59
1756013460.5589447,1,-9,-63
1756013460.5979445,-1,-3,-58
1756013460.6359446,1,-3,-51
1756013460.6719446,0,0,-51
1756013460.7089446,1,9,-64
1756013460.746945,-5,3,-47
1756013460.782945,-7,4,-55
1756013460.8199446,4,5,-48
1756013460.8579447,2,0,-45
1756013460.8969443,2,0,-32
1756013460.9339447,-1,0,-41
1756013460.9709446,-1,0,-37
1756013461.0089445,-5,2,-37
1756013461.0479443,1,-1,-38
1756013461.0839446,10,-7,-45
1756013461.1209445,0,0,-58
1756013461.1589446,4,5,-49
1756013461.1969447,-1,2,-58
1756013461.2329447,-1,-3,-51
1756013461.2709446,-2,-1,-60
1756013461.3089447,-2,4,-45
1756013461.3479445,-5,-1,-56
1756013461.3839445,6,-4,-53
1756013461.4209447,4,0,-33
1756013461.4589446,-2,4,-44
1756013461.496945,1,-2,-53
1756013461.532945,3,-3,-51
1756013461.5699446,7,-7,-57
1756013461.608945,2,-7,-49
1756013461.6469443,-2,-6,-56
1756013461.6829443,-8,1,-71
1756013461.7199447,2,-7,-57
1756013461.7589445,0,-8,-56
1756013461.7969446,-2,-8,-64
1756013461.8329446,-3,-12,-60
1756013461.8709445,-2,-2,-53
1756013461.9089446,4,-2,-52
1756013461.9479446,0,4,-39
1756013461.983945,-8,3,-53
1756013462.0219443,-5,-6,-48
1756013462.0599446,-4,0,-59
1756013462.098945,-5,1,-56
1756013462.1369443,-1,-1,-54
1756013462.1729443,0,0,-53
1756013462.2099447,-8,-4,-59
1756013462.2489443,2,-1,-51
1756013462.2869446,1,-3,-59
1756013462.3229446,3,2,-51
1756013462.3599446,1,3,-46
1756013462.3989446,3,1,-47
1756013462.4349446,5,0,-42
1756013462.4719446,0,0,-52
1756013462.509945,0,4,-58
1756013462.5479443,-4,2,-51
1756013462.5839446,-3,0,-48
1756013462.6209445,-5,2,-45
1756013462.6589446,-3,5,-51
1756013462.6979446,0,1,-46
1756013462.733945,-4,-3,-50
1756013462.7719443,-2,-3,-48
1756013462.8099446,-5,0,-54
1756013462.848945,-3,-1,-54
1756013462.884945,-2,-1,-55
1756013462.9229443,-4,-2,-62
1756013462.960945,-3,-2,-51
1756013462.9989443,0,2,-39
1756013463.0349443,4,6,-43
1756013463.0719447,0,3,-46
1756013463.1099446,-3,0,-47
1756013463.1489446,5,-1,-52
1756013463.1849446,7,0,-49
1756013463.2229445,9,-1,-39
1756013463.259945,-11,0,-44
1756013463.2989447,1,-5,-36
1756013463.3349447,-1,0,-33
1756013463.3729446,-2,3,-39
1756013463.4099443,6,7,-53
1756013463.4489446,9,4,-53
1756013463.4849446,5,-2,-53
1756013463.5239446,0,-2,-57
1756013463.5609446,-4,0,-52
1756013463.5999446,-7,4,-46
1756013463.6379447,0,-3,-48
1756013463.6739447,-1,0,-55
1756013463.710945,-1,-1,-62
1756013463.7499447,-3,-4,-53
1756013463.7879446,-3,-4,-40
1756013463.8239446,-5,0,-57
1756013463.8609445,3,6,-57
1756013463.8989446,4,-2,-51
1756013463.9349446,1,-7,-52
1756013463.9719446,4,0,-61
1756013464.0109446,5,0,-62
1756013464.0489447,1,2,-60
1756013464.0849447,4,0,-49
1756013464.121945,3,-4,-44
1756013464.1599443,0,-1,-46
1756013464.1989446,-3,-9,-61
1756013464.2349446,2,-15,-47
1756013464.2719443,3,-11,-47
1756013464.3109446,-1,-6,-45
1756013464.348945,-4,0,-47
1756013464.384945,-4,1,-50
1756013464.4219446,0,1,-50
1756013464.4599447,-6,0,-50
1756013464.4959445,2,-1,-41
1756013464.5339446,1,3,-42
1756013464.5719447,-2,2,-46
1756013464.6099446,8,1,-51
1756013464.6489446,1,0,-61
1756013464.6849446,-1,-4,-54
1756013464.7229445,-2,0,-44
1756013464.7609446,-3,1,-42
1756013464.7999446,5,5,-50
1756013464.835945,2,2,-53
1756013464.8729446,0,0,-41
1756013464.9109447,-1,-6,-43
1756013464.9489446,-7,-4,-41
1756013464.9849446,-2,-10,-42
1756013465.0229447,2,-4,-47
1756013465.0609446,-4,-4,-48
1756013465.0999446,2,0,-38
1756013465.1359446,2,2,-43
1756013465.1729443,-5,-4,-43
1756013465.210945,-6,0,-54
1756013465.2499447,-6,-4,-54
1756013465.2859447,-6,0,-48
1756013465.3229446,0,-6,-55
1756013465.3609445,-2,-7,-42
1756013465.3999443,5,5,-46
1756013465.4359446,1,0,-58
1756013465.4729445,3,4,-55
1756013465.5189445,0,-4,-54
1756013465.5549445,3,0,-53
1756013465.5919447,3,0,-50
1756013465.6309447,1,-2,-50
1756013465.6689446,3,-2,-48
1756013465.7049446,1,-10,-56
1756013465.7419446,-5,-1,-50
1756013465.7809446,3,5,-46
1756013465.8169446,-3,3,-53
1756013465.8539443,-3,0,-43
1756013465.8929446,4,-4,-57
1756013465.9309447,1,2,-58
1756013465.9669447,0,-3,-48
1756013466.0039446,1,-2,-52
1756013466.042945,-6,-3,-53
1756013466.0809443,-1,-4,-52
1756013466.1169446,0,-5,-57
1756013466.1539447,2,-4,-61
1756013466.1919446,1,0,-50
1756013466.2309446,0,-2,-48
1756013466.2669446,2,-1,-50
1756013466.3039446,7,4,-53
1756013466.3409443,-6,-2,-51
1756013466.3799446,-6,-2,-58
1756013466.4159446,-5,1,-52
1756013466.4529445,-3,-1,-44
1756013466.4919446,0,-1,-42
1756013466.529945,-6,-3,-51
1756013466.565945,-1,-6,-59
1756013466.6039443,1,-2,-53
1756013466.6419446,8,-3,-47
1756013466.6809447,4,1,-56
1756013466.7169447,-2,-1,-52
1756013466.7549446,-7,0,-44
1756013466.792945,3,-2,-48
1756013466.8319447,7,-2,-40
1756013466.8699446,-3,0,-50
1756013466.9059446,5,-3,-60
1756013466.9429443,0,1,-52
1756013466.9809446,-1,-3,-54
1756013467.0169446,0,-4,-53
1756013467.0539446,-3,-8,-60
1756013467.0919447,-9,-2,-59
1756013467.1309447,-8,0,-46
1756013467.1669445,-2,2,-47
1756013467.2039447,3,-3,-51
1756013467.2419446,-2,3,-48
1756013467.2809446,-4,0,-50
1756013467.3169446,4,-3,-52
1756013467.3539443,0,-6,-51
1756013467.3919446,-4,-7,-63
1756013467.4309447,3,-8,-54
1756013467.4669447,-1,-6,-49
1756013467.5049446,-3,-8,-38
1756013467.542945,-6,-6,-48
1756013467.5819447,1,-6,-44
1756013467.6179447,-5,2,-49
1756013467.6559446,-5,0,-46
1756013467.6939447,7,9,-52
1756013467.7329447,6,7,-44
1756013467.7709446,5,1,-40
1756013467.8069446,8,1,-51
1756013467.8459446,1,-6,-52
1756013467.8829446,-6,-2,-47
1756013467.9219446,-2,8,-54
1756013467.9579446,3,4,-43
1756013467.9959445,-4,-5,-49
1756013468.032945,0,-3,-52
1756013468.0719447,-10,-10,-57
1756013468.1079447,-6,-7,-48
1756013468.1459446,-6,2,-46
1756013468.1839447,-6,-4,-45
1756013468.2229445,-5,-2,-49
1756013468.2609446,-2,0,-50
1756013468.2969446,-1,-9,-48
1756013468.3349447,-3,-5,-53
1756013468.3729446,-7,-5,-52
1756013468.4119446,0,-1,-52
1756013468.4479446,5,-7,-48
1756013468.4849446,4,-1,-47
1756013468.5229447,-4,0,-39
1756013468.5619447,-1,1,-43
1756013468.5979445,0,1,-44
1756013468.634945,3,0,-43
1756013468.6729443,4,0,-48
1756013468.710945,6,2,-62
1756013468.746945,2,9,-45
1756013468.7839446,6,5,-39
1756013468.8219447,1,0,-57
1756013468.8579447,3,5,-53
1756013468.894945,0,1,-56
1756013468.9329443,6,-7,-49
1756013468.9719446,-3,-6,-48
1756013469.0079446,-4,-6,-51
1756013469.0459447,-8,2,-57
1756013469.0839446,-3,5,-62
1756013469.1229446,-9,2,-63
1756013469.1589446,-8,3,-48
1756013469.1959443,0,-1,-56
1756013469.233945,3,-2,-53
1756013469.2729447,-3,0,-49
1756013469.3089447,-2,-1,-48
1756013469.3469446,-5,-3,-56
1756013469.384945,1,6,-53
1756013469.4229443,1,2,-50
1756013469.4589446,-4,0,-56
1756013469.496945,-14,0,-57
1756013469.5359447,-7,1,-56
1756013469.5729446,0,1,-47
1756013469.608945,-5,-4,-60
1756013469.6469443,-3,-7,-44
1756013469.6849446,5,-5,-51
1756013469.7229445,7,0,-54
1756013469.7619443,8,-5,-67
1756013469.7979443,6,-1,-55
1756013469.8349447,0,1,-52
1756013469.8739443,3,1,-50
1756013469.9119446,0,2,-55
1756013469.9479446,-8,0,-51
1756013469.9849446,-2,0,-44
1756013470.0239446,-3,-1,-58
1756013470.0619447,3,1,-62
1756013470.0979445,-5,3,-55
1756013470.134945,-3,0,-56
1756013470.1739447,-3,-3,-53
1756013470.2119446,3,0,-64
1756013470.2479446,6,1,-56
1756013470.2849443,0,0,-54
1756013470.3239446,-2,0,-53
1756013470.361945,0,-2,-63
1756013470.3979447,-3,-9,-61
1756013470.4369447,3,-4,-50
1756013470.473945,-1,-7,-42
1756013470.5129447,1,0,-53
1756013470.5489447,5,-4,-54
1756013470.5869446,0,-5,-53
1756013470.6239443,2,-3,-51
1756013470.6629446,-4,0,-52
1756013470.6989446,0,1,-43
1756013470.736945,0,2,-56
1756013470.7739446,-4,7,-51
1756013470.812945,2,3,-46
1756013470.848945,-1,5,-49
1756013470.8869443,4,-5,-48
1756013470.9249446,4,1,-39
1756013470.963945,2,-1,-36
1756013470.9999447,0,-3,-54
1756013471.0369446,0,-1,-50
1756013471.0749447,-2,1,-51
1756013471.1139443,-7,-4,-46
1756013471.1499443,-8,-2,-47
1756013471.187945,4,-3,-49
1756013471.2259445,-1,-2,-48
1756013471.2639446,3,-8,-47
1756013471.302945,3,-2,-52
1756013471.338945,4,0,-51
1756013471.3759446,1,-4,-59
1756013471.4139447,0,1,-44
1756013471.4529445,2,-6,-46
1756013471.4889443,-5,-4,-55
1756013471.5269446,-4,1,-55
1756013471.5649445,2,-7,-50
1756013471.6039443,-4,-3,-47
1756013471.6399446,-3,-2,-38
1756013471.677945,-1,0,-40
1756013471.7159443,1,-7,-49
1756013471.7549446,4,-3,-53
1756013471.792945,-2,-2,-59
1756013471.8289447,-3,-3,-51
1756013471.8669446,-3,-1,-51
1756013471.904945,-5,0,-47
1756013471.9439447,-2,-3,-48
1756013471.9799447,0,-6,-48
1756013472.0169446,0,3,-57
1756013472.0549445,5,0,-52
1756013472.0929446,-5,-10,-58
1756013472.1289446,-4,-5,-52
1756013472.167945,-4,2,-64
1756013472.2049446,-2,1,-56
1756013472.2439446,-1,4,-53
1756013472.279945,2,0,-51
1756013472.3169446,2,-1,-49
1756013472.3549447,-1,-1,-55
1756013472.3939445,0,-4,-49
1756013472.4299445,1,0,-41
1756013472.4669447,-1,-4,-42
1756013472.5059447,-2,0,-46
1756013472.5449443,0,-2,-52
1756013472.5809443,1,2,-55
1756013472.6179447,-3,2,-51
1756013472.6559446,-3,3,-53
1756013472.6949446,-3,-2,-50
1756013472.7309446,4,-3,-45
1756013472.7679446,4,0,-46
1756013472.8059447,1,0,-46
1756013472.8439443,-1,-7,-43
1756013472.8799446,-4,0,-40
1756013472.9169445,5,0,-38
1756013472.9559443,-1,-1,-52
1756013472.9939446,1,-1,-61
1756013473.029945,0,-4,-68
1756013473.0669446,-1,-7,-60
1756013473.1049447,-5,-3,-61
1756013473.1439445,-3,-8,-52
1756013473.1799445,-9,-5,-50
1756013473.2189443,-1,-2,-45
1756013473.2559447,-1,-2,-59
1756013473.2949443,-9,1,-54
1756013473.3309443,-2,1,-52
1756013473.3689446,-3,0,-57
1756013473.4059446,-1,4,-52
1756013473.4449446,5,6,-44
1756013473.4809446,5,4,-52
1756013473.5179446,1,2,-58
1756013473.5559447,-3,3,-56
1756013473.5949447,3,4,-62
1756013473.6309447,6,0,-67
1756013473.667945,5,-3,-56
1756013473.7059443,-3,-4,-50
1756013473.7449446,-1,-6,-52
1756013473.7809446,-4,-2,-51
1756013473.8189447,-3,0,-45
1756013473.8569446,1,5,-62
1756013473.8959446,-1,-4,-41
1756013473.9339447,0,-10,-42
1756013473.9699447,-2,-4,-52
1756013474.0079446,10,3,-36
1756013474.0459447,4,1,-47
1756013474.0839446,9,-1,-61
1756013474.1199446,8,2,-54
1756013474.1589446,-6,1,-58
1756013474.1959443,-1,-5,-51
1756013474.2349446,-1,0,-47
1756013474.2709446,0,2,-51
1756013474.3079443,1,7,-51
1756013474.3459446,-7,2,-57
1756013474.381945,-8,0,-57
1756013474.4199443,-2,-5,-52
1756013474.4579446,2,2,-46
1756013474.4959445,4,4,-44
1756013474.5319445,0,-2,-51
1756013474.5699446,-8,0,-62
1756013474.6079447,-2,3,-58
1756013474.6459446,-1,0,-55
1756013474.6849446,1,0,-48
1756013474.7209446,0,0,-42
1756013474.7589445,-2,-6,-51
1756013474.7969446,9,2,-48
1756013474.8349447,0,-2,-56
1756013474.8709445,3,1,-49
1756013474.907945,0,3,-51
1756013474.9469447,-9,1,-44
1756013474.9849446,0,-2,-54
1756013475.0209446,1,3,-58
1756013475.0579443,-1,-2,-56
1756013475.0969446,-3,1,-49
1756013475.134945,2,5,-57
1756013475.1709447,-1,-2,-64
1756013475.2089446,1,-2,-53
1756013475.246945,5,2,-48
1756013475.2849443,6,0,-44
1756013475.3209443,3,-2,-53
1756013475.358945,-1,-7,-57
1756013475.3969443,-2,2,-56
1756013475.4349446,0,1,-47
1756013475.4709446,-1,-6,-62
1756013475.5089445,5,-3,-64
1756013475.5549445,-6,-2,-58
1756013475.5909443,-2,-1,-51
1756013475.6289446,0,-2,-62
1756013475.6669445,3,2,-53
1756013475.7049446,8,-1,-51
1756013475.7409446,2,-4,-57
1756013475.7789447,-5,-1,-49
1756013475.8169446,-4,0,-50
1756013475.8559446,-6,1,-49
1756013475.8919446,-2,-2,-49
1756013475.9299445,-3,4,-52
1756013475.9679446,0,0,-46
1756013476.0059447,2,-2,-49
1756013476.0419445,2,0,-46
1756013476.0789447,-3,-2,-41
1756013476.1169446,-1,2,-41
1756013476.1559446,5,0,-48
1756013476.1919446,3,-3,-43
1756013476.2289443,2,-11,-56
1756013476.2669446,5,-1,-57
1756013476.3059447,6,1,-41
1756013476.3419447,2,4,-44
1756013476.3789446,5,-3,-54
1756013476.4169445,4,3,-54
1756013476.4529445,-1,2,-41
1756013476.4899447,0,-2,-43
1756013476.5279446,0,-3,-53
1756013476.5669446,1,1,-51
1756013476.6029446,3,0,-53
1756013476.6409447,-1,-4,-37
1756013476.677945,1,-6,-46
1756013476.7169447,-5,-2,-61
1756013476.7529447,1,-2,-51
1756013476.7909446,8,0,-51
1756013476.8279445,2,-4,-66
1756013476.8669446,0,-3,-57
1756013476.9029446,-3,-3,-47
1756013476.940945,-3,-7,-41
1756013476.9789443,0,1,-49
1756013477.0169446,-6,4,-49
1756013477.052945,-6,-3,-43
1756013477.0909443,-5,3,-49
1756013477.1289446,-5,0,-46
1756013477.167945,1,-9,-52
1756013477.2059443,0,1,-49
1756013477.2419446,3,1,-34
1756013477.2789447,1,-2,-41
1756013477.3179443,1,1,-51
1756013477.3559446,-4,-4,-53
1756013477.3919446,0,-2,-48
1756013477.4289446,-4,2,-43
1756013477.4679446,1,2,-49
1756013477.5039446,2,1,-48
1756013477.5409446,0,-1,-43
1756013477.5789447,0,6,-46
1756013477.6169446,-1,-3,-53
1756013477.6529446,3,-1,-54
1756013477.690945,0,-4,-51
1756013477.7289443,4,3,-54
1756013477.7669446,-6,1,-44
1756013477.802945,8,-5,-54
1756013477.8399446,0,-9,-52
1756013477.8779447,4,-3,-55
1756013477.9169445,5,-4,-61
1756013477.9529445,1,1,-58
1756013477.9909446,1,0,-44
1756013478.0279446,0,-4,-56
1756013478.0669446,4,0,-58
1756013478.1029446,7,-5,-53
1756013478.1409447,4,-3,-57
1756013478.1789446,2,-1,-37
1756013478.2169447,3,-3,-45
1756013478.2529447,2,-3,-46
1756013478.2899446,4,-6,-44
1756013478.3289447,-10,-5,-47
1756013478.3669446,-8,2,-54
1756013478.4029446,-2,2,-56
1756013478.440945,-3,4,-57
1756013478.4789443,-4,-1,-45
1756013478.5169446,0,3,-48
1756013478.552945,0,-5,-48
1756013478.5899446,-2,-5,-47
1756013478.6289446,-1,0,-37
1756013478.6669445,-2,0,-48
1756013478.7029445,-7,0,-45
1756013478.7399447,-3,0,-60
1756013478.7789447,-8,6,-48
1756013478.8169446,0,-2,-41
1756013478.8539443,0,-1,-50
1756013478.8909447,-8,3,-55
1756013478.9289446,-5,-4,-56
1756013478.9679446,-2,-2,-46
1756013479.0039446,0,-2,-44
1756013479.0409446,-6,0,-47
1756013479.0789447,-8,2,-39
1756013479.1179447,0,0,-46
1756013479.1539447,-2,2,-43
1756013479.190945,1,4,-53
1756013479.2289443,2,-1,-54
1756013479.2649446,6,-4,-48
1756013479.302945,-1,0,-48
1756013479.3409443,-4,4,-57
1756013479.3789446,-6,-3,-53
1756013479.417945,-5,0,-53
1756013479.4539447,2,4,-48
1756013479.4909446,0,1,-41
1756013479.5289447,0,-8,-41
1756013479.5649445,-7,-4,-35
1756013479.6019447,0,-3,-54
1756013479.6399446,3,-6,-52
1756013479.6789446,3,-6,-44
1756013479.7149446,0,-4,-40
1756013479.7529447,5,3,-57
1756013479.7899446,2,3,-50
1756013479.8289447,10,0,-50
1756013479.8649447,7,4,-47
1756013479.9019446,-1,5,-56
1756013479.9399445,4,-8,-53
1756013479.9789443,-3,-9,-36
1756013480.0149446,-4,-2,-38
1756013480.052945,-3,-4,-53
1756013480.0909443,-5,0,-50
1756013480.1299446,6,3,-57
1756013480.167945,6,1,-55
1756013480.2039447,11,0,-60
1756013480.2419446,2,0,-62
1756013480.279945,0,-1,-47
1756013480.3179443,0,-4,-53
1756013480.3539443,8,-3,-56
1756013480.3919446,3,-1,-51
1756013480.4299445,7,0,-59
1756013480.4679446,4,-1,-56
1756013480.5039446,-2,-3,-61
1756013480.5419445,0,1,-46
1756013480.5799446,-1,-4,-50
1756013480.6189446,2,0,-48
1756013480.654945,3,-3,-41
1756013480.6919446,4,-3,-41
1756013480.7299447,0,0,-42
1756013480.7689445,-1,4,-48
1756013480.8049445,1,2,-54
1756013480.8429446,1,-10,-59
1756013480.8799446,-3,-2,-62
1756013480.9189446,-3,-1,-53
1756013480.9549446,0,-8,-47
1756013480.9929447,-2,-6,-46
1756013481.0319445,-1,1,-46
1756013481.0699446,-4,5,-52
1756013481.108945,-6,2,-49
1756013481.144945,-5,2,-54
1756013481.1819446,13,-2,-39
1756013481.2199447,2,1,-48
1756013481.2589445,1,4,-50
1756013481.2949443,2,5,-52
1756013481.3319447,1,2,-52
1756013481.3699446,0,4,-42
1756013481.4059446,0,5,-48
1756013481.4429443,1,0,-57
1756013481.4799447,2,1,-57
1756013481.5159447,-1,0,-40
1756013481.552945,-6,3,-50
1756013481.5909443,3,0,-43
1756013481.6289446,-3,2,-60
1756013481.6649446,0,3,-55
1756013481.7019446,-7,-3,-57
1756013481.7409446,-11,4,-62
1756013481.7789447,-9,4,-52
1756013481.8149445,-4,0,-52
1756013481.8519447,2,0,-60
1756013481.8899446,1,-2,-54
1756013481.9259446,2,3,-48
1756013481.9629445,3,-2,-45
1756013482.0019443,-3,0,-46
1756013482.0399446,4,0,-42
1756013482.075945,-5,4,-53
1756013482.1129446,2,-8,-49
1756013482.1509447,4,-6,-41
1756013482.1899445,-2,-5,-53
1756013482.2259445,6,-3,-54
1756013482.2629447,-4,-6,-51
1756013482.3009446,-6,-4,-55
1756013482.3399446,-6,-7,-50
1756013482.3759446,-5,-5,-52
1756013482.4139447,-4,-2,-50
1756013482.4519446,-1,-1,-62
1756013482.4909446,-5,2,-67
1756013482.5269446,1,6,-61
1756013482.5639446,1,-1,-54
1756013482.6019447,-1,2,-60
1756013482.6409447,4,3,-52
1756013482.6769447,3,3,-54
1756013482.713945,4,-1,-60
1756013482.7519443,5,3,-52
1756013482.7909446,4,1,-51
1756013482.8269446,3,0,-47
1756013482.8639443,-4,1,-48
1756013482.9019446,-6,3,-54
1756013482.940945,2,-3,-47
1756013482.9769447,-2,-3,-55
1756013483.0149446,2,0,-51
1756013483.0519447,-6,-3,-56
1756013483.0909443,3,2,-63
1756013483.1269443,0,0,-57
1756013483.1639447,-3,3,-58
1756013483.2019446,1,1,-49
1756013483.2399447,-2,5,-44
1756013483.2759447,-2,-3,-48
1756013483.3139446,-2,4,-46
1756013483.3519447,-3,7,-46
1756013483.3909447,-4,-3,-47
1756013483.4269447,1,0,-53
1756013483.463945,0,5,-50
1756013483.5019443,5,4,-39
1756013483.5399446,0,-2,-51
1756013483.575945,-2,-5,-48
1756013483.6139443,-3,-2,-55
1756013483.6519446,0,-7,-55
1756013483.690945,-4,2,-57
1756013483.7269447,-3,2,-57
1756013483.7639446,1,-6,-54
1756013483.8019447,0,-7,-66
1756013483.8409443,0,-4,-58
1756013483.8769443,-3,4,-51
1756013483.9149446,-1,0,-51
1756013483.9529445,1,-4,-50
1756013483.9919446,5,-6,-48
1756013484.029945,3,-8,-48
1756013484.065945,6,-6,-57
1756013484.1039443,4,2,-49
1756013484.1419446,-4,0,-59
1756013484.1809447,-5,6,-50
1756013484.2169447,-7,9,-58
1756013484.2549446,-5,0,-46
1756013484.2919445,3,0,-51
1756013484.3279445,-4,-8,-51
1756013484.3659446,-7,2,-44
1756013484.404945,-3,3,-48
1756013484.4419446,-1,1,-41
1756013484.4809446,-3,-4,-58
1756013484.5169446,0,0,-45
1756013484.5539446,-4,0,-50
1756013484.5919447,1,0,-49
1756013484.6309447,6,0,-52
1756013484.6669445,-3,-4,-46
1756013484.7049446,8,-10,-38
1756013484.7429447,0,-7,-51
1756013484.7819445,9,-3,-55
1756013484.8179443,0,-3,-54
1756013484.8549447,2,-2,-41
1756013484.8929446,0,-11,-48
1756013484.9319446,-6,-4,-61
1756013484.9679446,-4,3,-60
1756013485.0049446,-7,-3,-52
1756013485.042945,-9,-5,-46
1756013485.0819447,0,-1,-47
1756013485.1179447,0,-8,-51
1756013485.1559446,3,-3,-49
1756013485.1939447,7,-1,-55
1756013485.2329447,7,-4,-54
1756013485.2709446,5,-6,-47
1756013485.3069446,9,-3,-47
1756013485.3439443,5,-6,-50
1756013485.3829446,4,-4,-51
1756013485.4209447,3,2,-58
1756013485.4569447,5,0,-53
1756013485.4939446,0,-3,-42
1756013485.532945,-5,2,-54
1756013485.5769446,3,5,-41
1756013485.6149447,2,5,-45
1756013485.6529446,1,0,-56
1756013485.6919446,3,-5,-58
1756013485.7279446,-3,-2,-57
1756013485.7669446,-8,-4,-50
1756013485.8039446,-4,-1,-52
1756013485.8429446,-7,-2,-69
1756013485.8809447,-6,-4,-63
1756013485.917945,2,3,-58
1756013485.9559443,5,1,-64
1756013485.9939446,2,-1,-54
1756013486.032945,2,0,-47
1756013486.0689447,0,2,-43
1756013486.1059446,-7,4,-46
1756013486.144945,2,0,-58
1756013486.1829443,0,3,-63
1756013486.2189443,2,7,-70
1756013486.2559447,6,0,-49
1756013486.292945,3,-5,-57
1756013486.3319447,-5,-3,-53
1756013486.3679447,0,-5,-50
1756013486.4059446,-4,-10,-63
1756013486.4449446,0,-4,-63
1756013486.4829447,-4,-5,-56
1756013486.5189445,0,-1,-58
1756013486.5559447,5,-5,-48
1756013486.5939443,1,-2,-44
1756013486.6329446,0,-2,-59
1756013486.6689446,6,-2,-51
1756013486.7059443,5,-1,-47
1756013486.7449446,0,-1,-50
1756013486.782945,-5,0,-53
1756013486.8189447,-7,-4,-58
1756013486.8569446,2,4,-51
1756013486.8959446,-7,-1,-53
1756013486.9339447,-2,0,-50
1756013486.9719446,5,-1,-50
1756013487.0079446,-2,0,-49
1756013487.0459447,-7,-4,-52
1756013487.0839446,-2,-9,-49
1756013487.121945,0,-1,-50
1756013487.157945,-1,-1,-56
1756013487.1959443,-8,-5,-56
1756013487.233945,-2,1,-49
1756013487.2729447,0,-3,-57
1756013487.3089447,6,-2,-61
1756013487.3459446,-1,-2,-56
1756013487.3839445,0,-10,-48
1756013487.4229443,-7,0,-46
1756013487.4589446,-5,2,-50
1756013487.4959445,-2,3,-44
1756013487.5339446,-4,0,-50
1756013487.5729446,-4,0,-51
1756013487.608945,-2,3,-55
1756013487.6459446,5,0,-54
1756013487.6839447,0,0,-34
1756013487.7199447,0,0,-42
1756013487.756945,4,-5,-55
1756013487.7959447,-5,-1,-46
1756013487.8339446,0,2,-52
1756013487.8699446,-6,0,-58
1756013487.9069445,-3,-3,-55
1756013487.9459443,2,-6,-59
1756013487.983945,-5,-3,-43
1756013488.019945,-2,-1,-45
1756013488.0579443,0,-9,-47
1756013488.0959446,-1,0,-53
1756013488.1339445,-1,0,-47
1756013488.1729443,1,-2,-50
1756013488.2089446,0,0,-55
1756013488.2459445,3,-9,-61
1756013488.2849443,0,0,-66
1756013488.3229446,-5,-6,-58
1756013488.358945,0,-2,-52
1756013488.3959446,8,-8,-46
1756013488.4349446,7,-1,-59
1756013488.4729445,0,2,-54
1756013488.5089445,6,-3,-63
1756013488.5459447,6,-4,-56
1756013488.5849447,6,-6,-43
1756013488.6229446,-2,-8,-54
1756013488.6589446,-5,-5,-47
1756013488.6969447,-4,-2,-43
1756013488.7349446,-3,-2,-51
1756013488.7739446,-4,2,-51
1756013488.8099446,-1,0,-54
1756013488.8469446,0,0,-59
1756013488.884945,3,-2,-52
1756013488.9229443,0,0,-50
1756013488.9589446,0,0,-53
1756013488.9959445,2,4,-48
1756013489.0339446,1,0,-51
1756013489.0699446,-2,0,-54
1756013489.1069446,-4,-1,-62
1756013489.144945,3,4,-46
1756013489.1809447,1,-1,-51
1756013489.2179446,-6,-5,-52
1756013489.2559447,-4,-1,-45
1756013489.2949443,2,-1,-46
1756013489.3309443,5,0,-39
1756013489.3679447,6,-3,-48
1756013489.4059446,2,0,-53
1756013489.4439447,0,10,-45
1756013489.4799447,2,1,-41
1756013489.5179446,1,2,-44
1756013489.5549445,-8,-8,-62
1756013489.5939443,2,-4,-60
1756013489.6299446,8,-13,-62
1756013489.667945,3,-5,-52
1756013489.7059443,-2,1,-52
1756013489.7449446,-3,-1,-53
1756013489.7809446,1,4,-51
1756013489.8189447,-2,0,-39
1756013489.8559446,-1,2,-54
1756013489.894945,0,-2,-43
1756013489.9309447,-6,5,-49
1756013489.9689443,2,7,-37
1756013490.0059447,-6,4,-53
1756013490.0449443,-1,-2,-53
1756013490.0809443,-2,-1,-54
1756013490.1189446,0,-9,-59
1756013490.1569445,3,0,-50
1756013490.1949446,1,0,-50
1756013490.2309446,8,-4,-60
1756013490.2679446,5,-1,-53
1756013490.3059447,5,5,-62
1756013490.3439443,-1,2,-66
1756013490.3799446,-4,3,-47
1756013490.417945,1,2,-47
1756013490.4559443,-2,0,-43
1756013490.4949446,4,-6,-48
1756013490.5309446,0,0,-56
1756013490.5689447,1,7,-52
1756013490.6059446,3,4,-51
1756013490.6439445,-1,-2,-57
1756013490.6799445,2,-1,-53
1756013490.7179446,2,-4,-52
1756013490.7559447,1,1,-45
1756013490.7919445,1,-2,-47
1756013490.8299446,4,1,-44
1756013490.8679447,0,0,-44
1756013490.9059446,-4,-1,-51
1756013490.9449446,1,-1,-51
1756013490.9809446,0,5,-53
1756013491.0179446,5,0,-50
1756013491.0559447,5,2,-53
1756013491.0919447,1,-3,-56
1756013491.1299446,-4,-4,-48
1756013491.1689446,-12,0,-52
1756013491.2059443,-1,5,-56
1756013491.2449446,-1,2,-55
1756013491.2809446,-3,3,-60
1756013491.3179443,-2,1,-64
1756013491.3559446,-6,-4,-48
1756013491.394945,-8,-5,-46
1756013491.4309447,-6,0,-49
1756013491.4689443,-9,2,-52
1756013491.506945,-9,3,-55
1756013491.5459447,-4,-3,-49
1756013491.5819447,-3,-2,-43
1756013491.6199446,4,5,-51
1756013491.6569445,-1,-1,-51
1756013491.6959443,5,-1,-56
1756013491.7319446,2,2,-60
1756013491.7689445,5,-2,-54
1756013491.8069446,2,-7,-54
1756013491.8459446,-9,-1,-50
1756013491.881945,-2,1,-50
1756013491.9189446,7,6,-51
1756013491.9569447,1,0,-51
1756013491.9949446,0,-5,-57
1756013492.0309446,0,-4,-58
1756013492.0679443,-2,-1,-48
1756013492.1069446,2,-4,-48
1756013492.144945,2,-6,-48
1756013492.1809447,0,-4,-49
1756013492.2189443,0,2,-51
1756013492.256945,-4,-6,-46
1756013492.2949443,3,-3,-51
1756013492.3309443,-3,-2,-44
1756013492.3689446,-5,0,-51
1756013492.4069445,1,-3,-59
1756013492.4459443,-1,-2,-59
1756013492.4819446,2,-4,-52
1756013492.519945,2,-2,-53
1756013492.5579443,9,-10,-56
1756013492.5969446,0,-13,-43
1756013492.6329446,4,-4,-38
1756013492.6699443,4,-1,-35
1756013492.7079446,4,2,-49
1756013492.746945,0,-4,-54
1756013492.782945,4,-1,-56
1756013492.8209443,-4,0,-48
1756013492.858945,0,2,-45
1756013492.8969443,-4,-1,-53
1756013492.9329443,-5,0,-42
1756013492.9699447,-9,-5,-46
1756013493.0079446,-7,-1,-49
1756013493.0469446,-2,0,-48
1756013493.0829446,5,0,-60
1756013493.1199446,-1,2,-56
1756013493.157945,0,2,-40
1756013493.1969447,4,7,-53
1756013493.2329447,-1,0,-53
1756013493.269945,-7,-5,-53
1756013493.3089447,-3,0,-54
1756013493.3469446,-1,0,-51
1756013493.3829446,2,-1,-38
1756013493.4199443,8,-2,-44
1756013493.4589446,-1,-4,-41
1756013493.496945,2,1,-43
1756013493.532945,2,2,-53
1756013493.5699446,4,-1,-50
1756013493.6079447,0,0,-53
1756013493.6469443,1,0,-50
1756013493.6829443,3,-3,-43
1756013493.7199447,7,-6,-53
1756013493.7579446,0,-7,-52
1756013493.7969446,4,0,-44
1756013493.8329446,5,-2,-57
1756013493.8699446,1,1,-47
1756013493.907945,-4,4,-34
1756013493.9459443,2,4,-45
1756013493.9819446,0,5,-47
1756013494.019945,0,3,-53
1756013494.0579443,3,1,-59
1756013494.0939443,2,-8,-57
1756013494.131945,4,-6,-52
1756013494.1699443,-2,-5,-65
1756013494.2079446,3,1,-56
1756013494.2439446,-2,3,-56
1756013494.2809446,-3,1,-62
1756013494.3189447,-4,4,-55
1756013494.3579447,-2,0,-52
1756013494.3939445,0,-7,-50
1756013494.4319446,0,0,-54
1756013494.4699447,0,-4,-50
1756013494.5079446,2,-1,-65
1756013494.5469446,0,0,-56
1756013494.5829446,3,-3,-62
1756013494.6199446,0,-5,-58
1756013494.657945,-1,2,-45
1756013494.6969447,3,1,-45
1756013494.7329447,3,0,-47
1756013494.7709446,0,6,-52
1756013494.8089447,2,5,-51
1756013494.8469446,-6,0,-55
1756013494.8829446,5,2,-58
1756013494.9199443,5,-2,-39
1756013494.9589446,6,1,-50
1756013494.996945,0,-2,-62
1756013495.032945,2,0,-59
1756013495.0709443,0,-3,-55
1756013495.108945,-3,-4,-57
1756013495.1469443,-4,-8,-50
1756013495.1829443,-1,-9,-53
1756013495.2209446,-6,-8,-55
1756013495.2589445,-2,-6,-54
1756013495.2979443,2,2,-57
1756013495.3339446,-3,-2,-46
1756013495.371945,-1,2,-51
1756013495.4099443,4,-6,-48
1756013495.4489446,0,1,-54
1756013495.486945,-7,-4,-53
1756013495.5229447,-2,-1,-42
1756013495.5609446,0,0,-45
1756013495.6069446,-2,-4,-48
1756013495.6429446,-11,-3,-40
1756013495.6809447,-8,-4,-46
1756013495.7189443,-5,-3,-50
1756013495.7579446,2,1,-62
1756013495.7939446,4,0,-62
1756013495.8309443,-5,0,-63
1756013495.8689446,5,1,-57
1756013495.904945,5,4,-50
1756013495.9419446,-3,1,-60
1756013495.9799447,1,0,-57
1756013496.0189445,-9,-1,-57
1756013496.0549445,-2,-2,-50
1756013496.0929446,-5,-1,-53
1756013496.131945,0,-4,-49
1756013496.1689446,2,3,-50
1756013496.2049446,-1,-1,-55
1756013496.2429447,0,-4,-45
1756013496.2809446,-6,-3,-43
1756013496.3189447,-3,-1,-58
1756013496.3579447,6,0,-54
1756013496.3939445,7,0,-49
1756013496.4319446,3,-4,-50
1756013496.4699447,1,-2,-56
1756013496.5079446,-5,7,-63
1756013496.5439446,-6,2,-56
1756013496.5819447,-4,-4,-47
1756013496.6199446,-6,1,-51
1756013496.6589446,-9,0,-42
1756013496.6949446,-2,-5,-50
1756013496.7329447,0,-2,-55
1756013496.7709446,7,-3,-55
1756013496.8099446,-5,-2,-48
1756013496.8479445,2,-1,-50
1756013496.8839445,0,1,-49
1756013496.9209447,0,2,-41
1756013496.9589446,0,-2,-43
1756013496.9949446,-2,-8,-52
1756013497.032945,0,-2,-56
1756013497.0709443,2,-3,-59
1756013497.1099446,7,-1,-55
1756013497.1479447,7,-5,-50
1756013497.1839447,0,-3,-49
1756013497.2219446,1,1,-53
1756013497.259945,-2,-8,-54
1756013497.2979443,2,-2,-59
1756013497.3339446,-3,1,-63
1756013497.3709445,6,-4,-44
1756013497.4099443,-7,1,-52
1756013497.4459443,0,5,-54
1756013497.4829447,-2,5,-51
1756013497.5209446,0,4,-55
1756013497.5589447,1,-3,-54
1756013497.5949447,-4,1,-56
1756013497.6329446,1,5,-56
1756013497.6699443,-1,1,-62
1756013497.7089446,1,6,-50
1756013497.7449446,0,5,-43
1756013497.7819445,0,-1,-54
1756013497.8199446,0,-1,-55
1756013497.858945,-1,-2,-49
1756013497.894945,2,3,-49
1756013497.9319446,0,0,-58
1756013497.9699447,2,4,-63
1756013498.0059447,6,2,-51
1756013498.0439446,6,3,-51
1756013498.0809443,0,5,-50
1756013498.1189446,-3,-7,-59
1756013498.154945,-8,-6,-49
1756013498.1929443,-5,-11,-50
1756013498.2309446,-8,-5,-47
1756013498.269945,-3,-4,-40
1756013498.3069446,-5,-1,-51
1756013498.3439443,0,-1,-56
1756013498.381945,5,-5,-59
1756013498.4209447,-9,3,-55
1756013498.4589446,2,0,-54
1756013498.4949446,0,0,-64
1756013498.5319445,0,0,-57
1756013498.5709443,0,-1,-59
1756013498.608945,6,-3,-40
1756013498.644945,-5,-1,-44
1756013498.6829443,0,-2,-50
1756013498.7209446,0,-2,-58
1756013498.759945,0,-8,-49
1756013498.7959447,-3,-4,-39
1756013498.8339446,-4,1,-56
1756013498.871945,-2,-3,-64
1756013498.9109447,-6,-6,-56
1756013498.9489446,1,-4,-47
1756013498.9849446,0,-7,-48
1756013499.0219443,3,3,-65
1756013499.0609446,8,-1,-58
1756013499.0969446,7,-1,-75
1756013499.1339445,1,0,-55
1756013499.1709447,2,0,-51
1756013499.2069447,0,-2,-50
1756013499.2449446,4,3,-42
1756013499.2819445,3,0,-52
1756013499.3209443,2,-2,-55
1756013499.3569446,0,2,-55
1756013499.394945,9,2,-46
1756013499.4319446,2,2,-42
1756013499.4709446,1,6,-52
1756013499.506945,0,-3,-58
1756013499.5449443,-1,-4,-48
1756013499.5829446,3,1,-56
1756013499.6209445,5,0,-46
1756013499.6569445,2,2,-50
1756013499.6949446,7,-7,-48
1756013499.7329447,6,-6,-50
1756013499.7709446,-1,-6,-58
1756013499.8099446,-1,-4,-61
1756013499.8459446,0,0,-60
1756013499.8829446,-3,-2,-55
1756013499.9219446,-8,6,-49
1756013499.9599447,3,3,-44
1756013499.9959445,3,1,-54
1756013500.032945,4,-1,-54
1756013500.0719447,5,0,-52
1756013500.1099446,0,-5,-48
1756013500.1459446,3,0,-52
1756013500.1829443,0,-3,-49
1756013500.2219446,-2,0,-58
1756013500.259945,2,5,-56
1756013500.2959447,0,1,-50
1756013500.3339446,-1,4,-45
1756013500.371945,0,3,-44
1756013500.4109447,3,0,-47
1756013500.4469447,6,-1,-40
1756013500.483945,6,-8,-64
1756013500.5219443,5,-2,-49
1756013500.5609446,0,-2,-56
1756013500.5969446,0,-4,-51
1756013500.6339445,1,-1,-51
1756013500.6719446,-1,-4,-53
1756013500.710945,0,-6,-46
1756013500.746945,6,-9,-48
1756013500.7839446,0,-1,-47
1756013500.8219447,-7,1,-38
1756013500.8609445,-8,-6,-52
1756013500.8969443,0,-6,-54
1756013500.9339447,-4,3,-52
1756013500.9719446,1,3,-60
1756013501.0109446,0,-1,-51
1756013501.0469446,2,3,-46
1756013501.0839446,9,-1,-46
1756013501.121945,-3,-5,-59
1756013501.1609447,1,0,-48
1756013501.1969447,0,-2,-53
1756013501.2349446,5,-1,-60
1756013501.2739446,-2,0,-51
1756013501.3119447,3,1,-48
1756013501.3479445,2,0,-50
1756013501.384945,-4,1,-46
1756013501.4239447,-6,-4,-51
1756013501.4619446,-2,-2,-54
1756013501.4979446,-5,-2,-47
1756013501.5359447,-3,0,-48
1756013501.5739446,-3,3,-53
1756013501.6129446,-3,0,-55
1756013501.6509447,-3,4,-61
1756013501.6869447,-4,8,-64
1756013501.723945,5,3,-51
1756013501.7619443,-2,3,-45
1756013501.7979443,4,-7,-53
1756013501.835945,-5,-8,-45
1756013501.8739443,7,-3,-42
1756013501.9129446,0,4,-48
1756013501.950945,-1,-3,-50
1756013501.986945,3,-2,-59
1756013502.0249443,0,0,-56
1756013502.062945,-3,1,-58
1756013502.1009445,2,-1,-52
1756013502.1369443,-5,1,-56
1756013502.1739447,-7,0,-37
1756013502.2129445,-5,8,-52
1756013502.2509446,-2,6,-48
1756013502.2869446,2,1,-44
1756013502.3239446,-1,0,-54
1756013502.3629446,0,-6,-55
1756013502.3989446,-1,-6,-61
1756013502.4369447,1,-3,-60
1756013502.4749446,0,5,-53
1756013502.5129447,3,8,-61
1756013502.5489447,3,1,-53
1756013502.585945,-1,-5,-55
1756013502.6239443,0,-5,-52
1756013502.6629446,3,-2,-49
1756013502.6989446,0,-5,-58
1756013502.736945,6,0,-61
1756013502.7749443,4,-5,-50
1756013502.8139446,0,-6,-39
1756013502.8519447,0,-7,-47
1756013502.8879447,4,2,-57
1756013502.9249446,-1,3,-48
1756013502.9629445,3,-1,-44
1756013503.0019443,3,0,-46
1756013503.0379446,1,-4,-43
1756013503.075945,-6,-1,-44
1756013503.1139443,-3,5,-44
1756013503.1529446,-6,0,-50
1756013503.1889446,-4,0,-50
1756013503.2269447,1,-2,-48
1756013503.2649446,-6,-5,-50
1756013503.3039446,0,-8,-49
1756013503.3419447,0,0,-55
1756013503.3779447,-4,-1,-57
1756013503.4159446,-5,2,-48
1756013503.4549446,0,5,-55
1756013503.4929447,-4,-2,-50
1756013503.5289447,-12,-3,-46
1756013503.5669446,-8,3,-48
1756013503.6049447,-7,4,-47
1756013503.6439445,1,4,-45
1756013503.6819446,-8,-2,-46
1756013503.7179446,-5,-3,-46
1756013503.7559447,-5,-2,-39
1756013503.7939446,4,-3,-53
1756013503.8329446,1,-2,-63
1756013503.8689446,-5,3,-57
1756013503.9059446,0,6,-58
1756013503.9439447,-4,3,-49
1756013503.9829447,-6,6,-36
1756013504.0189445,2,3,-50
1756013504.0559447,1,2,-39
1756013504.0939443,-1,0,-56
1756013504.1299446,2,0,-59
1756013504.1669445,2,-1,-57
1756013504.2059443,0,-5,-47
1756013504.2439446,-1,0,-57
1756013504.279945,-1,4,-65
1756013504.3179443,0,4,-47
1756013504.3549447,0,0,-58
1756013504.3939445,8,0,-59
1756013504.4299445,3,4,-49
1756013504.4679446,-2,1,-52
1756013504.5059447,-3,-1,-50
1756013504.5439446,-1,0,-46
1756013504.5829446,1,5,-49
1756013504.6189446,1,0,-47
1756013504.6559446,-4,2,-40
1756013504.6939447,-4,-4,-46
1756013504.7329447,-2,-7,-51
1756013504.7689445,-4,-4,-50
1756013504.8069446,0,-5,-57
1756013504.8449447,-5,-10,-49
1756013504.8839445,4,-8,-44
1756013504.9199443,4,-5,-56
1756013504.9579446,-4,-1,-50
1756013504.996945,-4,4,-43
1756013505.0349443,0,0,-51
1756013505.0729446,-2,-3,-53
1756013505.108945,-3,-8,-56
1756013505.1469443,-7,-1,-62
1756013505.1849446,10,0,-44
1756013505.223945,8,0,-56
1756013505.259945,7,0,-48
1756013505.2969446,0,7,-47
1756013505.3349447,-5,-1,-51
1756013505.3729446,-3,-2,-51
1756013505.4089446,-5,-2,-54
1756013505.4469447,4,0,-48
1756013505.4849446,7,2,-57
1756013505.5229447,10,9,-47
1756013505.5589447,7,1,-62
1756013505.5959446,0,6,-62
1756013505.6399446,0,-2,-62
1756013505.6789446,-7,1,-63
1756013505.7159443,-2,-6,-58
1756013505.7549446,-1,-1,-51
1756013505.792945,0,-1,-64
1756013505.8289447,0,-2,-43
1756013505.8669446,1,-5,-39
1756013505.904945,-5,-1,-57
1756013505.9439447,-7,2,-52
1756013505.9799447,-1,-3,-44
1756013506.0179446,0,-10,-43
1756013506.0559447,-2,-3,-46
1756013506.0949447,6,-13,-36
1756013506.1309447,4,-5,-39
1756013506.1689446,5,-3,-55
1756013506.2069447,-1,-3,-56
1756013506.2449446,-6,-4,-51
1756013506.2839446,-3,-6,-49
1756013506.3199446,-7,-1,-52
1756013506.358945,-4,0,-44
1756013506.3969443,-4,-1,-57
1756013506.4349446,0,2,-48
1756013506.4709446,0,0,-49
1756013506.5089445,-4,-6,-47
1756013506.5469446,0,1,-38
1756013506.5849447,3,1,-50
1756013506.6209445,1,-4,-36
1756013506.6589446,-4,-3,-60
1756013506.6969447,0,-8,-57
1756013506.7359445,5,-1,-53
1756013506.7739446,1,-6,-51
1756013506.8099446,2,-7,-46
1756013506.8469446,0,-3,-49
1756013506.8859446,-6,-3,-58
1756013506.9239447,-3,-7,-51
1756013506.9599447,-8,-2,-57
1756013506.9979446,0,-5,-59
1756013507.0359447,-5,0,-55
1756013507.0749447,-2,2,-50
1756013507.1109445,-4,0,-51
1756013507.1499443,0,3,-44
1756013507.1869447,-5,-1,-47
1756013507.2259445,-9,0,-46
1756013507.2639446,-6,-4,-45
1756013507.2999446,-3,-4,-46
1756013507.3379445,9,-8,-48
1756013507.3759446,-2,-5,-54
1756013507.4149446,5,-1,-39
1756013507.450945,2,0,-42
1756013507.4879446,-2,1,-47
1756013507.5259447,-3,2,-62
1756013507.5649445,-3,-1,-49
1756013507.6009445,-2,-1,-54
1756013507.6389446,-2,1,-49
1756013507.677945,0,6,-42
1756013507.7159443,-5,-3,-57
1756013507.7519443,-10,-3,-52
1756013507.7899446,0,-3,-61
1756013507.8279445,1,-4,-53
1756013507.8659446,0,0,-56
1756013507.9019446,0,-4,-54
1756013507.9389446,-4,1,-58
1756013507.9769447,-8,0,-55
1756013508.0159447,0,0,-49
1756013508.0519447,2,-4,-51
1756013508.088945,3,-5,-48
1756013508.1269443,-8,-6,-46
1756013508.1659446,0,-4,-47
1756013508.2019446,6,0,-57
1756013508.2389443,-4,0,-49
1756013508.2769446,1,-8,-53
1756013508.315945,0,-4,-48
1756013508.3519447,-12,-1,-47
1756013508.3899446,-4,1,-39
1756013508.427945,0,5,-58
1756013508.4659443,-3,1,-59
1756013508.5019443,-2,4,-44
1756013508.5399446,1,3,-44
1756013508.5779445,0,1,-48
1756013508.6159446,-7,-2,-59
1756013508.6519446,-8,1,-58
1756013508.6899445,-2,8,-55
1756013508.7279446,-5,-1,-51
1756013508.7669446,1,-2,-54
1756013508.8049445,-1,-5,-49
1756013508.8409443,0,-9,-40
1756013508.8789446,2,-7,-51
1756013508.9169445,0,-5,-48
1756013508.9559443,0,-4,-45
1756013508.9919446,0,-8,-34
1756013509.0289447,0,-4,-48
1756013509.0669446,-3,0,-50
1756013509.1059446,-7,2,-65
1756013509.1419446,3,4,-64
1756013509.1789446,1,0,-55
1756013509.2169447,-8,0,-57
1756013509.2529447,-3,-3,-53
1756013509.2919445,-1,-1,-51
1756013509.3289447,0,0,-49
1756013509.3669446,-4,0,-41
1756013509.4029446,0,5,-46
1756013509.4399445,-4,0,-55
1756013509.4789443,4,-3,-57
1756013509.5169446,4,-2,-67
1756013509.552945,-2,4,-49
1756013509.5899446,-1,0,-57
1756013509.6289446,-5,1,-47
1756013509.6669445,-4,1,-52
1756013509.7029445,-6,1,-56
1756013509.7399447,0,2,-46
1756013509.7769446,-1,0,-42
1756013509.815945,-2,0,-55
1756013509.8519447,0,-3,-44
1756013509.8899446,0,6,-53
1756013509.9289446,-3,2,-48
1756013509.9669447,-1,3,-58
1756013510.0029447,0,0,-62
1756013510.0399446,1,-4,-53
1756013510.0779445,-1,-6,-44
1756013510.1169446,0,-6,-48
1756013510.1529446,0,-5,-43
1756013510.1899445,5,-6,-49
1756013510.2279446,0,-4,-43
1756013510.2669446,0,-3,-57
1756013510.302945,5,-3,-60
1756013510.3399446,4,-9,-59
1756013510.3789446,3,0,-56
1756013510.4169445,0,0,-53
1756013510.4529445,0,2,-52
1756013510.4899447,-5,3,-61
1756013510.5279446,-1,2,-46
1756013510.5669446,-7,2,-52
1756013510.6029446,-5,1,-63
1756013510.6399446,-7,-3,-41
1756013510.677945,-3,0,-51
1756013510.7169447,10,-2,-43
1756013510.7529447,8,-10,-40
1756013510.7899446,-5,-2,-37
1756013510.8279445,0,7,-42
1756013510.8669446,0,0,-43
1756013510.9029446,1,1,-40
1756013510.9399445,-4,0,-44
1756013510.9789443,-7,-5,-52
1756013511.0169446,-7,1,-43
1756013511.052945,-4,-2,-40
1756013511.0909443,-1,0,-49
1756013511.1289446,-3,5,-55
1756013511.167945,-1,3,-56
1756013511.2039447,-3,1,-42
1756013511.2409446,-3,-5,-48
1756013511.2789447,4,-1,-50
1756013511.3179443,0,-5,-45
1756013511.3539443,2,-1,-49
1756013511.3909447,8,-3,-47
1756013511.4289446,-6,7,-54
1756013511.4679446,0,0,-46
1756013511.5039446,-3,-3,-45
1756013511.5419445,-2,4,-50
1756013511.5799446,-6,1,-54
1756013511.6189446,-2,-2,-40
1756013511.6569445,-4,-5,-57
1756013511.6929443,-7,-2,-47
1756013511.7309446,-7,-1,-49
1756013511.7689445,-1,-7,-50
1756013511.8079443,1,0,-54
1756013511.8439443,-2,1,-52
1756013511.881945,0,1,-58
1756013511.9189446,-1,1,-57
1756013511.9579446,0,2,-51
1756013511.9939446,0,0,-53
1756013512.0309446,1,-1,-42
1756013512.0689447,4,4,-50
1756013512.1069446,4,-5,-56
1756013512.1429446,0,-2,-59
1756013512.1819446,-2,-2,-59
1756013512.2189443,-8,0,-47
1756013512.2579446,-8,-3,-42
1756013512.2939446,0,5,-39
1756013512.3309443,-1,1,-49
1756013512.3689446,-2,5,-48
1756013512.407945,-5,1,-41
1756013512.4449446,-1,3,-53
1756013512.4819446,7,-3,-36
1756013512.519945,-2,-1,-47
1756013512.5589447,-2,1,-48
1756013512.5949447,5,-3,-52
1756013512.631945,1,-4,-49
1756013512.6699443,-4,-1,-46
1756013512.7089446,1,-2,-48
1756013512.7449446,-6,0,-57
1756013512.7819445,-5,-4,-48
1756013512.8199446,-2,3,-59
1756013512.858945,-2,4,-60
1756013512.894945,-9,3,-53
1756013512.9319446,-4,-7,-58
1756013512.9699447,-1,-5,-60
1756013513.0089445,0,-1,-54
1756013513.0449443,3,0,-37
1756013513.0819447,-2,-5,-49
1756013513.1199446,-4,-4,-45
1756013513.1589446,-2,2,-60
1756013513.1949446,-4,1,-49
1756013513.2319446,-1,0,-41
1756013513.269945,2,0,-45
1756013513.3089447,5,-3,-47
1756013513.3449447,1,7,-40
1756013513.381945,5,2,-46
1756013513.4199443,1,1,-51
1756013513.4579446,-6,3,-44
1756013513.4939446,-4,4,-43
1756013513.5319445,-5,-3,-57
1756013513.5699446,-2,4,-51
1756013513.608945,-1,0,-50
1756013513.644945,-3,-7,-48
1756013513.6829443,2,0,-54
1756013513.7199447,2,-3,-58
1756013513.7589445,-5,-4,-52
1756013513.7949443,-5,-4,-49
1756013513.8329446,-2,-2,-51
1756013513.8709445,0,2,-61
1756013513.9099443,0,-3,-52
1756013513.9479446,2,3,-65
1756013513.983945,-1,3,-54
1756013514.0219443,-1,2,-52
1756013514.0599446,-2,1,-51
1756013514.098945,-4,0,-49
1756013514.134945,5,3,-37
1756013514.1719446,5,9,-39
1756013514.2099447,3,7,-51
1756013514.2459445,2,5,-49
1756013514.282945,0,1,-53
1756013514.3199446,-1,5,-49
1756013514.358945,6,-1,-33
1756013514.394945,8,0,-48
1756013514.4319446,3,-2,-49
1756013514.4699447,0,-1,-54
1756013514.5089445,0,6,-51
1756013514.5449443,8,2,-61
1756013514.5819447,3,2,-51
1756013514.6199446,-5,3,-52
1756013514.6559446,-2,-2,-52
1756013514.6939447,-5,2,-48
1756013514.7319446,-3,0,-42
1756013514.7709446,-6,4,-49
1756013514.8089447,-10,0,-55
1756013514.8449447,-5,-5,-58
1756013514.8829446,-5,5,-57
1756013514.9209447,0,1,-56
1756013514.9589446,3,-9,-44
1756013514.9949446,2,-10,-47
1756013515.0319445,1,-3,-53
1756013515.0709443,1,0,-46
1756013515.108945,2,0,-47
1756013515.144945,2,0,-46
1756013515.1819446,3,4,-50
1756013515.2199447,2,4,-47
1756013515.2559447,-4,2,-52
1756013515.292945,-1,8,-48
1756013515.3309443,-2,-2,-47
1756013515.3699446,-6,-2,-57
1756013515.4059446,-11,0,-52
1756013515.4429443,-3,1,-47
1756013515.4809446,-9,-2,-47
1756013515.519945,-2,2,-60
1756013515.5559447,-5,-3,-48
1756013515.5939443,2,0,-46
1756013515.631945,0,-5,-48
1756013515.6769447,0,-6,-57
1756013515.7149446,1,-2,-46
1756013515.7529447,-1,-1,-49
1756013515.7909446,4,-4,-47
1756013515.8269446,-2,0,-46
1756013515.8649447,-6,0,-48
1756013515.9029446,-2,-2,-43
1756013515.940945,-3,-1,-44
1756013515.9799447,0,-3,-61
1756013516.0159447,-3,0,-50
1756013516.052945,0,-4,-57
1756013516.0909443,-1,1,-51
1756013516.1309447,5,0,-52
1756013516.1669445,10,0,-57
1756013516.2039447,0,-2,-57
1756013516.2429447,0,-3,-52
1756013516.2809446,-3,0,-43
1756013516.3169446,-5,-4,-45
1756013516.3549447,-10,-1,-54
1756013516.3929446,-6,-2,-52
1756013516.4319446,-2,3,-53
1756013516.4699447,-3,0,-36
1756013516.5059447,0,4,-43
1756013516.542945,0,-6,-57
1756013516.5819447,0,0,-56
1756013516.6199446,0,1,-55
1756013516.6559446,1,1,-51
1756013516.6929443,-1,-2,-49
1756013516.7319446,-5,4,-42
1756013516.769945,-5,2,-45
1756013516.8059447,-2,0,-51
1756013516.8429446,-4,6,-64
1756013516.881945,-10,7,-56
1756013516.9199443,2,3,-61
1756013516.9559443,5,1,-64
1756013516.9929447,-3,0,-57
1756013517.0319445,4,0,-50
1756013517.0699446,-1,-4,-47
1756013517.1059446,0,3,-52
1756013517.1429446,-2,2,-59
1756013517.1819446,-10,4,-67
1756013517.2199447,-6,1,-66
1756013517.2559447,-1,4,-69
1756013517.2939446,6,1,-55
1756013517.3319447,-4,-3,-56
1756013517.3709445,-1,-2,-41
1756013517.4069445,-2,2,-46
1756013517.4439447,5,-2,-44
1756013517.4819446,5,5,-46
1756013517.5179446,0,3,-51
1756013517.5549445,0,6,-43
1756013517.5919447,-4,1,-50
1756013517.6309447,3,3,-52
1756013517.6669445,0,-3,-59
1756013517.7049446,-3,0,-47
1756013517.7429447,-3,7,-50
1756013517.7819445,-2,9,-58
1756013517.8179443,1,10,-56
1756013517.8549447,0,2,-56
1756013517.8919446,-6,3,-48
1756013517.9309447,6,-3,-49
1756013517.9669447,3,-3,-54
1756013518.0049446,-5,-3,-56
1756013518.042945,-10,1,-62
1756013518.0819447,2,-2,-59
1756013518.1179447,0,-1,-59
1756013518.154945,4,-3,-53
1756013518.1929443,-6,0,-60
1756013518.2319446,-2,-4,-58
1756013518.2679446,1,1,-50
1756013518.3049445,8,-1,-47
1756013518.3429446,7,0,-43
1756013518.381945,2,-1,-45
1756013518.417945,6,0,-47
1756013518.4549446,2,6,-50
1756013518.4929447,2,-1,-56
1756013518.5309446,-6,2,-52
1756013518.5669446,-2,1,-40
1756013518.6049447,-3,-2,-45
1756013518.6439445,-1,-3,-58
1756013518.6819446,0,6,-57
1756013518.7179446,-5,-3,-45
1756013518.756945,-2,-5,-40
1756013518.7939446,-6,-1,-54
1756013518.8329446,0,14,-55
1756013518.8709445,-1,7,-51
1756013518.9069445,0,2,-46
1756013518.9439447,1,-3,-41
1756013518.9829447,0,1,-51
1756013519.0209446,1,-1,-46
1756013519.0569446,-4,0,-53
1756013519.0939443,-6,3,-45
1756013519.1329446,-5,0,-57
1756013519.1689446,1,3,-53
1756013519.2069447,-2,0,-54
1756013519.2449446,9,0,-59
1756013519.282945,-1,2,-53
1756013519.3189447,-6,1,-42
1756013519.3569446,8,6,-41
1756013519.3939445,11,5,-47
1756013519.4329443,2,-2,-54
1756013519.4689443,2,2,-64
1756013519.506945,0,-5,-59
1756013519.5449443,1,1,-52
1756013519.5829446,0,4,-55
1756013519.6189446,0,0,-50
1756013519.6569445,3,3,-62
1756013519.6939447,-3,0,-61
1756013519.7329447,-1,-3,-54
1756013519.7689445,0,0,-56
1756013519.8069446,-4,-5,-52
1756013519.8449447,-4,0,-49
1756013519.8839445,1,-4,-53
1756013519.9219446,7,1,-53
1756013519.9579446,-3,1,-54
1756013519.9949446,0,0,-63
1756013520.032945,0,-8,-55
1756013520.0689447,-5,-6,-52
1756013520.1069446,0,-9,-56
1756013520.144945,6,-2,-56
1756013520.1839447,2,-4,-47
1756013520.2219446,-5,0,-48
1756013520.2579446,-6,0,-50
1756013520.2949443,0,3,-43
1756013520.3329446,0,-1,-42
1756013520.3689446,-6,-7,-47
1756013520.4069445,-6,-4,-45
1756013520.4449446,4,-3,-50
1756013520.483945,5,0,-52
1756013520.5219443,8,3,-59
1756013520.5579443,-3,0,-53
1756013520.5949447,3,0,-42
1756013520.6339445,-3,-4,-54
1756013520.6719446,1,-3,-48
1756013520.7079446,-5,-6,-46
1756013520.7459445,2,-7,-50
1756013520.7849443,5,-3,-46
1756013520.8229446,6,0,-45
1756013520.858945,5,0,-41
1756013520.8959446,0,-3,-45
1756013520.9349446,-3,-2,-53
1756013520.9729445,-7,0,-44
1756013521.0089445,0,3,-45
1756013521.0459447,0,3,-53
1756013521.0839446,4,-2,-49
1756013521.1199446,2,0,-58
1756013521.1569445,1,-2,-60
1756013521.1949446,0,-8,-45
1756013521.233945,-7,3,-56
1756013521.269945,-3,1,-59
1756013521.3069446,0,4,-49
1756013521.3439443,3,-2,-53
1756013521.3829446,2,6,-56
1756013521.4189446,4,1,-54
1756013521.4569447,6,-3,-48
1756013521.4949446,7,0,-45
1756013521.532945,1,-1,-45
1756013521.5689447,-2,-1,-55
1756013521.6069446,3,-2,-53
1756013521.644945,5,-2,-51
1756013521.6839447,5,2,-52
1756013521.7199447,7,3,-43
1756013521.756945,-7,0,-43
1756013521.7949443,-2,0,-48
1756013521.8339446,-3,0,-53
1756013521.8699446,0,2,-50
1756013521.9069445,5,3,-56
1756013521.9449446,-2,0,-56
1756013521.9829447,5,1,-53
1756013522.019945,-1,-1,-53
1756013522.0569446,3,1,-52
1756013522.0949447,0,1,-52
1756013522.1329446,0,-2,-62
1756013522.1699443,0,-1,-57
1756013522.2069447,3,-1,-52
1756013522.2449446,7,0,-44
1756013522.282945,0,1,-50
1756013522.3189447,4,-4,-57
1756013522.3569446,3,-8,-60
1756013522.394945,1,-4,-47
1756013522.4339447,5,0,-52
1756013522.4699447,-1,-2,-43
1756013522.5079446,-13,-7,-47
1756013522.5459447,0,-2,-56
1756013522.5849447,-5,0,-50
1756013522.6209445,-14,0,-58
1756013522.657945,-7,4,-42
1756013522.6959443,-2,0,-45
1756013522.7349446,-3,3,-55
1756013522.7709446,0,0,-51
1756013522.8079443,0,-4,-61
1756013522.8459446,3,3,-50
1756013522.884945,1,1,-52
1756013522.9209447,0,-2,-46
1756013522.9579446,4,-5,-50
1756013522.9959445,3,-3,-58
1756013523.0349443,-2,-4,-50
1756013523.0709443,-2,-1,-48
1756013523.108945,-3,-3,-47
1756013523.1469443,-2,-3,-46
1756013523.1859446,-2,-2,-50
1756013523.223945,7,-1,-48
1756013523.259945,6,6,-50
1756013523.2979443,-2,-2,-47
1756013523.335945,-6,-9,-55
1756013523.3739443,-4,-4,-50
1756013523.4099443,-8,0,-55
1756013523.4479446,-6,0,-49
1756013523.4859445,-4,-3,-50
1756013523.5249443,0,0,-42
1756013523.5609446,0,-1,-48
1756013523.5979445,0,-2,-43
1756013523.6369443,4,4,-54
1756013523.6749446,-5,-8,-65
1756013523.710945,2,-5,-62
1756013523.7479446,-2,-6,-54
1756013523.7869446,-2,2,-47
1756013523.8249447,1,4,-56
1756013523.8609445,1,-1,-54
1756013523.8979447,1,-2,-45
1756013523.9359446,4,2,-48
1756013523.9749446,0,-3,-47
1756013524.0109446,4,1,-44
1756013524.0489447,4,-6,-50
1756013524.0869446,4,0,-57
1756013524.1259446,-4,-4,-46
1756013524.1619446,-2,0,-47
1756013524.1989446,4,0,-54
1756013524.236945,-1,0,-62
1756013524.2759447,-3,0,-44
1756013524.3119447,-6,-7,-63
1756013524.3499446,4,-1,-61
1756013524.3879447,4,-1,-50
1756013524.4259446,7,-6,-40
1756013524.4649446,0,2,-50
1756013524.5009446,4,-5,-50
1756013524.5389447,2,1,-56
1756013524.575945,4,3,-58
1756013524.611945,0,6,-51
1756013524.6489446,3,2,-55
1756013524.6869447,-2,3,-60
1756013524.7249446,-3,2,-60
1756013524.7609446,0,-5,-51
1756013524.7979443,7,-4,-44
1756013524.8369446,-2,-2,-31
1756013524.8749447,6,2,-48
1756013524.9109447,-1,0,-50
1756013524.9479446,-2,-3,-59
1756013524.986945,0,-2,-51
1756013525.0249443,2,0,-49
1756013525.0609446,-3,-1,-46
1756013525.098945,-1,1,-42
1756013525.1369443,-1,-4,-45
1756013525.1759446,-2,-7,-56
1756013525.2119446,6,-8,-58
1756013525.2499447,7,-2,-58
1756013525.2879446,0,0,-45
1756013525.325945,0,-1,-49
1756013525.361945,0,0,-49
1756013525.3989446,-3,-3,-42
1756013525.4369447,-3,-1,-55
1756013525.4759445,-5,-2,-58
1756013525.5119443,2,0,-61
1756013525.5489447,3,0,-55
1756013525.5869446,0,-5,-45
1756013525.6259446,2,2,-47
1756013525.6619446,0,6,-46
1756013525.7079446,0,1,-44
1756013525.7459445,4,5,-46
1756013525.7819445,12,5,-58
1756013525.8189447,0,1,-56
1756013525.8569446,4,0,-60
1756013525.8929446,2,-1,-53
1756013525.9299445,6,-6,-41
1756013525.9679446,0,2,-49
1756013526.006945,6,-2,-62
1756013526.042945,-4,4,-54
1756013526.0799446,-2,-3,-57
1756013526.1179447,2,-2,-61
1756013526.1569445,4,3,-48
1756013526.1929443,0,-5,-52
1756013526.2319446,1,0,-50
1756013526.2689445,-1,-7,-56
1756013526.3079443,0,-9,-51
1756013526.3459446,0,-5,-54
1756013526.381945,4,-3,-51
1756013526.4189446,0,-3,-49
1756013526.4579446,0,8,-45
1756013526.4959445,7,6,-47
1756013526.5319445,3,8,-38
1756013526.5689447,-2,1,-46
1756013526.6079447,-6,-2,-56
1756013526.6459446,5,0,-49
1756013526.6819446,-3,1,-40
1756013526.7209446,0,3,-48
1756013526.7579446,0,4,-47
1756013526.7969446,2,3,-48
1756013526.8329446,1,4,-53
1756013526.8709445,8,-1,-50
1756013526.907945,4,0,-45
1756013526.9459443,1,7,-53
1756013526.9819446,3,4,-50
1756013527.0189445,0,0,-44
1756013527.0579443,1,8,-35
1756013527.0959446,1,-1,-42
1756013527.131945,-3,-2,-50
1756013527.1709447,-4,-6,-47
1756013527.2079446,0,3,-45
1756013527.2459445,-1,1,-48
1756013527.2819445,0,-8,-43
1756013527.3209443,-2,-5,-52
1756013527.3579447,-9,-5,-52
1756013527.3969443,-5,3,-33
1756013527.4329443,-3,6,-37
1756013527.4709446,7,5,-34
1756013527.5079446,10,-2,-50
1756013527.5469446,1,-1,-54
1756013527.5829446,1,-5,-58
1756013527.6209445,3,3,-51
1756013527.657945,1,0,-58
1756013527.6939447,0,-5,-45
1756013527.7309446,0,-5,-55
1756013527.7689445,-3,0,-46
1756013527.8079443,1,4,-47
1756013527.8439443,2,1,-52
1756013527.881945,7,1,-63
1756013527.9189446,0,2,-57
1756013527.9579446,0,-3,-49
1756013527.9939446,-1,-6,-51
1756013528.0319445,1,-2,-58
1756013528.0709443,0,-4,-57
1756013528.108945,0,-1,-54
1756013528.1469443,-2,0,-59
1756013528.1829443,3,0,-47
1756013528.2209446,3,1,-59
1756013528.2589445,-1,1,-57
1756013528.2969446,-5,-2,-61
1756013528.3329446,-1,0,-51
1756013528.3709445,-3,-1,-52
1756013528.4089446,-4,-3,-39
1756013528.4479446,3,-1,-50
1756013528.483945,-2,0,-56
1756013528.5209446,-4,-3,-47
1756013528.5589447,0,-2,-51
1756013528.5979445,7,0,-55
1756013528.6339445,-3,-1,-50
1756013528.6719446,-2,0,-50
1756013528.7099447,-7,4,-60
1756013528.7489443,1,2,-56
1756013528.7869446,5,-2,-54
1756013528.8229446,0,0,-51
1756013528.8609445,2,-7,-41
1756013528.8989446,0,-7,-49
1756013528.937945,1,1,-45
1756013528.973945,4,1,-50
1756013529.0109446,5,0,-41
1756013529.0489447,9,8,-38
1756013529.0849447,2,0,-46
1756013529.121945,3,3,-37
1756013529.1589446,0,-2,-45
1756013529.1979446,1,3,-47
1756013529.233945,2,-5,-45
1756013529.2709446,-1,-9,-47
1756013529.3089447,-2,-5,-64
1756013529.3479445,-6,-1,-66
1756013529.3839445,-2,-5,-63
1756013529.4219446,0,4,-55
1756013529.4599447,-9,-1,-47
1756013529.4989443,-5,0,-37
1756013529.5349443,-3,-2,-50
1756013529.5729446,-4,1,-54
1756013529.6109445,0,2,-59
1756013529.6489446,0,1,-59
1756013529.6849446,-1,-3,-60
1756013529.7229445,-2,-2,-55
1756013529.7609446,4,-5,-43
1756013529.7999446,2,-6,-56
1756013529.8379445,2,0,-49
1756013529.8739443,5,-1,-48
1756013529.9109447,1,4,-45
1756013529.9489446,-4,4,-48
1756013529.9849446,-6,-1,-51
1756013530.0229447,0,5,-64
1756013530.0599446,5,0,-53
1756013530.098945,3,-1,-60
1756013530.134945,4,-1,-58
1756013530.1719446,-2,-2,-56
1756013530.2099447,0,-6,-50
1756013530.2489443,-7,-3,-54
1756013530.2849443,-2,4,-54
1756013530.3219447,-2,8,-56
1756013530.3599446,2,6,-62
1756013530.3979447,-3,5,-60
1756013530.4339447,-1,0,-64
1756013530.4719446,2,-2,-49
1756013530.509945,5,-2,-48
1756013530.5479443,1,3,-50
1756013530.5839446,-3,1,-48
1756013530.621945,6,2,-47
1756013530.6599443,4,4,-51
1756013530.6959443,-1,1,-58
1756013530.7329447,9,1,-48
1756013530.769945,1,1,-56
1756013530.8059447,5,0,-66
1756013530.8429446,2,-9,-53
1756013530.8809447,1,-9,-61
1756013530.9199443,-1,0,-55
1756013530.9559443,5,1,-57
1756013530.9929447,4,-1,-53
1756013531.0309446,2,1,-48
1756013531.0699446,-4,1,-39
1756013531.1059446,-1,7,-57
1756013531.1429446,0,8,-51
1756013531.1799445,2,3,-55
1756013531.2189443,0,0,-54
1756013531.2549446,4,0,-50
1756013531.2919445,2,-8,-52
1756013531.3299446,7,0,-54
1756013531.3659446,-2,-1,-55
1756013531.4039447,-7,5,-59
1756013531.4419446,-1,-4,-50
1756013531.4809446,1,-8,-40
1756013531.5189445,-3,-8,-49
1756013531.5549445,-2,-4,-54
1756013531.5929446,0,-2,-39
1756013531.6309447,8,0,-46
1756013531.6689446,1,0,-50
1756013531.7049446,-2,-3,-45
1756013531.7429447,0,-4,-63
1756013531.7809446,2,0,-60
1756013531.8189447,-6,0,-57
1756013531.8549447,1,0,-45
1756013531.8919446,-7,-1,-50
1756013531.9309447,-1,0,-56
1756013531.9689443,-5,-4,-42
1756013532.0049446,-5,1,-47
1756013532.042945,-2,4,-54
1756013532.0809443,6,-3,-50
1756013532.1199446,5,-2,-50
1756013532.1559446,0,-4,-59
1756013532.1929443,-7,-5,-59
1756013532.2309446,-5,0,-60
1756013532.269945,-8,-6,-51
1756013532.3059447,-7,-3,-50
1756013532.3439443,-1,-4,-48
1756013532.381945,3,1,-46
1756013532.4199443,3,-1,-50
1756013532.4559443,0,0,-54
1756013532.4929447,-1,-4,-46
1756013532.5309446,1,0,-53
1756013532.5699446,-1,1,-47
1756013532.6059446,-6,0,-48
1756013532.6439445,-1,-6,-43
1756013532.6819446,0,0,-62
1756013532.7199447,1,-3,-53
1756013532.7559447,-3,-6,-50
1756013532.7939446,4,0,-61
1756013532.8309443,1,3,-51
1756013532.8669446,3,0,-59
1756013532.9039447,-3,-1,-48
1756013532.9429443,-2,-2,-62
1756013532.9809446,0,0,-54
1756013533.0169446,-7,0,-52
1756013533.0539446,-3,7,-49
1756013533.0919447,2,2,-48
1756013533.1309447,-3,3,-40
1756013533.1669445,1,2,-48
1756013533.2039447,1,0,-50
1756013533.2419446,1,3,-48
1756013533.2809446,1,3,-55
1756013533.3169446,2,0,-47
1756013533.3539443,3,0,-54
1756013533.3929446,-6,1,-49
1756013533.4309447,-2,0,-50
1756013533.4669447,-1,3,-52
1756013533.5039446,2,-2,-52
1756013533.542945,-1,2,-56
1756013533.5809443,-2,-3,-56
1756013533.6169446,0,0,-44
1756013533.6539447,-6,-6,-58
1756013533.6919446,1,-3,-57
1756013533.7309446,3,-4,-59
1756013533.7669446,-2,1,-58
1756013533.8049445,0,-3,-56
1756013533.8419447,-7,-8,-54
1756013533.8809447,-4,-4,-39
1756013533.9169445,-1,-5,-34
1756013533.9549446,-4,-2,-45
1756013533.9929447,-4,1,-39
1756013534.0319445,-6,2,-42
1756013534.0679443,0,5,-47
1756013534.1049447,-4,-2,-47
1756013534.1429446,-5,1,-47
1756013534.1819446,1,5,-46
1756013534.2179446,2,2,-54
1756013534.2549446,-3,0,-58
1756013534.292945,0,3,-54
1756013534.3319447,-5,0,-61
1756013534.3679447,0,-1,-42
1756013534.404945,0,1,-51
1756013534.4419446,-6,5,-45
1756013534.4809446,-1,-5,-59
1756013534.5169446,-6,-3,-51
1756013534.5549445,-4,0,-62
1756013534.5939443,0,-2,-55
1756013534.631945,0,0,-59
1756013534.667945,1,0,-60
1756013534.7049446,0,-6,-67
1756013534.7429447,1,1,-52
1756013534.7819445,-1,-4,-53
1756013534.8179443,-2,0,-53
1756013534.8549447,0,-4,-43
1756013534.8939445,3,1,-49
1756013534.9319446,2,-5,-53
1756013534.9679446,0,-4,-44
1756013535.0049446,0,0,-45
1756013535.042945,11,0,-46
1756013535.0809443,8,2,-38
1756013535.1169446,4,0,-56
1756013535.1539447,2,1,-47
1756013535.1919446,-1,0,-38
1756013535.2279446,2,0,-45
1756013535.2649446,-2,1,-60
1756013535.302945,1,-5,-58
1756013535.3419447,0,-3,-59
1756013535.3779447,2,-1,-51
1756013535.4149446,-5,-2,-52
1756013535.4529445,-1,0,-47
1756013535.4919446,-1,1,-49
1756013535.5279446,0,0,-51
1756013535.5649445,-6,0,-63
1756013535.6029446,-2,-8,-55
1756013535.6419446,2,-3,-62
1756013535.677945,0,-1,-54
1756013535.723945,0,-3,-58
1756013535.7619443,0,0,-61
1756013535.7989447,0,-2,-72
1756013535.835945,0,-4,-52
1756013535.8739443,-1,-8,-55
1756013535.9129446,-6,-1,-45
1756013535.9489446,-9,3,-52
1756013535.9859445,-5,-6,-56
1756013536.0239446,2,-3,-57
1756013536.062945,-4,-6,-66
1756013536.098945,1,-5,-62
1756013536.1369443,3,-5,-56
1756013536.1749446,4,-5,-45
1756013536.2129445,3,-6,-41
1756013536.2519443,-6,-9,-42
1756013536.2879446,-2,-5,-42
1756013536.325945,-6,0,-52
1756013536.3639443,1,-10,-49
1756013536.4029446,3,0,-45
1756013536.4389446,-1,2,-51
1756013536.4779446,-6,2,-51
1756013536.5149446,-2,-1,-45
1756013536.5539446,-4,0,-40
1756013536.5919447,0,5,-52
1756013536.6279447,-1,0,-51
1756013536.6649446,-8,-3,-55
1756013536.7039447,-5,-4,-49
1756013536.7419446,0,-3,-52
1756013536.7779446,-2,-2,-53
1756013536.815945,0,-4,-50
1756013536.8539443,-4,-2,-44
1756013536.8929446,-4,-1,-39
1756013536.9289446,1,0,-54
1756013536.9659443,-1,-4,-51
1756013537.0039446,-1,0,-55
1756013537.042945,-3,-5,-45
1756013537.0789447,2,4,-52
1756013537.1159446,-2,9,-58
1756013537.1539447,-4,2,-43
1756013537.1929443,-3,6,-54
1756013537.2289443,-4,3,-62
1756013537.2669446,-2,-3,-49
1756013537.3049445,-1,-4,-45
1756013537.3439443,-1,-6,-58
1756013537.3799446,3,-2,-56
1756013537.4169445,0,2,-59
1756013537.4539447,3,0,-46
1756013537.4899447,5,-3,-42
1756013537.5269446,-4,3,-42
1756013537.5649445,-5,-8,-49
1756013537.6039443,0,0,-44
1756013537.6399446,-7,0,-51
1756013537.6769447,-12,6,-52
1756013537.7149446,2,6,-54
1756013537.7539446,-6,-3,-53
1756013537.7899446,0,-2,-53
1756013537.8269446,-1,7,-39
1756013537.8649447,-5,-3,-49
1756013537.9039447,-2,-1,-59
1756013537.9429443,1,-7,-48
1756013537.9789443,5,0,-48
1756013538.0169446,0,2,-60
1756013538.0549445,2,0,-57
1756013538.0929446,2,-7,-56
1756013538.1289446,2,-4,-62
1756013538.1659446,0,1,-58
1756013538.2049446,0,0,-54
1756013538.2429447,0,-3,-44
1756013538.2789447,-1,0,-45
1756013538.3169446,-1,-4,-54
1756013538.3549447,-3,0,-52
1756013538.3929446,0,3,-39
1756013538.4289446,-1,1,-44
1756013538.4669447,4,2,-48
1756013538.5049446,9,5,-55
1756013538.542945,-2,6,-54
1756013538.5789447,-5,7,-56
1756013538.6169446,-4,3,-42
1756013538.654945,0,1,-43
1756013538.6929443,3,0,-46
1756013538.7289443,0,0,-37
1756013538.7669446,-6,-1,-42
1756013538.8049445,-1,0,-40
1756013538.8429446,1,0,-55
1756013538.8789446,0,0,-62
1756013538.9159446,3,-1,-47
1756013538.9549446,-5,0,-50
1756013538.9909446,0,1,-46
1756013539.0279446,-1,0,-53
1756013539.0669446,0,4,-56
1756013539.1049447,1,6,-49
1756013539.1409447,-2,4,-47
1756013539.177945,-3,6,-50
1756013539.2159443,5,0,-59
1756013539.2539446,-1,3,-54
1756013539.2899446,5,-5,-53
1756013539.3269446,6,-4,-53
1756013539.3649447,-3,-9,-55
1756013539.4039447,-5,-7,-57
1756013539.4399445,-3,-4,-57
1756013539.4779446,-5,-1,-54
1756013539.5159447,1,0,-55
1756013539.5539446,4,-1,-52
1756013539.5899446,1,2,-54
1756013539.6269443,-11,-6,-47
1756013539.6649446,-9,-5,-48
1756013539.7039447,-2,-6,-44
1756013539.7399447,0,-8,-59
1756013539.7769446,5,0,-45
1756013539.8149445,2,-2,-47
1756013539.8509445,2,-2,-50
1756013539.8879447,-1,0,-38
1756013539.9269447,-9,-2,-42
1756013539.9649446,-5,2,-46
1756013540.0009446,0,3,-51
1756013540.0379446,2,1,-47
1756013540.075945,-3,-5,-49
1756013540.1139443,2,-10,-60
1756013540.1499443,6,-6,-53
1756013540.1869447,-2,-10,-59
1756013540.2259445,-1,-1,-66
1756013540.2639446,0,4,-65
1756013540.2999446,0,5,-56
1756013540.3369446,4,7,-50
1756013540.3749447,-1,3,-50
1756013540.4109447,-7,-2,-48
1756013540.4489446,-1,-5,-44
1756013540.486945,-1,1,-43
1756013540.5259447,-7,-11,-58
1756013540.5639446,-13,0,-57
1756013540.5999446,-8,0,-61
1756013540.6369443,-7,-4,-54
1756013540.6759446,2,4,-55
1756013540.7119446,0,5,-55
1756013540.7489443,-4,3,-57
1756013540.7869446,-5,-1,-55
1756013540.825945,-2,-6,-54
1756013540.861945,2,2,-56
1756013540.8989446,4,-4,-49
1756013540.9369447,4,0,-55
1756013540.9749446,-4,-1,-40
1756013541.0109446,-2,0,-56
1756013541.0479443,-1,3,-45
1756013541.085945,-1,0,-49
1756013541.1249447,-5,1,-48
1756013541.1609447,0,0,-54
1756013541.1979446,0,-6,-57
1756013541.2359445,2,4,-52
1756013541.2719443,0,1,-51
1756013541.3089447,-4,1,-49
1756013541.3469446,-6,9,-44
1756013541.3859446,0,5,-55
1756013541.4219446,-4,3,-45
1756013541.4589446,-1,5,-46
1756013541.4979446,-3,-2,-45
1756013541.5359447,4,0,-48
1756013541.5719447,4,-2,-55
1756013541.6099446,0,2,-57
1756013541.6469443,1,-2,-56
1756013541.6859446,0,1,-53
1756013541.7219446,-3,1,-63
1756013541.759945,-1,1,-43
1756013541.7969446,-3,-3,-60
1756013541.835945,-8,2,-67
1756013541.871945,-1,-1,-59
1756013541.9099443,-2,2,-46
1756013541.9479446,7,2,-51
1756013541.986945,3,3,-57
1756013542.0249443,2,0,-60
1756013542.0609446,8,4,-62
1756013542.098945,1,2,-58
1756013542.1369443,0,-3,-50
1756013542.1749446,0,-2,-55
1756013542.210945,-1,1,-56
1756013542.2489443,-3,-3,-61
1756013542.2869446,-4,-1,-52
1756013542.325945,-10,5,-60
1756013542.361945,3,2,-46
1756013542.3989446,-2,-2,-41
1756013542.4369447,5,0,-53
1756013542.4729445,5,0,-45
1756013542.509945,-1,2,-48
1756013542.5489447,5,-2,-54
1756013542.5869446,-1,0,-54
1756013542.6229446,-6,4,-45
1756013542.6609447,0,0,-46
1756013542.6989446,0,0,-43
1756013542.736945,-4,-4,-39
1756013542.7729447,1,-3,-51
1756013542.8099446,2,-1,-56
1756013542.8479445,-1,1,-46
1756013542.8869443,-5,5,-62
1756013542.9229443,-3,7,-49
1756013542.960945,-2,-2,-56
1756013542.9989443,-5,-1,-49
1756013543.0369446,0,-1,-61
1756013543.0729446,0,-2,-58
1756013543.1109445,0,-1,-53
1756013543.1479447,0,0,-60
1756013543.1869447,-5,-4,-59
1756013543.2229445,-2,-3,-62
1756013543.2609446,-10,-1,-64
1756013543.2989447,-3,-8,-60
1756013543.3379445,3,-5,-51
1756013543.3759446,2,0,-42
1756013543.4119446,1,2,-59
1756013543.4489446,-2,-4,-49
1756013543.4879446,4,-1,-43
1756013543.5259447,3,4,-42
1756013543.5619447,6,4,-39
1756013543.5999446,-1,0,-52
1756013543.6379447,2,-6,-53
1756013543.6759446,-3,-3,-53
1756013543.7119446,0,3,-50
1756013543.7499447,2,0,-52
1756013543.7879446,2,-4,-49
1756013543.825945,-1,0,-53
1756013543.8629446,4,0,-52
1756013543.8999443,-1,8,-44
1756013543.937945,-3,5,-55
1756013543.9769447,-5,0,-57
1756013544.0129447,-4,-4,-71
1756013544.0509446,2,-5,-60
1756013544.088945,-4,2,-62
1756013544.1279447,-1,-4,-59
1756013544.1639447,-5,-5,-53
1756013544.2019446,1,-5,-43
1756013544.2409446,0,-10,-56
1756013544.2779446,-2,1,-56
1756013544.3169446,1,2,-58
1756013544.3529446,-7,2,-54
1756013544.3899446,-6,-3,-52
1756013544.427945,-4,1,-58
1756013544.4669447,-3,-7,-45
1756013544.5029447,1,-2,-52
1756013544.5409446,2,-3,-60
1756013544.5799446,-7,0,-63
1756013544.6179447,2,-3,-60
1756013544.6539447,3,1,-48
1756013544.690945,-1,2,-55
1756013544.7299447,0,-4,-50
1756013544.7679446,0,0,-51
1756013544.8039446,9,-2,-49
1756013544.8419447,8,5,-52
1756013544.8799446,-1,2,-64
1756013544.917945,-4,-2,-52
1756013544.9539447,2,-4,-48
1756013544.9909446,5,-3,-51
1756013545.0289447,0,-3,-55
1756013545.0679443,0,-1,-54
1756013545.1039443,-4,3,-47
1756013545.1419446,1,0,-44
1756013545.1789446,0,-4,-38
1756013545.2179446,3,0,-52
1756013545.2539446,1,4,-49
1756013545.2919445,9,-6,-59
1756013545.3299446,-5,0,-58
1756013545.3689446,-1,1,-64
1756013545.4069445,0,0,-45
1756013545.4429443,-8,3,-50
1756013545.4799447,4,0,-55
1756013545.5189445,5,-6,-54
1756013545.5569446,5,-5,-50
1756013545.5929446,6,-7,-50
1756013545.6299446,0,-3,-63
1756013545.6689446,1,-4,-51
1756013545.7049446,1,1,-52
1756013545.7559447,3,2,-54
1756013545.7919445,-3,1,-41
1756013545.8309443,0,0,-47
1756013545.8689446,3,-1,-49
1756013545.904945,-11,-1,-51
1756013545.9429443,-1,-7,-61
1756013545.9809446,0,4,-55
1756013546.0189445,4,-1,-56
1756013546.0549445,1,-2,-50
1756013546.0919447,1,0,-48
1756013546.1289446,2,-3,-46
1756013546.167945,-3,0,-36
1756013546.2039447,0,-2,-42
1756013546.2419446,11,1,-35
1756013546.2789447,3,0,-49
1756013546.3179443,-2,-5,-41
1756013546.3539443,2,1,-52
1756013546.3909447,-5,2,-51
1756013546.4299445,0,0,-59
1756013546.4679446,0,-7,-50
1756013546.5039446,4,-6,-52
1756013546.5409446,-2,0,-49
1756013546.5799446,-3,-2,-60
1756013546.6179447,5,-5,-57
1756013546.6539447,0,-2,-52
1756013546.690945,0,0,-50
1756013546.7289443,1,-4,-53
1756013546.7649446,0,-1,-53
1756013546.8019447,-3,-2,-46
1756013546.8399446,-8,3,-49
1756013546.8789446,-7,2,-58
1756013546.9149446,-1,-3,-53
1756013546.9529445,1,-3,-54
1756013546.9909446,-5,-7,-47
1756013547.029945,-8,4,-52
1756013547.0679443,2,7,-51
1756013547.1039443,5,0,-49
1756013547.1409447,8,7,-51
1756013547.1789446,1,1,-49
1756013547.2149446,4,0,-50
1756013547.2519443,5,-1,-36
1756013547.2899446,4,-1,-43
1756013547.3289447,-5,0,-44
1756013547.3649447,1,2,-41
1756013547.4019446,7,-5,-45
1756013547.4399445,3,2,-45
1756013547.4759445,4,-3,-47
1756013547.5129447,4,1,-59
1756013547.5509446,0,4,-54
1756013547.588945,-2,-9,-51
1756013547.6249447,-2,-5,-49
1756013547.6639447,-1,0,-45
1756013547.700945,0,-3,-62
1756013547.7399447,0,0,-66
1756013547.7759447,0,2,-56
1756013547.812945,-2,-8,-57
1756013547.8509445,-7,-8,-47
1756013547.8899446,-10,-4,-52
1756013547.9259446,-7,2,-54
1756013547.9629445,2,3,-49
1756013548.0009446,-2,2,-48
1756013548.0399446,3,-7,-55
1756013548.075945,4,-9,-45
1756013548.1129446,3,-9,-49
1756013548.1509447,0,-11,-63
1756013548.1899445,-7,-2,-58
1756013548.2259445,0,-7,-50
1756013548.2629447,-5,3,-51
1756013548.3019447,-1,1,-39
1756013548.3399446,-1,0,-49
1756013548.3759446,-4,0,-46
1756013548.4139447,-4,3,-54
1756013548.4529445,-3,-4,-52
1756013548.4909446,1,-5,-66
1756013548.5289447,-2,-6,-59
1756013548.5649445,1,1,-58
1756013548.6019447,4,2,-46
1756013548.6409447,-3,1,-49
1756013548.6789446,-9,-1,-57
1756013548.7149446,-5,-3,-54
1756013548.7529447,6,-4,-45
1756013548.7909446,0,-5,-56
1756013548.8299446,1,2,-58
1756013548.8659446,4,-2,-46
1756013548.9029446,13,-2,-52
1756013548.940945,4,0,-51
1756013548.9799447,-3,-2,-59
1756013549.0159447,0,1,-54
1756013549.052945,4,-10,-61
1756013549.0909443,-6,0,-59
1756013549.1299446,6,-3,-51
1756013549.1659446,7,7,-57
1756013549.2029445,6,0,-59
1756013549.2409446,2,-1,-47
1756013549.279945,-1,-7,-47
1756013549.315945,-5,-7,-43
1756013549.3539443,-4,-10,-61
1756013549.3919446,-2,1,-64
1756013549.4309447,0,1,-53
1756013549.4669447,-1,-5,-48
1756013549.5049446,1,0,-49
1756013549.542945,-2,0,-56
1756013549.5819447,0,-4,-55
1756013549.6199446,3,-2,-59
1756013549.6559446,-3,3,-60
1756013549.6929443,-2,0,-49
1756013549.7319446,2,0,-45
1756013549.769945,5,-5,-58
1756013549.8059447,2,1,-62
1756013549.8429446,-1,-1,-46
1756013549.881945,-1,1,-46
1756013549.9199443,-6,0,-54
1756013549.9559443,-6,-2,-37
1756013549.9949446,-9,-2,-42
1756013550.0319445,-4,-1,-47
1756013550.0709443,-3,-2,-36
1756013550.1069446,-5,-2,-47
1756013550.144945,0,-3,-54
1756013550.1839447,-2,3,-48
1756013550.2219446,0,-3,-56
1756013550.259945,-3,0,-60
1756013550.2959447,-2,3,-54
1756013550.3339446,-1,-2,-60
1756013550.371945,5,-2,-57
1756013550.4099443,5,-2,-45
1756013550.4459443,-7,-2,-54
1756013550.483945,-3,3,-41
1756013550.5219443,8,0,-65
1756013550.5609446,0,2,-64
1756013550.5969446,0,-6,-56
1756013550.6339445,-3,-4,-43
1756013550.6719446,-6,0,-58
1756013550.710945,-10,4,-45
1756013550.746945,3,0,-52
1756013550.7839446,0,0,-57
1756013550.8219447,0,-2,-63
1756013550.858945,0,2,-58
1756013550.8959446,2,-3,-50
1756013550.9339447,0,-6,-51
1756013550.9719446,-2,-11,-53
1756013551.0109446,-3,-7,-58
1756013551.0469446,-8,-1,-51
1756013551.0849447,5,2,-47
1756013551.1229446,4,3,-50
1756013551.1619446,6,-1,-39
1756013551.1979446,8,-7,-44
1756013551.2349446,5,-3,-48
1756013551.2729447,8,0,-50
1756013551.3119447,3,-4,-57
1756013551.3479445,4,-2,-49
1756013551.384945,0,-2,-64
1756013551.4229443,6,-3,-51
1756013551.4619446,1,-3,-62
1756013551.4979446,1,-2,-56
1756013551.5349443,-2,-1,-58
1756013551.5729446,-5,-1,-53
1756013551.611945,-6,0,-45
1756013551.6479447,-4,-8,-47
1756013551.6859446,-5,-4,-40
1756013551.723945,-4,-10,-47
1756013551.7629447,-2,0,-50
1756013551.8009446,-1,0,-42
1756013551.8369446,-3,-2,-41
1756013551.8759446,-7,-5,-43
1756013551.9129446,-1,7,-66
1756013551.9519446,-2,8,-49
1756013551.9879446,0,3,-51
1756013552.0259447,9,7,-63
1756013552.062945,0,12,-59
1756013552.1009445,-4,3,-46
1756013552.1369443,-4,-1,-43
1756013552.1749446,-1,2,-52
1756013552.2129445,-4,-6,-55
1756013552.2519443,-2,-2,-48
1756013552.2879446,0,-2,-44
1756013552.3249447,6,0,-42
1756013552.3629446,5,-1,-44
1756013552.4019446,1,0,-52
1756013552.437945,0,2,-59
1756013552.4749446,4,5,-44
1756013552.5129447,11,-3,-58
1756013552.5489447,13,2,-59
1756013552.585945,5,-1,-51
1756013552.6239443,-1,-5,-55
1756013552.6629446,0,-8,-55
1756013552.6989446,3,-7,-52
1756013552.7359445,13,0,-50
1756013552.7729447,6,1,-56
1756013552.8089447,0,-2,-49
1756013552.8469446,2,0,-52
1756013552.8839445,4,-6,-50
1756013552.9229443,4,-7,-49
1756013552.9589446,0,5,-53
1756013552.996945,1,-4,-46
1756013553.0339446,1,-8,-51
1756013553.0729446,1,-1,-56
1756013553.108945,2,5,-43
1756013553.1469443,3,1,-49
1756013553.1839447,0,-8,-54
1756013553.2229445,1,1,-60
1756013553.2589445,-2,1,-64
1756013553.2959447,-3,0,-61
1756013553.3339446,-4,-2,-54
1756013553.3729446,1,-5,-54
1756013553.4089446,3,-4,-52
1756013553.4469447,8,0,-49
1756013553.483945,-1,-1,-53
1756013553.5229447,-6,-7,-71
1756013553.5589447,-8,-1,-54
1756013553.5969446,-2,-1,-55
1756013553.634945,-5,3,-54
1756013553.6739447,-4,-2,-53
1756013553.7119446,-4,-2,-58
1756013553.7479446,-5,-1,-49
1756013553.7859447,0,-2,-46
1756013553.8239446,-9,6,-55
1756013553.8629446,-5,4,-59
1756013553.8989446,4,7,-53
1756013553.9359446,7,2,-42
1756013553.973945,-3,1,-48
1756013554.0119443,1,0,-54
1756013554.0479443,14,-2,-46
1756013554.0849447,9,-6,-46
1756013554.1239443,5,1,-56
1756013554.1599443,4,0,-56
1756013554.1969447,3,3,-60
1756013554.2349446,0,1,-60
1756013554.2729447,0,-2,-53
1756013554.3089447,7,2,-44
1756013554.3459446,5,-4,-55
1756013554.3839445,-4,-6,-61
1756013554.4229443,3,0,-44
1756013554.4589446,2,-3,-45
1756013554.4959445,-4,5,-53
1756013554.5339446,-3,2,-56
1756013554.5729446,-10,1,-65
1756013554.608945,-1,-1,-60
1756013554.6479447,2,-2,-60
1756013554.6849446,1,-4,-56
1756013554.723945,-4,-1,-62
1756013554.759945,5,4,-49
1756013554.7969446,-3,0,-50
1756013554.8349447,-4,0,-57
1756013554.8739443,-6,4,-60
1756013554.9099443,0,3,-48
1756013554.9469447,-3,8,-52
1756013554.9849446,-7,-1,-51
1756013555.0239446,-1,1,-54
1756013555.0599446,3,-3,-49
1756013555.0969446,3,4,-50
1756013555.134945,0,8,-55
1756013555.1729443,-3,-3,-61
1756013555.2089446,-3,3,-54
1756013555.2479446,0,0,-55
1756013555.2849443,4,0,-58
1756013555.3239446,-3,-3,-64
1756013555.3599446,1,-2,-62
1756013555.3969443,0,0,-49
1756013555.4349446,0,0,-51
1756013555.4729445,-4,6,-51
1756013555.5089445,-2,3,-48
1756013555.5469446,2,0,-57
1756013555.5849447,-1,-4,-53
1756013555.6229446,-1,-1,-55
1756013555.6589446,6,-3,-57
1756013555.6959443,3,-3,-46
1756013555.7349446,-4,0,-43
1756013555.7789447,12,0,-46
1756013555.8169446,6,0,-43
1756013555.8549447,4,4,-37
1756013555.8909447,0,1,-43
1756013555.9289446,3,4,-50
1756013555.9659443,2,-2,-51
1756013556.0049446,3,1,-41
1756013556.0409446,4,-3,-46
1756013556.0779445,6,-6,-51
1756013556.1159446,6,-2,-42
1756013556.154945,-1,-2,-58
1756013556.190945,8,-1,-55
1756013556.2289443,5,-1,-48
1756013556.2659447,0,-6,-40
1756013556.3049445,-1,-5,-52
1756013556.3409443,0,-2,-49
1756013556.3789446,7,-7,-43
1756013556.4159446,0,-4,-49
1756013556.4549446,3,-3,-55
1756013556.4909446,-1,-2,-44
1756013556.5289447,-3,-2,-47
1756013556.5669446,0,-5,-46
1756013556.6059446,-5,-6,-51
1756013556.6439445,-6,-5,-48
1756013556.6799445,-4,-2,-48
1756013556.7179446,-5,0,-57
1756013556.7559447,-2,-2,-61
1756013556.7949443,-5,-4,-51
1756013556.8309443,7,2,-50
1756013556.8689446,0,1,-47
1756013556.9069445,0,-4,-56
1756013556.9459443,3,-2,-53
1756013556.983945,1,0,-50
1756013557.019945,-4,-3,-60
1756013557.0579443,-2,-1,-51
1756013557.0959446,-1,5,-57
1756013557.134945,-2,1,-70
1756013557.1709447,0,4,-60
1756013557.2089446,0,1,-46
1756013557.2459445,8,-7,-44
1756013557.2849443,1,-4,-48
1756013557.3209443,0,0,-61
1756013557.358945,-1,-2,-61
1756013557.3969443,3,0,-51
1756013557.4359446,0,-4,-48
1756013557.4719446,-6,0,-49
1756013557.5089445,-4,-1,-46
1756013557.5469446,3,-2,-56
1756013557.585945,0,0,-57
1756013557.621945,-3,0,-52
1756013557.6599443,-2,-3,-46
1756013557.6979446,4,4,-46
1756013557.7359445,5,-3,-53
1756013557.7719443,0,-1,-61
1756013557.8089447,6,1,-61
1756013557.8469446,0,2,-62
1756013557.884945,-3,1,-57
1756013557.9209447,-1,4,-60
1756013557.9589446,-1,-5,-51
1756013557.996945,-3,0,-53
1756013558.0359447,0,1,-37
1756013558.0719447,3,2,-49
1756013558.108945,4,-1,-52
1756013558.1469443,0,3,-59
1756013558.1849446,-10,0,-48
1756013558.2209446,-3,4,-55
1756013558.2579446,-2,-2,-67
1756013558.2969446,-8,-2,-46
1756013558.3349447,0,-3,-45
1756013558.3709445,-4,-3,-46
1756013558.4089446,-3,1,-47
1756013558.4469447,-8,3,-54
1756013558.4859445,-3,0,-45
1756013558.5219443,-1,1,-52
1756013558.5599446,0,-2,-48
1756013558.5979445,3,-3,-48
1756013558.6369443,1,-3,-58
1756013558.6749446,4,2,-55
1756013558.710945,0,-2,-49
1756013558.7489443,-5,0,-46
1756013558.7869446,1,1,-44
1756013558.825945,-6,-1,-44
1756013558.861945,0,-3,-35
1756013558.8989446,-5,-2,-51
1756013558.9369447,2,0,-57
1756013558.9759445,3,-3,-55
1756013559.0119443,0,-3,-52
1756013559.0489447,-3,-2,-57
1756013559.0869446,-5,0,-51
1756013559.1259446,-2,-2,-55
1756013559.1619446,0,0,-48
1756013559.1989446,-8,2,-60
1756013559.236945,4,6,-57
1756013559.2759447,0,-2,-44
1756013559.3119447,4,-1,-47
1756013559.3499446,-1,4,-51
1756013559.3879447,0,2,-58
1756013559.4259446,-6,-2,-56
1756013559.4629445,-6,-1,-57
1756013559.4999447,-5,-7,-63
1756013559.5379446,-5,-5,-64
1756013559.5769446,-8,-1,-53
1756013559.6129446,0,0,-63
1756013559.6499443,3,-3,-41
1756013559.687945,0,-3,-40
1756013559.7269447,-1,-3,-50
1756013559.7629447,-2,5,-51
1756013559.7999446,0,8,-49
1756013559.8379445,-4,3,-39
1756013559.8759446,-2,3,-52
1756013559.9119446,-2,6,-59
1756013559.9499447,-6,2,-54
1756013559.9879446,2,-2,-49
1756013560.0269446,4,-1,-48
1756013560.062945,2,0,-44
1756013560.0999446,-1,0,-51
1756013560.1379447,1,-2,-60
1756013560.1769447,1,-2,-51
1756013560.2129445,0,4,-42
1756013560.2499447,-4,-2,-46
1756013560.2879446,-2,3,-41
1756013560.3269446,3,-3,-42
1756013560.3629446,-10,1,-55
1756013560.3999443,-9,-5,-41
1756013560.437945,-4,1,-55
1756013560.4769447,0,4,-48
1756013560.5129447,-7,4,-53
1756013560.5499446,-3,0,-49
1756013560.5879445,0,1,-53
1756013560.6269443,-2,5,-49
1756013560.6629446,-6,2,-50
1756013560.6999447,-4,4,-62
1756013560.7389443,-2,-3,-54
1756013560.7769446,-1,-3,-53
1756013560.812945,-4,0,-60
1756013560.8509445,-5,0,-60
1756013560.8889446,-2,4,-49
1756013560.927945,2,1,-43
1756013560.963945,-3,1,-49
1756013561.0019443,-10,1,-59
1756013561.0389447,-4,6,-64
1756013561.0779445,1,-1,-56
1756013561.1149447,1,0,-49
1756013561.1519446,-9,-5,-55
1756013561.1899445,-1,-1,-49
1756013561.2279446,-3,1,-45
1756013561.2669446,-5,1,-44
1756013561.302945,-3,4,-52
1756013561.3409443,-1,0,-51
1756013561.3789446,3,3,-52
1756013561.4169445,1,-1,-68
1756013561.4529445,-5,-1,-58
1756013561.4909446,-7,4,-49
1756013561.5289447,-2,0,-55
1756013561.5679443,2,0,-59
1756013561.6039443,4,1,-62
1756013561.6409447,2,0,-60
1756013561.6789446,4,4,-55
1756013561.7169447,4,1,-48
1756013561.7529447,0,-10,-56
1756013561.7909446,-1,-3,-48
1756013561.8289447,-9,-4,-53
1756013561.8669446,4,0,-50
1756013561.9029446,6,3,-53
1756013561.9399445,-2,0,-52
1756013561.9789443,-7,-5,-41
1756013562.0169446,0,-1,-42
1756013562.052945,0,0,-51
1756013562.0909443,1,-5,-46
1756013562.1289446,3,0,-41
1756013562.1669445,-2,1,-40
1756013562.2029445,0,-7,-43
1756013562.2399447,1,-4,-46
1756013562.2789447,0,-5,-50
1756013562.3149445,1,-5,-45
1756013562.3529446,4,-11,-49
1756013562.3899446,-6,0,-44
1756013562.4289446,-3,-2,-50
1756013562.4649446,-6,-1,-54
1756013562.5029447,-6,4,-53
1756013562.5409446,4,4,-63
1756013562.5789447,0,2,-59
1756013562.6159446,-3,6,-52
1756013562.6529446,3,4,-64
1756013562.6899445,-3,4,-56
1756013562.7289443,0,1,-51
1756013562.7649446,0,-6,-56
1756013562.802945,-2,-3,-58
1756013562.8399446,1,-3,-56
1756013562.8789446,-1,-4,-51
1756013562.9149446,2,2,-50
1756013562.9529445,-9,-5,-48
1756013562.9899447,-7,1,-57
1756013563.0289447,-6,4,-54
1756013563.0649445,-3,5,-57
1756013563.1019447,1,2,-59
1756013563.1399446,6,5,-58
1756013563.177945,-6,-1,-60
1756013563.213945,-6,0,-59
1756013563.2519443,-7,-4,-60
1756013563.2899446,-8,5,-55
1756013563.3289447,-9,0,-41
1756013563.3649447,-6,-1,-54
1756013563.4029446,-11,1,-56
1756013563.4419446,-7,-1,-56
1756013563.4799447,7,2,-62
1756013563.5179446,0,-5,-63
1756013563.5539446,-8,0,-56
1756013563.5919447,-2,3,-58
1756013563.6299446,4,-2,-57
1756013563.667945,-4,-2,-52
1756013563.7039447,-9,4,-61
1756013563.7419446,-6,-3,-56
1756013563.779945,0,-7,-50
1756013563.8179443,1,0,-51
1756013563.8539443,-3,-1,-54
1756013563.8919446,0,0,-61
1756013563.9299445,-3,-1,-45
1756013563.9679446,-2,-2,-42
1756013564.0039446,-6,0,-46
1756013564.0409446,-2,0,-48
1756013564.0799446,-8,-9,-66
1756013564.1159446,-5,-1,-56
1756013564.1539447,3,1,-65
1756013564.190945,0,1,-58
1756013564.2289443,-1,-2,-55
1756013564.2649446,1,-5,-47
1756013564.3019447,1,-3,-41
1756013564.3399446,-7,1,-44
1756013564.3789446,-4,-1,-44
1756013564.4149446,-3,-3,-59
1756013564.4529445,-2,-1,-55
1756013564.4909446,-1,-2,-43
1756013564.529945,0,0,-46
1756013564.565945,-5,1,-48
1756013564.6039443,-5,-1,-57
1756013564.6429446,0,5,-49
1756013564.6809447,0,3,-55
1756013564.7189443,-2,-8,-58
1756013564.7549446,-3,-3,-48
1756013564.792945,0,4,-54
1756013564.8309443,-1,4,-57
1756013564.8689446,-6,3,-54
1756013564.904945,-2,7,-48
1756013564.9429443,3,0,-49
1756013564.9809446,3,-2,-52
1756013565.0189445,-2,-2,-47
1756013565.0549445,-7,3,-40
1756013565.0919447,0,7,-52
1756013565.1309447,3,-1,-40
1756013565.1689446,-4,0,-56
1756013565.2049446,-6,2,-44
1756013565.2429447,-4,-1,-55
1756013565.2809446,-6,1,-58
1756013565.3189447,2,1,-48
1756013565.3549447,-6,0,-51
1756013565.3929446,-3,-4,-58
1756013565.4309447,-1,-2,-53
1756013565.4699447,4,-4,-54
1756013565.5059447,4,-2,-50
1756013565.542945,0,5,-46
1756013565.5809443,0,3,-44
1756013565.6189446,2,-5,-46
1756013565.654945,3,0,-53
1756013565.6929443,-4,-1,-43
1756013565.7309446,3,1,-64
1756013565.7669446,-2,6,-59
1756013565.8179443,4,-3,-59
1756013565.8539443,3,-2,-48
1756013565.8919446,0,0,-60
1756013565.9299445,4,3,-48
1756013565.9659443,3,-2,-59
1756013566.0049446,0,-4,-47
1756013566.0419445,0,-5,-40
1756013566.0809443,0,-4,-54
1756013566.1169446,0,0,-56
1756013566.154945,0,-5,-52
1756013566.1919446,-2,3,-50
1756013566.2309446,-1,-8,-51
1756013566.2669446,0,-5,-51
1756013566.3039446,0,-5,-59
1756013566.3419447,0,-5,-59
1756013566.3809447,6,-3,-58
1756013566.4169445,-1,0,-48
1756013566.4549446,-1,0,-45
1756013566.4939446,0,2,-56
1756013566.5319445,4,-5,-54
1756013566.5699446,0,2,-59
1756013566.6059446,0,0,-56
1756013566.6429446,-5,2,-55
1756013566.6819446,-7,3,-60
1756013566.7199447,-1,-3,-55
1756013566.7559447,0,-5,-56
1756013566.792945,4,-3,-55
1756013566.8319447,-1,2,-68
1756013566.8699446,0,1,-54
1756013566.9059446,-2,-1,-38
1756013566.9439447,0,3,-41
1756013566.9819446,3,8,-48
1756013567.019945,2,1,-50
1756013567.0559447,0,6,-46
1756013567.0929446,0,8,-51
1756013567.131945,-7,2,-54
1756013567.1699443,-4,1,-44
1756013567.2059443,-3,-3,-51
1756013567.2439446,-3,4,-56
1756013567.2819445,-1,-4,-46
1756013567.3209443,-1,0,-55
1756013567.3569446,-3,-4,-50
1756013567.394945,0,1,-46
1756013567.4339447,-4,0,-47
1756013567.4719446,-5,0,-42
1756013567.5079446,-1,1,-53
1756013567.5449443,-2,0,-61
1756013567.5829446,3,0,-44
1756013567.621945,3,0,-47
1756013567.657945,-2,5,-44
1756013567.6949446,2,3,-57
1756013567.7319446,1,-4,-64
1756013567.7709446,-3,-7,-66
1756013567.8069446,5,1,-60
1756013567.8439443,-2,0,-47
1756013567.881945,0,-1,-48
1756013567.9209447,7,2,-53
1756013567.9569447,2,2,-50
1756013567.9949446,4,-3,-50
1756013568.032945,-3,1,-52
1756013568.0709443,4,0,-53
1756013568.1069446,1,3,-56
1756013568.144945,5,3,-54
1756013568.1829443,-1,-5,-54
1756013568.2209446,-3,-1,-57
1756013568.256945,-6,0,-56
1756013568.2949443,-3,-5,-54
1756013568.3329446,2,0,-57
1756013568.3709445,-2,-4,-59
1756013568.4069445,3,2,-60
1756013568.4449446,7,-2,-64
1756013568.4829447,0,0,-67
1756013568.5209446,0,1,-55
1756013568.5569446,3,1,-65
1756013568.5939443,-4,0,-58
1756013568.6329446,-9,0,-54
1756013568.6709447,0,0,-45
1756013568.7069447,3,1,-51
1756013568.7449446,6,-2,-50
1756013568.782945,-2,-3,-55
1756013568.8209443,-2,-6,-63
1756013568.8569446,-2,-7,-48
1756013568.894945,5,-10,-45
1756013568.9329443,2,-1,-45
1756013568.9719446,-4,2,-42
1756013569.0079446,-7,-2,-43
1756013569.0459447,-1,-2,-46
1756013569.0839446,-7,2,-44
1756013569.1229446,-6,2,-49
1756013569.1589446,0,-4,-53
1756013569.1959443,-3,-4,-46
1756013569.233945,9,-3,-51
1756013569.2729447,4,0,-62
1756013569.3089447,0,-2,-45
1756013569.3459446,0,-5,-55
1756013569.3839445,2,5,-61
1756013569.4229443,4,-7,-53
1756013569.4589446,0,0,-54
1756013569.4959445,-3,1,-37
1756013569.5339446,4,3,-37
1756013569.5729446,-4,-1,-43
1756013569.608945,-2,2,-48
1756013569.6459446,-6,0,-62
1756013569.6839447,-2,0,-58
1756013569.7229445,-1,-1,-62
1756013569.7589445,-2,0,-53
1756013569.7959447,-3,0,-57
1756013569.8339446,-2,-6,-59
1756013569.8729446,-1,-1,-54
1756013569.9089446,-1,-4,-53
1756013569.9469447,-6,-1,-54
1756013569.9859445,-5,0,-56
1756013570.0239446,0,1,-54
1756013570.0619447,1,0,-44
1756013570.0979445,2,0,-55
1756013570.134945,11,0,-49
1756013570.1739447,4,0,-51
1756013570.2119446,1,5,-48
1756013570.2479446,3,-2,-53
1756013570.2859447,8,4,-59
1756013570.3239446,3,4,-53
1756013570.361945,1,0,-55
1756013570.3979447,7,0,-57
1756013570.4349446,2,-4,-45
1756013570.473945,3,5,-39
1756013570.5119443,1,-3,-36
1756013570.5479443,-3,0,-48
1756013570.585945,-6,-6,-47
1756013570.6239443,-6,-6,-46
1756013570.6629446,4,0,-55
1756013570.6989446,-3,4,-55
1756013570.7359445,-5,0,-48
1756013570.7739446,-4,-2,-59
1756013570.812945,-3,-4,-47
1756013570.848945,-3,-6,-42
1756013570.8879447,0,-1,-51
1756013570.9249446,-5,-1,-55
1756013570.963945,2,2,-58
1756013570.9999447,1,-5,-57
1756013571.0379446,0,-1,-64
1756013571.0749447,-4,2,-50
1756013571.1139443,0,-3,-50
1756013571.1499443,1,-4,-49
1756013571.187945,-5,0,-50
1756013571.2259445,6,-3,-43
1756013571.2639446,2,0,-49
1756013571.2999446,1,-2,-47
1756013571.3379445,-1,0,-50
1756013571.3749447,1,0,-56
1756013571.4129446,0,-8,-66
1756013571.4489446,-8,-4,-55
1756013571.486945,-2,4,-43
1756013571.5249443,-2,0,-43
1756013571.5639446,2,0,-43
1756013571.5999446,1,2,-57
1756013571.6379447,-5,2,-48
1756013571.6749446,1,-2,-48
1756013571.713945,-1,1,-50
1756013571.7499447,2,0,-46
1756013571.7869446,3,-2,-46
1756013571.8249447,-1,-4,-52
1756013571.8639443,0,2,-53
1756013571.8999443,0,-2,-53
1756013571.9369447,3,-5,-56
1756013571.9749446,5,-1,-53
1756013572.0139446,-4,0,-42
1756013572.0499446,0,-4,-54
1756013572.0869446,-2,-3,-49
1756013572.1249447,1,-3,-51
1756013572.1639447,0,-5,-55
1756013572.1999447,-3,-7,-60
1756013572.2379446,-3,-1,-57
1756013572.2759447,0,-1,-47
1756013572.3149445,1,-1,-50
1756013572.3509445,2,6,-50
1756013572.3889446,4,5,-48
1756013572.4259446,-4,-3,-48
1756013572.4649446,0,-3,-52
1756013572.5009446,3,0,-53
1756013572.5389447,10,-4,-61
1756013572.575945,4,-3,-52
1756013572.6149447,7,-9,-48
1756013572.6509447,3,-3,-48
1756013572.687945,5,-1,-57
1756013572.7259445,10,-6,-49
1756013572.7649446,6,3,-41
1756013572.8009446,5,-5,-51
1756013572.8379445,14,-3,-53
1756013572.8759446,2,-1,-46
1756013572.9149446,0,-2,-52
1756013572.950945,11,0,-57
1756013572.9879446,0,-8,-55
1756013573.0259447,0,-3,-53
1756013573.0649445,4,1,-51
1756013573.1009445,0,-4,-42
1756013573.1379447,3,1,-51
1756013573.1759446,5,-1,-57
1756013573.2149446,2,-4,-63
1756013573.2509446,0,-8,-61
1756013573.2889447,1,-1,-54
1756013573.3269446,-1,-5,-40
1756013573.3659446,-5,5,-38
1756013573.4039447,-7,0,-45
1756013573.4399445,-1,-7,-54
1756013573.4779446,5,-10,-55
1756013573.5159447,9,2,-67
1756013573.5539446,9,0,-48
1756013573.5899446,1,1,-46
1756013573.6269443,-5,1,-50
1756013573.6659446,-4,-2,-46
1756013573.7039447,1,0,-48
1756013573.7399447,-3,0,-52
1756013573.7779446,-4,-4,-56
1756013573.815945,0,4,-48
1756013573.8549447,-1,0,-47
1756013573.8909447,0,4,-56
1756013573.927945,0,0,-45
1756013573.9659443,1,-3,-46
1756013574.0019443,1,3,-46
1756013574.0399446,1,-1,-63
1756013574.0769446,-1,-3,-54
1756013574.1159446,1,3,-57
1756013574.1519446,4,9,-48
1756013574.1899445,-1,3,-44
1756013574.2269447,-4,1,-52
1756013574.2659447,0,0,-59
1756013574.3019447,-2,0,-50
1756013574.3399446,-2,-2,-57
1756013574.3769443,-5,-3,-58
1756013574.4159446,-4,0,-56
1756013574.4519446,-2,0,-40
1756013574.4889443,0,-7,-42
1756013574.5269446,-2,-3,-54
1756013574.565945,-3,-9,-56
1756013574.6019447,-2,-8,-59
1756013574.6399446,3,-11,-63
1756013574.677945,-3,0,-49
1756013574.7169447,-1,-3,-50
1756013574.7549446,2,0,-60
1756013574.7909446,-5,0,-55
1756013574.8279445,-9,2,-45
1756013574.8669446,-2,1,-60
1756013574.904945,2,-3,-54
1756013574.940945,-3,1,-48
1756013574.9779446,3,1,-50
1756013575.0159447,-2,2,-51
1756013575.0519447,0,3,-55
1756013575.088945,-3,-3,-59
1756013575.1269443,0,0,-51
1756013575.1649446,4,2,-50
1756013575.200945,0,-1,-55
1756013575.2389443,3,-2,-61
1756013575.2769446,1,-3,-50
1756013575.315945,3,3,-55
1756013575.3519447,-2,0,-61
1756013575.3899446,-3,0,-54
1756013575.4269447,0,0,-59
1756013575.4659443,0,0,-54
1756013575.5019443,1,-2,-49
1756013575.5389447,5,6,-47
1756013575.5769446,0,0,-59
1756013575.6149447,3,0,-53
1756013575.6509447,5,0,-54
1756013575.6889446,4,-4,-57
1756013575.7269447,3,-7,-57
1756013575.7659447,-2,-3,-53
1756013575.8019447,0,-4,-57
1756013575.8479445,6,0,-41
1756013575.8859446,0,0,-50
1756013575.9229443,-2,-6,-53
1756013575.960945,-14,-2,-59
1756013575.9979446,-5,0,-50
1756013576.0369446,1,2,-54
1756013576.0729446,-1,3,-46
1756013576.1099446,0,-6,-55
1756013576.1479447,0,-4,-54
1756013576.1869447,5,0,-47
1756013576.2229445,6,-5,-44
1756013576.2609446,0,-2,-42
1756013576.2979443,-2,-4,-41
1756013576.3369446,3,-2,-39
1756013576.3729446,-2,1,-39
1756013576.4109447,0,-3,-49
1756013576.4499447,-4,-7,-52
1756013576.4879446,0,0,-52
1756013576.5259447,-7,-6,-47
1756013576.5619447,-1,2,-37
1756013576.5999446,-2,-2,-45
1756013576.6379447,-2,-5,-49
1756013576.6759446,-5,2,-53
1756013576.7119446,-3,5,-50
1756013576.7499447,0,3,-61
1756013576.7879446,-7,-4,-63
1756013576.825945,-2,-3,-63
1756013576.861945,-1,0,-56
1756013576.8999443,6,0,-57
1756013576.937945,2,2,-45
1756013576.9759445,1,-5,-46
1756013577.0119443,6,-3,-44
1756013577.0489447,-4,3,-60
1756013577.0879445,-7,-3,-57
1756013577.1259446,-2,-3,-58
1756013577.1619446,0,0,-49
1756013577.1989446,1,-2,-37
1756013577.2379446,1,0,-49
1756013577.2759447,-1,-6,-47
1756013577.3119447,-2,0,-55
1756013577.348945,-3,-2,-59
1756013577.3879447,2,3,-57
1756013577.4249446,-5,0,-62
1756013577.4619446,-3,-1,-46
1756013577.4999447,1,-5,-54
1756013577.5379446,0,-10,-56
1756013577.5769446,0,-1,-41
1756013577.6129446,3,-4,-52
1756013577.6499443,2,0,-40
1756013577.687945,3,5,-39
1756013577.7249446,8,1,-41
1756013577.7619443,0,-1,-51
1756013577.7999446,-5,-3,-53
1756013577.8379445,-3,-1,-58
1756013577.8769443,-7,4,-51
1756013577.9129446,-3,-2,-55
1756013577.950945,0,-3,-49
1756013577.9889443,1,0,-57
1756013578.0269446,1,-6,-54
1756013578.062945,2,-1,-53
1756013578.1009445,6,-3,-51
1756013578.1389446,0,-2,-43
1756013578.1769447,6,-2,-54
1756013578.2129445,-2,2,-63
1756013578.2509446,-9,-3,-42
1756013578.2889447,-1,5,-48
1756013578.3269446,2,0,-44
1756013578.3629446,0,5,-50
1756013578.4009447,-7,-5,-53
1756013578.4389446,-6,-8,-44
1756013578.4769447,-5,-2,-55
1756013578.5129447,-2,-2,-46
1756013578.5509446,-4,2,-52
1756013578.588945,-2,-6,-43
1756013578.6279447,0,0,-43
1756013578.6639447,4,0,-47
1756013578.700945,-1,-6,-50
1756013578.7389443,-5,0,-63
1756013578.7779446,-7,-5,-53
1756013578.8139446,-2,0,-50
1756013578.8509445,-3,-1,-54
1756013578.8889446,-4,0,-41
1756013578.927945,-8,0,-51
1756013578.963945,-7,-4,-53
1756013579.0019443,-5,-4,-59
1756013579.0399446,-2,4,-63
1756013579.0789447,-3,-4,-51
1756013579.1149447,2,-6,-48
1756013579.1529446,-5,-4,-48
1756013579.190945,4,-3,-48
1756013579.2289443,2,-6,-51
1756013579.2679446,-3,0,-41
1756013579.3039446,-4,-3,-46
1756013579.3419447,-2,4,-51
1756013579.3799446,-9,0,-45
1756013579.4189446,-1,1,-40
1756013579.4549446,1,-5,-50
1756013579.4929447,-2,-7,-43
1756013579.529945,5,-5,-43
1756013579.5689447,-3,0,-49
1756013579.6049447,-1,4,-55
1756013579.6429446,2,14,-58
1756013579.6799445,-1,0,-43
1756013579.7189443,2,-1,-47
1756013579.7549446,1,-4,-48
1756013579.792945,0,-1,-41
1756013579.8299446,7,-7,-35
1756013579.8689446,2,4,-43
1756013579.904945,2,0,-53
1756013579.9419446,-11,0,-52
1756013579.9799447,-4,4,-51
1756013580.0189445,-14,4,-49
1756013580.0549445,-7,3,-56
1756013580.0919447,-6,5,-56
1756013580.1299446,-1,8,-46
1756013580.1689446,1,3,-58
1756013580.2049446,3,0,-64
1756013580.2419446,0,1,-59
1756013580.279945,0,-6,-55
1756013580.3179443,1,-2,-50
1756013580.3539443,3,-4,-53
1756013580.3919446,10,-5,-51
1756013580.4299445,5,-1,-43
1756013580.4689443,-4,0,-53
1756013580.5049446,6,-1,-60
1756013580.542945,0,1,-56
1756013580.5799446,5,6,-57
1756013580.6179447,1,3,-47
1756013580.6539447,3,-1,-48
1756013580.6919446,0,0,-46
1756013580.7299447,2,1,-53
1756013580.7659447,2,9,-43
1756013580.802945,-1,5,-56
1756013580.8409443,-1,3,-45
1756013580.8799446,1,9,-42
1756013580.9159446,1,6,-55
1756013580.9529445,1,0,-51
1756013580.9909446,-1,-6,-58
1756013581.029945,0,-4,-56
1756013581.065945,0,-1,-59
1756013581.1029446,-4,0,-54
1756013581.1409447,-1,-3,-60
1756013581.1799445,-4,3,-60
1756013581.2159443,-1,-2,-63
1756013581.2549446,-4,0,-50
1756013581.2919445,5,1,-49
1756013581.3299446,-2,4,-48
1756013581.3659446,1,-1,-43
1756013581.4029446,0,0,-50
1756013581.440945,-3,-2,-48
1756013581.4789443,-6,1,-60
1756013581.5149446,-6,-2,-63
1756013581.552945,-1,0,-64
1756013581.5909443,0,2,-61
1756013581.6289446,0,-2,-53
1756013581.6649446,-9,-2,-51
1756013581.7029445,-5,4,-47
1756013581.7409446,0,2,-54
1756013581.779945,0,-5,-41
1756013581.815945,-4,3,-44
1756013581.8529446,0,4,-41
1756013581.8909447,2,6,-55
1756013581.9289446,0,6,-47
1756013581.9649446,5,0,-50
1756013582.0019443,0,5,-52
1756013582.0409446,-5,0,-46
1756013582.0789447,-4,2,-60
1756013582.1149447,-1,3,-61
1756013582.1519446,-1,3,-44
1756013582.190945,-2,0,-52
1756013582.2289443,-5,8,-61
1756013582.2649446,7,2,-59
1756013582.302945,0,-1,-54
1756013582.3409443,0,3,-55
1756013582.3769443,0,3,-52
1756013582.4139447,2,-2,-54
1756013582.4519446,1,-12,-41
1756013582.4909446,0,-2,-52
1756013582.5269446,-2,5,-57
1756013582.5649445,-2,4,-62
1756013582.6029446,-6,4,-58
1756013582.6409447,-8,-1,-58
1756013582.6799445,3,3,-54
1756013582.7159443,-5,0,-60
1756013582.7529447,1,6,-59
1756013582.7909446,-3,-2,-47
1756013582.8299446,-2,1,-62
1756013582.8659446,2,3,-65
1756013582.9029446,-5,3,-66
1756013582.940945,3,-3,-58
1756013582.9799447,2,-1,-53
1756013583.0159447,-1,-5,-47
1756013583.0539446,-10,0,-47
1756013583.0919447,-6,4,-46
1756013583.1309447,2,-2,-51
1756013583.1669445,0,0,-54
1756013583.2039447,4,0,-60
1756013583.2419446,-1,1,-53
1756013583.2809446,6,0,-58
1756013583.3169446,0,-3,-54
1756013583.3539443,-1,-4,-56
1756013583.3919446,-3,-6,-46
1756013583.4309447,-4,1,-47
1756013583.4669447,-6,0,-63
1756013583.5039446,0,0,-40
1756013583.5419445,-3,-2,-49
1756013583.5809443,0,9,-48
1756013583.6169446,1,5,-52
1756013583.6539447,-3,-6,-54
1756013583.6919446,-2,0,-70
1756013583.7309446,1,-3,-65
1756013583.7669446,0,1,-63
1756013583.8039446,3,3,-45
1756013583.8419447,-2,3,-58
1756013583.8809447,4,0,-54
1756013583.9169445,0,-1,-51
1756013583.9539447,0,-4,-48
1756013583.9919446,4,-2,-44
1756013584.0309446,-4,-1,-43
1756013584.0669446,-5,-4,-54
1756013584.1049447,2,-2,-61
1756013584.1439445,1,3,-62
1756013584.1819446,2,0,-56
1756013584.2179446,2,0,-51
1756013584.2559447,-4,1,-60
1756013584.2939446,-2,1,-59
1756013584.3319447,-5,-1,-51
1756013584.3709445,0,1,-56
1756013584.4069445,-2,2,-54
1756013584.4439447,-5,2,-47
1756013584.4819446,-3,-2,-47
1756013584.5209446,0,-1,-48
1756013584.5569446,-1,0,-54
1756013584.5949447,4,-1,-60
1756013584.631945,1,0,-52
1756013584.6709447,-2,2,-51
1756013584.7069447,-3,4,-39
1756013584.7439446,-4,-2,-47
1756013584.782945,0,5,-51
1756013584.8209443,-4,1,-45
1756013584.8569446,-10,-6,-54
1756013584.894945,-1,-4,-36
1756013584.9329443,-3,-6,-48
1756013584.9719446,5,-4,-52
1756013585.0079446,-2,-2,-57
1756013585.0459447,4,0,-57
1756013585.0839446,1,1,-48
1756013585.121945,5,-4,-48
1756013585.157945,1,3,-55
1756013585.1959443,0,3,-52
1756013585.2329447,1,1,-44
1756013585.2709446,-5,4,-54
1756013585.3069446,0,-2,-60
1756013585.3439443,2,2,-54
1756013585.381945,1,0,-41
1756013585.417945,0,0,-54
1756013585.4549446,-6,0,-43
1756013585.4929447,-9,0,-48
1756013585.5319445,-3,-3,-46
1756013585.5679443,-5,-4,-43
1756013585.6059446,-1,5,-47
1756013585.6439445,0,4,-53
1756013585.6819446,-3,0,-56
1756013585.7179446,0,5,-57
1756013585.7549446,-5,0,-45
1756013585.792945,-8,-1,-57
1756013585.8319447,-1,3,-61
1756013585.8759446,1,-1,-54
1756013585.9149446,-2,-1,-52
1756013585.9529445,-2,0,-47
1756013585.9889443,-2,3,-47
1756013586.0259447,-3,-1,-59
1756013586.0639446,-2,-1,-52
1756013586.1029446,-4,-4,-39
1756013586.1389446,0,3,-48
1756013586.1759446,-1,0,-61
1756013586.213945,-4,-6,-55
1756013586.2529447,0,-2,-57
1756013586.2889447,1,-3,-58
1756013586.3269446,-4,2,-55
1756013586.3649447,-3,-1,-53
1756013586.4039447,-5,-4,-45
1756013586.4419446,-1,0,-49
1756013586.4779446,0,2,-41
1756013586.5149446,2,0,-63
1756013586.5539446,2,-3,-59
1756013586.5919447,1,-1,-51
1756013586.6279447,1,0,-60
1756013586.6649446,0,0,-59
1756013586.7029445,0,0,-54
1756013586.7389443,-4,2,-62
1756013586.7759447,-6,-5,-59
1756013586.8139446,-5,3,-66
1756013586.8529446,0,2,-53
1756013586.8919446,1,0,-36
1756013586.927945,-4,9,-40
1756013586.9659443,0,4,-49
1756013587.0039446,3,4,-48
1756013587.0419445,2,0,-55
1756013587.0779445,-5,1,-61
1756013587.1149447,-1,1,-45
1756013587.1539447,-8,3,-44
1756013587.1919446,0,-4,-56
1756013587.2279446,10,-2,-49
1756013587.2649446,1,-4,-52
1756013587.3039446,0,-10,-57
1756013587.3399446,-3,-1,-51
1756013587.3779447,-6,-6,-35
1756013587.4169445,1,0,-39
1756013587.4539447,5,8,-53
1756013587.4929447,-6,7,-43
1756013587.5289447,-9,3,-60
1756013587.565945,1,-2,-51
1756013587.6039443,-2,-4,-48
1756013587.6429446,-7,-5,-54
1756013587.6789446,-2,-2,-55
1756013587.7169447,-5,-6,-47
1756013587.7559447,-3,-1,-50
1756013587.7939446,4,1,-50
1756013587.8299446,-8,-2,-46
1756013587.8679447,-2,0,-56
1756013587.9059446,4,5,-56
1756013587.9439447,5,-1,-45
1756013587.9799447,6,-4,-48
1756013588.0179446,1,0,-42
1756013588.0559447,3,-2,-53
1756013588.0939443,1,-8,-52
1756013588.1299446,-1,2,-47
1756013588.1669445,-3,-1,-50
1756013588.2059443,-7,0,-43
1756013588.2439446,-2,5,-55
1756013588.279945,1,3,-52
1756013588.3169446,4,2,-46
1756013588.3549447,7,1,-55
1756013588.3929446,0,3,-50
1756013588.4289446,-3,1,-53
1756013588.4659443,0,5,-51
1756013588.5039446,0,-2,-45
1756013588.5399446,2,0,-49
1756013588.5769446,2,3,-59
1756013588.6149447,-3,2,-54
1756013588.6529446,5,1,-61
1756013588.6889446,7,2,-58
1756013588.7259445,8,3,-47
1756013588.7649446,1,-6,-50
1756013588.802945,-3,-7,-56
1756013588.838945,2,-8,-51
1756013588.8759446,6,-5,-59
1756013588.9149446,5,-3,-58
1756013588.950945,3,4,-51
1756013588.9879446,1,4,-62
1756013589.0249443,0,-1,-48
1756013589.0639446,-5,2,-61
1756013589.0999446,-5,1,-58
1756013589.1369443,-1,0,-47
1756013589.1749446,-3,-3,-48
1756013589.213945,-9,-8,-47
1756013589.2499447,-2,2,-31
1756013589.2869446,4,0,-55
1756013589.3249447,3,-4,-47
1756013589.3639443,-6,1,-51
1756013589.3999443,-3,4,-39
1756013589.4369447,-1,4,-45
1756013589.4749446,0,0,-56
1756013589.5139446,-6,-6,-50
1756013589.5499446,1,-7,-52
1756013589.5869446,6,-6,-49
1756013589.6259446,7,-1,-49
1756013589.6639447,2,-1,-49
1756013589.6999447,3,-1,-55
1756013589.736945,3,4,-49
1756013589.7759447,5,5,-49
1756013589.8139446,0,1,-49
1756013589.8499446,3,0,-40
1756013589.8869443,6,1,-42
1756013589.9249446,5,6,-57
1756013589.960945,7,2,-45
1756013589.9979446,3,0,-46
1756013590.0359447,3,-2,-54
1756013590.0739446,8,3,-42
1756013590.1099446,1,-8,-41
1756013590.1479447,7,-8,-48
1756013590.1859446,0,-5,-45
1756013590.2249446,-1,-2,-40
1756013590.2609446,-1,-2,-51
1756013590.2989447,1,2,-48
1756013590.335945,-9,-3,-58
1756013590.3749447,-8,-3,-55
1756013590.4109447,2,-1,-48
1756013590.4479446,6,-2,-29
1756013590.4859445,2,-2,-47
1756013590.5249443,0,-2,-39
1756013590.5609446,1,4,-45
1756013590.5979445,10,2,-48
1756013590.6359446,0,0,-43
1756013590.6719446,-3,4,-38
1756013590.7089446,1,4,-48
1756013590.746945,-1,1,-42
1756013590.7859447,0,-6,-48
1756013590.8219447,6,-1,-59
1756013590.8609445,6,-10,-44
1756013590.8979447,5,-4,-38
1756013590.9359446,1,1,-41
1756013590.9719446,-4,-5,-42
1756013591.0109446,0,-1,-55
1756013591.0479443,-7,-3,-48
1756013591.085945,-3,2,-51
1756013591.1249447,3,6,-62
1756013591.1609447,5,10,-56
1756013591.1979446,5,-1,-47
1756013591.2359445,-1,0,-52
1756013591.2749443,-4,-1,-54
1756013591.3109446,4,0,-51
1756013591.348945,3,0,-51
1756013591.3869443,0,-2,-56
1756013591.4249446,-3,1,-63
1756013591.460945,1,1,-59
1756013591.4989443,-2,4,-54
1756013591.5369446,0,0,-66
1756013591.5749447,0,0,-50
1756013591.6109445,6,-1,-54
1756013591.6489446,-2,-1,-50
1756013591.6869447,2,3,-51
1756013591.7249446,-1,4,-48
1756013591.7609446,1,2,-50
1756013591.7989447,1,-8,-47
1756013591.8369446,-4,-6,-40
1756013591.8749447,-8,-2,-48
1756013591.9109447,-2,-10,-60
1756013591.9489446,0,0,-62
1756013591.986945,-6,0,-58
1756013592.0249443,-3,1,-64
1756013592.0609446,-5,-4,-55
1756013592.098945,5,-12,-77
1756013592.1369443,-2,-8,-58
1756013592.1759446,-5,4,-45
1756013592.2119446,1,4,-43
1756013592.2489443,0,0,-55
1756013592.2869446,-5,-1,-48
1756013592.325945,0,0,-46
1756013592.361945,-1,1,-48
1756013592.3989446,0,3,-51
1756013592.4369447,-1,9,-45
1756013592.4729445,0,4,-47
1756013592.509945,1,3,-49
1756013592.5479443,0,0,-51
1756013592.585945,6,-4,-51
1756013592.621945,4,0,-53
1756013592.6599443,0,1,-50
1756013592.6989446,6,-3,-49
1756013592.736945,3,0,-57
1756013592.7729447,1,-3,-47
1756013592.8109446,2,-7,-53
1756013592.848945,3,-6,-49
1756013592.8869443,5,-3,-48
1756013592.9259446,6,0,-45
1756013592.9619446,10,0,-49
1756013592.9989443,4,1,-54
1756013593.0369446,3,-1,-55
1756013593.0729446,-5,-4,-60
1756013593.111945,4,1,-63
1756013593.1489446,0,-1,-47
1756013593.187945,-1,5,-48
1756013593.2259445,-2,1,-47
1756013593.2619443,-8,0,-44
1756013593.2989447,4,1,-53
1756013593.3379445,-2,-4,-55
1756013593.3759446,0,1,-48
1756013593.4119446,-2,-3,-58
1756013593.4499447,0,-1,-50
1756013593.4879446,-3,-6,-47
1756013593.5269446,2,0,-51
1756013593.562945,3,-3,-52
1756013593.5999446,5,-7,-58
1756013593.6379447,0,-3,-56
1756013593.6769447,7,0,-54
1756013593.7129445,6,-1,-68
1756013593.7499447,-1,-2,-55
1756013593.7879446,1,-5,-55
1756013593.8269446,3,-2,-51
1756013593.8629446,-1,-1,-59
1756013593.9009447,-4,-4,-52
1756013593.9389446,1,2,-57
1756013593.9779446,2,-1,-65
1756013594.0139446,-2,-4,-63
1756013594.0519447,1,-2,-61
1756013594.0899446,-3,0,-61
1756013594.1289446,-2,1,-51
1756013594.1669445,-6,0,-59
1756013594.2029445,-3,2,-56
1756013594.2399447,7,-2,-53
1756013594.2789447,5,3,-52
1756013594.3169446,1,4,-49
1756013594.3529446,4,1,-45
1756013594.3899446,2,0,-50
1756013594.427945,3,-5,-41
1756013594.4669447,1,-2,-41
1756013594.5029447,-1,4,-45
1756013594.5399446,1,1,-47
1756013594.5779445,0,0,-44
1756013594.6139443,8,-2,-56
1756013594.6519446,9,0,-47
1756013594.6889446,-1,0,-51
1756013594.7279446,1,0,-57
1756013594.7639446,-3,-7,-50
1756013594.8019447,-7,-2,-50
1756013594.8399446,2,1,-58
1756013594.8789446,-1,-1,-57
1756013594.9169445,-7,-11,-56
1756013594.9529445,-3,-10,-56
1756013594.9919446,2,-3,-41
1756013595.0289447,-1,-5,-56
1756013595.0679443,3,-8,-55
1756013595.1039443,5,-4,-57
1756013595.1409447,0,1,-54
1756013595.1789446,1,-2,-59
1756013595.2179446,4,-2,-51
1756013595.2539446,4,4,-46
1756013595.2919445,1,4,-52
1756013595.3289447,-5,1,-57
1756013595.3679447,4,-4,-59
1756013595.4039447,-2,-2,-50
1756013595.4419446,-3,0,-45
1756013595.4799447,4,5,-55
1756013595.5179446,0,2,-51
1756013595.5539446,-1,-1,-48
1756013595.5919447,0,3,-54
1756013595.6289446,0,-3,-51
1756013595.667945,0,-8,-47
1756013595.7039447,3,-4,-48
1756013595.7409446,0,0,-54
1756013595.7789447,-4,-6,-59
1756013595.8149445,-2,-1,-63
1756013595.8529446,-5,3,-54
1756013595.8989446,-5,2,-52
1756013595.9359446,3,-1,-51
1756013595.9729445,5,0,-58
1756013596.0109446,4,2,-58
1756013596.0489447,0,5,-50
1756013596.0849447,0,6,-62
1756013596.121945,0,3,-63
1756013596.1589446,-2,0,-49
1756013596.1979446,-2,2,-40
1756013596.233945,-1,-3,-44
1756013596.2719443,-3,-3,-53
1756013596.3099446,-15,0,-46
1756013596.348945,-4,0,-36
1756013596.384945,4,0,-48
1756013596.4219446,2,4,-46
1756013596.4599447,14,3,-47
1756013596.4979446,7,3,-45
1756013596.5339446,2,3,-44
1756013596.5709443,0,-3,-47
1756013596.6099446,2,1,-48
1756013596.6479447,-1,0,-58
1756013596.6839447,0,2,-68
1756013596.7209446,-3,1,-53
1756013596.759945,-7,-1,-44
1756013596.7979443,-2,1,-46
1756013596.8339446,-4,3,-52
1756013596.8709445,-13,-4,-58
1756013596.9099443,-5,0,-66
1756013596.9479446,0,0,-58
1756013596.983945,0,-1,-56
1756013597.0209446,0,0,-54
1756013597.0589447,2,-1,-55
1756013597.0949447,0,-1,-45
1756013597.131945,2,-1,-42
1756013597.1709447,-8,2,-51
1756013597.2089446,-4,0,-53
1756013597.2449446,-5,0,-44
1756013597.2819445,1,0,-48
1756013597.3199446,1,0,-49
1756013597.3559446,1,3,-55
1756013597.3929446,-3,0,-59
1756013597.4309447,-6,0,-66
1756013597.4699447,-6,-7,-50
1756013597.5059447,-4,-6,-46
1756013597.5439446,-6,-1,-47
1756013597.5819447,-14,-7,-49
1756013597.6199446,-7,-4,-46
1756013597.6589446,-9,-3,-50
1756013597.6949446,-8,-4,-51
1756013597.7329447,-7,-4,-51
1756013597.7709446,-1,8,-54
1756013597.8099446,-5,5,-49
1756013597.8459446,-6,3,-52
1756013597.8839445,-4,1,-37
1756013597.9219446,1,3,-41
1756013597.9599447,1,8,-44
1756013597.9959445,3,7,-52
1756013598.0339446,4,4,-47
1756013598.0709443,-2,-1,-59
1756013598.1099446,-3,3,-50
1756013598.1459446,0,2,-56
1756013598.1829443,-1,-4,-56
1756013598.2209446,-6,3,-56
1756013598.259945,0,-4,-49
1756013598.2959447,6,0,-50
1756013598.3329446,0,-2,-53
1756013598.3709445,-4,-4,-56
1756013598.4099443,0,0,-48
1756013598.4459443,3,-2,-58
1756013598.483945,5,-5,-58
1756013598.5209446,2,2,-52
1756013598.5599446,7,-1,-53
1756013598.5959446,5,1,-53
1756013598.6339445,2,2,-48
1756013598.6709447,6,2,-55
1756013598.7099447,1,1,-46
1756013598.7459445,-3,0,-50
1756013598.7839446,4,6,-55
1756013598.8209443,-1,0,-46
1756013598.8599446,-1,-2,-42
1756013598.8959446,1,-1,-53
1756013598.9329443,0,-2,-40
1756013598.9709446,0,1,-40
1756013599.009945,2,-4,-51
1756013599.0459447,-1,-3,-57
1756013599.0839446,6,4,-50
1756013599.121945,2,-1,-54
1756013599.1609447,4,-1,-49
1756013599.1969447,4,1,-52
1756013599.233945,-2,2,-60
1756013599.2719443,1,-5,-48
1756013599.3109446,-3,-2,-47
1756013599.3469446,-4,0,-54
1756013599.3839445,0,0,-35
1756013599.4219446,2,-7,-42
1756013599.460945,-1,-6,-45
1756013599.496945,2,2,-43
1756013599.5339446,-3,3,-51
1756013599.5719447,-6,3,-51
1756013599.6109445,-1,2,-60
1756013599.6469443,-3,1,-58
1756013599.6839447,0,4,-57
1756013599.7219446,7,2,-43
1756013599.759945,2,-1,-53
1756013599.7959447,-5,-1,-41
1756013599.8339446,-8,2,-41
1756013599.871945,9,0,-54
1756013599.9099443,3,1,-51
1756013599.9459443,0,-3,-55
1756013599.9829447,2,0,-52
1756013600.0219443,6,4,-56
1756013600.0599446,0,4,-56
1756013600.0959446,-1,1,-49
1756013600.1339445,3,0,-47
1756013600.1719446,0,3,-50
1756013600.2099447,-1,-2,-64
1756013600.2459445,-2,1,-53
1756013600.282945,0,0,-52
1756013600.3209443,0,-7,-50
1756013600.3569446,-4,-3,-44
1756013600.3959446,3,0,-50
1756013600.4329443,3,0,-51
1756013600.4709446,0,-10,-47
1756013600.506945,-6,-8,-48
1756013600.5459447,0,-7,-48
1756013600.5829446,0,1,-52
1756013600.6209445,-1,-1,-49
1756013600.6569445,-7,1,-40
1756013600.6949446,-3,0,-43
1756013600.7329447,-2,3,-59
1756013600.7719443,-5,-4,-52
1756013600.8079443,-3,-3,-50
1756013600.8459446,-2,-3,-45
1756013600.8839445,4,-3,-64
1756013600.9219446,-6,3,-45
1756013600.960945,-10,4,-49
1756013600.996945,-7,0,-49
1756013601.0339446,0,1,-52
1756013601.0719447,-5,-6,-55
1756013601.1079447,3,-4,-48
1756013601.1459446,0,1,-54
1756013601.1829443,-3,-3,-53
1756013601.2219446,0,2,-49
1756013601.2589445,1,0,-51
1756013601.2959447,-1,-1,-46
1756013601.3339446,1,0,-44
1756013601.371945,-2,-4,-48
1756013601.407945,-7,0,-46
1756013601.4459443,3,1,-49
1756013601.4829447,-1,3,-56
1756013601.5219443,2,0,-47
1756013601.5579443,0,1,-51
1756013601.5959446,-1,7,-63
1756013601.6339445,-1,0,-58
1756013601.6729443,4,-6,-54
1756013601.710945,5,-5,-43
1756013601.746945,4,0,-52
1756013601.7839446,-1,-3,-49
1756013601.8229446,0,0,-58
1756013601.8609445,8,-5,-48
1756013601.8969443,0,-1,-44
1756013601.9349446,0,-3,-43
1756013601.973945,0,2,-51
1756013602.0119443,0,4,-58
1756013602.0479443,0,7,-57
1756013602.085945,-1,7,-53
1756013602.1239443,0,0,-51
1756013602.1619446,0,-10,-44
1756013602.1979446,-2,-12,-50
1756013602.2359445,6,-6,-57
1756013602.2739446,6,0,-49
1756013602.312945,0,-2,-58
1756013602.348945,3,-2,-58
1756013602.3869443,3,0,-46
1756013602.4239447,1,4,-56
1756013602.4629445,4,0,-57
1756013602.4989443,1,1,-59
1756013602.5369446,0,0,-50
1756013602.5749447,-4,0,-44
1756013602.6129446,0,-6,-42
1756013602.6489446,7,-2,-53
1756013602.6869447,4,-1,-59
1756013602.7249446,5,0,-45
1756013602.7629447,3,0,-45
1756013602.7989447,2,-9,-46
1756013602.8369446,3,0,-50
1756013602.8739443,7,2,-59
1756013602.9129446,-1,-1,-74
1756013602.9489446,-2,-4,-54
1756013602.986945,-6,-4,-49
1756013603.0249443,-1,-9,-48
1756013603.0639446,-5,-3,-49
1756013603.1019447,-4,-8,-44
1756013603.1379447,-1,-9,-46
1756013603.1759446,-6,-1,-53
1756013603.213945,-4,0,-49
1756013603.2529447,-2,2,-54
1756013603.2889447,2,3,-51
1756013603.3269446,-4,10,-50
1756013603.3649447,-2,2,-48
1756013603.4039447,-5,-3,-53
1756013603.4419446,-3,1,-53
1756013603.4779446,-3,1,-57
1756013603.5159447,0,2,-42
1756013603.5539446,0,-1,-45
1756013603.5919447,-9,1,-50
1756013603.6279447,-2,1,-37
1756013603.6649446,0,-1,-46
1756013603.7039447,2,-5,-32
1756013603.7419446,-4,-3,-47
1756013603.7779446,5,0,-52
1756013603.8149445,-1,0,-53
1756013603.8539443,0,1,-55
1756013603.8899446,0,-4,-64
1756013603.927945,-4,0,-58
1756013603.9659443,-3,0,-56
1756013604.0039446,2,-3,-51
1756013604.042945,2,1,-62
1756013604.0789447,1,8,-53
1756013604.1159446,-1,0,-39
1756013604.1539447,-1,0,-48
1756013604.1929443,4,8,-47
1756013604.2289443,6,2,-46
1756013604.2659447,15,0,-50
1756013604.3039446,6,0,-52
1756013604.3399446,4,-1,-50
1756013604.3779447,0,-10,-54
1756013604.4159446,0,0,-53
1756013604.4539447,7,-6,-56
1756013604.4899447,-7,-6,-55
1756013604.5279446,-10,4,-56
1756013604.565945,1,5,-49
1756013604.6039443,-4,5,-41
1756013604.6399446,-2,1,-49
1756013604.677945,0,3,-52
1756013604.7149446,2,-6,-54
1756013604.7539446,-3,0,-54
1756013604.7899446,-8,2,-55
1756013604.8279445,-8,2,-48
1756013604.8659446,7,-3,-54
1756013604.904945,-3,-2,-50
1756013604.9429443,9,-6,-59
1756013604.9789443,-1,-5,-53
1756013605.0169446,-1,0,-60
1756013605.0549445,-1,-5,-39
1756013605.0939443,-3,-4,-40
1756013605.1299446,-7,-1,-46
1756013605.167945,2,-2,-48
1756013605.2059443,4,1,-52
1756013605.2439446,-2,-1,-44
1756013605.279945,2,-3,-41
1756013605.3169446,0,-7,-61
1756013605.3549447,-5,-2,-55
1756013605.3939445,-9,-3,-53
1756013605.4299445,0,2,-56
1756013605.4669447,0,2,-55
1756013605.5049446,-1,0,-47
1756013605.5439446,-5,-5,-42
1756013605.5799446,-1,-7,-55
1756013605.6179447,-6,2,-49
1756013605.6559446,4,2,-47
1756013605.6939447,3,-3,-46
1756013605.7299447,0,-5,-43
1756013605.7669446,6,-6,-39
1756013605.8049445,5,-3,-41
1756013605.8439443,5,-2,-55
1756013605.8799446,-1,0,-61
1756013605.9259446,-5,4,-50
1756013605.963945,-8,0,-44
1756013605.9999447,1,0,-42
1756013606.0369446,2,0,-42
1756013606.0749447,1,4,-57
1756013606.1109445,-10,1,-54
1756013606.1479447,-2,2,-52
1756013606.1859446,-9,-1,-50
1756013606.2249446,2,-5,-56
1756013606.2609446,6,-4,-56
1756013606.2979443,3,4,-63
1756013606.335945,6,1,-56
1756013606.3739443,2,0,-61
1756013606.4099443,0,0,-54
1756013606.4469447,-9,0,-49
1756013606.4859445,-1,0,-50
1756013606.5239446,-6,-1,-42
1756013606.5599446,-1,-13,-53
1756013606.5979445,2,-8,-51
1756013606.6359446,6,2,-49
1756013606.6739447,5,2,-59
1756013606.7099447,-2,3,-49
1756013606.7479446,6,-5,-51
1756013606.7859447,5,-8,-55
1756013606.8239446,-2,-11,-50
1756013606.8599446,-6,-4,-48
1756013606.8979447,0,-7,-47
1756013606.9359446,3,-3,-57
1756013606.9749446,2,-1,-51
1756013607.0109446,-9,7,-63
1756013607.0479443,2,0,-53
1756013607.085945,0,-2,-56
1756013607.1239443,0,-5,-63
1756013607.1599443,-7,-6,-56
1756013607.1969447,0,-4,-60
1756013607.2359445,-4,-3,-58
1756013607.2719443,-6,-3,-46
1756013607.3099446,-5,1,-55
1756013607.3479445,-5,-4,-60
1756013607.3859446,2,-8,-55
1756013607.4249446,-4,-4,-49
1756013607.460945,-4,2,-46
1756013607.4979446,-3,3,-60
1756013607.5359447,-6,-3,-64
1756013607.5749447,-3,0,-64
1756013607.6109445,-2,-3,-59
1756013607.6489446,-8,-1,-48
1756013607.6869447,0,-6,-52
1756013607.7259445,-3,0,-59
1756013607.7619443,-2,4,-49
1756013607.7989447,0,1,-41
1756013607.8369446,-4,6,-40
1756013607.8759446,-4,0,-54
1756013607.9119446,0,0,-48
1756013607.9499447,0,0,-50
1756013607.9879446,0,-5,-47
1756013608.0269446,2,-2,-63
1756013608.0649445,4,-2,-54
1756013608.1009445,6,-4,-49
1756013608.1379447,3,-5,-46
1756013608.1769447,0,6,-48
1756013608.2149446,2,4,-47
1756013608.2509446,4,3,-52
1756013608.2879446,1,3,-51
1756013608.325945,-4,4,-54
1756013608.361945,6,-1,-52
1756013608.3989446,-3,-1,-48
1756013608.4369447,-2,-3,-51
1756013608.4759445,-2,-6,-53
1756013608.5119443,-8,0,-56
1756013608.5489447,-9,-4,-46
1756013608.5869446,-6,0,-45
1756013608.6259446,-9,2,-42
1756013608.6619446,-8,-2,-40
1756013608.6999447,-6,-3,-38
1756013608.7379446,-4,0,-46
1756013608.7769446,-1,2,-45
1756013608.8149445,-3,4,-43
1756013608.8509445,-7,2,-49
1756013608.8879447,-7,6,-43
1756013608.9269447,-10,0,-43
1756013608.9629445,-5,7,-44
1756013608.9999447,-3,2,-51
1756013609.0379446,-1,4,-52
1756013609.0769446,-1,2,-51
1756013609.1129446,-6,0,-44
1756013609.1509447,0,-2,-47
1756013609.1889446,-5,-2,-60
1756013609.2269447,6,-4,-49
1756013609.2659447,-4,0,-44
1756013609.3019447,-4,2,-38
1756013609.338945,-5,7,-53
1756013609.3769443,-2,-1,-53
1756013609.4159446,3,7,-52
1756013609.4519446,-3,-2,-52
1756013609.4899447,2,-4,-55
1756013609.5279446,2,-3,-50
1756013609.5669446,-6,-2,-49
1756013609.6029446,-4,0,-59
1756013609.6409447,2,0,-54
1756013609.6789446,-1,-2,-47
1756013609.7179446,-3,1,-55
1756013609.7559447,-7,6,-56
1756013609.7919445,-6,4,-58
1756013609.8289447,-10,0,-58
1756013609.8679447,-2,5,-57
1756013609.9059446,-1,-1,-50
1756013609.9419446,3,4,-45
1756013609.9789443,1,8,-47
1756013610.0179446,0,-2,-54
1756013610.0559447,-1,-12,-44
1756013610.0919447,-4,-9,-48
1756013610.1299446,-1,-3,-52
1756013610.167945,-7,-4,-46
1756013610.2069447,-3,-5,-52
1756013610.2429447,1,-1,-37
1756013610.2809446,2,-4,-46
1756013610.3189447,-4,-1,-58
1756013610.3579447,-5,2,-60
1756013610.3959446,2,-4,-52
1756013610.4319446,2,3,-47
1756013610.4689443,2,0,-42
1756013610.5079446,-1,0,-39
1756013610.5459447,-2,5,-44
1756013610.5829446,-3,2,-53
1756013610.6199446,3,1,-49
1756013610.657945,8,-5,-50
1756013610.6969447,0,4,-46
1756013610.7329447,3,0,-47
1756013610.769945,5,1,-59
1756013610.8079443,0,-6,-55
1756013610.8439443,0,-2,-50
1756013610.881945,-6,-5,-48
1756013610.9199443,-8,-7,-57
1756013610.9589446,-2,-2,-52
1756013610.996945,1,4,-46
1756013611.032945,0,-2,-49
1756013611.0699446,-2,0,-57
1756013611.108945,6,1,-59
1756013611.1469443,1,0,-45
1756013611.1829443,4,-4,-53
1756013611.2199447,2,-11,-52
1756013611.2589445,-4,-3,-53
1756013611.2969446,-6,-2,-58
1756013611.3329446,0,3,-55
1756013611.3699446,-5,0,-54
1756013611.4089446,2,-2,-44
1756013611.4469447,-3,1,-43
1756013611.4829447,1,-1,-48
1756013611.519945,-7,0,-48
1756013611.5589447,0,2,-58
1756013611.5969446,0,3,-56
1756013611.6329446,-2,-5,-57
1756013611.6709447,-3,-5,-61
1756013611.7089446,-1,0,-46
1756013611.7479446,3,0,-43
1756013611.7839446,2,-12,-52
1756013611.8219447,0,-3,-60
1756013611.8609445,1,-4,-63
1756013611.8989446,7,-4,-56
1756013611.9369447,0,-8,-50
1756013611.9729445,2,-1,-54
1756013612.009945,5,-5,-47
1756013612.0489447,0,-3,-55
1756013612.0869446,-1,-2,-65
1756013612.1229446,0,0,-63
1756013612.1609447,3,-2,-64
1756013612.1989446,0,-8,-55
1756013612.2379446,0,-3,-45
1756013612.2739446,4,-6,-47
1756013612.3109446,6,-2,-47
1756013612.348945,-3,0,-43
1756013612.3879447,0,5,-46
1756013612.4239447,0,0,-46
1756013612.4619446,0,0,-56
1756013612.4989443,-1,-3,-51
1756013612.5379446,3,2,-56
1756013612.5739446,0,2,-46
1756013612.6109445,-1,1,-56
1756013612.6489446,-3,-5,-53
1756013612.687945,-4,2,-48
1756013612.723945,-3,7,-57
1756013612.7619443,-6,6,-66
1756013612.7989447,-6,2,-62
1756013612.8379445,-9,2,-48
1756013612.8739443,-3,-4,-41
1756013612.9119446,4,-6,-40
1756013612.9499447,9,-3,-49
1756013612.9889443,0,-3,-52
1756013613.0249443,8,7,-39
1756013613.0619447,2,-3,-51
1756013613.0999446,2,-2,-59
1756013613.1389446,1,-2,-50
1756013613.1749446,5,-4,-54
1756013613.2119446,0,-8,-64
1756013613.2499447,8,-3,-67
1756013613.2889447,2,-10,-54
1756013613.3249447,2,2,-44
1756013613.361945,1,6,-60
1756013613.3999443,-6,1,-62
1756013613.4389446,-3,-6,-61
1756013613.4749446,9,-4,-56
1756013613.5119443,4,4,-44
1756013613.5499446,1,2,-50
1756013613.5879445,-1,0,-45
1756013613.6239443,-8,0,-57
1756013613.6619446,-6,5,-50
1756013613.6999447,1,5,-47
1756013613.7379446,4,-2,-51
1756013613.7739446,0,-4,-53
1756013613.8119447,4,-2,-53
1756013613.8499446,5,0,-58
1756013613.8879447,2,-2,-57
1756013613.9239447,4,1,-62
1756013613.960945,-6,1,-43
1756013613.9999447,-1,-2,-50
1756013614.0359447,-3,-3,-48
1756013614.0739446,7,-8,-43
1756013614.111945,2,0,-50
1756013614.1499443,1,0,-52
1756013614.1859446,6,-3,-62
1756013614.223945,10,-5,-58
1756013614.2619443,0,0,-50
1756013614.2999446,6,-3,-44
1756013614.3369446,3,0,-42
1756013614.3739443,1,3,-50
1756013614.4109447,0,5,-52
1756013614.4489446,-2,3,-51
1756013614.4849446,11,-4,-61
1756013614.5219443,11,-9,-55
1756013614.5599446,5,-1,-50
1756013614.598945,5,-2,-50
1756013614.634945,9,-6,-60
1756013614.6719446,1,1,-47
1756013614.7099447,0,-3,-61
1756013614.7459445,-1,-2,-54
1756013614.7839446,-5,0,-46
1756013614.8219447,-8,0,-49
1756013614.8609445,-5,-3,-43
1756013614.8989446,2,3,-53
1756013614.9349446,2,-2,-44
1756013614.9719446,0,-3,-60
1756013615.0109446,1,3,-49
1756013615.0489447,0,6,-59
1756013615.0849447,-1,1,-43
1756013615.121945,-3,-1,-36
1756013615.1609447,0,-7,-47
1756013615.1989446,7,-3,-48
1756013615.2349446,3,-2,-51
1756013615.2719443,2,-2,-46
1756013615.3109446,4,-2,-38
1756013615.348945,5,-9,-50
1756013615.384945,0,-7,-46
1756013615.4219446,1,-1,-42
1756013615.460945,-3,0,-54
1756013615.4989443,-3,5,-59
1756013615.5349443,0,3,-63
1756013615.5719447,5,5,-51
1756013615.6099446,-5,2,-53
1756013615.6459446,0,-2,-58
1756013615.6849446,2,-5,-52
1756013615.7219446,0,-6,-44
1756013615.7609446,-7,-4,-47
1756013615.7969446,-3,1,-53
1756013615.8339446,-2,-3,-52
1756013615.8729446,0,-3,-64
1756013615.9109447,4,-1,-58
1756013615.9559443,3,0,-54
1756013615.9939446,5,-1,-40
1756013616.0309446,11,1,-44
1756013616.0669446,7,-3,-51
1756013616.1049447,3,1,-54
1756013616.1439445,0,-1,-48
1756013616.1809447,1,-1,-44
1756013616.2199447,-2,5,-51
1756013616.2559447,1,2,-42
1756013616.2939446,0,-5,-49
1756013616.3319447,-6,-3,-49
1756013616.3699446,-1,0,-52
1756013616.4059446,7,0,-51
1756013616.4439447,5,-2,-51
1756013616.4819446,0,0,-66
1756013616.519945,2,4,-65
1756013616.5559447,0,0,-53
1756013616.5939443,-1,-1,-57
1756013616.631945,-1,-3,-51
1756013616.6699443,4,-4,-55
1756013616.7059443,1,-2,-52
1756013616.7439446,0,-1,-48
1756013616.7819445,0,-1,-49
1756013616.8199446,-3,1,-53
1756013616.8559446,0,3,-56
1756013616.8939445,2,6,-56
1756013616.9319446,5,-3,-57
1756013616.9699447,13,-3,-42
1756013617.0059447,2,-1,-49
1756013617.0439446,-2,-5,-46
1756013617.0819447,2,0,-45
1756013617.1199446,-2,-3,-39
1756013617.1559446,-3,-1,-49
1756013617.1939447,0,5,-50
1756013617.2319446,-5,3,-55
1756013617.2679446,-6,6,-44
1756013617.3059447,-5,3,-57
1756013617.3439443,5,3,-51
1756013617.381945,-6,4,-52
1756013617.417945,-3,3,-59
1756013617.4559443,4,2,-45
1756013617.4929447,5,6,-36
1756013617.5309446,4,0,-50
1756013617.5669446,-1,-2,-51
1756013617.6059446,7,-3,-64
1756013617.6429446,-5,-4,-57
1756013617.6819446,-2,0,-62
1756013617.7179446,-1,3,-57
1756013617.7559447,6,2,-58
1756013617.792945,1,-2,-53
1756013617.8319447,-7,-2,-45
1756013617.8679447,-8,3,-61
1756013617.9059446,-8,0,-57
1756013617.9439447,0,0,-60
1756013617.9829447,0,0,-45
1756013618.0209446,-3,-1,-46
1756013618.0569446,0,3,-47
1756013618.0939443,-5,-1,-55
1756013618.1329446,-8,-4,-61
1756013618.1709447,0,-3,-53
1756013618.2069447,5,-1,-55
1756013618.2439446,3,1,-59
1756013618.2819445,3,4,-62
1756013618.3179443,-1,2,-46
1756013618.3559446,-7,0,-55
1756013618.3939445,-1,0,-46
1756013618.4329443,-8,5,-49
1756013618.4709446,-2,6,-54
1756013618.506945,0,5,-54
1756013618.5449443,-2,2,-61
1756013618.5829446,2,0,-48
1756013618.621945,-10,-3,-50
1756013618.657945,-4,-3,-54
1756013618.6959443,-3,1,-60
1756013618.7349446,2,-6,-42
1756013618.7729447,-2,-2,-47
1756013618.8109446,-4,-3,-41
1756013618.8469446,1,-1,-43
1756013618.8839445,5,1,-48
1756013618.9229443,2,0,-46
1756013618.9589446,4,-1,-44
1756013618.996945,0,4,-40
1756013619.0349443,5,5,-50
1756013619.0729446,5,3,-42
1756013619.108945,2,5,-51
1756013619.1459446,0,1,-56
1756013619.1839447,0,1,-67
1756013619.2229445,7,-2,-53
1756013619.2589445,6,0,-54
1756013619.2959447,0,-4,-59
1756013619.3349447,1,1,-44
1756013619.3729446,-10,3,-44
1756013619.4089446,1,-2,-54
1756013619.4469447,-3,-2,-59
1756013619.4849446,0,-2,-55
1756013619.5229447,0,-3,-54
1756013619.5619447,0,-1,-62
1756013619.5979445,3,-2,-54
1756013619.634945,-2,0,-56
1756013619.6739447,-1,0,-49
1756013619.7119446,-3,-1,-46
1756013619.7479446,0,-1,-41
1756013619.7849443,3,0,-61
1756013619.8229446,0,0,-45
1756013619.858945,-7,11,-40
1756013619.8969443,-3,10,-53
1756013619.9349446,-3,6,-51
1756013619.973945,-5,6,-47
1756013620.0119443,4,0,-50
1756013620.0479443,7,-2,-46
1756013620.0849447,3,-2,-57
1756013620.1239443,-1,-6,-43
1756013620.1619446,1,0,-39
1756013620.1979446,-3,3,-44
1756013620.2359445,3,-2,-41
1756013620.2739446,-7,-2,-45
1756013620.312945,3,-2,-51
1756013620.348945,0,1,-49
1756013620.3859446,0,-3,-52
1756013620.4239447,-5,-3,-50
1756013620.4629445,5,3,-45
1756013620.4989443,1,-2,-46
1756013620.5359447,-6,-2,-54
1756013620.5739446,-3,-5,-54
1756013620.6129446,0,-8,-56
1756013620.6489446,0,-4,-41
1756013620.6859446,0,-1,-52
1756013620.723945,1,1,-56
1756013620.7629447,7,5,-51
1756013620.7989447,1,-6,-52
1756013620.835945,1,2,-54
1756013620.8739443,-2,1,-52
1756013620.9129446,-6,-3,-53
1756013620.9489446,-11,1,-50
1756013620.9859445,-6,-3,-54
1756013621.0239446,-1,1,-49
1756013621.062945,0,-2,-41
1756013621.098945,3,2,-43
1756013621.1359446,0,-1,-41
1756013621.1739447,-1,1,-44
1756013621.2129445,0,4,-54
1756013621.2489443,-2,3,-49
1756013621.2859447,-7,-1,-49
1756013621.3249447,0,-5,-63
1756013621.3629446,-4,0,-45
1756013621.3989446,0,-2,-53
1756013621.437945,7,0,-47
1756013621.4749446,2,4,-35
1756013621.5129447,-1,0,-39
1756013621.5489447,-1,-1,-48
1756013621.5869446,-7,-4,-55
1756013621.6249447,-4,1,-59
1756013621.6639447,-6,-5,-53
1756013621.6999447,1,-6,-55
1756013621.7379446,5,-3,-56
1756013621.7759447,0,2,-35
1756013621.8139446,0,3,-57
1756013621.8499446,6,2,-47
1756013621.8869443,1,1,-50
1756013621.9249446,-1,1,-40
1756013621.9629445,1,0,-46
1756013621.9989443,4,1,-44
1756013622.0359447,1,-5,-58
1756013622.0749447,-8,-3,-58
1756013622.1129446,-11,-4,-49
1756013622.1489446,-10,-3,-48
1756013622.1869447,-3,0,-46
1756013622.2249446,-3,0,-48
1756013622.2639446,-2,5,-50
1756013622.2999446,0,8,-60
1756013622.3369446,-10,-1,-68
1756013622.3749447,0,2,-58
1756013622.4109447,-2,-3,-52
1756013622.4489446,2,2,-50
1756013622.4859445,-4,7,-58
1756013622.5249443,-9,5,-53
1756013622.5609446,-1,2,-42
1756013622.5979445,10,7,-44
1756013622.6359446,2,8,-39
1756013622.6749446,-1,1,-42
1756013622.710945,-1,-2,-43
1756013622.7489443,2,3,-48
1756013622.7869446,-1,0,-62
1756013622.8249447,-2,3,-50
1756013622.8639443,-8,1,-43
1756013622.8999443,-1,1,-54
1756013622.9369447,0,-1,-50
1756013622.9759445,-1,-1,-53
1756013623.0139446,-6,1,-41
1756013623.0499446,-7,-2,-45
1756013623.0879445,0,1,-55
1756013623.1259446,0,-1,-55
1756013623.1649446,2,-3,-45
1756013623.200945,0,0,-47
1756013623.2379446,-2,5,-48
1756013623.2759447,-9,-3,-53
1756013623.3149445,-3,-5,-62
1756013623.3509445,1,-1,-53
1756013623.3879447,3,-4,-56
1756013623.4259446,0,0,-40
1756013623.463945,-2,-2,-50
1756013623.4999447,3,0,-54
1756013623.5369446,1,2,-52
1756013623.5749447,6,3,-47
1756013623.6109445,-2,-4,-50
1756013623.6499443,-7,2,-50
1756013623.6869447,-5,1,-45
1756013623.7259445,0,4,-42
1756013623.7639446,0,2,-50
1756013623.7999446,-3,6,-58
1756013623.8369446,7,2,-50
1756013623.8749447,-1,1,-50
1756013623.9109447,0,2,-43
1756013623.9479446,3,-1,-41
1756013623.9859445,8,-5,-41
1756013624.0249443,6,3,-49
1756013624.0609446,1,7,-56
1756013624.0979445,-6,1,-55
1756013624.1359446,-7,3,-41
1756013624.1749446,-4,-3,-46
1756013624.210945,-2,1,-53
1756013624.2479446,9,-1,-48
1756013624.2859447,4,1,-48
1756013624.3249447,4,-1,-48
1756013624.3609445,2,6,-44
1756013624.3979447,0,2,-53
1756013624.4359446,-5,1,-54
1756013624.4719446,-7,5,-49
1756013624.509945,-13,-6,-40
1756013624.5479443,-9,-1,-58
1756013624.585945,-4,-7,-59
1756013624.6249447,-3,-6,-55
1756013624.6609447,7,-3,-53
1756013624.6979446,2,0,-52
1756013624.7359445,1,7,-63
1756013624.7719443,0,1,-55
1756013624.8089447,8,-2,-47
1756013624.8479445,4,7,-47
1756013624.8859446,1,1,-47
1756013624.9219446,2,0,-43
1756013624.9589446,3,0,-42
1756013624.996945,0,-2,-46
1756013625.0349443,0,4,-51
1756013625.0709443,3,6,-43
1756013625.108945,0,0,-48
1756013625.1469443,-5,-4,-45
1756013625.1859446,5,3,-37
1756013625.2219446,0,0,-45
1756013625.2589445,8,1,-54
1756013625.2969446,1,-4,-61
1756013625.3349447,0,7,-50
1756013625.3709445,-6,2,-43
1756013625.4089446,-5,0,-46
1756013625.4469447,-2,4,-67
1756013625.4859445,-1,-9,-46
1756013625.5219443,0,1,-50
1756013625.5589447,5,3,-48
1756013625.5969446,3,3,-42
1756013625.6329446,-3,3,-41
1756013625.6699443,3,0,-54
1756013625.7069447,6,-1,-51
1756013625.7459445,2,-2,-53
1756013625.7819445,0,1,-66
1756013625.8189447,-1,-8,-54
1756013625.8569446,-4,-2,-44
1756013625.8959446,-5,0,-40
1756013625.9319446,-9,-6,-47
1756013625.9779446,-8,3,-56
1756013626.0159447,-5,0,-53
1756013626.0519447,-4,-1,-53
1756013626.0899446,-10,-2,-48
1756013626.1279447,0,-1,-52
1756013626.1669445,-3,-4,-43
1756013626.2029445,-1,-5,-48
1756013626.2409446,12,0,-50
1756013626.2779446,2,0,-54
1756013626.315945,3,-2,-46
1756013626.3519447,-6,0,-43
1756013626.3889446,-1,-5,-35
1756013626.427945,0,-6,-49
1756013626.4659443,0,-3,-50
1756013626.5019443,0,-5,-58
1756013626.5399446,-1,0,-44
1756013626.5779445,1,2,-58
1756013626.6159446,0,-3,-53
1756013626.6519446,3,-6,-55
1756013626.6889446,6,0,-53
1756013626.7279446,2,1,-63
1756013626.7659447,-2,3,-52
1756013626.8019447,2,6,-46
1756013626.838945,-2,3,-60
1756013626.8779447,1,2,-44
1756013626.9159446,1,5,-42
1756013626.9519446,4,0,-53
1756013626.9889443,-1,3,-35
1756013627.0279446,-7,-1,-48
1756013627.065945,-7,6,-49
1756013627.1019447,0,3,-66
1756013627.1389446,-1,0,-54
1756013627.177945,1,0,-61
1756013627.213945,2,4,-50
1756013627.2519443,10,9,-54
1756013627.2899446,2,0,-56
1756013627.3279445,-6,1,-52
1756013627.3639443,-3,-2,-55
1756013627.4019446,-2,0,-57
1756013627.4399445,4,-2,-50
1756013627.4779446,0,0,-46
1756013627.5139446,5,-2,-51
1756013627.5519447,-3,-2,-51
1756013627.5899446,-1,0,-56
1756013627.6279447,0,2,-49
1756013627.6639447,-3,2,-45
1756013627.7019446,1,-1,-57
1756013627.7399447,1,-7,-54
1756013627.7779446,2,0,-53
1756013627.8139446,-6,0,-52
1756013627.8519447,-2,0,-48
1756013627.8899446,4,-3,-59
1756013627.9289446,-4,1,-63
1756013627.9669447,-6,2,-52
1756013628.0029447,0,-1,-46
1756013628.0399446,0,0,-45
1756013628.0779445,1,2,-53
1756013628.1149447,3,-3,-45
1756013628.1519446,-3,-7,-42
1756013628.1899445,0,7,-49
1756013628.2279446,0,0,-52
1756013628.2649446,-1,8,-57
1756013628.3019447,-1,0,-50
1756013628.3399446,3,2,-58
1756013628.3779447,7,5,-60
1756013628.4149446,9,0,-45
1756013628.4519446,3,0,-54
1756013628.4889443,1,5,-54
1756013628.5269446,8,5,-56
1756013628.562945,2,-3,-56
1756013628.6019447,-7,1,-47
1756013628.6389446,-2,3,-50
1756013628.677945,-9,1,-46
1756013628.713945,1,7,-54
1756013628.7509446,0,-5,-46
1756013628.7889447,1,-3,-50
1756013628.8279445,5,-1,-59
1756013628.8639443,1,0,-62
1756013628.9009447,-1,0,-59
1756013628.9389446,-2,-2,-65
1756013628.9779446,-8,0,-58
1756013629.0139446,-2,0,-55
1756013629.0519447,-1,0,-46
1756013629.0899446,-1,1,-57
1756013629.1289446,-9,-3,-46
1756013629.1649446,-3,-2,-42
1756013629.2029445,0,3,-50
1756013629.2419446,6,4,-45
1756013629.2789447,7,4,-43
1756013629.3179443,9,0,-57
1756013629.3539443,3,1,-43
1756013629.3909447,-1,-4,-45
1756013629.4289446,0,-3,-44
1756013629.4679446,-7,-4,-59
1756013629.5039446,4,-2,-52
1756013629.5409446,-1,-3,-65
1756013629.5799446,-3,-1,-59
1756013629.6179447,8,1,-49
1756013629.6539447,10,-6,-43
1756013629.690945,3,0,-50
1756013629.7299447,-5,0,-44
1756013629.7679446,-5,-2,-54
1756013629.8039446,0,0,-50
1756013629.8419447,-5,0,-57
1756013629.8799446,-5,6,-49
1756013629.917945,-5,-2,-46
1756013629.9539447,-1,-6,-48
1756013629.9919446,-2,-3,-49
1756013630.0309446,3,2,-59
1756013630.0689447,5,-2,-56
1756013630.1049447,-6,0,-58
1756013630.1429446,-1,-7,-50
1756013630.1809447,0,-6,-47
1756013630.2199447,4,0,-58
1756013630.2579446,-1,0,-49
1756013630.2939446,0,-1,-66
1756013630.3309443,1,-1,-62
1756013630.3699446,3,-1,-53
1756013630.407945,4,-7,-46
1756013630.4439447,5,-2,-46
1756013630.4809446,4,2,-50
1756013630.5189445,1,1,-51
1756013630.5549445,5,1,-47
1756013630.5919447,1,3,-56
1756013630.6299446,2,0,-56
1756013630.6659446,-1,-1,-52
1756013630.7039447,-5,-7,-59
1756013630.7419446,0,1,-49
1756013630.779945,2,6,-54
1756013630.8189447,4,3,-60
1756013630.8549447,-2,1,-49
1756013630.8919446,7,-6,-52
1756013630.9309447,3,-11,-50
1756013630.9689443,1,4,-44
1756013631.0049446,0,-3,-50
1756013631.0419445,5,-7,-40
1756013631.0799446,3,-1,-56
1756013631.1189446,-2,-11,-43
1756013631.154945,1,-8,-48
1756013631.1919446,3,0,-48
1756013631.2299447,0,-6,-41
1756013631.2659447,5,-4,-43
1756013631.3049445,-1,4,-50
1756013631.3419447,-1,1,-55
1756013631.3809447,0,-5,-46
1756013631.4189446,0,-2,-51
1756013631.4549446,2,3,-53
1756013631.4919446,2,2,-56
1756013631.529945,4,-6,-55
1756013631.565945,4,-2,-50
1756013631.6029446,1,0,-47
1756013631.6409447,0,1,-55
1756013631.6789446,1,-2,-52
1756013631.7149446,-8,-6,-54
1756013631.7529447,-4,-3,-52
1756013631.7919445,9,-6,-56
1756013631.8299446,5,0,-45
1756013631.8659446,11,2,-48
1756013631.9029446,0,-1,-42
1756013631.940945,0,0,-40
1756013631.9799447,-3,1,-56
1756013632.0159447,-5,2,-54
1756013632.052945,-1,-7,-62
1756013632.0909443,4,0,-63
1756013632.1299446,1,0,-61
1756013632.1659446,0,2,-64
1756013632.2029445,-3,-4,-50
1756013632.2409446,-6,-1,-53
1756013632.279945,-5,3,-53
1756013632.315945,0,1,-63
1756013632.3529446,6,1,-58
1756013632.3909447,0,0,-51
1756013632.4299445,0,0,-45
1756013632.4659443,0,-1,-46
1756013632.5029447,-3,1,-45
1756013632.5409446,0,4,-52
1756013632.5799446,0,1,-54
1756013632.6159446,1,-3,-57
1756013632.6529446,1,9,-46
1756013632.690945,2,0,-41
1756013632.7269447,8,-1,-51
1756013632.7639446,6,0,-61
1756013632.8019447,-8,-5,-54
1756013632.8409443,6,1,-48
1756013632.8769443,3,-3,-44
1756013632.9149446,-5,1,-53
1756013632.9529445,0,1,-57
1756013632.9909446,3,-3,-62
1756013633.0269446,5,1,-63
1756013633.0639446,4,2,-48
1756013633.1019447,-4,1,-52
1756013633.1399446,-7,4,-60
1756013633.1759446,-4,1,-49
1756013633.213945,-1,-4,-45
1756013633.2519443,-1,3,-40
1756013633.2899446,0,3,-34
1756013633.325945,-3,5,-46
1756013633.3639443,-1,-2,-52
1756013633.4019446,-8,-2,-52
1756013633.4399445,0,-4,-54
1756013633.4759445,1,-2,-64
1756013633.5139446,1,6,-54
1756013633.5519447,0,0,-51
1756013633.5899446,0,5,-30
1756013633.6259446,0,2,-47
1756013633.6639447,7,0,-57
1756013633.7019446,4,-6,-52
1756013633.7399447,3,-6,-62
1756013633.7759447,3,-10,-55
1756013633.8139446,5,0,-58
1756013633.8519447,2,0,-48
1756013633.8879447,0,2,-51
1756013633.9249446,0,-3,-50
1756013633.963945,-2,-6,-47
1756013634.0019443,-5,-1,-45
1756013634.0379446,9,-6,-42
1756013634.0749447,0,-3,-45
1756013634.1139443,-1,-1,-50
1756013634.1519446,-7,0,-44
1756013634.187945,-3,1,-47
1756013634.2249446,-5,3,-58
1756013634.2639446,1,0,-61
1756013634.3019447,-4,0,-56
1756013634.3379445,-7,-2,-57
1756013634.3759446,2,0,-59
1756013634.4139447,0,1,-50
1756013634.4519446,0,2,-56
1756013634.4879446,-7,-1,-58
1756013634.5259447,-10,-2,-55
1756013634.5639446,-1,-7,-52
1756013634.6029446,2,0,-45
1756013634.6409447,-10,3,-49
1756013634.6769447,-1,0,-55
1756013634.713945,-4,-1,-59
1756013634.7529447,0,-1,-55
1756013634.7909446,3,-1,-47
1756013634.8269446,1,3,-46
1756013634.8639443,-7,-1,-45
1756013634.9029446,-5,-2,-52
1756013634.940945,5,0,-54
1756013634.9769447,6,-2,-54
1756013635.0139446,3,1,-58
1756013635.052945,2,2,-63
1756013635.0909443,1,-3,-62
1756013635.1269443,-1,-2,-51
1756013635.1649446,7,-1,-53
1756013635.2029445,-3,-1,-42
1756013635.2419446,1,1,-39
1756013635.2779446,-1,-4,-47
1756013635.315945,-2,-3,-54
1756013635.3539443,3,-4,-52
1756013635.3929446,-1,-2,-71
1756013635.4309447,1,0,-55
1756013635.4669447,2,0,-34
1756013635.5039446,4,-2,-49
1756013635.542945,2,-1,-58
1756013635.5789447,-2,2,-51
1756013635.6159446,4,0,-52
1756013635.6539447,-2,-1,-44
1756013635.6919446,5,-1,-52
1756013635.7279446,-11,-6,-59
1756013635.7659447,-1,-7,-68
1756013635.8039446,-5,-5,-60
1756013635.8429446,-4,1,-46
1756013635.8789446,1,-1,-43
1756013635.9159446,-1,5,-49
1756013635.9539447,0,7,-44
1756013635.9979446,0,-4,-49
1756013636.0359447,-3,0,-46
1756013636.0749447,4,-3,-50
1756013636.1129446,4,-2,-45
1756013636.1489446,2,-3,-46
1756013636.1869447,4,-6,-48
1756013636.2249446,0,0,-45
1756013636.2639446,-5,3,-60
1756013636.3019447,0,-4,-50
1756013636.3379445,2,-3,-57
1756013636.3759446,4,-8,-49
1756013636.4139447,0,0,-54
1756013636.4529445,2,0,-56
1756013636.4889443,0,2,-50
1756013636.5259447,1,-5,-42
1756013636.5639446,-3,-3,-52
1756013636.6029446,-2,-8,-53
1756013636.6389446,1,-6,-59
1756013636.6759446,2,-5,-58
1756013636.713945,-2,-7,-61
1756013636.7529447,-3,-6,-52
1756013636.7889447,0,-4,-53
1756013636.825945,1,1,-65
1756013636.8639443,0,-6,-40
1756013636.9029446,0,2,-55
1756013636.9389446,-4,5,-50
1756013636.9759445,-1,0,-51
1756013637.0149446,1,0,-46
1756013637.052945,9,0,-49
1756013637.088945,3,7,-50
1756013637.1259446,11,9,-47
1756013637.1639447,3,-5,-60
1756013637.2019446,0,-2,-56
1756013637.2379446,-3,-3,-50
1756013637.2759447,-7,-5,-41
1756013637.3149445,-3,-2,-52
1756013637.3529446,-2,-4,-55
1756013637.3889446,0,-2,-55
1756013637.4259446,-2,2,-46
1756013637.4649446,-1,6,-55
1756013637.5029447,0,0,-58
1756013637.5389447,-7,-5,-52
1756013637.5769446,-1,-4,-44
1756013637.6149447,-3,-4,-39
1756013637.6539447,6,0,-50
1756013637.6899445,1,-1,-51
1756013637.7269447,3,2,-55
1756013637.7649446,0,3,-50
1756013637.802945,-4,0,-53
1756013637.838945,4,-8,-45
1756013637.8759446,0,-8,-55
1756013637.9149446,-5,-1,-54
1756013637.9529445,1,0,-53
1756013637.9889443,-1,-1,-45
1756013638.0269446,3,5,-50
1756013638.0649445,0,-1,-50
1756013638.1029446,-1,-6,-46
1756013638.1389446,6,-11,-47
1756013638.1769447,0,-6,-36
1756013638.2149446,0,0,-43
1756013638.2529447,0,2,-56
1756013638.2889447,3,3,-54
1756013638.325945,5,1,-58
1756013638.3649447,5,0,-45
1756013638.4029446,9,0,-36
1756013638.4389446,2,-7,-46
1756013638.4759445,0,-4,-54
1756013638.5149446,1,2,-58
1756013638.552945,2,-6,-66
1756013638.5899446,3,-3,-59
1756013638.6269443,2,-3,-57
1756013638.6649446,-4,-3,-55
1756013638.7039447,6,-5,-62
1756013638.7399447,3,-1,-65
1756013638.7769446,1,0,-46
1756013638.8149445,-3,-1,-58
1756013638.8509445,4,2,-52
1756013638.8879447,6,2,-42
1756013638.9249446,-5,0,-46
1756013638.963945,2,-1,-51
1756013638.9999447,2,2,-46
1756013639.0369446,0,-5,-56
1756013639.0749447,2,-13,-59
1756013639.1139443,-3,2,-51
1756013639.1499443,-5,4,-55
1756013639.1869447,1,3,-62
1756013639.2249446,-2,0,-51
1756013639.2639446,-2,-3,-54
1756013639.2999446,-8,4,-56
1756013639.3369446,0,0,-53
1756013639.3749447,-2,1,-45
1756013639.4139447,0,-1,-54
1756013639.4499447,-1,-3,-45
1756013639.4879446,4,-6,-50
1756013639.5269446,5,-8,-42
1756013639.5649445,5,-8,-58
1756013639.6009445,-4,-4,-62
1756013639.6399446,-1,5,-53
1756013639.6769447,0,0,-50
1756013639.7149446,0,-7,-65
1756013639.7509446,-3,-5,-54
1756013639.7899446,-3,-1,-59
1756013639.8269446,-5,2,-49
1756013639.8659446,-9,3,-42
1756013639.9039447,-4,1,-51
1756013639.9399445,-6,0,-49
1756013639.9779446,0,-2,-44
1756013640.0159447,-4,-3,-41
1756013640.0549445,2,2,-57
1756013640.0909443,-2,2,-54
1756013640.1279447,-4,7,-62
1756013640.1659446,4,4,-41
1756013640.2039447,-2,3,-50
1756013640.2399447,-6,-5,-43
1756013640.2779446,1,0,-40
1756013640.315945,1,0,-57
1756013640.3539443,7,0,-47
1756013640.3899446,1,1,-54
1756013640.4269447,4,2,-63
1756013640.4649446,0,-5,-52
1756013640.5009446,-2,0,-53
1756013640.5389447,-1,0,-52
1756013640.5769446,-2,3,-59
1756013640.6159446,0,5,-54
1756013640.6519446,-2,2,-46
1756013640.6889446,0,0,-44
1756013640.7269447,0,0,-42
1756013640.7649446,5,0,-40
1756013640.8009446,1,2,-44
1756013640.8379445,4,-5,-44
1756013640.8759446,-4,-5,-42
1756013640.9149446,-3,-2,-53
1756013640.950945,-4,-2,-43
1756013640.9889443,0,2,-55
1756013641.0269446,-5,-1,-58
1756013641.065945,-11,1,-49
1756013641.1019447,1,0,-44
1756013641.1389446,4,-2,-47
1756013641.1769447,4,0,-70
1756013641.2149446,0,0,-66
1756013641.2509446,-6,-3,-61
1756013641.2889447,-1,-2,-59
1756013641.3269446,3,2,-51
1756013641.3659446,1,-1,-58
1756013641.4019446,-2,0,-48
1756013641.4389446,0,4,-50
1756013641.4769447,1,5,-50
1756013641.5149446,-3,4,-53
1756013641.5509446,-2,3,-49
1756013641.588945,-5,-5,-48
1756013641.6269443,-1,-1,-39
1756013641.6659446,-5,-3,-43
1756013641.7019446,-2,-5,-47
1756013641.7399447,-4,0,-55
1756013641.7779446,2,5,-45
1756013641.8169446,7,0,-45
1756013641.8549447,-5,-3,-46
1756013641.8909447,4,-11,-50
1756013641.927945,-4,-2,-46
1756013641.9669447,-1,1,-57
1756013642.0049446,5,3,-57
1756013642.0409446,-1,1,-50
1756013642.0779445,0,9,-50
1756013642.1159446,-2,1,-45
1756013642.1519446,5,2,-43
1756013642.1889446,4,1,-41
1756013642.2279446,5,0,-46
1756013642.2659447,0,-5,-46
1756013642.3019447,-1,0,-47
1756013642.338945,1,0,-63
1756013642.3769443,-2,-6,-59
1756013642.4129446,0,0,-50
1756013642.4499447,5,-8,-56
1756013642.4879446,-5,-2,-59
1756013642.5269446,-2,-4,-47
1756013642.562945,-1,-5,-39
1756013642.6009445,5,1,-54
1756013642.6379447,0,-6,-52
1756013642.6769447,-2,1,-48
1756013642.7129445,-2,1,-48
1756013642.7499447,0,2,-41
1756013642.7869446,0,1,-50
1756013642.8229446,0,0,-53
1756013642.8599446,4,3,-39
1756013642.8979447,1,2,-52
1756013642.9369447,-1,3,-50
1756013642.9729445,-6,3,-52
1756013643.009945,-3,3,-44
1756013643.0479443,0,-3,-33
1756013643.0869446,1,-3,-36
1756013643.1229446,0,4,-44
1756013643.1599443,2,1,-56
1756013643.1979446,-2,-3,-55
1756013643.2359445,9,0,-48
1756013643.2719443,0,2,-53
1756013643.3099446,0,1,-60
1756013643.3479445,6,-3,-55
1756013643.3859446,9,0,-52
1756013643.4219446,4,0,-50
1756013643.4599447,3,2,-50
1756013643.4979446,2,7,-48
1756013643.5359447,4,0,-58
1756013643.5719447,3,6,-45
1756013643.6099446,7,5,-45
1756013643.6479447,3,0,-53
1756013643.6859446,5,2,-51
1756013643.7219446,1,1,-47
1756013643.759945,0,4,-50
1756013643.7979443,-3,3,-50
1756013643.835945,2,0,-53
1756013643.871945,-1,0,-49
1756013643.9089446,-2,0,-57
1756013643.9479446,2,0,-42
1756013643.983945,4,-1,-49
1756013644.0219443,-1,-7,-48
1756013644.0599446,-1,-1,-54
1756013644.0979445,3,0,-53
1756013644.1369443,-2,-6,-57
1756013644.1729443,0,-3,-55
1756013644.2099447,-11,-2,-62
1756013644.2479446,-6,-1,-64
1756013644.2869446,5,2,-53
1756013644.3229446,0,4,-59
1756013644.3599446,-1,-5,-52
1756013644.3979447,4,-6,-61
1756013644.4369447,5,1,-46
1756013644.4729445,4,3,-58
1756013644.5109446,3,0,-48
1756013644.5489447,-8,-3,-49
1756013644.5879445,0,1,-59
1756013644.6239443,-6,6,-70
1756013644.6619446,6,3,-61
1756013644.6989446,7,0,-55
1756013644.736945,6,-2,-55
1756013644.7729447,0,6,-54
1756013644.8109446,-5,2,-61
1756013644.848945,-5,1,-58
1756013644.8879447,-2,0,-54
1756013644.9239447,0,-1,-45
1756013644.9619446,-6,3,-45
1756013644.9989443,-10,1,-45
1756013645.0379446,0,-3,-58
1756013645.0739446,-1,-2,-63
1756013645.111945,2,-1,-56
1756013645.1499443,4,-8,-55
1756013645.1889446,0,-4,-49
1756013645.2269447,5,-2,-52
1756013645.2629447,7,8,-61
1756013645.2999446,4,3,-51
1756013645.338945,1,5,-53
1756013645.3769443,5,-2,-37
1756013645.4129446,0,4,-50
1756013645.450945,0,5,-48
1756013645.4889443,8,-1,-46
1756013645.5269446,13,-3,-46
1756013645.562945,8,-5,-38
1756013645.6009445,5,-5,-40
1756013645.6389446,1,-5,-52
1756013645.677945,3,5,-53
1756013645.713945,4,-1,-62
1756013645.7509446,-4,1,-59
1756013645.7889447,-2,-2,-62
1756013645.8279445,-1,-1,-65
1756013645.8639443,1,0,-55
1756013645.9009447,4,-9,-48
1756013645.9389446,-2,0,-47
1756013645.9789443,-4,0,-46
1756013646.0229447,4,-4,-57
1756013646.0609446,-2,6,-45
1756013646.0999446,-5,5,-31
1756013646.1379447,-8,1,-50
1756013646.1739447,-1,-4,-50
1756013646.2119446,8,-9,-39
1756013646.2499447,2,-3,-42
1756013646.2889447,5,0,-50
1756013646.3249447,4,-1,-45
1756013646.361945,2,8,-44
1756013646.3999443,-11,-4,-42
1756013646.4389446,-6,3,-52
1756013646.4749446,-6,3,-50
1756013646.5129447,-4,3,-50
1756013646.5499446,6,2,-55
1756013646.588945,0,0,-56
1756013646.6249447,3,2,-48
1756013646.6619446,6,1,-60
1756013646.6999447,5,3,-45
1756013646.7389443,9,1,-47
1756013646.7749443,8,1,-56
1756013646.8119447,0,2,-51
1756013646.8499446,5,0,-52
1756013646.8889446,1,0,-55
1756013646.9249446,-4,2,-40
1756013646.9619446,0,-1,-40
1756013646.9999447,6,-4,-46
1756013647.0389447,1,-5,-48
1756013647.0749447,3,-1,-51
1756013647.1129446,2,1,-44
1756013647.1499443,2,1,-56
1756013647.1859446,2,-1,-51
1756013647.2229445,2,0,-52
1756013647.259945,1,7,-47
1756013647.2959447,1,3,-55
1756013647.3339446,-4,3,-60
1756013647.3709445,-4,-1,-51
1756013647.4099443,-5,-6,-48
1756013647.4459443,-2,-7,-43
1756013647.483945,1,-5,-49
1756013647.5219443,-3,4,-69
1756013647.5599446,0,0,-58
1756013647.5959446,-3,2,-52
1756013647.6339445,-3,4,-52
1756013647.6719446,1,3,-59
1756013647.7099447,-8,5,-46
1756013647.7489443,0,1,-36
1756013647.7849443,0,0,-49
1756013647.8219447,1,-3,-57
1756013647.8599446,-3,-7,-43
1756013647.8989446,11,-5,-47
1756013647.9349446,12,-9,-45
1756013647.9729445,0,0,-51
1756013648.0109446,-2,-5,-55
1756013648.0489447,-5,2,-50
1756013648.0849447,-1,4,-51
1756013648.1229446,-3,0,-56
1756013648.1609447,6,6,-50
1756013648.1989446,0,0,-48
1756013648.2359445,0,3,-47
1756013648.2729447,-6,0,-51
1756013648.3109446,-7,0,-52
1756013648.3499446,-10,-2,-46
1756013648.3859446,-2,-9,-47
1756013648.4239447,-3,-6,-51
1756013648.4619446,-8,1,-47
1756013648.5009446,-1,-3,-52
1756013648.5389447,-2,0,-55
1756013648.5749447,-6,0,-53
1756013648.611945,3,4,-47
1756013648.6499443,0,10,-52
1756013648.6859446,-3,7,-69
1756013648.7229445,3,5,-66
1756013648.7609446,0,-1,-58
1756013648.7989447,-3,1,-58
1756013648.8349447,-1,1,-48
1756013648.8729446,3,-4,-52
1756013648.9109447,2,-8,-54
1756013648.9499447,3,-4,-49
1756013648.9859445,-1,2,-45
1756013649.0229447,3,7,-56
1756013649.0609446,6,4,-57
1756013649.0969446,1,5,-58
1756013649.1339445,3,-3,-53
1756013649.1729443,1,-4,-48
1756013649.210945,0,0,-48
1756013649.246945,2,-2,-56
1756013649.2849443,-1,-1,-46
1756013649.3219447,-4,0,-48
1756013649.3609445,0,-2,-56
1756013649.3969443,3,-2,-48
1756013649.4349446,-5,4,-59
1756013649.4719446,-2,0,-49
1756013649.5109446,-6,6,-56
1756013649.5469446,0,5,-53
1756013649.5849447,1,2,-56
1756013649.621945,2,6,-52
1756013649.6599443,3,1,-52
1756013649.6959443,7,-3,-55
1756013649.733945,8,-3,-53
1756013649.7729447,9,-3,-52
1756013649.8109446,7,-4,-53
1756013649.8469446,5,2,-57
1756013649.8839445,-2,0,-53
1756013649.9219446,0,-1,-41
1756013649.960945,6,0,-46
1756013649.996945,3,3,-49
1756013650.0339446,12,-8,-45
1756013650.0719447,5,-9,-47
1756013650.1109445,0,3,-50
1756013650.1469443,-7,5,-52
1756013650.1839447,-10,0,-60
1756013650.2219446,-7,-4,-61
1756013650.2609446,-2,-5,-52
1756013650.2969446,5,-5,-46
1756013650.3339446,-2,-2,-49
1756013650.371945,7,-5,-52
1756013650.4109447,0,-7,-61
1756013650.4469447,0,-3,-67
1756013650.483945,4,3,-52
1756013650.5219443,-3,3,-49
1756013650.5609446,2,0,-52
1756013650.5969446,1,-3,-45
1756013650.6339445,8,0,-52
1756013650.6719446,1,-5,-48
1756013650.710945,6,-1,-58
1756013650.746945,6,1,-59
1756013650.7839446,3,-1,-54
1756013650.8219447,-4,0,-63
1756013650.8609445,5,-6,-50
1756013650.8969443,-1,-6,-54
1756013650.9349446,-4,-4,-56
1756013650.973945,0,-8,-49
1756013651.0119443,2,-4,-49
1756013651.0479443,2,2,-39
1756013651.0849447,1,1,-53
1756013651.121945,-4,0,-42
1756013651.1609447,3,1,-45
1756013651.1969447,-3,10,-53
1756013651.2349446,-4,4,-44
1756013651.2729447,-2,0,-50
1756013651.3119447,2,-1,-48
1756013651.3479445,-1,0,-46
1756013651.3859446,0,4,-57
1756013651.4239447,-3,1,-49
1756013651.4629445,1,5,-51
1756013651.5009446,0,-2,-43
1756013651.5369446,3,5,-42
1756013651.5739446,0,-1,-38
1756013651.6129446,-2,-2,-43
1756013651.6509447,9,0,-41
1756013651.6869447,0,3,-54
1756013651.723945,-1,0,-54
1756013651.7629447,-1,0,-42
1756013651.8009446,0,0,-47
1756013651.8369446,0,1,-52
1756013651.8739443,-1,-4,-42
1756013651.9129446,1,0,-46
1756013651.950945,2,-4,-44
1756013651.986945,5,-7,-45
1756013652.0239446,0,0,-49
1756013652.0619447,-4,-2,-50
1756013652.0979445,-1,-2,-59
1756013652.1359446,2,-5,-50
1756013652.1739447,-7,-2,-48
1756013652.2129445,-2,0,-48
1756013652.2489443,-3,0,-46
1756013652.2859447,1,0,-53
1756013652.3229446,5,5,-60
1756013652.358945,7,-2,-50
1756013652.3969443,0,0,-43
1756013652.4349446,1,-9,-59
1756013652.4729445,8,-3,-65
1756013652.5119443,1,0,-63
1756013652.5479443,0,-1,-50
1756013652.5849447,0,-3,-52
1756013652.6229446,-1,-6,-52
1756013652.6619446,3,0,-51
1756013652.6979446,4,1,-58
1756013652.7349446,3,0,-55
1756013652.7729447,-1,2,-44
1756013652.8119447,-3,0,-40
1756013652.8479445,-2,-1,-44
1756013652.8859446,4,-1,-59
1756013652.9239447,1,0,-53
1756013652.9629445,0,-3,-47
1756013652.9989443,-4,-1,-48
1756013653.0379446,2,-2,-63
1756013653.0749447,-1,0,-45
1756013653.1139443,0,-13,-51
1756013653.1519446,0,-1,-47
1756013653.187945,0,3,-46
1756013653.2249446,1,-2,-48
1756013653.2639446,0,2,-47
1756013653.3019447,1,0,-53
1756013653.3379445,6,0,-56
1756013653.3749447,9,0,-50
1756013653.4129446,7,4,-52
1756013653.4489446,6,4,-60
1756013653.4859445,0,0,-38
1756013653.5239446,-3,0,-36
1756013653.5619447,-4,-6,-52
1756013653.5979445,0,-4,-57
1756013653.634945,2,-5,-58
1756013653.6739447,0,3,-45
1756013653.7119446,0,1,-52
1756013653.7489443,-1,-1,-58
1756013653.7879446,0,3,-59
1756013653.8249447,4,6,-55
1756013653.8639443,-2,4,-61
1756013653.8999443,1,7,-53
1756013653.937945,0,-2,-50
1756013653.9749446,-2,1,-49
1756013654.0139446,-1,0,-53
1756013654.0499446,-4,-1,-54
1756013654.0879445,4,1,-45
1756013654.1249447,-1,-8,-50
1756013654.1639447,-2,-1,-48
1756013654.1999447,4,-4,-41
1756013654.236945,-3,2,-53
1756013654.2749443,1,-5,-50
1756013654.3139446,-3,-8,-48
1756013654.3499446,-7,-4,-64
1756013654.3879447,4,-5,-49
1756013654.4259446,6,0,-45
1756013654.463945,0,-8,-47
1756013654.4999447,-1,-2,-52
1756013654.5379446,0,-2,-52
1756013654.575945,0,-3,-57
1756013654.6149447,0,-5,-51
1756013654.6529446,8,-2,-47
1756013654.6889446,0,0,-50
1756013654.7259445,4,-3,-57
1756013654.7649446,-2,-4,-59
1756013654.802945,-8,-5,-48
1756013654.838945,1,-7,-35
1756013654.8759446,1,1,-40
1756013654.9139447,6,0,-49
1756013654.9499447,5,-2,-50
1756013654.986945,1,-4,-45
1756013655.0259447,-6,1,-43
1756013655.0639446,-1,2,-46
1756013655.0999446,-1,1,-63
1756013655.1369443,5,3,-51
1756013655.1749446,-6,-1,-39
1756013655.2129445,-5,3,-43
1756013655.2489443,-7,-2,-41
1756013655.2869446,0,-8,-33
1756013655.3249447,-4,-4,-45
1756013655.3639443,-5,-3,-45
1756013655.3999443,-2,-7,-41
1756013655.4389446,0,-9,-57
1756013655.4759445,0,-2,-56
1756013655.5149446,0,2,-46
1756013655.5509446,-3,-1,-45
1756013655.588945,-4,-3,-47
1756013655.6269443,0,-4,-64
1756013655.6649446,2,-6,-50
1756013655.7039447,5,-2,-46
1756013655.7399447,3,4,-55
1756013655.7769446,0,4,-50
1756013655.8149445,2,10,-42
1756013655.8509445,0,6,-37
1756013655.8879447,2,3,-40
1756013655.9259446,5,-1,-46
1756013655.9649446,-1,-3,-57
1756013656.0009446,0,-3,-52
1756013656.0469446,4,-1,-54
1756013656.0849447,-7,0,-61
1756013656.1209445,-6,-1,-55
1756013656.1589446,-7,-5,-59
1756013656.1969447,-3,0,-59
1756013656.2359445,3,-5,-47
1756013656.2739446,0,1,-53
1756013656.3099446,1,0,-54
1756013656.3469446,0,-3,-42
1756013656.3859446,-6,-1,-55
1756013656.4239447,-6,-6,-41
1756013656.4599447,-4,-2,-52
1756013656.4979446,3,-6,-45
1756013656.5359447,8,-5,-43
1756013656.5749447,4,0,-41
1756013656.6109445,2,0,-40
1756013656.6479447,-1,-6,-53
1756013656.6859446,2,-9,-51
1756013656.7249446,-1,-3,-62
1756013656.7609446,0,0,-62
1756013656.7979443,0,-2,-49
1756013656.835945,5,-2,-55
1756013656.8749447,-2,-5,-53
1756013656.9109447,0,-2,-45
1756013656.9479446,0,-3,-50
1756013656.9859445,5,-3,-55
1756013657.0249443,0,0,-50
1756013657.0609446,0,1,-37
1756013657.0979445,2,-1,-50
1756013657.1359446,4,2,-50
1756013657.1739447,5,-3,-64
1756013657.2099447,7,-4,-60
1756013657.246945,-1,0,-56
1756013657.2859447,4,-1,-49
1756013657.3219447,2,1,-48
1756013657.3599446,0,0,-56
1756013657.3969443,0,-3,-61
1756013657.4359446,1,-5,-56
1756013657.4719446,-4,0,-47
1756013657.509945,-2,-10,-55
1756013657.5479443,-3,-6,-47
1756013657.585945,1,2,-54
1756013657.621945,0,-4,-48
1756013657.6599443,0,-3,-35
1756013657.6979446,-1,5,-42
1756013657.7359445,3,6,-50
1756013657.7719443,-2,3,-40
1756013657.8099446,-2,1,-41
1756013657.8479445,-6,2,-54
1756013657.8869443,-2,4,-48
1756013657.9249446,0,0,-51
1756013657.960945,0,-5,-41
1756013657.9979446,-4,0,-39
1756013658.0369446,4,-3,-51
1756013658.0749447,-2,-2,-54
1756013658.1109445,0,-2,-61
1756013658.1479447,-6,2,-46
1756013658.1869447,-4,1,-44
1756013658.2249446,0,4,-52
1756013658.2609446,1,-5,-51
1756013658.2979443,1,-2,-42
1756013658.3369446,-3,1,-45
1756013658.3749447,-3,1,-53
1756013658.4109447,-7,1,-48
1756013658.4479446,-5,5,-39
1756013658.486945,0,-5,-41
1756013658.5249443,-3,-10,-46
1756013658.5609446,0,-4,-44
1756013658.5979445,3,-8,-54
1756013658.6369443,0,-1,-48
1756013658.6749446,-10,-2,-41
1756013658.710945,-7,1,-45
1756013658.7479446,-5,-4,-51
1756013658.7869446,0,-1,-42
1756013658.8229446,5,1,-54
1756013658.8599446,6,-2,-50
1756013658.8979447,-2,0,-44
1756013658.9369447,4,3,-44
1756013658.9729445,4,2,-51
1756013659.009945,1,-4,-48
1756013659.0479443,3,-3,-42
1756013659.0869446,3,-5,-44
1756013659.1229446,4,-1,-42
1756013659.1599443,-3,-1,-45
1756013659.1979446,0,1,-52
1756013659.236945,1,4,-51
1756013659.2729447,8,1,-53
1756013659.3099446,2,4,-51
1756013659.3479445,-5,7,-34
1756013659.3869443,-1,7,-43
1756013659.4229443,-1,8,-46
1756013659.460945,-1,1,-45
1756013659.4989443,0,5,-54
1756013659.5379446,2,-4,-58
1756013659.575945,-3,2,-54
1756013659.611945,-6,0,-45
1756013659.6499443,-3,0,-30
1756013659.6889446,1,-6,-52
1756013659.7269447,0,1,-52
1756013659.7629447,0,4,-55
1756013659.7999446,-1,-2,-65
1756013659.838945,1,3,-54
1756013659.8769443,8,1,-46
1756013659.9129446,4,2,-50
1756013659.9499447,-3,0,-59
1756013659.9879446,-4,0,-59
1756013660.0269446,-1,-3,-51
1756013660.062945,-3,0,-55
1756013660.0999446,-6,1,-53
1756013660.1379447,-4,0,-41
1756013660.1769447,1,0,-51
1756013660.2129445,8,0,-57
1756013660.2499447,6,6,-57
1756013660.2879446,7,1,-56
1756013660.325945,1,5,-54
1756013660.361945,1,1,-51
1756013660.3989446,1,-5,-46
1756013660.437945,0,1,-49
1756013660.4759445,5,0,-52
1756013660.5119443,-3,-1,-60
1756013660.5499446,0,0,-49
1756013660.5879445,0,-2,-51
1756013660.6239443,-3,0,-58
1756013660.6619446,-2,0,-53
1756013660.6999447,-2,-1,-48
1756013660.7379446,2,-11,-54
1756013660.7769446,0,-7,-54
1756013660.812945,0,-3,-45
1756013660.8519447,0,-3,-47
1756013660.8889446,-4,-6,-53
1756013660.927945,-2,-3,-48
1756013660.963945,-1,-2,-41
1756013661.0019443,1,3,-44
1756013661.0389447,6,11,-48
1756013661.0769446,3,0,-61
1756013661.1129446,-2,5,-56
1756013661.1519446,0,3,-53
1756013661.1889446,-5,0,-50
1756013661.2279446,-2,-3,-60
1756013661.2639446,-2,-5,-60
1756013661.3019447,0,-10,-54
1756013661.3409443,-5,-2,-52
1756013661.3789446,-3,5,-52
1756013661.4169445,-8,-3,-46
1756013661.4529445,-1,-7,-41
1756013661.4909446,10,-6,-54
1756013661.5289447,1,0,-51
1756013661.5669446,-4,-1,-54
1756013661.6029446,3,-1,-53
1756013661.6409447,0,-6,-52
1756013661.6789446,0,-3,-42
1756013661.7169447,3,-8,-45
1756013661.7529447,3,-6,-40
1756013661.7909446,0,-3,-40
1756013661.8289447,-2,0,-61
1756013661.8669446,4,0,-57
1756013661.9029446,-3,-6,-57
1756013661.940945,3,7,-54
1756013661.9789443,2,-3,-53
1756013662.0169446,-3,1,-55
1756013662.052945,-5,2,-48
1756013662.0909443,-12,3,-52
1756013662.1289446,0,0,-49
1756013662.167945,0,1,-44
1756013662.2039447,2,-10,-38
1756013662.2409446,1,-7,-42
1756013662.2789447,-10,0,-44
1756013662.3179443,-6,1,-53
1756013662.3539443,-3,-2,-42
1756013662.3919446,0,-3,-52
1756013662.4309447,2,-8,-41
1756013662.4689443,0,-3,-62
1756013662.5049446,-3,-7,-48
1756013662.542945,6,-6,-64
1756013662.5819447,-1,-2,-42
1756013662.6189446,-1,-5,-47
1756013662.657945,0,0,-59
1756013662.6939447,1,0,-56
1756013662.7309446,2,0,-50
1756013662.7689445,-3,-1,-50
1756013662.8049445,2,0,-62
1756013662.8429446,5,-4,-61
1756013662.8809447,3,-2,-50
1756013662.9199443,7,-7,-52
1756013662.9579446,-2,-2,-63
1756013662.9939446,-4,-3,-63
1756013663.0319445,-7,0,-49
1756013663.0699446,-10,-3,-60
1756013663.108945,-1,2,-62
1756013663.144945,-1,8,-57
1756013663.1819446,0,1,-56
1756013663.2199447,4,2,-53
1756013663.2579446,2,-1,-45
1756013663.2939446,5,-6,-47
1756013663.3319447,-2,-3,-45
1756013663.3699446,1,-4,-54
1756013663.407945,-5,-3,-61
1756013663.4439447,-7,0,-58
1756013663.4809446,2,0,-60
1756013663.519945,1,2,-57
1756013663.5579443,-3,1,-45
1756013663.5939443,0,-3,-47
1756013663.6309447,6,0,-52
1756013663.6689446,-2,-3,-60
1756013663.7049446,0,3,-53
1756013663.7419446,-1,4,-57
1756013663.779945,0,3,-60
1756013663.8189447,-5,-2,-41
1756013663.8549447,-5,-1,-52
1756013663.8929446,2,0,-43
1756013663.9309447,2,0,-44
1756013663.9689443,-1,5,-58
1756013664.0049446,4,4,-49
1756013664.0419445,-7,0,-49
1756013664.0799446,-2,1,-52
1756013664.1189446,0,-4,-38
1756013664.154945,4,-3,-42
1756013664.1919446,-7,2,-45
1756013664.2299447,-4,-10,-49
1756013664.2689445,-2,-3,-49
1756013664.3049445,-4,1,-41
1756013664.3419447,0,-3,-42
1756013664.3809447,-4,-6,-56
1756013664.4189446,-3,-4,-47
1756013664.4549446,2,-4,-57
1756013664.4919446,3,-2,-51
1756013664.5309446,1,3,-55
1756013664.5689447,1,0,-49
1756013664.6049447,1,0,-39
1756013664.6419446,0,-2,-45
1756013664.6809447,0,2,-50
1756013664.7189443,2,3,-53
1756013664.7549446,5,0,-54
1756013664.7919445,9,5,-52
1756013664.8299446,8,0,-50
1756013664.8659446,8,3,-50
1756013664.9029446,-2,-1,-48
1756013664.940945,2,-4,-40
1756013664.9799447,0,0,-45
1756013665.0159447,-1,0,-55
1756013665.052945,-7,-4,-50
1756013665.0909443,5,0,-49
1756013665.1299446,2,0,-41
1756013665.1659446,1,-1,-50
1756013665.2029445,3,-3,-47
1756013665.2409446,-5,-4,-53
1756013665.279945,3,4,-50
1756013665.315945,-3,0,-43
1756013665.3529446,-1,-4,-46
1756013665.3919446,-5,-1,-51
1756013665.4299445,0,-3,-57
1756013665.4659443,-3,-7,-48
1756013665.5039446,7,-3,-52
1756013665.5419445,-7,0,-47
1756013665.5809443,-1,-6,-51
1756013665.6169446,-4,0,-57
1756013665.654945,-8,1,-52
1756013665.6929443,-2,0,-48
1756013665.7309446,2,0,-46
1756013665.7669446,0,1,-42
1756013665.8039446,-1,5,-41
1756013665.8419447,-5,0,-46
1756013665.8809447,3,-1,-46
1756013665.9169445,1,-3,-45
1756013665.9539447,-3,-3,-52
1756013665.9919446,1,-10,-46
1756013666.0309446,5,3,-43
1756013666.0749447,1,4,-42
1756013666.111945,0,2,-41
1756013666.1499443,0,3,-46
1756013666.1859446,-3,6,-54
1756013666.223945,-2,8,-46
1756013666.2619443,-7,1,-61
1756013666.3009446,-2,2,-45
1756013666.3369446,-1,0,-41
1756013666.3739443,-1,-3,-40
1756013666.4119446,-1,-2,-51
1756013666.450945,0,-2,-53
1756013666.486945,-6,-1,-52
1756013666.5249443,2,-2,-70
1756013666.562945,5,-9,-59
1756013666.6019447,7,0,-57
1756013666.6399446,0,2,-49
1756013666.6759446,0,6,-47
1756013666.7129445,0,5,-50
1756013666.7509446,1,0,-50
1756013666.7869446,3,3,-56
1756013666.8239446,0,0,-46
1756013666.861945,-6,-2,-53
1756013666.8999443,-5,-7,-45
1756013666.9359446,-3,0,-61
1756013666.973945,0,0,-50
1756013667.0119443,0,-1,-57
1756013667.0499446,0,-13,-49
1756013667.085945,-10,-7,-47
1756013667.1239443,-4,-5,-61
1756013667.1619446,-3,1,-59
1756013667.200945,0,-6,-57
1756013667.236945,-1,-5,-71
1756013667.2749443,4,-2,-58
1756013667.312945,7,-1,-54
1756013667.3519447,3,3,-46
1756013667.3879447,7,0,-46
1756013667.4249446,-2,0,-58
1756013667.4629445,-2,-1,-51
1756013667.5019443,-3,-3,-48
1756013667.5379446,2,3,-58
1756013667.5749447,-6,3,-51
1756013667.6129446,0,3,-55
1756013667.6509447,-2,-1,-55
1756013667.6869447,-3,-3,-57
1756013667.7249446,3,2,-47
1756013667.7629447,2,0,-47
1756013667.8009446,0,-1,-53
1756013667.8369446,2,0,-55
1756013667.8739443,0,-5,-52
1756013667.9129446,-6,-3,-47
1756013667.950945,-7,0,-51
1756013667.986945,-6,0,-52
1756013668.0239446,1,-1,-46
1756013668.062945,0,-6,-48
1756013668.1009445,6,-12,-64
1756013668.1369443,-6,-6,-53
1756013668.1749446,-5,7,-56
1756013668.2129445,-1,6,-56
1756013668.2519443,-2,-6,-66
1756013668.2879446,-5,-3,-61
1756013668.325945,-3,-6,-62
1756013668.3639443,7,-1,-55
1756013668.4029446,-1,2,-44
1756013668.440945,-4,0,-37
1756013668.4769447,0,-3,-55
1756013668.5139446,5,-2,-49
1756013668.552945,0,0,-44
1756013668.5909443,-1,4,-47
1756013668.6269443,1,-4,-47
1756013668.6639447,2,-1,-49
1756013668.7029445,-5,-1,-49
1756013668.7409446,-4,-2,-37
1756013668.7769446,-8,0,-41
1756013668.8139446,5,2,-46
1756013668.8529446,0,-3,-39
1756013668.8889446,2,-2,-55
1756013668.9259446,0,-3,-46
1756013668.963945,-1,1,-53
1756013669.0029447,0,0,-51
1756013669.0389447,3,-2,-53
1756013669.075945,2,0,-55
1756013669.1129446,0,-6,-45
1756013669.1519446,-3,6,-48
1756013669.187945,-4,1,-46
1756013669.2259445,-1,0,-38
1756013669.2629447,-2,0,-38
1756013669.3019447,5,-4,-49
1756013669.3379445,6,1,-51
1756013669.3759446,3,4,-50
1756013669.4129446,2,5,-52
1756013669.4489446,1,0,-51
1756013669.4859445,3,-2,-56
1756013669.5239446,4,0,-59
1756013669.5619447,2,1,-60
1756013669.5979445,2,-4,-59
1756013669.6359446,-2,-1,-69
1756013669.6739447,3,1,-62
1756013669.7119446,-2,-2,-60
1756013669.7479446,2,-9,-52
1756013669.7859447,-4,-1,-59
1756013669.8239446,-3,2,-54
1756013669.8629446,0,-5,-45
1756013669.8989446,3,-4,-51
1756013669.9359446,2,-2,-49
1756013669.973945,6,-2,-48
1756013670.0129447,0,9,-64
1756013670.0489447,-5,-1,-64
1756013670.0869446,-1,1,-53
1756013670.1259446,1,-6,-55
1756013670.1639447,3,-6,-61
1756013670.2019446,3,-4,-42
1756013670.2379446,2,-4,-41
1756013670.2749443,2,-3,-57
1756013670.3139446,1,-6,-50
1756013670.3519447,-2,-5,-42
1756013670.3879447,-2,1,-48
1756013670.4249446,0,1,-58
1756013670.4629445,9,5,-52
1756013670.4989443,-1,1,-49
1756013670.5359447,-2,-4,-48
1756013670.5749447,-1,-2,-49
1756013670.6129446,-5,-4,-53
1756013670.6489446,2,-2,-45
1756013670.6859446,3,0,-45
1756013670.723945,8,-1,-55
1756013670.759945,2,-6,-52
1756013670.7979443,-4,0,-61
1756013670.835945,5,0,-50
1756013670.8739443,5,-2,-62
1756013670.9129446,-6,-2,-57
1756013670.9489446,0,-2,-63
1756013670.9859445,-1,1,-60
1756013671.0239446,0,-1,-50
1756013671.062945,-2,-5,-50
1756013671.098945,4,-1,-54
1756013671.1359446,0,-7,-60
1756013671.1749446,-2,-9,-65
1756013671.2129445,1,-1,-58
1756013671.2489443,-2,-6,-61
1756013671.2869446,-2,-7,-49
1756013671.3249447,-3,-1,-43
1756013671.3639443,3,0,-38
1756013671.3999443,-2,1,-35
1756013671.437945,-5,0,-45
1756013671.4759445,3,-4,-49
1756013671.5149446,3,0,-54
1756013671.552945,-1,-3,-50
1756013671.588945,1,-2,-50
1756013671.6259446,1,1,-52
1756013671.6649446,-3,0,-50
1756013671.7029445,-4,-5,-55
1756013671.7389443,7,-2,-45
1756013671.7759447,-4,0,-50
1756013671.8149445,-4,-6,-56
1756013671.8529446,0,0,-51
1756013671.8889446,0,-4,-44
1756013671.9269447,5,-3,-46
1756013671.9649446,10,-4,-50
1756013672.0029447,6,-13,-49
1756013672.0389447,-1,-2,-47
1756013672.0769446,-10,-2,-60
1756013672.1149447,-1,1,-45
1756013672.1539447,3,-5,-56
1756013672.1899445,5,2,-51
1756013672.2269447,6,-1,-50
1756013672.2649446,0,-4,-44
1756013672.3039446,-2,0,-51
1756013672.3399446,1,0,-59
1756013672.3769443,-5,2,-50
1756013672.4149446,-4,4,-53
1756013672.4539447,2,3,-55
1756013672.4899447,-2,3,-47
1756013672.5269446,0,-2,-52
1756013672.5649445,-3,6,-63
1756013672.6039443,-3,4,-51
1756013672.6399446,-14,0,-44
1756013672.6769447,-6,-5,-61
1756013672.7149446,1,-3,-60
1756013672.7539446,1,0,-53
1756013672.7899446,0,2,-52
1756013672.8269446,1,-2,-52
1756013672.8659446,-2,3,-54
1756013672.9039447,-4,-6,-46
1756013672.9399445,-5,-3,-49
1756013672.9779446,1,0,-45
1756013673.0159447,0,7,-44
1756013673.0549445,0,-2,-51
1756013673.0909443,-5,6,-53
1756013673.1289446,-5,3,-52
1756013673.1669445,0,0,-52
1756013673.2059443,-2,-5,-57
1756013673.2439446,-3,0,-51
1756013673.279945,-3,4,-42
1756013673.3169446,-4,-1,-38
1756013673.3559446,0,0,-50
1756013673.3939445,-4,4,-62
1756013673.4299445,-4,-5,-64
1756013673.4679446,-5,-2,-55
1756013673.5059447,-1,-2,-47
1756013673.5449443,0,0,-53
1756013673.5809443,3,1,-56
1756013673.6179447,-6,0,-59
1756013673.6559446,4,-1,-50
1756013673.6949446,-6,1,-44
1756013673.7309446,-3,-3,-52
1756013673.7689445,-2,2,-54
1756013673.8069446,5,2,-49
1756013673.8449447,3,2,-47
1756013673.8809447,-6,0,-53
1756013673.917945,0,-1,-56
1756013673.9559443,0,8,-51
1756013673.9919446,-1,2,-55
1756013674.0289447,-7,8,-53
1756013674.0669446,-5,1,-52
1756013674.1059446,-5,2,-49
1756013674.1419446,0,0,-59
1756013674.1789446,-5,-4,-46
1756013674.2169447,-5,0,-53
1756013674.2559447,-5,-1,-49
1756013674.2919445,2,0,-52
1756013674.3289447,-2,-1,-54
1756013674.3669446,4,6,-52
1756013674.404945,2,0,-55
1756013674.440945,-4,0,-59
1756013674.4789443,-9,5,-49
1756013674.5169446,5,2,-40
1756013674.5549445,0,1,-33
1756013674.5909443,6,2,-43
1756013674.6289446,-1,4,-48
1756013674.6669445,4,1,-42
1756013674.7049446,5,-3,-53
1756013674.7409446,4,-3,-48
1756013674.7789447,3,5,-51
1756013674.8169446,-4,1,-59
1756013674.8549447,-4,3,-36
1756013674.8909447,0,0,-35
1756013674.9289446,-1,-8,-44
1756013674.9669447,-2,2,-44
1756013675.0059447,-7,2,-52
1756013675.0419445,-3,3,-57
1756013675.0789447,0,4,-53
1756013675.1169446,3,0,-52
1756013675.1559446,0,-1,-47
1756013675.1919446,3,2,-52
1756013675.2289443,-5,-3,-44
1756013675.2669446,-2,7,-46
1756013675.3059447,0,2,-45
1756013675.3419447,0,6,-42
1756013675.3789446,4,0,-45
1756013675.4169445,-3,7,-52
1756013675.4549446,-1,0,-54
1756013675.4909446,2,-6,-56
1756013675.5289447,2,-2,-44
1756013675.5669446,4,-1,-58
1756013675.6059446,-2,0,-58
1756013675.6419446,-6,1,-53
1756013675.6809447,-9,-3,-45
1756013675.7179446,-8,0,-40
1756013675.756945,1,-3,-47
1756013675.792945,-3,-2,-41
1756013675.8309443,-1,1,-61
1756013675.8689446,0,2,-46
1756013675.9069445,-1,1,-55
1756013675.9429443,-2,-3,-43
1756013675.9819446,-5,-3,-51
1756013676.0189445,0,-1,-54
1756013676.0569446,0,5,-51
1756013676.1019447,-7,2,-42
1756013676.1389446,-3,7,-48
1756013676.177945,-3,5,-49
1756013676.2159443,3,-3,-54
1756013676.2519443,0,0,-53
1756013676.2889447,0,-1,-47
1756013676.3279445,-1,-8,-42
1756013676.3659446,2,-4,-56
1756013676.4019446,12,0,-54
1756013676.4389446,2,1,-51
1756013676.4769447,0,-2,-58
1756013676.5129447,5,-3,-58
1756013676.5519447,-1,-7,-57
1756013676.588945,-4,7,-55
1756013676.6279447,-2,10,-45
1756013676.6659446,4,0,-47
1756013676.7019446,-2,-3,-59
1756013676.7399447,-4,-2,-61
1756013676.7779446,1,2,-48
1756013676.815945,3,4,-46
1756013676.8519447,1,-4,-51
1756013676.8889446,0,-5,-46
1756013676.927945,2,0,-52
1756013676.9659443,0,0,-58
1756013677.0019443,-4,9,-67
1756013677.0389447,-4,6,-67
1756013677.0779445,-10,8,-62
1756013677.1159446,1,3,-57
1756013677.1519446,6,-4,-52
1756013677.1899445,-2,0,-64
1756013677.2279446,1,3,-59
1756013677.2639446,-3,0,-55
1756013677.3019447,-1,1,-46
1756013677.338945,1,2,-44
1756013677.3769443,-3,0,-50
1756013677.4129446,0,0,-50
1756013677.4499447,0,4,-48
1756013677.4879446,0,-1,-47
1756013677.5239446,0,3,-46
1756013677.5609446,3,-3,-55
1756013677.598945,-1,5,-48
1756013677.6379447,5,0,-49
1756013677.6739447,4,-3,-53
1756013677.7119446,1,-7,-54
1756013677.7499447,-5,0,-51
1756013677.7889447,-9,2,-50
1756013677.8269446,-2,1,-69
1756013677.8629446,-2,-1,-61
1756013677.9019446,0,5,-58
1756013677.9389446,-1,0,-56
1756013677.9779446,3,3,-50
1756013678.0139446,1,3,-47
1756013678.0509446,6,5,-50
1756013678.088945,6,-3,-50
1756013678.1279447,5,0,-50
1756013678.1639447,4,4,-60
1756013678.2019446,2,0,-48
1756013678.2389443,-1,-3,-46
1756013678.2779446,-3,-3,-65
1756013678.3139446,1,-3,-49
1756013678.3509445,-3,3,-53
1756013678.3889446,5,3,-47
1756013678.4269447,4,2,-48
1756013678.4629445,0,8,-42
1756013678.4999447,-2,6,-46
1756013678.5389447,0,5,-58
1756013678.5769446,-6,4,-57
1756013678.6129446,-2,4,-45
1756013678.6499443,-4,4,-40
1756013678.6889446,3,0,-40
1756013678.7269447,2,-2,-47
1756013678.7629447,0,3,-57
1756013678.7999446,9,2,-66
1756013678.8379445,1,-2,-56
1756013678.8739443,0,-4,-54
1756013678.9109447,-2,-3,-51
1756013678.9489446,-1,-4,-52
1756013678.9879446,-7,2,-49
1756013679.0239446,-6,3,-50
1756013679.0609446,-5,-4,-50
1756013679.098945,-2,5,-45
1756013679.1379447,4,2,-55
1756013679.1739447,7,-1,-54
1756013679.210945,2,-1,-52
1756013679.2489443,6,-4,-49
1756013679.2879446,-1,-4,-41
1756013679.3239446,0,-2,-56
1756013679.3609445,-1,-4,-52
1756013679.3989446,-2,0,-53
1756013679.437945,0,-2,-44
1756013679.473945,-4,6,-48
1756013679.5109446,-2,1,-45
1756013679.5499446,4,-2,-59
1756013679.5879445,-9,-1,-50
1756013679.6239443,2,0,-57
1756013679.6609447,-1,0,-41
1756013679.6999447,6,4,-38
1756013679.7379446,4,9,-42
1756013679.7739446,9,7,-43
1756013679.8109446,0,-4,-48
1756013679.8499446,-3,0,-55
1756013679.8879447,-7,0,-50
1756013679.9239447,0,1,-42
1756013679.960945,11,-2,-55
1756013679.9999447,0,0,-58
1756013680.0379446,-2,8,-51
1756013680.0739446,5,5,-49
1756013680.1109445,1,3,-44
1756013680.1489446,-4,0,-57
1756013680.1849446,-1,0,-51
1756013680.2229445,-3,2,-45
1756013680.2609446,-6,3,-42
1756013680.2999446,-10,3,-49
1756013680.3379445,-7,3,-50
1756013680.3739443,-6,5,-38
1756013680.4109447,-3,0,-51
1756013680.4499447,1,-6,-50
1756013680.4889443,2,0,-53
1756013680.5249443,-2,-5,-52
1756013680.5639446,0,-6,-49
1756013680.6009445,-5,-5,-50
1756013680.6399446,0,0,-59
1756013680.6759446,6,-1,-47
1756013680.713945,0,3,-53
1756013680.7519443,-4,7,-64
1756013680.7899446,3,2,-45
1756013680.825945,3,0,-46
1756013680.8639443,0,5,-49
1756013680.9019446,2,0,-39
1756013680.9399445,1,4,-62
1756013680.9759445,0,0,-50
1756013681.0139446,-6,0,-48
1756013681.0519447,-6,2,-44
1756013681.0899446,-10,4,-50
1756013681.1289446,0,-1,-41
1756013681.1649446,-4,-5,-43
1756013681.2029445,2,-4,-48
1756013681.2409446,-1,-1,-56
1756013681.279945,3,2,-60
1756013681.315945,-2,1,-54
1756013681.3529446,-4,7,-42
1756013681.3909447,-6,3,-50
1756013681.4299445,-6,-3,-57
1756013681.4659443,-7,-3,-61
1756013681.5049446,-3,2,-60
1756013681.5419445,0,1,-47
1756013681.5799446,4,5,-56
1756013681.6159446,0,-3,-50
1756013681.6539447,-3,6,-58
1756013681.6919446,-1,1,-53
1756013681.7309446,3,-4,-48
1756013681.7689445,0,-4,-40
1756013681.8049445,7,-7,-51
1756013681.8419447,2,-6,-52
1756013681.8809447,0,-9,-51
1756013681.9189446,-3,-4,-44
1756013681.9549446,1,-4,-56
1756013681.9929447,-4,0,-54
1756013682.0309446,-3,2,-49
1756013682.0699446,-7,0,-44
1756013682.1059446,-4,0,-46
1756013682.1429446,2,2,-57
1756013682.1809447,7,-6,-54
1756013682.2169447,1,-1,-54
1756013682.2549446,0,-1,-52
1756013682.292945,-7,6,-65
1756013682.3309443,0,-1,-47
1756013682.3699446,2,2,-38
1756013682.4059446,2,0,-52
1756013682.4429443,-3,0,-50
1756013682.4809446,6,-2,-48
1756013682.519945,0,5,-42
1756013682.5559447,0,-3,-37
1756013682.5929446,-3,5,-35
1756013682.6309447,-7,0,-45
1756013682.6699443,0,3,-42
1756013682.7059443,-4,5,-43
1756013682.7429447,4,-4,-46
1756013682.7809446,2,-1,-37
1756013682.8199446,0,-1,-46
1756013682.8559446,-1,0,-50
1756013682.8929446,6,-2,-41
1756013682.9319446,-1,-1,-46
1756013682.9699447,0,5,-56
1756013683.0059447,1,5,-60
1756013683.042945,-7,0,-55
1756013683.0819447,3,-3,-54
1756013683.1199446,7,-2,-59
1756013683.1559446,0,7,-45
1756013683.1929443,4,0,-41
1756013683.2309446,2,2,-50
1756013683.2669446,1,1,-55
1756013683.3039446,0,3,-57
1756013683.3419447,0,-7,-52
1756013683.3799446,5,0,-48
1756013683.4159446,5,0,-39
1756013683.4539447,1,-3,-47
1756013683.4919446,1,-1,-50
1756013683.529945,-3,-4,-52
1756013683.565945,4,0,-47
1756013683.6029446,-2,1,-62
1756013683.6419446,-6,-2,-60
1756013683.6799445,-3,4,-58
1756013683.7159443,3,0,-48
1756013683.7529447,-1,0,-39
1756013683.7919445,10,-3,-44
1756013683.8279445,9,-2,-55
1756013683.8669446,-4,-1,-51
1756013683.9039447,0,-9,-50
1756013683.9429443,-1,-13,-56
1756013683.9809446,2,-1,-58
1756013684.0169446,0,4,-57
1756013684.0539446,0,2,-44
1756013684.0919447,2,-3,-44
1756013684.1279447,1,-1,-60
1756013684.1659446,-7,1,-50
1756013684.2039447,0,-4,-39
1756013684.2419446,4,8,-35
1756013684.2809446,8,1,-40
1756013684.3169446,0,-3,-50
1756013684.3539443,7,-3,-56
1756013684.3919446,-2,-5,-52
1756013684.4309447,-5,3,-69
1756013684.4669447,-3,-5,-63
1756013684.5049446,-4,-6,-57
1756013684.542945,-1,0,-53
1756013684.5819447,-5,5,-42
1756013684.6179447,-6,-1,-48
1756013684.6559446,-5,-3,-64
1756013684.6939447,-4,0,-53
1756013684.7329447,-1,0,-51
1756013684.7709446,-2,4,-46
1756013684.8069446,-3,2,-51
1756013684.8439443,1,0,-43
1756013684.881945,-1,-2,-63
1756013684.917945,0,0,-61
1756013684.9549446,-2,-1,-64
1756013684.9929447,1,-9,-57
1756013685.0319445,-2,-8,-57
1756013685.0679443,5,-1,-46
1756013685.1059446,-1,1,-40
1756013685.1439445,2,0,-49
1756013685.1829443,1,-1,-46
1756013685.2209446,2,-1,-43
1756013685.256945,4,0,-46
1756013685.2939446,1,-1,-47
1756013685.3319447,-2,-3,-44
1756013685.3679447,-4,1,-54
1756013685.4059446,-2,-4,-52
1756013685.4439447,10,-3,-40
1756013685.4829447,7,2,-46
1756013685.5189445,9,8,-55
1756013685.5559447,3,8,-56
1756013685.5939443,6,1,-59
1756013685.6329446,3,-1,-53
1756013685.6689446,-3,0,-49
1756013685.7069447,1,-2,-45
1756013685.7449446,4,-8,-51
1756013685.782945,-3,-1,-46
1756013685.8219447,-8,-7,-46
1756013685.858945,-4,-7,-41
1756013685.8959446,-4,-3,-42
1756013685.9339447,-8,-5,-50
1756013685.9729445,-1,-5,-50
1756013686.0089445,0,-4,-47
1756013686.0459447,-2,0,-55
1756013686.0839446,-10,4,-61
1756013686.1289446,-4,-2,-62
1756013686.1669445,-3,4,-53
1756013686.2039447,-8,5,-52
1756013686.2429447,-8,0,-56
1756013686.2789447,-2,1,-41
1756013686.315945,-3,-3,-52
1756013686.3539443,-1,-2,-47
1756013686.3929446,0,-3,-50
1756013686.4289446,-3,6,-55
1756013686.4669447,3,-1,-47
1756013686.5049446,1,1,-38
1756013686.542945,7,8,-38
1756013686.5789447,3,7,-39
1756013686.6159446,3,5,-48
1756013686.6539447,-4,-5,-50
1756013686.6929443,6,0,-50
1756013686.7289443,6,-6,-52
1756013686.7659447,0,0,-50
1756013686.8039446,2,-5,-43
1756013686.8419447,-5,-1,-49
1756013686.8779447,-7,0,-54
1756013686.9149446,-3,1,-59
1756013686.9539447,-1,-2,-49
1756013686.9919446,-6,-7,-46
1756013687.0279446,0,0,-35
1756013687.065945,-6,0,-56
1756013687.1039443,-7,-5,-45
1756013687.1399446,-2,-2,-49
1756013687.177945,0,1,-58
1756013687.2159443,3,-2,-47
1756013687.2539446,-1,-2,-61
1756013687.292945,2,-1,-57
1756013687.3289447,3,-1,-61
1756013687.3659446,4,-2,-61
1756013687.4039447,9,0,-53
1756013687.4399445,7,0,-51
1756013687.4769447,2,0,-43
1756013687.5139446,7,-4,-48
1756013687.552945,3,-1,-60
1756013687.588945,-5,2,-64
1756013687.6269443,-8,-2,-62
1756013687.6659446,-4,-6,-56
1756013687.7039447,0,-8,-55
1756013687.7399447,3,-1,-50
1756013687.7769446,0,0,-47
1756013687.8139446,0,3,-54
1756013687.8499446,6,3,-49
1756013687.8869443,-3,4,-59
1756013687.9249446,-2,5,-56
1756013687.963945,-1,3,-49
1756013687.9999447,-1,0,-59
1756013688.0369446,3,-2,-50
1756013688.0749447,-4,0,-46
1756013688.1139443,-4,0,-42
1756013688.1499443,3,-2,-51
1756013688.1869447,5,5,-59
1756013688.2249446,6,6,-60
1756013688.2629447,2,-6,-52
1756013688.2989447,3,-9,-47
1756013688.335945,2,-12,-56
1756013688.3749447,0,-1,-46
1756013688.4129446,0,0,-52
1756013688.4489446,5,0,-50
1756013688.4859445,0,0,-52
1756013688.5239446,-1,-1,-47
1756013688.5599446,-1,-1,-46
1756013688.5979445,-1,3,-41
1756013688.6359446,8,-4,-49
1756013688.6749446,0,-6,-53
1756013688.7129445,0,1,-50
1756013688.7489443,1,3,-45
1756013688.7859447,0,8,-46
1756013688.8239446,-2,0,-49
1756013688.8599446,3,-2,-52
1756013688.8969443,5,0,-58
1756013688.9349446,-1,5,-58
1756013688.9709446,0,1,-52
1756013689.0079446,-1,3,-43
1756013689.0459447,1,4,-50
1756013689.0849447,3,5,-55
1756013689.1209445,1,-5,-56
1756013689.157945,3,-6,-52
1756013689.1959443,6,-9,-52
1756013689.2349446,1,-8,-56
1756013689.2709446,0,-6,-49
1756013689.3079443,0,0,-53
1756013689.3459446,2,-3,-58
1756013689.384945,0,-3,-54
1756013689.4209447,0,-5,-49
1756013689.4579446,0,4,-55
1756013689.4959445,0,0,-53
1756013689.5339446,-5,-1,-56
1756013689.5699446,4,-1,-55
1756013689.6069446,2,-1,-50
1756013689.6459446,1,0,-45
1756013689.6839447,5,1,-50
1756013689.7199447,3,0,-62
1756013689.756945,-1,-2,-53
1756013689.7959447,0,-4,-49
1756013689.8339446,-2,0,-45
1756013689.8699446,-5,0,-46
1756013689.9069445,-4,3,-46
1756013689.9459443,0,3,-47
1756013689.983945,2,-4,-50
1756013690.019945,2,-4,-43
1756013690.0569446,-1,2,-42
1756013690.0959446,-6,2,-58
1756013690.1339445,-4,5,-58
1756013690.1699443,1,-2,-43
1756013690.2069447,0,0,-44
1756013690.2449446,-6,-3,-54
1756013690.2809446,-7,-9,-59
1756013690.3189447,0,-3,-56
1756013690.3569446,1,-4,-56
1756013690.3959446,-4,-1,-44
1756013690.4319446,-5,0,-47
1756013690.4689443,0,1,-57
1756013690.5059447,2,-1,-45
1756013690.5449443,-5,-1,-48
1756013690.5809443,-7,1,-52
1756013690.6179447,0,-1,-56
1756013690.6569445,2,4,-61
1756013690.6949446,0,2,-53
1756013690.7309446,-4,3,-44
1756013690.7679446,3,3,-61
1756013690.8059447,3,0,-52
1756013690.8419447,0,5,-58
1756013690.8799446,-2,1,-46
1756013690.917945,4,0,-59
1756013690.9559443,4,2,-50
1756013690.9919446,7,0,-44
1756013691.0289447,5,3,-51
1756013691.0669446,5,0,-51
1756013691.1049447,-4,0,-55
1756013691.1409447,-3,-4,-43
1756013691.1789446,1,-12,-48
1756013691.2169447,0,-1,-54
1756013691.2559447,-5,-3,-49
1756013691.2919445,0,1,-52
1756013691.3289447,0,0,-41
1756013691.3669446,4,-5,-48
1756013691.404945,2,2,-52
1756013691.440945,2,2,-49
1756013691.4779446,-4,1,-48
1756013691.5169446,-5,0,-50
1756013691.5549445,-3,-5,-55
1756013691.5909443,-2,-3,-45
1756013691.6289446,5,-9,-53
1756013691.667945,8,1,-52
1756013691.7059443,2,0,-60
1756013691.7419446,1,-4,-55
1756013691.7809446,0,-14,-53
1756013691.8179443,-5,-1,-48
1756013691.8569446,-8,-6,-47
1756013691.894945,3,-1,-50
1756013691.9309447,-2,2,-55
1756013691.9679446,-8,9,-50
1756013692.006945,1,9,-51
1756013692.0449443,5,-3,-62
1756013692.0809443,3,-1,-66
1756013692.1179447,-5,0,-50
1756013692.1569445,-8,-1,-47
1756013692.1929443,2,-7,-52
1756013692.2299447,4,-5,-49
1756013692.2679446,0,0,-50
1756013692.3059447,2,0,-49
1756013692.3419447,2,-3,-48
1756013692.3789446,-2,0,-56
1756013692.4169445,1,-2,-56
1756013692.4559443,0,0,-51
1756013692.4919446,-4,1,-55
1756013692.5309446,-2,0,-47
1756013692.5679443,6,5,-65
1756013692.6059446,3,0,-56
1756013692.6419446,2,0,-64
1756013692.6789446,-2,2,-45
1756013692.7169447,1,-1,-56
1756013692.7559447,2,-2,-61
1756013692.7919445,2,-2,-61
1756013692.8289447,2,-1,-61
1756013692.8679447,3,3,-68
1756013692.9059446,1,-3,-61
1756013692.9419446,3,2,-52
1756013692.9789443,0,6,-40
1756013693.0169446,-5,3,-51
1756013693.052945,-3,0,-58
1756013693.0899446,0,3,-52
1756013693.1279447,0,5,-54
1756013693.1659446,-4,3,-56
1756013693.2019446,2,5,-62
1756013693.2399447,-2,0,-42
1756013693.2779446,7,0,-37
1756013693.315945,1,0,-60
1756013693.3519447,-8,5,-59
1756013693.3889446,-1,4,-63
1756013693.427945,4,5,-59
1756013693.4659443,6,10,-62
1756013693.5019443,3,4,-58
1756013693.5399446,9,0,-52
1756013693.5779445,0,-3,-49
1756013693.6159446,3,-1,-44
1756013693.6519446,-1,-2,-52
1756013693.6899445,-4,0,-62
1756013693.7279446,-2,9,-52
1756013693.7669446,-8,0,-59
1756013693.802945,3,-6,-49
1756013693.8399446,-5,0,-60
1756013693.8779447,-2,4,-54
1756013693.9169445,-6,4,-42
1756013693.9529445,-8,2,-40
1756013693.9899447,0,4,-49
1756013694.0279446,5,3,-40
1756013694.0639446,2,4,-51
1756013694.1009445,10,1,-47
1756013694.1389446,2,0,-49
1756013694.177945,6,-6,-48
1756013694.213945,-2,-2,-42
1756013694.2519443,1,-7,-58
1756013694.2899446,-5,-6,-53
1756013694.3279445,-1,-3,-59
1756013694.3669446,-1,3,-55
1756013694.4029446,-5,1,-42
1756013694.4399445,0,-3,-49
1756013694.4789443,-1,-6,-53
1756013694.5169446,1,-2,-57
1756013694.552945,0,-1,-61
1756013694.5899446,0,2,-47
1756013694.6279447,-1,7,-47
1756013694.6639447,-3,6,-45
1756013694.700945,0,0,-53
1756013694.7389443,-10,-6,-41
1756013694.7769446,-4,0,-53
1756013694.812945,-2,-1,-46
1756013694.8509445,0,-2,-56
1756013694.8889446,-6,0,-49
1756013694.927945,-5,5,-59
1756013694.963945,2,0,-50
1756013695.0009446,1,4,-58
1756013695.0389447,-3,3,-51
1756013695.0769446,-3,5,-54
1756013695.1129446,-6,2,-42
1756013695.1509447,3,0,-46
1756013695.1889446,3,0,-48
1756013695.2269447,-1,0,-44
1756013695.2629447,-3,-5,-55
1756013695.3009446,0,0,-61
1756013695.338945,-6,6,-40
1756013695.3769443,0,0,-44
1756013695.4129446,-5,0,-54
1756013695.450945,-5,0,-49
1756013695.4889443,3,-5,-51
1756013695.5279446,-3,-2,-52
1756013695.5639446,3,-2,-46
1756013695.6009445,9,0,-41
1756013695.6389446,-2,1,-46
1756013695.6749446,-1,2,-49
1756013695.7129445,0,0,-43
1756013695.7509446,3,-7,-52
1756013695.7889447,1,-4,-60
1756013695.8279445,4,-6,-61
1756013695.8639443,3,-10,-48
1756013695.9009447,2,-5,-52
1756013695.9389446,-11,-5,-48
1756013695.9779446,-1,0,-51
1756013696.0139446,-1,-1,-56
1756013696.052945,-2,-3,-64
1756013696.0899446,-1,-4,-48
1756013696.1339445,-4,-9,-48
1756013696.1719446,-1,-3,-45
1756013696.2099447,-1,-1,-50
1756013696.2489443,4,4,-46
1756013696.2849443,3,-1,-51
1756013696.3219447,1,-7,-50
1756013696.3599446,0,-2,-52
1756013696.3989446,5,2,-47
1756013696.4349446,0,1,-46
1756013696.4729445,3,-2,-47
1756013696.509945,1,2,-39
1756013696.5479443,-1,0,-57
1756013696.5839446,1,0,-49
1756013696.6209445,0,-1,-44
1756013696.6599443,3,7,-55
1756013696.6979446,-9,0,-47
1756013696.733945,1,-3,-54
1756013696.7709446,-4,-7,-63
1756013696.8099446,-1,0,-65
1756013696.8479445,-6,4,-60
1756013696.8839445,-2,2,-53
1756013696.9209447,-2,0,-50
1756013696.9599447,-2,1,-54
1756013696.9979446,-7,0,-52
1756013697.0339446,4,0,-62
1756013697.0709443,2,-1,-59
1756013697.1099446,0,-2,-52
1756013697.1459446,-4,-2,-46
1756013697.1839447,0,1,-58
1756013697.2219446,-5,1,-51
1756013697.259945,-6,9,-55
1756013697.2989447,0,2,-54
1756013697.3349447,0,5,-41
1756013697.371945,0,4,-46
1756013697.4099443,-3,0,-44
1756013697.4489446,-4,-2,-55
1756013697.4859445,0,0,-44
1756013697.5229447,0,3,-52
1756013697.5599446,2,0,-44
1756013697.5959446,2,0,-47
1756013697.6339445,8,-5,-59
1756013697.6729443,1,-7,-56
1756013697.7099447,1,-4,-52
1756013697.7489443,-2,0,-43
1756013697.7849443,-3,-3,-45
1756013697.8229446,-2,-3,-45
1756013697.8609445,4,-3,-42
1756013697.8999443,-1,-1,-39
1756013697.9359446,-7,-3,-58
1756013697.973945,-2,4,-53
1756013698.0119443,0,4,-43
1756013698.0499446,-4,1,-44
1756013698.085945,-2,9,-46
1756013698.1229446,3,-3,-63
1756013698.1609447,-3,-3,-62
1756013698.1999447,-1,-4,-50
1756013698.2359445,-7,2,-50
1756013698.2739446,-3,1,-51
1756013698.3119447,2,-3,-61
1756013698.3509445,3,-2,-50
1756013698.3889446,-2,-2,-47
1756013698.4249446,0,0,-48
1756013698.4619446,-3,-1,-46
1756013698.5009446,-2,-5,-61
1756013698.5389447,-7,-3,-54
1756013698.5749447,0,0,-50
1756013698.611945,0,3,-56
1756013698.6509447,4,4,-61
1756013698.6889446,4,-4,-52
1756013698.7249446,4,-5,-44
1756013698.7619443,7,-5,-47
1756013698.8009446,1,-2,-48
1756013698.8369446,-3,-7,-47
1756013698.8749447,-5,-6,-54
1756013698.9129446,-7,-9,-48
1756013698.950945,-6,-2,-48
1756013698.9899447,0,-4,-41
1756013699.0259447,1,-4,-55
1756013699.0639446,-6,-6,-47
1756013699.1009445,-2,-2,-56
1756013699.1399446,-4,1,-44
1756013699.1759446,-6,-6,-42
1756013699.213945,2,-5,-48
1756013699.2519443,-1,-4,-55
1756013699.2909446,-2,0,-62
1756013699.3269446,-1,0,-52
1756013699.3649447,-5,1,-55
1756013699.4029446,3,-3,-60
1756013699.440945,-2,4,-43
1756013699.4799447,0,5,-50
1756013699.5159447,5,4,-50
1756013699.552945,-6,-3,-44
1756013699.5919447,0,-2,-46
1756013699.6299446,1,-1,-47
1756013699.6659446,1,-4,-46
1756013699.7029445,-2,-8,-49
1756013699.7419446,-8,-1,-50
1756013699.779945,-5,0,-43
1756013699.815945,-2,2,-40
1756013699.8529446,7,-1,-54
1756013699.8919446,7,1,-49
1756013699.9299445,-2,4,-49
1756013699.9659443,-3,1,-54
1756013700.0029447,-4,-2,-57
1756013700.0419445,-6,-3,-54
1756013700.0799446,1,-2,-50
1756013700.1159446,1,-3,-49
1756013700.1529446,-3,2,-50
1756013700.1919446,-1,-6,-60
1756013700.2299447,-3,-2,-51
1756013700.2659447,2,-4,-48
1756013700.302945,9,-3,-65
1756013700.3419447,2,-1,-55
1756013700.3799446,-2,-2,-51
1756013700.4159446,0,1,-42
1756013700.4529445,-2,-3,-47
1756013700.4919446,-3,1,-56
1756013700.5279446,0,-2,-63
1756013700.5649445,0,2,-67
1756013700.6019447,-2,2,-59
1756013700.6409447,1,0,-46
1756013700.6769447,7,0,-52
1756013700.7149446,7,-1,-46
1756013700.7529447,5,-3,-50
1756013700.7919445,0,-1,-53
1756013700.8279445,0,-3,-52
1756013700.8659446,-8,-1,-51
1756013700.9039447,-7,2,-48
1756013700.9429443,-2,3,-52
1756013700.9809446,-5,-3,-57
1756013701.0169446,-1,-5,-49
1756013701.0559447,0,-8,-44
1756013701.0929446,10,-2,-40
1756013701.131945,8,0,-38
1756013701.167945,3,2,-46
1756013701.2049446,-1,-3,-43
1756013701.2429447,-3,-7,-45
1756013701.2819445,3,-3,-48
1756013701.3179443,2,-6,-47
1756013701.3549447,2,-4,-52
1756013701.3929446,-5,-7,-67
1756013701.4319446,-7,-5,-48
1756013701.4679446,-4,1,-46
1756013701.5059447,-1,-4,-45
1756013701.5439446,0,-4,-54
1756013701.5829446,1,0,-55
1756013701.6209445,-4,0,-54
1756013701.6569445,5,-2,-50
1756013701.6949446,1,0,-44
1756013701.7329447,-5,-1,-51
1756013701.7709446,2,-2,-61
1756013701.8069446,1,-3,-48
1756013701.8449447,-5,-5,-43
1756013701.8829446,-7,-3,-52
1756013701.9219446,-2,-11,-60
1756013701.9579446,0,-1,-66
1756013701.9949446,-8,-6,-50
1756013702.032945,0,-3,-56
1756013702.0719447,-3,-3,-52
1756013702.1079447,4,-8,-60
1756013702.144945,0,-3,-64
1756013702.1829443,3,0,-63
1756013702.2189443,5,1,-49
1756013702.2559447,2,1,-50
1756013702.292945,0,0,-53
1756013702.3289447,3,0,-52
1756013702.3659446,0,3,-51
1756013702.4029446,-1,3,-43
1756013702.4419446,0,0,-52
1756013702.4779446,2,-1,-60
1756013702.5149446,-3,-3,-58
1756013702.552945,-2,-3,-56
1756013702.5919447,1,-1,-46
1756013702.6279447,-4,0,-39
1756013702.6649446,-7,-1,-43
1756013702.7029445,-3,4,-49
1756013702.7419446,-4,7,-41
1756013702.7779446,-8,4,-51
1756013702.8149445,-5,3,-52
1756013702.8539443,5,1,-50
1756013702.8919446,2,-6,-55
1756013702.927945,2,0,-48
1756013702.9649446,-9,-2,-43
1756013703.0039446,-7,6,-46
1756013703.0419445,0,0,-54
1756013703.0779445,-4,0,-49
1756013703.1159446,2,5,-56
1756013703.1539447,0,2,-49
1756013703.1919446,-3,6,-48
1756013703.2279446,3,0,-51
1756013703.2649446,1,-5,-57
1756013703.3039446,2,-3,-58
1756013703.3419447,4,-9,-52
1756013703.3779447,1,-10,-54
1756013703.4159446,-12,-8,-40
1756013703.4539447,0,1,-50
1756013703.4919446,-3,0,-56
1756013703.5289447,-4,-2,-53
1756013703.565945,1,5,-68
1756013703.6049447,4,7,-58
1756013703.6429446,2,4,-52
1756013703.6789446,0,4,-42
1756013703.7159443,1,2,-52
1756013703.7539446,0,0,-49
1756013703.7899446,3,0,-52
1756013703.8269446,3,-2,-43
1756013703.8659446,3,6,-38
1756013703.9039447,-2,1,-44
1756013703.9399445,-2,4,-37
1756013703.9779446,-5,-4,-40
1756013704.0159447,-11,-1,-39
1756013704.0539446,-1,0,-53
1756013704.0929446,-2,-1,-42
1756013704.1289446,-2,-4,-54
1756013704.1669445,13,-1,-48
1756013704.2049446,14,-1,-60
1756013704.2439446,5,0,-56
1756013704.279945,3,0,-57
1756013704.3169446,-4,-7,-46
1756013704.3549447,-5,1,-57
1756013704.3939445,0,-3,-56
1756013704.4299445,-2,-4,-57
1756013704.4679446,-6,-6,-49
1756013704.5059447,0,-5,-48
1756013704.5449443,-11,0,-58
1756013704.5829446,-2,7,-43
1756013704.6189446,0,5,-54
1756013704.6559446,0,6,-58
1756013704.6949446,3,-3,-46
1756013704.7329447,0,0,-55
1756013704.7689445,1,-6,-55
1756013704.8059447,1,-2,-47
1756013704.8449447,6,-2,-53
1756013704.8829446,2,0,-50
1756013704.9189446,1,1,-52
1756013704.9559443,-1,-1,-51
1756013704.9949446,0,5,-54
1756013705.032945,2,-2,-53
1756013705.0689447,0,0,-56
1756013705.1069446,-3,0,-56
1756013705.144945,-5,5,-50
1756013705.1839447,0,5,-46
1756013705.2199447,-2,5,-48
1756013705.2579446,-2,0,-63
1756013705.2959447,9,0,-50
1756013705.3339446,9,-1,-56
1756013705.3699446,9,1,-49
1756013705.4069445,4,-2,-50
1756013705.4449446,-5,-12,-44
1756013705.483945,7,-8,-52
1756013705.519945,0,-5,-54
1756013705.5569446,-5,-2,-44
1756013705.5949447,-5,-3,-46
1756013705.6339445,-3,-1,-41
1756013705.6699443,1,-4,-52
1756013705.7069447,3,-4,-55
1756013705.7449446,-3,1,-50
1756013705.7839446,5,-2,-44
1756013705.8199446,0,2,-50
1756013705.8569446,-3,3,-66
1756013705.894945,-8,-1,-60
1756013705.9339447,0,0,-45
1756013705.9699447,-1,-3,-43
1756013706.0079446,2,0,-54
1756013706.0449443,-4,-2,-44
1756013706.0839446,1,4,-60
1756013706.1199446,0,5,-49
1756013706.1659446,3,-3,-59
1756013706.2039447,0,0,-57
1756013706.2399447,0,1,-49
1756013706.2769446,-4,1,-50
1756013706.315945,-7,0,-42
1756013706.3539443,2,5,-40
1756013706.3899446,5,5,-40
1756013706.4269447,-2,-6,-37
1756013706.4659443,0,-2,-41
1756013706.5039446,1,0,-39
1756013706.5399446,-1,-1,-46
1756013706.5779445,-1,5,-37
1756013706.6159446,-3,4,-48
1756013706.654945,1,2,-53
1756013706.690945,1,-3,-44
1756013706.7289443,7,0,-51
1756013706.7659447,-2,11,-47
1756013706.8049445,-1,10,-56
1756013706.8409443,-5,3,-50
1756013706.8779447,3,-3,-50
1756013706.9159446,-5,0,-54
1756013706.9549446,4,2,-57
1756013706.9909446,3,5,-53
1756013707.0279446,0,3,-51
1756013707.065945,-2,0,-41
1756013707.1039443,5,-2,-44
1756013707.1399446,7,-6,-47
1756013707.1769447,2,-2,-58
1756013707.2159443,5,-5,-54
1756013707.2529447,2,-4,-52
1756013707.2899446,0,5,-61
1756013707.3269446,-2,-2,-54
1756013707.3659446,-6,-3,-54
1756013707.4019446,-3,-2,-47
1756013707.4399445,0,-3,-35
1756013707.4779446,6,-6,-42
1756013707.5159447,1,-3,-47
1756013707.5549445,0,0,-45
1756013707.5909443,0,-6,-46
1756013707.6289446,-1,0,-43
1756013707.667945,5,-5,-42
1756013707.7059443,2,4,-56
1756013707.7419446,-8,-5,-50
1756013707.779945,-4,5,-63
1756013707.8179443,-2,2,-59
1756013707.8569446,1,-1,-67
1756013707.894945,-5,-5,-58
1756013707.9309447,3,-6,-57
1756013707.9689443,-7,0,-53
1756013708.006945,-3,0,-46
1756013708.0449443,8,-4,-67
1756013708.0809443,3,-7,-53
1756013708.1189446,-2,-4,-61
1756013708.1569445,-5,-4,-54
1756013708.1949446,-2,-3,-48
1756013708.2309446,-1,0,-51
1756013708.2689445,0,-6,-45
1756013708.3069446,4,-5,-40
1756013708.3449447,-2,-2,-53
1756013708.3809447,-5,9,-53
1756013708.4189446,0,4,-50
1756013708.4569447,-2,-1,-46
1756013708.4949446,-6,-6,-39
1756013708.5309446,-4,-6,-49
1756013708.5689447,-5,2,-42
1756013708.6069446,2,-5,-45
1756013708.6459446,4,-6,-50
1756013708.6819446,4,-1,-61
1756013708.7189443,-1,-5,-46
1756013708.756945,-7,-1,-64
1756013708.7959447,0,4,-55
1756013708.8319447,-6,11,-52
1756013708.8689446,1,6,-51
1756013708.9069445,-5,5,-45
1756013708.9429443,-7,0,-43
1756013708.9799447,-8,3,-49
1756013709.0189445,1,2,-44
1756013709.0569446,-2,4,-48
1756013709.0929446,0,3,-53
1756013709.1299446,-3,-2,-44
1756013709.1689446,-2,-1,-35
1756013709.2069447,3,3,-42
1756013709.2429447,3,4,-45
1756013709.279945,3,7,-48
1756013709.3169446,3,2,-53
1756013709.3529446,1,-5,-40
1756013709.3909447,-1,-1,-46
1756013709.4299445,-1,0,-52
1756013709.4679446,4,-1,-53
1756013709.5059447,-1,-5,-52
1756013709.5419445,-7,-5,-52
1756013709.5799446,-2,-2,-42
1756013709.6179447,0,-7,-45
1756013709.6569445,6,-4,-48
1756013709.6929443,1,-4,-49
1756013709.7299447,-4,-6,-37
1756013709.7679446,-5,-2,-61
1756013709.8069446,-6,0,-50
1756013709.8429446,-2,-4,-46
1756013709.8809447,-7,-6,-51
1756013709.9189446,-4,-3,-46
1756013709.9579446,-6,-1,-54
1756013709.9959445,-4,-5,-53
1756013710.0319445,1,-7,-62
1756013710.0689447,-2,1,-63
1756013710.1079447,0,-1,-54
1756013710.1459446,3,1,-61
1756013710.1819446,6,0,-58
1756013710.2199447,-3,-2,-58
1756013710.2589445,2,0,-46
1756013710.2969446,0,-2,-59
1756013710.3329446,-2,2,-49
1756013710.3699446,-1,1,-38
1756013710.407945,-3,-2,-55
1756013710.4469447,-10,1,-45
1756013710.4829447,-3,3,-38
1756013710.5209446,-2,2,-40
1756013710.5589447,-5,3,-48
1756013710.5979445,2,-6,-50
1756013710.6339445,4,-6,-42
1756013710.6719446,-6,-5,-46
1756013710.7099447,-4,0,-45
1756013710.7479446,-3,1,-45
1756013710.7869446,1,6,-50
1756013710.8229446,0,0,-41
1756013710.8599446,3,3,-52
1756013710.8979447,-4,0,-56
1756013710.9339447,0,3,-58
1756013710.9719446,-7,-4,-46
1756013711.009945,-4,-1,-41
1756013711.0479443,4,-5,-48
1756013711.0869446,4,-3,-51
1756013711.1229446,-4,-4,-58
1756013711.1609447,0,0,-47
1756013711.1989446,-1,0,-47
1756013711.2379446,-2,-3,-48
1756013711.2739446,1,-2,-53
1756013711.3109446,-3,-5,-50
1756013711.348945,4,5,-51
1756013711.3879447,5,7,-56
1756013711.4239447,5,-1,-57
1756013711.460945,2,0,-56
1756013711.4989443,-1,-5,-46
1756013711.5369446,-4,0,-50
1756013711.5729446,-3,-2,-42
1756013711.611945,1,-1,-41
1756013711.6489446,8,3,-53
1756013711.6869447,2,4,-51
1756013711.7229445,1,-3,-54
1756013711.7609446,0,1,-50
1756013711.7989447,-1,2,-51
1756013711.8369446,4,0,-57
1756013711.8729446,-2,3,-62
1756013711.9109447,1,0,-55
1756013711.9489446,-3,2,-52
1756013711.9879446,2,4,-50
1756013712.0239446,1,-3,-48
1756013712.0619447,-1,-1,-57
1756013712.0999446,-6,-4,-55
1756013712.1389446,-3,-3,-45
1756013712.1749446,-5,-5,-61
1756013712.2129445,0,1,-52
1756013712.2499447,1,0,-54
1756013712.2889447,0,2,-53
1756013712.3249447,-2,0,-46
1756013712.361945,3,-3,-43
1756013712.4009447,3,-4,-50
1756013712.4389446,-1,0,-63
1756013712.4749446,-5,1,-53
1756013712.5119443,0,0,-57
1756013712.5489447,3,-3,-50
1756013712.5879445,-2,1,-45
1756013712.6239443,7,-3,-55
1756013712.6609447,0,-4,-48
1756013712.6989446,2,-1,-45
1756013712.7379446,0,1,-42
1756013712.7739446,3,-3,-42
1756013712.8109446,-4,4,-40
1756013712.8499446,-1,-3,-59
1756013712.8879447,0,0,-54
1756013712.9249446,-1,5,-44
1756013712.9619446,1,2,-46
1756013712.9999447,0,-1,-47
1756013713.0379446,0,1,-51
1756013713.0739446,-4,-1,-61
1756013713.111945,3,-2,-58
1756013713.1509447,1,3,-43
1756013713.1889446,-5,2,-51
1756013713.2249446,-6,5,-50
1756013713.2619443,-2,3,-66
1756013713.2999446,5,-7,-71
1756013713.338945,11,0,-54
1756013713.3749447,3,0,-50
1756013713.4119446,7,0,-46
1756013713.4499447,4,0,-56
1756013713.4879446,0,1,-48
1756013713.5239446,4,-4,-59
1756013713.5609446,-1,-1,-35
1756013713.5999446,11,-2,-43
1756013713.6379447,7,-5,-50
1756013713.6739447,4,1,-51
1756013713.710945,-2,2,-45
1756013713.7499447,0,4,-39
1756013713.7859447,6,1,-54
1756013713.8229446,0,-2,-57
1756013713.8609445,3,1,-48
1756013713.8999443,0,-2,-47
1756013713.9359446,2,0,-60
1756013713.9729445,-4,0,-56
1756013714.0119443,2,7,-53
1756013714.0499446,-4,3,-52
1756013714.085945,-4,4,-45
1756013714.1229446,3,0,-53
1756013714.1599443,4,0,-56
1756013714.1989446,6,-2,-59
1756013714.2349446,1,0,-51
1756013714.2719443,1,-4,-38
1756013714.3099446,5,-3,-45
1756013714.348945,0,-1,-50
1756013714.3859446,2,-8,-53
1756013714.4229443,4,-7,-47
1756013714.4619446,0,-4,-55
1756013714.4999447,1,0,-35
1756013714.5359447,0,0,-33
1756013714.5729446,-5,0,-43
1756013714.611945,6,8,-42
1756013714.6499443,-2,0,-53
1756013714.6859446,-8,0,-49
1756013714.7249446,2,2,-46
1756013714.7619443,-3,1,-46
1756013714.8009446,4,-2,-41
1756013714.838945,0,-4,-40
1756013714.8749447,0,3,-46
1756013714.9119446,2,-1,-52
1756013714.950945,3,4,-56
1756013714.9889443,5,3,-58
1756013715.0249443,7,-1,-49
1756013715.0619447,4,0,-55
1756013715.0999446,-1,-1,-52
1756013715.1359446,-4,0,-44
1756013715.1729443,1,3,-48
1756013715.210945,2,5,-61
1756013715.2489443,6,0,-58
1756013715.2849443,7,0,-45
1756013715.3219447,4,4,-50
1756013715.3609445,3,3,-51
1756013715.3989446,0,0,-59
1756013715.4349446,0,-2,-51
1756013715.4729445,-5,-10,-55
1756013715.5109446,7,-2,-43
1756013715.5499446,7,-5,-54
1756013715.585945,3,-5,-48
1756013715.6229446,-5,-2,-56
1756013715.6609447,1,0,-57
1756013715.6969447,0,-6,-55
1756013715.7349446,-2,0,-45
1756013715.7729447,0,3,-40
1756013715.8109446,3,3,-50
1756013715.8499446,6,-3,-47
1756013715.8859446,8,-1,-49
1756013715.9239447,8,-1,-35
1756013715.960945,8,-3,-58
1756013715.9999447,7,-6,-56
1756013716.0359447,3,-10,-50
1756013716.0729446,0,-11,-56
1756013716.1109445,-2,-5,-52
1756013716.1499443,-1,0,-54
1756013716.1939447,6,-1,-48
1756013716.2329447,6,3,-54
1756013716.2709446,0,0,-59
1756013716.3069446,2,6,-55
1756013716.3439443,-3,2,-42
1756013716.381945,1,0,-59
1756013716.4209447,1,2,-57
1756013716.4569447,0,1,-58
1756013716.4939446,4,-3,-54
1756013716.5319445,0,-6,-47
1756013716.5709443,7,-3,-39
1756013716.6069446,0,1,-55
1756013716.6439445,5,1,-68
1756013716.6819446,-3,-6,-57
1756013716.7199447,-1,-4,-51
1756013716.7559447,3,-1,-54
1756013716.792945,1,3,-57
1756013716.8309443,-2,3,-57
1756013716.8669446,-5,0,-50
1756013716.9039447,5,0,-53
1756013716.9419446,-2,4,-48
1756013716.9809446,-4,1,-46
1756013717.0169446,4,0,-50
1756013717.0539446,6,0,-51
1756013717.0919447,3,4,-57
1756013717.1279447,-7,5,-58
1756013717.1649446,-2,0,-53
1756013717.2029445,-6,-8,-56
1756013717.2419446,6,-6,-60
1756013717.2779446,5,3,-57
1756013717.3149445,9,1,-58
1756013717.3519447,1,0,-59
1756013717.3909447,1,-3,-51
1756013717.4269447,-5,0,-48
1756013717.463945,0,-6,-41
1756013717.5019443,3,-1,-44
1756013717.5409446,3,-1,-51
1756013717.5769446,0,-1,-51
1756013717.6149447,3,-4,-48
1756013717.6519446,-1,-1,-54
1756013717.690945,4,-1,-50
1756013717.7269447,4,0,-51
1756013717.7649446,4,2,-40
1756013717.802945,-5,0,-39
1756013717.8409443,3,-3,-47
1756013717.8769443,6,-1,-50
1756013717.9149446,0,-6,-49
1756013717.9529445,2,-2,-43
1756013717.9909446,7,-2,-44
1756013718.0269446,7,-1,-55
1756013718.0649445,-3,-2,-57
1756013718.1029446,-3,-3,-48
1756013718.1409447,-2,0,-49
1756013718.1769447,3,4,-36
1756013718.2149446,6,2,-55
1756013718.2529447,0,1,-46
1756013718.2909446,-1,-2,-51
1756013718.3269446,-3,-4,-50
1756013718.3649447,1,3,-63
1756013718.4029446,-3,-3,-62
1756013718.440945,3,-8,-55
1756013718.4769447,2,-2,-48
1756013718.5139446,3,-5,-52
1756013718.552945,0,-4,-53
1756013718.5909443,-3,0,-59
1756013718.6269443,-2,2,-59
1756013718.6639447,-1,0,-52
1756013718.7029445,-9,-2,-51
1756013718.7389443,1,1,-64
1756013718.7759447,-1,-4,-57
1756013718.8139446,6,-1,-47
1756013718.8529446,4,1,-50
1756013718.8889446,-4,0,-50
1756013718.9259446,0,-2,-46
1756013718.963945,1,4,-40
1756013719.0019443,-3,3,-40
1756013719.0379446,-1,0,-43
1756013719.0749447,1,1,-51
1756013719.1139443,-1,0,-65
1756013719.1519446,-6,-5,-52
1756013719.187945,-1,-1,-54
1756013719.2259445,-13,-5,-49
1756013719.2639446,0,1,-45
1756013719.3019447,-7,-2,-44
1756013719.3379445,-3,-2,-39
1756013719.3759446,3,-3,-36
1756013719.4139447,10,0,-44
1756013719.4519446,3,3,-50
1756013719.4879446,-1,0,-48
1756013719.5249443,-1,4,-72
1756013719.5639446,-3,1,-59
1756013719.6019447,2,-9,-56
1756013719.6379447,-1,-5,-52
1756013719.6759446,0,-10,-53
1756013719.713945,-1,-6,-46
1756013719.7529447,-2,-4,-52
1756013719.7889447,-1,-6,-55
1756013719.8269446,3,-1,-51
1756013719.8649447,-5,-3,-43
1756013719.9039447,-4,0,-52
1756013719.9419446,8,-3,-52
1756013719.9779446,3,4,-54
1756013720.0149446,0,-1,-57
1756013720.0539446,-1,-5,-42
1756013720.0919447,1,0,-48
1756013720.1279447,0,4,-54
1756013720.1649446,0,-2,-53
1756013720.2039447,6,3,-62
1756013720.2419446,0,0,-47
1756013720.2779446,-4,0,-53
1756013720.3149445,-2,-6,-46
1756013720.3539443,4,-4,-54
1756013720.3899446,8,-1,-54
1756013720.4269447,4,-2,-60
1756013720.4649446,-1,0,-53
1756013720.5039446,-3,0,-65
1756013720.5399446,-10,-2,-55
1756013720.5779445,-8,-2,-55
1756013720.6159446,-3,0,-43
1756013720.6539447,-5,0,-55
1756013720.6929443,1,0,-47
1756013720.7289443,-4,0,-51
1756013720.7669446,-12,0,-51
1756013720.8049445,-8,-2,-60
1756013720.8439443,-2,-1,-56
1756013720.8799446,0,2,-43
1756013720.9169445,0,-4,-46
1756013720.9549446,2,-9,-41
1756013720.9939446,-2,-3,-48
1756013721.029945,-4,-2,-40
1756013721.0679443,-1,0,-47
1756013721.1059446,1,3,-50
1756013721.1439445,0,-1,-56
1756013721.1799445,-4,-6,-46
1756013721.2179446,-3,-4,-59
1756013721.2559447,-1,0,-47
1756013721.2949443,4,-7,-38
1756013721.3329446,10,-10,-45
1756013721.3689446,4,-8,-49
1756013721.4059446,-2,-6,-46
1756013721.4449446,-8,1,-59
1756013721.4829447,-4,-4,-69
1756013721.5189445,-2,-3,-59
1756013721.5569446,0,0,-63
1756013721.5949447,-1,0,-56
1756013721.6329446,-4,-3,-36
1756013721.6689446,-4,1,-45
1756013721.7069447,-3,4,-41
1756013721.7449446,-7,-2,-43
1756013721.7839446,0,-10,-45
1756013721.8199446,5,-6,-38
1756013721.8569446,1,2,-45
1756013721.894945,-5,-2,-56
1756013721.9329443,-4,-6,-66
1756013721.9689443,-6,0,-56
1756013722.006945,0,4,-58
1756013722.0449443,8,0,-58
1756013722.0809443,0,2,-65
1756013722.1179447,-4,-4,-48
1756013722.1559446,0,-6,-46
1756013722.1949446,-3,-7,-49
1756013722.2309446,0,-6,-47
1756013722.2679446,-4,-2,-51
1756013722.3059447,0,1,-54
1756013722.3439443,3,2,-52
1756013722.3799446,-1,-2,-53
1756013722.417945,-6,2,-52
1756013722.4559443,3,5,-51
1756013722.4949446,-1,2,-55
1756013722.5309446,-1,7,-59
1756013722.5679443,2,0,-53
1756013722.6059446,0,-6,-48
1756013722.644945,-5,-5,-48
1756013722.6809447,-5,-2,-60
1756013722.7189443,-1,-2,-36
1756013722.756945,0,-4,-56
1756013722.7959447,-5,-7,-45
1756013722.8339446,-7,-2,-52
1756013722.8699446,-6,-4,-46
1756013722.907945,0,-6,-44
1756013722.9459443,3,-4,-38
1756013722.9849446,2,-4,-53
1756013723.0209446,0,-4,-57
1756013723.0579443,-2,-8,-61
1756013723.0959446,-4,-3,-56
1756013723.134945,-4,-1,-53
1756013723.1709447,-2,1,-51
1756013723.2079446,-3,7,-60
1756013723.2459445,-10,1,-47
1756013723.2849443,0,1,-46
1756013723.3209443,-3,-4,-48
1756013723.358945,-4,0,-41
1756013723.3979447,-10,-3,-59
1756013723.4359446,-11,1,-53
1756013723.473945,-2,-3,-50
1756013723.509945,0,-7,-51
1756013723.5479443,-4,0,-49
1756013723.585945,2,-2,-47
1756013723.6249447,3,0,-58
1756013723.6609447,0,7,-46
1756013723.6979446,-1,-4,-36
1756013723.7359445,-6,-5,-46
1756013723.7749443,-2,-5,-56
1756013723.8109446,-2,-2,-52
1756013723.848945,-5,3,-48
1756013723.8869443,-11,0,-42
1756013723.9259446,-2,2,-49
1756013723.9619446,1,11,-46
1756013723.9989443,3,4,-49
1756013724.0359447,0,0,-46
1756013724.0719447,0,-3,-38
1756013724.108945,-10,-4,-47
1756013724.1469443,-6,-2,-58
1756013724.1859446,3,-1,-55
1756013724.2219446,-5,8,-58
1756013724.2589445,-1,6,-51
1756013724.2969446,0,-1,-34
1756013724.335945,-1,0,-39
1756013724.371945,-6,3,-49
1756013724.4089446,1,3,-38
1756013724.4469447,5,3,-53
1756013724.4849446,0,2,-57
1756013724.5209446,-1,-1,-50
1756013724.5589447,0,-1,-44
1756013724.5969446,6,0,-38
1756013724.6359446,0,4,-57
1756013724.6719446,-6,5,-57
1756013724.7089446,-4,2,-56
1756013724.746945,1,-3,-54
1756013724.7859447,2,1,-45
1756013724.8219447,-1,0,-50
1756013724.858945,0,-6,-47
1756013724.8969443,-1,-3,-45
1756013724.9359446,-6,-2,-56
1756013724.9719446,-5,2,-54
1756013725.0089445,-4,0,-43
1756013725.0469446,-5,0,-46
1756013725.085945,0,-1,-46
1756013725.121945,2,-5,-47
1756013725.1589446,4,-2,-47
1756013725.1969447,7,-2,-48
1756013725.2359445,-10,1,-50
1756013725.2719443,-8,6,-48
1756013725.3089447,-12,-1,-48
1756013725.3469446,-5,2,-50
1756013725.3859446,1,6,-49
1756013725.4219446,6,4,-55
1756013725.4589446,2,0,-48
1756013725.496945,3,-4,-56
1756013725.532945,4,-4,-54
1756013725.5709443,4,0,-58
1756013725.6079447,1,-3,-47
1756013725.6469443,-2,0,-65
1756013725.6829443,3,2,-51
1756013725.7199447,0,4,-50
1756013725.756945,0,0,-57
1756013725.7959447,0,2,-45
1756013725.8319447,7,1,-53
1756013725.8699446,0,7,-46
1756013725.9069445,7,-5,-44
1756013725.9459443,1,-2,-43
1756013725.9819446,-5,-2,-47
1756013726.019945,0,-1,-53
1756013726.0579443,1,-1,-50
1756013726.0969446,-4,-2,-45
1756013726.1329446,2,8,-62
1756013726.1709447,3,-5,-53
1756013726.2159443,-3,-8,-54
1756013726.2519443,-2,-11,-46
1756013726.2899446,-3,0,-44
1756013726.3279445,2,-1,-57
1756013726.3669446,4,-4,-66
1756013726.4029446,2,-10,-54
1756013726.4399445,0,-2,-44
1756013726.4779446,0,-5,-52
1756013726.5169446,0,-1,-64
1756013726.552945,-2,1,-41
1756013726.5899446,-13,-2,-47
1756013726.6279447,-9,5,-53
1756013726.6669445,-6,3,-55
1756013726.7029445,-2,-4,-50
1756013726.7409446,-1,-8,-48
1756013726.779945,0,-3,-48
1756013726.8179443,0,0,-50
1756013726.8559446,-1,-4,-60
1756013726.8919446,-3,-2,-68
1756013726.9299445,-5,-3,-56
1756013726.9679446,0,1,-47
1756013727.006945,-2,0,-50
1756013727.042945,-2,0,-47
1756013727.0799446,2,-6,-52
1756013727.1179447,-3,-5,-46
1756013727.1569445,-4,-1,-38
1756013727.1929443,-7,-1,-49
1756013727.2309446,-4,0,-49
1756013727.2689445,5,5,-49
1756013727.3079443,4,3,-53
1756013727.3439443,6,7,-50
1756013727.3809447,2,6,-46
1756013727.4189446,-2,2,-40
1756013727.4579446,-7,5,-48
1756013727.4939446,3,1,-42
1756013727.5319445,4,-3,-51
1756013727.5699446,-2,-6,-56
1756013727.6079447,-6,-9,-59
1756013727.6469443,-5,-2,-42
1756013727.6829443,-7,7,-41
1756013727.7199447,-4,5,-42
1756013727.7589445,1,0,-42
1756013727.7969446,-1,0,-48
1756013727.8329446,0,-2,-39
1756013727.8699446,-1,-1,-36
1756013727.9089446,0,-2,-42
1756013727.9469447,0,4,-46
1756013727.9829447,1,4,-48
1756013728.019945,-6,3,-54
1756013728.0589447,-1,3,-42
1756013728.0969446,-5,-3,-48
1756013728.1329446,-4,-1,-40
1756013728.1709447,1,-4,-38
1756013728.2089446,-3,0,-45
1756013728.2479446,-10,0,-53
1756013728.2839446,-5,-1,-55
1756013728.3219447,-2,0,-58
1756013728.3599446,-5,0,-49
1756013728.3989446,-5,-6,-48
1756013728.4369447,0,-4,-38
1756013728.4729445,8,0,-48
1756013728.5109446,7,-3,-62
1756013728.5499446,0,-7,-51
1756013728.5879445,-4,-2,-53
1756013728.6239443,-4,0,-53
1756013728.6609447,-3,0,-49
1756013728.6989446,-4,9,-52
1756013728.7379446,-9,3,-59
1756013728.7739446,-6,13,-52
1756013728.8109446,0,6,-61
1756013728.848945,7,0,-50
1756013728.884945,5,-1,-49
1756013728.9219446,0,0,-48
1756013728.9589446,0,1,-42
1756013728.9949446,-4,5,-48
1756013729.032945,0,4,-52
1756013729.0699446,-2,10,-64
1756013729.108945,0,0,-70
1756013729.144945,-4,1,-61
1756013729.1819446,-1,4,-57
1756013729.2199447,4,6,-52
1756013729.2579446,4,4,-47
1756013729.2939446,3,3,-51
1756013729.3309443,2,3,-54
1756013729.3689446,2,0,-52
1756013729.404945,3,0,-63
1756013729.4419446,2,-1,-54
1756013729.4799447,-1,1,-56
1756013729.5189445,-6,11,-61
1756013729.5549445,-6,10,-42
1756013729.5919447,7,1,-57
1756013729.6299446,-2,-6,-50
1756013729.667945,-4,-7,-44
1756013729.7039447,-1,-4,-35
1756013729.7419446,-2,-1,-42
1756013729.779945,-2,-6,-57
1756013729.8189447,1,-4,-49
1756013729.8549447,-1,6,-55
1756013729.8919446,-1,0,-56
1756013729.9299445,6,-1,-52
1756013729.9689443,3,-2,-53
1756013730.0049446,-2,-7,-52
1756013730.042945,1,2,-45
1756013730.0809443,1,-8,-40
1756013730.1189446,-2,-5,-55
1756013730.154945,1,5,-60
1756013730.1919446,9,-2,-60
1756013730.2309446,1,-2,-47
1756013730.2689445,0,-2,-53
1756013730.3049445,-6,-3,-60
1756013730.3429446,0,-1,-54
1756013730.3809447,-3,-4,-53
1756013730.4199443,3,-9,-52
1756013730.4559443,4,-8,-48
1756013730.4939446,3,-2,-39
1756013730.5319445,-1,1,-44
1756013730.5699446,-5,3,-45
1756013730.608945,-3,2,-48
1756013730.644945,0,-9,-53
1756013730.6819446,-2,-7,-42
1756013730.7199447,4,-1,-40
1756013730.7589445,4,6,-48
1756013730.7949443,2,-6,-45
1756013730.8319447,0,-2,-47
1756013730.8699446,-1,0,-57
1756013730.9089446,0,5,-64
1756013730.9449446,1,-4,-52
1756013730.9819446,-6,-6,-50
1756013731.019945,0,-8,-47
1756013731.0589447,0,-2,-48
1756013731.0949447,-1,0,-52
1756013731.131945,0,0,-50
1756013731.1699443,2,-6,-55
1756013731.2059443,-2,-1,-70
1756013731.2439446,0,-4,-53
1756013731.2819445,-4,-5,-43
1756013731.3209443,-1,-3,-48
1756013731.358945,-3,-1,-46
1756013731.394945,-3,-1,-47
1756013731.4329443,1,0,-49
1756013731.4709446,4,-2,-44
1756013731.5089445,3,0,-46
1756013731.5449443,7,2,-51
1756013731.5819447,4,4,-53
1756013731.6199446,-2,0,-44
1756013731.6559446,5,-2,-52
1756013731.6929443,4,1,-44
1756013731.7309446,0,-1,-47
1756013731.769945,-4,-4,-47
1756013731.8059447,0,-3,-41
1756013731.8429446,0,0,-42
1756013731.881945,0,0,-47
1756013731.9199443,-1,-1,-56
1756013731.9559443,2,2,-52
1756013731.9939446,3,1,-51
1756013732.0309446,0,4,-52
1756013732.0669446,1,-2,-55
1756013732.1049447,2,-3,-65
1756013732.1429446,5,2,-52
1756013732.1819446,1,-3,-58
1756013732.2199447,-5,0,-51
1756013732.2559447,5,1,-42
1756013732.292945,5,-3,-52
1756013732.3309443,4,-4,-65
1756013732.3699446,2,-3,-44
1756013732.4059446,1,-3,-49
1756013732.4439447,2,-5,-43
1756013732.4819446,-9,-1,-42
1756013732.5209446,0,-7,-50
1756013732.5569446,-5,0,-47
1756013732.5939443,4,5,-42
1756013732.631945,6,-3,-51
1756013732.6709447,10,0,-57
1756013732.7069447,1,-3,-55
1756013732.7439446,0,1,-46
1756013732.7819445,0,-3,-61
1756013732.8199446,0,-7,-54
1756013732.8569446,2,-9,-52
1756013732.8939445,7,-7,-46
1756013732.9319446,0,0,-44
1756013732.9699447,0,-2,-54
1756013733.0059447,-5,0,-60
1756013733.0439446,-4,0,-55
1756013733.0819447,-5,-1,-51
1756013733.1209445,-6,-3,-52
1756013733.1569445,-5,-2,-51
1756013733.1949446,2,-1,-61
1756013733.2329447,-4,3,-48
1756013733.2719443,-3,0,-51
1756013733.3099446,-2,10,-47
1756013733.3459446,5,0,-56
1756013733.3829446,1,6,-59
1756013733.4209447,-1,-2,-53
1756013733.4569447,4,0,-54
1756013733.4939446,-1,-1,-57
1756013733.5319445,-3,1,-47
1756013733.5709443,-1,-4,-56
1756013733.6069446,0,-5,-59
1756013733.6439445,-3,-8,-51
1756013733.6819446,2,-10,-55
1756013733.7209446,0,-7,-45
1756013733.756945,2,-3,-39
1756013733.7939446,2,0,-42
1756013733.8319447,1,3,-60
1756013733.8679447,3,-5,-52
1756013733.904945,-3,-1,-54
1756013733.9429443,-1,0,-56
1756013733.9819446,-1,-1,-46
1756013734.0179446,-1,-4,-49
1756013734.0559447,3,-1,-54
1756013734.0939443,-3,3,-52
1756013734.131945,1,-6,-54
1756013734.1709447,-6,-1,-59
1756013734.2069447,-4,-3,-61
1756013734.2459445,2,-2,-55
1756013734.282945,0,-10,-62
1756013734.3219447,0,-6,-60
1756013734.3579447,-8,0,-50
1756013734.3959446,-5,-5,-49
1756013734.4339447,1,-6,-59
1756013734.4729445,0,-1,-47
1756013734.5109446,0,0,-51
1756013734.5469446,5,6,-51
1756013734.5839446,3,0,-43
1756013734.621945,5,2,-51
1756013734.657945,6,8,-58
1756013734.6949446,1,1,-49
1756013734.733945,-3,-4,-45
1756013734.7719443,0,-1,-60
1756013734.8079443,-5,-1,-56
1756013734.8469446,3,4,-38
1756013734.8839445,1,0,-54
1756013734.9219446,-3,-2,-59
1756013734.9579446,-5,-2,-51
1756013734.9959445,-5,-4,-43
1756013735.0339446,-3,-3,-45
1756013735.0729446,-2,4,-54
1756013735.1109445,0,2,-56
1756013735.1469443,6,1,-59
1756013735.1839447,3,-11,-40
1756013735.2229445,5,5,-48
1756013735.2609446,8,-1,-59
1756013735.2969446,2,3,-59
1756013735.3339446,8,4,-52
1756013735.371945,4,0,-54
1756013735.407945,-3,-2,-61
1756013735.4469447,-6,-5,-44
1756013735.483945,-3,4,-48
1756013735.5229447,-2,3,-61
1756013735.5589447,5,5,-64
1756013735.5959446,-7,5,-58
1756013735.6339445,4,-4,-58
1756013735.6729443,4,0,-60
1756013735.7089446,-3,0,-56
1756013735.7459445,-1,-4,-51
1756013735.7839446,-3,-4,-51
1756013735.8229446,5,0,-54
1756013735.858945,0,-9,-50
1756013735.8969443,-2,-5,-34
1756013735.9339447,-9,0,-46
1756013735.9729445,-3,-6,-53
1756013736.0089445,-2,-4,-52
1756013736.0469446,-7,-11,-40
1756013736.0849447,0,0,-51
1756013736.1229446,2,-4,-56
1756013736.1589446,-3,-4,-45
1756013736.1969447,-5,-1,-48
1756013736.2429447,-2,0,-52
1756013736.2789447,-2,0,-55
1756013736.3169446,2,2,-48
1756013736.3539443,2,2,-41
1756013736.3919446,2,1,-47
1756013736.427945,0,-1,-41
1756013736.4659443,-3,0,-46
1756013736.5039446,2,-4,-59
1756013736.542945,-9,0,-54
1756013736.5789447,-5,-5,-54
1756013736.6169446,-6,6,-65
1756013736.6559446,-6,9,-54
1756013736.6939447,-3,8,-53
1756013736.7319446,-4,4,-49
1756013736.7679446,4,1,-55
1756013736.8059447,-1,-3,-49
1756013736.8439443,3,-5,-59
1756013736.881945,6,0,-55
1756013736.917945,0,5,-48
1756013736.9559443,-10,0,-54
1756013736.9939446,-7,-5,-53
1756013737.029945,-8,7,-43
1756013737.0669446,-1,9,-41
1756013737.1049447,1,-2,-51
1756013737.1439445,3,-6,-47
1756013737.1799445,-2,4,-59
1756013737.2169447,-5,-1,-50
1756013737.2549446,2,0,-38
1756013737.2939446,-5,-1,-55
1756013737.3299446,-4,0,-49
1756013737.3669446,-1,-3,-52
1756013737.404945,-1,-4,-46
1756013737.4439447,-6,-1,-55
1756013737.4799447,0,-3,-67
1756013737.5169446,-2,-4,-52
1756013737.5549445,1,-4,-56
1756013737.5939443,4,-5,-55
1756013737.6299446,-2,-4,-58
1756013737.667945,-7,2,-57
1756013737.7059443,-9,7,-43
1756013737.7449446,-3,0,-46
1756013737.782945,-4,-1,-52
1756013737.8189447,-2,0,-48
1756013737.8569446,-10,3,-55
1756013737.894945,3,4,-54
1756013737.9329443,-3,0,-55
1756013737.9689443,-4,-5,-60
1756013738.006945,0,1,-47
1756013738.0449443,-8,1,-42
1756013738.0829446,-6,-2,-56
1756013738.1189446,-1,-1,-59
1756013738.1569445,-4,-2,-57
1756013738.1949446,3,-5,-60
1756013738.233945,3,-5,-55
1756013738.269945,1,-1,-62
1756013738.3089447,-4,-9,-63
1756013738.3469446,0,-3,-51
1756013738.384945,1,-8,-44
1756013738.4229443,0,-3,-46
1756013738.4589446,2,-2,-50
1756013738.496945,2,-2,-49
1756013738.5349443,-1,0,-50
1756013738.5729446,-3,6,-40
1756013738.608945,3,1,-55
1756013738.6469443,-1,3,-56
1756013738.6849446,2,3,-37
1756013738.7209446,0,-4,-51
1756013738.7589445,0,0,-49
1756013738.7969446,0,-6,-44
1756013738.8349447,-4,2,-46
1756013738.8709445,-8,-3,-56
1756013738.9089446,-3,-1,-52
1756013738.9469447,-3,-1,-48
1756013738.9849446,-5,-1,-62
1756013739.0239446,-6,1,-61
1756013739.0599446,-1,0,-57
1756013739.0969446,1,3,-52
1756013739.134945,-6,-3,-42
1756013739.1709447,-1,3,-44
1756013739.2089446,2,0,-63
1756013739.246945,7,3,-54
1756013739.2849443,3,3,-56
1756013739.3209443,-2,4,-63
1756013739.358945,0,-1,-51
1756013739.3969443,-6,2,-45
1756013739.4359446,0,2,-49
1756013739.473945,-11,-2,-58
1756013739.509945,-5,-5,-61
1756013739.5479443,-10,-4,-55
1756013739.585945,-3,-5,-61
1756013739.6249447,0,0,-59
1756013739.6609447,0,3,-57
1756013739.6989446,2,0,-48
1756013739.736945,0,-4,-39
1756013739.7759447,7,-1,-45
1756013739.8139446,1,-3,-52
1756013739.8499446,0,-7,-54
1756013739.8869443,0,-5,-48
1756013739.9259446,-1,-5,-42
1756013739.963945,0,-10,-52
1756013739.9999447,-2,-3,-48
1756013740.0389447,4,-7,-46
1756013740.075945,0,-5,-44
1756013740.1149447,0,3,-59
1756013740.1509447,6,2,-58
1756013740.1889446,-3,1,-47
1756013740.2259445,-4,-2,-43
1756013740.2649446,-2,-4,-39
1756013740.3009446,-3,-5,-37
1756013740.338945,-1,-5,-45
1756013740.3769443,1,-5,-52
1756013740.4159446,-2,-2,-40
1756013740.4519446,1,0,-43
1756013740.4889443,-3,6,-53
1756013740.5269446,-6,-1,-50
1756013740.565945,-1,-3,-47
1756013740.6019447,6,-3,-50
1756013740.6389446,1,-4,-45
1756013740.6769447,0,-6,-52
1756013740.7159443,0,-4,-44
1756013740.7519443,-3,-7,-54
1756013740.7899446,-4,-7,-57
1756013740.8279445,-1,0,-50
1756013740.8659446,-8,-7,-57
1756013740.904945,-2,-1,-58
1756013740.940945,-1,0,-47
1756013740.9779446,3,-2,-45
1756013741.0169446,-9,-1,-53
1756013741.0549445,-1,0,-53
1756013741.0909443,-5,1,-47
1756013741.1279447,-2,10,-54
1756013741.1669445,-3,7,-50
1756013741.2049446,-1,3,-51
1756013741.2409446,-4,0,-60
1756013741.2779446,-1,0,-47
1756013741.3169446,-2,0,-42
1756013741.3549447,4,3,-55
1756013741.3909447,-2,-3,-44
1756013741.4289446,-3,1,-56
1756013741.4669447,-7,-1,-61
1756013741.5059447,-8,1,-50
1756013741.5419445,0,0,-51
1756013741.5789447,-9,-4,-57
1756013741.6169446,-3,1,-64
1756013741.6559446,-1,-6,-58
1756013741.6919446,6,-5,-49
1756013741.7299447,-2,-5,-65
1756013741.7669446,-4,-1,-51
1756013741.8059447,0,4,-39
1756013741.8419447,0,2,-53
1756013741.8799446,-2,0,-44
1756013741.9169445,-2,2,-51
1756013741.9559443,-1,6,-53
1756013741.9919446,-2,2,-51
1756013742.029945,0,0,-42
1756013742.0669446,-1,0,-49
1756013742.1059446,-3,-5,-49
1756013742.1419446,0,-8,-50
1756013742.1789446,-3,-4,-50
1756013742.2169447,-4,5,-46
1756013742.2559447,-6,2,-35
1756013742.2919445,-6,5,-54
1756013742.3299446,-1,0,-64
1756013742.3669446,2,-6,-62
1756013742.4059446,0,1,-48
1756013742.4419446,3,2,-49
1756013742.4799447,-5,2,-55
1756013742.5169446,2,-1,-54
1756013742.5559447,-3,4,-53
1756013742.5919447,-6,7,-50
1756013742.6289446,-1,4,-46
1756013742.6669445,3,4,-41
1756013742.7029445,2,3,-48
1756013742.7399447,3,7,-36
1756013742.7779446,-1,1,-37
1756013742.815945,0,0,-46
1756013742.8519447,-5,-1,-43
1756013742.8899446,-1,0,-58
1756013742.927945,-8,-5,-58
1756013742.9669447,-3,0,-50
1756013743.0029447,2,-3,-51
1756013743.0419445,-1,-4,-46
1756013743.0789447,0,6,-49
1756013743.1169446,3,3,-49
1756013743.1529446,0,1,-49
1756013743.190945,-2,6,-48
1756013743.2289443,0,0,-46
1756013743.2679446,1,7,-55
1756013743.3059447,3,-3,-53
1756013743.3419447,3,0,-59
1756013743.3799446,-1,0,-52
1756013743.417945,5,5,-59
1756013743.4559443,4,6,-53
1756013743.4919446,9,-2,-51
1756013743.529945,-1,-2,-45
1756013743.5679443,0,4,-37
1756013743.6059446,-4,3,-54
1756013743.6419446,0,0,-47
1756013743.6789446,-4,-2,-56
1756013743.7179446,0,3,-56
1756013743.7539446,-2,0,-51
1756013743.7919445,-5,3,-53
1756013743.8299446,-5,1,-52
1756013743.8679447,-8,8,-54
1756013743.9069445,0,2,-59
1756013743.9429443,-3,0,-55
1756013743.9799447,-1,-2,-44
1756013744.0179446,0,1,-53
1756013744.0539446,2,1,-45
1756013744.0919447,-7,-10,-46
1756013744.1299446,3,-2,-49
1756013744.167945,-3,-4,-63
1756013744.2069447,1,1,-56
1756013744.2429447,3,-6,-45
1756013744.2809446,4,-4,-50
1756013744.3189447,0,-2,-43
1756013744.3579447,-4,2,-48
1756013744.3939445,0,0,-60
1756013744.4329443,6,-5,-51
1756013744.4699447,-1,-2,-50
1756013744.5089445,-3,3,-40
1756013744.5469446,-2,0,-45
1756013744.5829446,-3,-2,-43
1756013744.6209445,2,4,-51
1756013744.6589446,5,5,-52
1756013744.6969447,0,-1,-60
1756013744.7329447,-5,-4,-61
1756013744.7709446,0,-3,-51
1756013744.8089447,6,0,-47
1756013744.8479445,1,-4,-39
1756013744.8839445,0,-1,-51
1756013744.9209447,7,0,-51
1756013744.9589446,0,-2,-42
1756013744.9979446,-9,-4,-49
1756013745.0339446,0,-2,-45
1756013745.0709443,-4,1,-53
1756013745.108945,2,2,-41
1756013745.1469443,3,0,-48
1756013745.1829443,0,0,-42
1756013745.2199447,4,-5,-51
1756013745.2589445,-2,-2,-48
1756013745.2969446,-7,0,-46
1756013745.3339446,-1,-3,-54
1756013745.371945,-3,0,-59
1756013745.4099443,0,-4,-64
1756013745.4489446,1,-3,-61
1756013745.4849446,0,-6,-53
1756013745.5219443,0,-2,-52
1756013745.5609446,-7,-1,-50
1756013745.598945,-3,-4,-51
1756013745.634945,-1,-6,-57
1756013745.6729443,1,0,-60
1756013745.7099447,8,-4,-59
1756013745.7489443,0,-3,-59
1756013745.7849443,-2,2,-50
1756013745.8219447,-2,-2,-50
1756013745.8599446,4,-7,-39
1756013745.8989446,-1,-5,-49
1756013745.9349446,-2,-4,-50
1756013745.9729445,-5,-3,-51
1756013746.0109446,0,-2,-49
1756013746.0499446,-7,5,-47
1756013746.0879445,-3,2,-49
1756013746.1239443,-4,-5,-55
1756013746.1619446,2,-2,-44
1756013746.1999447,-1,-1,-68
1756013746.2439446,6,5,-56
1756013746.282945,-3,2,-52
1756013746.3209443,-2,1,-51
1756013746.358945,-1,-2,-46
1756013746.394945,7,0,-34
1756013746.4329443,0,3,-52
1756013746.4709446,-4,6,-53
1756013746.5089445,0,4,-42
1756013746.5449443,-1,4,-43
1756013746.5819447,-10,0,-65
1756013746.6209445,-9,-1,-53
1756013746.6589446,0,1,-46
1756013746.6949446,-2,-4,-57
1756013746.7329447,-3,-9,-50
1756013746.7709446,-4,-3,-48
1756013746.8099446,0,-1,-54
1756013746.8479445,2,-1,-44
1756013746.8839445,5,5,-50
1756013746.9209447,0,5,-57
1756013746.9589446,2,10,-56
1756013746.9949446,9,8,-55
1756013747.0319445,4,8,-45
1756013747.0699446,5,-1,-47
1756013747.1059446,3,-3,-46
1756013747.1439445,-1,0,-44
1756013747.1819446,-2,0,-43
1756013747.2199447,6,1,-45
1756013747.2589445,-3,0,-48
1756013747.2949443,-5,-2,-55
1756013747.3329446,0,4,-45
1756013747.3699446,-13,0,-42
1756013747.4089446,-10,-9,-46
1756013747.4449446,-8,-3,-52
1756013747.4829447,-3,0,-54
1756013747.5209446,0,-2,-44
1756013747.5599446,-2,5,-35
1756013747.5959446,2,4,-47
1756013747.6329446,5,-4,-49
1756013747.6709447,-3,-2,-52
1756013747.7099447,1,7,-53
1756013747.7459445,-4,1,-51
1756013747.7839446,0,-3,-48
1756013747.8219447,0,2,-40
1756013747.8609445,-1,0,-51
1756013747.8989446,-4,-4,-51
1756013747.9349446,-8,-3,-57
1756013747.9729445,-7,-3,-43
1756013748.0119443,-1,0,-32
1756013748.0499446,4,0,-39
1756013748.085945,0,5,-55
1756013748.1229446,0,5,-50
1756013748.1609447,5,2,-54
1756013748.1989446,5,0,-51
1756013748.2349446,0,4,-57
1756013748.2729447,0,0,-58
1756013748.3119447,-2,-1,-53
1756013748.3499446,-2,2,-46
1756013748.3859446,5,4,-46
1756013748.4229443,6,-1,-36
1756013748.4619446,3,0,-46
1756013748.4999447,-2,2,-44
1756013748.5359447,6,-5,-53
1756013748.5729446,4,-8,-54
1756013748.6109445,-1,2,-59
1756013748.6499443,-2,0,-70
1756013748.6859446,1,-5,-59
1756013748.7229445,0,-2,-56
1756013748.7609446,3,-6,-52
1756013748.7999446,0,-3,-48
1756013748.835945,-2,2,-53
1756013748.8729446,0,0,-54
1756013748.9109447,0,-6,-45
1756013748.9499447,-5,5,-49
1756013748.9859445,-5,1,-44
1756013749.0229447,-4,-3,-47
1756013749.0619447,0,-3,-40
1756013749.0999446,-4,-3,-39
1756013749.1359446,-3,0,-45
1756013749.1729443,-2,-6,-40
1756013749.210945,0,-6,-42
1756013749.2499447,1,4,-57
1756013749.2859447,1,8,-57
1756013749.3229446,4,3,-38
1756013749.3609445,3,3,-40
1756013749.3969443,1,2,-43
1756013749.4339447,-1,5,-52
1756013749.4719446,2,-1,-58
1756013749.5109446,0,-1,-48
1756013749.5469446,-1,2,-53
1756013749.5839446,0,-3,-54
1756013749.621945,-3,0,-60
1756013749.6609447,-1,0,-40
1756013749.6969447,4,-3,-57
1756013749.733945,0,2,-55
1756013749.7719443,-4,2,-41
1756013749.8099446,-7,-6,-39
1756013749.8459446,-12,0,-43
1756013749.8829446,-3,0,-52
1756013749.9219446,2,1,-57
1756013749.9599447,-2,-5,-51
1756013749.9959445,-5,-3,-40
1756013750.0339446,-1,3,-58
1756013750.0719447,1,0,-43
1756013750.1099446,-3,6,-50
1756013750.1459446,1,-2,-52
1756013750.1839447,8,0,-58
1756013750.2219446,-2,0,-52
1756013750.259945,2,1,-58
1756013750.2959447,-4,0,-63
1756013750.3329446,0,1,-56
1756013750.3709445,-4,-3,-44
1756013750.4069445,-4,-1,-50
1756013750.4449446,-9,-3,-48
1756013750.4829447,-10,-3,-48
1756013750.5219443,-10,5,-48
1756013750.5579443,-9,1,-43
1756013750.5949447,-4,0,-49
1756013750.6329446,-1,-3,-51
1756013750.6719446,-3,-5,-46
1756013750.7079446,3,-2,-57
1756013750.7449446,-2,-2,-54
1756013750.782945,3,-1,-59
1756013750.8219447,4,-2,-53
1756013750.8579447,3,0,-57
1756013750.894945,-2,2,-53
1756013750.9329443,-5,-1,-54
1756013750.9719446,3,4,-55
1756013751.0079446,0,-1,-51
1756013751.0459447,0,-3,-43
1756013751.0839446,-12,0,-53
1756013751.1229446,-4,-5,-52
1756013751.1609447,5,0,-66
1756013751.1969447,0,10,-50
1756013751.233945,2,2,-61
1756013751.2729447,7,3,-57
1756013751.3109446,-2,0,-46
1756013751.3469446,-6,0,-48
1756013751.3839445,3,2,-51
1756013751.4229443,6,0,-44
1756013751.460945,6,-5,-46
1756013751.496945,-1,0,-55
1756013751.5339446,1,-7,-59
1756013751.5729446,0,0,-51
1756013751.6109445,3,-3,-48
1756013751.6469443,0,-1,-45
1756013751.6839447,0,-2,-55
1756013751.7229445,-1,2,-43
1756013751.7619443,-2,-5,-44
1756013751.7979443,1,-3,-49
1756013751.8349447,-1,-1,-51
1756013751.8739443,-1,6,-43
1756013751.9119446,-2,3,-53
1756013751.9479446,-3,6,-49
1756013751.9849446,-7,3,-53
1756013752.0239446,-4,-2,-49
1756013752.0619447,-2,-1,-55
1756013752.0979445,2,2,-43
1756013752.134945,0,-2,-48
1756013752.1739447,3,-3,-59
1756013752.2119446,1,0,-60
1756013752.2479446,-3,-4,-51
1756013752.2869446,6,5,-50
1756013752.3239446,5,-2,-45
1756013752.3629446,-1,0,-46
1756013752.3989446,-1,4,-45
1756013752.4359446,-5,-1,-45
1756013752.473945,-5,2,-55
1756013752.5129447,2,0,-52
1756013752.5489447,-1,-4,-49
1756013752.5869446,1,-1,-50
1756013752.6249447,-2,-2,-45
1756013752.6629446,-2,4,-42
1756013752.7019446,-4,0,-62
1756013752.7379446,2,1,-57
1756013752.7759447,2,1,-58
1756013752.8139446,7,6,-46
1756013752.8519447,3,2,-49
1756013752.8879447,3,-1,-45
1756013752.9259446,0,-1,-52
1756013752.963945,-1,3,-59
1756013753.0029447,0,4,-58
1756013753.0389447,6,-2,-49
1756013753.075945,0,3,-51
1756013753.1139443,0,-1,-41
1756013753.1519446,4,1,-58
1756013753.187945,4,-3,-46
1756013753.2259445,1,-1,-49
1756013753.2639446,0,-2,-54
1756013753.302945,5,-2,-45
1756013753.338945,0,-2,-54
1756013753.3759446,1,1,-56
1756013753.4139447,4,1,-59
1756013753.4519446,1,0,-47
1756013753.4879446,-2,-1,-47
1756013753.5259447,3,-5,-45
1756013753.5639446,-4,-1,-50
1756013753.6029446,-6,-3,-56
1756013753.6389446,-7,-2,-62
1756013753.6769447,-2,-5,-53
1756013753.7149446,0,-3,-47
1756013753.7539446,0,-7,-58
1756013753.7899446,7,-2,-44
1756013753.8269446,6,1,-52
1756013753.8639443,4,4,-44
1756013753.8999443,0,-2,-44
1756013753.937945,5,0,-62
1756013753.9759445,5,3,-50
1756013754.0139446,2,1,-52
1756013754.052945,-3,-4,-56
1756013754.088945,-4,-2,-58
1756013754.1269443,6,-6,-52
1756013754.1649446,6,0,-49
1756013754.2029445,-7,0,-56
1756013754.2389443,-11,0,-69
1756013754.2769446,-6,0,-39
1756013754.3149445,-7,0,-51
1756013754.3539443,-3,0,-51
1756013754.3899446,-2,-4,-52
1756013754.427945,-11,-7,-50
1756013754.4659443,-14,0,-41
1756013754.5049446,-9,-3,-47
1756013754.542945,-11,0,-39
1756013754.5789447,-12,3,-36
1756013754.6169446,-4,-3,-50
1756013754.6559446,-6,-1,-55
1756013754.6939447,4,-1,-50
1756013754.7299447,1,-2,-58
1756013754.7669446,-3,-6,-49
1756013754.8059447,-5,0,-63
1756013754.8439443,-1,2,-47
1756013754.8799446,3,2,-53
1756013754.9169445,7,0,-52
1756013754.9549446,-5,-3,-59
1756013754.9929447,0,5,-57
1756013755.0289447,0,0,-49
1756013755.065945,-2,0,-46
1756013755.1049447,4,0,-53
1756013755.1429446,2,-6,-42
1756013755.1789446,6,-5,-37
1756013755.2159443,9,0,-50
1756013755.2549446,2,3,-48
1756013755.292945,7,-2,-47
1756013755.3289447,4,-4,-49
1756013755.3659446,0,3,-56
1756013755.404945,0,1,-46
1756013755.440945,5,-4,-49
1756013755.4789443,6,-3,-53
1756013755.5169446,4,0,-58
1756013755.5549445,1,-2,-51
1756013755.5909443,12,4,-59
1756013755.6279447,6,2,-56
1756013755.6649446,9,-3,-48
1756013755.7039447,1,-2,-48
1756013755.7399447,1,-6,-50
1756013755.7769446,0,-4,-59
1756013755.8149445,2,8,-54
1756013755.8539443,2,-4,-43
1756013755.8899446,1,1,-46
1756013755.9269447,2,1,-46
1756013755.9649446,-3,0,-51
1756013756.0009446,-2,7,-47
1756013756.0389447,-8,3,-43
1756013756.0769446,0,-3,-47
1756013756.1159446,1,1,-58
1756013756.1539447,6,-3,-46
1756013756.1899445,5,-1,-45
1756013756.2269447,3,0,-45
1756013756.2719443,12,3,-51
1756013756.3099446,-4,2,-46
1756013756.3469446,-5,4,-44
1756013756.3859446,-5,1,-46
1756013756.4239447,-5,-1,-45
1756013756.4599447,0,-1,-50
1756013756.496945,-2,-3,-57
1756013756.5359447,5,2,-49
1756013756.5749447,4,3,-51
1756013756.6109445,3,1,-46
1756013756.6489446,0,0,-48
1756013756.6869447,1,0,-41
1756013756.7249446,3,-3,-55
1756013756.7619443,4,-7,-46
1756013756.7989447,5,-4,-54
1756013756.8369446,2,1,-50
1756013756.8749447,5,1,-51
1756013756.9109447,8,0,-46
1756013756.9489446,3,-1,-54
1756013756.986945,2,0,-45
1756013757.0249443,-4,-5,-53
1756013757.0609446,-2,-5,-38
1756013757.098945,-7,2,-35
1756013757.1369443,-3,-2,-46
1756013757.1759446,-4,1,-46
1756013757.2119446,-2,-3,-49
1756013757.2499447,5,2,-48
1756013757.2869446,0,0,-41
1756013757.325945,5,-5,-55
1756013757.361945,2,0,-56
1756013757.3989446,1,3,-47
1756013757.4369447,-1,10,-48
1756013757.4759445,1,6,-41
1756013757.5119443,0,3,-39
1756013757.5499446,-2,0,-55
1756013757.5869446,4,-6,-51
1756013757.6259446,0,-2,-51
1756013757.6619446,2,-2,-41
1756013757.6999447,0,-3,-56
1756013757.736945,6,-1,-49
1756013757.7759447,-7,0,-54
1756013757.8119447,-3,7,-43
1756013757.848945,5,4,-40
1756013757.8869443,-1,1,-46
1756013757.9259446,0,0,-47
1756013757.9619446,-2,0,-48
1756013757.9989443,4,1,-51
1756013758.0379446,6,-5,-51
1756013758.075945,-2,0,-45
1756013758.111945,-2,0,-45
1756013758.1489446,-1,1,-47
1756013758.1869447,1,0,-56
1756013758.2259445,0,0,-48
1756013758.2619443,0,-6,-46
1756013758.2989447,-3,0,-44
1756013758.3369446,-4,0,-48
1756013758.3759446,-2,0,-51
1756013758.4119446,-1,0,-59
1756013758.4499447,-5,-1,-51
1756013758.4879446,-2,3,-59
1756013758.5269446,2,5,-59
1756013758.5649445,-1,2,-64
1756013758.6009445,-5,2,-49
1756013758.6379447,0,-2,-37
1756013758.6769447,0,-3,-52
1756013758.7129445,-5,2,-49
1756013758.7509446,-4,0,-52
1756013758.7879446,-3,2,-57
1756013758.8269446,1,-1,-57
1756013758.8629446,2,3,-44
1756013758.9009447,2,3,-44
1756013758.937945,0,-5,-49
1756013758.9769447,0,2,-60
1756013759.0129447,-4,2,-52
1756013759.0509446,1,0,-42
1756013759.0879445,0,-2,-48
1756013759.1269443,-4,-3,-38
1756013759.1629446,-3,0,-44
1756013759.1999447,4,-1,-48
1756013759.2379446,4,-1,-50
1756013759.2769446,3,-2,-50
1756013759.312945,-1,-2,-50
1756013759.3509445,7,-4,-57
1756013759.3889446,1,0,-59
1756013759.427945,1,-1,-58
1756013759.4659443,0,0,-52
1756013759.5019443,3,-6,-57
1756013759.5399446,0,3,-49
1756013759.5779445,-1,3,-53
1756013759.6159446,0,5,-52
1756013759.6519446,7,3,-61
1756013759.6899445,-5,0,-54
1756013759.7279446,-5,-1,-44
1756013759.7659447,6,-5,-52
1756013759.8019447,7,-2,-61
1756013759.8399446,6,0,-49
1756013759.8779447,11,0,-56
1756013759.9159446,-3,0,-56
1756013759.9519446,-2,1,-54
1756013759.9899447,0,-2,-55
1756013760.0279446,-4,0,-42
1756013760.0669446,0,-7,-65
1756013760.1029446,6,-1,-56
1756013760.1399446,1,-1,-59
1756013760.177945,-1,5,-54
1756013760.2169447,6,0,-48
1756013760.2529447,1,-2,-42
1756013760.2899446,-2,5,-45
1756013760.3279445,6,4,-39
1756013760.3639443,-2,9,-54
1756013760.4019446,1,6,-50
1756013760.4389446,12,2,-52
1756013760.4779446,3,5,-50
1756013760.5139446,0,-2,-44
1756013760.5519447,4,-1,-55
1756013760.5899446,2,-5,-53
1756013760.6279447,3,0,-42
1756013760.6639447,10,-4,-46
1756013760.7019446,-1,-2,-51
1756013760.7399447,-6,-9,-50
1756013760.7779446,2,-4,-54
1756013760.8169446,0,-6,-54
1756013760.8529446,-9,0,-49
1756013760.8899446,-9,-1,-43
1756013760.927945,0,2,-47
1756013760.963945,2,6,-50
1756013761.0019443,-4,2,-48
1756013761.0399446,0,3,-55
1756013761.0789447,0,-4,-41
1756013761.1169446,2,0,-38
1756013761.1529446,-3,0,-45
1756013761.190945,0,2,-52
1756013761.2289443,3,3,-57
1756013761.2669446,0,-4,-51
1756013761.302945,1,1,-52
1756013761.3409443,6,-2,-56
1756013761.3789446,9,-8,-47
1756013761.4169445,3,-1,-44
1756013761.4529445,2,-7,-48
1756013761.4899447,4,-9,-48
1756013761.5289447,2,-9,-60
1756013761.5669446,7,-4,-51
1756013761.6029446,-1,0,-58
1756013761.6409447,-6,-5,-48
1756013761.6789446,-1,-2,-54
1756013761.7179446,1,-3,-55
1756013761.7539446,-3,-2,-60
1756013761.7919445,-3,4,-47
1756013761.8299446,-4,5,-38
1756013761.8689446,-7,1,-45
1756013761.9069445,1,2,-61
1756013761.9429443,0,-4,-62
1756013761.9799447,-7,0,-52
1756013762.0189445,-4,-1,-38
1756013762.0549445,-2,7,-40
1756013762.0929446,-4,1,-50
1756013762.1309447,-3,1,-53
1756013762.1689446,4,7,-59
1756013762.2079446,-1,0,-55
1756013762.2439446,-3,0,-54
1756013762.2809446,1,-9,-62
1756013762.3189447,-4,0,-55
1756013762.3579447,1,-5,-55
1756013762.3939445,2,-3,-52
1756013762.4309447,4,-7,-52
1756013762.4689443,3,1,-46
1756013762.5079446,0,7,-41
1756013762.5439446,1,-1,-51
1756013762.5809443,0,1,-39
1756013762.6189446,4,0,-48
1756013762.654945,6,2,-52
1756013762.6919446,4,1,-67
1756013762.7299447,-7,-9,-67
1756013762.7679446,6,-3,-51
1756013762.8039446,-1,-1,-49
1756013762.8419447,0,3,-46
1756013762.8799446,5,2,-50
1756013762.917945,4,1,-35
1756013762.9539447,3,-1,-39
1756013762.9909446,3,-1,-34
1756013763.029945,7,3,-48
1756013763.0679443,-3,-7,-47
1756013763.1039443,0,-9,-46
1756013763.1409447,3,-11,-59
1756013763.1799445,8,-4,-57
1756013763.2179446,2,-1,-57
1756013763.2539446,2,0,-51
1756013763.2919445,-5,0,-34
1756013763.3299446,-1,-3,-43
1756013763.3689446,0,1,-52
1756013763.404945,7,0,-57
1756013763.4419446,3,0,-50
1756013763.4799447,1,2,-43
1756013763.5179446,2,0,-43
1756013763.5539446,-1,0,-44
1756013763.5919447,0,0,-51
1756013763.6299446,0,-6,-47
1756013763.6659446,-2,-1,-50
1756013763.7039447,2,-3,-64
1756013763.7419446,-2,0,-56
1756013763.779945,0,0,-57
1756013763.815945,1,2,-51
1756013763.8529446,5,3,-52
1756013763.8899446,1,0,-49
1756013763.9259446,-8,1,-52
1756013763.9629445,-9,-3,-60
1756013764.0019443,1,-5,-48
1756013764.0399446,-2,-1,-38
1756013764.075945,4,-1,-45
1756013764.1129446,1,0,-55
1756013764.1519446,-6,5,-58
1756013764.1899445,-3,-2,-51
1756013764.2259445,-4,6,-47
1756013764.2629447,-2,3,-51
1756013764.3019447,-1,3,-48
1756013764.3399446,0,3,-55
1756013764.3759446,4,-2,-38
1756013764.4129446,1,-1,-41
1756013764.450945,0,2,-44
1756013764.4899447,-5,3,-50
1756013764.5259447,-7,4,-58
1756013764.562945,-6,0,-51
1756013764.6019447,-8,-2,-56
1756013764.6399446,5,-4,-59
1756013764.6759446,0,-2,-52
1756013764.7129445,4,1,-51
1756013764.7509446,-3,3,-53
1756013764.7889447,-1,-2,-52
1756013764.8249447,5,-1,-49
1756013764.861945,0,-1,-59
1756013764.9009447,-3,-1,-55
1756013764.9389446,2,-1,-58
1756013764.9749446,4,5,-52
1756013765.0119443,-4,5,-51
1756013765.0509446,3,-1,-56
1756013765.088945,-5,0,-58
1756013765.1249447,-2,1,-48
1756013765.1619446,-5,-3,-62
1756013765.200945,-1,-9,-58
1756013765.2389443,0,0,-41
1756013765.2749443,0,-3,-53
1756013765.3119447,0,5,-58
1756013765.3509445,-3,-5,-35
1756013765.3869443,0,-4,-42
1756013765.4259446,-2,-9,-59
1756013765.4629445,-1,-6,-52
1756013765.5009446,4,-3,-61
1756013765.5399446,-2,-2,-63
1756013765.575945,0,-8,-64
1756013765.6129446,1,-10,-51
1756013765.6509447,-1,-1,-55
1756013765.6899445,-4,0,-54
1756013765.7259445,1,3,-53
1756013765.7629447,6,0,-52
1756013765.8009446,3,-2,-56
1756013765.8369446,6,-2,-41
1756013765.8759446,-5,-7,-42
1756013765.9129446,0,-7,-55
1756013765.950945,4,0,-51
1756013765.986945,0,1,-58
1756013766.0239446,0,0,-50
1756013766.0619447,2,2,-51
1756013766.0999446,7,1,-42
1756013766.1359446,0,1,-44
1756013766.1739447,4,6,-52
1756013766.2119446,5,0,-46
1756013766.2499447,-5,0,-50
1756013766.2939446,-1,1,-46
1756013766.3319447,6,6,-61
1756013766.3709445,0,9,-48
1756013766.4069445,-1,2,-44
1756013766.4449446,-3,2,-62
1756013766.4829447,-2,7,-60
1756013766.5219443,-6,-1,-55
1756013766.5599446,-2,3,-50
1756013766.5959446,-2,2,-47
1756013766.6329446,4,0,-49
1756013766.6709447,3,-2,-52
1756013766.7069447,-2,-1,-54
1756013766.7459445,-5,0,-59
1756013766.782945,-5,-2,-57
1756013766.8219447,-7,-3,-61
1756013766.8599446,-2,1,-57
1756013766.8959446,0,2,-56
1756013766.9339447,1,3,-50
1756013766.9719446,-5,0,-58
1756013767.0079446,-9,2,-65
1756013767.0449443,-5,0,-58
1756013767.0829446,0,-2,-47
1756013767.121945,-1,-2,-55
1756013767.157945,0,0,-50
1756013767.1949446,-6,0,-46
1756013767.233945,-7,-1,-59
1756013767.2719443,-7,2,-50
1756013767.3079443,-6,4,-65
1756013767.3449447,-2,1,-49
1756013767.3839445,-4,-2,-48
1756013767.4219446,-2,-5,-56
1756013767.4579446,-2,-2,-63
1756013767.496945,9,-1,-51
1756013767.5339446,4,4,-46
1756013767.5719447,0,5,-38
1756013767.6079447,0,5,-51
1756013767.644945,0,4,-55
1756013767.6829443,-3,0,-61
1756013767.7209446,-2,-2,-61
1756013767.756945,-3,-2,-54
1756013767.7949443,-2,3,-52
1756013767.8339446,0,5,-54
1756013767.871945,-4,-1,-55
1756013767.907945,-2,0,-57
1756013767.9449446,-6,1,-49
1756013767.9829447,-16,0,-50
1756013768.0219443,0,-1,-56
1756013768.0579443,-2,4,-49
1756013768.0949447,-4,8,-53
1756013768.1329446,-2,-3,-48
1756013768.1719446,-4,-3,-47
1756013768.2079446,1,-7,-57
1756013768.2449446,0,-1,-57
1756013768.282945,0,0,-55
1756013768.3209443,0,3,-42
1756013768.3569446,7,1,-41
1756013768.3939445,0,-2,-50
1756013768.4329443,-2,1,-59
1756013768.4709446,-5,0,-58
1756013768.506945,-9,1,-57
1756013768.5439446,-4,4,-54
1756013768.5829446,-4,-5,-62
1756013768.6209445,-7,-1,-51
1756013768.6569445,-7,1,-49
1756013768.6939447,-4,1,-56
1756013768.7329447,-1,1,-59
1756013768.7689445,-4,5,-50
1756013768.8059447,-9,1,-57
1756013768.8439443,-3,6,-53
1756013768.8829446,-4,1,-56
1756013768.9189446,6,0,-63
1756013768.9559443,0,-4,-48
1756013768.9939446,-7,-5,-50
1756013769.032945,4,-3,-57
1756013769.0689447,0,0,-54
1756013769.1059446,1,4,-44
1756013769.1439445,-1,1,-43
1756013769.1829443,0,1,-53
1756013769.2189443,4,-2,-51
1756013769.2559447,-1,7,-48
1756013769.2939446,3,3,-47
1756013769.3319447,0,2,-47
1756013769.3679447,-3,-4,-50
1756013769.4059446,-2,0,-46
1756013769.4439447,-7,0,-34
1756013769.4829447,0,3,-39
1756013769.5189445,2,5,-45
1756013769.5569446,-1,-1,-48
1756013769.5939443,-4,0,-53
1756013769.6329446,-8,3,-58
1756013769.6689446,-6,0,-54
1756013769.7069447,-1,-1,-52
1756013769.7449446,-2,-5,-53
1756013769.7839446,1,-6,-42
1756013769.8219447,9,1,-42
1756013769.8579447,7,0,-48
1756013769.894945,1,0,-49
1756013769.9329443,-1,0,-53
1756013769.9689443,1,-1,-47
1756013770.006945,0,3,-57
1756013770.0449443,-3,-8,-60
1756013770.0839446,-2,-4,-42
1756013770.121945,5,-7,-36
1756013770.157945,0,-2,-46
1756013770.1949446,-8,-3,-48
1756013770.233945,-2,0,-44
1756013770.2719443,9,3,-45
1756013770.3079443,7,6,-49
1756013770.3449447,1,1,-55
1756013770.3829446,1,1,-56
1756013770.4189446,2,-4,-50
1756013770.4559443,-2,7,-46
1756013770.4949446,5,5,-56
1756013770.529945,4,2,-55
1756013770.5679443,5,0,-50
1756013770.6059446,0,0,-52
1756013770.6439445,-4,-3,-40
1756013770.6799445,0,1,-33
1756013770.7179446,-7,-3,-41
1756013770.7559447,-9,0,-53
1756013770.7949443,-6,7,-46
1756013770.8329446,2,7,-52
1756013770.8689446,2,7,-51
1756013770.9059446,-2,4,-46
1756013770.9449446,0,0,-48
1756013770.9829447,-4,0,-49
1756013771.0189445,-3,-2,-36
1756013771.0569446,-5,0,-52
1756013771.0949447,-2,-4,-57
1756013771.1339445,-3,-5,-56
1756013771.1699443,5,-1,-56
1756013771.2069447,-1,-4,-52
1756013771.2449446,-1,5,-46
1756013771.2839446,1,-5,-52
1756013771.3199446,-3,1,-47
1756013771.3579447,2,2,-44
1756013771.394945,2,-5,-50
1756013771.4339447,3,-4,-57
1756013771.4699447,1,-2,-49
1756013771.506945,-7,0,-42
1756013771.5449443,-6,-3,-42
1756013771.5839446,-8,-2,-47
1756013771.6209445,-10,0,-57
1756013771.657945,-7,3,-58
1756013771.6959443,-4,0,-59
1756013771.7349446,-6,2,-59
1756013771.7729447,-4,2,-44
1756013771.8089447,1,2,-38
1756013771.8459446,-9,9,-51
1756013771.884945,-5,7,-49
1756013771.9229443,3,-4,-44
1756013771.9589446,0,-8,-44
1756013771.9959445,0,-6,-59
1756013772.0349443,2,-4,-48
1756013772.0709443,-1,-2,-40
1756013772.108945,2,-2,-53
1756013772.1469443,1,-1,-53
1756013772.1849446,-7,-1,-56
1756013772.223945,7,0,-52
1756013772.259945,2,0,-46
1756013772.2969446,-3,-3,-51
1756013772.3349447,-6,-3,-51
1756013772.3739443,-2,-3,-44
1756013772.4099443,0,-1,-48
1756013772.4469447,0,-2,-61
1756013772.4849446,-2,-13,-58
1756013772.5239446,-1,-1,-46
1756013772.5599446,-3,-2,-52
1756013772.5979445,2,0,-52
1756013772.634945,7,-1,-56
1756013772.6739447,7,0,-46
1756013772.7099447,5,3,-40
1756013772.746945,0,3,-42
1756013772.7849443,-6,3,-46
1756013772.8209443,-4,-5,-50
1756013772.858945,10,-7,-50
1756013772.8969443,5,-1,-46
1756013772.9359446,1,1,-57
1756013772.973945,0,0,-56
1756013773.009945,-9,-2,-64
1756013773.0479443,-4,1,-43
1756013773.085945,-9,4,-49
1756013773.1249447,-2,1,-42
1756013773.1609447,0,7,-44
1756013773.1979446,3,0,-45
1756013773.2359445,-7,-3,-47
1756013773.2749443,-4,1,-61
1756013773.3109446,-4,2,-51
1756013773.3479445,-5,0,-46
1756013773.3859446,-11,-3,-50
1756013773.4249446,-8,0,-52
1756013773.460945,-5,3,-51
1756013773.4979446,-1,-3,-50
1756013773.5359447,-2,-8,-49
1756013773.5749447,-4,0,-53
1756013773.6109445,-5,12,-50
1756013773.6479447,-2,5,-43
1756013773.6859446,-9,10,-49
1756013773.7249446,2,1,-54
1756013773.7609446,-1,-3,-45
1756013773.7989447,-6,-4,-46
1756013773.8369446,-5,-4,-48
1756013773.8759446,0,-7,-50
1756013773.9119446,-5,2,-40
1756013773.9489446,-5,0,-47
1756013773.986945,-5,-1,-49
1756013774.0259447,0,4,-54
1756013774.0619447,-7,3,-50
1756013774.098945,-4,13,-53
1756013774.1379447,-3,5,-58
1756013774.1759446,-2,3,-60
1756013774.2119446,-9,2,-46
1756013774.2489443,0,0,-47
1756013774.2859447,-2,-7,-51
1756013774.3249447,0,-2,-50
1756013774.3609445,-5,1,-40
1756013774.3989446,5,3,-53
1756013774.4369447,4,5,-55
1756013774.4749446,3,0,-46
1756013774.5109446,1,0,-47
1756013774.5479443,0,6,-45
1756013774.5869446,-8,-2,-55
1756013774.6249447,-4,-3,-50
1756013774.6609447,2,0,-55
1756013774.6989446,0,0,-54
1756013774.736945,1,0,-49
1756013774.7749443,-6,0,-50
1756013774.8119447,-4,-1,-52
1756013774.848945,1,0,-59
1756013774.8869443,-8,-3,-50
1756013774.9249446,-9,1,-59
1756013774.960945,-8,-1,-63
1756013774.9999447,-5,-5,-61
1756013775.0369446,3,2,-46
1756013775.0749447,-2,2,-52
1756013775.1109445,-1,0,-47
1756013775.1489446,0,1,-48
1756013775.1869447,-11,4,-62
1756013775.2249446,-5,2,-62
1756013775.2609446,-3,2,-54
1756013775.2999446,0,8,-53
1756013775.3369446,8,8,-53
1756013775.3759446,0,3,-55
1756013775.4119446,9,-7,-53
1756013775.4489446,0,-5,-58
1756013775.486945,-2,2,-55
1756013775.5259447,-1,4,-45
1756013775.5619447,-3,1,-43
1756013775.598945,1,4,-37
1756013775.6369443,1,1,-39
1756013775.6729443,0,-3,-41
1756013775.710945,0,2,-57
1756013775.7479446,-5,6,-61
1756013775.7869446,1,1,-58
1756013775.8229446,-1,5,-57
1756013775.8609445,-4,5,-54
1756013775.8999443,-3,-4,-52
1756013775.9369447,0,-1,-69
1756013775.9759445,2,-1,-62
1756013776.0119443,5,2,-60
1756013776.0489447,1,-2,-61
1756013776.0879445,-5,0,-56
1756013776.1259446,0,1,-54
1756013776.1619446,0,0,-58
1756013776.1999447,2,4,-62
1756013776.2379446,0,-4,-57
1756013776.2759447,-1,-4,-50
1756013776.3199446,-1,-1,-57
1756013776.3579447,3,7,-55
1756013776.3969443,-3,6,-65
1756013776.4329443,-2,2,-44
1756013776.4709446,-7,0,-47
1756013776.5079446,0,4,-50
1756013776.5469446,5,9,-41
1756013776.5829446,3,-1,-51
1756013776.6199446,-3,5,-50
1756013776.657945,-4,0,-49
1756013776.6969447,-4,0,-46
1756013776.7329447,-1,0,-58
1756013776.769945,3,0,-57
1756013776.8079443,4,-4,-52
1756013776.8459446,-5,0,-56
1756013776.881945,-7,1,-57
1756013776.9199443,-8,1,-51
1756013776.9579446,-8,0,-52
1756013776.996945,4,-3,-56
1756013777.032945,-1,0,-58
1756013777.0699446,-3,-2,-60
1756013777.1079447,0,0,-60
1756013777.1439445,-5,1,-63
1756013777.1809447,-9,5,-64
1756013777.2189443,-4,2,-66
1756013777.2579446,-4,2,-56
1756013777.2939446,-8,2,-55
1756013777.3309443,-5,5,-53
1756013777.3689446,4,1,-49
1756013777.407945,-5,0,-46
1756013777.4439447,0,2,-50
1756013777.4809446,-7,0,-57
1756013777.5189445,-5,1,-57
1756013777.5579443,-8,3,-52
1756013777.5939443,-3,-3,-41
1756013777.631945,0,-7,-46
1756013777.6699443,-3,-9,-57
1756013777.7089446,-4,-2,-45
1756013777.746945,0,-4,-54
1756013777.782945,-2,0,-47
1756013777.8199446,-4,2,-43
1756013777.858945,-7,-2,-46
1756013777.8969443,-5,-3,-54
1756013777.9329443,0,-6,-52
1756013777.9699447,3,-2,-52
1756013778.0089445,-9,1,-50
1756013778.0469446,-7,-6,-51
1756013778.0829446,-5,-1,-49
1756013778.1209445,-1,5,-44
1756013778.1589446,-5,0,-48
1756013778.1979446,0,-3,-42
1756013778.233945,-1,0,-53
1756013778.2719443,5,2,-47
1756013778.3099446,1,0,-50
1756013778.3479445,-5,-1,-50
1756013778.3869443,-10,-3,-50
1756013778.4229443,-3,2,-56
1756013778.460945,-6,5,-55
1756013778.4989443,1,6,-47
1756013778.5369446,0,-2,-48
1756013778.5729446,0,-1,-51
1756013778.6109445,0,0,-52
1756013778.6489446,2,-4,-50
1756013778.6849446,1,5,-51
1756013778.7219446,-5,3,-45
1756013778.759945,1,-5,-41
1756013778.7989447,9,-2,-49
1756013778.8349447,2,-2,-52
1756013778.871945,1,-5,-52
1756013778.9109447,-12,4,-50
1756013778.9489446,-7,-1,-39
1756013778.9849446,-3,1,-46
1756013779.0219443,-4,4,-55
1756013779.0609446,0,0,-46
1756013779.098945,5,-2,-51
1756013779.134945,-3,0,-54
1756013779.1719446,0,2,-56
1756013779.2089446,2,0,-53
1756013779.2479446,2,1,-54
1756013779.2839446,1,3,-50
1756013779.3209443,5,0,-39
1756013779.3599446,3,2,-48
1756013779.3979447,-1,7,-41
1756013779.4339447,-4,8,-44
1756013779.4709446,0,-4,-50
1756013779.509945,0,1,-46
1756013779.5479443,4,-6,-44
1756013779.5839446,0,0,-40
1756013779.6209445,2,0,-43
1756013779.6599443,0,0,-66
1756013779.6979446,0,-10,-44
1756013779.733945,3,-3,-39
1756013779.7709446,0,-1,-44
1756013779.8099446,0,9,-61
1756013779.8479445,4,-1,-54
1756013779.8839445,5,-6,-49
1756013779.9219446,5,-3,-53
1756013779.9599447,2,3,-57
1756013779.9979446,0,3,-69
1756013780.0339446,2,4,-64
1756013780.0719447,-2,-3,-49
1756013780.1099446,-1,1,-49
1756013780.1479447,-3,0,-50
1756013780.1839447,-5,-3,-50
1756013780.2219446,-3,0,-66
1756013780.259945,-3,-2,-47
1756013780.2989447,0,-2,-49
1756013780.3349447,4,-5,-48
1756013780.3729446,4,0,-52
1756013780.4099443,2,-5,-51
1756013780.4489446,-4,-2,-50
1756013780.4849446,1,0,-44
1756013780.5219443,7,0,-48
1756013780.5599446,0,-1,-51
1756013780.598945,1,0,-59
1756013780.634945,-6,1,-51
1756013780.6719446,0,0,-45
1756013780.7099447,6,-3,-50
1756013780.7489443,2,-3,-48
1756013780.7849443,0,-4,-53
1756013780.8229446,-1,-2,-49
1756013780.8599446,-1,3,-49
1756013780.8989446,0,5,-51
1756013780.9349446,-6,1,-48
1756013780.9729445,-3,2,-55
1756013781.0109446,-7,-2,-66
1756013781.0489447,0,8,-62
1756013781.0849447,1,0,-54
1756013781.1229446,3,-2,-53
1756013781.1609447,-2,6,-46
1756013781.1989446,6,-5,-52
1756013781.2349446,3,-1,-57
1756013781.2719443,3,1,-49
1756013781.3109446,-1,-3,-48
1756013781.348945,-2,-7,-57
1756013781.384945,1,-3,-51
1756013781.4219446,6,0,-48
1756013781.460945,6,-5,-50
1756013781.4989443,-3,0,-51
1756013781.5349443,4,-3,-48
1756013781.5719447,-1,-7,-59
1756013781.6109445,3,-1,-60
1756013781.6489446,3,-5,-56
1756013781.6849446,0,0,-49
1756013781.7219446,7,-1,-48
1756013781.7609446,-4,2,-50
1756013781.7989447,1,0,-65
1756013781.8349447,-3,5,-58
1756013781.871945,-5,0,-57
1756013781.9109447,-3,5,-56
1756013781.9469447,-6,5,-46
1756013781.983945,-2,0,-38
1756013782.0219443,0,-2,-46
1756013782.0609446,4,-3,-52
1756013782.0969446,0,-9,-49
1756013782.1339445,3,-5,-45
1756013782.1719446,5,-5,-47
1756013782.210945,-3,0,-47
1756013782.246945,1,0,-50
1756013782.2839446,1,4,-55
1756013782.3209443,7,4,-58
1756013782.3599446,0,-1,-52
1756013782.3959446,-2,-2,-54
1756013782.4339447,4,-1,-50
1756013782.4719446,-3,3,-57
1756013782.5109446,1,2,-64
1756013782.5469446,3,-3,-57
1756013782.5839446,0,-3,-45
1756013782.621945,6,-12,-44
1756013782.6609447,2,0,-48
1756013782.6969447,2,0,-47
1756013782.733945,0,-9,-40
1756013782.7719443,3,0,-54
1756013782.8099446,3,0,-47
1756013782.8459446,1,0,-47
1756013782.8829446,-1,-5,-49
1756013782.9219446,6,-3,-49
1756013782.9599447,8,-9,-59
1756013782.9959445,3,-7,-45
1756013783.032945,1,-6,-48
1756013783.0719447,-7,6,-55
1756013783.1099446,0,-3,-52
1756013783.1459446,0,-6,-46
1756013783.1839447,-1,-4,-44
1756013783.2219446,-1,-4,-58
1756013783.2609446,2,0,-53
1756013783.2969446,7,-2,-49
1756013783.3339446,5,0,-46
1756013783.371945,2,-1,-62
1756013783.4099443,8,1,-57
1756013783.4459443,1,-1,-59
1756013783.4829447,0,-4,-52
1756013783.5219443,2,2,-59
1756013783.5599446,2,3,-58
1756013783.5959446,-3,4,-48
1756013783.6329446,3,2,-60
1756013783.6709447,4,0,-53
1756013783.7069447,5,-3,-50
1756013783.7439446,0,2,-36
1756013783.782945,5,0,-47
1756013783.8209443,4,2,-53
1756013783.8569446,5,0,-61
1756013783.8939445,-2,-3,-63
1756013783.9329443,-4,0,-56
1756013783.9709446,0,-2,-54
1756013784.006945,-1,-5,-52
1756013784.0449443,-3,0,-44
1756013784.0829446,0,-5,-52
1756013784.121945,4,-7,-44
1756013784.157945,-2,-3,-50
1756013784.1959443,2,-5,-54
1756013784.233945,0,-7,-65
1756013784.2719443,-1,0,-47
1756013784.3109446,0,1,-49
1756013784.3469446,3,-4,-45
1756013784.384945,1,-4,-48
1756013784.4239447,1,1,-46
1756013784.4619446,-1,-1,-59
1756013784.4979446,-6,-2,-62
1756013784.5359447,-2,-2,-49
1756013784.5749447,4,-6,-56
1756013784.6129446,3,-6,-44
1756013784.6509447,-2,-2,-47
1756013784.6869447,-7,-2,-53
1756013784.7249446,-3,6,-50
1756013784.7629447,0,0,-49
1756013784.8009446,0,-3,-49
1756013784.8369446,0,1,-46
1756013784.8739443,8,0,-55
1756013784.9119446,5,6,-48
1756013784.9479446,1,4,-45
1756013784.9859445,6,1,-54
1756013785.0229447,-4,3,-50
1756013785.0619447,1,-5,-58
1756013785.0979445,-1,0,-54
1756013785.134945,7,-1,-48
1756013785.1729443,2,0,-50
1756013785.210945,7,-3,-46
1756013785.246945,10,5,-47
1756013785.2849443,9,1,-44
1756013785.3239446,9,-2,-36
1756013785.361945,6,-1,-47
1756013785.3979447,8,-5,-45
1756013785.4349446,1,-1,-53
1756013785.473945,0,-2,-51
1756013785.5119443,7,0,-49
1756013785.5479443,1,-1,-44
1756013785.585945,-8,-2,-55
1756013785.6239443,3,1,-49
1756013785.6619446,6,-5,-61
1756013785.6979446,2,-3,-57
1756013785.7349446,-3,-4,-55
1756013785.7739446,4,-1,-46
1756013785.8119447,4,0,-45
1756013785.8479445,0,0,-48
1756013785.884945,7,-5,-52
1756013785.9229443,-1,1,-52
1756013785.9619446,0,-3,-48
1756013785.9979446,6,-1,-60
1756013786.0349443,-1,-4,-54
1756013786.0739446,7,1,-51
1756013786.111945,8,1,-48
1756013786.1479447,3,-4,-49
1756013786.1849446,3,-11,-48
1756013786.223945,6,-4,-49
1756013786.2619443,3,-2,-43
1756013786.2979443,5,2,-62
1756013786.3439443,0,2,-48
1756013786.381945,-2,4,-48
1756013786.417945,-1,5,-58
1756013786.4549446,6,-1,-62
1756013786.4939446,-1,-5,-70
1756013786.5319445,6,0,-53
1756013786.5679443,9,8,-45
1756013786.6049447,0,6,-50
1756013786.6429446,-1,0,-50
1756013786.6789446,-4,-2,-60
1756013786.7169447,-2,3,-46
1756013786.7549446,8,-3,-37
1756013786.7939446,9,2,-48
1756013786.8319447,7,-2,-59
1756013786.8679447,4,-4,-51
1756013786.9059446,0,-7,-43
1756013786.9439447,0,-5,-48
1756013786.9829447,-4,-3,-40
1756013787.0189445,4,2,-44
1756013787.0559447,-3,-8,-56
1756013787.0939443,1,-4,-47
1756013787.1329446,2,-2,-49
1756013787.1689446,5,-4,-59
1756013787.2059443,0,-1,-51
1756013787.2439446,-6,-3,-53
1756013787.282945,-5,-2,-51
1756013787.3189447,-3,-4,-52
1756013787.3569446,2,-3,-58
1756013787.394945,2,5,-52
1756013787.4339447,-4,-3,-57
1756013787.4699447,-3,1,-49
1756013787.506945,-6,5,-50
1756013787.5449443,-5,-6,-49
1756013787.5839446,1,0,-54
1756013787.6199446,-3,0,-56
1756013787.6569445,3,-3,-46
1756013787.6949446,0,-1,-46
1756013787.733945,3,-1,-59
1756013787.769945,2,0,-56
1756013787.8069446,1,2,-59
1756013787.8449447,0,-7,-55
1756013787.8839445,-7,-2,-57
1756013787.9199443,-5,-4,-61
1756013787.9579446,4,-9,-51
1756013787.9959445,6,-3,-43
1756013788.0349443,-2,2,-55
1756013788.0729446,0,4,-52
1756013788.108945,4,-8,-57
1756013788.1469443,-3,-11,-58
1756013788.1849446,0,-4,-56
1756013788.223945,-3,-2,-56
1756013788.259945,-6,0,-58
1756013788.2969446,-11,-2,-55
1756013788.3349447,0,-3,-54
1756013788.3739443,-4,-1,-57
1756013788.4099443,-7,0,-65
1756013788.4469447,-8,6,-53
1756013788.4849446,3,4,-45
1756013788.5229447,0,-5,-47
1756013788.5589447,1,0,-42
1756013788.5959446,2,-1,-59
1756013788.634945,0,-5,-52
1756013788.6709447,1,-6,-47
1756013788.7079446,4,-3,-43
1756013788.7459445,1,-4,-45
1756013788.7849443,-1,-6,-51
1756013788.8209443,-7,-4,-52
1756013788.858945,-2,-3,-56
1756013788.8969443,-3,-4,-51
1756013788.9349446,2,-4,-53
1756013788.973945,4,7,-51
1756013789.009945,1,2,-50
1756013789.0469446,-2,0,-44
1756013789.0849447,1,-3,-47
1756013789.1239443,0,1,-46
1756013789.1599443,1,3,-44
1756013789.1969447,0,1,-49
1756013789.2349446,2,-5,-47
1756013789.2709446,4,-3,-53
1756013789.3089447,4,-6,-57
1756013789.3459446,-5,-1,-52
1756013789.384945,-2,-3,-48
1756013789.4209447,-2,0,-55
1756013789.4579446,-4,0,-63
1756013789.4959445,2,-1,-61
1756013789.5349443,0,-2,-55
1756013789.5709443,1,-3,-55
1756013789.608945,-5,-7,-54
1756013789.6459446,3,0,-58
1756013789.6849446,3,0,-63
1756013789.7209446,0,-4,-49
1756013789.7579446,0,-3,-54
1756013789.7959447,0,1,-45
1756013789.8339446,2,4,-50
1756013789.8699446,4,3,-59
1756013789.9069445,0,1,-59
1756013789.9449446,-2,1,-57
1756013789.9809446,7,-2,-55
1756013790.0179446,4,-5,-59
1756013790.0569446,-1,-11,-65
1756013790.0949447,-4,-5,-47
1756013790.1309447,-3,0,-45
1756013790.167945,1,5,-58
1756013790.2059443,1,1,-51
1756013790.2419446,-1,-4,-59
1756013790.279945,2,-9,-51
1756013790.3179443,-3,-2,-52
1756013790.3559446,6,5,-44
1756013790.394945,3,6,-50
1756013790.4309447,0,3,-50
1756013790.4689443,-2,3,-43
1756013790.5079446,3,4,-55
1756013790.5459447,3,-1,-60
1756013790.5819447,6,4,-54
1756013790.6189446,-5,1,-52
1756013790.6569445,-1,2,-53
1756013790.6959443,-3,0,-53
1756013790.7319446,0,-6,-59
1756013790.7689445,1,-6,-56
1756013790.8069446,0,0,-43
1756013790.8459446,1,-2,-43
1756013790.881945,-1,-3,-47
1756013790.9199443,-5,0,-44
1756013790.9579446,-1,0,-51
1756013790.996945,-2,0,-46
1756013791.0349443,1,-1,-59
1756013791.0709443,1,2,-59
1756013791.1079447,9,-2,-55
1756013791.1469443,3,-2,-41
1756013791.1849446,-2,-7,-40
1756013791.2209446,-4,0,-43
1756013791.2579446,-3,0,-52
1756013791.2969446,5,-5,-51
1756013791.3349447,11,-8,-36
1756013791.3709445,-3,-9,-37
1756013791.4089446,-6,0,-53
1756013791.4469447,-1,-4,-48
1756013791.4859445,-3,7,-45
1756013791.5219443,-6,2,-49
1756013791.5609446,1,0,-61
1756013791.5979445,-4,-6,-52
1756013791.6369443,0,-9,-53
1756013791.6749446,1,-7,-46
1756013791.710945,0,-5,-46
1756013791.7479446,2,-6,-47
1756013791.7869446,-7,-3,-38
1756013791.8249447,-16,-2,-40
1756013791.8609445,-6,2,-45
1756013791.8979447,0,3,-52
1756013791.9369447,7,-1,-67
1756013791.9729445,0,3,-50
1756013792.0109446,-11,-1,-56
1756013792.0479443,0,4,-50
1756013792.085945,6,5,-52
1756013792.121945,0,-4,-42
1756013792.1589446,-7,-3,-52
1756013792.1969447,-9,1,-54
1756013792.2359445,-6,0,-57
1756013792.2719443,-3,2,-48
1756013792.3089447,4,2,-44
1756013792.3469446,-8,5,-42
1756013792.3829446,-1,-3,-45
1756013792.4209447,-4,0,-52
1756013792.4589446,3,0,-49
1756013792.496945,-3,1,-53
1756013792.532945,-1,-1,-58
1756013792.5709443,-3,-5,-42
1756013792.608945,2,-5,-44
1756013792.6479447,0,0,-49
1756013792.6859446,7,1,-46
1756013792.7219446,3,-2,-38
1756013792.759945,0,4,-38
1756013792.7989447,-9,0,-50
1756013792.8369446,-6,-6,-39
1756013792.8729446,-3,-5,-42
1756013792.9109447,0,0,-51
1756013792.9479446,5,0,-41
1756013792.986945,-3,-3,-53
1756013793.0229447,0,-9,-54
1756013793.0599446,-1,-3,-51
1756013793.098945,-2,0,-50
1756013793.1369443,3,0,-54
1756013793.1729443,-3,0,-52
1756013793.2099447,4,1,-48
1756013793.2479446,-3,0,-44
1756013793.2859447,-3,0,-50
1756013793.3219447,-9,-5,-53
1756013793.3599446,0,-5,-49
1756013793.3989446,2,-9,-49
1756013793.4369447,3,-6,-50
1756013793.4729445,3,-2,-46
1756013793.509945,-2,-3,-38
1756013793.5479443,2,-1,-54
1756013793.5869446,-2,-6,-58
1756013793.6229446,2,-2,-54
1756013793.6599443,-5,-1,-50
1756013793.6979446,-4,-6,-53
1756013793.736945,-1,-5,-48
1756013793.7729447,-1,0,-50
1756013793.8109446,-1,1,-50
1756013793.848945,-3,0,-53
1756013793.8879447,-2,-1,-51
1756013793.9239447,1,-8,-46
1756013793.9619446,-5,-3,-43
1756013793.9999447,-3,-8,-57
1756013794.0379446,-4,-4,-54
1756013794.0769446,-2,-1,-58
1756013794.1129446,1,8,-43
1756013794.1509447,-6,0,-51
1756013794.187945,-10,-4,-57
1756013794.2269447,-12,-1,-51
1756013794.2629447,-6,2,-44
1756013794.3009446,-4,2,-53
1756013794.338945,-2,2,-53
1756013794.3779447,-4,-1,-52
1756013794.4149446,-3,-1,-58
1756013794.4519446,-5,-1,-49
1756013794.4899447,-9,4,-54
1756013794.5289447,0,3,-52
1756013794.5669446,3,-3,-60
1756013794.6029446,0,-2,-60
1756013794.6409447,2,1,-43
1756013794.6789446,-3,2,-47
1756013794.7169447,-11,-1,-62
1756013794.7529447,-5,0,-53
1756013794.7909446,2,-2,-50
1756013794.8289447,-2,-6,-47
1756013794.8679447,-6,0,-54
1756013794.9039447,3,-3,-52
1756013794.9419446,3,0,-32
1756013794.9789443,1,-3,-35
1756013795.0179446,0,-2,-47
1756013795.0539446,0,-1,-45
1756013795.0909443,1,0,-53
1756013795.1289446,-4,-1,-60
1756013795.1669445,0,-1,-48
1756013795.2029445,-8,4,-52
1756013795.2409446,-4,4,-51
1756013795.2789447,-2,0,-58
1756013795.3179443,1,4,-42
1756013795.3539443,0,3,-47
1756013795.3909447,-1,2,-50
1756013795.4289446,1,3,-59
1756013795.4649446,-2,-1,-55
1756013795.5029447,-3,2,-34
1756013795.5419445,0,1,-55
1756013795.5789447,-2,-1,-55
1756013795.6179447,-3,0,-50
1756013795.6539447,-1,-1,-56
1756013795.6919446,0,-7,-42
1756013795.7299447,0,3,-49
1756013795.7689445,-1,0,-48
1756013795.8049445,-4,-3,-59
1756013795.8429446,-3,0,-53
1756013795.8809447,8,-1,-61
1756013795.9199443,4,-3,-48
1756013795.9579446,6,-2,-39
1756013795.9939446,4,-3,-53
1756013796.0319445,0,2,-59
1756013796.0699446,5,0,-59
1756013796.1079447,9,-1,-58
1756013796.1439445,10,-5,-57
1756013796.1819446,1,-5,-47
1756013796.2199447,-1,-8,-48
1756013796.2589445,3,-3,-44
1756013796.2949443,-1,0,-48
1756013796.3319447,-5,8,-55
1756013796.3779447,1,1,-60
1756013796.4139447,5,7,-58
1756013796.450945,1,-5,-48
1756013796.4899447,-3,-6,-55
1756013796.5279446,-9,-3,-54
1756013796.5639446,-4,-2,-56
1756013796.6019447,-1,0,-63
1756013796.6399446,0,2,-47
1756013796.6789446,-1,4,-45
1756013796.7149446,2,4,-42
1756013796.7519443,0,-1,-45
1756013796.7909446,1,2,-49
1756013796.8289447,1,1,-56
1756013796.8649447,-1,0,-60
1756013796.9029446,0,-1,-62
1756013796.940945,4,-5,-52
1756013796.9799447,3,-3,-50
1756013797.0159447,-2,-2,-48
1756013797.0539446,-4,-2,-47
1756013797.0919447,6,1,-53
1756013797.1299446,6,-4,-58
1756013797.1659446,1,-1,-51
1756013797.2039447,2,-6,-52
1756013797.2409446,2,2,-46
1756013797.2789447,6,4,-45
1756013797.3149445,7,0,-44
1756013797.3519447,8,5,-45
1756013797.3899446,1,5,-48
1756013797.4259446,-1,5,-55
1756013797.463945,0,3,-55
1756013797.5009446,-2,-2,-47
1756013797.5399446,4,-5,-59
1756013797.575945,6,-1,-49
1756013797.6129446,-1,0,-47
1756013797.6509447,-8,3,-44
1756013797.6899445,-5,3,-54
1756013797.7259445,0,1,-52
1756013797.7629447,-7,3,-48
1756013797.8009446,-9,-2,-55
1756013797.8399446,1,4,-55
1756013797.8759446,4,0,-53
1756013797.9129446,2,-1,-45
1756013797.950945,-2,-9,-45
1756013797.9899447,-1,-3,-52
1756013798.0259447,3,2,-54
1756013798.062945,10,10,-53
1756013798.1009445,10,7,-48
1756013798.1389446,-1,3,-44
1756013798.1749446,2,-2,-50
1756013798.2119446,-3,-4,-51
1756013798.2509446,1,-2,-49
1756013798.2889447,5,0,-51
1756013798.3249447,-2,0,-50
1756013798.361945,3,-2,-59
1756013798.4009447,2,-7,-57
1756013798.4389446,-7,-3,-62
1756013798.4749446,0,-1,-51
1756013798.5129447,5,0,-60
1756013798.5509446,4,0,-57
1756013798.5869446,4,4,-53
1756013798.6239443,2,0,-60
1756013798.6619446,-3,-4,-55
1756013798.6999447,2,4,-49
1756013798.7359445,3,0,-49
1756013798.7729447,-2,0,-34
1756013798.8119447,0,6,-45
1756013798.8499446,4,3,-51
1756013798.8859446,14,0,-44
1756013798.9229443,5,4,-54
1756013798.960945,5,2,-53
1756013798.9979446,2,4,-48
1756013799.0349443,0,-1,-57
1756013799.0729446,0,-1,-50
1756013799.111945,1,1,-52
1756013799.1499443,-2,0,-47
1756013799.1859446,-2,3,-47
1756013799.2229445,1,3,-54
1756013799.2609446,8,-5,-45
1756013799.2969446,1,-1,-54
1756013799.3349447,-1,4,-54
1756013799.3729446,7,5,-51
1756013799.4109447,0,-1,-51
1756013799.4469447,6,0,-48
1756013799.4859445,1,-3,-56
1756013799.5229447,1,3,-62
1756013799.5609446,4,-5,-61
1756013799.5969446,5,-3,-53
1756013799.634945,-2,0,-48
1756013799.6729443,1,-8,-55
1756013799.7119446,2,-8,-42
1756013799.7499447,-1,-5,-52
1756013799.7859447,-7,-7,-44
1756013799.8239446,-5,3,-55
1756013799.861945,-5,2,-55
1756013799.9009447,-2,-1,-60
1756013799.9369447,-1,4,-54
1756013799.973945,1,1,-51
1756013800.0119443,7,2,-42
1756013800.0499446,0,1,-46
1756013800.085945,3,-5,-38
1756013800.1239443,5,-5,-50
1756013800.1619446,4,-11,-54
1756013800.200945,-1,-3,-42
1756013800.236945,-1,-2,-35
1756013800.2749443,-2,7,-49
1756013800.312945,7,0,-53
1756013800.3509445,-6,-6,-46
1756013800.3869443,-3,-5,-49
1756013800.4249446,2,8,-42
1756013800.4619446,-1,-1,-38
1756013800.5009446,-1,-1,-52
1756013800.5369446,2,-4,-47
1756013800.5739446,0,-6,-59
1756013800.611945,-1,4,-51
1756013800.6509447,3,-1,-56
1756013800.6869447,0,-2,-51
1756013800.723945,1,-1,-50
1756013800.7619443,1,0,-45
1756013800.7979443,5,-5,-62
1756013800.8349447,8,0,-58
1756013800.8729446,6,3,-44
1756013800.9109447,-6,4,-53
1756013800.9469447,-1,3,-43
1756013800.983945,-1,-1,-57
1756013801.0229447,0,2,-49
1756013801.0609446,-3,2,-37
1756013801.0969446,-6,-5,-49
1756013801.1359446,-1,-9,-60
1756013801.1729443,1,0,-53
1756013801.210945,1,2,-47
1756013801.246945,0,4,-40
1756013801.2839446,1,-3,-61
1756013801.3229446,-9,-5,-55
1756013801.3609445,-4,-9,-57
1756013801.3969443,0,-1,-46
1756013801.4339447,0,-6,-38
1756013801.4729445,0,0,-42
1756013801.5109446,-3,-5,-41
1756013801.5469446,-7,-9,-59
1756013801.585945,-8,-7,-56
1756013801.6229446,-6,-1,-48
1756013801.6619446,-5,5,-53
1756013801.6979446,-3,2,-55
1756013801.7359445,-1,-4,-52
1756013801.7739446,10,-4,-54
1756013801.812945,2,0,-54
1756013801.8509445,0,-2,-52
1756013801.8869443,-1,-2,-45
1756013801.9249446,0,-3,-51
1756013801.9629445,1,0,-51
1756013801.9989443,0,-2,-57
1756013802.0359447,-5,2,-45
1756013802.0739446,-1,-1,-46
1756013802.1129446,3,-3,-53
1756013802.1489446,6,0,-55
1756013802.1859446,6,-7,-65
1756013802.223945,2,-4,-63
1756013802.2629447,1,4,-58
1756013802.2989447,8,-2,-48
1756013802.335945,0,-2,-56
1756013802.3739443,5,-2,-50
1756013802.4129446,6,-3,-48
1756013802.4489446,3,-1,-48
1756013802.4859445,-5,0,-45
1756013802.5239446,-4,2,-40
1756013802.562945,-7,2,-60
1756013802.598945,0,5,-51
1756013802.6359446,-1,5,-49
1756013802.6739447,-2,0,-50
1756013802.7129445,2,0,-46
1756013802.7489443,-4,-4,-63
1756013802.7869446,-2,-3,-55
1756013802.8249447,0,2,-59
1756013802.8639443,1,3,-54
1756013802.9019446,8,-4,-43
1756013802.937945,-1,-6,-43
1756013802.9759445,-4,-7,-43
1756013803.0149446,0,0,-48
1756013803.052945,0,-1,-53
1756013803.088945,1,-1,-43
1756013803.1259446,11,-6,-45
1756013803.1649446,-2,-6,-54
1756013803.2029445,1,-3,-42
1756013803.2389443,4,0,-53
1756013803.2759447,2,-4,-60
1756013803.3149445,-6,0,-47
1756013803.3529446,3,1,-46
1756013803.3889446,2,-4,-47
1756013803.4259446,-3,-1,-56
1756013803.4649446,1,-3,-49
1756013803.5029447,0,3,-50
1756013803.5389447,-5,7,-35
1756013803.575945,0,2,-46
1756013803.6149447,0,-5,-62
1756013803.6529446,2,-2,-56
1756013803.6889446,2,1,-49
1756013803.7259445,6,1,-45
1756013803.7639446,7,4,-50
1756013803.802945,-2,-2,-46
1756013803.838945,-1,6,-48
1756013803.8759446,-2,0,-51
1756013803.9149446,6,0,-58
1756013803.9529445,-2,2,-63
1756013803.9889443,0,-2,-53
1756013804.0259447,-3,1,-45
1756013804.0649445,-1,0,-49
1756013804.1029446,-7,-4,-61
1756013804.1389446,-8,-1,-41
1756013804.177945,-4,0,-55
1756013804.2149446,11,2,-60
1756013804.2529447,6,5,-55
1756013804.2889447,2,-1,-48
1756013804.3279445,-1,0,-63
1756013804.3649447,-1,0,-59
1756013804.4039447,-5,0,-62
1756013804.4399445,-1,6,-41
1756013804.4779446,6,1,-45
1756013804.5149446,1,-2,-51
1756013804.5539446,-1,1,-48
1756013804.5899446,1,2,-47
1756013804.6279447,-1,4,-46
1756013804.6649446,-1,0,-58
1756013804.7039447,0,0,-47
1756013804.7399447,4,-5,-48
1756013804.7779446,-7,0,-56
1756013804.8149445,-8,-2,-59
1756013804.8539443,-2,0,-61
1756013804.8899446,5,2,-46
1756013804.927945,0,2,-47
1756013804.9649446,3,-4,-50
1756013805.0039446,4,-2,-51
1756013805.0399446,-3,-2,-54
1756013805.0779445,-4,-4,-48
1756013805.1159446,-5,-2,-50
1756013805.154945,-5,-3,-51
1756013805.190945,1,-8,-44
1756013805.2279446,1,-9,-51
1756013805.2659447,4,-1,-62
1756013805.3049445,2,-4,-53
1756013805.3409443,8,5,-54
1756013805.3779447,-6,0,-55
1756013805.4159446,-2,5,-55
1756013805.4549446,0,3,-51
1756013805.4909446,-1,5,-53
1756013805.5279446,-6,3,-56
1756013805.565945,-4,3,-58
1756013805.6049447,0,1,-65
1756013805.6409447,1,1,-74
1756013805.677945,-2,10,-59
1756013805.7159443,0,5,-52
1756013805.7539446,0,-2,-55
1756013805.7899446,7,-7,-60
1756013805.8279445,9,-5,-44
1756013805.8649447,2,-6,-51
1756013805.9039447,1,0,-46
1756013805.9399445,4,0,-58
1756013805.9769447,3,6,-53
1756013806.0159447,-2,0,-57
1756013806.0539446,6,-4,-54
1756013806.0899446,1,-8,-51
1756013806.1269443,4,-1,-47
1756013806.1659446,0,-6,-54
1756013806.2039447,2,-4,-51
1756013806.2399447,2,-2,-52
1756013806.2779446,-9,0,-56
1756013806.315945,4,-2,-47
1756013806.3549447,-2,-6,-52
1756013806.3989446,5,0,-49
1756013806.4369447,-1,1,-41
1756013806.4759445,1,5,-51
1756013806.5139446,-2,-1,-59
1756013806.5499446,-3,-4,-63
1756013806.5879445,-3,-1,-52
1756013806.6259446,-2,-3,-46
1756013806.6649446,-2,0,-47
1756013806.700945,0,-6,-50
1756013806.7379446,-2,-5,-48
1756013806.7759447,2,2,-43
1756013806.8139446,-8,1,-46
1756013806.8499446,-3,2,-45
1756013806.8889446,-3,0,-54
1756013806.9259446,-7,-1,-48
1756013806.9649446,-1,3,-60
1756013807.0009446,1,0,-62
1756013807.0379446,3,3,-66
1756013807.075945,1,1,-51
1756013807.111945,6,-2,-43
1756013807.1489446,6,-1,-39
1756013807.1869447,8,3,-46
1756013807.2249446,1,0,-50
1756013807.2609446,4,-6,-37
1756013807.2979443,1,-2,-45
1756013807.335945,5,-4,-39
1756013807.3749447,0,-2,-49
1756013807.4109447,6,-3,-56
1756013807.4489446,2,3,-57
1756013807.486945,0,2,-55
1756013807.5249443,-4,0,-47
1756013807.5609446,4,1,-49
1756013807.5979445,5,3,-47
1756013807.6369443,0,5,-61
1756013807.6749446,8,0,-57
1756013807.710945,9,-4,-57
1756013807.7479446,4,5,-61
1756013807.7869446,1,4,-64
1756013807.8249447,1,-7,-57
1756013807.8609445,-1,-1,-51
1756013807.8989446,-3,-4,-54
1756013807.9369447,0,3,-48
1756013807.9749446,-4,1,-52
1756013808.0109446,2,-1,-49
1756013808.0489447,3,-6,-55
1756013808.0869446,0,-5,-54
1756013808.1259446,6,-2,-65
1756013808.1619446,5,-1,-66
1756013808.1989446,3,-2,-49
1756013808.236945,-7,-7,-68
1756013808.2759447,0,-4,-51
1756013808.3119447,4,0,-45
1756013808.348945,4,-5,-55
1756013808.3869443,-4,-6,-65
1756013808.4259446,-4,-11,-59
1756013808.4619446,-5,-1,-53
1756013808.4999447,2,-1,-58
1756013808.5379446,0,0,-54
1756013808.575945,8,-2,-48
1756013808.611945,0,-3,-44
1756013808.6489446,0,-7,-37
1756013808.6869447,1,-4,-56
1756013808.7259445,4,2,-56
1756013808.7619443,2,6,-56
1756013808.7989447,2,-6,-47
1756013808.8369446,-2,1,-39
1756013808.8759446,-7,2,-55
1756013808.9119446,-9,0,-49
1756013808.9489446,-1,-3,-44
1756013808.986945,1,-2,-54
1756013809.0259447,3,-3,-55
1756013809.0619447,3,-3,-50
1756013809.098945,-1,-1,-48
1756013809.1369443,4,-6,-44
1756013809.1759446,5,-6,-56
1756013809.2119446,9,0,-56
1756013809.2489443,4,-1,-61
1756013809.2879446,-1,-6,-52
1756013809.325945,-3,-3,-54
1756013809.361945,-3,-3,-62
1756013809.3999443,-6,0,-53
1756013809.437945,6,-1,-48
1756013809.4769447,2,4,-43
1756013809.5129447,-3,-2,-52
1756013809.5509446,-4,-6,-50
1756013809.588945,-1,-6,-53
1756013809.6279447,-1,2,-42
1756013809.6659446,3,0,-46
1756013809.7019446,2,1,-45
1756013809.7399447,0,-1,-43
1756013809.7779446,0,-1,-46
1756013809.815945,-2,0,-43
1756013809.8519447,2,-3,-43
1756013809.8899446,-5,1,-60
1756013809.927945,0,4,-47
1756013809.9669447,5,2,-49
1756013810.0029447,3,10,-56
1756013810.0399446,0,1,-57
1756013810.0779445,-2,1,-56
1756013810.1159446,1,-1,-56
1756013810.1519446,-1,0,-50
1756013810.1889446,-2,4,-57
1756013810.2279446,-1,4,-60
1756013810.2659447,-2,-2,-60
1756013810.3019447,-5,0,-45
1756013810.338945,-2,-1,-57
1756013810.3779447,-3,1,-56
1756013810.4139447,-7,-2,-59
1756013810.4519446,-5,1,-50
1756013810.4899447,0,3,-51
1756013810.5279446,0,3,-66
1756013810.5639446,0,-1,-51
1756013810.6019447,-8,4,-43
1756013810.6399446,2,3,-55
1756013810.6789446,9,-2,-50
1756013810.7169447,2,-3,-59
1756013810.7529447,0,5,-55
1756013810.7899446,-1,6,-52
1756013810.8289447,-2,7,-49
1756013810.8669446,8,0,-45
1756013810.9029446,-5,0,-46
1756013810.9399445,1,-2,-55
1756013810.9789443,1,-4,-56
1756013811.0169446,-4,-2,-55
1756013811.052945,0,4,-53
1756013811.0899446,1,3,-44
1756013811.1279447,-5,-3,-49
1756013811.1639447,0,-4,-51
1756013811.2019446,-3,-2,-49
1756013811.2399447,-5,0,-41
1756013811.2789447,-6,3,-59
1756013811.3169446,0,5,-44
1756013811.3529446,1,3,-40
1756013811.3899446,2,-6,-46
1756013811.4289446,-4,0,-48
1756013811.4669447,-2,0,-45
1756013811.5029447,-1,-4,-42
1756013811.5409446,5,-3,-49
1756013811.5789447,7,1,-49
1756013811.6169446,5,0,-50
1756013811.6529446,-2,2,-46
1756013811.690945,-2,5,-51
1756013811.7289443,-5,2,-55
1756013811.7679446,-4,-1,-54
1756013811.8039446,-4,0,-51
1756013811.8409443,0,-2,-47
1756013811.8789446,0,-2,-47
1756013811.917945,5,0,-40
1756013811.9539447,3,3,-36
1756013811.9909446,-8,0,-58
1756013812.0289447,-2,-3,-61
1756013812.0679443,-1,1,-51
1756013812.1039443,-9,2,-40
1756013812.1409447,-5,-1,-49
1756013812.1789446,-5,-11,-49
1756013812.2179446,-2,-11,-55
1756013812.2539446,-4,0,-54
1756013812.2919445,-8,1,-39
1756013812.3299446,0,-7,-55
1756013812.3689446,-2,-6,-53
1756013812.404945,0,-7,-48
1756013812.4429443,0,-4,-48
1756013812.4809446,0,-2,-52
1756013812.5189445,0,-1,-45
1756013812.5579443,3,2,-55
1756013812.5939443,-5,-7,-59
1756013812.6329446,3,-4,-55
1756013812.6699443,6,-4,-56
1756013812.7089446,0,0,-53
1756013812.7449446,-4,-6,-52
1756013812.782945,-1,-9,-54
1756013812.8209443,-1,-8,-48
1756013812.8599446,3,-6,-63
1756013812.8979447,-3,3,-54
1756013812.9339447,4,0,-57
1756013812.9709446,6,1,-52
1756013813.0089445,10,3,-54
1756013813.0449443,6,4,-49
1756013813.0829446,4,-1,-61
1756013813.1209445,5,0,-50
1756013813.1589446,5,4,-51
1756013813.1949446,0,2,-45
1756013813.2329447,-3,-1,-50
1756013813.2709446,-7,-1,-55
1756013813.3099446,-2,-2,-51
1756013813.3479445,-2,3,-63
1756013813.3839445,0,1,-58
1756013813.4209447,-1,-3,-48
1756013813.4599447,-5,-4,-57
1756013813.4979446,-2,-3,-66
1756013813.5339446,-3,2,-57
1756013813.5709443,-2,2,-56
1756013813.6099446,-5,-3,-44
1756013813.6459446,-6,-5,-44
1756013813.6839447,4,-2,-39
1756013813.7219446,3,3,-57
1756013813.759945,0,3,-57
1756013813.7959447,3,6,-47
1756013813.8329446,-3,-2,-57
1756013813.8709445,2,-9,-47
1756013813.9099443,10,-2,-52
1756013813.9459443,0,8,-45
1756013813.9829447,-3,3,-48
1756013814.0209446,-5,-1,-66
1756013814.0599446,-8,3,-53
1756013814.0959446,-13,3,-47
1756013814.1329446,-7,2,-50
1756013814.1709447,6,0,-47
1756013814.2099447,2,1,-49
1756013814.2459445,2,-4,-55
1756013814.282945,8,-1,-56
1756013814.3209443,2,0,-55
1756013814.358945,5,-3,-50
1756013814.394945,3,7,-44
1756013814.4319446,-3,3,-38
1756013814.4709446,1,0,-48
1756013814.5089445,5,0,-47
1756013814.5449443,2,4,-47
1756013814.5819447,4,0,-47
1756013814.6199446,3,-8,-52
1756013814.6559446,2,-10,-50
1756013814.6929443,-5,-7,-53
1756013814.7309446,0,5,-36
1756013814.7689445,3,0,-43
1756013814.8049445,4,-1,-53
1756013814.8419447,0,0,-41
1756013814.8799446,-5,-4,-47
1756013814.9159446,-7,-2,-44
1756013814.9539447,0,0,-53
1756013814.9909446,0,-1,-47
1756013815.029945,0,-4,-44
1756013815.065945,-1,-4,-45
1756013815.1039443,2,-5,-54
1756013815.1419446,0,3,-46
1756013815.1799445,4,1,-58
1756013815.2159443,-2,-1,-62
1756013815.2549446,-5,-4,-58
1756013815.2919445,3,-3,-58
1756013815.3309443,3,-5,-51
1756013815.3669446,-6,-7,-46
1756013815.404945,-12,-3,-55
1756013815.4429443,-5,4,-53
1756013815.4809446,-4,-3,-59
1756013815.519945,-2,-4,-51
1756013815.5559447,1,0,-53
1756013815.5929446,0,0,-45
1756013815.6309447,-2,-3,-48
1756013815.6669445,6,-2,-63
1756013815.7039447,4,4,-62
1756013815.7419446,-1,3,-54
1756013815.7809446,2,-9,-52
1756013815.8169446,-5,-4,-46
1756013815.8549447,-5,-4,-44
1756013815.8929446,0,-2,-47
1756013815.9319446,5,-5,-55
1756013815.9699447,6,9,-52
1756013816.0059447,1,-2,-44
1756013816.042945,-4,1,-55
1756013816.0819447,-2,4,-60
1756013816.1199446,-5,7,-47
1756013816.1559446,-2,3,-53
1756013816.1929443,-4,7,-48
1756013816.2319446,0,1,-42
1756013816.269945,-1,-2,-52
1756013816.3059447,0,2,-52
1756013816.3429446,6,-5,-46
1756013816.381945,1,-3,-48
1756013816.4259446,4,-4,-50
1756013816.463945,3,-3,-58
1756013816.5019443,0,1,-52
1756013816.5399446,-2,5,-49
1756013816.575945,-7,4,-56
1756013816.6139443,-2,0,-52
1756013816.6519446,0,0,-39
1756013816.6899445,-4,-3,-47
1756013816.7259445,-3,0,-50
1756013816.7639446,3,1,-54
1756013816.8019447,0,0,-56
1756013816.8399446,-2,0,-66
1756013816.8759446,-6,-1,-54
1756013816.9139447,-1,0,-42
1756013816.9519446,2,3,-52
1756013816.9909446,0,0,-58
1756013817.0269446,3,7,-54
1756013817.0639446,-8,7,-43
1756013817.1019447,-3,1,-50
1756013817.1409447,-3,1,-55
1756013817.1769447,-1,9,-48
1756013817.213945,-2,-1,-46
1756013817.2519443,-4,-2,-47
1756013817.2909446,0,-2,-43
1756013817.3269446,-2,3,-47
1756013817.3639443,-6,0,-49
1756013817.4019446,3,-3,-42
1756013817.440945,0,0,-47
1756013817.4769447,0,-2,-52
1756013817.5149446,2,0,-44
1756013817.5519447,-3,-1,-40
1756013817.5909443,4,-1,-48
1756013817.6269443,4,0,-35
1756013817.6639447,-1,0,-44
1756013817.7029445,-4,-6,-49
1756013817.7409446,-10,-6,-55
1756013817.7769446,0,2,-48
1756013817.8139446,4,0,-37
1756013817.8529446,-4,0,-52
1756013817.8909447,-6,-6,-43
1756013817.9269447,-10,-1,-41
1756013817.9649446,-1,0,-38
1756013818.0029447,-6,0,-50
1756013818.0419445,2,-6,-51
1756013818.0779445,2,7,-57
1756013818.1149447,4,-1,-55
1756013818.1529446,3,-2,-52
1756013818.1919446,0,-7,-49
1756013818.2279446,-2,-11,-42
1756013818.2659447,-5,-4,-37
1756013818.3049445,-1,-3,-51
1756013818.3429446,0,-3,-42
1756013818.3809447,4,-5,-51
1756013818.4169445,0,-4,-62
1756013818.4559443,2,6,-56
1756013818.4929447,-3,1,-63
1756013818.5319445,-5,-3,-51
1756013818.5679443,3,-4,-55
1756013818.6049447,-8,-2,-55
1756013818.6429446,0,1,-48
1756013818.6789446,0,-1,-37
1756013818.7169447,0,2,-54
1756013818.7559447,8,3,-48
1756013818.792945,-2,3,-48
1756013818.8319447,-6,5,-40
1756013818.8679447,-5,3,-42
1756013818.904945,-1,3,-42
1756013818.9439447,-8,-1,-58
1756013818.9819446,0,-5,-51
1756013819.0179446,9,-6,-65
1756013819.0549445,-1,-2,-54
1756013819.0929446,-1,0,-49
1756013819.131945,0,4,-43
1756013819.167945,0,-2,-43
1756013819.2049446,7,1,-49
1756013819.2429447,-1,-1,-47
1756013819.2789447,0,-2,-54
1756013819.315945,-3,-1,-52
1756013819.3539443,4,-2,-47
1756013819.3929446,1,1,-46
1756013819.4289446,3,0,-43
1756013819.4659443,0,2,-52
1756013819.5039446,-10,0,-45
1756013819.5419445,0,-7,-53
1756013819.5779445,-2,-5,-52
1756013819.6159446,0,-2,-53
1756013819.6539447,3,-2,-51
1756013819.6929443,-2,-3,-57
1756013819.7289443,-1,-4,-39
1756013819.7669446,-4,0,-51
1756013819.8049445,-1,0,-45
1756013819.8439443,-1,4,-50
1756013819.881945,11,1,-48
1756013819.917945,8,3,-44
1756013819.9559443,2,-1,-49
1756013819.9939446,-3,1,-47
1756013820.032945,5,-4,-59
1756013820.0689447,5,-5,-57
1756013820.1059446,1,8,-46
1756013820.1439445,4,8,-49
1756013820.1819446,8,3,-47
1756013820.2179446,7,4,-48
1756013820.2559447,0,-2,-45
1756013820.2939446,0,-3,-39
1756013820.3329446,3,-7,-50
1756013820.3689446,2,-1,-58
1756013820.4069445,-6,2,-53
1756013820.4449446,0,-1,-61
1756013820.483945,3,-3,-67
1756013820.519945,2,0,-57
1756013820.5579443,2,-4,-59
1756013820.5949447,-3,0,-58
1756013820.6339445,0,1,-59
1756013820.6699443,-2,1,-59
1756013820.7079446,-6,-1,-52
1756013820.7459445,-1,0,-57
1756013820.7839446,-1,1,-58
1756013820.8229446,-2,1,-53
1756013820.858945,-2,-3,-52
1756013820.8969443,0,-4,-59
1756013820.9349446,-2,1,-63
1756013820.973945,4,-1,-56
1756013821.009945,-3,-2,-51
1756013821.0479443,0,1,-49
1756013821.0849447,-3,-5,-52
1756013821.1239443,-1,2,-43
1756013821.1599443,-4,-2,-43
1756013821.1979446,-1,0,-53
1756013821.2359445,2,-2,-44
1756013821.2749443,-2,-1,-55
1756013821.312945,-4,-5,-45
1756013821.348945,5,-7,-40
1756013821.3859446,0,0,-43
1756013821.4239447,-2,1,-54
1756013821.4599447,0,-1,-52
1756013821.4979446,0,-5,-49
1756013821.5359447,-1,0,-48
1756013821.5749447,-5,-3,-48
1756013821.6129446,3,-8,-43
1756013821.6489446,4,-2,-59
1756013821.6859446,-1,-2,-69
1756013821.7249446,-1,-8,-46
1756013821.7629447,-3,-4,-48
1756013821.7989447,2,0,-56
1756013821.835945,3,3,-54
1756013821.8739443,0,0,-48
1756013821.9099443,5,-1,-53
1756013821.9479446,1,1,-48
1756013821.9859445,0,-4,-58
1756013822.0249443,-2,2,-47
1756013822.0609446,-6,0,-47
1756013822.0979445,-4,-2,-50
1756013822.1359446,-2,-4,-55
1756013822.1749446,0,-3,-62
1756013822.210945,-3,0,-64
1756013822.2479446,-10,-3,-64
1756013822.2859447,-13,0,-63
1756013822.3249447,-6,1,-58
1756013822.3609445,-6,-1,-45
1756013822.3989446,6,-1,-49
1756013822.4369447,1,-3,-49
1756013822.4759445,-4,-1,-49
1756013822.5139446,-7,2,-42
1756013822.5499446,-10,-2,-55
1756013822.5879445,-8,4,-48
1756013822.6259446,-12,-4,-47
1756013822.6649446,-1,2,-43
1756013822.700945,3,-1,-38
1756013822.7379446,-4,-2,-56
1756013822.7759447,0,-8,-51
1756013822.8149445,4,-5,-45
1756013822.8509445,6,-7,-50
1756013822.8879447,4,-7,-48
1756013822.9259446,-1,0,-56
1756013822.9649446,-1,4,-49
1756013823.0009446,-5,2,-56
1756013823.0389447,-9,-4,-51
1756013823.0769446,1,1,-47
1756013823.1149447,3,6,-58
1756013823.1509447,1,3,-50
1756013823.187945,-5,-1,-59
1756013823.2259445,2,0,-51
1756013823.2649446,-4,-3,-51
1756013823.3009446,4,-8,-51
1756013823.338945,2,-3,-63
1756013823.3769443,-5,-7,-56
1756013823.4159446,1,6,-48
1756013823.4539447,-6,3,-51
1756013823.4899447,-9,6,-57
1756013823.5279446,-7,0,-49
1756013823.565945,-10,3,-46
1756013823.6049447,-2,4,-43
1756013823.6409447,4,3,-37
1756013823.677945,1,3,-46
1756013823.7159443,-4,8,-59
1756013823.7519443,-12,7,-64
1756013823.7899446,0,5,-53
1756013823.8279445,-3,-4,-48
1756013823.8659446,0,0,-54
1756013823.904945,-9,-1,-60
1756013823.940945,-7,-10,-60
1756013823.9789443,-4,-5,-57
1756013824.0169446,-3,-3,-53
1756013824.0559447,0,-1,-66
1756013824.0919447,-3,-2,-64
1756013824.1299446,3,-1,-43
1756013824.1689446,0,1,-52
1756013824.2059443,-6,0,-49
1756013824.2449446,-2,0,-50
1756013824.2809446,-3,-1,-58
1756013824.3189447,-2,0,-49
1756013824.3569446,1,0,-48
1756013824.3959446,1,0,-55
1756013824.4319446,-1,3,-50
1756013824.4699447,-7,0,-44
1756013824.5089445,-5,3,-45
1756013824.5469446,-5,5,-57
1756013824.5849447,-2,1,-44
1756013824.6209445,-1,0,-51
1756013824.6589446,-1,-1,-60
1756013824.6969447,2,4,-59
1756013824.7349446,2,2,-54
1756013824.7709446,-5,-4,-55
1756013824.8089447,-2,2,-56
1756013824.8469446,2,0,-48
1756013824.884945,-1,0,-42
1756013824.9209447,6,0,-48
1756013824.9589446,-1,6,-49
1756013824.996945,1,1,-54
1756013825.0359447,10,2,-57
1756013825.0719447,8,1,-48
1756013825.108945,-5,-4,-37
1756013825.1469443,1,5,-57
1756013825.1849446,3,5,-52
1756013825.2209446,-4,2,-42
1756013825.2589445,-2,2,-45
1756013825.2969446,1,8,-52
1756013825.3329446,2,0,-44
1756013825.3699446,0,0,-46
1756013825.4069445,-1,11,-58
1756013825.4459443,-3,10,-53
1756013825.4819446,-7,3,-50
1756013825.519945,1,4,-48
1756013825.5569446,-3,4,-51
1756013825.5959446,-1,4,-54
1756013825.631945,-1,0,-54
1756013825.6699443,-4,5,-53
1756013825.7069447,0,0,-51
1756013825.7429447,1,3,-57
1756013825.779945,0,-2,-54
1756013825.8179443,3,-1,-50
1756013825.8569446,9,-7,-49
1756013825.8929446,2,-3,-58
1756013825.9299445,0,1,-47
1756013825.9679446,1,-7,-56
1756013826.006945,8,-3,-60
1756013826.042945,3,-5,-57
1756013826.0799446,-4,3,-53
1756013826.1179447,-3,0,-56
1756013826.1569445,0,-2,-61
1756013826.1929443,-2,-5,-58
1756013826.2309446,3,-1,-50
1756013826.2689445,5,2,-43
1756013826.3079443,4,0,-44
1756013826.3459446,0,-6,-46
1756013826.381945,-6,-2,-47
1756013826.4199443,0,-5,-48
1756013826.4659443,-1,4,-55
1756013826.5019443,0,7,-59
1756013826.5389447,0,6,-57
1756013826.5769446,-8,-1,-57
1756013826.6139443,-11,1,-51
1756013826.6509447,-6,-3,-48
1756013826.6889446,0,0,-46
1756013826.7269447,-9,-3,-62
1756013826.7629447,0,1,-64
1756013826.7999446,0,1,-50
1756013826.8379445,0,-2,-46
1756013826.8739443,-4,2,-43
1756013826.9109447,1,3,-56
1756013826.9479446,-2,0,-47
1756013826.986945,0,3,-46
1756013827.0229447,0,1,-48
1756013827.0599446,-4,0,-47
1756013827.0979445,5,2,-45
1756013827.1369443,-1,9,-57
1756013827.1729443,3,0,-52
1756013827.2099447,2,-4,-57
1756013827.2479446,-1,4,-57
1756013827.2869446,-4,1,-41
1756013827.3229446,-6,0,-48
1756013827.3599446,-1,1,-33
1756013827.3979447,-3,0,-43
1756013827.4369447,-2,6,-51
1756013827.4729445,-2,-5,-58
1756013827.5119443,8,-9,-47
1756013827.5489447,-4,2,-56
1756013827.5879445,-5,5,-55
1756013827.6239443,0,4,-57
1756013827.6609447,-1,2,-51
1756013827.6989446,0,1,-50
1756013827.736945,5,1,-58
1756013827.7729447,1,0,-67
1756013827.8099446,8,-1,-50
1756013827.848945,-6,-7,-41
1756013827.8869443,0,-1,-44
1756013827.9229443,-7,0,-47
1756013827.9599447,0,0,-51
1756013827.9979446,2,-2,-40
1756013828.0339446,-6,0,-49
1756013828.0719447,-7,-4,-53
1756013828.1099446,-6,-5,-42
1756013828.1489446,-2,1,-43
1756013828.1869447,-4,9,-44
1756013828.2229445,-2,3,-44
1756013828.259945,-7,1,-42
1756013828.2989447,-11,0,-42
1756013828.3369446,-7,-4,-56
1756013828.3729446,-7,-3,-51
1756013828.4109447,-1,-1,-61
1756013828.4489446,6,0,-42
1756013828.486945,1,-1,-38
1756013828.5239446,0,1,-42
1756013828.5609446,0,-1,-51
1756013828.598945,-6,-6,-60
1756013828.6379447,8,0,-57
1756013828.6739447,1,-3,-55
1756013828.710945,-4,0,-49
1756013828.7489443,-2,0,-56
1756013828.7879446,-3,1,-54
1756013828.8239446,-4,-2,-44
1756013828.861945,-1,4,-32
1756013828.8999443,-4,1,-51
1756013828.9389446,1,-2,-48
1756013828.9749446,3,3,-44
1756013829.0129447,0,0,-59
1756013829.0499446,3,1,-62
1756013829.0879445,9,-1,-58
1756013829.1239443,6,0,-72
1756013829.1609447,0,3,-64
1756013829.1989446,0,2,-53
1756013829.2349446,1,1,-46
1756013829.2719443,2,0,-44
1756013829.3099446,4,-5,-52
1756013829.3479445,-3,-1,-48
1756013829.3839445,-3,0,-48
1756013829.4209447,-12,0,-45
1756013829.4599447,-7,-5,-53
1756013829.4979446,-2,0,-61
1756013829.5339446,1,0,-46
1756013829.5709443,2,2,-59
1756013829.6099446,4,-6,-45
1756013829.6479447,-2,-2,-48
1756013829.6839447,2,1,-48
1756013829.7209446,1,1,-49
1756013829.759945,-1,-7,-54
1756013829.7979443,-2,2,-52
1756013829.8339446,3,0,-52
1756013829.8709445,-7,0,-44
1756013829.9099443,-4,5,-62
1756013829.9479446,-2,3,-46
1756013829.983945,5,0,-43
1756013830.0219443,-4,0,-46
1756013830.0599446,-1,0,-51
1756013830.0979445,-3,-6,-47
1756013830.1339445,1,-5,-42
1756013830.1719446,1,0,-57
1756013830.2099447,-1,-3,-54
1756013830.2459445,-6,-6,-62
1756013830.2839446,-3,0,-67
1756013830.3219447,-1,-2,-50
1756013830.3599446,0,3,-47
1756013830.3959446,2,-3,-45
1756013830.4329443,-1,2,-50
1756013830.4709446,9,5,-39
1756013830.509945,6,1,-40
1756013830.5459447,-3,-3,-48
1756013830.5839446,2,-4,-47
1756013830.621945,0,0,-58
1756013830.6599443,-7,0,-55
1756013830.6959443,-4,-1,-59
1756013830.733945,-4,3,-48
1756013830.7719443,-9,3,-51
1756013830.8099446,-1,-1,-44
1756013830.848945,6,-2,-53
1756013830.884945,1,0,-58
1756013830.9219446,-4,3,-47
1756013830.960945,-4,0,-49
1756013830.9989443,1,-3,-61
1756013831.0349443,-1,0,-69
1756013831.0719447,-1,-1,-59
1756013831.1109445,-3,-3,-53
1756013831.1489446,-6,-9,-52
1756013831.1849446,2,-5,-62
1756013831.2219446,-1,3,-49
1756013831.2609446,0,1,-53
1756013831.2989447,-2,2,-43
1756013831.3349447,5,0,-43
1756013831.371945,0,0,-48
1756013831.4099443,7,-1,-50
1756013831.4459443,9,-5,-37
1756013831.4829447,0,-3,-36
1756013831.5209446,0,0,-47
1756013831.5589447,1,-5,-43
1756013831.5949447,3,-6,-45
1756013831.631945,3,1,-54
1756013831.6709447,1,-1,-52
1756013831.7089446,-2,-1,-45
1756013831.7449446,-6,-4,-50
1756013831.782945,-3,0,-47
1756013831.8209443,1,0,-48
1756013831.8569446,0,-1,-49
1756013831.8939445,-5,-3,-49
1756013831.9319446,1,0,-50
1756013831.9699447,-5,2,-45
1756013832.0059447,-2,-6,-52
1756013832.0439446,3,-3,-52
1756013832.0819447,-6,-1,-55
1756013832.1209445,0,3,-53
1756013832.1569445,2,2,-47
1756013832.1939447,-3,-4,-52
1756013832.2319446,-5,-4,-50
1756013832.2709446,-2,-2,-50
1756013832.3069446,4,-7,-51
1756013832.3449447,-3,-5,-56
1756013832.3829446,1,-2,-44
1756013832.4209447,-1,0,-45
1756013832.4599447,-7,-1,-58
1756013832.4959445,1,1,-50
1756013832.532945,0,-2,-51
1756013832.5719447,3,-5,-45
1756013832.6099446,0,-6,-55
1756013832.6459446,0,-2,-55
1756013832.6839447,-7,-1,-57
1756013832.7229445,-6,1,-58
1756013832.7609446,-5,5,-57
1756013832.7969446,-6,7,-42
1756013832.8339446,0,-2,-51
1756013832.8729446,0,7,-55
1756013832.9109447,-3,-3,-41
1756013832.9469447,-5,-2,-43
1756013832.9849446,-3,-7,-52
1756013833.0229447,-1,-1,-57
1756013833.0619447,-1,0,-54
1756013833.0999446,-4,-1,-51
1756013833.1359446,1,-1,-52
1756013833.1729443,0,0,-56
1756013833.2119446,2,3,-50
1756013833.2499447,3,5,-51
1756013833.2859447,4,-6,-53
1756013833.3229446,1,-7,-49
1756013833.361945,-2,-3,-57
1756013833.3999443,-2,-6,-44
1756013833.4359446,-5,2,-43
1756013833.4729445,7,-3,-43
1756013833.5119443,-2,-4,-37
1756013833.5479443,0,-4,-39
1756013833.5849447,-1,0,-48
1756013833.6229446,5,6,-66
1756013833.6609447,0,-1,-58
1756013833.6969447,0,0,-59
1756013833.733945,3,-7,-53
1756013833.7719443,-3,-10,-53
1756013833.8109446,-1,0,-48
1756013833.8469446,-6,1,-49
1756013833.884945,-6,-2,-48
1756013833.9229443,-4,2,-56
1756013833.9619446,0,1,-38
1756013833.9979446,0,2,-51
1756013834.0349443,3,5,-55
1756013834.0719447,1,0,-52
1756013834.1079447,3,9,-52
1756013834.144945,1,0,-41
1756013834.1819446,2,0,-54
1756013834.2179446,8,-5,-58
1756013834.2549446,4,0,-58
1756013834.2939446,2,-1,-56
1756013834.3319447,2,0,-59
1756013834.3679447,0,1,-55
1756013834.404945,0,-3,-62
1756013834.4439447,2,-4,-56
1756013834.4819446,0,-3,-58
1756013834.5179446,4,9,-60
1756013834.5549445,8,1,-49
1756013834.5929446,-1,-5,-44
1756013834.6309447,0,-8,-51
1756013834.6669445,-3,0,-63
1756013834.7039447,-4,0,-51
1756013834.7429447,8,2,-57
1756013834.7809446,3,-2,-61
1756013834.8169446,-6,-1,-49
1756013834.8549447,-5,3,-59
1756013834.8929446,-4,2,-58
1756013834.9319446,2,0,-65
1756013834.9679446,14,1,-64
1756013835.0049446,4,0,-53
1756013835.042945,-2,3,-44
1756013835.0819447,0,6,-55
1756013835.1179447,-2,4,-48
1756013835.1559446,-4,0,-47
1756013835.1939447,0,2,-51
1756013835.2319446,1,1,-55
1756013835.2679446,-1,2,-60
1756013835.3059447,3,-2,-51
1756013835.3429446,4,-1,-54
1756013835.381945,9,-6,-56
1756013835.417945,-1,-3,-48
1756013835.4559443,2,0,-49
1756013835.4929447,0,-4,-55
1756013835.5319445,-1,1,-48
1756013835.5679443,2,6,-36
1756013835.6059446,3,2,-45
1756013835.6429446,-1,-1,-46
1756013835.6819446,-4,1,-53
1756013835.7179446,-3,0,-55
1756013835.7549446,0,-1,-72
1756013835.792945,-1,0,-51
1756013835.8319447,4,-3,-51
1756013835.8679447,0,-1,-53
1756013835.904945,5,-1,-46
1756013835.9439447,0,5,-53
1756013835.9819446,5,2,-54
1756013836.0179446,-3,-1,-47
1756013836.0559447,0,5,-43
1756013836.0939443,2,-4,-53
1756013836.131945,0,-4,-58
1756013836.167945,3,0,-48
1756013836.2049446,-2,2,-44
1756013836.2439446,-2,0,-52
1756013836.2819445,-4,2,-54
1756013836.3179443,2,0,-57
1756013836.3549447,5,-7,-51
1756013836.3939445,2,0,-45
1756013836.4319446,-3,2,-42
1756013836.4749446,-2,0,-46
1756013836.5139446,3,1,-49
1756013836.5519447,0,2,-56
1756013836.5879445,8,0,-44
1756013836.6249447,-4,0,-59
1756013836.6639447,-3,4,-42
1756013836.7019446,-7,4,-39
1756013836.7379446,-4,-2,-52
1756013836.7759447,-1,0,-57
1756013836.8139446,2,4,-60
1756013836.8499446,0,4,-52
1756013836.8869443,-12,-1,-51
1756013836.9249446,0,2,-56
1756013836.963945,0,-5,-47
1756013836.9999447,0,-3,-47
1756013837.0379446,0,-3,-50
1756013837.075945,3,-1,-44
1756013837.1139443,0,0,-42
1756013837.1499443,-1,-1,-50
1756013837.187945,-4,-3,-46
1756013837.2259445,5,2,-58
1756013837.2649446,-7,-3,-45
1756013837.302945,0,-6,-53
1756013837.338945,-2,-1,-41
1756013837.3769443,-4,-4,-53
1756013837.4149446,0,0,-52
1756013837.4529445,1,-5,-63
1756013837.4889443,-3,0,-65
1756013837.5269446,-2,-3,-49
1756013837.5649445,5,0,-59
1756013837.6029446,3,5,-48
1756013837.6389446,5,0,-56
1756013837.6769447,-2,-7,-60
1756013837.7149446,6,-4,-65
1756013837.7539446,-2,3,-52
1756013837.7899446,-7,-2,-54
1756013837.8289447,-9,0,-45
1756013837.8659446,0,-1,-42
1756013837.904945,2,3,-51
1756013837.9429443,5,-6,-49
1756013837.9789443,4,-1,-44
1756013838.0169446,5,0,-59
1756013838.0549445,3,-1,-55
1756013838.0929446,3,8,-53
1756013838.1289446,-8,13,-54
1756013838.1659446,-9,7,-62
1756013838.2049446,-6,2,-52
1756013838.2429447,-1,-5,-44
1756013838.2789447,-3,2,-45
1756013838.315945,0,-3,-49
1756013838.3549447,5,-1,-54
1756013838.3929446,11,0,-50
1756013838.4289446,14,-4,-47
1756013838.4659443,-1,-3,-57
1756013838.5049446,0,-4,-50
1756013838.5409446,-1,-4,-42
1756013838.5789447,-2,4,-49
1756013838.6169446,-3,0,-59
1756013838.654945,0,-2,-46
1756013838.6939447,8,2,-42
1756013838.7299447,14,4,-52
1756013838.7669446,2,0,-60
1756013838.8049445,1,-1,-56
1756013838.8409443,2,-2,-54
1756013838.8779447,2,-3,-50
1756013838.9159446,0,2,-54
1756013838.9549446,0,0,-48
1756013838.9909446,-3,-2,-45
1756013839.029945,0,0,-40
1756013839.0669446,4,6,-64
1756013839.1049447,3,5,-60
1756013839.1409447,7,2,-55
1756013839.177945,2,0,-56
1756013839.2159443,0,1,-49
1756013839.2539446,0,0,-56
1756013839.2899446,-3,5,-48
1756013839.3279445,-12,0,-54
1756013839.3659446,-10,-7,-48
1756013839.404945,-5,-5,-48
1756013839.440945,-4,-5,-42
1756013839.4789443,-12,3,-37
1756013839.5179446,-3,0,-38
1756013839.5559447,4,-1,-44
1756013839.5939443,3,-7,-42
1756013839.6299446,1,0,-37
1756013839.667945,4,-4,-47
1756013839.7059443,9,0,-61
1756013839.7439446,0,0,-53
1756013839.779945,0,2,-56
1756013839.8179443,-4,-2,-55
1756013839.8559446,-1,-2,-42
1756013839.8939445,0,-2,-55
1756013839.9299445,0,-2,-52
1756013839.9669447,6,-1,-40
1756013840.0059447,1,-8,-44
1756013840.0439446,-1,-9,-56
1756013840.0799446,-3,0,-55
1756013840.1179447,0,4,-52
1756013840.1559446,0,3,-55
1756013840.1919446,0,2,-45
1756013840.2289443,1,0,-57
1756013840.2659447,1,4,-55
1756013840.3019447,0,7,-51
1756013840.3399446,1,2,-48
1756013840.3769443,2,0,-43
1756013840.4149446,9,4,-47
1756013840.450945,4,-3,-45
1756013840.4879446,5,1,-48
1756013840.5259447,3,1,-57
1756013840.5619447,7,3,-48
1756013840.598945,3,-1,-45
1756013840.6369443,10,-4,-59
1756013840.6759446,4,0,-41
1756013840.7119446,0,2,-57
1756013840.7499447,5,4,-54
1756013840.7879446,6,-1,-57
1756013840.825945,1,0,-65
1756013840.8649447,0,5,-60
1756013840.9009447,-4,2,-48
1756013840.9389446,-5,4,-46
1756013840.9769447,-4,4,-67
1756013841.0159447,-4,-2,-59
1756013841.0519447,0,-4,-40
1756013841.088945,-5,-5,-59
1756013841.1269443,-7,-3,-53
1756013841.1659446,-5,-2,-47
1756013841.2019446,-2,-2,-39
1756013841.2399447,-4,-6,-46
1756013841.2779446,5,0,-58
1756013841.315945,2,0,-67
1756013841.3519447,5,3,-53
1756013841.3889446,0,0,-43
1756013841.4269447,1,0,-43
1756013841.4649446,-5,2,-55
1756013841.5019443,-6,2,-58
1756013841.5389447,-10,4,-60
1756013841.5779445,1,10,-57
1756013841.6159446,3,7,-45
1756013841.6519446,-1,7,-48
1756013841.6889446,2,-2,-53
1756013841.7279446,2,1,-51
1756013841.7659447,-5,2,-40
1756013841.8019447,-3,3,-48
1756013841.8399446,2,-1,-39
1756013841.8779447,3,7,-53
1756013841.9169445,0,0,-57
1756013841.9529445,-2,0,-52
1756013841.9899447,2,-1,-36
1756013842.0279446,4,-1,-51
1756013842.0669446,4,3,-52
1756013842.1029446,-1,-3,-39
1756013842.1409447,-3,6,-48
1756013842.1789446,0,-2,-62
1756013842.2169447,-5,2,-64
1756013842.2559447,0,0,-45
1756013842.2919445,0,-3,-54
1756013842.3299446,4,4,-46
1756013842.3679447,-1,0,-45
1756013842.4069445,0,4,-52
1756013842.4429443,-2,2,-46
1756013842.4799447,-2,0,-34
1756013842.5179446,-2,7,-38
1756013842.5569446,-1,6,-48
1756013842.5929446,0,3,-49
1756013842.6299446,-5,-2,-55
1756013842.667945,1,-2,-51
1756013842.7069447,0,0,-54
1756013842.7429447,-1,0,-52
1756013842.7819445,4,0,-58
1756013842.8189447,1,3,-56
1756013842.8579447,0,4,-50
1756013842.8959446,-4,3,-49
1756013842.9319446,4,1,-60
1756013842.9699447,-4,1,-53
1756013843.0079446,3,3,-51
1756013843.0459447,0,0,-52
1756013843.0819447,-5,-1,-41
1756013843.1199446,-2,5,-55
1756013843.157945,0,-2,-53
1756013843.1969447,-6,-4,-50
1756013843.2329447,-6,0,-57
1756013843.269945,-2,-6,-40
1756013843.3079443,0,6,-41
1756013843.3459446,0,5,-47
1756013843.381945,0,6,-55
1756013843.4189446,-4,-1,-56
1756013843.4579446,0,1,-45
1756013843.4959445,1,0,-51
1756013843.5319445,4,5,-51
1756013843.5699446,5,2,-55
1756013843.6079447,12,3,-48
1756013843.6439445,5,3,-38
1756013843.6809447,5,1,-41
1756013843.7179446,0,0,-59
1756013843.756945,2,-4,-57
1756013843.792945,7,-2,-52
1756013843.8309443,5,-5,-48
1756013843.8699446,5,4,-52
1756013843.907945,-1,2,-57
1756013843.9439447,1,0,-51
1756013843.9819446,0,4,-56
1756013844.019945,-5,3,-55
1756013844.0579443,-1,3,-59
1756013844.0969446,-1,0,-50
1756013844.1329446,-3,1,-53
1756013844.1709447,-1,0,-51
1756013844.2089446,0,-1,-47
1756013844.2479446,-2,4,-49
1756013844.2839446,-2,3,-49
1756013844.3209443,-2,3,-51
1756013844.358945,-4,6,-54
1756013844.3979447,-9,-2,-51
1756013844.4339447,-7,-4,-55
1756013844.4719446,7,-5,-58
1756013844.509945,8,1,-52
1756013844.5489447,9,-1,-53
1756013844.5869446,2,0,-50
1756013844.6229446,2,-4,-48
1756013844.6599443,0,4,-46
1756013844.6989446,-2,1,-59
1756013844.736945,-1,-1,-57
1756013844.7729447,4,-2,-51
1756013844.8099446,6,-2,-53
1756013844.848945,1,2,-51
1756013844.8869443,-3,-3,-50
1756013844.9229443,-1,-1,-55
1756013844.960945,3,1,-50
1756013844.9999447,3,0,-50
1756013845.0379446,0,0,-56
1756013845.0739446,-2,3,-52
1756013845.1109445,4,1,-56
1756013845.1489446,3,0,-57
1756013845.187945,0,-1,-50
1756013845.223945,0,-9,-71
1756013845.2619443,11,2,-63
1756013845.2989447,-1,2,-61
1756013845.3379445,2,0,-57
1756013845.3739443,1,-1,-47
1756013845.4109447,5,0,-48
1756013845.4489446,-7,6,-57
1756013845.4879446,-2,8,-60
1756013845.5239446,-3,1,-48
1756013845.5619447,-7,0,-48
1756013845.5999446,-4,-3,-49
1756013845.6389446,1,0,-48
1756013845.6749446,0,-1,-48
1756013845.7119446,4,-3,-46
1756013845.7509446,0,0,-61
1756013845.7889447,7,1,-59
1756013845.8249447,2,3,-47
1756013845.861945,1,-5,-54
1756013845.9009447,-9,-2,-42
1756013845.9389446,1,0,-43
1756013845.9749446,1,0,-49
1756013846.0119443,1,-3,-39
1756013846.0499446,0,-3,-38
1756013846.088945,-1,0,-36
1756013846.1249447,-9,2,-46
1756013846.1619446,-1,9,-45
1756013846.200945,-8,-2,-57
1756013846.2389443,2,5,-51
1756013846.2749443,-3,6,-50
1756013846.3139446,2,-4,-46
1756013846.3509445,1,-1,-52
1756013846.3899446,0,0,-57
1756013846.427945,-12,0,-61
1756013846.463945,-1,0,-66
1756013846.509945,3,-3,-56
1756013846.5479443,7,-5,-53
1756013846.5839446,0,-1,-58
1756013846.621945,-1,2,-52
1756013846.6599443,-2,-3,-56
1756013846.6979446,1,-1,-50
1756013846.733945,0,0,-45
1756013846.7709446,-1,3,-51
1756013846.8099446,5,-1,-58
1756013846.8459446,-3,1,-59
1756013846.8829446,-5,-1,-52
1756013846.9219446,-6,-2,-46
1756013846.9599447,2,-3,-58
1756013846.9959445,-7,-8,-58
1756013847.0339446,-2,-6,-35
1756013847.0719447,0,3,-57
1756013847.1099446,10,1,-48
1756013847.1459446,2,6,-46
1756013847.1829443,-1,-3,-54
1756013847.2219446,2,3,-51
1756013847.259945,-6,-1,-56
1756013847.2959447,-9,1,-59
1756013847.3329446,-4,1,-46
1756013847.3709445,-5,-1,-55
1756013847.4099443,-3,0,-59
1756013847.4459443,-1,-5,-54
1756013847.4849446,0,-3,-62
1756013847.5219443,-7,-2,-47
1756013847.5609446,-10,1,-38
1756013847.598945,0,-3,-42
1756013847.634945,-2,0,-52
1756013847.6719446,-3,1,-48
1756013847.710945,-8,-1,-57
1756013847.7489443,-6,-3,-57
1756013847.7849443,6,-3,-48
1756013847.8229446,0,1,-54
1756013847.8609445,-1,0,-57
1756013847.8989446,3,0,-61
1756013847.9349446,-1,1,-52
1756013847.9719446,-4,1,-56
1756013848.0109446,-5,5,-56
1756013848.0489447,-10,1,-52
1756013848.0849447,-5,-5,-48
1756013848.1229446,3,-5,-52
1756013848.1609447,2,-1,-52
1756013848.1999447,2,1,-55
1756013848.2359445,2,-5,-62
1756013848.2729447,-4,1,-51
1756013848.3109446,4,3,-49
1756013848.348945,0,1,-46
1756013848.384945,0,-2,-49
1756013848.4219446,0,-5,-52
1756013848.460945,0,-3,-52
1756013848.496945,-4,-1,-58
1756013848.5349443,-6,0,-42
1756013848.5729446,-3,-4,-46
1756013848.6109445,1,-1,-48
1756013848.6499443,4,-2,-57
1756013848.6859446,8,3,-51
1756013848.7229445,-3,10,-50
1756013848.7609446,-3,5,-55
1756013848.7999446,-5,3,-54
1756013848.835945,-5,-1,-52
1756013848.8739443,-7,-4,-52
1756013848.9119446,-7,-5,-38
1756013848.950945,-1,-6,-36
1756013848.986945,2,-4,-46
1756013849.0239446,0,0,-45
1756013849.0609446,2,-1,-48
1756013849.0999446,-3,1,-48
1756013849.1359446,1,2,-52
1756013849.1729443,3,5,-46
1756013849.2119446,-5,2,-53
1756013849.2499447,0,8,-62
1756013849.2859447,3,1,-57
1756013849.3239446,5,3,-54
1756013849.361945,0,-3,-50
1756013849.3999443,-7,-3,-48
1756013849.4359446,-3,-10,-51
1756013849.473945,0,0,-45
1756013849.5119443,-3,2,-42
1756013849.5499446,0,3,-42
1756013849.585945,0,-3,-42
1756013849.6239443,-7,-1,-50
1756013849.6619446,-4,10,-50
1756013849.6999447,1,5,-51
1756013849.7359445,0,0,-61
1756013849.7739446,-1,0,-55
1756013849.8119447,-3,-2,-42
1756013849.8499446,1,-5,-51
1756013849.8859446,0,0,-44
1756013849.9229443,1,-1,-41
1756013849.9619446,-8,1,-49
1756013849.9999447,0,3,-35
1756013850.0359447,1,0,-46
1756013850.0739446,6,-6,-54
1756013850.111945,2,3,-53
1756013850.1479447,3,1,-55
1756013850.1849446,2,0,-50
1756013850.2219446,9,-1,-42
1756013850.2609446,2,2,-45
1756013850.2969446,-3,3,-49
1756013850.3349447,-4,6,-37
1756013850.3729446,1,7,-47
1756013850.4119446,0,4,-50
1756013850.4479446,-6,8,-43
1756013850.4849446,1,3,-40
1756013850.5219443,2,2,-46
1756013850.5609446,0,5,-51
1756013850.5969446,-4,4,-45
1756013850.634945,-6,-3,-63
1756013850.6729443,-3,-7,-53
1756013850.7119446,-3,0,-41
1756013850.7479446,-1,2,-46
1756013850.7869446,3,4,-37
1756013850.8239446,-1,0,-52
1756013850.861945,0,1,-61
1756013850.8979447,1,-8,-60
1756013850.9349446,0,-9,-53
1756013850.9729445,-1,-2,-46
1756013851.0119443,-1,3,-43
1756013851.0479443,-4,-4,-50
1756013851.0869446,-3,0,-55
1756013851.1249447,-11,-4,-44
1756013851.1629446,1,-2,-49
1756013851.200945,-4,0,-49
1756013851.236945,0,-2,-41
1756013851.2749443,0,0,-52
1756013851.312945,3,0,-41
1756013851.3509445,11,-3,-58
1756013851.3869443,4,-7,-46
1756013851.4249446,3,3,-49
1756013851.4629445,2,0,-47
1756013851.5009446,-5,5,-46
1756013851.5369446,-3,0,-46
1756013851.5739446,2,-2,-55
1756013851.6129446,-1,-1,-61
1756013851.6509447,0,0,-51
1756013851.6869447,-2,5,-46
1756013851.7249446,-5,0,-42
1756013851.7629447,-5,-3,-56
1756013851.7989447,0,-4,-47
1756013851.835945,0,6,-53
1756013851.8749447,-8,3,-54
1756013851.9129446,-1,1,-68
1756013851.9489446,5,2,-54
1756013851.9859445,4,5,-56
1756013852.0229447,4,-4,-45
1756013852.0619447,0,-8,-53
1756013852.0979445,0,-5,-45
1756013852.1359446,2,2,-47
1756013852.1729443,0,6,-55
1756013852.2119446,4,0,-63
1756013852.2479446,0,2,-58
1756013852.2859447,1,0,-58
1756013852.3229446,6,-2,-63
1756013852.361945,7,-3,-49
1756013852.3979447,4,2,-54
1756013852.4349446,-3,6,-49
1756013852.4729445,2,1,-51
1756013852.5119443,5,1,-47
1756013852.5479443,2,2,-39
1756013852.5849447,3,-4,-43
1756013852.6239443,0,-6,-49
1756013852.6619446,-1,0,-53
1756013852.6979446,-5,-1,-62
1756013852.7359445,-5,-1,-60
1756013852.7739446,2,3,-52
1756013852.8119447,-1,1,-48
1756013852.8479445,-4,2,-57
1756013852.884945,2,-4,-42
1756013852.9239447,8,-1,-52
1756013852.9619446,0,-4,-47
1756013852.9979446,-9,-3,-57
1756013853.0359447,1,-3,-54
1756013853.0739446,-3,-4,-55
1756013853.1129446,-4,-4,-55
1756013853.1489446,-6,-5,-52
1756013853.1869447,-3,-2,-48
1756013853.2259445,-3,-2,-51
1756013853.2639446,-8,-6,-54
1756013853.3019447,-7,-1,-53
1756013853.3379445,0,1,-57
1756013853.3749447,-4,-1,-49
1756013853.4139447,-5,0,-51
1756013853.4519446,0,0,-58
1756013853.4879446,-6,5,-60
1756013853.5259447,6,2,-57
1756013853.5639446,2,-6,-50
1756013853.5999446,5,-3,-44
1756013853.6369443,-1,2,-54
1756013853.6749446,-4,1,-56
1756013853.713945,-4,1,-60
1756013853.7499447,-4,7,-61
1756013853.7879446,1,11,-52
1756013853.825945,-2,7,-46
1756013853.8639443,-5,8,-57
1756013853.9029446,-8,-1,-47
1756013853.9389446,-3,1,-47
1756013853.9769447,-2,-2,-43
1756013854.0149446,1,-2,-49
1756013854.0539446,3,0,-50
1756013854.0899446,-3,-3,-43
1756013854.1279447,-2,-6,-49
1756013854.1659446,-5,-5,-49
1756013854.2049446,-2,-6,-52
1756013854.2429447,-4,0,-51
1756013854.2789447,-2,2,-55
1756013854.315945,-3,-4,-46
1756013854.3549447,3,2,-48
1756013854.3929446,0,-2,-47
1756013854.4289446,-7,5,-47
1756013854.4659443,-6,4,-40
1756013854.5049446,-6,7,-57
1756013854.542945,0,4,-55
1756013854.5789447,-6,-8,-50
1756013854.6169446,-2,0,-52
1756013854.6559446,2,5,-52
1756013854.6939447,0,1,-54
1756013854.7299447,3,4,-57
1756013854.7669446,-1,-3,-44
1756013854.8049445,-2,0,-44
1756013854.8439443,0,-2,-45
1756013854.8799446,-2,0,-53
1756013854.917945,1,-3,-51
1756013854.9549446,-4,0,-52
1756013854.9939446,-3,-4,-39
1756013855.029945,-3,-7,-45
1756013855.0679443,-5,-9,-43
1756013855.1059446,-4,0,-55
1756013855.144945,6,-2,-57
1756013855.1809447,3,-7,-50
1756013855.2179446,2,-1,-57
1756013855.2559447,-1,-2,-50
1756013855.2949443,2,-4,-60
1756013855.3309443,3,-7,-61
1756013855.3679447,5,1,-62
1756013855.404945,1,0,-48
1756013855.440945,0,0,-49
1756013855.4779446,-1,-2,-52
1756013855.5159447,-5,0,-53
1756013855.5549445,-1,-2,-63
1756013855.5909443,-1,-4,-66
1756013855.6289446,1,-8,-45
1756013855.6669445,-3,0,-47
1756013855.7049446,-7,5,-48
1756013855.7439446,-4,-2,-49
1756013855.779945,-6,-5,-55
1756013855.8179443,-5,7,-56
1756013855.8559446,2,1,-56
1756013855.894945,0,2,-52
1756013855.9309447,0,3,-62
1756013855.9679446,2,-4,-50
1756013856.0059447,0,3,-62
1756013856.0449443,-1,-2,-66
1756013856.0809443,4,0,-68
1756013856.1189446,-2,-6,-63
1756013856.1559446,0,-4,-58
1756013856.1949446,5,1,-58
1756013856.2309446,1,-1,-51
1756013856.2679446,4,0,-56
1756013856.3059447,9,-5,-47
1756013856.3449447,0,-6,-51
1756013856.3809447,-3,1,-53
1756013856.417945,2,1,-44
1756013856.4559443,-1,-6,-55
1756013856.4949446,-2,-6,-48
1756013856.5389447,1,-7,-45
1756013856.5779445,1,0,-57
1756013856.6159446,-1,0,-58
1756013856.6539447,-3,0,-46
1756013856.6899445,-6,-3,-44
1756013856.7279446,-2,1,-40
1756013856.7659447,7,4,-52
1756013856.8019447,2,0,-41
1756013856.8399446,7,2,-46
1756013856.8769443,5,2,-46
1756013856.9149446,2,0,-43
1756013856.950945,2,0,-40
1756013856.9889443,-7,-1,-44
1756013857.0279446,-2,1,-49
1756013857.065945,-4,0,-50
1756013857.1019447,2,1,-39
1756013857.1399446,-1,0,-47
1756013857.177945,0,7,-49
1756013857.2159443,0,0,-51
1756013857.2519443,1,4,-54
1756013857.2899446,2,-6,-44
1756013857.3279445,0,-1,-47
1756013857.3659446,0,2,-57
1756013857.4019446,0,2,-54
1756013857.4399445,0,-1,-59
1756013857.4779446,0,5,-55
1756013857.5169446,0,0,-53
1756013857.5549445,-7,0,-63
1756013857.5909443,1,4,-58
1756013857.6279447,1,-1,-55
1756013857.6669445,-7,-2,-59
1756013857.7049446,0,2,-42
1756013857.7409446,-11,-1,-45
1756013857.7789447,-2,-5,-43
1756013857.8169446,-3,-8,-56
1756013857.8559446,2,-4,-61
1756013857.8919446,2,-3,-56
1756013857.9289446,7,-2,-42
1756013857.9669447,-7,0,-58
1756013858.0059447,1,0,-45
1756013858.0419445,2,3,-51
1756013858.0789447,1,3,-61
1756013858.1169446,6,-1,-56
1756013858.1559446,0,-5,-45
1756013858.1919446,0,-6,-43
1756013858.2289443,0,-1,-49
1756013858.2669446,5,-2,-51
1756013858.3059447,-1,0,-55
1756013858.3419447,-2,7,-62
1756013858.3799446,1,-2,-55
1756013858.4169445,1,1,-57
1756013858.4549446,-3,4,-52
1756013858.4919446,-8,0,-55
1756013858.5289447,1,-2,-43
1756013858.5669446,-6,2,-44
1756013858.6059446,0,4,-51
1756013858.6419446,-4,0,-52
1756013858.6799445,-2,-1,-53
1756013858.7179446,-3,5,-60
1756013858.756945,-2,-3,-50
1756013858.792945,-3,3,-58
1756013858.8309443,-2,1,-47
1756013858.8679447,-5,-1,-44
1756013858.9069445,0,-4,-64
1756013858.9429443,-4,4,-58
1756013858.9799447,-1,3,-41
1756013859.0179446,-7,1,-57
1756013859.0569446,-4,0,-52
1756013859.0929446,4,-2,-50
1756013859.1309447,0,1,-41
1756013859.167945,3,-1,-56
1756013859.2069447,3,-6,-49
1756013859.2429447,-8,-3,-50
1756013859.2809446,0,-1,-57
1756013859.3189447,0,-7,-59
1756013859.3579447,4,-5,-56
1756013859.3959446,1,-4,-54
1756013859.4319446,2,-1,-51
1756013859.4689443,-7,2,-68
1756013859.5079446,-7,1,-55
1756013859.5459447,-2,3,-53
1756013859.5819447,0,1,-50
1756013859.6189446,-8,1,-39
1756013859.657945,-5,3,-55
1756013859.6959443,-8,-2,-47
1756013859.7319446,-8,-7,-51
1756013859.769945,4,-11,-52
1756013859.8079443,6,0,-54
1756013859.8459446,3,3,-55
1756013859.881945,-1,7,-55
1756013859.9189446,-2,1,-52
1756013859.9579446,3,-3,-47
1756013859.9959445,1,2,-55
1756013860.0319445,0,4,-64
1756013860.0689447,8,-1,-59
1756013860.1079447,-5,-1,-65
1756013860.1439445,-12,3,-52
1756013860.1819446,-2,1,-41
1756013860.2189443,0,0,-52
1756013860.256945,1,-5,-47
1756013860.292945,-1,-6,-57
1756013860.3319447,0,-1,-55
1756013860.3689446,1,-1,-45
1756013860.407945,-2,-5,-53
1756013860.4439447,-5,-1,-45
1756013860.4819446,-5,0,-56
1756013860.519945,-2,-1,-52
1756013860.5579443,-6,3,-42
1756013860.5969446,-10,3,-61
1756013860.6329446,3,0,-47
1756013860.6699443,4,0,-50
1756013860.7079446,0,8,-47
1756013860.7439446,3,2,-56
1756013860.7809446,-4,-4,-43
1756013860.8189447,4,-1,-55
1756013860.8579447,-4,-3,-53
1756013860.8939445,3,1,-52
1756013860.9309447,1,-4,-59
1756013860.9689443,-13,3,-56
1756013861.0079446,0,0,-58
1756013861.0439446,1,1,-50
1756013861.0809443,-3,6,-47
1756013861.1199446,-7,5,-45
1756013861.157945,-3,-2,-55
1756013861.1939447,0,-1,-56
1756013861.2309446,-6,4,-53
1756013861.2689445,-5,0,-49
1756013861.3079443,-4,2,-54
1756013861.3439443,-14,3,-49
1756013861.3829446,-4,4,-44
1756013861.4199443,-7,4,-45
1756013861.4589446,0,5,-55
1756013861.496945,-1,1,-44
1756013861.532945,-1,-3,-53
1756013861.5709443,6,2,-59
1756013861.608945,3,5,-54
1756013861.6469443,5,-1,-57
1756013861.6829443,0,0,-42
1756013861.7199447,5,0,-62
1756013861.7579446,0,0,-55
1756013861.7939446,3,1,-56
1756013861.8319447,1,0,-57
1756013861.8689446,0,-3,-53
1756013861.907945,3,-2,-53
1756013861.9439447,0,-1,-52
1756013861.9819446,-4,3,-53
1756013862.019945,-2,2,-51
1756013862.0589447,-11,-4,-47
1756013862.0949447,-6,-8,-51
1756013862.1329446,-2,6,-46
1756013862.1709447,-2,1,-43
1756013862.2089446,4,-5,-43
1756013862.2479446,4,-1,-45
1756013862.2839446,2,-8,-43
1756013862.3209443,3,-5,-43
1756013862.358945,3,6,-45
1756013862.3979447,-1,1,-56
1756013862.4339447,7,-2,-53
1756013862.4709446,3,-3,-56
1756013862.509945,1,0,-54
1756013862.5479443,1,1,-59
1756013862.5839446,0,3,-63
1756013862.6209445,0,-5,-59
1756013862.6599443,-5,-3,-56
1756013862.6979446,-7,-9,-53
1756013862.733945,-10,-4,-57
1756013862.7719443,-1,0,-57
1756013862.8099446,-5,-1,-47
1756013862.848945,4,-1,-47
1756013862.884945,-2,-5,-52
1756013862.9229443,-6,-3,-44
1756013862.960945,-12,0,-44
1756013862.9999447,-3,-4,-43
1756013863.0379446,-5,0,-45
1756013863.0739446,-5,-3,-56
1756013863.111945,-2,0,-47
1756013863.1499443,7,6,-51
1756013863.187945,5,-2,-55
1756013863.223945,5,2,-44
1756013863.2609446,2,2,-58
1756013863.2989447,7,-5,-57
1756013863.3349447,5,-1,-48
1756013863.371945,1,-7,-56
1756013863.4099443,4,-7,-63
1756013863.4489446,0,-2,-49
1756013863.4849446,-8,-3,-42
1756013863.5229447,-4,-3,-50
1756013863.5609446,-1,-5,-55
1756013863.5999446,-2,-2,-63
1756013863.6359446,4,0,-61
1756013863.6729443,6,3,-43
1756013863.710945,5,-1,-47
1756013863.7489443,3,-2,-62
1756013863.7849443,1,1,-54
1756013863.8219447,4,0,-57
1756013863.8599446,5,0,-59
1756013863.8959446,3,-2,-50
1756013863.9339447,1,0,-43
1756013863.9709446,-2,0,-51
1756013864.009945,-3,0,-42
1756013864.0459447,-2,-3,-51
1756013864.0839446,-2,0,-56
1756013864.1229446,2,-4,-57
1756013864.1609447,1,1,-42
1756013864.1989446,-4,2,-59
1756013864.2349446,-9,3,-53
1756013864.2729447,-4,3,-40
1756013864.3109446,-2,1,-46
1756013864.3499446,4,-3,-44
1756013864.3859446,0,-4,-39
1756013864.4229443,-7,-4,-46
1756013864.460945,-7,3,-47
1756013864.4999447,0,4,-55
1756013864.5359447,3,0,-57
1756013864.5729446,0,2,-54
1756013864.6109445,-1,-2,-57
1756013864.6489446,0,6,-49
1756013864.6849446,-1,2,-59
1756013864.7229445,3,-1,-58
1756013864.7609446,-4,-2,-57
1756013864.7999446,-1,2,-43
1756013864.835945,-8,3,-56
1756013864.8729446,3,2,-60
1756013864.9109447,-3,2,-51
1756013864.9489446,-1,-1,-50
1756013864.9849446,-4,3,-64
1756013865.0219443,0,2,-56
1756013865.0609446,-8,0,-59
1756013865.098945,1,-5,-42
1756013865.134945,0,0,-47
1756013865.1719446,1,0,-56
1756013865.2099447,-4,3,-44
1756013865.2459445,2,-2,-40
1756013865.282945,0,-6,-48
1756013865.3209443,-2,-7,-55
1756013865.3599446,3,0,-49
1756013865.3959446,2,7,-60
1756013865.4329443,-2,1,-52
1756013865.4709446,-3,4,-55
1756013865.509945,2,0,-52
1756013865.5459447,13,1,-58
1756013865.5829446,7,-2,-49
1756013865.6209445,3,-1,-54
1756013865.6599443,4,-3,-52
1756013865.6959443,2,1,-50
1756013865.7329447,2,1,-54
1756013865.7709446,-9,-1,-57
1756013865.8069446,-2,-7,-58
1756013865.8459446,0,-4,-61
1756013865.8829446,-5,-5,-44
1756013865.9219446,6,-4,-37
1756013865.9599447,1,0,-53
1756013865.9959445,-4,3,-52
1756013866.0339446,0,0,-56
1756013866.0719447,6,0,-51
1756013866.1099446,0,0,-53
1756013866.1459446,0,-1,-57
1756013866.1839447,-7,-7,-41
1756013866.2219446,-8,-3,-38
1756013866.2609446,4,-4,-69
1756013866.2969446,-4,1,-60
1756013866.3339446,9,-1,-50
1756013866.371945,3,-2,-61
1756013866.4109447,-2,-6,-53
1756013866.4469447,-8,-2,-60
1756013866.4849446,-6,-2,-56
1756013866.5229447,-2,0,-55
1756013866.5669446,-6,3,-45
1756013866.6049447,-5,3,-43
1756013866.6429446,-2,3,-43
1756013866.6819446,-3,3,-57
1756013866.7199447,-3,5,-55
1756013866.7559447,3,-1,-68
1756013866.7939446,-6,1,-46
1756013866.8319447,-9,-4,-49
1756013866.8709445,0,-6,-43
1756013866.9069445,3,-4,-49
1756013866.9439447,-4,-1,-54
1756013866.9819446,-4,0,-42
1756013867.0209446,-1,2,-56
1756013867.0569446,-2,-1,-54
1756013867.0949447,-1,-1,-52
1756013867.1339445,-5,-1,-58
1756013867.1719446,-5,0,-47
1756013867.2079446,-3,5,-51
1756013867.2449446,-1,0,-59
1756013867.2839446,-2,9,-60
1756013867.3219447,-7,8,-53
1756013867.3579447,0,4,-46
1756013867.394945,4,0,-51
1756013867.4319446,-1,0,-55
1756013867.4709446,-2,3,-58
1756013867.506945,-4,2,-47
1756013867.5439446,-4,1,-45
1756013867.5829446,5,2,-54
1756013867.6209445,1,2,-52
1756013867.6569445,-4,1,-54
1756013867.6949446,0,-2,-48
1756013867.733945,2,-5,-45
1756013867.7719443,0,-5,-50
1756013867.8079443,4,1,-54
1756013867.8449447,-1,2,-42
1756013867.8829446,-2,1,-47
1756013867.9219446,0,2,-54
1756013867.9579446,2,4,-52
1756013867.9959445,-3,4,-39
1756013868.032945,-1,2,-47
1756013868.0719447,3,1,-62
1756013868.1079447,4,-3,-64
1756013868.144945,0,-1,-68
1756013868.1829443,5,1,-66
1756013868.2209446,3,-2,-48
1756013868.256945,2,1,-47
1756013868.2939446,-2,1,-48
1756013868.3329446,-2,-2,-53
1756013868.3709445,-1,1,-40
1756013868.407945,0,-2,-42
1756013868.4449446,4,0,-38
1756013868.4829447,-2,-3,-50
1756013868.5219443,-1,-2,-47
1756013868.5579443,0,7,-53
1756013868.5949447,-1,4,-49
1756013868.6329446,0,4,-56
1756013868.6689446,0,6,-48
1756013868.7059443,0,-2,-37
1756013868.7439446,-3,-3,-58
1756013868.782945,2,-1,-59
1756013868.8189447,-4,-2,-49
1756013868.8569446,0,-3,-55
1756013868.894945,2,-6,-55
1756013868.9329443,2,0,-65
1756013868.9689443,-2,2,-47
1756013869.0059447,1,0,-55
1756013869.042945,-4,-2,-48
1756013869.0819447,-6,0,-55
1756013869.1179447,1,-3,-58
1756013869.1559446,-2,3,-57
1756013869.1939447,-2,2,-50
1756013869.2319446,-1,8,-49
1756013869.2679446,3,3,-45
1756013869.3049445,2,3,-42
1756013869.3429446,-4,-1,-54
1756013869.3789446,0,-4,-49
1756013869.4169445,-9,-1,-36
1756013869.4559443,3,-1,-43
1756013869.4939446,-6,1,-42
1756013869.5319445,-1,2,-46
1756013869.5679443,0,0,-52
1756013869.6049447,-2,2,-50
1756013869.6439445,-1,1,-47
1756013869.6819446,2,-2,-52
1756013869.7179446,1,0,-36
1756013869.7549446,-4,1,-56
1756013869.7939446,3,-3,-64
1756013869.8319447,5,1,-56
1756013869.8679447,0,2,-60
1756013869.904945,-6,8,-59
1756013869.9439447,0,1,-45
1756013869.9819446,-6,0,-39
1756013870.0179446,0,4,-39
1756013870.0549445,1,-2,-44
1756013870.0939443,3,-1,-46
1756013870.1299446,-5,4,-56
1756013870.167945,-4,-5,-59
1756013870.2059443,-7,4,-52
1756013870.2439446,1,3,-59
1756013870.282945,0,8,-58
1756013870.3189447,0,2,-50
1756013870.3559446,0,0,-46
1756013870.3939445,0,-2,-57
1756013870.4329443,7,-1,-50
1756013870.4689443,-4,5,-55
1756013870.506945,-3,-2,-58
1756013870.5439446,-4,-5,-54
1756013870.5829446,-2,-3,-54
1756013870.6189446,0,-4,-51
1756013870.6559446,-10,0,-51
1756013870.6939447,1,-2,-54
1756013870.7329447,-4,-1,-49
1756013870.7689445,-1,3,-49
1756013870.8069446,2,-7,-46
1756013870.8449447,2,5,-50
1756013870.8829446,-1,8,-47
1756013870.9189446,-2,5,-39
1756013870.9559443,-3,8,-43
1756013870.9949446,1,5,-53
1756013871.032945,2,-3,-58
1756013871.0689447,0,-5,-49
1756013871.1059446,0,-4,-56
1756013871.144945,0,-1,-60
1756013871.1829443,-5,0,-65
1756013871.2189443,-8,2,-64
1756013871.2559447,-4,-14,-50
1756013871.2949443,0,-7,-50
1756013871.3329446,4,-4,-54
1756013871.3689446,3,3,-46
1756013871.4059446,4,-2,-53
1756013871.4449446,0,0,-49
1756013871.4829447,3,2,-45
1756013871.5189445,6,4,-53
1756013871.5559447,0,0,-49
1756013871.5939443,0,0,-55
1756013871.6299446,1,-3,-55
1756013871.6669445,-2,1,-53
1756013871.7049446,-4,-8,-59
1756013871.7439446,3,-6,-62
1756013871.779945,0,-2,-49
1756013871.8169446,-4,2,-59
1756013871.8549447,0,-1,-58
1756013871.8939445,2,-1,-42
1756013871.9299445,-2,-3,-47
1756013871.9679446,3,0,-51
1756013872.0049446,0,-2,-51
1756013872.0439446,4,1,-58
1756013872.0799446,1,1,-47
1756013872.1169446,2,-3,-50
1756013872.154945,-1,-11,-57
1756013872.1939447,3,0,-52
1756013872.2299447,0,1,-46
1756013872.2669446,-7,5,-45
1756013872.3049445,5,-4,-54
1756013872.3439443,0,0,-56
1756013872.3799446,-5,5,-51
1756013872.4169445,-4,8,-58
1756013872.4549446,-3,-1,-48
1756013872.4939446,0,0,-48
1756013872.529945,-7,2,-53
1756013872.5669446,4,-2,-45
1756013872.6059446,1,-2,-49
1756013872.6439445,5,3,-59
1756013872.6799445,4,-6,-67
1756013872.7169447,-3,-8,-52
1756013872.7559447,0,1,-55
1756013872.7939446,-1,5,-57
1756013872.8299446,-6,-1,-50
1756013872.8679447,5,0,-52
1756013872.9059446,-3,0,-56
1756013872.9439447,0,0,-55
1756013872.9799447,-4,2,-59
1756013873.0179446,-2,1,-60
1756013873.0559447,-1,-5,-50
1756013873.0939443,-1,-4,-56
1756013873.1299446,5,-5,-47
1756013873.167945,-3,-2,-51
1756013873.2059443,1,-7,-55
1756013873.2439446,0,1,-49
1756013873.279945,-2,1,-51
1756013873.3179443,0,0,-48
1756013873.3559446,0,-3,-52
1756013873.3939445,0,1,-40
1756013873.4299445,3,0,-43
1756013873.4669447,-1,5,-58
1756013873.5059447,-3,5,-56
1756013873.5419445,-3,0,-53
1756013873.5789447,-3,-5,-54
1756013873.6169446,-3,2,-44
1756013873.6559446,-6,1,-43
1756013873.6919446,-10,1,-47
1756013873.7299447,-5,1,-45
1756013873.7679446,-9,2,-48
1756013873.8059447,-7,-5,-49
1756013873.8449447,-3,5,-42
1756013873.8809447,-4,-1,-37
1756013873.9189446,1,-2,-41
1756013873.9569447,7,-1,-41
1756013873.9959445,0,0,-42
1756013874.0319445,1,4,-54
1756013874.0689447,4,0,-36
1756013874.1059446,4,-6,-48
1756013874.144945,5,-9,-45
1756013874.1809447,-1,1,-50
1756013874.2189443,-2,4,-45
1756013874.256945,-1,8,-38
1756013874.2949443,0,0,-50
1756013874.3309443,-4,1,-57
1756013874.3679447,3,0,-63
1756013874.4069445,1,-3,-60
1756013874.4449446,-1,-4,-55
1756013874.4809446,-4,-3,-59
1756013874.5189445,4,-5,-52
1756013874.5569446,2,0,-43
1756013874.5959446,-5,-2,-39
1756013874.631945,-3,-2,-61
1756013874.6699443,-2,0,-66
1756013874.7079446,2,1,-56
1756013874.746945,-8,-5,-51
1756013874.7849443,0,-4,-56
1756013874.8209443,0,3,-55
1756013874.8579447,6,-4,-58
1756013874.8969443,1,-4,-57
1756013874.9349446,1,-8,-59
1756013874.9709446,2,0,-51
1756013875.0089445,0,6,-45
1756013875.0469446,-2,6,-53
1756013875.0829446,-2,1,-47
1756013875.1209445,0,-4,-48
1756013875.1589446,3,0,-58
1756013875.1979446,-6,-2,-48
1756013875.2359445,-8,-3,-55
1756013875.2719443,1,-5,-59
1756013875.3089447,0,2,-52
1756013875.3469446,2,6,-50
1756013875.3829446,0,-1,-52
1756013875.4199443,2,0,-60
1756013875.4569447,1,2,-54
1756013875.4929447,4,0,-47
1756013875.5309446,4,5,-48
1756013875.5679443,9,10,-47
1756013875.6059446,3,0,-56
1756013875.6419446,-1,0,-48
1756013875.6799445,0,-6,-58
1756013875.7179446,-3,-3,-42
1756013875.756945,1,-3,-57
1756013875.792945,0,0,-58
1756013875.8299446,-1,2,-55
1756013875.8689446,4,-3,-47
1756013875.9069445,5,-1,-48
1756013875.9429443,-3,-2,-53
1756013875.9819446,-2,-8,-49
1756013876.0189445,1,-5,-48
1756013876.0579443,-1,-7,-46
1756013876.0959446,4,-1,-44
1756013876.131945,4,-2,-33
1756013876.1699443,1,-4,-29
1756013876.2079446,0,-8,-45
1756013876.246945,-10,1,-50
1756013876.282945,1,-2,-50
1756013876.3209443,4,-3,-60
1756013876.3579447,1,-2,-60
1756013876.3969443,-7,-4,-49
1756013876.4329443,-7,2,-45
1756013876.4709446,0,1,-48
1756013876.5079446,-5,6,-57
1756013876.5469446,-1,2,-61
1756013876.5909443,-1,0,-54
1756013876.6289446,-2,-1,-52
1756013876.667945,5,5,-48
1756013876.7059443,3,-2,-47
1756013876.7419446,-3,-7,-60
1756013876.779945,0,-12,-60
1756013876.8179443,-3,-7,-57
1756013876.8569446,-1,-2,-50
1756013876.8929446,5,-4,-53
1756013876.9309447,3,7,-56
1756013876.9679446,4,5,-62
1756013877.0039446,0,6,-51
1756013877.0419445,-5,4,-59
1756013877.0799446,1,1,-58
1756013877.1179447,0,0,-55
1756013877.1539447,-2,0,-47
1756013877.1919446,0,-2,-55
1756013877.2299447,8,1,-44
1756013877.2679446,1,3,-48
1756013877.3039446,-5,0,-50
1756013877.3419447,0,4,-54
1756013877.3799446,0,4,-57
1756013877.417945,1,6,-55
1756013877.4539447,1,8,-45
1756013877.4909446,1,2,-55
1756013877.5289447,-1,1,-49
1756013877.5679443,0,0,-51
1756013877.6039443,5,-2,-53
1756013877.6409447,-4,-2,-48
1756013877.6789446,-6,3,-62
1756013877.7179446,-6,-2,-61
1756013877.7539446,-3,-1,-54
1756013877.7919445,-2,0,-53
1756013877.8299446,-1,-9,-50
1756013877.8689446,-6,-10,-53
1756013877.9069445,-6,0,-52
1756013877.9429443,0,4,-53
1756013877.9799447,-2,-2,-50
1756013878.0189445,-5,0,-49
1756013878.0569446,-9,0,-49
1756013878.0929446,-2,-4,-43
1756013878.1309447,-5,-2,-57
1756013878.1689446,-1,4,-49
1756013878.2079446,0,4,-50
1756013878.2439446,0,7,-52
1756013878.2809446,2,-2,-57
1756013878.3189447,-1,-1,-59
1756013878.3579447,-2,-2,-56
1756013878.3939445,0,-3,-55
1756013878.4309447,0,2,-52
1756013878.4689443,7,-1,-58
1756013878.5079446,0,-4,-58
1756013878.5439446,-1,-4,-42
1756013878.5819447,-2,-5,-50
1756013878.6199446,4,7,-53
1756013878.6589446,0,6,-59
1756013878.6949446,0,1,-54
1756013878.7329447,1,-3,-54
1756013878.7709446,1,-3,-42
1756013878.8089447,5,-1,-43
1756013878.8479445,0,-1,-40
1756013878.8839445,-2,-2,-50
1756013878.9229443,4,0,-55
1756013878.9599447,-6,-1,-62
1756013878.9989443,-1,-5,-53
1756013879.0349443,-2,-2,-61
1756013879.0729446,1,6,-49
1756013879.1099446,7,2,-47
1756013879.1479447,6,5,-46
1756013879.1839447,0,-4,-40
1756013879.2219446,0,-9,-42
1756013879.259945,-6,-2,-53
1756013879.2979443,6,1,-49
1756013879.3339446,2,5,-59
1756013879.3709445,1,-2,-48
1756013879.4099443,-1,4,-43
1756013879.4479446,6,1,-58
1756013879.483945,1,0,-49
1756013879.5209446,-1,0,-51
1756013879.5599446,-2,-3,-45
1756013879.5979445,1,0,-44
1756013879.6339445,-5,-5,-54
1756013879.6719446,0,0,-56
1756013879.7099447,-3,3,-51
1756013879.7479446,0,-3,-55
1756013879.7839446,-9,-4,-56
1756013879.8219447,0,-1,-63
1756013879.8609445,4,0,-65
1756013879.8989446,6,-1,-64
1756013879.9349446,3,0,-56
1756013879.9719446,7,-3,-54
1756013880.009945,2,2,-52
1756013880.0489447,5,0,-62
1756013880.0849447,0,1,-43
1756013880.121945,-5,-1,-53
1756013880.1609447,1,-4,-53
1756013880.1989446,-6,-7,-39
1756013880.2349446,2,0,-47
1756013880.2719443,-3,3,-51
1756013880.3099446,-3,6,-61
1756013880.348945,0,-2,-50
1756013880.384945,2,1,-49
1756013880.4229443,4,0,-51
1756013880.4599447,1,-3,-49
1756013880.4989443,3,6,-58
1756013880.5349443,0,8,-47
1756013880.5719447,0,9,-42
1756013880.6099446,6,3,-45
1756013880.6459446,1,3,-48
1756013880.6839447,-1,-3,-51
1756013880.7219446,4,-1,-44
1756013880.759945,0,8,-44
1756013880.7959447,4,1,-44
1756013880.8339446,-1,-5,-45
1756013880.871945,-3,2,-54
1756013880.9109447,-8,-1,-52
1756013880.9489446,1,-2,-53
1756013880.9849446,3,-3,-50
1756013881.0219443,1,-4,-45
1756013881.0609446,-9,-6,-44
1756013881.098945,-10,-4,-46
1756013881.134945,-6,-1,-51
1756013881.1729443,-6,-2,-58
1756013881.2119446,-1,1,-55
1756013881.2499447,-9,5,-49
1756013881.2859447,1,0,-49
1756013881.3229446,-3,-2,-47
1756013881.3609445,0,-6,-50
1756013881.3999443,0,0,-58
1756013881.4359446,1,-4,-41
1756013881.4729445,1,2,-58
1756013881.5109446,-2,1,-69
1756013881.5489447,5,-1,-62
1756013881.5849447,3,-1,-47
1756013881.621945,0,-4,-39
1756013881.6609447,2,-6,-52
1756013881.6989446,1,-3,-62
1756013881.7349446,5,-1,-51
1756013881.7719443,0,-8,-49
1756013881.8109446,4,0,-46
1756013881.8469446,2,-7,-44
1756013881.884945,6,0,-54
1756013881.9219446,-2,2,-59
1756013881.960945,3,0,-56
1756013881.996945,8,-3,-52
1756013882.0339446,6,0,-48
1756013882.0709443,-3,7,-58
1756013882.1099446,-1,0,-51
1756013882.1459446,5,-1,-41
1756013882.1829443,-2,-2,-44
1756013882.2209446,-2,0,-49
1756013882.259945,0,8,-47
1756013882.2959447,0,7,-45
1756013882.3329446,-4,-1,-60
1756013882.3709445,-4,3,-57
1756013882.4099443,0,6,-62
1756013882.4459443,-6,6,-55
1756013882.483945,3,6,-54
1756013882.5219443,-1,5,-38
1756013882.5599446,-6,-2,-54
1756013882.5959446,2,-1,-51
1756013882.6339445,3,-5,-38
1756013882.6719446,-1,0,-55
1756013882.7099447,-2,1,-52
1756013882.7459445,2,-5,-64
1756013882.782945,6,0,-56
1756013882.8219447,-2,3,-49
1756013882.8599446,-13,0,-58
1756013882.8959446,-3,5,-58
1756013882.9339447,0,0,-53
1756013882.9719446,-6,-6,-51
1756013883.009945,-8,-4,-49
1756013883.0459447,0,-5,-43
1756013883.0839446,6,-8,-55
1756013883.121945,1,-8,-37
1756013883.1599443,3,0,-36
1756013883.1959443,0,2,-41
1756013883.2329447,2,1,-54
1756013883.2709446,1,-3,-51
1756013883.3069446,1,1,-46
1756013883.3459446,2,6,-45
1756013883.3829446,-3,0,-65
1756013883.4219446,1,0,-71
1756013883.4579446,4,-4,-57
1756013883.4949446,0,3,-55
1756013883.532945,-5,-1,-45
1756013883.5719447,-1,-5,-47
1756013883.6079447,1,-6,-47
1756013883.644945,-1,0,-46
1756013883.6829443,-3,2,-58
1756013883.7219446,-3,6,-52
1756013883.7579446,0,-2,-48
1756013883.7959447,1,0,-48
1756013883.8349447,-3,-2,-51
1756013883.871945,-3,-2,-58
1756013883.9109447,-1,6,-53
1756013883.9469447,5,-2,-61
1756013883.9849446,5,2,-51
1756013884.0219443,-2,5,-59
1756013884.0609446,-3,1,-54
1756013884.0969446,5,2,-40
1756013884.1339445,4,-7,-57
1756013884.1729443,0,0,-60
1756013884.210945,-3,-3,-57
1756013884.246945,0,1,-51
1756013884.2849443,0,0,-56
1756013884.3229446,1,0,-56
1756013884.3609445,-5,-1,-53
1756013884.3969443,-1,-6,-51
1756013884.4349446,3,-2,-63
1756013884.4729445,-1,2,-54
1756013884.5119443,-3,1,-42
1756013884.5479443,-6,0,-37
1756013884.5849447,-5,0,-51
1756013884.6229446,3,0,-46
1756013884.6609447,2,2,-55
1756013884.6969447,0,0,-50
1756013884.733945,7,0,-43
1756013884.7719443,2,4,-53
1756013884.8079443,0,-3,-64
1756013884.8459446,-4,0,-62
1756013884.8839445,1,-2,-57
1756013884.9229443,7,-3,-53
1756013884.960945,10,4,-53
1756013884.996945,8,2,-48
1756013885.0339446,1,4,-47
1756013885.0729446,0,-1,-59
1756013885.108945,-1,2,-59
1756013885.1479447,-4,0,-49
1756013885.1859446,-4,-1,-54
1756013885.2229445,-1,-1,-41
1756013885.2619443,-2,4,-47
1756013885.2979443,-3,5,-41
1756013885.335945,-5,2,-59
1756013885.3729446,-5,2,-40
1756013885.4119446,1,-7,-50
1756013885.4479446,4,-4,-45
1756013885.4849446,-1,-5,-43
1756013885.5229447,-1,1,-46
1756013885.5619447,-1,2,-40
1756013885.5979445,0,4,-54
1756013885.6359446,4,4,-53
1756013885.6729443,1,-1,-48
1756013885.7119446,-3,-2,-58
1756013885.7479446,0,-6,-51
1756013885.7849443,5,2,-49
1756013885.8239446,2,-3,-46
1756013885.861945,-4,0,-42
1756013885.8979447,-3,5,-56
1756013885.9349446,-2,3,-53
1756013885.973945,-1,-2,-44
1756013886.0119443,-3,-6,-44
1756013886.0479443,2,-4,-44
1756013886.0849447,0,-6,-45
1756013886.1239443,0,0,-50
1756013886.1619446,1,0,-51
1756013886.1979446,2,5,-55
1756013886.2349446,2,-6,-54
1756013886.2739446,0,1,-54
1756013886.3119447,-1,0,-47
1756013886.3479445,-1,2,-53
1756013886.384945,0,-3,-48
1756013886.4239447,4,0,-60
1756013886.4619446,1,-9,-55
1756013886.4979446,-4,-3,-55
1756013886.5359447,-13,-8,-52
1756013886.5739446,-4,-2,-55
1756013886.6179447,-6,-2,-55
1756013886.6569445,3,0,-55
1756013886.6939447,7,-3,-53
1756013886.7329447,-3,-6,-47
1756013886.7689445,-3,-8,-52
1756013886.8069446,-3,0,-50
1756013886.8449447,-2,5,-55
1756013886.8839445,0,1,-53
1756013886.9199443,-3,-1,-44
1756013886.9579446,-3,0,-51
1756013886.9959445,0,-5,-57
1756013887.0339446,3,2,-52
1756013887.0699446,9,4,-51
1756013887.1069446,0,0,-53
1756013887.1439445,-5,-2,-54
1756013887.1829443,-5,-3,-53
1756013887.2189443,2,-3,-49
1756013887.256945,6,2,-54
1756013887.2939446,5,1,-48
1756013887.3299446,-1,1,-52
1756013887.3669446,0,-6,-38
1756013887.404945,1,0,-50
1756013887.4429443,0,2,-46
1756013887.4789443,-10,7,-47
1756013887.5159447,-10,0,-41
1756013887.5549445,0,-3,-53
1756013887.5929446,2,-4,-53
1756013887.6289446,0,-5,-51
1756013887.6669445,-1,-5,-50
1756013887.7049446,1,0,-59
1756013887.7429447,-5,-2,-55
1756013887.7789447,0,-9,-49
1756013887.8169446,0,2,-52
1756013887.8549447,-2,2,-47
1756013887.8929446,0,2,-49
1756013887.9299445,6,-2,-64
1756013887.9669447,-7,3,-56
1756013888.0049446,-3,-3,-49
1756013888.0439446,6,-1,-50
1756013888.0799446,4,7,-47
1756013888.1169446,7,2,-53
1756013888.154945,7,1,-62
1756013888.1929443,4,6,-71
1756013888.2289443,1,0,-59
1756013888.2669446,-4,0,-61
1756013888.3049445,-5,-3,-55
1756013888.3429446,0,6,-48
1756013888.3789446,-1,-1,-50
1756013888.4169445,-3,3,-53
1756013888.4549446,0,-2,-38
1756013888.4939446,-1,6,-50
1756013888.529945,2,9,-50
1756013888.5669446,0,6,-35
1756013888.6049447,-2,0,-42
1756013888.6409447,-3,1,-47
1756013888.6789446,3,2,-44
1756013888.7159443,4,-4,-48
1756013888.7549446,1,-7,-42
1756013888.7909446,1,-1,-43
1756013888.8289447,3,-3,-40
1756013888.8659446,-2,0,-57
1756013888.904945,-5,-4,-60
1756013888.940945,-3,-7,-59
1756013888.9789443,2,-1,-51
1756013889.0169446,10,-4,-47
1756013889.0549445,1,-3,-51
1756013889.0939443,-1,-1,-55
1756013889.1299446,-4,-5,-49
1756013889.167945,5,3,-55
1756013889.2059443,9,-1,-52
1756013889.2439446,2,4,-46
1756013889.279945,1,3,-39
1756013889.3179443,0,0,-51
1756013889.3559446,1,-5,-62
1756013889.3939445,0,-5,-59
1756013889.4309447,8,-7,-55
1756013889.4679446,4,-3,-58
1756013889.5059447,-2,0,-56
1756013889.5449443,-4,0,-45
1756013889.5809443,2,-6,-53
1756013889.6179447,-2,1,-60
1756013889.6559446,-1,-1,-51
1756013889.6949446,3,-5,-51
1756013889.7309446,0,-4,-56
1756013889.7679446,-3,-3,-56
1756013889.8059447,0,4,-52
1756013889.8449447,3,1,-45
1756013889.8809447,1,-1,-56
1756013889.917945,-1,-2,-49
1756013889.9559443,-1,-4,-54
1756013889.9949446,-4,3,-45
1756013890.0309446,0,-5,-53
1756013890.0679443,3,-4,-49
1756013890.1059446,0,-6,-63
1756013890.144945,-6,-4,-55
1756013890.1809447,-2,-3,-57
1756013890.2189443,0,1,-58
1756013890.256945,-5,2,-54
1756013890.2959447,-3,4,-55
1756013890.3319447,-7,-4,-52
1756013890.3699446,-7,1,-52
1756013890.407945,2,-1,-54
1756013890.4459443,3,0,-66
1756013890.4819446,-2,3,-54
1756013890.5189445,0,0,-45
1756013890.5559447,0,3,-35
1756013890.5949447,4,1,-40
1756013890.6309447,-3,-2,-35
1756013890.6689446,-1,3,-46
1756013890.7069447,-3,1,-42
1756013890.7459445,4,-1,-53
1756013890.7819445,3,-4,-52
1756013890.8189447,5,2,-50
1756013890.8569446,-1,3,-49
1756013890.8959446,-3,3,-51
1756013890.9319446,0,0,-55
1756013890.9689443,-7,0,-43
1756013891.006945,-9,0,-54
1756013891.0459447,7,0,-65
1756013891.0819447,5,0,-47
1756013891.1189446,7,5,-51
1756013891.1569445,0,0,-55
1756013891.1949446,7,-3,-54
1756013891.2309446,4,-1,-56
1756013891.2689445,6,-4,-57
1756013891.3069446,0,-9,-46
1756013891.3459446,-8,-5,-46
1756013891.381945,5,-1,-48
1756013891.4199443,-5,-2,-52
1756013891.4579446,-2,-3,-43
1756013891.496945,-6,-3,-47
1756013891.5349443,0,0,-51
1756013891.5709443,-1,-2,-58
1756013891.608945,3,-3,-57
1756013891.6469443,-2,0,-55
1756013891.6859446,-4,-8,-55
1756013891.7219446,2,-7,-50
1756013891.7589445,2,6,-61
1756013891.7969446,0,2,-66
1756013891.8329446,-2,2,-59
1756013891.8699446,-2,-4,-57
1756013891.907945,-6,-7,-51
1756013891.9469447,-1,-1,-50
1756013891.9829447,-2,-3,-43
1756013892.0209446,-6,-2,-54
1756013892.0599446,-6,1,-51
1756013892.0969446,-12,-5,-56
1756013892.1359446,-4,-3,-54
1756013892.1719446,-6,-8,-58
1756013892.2099447,2,-1,-48
1756013892.2479446,9,8,-49
1756013892.2859447,10,6,-50
1756013892.3219447,1,2,-49
1756013892.358945,2,-1,-48
1756013892.3969443,2,-2,-52
1756013892.4359446,4,0,-40
1756013892.4719446,4,0,-45
1756013892.509945,5,-3,-52
1756013892.5479443,3,-5,-45
1756013892.5869446,2,-8,-45
1756013892.6229446,2,0,-49
1756013892.6609447,0,2,-52
1756013892.6979446,-4,1,-50
1756013892.736945,-1,-1,-56
1756013892.7729447,-3,1,-57
1756013892.8109446,-3,-1,-44
1756013892.8499446,2,0,-46
1756013892.8879447,5,0,-55
1756013892.9259446,-2,3,-52
1756013892.9619446,2,4,-46
1756013892.9999447,2,4,-55
1756013893.0379446,-4,5,-46
1756013893.075945,-1,-10,-53
1756013893.111945,-10,-3,-45
1756013893.1499443,-8,0,-62
1756013893.187945,0,2,-50
1756013893.2259445,-2,-1,-58
1756013893.2619443,2,2,-52
1756013893.2989447,1,7,-49
1756013893.3379445,4,0,-53
1756013893.3759446,1,2,-51
1756013893.4119446,-1,2,-45
1756013893.4499447,-4,4,-51
1756013893.4879446,0,4,-54
1756013893.5239446,-4,-1,-41
1756013893.5619447,0,0,-46
1756013893.598945,1,1,-43
1756013893.6369443,5,-3,-59
1756013893.6729443,7,-6,-56
1756013893.7099447,2,0,-52
1756013893.7479446,9,2,-61
1756013893.7839446,9,1,-54
1756013893.8209443,-1,0,-47
1756013893.858945,-3,1,-49
1756013893.8979447,3,-8,-49
1756013893.9339447,2,-9,-58
1756013893.9709446,-1,-4,-65
1756013894.0089445,-2,-3,-51
1756013894.0479443,-3,-4,-61
1756013894.0839446,-9,4,-57
1756013894.1209445,-5,4,-59
1756013894.1589446,-3,2,-55
1756013894.1979446,-3,5,-50
1756013894.233945,-1,3,-49
1756013894.2709446,-1,9,-48
1756013894.3089447,1,6,-46
1756013894.3479445,-2,2,-59
1756013894.3839445,-2,2,-52
1756013894.4209447,-1,3,-46
1756013894.4589446,-4,0,-41
1756013894.4979446,1,-1,-59
1756013894.5339446,-1,2,-46
1756013894.5709443,2,2,-48
1756013894.608945,1,-2,-55
1756013894.6469443,7,-4,-55
1756013894.6829443,0,-10,-46
1756013894.7209446,-2,-2,-57
1756013894.7589445,-5,1,-53
1756013894.7969446,1,9,-52
1756013894.8329446,-1,0,-51
1756013894.8699446,0,1,-42
1756013894.9089446,0,-1,-59
1756013894.9469447,4,-5,-61
1756013894.9829447,-6,-4,-53
1756013895.0209446,0,-5,-42
1756013895.0589447,7,-7,-41
1756013895.0979445,8,-4,-45
1756013895.1339445,3,-2,-48
1756013895.1719446,0,-5,-50
1756013895.2099447,2,-4,-58
1756013895.2489443,0,-3,-61
1756013895.2849443,1,4,-52
1756013895.3219447,0,4,-38
1756013895.358945,1,6,-48
1756013895.394945,0,0,-55
1756013895.4319446,-4,1,-61
1756013895.4699447,1,-2,-57
1756013895.5089445,-4,0,-56
1756013895.5449443,0,3,-55
1756013895.5819447,3,5,-53
1756013895.6199446,0,7,-50
1756013895.657945,1,-7,-68
1756013895.6939447,4,0,-63
1756013895.7309446,3,-4,-55
1756013895.769945,3,-7,-55
1756013895.8079443,3,-1,-55
1756013895.8439443,0,-4,-53
1756013895.8809447,0,-3,-57
1756013895.9199443,7,3,-48
1756013895.9579446,8,4,-51
1756013895.9939446,6,2,-51
1756013896.0309446,1,2,-56
1756013896.0689447,-1,7,-49
1756013896.1049447,-1,0,-51
1756013896.1429446,-8,-4,-52
1756013896.1799445,-4,-4,-56
1756013896.2189443,0,-1,-49
1756013896.2549446,-8,-2,-42
1756013896.292945,-4,1,-52
1756013896.3309443,0,0,-58
1756013896.3689446,1,1,-50
1756013896.404945,-2,1,-56
1756013896.4429443,-5,2,-51
1756013896.4799447,-3,5,-59
1756013896.5189445,0,3,-51
1756013896.5549445,-1,-3,-53
1756013896.5929446,-4,-1,-50
1756013896.6389446,0,1,-42
1756013896.6749446,0,2,-43
1756013896.7119446,-2,1,-45
1756013896.7499447,1,0,-46
1756013896.7859447,4,1,-56
1756013896.8229446,2,-3,-63
1756013896.8609445,3,0,-55
1756013896.8999443,2,4,-42
1756013896.9359446,1,1,-46
1756013896.9729445,0,10,-49
1756013897.009945,1,6,-48
1756013897.0459447,-4,0,-60
1756013897.0829446,4,-3,-51
1756013897.1209445,-1,-3,-58
1756013897.1599443,0,-6,-46
1756013897.1959443,-2,-3,-39
1756013897.233945,-4,-4,-44
1756013897.2729447,1,-4,-49
1756013897.3099446,-11,-3,-65
1756013897.348945,-4,5,-45
1756013897.384945,-1,5,-58
1756013897.4229443,-3,4,-44
1756013897.460945,0,7,-55
1756013897.4989443,0,2,-53
1756013897.5349443,-7,0,-42
1756013897.5729446,-9,1,-41
1756013897.6109445,0,0,-52
1756013897.6489446,1,-6,-45
1756013897.6859446,-2,-3,-52
1756013897.7229445,1,-9,-45
1756013897.7609446,-5,-10,-55
1756013897.7999446,-12,-6,-67
1756013897.835945,-4,-2,-53
1756013897.8739443,4,0,-56
1756013897.9109447,0,1,-51
1756013897.9489446,-2,-3,-59
1756013897.9849446,-4,0,-49
1756013898.0229447,-6,0,-50
1756013898.0609446,-1,3,-51
1756013898.0999446,-3,0,-46
1756013898.1359446,-6,-2,-47
1756013898.1739447,-7,3,-50
1756013898.2119446,-3,3,-59
1756013898.2509446,0,-2,-57
1756013898.2889447,-1,0,-52
1756013898.3249447,-2,3,-59
1756013898.3629446,2,4,-56
1756013898.4009447,-1,2,-45
1756013898.4399445,3,8,-46
1756013898.4759445,-3,-2,-52
1756013898.5139446,-3,0,-57
1756013898.552945,7,0,-62
1756013898.5909443,11,0,-51
1756013898.6269443,8,4,-47
1756013898.6639447,9,3,-49
1756013898.7019446,-1,3,-49
1756013898.7409446,0,-1,-43
1756013898.7769446,-1,-6,-44
1756013898.8149445,1,-1,-51
1756013898.8529446,4,4,-57
1756013898.8909447,7,3,-58
1756013898.9269447,3,-3,-49
1756013898.9649446,0,-1,-59
1756013899.0029447,10,-4,-59
1756013899.0409446,2,4,-47
1756013899.0769446,-4,1,-41
1756013899.1139443,-3,1,-46
1756013899.1519446,-8,1,-49
1756013899.190945,-4,-5,-44
1756013899.2269447,-1,-7,-49
1756013899.2649446,-8,0,-50
1756013899.302945,3,-5,-47
1756013899.3419447,0,5,-49
1756013899.3799446,6,1,-52
1756013899.4159446,5,3,-39
1756013899.4529445,-5,1,-44
1756013899.4919446,-6,-5,-51
1756013899.529945,-4,0,-50
1756013899.565945,-2,3,-48
1756013899.6039443,-3,-3,-47
1756013899.6419446,5,0,-45
1756013899.6809447,-4,-4,-48
1756013899.7169447,-11,0,-40
1756013899.7539446,-6,7,-49
1756013899.7919445,0,-2,-45
1756013899.8309443,2,0,-47
1756013899.8669446,7,4,-50
1756013899.9039447,-3,2,-59
1756013899.9419446,-2,1,-62
1756013899.9809446,-2,0,-49
1756013900.0169446,-5,3,-47
1756013900.0539446,-10,0,-51
1756013900.0919447,-5,3,-44
1756013900.1309447,-1,2,-47
1756013900.1669445,-5,0,-48
1756013900.2039447,0,-1,-51
1756013900.2419446,3,-4,-48
1756013900.2809446,0,2,-51
1756013900.3169446,-4,0,-59
1756013900.3539443,1,-2,-53
1756013900.3919446,0,10,-45
1756013900.4309447,2,6,-71
1756013900.4669447,2,5,-71
1756013900.5039446,3,-2,-56
1756013900.5419445,-2,-4,-48
1756013900.5809443,-4,0,-30
1756013900.6169446,-1,1,-39
1756013900.6539447,-4,2,-46
1756013900.6919446,-4,0,-43
1756013900.7309446,-1,-7,-48
1756013900.7669446,0,-3,-48
1756013900.8039446,0,-3,-65
1756013900.8429446,1,4,-51
1756013900.8809447,1,0,-54
1756013900.9169445,4,-1,-45
1756013900.9539447,-6,-4,-47
1756013900.9929447,0,-1,-46
1756013901.0309446,-2,4,-49
1756013901.0669446,-4,-7,-50
1756013901.1049447,-4,-5,-58
1756013901.1429446,-2,-4,-52
1756013901.1819446,-4,0,-55
1756013901.2179446,-4,1,-52
1756013901.2549446,-3,-2,-60
1756013901.2939446,4,0,-59
1756013901.3319447,5,0,-53
1756013901.3679447,-4,7,-39
1756013901.4059446,0,9,-38
1756013901.4439447,0,1,-40
1756013901.4819446,1,-2,-55
1756013901.5179446,0,-6,-55
1756013901.5549445,0,-4,-62
1756013901.5929446,-2,-3,-44
1756013901.631945,-5,1,-54
1756013901.667945,-6,0,-56
1756013901.7049446,-6,-5,-52
1756013901.7429447,-1,-3,-66
1756013901.7819445,2,1,-61
1756013901.8179443,0,2,-64
1756013901.8549447,-2,6,-52
1756013901.8929446,0,3,-38
1756013901.9319446,-3,4,-44
1756013901.9679446,2,1,-56
1756013902.0049446,0,0,-47
1756013902.042945,1,0,-46
1756013902.0789447,-2,-1,-46
1756013902.1169446,-9,10,-61
1756013902.154945,-6,6,-48
1756013902.1929443,-5,0,-50
1756013902.2319446,5,2,-55
1756013902.2679446,5,-3,-60
1756013902.3049445,3,-4,-64
1756013902.3429446,-1,0,-55
1756013902.381945,-8,0,-53
1756013902.417945,-1,0,-55
1756013902.4549446,1,2,-56
1756013902.4929447,0,2,-55
1756013902.5289447,-4,3,-56
1756013902.565945,0,2,-52
1756013902.6039443,4,-1,-51
1756013902.6419446,0,-3,-49
1756013902.677945,3,1,-53
1756013902.7149446,-2,-1,-53
1756013902.7539446,5,3,-53
1756013902.7919445,8,0,-55
1756013902.8279445,0,-6,-60
1756013902.8649447,-1,-12,-50
1756013902.9039447,-6,0,-59
1756013902.9419446,-3,-8,-51
1756013902.9779446,3,-2,-55
1756013903.0149446,-4,-8,-55
1756013903.0539446,-2,-3,-52
1756013903.0919447,2,-2,-45
1756013903.1279447,5,-1,-42
1756013903.1649446,-3,-3,-53
1756013903.2039447,2,-9,-55
1756013903.2419446,-2,-1,-39
1756013903.2779446,0,0,-48
1756013903.3149445,-3,0,-41
1756013903.3539443,-1,-7,-41
1756013903.3899446,-4,0,-43
1756013903.4269447,2,-4,-56
1756013903.4649446,1,-3,-58
1756013903.5039446,7,-9,-70
1756013903.5399446,5,-9,-56
1756013903.5789447,-1,-2,-50
1756013903.6159446,2,1,-50
1756013903.6539447,7,0,-47
1756013903.6899445,2,5,-48
1756013903.7269447,-2,-4,-43
1756013903.7649446,-2,-8,-48
1756013903.8039446,0,-4,-54
1756013903.8399446,5,-3,-43
1756013903.8769443,0,1,-44
1756013903.9139447,0,-2,-48
1756013903.9529445,-1,0,-44
1756013903.9889443,2,0,-48
1756013904.0259447,1,-5,-53
1756013904.0639446,7,-5,-53
1756013904.1029446,6,3,-64
1756013904.1389446,4,0,-48
1756013904.1759446,5,0,-50
1756013904.213945,2,-1,-52
1756013904.2499447,2,-4,-48
1756013904.2879446,0,-8,-53
1756013904.3249447,-5,0,-50
1756013904.3639443,-1,-3,-56
1756013904.3999443,-5,-1,-46
1756013904.437945,5,0,-53
1756013904.4749446,-2,-5,-46
1756013904.5139446,6,-3,-47
1756013904.5499446,0,-1,-45
1756013904.5869446,-2,1,-47
1756013904.6249447,0,-2,-58
1756013904.6639447,-3,2,-53
1756013904.6999447,1,4,-48
1756013904.736945,-4,-2,-45
1756013904.7749443,5,-4,-43
1756013904.8139446,5,0,-52
1756013904.8499446,6,7,-61
1756013904.8869443,1,3,-53
1756013904.9249446,-2,-7,-54
1756013904.963945,-6,-2,-51
1756013904.9999447,0,5,-45
1756013905.0369446,-2,3,-55
1756013905.0749447,3,1,-46
1756013905.1109445,0,1,-58
1756013905.1479447,-1,-3,-48
1756013905.1859446,0,0,-55
1756013905.223945,3,-1,-49
1756013905.259945,1,-2,-42
1756013905.2979443,2,-1,-43
1756013905.3349447,3,1,-55
1756013905.3709445,0,2,-46
1756013905.4089446,0,0,-54
1756013905.4459443,-7,3,-55
1756013905.4849446,-2,-3,-44
1756013905.5209446,-5,-2,-57
1756013905.5589447,6,5,-62
1756013905.5959446,-3,1,-53
1756013905.634945,0,7,-49
1756013905.6709447,-1,1,-53
1756013905.7089446,2,-9,-48
1756013905.746945,5,-5,-57
1756013905.7859447,9,-7,-52
1756013905.8239446,5,-7,-46
1756013905.8599446,3,-4,-45
1756013905.8979447,5,0,-44
1756013905.9359446,2,-5,-37
1756013905.973945,-1,-4,-43
1756013906.009945,2,-2,-48
1756013906.0469446,0,-4,-46
1756013906.085945,0,-8,-47
1756013906.1239443,0,-6,-51
1756013906.1599443,-3,-2,-59
1756013906.1979446,4,8,-49
1756013906.2359445,1,0,-47
1756013906.2739446,2,-1,-50
1756013906.3099446,0,-10,-55
1756013906.3469446,1,-4,-56
1756013906.3859446,0,-2,-55
1756013906.4239447,-3,3,-58
1756013906.4599447,0,3,-50
1756013906.4979446,3,7,-51
1756013906.5359447,0,0,-52
1756013906.5739446,-4,-5,-56
1756013906.6099446,2,-3,-48
1756013906.6559446,-4,-3,-51
1756013906.6939447,-2,-8,-56
1756013906.7299447,-1,-7,-47
1756013906.7679446,-3,0,-44
1756013906.8059447,5,1,-43
1756013906.8449447,7,-3,-51
1756013906.8809447,1,0,-51
1756013906.9189446,6,3,-57
1756013906.9559443,6,0,-53
1756013906.9919446,5,0,-49
1756013907.0289447,8,-5,-48
1756013907.0669446,4,-1,-43
1756013907.1059446,-5,0,-39
1756013907.1419446,1,3,-43
1756013907.1789446,2,-3,-50
1756013907.2169447,0,-1,-48
1756013907.2559447,0,1,-41
1756013907.2919445,-4,-1,-42
1756013907.3299446,-2,0,-50
1756013907.3689446,0,-1,-48
1756013907.4069445,-1,2,-42
1756013907.4449446,3,0,-43
1756013907.4809446,3,6,-54
1756013907.5179446,3,-2,-60
1756013907.5569446,5,-1,-61
1756013907.5949447,0,4,-54
1756013907.631945,4,-2,-52
1756013907.6689446,0,0,-53
1756013907.7069447,1,1,-50
1756013907.7449446,4,0,-50
1756013907.7809446,5,3,-44
1756013907.8189447,-4,0,-59
1756013907.8569446,-5,-2,-54
1756013907.894945,-3,2,-48
1756013907.9309447,-3,-3,-48
1756013907.9689443,-4,0,-51
1756013908.0079446,0,-3,-45
1756013908.0459447,0,3,-45
1756013908.0819447,2,0,-50
1756013908.1189446,0,0,-59
1756013908.1569445,1,6,-47
1756013908.1949446,-3,-2,-59
1756013908.2309446,-2,-5,-56
1756013908.2689445,-1,-7,-49
1756013908.3079443,-2,1,-53
1756013908.3459446,-1,-4,-55
1756013908.381945,3,-6,-48
1756013908.4189446,5,1,-51
1756013908.4569447,7,-1,-60
1756013908.4929447,5,1,-59
1756013908.5309446,0,-2,-56
1756013908.5689447,-1,3,-50
1756013908.6079447,-3,0,-51
1756013908.6459446,-2,-3,-64
1756013908.6819446,-1,-1,-57
1756013908.7199447,2,-9,-58
1756013908.7579446,0,-7,-66
1756013908.7969446,-6,-2,-53
1756013908.8329446,-2,0,-54
1756013908.8699446,0,-5,-58
1756013908.907945,7,0,-49
1756013908.9459443,-3,5,-50
1756013908.9819446,-2,1,-61
1756013909.0189445,-7,-3,-57
1756013909.0579443,1,3,-50
1756013909.0959446,-2,2,-52
1756013909.131945,-4,4,-47
1756013909.1689446,-1,-4,-55
1756013909.2079446,0,-6,-51
1756013909.2459445,6,-4,-54
1756013909.2819445,-1,-3,-46
1756013909.3199446,2,0,-46
1756013909.3579447,0,2,-56
1756013909.3959446,6,0,-58
1756013909.4319446,2,-1,-59
1756013909.4699447,-2,-1,-70
1756013909.5079446,3,-5,-63
1756013909.5469446,0,0,-60
1756013909.5829446,2,0,-64
1756013909.6199446,6,0,-50
1756013909.657945,4,-4,-53
1756013909.6959443,0,-8,-41
1756013909.7319446,7,-8,-40
1756013909.769945,8,-2,-53
1756013909.8079443,0,3,-35
1756013909.8459446,-6,-3,-38
1756013909.881945,0,2,-36
1756013909.9199443,3,0,-48
1756013909.9579446,2,-2,-58
1756013909.9959445,3,-4,-51
1756013910.0319445,6,-4,-47
1756013910.0689447,2,-3,-55
1756013910.1079447,2,0,-47
1756013910.1439445,2,2,-51
1756013910.1809447,4,0,-55
1756013910.2179446,5,-2,-66
1756013910.256945,-3,-2,-57
1756013910.292945,-5,-6,-54
1756013910.3309443,-8,-3,-54
1756013910.3689446,-5,-5,-53
1756013910.407945,-1,0,-57
1756013910.4439447,-4,-1,-57
1756013910.4829447,-10,4,-38
1756013910.519945,-6,1,-39
1756013910.5579443,0,2,-59
1756013910.5939443,-1,2,-57
1756013910.6309447,0,-3,-59
1756013910.6689446,1,0,-49
1756013910.7079446,-4,1,-57
1756013910.7439446,-1,-2,-49
1756013910.782945,-1,-7,-51
1756013910.8199446,-3,-1,-43
1756013910.858945,-7,-2,-49
1756013910.8969443,-1,0,-54
1756013910.9329443,0,2,-56
1756013910.9699447,2,6,-59
1756013911.0079446,4,-1,-53
1756013911.0439446,3,-1,-42
1756013911.0809443,1,5,-44
1756013911.1189446,0,-2,-48
1756013911.1569445,-3,-1,-47
1756013911.1929443,0,4,-41
1756013911.2299447,4,9,-41
1756013911.2689445,-8,5,-46
1756013911.3069446,-7,3,-41
1756013911.3429446,1,7,-46
1756013911.3799446,1,6,-56
1756013911.4189446,2,6,-51
1756013911.4569447,3,-1,-51
1756013911.4929447,0,1,-55
1756013911.529945,0,3,-47
1756013911.5689447,-3,-5,-47
1756013911.6069446,0,-1,-44
1756013911.6439445,11,0,-46
1756013911.6809447,8,-2,-55
1756013911.7189443,2,-3,-56
1756013911.7579446,0,-1,-52
1756013911.7939446,3,0,-52
1756013911.8309443,2,6,-52
1756013911.8689446,7,-3,-48
1756013911.904945,-1,-3,-47
1756013911.9429443,-5,-2,-37
1756013911.9809446,-3,-7,-41
1756013912.0189445,0,-1,-48
1756013912.0579443,2,-2,-48
1756013912.0939443,-1,-4,-53
1756013912.131945,4,1,-48
1756013912.1689446,0,-1,-56
1756013912.2079446,9,2,-49
1756013912.2439446,5,3,-42
1756013912.2809446,7,-3,-51
1756013912.3189447,8,1,-62
1756013912.3549447,3,0,-62
1756013912.3929446,2,-1,-53
1756013912.4319446,2,4,-55
1756013912.4699447,0,0,-50
1756013912.5079446,6,-10,-47
1756013912.5439446,5,0,-46
1756013912.5809443,1,-3,-50
1756013912.6199446,6,0,-45
1756013912.657945,8,8,-56
1756013912.6939447,2,-2,-50
1756013912.7319446,6,-7,-54
1756013912.769945,3,-2,-55
1756013912.8079443,2,-4,-37
1756013912.8439443,-7,-4,-46
1756013912.881945,0,-6,-49
1756013912.9199443,-4,3,-45
1756013912.9589446,-3,-6,-55
1756013912.9949446,-1,-5,-55
1756013913.032945,1,-5,-53
1756013913.0709443,3,-6,-52
1756013913.1099446,-2,-3,-60
1756013913.1479447,0,-2,-63
1756013913.1839447,-7,0,-66
1756013913.2209446,-3,3,-52
1756013913.259945,2,2,-56
1756013913.2979443,5,-3,-59
1756013913.3339446,0,0,-59
1756013913.3709445,-1,10,-53
1756013913.4099443,5,-1,-63
1756013913.4459443,0,1,-64
1756013913.4849446,0,-2,-62
1756013913.5219443,0,-1,-59
1756013913.5609446,-2,2,-56
1756013913.598945,-3,0,-46
1756013913.634945,1,3,-43
1756013913.6719446,9,1,-52
1756013913.7099447,4,5,-53
1756013913.7459445,8,8,-50
1756013913.782945,3,2,-44
1756013913.8199446,3,-2,-50
1756013913.858945,-2,0,-58
1756013913.894945,7,-7,-52
1756013913.9319446,1,0,-55
1756013913.9699447,-5,-3,-55
1756013914.0089445,0,-3,-50
1756013914.0449443,-1,-2,-45
1756013914.0829446,0,-1,-46
1756013914.121945,-1,-4,-57
1756013914.1599443,0,-5,-48
1756013914.1959443,-4,-7,-49
1756013914.2349446,3,0,-40
1756013914.2719443,2,-2,-48
1756013914.3109446,5,1,-54
1756013914.348945,2,2,-51
1756013914.384945,5,3,-54
1756013914.4229443,7,2,-53
1756013914.460945,6,0,-49
1756013914.4989443,-4,1,-49
1756013914.5349443,-1,-6,-49
1756013914.5729446,4,-8,-54
1756013914.6109445,0,-1,-53
1756013914.6499443,3,1,-55
1756013914.6859446,3,0,-52
1756013914.7229445,0,0,-45
1756013914.7609446,0,-3,-52
1756013914.7989447,0,-1,-52
1756013914.8349447,11,0,-64
1756013914.8729446,2,1,-51
1756013914.9109447,4,-5,-44
1756013914.9489446,2,-3,-59
1756013914.9849446,8,-5,-62
1756013915.0229447,1,-1,-69
1756013915.0609446,-1,-4,-57
1756013915.0969446,0,-4,-43
1756013915.1339445,0,-1,-53
1756013915.1719446,-1,-2,-50
1756013915.210945,-4,-3,-48
1756013915.246945,3,-11,-52
1756013915.2839446,4,-4,-54
1756013915.3219447,-8,2,-53
1756013915.3609445,0,1,-56
1756013915.3969443,2,6,-47
1756013915.4339447,-2,-2,-50
1756013915.4719446,-6,-4,-50
1756013915.5109446,-7,-9,-55
1756013915.5469446,2,-3,-52
1756013915.5839446,0,2,-58
1756013915.6209445,-5,-2,-51
1756013915.6599443,-2,1,-49
1756013915.6959443,-2,4,-50
1756013915.733945,0,0,-54
1756013915.7719443,-6,-1,-47
1756013915.8099446,-5,-3,-48
1756013915.8469446,0,0,-48
1756013915.8839445,-4,-1,-48
1756013915.9219446,-4,-2,-45
1756013915.960945,0,0,-35
1756013915.996945,0,0,-46
1756013916.0339446,-1,7,-53
1756013916.0719447,0,7,-51
1756013916.1099446,0,3,-50
1756013916.1459446,-1,-2,-54
1756013916.1839447,0,-4,-54
1756013916.2219446,2,4,-45
1756013916.2609446,0,0,-51
1756013916.2969446,-3,0,-49
1756013916.3339446,-7,-6,-53
1756013916.371945,-5,0,-43
1756013916.4109447,3,-1,-40
1756013916.4469447,2,4,-41
1756013916.483945,-1,-2,-52
1756013916.5219443,3,-4,-52
1756013916.5609446,1,4,-52
1756013916.5969446,-1,2,-41
1756013916.6339445,3,0,-47
1756013916.6799445,0,0,-52
1756013916.7159443,0,2,-61
1756013916.7529447,3,0,-63
1756013916.7909446,2,1,-53
1756013916.8269446,0,-1,-56
1756013916.8649447,5,0,-55
1756013916.9029446,-1,1,-49
1756013916.9419446,8,1,-51
1756013916.9779446,4,2,-43
1756013917.0159447,5,-4,-45
1756013917.052945,0,-3,-53
1756013917.0919447,5,-5,-49
1756013917.1279447,7,-5,-53
1756013917.1659446,6,-2,-58
1756013917.2039447,-4,2,-54
1756013917.2419446,-2,-3,-43
1756013917.2809446,-3,1,-46
1756013917.3169446,-5,-1,-49
1756013917.3549447,-3,-1,-40
1756013917.3929446,4,0,-38
1756013917.4319446,5,0,-61
1756013917.4679446,1,0,-57
1756013917.5049446,0,-8,-39
1756013917.542945,-6,-1,-44
1756013917.5819447,-1,2,-43
1756013917.6179447,1,-2,-47
1756013917.6559446,2,0,-47
1756013917.6929443,4,-1,-54
1756013917.7319446,3,-1,-48
1756013917.7679446,-1,-4,-43
1756013917.8059447,1,0,-41
1756013917.8429446,-1,-2,-52
1756013917.881945,-6,8,-49
1756013917.917945,3,0,-43
1756013917.9559443,9,0,-42
1756013917.9939446,-1,0,-46
1756013918.032945,5,-9,-48
1756013918.0709443,0,1,-50
1756013918.1069446,-1,4,-59
1756013918.1439445,5,8,-55
1756013918.1829443,6,2,-60
1756013918.2209446,0,-8,-58
1756013918.256945,-1,-7,-63
1756013918.2949443,-2,0,-56
1756013918.3329446,-8,6,-41
1756013918.371945,2,-2,-42
1756013918.407945,7,-1,-43
1756013918.4449446,0,0,-60
1756013918.4829447,-6,-3,-58
1756013918.5189445,0,-3,-63
1756013918.5559447,2,-5,-52
1756013918.5939443,-6,-3,-54
1756013918.6329446,-1,-2,-53
1756013918.6689446,-5,1,-61
1756013918.7059443,2,-7,-44
1756013918.7439446,0,-2,-45
1756013918.782945,-3,0,-46
1756013918.8189447,5,-6,-52
1756013918.8569446,5,-5,-52
1756013918.894945,-1,3,-46
1756013918.9329443,1,2,-61
1756013918.9689443,0,3,-58
1756013919.006945,-3,-1,-54
1756013919.0439446,-1,4,-56
1756013919.0829446,-1,-6,-54
1756013919.1189446,-6,-2,-58
1756013919.1569445,3,-1,-52
1756013919.1949446,3,4,-53
1756013919.2329447,0,5,-50
1756013919.2689445,2,2,-55
1756013919.3069446,-1,-7,-56
1756013919.3439443,2,0,-52
1756013919.381945,-1,5,-54
1756013919.417945,-2,-1,-48
1756013919.4559443,6,-8,-55
1756013919.4939446,-10,-1,-57
1756013919.532945,-9,-4,-61
1756013919.5699446,-10,-2,-57
1756013919.6069446,0,-3,-51
1756013919.644945,0,-6,-54
1756013919.6839447,-6,0,-50
1756013919.7219446,-1,-6,-36
1756013919.7579446,-2,0,-46
1756013919.7949443,-4,0,-37
1756013919.8339446,-1,-2,-62
1756013919.871945,3,1,-61
1756013919.907945,0,-7,-55
1756013919.9459443,3,-3,-60
1756013919.983945,-2,0,-57
1756013920.0229447,4,0,-54
1756013920.0589447,0,-2,-49
1756013920.0959446,-1,-1,-51
1756013920.1339445,-1,0,-53
1756013920.1729443,0,-1,-45
1756013920.2089446,5,1,-53
1756013920.246945,5,-5,-60
1756013920.2839446,4,4,-47
1756013920.3199446,0,-1,-42
1756013920.3569446,-8,-2,-39
1756013920.394945,-1,-9,-44
1756013920.4339447,-5,0,-49
1756013920.4699447,1,-3,-42
1756013920.506945,0,0,-43
1756013920.5439446,5,0,-47
1756013920.5799446,0,-3,-45
1756013920.6169446,1,-1,-56
1756013920.654945,6,-10,-36
1756013920.6939447,-1,-6,-50
1756013920.7299447,2,-8,-45
1756013920.7669446,1,-3,-45
1756013920.8059447,-4,-4,-54
1756013920.8439443,0,0,-52
1756013920.8799446,-4,5,-47
1756013920.9169445,2,2,-53
1756013920.9559443,5,0,-58
1756013920.9939446,3,0,-62
1756013921.029945,2,3,-61
1756013921.0669446,-4,-1,-54
1756013921.1049447,-2,1,-55
1756013921.1439445,-7,-2,-55
1756013921.1799445,0,-4,-60
1756013921.2169447,-5,2,-51
1756013921.2559447,3,-4,-54
1756013921.2939446,3,0,-59
1756013921.3299446,7,2,-54
1756013921.3669446,8,0,-47
1756013921.4059446,4,4,-51
1756013921.4449446,0,0,-45
1756013921.4829447,0,-4,-47
1756013921.5189445,-2,-2,-49
1756013921.5569446,0,-1,-48
1756013921.5949447,-3,-3,-56
1756013921.6339445,1,-2,-56
1756013921.6699443,4,1,-46
1756013921.7069447,-3,-2,-54
1756013921.7449446,-5,-2,-48
1756013921.7839446,-9,-1,-40
1756013921.8199446,0,0,-43
1756013921.8569446,-5,-3,-45
1756013921.894945,-1,5,-59
1756013921.9339447,0,3,-66
1756013921.9699447,3,-1,-51
1756013922.006945,3,-1,-38
1756013922.0449443,-4,-2,-40
1756013922.0839446,-4,-1,-53
1756013922.1199446,0,-3,-52
1756013922.157945,-2,0,-45
1756013922.1959443,2,-2,-58
1756013922.2349446,5,-1,-60
1756013922.2709446,4,-1,-51
1756013922.3079443,3,-3,-61
1756013922.3459446,2,-2,-51
1756013922.384945,-6,-3,-56
1756013922.4209447,4,-1,-57
1756013922.4579446,8,2,-50
1756013922.4959445,0,6,-56
1756013922.5339446,-6,0,-43
1756013922.5699446,-6,0,-43
1756013922.6079447,-3,-1,-50
1756013922.6459446,-1,0,-49
1756013922.6849446,0,0,-55
1756013922.7209446,-2,4,-65
1756013922.7579446,-6,0,-55
1756013922.7959447,-6,-7,-56
1756013922.8349447,3,4,-47
1756013922.8709445,-2,7,-56
1756013922.9089446,0,2,-56
1756013922.9459443,2,0,-63
1756013922.983945,-2,3,-39
1756013923.019945,3,9,-43
1756013923.0579443,0,2,-48
1756013923.0959446,0,-2,-54
1756013923.134945,0,0,-53
1756013923.1709447,0,0,-51
1756013923.2089446,-3,0,-40
1756013923.2459445,-5,1,-44
1756013923.2849443,2,1,-53
1756013923.3209443,0,2,-55
1756013923.3579447,0,-1,-47
1756013923.3959446,0,0,-57
1756013923.4319446,7,0,-42
1756013923.4699447,-1,1,-52
1756013923.5089445,-2,3,-48
1756013923.5459447,1,0,-54
1756013923.5819447,2,-4,-48
1756013923.6199446,0,-1,-53
1756013923.6589446,-4,3,-59
1756013923.6959443,-6,0,-51
1756013923.7349446,-3,1,-47
1756013923.7709446,-1,-5,-58
1756013923.8089447,-2,-5,-66
1756013923.8469446,0,-6,-65
1756013923.8859446,2,-4,-59
1756013923.9219446,-3,-1,-54
1756013923.9599447,-5,-2,-54
1756013923.9979446,4,-5,-51
1756013924.0359447,0,-8,-67
1756013924.0749447,3,-1,-53
1756013924.1109445,2,-3,-54
1756013924.1489446,-7,2,-54
1756013924.187945,-14,3,-47
1756013924.2259445,-5,5,-48
1756013924.2619443,-2,3,-52
1756013924.2989447,-2,1,-48
1756013924.3369446,-12,-7,-55
1756013924.3759446,-3,-5,-48
1756013924.4119446,2,3,-48
1756013924.4489446,-3,0,-59
1756013924.486945,-4,5,-56
1756013924.5259447,2,3,-48
1756013924.5619447,0,5,-53
1756013924.598945,1,2,-39
1756013924.6369443,-8,-2,-42
1756013924.6749446,-1,-3,-51
1756013924.710945,2,0,-50
1756013924.7489443,2,-1,-41
1756013924.7869446,0,-1,-41
1756013924.8249447,0,0,-53
1756013924.8609445,4,-1,-49
1756013924.8979447,2,2,-44
1756013924.9369447,-3,7,-43
1756013924.9749446,5,-1,-48
1756013925.0109446,2,-1,-47
1756013925.0479443,0,1,-49
1756013925.0869446,1,-7,-56
1756013925.1229446,3,0,-41
1756013925.1599443,1,5,-55
1756013925.1969447,0,-6,-52
1756013925.2359445,2,-2,-56
1756013925.2719443,5,-1,-49
1756013925.3109446,-4,-1,-48
1756013925.3479445,-10,1,-54
1756013925.3869443,0,-6,-54
1756013925.4229443,-1,-3,-51
1756013925.460945,2,5,-44
1756013925.4979446,0,0,-62
1756013925.5359447,8,-3,-56
1756013925.5719447,4,-2,-52
1756013925.6109445,3,0,-51
1756013925.6479447,0,3,-49
1756013925.6859446,-2,3,-45
1756013925.7229445,0,4,-50
1756013925.7609446,2,5,-50
1756013925.7979443,2,1,-47
1756013925.835945,3,2,-45
1756013925.871945,5,-3,-53
1756013925.9109447,-3,-3,-57
1756013925.9479446,-4,-1,-53
1756013925.986945,0,0,-59
1756013926.0229447,-4,-1,-56
1756013926.0609446,-4,-6,-61
1756013926.098945,-9,0,-48
1756013926.1379447,-4,4,-65
1756013926.1759446,-4,0,-53
1756013926.2119446,-3,-6,-49
1756013926.2499447,1,-1,-40
1756013926.2879446,-4,-1,-51
1756013926.325945,-4,4,-46
1756013926.361945,0,0,-56
1756013926.3989446,-4,-7,-59
1756013926.437945,0,-5,-61
1756013926.4759445,7,0,-40
1756013926.5119443,-5,-1,-41
1756013926.5499446,-8,-1,-55
1756013926.5879445,0,-4,-50
1756013926.6269443,0,-3,-39
1756013926.6629446,-3,-2,-43
1756013926.7089446,4,3,-56
1756013926.746945,-1,-2,-54
1756013926.782945,2,3,-44
1756013926.8199446,1,5,-48
1756013926.8579447,-1,3,-43
1756013926.8939445,-2,5,-46
1756013926.9309447,4,6,-51
1756013926.9699447,1,1,-53
1756013927.0079446,0,-7,-56
1756013927.0439446,-2,-9,-54
1756013927.0819447,2,-7,-58
1756013927.1199446,-3,-5,-57
1756013927.157945,1,-4,-51
1756013927.1969447,0,0,-49
1756013927.2329447,3,3,-43
1756013927.269945,-3,1,-49
1756013927.3079443,3,0,-52
1756013927.3439443,8,-4,-56
1756013927.3809447,-2,-1,-49
1756013927.4189446,-8,-3,-56
1756013927.4579446,-6,7,-58
1756013927.4939446,3,0,-52
1756013927.5319445,-5,-2,-52
1756013927.5689447,-3,0,-61
1756013927.6079447,-8,-1,-61
1756013927.6439445,-4,0,-52
1756013927.6819446,4,1,-52
1756013927.7189443,0,6,-47
1756013927.756945,2,3,-47
1756013927.792945,1,-1,-50
1756013927.8319447,-1,0,-52
1756013927.8689446,2,4,-59
1756013927.9069445,14,-2,-56
1756013927.9429443,5,-1,-60
1756013927.9799447,0,0,-48
1756013928.0179446,0,-1,-47
1756013928.0539446,8,0,-54
1756013928.0909443,0,-3,-48
1756013928.1289446,-4,-5,-47
1756013928.167945,6,0,-46
1756013928.2039447,1,-2,-47
1756013928.2409446,-4,-2,-54
1756013928.2789447,0,-4,-48
1756013928.3179443,0,-3,-54
1756013928.3539443,0,3,-55
1756013928.3909447,0,0,-52
1756013928.4289446,0,-3,-61
1756013928.4649446,-2,0,-54
1756013928.5019443,1,0,-49
1756013928.5389447,5,-4,-45
1756013928.5779445,4,0,-55
1756013928.6139443,1,0,-51
1756013928.6519446,1,0,-58
1756013928.6889446,4,4,-56
1756013928.7249446,-2,-4,-51
1756013928.7629447,3,-3,-46
1756013928.8009446,1,-6,-57
1756013928.838945,3,-3,-60
1756013928.8779447,2,1,-57
1756013928.9139447,-3,2,-55
1756013928.9519446,0,1,-53
1756013928.9889443,4,-5,-66
1756013929.0279446,0,-1,-62
1756013929.0639446,-2,-2,-59
1756013929.1019447,2,1,-50
1756013929.1399446,-4,-7,-50
1756013929.177945,3,-1,-55
1756013929.213945,1,-1,-44
1756013929.2509446,5,-6,-43
1756013929.2899446,0,-7,-51
1756013929.3279445,0,2,-52
1756013929.3639443,0,-2,-38
1756013929.4009447,7,5,-45
1756013929.4389446,13,1,-39
1756013929.4749446,4,0,-53
1756013929.5119443,-6,3,-41
1756013929.5509446,-7,0,-47
1756013929.588945,-4,2,-43
1756013929.6249447,2,6,-35
1756013929.6619446,7,7,-32
1756013929.6999447,0,7,-40
1756013929.7389443,-7,0,-48
1756013929.7749443,-2,2,-50
1756013929.8119447,3,3,-66
1756013929.8499446,2,0,-62
1756013929.8879447,4,-6,-53
1756013929.9239447,9,-1,-56
1756013929.960945,-5,2,-53
1756013929.9999447,-5,0,-39
1756013930.0359447,-2,1,-43
1756013930.0739446,0,-2,-44
1756013930.111945,-3,-9,-54
1756013930.1509447,-5,-4,-45
1756013930.1889446,-5,-1,-47
1756013930.2249446,-6,-6,-47
1756013930.2639446,-4,-7,-59
1756013930.3009446,3,0,-50
1756013930.338945,0,-2,-60
1756013930.3749447,3,0,-45
1756013930.4119446,0,-3,-55
1756013930.450945,1,0,-52
1756013930.4889443,-4,2,-52
1756013930.5249443,0,0,-52
1756013930.5619447,-7,0,-51
1756013930.6009445,-4,0,-58
1756013930.6389446,-1,-3,-56
1756013930.6749446,-1,-4,-51
1756013930.7129445,-4,-1,-58
1756013930.7509446,4,2,-54
1756013930.7889447,8,-2,-50
1756013930.8249447,4,-3,-52
1756013930.861945,-4,-5,-55
1756013930.9009447,4,1,-48
1756013930.9389446,-2,-3,-51
1756013930.9749446,-5,-5,-40
1756013931.0129447,3,-4,-53
1756013931.0509446,0,-1,-59
1756013931.0899446,-3,-3,-68
1756013931.1259446,-8,-5,-42
1756013931.1639447,3,2,-55
1756013931.200945,-2,6,-53
1756013931.2399447,-5,7,-58
1756013931.2759447,2,-3,-57
1756013931.3139446,-2,-2,-53
1756013931.3519447,3,1,-53
1756013931.3909447,4,0,-41
1756013931.4289446,11,1,-53
1756013931.4649446,5,1,-54
1756013931.5029447,10,0,-55
1756013931.5409446,10,2,-55
1756013931.5789447,5,-4,-45
1756013931.6159446,8,0,-39
1756013931.6529446,-4,0,-44
1756013931.690945,4,-4,-61
1756013931.7299447,-5,-2,-57
1756013931.7659447,-6,0,-53
1756013931.8039446,-10,1,-50
1756013931.8409443,-4,-3,-58
1756013931.8799446,0,5,-62
1756013931.9159446,4,2,-59
1756013931.9539447,6,2,-54
1756013931.9909446,-3,2,-68
1756013932.029945,1,3,-61
1756013932.065945,5,3,-51
1756013932.1039443,5,7,-56
1756013932.1409447,2,-2,-53
1756013932.1799445,0,-5,-50
1756013932.2159443,-2,1,-57
1756013932.2529447,-2,3,-50
1756013932.2909446,4,0,-60
1756013932.3269446,1,-1,-47
1756013932.3649447,6,-5,-47
1756013932.4039447,-1,-1,-52
1756013932.4419446,-4,-1,-53
1756013932.4799447,-7,-3,-45
1756013932.5159447,-7,0,-57
1756013932.5539446,-7,8,-60
1756013932.5919447,-11,3,-48
1756013932.6299446,-5,2,-54
1756013932.6659446,1,-1,-51
1756013932.7029445,-2,0,-55
1756013932.7419446,2,-3,-60
1756013932.779945,2,-2,-55
1756013932.815945,6,-1,-58
1756013932.8529446,0,-5,-57
1756013932.8919446,-6,-6,-50
1756013932.9299445,2,-2,-62
1756013932.9659443,0,0,-65
1756013933.0029447,1,-3,-56
1756013933.0419445,-5,-3,-53
1756013933.0799446,-5,-3,-51
1756013933.1169446,-2,-1,-63
1756013933.154945,7,-2,-70
1756013933.1929443,2,-5,-55
1756013933.2319446,2,-3,-56
1756013933.269945,4,0,-54
1756013933.3059447,-5,-2,-52
1756013933.3439443,4,-3,-45
1756013933.381945,5,2,-48
1756013933.417945,0,5,-63
1756013933.4549446,11,0,-59
1756013933.4919446,0,-3,-61
1756013933.5309446,6,-2,-50
1756013933.5669446,4,1,-59
1756013933.6049447,2,4,-58
1756013933.6429446,2,-1,-56
1756013933.6819446,-5,2,-55
1756013933.7179446,-2,-3,-55
1756013933.7559447,2,-2,-69
1756013933.7949443,0,0,-66
1756013933.8319447,0,-4,-54
1756013933.8709445,-3,-2,-55
1756013933.9069445,-3,-4,-48
1756013933.9449446,0,0,-43
1756013933.9829447,0,-10,-41
1756013934.0219443,6,-3,-46
1756013934.0579443,1,-4,-40
1756013934.0949447,-4,1,-53
1756013934.1329446,2,0,-51
1756013934.1719446,1,1,-60
1756013934.2079446,5,-1,-59
1756013934.2449446,6,0,-53
1756013934.282945,-2,-4,-52
1756013934.3209443,-2,-1,-51
1756013934.3569446,-1,-2,-55
1756013934.394945,0,2,-55
1756013934.4329443,1,2,-59
1756013934.4709446,-3,6,-47
1756013934.506945,-6,0,-50
1756013934.5449443,-4,-1,-54
1756013934.5829446,-1,6,-54
1756013934.6209445,5,0,-49
1756013934.6569445,-2,-4,-54
1756013934.6949446,-4,0,-47
1756013934.7329447,-2,0,-59
1756013934.7719443,-5,-7,-64
1756013934.8079443,-10,-10,-45
1756013934.8459446,-1,-1,-54
1756013934.8839445,-5,-5,-46
1756013934.9229443,-5,-5,-43
1756013934.960945,1,0,-52
1756013934.996945,-3,-5,-49
1756013935.0359447,-2,-6,-47
1756013935.0729446,3,-1,-46
1756013935.111945,1,-1,-52
1756013935.1479447,-2,-5,-53
1756013935.1859446,0,2,-42
1756013935.2229445,3,-2,-50
1756013935.2619443,0,-2,-47
1756013935.2979443,0,3,-52
1756013935.335945,-3,4,-38
1756013935.3729446,-5,1,-45
1756013935.4119446,-3,0,-47
1756013935.4479446,0,0,-51
1756013935.4849446,-1,0,-49
1756013935.5229447,-9,4,-55
1756013935.5619447,-12,2,-55
1756013935.5979445,-8,0,-44
1756013935.634945,-1,-4,-41
1756013935.6729443,-4,0,-45
1756013935.7119446,-1,2,-49
1756013935.7479446,0,6,-55
1756013935.7849443,-4,5,-54
1756013935.8239446,2,2,-65
1756013935.861945,-1,0,-67
1756013935.8979447,-7,3,-55
1756013935.9349446,-3,4,-41
1756013935.973945,0,2,-48
1756013936.0119443,0,1,-42
1756013936.0479443,1,-5,-50
1756013936.0849447,2,1,-45
1756013936.1229446,-2,3,-67
1756013936.1589446,-1,3,-58
1756013936.1959443,-4,-1,-52
1756013936.2349446,-6,4,-39
1756013936.2729447,-11,2,-51
1756013936.3089447,0,-3,-42
1756013936.3459446,5,0,-40
1756013936.3839445,-3,2,-50
1756013936.4219446,2,-2,-46
1756013936.4579446,1,-6,-49
1756013936.4959445,2,1,-41
1756013936.5349443,-5,2,-40
1756013936.5729446,-2,-3,-39
1756013936.608945,-3,-8,-47
1756013936.6469443,-4,-3,-41
1756013936.6849446,-3,-3,-39
1756013936.7289443,-7,-5,-50
1756013936.7669446,1,1,-57
1756013936.8049445,-7,0,-60
1756013936.8439443,0,0,-55
1756013936.8799446,1,1,-45
1756013936.9169445,-3,0,-43
1756013936.9549446,2,-4,-51
1756013936.9939446,10,-4,-45
1756013937.029945,0,-5,-44
1756013937.0679443,-12,0,-54
1756013937.1049447,-4,-2,-56
1756013937.1439445,2,1,-46
1756013937.1799445,4,1,-48
1756013937.2179446,3,4,-45
1756013937.2549446,2,0,-42
1756013937.2939446,0,0,-59
1756013937.3299446,-2,0,-64
1756013937.3679447,2,-2,-52
1756013937.404945,-3,-4,-44
1756013937.4439447,-1,-1,-50
1756013937.4799447,1,-1,-56
1756013937.5179446,-6,0,-54
1756013937.5549445,-6,1,-56
1756013937.5939443,-4,1,-63
1756013937.6299446,-5,0,-56
1756013937.6669445,1,-2,-65
1756013937.7049446,-2,0,-63
1756013937.7439446,-4,1,-53
1756013937.779945,1,1,-46
1756013937.8179443,-2,5,-50
1756013937.8549447,-4,2,-63
1756013937.8939445,-6,3,-53
1756013937.9299445,-1,0,-58
1756013937.9669447,-1,0,-49
1756013938.0049446,-2,1,-47
1756013938.0439446,-2,-1,-50
1756013938.0799446,-1,1,-60
1756013938.1179447,2,-1,-66
1756013938.154945,8,4,-56
1756013938.1929443,2,1,-43
1756013938.2289443,1,4,-45
1756013938.2659447,1,6,-53
1756013938.3039446,-7,2,-56
1756013938.3399446,2,-1,-60
1756013938.3769443,2,1,-54
1756013938.4149446,5,0,-58
1756013938.450945,3,-3,-39
1756013938.4879446,1,-1,-38
1756013938.5259447,1,4,-51
1756013938.5639446,3,8,-56
1756013938.5999446,0,3,-56
1756013938.6369443,-4,-2,-52
1756013938.6749446,4,0,-56
1756013938.710945,0,-1,-46
1756013938.7499447,-2,0,-47
1756013938.7869446,1,-1,-52
1756013938.8249447,-4,-5,-51
1756013938.8639443,-4,-1,-45
1756013938.8999443,0,-8,-54
1756013938.937945,3,-5,-48
1756013938.9759445,0,3,-49
1756013939.0139446,-2,0,-49
1756013939.0499446,-1,4,-53
1756013939.0869446,2,-13,-55
1756013939.1259446,-3,-1,-49
1756013939.1639447,0,0,-54
1756013939.1999447,3,-1,-58
1756013939.2379446,0,3,-51
1756013939.2759447,-7,4,-41
1756013939.3139446,-7,0,-56
1756013939.3499446,7,-3,-37
1756013939.3879447,0,-6,-47
1756013939.4259446,-1,-4,-49
1756013939.4649446,-2,3,-50
1756013939.5009446,3,2,-50
1756013939.5379446,0,3,-47
1756013939.575945,7,0,-47
1756013939.6139443,5,0,-51
1756013939.6499443,3,-4,-54
1756013939.6869447,4,0,-65
1756013939.7249446,7,4,-43
1756013939.7609446,2,7,-49
1756013939.7989447,-3,0,-39
1756013939.835945,-2,-2,-43
1756013939.8749447,1,3,-55
1756013939.9109447,0,0,-47
1756013939.9489446,2,0,-50
1756013939.986945,-3,-1,-56
1756013940.0249443,2,-10,-49
1756013940.0609446,2,-3,-53
1756013940.098945,1,-8,-53
1756013940.1369443,0,-6,-55
1756013940.1759446,-5,0,-47
1756013940.2119446,-6,-1,-55
1756013940.2499447,-2,6,-51
1756013940.2879446,-1,-1,-53
1756013940.325945,-1,0,-51
1756013940.3649447,2,-1,-41
1756013940.4009447,4,0,-48
1756013940.437945,-2,1,-60
1756013940.4759445,-1,1,-53
1756013940.5149446,0,-3,-59
1756013940.5509446,-8,-2,-65
1756013940.588945,-1,5,-56
1756013940.6269443,-3,-10,-56
1756013940.6659446,-4,-3,-56
1756013940.7019446,-5,0,-49
1756013940.7389443,-1,-2,-48
1756013940.7769446,-2,-1,-52
1756013940.815945,1,1,-54
1756013940.8519447,0,0,-54
1756013940.8889446,4,0,-54
1756013940.9269447,2,-4,-53
1756013940.9649446,-1,-10,-53
1756013941.0009446,-4,-8,-63
1756013941.0389447,-2,-1,-48
1756013941.0769446,-2,1,-49
1756013941.1159446,1,0,-48
1756013941.1519446,-1,-1,-58
1756013941.1899445,5,-5,-46
1756013941.2279446,5,-3,-54
1756013941.2669446,2,0,-51
1756013941.3049445,1,2,-53
1756013941.3409443,6,0,-59
1756013941.3789446,4,3,-58
1756013941.4169445,7,7,-65
1756013941.4549446,0,-1,-65
1756013941.4909446,5,-7,-50
1756013941.5289447,-4,-4,-51
1756013941.5669446,-8,1,-60
1756013941.6059446,-4,1,-57
1756013941.6419446,-1,4,-56
1756013941.6789446,2,-6,-50
1756013941.7169447,-1,-5,-44
1756013941.7559447,6,0,-56
1756013941.7919445,0,0,-62
1756013941.8289447,0,-1,-51
1756013941.8669446,2,0,-48
1756013941.9029446,-3,0,-51
1756013941.9399445,0,-1,-47
1756013941.9789443,-2,-3,-58
1756013942.0169446,-3,0,-54
1756013942.052945,-5,-1,-47
1756013942.0919447,-4,0,-48
1756013942.1289446,-7,1,-32
1756013942.1669445,-5,-3,-51
1756013942.2059443,-3,0,-52
1756013942.2419446,0,-6,-57
1756013942.2789447,-2,0,-55
1756013942.3169446,-3,0,-61
1756013942.3559446,-1,-2,-50
1756013942.3919446,0,-10,-55
1756013942.4289446,11,-7,-55
1756013942.4679446,2,0,-57
1756013942.5059447,-5,-1,-55
1756013942.5419445,0,-5,-52
1756013942.5789447,2,1,-57
1756013942.6179447,-6,4,-57
1756013942.6559446,-3,1,-58
1756013942.6919446,5,1,-55
1756013942.7289443,1,-1,-52
1756013942.7679446,7,-1,-41
1756013942.8059447,4,1,-42
1756013942.8419447,2,-2,-46
1756013942.8789446,1,0,-44
1756013942.9169445,3,0,-55
1756013942.9529445,-2,1,-44
1756013942.9909446,-8,-1,-43
1756013943.0289447,-8,-7,-53
1756013943.0679443,-6,0,-55
1756013943.1059446,2,0,-48
1756013943.1419446,5,-6,-46
1756013943.1789446,1,-8,-32
1756013943.2179446,0,0,-43
1756013943.256945,-7,-3,-53
1756013943.292945,2,0,-55
1756013943.3299446,3,1,-53
1756013943.3689446,3,-3,-57
1756013943.4069445,2,4,-63
1756013943.4429443,10,7,-58
1756013943.4799447,2,3,-52
1756013943.5179446,4,6,-62
1756013943.5539446,-1,-1,-63
1756013943.5919447,-4,-2,-66
1756013943.6299446,-3,-5,-60
1756013943.667945,6,1,-53
1756013943.7069447,-1,-2,-54
1756013943.7429447,-2,0,-52
1756013943.7809446,0,-6,-51
1756013943.8189447,-5,4,-47
1756013943.8579447,0,0,-55
1756013943.8939445,11,-4,-50
1756013943.9309447,4,-3,-42
1756013943.9689443,-3,-3,-49
1756013944.0079446,-6,-2,-44
1756013944.0439446,-7,-3,-47
1756013944.0819447,2,-3,-41
1756013944.1199446,-2,2,-53
1756013944.1589446,3,3,-58
1756013944.1969447,-4,6,-65
1756013944.2329447,-7,3,-63
1756013944.269945,10,1,-51
1756013944.3079443,4,0,-48
1756013944.3439443,6,7,-51
1756013944.381945,-3,3,-57
1756013944.4189446,-4,1,-53
1756013944.4579446,-7,-2,-51
1756013944.4939446,-5,-7,-51
1756013944.5319445,-9,-8,-56
1756013944.5699446,-10,-9,-48
1756013944.608945,-7,-1,-53
1756013944.6469443,-3,0,-49
1756013944.6829443,-4,3,-49
1756013944.7209446,0,-1,-58
1756013944.7589445,-2,0,-49
1756013944.7979443,0,3,-49
1756013944.8339446,0,5,-45
1756013944.8709445,-5,3,-57
1756013944.9089446,-5,4,-46
1756013944.9479446,-1,-2,-44
1756013944.983945,-1,-2,-54
1756013945.0219443,-3,0,-55
1756013945.0599446,4,6,-60
1756013945.098945,7,1,-59
1756013945.134945,1,2,-55
1756013945.1719446,2,-7,-43
1756013945.2099447,-1,0,-45
1756013945.2489443,3,-1,-54
1756013945.2849443,-1,3,-52
1756013945.3219447,-5,0,-48
1756013945.3609445,-2,1,-59
1756013945.3989446,-4,-3,-49
1756013945.4349446,-2,0,-52
1756013945.4719446,-6,-4,-67
1756013945.5109446,-8,0,-57
1756013945.5489447,-1,-8,-64
1756013945.5849447,2,0,-58
1756013945.621945,7,0,-50
1756013945.6599443,-3,-4,-48
1756013945.6979446,-4,3,-52
1756013945.733945,-4,3,-60
1756013945.7709446,-2,-1,-61
1756013945.8099446,-1,-4,-55
1756013945.8479445,0,8,-61
1756013945.8839445,3,4,-50
1756013945.9209447,5,1,-38
1756013945.9599447,1,-1,-41
1756013945.9979446,-2,0,-51
1756013946.0339446,-2,0,-47
1756013946.0709443,-2,-4,-55
1756013946.1099446,6,0,-63
1756013946.1479447,3,0,-54
1756013946.1839447,0,7,-61
1756013946.2219446,2,6,-52
1756013946.259945,1,0,-47
1756013946.2979443,0,-6,-51
1756013946.3339446,1,0,-54
1756013946.3709445,0,2,-52
1756013946.4099443,1,1,-59
1756013946.4479446,7,2,-48
1756013946.483945,-1,1,-49
1756013946.5209446,-9,0,-51
1756013946.5599446,0,3,-63
1756013946.5979445,-1,3,-55
1756013946.6339445,0,0,-46
1756013946.6709447,-3,-1,-55
1756013946.7099447,-5,-2,-55
1756013946.7549446,-5,-9,-56
1756013946.7919445,0,-6,-59
1756013946.8309443,-8,-6,-56
1756013946.8689446,-3,-2,-52
1756013946.904945,0,-8,-56
1756013946.9419446,-1,0,-52
1756013946.9799447,0,-2,-49
1756013947.0189445,-5,-3,-53
1756013947.0549445,2,0,-47
1756013947.0919447,-2,-2,-47
1756013947.1299446,4,1,-47
1756013947.1689446,5,0,-58
1756013947.2049446,3,5,-60
1756013947.2419446,4,0,-38
1756013947.279945,6,-2,-46
1756013947.315945,3,-3,-50
1756013947.3549447,-1,-5,-52
1756013947.3919446,-1,-5,-54
1756013947.4309447,-1,-5,-61
1756013947.4689443,4,0,-49
1756013947.5049446,-1,-4,-59
1756013947.542945,-3,-8,-59
1756013947.5809443,2,0,-52
1756013947.6189446,-3,-2,-43
1756013947.654945,0,0,-50
1756013947.6929443,-4,-1,-47
1756013947.7309446,-8,-3,-47
1756013947.769945,1,4,-47
1756013947.8059447,-1,-2,-51
1756013947.8439443,1,-3,-57
1756013947.881945,1,-3,-58
1756013947.9209447,2,-4,-59
1756013947.9589446,-5,-4,-54
1756013947.9949446,0,0,-52
1756013948.0319445,0,-7,-62
1756013948.0709443,-6,2,-54
1756013948.108945,-1,2,-61
1756013948.144945,2,3,-60
1756013948.1819446,2,0,-57
1756013948.2199447,1,-2,-49
1756013948.2559447,0,-4,-49
1756013948.292945,0,1,-49
1756013948.3309443,-5,1,-61
1756013948.3669446,-2,4,-58
1756013948.4039447,-1,0,-48
1756013948.4429443,-3,-5,-50
1756013948.4809446,-2,-4,-49
1756013948.5169446,0,-1,-46
1756013948.5539446,-6,-4,-44
1756013948.5929446,-2,-9,-59
1756013948.6309447,-1,-4,-49
1756013948.6669445,9,-2,-62
1756013948.7039447,8,2,-64
1756013948.7409446,5,3,-37
1756013948.7769446,0,4,-35
1756013948.8139446,2,2,-47
1756013948.8509445,-7,0,-43
1756013948.8899446,-11,0,-52
1756013948.9259446,-6,-4,-50
1756013948.963945,-1,-4,-47
1756013949.0019443,1,1,-39
1756013949.0399446,1,-6,-41
1756013949.075945,-1,-9,-43
1756013949.1139443,2,-5,-52
1756013949.1519446,2,-1,-46
1756013949.190945,4,2,-49
1756013949.2269447,-2,-1,-60
1756013949.2649446,0,-1,-60
1756013949.3039446,-3,0,-51
1756013949.3419447,-1,-6,-48
1756013949.3799446,-1,2,-57
1756013949.4159446,2,0,-44
1756013949.4539447,-2,2,-59
1756013949.4919446,1,3,-51
1756013949.529945,-2,-2,-57
1756013949.565945,-5,1,-63
1756013949.6029446,-4,0,-59
1756013949.6419446,-4,9,-57
1756013949.6799445,-6,-7,-60
1756013949.7159443,-5,-4,-57
1756013949.7539446,0,2,-49
1756013949.7919445,-2,4,-37
1756013949.8309443,5,0,-53
1756013949.8669446,-2,-5,-47
1756013949.904945,1,1,-45
1756013949.9419446,0,-1,-39
1756013949.9809446,-1,0,-36
1756013950.0169446,-1,9,-45
1756013950.0549445,-7,4,-47
1756013950.0919447,-5,5,-50
1756013950.1309447,0,-1,-55
1756013950.1669445,7,-1,-45
1756013950.2049446,3,-4,-39
1756013950.2419446,-1,0,-53
1756013950.2809446,2,0,-54
1756013950.3169446,-8,5,-50
1756013950.3549447,-5,0,-44
1756013950.3929446,2,-5,-49
1756013950.4319446,0,0,-53
1756013950.4679446,0,1,-45
1756013950.5049446,-4,-4,-44
1756013950.542945,0,-6,-46
1756013950.5819447,2,-5,-51
1756013950.6179447,4,-4,-56
1756013950.654945,2,-6,-52
1756013950.6929443,0,-4,-66
1756013950.7319446,1,-5,-42
1756013950.7679446,2,-5,-56
1756013950.8049445,5,-4,-61
1756013950.8429446,-2,1,-64
1756013950.881945,9,2,-66
1756013950.917945,4,2,-58
1756013950.9549446,10,-3,-59
1756013950.9929447,11,1,-50
1756013951.0319445,0,5,-46
1756013951.0679443,-1,-1,-49
1756013951.1059446,0,-1,-45
1756013951.1439445,1,4,-50
1756013951.1819446,7,4,-55
1756013951.2179446,3,1,-61
1756013951.2549446,-3,-2,-56
1756013951.292945,-3,-4,-55
1756013951.3319447,0,1,-43
1756013951.3679447,1,5,-44
1756013951.404945,3,5,-55
1756013951.4429443,-2,0,-60
1756013951.4819446,-4,-3,-52
1756013951.5179446,0,-1,-61
1756013951.5559447,3,5,-44
1756013951.5939443,-1,1,-46
1756013951.6329446,1,4,-49
1756013951.6689446,0,-8,-49
1756013951.7069447,-7,-4,-42
1756013951.7459445,4,-4,-51
1756013951.782945,-3,-1,-51
1756013951.8219447,-5,-4,-55
1756013951.8579447,-1,-7,-46
1756013951.8959446,-5,-2,-50
1756013951.9339447,-3,-4,-50
1756013951.9729445,0,2,-46
1756013952.0089445,-11,2,-48
1756013952.0459447,-4,-3,-44
1756013952.0839446,2,0,-43
1756013952.1229446,-6,-2,-46
1756013952.1589446,3,-3,-56
1756013952.1969447,11,-4,-56
1756013952.2349446,6,-5,-57
1756013952.2739446,5,3,-54
1756013952.3119447,4,1,-57
1756013952.3479445,-3,3,-55
1756013952.384945,-10,1,-44
1756013952.4239447,-4,3,-50
1756013952.4619446,-1,7,-58
1756013952.4979446,0,0,-61
1756013952.5349443,-3,-3,-53
1756013952.5739446,0,-4,-46
1756013952.611945,-2,-1,-43
1756013952.6479447,-4,4,-54
1756013952.6849446,-13,3,-53
1756013952.723945,0,1,-49
1756013952.7619443,1,-4,-57
1756013952.7979443,-3,-4,-47
1756013952.835945,5,-1,-51
1756013952.8739443,1,4,-49
1756013952.9129446,0,3,-43
1756013952.9489446,-4,3,-47
1756013952.9859445,-3,0,-40
1756013953.0239446,2,1,-64
1756013953.062945,5,4,-57
1756013953.098945,4,0,-54
1756013953.1359446,-6,-5,-59
1756013953.1749446,0,-6,-59
1756013953.2129445,0,0,-60
1756013953.2489443,0,1,-60
1756013953.2859447,0,3,-44
1756013953.3239446,-5,6,-46
1756013953.3609445,-3,4,-62
1756013953.3989446,1,3,-48
1756013953.4359446,2,2,-54
1756013953.473945,2,1,-49
1756013953.5109446,5,1,-55
1756013953.5479443,2,-5,-46
1756013953.585945,0,-6,-51
1756013953.6249447,6,1,-38
1756013953.6629446,2,7,-59
1756013953.6989446,4,3,-52
1756013953.7359445,-2,-2,-51
1756013953.7749443,0,-6,-50
1756013953.812945,0,0,-51
1756013953.848945,6,-5,-47
1756013953.8859446,-1,-9,-41
1756013953.9239447,2,0,-46
1756013953.9629445,-5,2,-45
1756013953.9989443,-8,1,-49
1756013954.0359447,6,-1,-45
1756013954.0749447,-4,-1,-49
1756013954.1129446,-4,-5,-50
1756013954.1489446,-3,0,-38
1756013954.1859446,1,-1,-54
1756013954.2249446,2,-1,-47
1756013954.2629447,1,-8,-51
1756013954.2989447,1,-4,-49
1756013954.335945,-2,-7,-48
1756013954.3749447,0,-2,-56
1756013954.4129446,-1,3,-54
1756013954.4489446,-1,2,-48
1756013954.4859445,-1,0,-52
1756013954.5249443,-1,2,-60
1756013954.562945,7,-2,-60
1756013954.598945,5,0,-56
1756013954.6359446,0,3,-53
1756013954.6739447,-7,4,-55
1756013954.7099447,-6,-2,-62
1756013954.7489443,-7,0,-60
1756013954.7859447,0,-1,-59
1756013954.8249447,5,1,-58
1756013954.8629446,-1,4,-60
1756013954.8989446,-1,1,-50
1756013954.9359446,-3,0,-54
1756013954.9749446,0,0,-61
1756013955.0129447,-3,-1,-55
1756013955.0499446,0,3,-56
1756013955.0869446,7,-4,-56
1756013955.1249447,11,-4,-50
1756013955.1639447,5,1,-63
1756013955.1999447,2,3,-57
1756013955.236945,-2,-2,-52
1756013955.2749443,-3,-1,-57
1756013955.3139446,5,-3,-50
1756013955.3499446,1,-5,-48
1756013955.3869443,-7,-3,-57
1756013955.4249446,-7,-2,-51
1756013955.463945,-1,1,-60
1756013955.4999447,-3,-2,-48
1756013955.5379446,-5,-4,-55
1756013955.575945,-6,-1,-53
1756013955.6149447,-2,-3,-52
1756013955.6509447,0,0,-59
1756013955.6889446,0,3,-59
1756013955.7259445,2,-1,-57
1756013955.7649446,-2,2,-47
1756013955.8009446,0,-3,-51
1756013955.838945,-2,-11,-52
1756013955.8769443,5,-6,-55
1756013955.9159446,1,-5,-49
1756013955.9539447,1,0,-43
1756013955.9899447,5,0,-39
1756013956.0269446,3,5,-40
1756013956.0649445,1,6,-46
1756013956.1009445,-8,-1,-55
1756013956.1389446,2,0,-55
1756013956.1769447,-1,-3,-53
1756013956.2159443,-3,1,-58
1756013956.2539446,3,2,-52
1756013956.2899446,3,4,-58
1756013956.3269446,2,1,-64
1756013956.3659446,-7,1,-47
1756013956.4039447,-6,0,-41
1756013956.4399445,0,0,-41
1756013956.4779446,-1,-3,-43
1756013956.5159447,-1,1,-41
1756013956.5539446,-4,0,-48
1756013956.5899446,0,4,-43
1756013956.6279447,-7,0,-42
1756013956.6659446,-6,3,-48
1756013956.7019446,3,4,-49
1756013956.7389443,-3,1,-58
1756013956.7849443,-8,0,-52
1756013956.8209443,-4,-3,-52
1756013956.858945,-2,-1,-51
1756013956.8969443,0,0,-58
1756013956.9359446,2,0,-39
1756013956.9719446,0,-3,-31
1756013957.009945,-1,3,-49
1756013957.0479443,-4,6,-44
1756013957.0869446,-1,5,-46
1756013957.1249447,-7,-4,-49
1756013957.1609447,-3,-7,-48
1756013957.1989446,0,0,-60
1756013957.236945,2,-3,-55
1756013957.2749443,0,-2,-49
1756013957.3109446,-3,-3,-52
1756013957.348945,0,-4,-59
1756013957.3869443,-1,-2,-61
1756013957.4259446,-3,-5,-59
1756013957.4619446,1,1,-56
1756013957.4989443,3,0,-50
1756013957.5369446,1,0,-68
1756013957.5749447,-1,-1,-59
1756013957.6109445,5,-3,-56
1756013957.6479447,8,-3,-59
1756013957.6869447,5,-2,-51
1756013957.7249446,6,4,-41
1756013957.7609446,-3,3,-46
1756013957.7979443,0,0,-43
1756013957.835945,4,1,-37
1756013957.871945,8,0,-50
1756013957.9089446,5,-4,-37
1756013957.9469447,-4,2,-47
1756013957.9859445,-4,0,-57
1756013958.0219443,-9,-8,-50
1756013958.0599446,-7,-3,-53
1756013958.0979445,0,-1,-49
1756013958.1369443,0,3,-53
1756013958.1749446,5,-2,-45
1756013958.210945,2,-2,-49
1756013958.2489443,1,-3,-68
1756013958.2869446,0,-1,-55
1756013958.325945,2,8,-48
1756013958.361945,8,9,-50
1756013958.3989446,-7,3,-44
1756013958.4369447,-4,5,-51
1756013958.4759445,-5,3,-52
1756013958.5119443,-6,-8,-49
1756013958.5499446,0,0,-56
1756013958.5869446,2,0,-52
1756013958.6229446,2,0,-62
1756013958.6599443,12,2,-58
1756013958.6979446,1,5,-52
1756013958.7359445,1,2,-49
1756013958.7719443,1,4,-60
1756013958.8089447,1,0,-55
1756013958.8469446,-4,0,-53
1756013958.8829446,-2,-1,-49
1756013958.9209447,-2,0,-50
1756013958.9589446,-1,4,-50
1756013958.996945,2,5,-48
1756013959.0359447,4,7,-51
1756013959.0719447,-5,0,-56
1756013959.108945,-5,-4,-44
1756013959.1479447,-7,-8,-41
1756013959.1859446,-3,-7,-51
1756013959.2219446,1,-2,-58
1756013959.2589445,2,0,-47
1756013959.2969446,0,-2,-52
1756013959.3329446,-1,5,-50
1756013959.3699446,-4,5,-49
1756013959.407945,-7,8,-54
1756013959.4469447,-8,-2,-56
1756013959.4829447,-11,-2,-52
1756013959.5209446,0,5,-39
1756013959.5579443,-3,1,-48
1756013959.5969446,-4,0,-47
1756013959.6329446,-4,-6,-46
1756013959.6709447,-1,0,-47
1756013959.7089446,3,-1,-56
1756013959.7479446,1,-5,-56
1756013959.7859447,5,-4,-57
1756013959.8219447,0,-1,-58
1756013959.858945,-3,2,-50
1756013959.8979447,4,-3,-43
1756013959.9339447,2,0,-51
1756013959.9719446,2,-2,-46
1756013960.0109446,3,-4,-48
1756013960.0479443,9,5,-57
1756013960.0839446,8,-2,-65
1756013960.1229446,-1,5,-50
1756013960.1609447,-1,-1,-48
1756013960.1979446,-2,-3,-47
1756013960.236945,-1,-1,-60
1756013960.2729447,1,-2,-52
1756013960.3109446,1,0,-45
1756013960.3479445,1,3,-51
1756013960.3839445,-7,1,-52
1756013960.4219446,2,-1,-45
1756013960.460945,-4,0,-57
1756013960.4979446,2,-2,-56
1756013960.5369446,1,5,-60
1756013960.5729446,-4,0,-56
1756013960.6099446,0,1,-69
1756013960.6489446,0,0,-47
1756013960.6869447,-1,0,-45
1756013960.7229445,-5,-5,-44
1756013960.7609446,-3,2,-48
1756013960.7989447,-3,-3,-50
1756013960.8379445,4,-4,-56
1756013960.8739443,-5,0,-50
1756013960.9109447,-2,1,-51
1756013960.9489446,0,-3,-52
1756013960.9879446,4,-7,-53
1756013961.0239446,3,0,-45
1756013961.0619447,0,0,-55
1756013961.098945,2,9,-53
1756013961.1369443,8,8,-55
1756013961.1729443,0,5,-59
1756013961.2099447,-3,-2,-55
1756013961.2489443,0,-3,-49
1756013961.2869446,-3,-3,-46
1756013961.3229446,-7,-3,-47
1756013961.3609445,-3,-5,-56
1756013961.3989446,-4,0,-55
1756013961.437945,1,2,-59
1756013961.473945,3,4,-56
1756013961.5119443,-3,5,-49
1756013961.5499446,0,0,-49
1756013961.588945,0,3,-40
1756013961.6249447,2,2,-43
1756013961.6619446,0,0,-41
1756013961.6989446,-1,0,-45
1756013961.7379446,4,2,-52
1756013961.7739446,3,1,-49
1756013961.8109446,0,-1,-45
1756013961.848945,0,-6,-47
1756013961.8879447,-2,-9,-56
1756013961.9239447,-8,-4,-48
1756013961.9619446,-12,-5,-54
1756013961.9999447,-12,-4,-49
1756013962.0389447,0,-1,-43
1756013962.0749447,-2,1,-49
1756013962.1129446,-2,1,-43
1756013962.1499443,0,5,-47
1756013962.1889446,-2,-3,-50
1756013962.2249446,0,0,-66
1756013962.2619443,-4,-10,-55
1756013962.2999446,3,-4,-61
1756013962.338945,3,2,-59
1756013962.3749447,0,8,-60
1756013962.4119446,1,-6,-58
1756013962.4499447,0,-4,-57
1756013962.4889443,-3,-7,-55
1756013962.5249443,-1,1,-42
1756013962.562945,0,0,-47
1756013962.5999446,0,-2,-55
1756013962.6389446,-5,2,-53
1756013962.6749446,6,1,-48
1756013962.7129445,0,0,-48
1756013962.7499447,-1,0,-59
1756013962.7889447,7,4,-58
1756013962.8249447,9,-6,-47
1756013962.861945,0,0,-41
1756013962.8999443,-1,-2,-45
1756013962.9389446,4,-3,-55
1756013962.9749446,-2,-9,-55
1756013963.0129447,0,-1,-53
1756013963.0499446,3,2,-45
1756013963.0879445,0,5,-36
1756013963.1239443,0,7,-35
1756013963.1619446,-6,3,-56
1756013963.1999447,-5,5,-51
1756013963.2389443,-1,0,-42
1756013963.2749443,2,-5,-54
1756013963.312945,-8,-4,-52
1756013963.3509445,-5,-3,-55
1756013963.3899446,-4,-2,-47
1756013963.4259446,-2,-2,-48
1756013963.463945,-3,2,-57
1756013963.5019443,5,1,-47
1756013963.5399446,0,4,-45
1756013963.575945,3,-1,-51
1756013963.6129446,6,-1,-48
1756013963.6509447,7,-1,-44
1756013963.6899445,0,0,-46
1756013963.7259445,-2,-3,-51
1756013963.7639446,-6,-11,-59
1756013963.8019447,-7,-2,-50
1756013963.8399446,2,1,-39
1756013963.8789446,0,-6,-52
1756013963.9149446,4,-7,-60
1756013963.9519446,3,2,-48
1756013963.9899447,-1,1,-41
1756013964.0259447,-1,-1,-46
1756013964.0639446,5,0,-59
1756013964.1009445,6,-1,-64
1756013964.1399446,3,-2,-69
1756013964.1759446,2,0,-58
1756013964.2129445,0,-3,-58
1756013964.2509446,-1,-2,-47
1756013964.2899446,-6,-3,-51
1756013964.325945,-6,-1,-44
1756013964.3639443,3,-1,-57
1756013964.4019446,0,-6,-55
1756013964.440945,-6,-6,-51
1756013964.4789443,-4,-2,-37
1756013964.5149446,-5,-1,-40
1756013964.552945,-8,0,-46
1756013964.5909443,-3,4,-48
1756013964.6299446,-6,5,-51
1756013964.6659446,-10,0,-51
1756013964.7029445,4,4,-53
1756013964.7409446,2,-1,-54
1756013964.7789447,1,-3,-60
1756013964.8149445,-4,-6,-61
1756013964.8529446,-3,-4,-56
1756013964.8919446,0,-4,-53
1756013964.9299445,-6,0,-56
1756013964.9659443,-2,-4,-53
1756013965.0039446,-3,5,-55
1756013965.0419445,0,-4,-46
1756013965.0809443,3,-8,-47
1756013965.1169446,3,0,-46
1756013965.1539447,2,-1,-43
1756013965.1919446,-2,0,-47
1756013965.2309446,-2,3,-46
1756013965.2669446,3,3,-48
1756013965.3039446,2,4,-59
1756013965.3419447,-1,-5,-45
1756013965.3809447,1,4,-49
1756013965.4169445,-4,2,-51
1756013965.4539447,-1,2,-49
1756013965.4919446,0,-4,-56
1756013965.5309446,-7,-8,-49
1756013965.5669446,-7,-3,-55
1756013965.6049447,0,-1,-50
1756013965.6429446,5,-2,-60
1756013965.6809447,-1,-4,-61
1756013965.7199447,-6,-7,-60
1756013965.7559447,0,-1,-61
1756013965.7949443,10,-3,-48
1756013965.8319447,1,-1,-54
1756013965.8709445,0,-7,-43
1756013965.9069445,1,-5,-59
1756013965.9449446,-1,-1,-56
1756013965.9829447,-7,2,-46
1756013966.0219443,-15,7,-51
1756013966.0599446,-13,0,-61
1756013966.0959446,-9,-4,-61
1756013966.1339445,3,0,-61
1756013966.1719446,3,4,-57
1756013966.2099447,-2,8,-59
1756013966.2459445,-3,3,-47
1756013966.282945,2,-7,-47
1756013966.3219447,-8,-6,-42
1756013966.3599446,-9,0,-61
1756013966.3959446,7,0,-52
1756013966.4329443,4,5,-52
1756013966.4719446,0,0,-43
1756013966.509945,-1,0,-51
1756013966.5459447,4,2,-47
1756013966.5829446,3,-5,-45
1756013966.621945,4,-3,-57
1756013966.657945,10,-4,-51
1756013966.6949446,3,-6,-63
1756013966.7329447,9,2,-56
1756013966.7709446,0,6,-55
1756013966.8149445,0,7,-51
1756013966.8539443,-5,4,-60
1756013966.8919446,-5,0,-53
1756013966.927945,-1,1,-50
1756013966.9649446,-1,2,-50
1756013967.0029447,3,-4,-56
1756013967.0419445,-2,-4,-58
1756013967.0779445,-3,-2,-52
1756013967.1159446,2,-4,-54
1756013967.1539447,1,0,-45
1756013967.1919446,4,6,-57
1756013967.2279446,3,0,-53
1756013967.2649446,1,-2,-41
1756013967.302945,-2,-3,-50
1756013967.3419447,-3,1,-52
1756013967.3779447,-7,-1,-53
1756013967.4159446,3,-1,-52
1756013967.4539447,0,0,-55
1756013967.4919446,2,3,-51
1756013967.5279446,-4,3,-57
1756013967.565945,2,2,-52
1756013967.6029446,1,1,-59
1756013967.6409447,-1,0,-60
1756013967.6769447,0,2,-44
1756013967.713945,2,2,-47
1756013967.7529447,2,0,-54
1756013967.7909446,-6,-1,-46
1756013967.8269446,-5,-5,-51
1756013967.8659446,-10,-2,-47
1756013967.9029446,-4,0,-53
1756013967.9419446,-10,-2,-50
1756013967.9779446,5,0,-60
1756013968.0159447,0,1,-57
1756013968.052945,5,5,-47
1756013968.0909443,3,6,-44
1756013968.1269443,1,2,-45
1756013968.1639447,-1,-1,-55
1756013968.2029445,1,-7,-53
1756013968.2409446,1,-8,-46
1756013968.2769446,7,-6,-51
1756013968.3139446,5,-6,-46
1756013968.3529446,0,-4,-53
1756013968.3889446,-5,-5,-52
1756013968.4269447,-3,2,-46
1756013968.4659443,-3,3,-48
1756013968.5029447,0,6,-43
1756013968.5389447,-1,2,-54
1756013968.5769446,-2,0,-47
1756013968.6149447,0,0,-45
1756013968.6529446,-3,0,-51
1756013968.6919446,-3,-6,-40
1756013968.7279446,0,-10,-47
1756013968.7649446,-6,-4,-62
1756013968.802945,-5,0,-49
1756013968.8419447,0,3,-58
1756013968.8779447,-1,9,-50
1756013968.9149446,2,1,-54
1756013968.9529445,-1,2,-51
1756013968.9919446,0,7,-47
1756013969.0279446,-7,8,-53
1756013969.0649445,-5,2,-56
1756013969.1039443,0,0,-54
1756013969.1419446,0,5,-54
1756013969.177945,7,0,-50
1756013969.2149446,-2,1,-56
1756013969.2539446,-3,-6,-55
1756013969.2919445,-3,-2,-43
1756013969.3279445,6,0,-49
1756013969.3649447,6,-5,-48
1756013969.4039447,-2,-1,-52
1756013969.4419446,5,-1,-50
1756013969.4779446,-2,0,-54
1756013969.5159447,5,-2,-60
1756013969.5539446,2,2,-52
1756013969.5929446,0,4,-47
1756013969.6289446,1,3,-41
1756013969.6669445,0,2,-45
1756013969.7049446,3,1,-46
1756013969.7429447,0,2,-45
1756013969.7789447,2,1,-47
1756013969.8169446,0,4,-50
1756013969.8539443,0,4,-47
1756013969.8919446,11,0,-42
1756013969.927945,8,-4,-44
1756013969.9649446,3,-4,-50
1756013970.0039446,0,-2,-58
1756013970.0399446,-4,-3,-66
1756013970.0779445,-2,-8,-45
1756013970.1159446,0,-9,-47
1756013970.1539447,3,-1,-60
1756013970.1929443,7,-1,-64
1756013970.2299447,-3,0,-59
1756013970.2669446,0,-5,-55
1756013970.3059447,4,-7,-46
1756013970.3439443,-3,-15,-46
1756013970.3799446,-8,-8,-60
1756013970.417945,-1,-1,-44
1756013970.4559443,-8,-3,-54
1756013970.4939446,-5,0,-55
1756013970.532945,-6,-3,-57
1756013970.5689447,-5,-5,-45
1756013970.6069446,-5,-3,-40
1756013970.644945,-4,0,-44
1756013970.6839447,-4,-4,-47
1756013970.7199447,1,-1,-48
1756013970.7589445,1,0,-44
1756013970.7959447,6,0,-43
1756013970.8349447,2,1,-39
1756013970.8729446,0,-3,-48
1756013970.9089446,-5,-2,-40
1756013970.9469447,-2,0,-51
1756013970.9849446,-1,1,-49
1756013971.0239446,-3,1,-37
1756013971.0599446,4,0,-43
1756013971.0969446,8,4,-48
1756013971.134945,2,1,-49
1756013971.1729443,-1,6,-42
1756013971.2089446,-2,0,-59
1756013971.2459445,7,0,-59
1756013971.2839446,-5,-8,-41
1756013971.3199446,-5,-11,-41
1756013971.3579447,-8,-2,-56
1756013971.3959446,-2,1,-63
1756013971.4349446,2,0,-57
1756013971.4729445,0,-3,-56
1756013971.5089445,-2,-3,-54
1756013971.5469446,0,-4,-45
1756013971.5849447,0,2,-48
1756013971.6239443,-1,-3,-44
1756013971.6599443,0,0,-53
1756013971.6969447,-3,10,-50
1756013971.7349446,0,6,-48
1756013971.7709446,0,5,-62
1756013971.8089447,-1,2,-47
1756013971.8469446,6,0,-43
1756013971.884945,-2,-4,-53
1756013971.9209447,-7,-4,-48
1756013971.9589446,0,0,-56
1756013971.996945,0,-1,-50
1756013972.0349443,6,8,-48
1756013972.0709443,-1,-4,-59
1756013972.108945,0,1,-44
1756013972.1469443,3,-5,-52
1756013972.1849446,0,-2,-46
1756013972.2209446,-1,-5,-45
1756013972.2589445,-5,2,-54
1756013972.2969446,-12,1,-65
1756013972.335945,-5,1,-63
1756013972.3739443,-9,-1,-56
1756013972.4099443,-7,-2,-60
1756013972.4479446,-4,-3,-54
1756013972.4859445,-2,2,-54
1756013972.5249443,-2,7,-62
1756013972.5609446,-3,6,-62
1756013972.598945,-2,8,-53
1756013972.6379447,-4,4,-54
1756013972.6759446,0,6,-51
1756013972.713945,-8,3,-44
1756013972.7499447,-6,1,-46
1756013972.7879446,4,-6,-44
1756013972.825945,3,-1,-56
1756013972.8639443,8,0,-59
1756013972.8999443,6,-5,-65
1756013972.937945,1,-7,-48
1756013972.9759445,-3,1,-47
1756013973.0139446,-4,0,-54
1756013973.0499446,-8,-2,-49
1756013973.0879445,-5,2,-52
1756013973.1259446,6,0,-50
1756013973.1639447,2,-2,-44
1756013973.1999447,1,-2,-59
1756013973.2379446,0,0,-60
1756013973.2759447,-1,5,-49
1756013973.3139446,6,3,-63
1756013973.3499446,0,7,-61
1756013973.3869443,5,5,-57
1756013973.4249446,2,3,-52
1756013973.460945,3,-8,-53
1756013973.4979446,5,0,-59
1756013973.5359447,2,-1,-55
1756013973.5719447,-2,-1,-58
1756013973.6099446,-2,-3,-70
1756013973.6479447,3,-4,-62
1756013973.6859446,4,2,-58
1756013973.7249446,0,3,-62
1756013973.7609446,5,-2,-63
1756013973.7979443,8,-4,-47
1756013973.8369446,0,1,-55
1756013973.8749447,-4,0,-49
1756013973.9109447,-3,0,-56
1756013973.9479446,1,3,-56
1756013973.986945,-5,2,-53
1756013974.0249443,-8,-1,-44
1756013974.0609446,-4,-2,-41
1756013974.098945,2,-2,-61
1756013974.1369443,-3,2,-58
1756013974.1759446,2,2,-47
1756013974.2119446,2,4,-56
1756013974.2489443,1,-8,-46
1756013974.2869446,-4,0,-52
1756013974.325945,2,3,-50
1756013974.361945,3,0,-58
1756013974.3989446,-2,-5,-59
1756013974.4369447,0,-4,-62
1756013974.4759445,-6,-1,-67
1756013974.5119443,-4,4,-66
1756013974.5489447,-2,2,-47
1756013974.5869446,9,-2,-44
1756013974.6259446,2,1,-49
1756013974.6619446,1,2,-50
1756013974.6989446,-3,4,-50
1756013974.736945,-4,0,-56
1756013974.7759447,-2,0,-57
1756013974.8119447,-5,-2,-53
1756013974.8499446,-1,1,-48
1756013974.8879447,6,8,-42
1756013974.9259446,-3,6,-47
1756013974.9619446,-6,0,-50
1756013974.9989443,0,0,-44
1756013975.0369446,7,3,-53
1756013975.0729446,5,0,-49
1756013975.1099446,-3,0,-54
1756013975.1489446,-7,-1,-51
1756013975.1869447,-8,0,-67
1756013975.2229445,-5,4,-53
1756013975.259945,0,-1,-54
1756013975.2989447,8,1,-54
1756013975.3369446,-5,2,-62
1756013975.3729446,-6,0,-62
1756013975.4099443,0,-1,-60
1756013975.4479446,0,1,-47
1756013975.486945,-2,-8,-48
1756013975.5229447,4,-3,-54
1756013975.5599446,6,0,-46
1756013975.5979445,9,0,-52
1756013975.6359446,0,4,-59
1756013975.6719446,2,-1,-58
1756013975.7089446,7,-1,-54
1756013975.7479446,5,-2,-45
1756013975.7859447,0,-1,-63
1756013975.8219447,-2,0,-58
1756013975.8599446,-4,3,-68
1756013975.8979447,-2,0,-53
1756013975.9369447,-8,0,-46
1756013975.9729445,-3,8,-46
1756013976.009945,-5,0,-45
1756013976.0479443,-7,-3,-61
1756013976.0869446,-4,0,-49
1756013976.1229446,-10,-2,-56
1756013976.1609447,-2,0,-49
1756013976.1989446,-2,-2,-47
1756013976.2379446,-3,-4,-50
1756013976.2759447,-2,0,-46
1756013976.3119447,-8,3,-45
1756013976.348945,0,-1,-54
1756013976.3879447,-6,-1,-49
1756013976.4259446,2,-5,-46
1756013976.4619446,-1,5,-54
1756013976.4989443,1,1,-46
1756013976.5369446,-1,5,-47
1756013976.5729446,4,4,-42
1756013976.6109445,4,3,-56
1756013976.6479447,3,3,-41
1756013976.6839447,-1,0,-43
1756013976.7219446,-7,0,-58
1756013976.7609446,-1,2,-54
1756013976.7979443,-1,-1,-48
1756013976.8419447,-2,-3,-53
1756013976.8809447,1,-1,-48
1756013976.9189446,5,0,-59
1756013976.9569447,-5,-1,-48
1756013976.9929447,0,0,-54
1756013977.0309446,-1,0,-43
1756013977.0689447,4,0,-53
1756013977.1069446,-4,0,-43
1756013977.1429446,0,4,-44
1756013977.1809447,-2,-4,-43
1756013977.2179446,-13,5,-50
1756013977.256945,0,-2,-54
1756013977.292945,-2,-4,-57
1756013977.3309443,-2,-4,-48
1756013977.3689446,-8,-1,-60
1756013977.407945,-7,-1,-43
1756013977.4439447,-7,7,-46
1756013977.4819446,-3,2,-56
1756013977.519945,0,5,-56
1756013977.5579443,-1,2,-55
1756013977.5939443,5,0,-57
1756013977.6309447,3,-5,-55
1756013977.6689446,-4,-7,-50
1756013977.7079446,-4,-7,-49
1756013977.7439446,-5,-5,-42
1756013977.7819445,0,0,-53
1756013977.8189447,2,0,-58
1756013977.8569446,-4,5,-54
1756013977.8929446,-6,-1,-50
1756013977.9309447,0,-4,-50
1756013977.9689443,-4,1,-49
1756013978.0079446,-5,-14,-49
1756013978.0439446,-3,-2,-41
1756013978.0819447,-9,-2,-48
1756013978.1199446,-2,3,-54
1756013978.1589446,1,-5,-49
1756013978.1969447,3,-7,-49
1756013978.2329447,0,-2,-51
1756013978.269945,2,-9,-45
1756013978.3089447,-4,-4,-52
1756013978.3449447,-1,5,-60
1756013978.3829446,-3,1,-45
1756013978.4209447,-5,-1,-46
1756013978.4599447,-5,-2,-60
1756013978.4979446,-9,-4,-64
1756013978.5339446,-2,1,-62
1756013978.5719447,-2,7,-40
1756013978.6099446,0,7,-51
1756013978.6479447,1,-1,-48
1756013978.6839447,0,-6,-57
1756013978.7209446,-1,-6,-49
1756013978.759945,-6,-5,-40
1756013978.7979443,-1,2,-34
1756013978.8339446,-3,3,-42
1756013978.8709445,-3,6,-50
1756013978.9099443,1,3,-44
1756013978.9479446,8,0,-41
1756013978.983945,0,2,-51
1756013979.0209446,-4,-5,-46
1756013979.0599446,1,2,-46
1756013979.0979445,1,0,-64
1756013979.1339445,-3,0,-68
1756013979.1709447,-5,4,-54
1756013979.2099447,-7,-1,-53
1756013979.2479446,-6,0,-53
1756013979.2839446,-3,-7,-52
1756013979.3219447,3,2,-52
1756013979.3599446,-1,1,-58
1756013979.3979447,0,2,-53
1756013979.4339447,-1,-2,-55
1756013979.4719446,-2,-6,-53
1756013979.509945,2,-2,-53
1756013979.5489447,0,5,-50
1756013979.5849447,-8,2,-50
1756013979.621945,-7,-1,-62
1756013979.6599443,1,-10,-61
1756013979.6989446,6,-10,-53
1756013979.7349446,2,-6,-51
1756013979.7719443,-3,-1,-51
1756013979.8099446,-5,1,-42
1756013979.848945,0,6,-44
1756013979.884945,-2,3,-43
1756013979.9219446,0,-5,-38
1756013979.9599447,2,-1,-39
1756013979.9989443,2,-3,-41
1756013980.0349443,8,2,-48
1756013980.0719447,0,-3,-56
1756013980.1099446,5,-1,-62
1756013980.1489446,2,0,-57
1756013980.1849446,0,2,-52
1756013980.2219446,1,0,-52
1756013980.259945,0,0,-56
1756013980.2959447,3,4,-42
1756013980.3339446,6,0,-45
1756013980.3709445,-1,-1,-52
1756013980.4099443,-4,5,-50
1756013980.4459443,0,-7,-43
1756013980.483945,-1,-3,-42
1756013980.5209446,0,-4,-44
1756013980.5599446,4,1,-49
1756013980.5959446,0,5,-49
1756013980.6329446,-1,0,-46
1756013980.6709447,-6,1,-53
1756013980.7099447,-5,4,-44
1756013980.7459445,-4,-4,-55
1756013980.7839446,-1,0,-53
1756013980.8219447,0,-4,-41
1756013980.8609445,-5,-1,-43
1756013980.8989446,1,5,-52
1756013980.9349446,-1,0,-45
1756013980.9719446,0,-4,-50
1756013981.0109446,-7,-3,-55
1756013981.0489447,-4,4,-51
1756013981.0849447,-5,6,-44
1756013981.1229446,-5,-5,-38
1756013981.1609447,2,-6,-47
1756013981.1999447,3,-7,-59
1756013981.2359445,-1,-6,-57
1756013981.2739446,0,0,-62
1756013981.3109446,4,1,-60
1756013981.348945,8,-5,-56
1756013981.384945,8,2,-47
1756013981.4219446,4,1,-45
1756013981.4599447,0,-7,-39
1756013981.4959445,1,-2,-47
1756013981.5339446,-6,3,-62
1756013981.5709443,0,-1,-58
1756013981.6099446,-2,1,-58
1756013981.6459446,-1,3,-67
1756013981.6829443,-1,0,-53
1756013981.7209446,-1,0,-58
1756013981.759945,0,-2,-54
1756013981.7959447,0,-4,-53
1756013981.8329446,-1,-3,-54
1756013981.8709445,0,2,-55
1756013981.9069445,1,6,-54
1756013981.9439447,-8,3,-50
1756013981.9819446,-1,6,-41
1756013982.0209446,0,0,-41
1756013982.0569446,-5,0,-42
1756013982.0939443,-3,-7,-43
1756013982.1329446,-4,-9,-48
1756013982.1709447,-6,-3,-54
1756013982.2069447,-12,-4,-41
1756013982.2459445,-4,0,-39
1756013982.282945,3,2,-49
1756013982.3209443,2,4,-54
1756013982.3569446,4,6,-53
1756013982.3939445,-2,5,-49
1756013982.4329443,0,0,-42
1756013982.4709446,3,3,-44
1756013982.506945,-3,3,-55
1756013982.5439446,-2,1,-52
1756013982.5819447,1,4,-51
1756013982.6209445,-4,-5,-42
1756013982.6569445,-5,-6,-60
1756013982.6949446,0,0,-55
1756013982.7329447,-1,-4,-54
1756013982.7719443,5,0,-42
1756013982.8099446,4,-2,-30
1756013982.8459446,0,-3,-43
1756013982.8829446,1,0,-52
1756013982.9219446,-3,1,-53
1756013982.9599447,1,-2,-47
1756013982.9959445,7,5,-54
1756013983.032945,-3,0,-52
1756013983.0719447,5,2,-48
1756013983.1099446,-2,3,-48
1756013983.1459446,4,-4,-51
1756013983.1829443,-2,-5,-49
1756013983.2219446,0,-4,-44
1756013983.2579446,-2,0,-49
1756013983.2949443,-3,-4,-55
1756013983.3329446,-10,-3,-47
1756013983.371945,-5,0,-42
1756013983.407945,-2,3,-55
1756013983.4449446,5,0,-48
1756013983.4819446,-2,0,-43
1756013983.5209446,4,7,-53
1756013983.5579443,7,6,-43
1756013983.5949447,10,-3,-38
1756013983.6329446,9,2,-47
1756013983.6709447,1,-3,-48
1756013983.7079446,-7,-3,-44
1756013983.7449446,2,-1,-52
1756013983.782945,-4,-1,-53
1756013983.8219447,-5,3,-54
1756013983.8579447,-1,-1,-55
1756013983.8959446,-4,4,-64
1756013983.9339447,4,1,-55
1756013983.9719446,3,1,-45
1756013984.0079446,8,-6,-42
1756013984.0449443,12,-2,-50
1756013984.0829446,7,-1,-48
1756013984.121945,7,-1,-46
1756013984.157945,6,0,-54
1756013984.1949446,-1,0,-50
1756013984.2329447,-6,-2,-54
1756013984.2719443,-2,3,-64
1756013984.3079443,-3,-2,-72
1756013984.3459446,-6,1,-66
1756013984.3839445,-8,0,-60
1756013984.4229443,-7,-5,-52
1756013984.460945,3,1,-58
1756013984.496945,-1,3,-46
1756013984.5339446,-1,4,-42
1756013984.5729446,4,4,-50
1756013984.6109445,4,3,-56
1756013984.6469443,6,2,-49
1756013984.6839447,7,-2,-46
1756013984.7229445,4,0,-51
1756013984.7609446,-5,-11,-51
1756013984.7969446,-5,-9,-39
1756013984.8349447,-9,-3,-41
1756013984.8739443,-5,1,-57
1756013984.9119446,-6,0,-46
1756013984.9479446,-6,2,-43
1756013984.9849446,-6,-1,-47
1756013985.0229447,1,-5,-46
1756013985.0619447,1,-6,-53
1756013985.0979445,0,-6,-51
1756013985.134945,-3,2,-65
1756013985.1729443,-6,-2,-57
1756013985.2119446,-3,0,-49
1756013985.2479446,-3,-3,-55
1756013985.2859447,-1,-3,-51
1756013985.3239446,1,5,-53
1756013985.361945,0,0,-48
1756013985.3979447,0,0,-53
1756013985.4349446,-7,-1,-43
1756013985.4729445,2,-4,-47
1756013985.5119443,-2,0,-60
1756013985.5479443,1,2,-65
1756013985.5849447,4,3,-48
1756013985.6229446,1,-1,-58
1756013985.6589446,4,-3,-58
1756013985.6959443,-5,-7,-56
1756013985.733945,-3,-4,-47
1756013985.7729447,-6,0,-58
1756013985.8089447,-2,7,-57
1756013985.8459446,-1,1,-55
1756013985.8839445,0,6,-52
1756013985.9229443,-2,0,-51
1756013985.9589446,1,-1,-51
1756013985.9959445,5,-4,-52
1756013986.0339446,5,0,-54
1756013986.0729446,0,0,-52
1756013986.108945,4,-2,-63
1756013986.1459446,-3,-2,-59
1756013986.1839447,0,-8,-52
1756013986.2229445,-1,0,-55
1756013986.2589445,-3,2,-44
1756013986.2969446,11,0,-50
1756013986.3349447,0,-2,-46
1756013986.3739443,3,1,-55
1756013986.4119446,-2,0,-45
1756013986.4479446,-3,1,-45
1756013986.4849446,-4,1,-40
1756013986.5239446,-4,1,-48
1756013986.5599446,-1,0,-51
1756013986.5969446,1,1,-45
1756013986.6339445,5,-2,-53
1756013986.6729443,4,-2,-48
1756013986.7089446,-5,-2,-56
1756013986.746945,0,1,-52
1756013986.7839446,7,4,-56
1756013986.8199446,8,7,-51
1756013986.8709445,0,-2,-53
1756013986.907945,-1,-5,-46
1756013986.9459443,-4,-4,-47
1756013986.983945,-1,-4,-58
1756013987.019945,-6,-4,-58
1756013987.0579443,0,-4,-52
1756013987.0959446,1,4,-42
1756013987.1339445,0,-4,-41
1756013987.1729443,2,-4,-50
1756013987.2089446,12,0,-49
1756013987.246945,0,-7,-44
1756013987.2849443,0,-3,-44
1756013987.3229446,-5,-1,-54
1756013987.358945,-1,-4,-46
1756013987.3969443,-5,0,-54
1756013987.4349446,-2,-1,-50
1756013987.473945,0,8,-44
1756013987.509945,-7,4,-48
1756013987.5469446,-7,0,-39
1756013987.5849447,-2,-5,-42
1756013987.6239443,6,-9,-51
1756013987.6599443,2,-6,-59
1756013987.6969447,-1,-4,-60
1756013987.7349446,0,0,-52
1756013987.7729447,0,4,-45
1756013987.8089447,5,3,-49
1756013987.8459446,-2,3,-53
1756013987.884945,-3,5,-46
1756013987.9229443,-5,0,-45
1756013987.9589446,-7,4,-49
1756013987.9959445,-11,5,-45
1756013988.0349443,1,2,-51
1756013988.0729446,0,-5,-54
1756013988.108945,3,-6,-53
1756013988.1469443,-6,2,-54
1756013988.1849446,0,0,-53
1756013988.2209446,1,0,-56
1756013988.2589445,1,0,-49
1756013988.2959447,8,-3,-47
1756013988.3349447,2,0,-47
1756013988.3709445,0,-2,-43
1756013988.4089446,3,0,-45
1756013988.4469447,9,0,-42
1756013988.4849446,0,-8,-51
1756013988.5239446,-5,0,-46
1756013988.5599446,4,-5,-46
1756013988.5969446,9,-1,-56
1756013988.634945,8,0,-45
1756013988.6719446,3,-2,-58
1756013988.7089446,-2,-1,-53
1756013988.746945,-6,0,-56
1756013988.7849443,-5,-2,-63
1756013988.8239446,-9,-6,-56
1756013988.8599446,-9,0,-50
1756013988.8969443,-5,-2,-44
1756013988.9359446,4,-6,-51
1756013988.973945,-2,4,-54
1756013989.009945,-1,1,-48
1756013989.0479443,2,2,-54
1756013989.085945,1,-10,-50
1756013989.1239443,3,-2,-37
1756013989.1599443,2,-1,-46
1756013989.1979446,0,3,-60
1756013989.2359445,-3,2,-54
1756013989.2739446,0,-1,-58
1756013989.3099446,2,0,-55
1756013989.3479445,-1,4,-52
1756013989.3859446,-5,2,-49
1756013989.4249446,-1,0,-47
1756013989.460945,-5,0,-38
1756013989.4989443,3,3,-63
1756013989.5359447,-1,-4,-53
1756013989.5749447,7,-3,-39
1756013989.6109445,2,-3,-49
1756013989.6479447,1,-7,-48
1756013989.6859446,-1,-4,-38
1756013989.7249446,-2,3,-50
1756013989.7609446,4,1,-50
1756013989.7979443,-6,1,-60
1756013989.835945,-3,-5,-58
1756013989.8749447,-2,8,-61
1756013989.9109447,-1,4,-52
1756013989.9479446,0,4,-47
1756013989.9859445,-1,4,-55
1756013990.0249443,-6,3,-67
1756013990.0609446,-7,3,-57
1756013990.098945,-1,-4,-63
1756013990.1379447,1,-3,-49
1756013990.1759446,1,0,-47
1756013990.2119446,-2,0,-43
1756013990.2489443,-3,5,-49
1756013990.2869446,-2,2,-46
1756013990.325945,-6,5,-58
1756013990.361945,-5,2,-53
1756013990.3999443,-8,5,-63
1756013990.437945,-2,-1,-58
1756013990.4769447,6,-2,-55
1756013990.5149446,0,-4,-46
1756013990.5509446,-4,-1,-46
1756013990.588945,0,-4,-51
1756013990.6269443,-4,0,-57
1756013990.6659446,-2,-3,-55
1756013990.7019446,0,0,-60
1756013990.7389443,-1,-2,-53
1756013990.7769446,-6,5,-47
1756013990.815945,2,2,-59
1756013990.8519447,8,5,-61
1756013990.8889446,5,-1,-65
1756013990.9269447,0,4,-43
1756013990.9649446,-6,0,-43
1756013991.0009446,-5,1,-46
1756013991.0389447,5,0,-44
1756013991.0769446,6,1,-45
1756013991.1159446,4,3,-46
1756013991.1519446,3,1,-40
1756013991.1889446,2,2,-42
1756013991.2269447,-2,-1,-41
1756013991.2649446,-5,0,-35
1756013991.3009446,0,-2,-44
1756013991.338945,2,3,-55
1756013991.3769443,-6,0,-66
1756013991.4149446,2,-1,-55
1756013991.450945,1,0,-53
1756013991.4889443,0,2,-53
1756013991.5269446,2,-9,-52
1756013991.5649445,3,-5,-43
1756013991.6009445,-1,-4,-60
1756013991.6389446,1,-4,-67
1756013991.6769447,0,-5,-53
1756013991.7159443,2,-5,-57
1756013991.7519443,-2,-4,-66
1756013991.7899446,3,-7,-56
1756013991.8279445,-1,-2,-58
1756013991.8669446,-3,-4,-58
1756013991.9029446,0,-7,-55
1756013991.9399445,0,-3,-49
1756013991.9779446,-2,-2,-58
1756013992.0169446,-11,-7,-42
1756013992.052945,-6,-8,-41
1756013992.0909443,-7,-1,-37
1756013992.1289446,-5,-2,-50
1756013992.1669445,1,0,-51
1756013992.2059443,0,-6,-48
1756013992.2419446,-3,-9,-51
1756013992.279945,-1,-4,-46
1756013992.3179443,-1,-1,-42
1756013992.3569446,-8,-2,-44
1756013992.3929446,-6,-5,-52
1756013992.4309447,2,-1,-51
1756013992.4699447,2,3,-42
1756013992.5079446,-4,1,-53
1756013992.5459447,0,-1,-46
1756013992.5819447,0,-5,-43
1756013992.6199446,-5,3,-63
1756013992.657945,-1,-1,-57
1756013992.6959443,2,-1,-52
1756013992.7319446,-4,-6,-66
1756013992.769945,-2,-3,-49
1756013992.8079443,-7,-3,-45
1756013992.8469446,-2,-1,-59
1756013992.8829446,-3,2,-56
1756013992.9199443,-2,-2,-45
1756013992.9579446,-5,0,-46
1756013992.996945,-9,0,-45
1756013993.032945,0,2,-46
1756013993.0699446,-4,3,-43
1756013993.1079447,3,-4,-42
1756013993.1469443,0,-5,-55
1756013993.1829443,11,-5,-58
1756013993.2199447,0,-4,-50
1756013993.2579446,-4,0,-55
1756013993.2969446,1,2,-53
1756013993.3329446,-1,4,-62
1756013993.3699446,-10,6,-51
1756013993.407945,-6,4,-56
1756013993.4469447,-8,2,-48
1756013993.4829447,-2,-3,-52
1756013993.5209446,0,0,-40
1756013993.5579443,0,-4,-46
1756013993.5969446,0,-4,-53
1756013993.6329446,0,-8,-51
1756013993.6709447,-2,-1,-46
1756013993.7089446,-2,-1,-50
1756013993.7479446,4,3,-59
1756013993.7839446,-4,-1,-54
1756013993.8229446,4,-5,-62
1756013993.8599446,-8,-1,-55
1756013993.8979447,0,-2,-53
1756013993.9369447,9,-1,-45
1756013993.9729445,3,-1,-47
1756013994.009945,-1,-2,-51
1756013994.0489447,-1,1,-56
1756013994.0869446,3,-2,-50
1756013994.1229446,3,0,-58
1756013994.1599443,1,0,-42
1756013994.1979446,-1,3,-48
1756013994.233945,0,1,-39
1756013994.2709446,0,-2,-46
1756013994.3089447,-3,-2,-44
1756013994.3479445,-3,0,-53
1756013994.3839445,-9,1,-52
1756013994.4209447,-3,-3,-52
1756013994.4599447,5,-3,-45
1756013994.4979446,0,-1,-53
1756013994.5339446,6,3,-47
1756013994.5709443,-1,4,-48
1756013994.608945,-1,-2,-45
1756013994.6479447,1,-8,-46
1756013994.6839447,2,-1,-53
1756013994.7209446,-2,0,-47
1756013994.759945,-3,0,-52
1756013994.7979443,-8,0,-60
1756013994.8339446,-7,-1,-65
1756013994.871945,3,2,-49
1756013994.9099443,-5,-3,-51
1756013994.9489446,-9,-2,-60
1756013994.9849446,-5,0,-57
1756013995.0219443,0,-1,-54
1756013995.0599446,2,0,-50
1756013995.0979445,-7,0,-48
1756013995.1339445,0,-1,-44
1756013995.1719446,0,3,-54
1756013995.2099447,9,2,-49
1756013995.2479446,4,-4,-44
1756013995.2839446,1,-2,-52
1756013995.3219447,-3,1,-46
1756013995.3599446,-2,1,-42
1756013995.3989446,-4,2,-52
1756013995.4349446,0,-3,-54
1756013995.4719446,3,3,-56
1756013995.509945,0,2,-56
1756013995.5479443,-1,2,-38
1756013995.5839446,2,2,-44
1756013995.6209445,2,1,-52
1756013995.6599443,3,7,-53
1756013995.6979446,3,4,-57
1756013995.733945,7,2,-66
1756013995.7719443,2,5,-45
1756013995.8099446,2,0,-46
1756013995.8479445,1,0,-51
1756013995.8839445,-1,1,-48
1756013995.9219446,-5,4,-46
1756013995.9599447,-4,-4,-52
1756013995.9989443,-8,-7,-58
1756013996.0349443,-1,-1,-52
1756013996.0729446,0,-1,-51
1756013996.1109445,-5,2,-58
1756013996.1499443,0,2,-48
1756013996.187945,3,2,-49
1756013996.223945,0,0,-52
1756013996.2609446,-4,1,-55
1756013996.2999446,-2,-4,-62
1756013996.3379445,-2,4,-48
1756013996.3739443,-7,5,-55
1756013996.4109447,-2,1,-47
1756013996.4499447,2,1,-53
1756013996.4879446,2,2,-50
1756013996.5239446,3,-1,-54
1756013996.5609446,-8,-1,-40
1756013996.5999446,-2,1,-42
1756013996.6359446,-1,-3,-50
1756013996.6739447,-4,-3,-52
1756013996.7129445,-1,-6,-52
1756013996.7509446,0,0,-59
1756013996.7889447,5,0,-56
1756013996.825945,6,0,-48
1756013996.8709445,-4,-5,-50
1756013996.9089446,6,0,-55
1756013996.9449446,0,0,-73
1756013996.9829447,1,1,-61
1756013997.019945,3,1,-56
1756013997.0589447,1,1,-57
1756013997.0949447,-8,-1,-51
1756013997.1329446,0,-6,-53
1756013997.1709447,3,-3,-64
1756013997.2099447,0,-3,-55
1756013997.2459445,-3,-2,-60
1756013997.2839446,-7,-4,-67
1756013997.3219447,-5,0,-53
1756013997.3609445,-3,7,-39
1756013997.3989446,-2,4,-49
1756013997.4349446,-7,1,-50
1756013997.4729445,-2,0,-54
1756013997.5109446,-8,-7,-56
1756013997.5499446,-2,-11,-50
1756013997.585945,-5,1,-55
1756013997.6239443,-3,-8,-63
1756013997.6619446,-2,0,-50
1756013997.700945,-4,5,-43
1756013997.7389443,-4,0,-55
1756013997.7749443,3,-6,-52
1756013997.8119447,-2,2,-44
1756013997.8509445,-2,1,-60
1756013997.8889446,-4,-1,-57
1756013997.9249446,0,-1,-57
1756013997.9629445,2,-5,-54
1756013998.0009446,0,2,-48
1756013998.0399446,-7,0,-52
1756013998.075945,0,0,-53
1756013998.1129446,-1,4,-44
1756013998.1509447,-8,4,-53
1756013998.1899445,7,-2,-59
1756013998.2259445,3,-4,-58
1756013998.2629447,-6,1,-56
1756013998.3009446,1,0,-51
1756013998.3369446,-5,0,-58
1756013998.3749447,4,2,-62
1756013998.4119446,3,-3,-41
1756013998.450945,3,-2,-48
1756013998.486945,1,-3,-47
1756013998.5239446,-2,1,-59
1756013998.5619447,-6,3,-58
1756013998.6009445,-1,2,-64
1756013998.6369443,-3,4,-70
1756013998.6739447,-4,4,-43
1756013998.7119446,0,5,-58
1756013998.7499447,-4,-4,-51
1756013998.7859447,1,-2,-50
1756013998.8229446,6,-5,-56
1756013998.861945,0,-1,-62
1756013998.8999443,3,3,-63
1756013998.9359446,9,1,-59
1756013998.9729445,4,-2,-50
1756013999.0119443,7,0,-62
1756013999.0499446,10,8,-58
1756013999.085945,2,1,-58
1756013999.1229446,0,-1,-51
1756013999.1619446,3,2,-50
1756013999.1999447,3,4,-57
1756013999.2359445,1,3,-53
1756013999.2729447,4,1,-62
1756013999.3109446,-3,1,-52
1756013999.3469446,-2,-1,-50
1756013999.384945,-2,-4,-46
1756013999.4229443,2,2,-56
1756013999.460945,2,-9,-53
1756013999.496945,-1,-12,-56
1756013999.5349443,-2,-10,-60
1756013999.5729446,4,0,-48
1756013999.611945,4,-1,-47
1756013999.6499443,-1,2,-45
1756013999.6859446,1,-3,-54
1756013999.7229445,-5,6,-54
1756013999.7619443,-2,-4,-59
1756013999.7999446,0,-5,-48
1756013999.835945,-3,0,-43
1756013999.8729446,-2,6,-43
1756013999.9119446,0,1,-60
1756013999.9479446,5,0,-57
1756013999.986945,4,-1,-59
1756014000.0249443,0,-7,-57
1756014000.0619447,-1,2,-51
1756014000.1009445,-5,6,-50
1756014000.1369443,-9,0,-56
1756014000.1749446,-10,-3,-59
1756014000.2119446,-2,0,-59
1756014000.2509446,2,0,-54
1756014000.2869446,-3,-2,-52
1756014000.3249447,-3,0,-56
1756014000.3629446,1,4,-51
1756014000.4009447,-2,-1,-49
1756014000.4369447,0,2,-49
1756014000.4749446,-7,5,-46
1756014000.5119443,-3,2,-66
1756014000.5509446,-4,-5,-54
1756014000.5869446,-6,-1,-50
1756014000.6249447,-2,4,-48
1756014000.6629446,-4,-3,-54
1756014000.7019446,-4,1,-51
1756014000.7379446,-6,-1,-49
1756014000.7759447,0,6,-47
1756014000.812945,-4,-2,-59
1756014000.8519447,0,-4,-54
1756014000.8879447,-2,-5,-57
1756014000.9259446,2,-1,-62
1756014000.963945,0,-9,-53
1756014001.0029447,7,-1,-43
1756014001.0409446,2,1,-54
1756014001.0769446,0,0,-55
1756014001.1139443,-10,0,-54
1756014001.1529446,-4,3,-55
1756014001.190945,-7,-1,-50
1756014001.2269447,-2,0,-49
1756014001.2639446,1,0,-48
1756014001.302945,-3,0,-45
1756014001.3409443,-1,4,-41
1756014001.3769443,4,-3,-42
1756014001.4139447,1,-1,-38
1756014001.4529445,0,-2,-54
1756014001.4909446,-5,-4,-60
1756014001.5269446,-3,-3,-50
1756014001.5649445,0,1,-58
1756014001.6029446,-2,2,-46
1756014001.6389446,4,-2,-48
1756014001.677945,2,1,-54
1756014001.7149446,-5,-1,-56
1756014001.7529447,2,0,-51
1756014001.7919445,3,-7,-43
1756014001.8279445,5,-5,-59
1756014001.8649447,2,-2,-49
1756014001.9029446,0,-1,-49
1756014001.9419446,-3,0,-47
1756014001.9779446,0,0,-49
1756014002.0149446,2,-1,-51
1756014002.052945,7,0,-59
1756014002.0919447,0,3,-50
1756014002.1279447,0,2,-42
1756014002.1649446,-3,6,-45
1756014002.2029445,2,0,-40
1756014002.2419446,6,2,-36
1756014002.2779446,5,2,-44
1756014002.3149445,7,6,-52
1756014002.3529446,0,8,-50
1756014002.3889446,-1,2,-43
1756014002.4259446,-1,-6,-55
1756014002.463945,-10,-1,-53
1756014002.5029447,-4,0,-53
1756014002.5389447,-10,-1,-47
1756014002.5769446,0,-1,-56
1756014002.6149447,5,-1,-54
1756014002.6539447,1,-5,-51
1756014002.6919446,-4,0,-43
1756014002.7279446,-7,0,-47
1756014002.7659447,0,5,-45
1756014002.8039446,-6,1,-54
1756014002.8429446,0,-3,-51
1756014002.8789446,3,2,-49
1756014002.9159446,4,-1,-40
1756014002.9539447,9,1,-50
1756014002.9919446,0,1,-55
1756014003.0279446,-3,-1,-51
1756014003.065945,6,5,-46
1756014003.1039443,7,0,-45
1756014003.1419446,7,-1,-43
1756014003.177945,-1,-2,-38
1756014003.2159443,-4,-1,-48
1756014003.2539446,2,-2,-44
1756014003.292945,1,0,-48
1756014003.3289447,0,3,-52
1756014003.3669446,0,-3,-64
1756014003.404945,3,3,-52
1756014003.4439447,2,0,-52
1756014003.4799447,2,1,-49
1756014003.5169446,-2,1,-48
1756014003.5559447,-2,6,-53
1756014003.5939443,0,0,-48
1756014003.6299446,1,-1,-41
1756014003.667945,1,-5,-51
1756014003.7059443,1,2,-48
1756014003.7439446,5,6,-65
1756014003.779945,1,6,-65
1756014003.8179443,4,1,-56
1756014003.8549447,1,-3,-54
1756014003.8939445,-4,-1,-56
1756014003.9299445,1,1,-54
1756014003.9679446,2,-5,-51
1756014004.006945,10,-8,-44
1756014004.0449443,-1,-5,-61
1756014004.0829446,-4,-4,-60
1756014004.1189446,-4,-3,-60
1756014004.1569445,0,-2,-51
1756014004.1949446,-3,-2,-48
1756014004.233945,2,3,-60
1756014004.269945,1,1,-64
1756014004.3069446,-2,-3,-72
1756014004.3449447,-1,5,-55
1756014004.3839445,0,7,-44
1756014004.4199443,-7,3,-48
1756014004.4569447,-1,-5,-51
1756014004.4949446,9,-2,-48
1756014004.5339446,4,-3,-54
1756014004.5699446,10,0,-61
1756014004.6069446,-4,2,-54
1756014004.644945,-2,-6,-55
1756014004.6839447,1,-3,-60
1756014004.7199447,0,0,-56
1756014004.756945,1,0,-47
1756014004.7949443,5,2,-42
1756014004.8329446,2,-4,-57
1756014004.8689446,1,-7,-58
1756014004.9069445,-1,0,-50
1756014004.9449446,-2,-1,-47
1756014004.983945,5,-3,-52
1756014005.019945,3,2,-46
1756014005.0569446,-1,-1,-37
1756014005.0949447,-3,-8,-33
1756014005.1339445,2,-2,-48
1756014005.1699443,5,-3,-55
1756014005.2069447,0,1,-46
1756014005.2449446,5,5,-56
1756014005.2809446,2,6,-52
1756014005.3179443,0,1,-51
1756014005.3569446,1,2,-54
1756014005.394945,15,0,-58
1756014005.4309447,4,1,-67
1756014005.4679446,12,-4,-52
1756014005.5059447,5,-4,-48
1756014005.5449443,0,-5,-50
1756014005.5809443,5,-3,-55
1756014005.6179447,-1,-9,-47
1756014005.6559446,2,-3,-46
1756014005.6949446,7,0,-51
1756014005.7309446,4,5,-41
1756014005.7679446,-8,-2,-56
1756014005.8059447,-3,5,-54
1756014005.8449447,8,3,-48
1756014005.8809447,0,4,-63
1756014005.917945,3,-1,-52
1756014005.9569447,4,0,-48
1756014005.9949446,3,-6,-49
1756014006.0309446,-3,-1,-44
1756014006.0689447,0,0,-50
1756014006.1069446,-6,1,-59
1756014006.144945,-2,-5,-53
1756014006.1809447,1,-2,-54
1756014006.2189443,3,-2,-47
1756014006.2559447,3,-2,-45
1756014006.2949443,6,-3,-60
1756014006.3309443,4,-3,-56
1756014006.3689446,-1,-1,-55
1756014006.4059446,-4,-1,-54
1756014006.4449446,3,2,-51
1756014006.4809446,0,3,-50
1756014006.5189445,-1,4,-48
1756014006.5569446,7,3,-45
1756014006.5949447,7,7,-51
1756014006.6309447,4,-1,-45
1756014006.6689446,-1,0,-48
1756014006.7069447,0,-1,-52
1756014006.7459445,-2,-2,-47
1756014006.7819445,0,0,-45
1756014006.8189447,3,-5,-51
1756014006.8569446,5,-3,-57
1756014006.9019446,6,-3,-50
1756014006.9399445,8,-2,-52
1756014006.9769447,1,1,-51
1756014007.0159447,0,-6,-48
1756014007.0519447,0,-5,-46
1756014007.0899446,-1,0,-55
1756014007.1269443,2,-8,-59
1756014007.1659446,-7,-6,-45
1756014007.2019446,-4,-6,-51
1756014007.2399447,1,1,-40
1756014007.2769446,-2,4,-51
1756014007.315945,0,2,-46
1756014007.3519447,-4,5,-54
1756014007.3889446,-3,1,-48
1756014007.4269447,-1,2,-58
1756014007.4659443,0,0,-57
1756014007.5019443,6,-1,-43
1756014007.5399446,3,2,-43
1756014007.5769446,5,1,-58
1756014007.6149447,0,2,-62
1756014007.6509447,-5,3,-55
1756014007.687945,4,0,-52
1756014007.7259445,4,0,-52
1756014007.7619443,4,-4,-50
1756014007.7989447,1,-1,-45
1756014007.8369446,-5,-2,-40
1756014007.8759446,1,0,-45
1756014007.9119446,-6,-3,-49
1756014007.9499447,4,0,-57
1756014007.9879446,2,1,-49
1756014008.0259447,0,5,-40
1756014008.0619447,8,-4,-51
1756014008.098945,0,-5,-53
1756014008.1369443,0,-2,-50
1756014008.1759446,3,-4,-57
1756014008.2119446,1,0,-63
1756014008.2489443,7,-2,-53
1756014008.2869446,-3,-1,-47
1756014008.325945,-3,-2,-62
1756014008.361945,-4,0,-59
1756014008.3999443,-3,-1,-58
1756014008.4389446,-1,-9,-54
1756014008.4769447,3,-5,-52
1756014008.5129447,2,-5,-51
1756014008.5499446,5,-7,-51
1756014008.5879445,4,-1,-45
1756014008.6269443,4,0,-60
1756014008.6629446,1,-8,-65
1756014008.6999447,9,-3,-55
1756014008.7379446,4,-5,-58
1756014008.7769446,2,-4,-58
1756014008.812945,3,0,-48
1756014008.8499446,1,-5,-62
1756014008.8879447,3,1,-51
1756014008.9269447,0,-1,-43
1756014008.9629445,0,4,-46
1756014008.9999447,-4,-4,-56
1756014009.0379446,-8,-4,-66
1756014009.0769446,0,4,-59
1756014009.1129446,0,-1,-58
1756014009.1499443,0,6,-54
1756014009.187945,-6,1,-43
1756014009.2259445,-1,0,-44
1756014009.2619443,-5,3,-58
1756014009.2999446,-1,-2,-52
1756014009.338945,-5,-4,-64
1756014009.3769443,0,-3,-64
1756014009.4129446,0,-4,-47
1756014009.450945,3,-4,-48
1756014009.4889443,6,-1,-58
1756014009.5279446,7,-7,-61
1756014009.565945,4,4,-53
1756014009.6019447,0,0,-44
1756014009.6389446,-4,1,-45
1756014009.677945,-2,0,-49
1756014009.7169447,0,-1,-64
1756014009.7529447,-5,0,-49
1756014009.7909446,-1,2,-58
1756014009.8289447,2,-6,-57
1756014009.8679447,2,0,-54
1756014009.9039447,-2,3,-49
1756014009.9419446,0,5,-44
1756014009.9789443,-4,0,-57
1756014010.0179446,-4,-2,-54
1756014010.0539446,0,-1,-61
1756014010.0919447,0,4,-55
1756014010.1289446,1,-3,-58
1756014010.167945,2,0,-62
1756014010.2039447,3,-4,-51
1756014010.2419446,2,0,-54
1756014010.2789447,0,4,-61
1756014010.3169446,-1,1,-56
1756014010.3529446,-5,-1,-62
1756014010.3909447,3,1,-55
1756014010.427945,2,0,-48
1756014010.4669447,2,3,-56
1756014010.5029447,-1,-2,-52
1756014010.5409446,0,1,-56
1756014010.5789447,-1,-5,-47
1756014010.6179447,4,1,-40
1756014010.6539447,14,4,-39
1756014010.6919446,8,4,-59
1756014010.7289443,4,4,-43
1756014010.7669446,-6,2,-50
1756014010.802945,-4,-5,-45
1756014010.8419447,0,-3,-37
1756014010.8789446,1,-3,-42
1756014010.917945,5,4,-43
1756014010.9539447,2,-1,-56
1756014010.9919446,1,1,-43
1756014011.0289447,5,0,-34
1756014011.0669446,4,0,-47
1756014011.1029446,3,0,-52
1756014011.1409447,-6,0,-51
1756014011.1789446,-5,-5,-58
1756014011.2179446,0,0,-60
1756014011.2539446,-2,-1,-55
1756014011.2919445,-3,-1,-52
1756014011.3309443,5,-1,-55
1756014011.3689446,-3,2,-50
1756014011.4069445,-2,5,-47
1756014011.4429443,3,5,-48
1756014011.4799447,2,2,-54
1756014011.5189445,2,-1,-55
1756014011.5549445,1,-1,-64
1756014011.5919447,3,3,-56
1756014011.6289446,-1,2,-51
1756014011.667945,-4,0,-58
1756014011.7039447,0,-4,-61
1756014011.7419446,0,-9,-54
1756014011.779945,6,1,-44
1756014011.8189447,-1,0,-47
1756014011.8549447,0,-2,-47
1756014011.8919446,-3,-4,-42
1756014011.9299445,3,0,-42
1756014011.9699447,-5,-3,-45
1756014012.0079446,-2,0,-46
1756014012.0439446,-2,0,-52
1756014012.0809443,0,-4,-56
1756014012.1189446,6,-4,-47
1756014012.157945,-1,-6,-53
1756014012.1939447,0,-2,-54
1756014012.2309446,-1,-3,-48
1756014012.269945,-7,-8,-59
1756014012.3079443,-2,-7,-46
1756014012.3439443,2,0,-54
1756014012.3809447,-1,-4,-51
1756014012.4199443,-4,-8,-42
1756014012.4579446,-8,2,-60
1756014012.4939446,-11,0,-51
1756014012.5309446,-6,-5,-48
1756014012.5699446,0,-6,-55
1756014012.6079447,12,0,-62
1756014012.6439445,8,2,-58
1756014012.6809447,0,3,-52
1756014012.7199447,1,2,-54
1756014012.7579446,5,3,-59
1756014012.7939446,0,-1,-59
1756014012.8309443,0,-2,-58
1756014012.8699446,0,0,-52
1756014012.907945,-9,-1,-51
1756014012.9439447,-9,0,-56
1756014012.9809446,0,0,-40
1756014013.0189445,7,0,-45
1756014013.0549445,0,-4,-39
1756014013.0919447,0,2,-56
1756014013.1299446,0,-1,-42
1756014013.1659446,15,-8,-45
1756014013.2029445,3,-7,-46
1756014013.2409446,0,-1,-55
1756014013.279945,-7,-2,-56
1756014013.315945,0,-5,-69
1756014013.3529446,1,-8,-51
1756014013.3909447,-6,-9,-46
1756014013.4299445,0,0,-48
1756014013.4659443,2,0,-62
1756014013.5029447,0,0,-59
1756014013.5399446,-6,-5,-69
1756014013.5789447,-6,-1,-60
1756014013.6149447,-7,6,-53
1756014013.6519446,-1,2,-52
1756014013.6899445,1,-5,-50
1756014013.7289443,1,3,-51
1756014013.7649446,0,-1,-58
1756014013.8019447,0,0,-53
1756014013.8399446,1,1,-49
1756014013.8759446,-5,6,-51
1756014013.9139447,-5,7,-61
1756014013.950945,-8,0,-64
1756014013.9899447,-4,-3,-51
1756014014.0259447,-5,0,-44
1756014014.0639446,-3,-4,-46
1756014014.1009445,-2,0,-44
1756014014.1399446,0,3,-55
1756014014.1759446,-4,0,-49
1756014014.2129445,1,-1,-60
1756014014.2509446,7,2,-60
1756014014.2889447,8,-3,-41
1756014014.3249447,3,-5,-47
1756014014.3639443,1,3,-46
1756014014.4009447,-1,-1,-39
1756014014.4399445,-3,0,-51
1756014014.4759445,-7,0,-63
1756014014.5129447,-3,-3,-57
1756014014.5509446,-1,3,-49
1756014014.5899446,2,-3,-51
1756014014.6259446,-1,0,-45
1756014014.6629446,-3,0,-46
1756014014.700945,1,3,-54
1756014014.7389443,2,-2,-50
1756014014.7749443,0,-1,-56
1756014014.8119447,5,2,-56
1756014014.8499446,-1,4,-59
1756014014.8859446,-1,-3,-56
1756014014.9249446,0,0,-51
1756014014.9619446,0,2,-39
1756014014.9999447,1,4,-44
1756014015.0359447,-7,3,-43
1756014015.0749447,-3,10,-54
1756014015.111945,1,4,-58
1756014015.1499443,0,-6,-60
1756014015.1859446,1,1,-59
1756014015.2229445,3,7,-50
1756014015.2609446,-5,5,-53
1756014015.2969446,-5,7,-46
1756014015.3339446,5,0,-45
1756014015.3709445,0,-3,-41
1756014015.4099443,0,-3,-53
1756014015.4469447,-5,2,-53
1756014015.483945,1,6,-42
1756014015.5209446,0,-7,-54
1756014015.5599446,2,-5,-54
1756014015.5959446,7,0,-56
1756014015.6339445,3,-1,-49
1756014015.6719446,-3,0,-40
1756014015.7099447,0,0,-42
1756014015.7459445,-6,0,-44
1756014015.7839446,-4,0,-52
1756014015.8219447,0,2,-51
1756014015.8599446,-1,1,-60
1756014015.8959446,1,-3,-63
1756014015.9339447,-11,2,-54
1756014015.9719446,1,0,-50
1756014016.009945,-3,-2,-52
1756014016.0459447,-4,1,-56
1756014016.0839446,4,1,-42
1756014016.121945,2,-1,-48
1756014016.1599443,-7,0,-55
1756014016.1969447,0,7,-51
1756014016.233945,-6,0,-45
1756014016.2719443,1,-3,-41
1756014016.3109446,2,-1,-50
1756014016.3469446,-2,1,-50
1756014016.3839445,0,-2,-57
1756014016.4219446,-1,0,-57
1756014016.460945,-3,0,-49
1756014016.496945,3,0,-46
1756014016.5339446,0,2,-58
1756014016.5719447,1,2,-60
1756014016.6079447,-4,0,-49
1756014016.644945,2,-1,-46
1756014016.6839447,-4,-3,-55
1756014016.7219446,-1,-2,-55
1756014016.7579446,-8,-3,-56
1756014016.7969446,2,-3,-66
1756014016.8339446,2,0,-56
1756014016.871945,0,-3,-56
1756014016.9169445,-1,1,-64
1756014016.9549446,-5,-9,-58
1756014016.9919446,0,-4,-56
1756014017.0309446,2,-2,-48
1756014017.0669446,1,-2,-45
1756014017.1049447,-10,2,-42
1756014017.1429446,0,4,-44
1756014017.1809447,3,5,-47
1756014017.2169447,1,2,-35
1756014017.2539446,-3,0,-48
1756014017.292945,1,0,-54
1756014017.3309443,-1,6,-54
1756014017.3669446,-5,8,-51
1756014017.404945,2,2,-44
1756014017.4429443,0,4,-55
1756014017.4809446,2,0,-59
1756014017.5169446,4,0,-47
1756014017.5539446,1,0,-46
1756014017.5919447,-1,-4,-61
1756014017.6279447,2,-5,-60
1756014017.6669445,0,-1,-50
1756014017.7039447,0,-5,-46
1756014017.7429447,-2,4,-47
1756014017.7809446,-9,0,-49
1756014017.8169446,-5,0,-52
1756014017.8549447,-1,-2,-46
1756014017.8929446,10,-1,-48
1756014017.9309447,2,0,-59
1756014017.9669447,1,0,-53
1756014018.0049446,0,-1,-52
1756014018.042945,0,-2,-50
1756014018.0809443,3,-6,-58
1756014018.1169446,3,1,-60
1756014018.1539447,0,5,-57
1756014018.1919446,2,2,-36
1756014018.2279446,1,0,-44
1756014018.2649446,6,1,-55
1756014018.302945,7,1,-49
1756014018.338945,9,0,-41
1756014018.3769443,-2,2,-44
1756014018.4149446,0,2,-52
1756014018.4529445,0,-8,-56
1756014018.4919446,7,-11,-44
1756014018.5279446,1,-8,-51
1756014018.565945,-3,-2,-66
1756014018.6049447,3,0,-69
1756014018.6429446,-1,9,-59
1756014018.6789446,-4,-1,-58
1756014018.7169447,-4,-2,-47
1756014018.7549446,-2,-1,-51
1756014018.792945,-1,0,-45
1756014018.8319447,1,0,-56
1756014018.8679447,0,6,-47
1756014018.904945,4,3,-39
1756014018.9429443,0,2,-53
1756014018.9789443,-4,-1,-47
1756014019.0169446,-1,-2,-48
1756014019.0549445,1,0,-52
1756014019.0929446,3,2,-51
1756014019.1289446,-1,0,-49
1756014019.1669445,0,-1,-54
1756014019.2049446,-3,-1,-47
1756014019.2439446,-6,0,-41
1756014019.2819445,-7,7,-47
1756014019.3179443,2,1,-44
1756014019.3549447,2,3,-47
1756014019.3929446,-1,-3,-60
1756014019.4289446,2,-2,-49
1756014019.4669447,6,-9,-48
1756014019.5049446,6,-5,-55
1756014019.5439446,7,0,-43
1756014019.5819447,-2,-5,-41
1756014019.6179447,0,-5,-48
1756014019.6559446,-2,0,-50
1756014019.6939447,-4,-8,-56
1756014019.7329447,0,0,-59
1756014019.7689445,1,-3,-56
1756014019.8079443,-7,-9,-65
1756014019.8449447,-3,-2,-66
1756014019.8839445,-1,0,-53
1756014019.9219446,4,0,-51
1756014019.9579446,0,1,-52
1756014019.9949446,-2,0,-57
1756014020.0339446,4,-2,-47
1756014020.0699446,-1,0,-64
1756014020.1079447,-6,4,-54
1756014020.1459446,-2,-3,-45
1756014020.1839447,-3,-1,-42
1756014020.2229445,0,-6,-53
1756014020.2589445,-1,2,-56
1756014020.2969446,0,0,-53
1756014020.3339446,3,1,-50
1756014020.3709445,-4,3,-49
1756014020.407945,-11,5,-50
1756014020.4459443,-7,-2,-47
1756014020.483945,0,-3,-51
1756014020.5229447,-6,1,-53
1756014020.5589447,0,0,-52
1756014020.5959446,0,0,-47
1756014020.634945,2,-3,-52
1756014020.6729443,1,3,-48
1756014020.7089446,-1,7,-60
1756014020.7459445,-6,5,-52
1756014020.7849443,1,3,-51
1756014020.8229446,-2,0,-56
1756014020.858945,2,1,-54
1756014020.8959446,-1,0,-53
1756014020.9349446,1,1,-48
1756014020.9729445,0,-3,-50
1756014021.0089445,3,-8,-43
1756014021.0459447,0,0,-48
1756014021.0839446,1,-3,-51
1756014021.1199446,-4,1,-62
1756014021.157945,1,4,-54
1756014021.1959443,0,3,-54
1756014021.2349446,2,2,-59
1756014021.2729447,-1,0,-53
1756014021.3089447,5,-2,-38
1756014021.3459446,3,1,-50
1756014021.384945,-6,-6,-54
1756014021.4229443,-8,0,-56
1756014021.4589446,3,0,-55
1756014021.4959445,3,5,-53
1756014021.5349443,1,9,-44
1756014021.5709443,-1,8,-36
1756014021.6079447,-3,3,-52
1756014021.6459446,0,4,-49
1756014021.6839447,-7,1,-41
1756014021.7199447,-6,-4,-47
1756014021.7579446,0,4,-60
1756014021.7949443,3,4,-42
1756014021.8339446,2,0,-44
1756014021.8699446,6,-1,-54
1756014021.907945,6,-3,-56
1756014021.9459443,-1,-6,-58
1756014021.9849446,-1,-5,-58
1756014022.0209446,-1,-1,-61
1756014022.0589447,-3,-4,-42
1756014022.0969446,3,1,-57
1756014022.134945,0,0,-57
1756014022.1709447,0,0,-60
1756014022.2089446,0,1,-53
1756014022.2459445,-8,-1,-55
1756014022.2849443,-3,-4,-55
1756014022.3209443,3,-2,-50
1756014022.3579447,0,-1,-42
1756014022.3959446,-3,-4,-44
1756014022.4349446,-1,-2,-43
1756014022.4709446,4,-7,-46
1756014022.5079446,-1,0,-42
1756014022.5459447,-1,1,-54
1756014022.5849447,4,4,-44
1756014022.6209445,-5,4,-44
1756014022.657945,-8,12,-55
1756014022.6959443,-11,1,-60
1756014022.7349446,2,-4,-42
1756014022.7709446,3,-5,-35
1756014022.8089447,4,0,-40
1756014022.8459446,3,1,-50
1756014022.8839445,2,1,-55
1756014022.9199443,9,-2,-54
1756014022.9579446,8,-2,-64
1756014022.9959445,9,-2,-60
1756014023.0349443,5,-5,-50
1756014023.0709443,4,-1,-61
1756014023.1079447,2,-2,-59
1756014023.1459446,-2,-3,-47
1756014023.1849446,-2,-3,-48
1756014023.2209446,-2,-6,-51
1756014023.2589445,-4,-1,-49
1756014023.2969446,1,-4,-54
1756014023.335945,2,-1,-63
1756014023.371945,0,-4,-55
1756014023.4099443,2,3,-47
1756014023.4479446,3,-2,-55
1756014023.4859445,-3,3,-53
1756014023.5249443,4,-4,-43
1756014023.5609446,-1,-3,-43
1756014023.598945,-5,-2,-52
1756014023.6369443,-10,0,-57
1756014023.6759446,-9,-1,-59
1756014023.7119446,-8,0,-55
1756014023.7499447,-5,2,-54
1756014023.7879446,-1,-5,-46
1756014023.825945,-1,3,-52
1756014023.8649447,3,-1,-50
1756014023.9009447,0,0,-57
1756014023.9389446,-5,-3,-52
1756014023.9769447,1,-9,-41
1756014024.0159447,0,0,-33
1756014024.0519447,0,0,-39
1756014024.088945,7,-1,-52
1756014024.1269443,2,-3,-47
1756014024.1659446,0,5,-55
1756014024.2019446,1,-2,-51
1756014024.2389443,2,0,-55
1756014024.2769446,1,-8,-48
1756014024.3149445,1,-1,-42
1756014024.3509445,0,1,-49
1756014024.3889446,-1,2,-57
1756014024.4269447,-1,3,-53
1756014024.4659443,-5,8,-51
1756014024.5019443,-3,6,-54
1756014024.5399446,0,3,-41
1756014024.5769446,8,3,-40
1756014024.6159446,-5,0,-55
1756014024.6519446,2,-4,-48
1756014024.6899445,4,-2,-41
1756014024.7289443,3,7,-36
1756014024.7669446,0,3,-52
1756014024.8049445,0,0,-47
1756014024.8409443,-1,6,-52
1756014024.8789446,-7,-3,-48
1756014024.9169445,-1,-8,-53
1756014024.9529445,-1,-6,-58
1756014024.9909446,-4,-3,-64
1756014025.0289447,1,-3,-56
1756014025.0669446,1,-2,-58
1756014025.1059446,3,0,-44
1756014025.1419446,4,-1,-48
1756014025.1789446,0,2,-55
1756014025.2169447,0,-1,-51
1756014025.2559447,3,0,-54
1756014025.2919445,4,-1,-37
1756014025.3289447,6,-2,-44
1756014025.3669446,2,1,-52
1756014025.4029446,0,3,-58
1756014025.4399445,0,1,-57
1756014025.4779446,-4,2,-51
1756014025.5169446,0,-1,-54
1756014025.552945,0,-5,-56
1756014025.5899446,-1,-4,-58
1756014025.6279447,-2,4,-48
1756014025.6669445,4,-2,-44
1756014025.7029445,2,-5,-47
1756014025.7399447,-4,-2,-46
1756014025.7779446,-3,0,-44
1756014025.8169446,-8,0,-54
1756014025.8529446,-1,3,-50
1756014025.8899446,-6,9,-55
1756014025.927945,-4,1,-58
1756014025.9669447,-1,1,-48
1756014026.0029447,2,0,-50
1756014026.0399446,0,0,-54
1756014026.0779445,-4,4,-45
1756014026.1159446,0,-3,-56
1756014026.1519446,-1,-3,-53
1756014026.1899445,-1,0,-51
1756014026.2279446,-2,0,-46
1756014026.2669446,0,-3,-50
1756014026.302945,-1,0,-54
1756014026.3409443,-1,0,-62
1756014026.3789446,2,-3,-60
1756014026.417945,5,-2,-54
1756014026.4559443,1,2,-50
1756014026.4919446,-5,0,-48
1756014026.529945,-5,0,-55
1756014026.5679443,-4,0,-47
1756014026.6069446,-4,-4,-45
1756014026.6429446,3,-8,-45
1756014026.6799445,4,0,-58
1756014026.7179446,5,-4,-45
1756014026.7539446,3,-5,-52
1756014026.7909446,7,-5,-53
1756014026.8289447,1,0,-41
1756014026.8669446,0,0,-38
1756014026.9029446,0,1,-58
1756014026.9489446,5,5,-55
1756014026.986945,-5,2,-50
1756014027.0229447,-1,-5,-40
1756014027.0609446,-3,-3,-56
1756014027.098945,0,10,-51
1756014027.1369443,0,5,-60
1756014027.1729443,1,6,-55
1756014027.2099447,2,0,-41
1756014027.2479446,0,0,-55
1756014027.2839446,-2,0,-54
1756014027.3209443,-15,-3,-57
1756014027.358945,2,-1,-62
1756014027.3979447,-1,1,-42
1756014027.4339447,-2,7,-40
1756014027.4709446,-5,3,-63
1756014027.5089445,-7,-3,-50
1756014027.5479443,-8,-3,-49
1756014027.5839446,-1,5,-48
1756014027.6209445,-2,0,-41
1756014027.6589446,-4,1,-45
1756014027.6979446,-7,6,-62
1756014027.733945,-4,0,-64
1756014027.7719443,1,3,-53
1756014027.8089447,-1,4,-52
1756014027.8479445,0,0,-65
1756014027.8839445,0,0,-56
1756014027.9209447,-4,2,-52
1756014027.9589446,-3,5,-49
1756014027.9979446,0,0,-55
1756014028.0339446,-5,3,-55
1756014028.0709443,2,0,-48
1756014028.108945,0,0,-58
1756014028.1469443,3,3,-52
1756014028.1829443,3,2,-52
1756014028.2209446,0,-2,-50
1756014028.2589445,1,-7,-37
1756014028.2979443,-6,0,-42
1756014028.3339446,-2,0,-49
1756014028.3709445,-1,-2,-46
1756014028.4089446,0,-3,-61
1756014028.4479446,-8,0,-64
1756014028.483945,-2,0,-58
1756014028.5209446,1,0,-64
1756014028.5589447,5,0,-61
1756014028.5979445,1,-7,-62
1756014028.6339445,3,-1,-54
1756014028.6719446,-5,-1,-56
1756014028.7089446,-1,4,-45
1756014028.7479446,3,0,-56
1756014028.7839446,-1,0,-56
1756014028.8219447,-1,0,-47
1756014028.8609445,0,-4,-57
1756014028.8989446,-2,-6,-47
1756014028.9349446,5,0,-53
1756014028.9719446,7,1,-53
1756014029.009945,6,-4,-44
1756014029.0479443,6,-8,-53
1756014029.0839446,0,-6,-45
1756014029.121945,-4,0,-42
1756014029.1599443,4,0,-56
1756014029.1989446,-1,1,-53
1756014029.2349446,-5,-1,-59
1756014029.2729447,-7,3,-45
1756014029.3109446,6,2,-42
1756014029.348945,9,-5,-53
1756014029.384945,-1,-4,-50
1756014029.4229443,-3,-3,-53
1756014029.460945,-3,-5,-54
1756014029.4999447,-2,-5,-59
1756014029.5379446,2,-4,-51
1756014029.5739446,-3,-3,-52
1756014029.611945,6,0,-61
1756014029.6499443,0,0,-59
1756014029.687945,0,-3,-56
1756014029.723945,2,0,-57
1756014029.7609446,3,2,-59
1756014029.7989447,8,6,-50
1756014029.8349447,4,5,-54
1756014029.871945,0,0,-54
1756014029.9099443,0,-5,-53
1756014029.9459443,3,-1,-60
1756014029.9829447,0,-1,-61
1756014030.0209446,-4,1,-55
1756014030.0599446,-4,-5,-50
1756014030.0959446,-1,-3,-53
1756014030.134945,8,3,-40
1756014030.1719446,0,1,-57
1756014030.2099447,2,2,-58
1756014030.2459445,4,-1,-56
1756014030.282945,0,-1,-51
1756014030.3209443,4,-1,-60
1756014030.3599446,-1,-4,-48
1756014030.3959446,2,-5,-49
1756014030.4329443,-5,-5,-51
1756014030.4709446,0,-4,-53
1756014030.509945,5,-2,-47
1756014030.5459447,5,1,-46
1756014030.5829446,3,3,-48
1756014030.6209445,-4,0,-56
1756014030.6589446,-1,-1,-51
1756014030.6959443,1,-3,-52
1756014030.7329447,10,0,-52
1756014030.7709446,0,-2,-44
1756014030.8089447,1,0,-56
1756014030.8449447,-2,0,-55
1756014030.8829446,-3,-2,-54
1756014030.9209447,-2,0,-61
1756014030.9599447,-8,-5,-50
1756014030.9959445,-4,-2,-49
1756014031.0349443,5,6,-48
1756014031.0719447,-1,8,-55
1756014031.1109445,5,0,-52
1756014031.1489446,5,2,-51
1756014031.1849446,-5,2,-52
1756014031.2229445,-3,1,-52
1756014031.2609446,-4,4,-45
1756014031.2999446,0,4,-61
1756014031.3369446,-4,3,-46
1756014031.3739443,-1,-4,-49
1756014031.4119446,1,-5,-55
1756014031.450945,3,-4,-44
1756014031.486945,2,4,-54
1756014031.5239446,0,-2,-54
1756014031.5619447,3,2,-51
1756014031.5999446,1,-3,-50
1756014031.6359446,-3,0,-55
1756014031.6739447,-3,2,-49
1756014031.7119446,-5,2,-47
1756014031.7509446,1,-9,-53
1756014031.7869446,1,-4,-52
1756014031.8239446,1,-3,-46
1756014031.861945,-3,0,-51
1756014031.9009447,-8,-1,-57
1756014031.9369447,-4,-4,-57
1756014031.9759445,0,-5,-39
1756014032.0129447,-2,-2,-45
1756014032.0509446,-7,5,-44
1756014032.0899446,0,0,-48
1756014032.1259446,-4,-1,-47
1756014032.1639447,-3,-6,-49
1756014032.2019446,-2,-10,-56
1756014032.2409446,0,-4,-52
1756014032.2769446,0,-6,-47
1756014032.3149445,-1,2,-35
1756014032.3539443,-2,1,-47
1756014032.3919446,-1,-1,-52
1756014032.4299445,-1,-6,-49
1756014032.4659443,0,-3,-54
1756014032.5039446,2,2,-54
1756014032.5419445,3,-7,-50
1756014032.5799446,-3,-2,-53
1756014032.6159446,-6,-2,-58
1756014032.6539447,-4,-1,-37
1756014032.6919446,2,-3,-45
1756014032.7309446,0,0,-52
1756014032.7669446,2,0,-49
1756014032.8039446,3,2,-51
1756014032.8429446,-2,2,-45
1756014032.8809447,-1,2,-54
1756014032.9169445,-1,-3,-57
1756014032.9549446,0,1,-48
1756014032.9929447,-3,-7,-50
1756014033.0309446,-5,-6,-53
1756014033.0669446,0,-2,-58
1756014033.1049447,0,-4,-52
1756014033.1429446,-7,-5,-54
1756014033.1819446,-5,1,-53
1756014033.2179446,-4,-3,-45
1756014033.2559447,1,-8,-56
1756014033.2939446,0,-5,-58
1756014033.3319447,-3,5,-53
1756014033.3709445,-4,0,-53
1756014033.4069445,-4,-5,-56
1756014033.4449446,-9,-2,-62
1756014033.483945,-4,-1,-62
1756014033.5219443,0,3,-48
1756014033.5579443,-5,-1,-45
1756014033.5969446,0,-1,-41
1756014033.6339445,-4,3,-41
1756014033.6719446,3,0,-54
1756014033.710945,5,0,-50
1756014033.746945,0,5,-52
1756014033.7839446,0,0,-63
1756014033.8219447,-1,3,-52
1756014033.8579447,-5,0,-49
1756014033.8959446,-1,-1,-55
1756014033.9339447,-1,-1,-45
1756014033.9729445,2,1,-51
1756014034.0109446,0,-3,-48
1756014034.0469446,-8,-6,-58
1756014034.0849447,0,-6,-58
1756014034.1229446,-8,3,-51
1756014034.1619446,-3,5,-56
1756014034.1979446,-8,-2,-60
1756014034.2359445,-1,5,-57
1756014034.2739446,0,-1,-46
1756014034.312945,4,-5,-52
1756014034.3509445,0,-2,-56
1756014034.3869443,6,0,-49
1756014034.4249446,-2,-2,-51
1756014034.4629445,-4,-8,-45
1756014034.5009446,1,0,-51
1756014034.5369446,-2,1,-41
1756014034.5749447,-1,-1,-45
1756014034.6129446,3,0,-43
1756014034.6509447,-6,6,-50
1756014034.6869447,-10,0,-47
1756014034.7249446,-9,-2,-46
1756014034.7629447,-2,-2,-50
1756014034.8009446,1,1,-60
1756014034.8369446,6,1,-52
1756014034.8749447,-3,-5,-62
1756014034.9129446,0,0,-60
1756014034.9489446,-5,-2,-57
1756014034.9879446,-1,0,-66
1756014035.0249443,1,-3,-53
1756014035.062945,2,0,-48
1756014035.098945,-1,-2,-47
1756014035.1369443,-2,-2,-51
1756014035.1749446,5,5,-54
1756014035.2129445,-2,5,-51
1756014035.2489443,2,5,-59
1756014035.2859447,0,7,-52
1756014035.3229446,-5,7,-52
1756014035.361945,-2,0,-52
1756014035.3979447,-1,-8,-59
1756014035.4359446,4,-1,-49
1756014035.4749446,-1,0,-46
1756014035.5129447,6,0,-54
1756014035.5489447,3,4,-49
1756014035.585945,0,-3,-54
1756014035.6249447,-3,-3,-50
1756014035.6629446,3,2,-40
1756014035.6989446,-2,3,-41
1756014035.7359445,1,2,-47
1756014035.7739446,-6,3,-50
1756014035.8119447,0,-1,-55
1756014035.8479445,-5,-2,-55
1756014035.8859446,-4,2,-59
1756014035.9239447,-6,-3,-51
1756014035.9629445,1,-6,-54
1756014035.9989443,1,-2,-55
1756014036.0369446,5,-2,-46
1756014036.0749447,0,5,-45
1756014036.1129446,6,3,-41
1756014036.1489446,0,2,-46
1756014036.1859446,4,5,-42
1756014036.223945,-1,-2,-45
1756014036.2619443,1,4,-45
1756014036.2979443,-1,8,-42
1756014036.3349447,5,4,-57
1756014036.3739443,3,2,-47
1756014036.4119446,-10,-1,-53
1756014036.4479446,-12,0,-41
1756014036.4859445,3,0,-48
1756014036.5239446,5,4,-42
1756014036.5599446,4,-7,-45
1756014036.5969446,-1,-5,-42
1756014036.634945,-3,-3,-43
1756014036.6739447,-4,-6,-52
1756014036.7099447,-5,-8,-52
1756014036.7479446,-2,-7,-52
1756014036.7859447,1,0,-58
1756014036.8239446,1,-2,-50
1756014036.8599446,4,0,-49
1756014036.8969443,-2,-2,-55
1756014036.9349446,-4,-1,-49
1756014036.9789443,-6,0,-51
1756014037.0179446,-6,-1,-47
1756014037.0549445,0,4,-51
1756014037.0929446,-8,6,-53
1756014037.1289446,-1,3,-54
1756014037.1659446,0,2,-54
1756014037.2039447,0,0,-57
1756014037.2399447,-5,-7,-57
1756014037.2779446,-4,0,-53
1756014037.315945,-3,-2,-50
1756014037.3549447,-2,2,-53
1756014037.3929446,1,3,-51
1756014037.4289446,0,-4,-60
1756014037.4659443,-1,0,-66
1756014037.5049446,-10,-1,-68
1756014037.542945,-6,-2,-50
1756014037.5789447,-3,-1,-56
1756014037.6169446,-2,1,-48
1756014037.654945,7,3,-49
1756014037.6929443,0,5,-49
1756014037.7289443,1,4,-50
1756014037.7659447,2,1,-54
1756014037.8039446,2,-2,-57
1756014037.8399446,0,3,-50
1756014037.8769443,-9,3,-50
1756014037.9149446,-3,0,-58
1756014037.9539447,1,0,-56
1756014037.9899447,3,0,-56
1756014038.0269446,-6,0,-56
1756014038.0649445,0,-3,-58
1756014038.1039443,3,-1,-57
1756014038.1399446,5,-3,-46
1756014038.1769447,-1,-7,-55
1756014038.2149446,0,0,-51
1756014038.2509446,4,1,-67
1756014038.2879446,5,2,-47
1756014038.3249447,3,-1,-47
1756014038.3639443,1,2,-55
1756014038.3999443,5,4,-57
1756014038.437945,-1,4,-47
1756014038.4749446,-1,-1,-41
1756014038.5139446,-5,6,-55
1756014038.5499446,-7,5,-54
1756014038.5879445,1,4,-53
1756014038.6249447,-4,-1,-58
1756014038.6639447,3,1,-54
1756014038.6999447,1,0,-57
1756014038.7379446,-8,-1,-61
1756014038.7769446,-5,3,-59
1756014038.8149445,-3,-1,-58
1756014038.8509445,0,0,-56
1756014038.8879447,-1,-3,-43
1756014038.9269447,1,-5,-42
1756014038.9649446,-3,1,-48
1756014039.0009446,-9,-1,-52
1756014039.0389447,0,4,-54
1756014039.0769446,-2,-3,-53
1756014039.1149447,-2,4,-50
1756014039.1509447,-5,5,-47
1756014039.187945,-1,2,-50
1756014039.2269447,6,1,-49
1756014039.2649446,-1,4,-55
1756014039.3009446,2,2,-60
1756014039.3379445,5,-4,-58
1756014039.3769443,-6,-2,-52
1756014039.4149446,-3,1,-48
1756014039.450945,0,0,-55
1756014039.4879446,-7,0,-53
1756014039.5269446,-2,3,-51
1756014039.5649445,-3,2,-56
1756014039.6009445,-1,1,-44
1756014039.6389446,-1,4,-59
1756014039.6769447,-2,0,-59
1756014039.7159443,-1,0,-60
1756014039.7539446,2,0,-53
1756014039.7899446,4,-1,-57
1756014039.8269446,1,-5,-46
1756014039.8659446,0,0,-51
1756014039.9019446,-6,-5,-47
1756014039.9399445,-7,2,-53
1756014039.9779446,-1,-1,-52
1756014040.0169446,-4,2,-45
1756014040.0549445,4,4,-41
1756014040.0909443,-5,0,-56
1756014040.1309447,-2,-2,-52
1756014040.167945,2,1,-53
1756014040.2059443,4,-8,-58
1756014040.2449446,2,0,-63
1756014040.2809446,5,-4,-56
1756014040.3179443,1,-3,-52
1756014040.3559446,-3,0,-54
1756014040.394945,2,7,-50
1756014040.4309447,-1,1,-50
1756014040.4689443,-1,2,-55
1756014040.506945,-3,1,-54
1756014040.5459447,0,-1,-55
1756014040.5819447,2,0,-50
1756014040.6189446,-3,1,-45
1756014040.6569445,1,1,-59
1756014040.6949446,5,6,-63
1756014040.7309446,6,5,-51
1756014040.7679446,-1,-3,-42
1756014040.8069446,1,5,-45
1756014040.8449447,-9,-2,-56
1756014040.8809447,-7,-5,-49
1756014040.9189446,-2,-4,-56
1756014040.9569447,4,-4,-54
1756014040.9959445,-3,-2,-53
1756014041.0319445,0,-7,-44
1756014041.0689447,0,2,-45
1756014041.1069446,4,-3,-53
1756014041.144945,-5,-3,-55
1756014041.1809447,-2,0,-58
1756014041.2189443,-3,3,-61
1756014041.256945,-3,2,-66
1756014041.2949443,3,7,-53
1756014041.3309443,5,1,-47
1756014041.3679447,9,-3,-41
1756014041.4069445,8,0,-50
1756014041.4439447,0,0,-51
1756014041.4809446,2,2,-52
1756014041.5189445,-5,1,-53
1756014041.5569446,0,-4,-49
1756014041.5929446,6,0,-49
1756014041.6299446,9,-5,-56
1756014041.6689446,5,-2,-60
1756014041.7069447,3,-6,-56
1756014041.7429447,0,-1,-53
1756014041.7809446,1,3,-47
1756014041.8189447,9,4,-55
1756014041.8569446,-5,-4,-59
1756014041.8929446,3,0,-55
1756014041.9299445,-1,-2,-52
1756014041.9679446,3,-5,-48
1756014042.006945,-4,-6,-52
1756014042.042945,-1,-6,-45
1756014042.0809443,11,2,-55
1756014042.1189446,1,-5,-50
1756014042.157945,-6,-1,-44
1756014042.1959443,1,-2,-57
1756014042.2319446,1,0,-63
1756014042.2689445,-6,5,-63
1756014042.3079443,2,-4,-63
1756014042.3459446,8,0,-57
1756014042.381945,6,-4,-51
1756014042.4189446,-3,3,-49
1756014042.4579446,-2,-5,-44
1756014042.4959445,1,-1,-44
1756014042.5319445,-5,0,-44
1756014042.5689447,3,6,-42
1756014042.6069446,5,2,-43
1756014042.6429446,9,2,-51
1756014042.6799445,5,-1,-53
1756014042.7179446,3,4,-55
1756014042.756945,0,-4,-53
1756014042.792945,-3,0,-51
1756014042.8299446,2,-5,-48
1756014042.8679447,0,0,-47
1756014042.9059446,2,0,-45
1756014042.9419446,1,-4,-50
1756014042.9799447,7,-1,-56
1756014043.0179446,0,-2,-53
1756014043.0569446,5,5,-44
1756014043.0929446,-1,-2,-53
1756014043.131945,0,-3,-41
1756014043.1689446,6,-2,-51
1756014043.2079446,2,-5,-55
1756014043.2439446,-10,-3,-41
1756014043.2819445,3,0,-52
1756014043.3189447,0,-1,-50
1756014043.3579447,-2,0,-45
1756014043.394945,0,-1,-42
1756014043.4319446,2,0,-56
1756014043.4689443,0,-3,-53
1756014043.5079446,-2,-1,-56
1756014043.5439446,-2,-7,-54
1756014043.5819447,-7,-1,-47
1756014043.6199446,-7,1,-58
1756014043.657945,-6,-1,-56
1756014043.6969447,1,-2,-63
1756014043.7329447,5,0,-57
1756014043.769945,-3,0,-51
1756014043.8089447,-10,0,-55
1756014043.8469446,-3,3,-49
1756014043.8829446,-6,0,-61
1756014043.9209447,-3,-2,-51
1756014043.9589446,0,0,-55
1756014043.9979446,5,-6,-44
1756014044.0339446,4,0,-38
1756014044.0719447,0,0,-53
1756014044.1099446,-3,-1,-61
1756014044.1489446,-4,-6,-57
1756014044.1869447,2,-2,-60
1756014044.2229445,1,1,-60
1756014044.259945,-4,-1,-50
1756014044.2989447,-7,-1,-49
1756014044.3369446,-4,0,-58
1756014044.3729446,-3,1,-53
1756014044.4099443,-6,-1,-60
1756014044.4489446,-9,0,-59
1756014044.486945,-2,2,-60
1756014044.5229447,0,2,-61
1756014044.5599446,5,0,-62
1756014044.5979445,2,0,-54
1756014044.6339445,3,-2,-58
1756014044.6719446,4,-2,-63
1756014044.7099447,4,0,-63
1756014044.7489443,-5,9,-47
1756014044.7849443,-3,1,-55
1756014044.8219447,-4,-2,-54
1756014044.8609445,-5,8,-52
1756014044.8989446,0,8,-58
1756014044.9349446,4,0,-60
1756014044.9719446,1,-1,-50
1756014045.009945,0,-3,-54
1756014045.0489447,0,5,-56
1756014045.0849447,2,-3,-46
1756014045.121945,1,-3,-53
1756014045.1599443,-3,0,-70
1756014045.1989446,0,-2,-62
1756014045.2349446,-1,-6,-58
1756014045.2739446,-4,-4,-59
1756014045.3109446,5,-3,-51
1756014045.348945,5,-2,-38
1756014045.3879447,5,-5,-48
1756014045.4239447,4,-4,-44
1756014045.460945,4,0,-55
1756014045.4989443,6,-1,-44
1756014045.5349443,-6,0,-46
1756014045.5719447,-5,-4,-42
1756014045.6099446,2,-3,-46
1756014045.6489446,-7,2,-58
1756014045.6849446,3,-3,-57
1756014045.7219446,2,-2,-49
1756014045.759945,6,0,-54
1756014045.7989447,-3,0,-52
1756014045.835945,0,-5,-54
1756014045.8739443,3,-6,-64
1756014045.9109447,2,-7,-61
1756014045.9499447,7,-9,-49
1756014045.9879446,-3,2,-52
1756014046.0239446,5,2,-48
1756014046.0609446,5,2,-50
1756014046.098945,-1,0,-57
1756014046.134945,5,1,-44
1756014046.1719446,1,-1,-52
1756014046.2099447,3,0,-51
1756014046.2489443,2,-2,-48
1756014046.2849443,0,0,-51
1756014046.3229446,0,0,-51
1756014046.3599446,4,1,-46
1756014046.3989446,-1,0,-39
1756014046.4349446,0,6,-47
1756014046.4729445,-5,1,-53
1756014046.5109446,-6,3,-57
1756014046.5499446,-1,-1,-58
1756014046.585945,8,3,-54
1756014046.6229446,1,0,-48
1756014046.6609447,-3,-1,-50
1756014046.6999447,0,0,-54
1756014046.7359445,-2,-8,-53
1756014046.7739446,-8,0,-51
1756014046.812945,7,1,-47
1756014046.8499446,1,0,-47
1756014046.8859446,4,-3,-53
1756014046.9239447,0,-6,-40
1756014046.9629445,3,3,-45
1756014047.0059447,2,5,-52
1756014047.0439446,1,1,-52
1756014047.0819447,-2,0,-48
1756014047.1199446,-2,0,-60
1756014047.1589446,-5,-4,-56
1756014047.1949446,-1,-3,-45
1756014047.233945,1,-5,-56
1756014047.2709446,-1,4,-62
1756014047.3099446,-2,-1,-52
1756014047.3459446,4,4,-47
1756014047.3839445,4,0,-55
1756014047.4209447,-3,-6,-53
1756014047.4599447,2,-6,-54
1756014047.4959445,6,-5,-58
1756014047.5339446,2,-4,-61
1756014047.5709443,4,-6,-60
1756014047.6099446,-3,-3,-55
1756014047.6459446,-7,2,-62
1756014047.6839447,-5,1,-51
1756014047.7219446,-1,4,-50
1756014047.7609446,-3,0,-53
1756014047.7989447,8,-4,-65
1756014047.8349447,5,-3,-51
1756014047.8729446,-2,5,-47
1756014047.9109447,-2,0,-48
1756014047.9499447,6,-7,-43
1756014047.9859445,5,-8,-54
1756014048.0249443,0,-3,-57
1756014048.0619447,-9,0,-51
1756014048.1009445,-3,-6,-40
1756014048.1369443,0,-6,-54
1756014048.1739447,1,-1,-53
1756014048.2119446,-5,1,-53
1756014048.2509446,1,1,-44
1756014048.2869446,-1,1,-51
1756014048.3249447,-6,3,-56
1756014048.361945,0,1,-55
1756014048.3999443,-7,1,-49
1756014048.4359446,-4,0,-64
1756014048.4749446,-2,0,-50
1756014048.5119443,-4,-4,-46
1756014048.5509446,3,-6,-53
1756014048.5869446,0,-4,-57
1756014048.6249447,1,-3,-54
1756014048.6629446,-7,0,-50
1756014048.700945,-2,-9,-58
1756014048.7399447,0,-8,-54
1756014048.7759447,2,-2,-60
1756014048.8139446,-1,0,-52
1756014048.8519447,0,0,-52
1756014048.8899446,-1,0,-48
1756014048.9259446,-1,-10,-47
1756014048.963945,3,-2,-54
1756014049.0019443,4,2,-58
1756014049.0399446,5,3,-54
1756014049.075945,6,5,-46
1756014049.1129446,3,0,-49
1756014049.1519446,3,-6,-60
1756014049.1899445,3,0,-54
1756014049.2259445,2,-1,-57
1756014049.2629447,2,3,-58
1756014049.3009446,-1,4,-47
1756014049.3369446,-1,1,-50
1756014049.3739443,4,5,-53
1756014049.4119446,3,-1,-43
1756014049.4499447,7,-2,-61
1756014049.4859445,1,1,-55
1756014049.5239446,1,-1,-46
1756014049.5619447,6,-2,-56
1756014049.6009445,4,-3,-55
1756014049.6369443,8,0,-52
1756014049.6739447,6,4,-54
1756014049.7119446,2,-1,-50
1756014049.7479446,-4,0,-51
1756014049.7849443,-10,0,-45
1756014049.8229446,-6,0,-49
1756014049.861945,-6,0,-49
1756014049.8979447,-2,-5,-45
1756014049.9359446,-7,-4,-52
1756014049.973945,-1,0,-44
1756014050.0119443,-2,8,-54
1756014050.0509446,5,-3,-51
1756014050.0869446,2,-2,-53
1756014050.1239443,3,-2,-47
1756014050.1619446,-8,-3,-50
1756014050.200945,-8,-2,-55
1756014050.236945,-5,0,-57
1756014050.2739446,-3,0,-50
1756014050.3119447,-5,1,-54
1756014050.3509445,0,0,-54
1756014050.3869443,0,0,-43
1756014050.4249446,5,-3,-57
1756014050.4629445,-2,0,-36
1756014050.5019443,-1,4,-43
1756014050.5379446,6,4,-58
1756014050.5749447,-1,1,-51
1756014050.6129446,0,-1,-41
1756014050.6519446,1,-5,-56
1756014050.687945,12,-3,-58
1756014050.7259445,2,-1,-48
1756014050.7649446,2,-4,-55
1756014050.802945,-8,-3,-62
1756014050.8409443,-5,9,-51
1756014050.8769443,1,9,-52
1756014050.9149446,0,4,-44
1756014050.9529445,-1,0,-52
1756014050.9909446,1,0,-76
1756014051.0269446,3,-2,-69
1756014051.0639446,0,-2,-58
1756014051.1029446,-9,2,-52
1756014051.1409447,-9,8,-49
1756014051.1769447,3,18,-57
1756014051.213945,9,5,-47
1756014051.2519443,4,5,-43
1756014051.2879446,3,4,-46
1756014051.3249447,-2,0,-50
1756014051.3629446,0,-1,-54
1756014051.4019446,-3,-1,-48
1756014051.437945,0,-9,-48
1756014051.4749446,-1,-2,-51
1756014051.5129447,0,2,-62
1756014051.5519447,0,3,-49
1756014051.5879445,-9,0,-53
1756014051.6259446,-5,-2,-60
1756014051.6639447,-9,-7,-49
1756014051.7029445,-2,-4,-49
1756014051.7389443,1,-2,-54
1756014051.7759447,0,0,-52
1756014051.8139446,-9,3,-45
1756014051.8529446,-7,-1,-46
1756014051.8889446,-9,-6,-57
1756014051.9269447,-2,-1,-58
1756014051.9659443,-1,0,-66
1756014052.0029447,0,5,-50
1756014052.0389447,4,5,-60
1756014052.075945,-3,0,-44
1756014052.1139443,2,0,-53
1756014052.1519446,2,0,-53
1756014052.187945,0,0,-57
1756014052.2249446,0,-2,-51
1756014052.2639446,-2,-4,-50
1756014052.3019447,-3,2,-54
1756014052.3379445,-7,-3,-61
1756014052.3759446,0,-1,-50
1756014052.4139447,2,1,-58
1756014052.4529445,-11,5,-58
1756014052.4889443,0,6,-51
1756014052.5259447,4,2,-39
1756014052.5639446,1,-2,-45
1756014052.6029446,2,-6,-50
1756014052.6389446,-4,-2,-48
1756014052.6769447,3,-4,-43
1756014052.7159443,2,1,-52
1756014052.7539446,1,0,-52
1756014052.7919445,-2,-3,-47
1756014052.8279445,1,-5,-54
1756014052.8649447,2,-1,-53
1756014052.9039447,-3,0,-56
1756014052.9419446,3,0,-45
1756014052.9779446,6,-1,-54
1756014053.0149446,0,2,-50
1756014053.052945,-3,0,-48
1756014053.088945,1,4,-50
1756014053.1259446,0,1,-45
1756014053.1639447,-3,-6,-52
1756014053.1999447,-4,0,-47
1756014053.236945,0,8,-58
1756014053.2749443,1,0,-53
1756014053.312945,1,-3,-50
1756014053.3499446,6,-1,-50
1756014053.3869443,8,0,-50
1756014053.4249446,2,4,-49
1756014053.4629445,-1,4,-53
1756014053.4989443,-6,6,-51
1756014053.5369446,-5,5,-58
1756014053.5749447,-2,1,-42
1756014053.6139443,3,2,-58
1756014053.6499443,0,4,-65
1756014053.6869447,2,3,-60
1756014053.7249446,7,-7,-47
1756014053.7629447,2,-7,-42
1756014053.7989447,3,-7,-49
1756014053.8369446,1,-6,-49
1756014053.8749447,0,-6,-55
1756014053.9139447,0,-3,-45
1756014053.9499447,-5,-2,-55
1756014053.9879446,0,4,-52
1756014054.0249443,0,0,-56
1756014054.0639446,-2,-2,-41
1756014054.0999446,1,-5,-45
1756014054.1369443,5,-4,-63
1756014054.1749446,-6,-2,-46
1756014054.213945,-2,-3,-47
1756014054.2499447,-7,-6,-44
1756014054.2879446,5,3,-50
1756014054.3249447,-4,6,-50
1756014054.3639443,-2,4,-54
1756014054.3999443,-4,0,-50
1756014054.4369447,-6,5,-46
1756014054.4749446,-13,0,-44
1756014054.5139446,5,0,-45
1756014054.5499446,5,-3,-54
1756014054.5879445,0,1,-52
1756014054.6259446,0,-3,-55
1756014054.6649446,1,-2,-60
1756014054.7029445,2,0,-57
1756014054.7389443,-4,-6,-53
1756014054.7769446,0,0,-63
1756014054.8149445,2,-2,-43
1756014054.8509445,-10,-1,-50
1756014054.8889446,2,0,-52
1756014054.9269447,2,0,-59
1756014054.9649446,-4,-1,-53
1756014055.0009446,-3,2,-56
1756014055.0389447,-1,11,-46
1756014055.0769446,-3,3,-53
1756014055.1149447,-1,-1,-44
1756014055.1539447,-3,1,-54
1756014055.1899445,0,2,-59
1756014055.2269447,1,0,-63
1756014055.2649446,-2,1,-59
1756014055.3009446,2,1,-61
1756014055.3379445,-2,1,-44
1756014055.3759446,-2,-4,-42
1756014055.4149446,0,1,-51
1756014055.450945,0,5,-53
1756014055.4879446,-3,3,-48
1756014055.5259447,-3,-2,-48
1756014055.5649445,-2,-1,-46
1756014055.6009445,1,0,-55
1756014055.6379447,-4,0,-60
1756014055.6759446,9,5,-54
1756014055.713945,11,0,-51
1756014055.7499447,4,0,-63
1756014055.7879446,9,1,-49
1756014055.825945,-4,-1,-53
1756014055.8639443,-6,-6,-51
1756014055.8999443,4,2,-47
1756014055.937945,3,-5,-49
1756014055.9759445,2,-9,-52
1756014056.0149446,-2,-2,-59
1756014056.0509446,0,0,-58
1756014056.0879445,0,-3,-44
1756014056.1259446,6,0,-60
1756014056.1639447,0,3,-53
1756014056.1999447,0,-4,-52
1756014056.236945,7,0,-45
1756014056.2749443,-4,-1,-42
1756014056.3109446,-5,3,-59
1756014056.348945,-2,1,-54
1756014056.3869443,1,-2,-55
1756014056.4259446,-3,-1,-57
1756014056.4619446,-6,1,-56
1756014056.4989443,0,3,-56
1756014056.5369446,1,4,-53
1756014056.5749447,8,-4,-59
1756014056.611945,1,0,-64
1756014056.6489446,4,3,-48
1756014056.6869447,-1,1,-55
1756014056.7259445,-2,1,-48
1756014056.7619443,0,2,-49
1756014056.7989447,-2,-4,-42
1756014056.8369446,-9,-1,-53
1756014056.8759446,5,3,-57
1756014056.9119446,5,-2,-62
1756014056.9489446,0,-1,-57
1756014056.986945,-1,-4,-53
1756014057.0309446,-5,-5,-46
1756014057.0689447,-2,-3,-51
1756014057.1069446,2,-1,-48
1756014057.1459446,-1,-1,-56
1756014057.1819446,-2,4,-44
1756014057.2189443,-6,7,-47
1756014057.256945,1,0,-46
1756014057.2959447,-5,-4,-61
1756014057.3319447,-5,-4,-58
1756014057.3699446,-5,-7,-49
1756014057.407945,-4,2,-60
1756014057.4469447,1,-4,-50
1756014057.4849446,4,-4,-50
1756014057.5209446,4,-2,-51
1756014057.5589447,4,2,-53
1756014057.5969446,-1,-3,-58
1756014057.6359446,-2,-4,-56
1756014057.6719446,-5,-2,-54
1756014057.7099447,2,1,-55
1756014057.746945,2,2,-56
1756014057.7849443,-3,2,-54
1756014057.8209443,7,9,-49
1756014057.8579447,-2,8,-41
1756014057.8969443,3,-1,-56
1756014057.9349446,-1,6,-59
1756014057.9709446,-4,0,-46
1756014058.009945,0,1,-46
1756014058.0469446,2,-3,-45
1756014058.085945,8,0,-52
1756014058.121945,5,-7,-49
1756014058.1589446,-1,0,-54
1756014058.1969447,-6,-9,-46
1756014058.2359445,-6,0,-53
1756014058.2719443,-6,-2,-53
1756014058.3099446,-2,2,-50
1756014058.3479445,-5,4,-54
1756014058.3869443,0,-4,-38
1756014058.4229443,0,0,-36
1756014058.4599447,-3,0,-51
1756014058.4979446,1,-1,-44
1756014058.5369446,2,2,-44
1756014058.5729446,4,4,-51
1756014058.6099446,0,1,-61
1756014058.6479447,6,-6,-56
1756014058.6869447,1,-2,-45
1756014058.7229445,9,-3,-54
1756014058.759945,3,2,-55
1756014058.7979443,2,0,-48
1756014058.835945,1,-1,-63
1756014058.871945,6,2,-56
1756014058.9089446,6,0,-57
1756014058.9469447,0,0,-53
1756014058.9829447,-2,0,-54
1756014059.019945,0,2,-54
1756014059.0579443,0,3,-55
1756014059.0959446,-2,-4,-51
1756014059.131945,7,-6,-54
1756014059.1699443,1,-6,-54
1756014059.2079446,6,-7,-52
1756014059.2459445,2,-4,-48
1756014059.2819445,1,-6,-51
1756014059.3189447,1,-4,-62
1756014059.3579447,6,-3,-61
1756014059.3959446,2,0,-64
1756014059.4319446,1,0,-48
1756014059.4689443,-3,-3,-49
1756014059.5079446,-5,-1,-51
1756014059.5459447,-6,2,-47
1756014059.5819447,-7,-2,-54
1756014059.6199446,1,7,-50
1756014059.657945,2,0,-60
1756014059.6959443,1,1,-54
1756014059.7319446,1,3,-61
1756014059.7689445,0,-1,-57
1756014059.8079443,0,2,-52
1756014059.8439443,-4,2,-50
1756014059.8809447,-5,1,-45
1756014059.9199443,-5,-2,-49
1756014059.9579446,4,-6,-47
1756014059.9939446,1,3,-51
1756014060.0319445,0,1,-54
1756014060.0699446,4,-2,-56
1756014060.1079447,-2,0,-47
1756014060.1439445,0,0,-55
1756014060.1809447,8,-5,-59
1756014060.2199447,4,-7,-56
1756014060.2579446,3,3,-49
1756014060.2939446,-5,0,-57
1756014060.3309443,2,0,-49
1756014060.3679447,3,1,-60
1756014060.4069445,-2,0,-59
1756014060.4429443,4,-4,-60
1756014060.4799447,0,-6,-64
1756014060.5189445,1,3,-59
1756014060.5569446,1,-4,-57
1756014060.5929446,-1,-5,-51
1756014060.6309447,0,9,-56
1756014060.6689446,-5,-2,-53
1756014060.7079446,1,3,-58
1756014060.7439446,0,-2,-57
1756014060.7819445,2,-1,-57
1756014060.8199446,-7,4,-63
1756014060.858945,-3,0,-56
1756014060.8969443,-1,1,-46
1756014060.9329443,2,-4,-49
1756014060.9699447,1,-1,-54
1756014061.0089445,-2,5,-49
1756014061.0469446,1,-6,-45
1756014061.0829446,-5,0,-54
1756014061.1199446,-4,-2,-56
1756014061.1589446,2,5,-51
1756014061.1969447,-2,0,-50
1756014061.2329447,3,-6,-53
1756014061.269945,7,-2,-53
1756014061.3089447,0,-5,-46
1756014061.3469446,6,-7,-48
1756014061.3829446,3,-8,-45
1756014061.4199443,0,-4,-43
1756014061.4589446,0,-2,-37
1756014061.4949446,0,-4,-43
1756014061.5319445,-5,-3,-52
1756014061.5699446,-3,-4,-49
1756014061.608945,-8,-11,-49
1756014061.644945,4,-7,-41
1756014061.6819446,-5,-5,-56
1756014061.7199447,-3,7,-59
1756014061.7589445,-4,6,-45
1756014061.7949443,1,-3,-53
1756014061.8329446,2,2,-65
1756014061.8709445,3,1,-53
1756014061.9089446,-7,-3,-46
1756014061.9449446,1,2,-50
1756014061.9819446,-2,0,-58
1756014062.019945,1,-2,-47
1756014062.0589447,-2,-2,-46
1756014062.0949447,0,1,-50
1756014062.131945,2,3,-43
1756014062.1699443,3,0,-61
1756014062.2079446,3,0,-57
1756014062.2439446,4,-4,-59
1756014062.2819445,0,-1,-50
1756014062.3209443,-2,2,-46
1756014062.358945,-11,-5,-59
1756014062.394945,3,-5,-46
1756014062.4319446,-1,-6,-54
1756014062.4709446,1,3,-49
1756014062.5089445,-5,-1,-55
1756014062.5449443,1,-1,-62
1756014062.5819447,-3,1,-67
1756014062.6209445,-9,-1,-61
1756014062.6589446,-10,-8,-54
1756014062.6949446,-5,-10,-40
1756014062.7329447,-3,3,-43
1756014062.7709446,-1,-4,-53
1756014062.8099446,-1,2,-59
1756014062.8479445,1,4,-47
1756014062.8839445,5,5,-51
1756014062.9209447,4,3,-56
1756014062.9589446,1,-1,-57
1756014062.9949446,3,-1,-54
1756014063.0319445,-9,-4,-51
1756014063.0709443,1,2,-52
1756014063.108945,0,3,-52
1756014063.144945,7,0,-56
1756014063.1819446,5,0,-49
1756014063.2199447,-8,-1,-62
1756014063.2559447,-5,4,-54
1756014063.2939446,6,4,-56
1756014063.3309443,4,1,-49
1756014063.3689446,0,-1,-42
1756014063.404945,3,-6,-52
1756014063.4439447,3,-1,-50
1756014063.4809446,6,3,-59
1756014063.5189445,7,2,-56
1756014063.5549445,3,-2,-54
1756014063.5919447,1,-7,-45
1756014063.6299446,-4,-7,-50
1756014063.6689446,-3,3,-46
1756014063.7049446,1,7,-45
1756014063.7419446,3,0,-54
1756014063.779945,1,-2,-39
1756014063.815945,4,-4,-50
1756014063.8529446,2,-4,-52
1756014063.8909447,-3,-7,-48
1756014063.9299445,4,-4,-52
1756014063.9659443,-6,2,-47
1756014064.0029447,6,3,-57
1756014064.0409446,-4,3,-61
1756014064.0789447,-10,3,-43
1756014064.1149447,-1,-3,-50
1756014064.1529446,-2,0,-43
1756014064.190945,5,-5,-46
1756014064.2299447,13,5,-48
1756014064.2659447,9,-2,-50
1756014064.302945,-5,0,-48
1756014064.3409443,-7,0,-52
1756014064.3799446,-1,-4,-46
1756014064.4159446,-7,-6,-39
1756014064.4539447,-5,0,-49
1756014064.4919446,-13,1,-58
1756014064.5309446,-4,0,-38
1756014064.5689447,4,-5,-58
1756014064.6049447,5,-7,-59
1756014064.6419446,0,-6,-59
1756014064.6809447,3,-2,-66
1756014064.7169447,2,0,-66
1756014064.7539446,1,-3,-54
1756014064.7919445,-7,4,-52
1756014064.8309443,-7,0,-45
1756014064.8669446,-2,-3,-43
1756014064.904945,3,-3,-51
1756014064.9429443,0,0,-52
1756014064.9809446,-1,0,-56
1756014065.019945,-4,-12,-47
1756014065.0559447,3,-5,-57
1756014065.0929446,9,3,-51
1756014065.1309447,-5,6,-55
1756014065.1699443,-2,3,-57
1756014065.2059443,-3,0,-45
1756014065.2429447,0,-5,-53
1756014065.2809446,3,2,-47
1756014065.3169446,0,1,-47
1756014065.3549447,-1,0,-43
1756014065.3919446,1,-1,-47
1756014065.4309447,2,0,-44
1756014065.4669447,-3,-5,-54
1756014065.5049446,0,6,-61
1756014065.5419445,2,10,-55
1756014065.5809443,0,-1,-46
1756014065.6169446,5,1,-50
1756014065.654945,-2,-2,-42
1756014065.6919446,2,-3,-47
1756014065.7309446,5,-4,-55
1756014065.7669446,4,-6,-65
1756014065.8049445,-3,-4,-43
1756014065.8419447,-5,0,-41
1756014065.8809447,3,-4,-55
1756014065.9169445,-1,5,-66
1756014065.9549446,0,2,-61
1756014065.9919446,-5,-2,-50
1756014066.0309446,0,-3,-45
1756014066.0669446,1,-3,-37
1756014066.1049447,-3,-4,-47
1756014066.1429446,4,-4,-37
1756014066.1819446,-7,-4,-39
1756014066.2199447,-6,0,-47
1756014066.2559447,0,0,-54
1756014066.292945,-3,-3,-50
1756014066.3319447,-1,0,-55
1756014066.3679447,-1,-8,-46
1756014066.4059446,-2,-1,-44
1756014066.4439447,-5,-1,-57
1756014066.4819446,0,-4,-55
1756014066.5209446,-2,3,-51
1756014066.5569446,-1,-2,-48
1756014066.5959446,3,-5,-51
1756014066.6329446,2,-4,-53
1756014066.6719446,1,3,-53
1756014066.7079446,0,3,-63
1756014066.7459445,3,2,-59
1756014066.782945,11,-8,-45
1756014066.8219447,4,-8,-51
1756014066.8579447,2,-8,-46
1756014066.8959446,4,-6,-39
1756014066.9329443,-5,-4,-40
1756014066.9719446,-6,-2,-52
1756014067.0079446,-2,-2,-59
1756014067.0539446,4,-4,-53
1756014067.0919447,1,0,-47
1756014067.1279447,-3,-1,-49
1756014067.1659446,-1,-3,-53
1756014067.2049446,6,-3,-56
1756014067.2429447,1,-3,-47
1756014067.2809446,-8,-6,-54
1756014067.3169446,-4,-3,-46
1756014067.3549447,1,-1,-51
1756014067.3929446,0,5,-50
1756014067.4319446,0,0,-52
1756014067.4679446,0,-2,-52
1756014067.5049446,1,0,-46
1756014067.542945,4,2,-60
1756014067.5819447,-1,3,-61
1756014067.6179447,-5,0,-57
1756014067.654945,-3,0,-45
1756014067.6929443,-5,3,-56
1756014067.7319446,-2,1,-54
1756014067.7679446,5,-3,-52
1756014067.8049445,1,-1,-69
1756014067.8429446,-2,-4,-56
1756014067.881945,-11,-6,-45
1756014067.917945,-12,-8,-54
1756014067.9559443,-7,-7,-62
1756014067.9939446,-2,-4,-62
1756014068.032945,-3,-2,-46
1756014068.0689447,-3,0,-50
1756014068.1069446,0,3,-37
1756014068.1459446,5,-2,-48
1756014068.1829443,-7,-3,-56
1756014068.2219446,-2,-6,-59
1756014068.2579446,9,-2,-49
1756014068.2959447,0,-5,-48
1756014068.3329446,0,-3,-58
1756014068.371945,2,-1,-38
1756014068.407945,-9,-1,-48
1756014068.4459443,-6,-8,-49
1756014068.483945,-2,-9,-49
1756014068.5229447,4,0,-36
1756014068.5589447,2,2,-47
1756014068.5959446,0,0,-46
1756014068.6329446,0,0,-52
1756014068.6719446,-2,-3,-46
1756014068.7079446,2,-4,-53
1756014068.7459445,-8,-2,-57
1756014068.7839446,2,0,-56
1756014068.8219447,3,3,-49
1756014068.8579447,0,0,-50
1756014068.894945,13,0,-38
1756014068.9339447,9,-3,-51
1756014068.9719446,8,0,-49
1756014069.0079446,1,0,-54
1756014069.0449443,2,1,-50
1756014069.0839446,1,-4,-66
1756014069.121945,0,-6,-48
1756014069.157945,-2,-1,-53
1756014069.1959443,-3,-3,-59
1756014069.233945,-2,-8,-44
1756014069.2729447,-5,-2,-55
1756014069.3089447,2,-1,-53
1756014069.3469446,-3,-3,-55
1756014069.384945,0,-2,-52
1756014069.4239447,2,1,-55
1756014069.4619446,0,-4,-53
1756014069.4979446,0,-9,-47
1756014069.5349443,10,-5,-48
1756014069.5739446,2,3,-53
1756014069.611945,4,4,-43
1756014069.6479447,3,1,-51
1756014069.6849446,1,0,-61
1756014069.723945,1,-2,-61
1756014069.759945,1,-2,-52
1756014069.7979443,9,-1,-58
1756014069.835945,8,2,-60
1756014069.8749447,5,0,-59
1756014069.9129446,-1,1,-44
1756014069.9489446,1,-4,-51
1756014069.9859445,3,-1,-60
1756014070.0249443,-3,-1,-48
1756014070.062945,-6,1,-53
1756014070.098945,-5,0,-59
1756014070.1359446,0,0,-59
1756014070.1749446,2,0,-51
1756014070.2129445,3,-1,-62
1756014070.2489443,2,2,-51
1756014070.2859447,-1,-4,-58
1756014070.3239446,9,-5,-45
1756014070.3629446,10,0,-46
1756014070.3989446,1,1,-36
1756014070.4359446,-3,0,-36
1756014070.4749446,10,0,-46
1756014070.5129447,-1,-3,-51
1756014070.5489447,-1,-4,-60
1756014070.5879445,-3,0,-59
1756014070.6249447,-6,2,-42
1756014070.6639447,-7,-2,-51
1756014070.6999447,-4,-1,-47
1756014070.7379446,-6,5,-43
1756014070.7759447,-7,-2,-61
1756014070.8149445,0,0,-72
1756014070.8529446,-3,3,-58
1756014070.8889446,4,2,-49
1756014070.9259446,3,-3,-55
1756014070.9649446,6,-5,-54
1756014071.0029447,3,2,-59
1756014071.0389447,7,-1,-51
1756014071.075945,3,-1,-54
1756014071.1149447,1,2,-56
1756014071.1529446,3,-9,-45
1756014071.1889446,-6,1,-45
1756014071.2259445,-4,0,-50
1756014071.2649446,0,-2,-54
1756014071.302945,-1,-9,-58
1756014071.338945,-1,-2,-54
1756014071.3769443,-2,-4,-50
1756014071.4159446,1,0,-43
1756014071.4539447,1,0,-43
1756014071.4899447,-2,-7,-54
1756014071.5279446,2,-2,-49
1756014071.565945,0,2,-35
1756014071.6039443,6,-4,-44
1756014071.6399446,4,-1,-55
1756014071.6769447,-2,0,-56
1756014071.7149446,0,3,-51
1756014071.7509446,7,3,-33
1756014071.7879446,1,1,-38
1756014071.8249447,6,-2,-47
1756014071.8639443,-1,-4,-40
1756014071.8999443,2,5,-56
1756014071.9369447,2,0,-46
1756014071.9749446,0,-5,-50
1756014072.0139446,-2,-11,-48
1756014072.0499446,0,-11,-50
1756014072.0869446,2,-2,-49
1756014072.1259446,0,0,-59
1756014072.1639447,4,5,-52
1756014072.1999447,5,3,-59
1756014072.236945,7,3,-68
1756014072.2759447,8,2,-60
1756014072.3139446,-1,-1,-55
1756014072.3499446,-5,0,-55
1756014072.3869443,-1,2,-42
1756014072.4259446,0,-1,-49
1756014072.463945,5,-4,-47
1756014072.4999447,-1,-8,-52
1756014072.5379446,3,-1,-50
1756014072.575945,4,-4,-39
1756014072.6149447,3,-4,-49
1756014072.6509447,-6,1,-48
1756014072.687945,0,3,-57
1756014072.7269447,0,3,-47
1756014072.7649446,-2,3,-43
1756014072.8009446,0,0,-50
1756014072.8379445,7,-4,-57
1756014072.8759446,7,-5,-51
1756014072.9149446,2,-7,-58
1756014072.950945,1,-2,-46
1756014072.9879446,2,-4,-54
1756014073.0259447,-2,1,-65
1756014073.0649445,1,-7,-45
1756014073.1009445,1,-7,-51
1756014073.1379447,-6,4,-47
1756014073.1759446,8,-3,-48
1756014073.2149446,-2,-2,-43
1756014073.2509446,-5,-3,-46
1756014073.2889447,-3,-1,-57
1756014073.3269446,-6,-5,-51
1756014073.3659446,0,-7,-42
1756014073.4019446,0,0,-44
1756014073.4389446,-5,4,-58
1756014073.4769447,-8,3,-43
1756014073.5159447,7,3,-51
1756014073.5519447,9,-2,-53
1756014073.588945,0,0,-58
1756014073.6259446,0,6,-55
1756014073.6649446,5,5,-61
1756014073.700945,3,2,-49
1756014073.7379446,0,3,-50
1756014073.7759447,2,0,-58
1756014073.8119447,-3,1,-49
1756014073.848945,-1,0,-55
1756014073.8869443,1,-1,-58
1756014073.9259446,0,-2,-55
1756014073.9619446,-4,-6,-64
1756014073.9999447,-6,-3,-61
1756014074.0379446,0,-5,-49
1756014074.0769446,1,-1,-49
1756014074.1149447,5,2,-56
1756014074.1509447,-5,-2,-55
1756014074.1889446,-1,-2,-58
1756014074.2269447,0,2,-51
1756014074.2649446,0,-2,-42
1756014074.3009446,2,0,-44
1756014074.3379445,2,0,-43
1756014074.3769443,0,8,-49
1756014074.4149446,-1,-2,-52
1756014074.450945,2,2,-53
1756014074.4889443,3,0,-54
1756014074.5269446,1,6,-50
1756014074.5649445,4,2,-59
1756014074.6009445,0,-3,-57
1756014074.6409447,-4,-3,-54
1756014074.677945,-4,3,-42
1756014074.7169447,-4,0,-48
1756014074.7549446,-9,4,-60
1756014074.7909446,0,-1,-53
1756014074.8279445,3,-1,-52
1756014074.8669446,0,2,-43
1756014074.9039447,3,-5,-53
1756014074.940945,0,-4,-43
1756014074.9789443,0,-1,-42
1756014075.0169446,-2,1,-42
1756014075.0559447,-2,-3,-56
1756014075.0919447,-5,3,-58
1756014075.1289446,-5,0,-48
1756014075.1669445,2,0,-52
1756014075.2039447,-1,0,-37
1756014075.2409446,2,2,-45
1756014075.2779446,3,-6,-53
1756014075.3169446,3,-4,-43
1756014075.3539443,5,0,-45
1756014075.3909447,5,-4,-47
1756014075.4289446,1,-3,-46
1756014075.4679446,-2,-5,-56
1756014075.5059447,-1,-4,-52
1756014075.5419445,-3,-6,-50
1756014075.5799446,-2,-4,-53
1756014075.6179447,-1,0,-52
1756014075.6569445,6,-3,-55
1756014075.6929443,7,0,-55
1756014075.7299447,-4,0,-53
1756014075.7689445,2,0,-55
1756014075.8069446,0,3,-58
1756014075.8429446,3,3,-61
1756014075.8799446,4,2,-58
1756014075.917945,2,-1,-58
1756014075.9559443,-1,3,-48
1756014075.9919446,0,0,-55
1756014076.0289447,-4,-1,-53
1756014076.0679443,0,1,-45
1756014076.1059446,0,-1,-53
1756014076.1419446,-1,-2,-58
1756014076.1799445,-2,9,-67
1756014076.2189443,-1,0,-63
1756014076.256945,0,3,-53
1756014076.292945,-3,-3,-51
1756014076.3309443,0,-9,-52
1756014076.3689446,-2,-7,-50
1756014076.407945,-3,-1,-57
1756014076.4439447,0,-1,-42
1756014076.4819446,-4,2,-42
1756014076.5189445,-4,0,-52
1756014076.5579443,-2,0,-50
1756014076.5939443,-6,-2,-40
1756014076.631945,-9,1,-48
1756014076.6699443,-5,1,-44
1756014076.7079446,-4,-1,-66
1756014076.746945,0,-4,-62
1756014076.782945,1,-1,-45
1756014076.8199446,-4,-4,-45
1756014076.8579447,1,-3,-48
1756014076.8969443,6,4,-53
1756014076.9329443,3,-2,-49
1756014076.9699447,0,-5,-56
1756014077.0079446,-3,3,-60
1756014077.0469446,2,2,-48
1756014077.0909443,1,1,-50
1756014077.1289446,-3,-6,-57
1756014077.167945,1,-5,-53
1756014077.2039447,-4,-7,-55
1756014077.2419446,-3,2,-55
1756014077.279945,-7,-4,-49
1756014077.3189447,-6,-6,-37
1756014077.3569446,-2,0,-37
1756014077.3929446,-1,0,-46
1756014077.4299445,-2,0,-47
1756014077.4689443,-4,0,-58
1756014077.506945,-1,5,-47
1756014077.542945,-2,3,-41
1756014077.5799446,-8,5,-57
1756014077.6189446,-2,4,-51
1756014077.6569445,-3,3,-48
1756014077.6929443,-3,2,-52
1756014077.7299447,0,4,-54
1756014077.7679446,2,-1,-46
1756014077.8039446,-5,0,-48
1756014077.8409443,0,4,-50
1756014077.8789446,3,-1,-51
1756014077.9169445,0,0,-59
1756014077.9529445,-5,-4,-57
1756014077.9909446,1,6,-51
1756014078.0289447,2,7,-55
1756014078.0649445,-2,1,-54
1756014078.1019447,2,0,-51
1756014078.1389446,-3,0,-55
1756014078.177945,-11,1,-50
1756014078.213945,-11,-2,-40
1756014078.2519443,2,0,-49
1756014078.2889447,-5,0,-48
1756014078.3279445,4,0,-58
1756014078.3639443,1,-1,-47
1756014078.4009447,-2,4,-45
1756014078.4389446,-3,6,-49
1756014078.4779446,-2,-5,-40
1756014078.5139446,-3,-3,-49
1756014078.5519447,-1,-3,-52
1756014078.5909443,1,1,-48
1756014078.6289446,0,0,-50
1756014078.6649446,-5,1,-44
1756014078.7029445,-4,3,-61
1756014078.7409446,1,-2,-62
1756014078.779945,4,6,-53
1756014078.8179443,-4,0,-51
1756014078.8539443,-5,-3,-40
1756014078.8919446,-1,5,-57
1756014078.9299445,-5,0,-61
1756014078.9689443,-7,-8,-52
1756014079.0049446,-5,-4,-57
1756014079.042945,-8,-1,-51
1756014079.0809443,0,9,-57
1756014079.1199446,0,1,-55
1756014079.157945,-3,-3,-48
1756014079.1939447,0,-5,-53
1756014079.2319446,0,-3,-58
1756014079.269945,-2,-2,-59
1756014079.3089447,-1,-1,-54
1756014079.3449447,-3,-1,-48
1756014079.3829446,3,1,-58
1756014079.4199443,2,0,-37
1756014079.4579446,1,2,-46
1756014079.4939446,-1,3,-46
1756014079.5319445,-7,9,-48
1756014079.5699446,-4,3,-56
1756014079.608945,-3,1,-52
1756014079.644945,-2,1,-56
1756014079.6819446,1,5,-62
1756014079.7199447,-4,0,-64
1756014079.7559447,-2,8,-47
1756014079.792945,-1,5,-43
1756014079.8319447,1,8,-54
1756014079.8699446,5,-2,-59
1756014079.9059446,0,-2,-47
1756014079.9429443,1,-3,-57
1756014079.9819446,5,-4,-43
1756014080.019945,4,-1,-50
1756014080.0559447,2,2,-55
1756014080.0929446,4,2,-51
1756014080.1299446,5,-2,-55
1756014080.1689446,0,5,-51
1756014080.2049446,-2,4,-46
1756014080.2419446,0,-1,-51
1756014080.279945,3,0,-51
1756014080.3189447,-3,-2,-51
1756014080.3549447,-4,0,-68
1756014080.3919446,-3,0,-55
1756014080.4309447,0,0,-55
1756014080.4689443,-7,-4,-57
1756014080.5049446,-1,-1,-54
1756014080.542945,-1,0,-54
1756014080.5809443,-1,-1,-55
1756014080.6199446,-4,-4,-45
1756014080.6559446,-4,0,-54
1756014080.6929443,0,-1,-64
1756014080.7309446,-6,2,-49
1756014080.769945,6,-5,-51
1756014080.8059447,1,-3,-50
1756014080.8449447,-3,-3,-59
1756014080.881945,3,0,-55
1756014080.9209447,3,0,-46
1756014080.9589446,-6,3,-42
1756014080.9949446,-7,5,-43
1756014081.0319445,-1,2,-56
1756014081.0709443,0,1,-55
1756014081.108945,-4,-3,-54
1756014081.144945,0,-1,-57
1756014081.1819446,4,-3,-51
1756014081.2209446,1,0,-55
1756014081.2589445,0,-1,-53
1756014081.2949443,1,-1,-59
1756014081.3319447,-4,-3,-46
1756014081.3709445,3,-2,-46
1756014081.4069445,7,3,-53
1756014081.4449446,0,0,-46
1756014081.4819446,-2,0,-47
1756014081.5209446,1,-1,-60
1756014081.5569446,-3,-2,-63
1756014081.5949447,3,-3,-57
1756014081.6329446,-1,0,-45
1756014081.6709447,0,4,-55
1756014081.7069447,-2,0,-52
1756014081.7439446,-5,0,-50
1756014081.7819445,-3,1,-58
1756014081.8209443,3,0,-48
1756014081.8569446,4,3,-49
1756014081.8939445,-2,1,-62
1756014081.9319446,0,-4,-52
1756014081.9709446,-2,2,-47
1756014082.006945,-10,0,-54
1756014082.0449443,-4,0,-58
1756014082.0829446,0,0,-47
1756014082.1209445,-1,4,-51
1756014082.1569445,0,1,-55
1756014082.1939447,0,-7,-50
1756014082.2319446,1,2,-53
1756014082.269945,0,0,-59
1756014082.3059447,6,0,-61
1756014082.3429446,1,1,-45
1756014082.3809447,1,0,-44
1756014082.4169445,1,0,-35
1756014082.4539447,1,3,-43
1756014082.4919446,-2,-3,-50
1756014082.529945,-1,-1,-56
1756014082.565945,0,-1,-53
1756014082.6039443,-2,-4,-48
1756014082.6419446,0,-6,-56
1756014082.6799445,5,-5,-54
1756014082.7159443,5,0,-60
1756014082.7539446,0,0,-40
1756014082.7919445,0,-4,-60
1756014082.8299446,-3,-1,-64
1756014082.8659446,-1,1,-62
1756014082.9029446,-5,-3,-66
1756014082.9419446,-7,-2,-54
1756014082.9799447,0,1,-63
1756014083.0159447,0,0,-61
1756014083.0539446,-1,-8,-54
1756014083.0919447,7,0,-49
1756014083.1279447,3,-3,-59
1756014083.1649446,5,-4,-57
1756014083.2029445,1,-7,-55
1756014083.2419446,-7,-6,-48
1756014083.2779446,-7,-6,-50
1756014083.315945,0,-7,-59
1756014083.3539443,-1,-3,-38
1756014083.3919446,0,-2,-48
1756014083.4309447,-7,-1,-37
1756014083.4669447,-4,-3,-37
1756014083.5049446,-2,0,-45
1756014083.5439446,0,0,-47
1756014083.5819447,-9,3,-66
1756014083.6179447,-6,-3,-56
1756014083.6559446,2,-6,-52
1756014083.6939447,-3,-3,-50
1756014083.7329447,0,1,-61
1756014083.7709446,-1,-1,-44
1756014083.8069446,0,0,-47
1756014083.8439443,-7,-8,-52
1756014083.8829446,1,-12,-57
1756014083.9209447,-1,-7,-51
1756014083.9569447,-7,0,-58
1756014083.9939446,5,-2,-42
1756014084.032945,1,-4,-52
1756014084.0709443,-1,-5,-50
1756014084.1069446,2,-1,-37
1756014084.1439445,-7,-10,-45
1756014084.1829443,-7,-1,-40
1756014084.2209446,1,-1,-56
1756014084.256945,-2,-5,-50
1756014084.2949443,1,0,-51
1756014084.3329446,-4,5,-46
1756014084.3709445,0,6,-51
1756014084.4069445,-2,4,-50
1756014084.4439447,-4,3,-57
1756014084.4829447,4,0,-60
1756014084.5209446,-7,2,-57
1756014084.5569446,-3,4,-51
1756014084.5949447,-2,2,-48
1756014084.6329446,-1,0,-31
1756014084.6689446,-5,-4,-46
1756014084.7069447,-1,-5,-47
1756014084.7449446,0,-8,-50
1756014084.782945,-3,-8,-56
1756014084.8219447,1,-1,-60
1756014084.8579447,-8,4,-48
1756014084.894945,0,3,-50
1756014084.9329443,0,4,-53
1756014084.9689443,5,2,-54
1756014085.0059447,3,-4,-45
1756014085.0439446,-4,6,-55
1756014085.0829446,1,-3,-58
1756014085.1189446,-3,-3,-54
1756014085.1569445,-2,-5,-60
1756014085.1949446,-1,0,-66
1756014085.2329447,-3,0,-50
1756014085.2719443,1,4,-51
1756014085.3079443,-4,0,-49
1756014085.3449447,-3,-1,-47
1756014085.3829446,4,3,-57
1756014085.4189446,-1,2,-58
1756014085.4559443,0,3,-44
1756014085.4939446,0,4,-58
1756014085.5319445,-7,5,-54
1756014085.5679443,-1,6,-53
1756014085.6059446,2,8,-56
1756014085.6439445,0,1,-56
1756014085.6829443,6,1,-55
1756014085.7189443,0,4,-49
1756014085.7559447,0,9,-40
1756014085.7939446,0,1,-52
1756014085.8319447,8,-6,-49
1756014085.8679447,2,-1,-51
1756014085.9069445,-3,-4,-47
1756014085.9449446,-6,-7,-55
1756014085.9829447,-6,-4,-41
1756014086.0189445,-1,-1,-43
1756014086.0569446,-7,1,-41
1756014086.0949447,-3,2,-51
1756014086.1339445,-6,0,-46
1756014086.1719446,-2,-6,-39
1756014086.2079446,0,-3,-43
1756014086.2449446,5,-2,-36
1756014086.2839446,5,-1,-43
1756014086.3219447,0,-5,-38
1756014086.3579447,0,0,-50
1756014086.394945,8,0,-49
1756014086.4329443,-2,1,-56
1756014086.4689443,7,6,-47
1756014086.5059447,8,6,-57
1756014086.5439446,7,5,-47
1756014086.5799446,-3,0,-51
1756014086.6169446,5,1,-46
1756014086.6539447,3,4,-52
1756014086.6929443,-7,-4,-52
1756014086.7289443,3,-1,-55
1756014086.7659447,8,-3,-54
1756014086.8039446,-3,-4,-47
1756014086.8429446,-1,-4,-46
1756014086.8789446,-6,3,-52
1756014086.9159446,-1,4,-58
1756014086.9539447,8,-7,-47
1756014086.9929447,1,0,-51
1756014087.0289447,0,-5,-51
1756014087.065945,-2,0,-56
1756014087.1099446,-1,-5,-54
1756014087.1479447,-1,0,-52
1756014087.1859446,0,1,-58
1756014087.2249446,2,0,-66
1756014087.2629447,4,5,-57
1756014087.2989447,-5,-3,-56
1756014087.3379445,3,-4,-53
1756014087.3759446,-8,-3,-49
1756014087.4149446,5,2,-50
1756014087.4529445,4,0,-57
1756014087.4899447,3,2,-56
1756014087.5269446,3,0,-50
1756014087.5649445,2,1,-55
1756014087.6029446,-4,0,-52
1756014087.6399446,0,2,-54
1756014087.677945,-1,0,-44
1756014087.7149446,-1,5,-57
1756014087.7539446,5,-1,-46
1756014087.7899446,6,-3,-45
1756014087.8269446,2,-5,-41
1756014087.8649447,3,3,-46
1756014087.9039447,0,0,-45
1756014087.9399445,1,2,-48
1756014087.9769447,0,3,-44
1756014088.0149446,0,0,-39
1756014088.0509446,-3,-1,-48
1756014088.088945,2,-6,-53
1756014088.1269443,1,3,-62
1756014088.1649446,-1,0,-47
1756014088.200945,5,1,-46
1756014088.2379446,2,-4,-45
1756014088.2759447,-12,-2,-57
1756014088.3149445,3,-6,-46
1756014088.3509445,2,-4,-52
1756014088.3879447,3,-4,-53
1756014088.4259446,2,-3,-61
1756014088.4649446,-12,-4,-47
1756014088.5009446,-8,0,-46
1756014088.5379446,-6,1,-49
1756014088.575945,3,-1,-63
1756014088.6149447,5,-5,-53
1756014088.6509447,4,-3,-41
1756014088.687945,2,-4,-34
1756014088.7259445,1,0,-55
1756014088.7649446,2,-3,-53
1756014088.8009446,0,-6,-53
1756014088.8379445,1,-5,-47
1756014088.8759446,-1,1,-52
1756014088.9149446,-1,-6,-57
1756014088.950945,0,-5,-63
1756014088.9879446,5,-4,-49
1756014089.0259447,4,-3,-35
1756014089.0649445,-2,-3,-44
1756014089.1009445,-4,-4,-52
1756014089.1389446,-7,0,-42
1756014089.1769447,2,3,-45
1756014089.2149446,-1,-3,-47
1756014089.2509446,-4,-3,-49
1756014089.2889447,2,-5,-54
1756014089.3269446,2,-3,-62
1756014089.3659446,3,-6,-52
1756014089.4039447,3,-2,-41
1756014089.4399445,9,-2,-57
1756014089.4769447,0,-2,-48
1756014089.5159447,-1,-6,-47
1756014089.5539446,2,1,-57
1756014089.5899446,0,4,-52
1756014089.6269443,1,-2,-54
1756014089.6659446,6,0,-53
1756014089.7019446,-2,-3,-53
1756014089.7399447,-6,-5,-55
1756014089.7779446,-2,-3,-56
1756014089.815945,-1,1,-45
1756014089.8549447,-1,5,-56
1756014089.8909447,2,3,-50
1756014089.9289446,-2,4,-58
1756014089.9659443,1,0,-47
1756014090.0019443,0,-1,-45
1756014090.0399446,-5,3,-55
1756014090.0779445,0,3,-57
1756014090.1159446,0,-2,-55
1756014090.154945,3,-5,-51
1756014090.190945,3,-8,-65
1756014090.2289443,3,3,-56
1756014090.2659447,2,5,-59
1756014090.3019447,0,4,-56
1756014090.3399446,0,-1,-59
1756014090.3789446,-4,-2,-61
1756014090.4169445,-3,-2,-52
1756014090.4549446,0,-6,-44
1756014090.4909446,-3,-2,-45
1756014090.5289447,-7,-2,-51
1756014090.5669446,-3,-1,-52
1756014090.6059446,-1,-1,-48
1756014090.6419446,-1,-8,-52
1756014090.6799445,-1,0,-48
1756014090.7179446,-2,-3,-58
1756014090.756945,-2,-7,-58
1756014090.7949443,1,-1,-51
1756014090.8309443,-2,0,-46
1756014090.8689446,-5,-2,-58
1756014090.9069445,1,0,-56
1756014090.9449446,0,-1,-58
1756014090.9809446,-3,1,-53
1756014091.019945,0,0,-52
1756014091.0569446,3,-2,-60
1756014091.0959446,1,-2,-50
1756014091.131945,1,-4,-54
1756014091.1699443,1,-1,-53
1756014091.2069447,-5,-3,-47
1756014091.2459445,-4,-6,-56
1756014091.2819445,-1,-8,-51
1756014091.3199446,-1,-3,-52
1756014091.3579447,0,5,-48
1756014091.3969443,-4,0,-49
1756014091.4329443,0,2,-54
1756014091.4699447,-1,0,-47
1756014091.5079446,0,-4,-56
1756014091.5469446,5,6,-43
1756014091.5829446,2,4,-41
1756014091.6199446,1,0,-52
1756014091.6569445,-7,-2,-57
1756014091.6959443,-4,-3,-53
1756014091.7319446,1,2,-53
1756014091.7689445,-5,0,-43
1756014091.8069446,-3,-5,-48
1756014091.8459446,-1,-7,-49
1756014091.881945,-3,4,-50
1756014091.9199443,-4,0,-44
1756014091.9579446,-3,-4,-55
1756014091.996945,-4,0,-51
1756014092.032945,-2,0,-58
1756014092.0699446,3,-3,-58
1756014092.1079447,5,6,-60
1756014092.1469443,3,0,-48
1756014092.1829443,-2,-2,-51
1756014092.2219446,9,1,-50
1756014092.2589445,3,4,-51
1756014092.2979443,2,3,-46
1756014092.335945,-2,4,-47
1756014092.371945,1,0,-50
1756014092.4089446,0,-3,-44
1756014092.4479446,3,-2,-58
1756014092.4859445,4,0,-65
1756014092.5219443,3,-3,-53
1756014092.5589447,0,-2,-61
1756014092.5979445,-4,0,-64
1756014092.6359446,-3,4,-53
1756014092.6719446,-1,7,-55
1756014092.7089446,-6,2,-47
1756014092.7479446,-3,-2,-56
1756014092.7859447,1,0,-50
1756014092.8219447,-3,-5,-58
1756014092.8599446,1,-1,-52
1756014092.8979447,-4,2,-50
1756014092.9369447,2,1,-54
1756014092.9729445,5,-2,-56
1756014093.0109446,0,3,-54
1756014093.0479443,3,-6,-44
1756014093.0869446,2,-1,-66
1756014093.1229446,2,0,-50
1756014093.1599443,-1,5,-49
1756014093.1979446,-2,1,-59
1756014093.236945,-7,-1,-63
1756014093.2729447,1,-5,-58
1756014093.3109446,-4,-2,-52
1756014093.3499446,-6,2,-49
1756014093.3879447,-2,0,-50
1756014093.4239447,-8,-3,-53
1756014093.4629445,-5,-5,-46
1756014093.4999447,3,-1,-48
1756014093.5389447,0,1,-46
1756014093.5769446,0,-1,-55
1756014093.6129446,-3,0,-58
1756014093.6499443,-8,0,-61
1756014093.6889446,2,1,-46
1756014093.7269447,9,0,-47
1756014093.7629447,1,0,-55
1756014093.7999446,-1,0,-53
1756014093.838945,2,-2,-45
1756014093.8769443,6,-2,-36
1756014093.9129446,5,-2,-41
1756014093.9499447,1,-6,-44
1756014093.9889443,2,0,-49
1756014094.0269446,-2,0,-54
1756014094.062945,-3,0,-57
1756014094.0999446,-2,3,-54
1756014094.1389446,-8,4,-58
1756014094.1769447,-4,0,-68
1756014094.2129445,1,-1,-45
1756014094.2499447,-2,3,-50
1756014094.2889447,-5,10,-49
1756014094.3269446,-7,1,-50
1756014094.3629446,3,7,-57
1756014094.3999443,0,0,-47
1756014094.4389446,2,1,-51
1756014094.4769447,7,3,-49
1756014094.5129447,0,2,-58
1756014094.5499446,2,6,-64
1756014094.588945,0,2,-60
1756014094.6269443,2,0,-60
1756014094.6629446,-4,-1,-51
1756014094.700945,0,-2,-52
1756014094.7389443,1,-4,-55
1756014094.7779446,-5,1,-45
1756014094.8139446,-6,4,-50
1756014094.8509445,-5,-3,-55
1756014094.8889446,-7,-4,-59
1756014094.927945,-9,0,-48
1756014094.963945,-11,-1,-51
1756014095.0019443,-2,-2,-48
1756014095.0399446,2,-1,-52
1756014095.0789447,12,0,-59
1756014095.1149447,10,-1,-50
1756014095.1529446,6,0,-48
1756014095.190945,0,5,-54
1756014095.2289443,2,0,-49
1756014095.2649446,4,0,-59
1756014095.3019447,0,2,-54
1756014095.338945,-5,3,-59
1756014095.3779447,-3,0,-58
1756014095.4139447,-6,-9,-53
1756014095.4519446,-1,-4,-52
1756014095.4899447,0,-3,-44
1756014095.5289447,-3,-1,-45
1756014095.5649445,-5,-5,-43
1756014095.6029446,-6,0,-58
1756014095.6409447,-6,-10,-59
1756014095.6799445,0,2,-57
1756014095.7179446,-3,-1,-52
1756014095.7539446,1,3,-56
1756014095.7909446,0,0,-55
1756014095.8289447,4,2,-55
1756014095.8649447,0,0,-52
1756014095.9019446,-11,6,-52
1756014095.9399445,0,-3,-40
1756014095.9789443,3,-4,-38
1756014096.0149446,-8,-2,-46
1756014096.052945,4,0,-45
1756014096.0899446,-5,-3,-45
1756014096.1289446,-6,0,-53
1756014096.1649446,-1,-1,-42
1756014096.2029445,0,0,-52
1756014096.2399447,12,-5,-45
1756014096.2789447,0,-7,-46
1756014096.3149445,-3,-8,-51
1756014096.3529446,0,-6,-48
1756014096.3909447,1,-7,-48
1756014096.4299445,7,-2,-51
1756014096.4659443,5,2,-53
1756014096.5029447,3,2,-51
1756014096.5399446,5,-1,-56
1756014096.5789447,1,2,-55
1756014096.6149447,0,0,-56
1756014096.6529446,-6,-1,-46
1756014096.6899445,-1,2,-42
1756014096.7289443,2,1,-49
1756014096.7649446,5,3,-53
1756014096.8019447,0,0,-58
1756014096.8399446,4,-1,-44
1756014096.8759446,1,0,-50
1756014096.9129446,1,-4,-47
1756014096.950945,0,-9,-55
1756014096.9899447,-2,0,-60
1756014097.0259447,1,2,-63
1756014097.0639446,0,1,-56
1756014097.1009445,9,-2,-56
1756014097.1459446,2,3,-54
1756014097.1829443,0,1,-49
1756014097.2219446,1,-5,-59
1756014097.259945,-6,-2,-61
1756014097.2959447,0,-1,-55
1756014097.3349447,-1,-3,-57
1756014097.371945,1,-2,-57
1756014097.4109447,6,-1,-58
1756014097.4489446,3,-2,-42
1756014097.4849446,-6,-7,-43
1756014097.5229447,-3,0,-49
1756014097.5609446,-3,-2,-55
1756014097.5999446,-3,0,-54
1756014097.6359446,0,1,-52
1756014097.6729443,4,2,-53
1756014097.710945,1,0,-51
1756014097.7489443,4,4,-67
1756014097.7849443,10,4,-56
1756014097.8219447,1,1,-53
1756014097.8599446,2,-2,-58
1756014097.8959446,7,2,-49
1756014097.9329443,-1,-3,-56
1756014097.9709446,1,0,-60
1756014098.009945,0,0,-60
1756014098.0459447,-10,-3,-65
1756014098.0849447,-4,2,-45
1756014098.121945,0,1,-54
1756014098.1609447,-2,0,-59
1756014098.1979446,-5,3,-53
1756014098.2349446,-3,1,-50
1756014098.2739446,-1,0,-49
1756014098.3109446,-2,0,-53
1756014098.3499446,10,-1,-51
1756014098.3859446,3,0,-58
1756014098.4239447,-3,-2,-46
1756014098.460945,2,-2,-47
1756014098.4999447,1,-1,-49
1756014098.5359447,1,-2,-51
1756014098.5729446,0,-5,-56
1756014098.6109445,-2,-3,-48
1756014098.6499443,-1,-5,-52
1756014098.6859446,-2,-8,-47
1756014098.723945,3,-6,-56
1756014098.7619443,0,0,-43
1756014098.7999446,4,-8,-49
1756014098.835945,4,-7,-51
1756014098.8739443,6,-1,-62
1756014098.9119446,-5,1,-62
1756014098.9499447,-2,-1,-56
1756014098.9859445,-1,2,-50
1756014099.0239446,0,1,-49
1756014099.0619447,5,0,-54
1756014099.0999446,1,-3,-58
1756014099.1359446,2,1,-53
1756014099.1739447,0,-4,-47
1756014099.2119446,-2,4,-41
1756014099.2499447,6,-4,-60
1756014099.2859447,5,3,-55
1756014099.3229446,-3,4,-49
1756014099.361945,0,-1,-50
1756014099.3999443,-2,2,-49
1756014099.4359446,0,3,-51
1756014099.4729445,4,0,-50
1756014099.5109446,-1,-8,-58
1756014099.5469446,2,-6,-52
1756014099.5839446,-5,-5,-49
1756014099.6229446,2,-5,-49
1756014099.6609447,8,6,-40
1756014099.6969447,7,5,-50
1756014099.733945,-1,2,-40
1756014099.7729447,2,-4,-37
1756014099.8109446,2,-5,-44
1756014099.8469446,6,0,-46
1756014099.8839445,-4,2,-53
1756014099.9229443,0,-3,-57
1756014099.960945,0,3,-49
1756014099.996945,3,0,-52
1756014100.0339446,6,0,-49
1756014100.0729446,3,2,-42
1756014100.1109445,-1,-3,-54
1756014100.1469443,-4,0,-44
1756014100.1839447,-8,-2,-54
1756014100.2219446,0,-4,-55
1756014100.2609446,-4,-5,-48
1756014100.2969446,-5,-3,-47
1756014100.3349447,-3,-2,-46
1756014100.3729446,-4,0,-43
1756014100.4119446,-1,0,-56
1756014100.4479446,-2,2,-56
1756014100.4859445,-3,-8,-61
1756014100.5239446,1,-8,-48
1756014100.562945,-7,-3,-53
1756014100.6009445,-2,-1,-61
1756014100.6369443,-6,-1,-59
1756014100.6749446,-6,-3,-58
1756014100.7129445,0,-3,-55
1756014100.7519443,-9,1,-41
1756014100.7879446,-3,4,-52
1756014100.8249447,0,-4,-47
1756014100.8629446,-3,0,-40
1756014100.9019446,-2,-1,-53
1756014100.937945,-3,-1,-57
1756014100.9759445,4,-4,-57
1756014101.0139446,0,-8,-52
1756014101.052945,3,-2,-55
1756014101.0909443,-1,0,-53
1756014101.1269443,4,0,-54
1756014101.1639447,9,-6,-57
1756014101.2029445,12,0,-45
1756014101.2409446,9,-3,-42
1756014101.2769446,0,2,-51
1756014101.3139446,0,-6,-57
1756014101.3529446,-8,-8,-63
1756014101.3889446,0,-8,-60
1756014101.4269447,-9,-6,-58
1756014101.4659443,-9,0,-53
1756014101.5029447,0,-1,-51
1756014101.5419445,1,0,-50
1756014101.5779445,-5,0,-53
1756014101.6159446,-6,-3,-64
1756014101.6529446,-6,-2,-52
1756014101.6919446,0,-4,-46
1756014101.7279446,-2,0,-46
1756014101.7649446,-5,8,-48
1756014101.802945,-3,3,-59
1756014101.8419447,-6,4,-50
1756014101.8779447,0,2,-54
1756014101.9159446,3,0,-57
1756014101.9529445,4,-2,-51
1756014101.9919446,0,-2,-51
1756014102.0279446,-2,0,-59
1756014102.0649445,0,-4,-55
1756014102.1039443,11,-3,-54
1756014102.1419446,4,4,-62
1756014102.177945,-5,1,-59
1756014102.2149446,-1,2,-53
1756014102.2539446,0,1,-56
1756014102.2919445,-1,1,-62
1756014102.3279445,0,-4,-53
1756014102.3649447,-7,-2,-56
1756014102.4039447,-3,-8,-53
1756014102.4419446,-1,0,-54
1756014102.4779446,0,-4,-60
1756014102.5159447,1,-2,-59
1756014102.5539446,0,-1,-51
1756014102.5929446,5,-2,-61
1756014102.6289446,3,3,-50
1756014102.6659446,-7,2,-51
1756014102.7039447,0,-3,-54
1756014102.7429447,0,-3,-45
1756014102.7789447,7,4,-49
1756014102.815945,7,-3,-51
1756014102.8539443,0,-10,-54
1756014102.8929446,-1,-4,-54
1756014102.9289446,1,3,-49
1756014102.9669447,-1,-5,-57
1756014103.0039446,-3,1,-47
1756014103.042945,3,-2,-59
1756014103.0789447,5,-4,-51
1756014103.1169446,10,-1,-53
1756014103.1539447,-1,0,-58
1756014103.1929443,6,-5,-51
1756014103.2289443,3,-5,-52
1756014103.2669446,-2,-5,-54
1756014103.3039446,0,-4,-59
1756014103.3429446,5,-4,-48
1756014103.3789446,-2,0,-45
1756014103.4159446,-2,-8,-38
1756014103.4539447,-4,-5,-39
1756014103.4929447,-1,-5,-42
1756014103.5289447,1,-5,-60
1756014103.5669446,2,-3,-52
1756014103.6049447,4,0,-51
1756014103.6429446,1,-1,-49
1756014103.6789446,-3,0,-45
1756014103.7159443,2,-1,-52
1756014103.7549446,-6,2,-57
1756014103.792945,1,1,-55
1756014103.8289447,-2,-2,-52
1756014103.8669446,8,-2,-55
1756014103.904945,0,-3,-61
1756014103.9439447,0,-2,-53
1756014103.9799447,2,5,-44
1756014104.0169446,-5,1,-49
1756014104.0549445,3,-6,-48
1756014104.0939443,7,-2,-59
1756014104.1299446,11,-6,-43
1756014104.167945,8,-3,-53
1756014104.2059443,10,1,-52
1756014104.2439446,2,-4,-54
1756014104.279945,7,3,-52
1756014104.3169446,0,4,-48
1756014104.3549447,-3,0,-53
1756014104.3929446,2,8,-41
1756014104.4289446,9,-1,-42
1756014104.4659443,9,-7,-43
1756014104.5049446,4,-10,-52
1756014104.542945,8,-7,-58
1756014104.5789447,4,-4,-58
1756014104.6169446,-8,-7,-60
1756014104.654945,-1,-6,-47
1756014104.6939447,6,4,-59
1756014104.7299447,4,5,-63
1756014104.7669446,5,7,-51
1756014104.8049445,9,2,-49
1756014104.8409443,-3,1,-49
1756014104.8779447,2,-7,-47
1756014104.9169445,0,-6,-55
1756014104.9549446,2,-5,-60
1756014104.9909446,-2,-4,-60
1756014105.029945,2,-8,-49
1756014105.0669446,0,1,-52
1756014105.1049447,-1,3,-58
1756014105.1439445,-2,-3,-60
1756014105.1799445,0,3,-53
1756014105.2169447,1,1,-50
1756014105.2549446,0,0,-48
1756014105.2909446,0,-5,-47
1756014105.3279445,1,5,-52
1756014105.3659446,11,1,-52
1756014105.4039447,8,1,-46
1756014105.4399445,12,-2,-57
1756014105.4769447,5,0,-49
1756014105.5149446,-1,1,-54
1756014105.5509446,-2,2,-58
1756014105.5879445,4,0,-47
1756014105.6259446,-1,-2,-53
1756014105.6639447,-1,-3,-52
1756014105.6999447,1,-2,-50
1756014105.7379446,1,-1,-47
1756014105.7759447,-9,-2,-56
1756014105.8149445,-5,1,-60
1756014105.8509445,0,-8,-56
1756014105.8879447,4,-6,-51
1756014105.9259446,1,-2,-53
1756014105.9649446,-1,0,-61
1756014106.0009446,-9,-3,-52
1756014106.0389447,0,2,-50
1756014106.075945,0,-2,-49
1756014106.1149447,-1,-1,-58
1756014106.1509447,2,-5,-57
1756014106.187945,0,-4,-66
1756014106.2269447,4,0,-58
1756014106.2649446,0,-2,-57
1756014106.3009446,3,-4,-57
1756014106.3379445,3,5,-55
1756014106.3759446,0,4,-44
1756014106.4119446,-3,5,-45
1756014106.4499447,-3,1,-55
1756014106.4879446,5,0,-52
1756014106.5259447,-1,0,-56
1756014106.5619447,0,-5,-52
1756014106.5999446,5,1,-43
1756014106.6369443,-1,2,-44
1756014106.6759446,-1,3,-57
1756014106.7119446,0,-1,-52
1756014106.7499447,-5,-5,-50
1756014106.7879446,2,2,-41
1756014106.825945,5,-1,-43
1756014106.861945,0,-4,-43
1756014106.8999443,0,0,-44
1756014106.937945,-5,4,-49
1756014106.9769447,5,0,-47
1756014107.0149446,7,-1,-43
1756014107.0509446,3,-4,-40
1756014107.0879445,-1,-7,-44
1756014107.1269443,-3,-3,-54
1756014107.1709447,-3,-3,-62
1756014107.2089446,3,4,-44
1756014107.2479446,3,3,-54
1756014107.2859447,4,2,-55
1756014107.3219447,6,3,-55
1756014107.358945,-3,0,-45
1756014107.3969443,4,1,-56
1756014107.4349446,-1,5,-53
1756014107.4709446,-6,3,-42
1756014107.5079446,4,6,-33
1756014107.5469446,-4,1,-47
1756014107.5849447,0,-5,-54
1756014107.6209445,-7,-11,-48
1756014107.6589446,-1,-4,-47
1756014107.6969447,1,1,-44
1756014107.7359445,0,-3,-42
1756014107.7719443,6,-4,-46
1756014107.8089447,0,1,-47
1756014107.8469446,-2,-4,-55
1756014107.884945,-1,-2,-56
1756014107.9219446,-1,-1,-53
1756014107.960945,-9,-8,-49
1756014107.9979446,0,1,-53
1756014108.0359447,2,-3,-53
1756014108.0719447,0,-3,-48
1756014108.108945,-3,-1,-48
1756014108.1469443,-4,0,-48
1756014108.1859446,-2,2,-45
1756014108.2219446,-5,2,-47
1756014108.2609446,0,6,-49
1756014108.2979443,-4,-3,-50
1756014108.3369446,-5,0,-49
1756014108.3729446,-1,-4,-42
1756014108.4109447,1,-2,-50
1756014108.4489446,-2,0,-45
1756014108.486945,0,9,-54
1756014108.5229447,5,6,-44
1756014108.5609446,-10,1,-42
1756014108.5979445,-12,-6,-40
1756014108.6369443,-11,-2,-62
1756014108.6729443,-3,0,-60
1756014108.710945,-2,3,-40
1756014108.7479446,-1,5,-43
1756014108.7869446,-1,-2,-54
1756014108.8229446,4,0,-62
1756014108.8609445,-1,0,-59
1756014108.8979447,-2,-1,-51
1756014108.9369447,-4,-1,-63
1756014108.9729445,-2,2,-54
1756014109.0109446,-2,-5,-68
1756014109.0479443,-2,4,-45
1756014109.0869446,2,6,-48
1756014109.1229446,2,3,-51
1756014109.1609447,3,1,-47
1756014109.1979446,-3,0,-49
1756014109.236945,3,0,-53
1756014109.2729447,1,-3,-65
1756014109.3109446,-5,1,-57
1756014109.348945,6,2,-57
1756014109.3869443,-1,3,-46
1756014109.4229443,5,2,-49
1756014109.4599447,-3,5,-55
1756014109.4979446,-2,-2,-57
1756014109.5369446,-7,-2,-57
1756014109.5729446,-8,-6,-54
1756014109.6109445,-7,-2,-49
1756014109.6489446,2,-4,-41
1756014109.687945,-8,-3,-48
1756014109.723945,-4,-8,-46
1756014109.7619443,-4,-2,-63
1756014109.7999446,0,2,-54
1756014109.8379445,-6,8,-50
1756014109.8769443,-1,-2,-51
1756014109.9129446,-3,-4,-49
1756014109.950945,-1,7,-58
1756014109.9889443,3,2,-42
1756014110.0279446,0,0,-48
1756014110.0639446,2,-2,-51
1756014110.1009445,1,-3,-53
1756014110.1389446,2,-4,-44
1756014110.177945,-4,-5,-37
1756014110.213945,-2,2,-36
1756014110.2509446,3,2,-56
1756014110.2879446,-2,0,-51
1756014110.3269446,-2,1,-53
1756014110.3629446,-2,-5,-43
1756014110.4009447,-7,-2,-55
1756014110.4399445,0,2,-57
1756014110.4779446,1,3,-60
1756014110.5139446,3,2,-57
1756014110.5509446,8,-2,-41
1756014110.5899446,4,0,-50
1756014110.6279447,1,-4,-46
1756014110.6639447,-4,-3,-48
1756014110.7029445,-4,2,-51
1756014110.7399447,-9,-4,-46
1756014110.7789447,-8,-3,-53
1756014110.8169446,-6,-4,-52
1756014110.8529446,-6,1,-62
1756014110.8899446,0,0,-59
1756014110.9289446,0,2,-51
1756014110.9669447,-4,0,-55
1756014111.0029447,-5,1,-57
1756014111.0399446,0,-5,-53
1756014111.0789447,1,4,-55
1756014111.1169446,-2,2,-47
1756014111.1529446,-3,0,-56
1756014111.1899445,-10,0,-53
1756014111.2289443,-1,1,-59
1756014111.2669446,1,6,-56
1756014111.302945,0,-4,-51
1756014111.3399446,-1,0,-49
1756014111.3789446,0,0,-53
1756014111.4149446,-7,3,-58
1756014111.4529445,-4,1,-43
1756014111.4909446,-4,-2,-61
1756014111.5289447,0,3,-53
1756014111.5679443,1,1,-57
1756014111.6039443,0,0,-65
1756014111.6409447,2,0,-51
1756014111.6789446,-4,-1,-55
1756014111.7149446,0,-1,-44
1756014111.7529447,-4,-2,-43
1756014111.7899446,6,-5,-45
1756014111.8289447,8,0,-51
1756014111.8649447,0,1,-42
1756014111.9019446,-1,-1,-49
1756014111.9399445,2,2,-54
1756014111.9789443,-8,3,-63
1756014112.0149446,-1,0,-64
1756014112.052945,-3,-1,-64
1756014112.0909443,0,-4,-57
1756014112.1299446,0,-6,-51
1756014112.167945,6,-9,-56
1756014112.2039447,1,0,-57
1756014112.2409446,0,0,-52
1756014112.2789447,-10,-7,-55
1756014112.3149445,-5,-1,-54
1756014112.3529446,-6,-4,-52
1756014112.3909447,3,-3,-52
1756014112.4299445,3,0,-54
1756014112.4679446,2,3,-51
1756014112.5039446,5,-1,-35
1756014112.5419445,3,0,-40
1756014112.5799446,8,0,-51
1756014112.6179447,9,1,-51
1756014112.6539447,2,-1,-56
1756014112.690945,-6,0,-51
1756014112.7299447,-7,-3,-53
1756014112.7679446,-1,-3,-64
1756014112.8039446,-4,0,-51
1756014112.8409443,-5,5,-43
1756014112.8799446,-3,-5,-46
1756014112.917945,-3,-1,-54
1756014112.9539447,2,0,-55
1756014112.9909446,2,1,-56
1756014113.0289447,0,0,-50
1756014113.0649445,-5,2,-57
1756014113.1019447,-3,-7,-53
1756014113.1399446,-2,-8,-52
1756014113.1789446,0,5,-38
1756014113.2149446,-2,-11,-49
1756014113.2539446,0,1,-54
1756014113.2909446,1,-1,-53
1756014113.3299446,-3,2,-51
1756014113.3659446,7,0,-52
1756014113.4039447,-5,0,-54
1756014113.440945,2,0,-63
1756014113.4789443,2,-4,-46
1756014113.5149446,-2,-1,-45
1756014113.5539446,1,-2,-53
1756014113.5909443,0,-2,-63
1756014113.6299446,5,-6,-45
1756014113.6659446,8,0,-55
1756014113.7039447,5,3,-50
1756014113.7409446,5,0,-56
1756014113.7789447,-1,1,-68
1756014113.8149445,-8,0,-53
1756014113.8519447,-3,-2,-50
1756014113.8909447,-4,-2,-57
1756014113.9289446,-2,0,-52
1756014113.9649446,2,2,-42
1756014114.0019443,1,0,-50
1756014114.0399446,0,-4,-58
1756014114.075945,-2,-2,-48
1756014114.1139443,3,-1,-50
1756014114.1519446,0,2,-55
1756014114.1899445,-2,-5,-55
1756014114.2259445,-3,0,-56
1756014114.2629447,0,3,-57
1756014114.3009446,2,0,-60
1756014114.3399446,-3,-7,-61
1756014114.3759446,0,-7,-55
1756014114.4129446,-2,1,-59
1756014114.450945,0,-1,-45
1756014114.4899447,3,-1,-52
1756014114.5259447,0,-3,-50
1756014114.562945,-2,-3,-56
1756014114.6009445,-7,0,-51
1756014114.6399446,0,-2,-54
1756014114.6759446,6,-1,-48
1756014114.7129445,4,-1,-57
1756014114.7509446,0,-3,-47
1756014114.7899446,2,-3,-53
1756014114.825945,2,-6,-44
1756014114.8629446,0,0,-46
1756014114.9009447,0,-5,-52
1756014114.9369447,0,-5,-56
1756014114.973945,8,0,-54
1756014115.0109446,2,-4,-38
1756014115.0499446,-4,0,-47
1756014115.085945,-5,-5,-49
1756014115.1249447,-8,-2,-53
1756014115.1629446,-1,0,-52
1756014115.200945,0,0,-54
1756014115.236945,-6,0,-57
1756014115.2749443,-6,-4,-55
1756014115.312945,4,0,-57
1756014115.3509445,8,0,-61
1756014115.3869443,4,4,-61
1756014115.4239447,1,3,-52
1756014115.4619446,1,0,-39
1756014115.5009446,3,0,-47
1756014115.5369446,2,-1,-48
1756014115.5749447,5,-1,-45
1756014115.6129446,2,-3,-54
1756014115.6519446,1,-6,-45
1756014115.6899445,0,-10,-49
1756014115.7259445,7,-6,-43
1756014115.7629447,2,-5,-45
1756014115.8019447,-7,1,-49
1756014115.8399446,4,-1,-60
1756014115.8759446,0,1,-59
1756014115.9129446,-4,-10,-57
1756014115.9519446,0,-7,-51
1756014115.9899447,-3,1,-47
1756014116.0259447,-1,9,-54
1756014116.062945,3,0,-52
1756014116.1019447,0,4,-45
1756014116.1399446,-1,3,-52
1756014116.1759446,-6,0,-53
1756014116.2129445,2,1,-35
1756014116.2519443,-4,0,-49
1756014116.2879446,7,4,-44
1756014116.3249447,3,4,-54
1756014116.361945,-8,5,-50
1756014116.4009447,-4,-1,-48
1756014116.4369447,-1,-2,-57
1756014116.4749446,0,-5,-55
1756014116.5139446,5,-9,-52
1756014116.5519447,-1,-1,-49
1756014116.5879445,-2,-4,-50
1756014116.6259446,-1,-1,-54
1756014116.6639447,-2,4,-58
1756014116.7019446,-9,2,-58
1756014116.7409446,0,0,-64
1756014116.7769446,-5,-4,-45
1756014116.8149445,0,-3,-39
1756014116.8529446,0,-1,-45
1756014116.8919446,-1,-3,-53
1756014116.927945,-4,0,-48
1756014116.9659443,0,0,-55
1756014117.0039446,0,-8,-68
1756014117.0419445,4,-4,-50
1756014117.0779445,-2,-1,-57
1756014117.1159446,-8,-1,-54
1756014117.1539447,-10,-2,-62
1756014117.1979446,-10,1,-55
1756014117.2359445,-2,5,-52
1756014117.2749443,0,-2,-53
1756014117.312945,0,0,-50
1756014117.3509445,-5,1,-54
1756014117.3869443,-6,2,-57
1756014117.4239447,-5,0,-46
1756014117.4629445,-3,3,-47
1756014117.5009446,-1,6,-66
1756014117.5369446,-1,1,-58
1756014117.5739446,-1,0,-56
1756014117.6129446,0,0,-50
1756014117.6509447,-2,1,-58
1756014117.6869447,1,2,-49
1756014117.723945,8,1,-48
1756014117.7629447,7,2,-41
1756014117.8009446,11,-3,-52
1756014117.8369446,7,-4,-62
1756014117.8739443,4,0,-57
1756014117.9119446,-3,-2,-50
1756014117.9479446,-6,4,-46
1756014117.9849446,-6,1,-50
1756014118.0229447,3,2,-51
1756014118.0589447,5,6,-59
1756014118.0959446,-2,9,-57
1756014118.134945,2,4,-66
1756014118.1729443,0,0,-55
1756014118.2089446,3,0,-52
1756014118.2459445,0,-2,-52
1756014118.2849443,0,2,-59
1756014118.3229446,-2,1,-47
1756014118.358945,2,-1,-51
1756014118.3959446,4,-3,-46
1756014118.4339447,5,-2,-52
1756014118.4729445,-8,1,-57
1756014118.5089445,0,-1,-54
1756014118.5459447,-8,5,-52
1756014118.5849447,2,2,-50
1756014118.6229446,2,2,-54
1756014118.6589446,2,-4,-58
1756014118.6959443,1,-3,-42
1756014118.7349446,1,-1,-47
1756014118.7729447,-1,1,-46
1756014118.8089447,2,-4,-49
1756014118.8459446,3,-1,-40
1756014118.884945,0,3,-48
1756014118.9229443,2,-6,-54
1756014118.9589446,-2,-11,-46
1756014118.996945,3,-3,-53
1756014119.0349443,0,0,-63
1756014119.0729446,0,1,-57
1756014119.108945,1,-3,-53
1756014119.1469443,1,-4,-60
1756014119.1839447,-2,-6,-57
1756014119.2229445,0,-4,-48
1756014119.2589445,0,2,-58
1756014119.2959447,0,0,-41
1756014119.3339446,-1,-2,-47
1756014119.3729446,-2,-5,-52
1756014119.4089446,1,4,-58
1756014119.4459443,-6,7,-45
1756014119.483945,-7,-3,-41
1756014119.5229447,0,-9,-43
1756014119.5589447,-3,0,-44
1756014119.5959446,-2,-1,-64
1756014119.6339445,0,-5,-59
1756014119.6729443,2,1,-54
1756014119.7089446,-1,0,-51
1756014119.7459445,6,3,-54
1756014119.7839446,8,6,-46
1756014119.8199446,1,0,-52
1756014119.8569446,-2,2,-58
1756014119.894945,0,4,-57
1756014119.9329443,0,-5,-54
1756014119.9689443,-4,-4,-54
1756014120.006945,7,-3,-46
1756014120.0449443,0,-7,-35
1756014120.0839446,-3,0,-44
1756014120.1199446,-3,-1,-57
1756014120.157945,-2,1,-61
1756014120.1959443,2,0,-50
1756014120.233945,-2,0,-40
1756014120.2729447,2,0,-40
1756014120.3089447,6,8,-41
1756014120.3459446,2,3,-48
1756014120.384945,-5,0,-48
1756014120.4229443,-10,1,-50
1756014120.4589446,-8,1,-57
1756014120.4959445,-4,1,-52
1756014120.5349443,-5,-4,-49
1756014120.5729446,-1,-12,-56
1756014120.608945,-6,0,-41
1756014120.6469443,-9,-1,-48
1756014120.6849446,1,4,-48
1756014120.723945,1,0,-52
1756014120.759945,0,0,-53
1756014120.7969446,-1,-3,-50
1756014120.835945,7,-2,-62
1756014120.8739443,3,-4,-59
1756014120.9099443,-1,2,-66
1756014120.9479446,1,4,-53
1756014120.9859445,1,0,-45
1756014121.0239446,-2,8,-57
1756014121.0599446,-7,4,-53
1756014121.0979445,3,0,-50
1756014121.134945,-4,2,-41
1756014121.1739447,3,-3,-45
1756014121.2099447,-3,0,-58
1756014121.246945,-1,0,-50
1756014121.2849443,2,0,-46
1756014121.3209443,4,0,-49
1756014121.3579447,1,-3,-44
1756014121.3959446,0,7,-51
1756014121.4339447,-4,0,-56
1756014121.4699447,-1,-3,-62
1756014121.5079446,-3,-1,-50
1756014121.5459447,-4,-7,-59
1756014121.5849447,1,-7,-55
1756014121.6209445,0,-7,-48
1756014121.657945,4,-1,-49
1756014121.6959443,5,-4,-54
1756014121.7349446,0,4,-59
1756014121.7709446,3,-6,-58
1756014121.8079443,4,-4,-62
1756014121.8459446,4,-2,-55
1756014121.884945,-4,-9,-48
1756014121.9209447,-6,-7,-47
1756014121.9589446,-3,-4,-51
1756014121.996945,-5,6,-61
1756014122.0359447,-2,2,-49
1756014122.0739446,0,-2,-46
1756014122.1099446,7,2,-52
1756014122.1469443,10,0,-58
1756014122.1859446,0,0,-65
1756014122.223945,-5,0,-42
1756014122.259945,2,-4,-51
1756014122.2979443,-4,-9,-60
1756014122.335945,-3,-3,-59
1756014122.3749447,1,0,-53
1756014122.4109447,2,0,-50
1756014122.4479446,0,0,-59
1756014122.4859445,-5,-1,-60
1756014122.5249443,-5,-3,-52
1756014122.5609446,-2,5,-50
1756014122.5979445,2,3,-54
1756014122.6369443,1,5,-54
1756014122.6749446,0,3,-51
1756014122.710945,4,0,-52
1756014122.7479446,-2,-2,-52
1756014122.7869446,1,3,-56
1756014122.8249447,0,-5,-61
1756014122.8609445,-1,1,-64
1756014122.8979447,-7,-2,-58
1756014122.9369447,0,-5,-51
1756014122.9749446,-4,3,-50
1756014123.0109446,1,0,-49
1756014123.0489447,-5,-2,-59
1756014123.085945,0,-2,-53
1756014123.1249447,-3,0,-43
1756014123.1609447,4,2,-44
1756014123.1979446,0,5,-41
1756014123.2359445,2,-1,-44
1756014123.2749443,5,2,-39
1756014123.3109446,6,0,-44
1756014123.348945,0,-5,-50
1756014123.3859446,-3,0,-48
1756014123.4249446,-3,-2,-49
1756014123.460945,-7,0,-46
1756014123.4979446,-6,-2,-45
1756014123.5359447,1,-5,-40
1756014123.5749447,-5,6,-48
1756014123.6109445,-6,-1,-47
1756014123.6489446,0,1,-51
1756014123.6869447,4,0,-50
1756014123.7249446,3,0,-55
1756014123.7609446,5,-1,-57
1756014123.7979443,2,-2,-52
1756014123.8369446,-5,-7,-48
1756014123.8749447,-7,-6,-55
1756014123.9109447,-6,0,-47
1756014123.9479446,-7,-2,-56
1756014123.986945,-3,-3,-50
1756014124.0249443,-5,-2,-53
1756014124.0609446,-3,-1,-50
1756014124.098945,0,6,-50
1756014124.1379447,0,1,-56
1756014124.1759446,-2,4,-43
1756014124.2119446,-4,3,-27
1756014124.2489443,0,1,-38
1756014124.2869446,0,2,-48
1756014124.3249447,-3,4,-47
1756014124.3609445,-4,10,-46
1756014124.3979447,2,1,-52
1756014124.4369447,-1,1,-51
1756014124.4749446,6,6,-59
1756014124.5109446,8,8,-51
1756014124.5479443,2,0,-50
1756014124.5869446,-8,0,-45
1756014124.6229446,1,-5,-46
1756014124.6609447,0,-5,-52
1756014124.6989446,4,-6,-51
1756014124.7379446,4,-3,-46
1756014124.7759447,5,-1,-54
1756014124.8119447,0,-1,-61
1756014124.848945,-2,-3,-56
1756014124.8879447,-3,4,-49
1756014124.9259446,-4,3,-55
1756014124.9619446,0,-3,-55
1756014124.9989443,-9,-6,-58
1756014125.0379446,-2,3,-53
1756014125.075945,-7,2,-50
1756014125.111945,-1,2,-52
1756014125.1489446,2,4,-40
1756014125.1869447,6,2,-57
1756014125.2229445,5,4,-38
1756014125.2609446,0,-3,-42
1756014125.2989447,-5,-4,-51
1756014125.3379445,0,2,-58
1756014125.3759446,3,3,-60
1756014125.4119446,1,0,-54
1756014125.4489446,4,0,-53
1756014125.486945,-2,4,-41
1756014125.5229447,0,3,-51
1756014125.5609446,-3,-3,-50
1756014125.598945,0,2,-49
1756014125.6379447,0,1,-49
1756014125.6759446,-6,2,-51
1756014125.7119446,0,-6,-47
1756014125.7499447,-5,0,-57
1756014125.7879446,0,-2,-56
1756014125.8269446,0,-1,-60
1756014125.8629446,1,-2,-59
1756014125.8999443,0,-1,-52
1756014125.937945,3,3,-57
1756014125.9769447,3,0,-41
1756014126.0129447,1,3,-48
1756014126.0499446,-2,-4,-45
1756014126.0879445,-3,4,-46
1756014126.1269443,0,-3,-47
1756014126.1629446,2,-1,-35
1756014126.1999447,-6,5,-34
1756014126.2379446,0,3,-43
1756014126.2769446,-5,5,-60
1756014126.312945,2,7,-57
1756014126.3499446,-1,2,-55
1756014126.3879447,-4,5,-60
1756014126.4269447,-1,1,-57
1756014126.4629445,2,12,-52
1756014126.4999447,4,0,-45
1756014126.5379446,10,3,-49
1756014126.5739446,4,9,-58
1756014126.6109445,0,2,-53
1756014126.6479447,-4,4,-58
1756014126.6869447,1,-1,-45
1756014126.7229445,0,0,-49
1756014126.759945,-3,-4,-55
1756014126.7979443,1,-2,-53
1756014126.8369446,2,-3,-48
1756014126.8729446,3,-2,-54
1756014126.9099443,-5,-4,-55
1756014126.9479446,0,0,-52
1756014126.983945,0,0,-49
1756014127.0219443,-1,-1,-43
1756014127.0599446,-3,-2,-48
1756014127.098945,-2,0,-40
1756014127.1369443,1,-2,-43
1756014127.1729443,2,-1,-46
1756014127.2189443,-3,3,-59
1756014127.256945,-8,2,-53
1756014127.292945,-5,1,-47
1756014127.3299446,-1,3,-54
1756014127.3689446,-1,-8,-61
1756014127.4069445,6,0,-52
1756014127.4429443,0,2,-69
1756014127.4799447,4,0,-59
1756014127.5189445,6,1,-52
1756014127.5569446,5,3,-51
1756014127.5929446,1,1,-53
1756014127.6299446,-5,-5,-55
1756014127.6689446,5,-1,-43
1756014127.7069447,-1,-1,-50
1756014127.7429447,-3,-2,-46
1756014127.7809446,2,0,-50
1756014127.8189447,7,0,-46
1756014127.8569446,0,-2,-51
1756014127.8929446,0,-5,-44
1756014127.9299445,1,-5,-42
1756014127.9689443,-1,-7,-48
1756014128.0049446,0,0,-52
1756014128.042945,-2,8,-40
1756014128.0799446,2,1,-51
1756014128.1179447,3,-1,-54
1756014128.1539447,8,-2,-44
1756014128.190945,1,-1,-46
1756014128.2299447,-1,-3,-52
1756014128.2679446,-3,0,-47
1756014128.3039446,-6,-5,-49
1756014128.3419447,-1,-3,-47
1756014128.3799446,-2,1,-41
1756014128.4189446,-2,6,-45
1756014128.4549446,0,0,-47
1756014128.4929447,3,0,-47
1756014128.529945,-2,-6,-55
1756014128.5689447,1,1,-50
1756014128.6049447,7,3,-55
1756014128.6429446,0,-7,-50
1756014128.6799445,1,-1,-51
1756014128.7189443,0,0,-49
1756014128.7549446,-6,-4,-46
1756014128.792945,3,0,-50
1756014128.8309443,-6,3,-58
1756014128.8699446,-4,-1,-59
1756014128.907945,-3,-1,-59
1756014128.9439447,0,-1,-58
1756014128.9809446,-2,4,-55
1756014129.019945,0,-5,-57
1756014129.0579443,-3,-3,-48
1756014129.0939443,-4,2,-53
1756014129.1309447,3,-3,-59
1756014129.1699443,1,-1,-48
1756014129.2079446,4,-3,-61
1756014129.2439446,1,1,-58
1756014129.2809446,1,2,-63
1756014129.3189447,-4,0,-54
1756014129.3549447,-11,-1,-57
1756014129.3929446,-7,-2,-56
1756014129.4309447,5,-7,-62
1756014129.4699447,8,0,-55
1756014129.5079446,1,5,-58
1756014129.5439446,6,3,-53
1756014129.5809443,7,1,-49
1756014129.6189446,0,4,-66
1756014129.654945,-12,6,-60
1756014129.6919446,-4,2,-56
1756014129.7299447,-2,0,-53
1756014129.7689445,-5,6,-40
1756014129.8049445,8,3,-41
1756014129.8429446,-2,0,-50
1756014129.8799446,-8,0,-52
1756014129.9189446,0,1,-47
1756014129.9549446,-1,1,-54
1756014129.9919446,-1,0,-59
1756014130.029945,-5,2,-44
1756014130.0689447,0,0,-57
1756014130.1049447,-3,0,-58
1756014130.1419446,-2,-1,-51
1756014130.1799445,0,0,-57
1756014130.2159443,4,2,-51
1756014130.2539446,-5,5,-47
1756014130.2919445,-1,7,-59
1756014130.3309443,-3,3,-61
1756014130.3689446,-2,-2,-52
1756014130.404945,-2,-4,-55
1756014130.4429443,0,0,-57
1756014130.4809446,0,-5,-58
1756014130.5189445,3,-2,-55
1756014130.5549445,0,2,-47
1756014130.5919447,-2,1,-54
1756014130.6309447,-6,2,-56
1756014130.6689446,0,3,-43
1756014130.7049446,-1,-1,-51
1756014130.7429447,5,-1,-56
1756014130.7809446,-2,-3,-54
1756014130.8199446,2,1,-62
1756014130.8559446,2,5,-54
1756014130.8929446,1,-4,-62
1756014130.9309447,6,-3,-60
1756014130.9699447,7,-6,-51
1756014131.0059447,6,-5,-54
1756014131.042945,2,-5,-46
1756014131.0809443,4,-4,-50
1756014131.1199446,3,0,-47
1756014131.1559446,2,0,-46
1756014131.1929443,2,4,-47
1756014131.2309446,-4,7,-43
1756014131.2689445,0,7,-49
1756014131.3049445,0,-1,-47
1756014131.3419447,0,0,-59
1756014131.3799446,-4,-2,-56
1756014131.4159446,-4,-4,-52
1756014131.4539447,-3,-8,-61
1756014131.4919446,-1,0,-54
1756014131.5309446,1,0,-54
1756014131.5669446,0,-2,-61
1756014131.6039443,-3,-2,-48
1756014131.6419446,3,3,-53
1756014131.6799445,-1,5,-45
1756014131.7159443,0,6,-45
1756014131.7539446,0,2,-55
1756014131.792945,7,2,-64
1756014131.8309443,2,0,-64
1756014131.8669446,-2,-5,-61
1756014131.9059446,-1,0,-46
1756014131.9429443,-1,1,-51
1756014131.9819446,0,-2,-51
1756014132.019945,4,1,-53
1756014132.0559447,2,-3,-45
1756014132.0929446,-6,-7,-52
1756014132.131945,4,6,-48
1756014132.1699443,-1,0,-48
1756014132.2059443,3,7,-46
1756014132.2439446,3,4,-50
1756014132.2819445,0,1,-57
1756014132.3199446,5,1,-48
1756014132.3559446,8,4,-51
1756014132.3929446,-8,6,-53
1756014132.4319446,-4,8,-55
1756014132.4699447,-6,4,-55
1756014132.5059447,-7,1,-49
1756014132.542945,7,0,-50
1756014132.5819447,-4,6,-44
1756014132.6199446,-1,4,-55
1756014132.6559446,-1,-4,-53
1756014132.6939447,0,0,-46
1756014132.7319446,-1,-6,-51
1756014132.769945,-1,0,-49
1756014132.8059447,5,-4,-45
1756014132.8429446,-2,0,-53
1756014132.881945,0,7,-57
1756014132.9199443,3,-4,-53
1756014132.9559443,-6,-3,-49
1756014132.9939446,-6,-2,-41
1756014133.0319445,-11,-2,-48
1756014133.0709443,3,-2,-45
1756014133.1069446,-1,-1,-49
1756014133.144945,0,-3,-43
1756014133.1829443,-1,1,-54
1756014133.2219446,-6,1,-54
1756014133.2579446,0,-1,-44
1756014133.2959447,-1,5,-45
1756014133.3339446,1,6,-51
1756014133.371945,-8,2,-53
1756014133.407945,2,-2,-45
1756014133.4469447,1,0,-50
1756014133.483945,7,-1,-54
1756014133.5229447,-3,-3,-60
1756014133.5609446,2,1,-58
1756014133.5969446,5,-1,-56
1756014133.634945,5,-1,-55
1756014133.6729443,3,4,-50
1756014133.710945,1,0,-52
1756014133.746945,-3,-1,-56
1756014133.7849443,-6,4,-56
1756014133.8229446,-3,5,-54
1756014133.861945,-17,0,-50
1756014133.8979447,-12,-1,-56
1756014133.9359446,1,-1,-60
1756014133.973945,-4,0,-46
1756014134.0129447,-13,1,-61
1756014134.0509446,-8,2,-54
1756014134.0879445,-6,1,-63
1756014134.1249447,-8,3,-68
1756014134.1629446,1,0,-54
1756014134.2019446,0,-7,-53
1756014134.2379446,4,-7,-54
1756014134.2749443,0,-4,-57
1756014134.312945,-4,-1,-44
1756014134.3519447,-2,0,-64
1756014134.3879447,4,-2,-64
1756014134.4249446,-5,-5,-50
1756014134.4629445,-8,2,-47
1756014134.5019443,0,4,-44
1756014134.5379446,-3,-7,-51
1756014134.5769446,7,-9,-52
1756014134.6139443,2,-4,-50
1756014134.6529446,1,0,-52
1756014134.6889446,1,-1,-51
1756014134.7269447,-5,0,-57
1756014134.7639446,-4,-4,-61
1756014134.802945,-3,-8,-50
1756014134.838945,9,-10,-54
1756014134.8769443,-1,-6,-52
1756014134.9139447,-1,3,-50
1756014134.9529445,3,-2,-62
1756014134.9889443,2,-8,-53
1756014135.0269446,1,-3,-55
1756014135.0639446,1,-7,-49
1756014135.1029446,2,-6,-57
1756014135.1389446,1,-3,-56
1756014135.1759446,-1,0,-53
1756014135.213945,-1,5,-50
1756014135.2529447,3,0,-44
1756014135.2889447,0,4,-55
1756014135.3269446,0,6,-56
1756014135.3639443,6,1,-55
1756014135.4029446,6,-1,-57
1756014135.4389446,5,0,-56
1756014135.4769447,10,-7,-55
1756014135.5139446,0,-3,-51
1756014135.552945,3,2,-42
1756014135.588945,-5,3,-53
1756014135.6269443,-2,0,-64
1756014135.6639447,0,-2,-54
1756014135.7029445,4,-1,-64
1756014135.7389443,5,1,-64
1756014135.7769446,-3,0,-63
1756014135.8139446,-1,0,-60
1756014135.8529446,-1,0,-51
1756014135.8889446,3,-2,-47
1756014135.9269447,6,-9,-46
1756014135.963945,-5,-9,-48
1756014136.0029447,-1,0,-58
1756014136.0389447,3,-1,-54
1756014136.0769446,-9,3,-67
1756014136.1139443,-6,1,-46
1756014136.1529446,0,2,-56
1756014136.1889446,5,0,-55
1756014136.2269447,1,1,-68
1756014136.2639446,-6,0,-65
1756014136.302945,8,-3,-53
1756014136.338945,0,-4,-59
1756014136.3769443,0,2,-46
1756014136.4139447,-2,0,-34
1756014136.4529445,-8,3,-48
1756014136.4889443,-8,3,-44
1756014136.5269446,-10,-2,-54
1756014136.5639446,-2,2,-44
1756014136.6029446,4,0,-52
1756014136.6389446,-3,-3,-53
1756014136.6769447,-5,-3,-52
1756014136.7149446,0,-11,-59
1756014136.7539446,2,-2,-58
1756014136.7899446,0,-9,-49
1756014136.8279445,8,0,-47
1756014136.8649447,-2,-4,-46
1756014136.9039447,-4,-3,-44
1756014136.9399445,-4,-4,-48
1756014136.9779446,0,2,-43
1756014137.0149446,-7,4,-39
1756014137.0539446,-4,1,-46
1756014137.0899446,0,5,-50
1756014137.1269443,-4,2,-49
1756014137.1649446,-1,-3,-52
1756014137.2039447,-1,0,-44
1756014137.2479446,-4,-2,-47
1756014137.2869446,-4,4,-39
1756014137.3249447,1,8,-36
1756014137.3629446,1,6,-51
1756014137.3989446,-4,2,-62
1756014137.4359446,-2,-1,-55
1756014137.4749446,-1,0,-50
1756014137.5129447,0,0,-54
1756014137.5489447,-5,0,-63
1756014137.585945,8,4,-57
1756014137.6239443,3,1,-56
1756014137.6599443,4,0,-57
1756014137.6969447,-3,-8,-50
1756014137.7349446,1,4,-41
1756014137.7739446,5,3,-45
1756014137.8099446,2,1,-47
1756014137.8469446,-4,3,-50
1756014137.884945,0,2,-55
1756014137.9239447,-1,2,-53
1756014137.9599447,5,1,-61
1756014137.996945,2,2,-51
1756014138.0349443,0,1,-60
1756014138.0709443,1,2,-56
1756014138.1079447,1,-1,-53
1756014138.1459446,-8,-1,-50
1756014138.1849446,-1,2,-50
1756014138.2209446,0,0,-45
1756014138.2579446,3,-3,-51
1756014138.2959447,2,-3,-54
1756014138.3349447,6,-3,-48
1756014138.3709445,-7,-2,-48
1756014138.4099443,-5,3,-54
1756014138.4469447,3,0,-52
1756014138.4849446,5,-3,-55
1756014138.5209446,7,-2,-59
1756014138.5599446,-3,-3,-55
1756014138.5969446,-5,-4,-49
1756014138.6359446,3,-3,-43
1756014138.6739447,2,-9,-52
1756014138.7099447,3,-10,-64
1756014138.746945,-1,-4,-58
1756014138.7859447,-9,-1,-46
1756014138.8239446,0,4,-48
1756014138.8599446,-3,5,-61
1756014138.8969443,13,2,-56
1756014138.9349446,3,-3,-55
1756014138.9709446,2,-6,-58
1756014139.0079446,-4,-1,-61
1756014139.0459447,1,-10,-55
1756014139.0849447,7,-2,-51
1756014139.1209445,0,0,-53
1756014139.157945,-2,-2,-58
1756014139.1959443,4,0,-58
1756014139.2349446,-1,0,-46
1756014139.2709446,-4,-2,-48
1756014139.3089447,-6,5,-51
1756014139.3469446,-11,0,-43
1756014139.3859446,-5,-4,-41
1756014139.4239447,1,-2,-59
1756014139.4599447,0,4,-60
1756014139.496945,-6,0,-59
1756014139.5359447,-10,0,-53
1756014139.5719447,-10,1,-49
1756014139.608945,-9,-4,-41
1756014139.6469443,0,2,-49
1756014139.6849446,-2,1,-63
1756014139.7209446,-3,-3,-56
1756014139.7589445,3,-1,-39
1756014139.7969446,1,-5,-49
1756014139.835945,-3,0,-44
1756014139.871945,-3,1,-39
1756014139.9099443,-3,7,-46
1756014139.9479446,-2,1,-55
1756014139.9859445,0,-5,-54
1756014140.0249443,4,-3,-56
1756014140.0609446,-1,-8,-54
1756014140.098945,1,-4,-59
1756014140.1369443,2,3,-54
1756014140.1749446,-4,3,-59
1756014140.210945,-6,4,-64
1756014140.2479446,-5,-5,-60
1756014140.2859447,0,-2,-57
1756014140.3249447,-6,-4,-56
1756014140.3609445,-2,-2,-49
1756014140.3989446,-1,-2,-42
1756014140.4369447,1,-1,-49
1756014140.4759445,8,1,-54
1756014140.5119443,7,-2,-51
1756014140.5499446,-1,2,-44
1756014140.5879445,-1,6,-43
1756014140.6269443,1,-3,-53
1756014140.6649446,0,0,-51
1756014140.700945,2,-1,-57
1756014140.7379446,0,-5,-62
1756014140.7769446,5,-4,-65
1756014140.8149445,-2,-2,-59
1756014140.8509445,0,-2,-54
1756014140.8879447,-3,0,-50
1756014140.9269447,-1,-3,-61
1756014140.9649446,-4,0,-53
1756014141.0009446,-11,0,-47
1756014141.0379446,3,2,-50
1756014141.075945,0,0,-43
1756014141.111945,1,1,-42
1756014141.1489446,-2,-1,-51
1756014141.1869447,4,1,-50
1756014141.2259445,1,-1,-43
1756014141.2619443,1,-5,-53
1756014141.3009446,2,3,-57
1756014141.3379445,1,3,-57
1756014141.3759446,0,0,-58
1756014141.4119446,-3,3,-50
1756014141.4489446,-2,-5,-50
1756014141.486945,-4,6,-52
1756014141.5259447,0,-2,-48
1756014141.5619447,-2,-3,-43
1756014141.5999446,10,3,-56
1756014141.6379447,1,-4,-43
1756014141.6769447,-1,-3,-61
1756014141.7129445,5,-7,-61
1756014141.7499447,7,-2,-47
1756014141.7879446,5,-5,-43
1756014141.8269446,4,-2,-42
1756014141.8629446,3,0,-48
1756014141.8999443,-1,1,-53
1756014141.937945,-1,2,-61
1756014141.9769447,1,3,-45
1756014142.0129447,-4,4,-52
1756014142.0509446,-8,0,-48
1756014142.0899446,-6,-5,-47
1756014142.1279447,-2,-5,-58
1756014142.1659446,-1,0,-54
1756014142.2019446,10,2,-69
1756014142.2399447,4,4,-65
1756014142.2779446,11,0,-57
1756014142.315945,9,0,-52
1756014142.3529446,6,1,-62
1756014142.3899446,-4,0,-55
1756014142.427945,-6,0,-54
1756014142.4669447,-1,-7,-51
1756014142.5029447,-1,-2,-56
1756014142.5409446,-3,-2,-61
1756014142.5789447,0,-9,-52
1756014142.6179447,-1,-8,-58
1756014142.6559446,-3,-2,-53
1756014142.6919446,-2,-3,-50
1756014142.7299447,0,1,-47
1756014142.7679446,-1,0,-51
1756014142.8069446,4,-4,-50
1756014142.8439443,8,0,-51
1756014142.8809447,5,-1,-53
1756014142.9189446,0,0,-41
1756014142.9579446,1,-7,-54
1756014142.9939446,3,-11,-53
1756014143.0309446,0,-4,-52
1756014143.0699446,4,-1,-53
1756014143.1079447,4,-2,-42
1756014143.1439445,6,-6,-45
1756014143.1809447,7,-2,-52
1756014143.2199447,-6,-3,-46
1756014143.2579446,6,-2,-54
1756014143.2939446,3,-4,-60
1756014143.3309443,2,0,-53
1756014143.3679447,-1,-4,-60
1756014143.4069445,1,5,-58
1756014143.4429443,2,-1,-52
1756014143.4809446,-1,0,-47
1756014143.5179446,4,-1,-56
1756014143.5569446,-5,3,-47
1756014143.5929446,-3,0,-48
1756014143.6299446,-1,2,-47
1756014143.6689446,2,0,-57
1756014143.7069447,-2,-2,-49
1756014143.7429447,0,-4,-45
1756014143.7809446,6,-7,-47
1756014143.8189447,-3,-11,-45
1756014143.8579447,0,-4,-58
1756014143.8939445,-5,-4,-45
1756014143.9319446,0,1,-51
1756014143.9689443,-4,0,-55
1756014144.0079446,-5,-1,-49
1756014144.0439446,-3,-1,-55
1756014144.0819447,5,-1,-57
1756014144.1199446,6,-2,-52
1756014144.1589446,2,-1,-54
1756014144.1969447,8,-1,-46
1756014144.2329447,6,-4,-52
1756014144.269945,8,3,-51
1756014144.3089447,0,-3,-61
1756014144.3469446,-3,-4,-54
1756014144.3829446,1,0,-54
1756014144.4199443,0,9,-44
1756014144.4579446,-5,0,-58
1756014144.4939446,-4,-2,-45
1756014144.5319445,-3,-5,-43
1756014144.5699446,-6,-7,-55
1756014144.608945,-2,0,-42
1756014144.644945,1,6,-47
1756014144.6819446,-3,-3,-45
1756014144.7199447,-3,0,-61
1756014144.7589445,-1,3,-59
1756014144.7949443,0,0,-56
1756014144.8319447,-3,-5,-53
1756014144.8699446,-5,-3,-64
1756014144.9089446,-3,2,-48
1756014144.9449446,1,5,-44
1756014144.9819446,4,0,-64
1756014145.0189445,0,-3,-56
1756014145.0579443,0,0,-48
1756014145.0949447,4,-3,-56
1756014145.131945,3,1,-58
1756014145.1689446,-2,-3,-51
1756014145.2079446,-3,0,-55
1756014145.2439446,-1,2,-61
1756014145.2819445,4,2,-45
1756014145.3199446,6,0,-53
1756014145.3579447,5,-2,-49
1756014145.3939445,2,-4,-47
1756014145.4309447,2,-3,-45
1756014145.4699447,0,-1,-41
1756014145.5079446,-2,-2,-41
1756014145.5439446,0,-6,-45
1756014145.5819447,-2,-2,-62
1756014145.6209445,0,3,-65
1756014145.6589446,-2,-4,-67
1756014145.6949446,2,-1,-60
1756014145.7319446,2,-3,-53
1756014145.7709446,-2,4,-52
1756014145.8089447,9,-5,-39
1756014145.8449447,-5,-5,-32
1756014145.8829446,4,-3,-53
1756014145.9209447,0,2,-54
1756014145.9599447,0,-2,-56
1756014145.9979446,-9,-7,-60
1756014146.0339446,-4,0,-50
1756014146.0709443,-5,-1,-50
1756014146.1099446,0,-9,-59
1756014146.1479447,10,-6,-54
1756014146.1839447,0,-9,-55
1756014146.2209446,3,2,-58
1756014146.2589445,3,-1,-41
1756014146.2949443,-1,-1,-47
1756014146.3329446,-1,-2,-54
1756014146.3709445,-2,-9,-47
1756014146.4099443,0,-4,-42
1756014146.4459443,-1,-2,-53
1756014146.483945,6,0,-48
1756014146.5209446,14,-5,-39
1756014146.5599446,0,-3,-49
1756014146.5959446,4,-2,-44
1756014146.6329446,3,0,-67
1756014146.6699443,0,-3,-59
1756014146.7089446,1,-6,-59
1756014146.7459445,-1,-1,-62
1756014146.782945,2,6,-46
1756014146.8199446,4,2,-55
1756014146.858945,-5,-5,-44
1756014146.894945,-1,-6,-44
1756014146.9329443,2,-3,-57
1756014146.9709446,2,-1,-51
1756014147.009945,0,3,-44
1756014147.0459447,-4,1,-42
1756014147.0839446,-7,0,-40
1756014147.121945,-7,1,-49
1756014147.1609447,-1,1,-38
1756014147.1989446,0,1,-56
1756014147.2349446,0,-6,-52
1756014147.2809446,6,-2,-57
1756014147.3189447,7,0,-41
1756014147.3549447,5,0,-54
1756014147.3919446,11,0,-67
1756014147.4299445,1,2,-66
1756014147.4659443,-3,8,-59
1756014147.5029447,0,0,-52
1756014147.5419445,-2,-1,-62
1756014147.5799446,-3,-2,-51
1756014147.6159446,3,-1,-55
1756014147.6529446,2,-2,-63
1756014147.6919446,0,-2,-60
1756014147.7299447,2,-5,-50
1756014147.7659447,0,-3,-45
1756014147.802945,5,1,-47
1756014147.8419447,3,-3,-48
1756014147.8799446,0,0,-51
1756014147.9159446,4,1,-46
1756014147.9529445,4,3,-51
1756014147.9909446,5,-2,-65
1756014148.0269446,4,3,-58
1756014148.065945,12,3,-53
1756014148.1029446,0,-1,-56
1756014148.1419446,-6,7,-49
1756014148.1799445,-1,0,-50
1756014148.2159443,-4,0,-64
1756014148.2529447,0,4,-52
1756014148.2909446,6,1,-52
1756014148.3269446,0,-1,-55
1756014148.3649447,-7,-4,-59
1756014148.4029446,-8,-3,-53
1756014148.4419446,1,-1,-51
1756014148.4799447,-3,2,-55
1756014148.5159447,1,-1,-54
1756014148.552945,-5,1,-57
1756014148.5919447,-4,-9,-49
1756014148.6299446,-3,-6,-46
1756014148.6659446,-1,-1,-47
1756014148.7049446,2,0,-59
1756014148.7419446,-2,-3,-62
1756014148.7809446,1,4,-52
1756014148.8169446,0,-3,-52
1756014148.8549447,-3,2,-48
1756014148.8919446,13,0,-55
1756014148.9299445,-1,0,-61
1756014148.9659443,6,-7,-52
1756014149.0029447,4,-5,-53
1756014149.0419445,1,-1,-55
1756014149.0799446,2,0,-54
1756014149.1159446,-1,0,-61
1756014149.1539447,1,0,-58
1756014149.1919446,3,2,-49
1756014149.2299447,5,-3,-48
1756014149.2659447,-5,-2,-57
1756014149.3039446,-2,-3,-53
1756014149.3419447,4,0,-49
1756014149.3799446,4,3,-51
1756014149.4159446,2,0,-55
1756014149.4529445,-7,0,-48
1756014149.4919446,-4,-3,-52
1756014149.5279446,-7,-5,-57
1756014149.565945,2,-3,-54
1756014149.6039443,1,2,-57
1756014149.6419446,2,-3,-57
1756014149.677945,6,-2,-62
1756014149.7149446,7,1,-60
1756014149.7519443,6,-5,-47
1756014149.7909446,-1,-2,-52
1756014149.8269446,3,-6,-48
1756014149.8639443,4,0,-45
1756014149.9019446,-7,0,-56
1756014149.940945,4,2,-44
1756014149.9769447,-2,-3,-54
1756014150.0149446,-1,-3,-44
1756014150.052945,0,1,-46
1756014150.0919447,1,1,-56
1756014150.1279447,-7,2,-60
1756014150.1649446,-12,0,-55
1756014150.2029445,-12,1,-54
1756014150.2419446,-2,3,-43
1756014150.2779446,2,-1,-63
1756014150.315945,-8,0,-54
1756014150.3539443,3,-1,-64
1756014150.3929446,0,-4,-53
1756014150.4309447,0,-1,-59
1756014150.4669447,4,-1,-51
1756014150.5049446,5,0,-55
1756014150.542945,0,-2,-46
1756014150.5819447,-1,1,-56
1756014150.6179447,2,0,-57
1756014150.654945,3,0,-58
1756014150.6929443,8,-1,-60
1756014150.7309446,1,-1,-64
1756014150.7669446,3,3,-56
1756014150.8039446,0,5,-59
1756014150.8419447,5,-4,-59
1756014150.8779447,1,1,-49
1756014150.9149446,-3,-3,-48
1756014150.9529445,3,2,-47
1756014150.9919446,4,4,-50
1756014151.0279446,0,1,-47
1756014151.065945,0,4,-58
1756014151.1039443,7,5,-59
1756014151.1419446,3,-1,-48
1756014151.177945,0,-1,-47
1756014151.2149446,-1,-2,-43
1756014151.2529447,3,7,-47
1756014151.2919445,3,6,-49
1756014151.3279445,5,0,-50
1756014151.3649447,3,0,-56
1756014151.4029446,0,-3,-43
1756014151.4389446,-3,-4,-42
1756014151.4769447,-7,-1,-44
1756014151.5149446,-5,-5,-54
1756014151.552945,-7,2,-48
1756014151.5919447,-3,0,-47
1756014151.6279447,0,-1,-53
1756014151.6649446,-2,-7,-61
1756014151.7029445,-4,-2,-53
1756014151.7419446,-3,5,-53
1756014151.7779446,-1,1,-54
1756014151.8149445,-3,2,-59
1756014151.8529446,0,8,-46
1756014151.8919446,-3,4,-47
1756014151.927945,-4,1,-62
1756014151.9659443,-4,-3,-58
1756014152.0039446,1,-3,-58
1756014152.042945,1,5,-53
1756014152.0789447,3,6,-59
1756014152.1159446,-2,0,-60
1756014152.1539447,-1,0,-57
1756014152.1929443,-4,7,-50
1756014152.2289443,-4,1,-56
1756014152.2669446,0,0,-49
1756014152.3049445,-7,0,-44
1756014152.3439443,-7,2,-49
1756014152.381945,-7,0,-45
1756014152.417945,8,0,-53
1756014152.4559443,6,0,-49
1756014152.4939446,1,0,-41
1756014152.5319445,-2,-1,-48
1756014152.5679443,-3,0,-45
1756014152.6059446,-2,6,-54
1756014152.6439445,-6,-1,-52
1756014152.6819446,4,-2,-54
1756014152.7179446,14,0,-60
1756014152.7559447,1,5,-40
1756014152.7939446,-2,2,-56
1756014152.8319447,-1,-3,-50
1756014152.8679447,-3,-5,-43
1756014152.9059446,-4,0,-59
1756014152.9439447,-5,-1,-50
1756014152.9829447,3,3,-55
1756014153.0189445,0,10,-59
1756014153.0559447,2,1,-67
1756014153.0939443,3,6,-60
1756014153.1299446,2,7,-55
1756014153.1669445,-9,-3,-52
1756014153.2059443,0,4,-45
1756014153.2439446,-1,-3,-51
1756014153.279945,0,0,-52
1756014153.3169446,-4,-1,-56
1756014153.3559446,-2,-6,-46
1756014153.3939445,0,-5,-54
1756014153.4299445,3,-8,-59
1756014153.4669447,4,-3,-57
1756014153.5059447,-3,0,-51
1756014153.5439446,0,2,-55
1756014153.5799446,-11,-7,-52
1756014153.6179447,3,-2,-52
1756014153.6559446,4,1,-39
1756014153.6949446,5,5,-48
1756014153.7329447,1,3,-55
1756014153.7689445,1,4,-54
1756014153.8059447,-4,0,-55
1756014153.8449447,-4,-3,-57
1756014153.8829446,-2,0,-58
1756014153.9189446,0,4,-49
1756014153.9559443,-6,-2,-52
1756014153.9949446,-9,-3,-61
1756014154.032945,-4,-1,-63
1756014154.0689447,-6,4,-65
1756014154.1059446,3,-2,-66
1756014154.144945,1,-2,-58
1756014154.1829443,-2,0,-52
1756014154.2189443,-2,6,-45
1756014154.2559447,-4,-5,-49
1756014154.2949443,-7,-5,-50
1756014154.3329446,-5,0,-53
1756014154.3689446,-1,-1,-61
1756014154.4069445,-4,-4,-58
1756014154.4449446,-1,0,-50
1756014154.483945,-4,-2,-58
1756014154.519945,0,-1,-57
1756014154.5579443,5,0,-47
1756014154.5949447,5,-1,-51
1756014154.6339445,-1,1,-50
1756014154.6699443,-2,0,-48
1756014154.7079446,-1,-1,-51
1756014154.746945,2,2,-56
1756014154.7849443,-2,-2,-64
1756014154.8209443,2,-1,-70
1756014154.8579447,-1,-2,-58
1756014154.8969443,-5,-7,-54
1756014154.9349446,-4,0,-46
1756014154.9709446,4,-4,-54
1756014155.0079446,6,3,-53
1756014155.0449443,0,0,-54
1756014155.0809443,-2,0,-48
1756014155.1179447,-2,0,-52
1756014155.1559446,0,-2,-49
1756014155.1949446,5,-5,-56
1756014155.2309446,5,-2,-41
1756014155.2679446,0,4,-50
1756014155.3059447,0,1,-43
1756014155.3449447,0,-3,-52
1756014155.3809447,-1,-6,-56
1756014155.4189446,5,-1,-58
1756014155.4569447,0,-1,-51
1756014155.4959445,1,3,-45
1756014155.5339446,-4,3,-51
1756014155.5699446,3,3,-51
1756014155.6079447,5,2,-42
1756014155.6459446,7,1,-56
1756014155.6839447,2,8,-60
1756014155.7199447,1,5,-62
1756014155.7579446,7,11,-56
1756014155.7959447,3,-1,-55
1756014155.8339446,3,-5,-39
1756014155.8699446,9,-1,-40
1756014155.907945,2,-1,-55
1756014155.9469447,5,2,-56
1756014155.9849446,6,-2,-50
1756014156.0209446,5,-1,-55
1756014156.0579443,0,0,-66
1756014156.0959446,-3,0,-57
1756014156.1339445,3,-2,-52
1756014156.1699443,3,5,-58
1756014156.2079446,5,-1,-49
1756014156.246945,9,0,-47
1756014156.2849443,6,4,-50
1756014156.3209443,4,5,-59
1756014156.3579447,6,3,-55
1756014156.3959446,6,5,-53
1756014156.4319446,2,1,-56
1756014156.4689443,0,0,-58
1756014156.5059447,-3,3,-48
1756014156.5449443,-2,4,-37
1756014156.5809443,-4,-3,-40
1756014156.6189446,-8,-5,-53
1756014156.6569445,4,-2,-52
1756014156.6959443,7,0,-56
1756014156.7319446,-2,0,-58
1756014156.769945,9,0,-52
1756014156.8079443,3,-6,-40
1756014156.8469446,-5,0,-40
1756014156.884945,-3,0,-67
1756014156.9209447,-5,-3,-59
1756014156.9599447,1,0,-50
1756014156.996945,1,-1,-49
1756014157.0359447,-2,0,-53
1756014157.0719447,-2,-4,-54
1756014157.1099446,0,0,-50
1756014157.1469443,0,-1,-58
1756014157.1859446,-4,0,-53
1756014157.2219446,-5,0,-58
1756014157.259945,-1,-3,-55
1756014157.3059447,1,-4,-54
1756014157.3419447,-3,0,-51
1756014157.3789446,-8,-6,-53
1756014157.4169445,-8,2,-58
1756014157.4559443,1,5,-51
1756014157.4919446,5,5,-55
1756014157.5289447,5,0,-45
1756014157.5669446,-1,0,-47
1756014157.6049447,0,0,-42
1756014157.6409447,1,-4,-48
1756014157.677945,1,5,-45
1756014157.7169447,7,2,-54
1756014157.7549446,4,1,-50
1756014157.7909446,0,2,-49
1756014157.8289447,-7,0,-64
1756014157.8669446,-11,-5,-69
1756014157.9029446,-9,-3,-54
1756014157.940945,-1,-5,-54
1756014157.9789443,0,-3,-43
1756014158.0169446,0,-6,-37
1756014158.0559447,4,-4,-57
1756014158.0919447,-6,-2,-60
1756014158.1309447,4,1,-49
1756014158.167945,1,-5,-56
1756014158.2069447,-5,0,-49
1756014158.2429447,-5,0,-43
1756014158.2809446,4,-1,-42
1756014158.3179443,2,0,-40
1756014158.3559446,7,-3,-52
1756014158.3919446,6,-2,-48
1756014158.4289446,0,-1,-40
1756014158.4669447,-1,4,-58
1756014158.5059447,-1,-2,-49
1756014158.5419445,-4,-2,-61
1756014158.5809443,-3,2,-45
1756014158.6179447,2,0,-47
1756014158.6559446,1,1,-55
1756014158.6919446,1,0,-57
1756014158.7289443,6,-5,-48
1756014158.7679446,1,0,-55
1756014158.8059447,3,4,-52
1756014158.8419447,0,3,-62
1756014158.8789446,-2,1,-47
1756014158.917945,2,6,-49
1756014158.9559443,3,-1,-58
1756014158.9919446,3,0,-58
1756014159.0289447,-1,4,-43
1756014159.0679443,-6,-3,-62
1756014159.1059446,-5,-2,-72
1756014159.1419446,-6,-5,-56
1756014159.1799445,3,0,-54
1756014159.2179446,5,0,-61
1756014159.2559447,4,-4,-45
1756014159.2919445,-9,-7,-53
1756014159.3309443,-5,3,-62
1756014159.3679447,-2,-2,-54
1756014159.4069445,-2,-5,-50
1756014159.4429443,-1,-6,-48
1756014159.4809446,-3,-1,-50
1756014159.5189445,4,-2,-60
1756014159.5579443,3,5,-44
1756014159.5939443,0,5,-42
1756014159.6309447,-5,1,-46
1756014159.6689446,-3,-2,-43
1756014159.7079446,-2,-6,-48
1756014159.7439446,3,-4,-46
1756014159.7809446,-5,1,-44
1756014159.8189447,3,4,-58
1756014159.8569446,-3,2,-46
1756014159.8929446,0,1,-45
1756014159.9309447,-7,-3,-54
1756014159.9679446,-4,0,-44
1756014160.006945,1,-2,-61
1756014160.042945,1,-6,-48
1756014160.0809443,-5,0,-52
1756014160.1179447,-2,-2,-48
1756014160.1569445,3,-2,-48
1756014160.1929443,2,-3,-47
1756014160.2309446,3,-2,-52
1756014160.2689445,1,0,-56
1756014160.3069446,4,3,-46
1756014160.3429446,-2,3,-36
1756014160.3799446,0,2,-41
1756014160.4189446,0,-3,-49
1756014160.4569447,-5,-5,-53
1756014160.4929447,-6,-5,-55
1756014160.5309446,-2,-2,-61
1756014160.5689447,0,2,-54
1756014160.6069446,0,0,-58
1756014160.6429446,0,-5,-52
1756014160.6799445,2,-3,-43
1756014160.7189443,1,-3,-35
1756014160.756945,0,4,-47
1756014160.792945,-7,6,-47
1756014160.8299446,0,-1,-44
1756014160.8689446,-2,-6,-40
1756014160.9069445,-12,0,-58
1756014160.9429443,-5,-2,-60
1756014160.9809446,1,-1,-64
1756014161.0189445,-6,-1,-63
1756014161.0579443,-3,2,-52
1756014161.0939443,0,1,-55
1756014161.1309447,7,-6,-45
1756014161.1689446,-3,-5,-47
1756014161.2079446,-3,-1,-50
1756014161.2439446,-2,-1,-50
1756014161.2819445,-5,1,-56
1756014161.3199446,0,-1,-54
1756014161.358945,0,-4,-46
1756014161.394945,1,-4,-59
1756014161.4319446,-3,-1,-52
1756014161.4699447,-4,5,-54
1756014161.5089445,-5,3,-54
1756014161.5449443,-4,0,-51
1756014161.5829446,0,7,-47
1756014161.6199446,0,2,-55
1756014161.657945,3,4,-52
1756014161.6939447,1,0,-54
1756014161.7309446,-1,-1,-49
1756014161.7689445,0,-4,-55
1756014161.8079443,-4,-3,-51
1756014161.8439443,-5,-8,-48
1756014161.881945,-2,-8,-48
1756014161.9199443,-2,5,-43
1756014161.9589446,0,0,-52
1756014161.9949446,-3,-2,-55
1756014162.032945,0,-1,-53
1756014162.0709443,0,0,-51
1756014162.1099446,5,0,-52
1756014162.1479447,2,0,-48
1756014162.1839447,1,-5,-53
1756014162.2209446,0,-2,-65
1756014162.259945,-1,0,-59
1756014162.2979443,-5,0,-44
1756014162.3339446,0,5,-60
1756014162.3709445,-2,-3,-50
1756014162.4099443,-4,0,-50
1756014162.4479446,0,4,-54
1756014162.483945,-11,-1,-53
1756014162.5219443,-5,-1,-54
1756014162.5599446,-1,2,-46
1756014162.598945,-8,3,-52
1756014162.634945,-1,-7,-48
1756014162.6739447,-2,-1,-51
1756014162.710945,-2,-1,-50
1756014162.7499447,-4,0,-61
1756014162.7879446,-9,1,-56
1756014162.8239446,-8,3,-54
1756014162.8609445,2,6,-56
1756014162.8989446,5,3,-57
1756014162.9349446,-1,2,-50
1756014162.9719446,4,3,-63
1756014163.0109446,10,5,-58
1756014163.0489447,2,5,-38
1756014163.0849447,3,6,-52
1756014163.121945,1,-5,-55
1756014163.1609447,-5,0,-57
1756014163.1989446,-4,-4,-61
1756014163.2349446,-6,2,-56
1756014163.2719443,-3,9,-61
1756014163.3109446,-1,7,-62
1756014163.348945,-4,0,-56
1756014163.384945,7,-1,-56
1756014163.4219446,-3,3,-55
1756014163.4599447,-8,0,-50
1756014163.4989443,-10,4,-39
1756014163.5349443,-4,2,-48
1756014163.5719447,4,8,-54
1756014163.6099446,2,10,-58
1756014163.6459446,-4,5,-58
1756014163.6839447,6,-4,-57
1756014163.7219446,5,-1,-57
1756014163.7609446,1,-6,-43
1756014163.7989447,0,-2,-39
1756014163.8349447,0,-5,-34
1756014163.8739443,0,-8,-50
1756014163.9109447,2,-2,-56
1756014163.9499447,-1,0,-52
1756014163.9859445,-4,4,-51
1756014164.0239446,1,0,-46
1756014164.0609446,-1,-3,-51
1756014164.0999446,1,-6,-61
1756014164.1359446,2,-1,-61
1756014164.1739447,1,-3,-60
1756014164.2119446,-1,-8,-59
1756014164.2509446,0,-4,-54
1756014164.2889447,1,-3,-53
1756014164.3249447,2,7,-54
1756014164.361945,0,0,-51
1756014164.3999443,0,-3,-57
1756014164.4359446,-3,-3,-61
1756014164.473945,-7,-1,-57
1756014164.5119443,-4,-1,-55
1756014164.5509446,-3,-1,-44
1756014164.5869446,-9,-4,-43
1756014164.6249447,-3,-3,-51
1756014164.6629446,1,-3,-61
1756014164.700945,0,-3,-46
1756014164.7399447,4,-4,-42
1756014164.7759447,8,1,-44
1756014164.812945,8,0,-56
1756014164.8509445,7,0,-58
1756014164.8899446,2,0,-65
1756014164.9259446,4,2,-58
1756014164.963945,1,2,-39
1756014165.0009446,2,-9,-47
1756014165.0399446,4,-3,-48
1756014165.075945,0,-1,-42
1756014165.1129446,-2,-4,-51
1756014165.1509447,-2,2,-47
1756014165.1899445,-2,-6,-53
1756014165.2259445,-8,-5,-55
1756014165.2639446,0,-6,-63
1756014165.3019447,2,-7,-55
1756014165.3409443,-1,1,-35
1756014165.3769443,-5,3,-49
1756014165.4139447,1,-6,-44
1756014165.4519446,1,-7,-42
1756014165.4909446,6,-7,-41
1756014165.5269446,0,-5,-48
1756014165.5639446,4,-2,-47
1756014165.6019447,0,-3,-51
1756014165.6409447,-5,-6,-59
1756014165.6769447,-2,-3,-57
1756014165.7159443,3,-2,-54
1756014165.7529447,-1,0,-55
1756014165.7919445,-9,-3,-54
1756014165.8299446,-3,-8,-36
1756014165.8659446,0,-8,-42
1756014165.9029446,-6,-5,-55
1756014165.9419446,-1,-2,-64
1756014165.9799447,7,-3,-54
1756014166.0159447,1,-1,-43
1756014166.052945,1,1,-47
1756014166.0909443,-3,2,-48
1756014166.1269443,-5,-4,-45
1756014166.1649446,0,1,-55
1756014166.2019446,-1,3,-62
1756014166.2409446,0,0,-50
1756014166.2769446,0,3,-51
1756014166.3139446,0,3,-57
1756014166.3519447,1,4,-56
1756014166.3879447,5,-1,-49
1756014166.4249446,2,-6,-49
1756014166.4629445,4,-5,-48
1756014166.5019443,-6,-5,-52
1756014166.5379446,-2,-1,-58
1756014166.575945,-8,0,-55
1756014166.6149447,-2,0,-56
1756014166.6519446,-1,1,-54
1756014166.690945,-2,4,-53
1756014166.7269447,6,3,-45
1756014166.7649446,0,-1,-57
1756014166.802945,9,0,-55
1756014166.8419447,1,0,-53
1756014166.8779447,3,-1,-59
1756014166.9159446,2,1,-56
1756014166.9539447,3,0,-63
1756014166.9919446,3,-1,-53
1756014167.0279446,2,0,-44
1756014167.0649445,-1,5,-48
1756014167.1029446,-2,1,-55
1756014167.1419446,4,-1,-39
1756014167.177945,-1,-3,-38
1756014167.2169447,-1,-8,-55
1756014167.2539446,-1,-5,-52
1756014167.292945,7,-8,-67
1756014167.3369446,-2,0,-62
1756014167.3749447,5,0,-62
1756014167.4129446,-3,-1,-62
1756014167.4519446,-6,0,-54
1756014167.4879446,-3,5,-60
1756014167.5249443,0,0,-49
1756014167.562945,0,0,-59
1756014167.6009445,7,0,-57
1756014167.6369443,4,4,-61
1756014167.6739447,3,-2,-59
1756014167.7129445,8,-2,-58
1756014167.7509446,0,3,-46
1756014167.7869446,4,-2,-46
1756014167.8239446,0,-1,-41
1756014167.8629446,-1,-3,-40
1756014167.8989446,-1,-8,-55
1756014167.9369447,-5,-1,-55
1756014167.9759445,2,4,-58
1756014168.0129447,3,-5,-45
1756014168.0519447,4,0,-55
1756014168.0879445,-3,-2,-55
1756014168.1259446,-6,-3,-60
1756014168.1639447,-1,-1,-60
1756014168.2029445,1,2,-61
1756014168.2389443,-4,9,-61
1756014168.2759447,1,1,-54
1756014168.3139446,-2,-6,-56
1756014168.3529446,-3,-1,-55
1756014168.3889446,4,-3,-49
1756014168.4269447,2,3,-45
1756014168.463945,-2,7,-50
1756014168.5029447,4,1,-56
1756014168.5389447,6,4,-46
1756014168.575945,2,9,-47
1756014168.6139443,3,2,-61
1756014168.6519446,0,-4,-57
1756014168.687945,0,-5,-56
1756014168.7249446,0,-7,-54
1756014168.7639446,1,0,-46
1756014168.8019447,3,-2,-60
1756014168.8379445,9,-2,-51
1756014168.8759446,0,4,-53
1756014168.9139447,0,-5,-47
1756014168.9519446,-4,-7,-34
1756014168.9879446,-5,0,-49
1756014169.0249443,-1,-3,-46
1756014169.0639446,-3,-2,-47
1756014169.1019447,3,0,-56
1756014169.1379447,3,1,-52
1756014169.1759446,2,-4,-44
1756014169.213945,-1,-2,-50
1756014169.2519443,-1,-2,-58
1756014169.2879446,0,0,-62
1756014169.325945,-1,2,-39
1756014169.3639443,0,-4,-49
1756014169.4019446,-6,3,-42
1756014169.437945,0,2,-56
1756014169.4759445,-1,-3,-55
1756014169.5139446,-3,-2,-43
1756014169.552945,2,0,-56
1756014169.588945,6,-4,-54
1756014169.6259446,0,0,-56
1756014169.6639447,0,-2,-61
1756014169.6999447,1,-2,-53
1756014169.7379446,7,3,-51
1756014169.7759447,5,6,-49
1756014169.8139446,9,5,-51
1756014169.8509445,4,5,-44
1756014169.8879447,-2,-3,-50
1756014169.9259446,0,1,-46
1756014169.963945,-1,2,-48
1756014170.0009446,-4,5,-51
1756014170.0379446,-3,1,-63
1756014170.075945,-2,0,-42
1756014170.1139443,-6,-3,-56
1756014170.1529446,1,-2,-44
1756014170.1889446,0,-5,-44
1756014170.2259445,4,0,-51
1756014170.2639446,6,-4,-49
1756014170.2999446,1,-1,-48
1756014170.3379445,-4,-3,-47
1756014170.3759446,3,-9,-59
1756014170.4149446,-1,1,-53
1756014170.4529445,3,-7,-53
1756014170.4889443,1,-4,-55
1756014170.5259447,-5,-1,-52
1756014170.5649445,-3,-5,-54
1756014170.6029446,-3,-4,-57
1756014170.6389446,-2,-4,-57
1756014170.6769447,-5,6,-51
1756014170.7149446,-5,6,-49
1756014170.7539446,3,3,-52
1756014170.7899446,5,5,-49
1756014170.8269446,-3,2,-58
1756014170.8659446,-3,2,-56
1756014170.9039447,-3,0,-38
1756014170.9399445,4,5,-44
1756014170.9769447,4,-2,-60
1756014171.0159447,-5,-1,-56
1756014171.0539446,-6,0,-47
1756014171.0899446,-7,0,-47
1756014171.1269443,3,2,-51
1756014171.1649446,-4,1,-47
1756014171.200945,-6,2,-28
1756014171.2379446,-9,0,-44
1756014171.2759447,-5,3,-37
1756014171.3149445,-4,1,-33
1756014171.3509445,0,-3,-41
1756014171.3879447,2,-1,-49
1756014171.4259446,0,1,-51
1756014171.4649446,-3,3,-42
1756014171.5009446,-2,2,-42
1756014171.5379446,2,2,-38
1756014171.5749447,0,-6,-45
1756014171.6139443,8,0,-46
1756014171.6499443,1,5,-50
1756014171.687945,4,0,-64
1756014171.7249446,0,1,-57
1756014171.7609446,3,2,-61
1756014171.7979443,3,5,-59
1756014171.835945,0,1,-69
1756014171.8739443,1,-2,-56
1756014171.9099443,3,-5,-55
1756014171.9469447,5,2,-52
1756014171.9849446,10,2,-52
1756014172.0209446,10,-2,-58
1756014172.0599446,4,1,-49
1756014172.0969446,1,3,-49
1756014172.1359446,4,4,-48
1756014172.1739447,0,-3,-50
1756014172.2099447,0,-2,-54
1756014172.246945,4,-4,-48
1756014172.2859447,-1,-9,-52
1756014172.3239446,-5,-2,-61
1756014172.3599446,1,-4,-58
1756014172.3969443,0,-7,-47
1756014172.4359446,-7,-6,-52
1756014172.473945,3,-8,-47
1756014172.509945,-3,-2,-57
1756014172.5479443,-2,0,-61
1756014172.585945,-5,-6,-53
1756014172.6249447,-6,-6,-50
1756014172.6609447,0,-7,-53
1756014172.6989446,5,-4,-56
1756014172.736945,4,1,-61
1756014172.7759447,2,3,-52
1756014172.8139446,0,1,-58
1756014172.8499446,-6,-1,-53
1756014172.8879447,0,-1,-65
1756014172.9269447,4,-5,-61
1756014172.9649446,-1,-3,-51
1756014173.0009446,-5,3,-53
1756014173.0379446,0,-8,-44
1756014173.0769446,0,-5,-48
1756014173.1149447,-10,-3,-51
1756014173.1509447,3,0,-49
1756014173.187945,-8,-4,-39
1756014173.2269447,-5,-4,-43
1756014173.2649446,0,0,-54
1756014173.3009446,0,-8,-56
1756014173.3379445,1,-14,-56
1756014173.3769443,-3,-9,-54
1756014173.4149446,-3,0,-54
1756014173.450945,0,4,-47
1756014173.4879446,5,8,-64
1756014173.5259447,2,0,-56
1756014173.5619447,2,0,-55
1756014173.5999446,2,1,-52
1756014173.6369443,1,-1,-64
1756014173.6759446,1,0,-53
1756014173.7119446,-2,0,-47
1756014173.7499447,1,-1,-59
1756014173.7879446,2,0,-48
1756014173.825945,-1,0,-59
1756014173.861945,-2,-1,-57
1756014173.9009447,-8,0,-68
1756014173.937945,-5,-2,-62
1756014173.9769447,-6,3,-52
1756014174.0149446,-4,-1,-48
1756014174.0509446,-1,-1,-47
1756014174.088945,0,1,-54
1756014174.1269443,-4,0,-57
1756014174.1649446,0,0,-51
1756014174.200945,-8,-2,-62
1756014174.2389443,-8,4,-60
1756014174.2769446,0,2,-52
1756014174.315945,-9,-1,-57
1756014174.3519447,-1,-1,-44
1756014174.3899446,-2,0,-52
1756014174.427945,-1,1,-52
1756014174.4669447,6,4,-62
1756014174.5049446,9,1,-60
1756014174.5409446,12,-10,-60
1756014174.5789447,0,4,-59
1756014174.6169446,-4,0,-57
1756014174.6559446,0,8,-49
1756014174.6919446,1,5,-46
1756014174.7289443,-3,-5,-50
1756014174.7669446,4,0,-52
1756014174.8059447,-2,-6,-54
1756014174.8419447,1,-1,-55
1756014174.8789446,1,-3,-59
1756014174.9169445,4,0,-47
1756014174.9529445,2,-4,-48
1756014174.9909446,0,0,-42
1756014175.0289447,-1,-3,-54
1756014175.0669446,1,4,-57
1756014175.1029446,6,3,-58
1756014175.1409447,8,2,-52
1756014175.1789446,4,-2,-56
1756014175.2179446,4,0,-48
1756014175.2559447,-1,1,-49
1756014175.2919445,2,-5,-49
1756014175.3289447,5,-2,-48
1756014175.3679447,0,-6,-57
1756014175.4059446,0,1,-52
1756014175.4419446,4,-6,-51
1756014175.4789443,1,2,-41
1756014175.5169446,8,0,-55
1756014175.552945,2,-1,-53
1756014175.5899446,4,4,-54
1756014175.6279447,4,0,-50
1756014175.6659446,0,6,-44
1756014175.7019446,0,4,-54
1756014175.7389443,0,-3,-55
1756014175.7779446,-2,-3,-53
1756014175.815945,4,-2,-59
1756014175.8519447,4,-3,-64
1756014175.8899446,-1,0,-57
1756014175.927945,-1,4,-46
1756014175.9669447,4,6,-44
1756014176.0029447,3,-2,-46
1756014176.0409446,-3,0,-47
1756014176.0789447,0,-1,-50
1756014176.1179447,-2,-1,-51
1756014176.1539447,1,1,-43
1756014176.190945,0,-6,-47
1756014176.2289443,-3,2,-58
1756014176.2679446,15,1,-62
1756014176.3039446,5,-2,-49
1756014176.3419447,-4,0,-58
1756014176.3799446,-10,0,-45
1756014176.4189446,-2,3,-61
1756014176.4569447,-3,0,-48
1756014176.4929447,4,-9,-50
1756014176.5309446,2,0,-52
1756014176.5689447,3,0,-47
1756014176.6069446,7,-1,-47
1756014176.6429446,5,5,-38
1756014176.6799445,-3,-8,-49
1756014176.7189443,0,-1,-55
1756014176.756945,-2,4,-53
1756014176.792945,3,2,-56
1756014176.8299446,0,6,-51
1756014176.8689446,3,1,-47
1756014176.9069445,4,-2,-49
1756014176.9429443,0,-11,-50
1756014176.9809446,1,-7,-56
1756014177.0189445,3,-2,-55
1756014177.0579443,-3,-2,-50
1756014177.0939443,-5,-5,-51
1756014177.131945,-9,1,-60
1756014177.1699443,-4,-9,-48
1756014177.2089446,-4,-10,-42
1756014177.246945,1,-4,-43
1756014177.282945,3,0,-49
1756014177.3209443,-4,-2,-66
1756014177.3669446,0,-5,-49
1756014177.4029446,2,-5,-55
1756014177.440945,-3,0,-53
1756014177.4789443,3,0,-51
1756014177.5169446,0,-2,-59
1756014177.552945,-2,-6,-61
1756014177.5909443,-6,0,-54
1756014177.6289446,0,-1,-51
1756014177.667945,-4,-5,-45
1756014177.7039447,-4,-10,-51
1756014177.7419446,-2,-7,-61
1756014177.779945,5,-3,-57
1756014177.8189447,-2,3,-52
1756014177.8549447,-7,-3,-54
1756014177.8929446,-2,0,-56
1756014177.9309447,-3,-2,-55
1756014177.9689443,3,0,-51
1756014178.0079446,3,0,-55
1756014178.0439446,-1,4,-54
1756014178.0809443,0,-4,-48
1756014178.1189446,-2,-1,-53
1756014178.157945,1,-1,-54
1756014178.1939447,2,-3,-55
1756014178.2309446,1,-2,-56
1756014178.2689445,4,-3,-52
1756014178.3079443,-1,-2,-50
1756014178.3439443,-3,-7,-45
1756014178.381945,-4,-6,-50
1756014178.4199443,-3,-1,-45
1756014178.4589446,-1,-1,-50
1756014178.4949446,1,-3,-50
1756014178.5319445,-2,0,-52
1756014178.5699446,-5,-2,-46
1756014178.608945,4,0,-61
1756014178.644945,-2,-4,-58
1756014178.6829443,1,1,-54
1756014178.7209446,2,6,-57
1756014178.7589445,-5,-1,-61
1756014178.7949443,-4,1,-70
1756014178.8319447,-1,0,-54
1756014178.8699446,1,1,-49
1756014178.907945,-7,0,-47
1756014178.9439447,-11,4,-54
1756014178.9819446,-6,-1,-52
1756014179.019945,0,-4,-50
1756014179.0589447,-5,-8,-60
1756014179.0949447,-9,5,-57
1756014179.131945,-1,2,-54
1756014179.1699443,3,6,-43
1756014179.2079446,-2,4,-60
1756014179.2439446,0,5,-59
1756014179.2809446,-3,0,-50
1756014179.3199446,-2,3,-50
1756014179.3579447,-5,0,-43
1756014179.394945,-3,0,-43
1756014179.4319446,-1,2,-44
1756014179.4699447,-2,-4,-46
1756014179.5089445,0,-1,-51
1756014179.5449443,0,0,-53
1756014179.5819447,0,2,-44
1756014179.6199446,-1,-5,-50
1756014179.6559446,-1,-6,-61
1756014179.6939447,0,-10,-58
1756014179.7319446,2,-7,-59
1756014179.769945,1,-9,-54
1756014179.8089447,1,-1,-43
1756014179.8449447,0,-8,-44
1756014179.881945,2,-8,-47
1756014179.9199443,-2,-3,-37
1756014179.9589446,3,-2,-42
1756014179.9949446,3,4,-46
1756014180.0319445,6,0,-43
1756014180.0699446,4,-6,-54
1756014180.1059446,-1,1,-58
1756014180.1429446,3,-3,-59
1756014180.1819446,-2,3,-49
1756014180.2199447,-5,3,-60
1756014180.2559447,5,6,-64
1756014180.292945,-3,4,-63
1756014180.3319447,-1,4,-57
1756014180.3699446,2,9,-51
1756014180.4059446,0,10,-43
1756014180.4429443,-5,3,-47
1756014180.4819446,-7,-1,-58
1756014180.519945,-16,-5,-52
1756014180.5559447,-4,-5,-59
1756014180.5949447,-1,-1,-59
1756014180.631945,-2,1,-51
1756014180.6709447,-2,3,-47
1756014180.7089446,1,-1,-61
1756014180.7449446,-1,0,-57
1756014180.7819445,5,-1,-39
1756014180.8209443,0,-9,-44
1756014180.858945,0,1,-44
1756014180.894945,-5,-7,-46
1756014180.9329443,-4,-7,-53
1756014180.9709446,-2,0,-55
1756014181.009945,4,0,-48
1756014181.0459447,0,0,-46
1756014181.0829446,0,-4,-40
1756014181.1209445,-1,4,-52
1756014181.1599443,6,-4,-48
1756014181.1959443,0,-6,-48
1756014181.2329447,0,0,-52
1756014181.2709446,-2,0,-49
1756014181.3069446,-10,-4,-51
1756014181.3449447,2,-2,-46
1756014181.3829446,-1,-2,-41
1756014181.4209447,-1,0,-54
1756014181.4599447,-2,6,-63
1756014181.4959445,-4,-4,-60
1756014181.5339446,1,-4,-44
1756014181.5729446,2,0,-55
1756014181.6109445,4,0,-58
1756014181.6469443,-2,1,-57
1756014181.6849446,-3,-3,-57
1756014181.7229445,-1,1,-56
1756014181.7609446,2,0,-56
1756014181.7999446,-1,-3,-51
1756014181.835945,1,-3,-50
1756014181.8729446,-3,-2,-52
1756014181.9119446,1,5,-46
1756014181.9499447,0,8,-39
1756014181.9859445,11,1,-57
1756014182.0229447,3,-5,-61
1756014182.0619447,-3,1,-59
1756014182.0999446,3,7,-55
1756014182.1359446,4,2,-48
1756014182.1729443,1,-3,-52
1756014182.2119446,0,3,-60
1756014182.2499447,-4,0,-49
1756014182.2859447,-2,-3,-44
1756014182.3239446,0,-3,-51
1756014182.361945,-2,-8,-50
1756014182.4009447,-3,-8,-52
1756014182.4369447,-2,0,-42
1756014182.4749446,5,-1,-59
1756014182.5129447,3,-1,-47
1756014182.5519447,1,1,-53
1756014182.5899446,-3,1,-37
1756014182.6259446,-13,8,-38
1756014182.6629446,-4,0,-50
1756014182.7019446,-3,2,-54
1756014182.7399447,-7,6,-58
1756014182.7759447,-2,1,-67
1756014182.8139446,-5,-2,-53
1756014182.8529446,0,7,-62
1756014182.8909447,-3,-1,-50
1756014182.9269447,-3,0,-55
1756014182.9649446,3,1,-51
1756014183.0019443,-3,0,-42
1756014183.0409446,3,7,-49
1756014183.0769446,2,3,-53
1756014183.1149447,-1,3,-52
1756014183.1529446,3,3,-50
1756014183.190945,-2,1,-58
1756014183.2269447,-5,-2,-57
1756014183.2649446,-3,-3,-53
1756014183.302945,-1,-3,-46
1756014183.3419447,-6,0,-44
1756014183.3779447,5,-1,-58
1756014183.4149446,12,2,-60
1756014183.4519446,9,-4,-46
1756014183.4909446,3,-6,-46
1756014183.5269446,-3,-8,-46
1756014183.5649445,1,-4,-51
1756014183.6029446,-1,0,-49
1756014183.6419446,-7,-8,-56
1756014183.677945,0,-3,-52
1756014183.7149446,2,-8,-47
1756014183.7529447,-5,1,-52
1756014183.7919445,-11,7,-55
1756014183.8279445,-11,0,-56
1756014183.8649447,0,0,-57
1756014183.9029446,-4,-1,-54
1756014183.940945,0,0,-52
1756014183.9769447,0,0,-52
1756014184.0149446,2,0,-50
1756014184.052945,-3,0,-53
1756014184.0909443,-3,-5,-43
1756014184.1269443,0,0,-46
1756014184.1649446,0,-2,-53
1756014184.2029445,2,-6,-54
1756014184.2409446,2,1,-61
1756014184.2769446,7,-4,-64
1756014184.3149445,3,-3,-60
1756014184.3529446,1,4,-53
1756014184.3909447,0,-1,-54
1756014184.4269447,3,-6,-60
1756014184.4649446,5,-6,-55
1756014184.5029447,2,2,-52
1756014184.5389447,1,-1,-55
1756014184.575945,9,0,-52
1756014184.6129446,0,4,-66
1756014184.6489446,-8,6,-52
1756014184.6859446,-2,2,-57
1756014184.723945,-5,2,-56
1756014184.7629447,-3,-2,-61
1756014184.7989447,0,-2,-55
1756014184.8369446,6,4,-48
1756014184.8739443,-1,5,-51
1756014184.9129446,1,0,-49
1756014184.9489446,5,2,-58
1756014184.9859445,-9,0,-54
1756014185.0239446,-3,-4,-48
1756014185.062945,-2,-3,-42
1756014185.098945,0,1,-39
1756014185.1359446,-6,0,-53
1756014185.1739447,-8,2,-46
1756014185.2129445,-4,2,-54
1756014185.2489443,1,0,-46
1756014185.2859447,1,-9,-60
1756014185.3239446,0,-5,-56
1756014185.3629446,3,-6,-63
1756014185.3989446,1,1,-55
1756014185.4369447,0,3,-56
1756014185.473945,-7,-1,-54
1756014185.5129447,2,0,-64
1756014185.5489447,5,-2,-54
1756014185.585945,3,2,-54
1756014185.6239443,-5,-5,-51
1756014185.6619446,-4,-2,-49
1756014185.6979446,6,-2,-58
1756014185.7349446,5,1,-54
1756014185.7739446,-4,-4,-51
1756014185.8119447,-3,2,-54
1756014185.8479445,-3,-1,-57
1756014185.8859446,3,-3,-49
1756014185.9239447,0,4,-38
1756014185.9619446,1,3,-57
1756014185.9979446,-1,5,-54
1756014186.0359447,0,-4,-61
1756014186.0739446,2,0,-63
1756014186.1099446,-1,-4,-52
1756014186.1479447,0,-4,-50
1756014186.1859446,2,-8,-51
1756014186.223945,-1,-3,-58
1756014186.2629447,-6,4,-56
1756014186.2989447,-2,4,-59
1756014186.335945,-3,4,-62
1756014186.3739443,-5,-2,-57
1756014186.4129446,-11,-4,-64
1756014186.4489446,-8,-3,-58
1756014186.486945,1,-5,-47
1756014186.5249443,-1,-4,-54
1756014186.5639446,-1,1,-40
1756014186.5999446,2,-4,-47
1756014186.6379447,0,-4,-37
1756014186.6759446,0,3,-51
1756014186.713945,0,0,-56
1756014186.7499447,1,-2,-47
1756014186.7889447,2,0,-39
1756014186.825945,7,3,-56
1756014186.8639443,-5,2,-60
1756014186.8999443,0,2,-69
1756014186.937945,-2,8,-60
1756014186.9759445,-5,1,-50
1756014187.0149446,-3,3,-62
1756014187.052945,0,0,-59
1756014187.088945,-5,-1,-54
1756014187.1279447,3,3,-59
1756014187.1649446,-5,-2,-57
1756014187.2039447,1,-1,-51
1756014187.2399447,-3,1,-54
1756014187.2779446,2,0,-53
1756014187.3149445,7,4,-59
1756014187.3529446,0,8,-59
1756014187.3959446,0,-2,-60
1756014187.4349446,4,5,-62
1756014187.4729445,-2,11,-62
1756014187.5089445,-1,2,-46
1756014187.5479443,0,7,-59
1756014187.585945,0,5,-54
1756014187.6239443,-2,4,-63
1756014187.6599443,-5,-1,-56
1756014187.6979446,0,1,-60
1756014187.7349446,2,-3,-61
1756014187.7739446,-7,-1,-52
1756014187.8099446,-3,1,-47
1756014187.8479445,0,-4,-54
1756014187.8859446,1,-6,-61
1756014187.9239447,-3,-1,-50
1756014187.9599447,-5,0,-50
1756014187.996945,0,5,-45
1756014188.0349443,-3,1,-51
1756014188.0739446,-5,-2,-68
1756014188.1099446,-7,2,-56
1756014188.1479447,3,-2,-55
1756014188.1859446,-6,-2,-50
1756014188.2249446,-9,1,-48
1756014188.2609446,-5,-4,-46
1756014188.2989447,-1,0,-48
1756014188.3369446,0,-10,-51
1756014188.3749447,-1,-9,-60
1756014188.4139447,-2,-2,-46
1756014188.4499447,0,4,-51
1756014188.4879446,-4,-2,-50
1756014188.5259447,-3,-2,-46
1756014188.5649445,5,1,-49
1756014188.6009445,7,-1,-51
1756014188.6379447,1,-1,-56
1756014188.6759446,-3,1,-48
1756014188.7149446,0,-4,-53
1756014188.7509446,1,-7,-55
1756014188.7889447,1,-2,-69
1756014188.8269446,1,0,-54
1756014188.8659446,1,1,-54
1756014188.9039447,-4,0,-42
1756014188.9399445,0,0,-46
1756014188.9769447,4,3,-52
1756014189.0159447,1,3,-48
1756014189.0539446,-2,6,-49
1756014189.0899446,0,0,-60
1756014189.1279447,-1,0,-54
1756014189.1659446,4,0,-45
1756014189.2039447,8,0,-40
1756014189.2399447,5,-4,-40
1756014189.2779446,1,-2,-54
1756014189.315945,-6,0,-49
1756014189.3539443,5,-10,-42
1756014189.3899446,1,-4,-57
1756014189.4269447,4,1,-45
1756014189.4659443,1,6,-67
1756014189.5019443,-2,-3,-66
1756014189.5399446,7,2,-68
1756014189.5779445,0,0,-62
1756014189.6159446,0,0,-48
1756014189.6519446,-2,3,-50
1756014189.6899445,-2,-1,-50
1756014189.7279446,3,7,-55
1756014189.7659447,1,2,-54
1756014189.8019447,-1,-1,-51
1756014189.8399446,-5,1,-51
1756014189.8779447,5,0,-53
1756014189.9159446,0,-2,-36
1756014189.9519446,-5,-6,-46
1756014189.9899447,-4,-3,-50
1756014190.0279446,-3,-3,-47
1756014190.065945,-3,-2,-49
1756014190.1049447,1,-3,-49
1756014190.1409447,5,3,-54
1756014190.177945,4,0,-50
1756014190.2159443,11,-1,-38
1756014190.2529447,1,0,-49
1756014190.2899446,3,-3,-57
1756014190.3279445,-2,0,-52
1756014190.3669446,-4,6,-53
1756014190.404945,0,-2,-53
1756014190.440945,2,-1,-49
1756014190.4779446,4,-1,-49
1756014190.5169446,-2,-3,-41
1756014190.5549445,1,0,-51
1756014190.5909443,-4,1,-54
1756014190.6289446,4,0,-60
1756014190.6669445,-1,-1,-50
1756014190.7049446,3,3,-54
1756014190.7409446,4,7,-53
1756014190.7779446,-5,5,-58
1756014190.8169446,-3,1,-63
1756014190.8549447,9,-4,-55
1756014190.8909447,-2,-6,-65
1756014190.9289446,-1,2,-68
1756014190.9669447,-3,0,-56
1756014191.0059447,-10,-10,-56
1756014191.0419445,-8,-4,-54
1756014191.0799446,-5,0,-56
1756014191.1179447,2,0,-52
1756014191.1569445,0,1,-51
1756014191.1929443,-7,-1,-47
1756014191.2309446,-5,1,-62
1756014191.2689445,-3,0,-52
1756014191.3069446,1,-2,-55
1756014191.3459446,3,4,-60
1756014191.381945,1,3,-55
1756014191.4189446,-3,-1,-66
1756014191.4569447,-7,-2,-52
1756014191.4959445,-1,6,-54
1756014191.5319445,-7,3,-41
1756014191.5689447,-6,-7,-57
1756014191.6069446,3,-6,-59
1756014191.6459446,4,-1,-43
1756014191.6819446,0,-2,-44
1756014191.7189443,-1,0,-55
1756014191.756945,2,-3,-52
1756014191.7959447,5,-1,-49
1756014191.8319447,2,-9,-51
1756014191.8699446,-2,-5,-53
1756014191.907945,-1,-5,-59
1756014191.9459443,0,-4,-56
1756014191.9819446,2,-4,-60
1756014192.019945,0,4,-59
1756014192.0579443,0,9,-53
1756014192.0959446,-9,-2,-62
1756014192.131945,-6,-1,-44
1756014192.1699443,4,-3,-42
1756014192.2079446,2,-2,-41
1756014192.246945,-3,0,-46
1756014192.282945,-2,1,-57
1756014192.3199446,2,2,-52
1756014192.3579447,2,0,-47
1756014192.3959446,6,-3,-51
1756014192.4319446,7,0,-46
1756014192.4699447,-1,1,-69
1756014192.5079446,-1,0,-57
1756014192.5459447,0,3,-44
1756014192.5819447,-1,2,-46
1756014192.6189446,-2,-5,-40
1756014192.657945,3,-10,-54
1756014192.6959443,0,-3,-51
1756014192.7319446,2,0,-47
1756014192.769945,0,-1,-44
1756014192.8079443,0,-5,-53
1756014192.8439443,1,2,-44
1756014192.881945,7,-2,-39
1756014192.9199443,3,1,-48
1756014192.9579446,5,-1,-61
1756014192.9939446,4,-1,-55
1756014193.0319445,0,2,-57
1756014193.0699446,4,-1,-49
1756014193.1079447,5,0,-57
1756014193.1439445,2,0,-45
1756014193.1819446,-5,0,-48
1756014193.2199447,-2,2,-47
1756014193.2579446,-4,-4,-52
1756014193.2939446,-7,3,-53
1756014193.3319447,-3,-2,-50
1756014193.3699446,-4,-1,-59
1756014193.407945,-1,0,-57
1756014193.4469447,0,0,-55
1756014193.4829447,4,6,-37
1756014193.519945,-3,-2,-43
1756014193.5589447,-1,-5,-49
1756014193.5969446,3,0,-40
1756014193.6329446,7,-3,-39
1756014193.6709447,10,2,-49
1756014193.7089446,0,-7,-55
1756014193.7479446,8,-6,-60
1756014193.7839446,5,-3,-62
1756014193.8219447,2,1,-63
1756014193.858945,0,0,-61
1756014193.8979447,-3,5,-55
1756014193.9339447,-3,4,-56
1756014193.9719446,1,3,-46
1756014194.009945,0,-1,-43
1756014194.0489447,-8,-2,-47
1756014194.0869446,-4,-2,-46
1756014194.1229446,-4,-4,-51
1756014194.1619446,-1,-4,-46
1756014194.1989446,0,-3,-53
1756014194.2379446,1,0,-51
1756014194.2739446,-7,-1,-46
1756014194.3119447,0,4,-40
1756014194.3499446,5,1,-57
1756014194.3889446,5,4,-53
1756014194.4269447,2,1,-56
1756014194.4629445,-8,1,-53
1756014194.4999447,0,6,-59
1756014194.5379446,-1,0,-50
1756014194.5739446,-4,3,-55
1756014194.611945,2,-3,-58
1756014194.6489446,0,-2,-61
1756014194.687945,-8,-5,-61
1756014194.723945,2,-9,-62
1756014194.7619443,4,-7,-51
1756014194.7989447,2,-4,-53
1756014194.8379445,2,0,-59
1756014194.8739443,7,-4,-67
1756014194.9119446,7,-4,-64
1756014194.9489446,0,2,-62
1756014194.9849446,0,1,-47
1756014195.0219443,-3,-6,-52
1756014195.0599446,-6,-7,-58
1756014195.098945,2,-2,-58
1756014195.134945,1,-5,-67
1756014195.1719446,2,-6,-57
1756014195.2099447,0,3,-51
1756014195.2489443,-1,2,-60
1756014195.2859447,-9,1,-48
1756014195.3229446,-4,-1,-56
1756014195.361945,0,5,-51
1756014195.3999443,2,5,-46
1756014195.437945,4,4,-41
1756014195.473945,4,5,-43
1756014195.5119443,6,1,-43
1756014195.5499446,2,-8,-59
1756014195.5879445,-2,-11,-50
1756014195.6239443,-3,-6,-52
1756014195.6619446,-5,-1,-50
1756014195.6999447,-2,3,-53
1756014195.7389443,0,2,-49
1756014195.7749443,0,-7,-60
1756014195.8119447,-2,-7,-57
1756014195.8499446,-3,-9,-66
1756014195.8889446,0,-7,-46
1756014195.9249446,6,3,-46
1756014195.9619446,-3,5,-45
1756014195.9999447,-6,0,-50
1756014196.0389447,2,-8,-45
1756014196.0749447,-1,-9,-51
1756014196.1129446,0,-11,-38
1756014196.1509447,-3,-5,-55
1756014196.1899445,0,0,-57
1756014196.2259445,1,-5,-57
1756014196.2639446,2,-6,-48
1756014196.302945,-1,-1,-43
1756014196.3399446,0,-1,-50
1756014196.3789446,-9,0,-58
1756014196.4149446,-13,-2,-51
1756014196.4529445,-9,1,-50
1756014196.4909446,10,2,-70
1756014196.5289447,3,-4,-54
1756014196.5649445,0,-4,-50
1756014196.6029446,-1,-1,-51
1756014196.6399446,2,0,-51
1756014196.6759446,4,-4,-57
1756014196.713945,2,2,-60
1756014196.7509446,0,-5,-60
1756014196.7899446,2,-1,-53
1756014196.825945,10,-1,-52
1756014196.8639443,4,1,-57
1756014196.9009447,3,-2,-65
1756014196.9399445,-2,-1,-49
1756014196.9759445,-5,-1,-53
1756014197.0139446,4,2,-54
1756014197.052945,5,1,-61
1756014197.0909443,0,1,-56
1756014197.1289446,2,-2,-51
1756014197.1649446,1,2,-60
1756014197.2029445,-2,3,-56
1756014197.2409446,10,8,-60
1756014197.2789447,1,0,-56
1756014197.3149445,0,3,-55
1756014197.3529446,2,-3,-59
1756014197.3909447,3,0,-50
1756014197.4349446,-2,0,-54
1756014197.4729445,-10,-3,-49
1756014197.5119443,-2,0,-48
1756014197.5499446,-2,0,-52
1756014197.585945,-2,2,-51
1756014197.6229446,1,-4,-44
1756014197.6619446,5,3,-46
1756014197.6999447,-5,2,-39
1756014197.7359445,-5,-2,-49
1756014197.7739446,-2,-1,-61
1756014197.8119447,-3,1,-55
1756014197.8509445,-1,4,-46
1756014197.8869443,-1,-1,-54
1756014197.9249446,-9,-8,-57
1756014197.9629445,-1,1,-56
1756014198.0009446,-5,3,-67
1756014198.0399446,-5,6,-51
1756014198.075945,-5,3,-56
1756014198.1139443,0,0,-47
1756014198.1509447,0,-5,-51
1756014198.1899445,0,5,-48
1756014198.2259445,3,0,-52
1756014198.2639446,-2,1,-47
1756014198.3019447,-3,1,-54
1756014198.3409443,0,-2,-54
1756014198.3769443,6,5,-45
1756014198.4139447,-2,-5,-40
1756014198.4529445,3,-4,-42
1756014198.4909446,1,0,-56
1756014198.5269446,-3,4,-50
1756014198.5639446,-7,0,-56
1756014198.6029446,0,-4,-64
1756014198.6409447,1,2,-53
1756014198.6769447,0,3,-50
1756014198.713945,-5,-4,-42
1756014198.7529447,-2,1,-52
1756014198.7909446,0,1,-52
1756014198.8269446,-3,-1,-58
1756014198.8649447,3,4,-60
1756014198.9019446,4,1,-53
1756014198.940945,0,-1,-50
1756014198.9769447,1,-3,-54
1756014199.0139446,5,-3,-56
1756014199.052945,-1,0,-56
1756014199.0909443,4,-4,-47
1756014199.1269443,0,-4,-41
1756014199.1649446,4,-2,-52
1756014199.2029445,-1,0,-39
1756014199.2409446,-5,0,-51
1756014199.2769446,-12,-4,-49
1756014199.3149445,-2,-2,-58
1756014199.3529446,2,-2,-59
1756014199.3919446,2,0,-57
1756014199.427945,4,7,-43
1756014199.4649446,3,7,-46
1756014199.5029447,-1,1,-48
1756014199.5419445,-1,4,-56
1756014199.5779445,-1,5,-51
1756014199.6149447,5,5,-49
1756014199.6519446,-4,0,-62
1756014199.690945,3,3,-50
1756014199.7269447,-2,-3,-57
1756014199.7649446,-3,0,-38
1756014199.802945,2,0,-51
1756014199.8409443,4,1,-56
1756014199.8779447,1,-2,-54
1756014199.9149446,4,-7,-52
1756014199.9529445,1,-8,-50
1756014199.9919446,-1,2,-56
1756014200.0279446,-1,1,-54
1756014200.0649445,2,-1,-56
1756014200.1029446,8,-1,-52
1756014200.1419446,0,0,-61
1756014200.177945,5,0,-56
1756014200.2149446,7,1,-56
1756014200.2529447,-5,1,-45
1756014200.2909446,2,1,-55
1756014200.3269446,5,3,-45
1756014200.3649447,7,1,-39
1756014200.4029446,0,0,-44
1756014200.440945,0,2,-46
1756014200.4769447,-1,4,-37
1756014200.5149446,6,-3,-52
1756014200.552945,0,-5,-55
1756014200.5919447,0,-3,-46
1756014200.6279447,7,0,-51
1756014200.6649446,6,-3,-57
1756014200.7029445,4,-6,-52
1756014200.7419446,0,-6,-55
1756014200.7779446,0,-13,-51
1756014200.815945,4,-13,-45
1756014200.8539443,5,-3,-43
1756014200.8929446,-3,-4,-51
1756014200.9309447,-7,2,-50
1756014200.9669447,-3,2,-49
1756014201.0059447,-3,-1,-56
1756014201.042945,-3,0,-62
1756014201.0819447,-4,-2,-57
1756014201.1179447,-3,1,-55
1756014201.1559446,-3,0,-52
1756014201.1929443,-3,-5,-59
1756014201.2319446,-2,1,-52
1756014201.2679446,-10,-3,-50
1756014201.3059447,0,1,-56
1756014201.3429446,1,-2,-52
1756014201.381945,0,-5,-54
1756014201.417945,0,2,-53
1756014201.4559443,-3,-2,-49
1756014201.4929447,-5,-1,-59
1756014201.5319445,0,0,-51
1756014201.5679443,-2,0,-51
1756014201.6059446,-6,8,-59
1756014201.644945,0,5,-45
1756014201.6829443,10,7,-45
1756014201.7189443,4,3,-55
1756014201.7559447,-3,3,-49
1756014201.7939446,0,-6,-49
1756014201.8329446,-3,1,-54
1756014201.8689446,-9,3,-41
1756014201.9069445,0,-2,-49
1756014201.9449446,-3,-4,-45
1756014201.983945,-1,-3,-49
1756014202.0219443,0,0,-55
1756014202.0579443,0,-3,-58
1756014202.0949447,-2,3,-48
1756014202.1339445,2,7,-54
1756014202.1719446,-4,5,-59
1756014202.2079446,0,3,-54
1756014202.2449446,-2,-1,-56
1756014202.2839446,1,2,-52
1756014202.3219447,-1,-7,-60
1756014202.3579447,-3,1,-51
1756014202.394945,0,-8,-51
1756014202.4339447,11,-4,-41
1756014202.4719446,1,6,-48
1756014202.5079446,3,8,-41
1756014202.5449443,2,-1,-47
1756014202.5839446,-5,-4,-48
1756014202.621945,1,-4,-45
1756014202.657945,0,-1,-40
1756014202.6949446,1,-2,-47
1756014202.733945,0,-9,-47
1756014202.7719443,0,0,-47
1756014202.8079443,0,-3,-42
1756014202.8449447,2,3,-43
1756014202.8839445,0,-2,-53
1756014202.9199443,5,0,-54
1756014202.9569447,7,-3,-55
1756014202.9949446,4,-2,-47
1756014203.0339446,-3,-5,-55
1756014203.0699446,0,-2,-47
1756014203.1069446,7,-9,-55
1756014203.144945,-1,-6,-46
1756014203.1839447,-4,0,-50
1756014203.2199447,-1,3,-42
1756014203.256945,-2,2,-50
1756014203.2949443,1,-4,-48
1756014203.3339446,-3,-3,-47
1756014203.3699446,-2,-3,-40
1756014203.407945,-4,-5,-51
1756014203.4459443,3,1,-51
1756014203.483945,3,-6,-45
1756014203.519945,0,-1,-45
1756014203.5569446,-2,-2,-57
1756014203.5949447,-1,0,-58
1756014203.6339445,0,-1,-49
1756014203.6699443,0,-6,-47
1756014203.7069447,-4,-6,-57
1756014203.7449446,-1,-5,-54
1756014203.7839446,0,0,-54
1756014203.8199446,-7,-1,-54
1756014203.8579447,-9,-2,-46
1756014203.8959446,-6,-5,-55
1756014203.9349446,-4,-4,-50
1756014203.9729445,3,8,-57
1756014204.0089445,3,-2,-43
1756014204.0469446,-6,-7,-50
1756014204.0849447,2,-3,-50
1756014204.1239443,14,0,-48
1756014204.1599443,3,2,-38
1756014204.1969447,0,-6,-42
1756014204.2349446,-13,-2,-46
1756014204.2739446,-4,-5,-49
1756014204.3099446,-3,-3,-47
1756014204.3479445,0,0,-46
1756014204.3859446,-9,1,-51
1756014204.4249446,-1,0,-54
1756014204.460945,1,-1,-50
1756014204.4979446,-3,3,-50
1756014204.5359447,-10,2,-56
1756014204.5749447,-4,4,-64
1756014204.6109445,2,-2,-56
1756014204.6489446,1,-5,-53
1756014204.6869447,-1,-4,-58
1756014204.7249446,1,0,-45
1756014204.7609446,5,0,-49
1756014204.7979443,-1,1,-52
1756014204.835945,-8,0,-52
1756014204.8749447,2,6,-56
1756014204.9109447,2,0,-47
1756014204.9479446,0,-2,-41
1756014204.9859445,-2,0,-48
1756014205.0249443,-7,-2,-49
1756014205.0609446,-7,-4,-52
1756014205.098945,0,-3,-45
1756014205.1369443,-2,0,-55
1756014205.1759446,5,0,-56
1756014205.213945,-3,3,-54
1756014205.2499447,0,-2,-64
1756014205.2879446,4,-2,-52
1756014205.325945,4,-5,-55
1756014205.3649447,0,-7,-54
1756014205.4009447,4,3,-44
1756014205.437945,4,4,-53
1756014205.4759445,2,1,-52
1756014205.5149446,0,0,-59
1756014205.5509446,-3,-4,-57
1756014205.588945,0,0,-52
1756014205.6269443,0,-2,-49
1756014205.6659446,4,-1,-42
1756014205.7039447,6,3,-56
1756014205.7399447,0,1,-57
1756014205.7769446,10,-4,-52
1756014205.815945,1,-3,-49
1756014205.8539443,-4,3,-43
1756014205.8899446,3,1,-50
1756014205.9269447,2,-5,-52
1756014205.9659443,-3,-1,-51
1756014206.0039446,0,6,-52
1756014206.0399446,1,5,-48
1756014206.0769446,-3,-3,-49
1756014206.1159446,1,0,-36
1756014206.1539447,-1,-9,-52
1756014206.1899445,0,-3,-44
1756014206.2269447,-4,0,-53
1756014206.2659447,-3,1,-54
1756014206.3019447,2,-1,-50
1756014206.3399446,8,0,-51
1756014206.3769443,-2,-4,-53
1756014206.4159446,-5,2,-64
1756014206.4519446,-3,6,-62
1756014206.4899447,3,-5,-51
1756014206.5279446,-2,-1,-51
1756014206.565945,-4,-1,-41
1756014206.6049447,-1,6,-57
1756014206.6409447,4,2,-47
1756014206.677945,-1,6,-56
1756014206.7159443,1,3,-60
1756014206.7519443,-5,0,-57
1756014206.7899446,-4,-5,-55
1756014206.8279445,-7,-3,-46
1756014206.8669446,5,1,-45
1756014206.904945,1,2,-53
1756014206.940945,-2,-1,-57
1756014206.9789443,-2,-3,-74
1756014207.0169446,2,-1,-58
1756014207.0559447,-3,-1,-52
1756014207.0919447,4,-3,-52
1756014207.1289446,2,4,-57
1756014207.1669445,2,-4,-53
1756014207.2049446,1,-5,-51
1756014207.2409446,0,-5,-50
1756014207.2779446,0,0,-50
1756014207.3169446,0,7,-52
1756014207.3549447,-2,1,-53
1756014207.3909447,0,0,-44
1756014207.427945,-4,-5,-39
1756014207.4719446,3,-1,-41
1756014207.5109446,0,-8,-60
1756014207.5489447,-1,5,-61
1756014207.5869446,7,3,-67
1756014207.6249447,4,-2,-58
1756014207.6609447,3,-6,-66
1756014207.6989446,3,1,-56
1756014207.736945,-3,-1,-52
1756014207.7729447,-7,-1,-57
1756014207.8109446,-4,2,-43
1756014207.848945,-8,2,-48
1756014207.8869443,-2,-1,-45
1756014207.9259446,-1,-1,-48
1756014207.9619446,-2,-7,-62
1756014207.9999447,1,-4,-57
1756014208.0379446,2,-3,-47
1756014208.0769446,7,-10,-61
1756014208.1129446,5,-2,-51
1756014208.1499443,0,-10,-50
1756014208.187945,5,0,-57
1756014208.2259445,1,1,-44
1756014208.2619443,0,-2,-57
1756014208.2989447,-6,0,-50
1756014208.3369446,3,-1,-51
1756014208.3759446,5,-4,-55
1756014208.4119446,8,0,-49
1756014208.4489446,5,0,-52
1756014208.486945,2,1,-57
1756014208.5229447,1,7,-50
1756014208.5599446,-2,1,-43
1756014208.5979445,0,-7,-54
1756014208.6369443,1,-1,-49
1756014208.6729443,-2,-1,-51
1756014208.710945,0,-2,-41
1756014208.7489443,-2,-11,-45
1756014208.7879446,0,0,-58
1756014208.825945,2,0,-50
1756014208.861945,4,-3,-40
1756014208.8989446,7,-2,-49
1756014208.937945,2,-9,-46
1756014208.9759445,0,0,-35
1756014209.0119443,-2,-3,-46
1756014209.0499446,5,2,-42
1756014209.0879445,5,4,-48
1756014209.1259446,1,4,-62
1756014209.1619446,4,-2,-50
1756014209.1989446,2,-2,-56
1756014209.2379446,6,-1,-52
1756014209.2759447,-1,0,-58
1756014209.3119447,2,5,-57
1756014209.348945,-4,0,-60
1756014209.3879447,-3,0,-46
1756014209.4239447,2,-2,-52
1756014209.460945,5,0,-51
1756014209.4979446,0,-4,-62
1756014209.5369446,-4,-4,-50
1756014209.5729446,0,-7,-49
1756014209.6109445,-6,1,-49
1756014209.6489446,-1,-5,-48
1756014209.687945,3,-2,-47
1756014209.723945,4,6,-48
1756014209.7609446,3,2,-53
1756014209.7979443,1,-2,-49
1756014209.8369446,1,-4,-50
1756014209.8729446,3,-1,-50
1756014209.9099443,-2,0,-52
1756014209.9479446,-5,1,-55
1756014209.986945,-7,0,-42
1756014210.0229447,-6,3,-57
1756014210.0599446,-4,0,-62
1756014210.098945,-5,-2,-60
1756014210.1369443,3,-5,-41
1756014210.1729443,-3,-6,-49
1756014210.210945,2,3,-63
1756014210.2489443,0,-4,-53
1756014210.2869446,-1,-2,-58
1756014210.3239446,1,-4,-56
1756014210.3609445,-5,-2,-61
1756014210.3989446,-1,-2,-61
1756014210.437945,-2,-1,-61
1756014210.473945,-3,0,-44
1756014210.5109446,-1,-10,-53
1756014210.5489447,0,-13,-46
1756014210.5879445,-2,-6,-49
1756014210.6239443,-3,-9,-46
1756014210.6629446,-6,-4,-44
1756014210.6999447,0,0,-54
1756014210.7379446,-3,-6,-50
1756014210.7739446,-5,-6,-46
1756014210.812945,-5,-5,-38
1756014210.8499446,-5,-2,-59
1756014210.8889446,3,-8,-49
1756014210.9269447,-1,3,-54
1756014210.9629445,1,2,-54
1756014210.9999447,4,4,-48
1756014211.0379446,-7,-4,-49
1756014211.0739446,-5,-8,-57
1756014211.1129446,-5,-3,-54
1756014211.1499443,-2,4,-46
1756014211.1889446,1,1,-49
1756014211.2249446,-3,-2,-53
1756014211.2629447,-1,2,-38
1756014211.3009446,0,-3,-50
1756014211.338945,4,-1,-43
1756014211.3779447,2,-5,-35
1756014211.4139447,1,-1,-44
1756014211.450945,8,0,-55
1756014211.4889443,-2,-1,-51
1756014211.5279446,-9,1,-47
1756014211.5639446,-7,0,-41
1756014211.6009445,0,1,-42
1756014211.6389446,-5,0,-38
1756014211.6749446,-10,-4,-32
1756014211.7129445,0,-3,-35
1756014211.7509446,-1,2,-48
1756014211.7899446,-3,1,-49
1756014211.8279445,3,-2,-56
1756014211.8639443,-1,0,-50
1756014211.9009447,-7,-3,-46
1756014211.9399445,-2,0,-41
1756014211.9779446,0,0,-47
1756014212.0139446,4,-3,-48
1756014212.0519447,2,-1,-52
1756014212.0899446,3,-6,-47
1756014212.1289446,-1,-2,-43
1756014212.1649446,-4,2,-43
1756014212.2029445,-1,3,-46
1756014212.2409446,-1,-5,-62
1756014212.279945,-5,0,-54
1756014212.3179443,0,3,-49
1756014212.3539443,5,-3,-46
1756014212.3909447,0,-2,-52
1756014212.4299445,-9,0,-50
1756014212.4679446,1,0,-56
1756014212.5039446,0,6,-59
1756014212.5409446,-1,-5,-46
1756014212.5799446,0,3,-56
1756014212.6179447,-3,3,-55
1756014212.6539447,-4,-2,-53
1756014212.6919446,-2,1,-56
1756014212.7299447,-5,4,-62
1756014212.7689445,-1,2,-50
1756014212.8049445,-7,-6,-56
1756014212.8429446,-4,-6,-51
1756014212.8809447,0,-5,-59
1756014212.9199443,-7,-4,-54
1756014212.9559443,-2,-3,-43
1756014212.9939446,5,-4,-60
1756014213.0319445,1,-4,-58
1756014213.0699446,0,3,-54
1756014213.1059446,-4,-2,-58
1756014213.1439445,-3,-4,-43
1756014213.1819446,-7,-7,-63
1756014213.2199447,-1,-7,-56
1756014213.2589445,-2,-11,-61
1756014213.2949443,-3,-4,-56
1756014213.3339446,8,2,-58
1756014213.3709445,3,0,-67
1756014213.4099443,-6,-1,-54
1756014213.4459443,3,-5,-48
1756014213.483945,-1,-5,-58
1756014213.5219443,-3,-4,-56
1756014213.5609446,2,0,-58
1756014213.598945,0,-1,-52
1756014213.634945,-3,0,-47
1756014213.6719446,4,-1,-50
1756014213.710945,8,-7,-58
1756014213.7489443,11,-4,-62
1756014213.7849443,6,-1,-63
1756014213.8219447,-8,4,-65
1756014213.8609445,-4,0,-48
1756014213.8989446,1,-2,-55
1756014213.9349446,0,4,-48
1756014213.9719446,0,3,-54
1756014214.009945,-7,0,-38
1756014214.0459447,-1,-11,-36
1756014214.0839446,0,-8,-44
1756014214.121945,4,6,-35
1756014214.1599443,9,4,-34
1756014214.1959443,10,4,-40
1756014214.233945,2,3,-56
1756014214.2719443,5,0,-54
1756014214.3099446,2,-3,-56
1756014214.3459446,4,-4,-48
1756014214.3839445,7,0,-54
1756014214.4219446,-2,1,-54
1756014214.4599447,6,1,-42
1756014214.4959445,3,0,-37
1756014214.532945,0,-1,-44
1756014214.5709443,1,9,-46
1756014214.6099446,0,4,-51
1756014214.6459446,1,7,-57
1756014214.6829443,5,7,-54
1756014214.7209446,0,3,-56
1756014214.759945,-3,-8,-58
1756014214.7959447,-3,0,-56
1756014214.8329446,-2,4,-43
1756014214.8709445,-1,1,-49
1756014214.9099443,-4,5,-55
1756014214.9459443,-3,3,-52
1756014214.9829447,-4,3,-54
1756014215.0209446,3,1,-58
1756014215.0599446,-3,2,-60
1756014215.0959446,0,8,-47
1756014215.1339445,-9,5,-47
1756014215.1719446,-1,7,-49
1756014215.2099447,10,2,-48
1756014215.2459445,2,-1,-51
1756014215.282945,3,-2,-48
1756014215.3219447,2,5,-56
1756014215.3599446,-5,2,-59
1756014215.3959446,0,-2,-48
1756014215.4329443,0,-8,-45
1756014215.4719446,-3,0,-46
1756014215.509945,0,-1,-42
1756014215.5459447,1,0,-52
1756014215.5829446,1,3,-56
1756014215.6209445,3,1,-60
1756014215.657945,2,-3,-61
1756014215.6949446,3,-5,-54
1756014215.7329447,-7,0,-48
1756014215.7719443,2,-4,-42
1756014215.8099446,2,0,-44
1756014215.8459446,3,2,-50
1756014215.8829446,4,-1,-53
1756014215.9219446,-4,-4,-51
1756014215.9599447,-6,-1,-56
1756014215.9959445,-1,0,-48
1756014216.0339446,0,2,-49
1756014216.0719447,-3,-1,-48
1756014216.1079447,-4,1,-45
1756014216.144945,3,0,-51
1756014216.1829443,6,2,-61
1756014216.2209446,3,-2,-61
1756014216.256945,1,-5,-52
1756014216.2949443,-1,0,-62
1756014216.3329446,-3,-3,-53
1756014216.371945,0,0,-57
1756014216.407945,6,0,-58
1756014216.4449446,9,1,-55
1756014216.4829447,1,-2,-47
1756014216.5219443,3,-3,-51
1756014216.5579443,0,-4,-60
1756014216.5949447,-6,-1,-44
1756014216.6329446,-2,-4,-59
1756014216.6719446,6,-4,-44
1756014216.7079446,-1,0,-60
1756014216.7449446,-11,2,-50
1756014216.782945,-16,-5,-54
1756014216.8219447,-14,-5,-50
1756014216.8579447,-10,0,-47
1756014216.894945,3,2,-50
1756014216.9329443,4,-3,-50
1756014216.9719446,0,-4,-51
1756014217.0079446,1,-3,-54
1756014217.0449443,1,-1,-43
1756014217.0829446,3,0,-55
1756014217.121945,-6,6,-60
1756014217.157945,-1,0,-46
1756014217.1949446,-5,1,-58
1756014217.2329447,-7,0,-49
1756014217.2719443,0,-3,-48
1756014217.3079443,4,-8,-64
1756014217.3449447,0,0,-51
1756014217.3829446,-1,0,-60
1756014217.4219446,-7,1,-59
1756014217.4579446,-3,4,-56
1756014217.5039446,-5,9,-62
1756014217.5419445,-5,12,-60
1756014217.5779445,0,1,-51
1756014217.6159446,-4,0,-53
1756014217.6539447,3,2,-55
1756014217.6919446,-3,1,-45
1756014217.7279446,0,-5,-48
1756014217.7649446,-1,-6,-53
1756014217.802945,0,0,-46
1756014217.8419447,2,-2,-53
1756014217.8779447,0,0,-52
1756014217.9149446,-2,0,-58
1756014217.9529445,-1,-1,-52
1756014217.9919446,-7,4,-61
1756014218.0279446,-5,6,-55
1756014218.065945,-7,-1,-46
1756014218.1039443,-3,1,-46
1756014218.1429446,-5,-1,-44
1756014218.1789446,-7,-2,-51
1756014218.2179446,-2,3,-41
1756014218.2549446,0,6,-48
1756014218.292945,2,3,-38
1756014218.3289447,0,5,-48
1756014218.3659446,4,2,-48
1756014218.4029446,8,-3,-37
1756014218.4419446,7,-2,-59
1756014218.4779446,8,-7,-50
1756014218.5169446,1,-5,-45
1756014218.5539446,-3,-6,-58
1756014218.5929446,-3,-8,-60
1756014218.6289446,-1,-3,-55
1756014218.667945,-7,-5,-53
1756014218.7049446,-2,-12,-52
1756014218.7439446,-2,-2,-51
1756014218.7819445,-8,-1,-57
1756014218.8179443,2,-2,-52
1756014218.8559446,10,-3,-53
1756014218.8939445,2,-2,-50
1756014218.9329443,4,2,-60
1756014218.9689443,-2,-4,-51
1756014219.006945,0,-7,-51
1756014219.0449443,-2,-1,-47
1756014219.0839446,-3,-1,-55
1756014219.121945,-3,5,-57
1756014219.157945,1,4,-53
1756014219.1949446,-6,1,-53
1756014219.233945,0,-1,-56
1756014219.2719443,-3,-4,-57
1756014219.3079443,1,4,-54
1756014219.3449447,8,2,-54
1756014219.3839445,-4,-4,-44
1756014219.4199443,-3,-6,-45
1756014219.4589446,0,0,-50
1756014219.4959445,10,1,-57
1756014219.5339446,3,0,-52
1756014219.5699446,-1,3,-52
1756014219.608945,0,2,-57
1756014219.6459446,1,0,-56
1756014219.6839447,0,-2,-54
1756014219.7229445,1,0,-60
1756014219.7589445,-3,-3,-55
1756014219.7969446,-1,0,-57
1756014219.8349447,-2,-3,-49
1756014219.8739443,0,-2,-42
1756014219.9099443,-7,0,-52
1756014219.9469447,3,1,-57
1756014219.9849446,1,-7,-58
1756014220.0239446,2,4,-54
1756014220.0599446,0,2,-51
1756014220.0969446,-2,3,-51
1756014220.134945,0,-3,-47
1756014220.1739447,5,0,-41
1756014220.2099447,0,-4,-44
1756014220.246945,0,-5,-61
1756014220.2849443,0,-5,-56
1756014220.3239446,5,-4,-60
1756014220.3599446,4,-3,-61
1756014220.3969443,3,0,-59
1756014220.4349446,1,-4,-41
1756014220.473945,-2,-10,-42
1756014220.509945,2,-2,-40
1756014220.5469446,1,-3,-46
1756014220.5849447,-5,-4,-49
1756014220.6239443,-4,-8,-50
1756014220.6599443,-17,-1,-48
1756014220.6979446,-9,-8,-55
1756014220.7359445,-6,0,-64
1756014220.7749443,-9,-5,-54
1756014220.812945,1,5,-55
1756014220.848945,-6,0,-58
1756014220.8869443,1,0,-53
1756014220.9249446,3,4,-61
1756014220.9629445,0,0,-45
1756014220.9989443,-3,-1,-38
1756014221.0369446,0,3,-36
1756014221.0749447,-3,0,-52
1756014221.1109445,-3,5,-55
1756014221.1479447,-2,0,-50
1756014221.1859446,4,-3,-41
1756014221.2249446,6,-1,-37
1756014221.2609446,8,-2,-48
1756014221.2979443,0,-4,-47
1756014221.335945,-6,0,-56
1756014221.3749447,-2,7,-51
1756014221.4109447,1,0,-41
1756014221.4479446,0,6,-42
1756014221.4849446,2,2,-32
1756014221.5209446,-1,2,-39
1756014221.5589447,4,3,-39
1756014221.5959446,2,5,-50
1756014221.6339445,5,0,-49
1756014221.6699443,-3,6,-59
1756014221.7079446,-13,4,-56
1756014221.7459445,4,-6,-64
1756014221.7849443,0,-1,-44
1756014221.8209443,0,0,-42
1756014221.858945,-2,1,-42
1756014221.8969443,-5,0,-51
1756014221.9359446,-6,0,-47
1756014221.973945,-12,-6,-51
1756014222.009945,-4,-4,-47
1756014222.0479443,-3,1,-56
1756014222.085945,-4,-4,-42
1756014222.1249447,-9,-4,-42
1756014222.1609447,-10,1,-51
1756014222.1979446,2,3,-56
1756014222.2359445,-1,3,-50
1756014222.2739446,4,-1,-43
1756014222.3099446,-2,-3,-49
1756014222.3479445,0,-5,-58
1756014222.3859446,0,-4,-54
1756014222.4249446,1,-7,-51
1756014222.460945,-2,-2,-58
1756014222.4989443,1,-3,-58
1756014222.5369446,1,-8,-37
1756014222.575945,0,-1,-53
1756014222.6139443,1,0,-45
1756014222.6499443,2,0,-43
1756014222.6869447,2,0,-50
1756014222.7249446,7,2,-52
1756014222.7609446,5,5,-58
1756014222.7979443,0,1,-47
1756014222.835945,0,4,-48
1756014222.871945,2,-1,-54
1756014222.9089446,6,-4,-44
1756014222.9469447,6,-2,-47
1756014222.9859445,5,-3,-60
1756014223.0219443,-3,1,-47
1756014223.0589447,3,-4,-63
1756014223.0969446,-5,2,-62
1756014223.1359446,-1,-1,-43
1756014223.1719446,-1,-3,-49
1756014223.2099447,-4,3,-49
1756014223.2479446,-6,0,-55
1756014223.2869446,-5,-3,-58
1756014223.3249447,0,-2,-58
1756014223.3609445,5,-2,-54
1756014223.3989446,0,0,-49
1756014223.4369447,0,-2,-40
1756014223.4749446,-1,-4,-54
1756014223.5109446,-9,-4,-50
1756014223.5489447,-7,-3,-47
1756014223.5869446,-7,-4,-45
1756014223.6259446,-5,4,-60
1756014223.6619446,-4,11,-52
1756014223.6989446,-4,-2,-42
1756014223.736945,1,-1,-45
1756014223.7759447,3,-7,-54
1756014223.8119447,2,-2,-53
1756014223.848945,0,-8,-65
1756014223.8869443,1,-3,-60
1756014223.9259446,-4,-1,-58
1756014223.9619446,-9,-2,-58
1756014224.0009446,2,-7,-48
1756014224.0379446,6,-5,-52
1756014224.0769446,2,0,-56
1756014224.1149447,-4,3,-59
1756014224.1509447,-6,2,-59
1756014224.1889446,0,0,-53
1756014224.2269447,3,-2,-40
1756014224.2649446,4,-3,-55
1756014224.3009446,0,-3,-44
1756014224.3379445,4,-10,-56
1756014224.3769443,5,2,-44
1756014224.4129446,6,-1,-55
1756014224.450945,3,-1,-52
1756014224.4889443,1,-2,-49
1756014224.5269446,2,-3,-49
1756014224.565945,5,0,-53
1756014224.6019447,5,0,-63
1756014224.6389446,0,0,-64
1756014224.6769447,-2,4,-53
1756014224.713945,-5,1,-49
1756014224.7509446,0,-1,-56
1756014224.7889447,1,-1,-53
1756014224.8269446,-2,5,-60
1756014224.8659446,2,2,-47
1756014224.9019446,4,0,-49
1756014224.9389446,0,0,-52
1756014224.9769447,2,-1,-51
1756014225.0159447,0,-2,-50
1756014225.0519447,-2,0,-51
1756014225.0899446,0,2,-48
1756014225.1279447,-4,-1,-49
1756014225.1659446,1,1,-51
1756014225.2019446,3,-3,-52
1756014225.2399447,3,-2,-48
1756014225.2789447,0,5,-43
1756014225.3169446,-6,1,-43
1756014225.3529446,-3,3,-59
1756014225.3899446,-1,-4,-44
1756014225.4289446,1,2,-44
1756014225.4669447,-2,4,-54
1756014225.5029447,0,8,-55
1756014225.5399446,1,1,-52
1756014225.5779445,3,-1,-58
1756014225.6159446,-4,-2,-54
1756014225.6519446,0,0,-52
1756014225.6889446,-4,0,-49
1756014225.7279446,0,2,-53
1756014225.7659447,0,1,-54
1756014225.8019447,7,2,-54
1756014225.8399446,-3,-5,-46
1756014225.8779447,-5,-5,-58
1756014225.9169445,4,0,-59
1756014225.9529445,1,0,-53
1756014225.9899447,-9,-5,-45
1756014226.0279446,-6,-3,-47
1756014226.0669446,0,-5,-56
1756014226.1029446,-4,0,-54
1756014226.1399446,-8,-7,-43
1756014226.177945,-4,-8,-47
1756014226.2169447,-6,-3,-60
1756014226.2529447,-3,-3,-59
1756014226.2909446,-3,-3,-57
1756014226.3289447,-1,1,-67
1756014226.3679447,2,-2,-61
1756014226.4039447,6,-2,-60
1756014226.4419446,-3,-3,-65
1756014226.4799447,-6,-4,-49
1756014226.5179446,-2,-3,-56
1756014226.5569446,-3,5,-55
1756014226.5929446,-1,5,-46
1756014226.6299446,-2,0,-51
1756014226.667945,3,-4,-53
1756014226.7069447,0,-12,-59
1756014226.7429447,5,1,-61
1756014226.779945,-1,2,-62
1756014226.8189447,-5,2,-46
1756014226.8569446,3,-1,-53
1756014226.8929446,-2,0,-54
1756014226.9299445,-4,0,-61
1756014226.9689443,1,0,-43
1756014227.006945,-3,-2,-55
1756014227.042945,-3,-2,-56
1756014227.0809443,-1,-2,-60
1756014227.1189446,6,-4,-63
1756014227.157945,1,-8,-52
1756014227.1939447,1,3,-41
1756014227.2319446,-3,9,-55
1756014227.269945,-4,5,-62
1756014227.3089447,-3,6,-70
1756014227.3469446,-1,0,-51
1756014227.3829446,0,2,-52
1756014227.4209447,5,0,-44
1756014227.4589446,-1,0,-44
1756014227.496945,-2,-2,-55
1756014227.5409446,-3,-5,-56
1756014227.5799446,-6,-2,-49
1756014227.6179447,-1,4,-59
1756014227.6539447,-2,6,-59
1756014227.690945,0,0,-48
1756014227.7289443,-7,0,-50
1756014227.7649446,0,-1,-49
1756014227.802945,0,3,-58
1756014227.8419447,-5,2,-51
1756014227.8789446,0,-7,-47
1756014227.917945,0,-2,-61
1756014227.9539447,-4,-7,-50
1756014227.9919446,0,0,-52
1756014228.0289447,-10,4,-55
1756014228.0679443,1,2,-62
1756014228.1039443,-6,-5,-62
1756014228.1429446,-5,0,-58
1756014228.1799445,-1,-1,-52
1756014228.2189443,3,-5,-38
1756014228.2549446,4,0,-53
1756014228.2919445,1,0,-52
1756014228.3289447,1,-4,-45
1756014228.3679447,0,2,-50
1756014228.4039447,-3,-2,-41
1756014228.4419446,-2,-9,-64
1756014228.4799447,5,1,-53
1756014228.5179446,1,0,-43
1756014228.5539446,0,0,-45
1756014228.5909443,0,-3,-59
1756014228.6299446,-6,-4,-51
1756014228.667945,-5,0,-57
1756014228.7039447,-3,-6,-56
1756014228.7419446,-2,-6,-55
1756014228.779945,-2,0,-61
1756014228.8189447,-1,-1,-63
1756014228.8549447,-1,-8,-54
1756014228.8929446,0,-7,-48
1756014228.9309447,-1,-6,-44
1756014228.9699447,0,-9,-56
1756014229.0079446,0,-5,-57
1756014229.0439446,0,-2,-63
1756014229.0809443,3,-1,-55
1756014229.1199446,1,-3,-51
1756014229.157945,0,-5,-50
1756014229.1939447,-2,-2,-50
1756014229.2329447,-1,0,-45
1756014229.269945,4,-5,-58
1756014229.3089447,0,-9,-51
1756014229.3449447,4,-10,-58
1756014229.3829446,1,1,-52
1756014229.4199443,4,-1,-52
1756014229.4589446,-3,4,-53
1756014229.4949446,2,3,-52
1756014229.532945,-3,-2,-65
1756014229.5699446,6,1,-56
1756014229.6059446,-8,2,-52
1756014229.6429446,-4,0,-64
1756014229.6809447,2,0,-47
1756014229.7199447,-4,-1,-50
1756014229.7559447,1,2,-55
1756014229.792945,6,0,-64
1756014229.8309443,1,-3,-53
1756014229.8699446,-5,0,-57
1756014229.9059446,0,-10,-56
1756014229.9429443,3,-2,-57
1756014229.9809446,-1,-2,-68
1756014230.019945,-13,-9,-51
1756014230.0559447,-2,1,-54
1756014230.0939443,6,-8,-49
1756014230.1309447,0,-1,-39
1756014230.1699443,0,1,-55
1756014230.2059443,-5,-8,-52
1756014230.2439446,3,-3,-49
1756014230.2819445,7,-4,-61
1756014230.3209443,2,-1,-54
1756014230.358945,3,-4,-44
1756014230.394945,0,3,-54
1756014230.4319446,1,-1,-49
1756014230.4709446,5,-4,-57
1756014230.5089445,1,-2,-56
1756014230.5449443,2,0,-54
1756014230.5819447,-1,-5,-54
1756014230.6209445,-6,1,-56
1756014230.6589446,0,1,-53
1756014230.6949446,-2,-4,-50
1756014230.7329447,-5,-10,-34
1756014230.7709446,0,-5,-47
1756014230.8099446,0,-7,-44
1756014230.8459446,8,-1,-44
1756014230.8829446,8,-7,-46
1756014230.9209447,11,-1,-61
1756014230.9599447,6,-1,-50
1756014230.9959445,-1,-9,-55
1756014231.0349443,-6,-10,-50
1756014231.0729446,3,-6,-51
1756014231.1109445,-3,-3,-46
1756014231.1469443,-6,0,-55
1756014231.1859446,-2,0,-57
1756014231.2229445,2,1,-51
1756014231.2609446,-3,-1,-42
1756014231.2969446,4,0,-37
1756014231.3339446,4,1,-58
1756014231.3729446,1,-1,-47
1756014231.4109447,-3,4,-55
1756014231.4469447,-8,0,-52
1756014231.483945,-6,-3,-61
1756014231.5229447,-6,0,-53
1756014231.5609446,-5,-3,-53
1756014231.5969446,-6,3,-46
1756014231.6339445,-3,-3,-38
1756014231.6729443,-5,-4,-42
1756014231.710945,-5,0,-49
1756014231.746945,-4,1,-43
1756014231.7839446,0,-2,-36
1756014231.8219447,-12,-2,-47
1756014231.8609445,0,-7,-54
1756014231.8969443,-7,-1,-61
1756014231.9349446,-5,-7,-52
1756014231.9729445,7,-3,-50
1756014232.0119443,6,-3,-41
1756014232.0499446,5,-5,-50
1756014232.085945,0,-4,-60
1756014232.1229446,6,-1,-55
1756014232.1619446,0,-3,-53
1756014232.1999447,-2,-2,-49
1756014232.2359445,1,-3,-46
1756014232.2729447,0,2,-47
1756014232.3109446,0,0,-48
1756014232.3469446,5,-3,-50
1756014232.3839445,0,-4,-45
1756014232.4219446,1,2,-35
1756014232.460945,5,0,-46
1756014232.496945,0,-2,-48
1756014232.5339446,-1,-2,-55
1756014232.5719447,-3,1,-60
1756014232.6109445,0,0,-48
1756014232.6499443,0,2,-57
1756014232.6859446,0,4,-59
1756014232.7229445,1,-4,-54
1756014232.7619443,1,-1,-58
1756014232.7979443,1,-6,-58
1756014232.835945,-8,-3,-56
1756014232.8729446,-3,0,-56
1756014232.9119446,0,2,-50
1756014232.9479446,-5,0,-49
1756014232.9849446,-7,-3,-47
1756014233.0229447,-6,-2,-46
1756014233.0619447,0,-5,-57
1756014233.0979445,2,-5,-63
1756014233.134945,0,2,-45
1756014233.1719446,3,3,-46
1756014233.2079446,1,0,-46
1756014233.2449446,5,3,-55
1756014233.2819445,1,-5,-52
1756014233.3209443,4,6,-42
1756014233.3569446,5,1,-44
1756014233.3939445,-2,0,-50
1756014233.4329443,-1,-6,-53
1756014233.4709446,2,-4,-60
1756014233.506945,0,-7,-50
1756014233.5439446,-6,-2,-58
1756014233.5829446,0,3,-53
1756014233.6209445,-5,-6,-44
1756014233.6569445,-3,-6,-41
1756014233.6949446,7,0,-46
1756014233.7329447,3,-7,-58
1756014233.7709446,0,1,-57
1756014233.8069446,-1,-1,-66
1756014233.8449447,1,-1,-47
1756014233.8839445,6,1,-59
1756014233.9219446,0,2,-58
1756014233.9579446,-2,1,-53
1756014233.9959445,-4,0,-48
1756014234.0349443,-1,-5,-58
1756014234.0729446,0,0,-58
1756014234.1109445,-1,7,-45
1756014234.1469443,4,2,-47
1756014234.1849446,0,-3,-44
1756014234.2229445,3,-6,-39
1756014234.2619443,-1,-4,-47
1756014234.2979443,4,1,-48
1756014234.3349447,-1,0,-51
1756014234.3729446,5,1,-48
1756014234.4089446,-2,4,-56
1756014234.4459443,-3,0,-53
1756014234.4849446,-2,0,-55
1756014234.5229447,-3,-7,-48
1756014234.5589447,2,5,-49
1756014234.5959446,1,3,-54
1756014234.634945,-1,2,-47
1756014234.6729443,0,-2,-42
1756014234.7089446,1,2,-50
1756014234.7459445,5,-2,-61
1756014234.7849443,4,0,-48
1756014234.8229446,-1,-3,-47
1756014234.858945,3,1,-45
1756014234.8959446,5,4,-29
1756014234.9329443,1,-4,-46
1756014234.9719446,-3,6,-61
1756014235.0079446,4,4,-54
1756014235.0459447,2,1,-59
1756014235.0839446,0,-2,-58
1756014235.121945,0,-2,-63
1756014235.157945,3,0,-55
1756014235.1949446,6,7,-57
1756014235.2329447,2,6,-55
1756014235.2689445,0,3,-56
1756014235.3059447,2,0,-53
1756014235.3439443,-1,6,-38
1756014235.381945,-5,1,-45
1756014235.417945,-5,-3,-52
1756014235.4559443,4,-3,-56
1756014235.4939446,4,-6,-50
1756014235.532945,-3,-4,-48
1756014235.5689447,-6,-2,-42
1756014235.6069446,-6,-2,-53
1756014235.644945,-4,0,-57
1756014235.6839447,-3,0,-55
1756014235.7219446,0,-4,-52
1756014235.7579446,0,3,-47
1756014235.7949443,0,7,-49
1756014235.8329446,4,1,-55
1756014235.8689446,-2,-6,-55
1756014235.9069445,1,-4,-60
1756014235.9449446,6,4,-51
1756014235.9829447,1,0,-55
1756014236.0189445,2,0,-54
1756014236.0559447,2,-5,-44
1756014236.0939443,5,4,-47
1756014236.1299446,5,0,-51
1756014236.167945,2,2,-43
1756014236.2049446,-3,1,-49
1756014236.2439446,-8,0,-43
1756014236.279945,-6,0,-54
1756014236.3179443,-2,-1,-56
1756014236.3549447,2,4,-59
1756014236.3929446,2,7,-52
1756014236.4289446,5,2,-51
1756014236.4659443,5,5,-55
1756014236.5039446,8,4,-58
1756014236.5399446,3,4,-57
1756014236.5779445,-1,5,-55
1756014236.6159446,-3,5,-56
1756014236.6539447,0,1,-48
1756014236.6899445,-1,-3,-59
1756014236.7279446,10,0,-63
1756014236.7649446,0,-2,-57
1756014236.8039446,1,0,-53
1756014236.8399446,-1,-6,-57
1756014236.8779447,3,-6,-61
1756014236.9169445,0,0,-50
1756014236.9549446,0,8,-45
1756014236.9929447,2,1,-57
1756014237.0289447,10,2,-48
1756014237.065945,1,6,-65
1756014237.1039443,-4,4,-58
1756014237.1399446,0,1,-45
1756014237.177945,4,-5,-55
1756014237.2159443,0,2,-53
1756014237.2539446,-4,-3,-52
1756014237.2899446,-2,-1,-59
1756014237.3279445,-2,2,-63
1756014237.3659446,-8,-2,-63
1756014237.404945,3,0,-57
1756014237.4429443,-3,-5,-42
1756014237.4789443,0,-5,-46
1756014237.5159447,-1,-1,-47
1756014237.5599446,0,0,-52
1756014237.598945,4,3,-46
1756014237.6359446,4,7,-63
1756014237.6749446,-3,3,-50
1756014237.7129445,-4,0,-50
1756014237.7489443,0,-5,-53
1756014237.7859447,0,1,-61
1756014237.8249447,4,4,-46
1756014237.8609445,7,-4,-48
1756014237.8989446,-2,-10,-43
1756014237.9369447,-2,-9,-50
1756014237.9759445,-1,-6,-53
1756014238.0139446,0,-4,-51
1756014238.0499446,1,3,-48
1756014238.0869446,2,3,-42
1756014238.1259446,5,-4,-47
1756014238.1639447,0,2,-50
1756014238.1999447,3,-1,-43
1756014238.236945,2,8,-57
1756014238.2749443,-5,2,-58
1756014238.3109446,-3,5,-49
1756014238.3499446,-6,5,-57
1756014238.3869443,-1,5,-51
1756014238.4259446,3,7,-45
1756014238.463945,-2,0,-60
1756014238.4999447,0,1,-60
1756014238.5369446,-1,-2,-56
1756014238.575945,-13,3,-45
1756014238.6139443,-3,2,-49
1756014238.6499443,-1,1,-52
1756014238.6869447,1,0,-54
1756014238.7249446,0,2,-44
1756014238.7609446,0,-1,-55
1756014238.7979443,-6,-1,-56
1756014238.835945,-8,-4,-58
1756014238.8749447,-8,2,-53
1756014238.9109447,-9,1,-56
1756014238.9479446,-5,4,-48
1756014238.9859445,-6,0,-55
1756014239.0249443,0,3,-47
1756014239.0609446,-2,2,-57
1756014239.0979445,-4,0,-63
1756014239.1369443,-4,2,-50
1756014239.1749446,0,1,-51
1756014239.210945,2,-1,-49
1756014239.2479446,-1,0,-54
1756014239.2859447,-1,0,-55
1756014239.3249447,1,0,-49
1756014239.3609445,-5,-2,-57
1756014239.3989446,-4,0,-53
1756014239.4369447,-1,-4,-55
1756014239.4759445,7,5,-47
1756014239.5119443,3,4,-46
1756014239.5499446,4,8,-42
1756014239.5869446,-4,0,-60
1756014239.6259446,-1,-1,-56
1756014239.6619446,-4,2,-48
1756014239.6999447,-6,0,-54
1756014239.7379446,5,7,-55
1756014239.7759447,-10,-2,-54
1756014239.8119447,-6,-3,-44
1756014239.8499446,-5,-1,-53
1756014239.8879447,-6,0,-39
1756014239.9259446,-4,5,-49
1756014239.9649446,3,3,-53
1756014240.0009446,0,3,-58
1756014240.0379446,-3,6,-42
1756014240.0769446,-4,5,-56
1756014240.1149447,2,2,-50
1756014240.1509447,4,9,-52
1756014240.187945,0,3,-49
1756014240.2269447,4,-1,-47
1756014240.2649446,1,1,-53
1756014240.3009446,0,0,-52
1756014240.338945,7,1,-46
1756014240.3769443,-8,-5,-50
1756014240.4159446,0,-2,-43
1756014240.4519446,1,-1,-42
1756014240.4889443,0,1,-55
1756014240.5269446,-2,1,-52
1756014240.565945,2,2,-53
1756014240.6019447,-1,0,-52
1756014240.6389446,0,2,-48
1756014240.6769447,1,4,-51
1756014240.7149446,3,-2,-52
1756014240.7509446,8,3,-60
1756014240.7889447,4,3,-51
1756014240.8269446,-6,1,-52
1756014240.8659446,-1,4,-47
1756014240.9019446,-1,0,-56
1756014240.9399445,-3,0,-47
1756014240.9769447,0,-2,-46
1756014241.0159447,3,-3,-44
1756014241.0519447,-3,-8,-50
1756014241.0899446,5,-3,-45
1756014241.1279447,6,0,-48
1756014241.1659446,4,-3,-53
1756014241.2019446,-4,-5,-54
1756014241.2399447,0,-6,-57
1756014241.2779446,7,0,-53
1756014241.3169446,4,-3,-54
1756014241.3529446,4,-7,-58
1756014241.3899446,4,-8,-63
1756014241.427945,0,3,-51
1756014241.4659443,0,-5,-47
1756014241.5019443,-5,-4,-54
1756014241.5409446,-2,-1,-55
1756014241.5779445,-1,4,-45
1756014241.6169446,1,7,-51
1756014241.6529446,-6,1,-55
1756014241.690945,-8,-1,-46
1756014241.7279446,-4,-6,-49
1756014241.7669446,2,-8,-60
1756014241.802945,2,-5,-51
1756014241.8409443,-2,0,-51
1756014241.8789446,-5,-10,-59
1756014241.917945,0,0,-45
1756014241.9559443,4,1,-51
1756014241.9919446,-5,-1,-46
1756014242.029945,4,-1,-50
1756014242.0679443,-2,0,-56
1756014242.1069446,0,-6,-53
1756014242.1429446,-4,1,-49
1756014242.1799445,-1,0,-54
1756014242.2179446,2,0,-55
1756014242.256945,0,5,-49
1756014242.292945,-2,0,-55
1756014242.3299446,-7,1,-61
1756014242.3679447,0,-4,-44
1756014242.4069445,0,0,-53
1756014242.4429443,0,7,-53
1756014242.4799447,5,1,-47
1756014242.5179446,1,0,-59
1756014242.5569446,3,2,-48
1756014242.5929446,1,2,-53
1756014242.6299446,1,3,-51
1756014242.667945,4,7,-52
1756014242.7039447,1,0,-49
1756014242.7409446,-1,0,-55
1756014242.7789447,-2,-3,-59
1756014242.8179443,-5,-3,-53
1756014242.8539443,-1,-6,-59
1756014242.8919446,-6,-4,-61
1756014242.9299445,2,-11,-62
1756014242.9679446,1,2,-53
1756014243.006945,-3,-4,-49
1756014243.042945,-3,-6,-54
1756014243.0809443,0,-9,-43
1756014243.1189446,-1,1,-57
1756014243.157945,-2,-9,-56
1756014243.1939447,-2,-8,-52
1756014243.2319446,0,-4,-52
1756014243.269945,6,-5,-49
1756014243.3079443,4,-4,-54
1756014243.3469446,4,-9,-57
1756014243.3829446,-4,1,-43
1756014243.4209447,-4,2,-58
1756014243.4589446,0,6,-54
1756014243.496945,-8,-2,-49
1756014243.532945,-3,-7,-57
1756014243.5709443,0,-7,-40
1756014243.608945,4,-10,-49
1756014243.6479447,0,-3,-43
1756014243.6839447,1,-4,-56
1756014243.7219446,4,0,-55
1756014243.7589445,0,-4,-57
1756014243.7979443,0,-1,-62
1756014243.8339446,-7,-2,-69
1756014243.871945,-4,2,-64
1756014243.9099443,0,-6,-66
1756014243.9489446,8,-2,-54
1756014243.986945,-2,-9,-55
1756014244.0229447,-4,-1,-61
1756014244.0609446,0,1,-51
1756014244.098945,-1,-11,-53
1756014244.1369443,6,-10,-45
1756014244.1729443,6,0,-48
1756014244.2099447,3,0,-38
1756014244.2479446,6,-2,-48
1756014244.2839446,1,-2,-51
1756014244.3209443,-2,-5,-49
1756014244.358945,3,-1,-45
1756014244.3979447,5,-4,-59
1756014244.4339447,8,0,-53
1756014244.4709446,0,0,-51
1756014244.509945,1,-7,-49
1756014244.5479443,1,-1,-54
1756014244.5839446,6,-3,-60
1756014244.6209445,0,6,-64
1756014244.6589446,0,10,-66
1756014244.6949446,3,7,-55
1756014244.733945,7,1,-57
1756014244.7709446,11,-4,-53
1756014244.8089447,5,-6,-52
1756014244.8479445,6,-6,-62
1756014244.8839445,4,-7,-64
1756014244.9209447,4,-4,-64
1756014244.9599447,8,-7,-49
1756014244.9979446,1,2,-52
1756014245.0339446,7,0,-41
1756014245.0709443,3,-3,-47
1756014245.1099446,2,0,-49
1756014245.1479447,-5,-6,-60
1756014245.1839447,-6,0,-55
1756014245.2209446,0,-4,-58
1756014245.259945,2,-2,-52
1756014245.2979443,-3,-2,-55
1756014245.3339446,-7,-1,-44
1756014245.371945,-5,-5,-49
1756014245.4099443,5,-1,-48
1756014245.4489446,0,2,-52
1756014245.4849446,4,1,-50
1756014245.5219443,0,-2,-55
1756014245.5599446,6,0,-64
1756014245.598945,4,0,-53
1756014245.634945,0,-5,-59
1756014245.6719446,0,-11,-49
1756014245.7099447,0,-8,-49
1756014245.7489443,-6,-4,-51
1756014245.7849443,-4,-5,-63
1756014245.8229446,-8,-2,-54
1756014245.861945,9,-2,-46
1756014245.8999443,5,-2,-48
1756014245.937945,1,-3,-56
1756014245.973945,0,1,-51
1756014246.0119443,-5,-1,-52
1756014246.0499446,3,-3,-43
1756014246.085945,5,1,-52
1756014246.1239443,5,-1,-53
1756014246.1629446,2,-3,-55
1756014246.1999447,-1,-2,-49
1756014246.2389443,1,1,-50
1756014246.2749443,-1,0,-60
1756014246.3119447,-5,5,-52
1756014246.3499446,-3,5,-57
1756014246.3889446,-3,-2,-50
1756014246.4249446,-1,-7,-55
1756014246.4629445,3,-6,-52
1756014246.5009446,6,0,-39
1756014246.5389447,5,3,-49
1756014246.5749447,2,3,-48
1756014246.6129446,-2,-2,-55
1756014246.6499443,0,-1,-63
1756014246.6889446,2,-4,-62
1756014246.7249446,0,-5,-52
1756014246.7619443,0,-4,-67
1756014246.8009446,-3,-1,-58
1756014246.838945,2,5,-42
1756014246.8749447,2,6,-46
1756014246.9119446,-1,-2,-50
1756014246.950945,2,-2,-51
1756014246.9889443,-1,-5,-60
1756014247.0249443,-3,-3,-51
1756014247.062945,-5,0,-56
1756014247.1009445,6,5,-41
1756014247.1389446,2,5,-47
1756014247.1749446,0,3,-52
1756014247.2119446,-5,1,-73
1756014247.2509446,-5,-3,-41
1756014247.2889447,2,-6,-67
1756014247.3249447,5,-2,-59
1756014247.3629446,3,0,-55
1756014247.4009447,0,4,-51
1756014247.4389446,6,-4,-50
1756014247.4749446,4,0,-48
1756014247.5119443,1,3,-47
1756014247.5499446,4,0,-52
1756014247.5939443,6,3,-43
1756014247.6329446,6,4,-42
1756014247.6709447,3,2,-47
1756014247.7069447,-2,4,-57
1756014247.7439446,-2,-3,-64
1756014247.7819445,-2,-1,-56
1756014247.8209443,-4,-5,-61
1756014247.8569446,-3,-5,-54
1756014247.8959446,-6,0,-44
1756014247.9329443,-2,-1,-44
1756014247.9709446,2,-6,-39
1756014248.009945,-5,-1,-50
1756014248.0459447,-2,1,-54
1756014248.0829446,-3,2,-45
1756014248.1209445,-2,2,-60
1756014248.1599443,0,0,-54
1756014248.1959443,6,-1,-50
1756014248.2329447,3,-1,-52
1756014248.2709446,4,1,-50
1756014248.3069446,-2,1,-48
1756014248.3439443,-1,0,-42
1756014248.381945,0,-3,-52
1756014248.4209447,-5,2,-44
1756014248.4569447,0,0,-56
1756014248.4939446,-4,0,-47
1756014248.5319445,-3,8,-47
1756014248.5709443,-10,4,-52
1756014248.6069446,-6,0,-55
1756014248.6439445,-4,3,-59
1756014248.6819446,-9,-1,-56
1756014248.7209446,-1,-6,-61
1756014248.756945,0,-11,-58
1756014248.7939446,-5,-9,-58
1756014248.8319447,-1,2,-55
1756014248.8709445,-4,-2,-41
1756014248.9069445,-3,-1,-47
1756014248.9449446,0,-1,-62
1756014248.9829447,-1,-1,-51
1756014249.0219443,-3,-1,-55
1756014249.0599446,-11,-7,-49
1756014249.0959446,-2,-2,-56
1756014249.1339445,4,1,-54
1756014249.1719446,0,-1,-52
1756014249.2099447,-6,-6,-50
1756014249.2459445,0,-3,-52
1756014249.282945,0,-2,-56
1756014249.3219447,2,-2,-47
1756014249.3579447,0,-1,-56
1756014249.394945,-3,-1,-52
1756014249.4329443,-2,0,-53
1756014249.4719446,0,5,-55
1756014249.5079446,1,5,-61
1756014249.5449443,2,2,-49
1756014249.5829446,0,-3,-49
1756014249.621945,3,4,-61
1756014249.657945,-1,-5,-39
1756014249.6959443,0,-6,-35
1756014249.733945,-2,-1,-48
1756014249.7719443,1,3,-42
1756014249.8079443,-5,-1,-55
1756014249.8459446,-2,-6,-58
1756014249.8839445,-5,2,-55
1756014249.9219446,-1,5,-52
1756014249.960945,-7,0,-45
1756014249.996945,-4,-1,-51
1756014250.0349443,5,0,-56
1756014250.0729446,2,-2,-50
1756014250.1109445,3,2,-50
1756014250.1469443,4,3,-52
1756014250.1839447,-5,-6,-55
1756014250.2229445,-3,2,-54
1756014250.2609446,0,-4,-58
1756014250.2969446,-10,-7,-57
1756014250.3349447,-6,-6,-53
1756014250.3729446,2,-9,-51
1756014250.4119446,1,-7,-46
1756014250.4479446,0,0,-49
1756014250.4849446,2,3,-46
1756014250.5229447,3,-4,-60
1756014250.5609446,1,-8,-52
1756014250.5969446,-3,-1,-61
1756014250.634945,-2,-1,-41
1756014250.6729443,7,3,-46
1756014250.710945,7,2,-45
1756014250.746945,3,0,-51
1756014250.7839446,-1,1,-49
1756014250.8229446,4,4,-51
1756014250.8609445,9,0,-67
1756014250.8969443,5,-1,-66
1756014250.9339447,-7,-4,-66
1756014250.9729445,-1,-7,-57
1756014251.0089445,-3,-2,-51
1756014251.0469446,1,-5,-56
1756014251.085945,-2,-1,-47
1756014251.1229446,2,-4,-61
1756014251.1619446,5,1,-54
1756014251.1979446,6,3,-57
1756014251.2349446,-3,6,-51
1756014251.2729447,-7,4,-47
1756014251.3119447,2,7,-57
1756014251.3479445,5,5,-46
1756014251.3859446,12,1,-58
1756014251.4229443,6,0,-59
1756014251.4589446,3,-6,-57
1756014251.496945,-3,-4,-59
1756014251.5339446,2,-2,-49
1756014251.5729446,1,-3,-40
1756014251.608945,3,-1,-54
1756014251.6469443,-1,-1,-42
1756014251.6839447,-2,6,-54
1756014251.7229445,0,-1,-51
1756014251.7589445,3,-3,-57
1756014251.7969446,3,6,-62
1756014251.835945,6,2,-56
1756014251.8739443,4,0,-46
1756014251.9119446,2,8,-53
1756014251.9479446,2,1,-46
1756014251.9849446,-4,-1,-45
1756014252.0239446,-2,-4,-49
1756014252.0619447,-2,-11,-53
1756014252.0979445,4,-6,-51
1756014252.134945,-4,3,-45
1756014252.1739447,-2,3,-72
1756014252.2119446,2,4,-57
1756014252.2479446,3,1,-61
1756014252.2849443,0,4,-58
1756014252.3239446,-10,1,-58
1756014252.361945,-1,-5,-57
1756014252.3979447,0,-10,-54
1756014252.4349446,-2,-2,-57
1756014252.473945,-4,-1,-49
1756014252.5119443,-9,0,-57
1756014252.5479443,-8,2,-45
1756014252.5849447,0,0,-40
1756014252.6239443,3,0,-52
1756014252.6599443,1,3,-53
1756014252.6969447,0,-5,-56
1756014252.7349446,1,10,-58
1756014252.7729447,4,2,-50
1756014252.8089447,2,0,-51
1756014252.8469446,-6,0,-54
1756014252.884945,0,-1,-53
1756014252.9239447,-6,0,-57
1756014252.9599447,-2,-2,-60
1756014252.9979446,4,-1,-44
1756014253.0359447,1,-8,-48
1756014253.0739446,11,0,-59
1756014253.1129446,0,-1,-51
1756014253.1489446,-7,0,-48
1756014253.1869447,-3,-4,-46
1756014253.2249446,-2,-3,-35
1756014253.2639446,-4,1,-49
1756014253.2999446,4,-2,-47
1756014253.3369446,4,3,-47
1756014253.3749447,1,2,-59
1756014253.4129446,1,1,-57
1756014253.4489446,0,0,-60
1756014253.486945,-6,7,-62
1756014253.5249443,-4,-3,-54
1756014253.5639446,4,0,-45
1756014253.5999446,-1,-2,-42
1756014253.6389446,0,0,-58
1756014253.6759446,1,9,-47
1756014253.713945,4,9,-48
1756014253.7499447,5,1,-54
1756014253.7869446,0,3,-48
1756014253.8249447,-1,2,-59
1756014253.8629446,-5,0,-42
1756014253.8989446,-4,0,-59
1756014253.9369447,-1,-1,-59
1756014253.9759445,-5,6,-46
1756014254.0139446,0,2,-55
1756014254.0499446,-1,0,-56
1756014254.0869446,1,-4,-54
1756014254.1249447,0,-4,-50
1756014254.1639447,0,0,-50
1756014254.1999447,1,3,-53
1756014254.236945,-1,-4,-56
1756014254.2749443,3,1,-54
1756014254.3139446,0,-1,-49
1756014254.3499446,2,1,-56
1756014254.3869443,-3,0,-50
1756014254.4259446,-6,2,-58
1756014254.463945,1,4,-52
1756014254.4999447,0,0,-48
1756014254.5369446,4,2,-67
1756014254.5749447,8,-3,-59
1756014254.6139443,5,-3,-53
1756014254.6499443,1,-3,-48
1756014254.6869447,1,-1,-59
1756014254.7249446,-1,0,-59
1756014254.7639446,-6,3,-46
1756014254.7999446,1,1,-60
1756014254.8379445,5,-2,-47
1756014254.8749447,3,1,-45
1756014254.9109447,2,-2,-47
1756014254.9479446,-4,2,-53
1756014254.9859445,-3,0,-54
1756014255.0249443,2,-4,-58
1756014255.0609446,-12,-1,-57
1756014255.098945,-7,0,-45
1756014255.1369443,-6,0,-38
1756014255.1759446,3,3,-62
1756014255.213945,-1,0,-61
1756014255.2499447,-6,-4,-55
1756014255.2879446,0,-4,-61
1756014255.325945,-12,0,-42
1756014255.3649447,-4,2,-45
1756014255.4009447,-2,1,-50
1756014255.437945,0,0,-54
1756014255.4759445,-5,-1,-51
1756014255.5139446,-2,6,-44
1756014255.5499446,-7,3,-46
1756014255.5879445,0,-4,-50
1756014255.6259446,-9,-1,-49
1756014255.6649446,-8,-1,-58
1756014255.700945,-6,1,-48
1756014255.7379446,-2,-3,-54
1756014255.7759447,-3,-8,-55
1756014255.8149445,-6,0,-57
1756014255.8509445,0,0,-55
1756014255.8879447,-4,1,-55
1756014255.9259446,-1,-2,-53
1756014255.9649446,0,-2,-58
1756014256.0009446,0,0,-56
1756014256.0379446,0,-3,-61
1756014256.075945,-7,2,-62
1756014256.1149447,0,-3,-49
1756014256.1509447,0,-2,-45
1756014256.187945,0,0,-49
1756014256.2259445,1,-1,-62
1756014256.2619443,-3,0,-58
1756014256.2989447,-2,-1,-57
1756014256.3369446,0,-1,-55
1756014256.3759446,0,-2,-53
1756014256.4119446,-3,0,-50
1756014256.4489446,2,0,-45
1756014256.4859445,3,0,-48
1756014256.5219443,0,1,-47
1756014256.5599446,0,2,-44
1756014256.5969446,-1,0,-47
1756014256.6359446,0,0,-49
1756014256.6719446,4,-2,-51
1756014256.7099447,7,-10,-50
1756014256.7489443,7,-3,-49
1756014256.7869446,1,-2,-50
1756014256.8249447,2,0,-50
1756014256.8609445,-2,-2,-51
1756014256.8989446,0,-7,-55
1756014256.9369447,2,0,-66
1756014256.9749446,-1,0,-52
1756014257.0109446,2,-6,-50
1756014257.0479443,0,-3,-47
1756014257.0869446,0,-2,-49
1756014257.1249447,5,4,-45
1756014257.1609447,3,3,-52
1756014257.1979446,-1,-9,-63
1756014257.236945,-5,-7,-52
1756014257.2749443,-7,-4,-49
1756014257.3109446,-3,-6,-59
1756014257.348945,0,0,-48
1756014257.3869443,5,-2,-51
1756014257.4259446,-1,-9,-51
1756014257.4619446,8,-10,-54
1756014257.4999447,8,-6,-44
1756014257.5369446,-2,-7,-64
1756014257.575945,3,-1,-55
1756014257.6199446,6,1,-55
1756014257.657945,-5,-4,-50
1756014257.6969447,-5,-2,-63
1756014257.7329447,-2,2,-49
1756014257.769945,-1,0,-50
1756014257.8079443,-3,0,-45
1756014257.8469446,4,-1,-55
1756014257.8829446,4,0,-55
1756014257.9199443,6,-3,-49
1756014257.9579446,0,-5,-60
1756014257.996945,6,1,-62
1756014258.032945,3,10,-54
1756014258.0699446,0,4,-62
1756014258.1069446,0,-2,-53
1756014258.1459446,-4,1,-41
1756014258.1819446,2,-1,-36
1756014258.2199447,7,5,-38
1756014258.256945,-2,0,-43
1756014258.2959447,-1,1,-48
1756014258.3319447,-7,1,-51
1756014258.3699446,-3,1,-45
1756014258.407945,-1,-4,-53
1756014258.4469447,0,0,-48
1756014258.4829447,0,-1,-42
1756014258.519945,2,0,-52
1756014258.5579443,4,-3,-51
1756014258.5959446,7,0,-44
1756014258.631945,7,1,-48
1756014258.6699443,-3,0,-54
1756014258.7079446,1,-3,-40
1756014258.746945,11,-6,-48
1756014258.782945,9,-1,-49
1756014258.8199446,-5,0,-53
1756014258.8579447,0,-3,-44
1756014258.8969443,0,2,-43
1756014258.9329443,0,-4,-42
1756014258.9699447,2,-2,-50
1756014259.0079446,-1,-4,-47
1756014259.0469446,-6,-2,-58
1756014259.0829446,0,4,-51
1756014259.1199446,3,2,-56
1756014259.157945,-2,1,-54
1756014259.1959443,-4,-3,-61
1756014259.2319446,7,-1,-52
1756014259.269945,6,3,-65
1756014259.3079443,-1,-5,-60
1756014259.3439443,5,-2,-64
1756014259.3809447,4,-4,-50
1756014259.4189446,4,-5,-41
1756014259.4579446,1,-2,-44
1756014259.4939446,6,-2,-46
1756014259.5309446,5,-8,-47
1756014259.5689447,3,-5,-50
1756014259.6079447,2,0,-61
1756014259.6439445,5,-2,-59
1756014259.6809447,0,2,-60
1756014259.7179446,7,-2,-57
1756014259.756945,2,-1,-57
1756014259.792945,3,-3,-53
1756014259.8309443,0,-6,-66
1756014259.8689446,0,5,-60
1756014259.9069445,-3,-2,-41
1756014259.9429443,2,3,-46
1756014259.9799447,-1,-2,-41
1756014260.0189445,5,-3,-59
1756014260.0569446,3,4,-48
1756014260.0929446,0,0,-50
1756014260.1299446,6,0,-47
1756014260.1689446,-1,0,-54
1756014260.2069447,-1,3,-44
1756014260.2429447,1,-4,-44
1756014260.2819445,0,-3,-53
1756014260.3189447,0,-6,-55
1756014260.3579447,1,-10,-39
1756014260.3939445,8,-9,-44
1756014260.4319446,3,0,-49
1756014260.4689443,8,-3,-44
1756014260.5079446,5,-3,-44
1756014260.5439446,4,-1,-52
1756014260.5819447,-6,-6,-47
1756014260.6189446,0,-4,-60
1756014260.657945,0,-3,-58
1756014260.6939447,-4,-2,-61
1756014260.7319446,-3,0,-44
1756014260.769945,4,-1,-39
1756014260.8089447,1,1,-48
1756014260.8469446,2,3,-50
1756014260.8829446,-1,4,-51
1756014260.9199443,0,2,-51
1756014260.9589446,0,-1,-55
1756014260.9949446,2,-4,-59
1756014261.0319445,0,-4,-59
1756014261.0699446,-1,-1,-66
1756014261.108945,-10,-5,-48
1756014261.144945,-10,-8,-46
1756014261.1829443,-12,-1,-41
1756014261.2209446,-3,-1,-59
1756014261.259945,-3,0,-55
1756014261.2979443,3,0,-61
1756014261.3339446,0,1,-45
1756014261.3709445,4,-4,-55
1756014261.4089446,6,-1,-51
1756014261.4479446,2,-4,-38
1756014261.483945,-3,-1,-52
1756014261.5229447,4,0,-58
1756014261.5599446,11,2,-62
1756014261.5979445,5,5,-59
1756014261.6339445,2,-7,-51
1756014261.6709447,-4,-1,-56
1756014261.7099447,-3,5,-51
1756014261.7479446,-1,5,-53
1756014261.7839446,2,4,-49
1756014261.8209443,3,4,-57
1756014261.858945,1,0,-55
1756014261.894945,-5,0,-47
1756014261.9319446,-3,-5,-58
1756014261.9699447,4,1,-49
1756014262.0089445,7,-2,-50
1756014262.0449443,9,-1,-48
1756014262.0819447,8,-8,-49
1756014262.1199446,3,2,-49
1756014262.1589446,3,0,-53
1756014262.1949446,11,-2,-55
1756014262.2319446,8,5,-55
1756014262.269945,1,1,-55
1756014262.3079443,-5,0,-48
1756014262.3449447,-1,-2,-51
1756014262.3829446,3,4,-61
1756014262.4209447,4,-1,-56
1756014262.4599447,0,0,-52
1756014262.4979446,1,-7,-49
1756014262.5339446,-2,-8,-43
1756014262.5719447,0,-2,-39
1756014262.6099446,0,8,-61
1756014262.6459446,-3,-3,-56
1756014262.6849446,-2,-1,-48
1756014262.7219446,-4,5,-61
1756014262.759945,-4,0,-63
1756014262.7989447,-1,0,-51
1756014262.8349447,0,0,-51
1756014262.871945,2,-3,-50
1756014262.9099443,0,1,-43
1756014262.9459443,-2,-3,-50
1756014262.9849446,6,1,-60
1756014263.0219443,0,-3,-51
1756014263.0599446,3,-5,-46
1756014263.098945,3,2,-53
1756014263.134945,-1,0,-53
1756014263.1719446,3,3,-48
1756014263.2099447,8,-1,-40
1756014263.2459445,2,-1,-51
1756014263.282945,3,-1,-51
1756014263.3209443,0,-3,-60
1756014263.3599446,-4,0,-49
1756014263.3959446,0,-3,-53
1756014263.4329443,-4,1,-58
1756014263.4719446,-4,0,-53
1756014263.509945,7,0,-62
1756014263.5459447,3,-6,-53
1756014263.5829446,3,-6,-47
1756014263.621945,-6,0,-52
1756014263.6599443,-6,-7,-43
1756014263.6959443,2,-8,-49
1756014263.7329447,0,-2,-50
1756014263.7719443,0,2,-54
1756014263.8099446,-4,4,-57
1756014263.8459446,-3,4,-50
1756014263.8829446,0,2,-48
1756014263.9209447,2,4,-51
1756014263.9599447,0,3,-49
1756014263.9959445,0,2,-49
1756014264.032945,4,-1,-51
1756014264.0709443,-4,1,-58
1756014264.1099446,3,1,-56
1756014264.1459446,-4,7,-56
1756014264.1829443,2,-1,-54
1756014264.2219446,-7,0,-53
1756014264.259945,-3,0,-46
1756014264.2959447,-4,1,-63
1756014264.3339446,-6,3,-59
1756014264.371945,-10,0,-55
1756014264.4109447,-5,3,-54
1756014264.4469447,3,1,-63
1756014264.483945,3,3,-62
1756014264.5219443,2,5,-58
1756014264.5599446,-13,-2,-58
1756014264.5969446,-11,-7,-49
1756014264.6339445,-3,2,-49
1756014264.6719446,0,1,-54
1756014264.7099447,0,0,-49
1756014264.7459445,6,-1,-49
1756014264.7839446,0,6,-48
1756014264.8209443,-1,-1,-59
1756014264.8599446,1,-9,-45
1756014264.8959446,8,-1,-47
1756014264.9339447,5,1,-50
1756014264.9709446,8,-1,-52
1756014265.009945,0,-1,-50
1756014265.0459447,3,-3,-53
1756014265.0839446,1,-7,-55
1756014265.121945,-2,1,-55
1756014265.1609447,0,-2,-44
1756014265.1969447,7,-6,-48
1756014265.233945,10,-1,-49
1756014265.2719443,2,0,-58
1756014265.3099446,1,-1,-47
1756014265.3469446,3,3,-55
1756014265.3839445,4,-6,-49
1756014265.4219446,-5,-2,-40
1756014265.460945,0,5,-35
1756014265.496945,-2,0,-49
1756014265.5339446,-5,-4,-52
1756014265.5719447,-7,0,-43
1756014265.6109445,0,7,-47
1756014265.6469443,1,2,-48
1756014265.6839447,0,7,-42
1756014265.7219446,0,8,-41
1756014265.759945,0,0,-49
1756014265.7959447,-3,5,-54
1756014265.8339446,4,-2,-45
1756014265.871945,1,0,-55
1756014265.9109447,3,-2,-46
1756014265.9469447,0,0,-42
1756014265.983945,-1,3,-44
1756014266.0219443,-1,0,-56
1756014266.0609446,1,1,-58
1756014266.0969446,2,0,-56
1756014266.134945,2,-4,-43
1756014266.1729443,0,-3,-48
1756014266.2119446,10,-2,-49
1756014266.2479446,4,0,-53
1756014266.2859447,-2,-3,-48
1756014266.3239446,4,-2,-62
1756014266.3629446,-3,6,-62
1756014266.4009447,2,-2,-55
1756014266.437945,-3,-5,-54
1756014266.4749446,-3,-8,-48
1756014266.5129447,0,-5,-54
1756014266.5519447,-2,-9,-54
1756014266.5879445,-2,-7,-56
1756014266.6259446,0,-1,-49
1756014266.6639447,0,9,-51
1756014266.7029445,0,0,-55
1756014266.7409446,-3,0,-57
1756014266.7769446,0,0,-45
1756014266.8149445,-4,0,-53
1756014266.8539443,-4,-1,-53
1756014266.8919446,-2,5,-56
1756014266.927945,7,6,-53
1756014266.9649446,0,-5,-54
1756014267.0029447,2,-2,-49
1756014267.0419445,0,0,-42
1756014267.0779445,2,0,-50
1756014267.1149447,-4,-2,-38
1756014267.1529446,-4,-5,-60
1756014267.1919446,-1,-3,-51
1756014267.2279446,6,3,-45
1756014267.2649446,7,-4,-49
1756014267.302945,0,0,-55
1756014267.3419447,1,-2,-62
1756014267.3779447,2,-2,-59
1756014267.4149446,1,-4,-56
1756014267.4529445,1,-2,-42
1756014267.4919446,2,0,-42
1756014267.5279446,-1,3,-45
1756014267.5649445,0,0,-45
1756014267.6029446,-2,-11,-45
1756014267.6469443,-3,-2,-54
1756014267.6849446,5,-2,-52
1756014267.723945,0,0,-50
1756014267.7619443,4,-1,-56
1756014267.7979443,2,-7,-53
1756014267.835945,6,-4,-46
1756014267.8739443,0,-2,-56
1756014267.9129446,-3,-1,-52
1756014267.9489446,4,4,-45
1756014267.986945,5,4,-41
1756014268.0239446,-8,1,-46
1756014268.062945,-9,7,-47
1756014268.098945,-6,-6,-49
1756014268.1369443,-8,-7,-49
1756014268.1749446,-4,-4,-62
1756014268.2129445,-1,0,-52
1756014268.2519443,-2,2,-53
1756014268.2879446,2,0,-55
1756014268.3249447,0,-4,-52
1756014268.3639443,-3,0,-58
1756014268.4019446,-12,2,-55
1756014268.437945,-4,3,-43
1756014268.4749446,-2,0,-46
1756014268.5139446,1,4,-61
1756014268.5519447,-1,6,-49
1756014268.5879445,0,1,-36
1756014268.6249447,-3,0,-47
1756014268.6639447,-1,-5,-54
1756014268.7019446,2,-6,-46
1756014268.7379446,0,4,-55
1756014268.7749443,-1,10,-57
1756014268.8139446,1,1,-56
1756014268.8519447,-6,3,-57
1756014268.8879447,-8,2,-52
1756014268.9259446,1,-2,-54
1756014268.963945,-3,5,-48
1756014269.0029447,1,0,-49
1756014269.0389447,0,-3,-54
1756014269.075945,-3,1,-49
1756014269.1139443,-6,-2,-52
1756014269.1529446,-5,-1,-45
1756014269.1889446,-8,-2,-47
1756014269.2269447,-1,1,-49
1756014269.2649446,7,-6,-47
1756014269.3039446,0,4,-45
1756014269.3399446,-6,-1,-47
1756014269.3789446,-6,1,-52
1756014269.4159446,-5,0,-57
1756014269.4539447,-5,6,-58
1756014269.4929447,-3,4,-52
1756014269.5289447,6,9,-60
1756014269.565945,1,6,-55
1756014269.6039443,0,6,-51
1756014269.6399446,-5,4,-53
1756014269.6769447,-5,-2,-58
1756014269.7159443,0,-5,-48
1756014269.7539446,-3,5,-49
1756014269.7899446,-7,-1,-50
1756014269.8289447,-2,0,-50
1756014269.8659446,-4,4,-46
1756014269.9039447,-6,0,-46
1756014269.9429443,-5,5,-46
1756014269.9789443,-5,6,-54
1756014270.0159447,0,0,-65
1756014270.0539446,0,-3,-61
1756014270.0899446,0,3,-56
1756014270.1269443,0,4,-63
1756014270.1649446,-8,-3,-51
1756014270.2039447,0,5,-54
1756014270.2399447,0,5,-61
1756014270.2769446,-4,0,-52
1756014270.3149445,-4,-2,-51
1756014270.3539443,-7,-5,-53
1756014270.3899446,-1,-1,-48
1756014270.427945,-4,0,-55
1756014270.4659443,-2,-1,-57
1756014270.5049446,-5,-8,-51
1756014270.542945,-3,-5,-60
1756014270.5789447,-8,-6,-60
1756014270.6169446,-2,0,-61
1756014270.6559446,2,3,-51
1756014270.6939447,2,0,-49
1756014270.7299447,-1,-3,-55
1756014270.7689445,3,-3,-58
1756014270.8059447,-2,-7,-53
1756014270.8449447,0,1,-54
1756014270.8829446,-4,0,-48
1756014270.9189446,3,0,-58
1756014270.9559443,9,-5,-62
1756014270.9949446,6,-1,-52
1756014271.0309446,2,1,-61
1756014271.0679443,-2,3,-52
1756014271.1059446,-5,0,-39
1756014271.144945,-8,5,-34
1756014271.1809447,-1,3,-53
1756014271.2179446,-2,7,-55
1756014271.2559447,0,0,-58
1756014271.2939446,3,0,-60
1756014271.3299446,-3,-2,-57
1756014271.3679447,0,-10,-58
1756014271.4059446,4,-5,-57
1756014271.4449446,0,2,-58
1756014271.4809446,-2,0,-61
1756014271.5179446,-3,-4,-64
1756014271.5559447,-1,6,-50
1756014271.5949447,4,2,-52
1756014271.6309447,0,3,-55
1756014271.6689446,0,3,-53
1756014271.7059443,-4,5,-58
1756014271.7449446,0,-1,-58
1756014271.7809446,-6,0,-50
1756014271.8179443,-4,-7,-50
1756014271.8559446,-2,-4,-46
1756014271.894945,-3,1,-52
1756014271.9309447,2,-1,-52
1756014271.9679446,-2,1,-41
1756014272.0059447,7,-5,-52
1756014272.0449443,0,-2,-52
1756014272.0809443,0,1,-44
1756014272.1179447,-3,3,-36
1756014272.1559446,-9,-1,-37
1756014272.1949446,3,-4,-60
1756014272.2309446,8,1,-59
1756014272.2679446,5,-4,-54
1756014272.3059447,1,0,-48
1756014272.3439443,-2,2,-55
1756014272.3799446,0,2,-56
1756014272.4169445,-5,1,-60
1756014272.4559443,-6,-2,-63
1756014272.4939446,0,4,-61
1756014272.529945,0,1,-58
1756014272.5669446,0,1,-56
1756014272.6049447,-6,2,-52
1756014272.6409447,0,-4,-60
1756014272.677945,3,-4,-61
1756014272.7159443,5,-3,-40
1756014272.7549446,-2,0,-55
1756014272.7909446,-3,-3,-48
1756014272.8289447,0,-8,-46
1756014272.8669446,0,0,-43
1756014272.904945,0,-2,-50
1756014272.940945,6,5,-50
1756014272.9779446,0,3,-47
1756014273.0159447,-1,5,-45
1756014273.0549445,6,1,-56
1756014273.0909443,0,-3,-55
1756014273.1279447,8,-2,-50
1756014273.1659446,6,-6,-42
1756014273.2049446,1,-3,-44
1756014273.2409446,2,2,-48
1756014273.2779446,4,3,-55
1756014273.3169446,3,2,-47
1756014273.3549447,-1,-2,-50
1756014273.3909447,0,2,-50
1756014273.427945,2,0,-42
1756014273.4659443,0,0,-38
1756014273.5019443,1,-2,-39
1756014273.5399446,3,-2,-41
1756014273.5779445,2,-3,-52
1756014273.6169446,0,-3,-47
1756014273.654945,1,-3,-57
1756014273.690945,-5,-5,-56
1756014273.7289443,-2,-1,-53
1756014273.7669446,-1,0,-45
1756014273.8059447,3,-1,-40
1756014273.8419447,3,0,-46
1756014273.8789446,2,-2,-53
1756014273.9169445,-1,-6,-55
1756014273.9559443,0,0,-56
1756014273.9919446,0,1,-59
1756014274.0289447,0,7,-64
1756014274.0669446,-2,6,-58
1756014274.1059446,-1,1,-60
1756014274.1419446,-3,2,-63
1756014274.1789446,-6,-1,-48
1756014274.2169447,-14,-6,-50
1756014274.2559447,-3,-2,-53
1756014274.2919445,1,-3,-48
1756014274.3289447,-2,0,-67
1756014274.3669446,1,-1,-59
1756014274.4059446,3,3,-59
1756014274.4419446,4,0,-60
1756014274.4789443,3,0,-58
1756014274.5169446,0,1,-58
1756014274.552945,3,1,-56
1756014274.5899446,7,-1,-52
1756014274.6279447,3,2,-56
1756014274.6669445,1,0,-42
1756014274.7029445,2,-1,-47
1756014274.7409446,1,5,-47
1756014274.7789447,3,7,-46
1756014274.8169446,0,-1,-58
1756014274.8529446,-4,0,-46
1756014274.8909447,-1,0,-41
1756014274.9289446,-3,-5,-48
1756014274.9679446,7,0,-52
1756014275.0059447,-1,-3,-60
1756014275.0419445,-11,0,-60
1756014275.0799446,3,-4,-63
1756014275.1179447,-3,0,-59
1756014275.1569445,0,-3,-50
1756014275.1929443,0,-1,-49
1756014275.2309446,-6,4,-54
1756014275.2689445,-4,2,-51
1756014275.3079443,-1,0,-51
1756014275.3459446,4,-2,-57
1756014275.381945,0,-2,-51
1756014275.4199443,-3,0,-49
1756014275.4579446,-4,5,-55
1756014275.496945,-7,0,-55
1756014275.532945,-4,0,-61
1756014275.5699446,-5,-2,-60
1756014275.6079447,0,0,-57
1756014275.6459446,-4,-3,-48
1756014275.6819446,-8,1,-39
1756014275.7209446,-5,0,-56
1756014275.7579446,-5,1,-49
1756014275.7969446,-7,-4,-47
1756014275.8329446,-6,-2,-49
1756014275.8709445,0,-8,-40
1756014275.9099443,0,-6,-51
1756014275.9479446,2,-2,-48
1756014275.983945,0,0,-52
1756014276.0209446,-1,6,-60
1756014276.0599446,0,2,-60
1756014276.0979445,0,3,-54
1756014276.1339445,2,-5,-41
1756014276.1709447,7,-2,-50
1756014276.2089446,-1,1,-39
1756014276.2479446,6,0,-60
1756014276.2839446,1,0,-60
1756014276.3209443,1,-4,-48
1756014276.358945,-3,-5,-61
1756014276.3979447,1,-2,-67
1756014276.4339447,4,9,-57
1756014276.4709446,0,-2,-67
1756014276.5089445,-1,-1,-60
1756014276.5479443,1,-1,-44
1756014276.5839446,2,-1,-54
1756014276.621945,-2,4,-55
1756014276.6599443,-8,1,-54
1756014276.6989446,0,-5,-61
1756014276.736945,8,-4,-64
1756014276.7729447,16,3,-57
1756014276.8099446,-5,5,-61
1756014276.848945,2,1,-53
1756014276.8869443,0,4,-38
1756014276.9229443,6,2,-38
1756014276.9599447,-4,0,-45
1756014276.9989443,1,0,-51
1756014277.0369446,-3,1,-52
1756014277.0729446,-4,-1,-50
1756014277.1109445,1,-2,-51
1756014277.1489446,10,-3,-59
1756014277.187945,0,-1,-66
1756014277.223945,-1,3,-65
1756014277.2619443,-1,6,-55
1756014277.2999446,-5,2,-62
1756014277.338945,-5,3,-67
1756014277.3769443,-3,3,-49
1756014277.4129446,-2,-4,-57
1756014277.450945,0,0,-52
1756014277.4889443,-1,-1,-56
1756014277.5279446,-3,1,-53
1756014277.5639446,0,-6,-52
1756014277.6019447,6,0,-52
1756014277.6389446,2,-1,-60
1756014277.6839447,-2,2,-50
1756014277.7209446,-8,-2,-61
1756014277.7589445,11,-3,-51
1756014277.7979443,7,7,-52
1756014277.8339446,-2,0,-52
1756014277.8709445,1,-2,-49
1756014277.9089446,9,-5,-48
1756014277.9479446,2,-5,-47
1756014277.983945,0,-7,-45
1756014278.0209446,-2,1,-43
1756014278.0589447,-4,1,-48
1756014278.0979445,-2,-2,-47
1756014278.1339445,8,2,-44
1756014278.1709447,6,1,-55
1756014278.2089446,5,-1,-46
1756014278.2449446,-2,1,-47
1756014278.282945,-1,0,-49
1756014278.3209443,-4,0,-49
1756014278.3599446,-7,2,-44
1756014278.3979447,0,-5,-51
1756014278.4339447,0,-4,-51
1756014278.4709446,-1,-3,-50
1756014278.509945,0,0,-48
1756014278.5479443,0,0,-47
1756014278.5839446,0,-2,-51
1756014278.621945,-9,1,-50
1756014278.6599443,-12,-2,-36
1756014278.6989446,-1,3,-50
1756014278.7349446,-1,4,-57
1756014278.7729447,8,-7,-57
1756014278.8119447,-2,-5,-44
1756014278.8499446,2,-1,-35
1756014278.8879447,4,-7,-46
1756014278.9239447,3,-3,-49
1756014278.9619446,5,5,-45
1756014278.9999447,4,-1,-44
1756014279.0379446,5,-1,-49
1756014279.0749447,4,7,-57
1756014279.111945,-1,10,-58
1756014279.1499443,2,-1,-54
1756014279.1889446,5,-10,-49
1756014279.2249446,5,-4,-44
1756014279.2619443,2,0,-39
1756014279.2999446,-6,-1,-52
1756014279.338945,-3,4,-44
1756014279.3749447,-5,-1,-52
1756014279.4129446,0,4,-54
1756014279.450945,-4,-5,-53
1756014279.4899447,7,-2,-42
1756014279.5259447,9,-8,-50
1756014279.562945,2,-6,-44
1756014279.6009445,-1,0,-55
1756014279.6399446,0,-3,-53
1756014279.6759446,0,-6,-48
1756014279.7129445,3,-1,-45
1756014279.7509446,1,-4,-35
1756014279.7899446,-8,0,-55
1756014279.825945,-7,-4,-41
1756014279.8639443,0,-5,-46
1756014279.9019446,4,-5,-50
1756014279.940945,-2,0,-52
1756014279.9789443,10,0,-47
1756014280.0149446,1,3,-56
1756014280.052945,-3,-3,-46
1756014280.0909443,-6,-3,-60
1756014280.1299446,3,9,-54
1756014280.1659446,4,4,-53
1756014280.2029445,2,0,-54
1756014280.2409446,4,6,-49
1756014280.2789447,-1,0,-43
1756014280.3149445,2,1,-47
1756014280.3529446,3,-2,-52
1756014280.3909447,-1,2,-53
1756014280.4299445,3,-4,-49
1756014280.4659443,3,1,-44
1756014280.5029447,0,-4,-51
1756014280.5409446,2,-2,-48
1756014280.5799446,3,-1,-48
1756014280.6159446,-2,5,-44
1756014280.6529446,0,2,-46
1756014280.690945,0,0,-53
1756014280.7289443,6,-2,-56
1756014280.7649446,6,0,-54
1756014280.8019447,1,-2,-67
1756014280.8409443,2,0,-59
1756014280.8789446,0,-7,-58
1756014280.9149446,6,-6,-58
1756014280.9519446,4,0,-48
1756014280.9899447,0,2,-47
1756014281.0259447,4,-5,-46
1756014281.0639446,4,-2,-51
1756014281.1019447,1,-8,-57
1756014281.1409447,-6,-6,-47
1756014281.1769447,-3,5,-46
1756014281.213945,-1,3,-55
1756014281.2519443,-1,-4,-46
1756014281.2909446,0,5,-46
1756014281.3269446,-2,-7,-52
1756014281.3649447,3,-2,-48
1756014281.4029446,0,1,-47
1756014281.440945,-3,2,-39
1756014281.4799447,0,3,-59
1756014281.5159447,-2,4,-57
1756014281.552945,0,5,-57
1756014281.5909443,-3,7,-57
1756014281.6269443,1,1,-48
1756014281.6639447,-1,3,-57
1756014281.7019446,-1,8,-54
1756014281.7409446,1,0,-47
1756014281.7769446,9,-3,-46
1756014281.8139446,7,-5,-44
1756014281.8519447,4,-3,-47
1756014281.8909447,0,5,-48
1756014281.9269447,0,1,-41
1756014281.963945,-6,-2,-57
1756014282.0019443,1,-3,-51
1756014282.0409446,2,-6,-53
1756014282.0769446,0,-6,-62
1756014282.1149447,1,2,-49
1756014282.1519446,0,-6,-43
1756014282.190945,-1,-1,-43
1756014282.2269447,4,-3,-39
1756014282.2639446,2,-2,-45
1756014282.3019447,-1,-1,-54
1756014282.3409443,-7,-1,-49
1756014282.3769443,-3,1,-41
1756014282.4139447,0,1,-50
1756014282.4519446,1,-2,-51
1756014282.4909446,0,0,-57
1756014282.5269446,-3,1,-57
1756014282.5639446,-3,4,-59
1756014282.6019447,-6,-3,-52
1756014282.6409447,-1,2,-55
1756014282.6769447,-3,-1,-59
1756014282.7149446,-7,4,-48
1756014282.7529447,4,1,-36
1756014282.7909446,0,5,-43
1756014282.8269446,3,6,-50
1756014282.8649447,3,5,-57
1756014282.9019446,2,-2,-59
1756014282.940945,0,-5,-61
1756014282.9769447,-6,3,-49
1756014283.0149446,-6,1,-45
1756014283.0519447,0,-4,-53
1756014283.0909443,2,1,-51
1756014283.1269443,-3,1,-46
1756014283.1649446,0,1,-53
1756014283.2019446,0,0,-47
1756014283.2379446,-2,0,-56
1756014283.2759447,0,-4,-60
1756014283.3149445,-1,0,-50
1756014283.3529446,1,6,-60
1756014283.3909447,-3,-7,-50
1756014283.4269447,-4,0,-55
1756014283.463945,-3,0,-61
1756014283.5029447,-3,-6,-52
1756014283.5409446,0,-1,-60
1756014283.5769446,1,-3,-49
1756014283.6149447,-2,0,-57
1756014283.6529446,-2,1,-57
1756014283.690945,1,3,-59
1756014283.7269447,3,1,-41
1756014283.7649446,1,1,-51
1756014283.802945,9,5,-55
1756014283.8409443,1,1,-48
1756014283.8769443,6,2,-53
1756014283.9139447,0,-2,-64
1756014283.9529445,-3,-2,-61
1756014283.9909446,-6,5,-50
1756014284.0269446,-2,0,-47
1756014284.0649445,5,8,-58
1756014284.1029446,-6,-2,-49
1756014284.1409447,2,-3,-55
1756014284.1769447,-2,1,-48
1756014284.2149446,7,2,-49
1756014284.2529447,6,1,-59
1756014284.2889447,10,1,-61
1756014284.325945,-6,0,-53
1756014284.3649447,-3,-3,-43
1756014284.4029446,-1,-8,-53
1756014284.4389446,-2,-8,-55
1756014284.4769447,1,0,-45
1756014284.5149446,0,2,-49
1756014284.552945,0,-1,-49
1756014284.588945,0,3,-48
1756014284.6269443,0,6,-58
1756014284.6649446,3,0,-58
1756014284.7029445,6,0,-56
1756014284.7389443,1,-5,-54
1756014284.7759447,-1,-8,-57
1756014284.8149445,-4,5,-52
1756014284.8529446,-1,2,-48
1756014284.8889446,6,0,-50
1756014284.9269447,5,-2,-48
1756014284.9649446,-2,-2,-50
1756014285.0039446,-3,1,-49
1756014285.0419445,-5,4,-44
1756014285.0779445,0,2,-49
1756014285.1149447,1,0,-60
1756014285.1539447,0,0,-50
1756014285.1919446,0,-3,-46
1756014285.2279446,0,-1,-53
1756014285.2649446,-3,-9,-44
1756014285.3039446,-1,-6,-53
1756014285.3419447,2,2,-60
1756014285.3779447,0,0,-64
1756014285.4149446,4,2,-67
1756014285.4529445,4,-4,-47
1756014285.4889443,9,-3,-41
1756014285.5269446,1,-7,-50
1756014285.5649445,2,-1,-41
1756014285.6039443,-2,-2,-46
1756014285.6419446,2,1,-50
1756014285.677945,0,2,-59
1756014285.7149446,0,-6,-53
1756014285.7539446,1,-8,-65
1756014285.7919445,2,3,-64
1756014285.8279445,7,3,-54
1756014285.8649447,-7,2,-56
1756014285.9039447,-1,-4,-43
1756014285.9399445,-4,3,-43
1756014285.9769447,-1,3,-55
1756014286.0149446,-5,0,-47
1756014286.0539446,-11,1,-56
1756014286.0899446,-6,2,-53
1756014286.1269443,-7,-1,-55
1756014286.1649446,6,2,-57
1756014286.2029445,0,-1,-43
1756014286.2389443,-1,-2,-47
1756014286.2769446,0,-5,-52
1756014286.3149445,-6,5,-54
1756014286.3539443,-6,0,-62
1756014286.3899446,-4,-6,-58
1756014286.427945,-2,-6,-58
1756014286.4659443,-3,-4,-42
1756014286.5039446,-4,-1,-41
1756014286.542945,-4,0,-46
1756014286.5789447,-4,4,-47
1756014286.6169446,3,5,-45
1756014286.654945,0,0,-46
1756014286.6929443,-1,0,-55
1756014286.7289443,0,0,-50
1756014286.7659447,3,-4,-59
1756014286.8049445,2,-5,-56
1756014286.8429446,5,0,-50
1756014286.8789446,3,-2,-62
1756014286.9169445,5,-1,-71
1756014286.9549446,5,-6,-70
1756014286.9939446,6,-7,-64
1756014287.029945,5,0,-47
1756014287.0669446,3,-1,-51
1756014287.1049447,3,0,-55
1756014287.1429446,-2,-2,-52
1756014287.1789446,0,0,-43
1756014287.2159443,-7,2,-49
1756014287.2549446,-5,0,-45
1756014287.292945,-2,0,-45
1756014287.3289447,-4,0,-39
1756014287.3659446,2,-5,-43
1756014287.404945,-5,-6,-56
1756014287.4429443,-2,0,-53
1756014287.4789443,3,-3,-57
1756014287.5159447,0,-4,-57
1756014287.5549445,-3,-2,-47
1756014287.5929446,-5,0,-56
1756014287.6289446,-1,3,-60
1756014287.6659446,0,0,-62
1756014287.7099447,0,3,-52
1756014287.7479446,0,-1,-52
1756014287.7859447,-3,0,-51
1756014287.8249447,2,-5,-52
1756014287.8609445,7,-3,-46
1756014287.8989446,5,2,-52
1756014287.9359446,-4,2,-49
1756014287.9749446,-1,3,-40
1756014288.0109446,-3,-3,-45
1756014288.0489447,2,-1,-44
1756014288.0869446,-1,1,-45
1756014288.1249447,-2,-3,-59
1756014288.1639447,-7,-2,-41
1756014288.1999447,-1,-3,-47
1756014288.2379446,-5,-1,-48
1756014288.2759447,0,0,-50
1756014288.3149445,0,-4,-53
1756014288.3509445,7,-4,-57
1756014288.3889446,0,-5,-58
1756014288.4259446,1,4,-59
1756014288.463945,1,5,-61
1756014288.4999447,3,8,-54
1756014288.5369446,4,0,-59
1756014288.575945,4,-3,-59
1756014288.6139443,1,1,-57
1756014288.6499443,1,-3,-45
1756014288.6869447,-3,-1,-50
1756014288.7259445,-6,-6,-56
1756014288.7639446,-7,-8,-52
1756014288.7999446,-5,-2,-48
1756014288.838945,-2,-4,-39
1756014288.8759446,2,-2,-46
1756014288.9149446,3,-1,-41
1756014288.950945,1,2,-48
1756014288.9889443,2,-1,-48
1756014289.0259447,9,1,-52
1756014289.0639446,4,-1,-45
1756014289.0999446,-2,2,-54
1756014289.1369443,-1,1,-53
1756014289.1759446,-5,3,-57
1756014289.213945,-8,1,-66
1756014289.2499447,-2,0,-59
1756014289.2869446,-5,-4,-59
1756014289.325945,-2,0,-53
1756014289.3629446,-1,0,-55
1756014289.3999443,0,1,-60
1756014289.4369447,-2,6,-60
1756014289.4759445,-8,-4,-62
1756014289.5119443,-6,-2,-63
1756014289.5499446,-7,0,-43
1756014289.5879445,-5,-2,-49
1756014289.6259446,-1,4,-46
1756014289.6649446,-4,-1,-59
1756014289.700945,3,-2,-57
1756014289.7379446,-1,0,-62
1756014289.7759447,3,-3,-59
1756014289.8149445,-1,0,-58
1756014289.8509445,-2,0,-60
1756014289.8879447,2,2,-45
1756014289.9269447,4,0,-51
1756014289.9649446,0,3,-48
1756014290.0009446,2,2,-48
1756014290.0379446,0,0,-44
1756014290.075945,0,0,-51
1756014290.111945,4,-2,-49
1756014290.1499443,4,-1,-43
1756014290.187945,4,-4,-38
1756014290.2269447,1,0,-52
1756014290.2649446,0,-3,-54
1756014290.3009446,-4,-1,-51
1756014290.338945,3,2,-56
1756014290.3769443,4,-1,-54
1756014290.4159446,3,-2,-56
1756014290.4519446,2,-1,-53
1756014290.4899447,3,-5,-50
1756014290.5279446,0,4,-58
1756014290.5669446,4,0,-52
1756014290.6049447,4,0,-60
1756014290.6409447,-1,-2,-62
1756014290.6789446,-2,-8,-65
1756014290.7169447,0,-4,-67
1756014290.7559447,0,-7,-49
1756014290.7919445,-6,-6,-37
1756014290.8299446,-1,-7,-53
1756014290.8679447,0,1,-48
1756014290.9059446,0,3,-54
1756014290.9419446,1,-2,-49
1756014290.9789443,2,-4,-48
1756014291.0169446,-3,-5,-45
1756014291.0559447,3,0,-45
1756014291.0919447,0,0,-52
1756014291.1289446,-1,-2,-62
1756014291.1669445,-2,0,-59
1756014291.2059443,1,0,-45
1756014291.2419446,-2,2,-49
1756014291.2789447,0,-2,-55
1756014291.3169446,1,2,-56
1756014291.3529446,2,-5,-53
1756014291.3909447,6,-3,-52
1756014291.4289446,2,0,-60
1756014291.4669447,0,-2,-42
1756014291.5059447,-3,-3,-48
1756014291.5419445,0,-2,-49
1756014291.5799446,0,-1,-60
1756014291.6179447,4,-1,-50
1756014291.6569445,-1,1,-61
1756014291.6929443,-4,-1,-52
1756014291.7319446,-4,-6,-49
1756014291.7689445,5,-1,-39
1756014291.8079443,0,0,-50
1756014291.8459446,0,-3,-46
1756014291.881945,-5,1,-57
1756014291.9199443,-1,-4,-56
1756014291.9579446,-2,9,-50
1756014291.9959445,-4,-6,-44
1756014292.0319445,-1,3,-45
1756014292.0689447,-1,3,-60
1756014292.1079447,0,-4,-43
1756014292.1459446,-6,-3,-58
1756014292.1819446,-8,-1,-50
1756014292.2199447,1,-5,-49
1756014292.2579446,-7,0,-48
1756014292.2969446,0,-3,-32
1756014292.3329446,2,-3,-42
1756014292.3699446,0,-5,-44
1756014292.407945,-3,3,-53
1756014292.4469447,-5,2,-48
1756014292.4829447,-2,5,-49
1756014292.5209446,-4,-2,-51
1756014292.5589447,-2,0,-49
1756014292.5979445,0,1,-50
1756014292.6339445,-1,-4,-45
1756014292.6719446,7,-2,-50
1756014292.7099447,7,-2,-49
1756014292.7479446,1,-3,-50
1756014292.7869446,7,-3,-47
1756014292.8229446,2,-6,-53
1756014292.8609445,3,-6,-58
1756014292.8979447,10,-3,-52
1756014292.9369447,2,-5,-48
1756014292.9729445,1,-5,-50
1756014293.009945,0,2,-62
1756014293.0479443,7,-10,-50
1756014293.0869446,-4,-3,-53
1756014293.1229446,-3,1,-64
1756014293.1599443,1,0,-57
1756014293.1979446,-2,1,-51
1756014293.233945,1,2,-48
1756014293.2729447,1,-4,-54
1756014293.3099446,0,-1,-52
1756014293.348945,-5,-1,-58
1756014293.3869443,3,3,-49
1756014293.4229443,-4,2,-46
1756014293.4599447,1,-2,-54
1756014293.4989443,6,-1,-54
1756014293.5369446,8,0,-51
1756014293.5729446,6,-7,-46
1756014293.6109445,-5,-7,-49
1756014293.6489446,-5,-1,-38
1756014293.687945,-4,2,-54
1756014293.723945,-6,-2,-51
1756014293.7619443,-3,-4,-48
1756014293.7999446,-5,-6,-43
1756014293.838945,2,5,-66
1756014293.8769443,-8,-1,-49
1756014293.9129446,0,-1,-51
1756014293.9499447,5,-9,-53
1756014293.9889443,2,-3,-47
1756014294.0269446,-4,2,-49
1756014294.062945,-7,-7,-50
1756014294.1019447,-1,-1,-57
1756014294.1389446,-1,0,-48
1756014294.177945,0,-2,-48
1756014294.213945,0,0,-50
1756014294.2519443,-1,-2,-40
1756014294.2889447,7,2,-48
1756014294.3249447,7,-4,-44
1756014294.361945,6,-1,-63
1756014294.3999443,3,-4,-49
1756014294.4389446,0,2,-52
1756014294.4749446,0,2,-52
1756014294.5129447,-2,8,-53
1756014294.5499446,-4,1,-54
1756014294.588945,0,-1,-47
1756014294.6259446,-4,0,-48
1756014294.6629446,-6,0,-55
1756014294.700945,-2,-3,-49
1756014294.7389443,3,-2,-51
1756014294.7779446,1,0,-42
1756014294.8139446,2,8,-47
1756014294.8509445,8,-5,-47
1756014294.8889446,9,-1,-51
1756014294.927945,1,-1,-54
1756014294.963945,3,-2,-56
1756014295.0009446,-2,-5,-50
1756014295.0399446,-4,-4,-37
1756014295.0779445,-6,0,-41
1756014295.1139443,0,2,-50
1756014295.1509447,-4,-5,-43
1756014295.1899445,6,1,-49
1756014295.2279446,4,1,-52
1756014295.2639446,2,-3,-62
1756014295.3009446,0,6,-48
1756014295.338945,3,0,-47
1756014295.3759446,1,0,-51
1756014295.4129446,9,8,-50
1756014295.4499447,3,2,-56
1756014295.4889443,-4,1,-42
1756014295.5249443,3,7,-43
1756014295.562945,3,6,-49
1756014295.6009445,3,5,-47
1756014295.6389446,5,1,-40
1756014295.6749446,-5,0,-42
1756014295.7119446,-8,1,-39
1756014295.7509446,-5,7,-47
1756014295.7889447,-5,0,-57
1756014295.8249447,0,1,-46
1756014295.861945,-1,-4,-54
1756014295.9009447,0,-3,-51
1756014295.9389446,-4,-1,-49
1756014295.9749446,-1,2,-48
1756014296.0119443,-1,-2,-43
1756014296.0509446,-8,0,-59
1756014296.088945,0,2,-52
1756014296.1249447,0,0,-57
1756014296.1619446,-3,1,-46
1756014296.200945,3,2,-41
1756014296.2389443,2,1,-51
1756014296.2749443,-5,1,-54
1756014296.3119447,-2,1,-40
1756014296.3499446,5,3,-43
1756014296.3889446,3,-2,-42
1756014296.4249446,6,-5,-55
1756014296.4619446,2,2,-57
1756014296.4999447,-3,-1,-44
1756014296.5359447,-2,-1,-50
1756014296.5749447,0,0,-55
1756014296.611945,-3,4,-64
1756014296.6509447,-5,-4,-65
1756014296.6889446,-4,-4,-54
1756014296.7249446,-3,0,-46
1756014296.7619443,2,-2,-53
1756014296.8009446,-5,-3,-56
1756014296.838945,0,3,-60
1756014296.8749447,-2,7,-45
1756014296.9119446,0,-1,-62
1756014296.950945,-2,-2,-58
1756014296.9889443,-5,-2,-53
1756014297.0249443,-7,-3,-56
1756014297.062945,4,5,-54
1756014297.1009445,3,5,-51
1756014297.1389446,8,1,-59
1756014297.1749446,9,2,-60
1756014297.2119446,3,4,-47
1756014297.2499447,0,1,-49
1756014297.2859447,1,-4,-47
1756014297.3249447,0,-7,-46
1756014297.361945,4,-7,-50
1756014297.4009447,6,0,-58
1756014297.4389446,0,4,-41
1756014297.4749446,-6,4,-51
1756014297.5119443,-5,7,-56
1756014297.5509446,1,4,-63
1756014297.5869446,3,0,-49
1756014297.6239443,-1,-3,-49
1756014297.6619446,-3,-3,-50
1756014297.700945,3,-2,-54
1756014297.7449446,0,-1,-56
1756014297.782945,0,-3,-52
1756014297.8209443,5,3,-56
1756014297.8599446,3,-7,-60
1756014297.8959446,0,-3,-58
1756014297.9329443,0,0,-52
1756014297.9709446,-7,0,-49
1756014298.006945,0,-4,-55
1756014298.0439446,5,-2,-54
1756014298.0829446,3,-3,-54
1756014298.1209445,-1,-3,-49
1756014298.1569445,9,0,-60
1756014298.1939447,2,0,-52
1756014298.2319446,0,-2,-52
1756014298.269945,4,0,-52
1756014298.3059447,5,-3,-57
1756014298.3439443,1,3,-44
1756014298.381945,1,4,-54
1756014298.4199443,2,0,-56
1756014298.4559443,-4,0,-52
1756014298.4939446,2,-2,-56
1756014298.5319445,0,-4,-49
1756014298.5699446,2,-4,-50
1756014298.6059446,3,0,-49
1756014298.6429446,1,-2,-47
1756014298.6819446,2,0,-43
1756014298.7199447,8,4,-47
1756014298.7559447,4,8,-58
1756014298.792945,1,-1,-58
1756014298.8319447,3,5,-50
1756014298.8699446,0,-2,-45
1756014298.9069445,0,2,-54
1756014298.9439447,-1,0,-50
1756014298.9819446,0,4,-37
1756014299.019945,1,4,-47
1756014299.0559447,5,-6,-57
1756014299.0939443,3,0,-65
1756014299.131945,-1,0,-66
1756014299.167945,-8,2,-53
1756014299.2049446,-6,0,-51
1756014299.2429447,-3,-2,-61
1756014299.2819445,-4,4,-66
1756014299.3179443,-3,0,-55
1756014299.3559446,-2,-3,-49
1756014299.3939445,0,-3,-63
1756014299.4319446,-9,3,-55
1756014299.4709446,-1,-1,-49
1756014299.506945,-6,-3,-48
1756014299.5449443,-2,-1,-48
1756014299.5829446,-9,4,-50
1756014299.621945,-5,-3,-51
1756014299.657945,0,-6,-59
1756014299.6949446,0,0,-47
1756014299.7319446,-4,6,-50
1756014299.7709446,4,-2,-42
1756014299.8069446,-1,3,-47
1756014299.8439443,-5,1,-49
1756014299.881945,-3,-5,-66
1756014299.9209447,-3,0,-58
1756014299.9569447,-1,-3,-51
1756014299.9949446,1,-8,-49
1756014300.032945,0,-3,-42
1756014300.0719447,-2,3,-52
1756014300.1079447,-3,3,-59
1756014300.1459446,3,0,-58
1756014300.1839447,0,-6,-42
1756014300.2229445,4,-5,-43
1756014300.2609446,-1,-8,-52
1756014300.2969446,3,-3,-59
1756014300.3339446,-7,-4,-60
1756014300.3729446,5,6,-54
1756014300.4109447,3,-3,-56
1756014300.4469447,6,-2,-46
1756014300.483945,2,1,-48
1756014300.5219443,-3,8,-48
1756014300.5579443,-3,5,-54
1756014300.5969446,2,1,-55
1756014300.6339445,-11,0,-46
1756014300.6729443,-2,0,-46
1756014300.710945,3,7,-39
1756014300.746945,6,-4,-53
1756014300.7849443,1,0,-50
1756014300.8229446,-1,-3,-53
1756014300.858945,2,-5,-50
1756014300.8959446,8,-4,-60
1756014300.9339447,-2,-7,-54
1756014300.9729445,-4,1,-48
1756014301.0089445,4,4,-56
1756014301.0459447,0,9,-38
1756014301.0839446,0,-2,-43
1756014301.1229446,2,-2,-53
1756014301.1589446,-8,-2,-62
1756014301.1979446,-2,-7,-57
1756014301.2349446,5,1,-46
1756014301.2729447,0,0,-53
1756014301.3089447,0,-3,-67
1756014301.3459446,1,-5,-52
1756014301.384945,-2,-5,-56
1756014301.4229443,4,-3,-53
1756014301.4589446,4,2,-60
1756014301.4959445,4,-1,-60
1756014301.5339446,0,1,-48
1756014301.5729446,0,-1,-53
1756014301.608945,-1,-2,-60
1756014301.6469443,1,8,-53
1756014301.6849446,-1,3,-52
1756014301.723945,6,-1,-49
1756014301.7619443,7,1,-52
1756014301.7979443,-3,2,-49
1756014301.8349447,0,-3,-46
1756014301.8739443,2,-3,-48
1756014301.9119446,-3,-5,-54
1756014301.9479446,-2,-2,-52
1756014301.9859445,-4,2,-55
1756014302.0239446,1,0,-49
1756014302.0619447,-5,-5,-56
1756014302.0979445,-6,-1,-57
1756014302.1359446,-4,-3,-54
1756014302.1739447,5,2,-54
1756014302.2129445,4,0,-55
1756014302.2489443,3,5,-47
1756014302.2859447,0,5,-59
1756014302.3239446,5,-2,-52
1756014302.3629446,-5,-1,-63
1756014302.3989446,6,-6,-59
1756014302.4359446,-2,0,-55
1756014302.473945,-7,0,-48
1756014302.5129447,5,-3,-50
1756014302.5489447,1,-2,-58
1756014302.585945,2,7,-42
1756014302.6239443,-4,0,-51
1756014302.6629446,-2,-3,-52
1756014302.6989446,7,0,-55
1756014302.7359445,4,-1,-58
1756014302.7739446,4,-2,-58
1756014302.812945,4,-3,-65
1756014302.848945,5,1,-56
1756014302.8859446,2,6,-56
1756014302.9239447,-1,2,-62
1756014302.9599447,1,-4,-52
1756014302.9979446,-1,-3,-48
1756014303.0349443,-12,9,-45
1756014303.0739446,-4,-5,-53
1756014303.1099446,-6,-1,-48
1756014303.1479447,-1,-6,-44
1756014303.1859446,2,-7,-49
1756014303.2249446,-1,-1,-57
1756014303.2629447,-3,-2,-63
1756014303.2989447,4,-3,-70
1756014303.335945,5,-2,-50
1756014303.3749447,-3,0,-42
1756014303.4129446,-2,-1,-46
1756014303.4489446,3,0,-52
1756014303.4859445,-1,-4,-51
1756014303.5249443,3,0,-54
1756014303.562945,7,-3,-53
1756014303.5999446,6,-7,-49
1756014303.6369443,3,-4,-46
1756014303.6749446,-1,0,-41
1756014303.713945,2,2,-52
1756014303.7499447,6,-5,-39
1756014303.7869446,-6,-5,-48
1756014303.825945,-3,0,-52
1756014303.8639443,-1,-1,-49
1756014303.8999443,6,0,-53
1756014303.9369447,3,-2,-46
1756014303.9759445,8,-4,-40
1756014304.0139446,4,0,-58
1756014304.0499446,0,-5,-56
1756014304.0869446,-1,-3,-48
1756014304.1259446,1,0,-43
1756014304.1639447,7,-3,-57
1756014304.1999447,6,-1,-40
1756014304.2379446,0,3,-47
1756014304.2749443,4,2,-43
1756014304.3109446,-2,2,-52
1756014304.3479445,2,5,-56
1756014304.384945,0,1,-55
1756014304.4209447,0,-5,-50
1756014304.4579446,-3,0,-51
1756014304.4959445,2,0,-56
1756014304.5339446,-4,-6,-59
1756014304.5699446,1,-4,-49
1756014304.6069446,-1,-3,-58
1756014304.644945,-5,-8,-42
1756014304.6839447,0,-8,-42
1756014304.7199447,-2,-7,-58
1756014304.7579446,1,-4,-52
1756014304.7959447,-8,2,-51
1756014304.8349447,-4,-4,-53
1756014304.8709445,-3,-4,-53
1756014304.9089446,-8,-1,-41
1756014304.9469447,-3,2,-39
1756014304.9859445,-1,-2,-51
1756014305.0239446,-4,2,-44
1756014305.0599446,-2,3,-41
1756014305.0969446,-1,-3,-43
1756014305.1359446,-5,0,-49
1756014305.1739447,-4,0,-66
1756014305.2099447,-3,-3,-57
1756014305.2479446,2,-4,-53
1756014305.2859447,2,-5,-54
1756014305.3249447,8,-5,-56
1756014305.3609445,1,0,-57
1756014305.3989446,-3,-3,-53
1756014305.4369447,-2,1,-48
1756014305.4759445,-1,0,-52
1756014305.5139446,-8,-6,-48
1756014305.5499446,-8,10,-44
1756014305.5869446,1,3,-43
1756014305.6249447,8,-3,-44
1756014305.6609447,0,-1,-43
1756014305.6989446,3,-7,-40
1756014305.736945,6,-1,-59
1756014305.7759447,0,-7,-45
1756014305.8139446,-6,1,-51
1756014305.8499446,-12,-2,-55
1756014305.8879447,-8,-10,-47
1756014305.9259446,-1,-7,-56
1756014305.9649446,0,-3,-56
1756014306.0009446,-4,-3,-52
1756014306.0389447,-3,0,-57
1756014306.0769446,4,3,-48
1756014306.1159446,-4,8,-58
1756014306.1519446,-5,1,-51
1756014306.1899445,1,0,-40
1756014306.2279446,0,-3,-48
1756014306.2659447,0,1,-40
1756014306.3049445,6,2,-46
1756014306.3409443,0,-2,-44
1756014306.3789446,-2,-4,-43
1756014306.4159446,0,-5,-43
1756014306.4549446,2,-4,-55
1756014306.4909446,7,-2,-50
1756014306.5279446,1,0,-44
1756014306.5669446,-3,-2,-42
1756014306.6049447,-9,-2,-59
1756014306.6409447,-2,0,-55
1756014306.677945,-4,2,-61
1756014306.7169447,0,-1,-57
1756014306.7549446,4,2,-53
1756014306.7909446,6,-3,-51
1756014306.8289447,-5,-2,-49
1756014306.8669446,5,-8,-53
1756014306.9059446,13,-4,-51
1756014306.9419446,16,-2,-46
1756014306.9789443,0,-5,-51
1756014307.0169446,2,-6,-42
1756014307.0559447,2,-8,-58
1756014307.0919447,0,-3,-54
1756014307.1299446,1,-5,-63
1756014307.1669445,5,1,-49
1756014307.2049446,8,-6,-52
1756014307.2409446,-1,-2,-47
1756014307.279945,-4,-2,-54
1756014307.3169446,0,0,-39
1756014307.3559446,2,0,-50
1756014307.3919446,-3,-3,-47
1756014307.4299445,-1,-1,-52
1756014307.4679446,1,2,-59
1756014307.5059447,0,-3,-59
1756014307.5419445,-4,0,-54
1756014307.5799446,-7,-3,-53
1756014307.6169446,0,-2,-58
1756014307.6559446,-1,-3,-51
1756014307.6919446,3,-6,-54
1756014307.7299447,2,-4,-38
1756014307.7729447,2,-3,-43
1756014307.8119447,4,-1,-45
1756014307.848945,1,0,-51
1756014307.8869443,1,-1,-43
1756014307.9229443,-3,-2,-43
1756014307.960945,-1,-7,-56
1756014307.9989443,6,1,-58
1756014308.0369446,3,2,-53
1756014308.0729446,0,7,-45
1756014308.1099446,1,-4,-49
1756014308.1479447,0,1,-62
1756014308.1859446,-4,-5,-60
1756014308.2219446,-4,2,-56
1756014308.2589445,0,-3,-48
1756014308.2979443,5,-12,-53
1756014308.335945,2,-6,-51
1756014308.371945,-2,-8,-47
1756014308.4099443,-1,-6,-38
1756014308.4479446,7,0,-52
1756014308.4859445,0,-6,-62
1756014308.5219443,0,0,-63
1756014308.5589447,0,-1,-57
1756014308.5979445,-2,2,-55
1756014308.6359446,-6,2,-62
1756014308.6719446,-12,1,-56
1756014308.7089446,4,-5,-57
1756014308.7479446,-5,-4,-49
1756014308.7859447,-4,-1,-52
1756014308.8219447,-3,-1,-55
1756014308.8599446,2,0,-66
1756014308.8979447,-3,0,-57
1756014308.9359446,-5,0,-44
1756014308.9719446,-6,0,-47
1756014309.0089445,-8,0,-45
1756014309.0479443,0,-2,-57
1756014309.085945,-2,4,-60
1756014309.121945,-1,-4,-57
1756014309.1599443,-1,-6,-57
1756014309.1979446,-1,3,-62
1756014309.236945,-1,-3,-57
1756014309.2729447,-3,0,-60
1756014309.3109446,-6,0,-57
1756014309.348945,-12,0,-60
1756014309.3879447,-3,0,-58
1756014309.4239447,-4,-9,-50
1756014309.4619446,-4,-1,-60
1756014309.4999447,0,8,-52
1756014309.5379446,0,3,-46
1756014309.5739446,4,1,-44
1756014309.611945,2,2,-49
1756014309.6489446,-1,0,-48
1756014309.687945,4,4,-52
1756014309.723945,3,3,-70
1756014309.7609446,2,-1,-58
1756014309.7989447,0,-7,-41
1756014309.8379445,5,1,-52
1756014309.8739443,-2,0,-46
1756014309.9119446,-3,3,-53
1756014309.9499447,-1,-3,-52
1756014309.9889443,-1,0,-50
1756014310.0269446,0,-9,-60
1756014310.062945,3,-11,-47
1756014310.1009445,7,0,-50
1756014310.1389446,5,0,-39
1756014310.1769447,-8,-6,-43
1756014310.2129445,-4,-1,-51
1756014310.2509446,-5,1,-54
1756014310.2889447,-5,-1,-60
1756014310.3279445,5,0,-49
1756014310.3639443,0,4,-54
1756014310.4009447,4,3,-56
1756014310.4389446,10,0,-55
1756014310.4769447,9,0,-55
1756014310.5129447,13,1,-57
1756014310.5499446,0,0,-57
1756014310.588945,-3,-3,-46
1756014310.6269443,-7,-7,-49
1756014310.6629446,-2,5,-55
1756014310.6999447,1,-3,-44
1756014310.7389443,-6,-1,-48
1756014310.7769446,-11,0,-51
1756014310.812945,-4,-1,-50
1756014310.8509445,1,-1,-58
1756014310.8889446,0,0,-49
1756014310.9249446,-1,-6,-39
1756014310.9629445,-8,-1,-56
1756014311.0009446,-7,-6,-48
1756014311.0389447,-3,-8,-59
1756014311.0779445,-1,0,-37
1756014311.1139443,0,2,-49
1756014311.1509447,-1,-1,-57
1756014311.1889446,-1,-1,-51
1756014311.2279446,9,4,-58
1756014311.2639446,5,5,-52
1756014311.3009446,-1,0,-49
1756014311.338945,3,2,-46
1756014311.3749447,3,0,-52
1756014311.4119446,0,2,-51
1756014311.4489446,0,-3,-47
1756014311.4879446,-5,2,-49
1756014311.5239446,-5,0,-58
1756014311.5609446,2,-3,-61
1756014311.5999446,0,-8,-58
1756014311.6379447,-3,-3,-45
1756014311.6739447,-2,0,-45
1756014311.710945,-7,0,-61
1756014311.7499447,-10,4,-56
1756014311.7879446,-12,1,-55
1756014311.8239446,0,2,-56
1756014311.8609445,3,2,-53
1756014311.8999443,0,0,-68
1756014311.937945,0,0,-55
1756014311.973945,2,3,-62
1756014312.0109446,-1,2,-42
1756014312.0499446,1,0,-53
1756014312.0879445,-1,-1,-57
1756014312.1239443,2,-1,-59
1756014312.1609447,0,-10,-66
1756014312.1999447,0,-5,-62
1756014312.2379446,1,-1,-56
1756014312.2739446,0,-1,-51
1756014312.3109446,-2,-1,-51
1756014312.3499446,0,5,-52
1756014312.3879447,-2,5,-68
1756014312.4239447,-1,0,-56
1756014312.460945,0,-1,-50
1756014312.4999447,1,0,-57
1756014312.5359447,-1,3,-63
1756014312.5739446,5,2,-65
1756014312.6109445,6,-1,-59
1756014312.6499443,-1,-5,-42
1756014312.6859446,2,-1,-55
1756014312.723945,0,-3,-48
1756014312.7619443,0,-2,-42
1756014312.8009446,1,3,-55
1756014312.838945,1,3,-44
1756014312.8749447,-8,7,-54
1756014312.9119446,-7,0,-38
1756014312.950945,-7,-3,-40
1756014312.9889443,-2,-6,-45
1756014313.0249443,1,-5,-59
1756014313.0619447,-2,4,-51
1756014313.1009445,-6,-1,-52
1756014313.1389446,3,6,-54
1756014313.1749446,-6,3,-54
1756014313.2119446,3,0,-64
1756014313.2499447,1,1,-52
1756014313.2859447,5,3,-51
1756014313.3239446,2,9,-40
1756014313.3609445,1,-5,-51
1756014313.3999443,-3,-2,-39
1756014313.4359446,-8,0,-42
1756014313.4749446,-2,-1,-65
1756014313.5119443,-2,-2,-60
1756014313.5509446,-4,-4,-54
1756014313.588945,-3,1,-57
1756014313.6249447,1,-9,-48
1756014313.6629446,1,0,-44
1756014313.700945,6,-2,-51
1756014313.7399447,7,4,-47
1756014313.7759447,4,4,-48
1756014313.8139446,1,8,-40
1756014313.8509445,1,8,-57
1756014313.8889446,-4,-3,-53
1756014313.9249446,3,0,-50
1756014313.9619446,-5,10,-39
1756014314.0009446,-4,-1,-48
1756014314.0389447,4,2,-41
1756014314.0749447,0,0,-52
1756014314.111945,-4,-7,-49
1756014314.1509447,-9,-7,-59
1756014314.1869447,-6,-11,-55
1756014314.2249446,-1,-3,-50
1756014314.2639446,-7,2,-46
1756014314.3009446,0,0,-55
1756014314.3369446,0,2,-50
1756014314.3739443,0,2,-57
1756014314.4109447,2,-4,-49
1756014314.4499447,1,-4,-48
1756014314.4859445,2,0,-47
1756014314.5239446,-6,3,-50
1756014314.5619447,-7,1,-48
1756014314.6009445,0,1,-61
1756014314.6369443,-2,3,-64
1756014314.6739447,0,-3,-49
1756014314.7129445,5,-6,-50
1756014314.7509446,2,-5,-40
1756014314.7869446,0,-1,-49
1756014314.8239446,2,1,-52
1756014314.861945,1,2,-47
1756014314.8999443,2,1,-39
1756014314.9359446,-6,-5,-46
1756014314.973945,-7,0,-57
1756014315.0129447,-3,-5,-47
1756014315.0509446,-2,1,-53
1756014315.0869446,-5,9,-53
1756014315.1239443,-9,3,-56
1756014315.1619446,-6,0,-49
1756014315.200945,-8,-1,-43
1756014315.236945,4,1,-54
1756014315.2739446,8,3,-54
1756014315.3119447,1,5,-62
1756014315.3499446,-1,-5,-58
1756014315.3859446,-3,-1,-62
1756014315.4239447,-2,0,-54
1756014315.4619446,2,-4,-44
1756014315.5009446,4,-6,-52
1756014315.5369446,1,0,-59
1756014315.575945,3,1,-66
1756014315.6129446,-4,5,-53
1756014315.6519446,-3,3,-55
1756014315.6899445,1,5,-53
1756014315.7259445,0,3,-46
1756014315.7629447,-2,0,-43
1756014315.8019447,3,-1,-41
1756014315.8379445,-3,0,-52
1756014315.8759446,-3,-1,-49
1756014315.9149446,1,-4,-56
1756014315.9519446,-4,3,-49
1756014315.9909446,-2,0,-53
1756014316.0269446,-2,2,-47
1756014316.0649445,-7,0,-49
1756014316.1019447,-14,0,-57
1756014316.1409447,-5,-1,-68
1756014316.1769447,2,-2,-63
1756014316.2149446,0,1,-59
1756014316.2519443,-2,5,-63
1756014316.2909446,0,4,-60
1756014316.3269446,4,0,-61
1756014316.3649447,0,-11,-55
1756014316.4019446,2,0,-62
1756014316.437945,17,6,-60
1756014316.4749446,0,8,-55
1756014316.5129447,4,4,-51
1756014316.5519447,6,0,-46
1756014316.5879445,2,7,-51
1756014316.6249447,4,2,-47
1756014316.6629446,4,3,-43
1756014316.700945,-2,-3,-54
1756014316.736945,7,0,-59
1756014316.7739446,3,-2,-37
1756014316.812945,2,2,-49
1756014316.8509445,0,-1,-41
1756014316.8869443,-3,3,-42
1756014316.9249446,-4,4,-53
1756014316.9629445,5,-4,-57
1756014317.0019443,1,0,-65
1756014317.0379446,-4,3,-54
1756014317.0749447,-1,8,-41
1756014317.1129446,1,2,-53
1756014317.1509447,2,-3,-49
1756014317.1869447,-8,-6,-44
1756014317.2259445,-3,-9,-52
1756014317.2629447,-4,-10,-52
1756014317.3019447,-9,-4,-58
1756014317.3379445,-3,-8,-59
1756014317.3759446,0,-6,-49
1756014317.4149446,0,-2,-59
1756014317.4529445,-6,-5,-64
1756014317.4889443,-4,1,-53
1756014317.5259447,-5,-3,-53
1756014317.5649445,-7,0,-49
1756014317.6029446,-3,1,-49
1756014317.6399446,0,4,-49
1756014317.6769447,-3,1,-48
1756014317.7149446,2,-3,-47
1756014317.7529447,-5,3,-52
1756014317.7969446,-9,-7,-49
1756014317.835945,4,0,-47
1756014317.8729446,0,10,-50
1756014317.9119446,-4,3,-59
1756014317.9479446,0,-3,-60
1756014317.9859445,0,2,-50
1756014318.0229447,6,2,-41
1756014318.0589447,12,2,-48
1756014318.0959446,5,0,-50
1756014318.1339445,6,4,-44
1756014318.1719446,-3,2,-52
1756014318.2079446,-6,2,-51
1756014318.2459445,-4,1,-49
1756014318.2839446,-4,0,-60
1756014318.3229446,-6,-3,-53
1756014318.358945,-2,1,-48
1756014318.3969443,0,1,-55
1756014318.4339447,0,0,-50
1756014318.4719446,0,0,-48
1756014318.5079446,3,-8,-40
1756014318.5459447,10,0,-55
1756014318.5839446,2,-3,-59
1756014318.6229446,0,-2,-54
1756014318.6589446,8,-2,-67
1756014318.6959443,-5,-2,-50
1756014318.733945,0,-4,-56
1756014318.7729447,2,-1,-59
1756014318.8089447,-1,-1,-53
1756014318.8469446,0,-10,-51
1756014318.8859446,8,-5,-45
1756014318.9239447,1,-1,-46
1756014318.9619446,5,0,-48
1756014318.9979446,3,1,-44
1756014319.0359447,-5,3,-57
1756014319.0739446,-2,1,-45
1756014319.111945,-1,0,-60
1756014319.1479447,-3,-3,-55
1756014319.1859446,3,-10,-65
1756014319.223945,0,1,-63
1756014319.259945,8,0,-59
1756014319.2969446,-4,1,-46
1756014319.3349447,-1,-2,-50
1756014319.3739443,-1,0,-54
1756014319.4099443,1,2,-59
1756014319.4469447,0,2,-61
1756014319.4849446,-1,0,-57
1756014319.5239446,2,0,-54
1756014319.5599446,2,2,-55
1756014319.5969446,-5,-5,-59
1756014319.634945,0,4,-52
1756014319.6739447,6,-1,-53
1756014319.7099447,0,2,-49
1756014319.746945,0,3,-45
1756014319.7839446,-5,3,-47
1756014319.8229446,0,-2,-48
1756014319.858945,-4,1,-61
1756014319.8969443,-7,-5,-53
1756014319.9359446,2,-2,-58
1756014319.973945,9,-8,-56
1756014320.009945,6,-2,-50
1756014320.0469446,1,-4,-60
1756014320.085945,1,0,-53
1756014320.1239443,2,0,-50
1756014320.1599443,4,-1,-56
1756014320.1969447,0,-1,-52
1756014320.2349446,5,2,-50
1756014320.2739446,0,6,-59
1756014320.3099446,0,1,-45
1756014320.3469446,0,-5,-49
1756014320.384945,0,-1,-48
1756014320.4239447,-1,2,-59
1756014320.4599447,-1,-1,-51
1756014320.4979446,0,-1,-51
1756014320.5359447,10,-1,-45
1756014320.5749447,8,-6,-40
1756014320.6129446,-2,-2,-45
1756014320.6489446,2,-7,-46
1756014320.6859446,-3,-4,-44
1756014320.7249446,0,-8,-54
1756014320.7629447,5,-1,-54
1756014320.7989447,0,-2,-50
1756014320.835945,1,2,-60
1756014320.8739443,0,3,-52
1756014320.9099443,-2,-1,-54
1756014320.9479446,4,-5,-50
1756014320.9859445,-5,0,-40
1756014321.0249443,-4,-3,-54
1756014321.0609446,-6,-1,-57
1756014321.098945,6,-4,-50
1756014321.1369443,6,-3,-44
1756014321.1749446,7,-2,-53
1756014321.213945,0,1,-42
1756014321.2499447,0,0,-46
1756014321.2869446,2,-3,-46
1756014321.3249447,8,-6,-52
1756014321.3639443,2,-5,-51
1756014321.3999443,0,-4,-55
1756014321.4369447,-2,0,-45
1756014321.4749446,3,-5,-52
1756014321.5139446,-1,-1,-56
1756014321.5499446,-3,-8,-53
1756014321.5879445,-2,0,-59
1756014321.6259446,-2,3,-54
1756014321.6649446,-1,3,-54
1756014321.700945,0,2,-45
1756014321.7379446,1,-5,-61
1756014321.7759447,0,-2,-46
1756014321.8149445,-3,0,-56
1756014321.8509445,-3,-1,-54
1756014321.8889446,7,1,-58
1756014321.9259446,9,-7,-62
1756014321.9649446,-4,-6,-51
1756014322.0009446,1,0,-41
1756014322.0379446,-5,4,-54
1756014322.075945,2,4,-52
1756014322.1139443,3,2,-49
1756014322.1499443,-1,-1,-48
1756014322.187945,-1,-10,-39
1756014322.2259445,-3,-4,-51
1756014322.2649446,0,1,-50
1756014322.3009446,-1,2,-50
1756014322.3379445,6,3,-51
1756014322.3759446,-3,4,-43
1756014322.4139447,3,2,-41
1756014322.4499447,6,1,-42
1756014322.486945,-2,2,-46
1756014322.5259447,2,-5,-41
1756014322.5619447,2,-8,-48
1756014322.5999446,-1,-1,-45
1756014322.6379447,3,0,-60
1756014322.6759446,2,-2,-64
1756014322.7119446,1,-4,-63
1756014322.7499447,2,-1,-67
1756014322.7869446,-2,-6,-68
1756014322.825945,1,3,-55
1756014322.861945,5,1,-52
1756014322.8999443,0,-3,-51
1756014322.9369447,0,-1,-64
1756014322.9759445,-1,0,-44
1756014323.0119443,-4,-4,-51
1756014323.0499446,-1,-2,-49
1756014323.0879445,-7,-3,-58
1756014323.1259446,-3,-2,-52
1756014323.1649446,0,0,-52
1756014323.200945,0,-2,-57
1756014323.2379446,0,-5,-60
1756014323.2769446,2,-2,-63
1756014323.3149445,-5,-2,-59
1756014323.3509445,-1,1,-46
1756014323.3879447,2,-2,-51
1756014323.4269447,0,-5,-51
1756014323.4649446,-4,-4,-58
1756014323.5009446,-5,-5,-50
1756014323.5399446,1,-1,-49
1756014323.5779445,-8,-2,-49
1756014323.6159446,-9,-3,-53
1756014323.6519446,-5,5,-48
1756014323.690945,0,0,-43
1756014323.7279446,-6,0,-46
1756014323.7669446,0,1,-56
1756014323.8049445,7,7,-54
1756014323.8409443,3,4,-48
1756014323.8779447,1,4,-50
1756014323.9159446,11,0,-53
1756014323.9519446,7,3,-58
1756014323.9889443,-2,10,-56
1756014324.0269446,-6,4,-50
1756014324.065945,0,0,-49
1756014324.1019447,1,0,-49
1756014324.1389446,4,0,-44
1756014324.1769447,9,-3,-50
1756014324.2159443,7,0,-60
1756014324.2519443,4,-2,-64
1756014324.2899446,-6,5,-56
1756014324.3279445,4,0,-44
1756014324.3659446,3,-2,-43
1756014324.4019446,2,2,-48
1756014324.4399445,0,-1,-50
1756014324.4779446,2,-7,-46
1756014324.5169446,3,-3,-48
1756014324.552945,0,1,-66
1756014324.5899446,-1,3,-66
1756014324.6279447,6,0,-63
1756014324.6659446,-1,-3,-54
1756014324.7019446,-3,2,-53
1756014324.7399447,-1,1,-53
1756014324.7779446,3,-5,-62
1756014324.8169446,-8,-6,-52
1756014324.8529446,0,-5,-54
1756014324.8899446,-3,-3,-56
1756014324.927945,0,-1,-58
1756014324.9669447,-3,3,-58
1756014325.0029447,-3,-3,-58
1756014325.0409446,4,0,-49
1756014325.0779445,5,0,-61
1756014325.1159446,0,-1,-54
1756014325.1519446,2,-5,-47
1756014325.1899445,5,-3,-52
1756014325.2279446,-5,1,-47
1756014325.2669446,0,1,-45
1756014325.302945,0,-6,-48
1756014325.3399446,3,0,-59
1756014325.3779447,4,0,-52
1756014325.4159446,6,-2,-43
1756014325.4519446,16,0,-42
1756014325.4889443,5,0,-49
1756014325.5279446,4,-1,-53
1756014325.565945,-3,-7,-53
1756014325.6019447,3,-4,-57
1756014325.6399446,2,-5,-47
1756014325.6789446,-7,-7,-67
1756014325.7169447,-7,-3,-57
1756014325.7529447,-3,-2,-44
1756014325.7919445,-2,-3,-52
1756014325.8289447,0,-4,-64
1756014325.8679447,6,-2,-53
1756014325.9039447,10,1,-62
1756014325.9419446,3,-2,-53
1756014325.9789443,0,-4,-52
1756014326.0179446,0,-3,-43
1756014326.0539446,-1,-2,-54
1756014326.0919447,-3,1,-44
1756014326.1299446,-2,0,-37
1756014326.167945,4,1,-56
1756014326.2039447,-2,-3,-54
1756014326.2419446,-4,1,-63
1756014326.279945,-2,0,-61
1756014326.3179443,2,2,-53
1756014326.3569446,2,0,-58
1756014326.3929446,-1,6,-55
1756014326.4299445,-2,10,-51
1756014326.4689443,-2,3,-55
1756014326.506945,9,-5,-42
1756014326.542945,6,-3,-53
1756014326.5799446,7,-6,-47
1756014326.6189446,0,-6,-56
1756014326.6569445,9,2,-54
1756014326.6929443,6,0,-57
1756014326.7299447,5,-2,-57
1756014326.7689445,0,2,-50
1756014326.8069446,8,2,-49
1756014326.8429446,-4,0,-42
1756014326.8809447,-12,4,-46
1756014326.9189446,-10,-5,-56
1756014326.9579446,-6,1,-43
1756014326.9939446,-6,1,-44
1756014327.0309446,-1,0,-53
1756014327.0689447,-1,-1,-56
1756014327.1079447,-1,3,-51
1756014327.1439445,1,1,-43
1756014327.1809447,0,2,-59
1756014327.2189443,4,1,-74
1756014327.256945,-5,-6,-62
1756014327.292945,-8,-1,-63
1756014327.3309443,-1,3,-46
1756014327.3689446,-6,6,-54
1756014327.407945,-1,5,-48
1756014327.4439447,-2,3,-33
1756014327.4809446,-5,-2,-51
1756014327.5189445,-4,1,-47
1756014327.5579443,-4,3,-51
1756014327.5939443,-7,2,-54
1756014327.631945,-1,-3,-50
1756014327.6699443,0,1,-50
1756014327.7089446,-3,3,-57
1756014327.7449446,-5,-1,-53
1756014327.7839446,-4,2,-46
1756014327.8289447,-4,0,-54
1756014327.8649447,-2,3,-56
1756014327.9029446,0,-2,-48
1756014327.940945,1,2,-49
1756014327.9789443,-3,-4,-43
1756014328.0179446,-5,3,-35
1756014328.0539446,-2,1,-40
1756014328.0919447,-9,-4,-40
1756014328.1289446,-2,1,-48
1756014328.167945,1,0,-77
1756014328.2039447,0,4,-58
1756014328.2419446,0,3,-50
1756014328.279945,2,-6,-53
1756014328.3179443,1,-1,-51
1756014328.3539443,5,8,-48
1756014328.3919446,0,4,-46
1756014328.4299445,-2,-1,-51
1756014328.4679446,1,-10,-50
1756014328.5039446,-2,-6,-48
1756014328.5419445,-4,0,-50
1756014328.5799446,-4,-3,-49
1756014328.6189446,-1,0,-52
1756014328.654945,-1,2,-51
1756014328.6919446,0,-1,-47
1756014328.7299447,-3,-5,-55
1756014328.7689445,-1,-3,-57
1756014328.8049445,1,0,-55
1756014328.8419447,0,4,-48
1756014328.8799446,-7,-1,-41
1756014328.917945,4,-1,-39
1756014328.9539447,10,0,-43
1756014328.9909446,6,1,-50
1756014329.029945,5,0,-56
1756014329.0679443,-5,-2,-38
1756014329.1039443,-2,-4,-37
1756014329.1419446,2,-8,-44
1756014329.1799445,0,-1,-48
1756014329.2189443,2,3,-43
1756014329.2549446,4,-2,-45
1756014329.2919445,2,5,-52
1756014329.3299446,-7,5,-53
1756014329.3659446,-5,-2,-40
1756014329.4039447,-3,-1,-43
1756014329.4419446,0,1,-51
1756014329.4799447,3,1,-57
1756014329.5159447,0,2,-52
1756014329.552945,0,-5,-49
1756014329.5909443,0,-3,-52
1756014329.6299446,-5,-1,-47
1756014329.6659446,0,0,-45
1756014329.7029445,0,-1,-52
1756014329.7409446,7,-1,-47
1756014329.779945,4,3,-56
1756014329.815945,-1,0,-62
1756014329.8529446,-1,2,-51
1756014329.8909447,2,0,-45
1756014329.9289446,-4,3,-50
1756014329.9649446,-6,0,-47
1756014330.0029447,-4,1,-42
1756014330.0409446,-4,-2,-50
1756014330.0799446,0,1,-57
1756014330.1159446,0,-3,-52
1756014330.1529446,0,-6,-48
1756014330.190945,-3,-3,-60
1756014330.2299447,6,0,-57
1756014330.2659447,9,4,-60
1756014330.302945,4,-1,-50
1756014330.3409443,1,0,-45
1756014330.3799446,-4,0,-48
1756014330.4159446,-3,-1,-58
1756014330.4539447,-3,-3,-55
1756014330.4919446,2,-7,-50
1756014330.5309446,3,5,-57
1756014330.5689447,-2,0,-48
1756014330.6049447,3,0,-56
1756014330.6419446,9,-6,-67
1756014330.6809447,-1,-1,-53
1756014330.7189443,-4,2,-46
1756014330.7549446,2,-1,-42
1756014330.7919445,0,0,-50
1756014330.8299446,-6,-5,-55
1756014330.8659446,3,-8,-48
1756014330.9029446,10,-1,-54
1756014330.940945,1,-1,-55
1756014330.9799447,4,1,-62
1756014331.0159447,0,1,-56
1756014331.052945,1,-1,-51
1756014331.0909443,-4,-2,-48
1756014331.1299446,-5,-1,-57
1756014331.1659446,-1,-3,-50
1756014331.2049446,-1,-2,-45
1756014331.2419446,-1,-4,-48
1756014331.2809446,-3,-9,-52
1756014331.3169446,-2,-2,-54
1756014331.3549447,0,-2,-55
1756014331.3929446,-5,-11,-54
1756014331.4309447,-3,-8,-41
1756014331.4699447,2,-4,-39
1756014331.5059447,3,-1,-58
1756014331.542945,1,-2,-55
1756014331.5819447,5,0,-51
1756014331.6199446,11,2,-57
1756014331.6559446,3,1,-52
1756014331.6939447,-6,0,-52
1756014331.7319446,-5,-7,-57
1756014331.7709446,-2,0,-54
1756014331.8069446,-5,1,-55
1756014331.8459446,-2,-1,-41
1756014331.8829446,-9,0,-52
1756014331.9219446,-3,-4,-47
1756014331.9599447,-5,-3,-67
1756014331.9959445,-4,0,-56
1756014332.032945,-11,-8,-63
1756014332.0719447,-8,-8,-54
1756014332.1099446,-9,-5,-58
1756014332.1459446,-8,1,-58
1756014332.1829443,2,-1,-49
1756014332.2219446,-1,6,-54
1756014332.259945,3,3,-49
1756014332.2959447,7,1,-54
1756014332.3329446,7,-3,-59
1756014332.371945,0,3,-47
1756014332.407945,-2,2,-50
1756014332.4449446,-2,-2,-40
1756014332.4829447,-2,-2,-57
1756014332.5219443,-2,-1,-56
1756014332.5579443,0,0,-60
1756014332.5949447,5,9,-51
1756014332.6329446,0,4,-55
1756014332.6709447,3,5,-53
1756014332.7069447,5,1,-64
1756014332.7449446,10,-2,-49
1756014332.782945,7,2,-52
1756014332.8209443,6,-3,-56
1756014332.8569446,3,0,-54
1756014332.894945,11,-14,-62
1756014332.9329443,9,-9,-64
1756014332.9719446,7,-2,-59
1756014333.0079446,0,-3,-70
1756014333.0469446,-2,-4,-53
1756014333.0849447,0,-1,-51
1756014333.121945,1,0,-54
1756014333.157945,-2,0,-55
1756014333.1959443,4,-1,-48
1756014333.233945,-1,1,-59
1756014333.2729447,-7,5,-48
1756014333.3109446,-2,4,-53
1756014333.3469446,-8,4,-58
1756014333.3839445,2,0,-54
1756014333.4219446,1,-1,-47
1756014333.4579446,-4,1,-57
1756014333.4949446,-3,-3,-60
1756014333.532945,-4,-4,-57
1756014333.5719447,-4,-1,-47
1756014333.6079447,-9,1,-39
1756014333.644945,-10,1,-44
1756014333.6839447,0,1,-47
1756014333.7219446,4,1,-54
1756014333.7579446,-4,-1,-48
1756014333.7969446,-8,6,-50
1756014333.8339446,1,-6,-61
1756014333.8729446,0,-6,-53
1756014333.9109447,-2,-3,-54
1756014333.9469447,-5,-1,-59
1756014333.9849446,3,0,-52
1756014334.0229447,6,2,-63
1756014334.0609446,4,2,-43
1756014334.0969446,1,-2,-48
1756014334.1339445,3,-2,-47
1756014334.1729443,0,0,-47
1756014334.2089446,-3,0,-45
1756014334.246945,0,6,-47
1756014334.2839446,2,0,-53
1756014334.3219447,0,2,-61
1756014334.3579447,0,-2,-59
1756014334.394945,-1,0,-51
1756014334.4329443,2,-2,-46
1756014334.4719446,1,2,-54
1756014334.5079446,2,1,-56
1756014334.5469446,-1,5,-46
1756014334.5839446,0,5,-52
1756014334.621945,3,0,-49
1756014334.657945,4,1,-44
1756014334.6959443,-1,-2,-52
1756014334.733945,-10,-4,-44
1756014334.7729447,-2,-7,-58
1756014334.8089447,0,0,-63
1756014334.8469446,-7,-2,-56
1756014334.8839445,-2,-4,-51
1756014334.9229443,6,0,-51
1756014334.9589446,7,0,-62
1756014334.9959445,0,-1,-60
1756014335.0339446,-4,-3,-61
1756014335.0729446,10,-2,-57
1756014335.108945,6,3,-49
1756014335.1459446,0,0,-56
1756014335.1839447,5,0,-46
1756014335.2219446,-4,0,-46
1756014335.2579446,0,1,-42
1756014335.2959447,1,3,-42
1756014335.3339446,-4,3,-40
1756014335.371945,-2,1,-55
1756014335.407945,-2,3,-47
1756014335.4459443,5,3,-45
1756014335.483945,8,-3,-45
1756014335.5229447,5,-2,-53
1756014335.5589447,0,0,-50
1756014335.5959446,-1,0,-44
1756014335.6339445,-4,-1,-45
1756014335.6729443,0,-1,-55
1756014335.7089446,-5,-1,-50
1756014335.746945,-2,-2,-57
1756014335.7849443,1,-4,-64
1756014335.8239446,4,0,-64
1756014335.8599446,11,3,-53
1756014335.8969443,0,0,-40
1756014335.9339447,-1,4,-33
1756014335.9729445,-2,2,-51
1756014336.0089445,1,6,-54
1756014336.0459447,6,8,-47
1756014336.0839446,0,3,-45
1756014336.1199446,0,4,-55
1756014336.1569445,0,3,-48
1756014336.1939447,2,-6,-47
1756014336.2329447,3,2,-41
1756014336.2689445,0,5,-45
1756014336.3059447,0,0,-44
1756014336.3439443,8,0,-50
1756014336.3829446,2,-5,-59
1756014336.4189446,0,2,-55
1756014336.4559443,2,-1,-60
1756014336.4949446,2,1,-53
1756014336.532945,1,0,-47
1756014336.5689447,-1,1,-51
1756014336.6069446,-2,3,-36
1756014336.644945,-2,2,-46
1756014336.6839447,-3,-1,-62
1756014336.7199447,0,-4,-49
1756014336.756945,0,-1,-54
1756014336.7949443,-1,-11,-39
1756014336.8339446,-4,-5,-47
1756014336.8699446,3,0,-55
1756014336.9069445,0,0,-53
1756014336.9449446,1,-3,-53
1756014336.9829447,0,0,-53
1756014337.0189445,0,-1,-50
1756014337.0569446,-6,0,-56
1756014337.0949447,-6,-4,-54
1756014337.1339445,-3,-4,-49
1756014337.1699443,-1,-4,-54
1756014337.2079446,0,-10,-48
1756014337.2459445,-2,-3,-52
1756014337.2849443,0,3,-59
1756014337.3229446,-4,1,-43
1756014337.358945,5,1,-49
1756014337.3959446,6,1,-43
1756014337.4349446,1,0,-47
1756014337.4709446,-4,-4,-51
1756014337.509945,-2,-2,-60
1756014337.5469446,-3,1,-47
1756014337.5849447,-7,2,-56
1756014337.6239443,-6,0,-62
1756014337.6599443,-7,-1,-63
1756014337.6979446,-7,5,-55
1756014337.7359445,0,6,-61
1756014337.7749443,-4,1,-58
1756014337.8109446,4,0,-63
1756014337.8569446,-2,-2,-60
1756014337.894945,-8,0,-57
1756014337.9309447,1,0,-51
1756014337.9679446,2,0,-44
1756014338.0049446,-1,3,-52
1756014338.0439446,0,3,-46
1756014338.0799446,10,-1,-49
1756014338.1179447,1,-2,-37
1756014338.1559446,0,-7,-38
1756014338.1939447,-1,-3,-57
1756014338.2299447,-2,2,-46
1756014338.2679446,-5,4,-52
1756014338.3059447,-1,3,-60
1756014338.3449447,0,-4,-60
1756014338.3809447,-4,-2,-47
1756014338.4189446,-3,3,-50
1756014338.4569447,-1,-1,-43
1756014338.4959445,0,2,-48
1756014338.5339446,0,-7,-53
1756014338.5699446,-2,-8,-57
1756014338.6079447,1,-1,-39
1756014338.6459446,0,-1,-54
1756014338.6849446,0,-5,-45
1756014338.7209446,0,-4,-52
1756014338.7579446,0,6,-60
1756014338.7959447,-4,-1,-45
1756014338.8339446,-2,-5,-51
1756014338.8699446,-4,-3,-45
1756014338.907945,0,-5,-40
1756014338.9459443,-2,-2,-46
1756014338.9849446,-2,-1,-45
1756014339.0209446,0,1,-49
1756014339.0579443,3,2,-55
1756014339.0959446,2,-5,-43
1756014339.131945,0,-4,-47
1756014339.1689446,-15,-1,-48
1756014339.2069447,-4,0,-48
1756014339.2459445,-4,-6,-56
1756014339.2819445,-4,-3,-56
1756014339.3199446,1,1,-47
1756014339.3579447,2,0,-51
1756014339.3959446,3,-1,-52
1756014339.4319446,0,-2,-48
1756014339.4709446,2,2,-54
1756014339.5079446,2,-1,-53
1756014339.5459447,2,2,-39
1756014339.5849447,-7,0,-50
1756014339.6209445,0,-4,-53
1756014339.657945,0,-2,-42
1756014339.6959443,-6,3,-40
1756014339.7349446,1,-1,-46
1756014339.7709446,5,-1,-45
1756014339.8079443,4,-2,-56
1756014339.8469446,-8,-1,-48
1756014339.884945,-4,3,-44
1756014339.9209447,-8,2,-38
1756014339.9579446,0,1,-48
1756014339.996945,-1,-2,-56
1756014340.0349443,0,-5,-48
1756014340.0709443,0,0,-56
1756014340.1079447,-10,-1,-63
1756014340.1469443,-12,-1,-51
1756014340.1849446,-3,3,-50
1756014340.2209446,3,6,-50
1756014340.2579446,3,-1,-62
1756014340.2969446,1,-4,-58
1756014340.3349447,5,3,-48
1756014340.3709445,0,2,-56
1756014340.407945,3,-4,-49
1756014340.4469447,0,0,-51
1756014340.4849446,0,3,-41
1756014340.5209446,-1,0,-42
1756014340.5579443,-4,1,-39
1756014340.5969446,-1,-1,-48
1756014340.634945,-5,-1,-57
1756014340.6709447,-6,-1,-51
1756014340.7089446,-9,3,-47
1756014340.746945,-1,1,-50
1756014340.7859447,3,-1,-57
1756014340.8219447,3,0,-44
1756014340.858945,2,-4,-54
1756014340.8969443,1,-5,-49
1756014340.9359446,2,-4,-59
1756014340.9719446,3,-3,-46
1756014341.009945,-1,-3,-41
1756014341.0479443,0,0,-41
1756014341.0869446,-4,-6,-49
1756014341.1229446,-5,-11,-44
1756014341.1609447,-5,-1,-53
1756014341.1989446,-3,0,-48
1756014341.236945,-1,-1,-59
1756014341.2759447,-2,0,-53
1756014341.3119447,0,2,-54
1756014341.348945,1,8,-42
1756014341.3869443,-4,3,-51
1756014341.4229443,2,-2,-55
1756014341.460945,3,-5,-50
1756014341.4989443,4,0,-48
1756014341.5379446,-2,0,-49
1756014341.575945,-9,4,-52
1756014341.611945,-7,8,-49
1756014341.6499443,0,3,-51
1756014341.687945,2,1,-45
1756014341.7259445,-2,-1,-57
1756014341.7619443,-2,1,-53
1756014341.7999446,4,-1,-44
1756014341.8379445,0,3,-46
1756014341.8759446,-5,6,-49
1756014341.9129446,-5,6,-35
1756014341.9499447,-5,-2,-40
1756014341.9879446,2,0,-54
1756014342.0259447,-2,-1,-51
1756014342.0619447,7,0,-39
1756014342.098945,2,0,-49
1756014342.1379447,-7,2,-52
1756014342.1759446,1,-1,-46
1756014342.2119446,2,0,-47
1756014342.2499447,0,0,-39
1756014342.2879446,0,5,-40
1756014342.325945,-2,5,-42
1756014342.361945,0,-3,-46
1756014342.3999443,4,0,-51
1756014342.437945,3,-5,-51
1756014342.473945,0,-10,-54
1756014342.5109446,6,-6,-58
1756014342.5499446,-2,2,-63
1756014342.5879445,-3,-1,-47
1756014342.6239443,2,0,-44
1756014342.6629446,6,3,-40
1756014342.6999447,8,0,-53
1756014342.7379446,1,-5,-45
1756014342.7739446,0,-1,-41
1756014342.8109446,-2,-3,-40
1756014342.848945,-2,-9,-51
1756014342.8879447,4,-8,-48
1756014342.9239447,10,-1,-52
1756014342.960945,-5,-5,-49
1756014342.9989443,0,-7,-52
1756014343.0379446,1,-2,-55
1756014343.0739446,3,0,-63
1756014343.1109445,0,1,-63
1756014343.1479447,-6,3,-55
1756014343.1869447,5,7,-58
1756014343.2229445,7,1,-51
1756014343.259945,3,1,-56
1756014343.2979443,5,-6,-56
1756014343.3339446,5,-5,-59
1756014343.3709445,5,-2,-59
1756014343.4089446,-5,3,-57
1756014343.4479446,-1,0,-55
1756014343.483945,1,3,-46
1756014343.5209446,0,3,-41
1756014343.5589447,-2,-2,-50
1756014343.5979445,4,-4,-48
1756014343.6339445,7,-5,-37
1756014343.6709447,2,4,-55
1756014343.7089446,-1,-2,-62
1756014343.7479446,-6,0,-52
1756014343.7839446,-4,0,-44
1756014343.8219447,-5,-1,-46
1756014343.858945,-6,0,-46
1756014343.8979447,-5,2,-51
1756014343.9339447,-3,-2,-46
1756014343.9719446,-1,0,-58
1756014344.009945,-2,0,-53
1756014344.0489447,-1,-5,-50
1756014344.0849447,-1,-7,-49
1756014344.1229446,-7,-2,-52
1756014344.1609447,-5,-2,-58
1756014344.1989446,0,5,-55
1756014344.2379446,4,4,-55
1756014344.2739446,0,5,-48
1756014344.3119447,0,3,-53
1756014344.348945,0,1,-49
1756014344.384945,0,6,-46
1756014344.4219446,-7,3,-53
1756014344.4599447,-5,4,-59
1756014344.4989443,0,1,-60
1756014344.5349443,3,-2,-67
1756014344.5719447,0,8,-54
1756014344.608945,3,2,-51
1756014344.644945,-5,1,-52
1756014344.6819446,-11,-7,-63
1756014344.7209446,-6,-18,-47
1756014344.7589445,0,-11,-53
1756014344.7949443,2,-2,-47
1756014344.8319447,0,4,-53
1756014344.8699446,-6,2,-48
1756014344.907945,2,0,-47
1756014344.9439447,2,5,-49
1756014344.9819446,-8,-2,-45
1756014345.019945,-3,-5,-51
1756014345.0579443,-6,6,-54
1756014345.0939443,-4,7,-53
1756014345.1309447,-2,7,-54
1756014345.1699443,1,6,-58
1756014345.2079446,7,-1,-59
1756014345.2439446,11,-4,-52
1756014345.2809446,-6,-1,-64
1756014345.3199446,-3,-2,-46
1756014345.3579447,3,-2,-52
1756014345.3939445,-1,-2,-43
1756014345.4319446,-5,-4,-47
1756014345.4699447,-4,-1,-54
1756014345.5089445,-18,0,-65
1756014345.5449443,-6,-5,-60
1756014345.5839446,-1,-4,-57
1756014345.6209445,-2,-1,-45
1756014345.6599443,0,0,-54
1756014345.6979446,0,-7,-57
1756014345.733945,2,-3,-49
1756014345.7709446,-2,4,-57
1756014345.8099446,-3,6,-54
1756014345.8459446,3,3,-58
1756014345.8829446,0,-6,-54
1756014345.9209447,-4,4,-48
1756014345.9599447,-2,-5,-57
1756014345.9959445,0,-3,-50
1756014346.032945,2,0,-40
1756014346.0709443,-3,3,-49
1756014346.1099446,-1,0,-56
1756014346.1459446,-2,-2,-66
1756014346.1839447,-1,4,-61
1756014346.2229445,2,0,-53
1756014346.259945,7,3,-44
1756014346.2969446,-1,7,-49
1756014346.3339446,7,6,-40
1756014346.3709445,2,6,-50
1756014346.4099443,1,6,-54
1756014346.4459443,0,-1,-56
1756014346.4829447,-7,0,-48
1756014346.5209446,-9,0,-36
1756014346.5599446,-2,2,-46
1756014346.5959446,3,-1,-46
1756014346.6329446,3,0,-56
1756014346.6709447,3,1,-41
1756014346.7089446,-4,1,-39
1756014346.7449446,-8,4,-59
1756014346.782945,4,8,-55
1756014346.8209443,1,1,-46
1756014346.858945,8,1,-43
1756014346.894945,0,0,-60
1756014346.9329443,-8,0,-53
1756014346.9709446,-3,-5,-55
1756014347.009945,1,-2,-53
1756014347.0459447,0,-3,-49
1756014347.0829446,-6,-7,-58
1756014347.1209445,3,-2,-51
1756014347.1599443,0,2,-63
1756014347.1959443,6,7,-60
1756014347.2329447,1,4,-64
1756014347.2709446,-6,-2,-58
1756014347.3089447,-1,-5,-58
1756014347.3449447,4,-8,-62
1756014347.3829446,7,-3,-43
1756014347.4209447,-2,-4,-43
1756014347.4599447,2,0,-46
1756014347.4959445,5,0,-52
1756014347.532945,-4,-5,-48
1756014347.5709443,-3,-3,-43
1756014347.6099446,0,3,-56
1756014347.6459446,-4,4,-46
1756014347.6829443,-1,2,-59
1756014347.7219446,5,0,-61
1756014347.759945,6,0,-56
1756014347.7959447,8,-2,-65
1756014347.8349447,0,3,-63
1756014347.8799446,-1,8,-56
1756014347.9159446,-1,0,-38
1756014347.9539447,2,0,-44
1756014347.9919446,0,-1,-46
1756014348.0309446,9,-9,-56
1756014348.0669446,-2,-6,-52
1756014348.1049447,-7,-2,-44
1756014348.1429446,-12,0,-58
1756014348.1819446,-2,2,-58
1756014348.2199447,4,-8,-57
1756014348.256945,1,4,-60
1756014348.2939446,5,-3,-56
1756014348.3319447,1,-4,-50
1756014348.3709445,1,0,-47
1756014348.4069445,0,3,-43
1756014348.4439447,-4,-1,-55
1756014348.4819446,-1,-4,-56
1756014348.5209446,-4,-11,-60
1756014348.5569446,-10,-5,-62
1756014348.5949447,-2,0,-61
1756014348.6329446,-2,2,-49
1756014348.6719446,-6,6,-47
1756014348.7099447,2,-1,-51
1756014348.7459445,-1,2,-55
1756014348.7849443,-1,-1,-57
1756014348.8219447,0,-5,-50
1756014348.8609445,0,-5,-52
1756014348.8969443,4,-2,-45
1756014348.9339447,8,-4,-51
1756014348.9719446,6,-2,-57
1756014349.0109446,2,0,-53
1756014349.0469446,-2,-6,-58
1756014349.0849447,3,0,-54
1756014349.121945,-2,-1,-47
1756014349.1609447,-4,-3,-34
1756014349.1969447,2,-8,-41
1756014349.2349446,2,-4,-43
1756014349.2739446,0,-4,-51
1756014349.3119447,-1,3,-51
1756014349.3479445,-9,0,-53
1756014349.3859446,-3,-4,-54
1756014349.4239447,2,-4,-57
1756014349.4619446,3,0,-50
1756014349.5009446,3,-3,-60
1756014349.5369446,-2,-1,-53
1756014349.5749447,-1,-2,-42
1756014349.6129446,-2,-2,-43
1756014349.6519446,3,1,-60
1756014349.687945,7,0,-60
1756014349.7259445,5,7,-46
1756014349.7629447,6,-5,-50
1756014349.8019447,-1,-3,-58
1756014349.8379445,0,-5,-57
1756014349.8759446,-2,-4,-61
1756014349.9139447,0,-2,-53
1756014349.9529445,-9,2,-46
1756014349.9909446,2,-3,-50
1756014350.0269446,0,8,-54
1756014350.0639446,6,0,-57
1756014350.1019447,2,-7,-60
1756014350.1379447,1,-3,-59
1756014350.1759446,2,-2,-61
1756014350.213945,2,1,-49
1756014350.2529447,0,-2,-49
1756014350.2909446,-7,-9,-41
1756014350.3269446,-3,3,-39
1756014350.3639443,2,-6,-44
1756014350.4029446,3,-5,-48
1756014350.440945,2,-5,-50
1756014350.4769447,-2,-4,-61
1756014350.5149446,0,2,-51
1756014350.552945,-2,0,-58
1756014350.5919447,-7,0,-63
1756014350.6279447,-4,1,-61
1756014350.6659446,0,-2,-55
1756014350.7029445,5,-7,-46
1756014350.7419446,4,0,-50
1756014350.7779446,4,0,-46
1756014350.815945,0,-4,-53
1756014350.8529446,0,-4,-58
1756014350.8919446,1,0,-50
1756014350.927945,1,2,-49
1756014350.9649446,-1,6,-44
1756014351.0029447,0,0,-49
1756014351.0389447,-5,-7,-57
1756014351.0769446,-6,0,-62
1756014351.1149447,-3,0,-53
1756014351.1529446,4,2,-51
1756014351.1889446,0,1,-59
1756014351.2269447,0,3,-55
1756014351.2639446,-1,-1,-52
1756014351.302945,-3,-8,-49
1756014351.338945,-8,-7,-45
1756014351.3769443,2,-1,-47
1756014351.4149446,0,-4,-48
1756014351.4539447,3,-9,-48
1756014351.4919446,1,-7,-51
1756014351.5279446,-3,-5,-48
1756014351.565945,0,1,-51
1756014351.6039443,4,-1,-46
1756014351.6429446,2,-3,-40
1756014351.6789446,4,-7,-42
1756014351.7159443,2,-4,-53
1756014351.7539446,0,-3,-48
1756014351.792945,-2,-9,-58
1756014351.8289447,-4,-6,-52
1756014351.8669446,-10,-2,-52
1756014351.904945,1,-6,-54
1756014351.9439447,1,3,-49
1756014351.9819446,-2,4,-56
1756014352.0179446,-4,-5,-56
1756014352.0569446,7,8,-50
1756014352.0939443,4,6,-51
1756014352.131945,5,3,-49
1756014352.167945,1,2,-40
1756014352.2049446,5,0,-47
1756014352.2429447,5,-2,-55
1756014352.2789447,8,-1,-58
1756014352.315945,6,-1,-42
1756014352.3539443,0,-1,-46
1756014352.3929446,-4,-3,-54
1756014352.4289446,1,6,-62
1756014352.4659443,-4,2,-49
1756014352.5039446,-6,3,-50
1756014352.542945,-2,-5,-60
1756014352.5789447,0,-8,-43
1756014352.6159446,-8,0,-41
1756014352.6539447,-5,-4,-55
1756014352.6929443,3,1,-47
1756014352.7289443,1,0,-41
1756014352.7669446,-4,1,-54
1756014352.8039446,-4,-6,-53
1756014352.8429446,0,-3,-53
1756014352.8789446,0,-2,-47
1756014352.9169445,5,-1,-58
1756014352.9539447,0,0,-53
1756014352.9899447,0,-4,-47
1756014353.0289447,5,-2,-49
1756014353.065945,0,0,-66
1756014353.1039443,0,2,-56
1756014353.1399446,-1,-1,-58
1756014353.1789446,-4,2,-43
1756014353.2169447,0,1,-46
1756014353.2549446,-1,0,-43
1756014353.292945,3,-1,-54
1756014353.3289447,-1,-4,-48
1756014353.3669446,-3,-4,-52
1756014353.404945,1,-3,-52
1756014353.4439447,4,0,-48
1756014353.4799447,14,0,-42
1756014353.5169446,0,-3,-36
1756014353.5549445,0,1,-50
1756014353.5929446,0,-6,-50
1756014353.6289446,0,-4,-48
1756014353.6669445,0,-13,-50
1756014353.7049446,1,-9,-56
1756014353.7429447,-2,0,-63
1756014353.7789447,1,0,-50
1756014353.815945,-1,-2,-56
1756014353.8549447,3,-6,-50
1756014353.8929446,0,0,-50
1756014353.9289446,4,-5,-50
1756014353.9669447,2,-5,-61
1756014354.0049446,7,-3,-50
1756014354.042945,0,-8,-53
1756014354.0789447,-5,-4,-41
1756014354.1169446,-7,-2,-44
1756014354.154945,0,8,-50
1756014354.190945,-1,0,-47
1756014354.2279446,-5,0,-48
1756014354.2659447,-3,0,-44
1756014354.3049445,5,1,-55
1756014354.3409443,1,-6,-56
1756014354.3779447,2,-7,-50
1756014354.4159446,7,-1,-56
1756014354.4549446,-1,-5,-54
1756014354.4909446,0,0,-56
1756014354.5279446,2,1,-57
1756014354.5649445,-3,2,-52
1756014354.6039443,-1,0,-52
1756014354.6399446,0,1,-48
1756014354.6769447,3,0,-57
1756014354.7149446,-3,-8,-66
1756014354.7509446,2,-7,-50
1756014354.7879446,-3,-2,-48
1756014354.825945,-1,-4,-48
1756014354.8649447,-2,-3,-46
1756014354.9009447,-1,-1,-41
1756014354.9389446,1,3,-51
1756014354.9759445,3,1,-58
1756014355.0149446,4,-2,-58
1756014355.0509446,0,2,-55
1756014355.0879445,-15,3,-43
1756014355.1259446,-5,0,-55
1756014355.1649446,-6,0,-53
1756014355.200945,-1,-3,-47
1756014355.2389443,-1,0,-61
1756014355.2769446,-3,0,-52
1756014355.315945,-4,1,-49
1756014355.3539443,-5,-1,-47
1756014355.3899446,-3,-9,-44
1756014355.427945,2,-2,-46
1756014355.4659443,-1,-1,-40
1756014355.5049446,3,2,-54
1756014355.5409446,1,5,-49
1756014355.5789447,-1,-9,-37
1756014355.6179447,1,-7,-52
1756014355.6559446,-1,-3,-62
1756014355.6919446,0,-5,-55
1756014355.7289443,1,6,-56
1756014355.7659447,4,0,-49
1756014355.8049445,0,4,-42
1756014355.8409443,0,0,-43
1756014355.8789446,0,3,-48
1756014355.9169445,1,1,-57
1756014355.9559443,-2,-1,-59
1756014355.9919446,-11,0,-46
1756014356.0289447,-15,0,-53
1756014356.0669446,-9,2,-54
1756014356.1059446,-1,4,-48
1756014356.1419446,6,2,-55
1756014356.1789446,6,1,-53
1756014356.2159443,4,8,-48
1756014356.2549446,1,6,-52
1756014356.2909446,1,2,-46
1756014356.3289447,-2,0,-49
1756014356.3669446,-1,-3,-53
1756014356.4059446,-6,0,-45
1756014356.4419446,-3,1,-65
1756014356.4789443,-5,2,-57
1756014356.5169446,-10,5,-50
1756014356.5559447,-4,4,-61
1756014356.5919447,-2,4,-60
1756014356.6289446,-14,-5,-53
1756014356.6669445,-4,3,-57
1756014356.7059443,5,0,-61
1756014356.7419446,0,0,-56
1756014356.7789447,-4,0,-40
1756014356.8169446,2,3,-51
1756014356.8549447,-2,0,-56
1756014356.8909447,-2,-4,-48
1756014356.9289446,-1,-5,-48
1756014356.9669447,-2,0,-52
1756014357.0059447,-4,0,-55
1756014357.0419445,-10,-4,-49
1756014357.0799446,-4,0,-52
1756014357.1179447,0,2,-40
1756014357.1569445,8,0,-45
1756014357.1949446,-1,0,-51
1756014357.2309446,-4,0,-47
1756014357.2689445,-9,0,-50
1756014357.3069446,-8,-2,-54
1756014357.3449447,2,3,-62
1756014357.3809447,1,2,-52
1756014357.417945,7,0,-49
1756014357.4569447,6,1,-38
1756014357.4929447,2,0,-45
1756014357.529945,0,0,-48
1756014357.5669446,0,2,-54
1756014357.6059446,-3,-4,-56
1756014357.6419446,-2,-3,-54
1756014357.6799445,-2,-9,-54
1756014357.7179446,-3,-1,-55
1756014357.756945,4,-1,-41
1756014357.792945,1,-2,-39
1756014357.8309443,3,-7,-49
1756014357.8689446,0,-6,-40
1756014357.9129446,8,-5,-36
1756014357.950945,10,4,-42
1756014357.9879446,0,0,-48
1756014358.0259447,1,0,-40
1756014358.0619447,2,0,-46
1756014358.0999446,-6,0,-48
1756014358.1379447,-4,2,-39
1756014358.1759446,4,2,-56
1756014358.2119446,1,3,-61
1756014358.2489443,6,0,-56
1756014358.2869446,6,5,-58
1756014358.3229446,8,-2,-53
1756014358.3599446,8,-3,-47
1756014358.3979447,-5,0,-53
1756014358.4369447,-1,-1,-50
1756014358.4729445,2,-1,-55
1756014358.509945,-3,-1,-44
1756014358.5479443,-6,2,-35
1756014358.5869446,-1,-2,-37
1756014358.6229446,1,0,-40
1756014358.6599443,-4,-5,-43
1756014358.6989446,-4,-9,-43
1756014358.736945,-2,-13,-48
1756014358.7729447,-4,-3,-37
1756014358.8119447,3,-4,-47
1756014358.848945,0,-5,-52
1756014358.8879447,-1,0,-47
1756014358.9259446,0,-3,-40
1756014358.9619446,-2,-1,-49
1756014358.9999447,3,-1,-52
1756014359.0379446,8,4,-70
1756014359.0739446,4,0,-63
1756014359.111945,2,2,-51
1756014359.1489446,9,-1,-53
1756014359.187945,0,-5,-59
1756014359.223945,-7,0,-56
1756014359.2619443,-1,4,-54
1756014359.2999446,-6,4,-60
1756014359.3379445,1,2,-56
1756014359.3739443,-2,-1,-43
1756014359.4119446,0,9,-52
1756014359.4489446,1,-4,-50
1756014359.4879446,2,-8,-60
1756014359.5239446,1,1,-60
1756014359.5619447,4,0,-57
1756014359.598945,-2,1,-63
1756014359.6379447,-2,2,-57
1756014359.6739447,4,-1,-50
1756014359.7119446,1,-2,-55
1756014359.7489443,-4,1,-55
1756014359.7879446,3,0,-55
1756014359.8239446,4,0,-57
1756014359.8609445,-3,5,-49
1756014359.8989446,-2,4,-52
1756014359.937945,-5,3,-54
1756014359.973945,-4,4,-58
1756014360.0109446,0,7,-53
1756014360.0489447,-3,3,-41
1756014360.0879445,0,2,-51
1756014360.1239443,-4,2,-61
1756014360.1609447,-2,-4,-52
1756014360.1989446,1,1,-48
1756014360.236945,7,-1,-32
1756014360.2729447,1,1,-48
1756014360.3099446,0,7,-53
1756014360.348945,-2,-2,-46
1756014360.3869443,-5,0,-64
1756014360.4229443,3,5,-55
1756014360.4599447,7,0,-47
1756014360.4989443,5,0,-55
1756014360.5369446,-9,6,-53
1756014360.5729446,0,0,-61
1756014360.6099446,7,-4,-50
1756014360.6489446,-1,-2,-56
1756014360.6869447,-2,2,-58
1756014360.7229445,-2,0,-46
1756014360.759945,0,0,-47
1756014360.7989447,-3,3,-46
1756014360.8349447,2,0,-48
1756014360.8729446,5,0,-51
1756014360.9109447,1,0,-44
1756014360.9489446,-4,-3,-46
1756014360.9849446,-10,-3,-39
1756014361.0229447,-4,-5,-46
1756014361.0609446,-12,-11,-44
1756014361.0999446,0,-2,-49
1756014361.1379447,-11,-4,-53
1756014361.1739447,-4,-4,-60
1756014361.2129445,-4,6,-64
1756014361.2499447,4,2,-57
1756014361.2879446,5,2,-54
1756014361.3239446,2,0,-53
1756014361.3609445,-1,0,-53
1756014361.3989446,-1,-1,-57
1756014361.437945,-7,-1,-53
1756014361.473945,-8,-3,-51
1756014361.5129447,-1,-9,-44
1756014361.5499446,0,-1,-49
1756014361.588945,-1,-2,-51
1756014361.6249447,0,-1,-57
1756014361.6629446,1,-4,-39
1756014361.700945,8,-9,-49
1756014361.7399447,10,1,-45
1756014361.7779446,11,-1,-47
1756014361.8139446,11,5,-43
1756014361.8509445,2,2,-48
1756014361.8889446,8,10,-39
1756014361.9249446,0,6,-48
1756014361.9619446,-7,1,-65
1756014361.9999447,-6,5,-57
1756014362.0389447,-6,-3,-57
1756014362.0749447,-1,-3,-51
1756014362.1129446,0,1,-48
1756014362.1499443,-1,9,-55
1756014362.1889446,-10,-3,-49
1756014362.2249446,-1,-3,-50
1756014362.2629447,-4,0,-40
1756014362.3009446,0,3,-59
1756014362.338945,-1,2,-49
1756014362.3749447,-1,0,-51
1756014362.4119446,1,0,-60
1756014362.4499447,1,0,-70
1756014362.4859445,-2,1,-60
1756014362.5249443,5,-1,-58
1756014362.5619447,2,-3,-57
1756014362.6009445,0,2,-49
1756014362.6389446,-3,2,-54
1756014362.6749446,-4,1,-52
1756014362.713945,-4,6,-48
1756014362.7509446,-5,-3,-53
1756014362.7899446,-9,7,-46
1756014362.825945,-6,1,-54
1756014362.8639443,-6,1,-48
1756014362.9009447,2,-1,-71
1756014362.9399445,0,4,-63
1756014362.9759445,8,-1,-64
1756014363.0139446,4,-2,-54
1756014363.0509446,-5,1,-55
1756014363.0899446,-2,0,-50
1756014363.1259446,-3,-4,-55
1756014363.1639447,-3,-3,-44
1756014363.2019446,-2,-2,-48
1756014363.2409446,-1,-3,-59
1756014363.2789447,2,0,-49
1756014363.3149445,7,0,-38
1756014363.3519447,-1,-7,-43
1756014363.3909447,-3,-8,-47
1756014363.4289446,7,0,-43
1756014363.4649446,7,0,-48
1756014363.5019443,-6,-1,-47
1756014363.5409446,-2,0,-53
1756014363.5789447,-3,2,-45
1756014363.6149447,-2,0,-47
1756014363.6519446,-6,0,-51
1756014363.690945,-2,-2,-55
1756014363.7289443,-3,0,-59
1756014363.7649446,1,3,-50
1756014363.8019447,-3,1,-37
1756014363.8409443,1,0,-48
1756014363.8789446,-1,0,-52
1756014363.9149446,-3,4,-45
1756014363.9519446,0,4,-48
1756014363.9899447,3,1,-58
1756014364.0259447,-4,1,-51
1756014364.062945,-1,0,-45
1756014364.1009445,-3,0,-55
1756014364.1399446,0,-3,-55
1756014364.1759446,-3,-7,-61
1756014364.213945,1,-3,-52
1756014364.2519443,1,-3,-53
1756014364.2909446,3,-1,-50
1756014364.3269446,0,-7,-50
1756014364.3649447,-4,0,-47
1756014364.4019446,-9,-1,-55
1756014364.440945,7,-2,-55
1756014364.4769447,7,-3,-50
1756014364.5149446,-1,-2,-45
1756014364.5519447,-7,-1,-50
1756014364.5909443,-4,-1,-50
1756014364.6269443,4,-3,-62
1756014364.6649446,1,-2,-52
1756014364.7019446,0,-1,-59
1756014364.7409446,0,0,-49
1756014364.7769446,1,-9,-49
1756014364.8139446,-3,-5,-55
1756014364.8519447,5,0,-64
1756014364.8909447,-2,3,-63
1756014364.9269447,4,1,-62
1756014364.9649446,9,2,-57
1756014365.0019443,3,2,-48
1756014365.0399446,-3,4,-57
1756014365.075945,4,0,-54
1756014365.1129446,-5,5,-53
1756014365.1519446,0,-2,-64
1756014365.1899445,1,0,-57
1756014365.2259445,-2,-1,-58
1756014365.2639446,-1,2,-59
1756014365.3019447,0,0,-65
1756014365.3399446,0,-2,-66
1756014365.3759446,-4,-6,-44
1756014365.4139447,0,-8,-55
1756014365.4519446,6,-5,-54
1756014365.4909446,1,-3,-56
1756014365.5269446,4,-7,-42
1756014365.5639446,0,-9,-44
1756014365.6019447,7,1,-44
1756014365.6409447,5,-2,-49
1756014365.6769447,0,-5,-53
1756014365.713945,1,-4,-59
1756014365.7529447,0,-1,-48
1756014365.7909446,-2,0,-56
1756014365.8269446,0,0,-56
1756014365.8639443,4,-6,-62
1756014365.9019446,5,-4,-55
1756014365.940945,-1,-3,-41
1756014365.9769447,0,-4,-50
1756014366.0139446,-1,0,-50
1756014366.052945,-6,-4,-45
1756014366.0909443,-1,-2,-54
1756014366.1269443,-6,0,-47
1756014366.1639447,-6,0,-48
1756014366.2019446,-9,2,-56
1756014366.2409446,-6,-5,-56
1756014366.2769446,-6,2,-56
1756014366.3139446,1,4,-52
1756014366.3529446,0,2,-46
1756014366.3909447,0,-3,-40
1756014366.4269447,2,7,-47
1756014366.463945,-1,5,-49
1756014366.5029447,-8,7,-54
1756014366.5409446,-4,0,-53
1756014366.5769446,-8,-4,-47
1756014366.6149447,-2,-2,-51
1756014366.6529446,-2,4,-52
1756014366.6919446,2,0,-57
1756014366.7279446,5,-7,-44
1756014366.7649446,1,-9,-47
1756014366.802945,3,-5,-44
1756014366.8419447,5,-1,-45
1756014366.8779447,7,2,-50
1756014366.9149446,-5,0,-56
1756014366.9529445,0,1,-69
1756014366.9919446,5,-1,-52
1756014367.0279446,0,-3,-60
1756014367.0649445,3,-4,-53
1756014367.1039443,3,0,-58
1756014367.1419446,-7,-4,-63
1756014367.177945,-3,0,-59
1756014367.2149446,-1,-4,-53
1756014367.2529447,0,-10,-57
1756014367.2919445,5,-4,-50
1756014367.3279445,-4,-7,-42
1756014367.3669446,4,5,-40
1756014367.4039447,-2,6,-47
1756014367.4429443,0,-3,-49
1756014367.4789443,1,-6,-48
1756014367.5169446,0,0,-54
1756014367.5539446,-4,-3,-61
1756014367.5929446,0,-2,-57
1756014367.6289446,2,0,-52
1756014367.6669445,-1,12,-45
1756014367.7039447,1,9,-39
1756014367.7419446,0,-2,-49
1756014367.7779446,-2,-1,-39
1756014367.815945,2,-3,-52
1756014367.8539443,-7,-4,-56
1756014367.8929446,4,0,-48
1756014367.9369447,5,-4,-45
1756014367.9749446,8,-2,-55
1756014368.0129447,1,3,-57
1756014368.0519447,0,-1,-62
1756014368.0879445,2,-3,-46
1756014368.1249447,7,-7,-42
1756014368.1639447,4,-4,-56
1756014368.2019446,-5,-1,-64
1756014368.2379446,6,1,-56
1756014368.2749443,2,2,-47
1756014368.312945,9,0,-62
1756014368.348945,0,-2,-60
1756014368.3859446,-7,5,-46
1756014368.4239447,-2,-2,-52
1756014368.4629445,-5,-4,-43
1756014368.4989443,4,-5,-47
1756014368.5379446,-2,-1,-45
1756014368.5749447,3,-1,-45
1756014368.6139443,0,-5,-52
1756014368.6519446,-2,0,-56
1756014368.687945,-1,1,-56
1756014368.7249446,-6,-2,-56
1756014368.7639446,0,-9,-42
1756014368.8019447,0,-7,-42
1756014368.8379445,-4,-3,-44
1756014368.8759446,-1,1,-53
1756014368.9139447,-10,2,-47
1756014368.9529445,-2,1,-47
1756014368.9889443,0,0,-46
1756014369.0259447,-4,4,-57
1756014369.0639446,-7,5,-51
1756014369.1029446,-3,-1,-54
1756014369.1389446,7,-4,-59
1756014369.1759446,1,-5,-52
1756014369.213945,-1,-3,-40
1756014369.2529447,-4,0,-48
1756014369.2889447,2,-3,-60
1756014369.325945,0,-6,-53
1756014369.3639443,-1,-1,-49
1756014369.4029446,8,2,-43
1756014369.4389446,12,-6,-46
1756014369.4759445,5,2,-40
1756014369.5139446,-1,-4,-49
1756014369.5499446,-1,-10,-58
1756014369.5879445,1,-11,-47
1756014369.6259446,-4,-5,-49
1756014369.6639447,-3,4,-39
1756014369.7029445,-1,-3,-51
1756014369.7389443,0,0,-59
1756014369.7759447,2,6,-50
1756014369.8149445,7,2,-50
1756014369.8529446,1,1,-51
1756014369.8889446,5,1,-56
1756014369.9259446,2,1,-43
1756014369.9649446,-8,0,-54
1756014370.0029447,-1,1,-55
1756014370.0389447,8,0,-51
1756014370.0769446,-8,0,-45
1756014370.1149447,0,-4,-43
1756014370.1539447,-1,-4,-45
1756014370.1899445,-4,-1,-43
1756014370.2279446,-1,2,-44
1756014370.2659447,1,-5,-55
1756014370.3049445,3,-2,-49
1756014370.3429446,0,2,-47
1756014370.3789446,-6,-1,-54
1756014370.4169445,-4,-8,-55
1756014370.4559443,-2,-4,-47
1756014370.4939446,0,-3,-56
1756014370.529945,5,0,-49
1756014370.5669446,1,-4,-61
1756014370.6059446,-1,1,-56
1756014370.6439445,-3,1,-49
1756014370.6799445,1,-2,-54
1756014370.7169447,0,-1,-54
1756014370.7549446,2,0,-49
1756014370.7939446,1,-9,-36
1756014370.8299446,-4,-6,-44
1756014370.8679447,5,-4,-43
1756014370.9059446,5,-5,-54
1756014370.9449446,0,-5,-64
1756014370.9809446,0,-6,-57
1756014371.0179446,1,2,-55
1756014371.0549445,-5,-4,-57
1756014371.0939443,0,-4,-65
1756014371.1299446,5,0,-65
1756014371.1669445,8,-5,-48
1756014371.2049446,4,-3,-61
1756014371.2439446,-2,-6,-53
1756014371.279945,-7,-8,-42
1756014371.3179443,-7,-4,-51
1756014371.3569446,0,-2,-62
1756014371.394945,1,-6,-53
1756014371.4309447,2,-1,-64
1756014371.4679446,3,0,-49
1756014371.506945,0,-2,-60
1756014371.5449443,3,0,-55
1756014371.5809443,-3,1,-59
1756014371.6179447,-7,1,-61
1756014371.6569445,-4,5,-51
1756014371.6949446,-3,-1,-47
1756014371.7309446,2,0,-48
1756014371.7679446,2,-7,-46
1756014371.8059447,-2,4,-31
1756014371.8449447,-1,-3,-37
1756014371.8809447,-2,-2,-39
1756014371.9199443,3,-3,-40
1756014371.9569447,0,5,-48
1756014371.9949446,11,-2,-50
1756014372.0309446,-3,1,-52
1756014372.0679443,2,-4,-42
1756014372.1069446,-1,6,-49
1756014372.144945,-1,6,-51
1756014372.1809447,-1,1,-50
1756014372.2189443,5,2,-50
1756014372.256945,0,3,-62
1756014372.2949443,4,3,-49
1756014372.3309443,2,2,-58
1756014372.3689446,-4,-2,-51
1756014372.4059446,0,-4,-52
1756014372.4449446,0,-4,-58
1756014372.4809446,0,2,-61
1756014372.5179446,-4,1,-48
1756014372.5559447,0,2,-41
1756014372.5919447,-1,-1,-40
1756014372.6309447,0,3,-53
1756014372.667945,-4,-1,-62
1756014372.7059443,-2,-5,-64
1756014372.7449446,-1,0,-53
1756014372.7809446,3,2,-53
1756014372.8179443,-1,3,-46
1756014372.8559446,1,3,-51
1756014372.8919446,2,0,-59
1756014372.9289446,-2,-3,-46
1756014372.9669447,1,-6,-45
1756014373.0059447,2,-4,-50
1756014373.0419445,-1,-2,-54
1756014373.0799446,-1,0,-62
1756014373.1179447,-6,-3,-53
1756014373.1569445,-5,1,-52
1756014373.1949446,-3,3,-50
1756014373.2309446,0,3,-44
1756014373.2679446,-1,-3,-48
1756014373.3069446,-5,0,-58
1756014373.3449447,1,0,-55
1756014373.3809447,0,-6,-55
1756014373.4189446,1,-1,-41
1756014373.4579446,0,-2,-50
1756014373.4959445,4,0,-41
1756014373.5319445,1,1,-48
1756014373.5689447,1,-3,-49
1756014373.6069446,0,-2,-51
1756014373.6459446,5,-1,-48
1756014373.6819446,4,-1,-48
1756014373.7189443,0,0,-44
1756014373.756945,0,0,-49
1756014373.7949443,5,2,-54
1756014373.8309443,4,1,-48
1756014373.8679447,9,5,-34
1756014373.9059446,11,2,-53
1756014373.9419446,-2,1,-40
1756014373.9789443,6,4,-48
1756014374.0169446,-3,-5,-53
1756014374.052945,-7,-3,-59
1756014374.0919447,0,3,-56
1756014374.1289446,-4,2,-55
1756014374.1669445,5,3,-54
1756014374.2029445,-6,4,-55
1756014374.2419446,-1,0,-46
1756014374.279945,7,5,-39
1756014374.3169446,3,3,-48
1756014374.3559446,5,1,-54
1756014374.3919446,4,1,-53
1756014374.4299445,-5,1,-39
1756014374.4669447,-1,0,-47
1756014374.5059447,6,-2,-60
1756014374.5419445,1,4,-63
1756014374.5799446,3,-3,-57
1756014374.6169446,6,1,-50
1756014374.6529446,7,2,-42
1756014374.690945,-2,2,-46
1756014374.7299447,0,-4,-55
1756014374.7679446,-1,-5,-56
1756014374.8059447,6,-7,-61
1756014374.8419447,-3,0,-57
1756014374.8799446,-6,0,-56
1756014374.917945,0,0,-56
1756014374.9559443,4,0,-59
1756014374.9919446,0,-1,-57
1756014375.029945,0,-4,-48
1756014375.0679443,8,1,-66
1756014375.1059446,8,-4,-49
1756014375.1419446,1,-4,-52
1756014375.1789446,-3,-3,-50
1756014375.2179446,-4,-2,-57
1756014375.2559447,1,-2,-60
1756014375.2919445,4,5,-63
1756014375.3289447,-6,-3,-55
1756014375.3679447,-3,-5,-47
1756014375.4059446,4,-4,-57
1756014375.4419446,-2,-6,-55
1756014375.4799447,0,3,-58
1756014375.5179446,-1,0,-52
1756014375.5559447,0,-1,-55
1756014375.5919447,-2,-4,-61
1756014375.6309447,4,-1,-51
1756014375.667945,6,1,-49
1756014375.7039447,9,0,-40
1756014375.7409446,-3,3,-41
1756014375.7789447,0,2,-51
1756014375.8169446,3,1,-60
1756014375.8529446,2,0,-50
1756014375.8899446,1,1,-52
1756014375.927945,4,-1,-49
1756014375.963945,5,-2,-49
1756014376.0009446,0,5,-41
1756014376.0379446,0,1,-52
1756014376.0769446,3,-3,-58
1756014376.1129446,1,-6,-55
1756014376.1499443,7,1,-65
1756014376.187945,3,-4,-54
1756014376.2269447,2,1,-49
1756014376.2629447,1,5,-62
1756014376.2999446,4,5,-49
1756014376.3379445,5,1,-41
1756014376.3739443,4,0,-47
1756014376.4109447,0,0,-52
1756014376.4489446,-5,-2,-50
1756014376.486945,1,0,-55
1756014376.5229447,5,-2,-62
1756014376.5599446,1,-4,-51
1756014376.598945,0,0,-58
1756014376.6369443,2,0,-42
1756014376.6729443,-1,-6,-38
1756014376.710945,0,0,-59
1756014376.7489443,1,-5,-38
1756014376.7869446,3,-4,-31
1756014376.8229446,2,-6,-38
1756014376.8609445,1,0,-50
1756014376.8989446,2,5,-53
1756014376.9369447,11,4,-49
1756014376.973945,-1,0,-45
1756014377.0109446,4,-1,-46
1756014377.0489447,5,0,-43
1756014377.0869446,8,-1,-48
1756014377.1229446,0,3,-55
1756014377.1599443,-1,3,-52
1756014377.1989446,3,-3,-55
1756014377.236945,-2,-5,-46
1756014377.2729447,1,1,-44
1756014377.3109446,0,0,-49
1756014377.348945,-6,1,-44
1756014377.384945,1,-5,-54
1756014377.4219446,10,-9,-49
1756014377.4599447,-2,0,-43
1756014377.4989443,-2,0,-53
1756014377.5349443,10,-1,-47
1756014377.5719447,7,0,-40
1756014377.6099446,-3,-6,-45
1756014377.6489446,-1,0,-49
1756014377.6849446,-10,-3,-47
1756014377.7229445,1,0,-53
1756014377.759945,0,4,-58
1756014377.7989447,0,3,-58
1756014377.8349447,7,-2,-42
1756014377.871945,-3,-2,-51
1756014377.9099443,-1,-1,-57
1756014377.9539447,-6,-2,-46
1756014377.9929447,5,-8,-52
1756014378.0309446,-5,0,-61
1756014378.0689447,-6,0,-52
1756014378.1049447,-6,-6,-61
1756014378.1429446,1,0,-54
1756014378.1799445,-3,-1,-60
1756014378.2189443,-4,1,-55
1756014378.2549446,-3,3,-57
1756014378.2919445,-2,-2,-58
1756014378.3299446,2,2,-55
1756014378.3689446,1,2,-50
1756014378.404945,-3,-1,-59
1756014378.4429443,7,-4,-52
1756014378.4809446,7,-2,-43
1756014378.519945,7,-3,-48
1756014378.5579443,7,-6,-46
1756014378.5939443,6,2,-44
1756014378.6309447,6,0,-51
1756014378.6689446,1,-1,-52
1756014378.7049446,4,3,-60
1756014378.7419446,2,-3,-59
1756014378.779945,0,-1,-58
1756014378.8189447,0,5,-50
1756014378.8549447,-2,2,-52
1756014378.8919446,2,0,-45
1756014378.9299445,0,-1,-56
1756014378.9679446,1,-2,-59
1756014379.0039446,8,-4,-59
1756014379.0419445,1,0,-54
1756014379.0799446,9,-1,-59
1756014379.1179447,7,1,-45
1756014379.1539447,0,0,-50
1756014379.1919446,5,2,-46
1756014379.2299447,1,-6,-47
1756014379.2669446,1,-10,-52
1756014379.3039446,-12,-4,-49
1756014379.3419447,5,4,-43
1756014379.3799446,1,2,-48
1756014379.4159446,5,3,-44
1756014379.4529445,5,3,-47
1756014379.4909446,-8,5,-62
1756014379.5289447,1,1,-56
1756014379.5649445,0,5,-55
1756014379.6019447,-5,2,-54
1756014379.6399446,-1,4,-61
1756014379.6789446,-8,6,-49
1756014379.7149446,-1,4,-47
1756014379.7519443,0,-1,-51
1756014379.7909446,-3,3,-40
1756014379.8289447,-6,-4,-42
1756014379.8649447,-9,0,-46
1756014379.9039447,-3,-2,-53
1756014379.940945,0,0,-52
1756014379.9789443,0,6,-45
1756014380.0159447,2,2,-53
1756014380.0539446,-5,0,-53
1756014380.0909443,-4,0,-51
1756014380.1299446,0,-4,-55
1756014380.1659446,-6,-4,-50
1756014380.2039447,0,0,-66
1756014380.2409446,-4,-7,-36
1756014380.279945,-6,-10,-46
1756014380.315945,-2,-2,-49
1756014380.3539443,-5,-5,-52
1756014380.3929446,1,-2,-48
1756014380.4309447,0,-1,-44
1756014380.4689443,2,-1,-57
1756014380.5049446,-1,4,-55
1756014380.5419445,2,-5,-49
1756014380.5809443,9,1,-48
1756014380.6189446,-3,11,-43
1756014380.654945,0,2,-45
1756014380.6919446,0,1,-49
1756014380.7309446,7,2,-47
1756014380.7669446,5,1,-48
1756014380.8039446,2,7,-49
1756014380.8409443,-1,4,-51
1756014380.8799446,-3,3,-60
1756014380.9159446,-6,3,-55
1756014380.9529445,1,1,-50
1756014380.9909446,-4,2,-44
1756014381.0269446,-10,-4,-56
1756014381.0649445,0,1,-57
1756014381.1029446,0,-3,-58
1756014381.1409447,-1,0,-56
1756014381.1799445,-5,-5,-58
1756014381.2159443,0,-4,-64
1756014381.2529447,0,-6,-69
1756014381.2919445,1,-2,-48
1756014381.3299446,0,-1,-49
1756014381.3659446,2,3,-47
1756014381.4029446,0,2,-43
1756014381.440945,-2,-5,-55
1756014381.4769447,-4,-6,-65
1756014381.5149446,3,-1,-65
1756014381.552945,-3,0,-54
1756014381.5919447,-5,1,-52
1756014381.6299446,-5,0,-37
1756014381.6659446,-2,0,-34
1756014381.7049446,1,8,-46
1756014381.7419446,-6,9,-43
1756014381.7809446,3,0,-40
1756014381.8169446,0,0,-47
1756014381.8539443,1,-1,-37
1756014381.8919446,8,2,-51
1756014381.9299445,2,3,-48
1756014381.9659443,1,3,-50
1756014382.0049446,0,5,-53
1756014382.0419445,-3,4,-51
1756014382.0809443,-3,-1,-51
1756014382.1179447,0,-2,-56
1756014382.154945,0,2,-49
1756014382.1919446,10,-1,-43
1756014382.2309446,0,4,-44
1756014382.2669446,0,-2,-47
1756014382.3049445,-1,-2,-52
1756014382.3439443,1,5,-53
1756014382.381945,-2,-1,-54
1756014382.417945,-3,-1,-58
1756014382.4559443,-8,3,-56
1756014382.4939446,-7,4,-49
1756014382.5319445,-6,2,-54
1756014382.5709443,-3,4,-42
1756014382.6069446,-7,7,-44
1756014382.6439445,-3,2,-41
1756014382.6819446,-6,0,-53
1756014382.7209446,-4,-1,-60
1756014382.756945,-7,5,-55
1756014382.7939446,5,1,-61
1756014382.8319447,3,6,-55
1756014382.8679447,-2,7,-48
1756014382.9059446,-5,1,-40
1756014382.9439447,6,-2,-51
1756014382.9819446,3,-3,-57
1756014383.0209446,-1,-1,-60
1756014383.0569446,-1,-2,-61
1756014383.0949447,-2,-3,-53
1756014383.1329446,0,-2,-50
1756014383.1719446,0,0,-55
1756014383.2079446,0,-2,-53
1756014383.2449446,1,-2,-49
1756014383.2839446,-1,3,-44
1756014383.3219447,-3,0,-50
1756014383.3579447,0,2,-47
1756014383.394945,4,-1,-52
1756014383.4329443,0,2,-58
1756014383.4719446,0,-1,-59
1756014383.5079446,0,4,-68
1756014383.5449443,-6,-1,-63
1756014383.5829446,-8,-3,-63
1756014383.621945,-5,-1,-53
1756014383.657945,5,-4,-47
1756014383.6949446,0,0,-58
1756014383.7329447,-6,0,-54
1756014383.7719443,5,-1,-61
1756014383.8079443,3,0,-62
1756014383.8449447,6,-1,-55
1756014383.8829446,0,0,-54
1756014383.9209447,5,3,-54
1756014383.9569447,-3,2,-54
1756014383.9949446,6,2,-45
1756014384.032945,2,0,-55
1756014384.0689447,-3,-7,-57
1756014384.1069446,-8,-2,-46
1756014384.144945,-8,-4,-39
1756014384.1829443,-7,-3,-47
1756014384.2219446,-2,0,-40
1756014384.2579446,-3,0,-35
1756014384.2949443,0,-3,-48
1756014384.3329446,-1,3,-53
1756014384.371945,1,2,-51
1756014384.407945,3,8,-48
1756014384.4449446,5,2,-50
1756014384.4829447,-2,0,-44
1756014384.5189445,-2,0,-55
1756014384.5569446,0,-5,-43
1756014384.5949447,1,-7,-46
1756014384.6329446,-3,-5,-51
1756014384.6719446,5,-9,-51
1756014384.7079446,-3,-5,-48
1756014384.7459445,8,-7,-52
1756014384.7839446,3,-9,-50
1756014384.8229446,-2,-4,-54
1756014384.858945,1,1,-46
1756014384.8959446,6,7,-47
1756014384.9339447,-3,0,-52
1756014384.9719446,-2,0,-42
1756014385.0079446,1,0,-48
1756014385.0449443,0,2,-53
1756014385.0839446,3,2,-57
1756014385.121945,-3,3,-48
1756014385.157945,-8,-4,-61
1756014385.1959443,-8,-5,-65
1756014385.233945,6,-2,-50
1756014385.2729447,-2,0,-63
1756014385.3089447,0,-2,-57
1756014385.3459446,7,0,-64
1756014385.3839445,2,-2,-53
1756014385.4229443,3,8,-56
1756014385.4589446,5,0,-44
1756014385.4959445,7,0,-52
1756014385.5339446,4,0,-65
1756014385.5719447,1,-2,-54
1756014385.6079447,2,-3,-58
1756014385.6459446,-4,-3,-61
1756014385.6839447,-2,-1,-59
1756014385.7199447,0,0,-45
1756014385.756945,1,0,-53
1756014385.7959447,0,0,-48
1756014385.8339446,-8,-2,-51
1756014385.8699446,-2,0,-51
1756014385.9069445,-5,0,-58
1756014385.9459443,1,0,-56
1756014385.983945,-3,-5,-43
1756014386.019945,0,-5,-46
1756014386.0579443,1,-1,-56
1756014386.0959446,-4,-3,-52
1756014386.1339445,2,-2,-45
1756014386.1729443,-3,-3,-51
1756014386.2089446,-1,-3,-46
1756014386.246945,-5,0,-56
1756014386.2849443,-6,3,-50
1756014386.3239446,-3,-1,-54
1756014386.3599446,-5,1,-44
1756014386.3969443,0,3,-47
1756014386.4349446,1,3,-67
1756014386.4729445,-4,0,-68
1756014386.5089445,-7,0,-67
1756014386.5459447,-2,-1,-39
1756014386.5849447,-2,8,-38
1756014386.6229446,0,4,-45
1756014386.6589446,-2,0,-38
1756014386.6969447,-5,-1,-47
1756014386.7349446,-2,-6,-56
1756014386.7739446,3,-1,-46
1756014386.8099446,1,-5,-38
1756014386.8469446,0,3,-51
1756014386.884945,3,-1,-46
1756014386.9229443,-1,-5,-48
1756014386.9589446,-3,-5,-50
1756014386.996945,-6,0,-53
1756014387.0349443,-3,-1,-52
1756014387.0739446,-3,-5,-58
1756014387.1099446,-3,-2,-56
1756014387.1479447,0,-2,-52
1756014387.1859446,0,0,-57
1756014387.223945,0,-4,-57
1756014387.259945,5,2,-54
1756014387.2969446,6,0,-56
1756014387.3349447,-2,7,-56
1756014387.3709445,0,4,-62
1756014387.407945,-7,0,-54
1756014387.4459443,2,0,-44
1756014387.4849446,8,0,-43
1756014387.5209446,-5,-3,-51
1756014387.5589447,-2,-6,-55
1756014387.5969446,4,-5,-53
1756014387.634945,0,-2,-47
1756014387.6739447,4,-2,-46
1756014387.7099447,3,1,-55
1756014387.746945,3,-1,-53
1756014387.7849443,2,1,-45
1756014387.8209443,0,-3,-47
1756014387.8579447,-4,-2,-40
1756014387.8969443,-5,0,-52
1756014387.9349446,-2,3,-45
1756014387.9789443,-3,1,-46
1756014388.0169446,0,-5,-43
1756014388.0559447,3,0,-46
1756014388.0939443,-4,1,-56
1756014388.1299446,-4,1,-60
1756014388.167945,-2,2,-64
1756014388.2059443,-3,2,-60
1756014388.2449446,-1,2,-56
1756014388.2809446,5,-2,-43
1756014388.3179443,3,1,-48
1756014388.3559446,4,2,-45
1756014388.394945,8,7,-51
1756014388.4309447,1,6,-54
1756014388.4679446,-1,6,-49
1756014388.5059447,0,1,-52
1756014388.5449443,6,-2,-51
1756014388.5809443,9,1,-60
1756014388.6179447,-2,0,-52
1756014388.6559446,2,-2,-57
1756014388.6949446,3,0,-52
1756014388.7309446,2,7,-54
1756014388.7679446,7,-3,-45
1756014388.8059447,0,-10,-59
1756014388.8449447,0,-12,-60
1756014388.8809447,-4,-8,-54
1756014388.9189446,-8,-4,-57
1756014388.9569447,0,-3,-44
1756014388.9959445,3,5,-51
1756014389.0319445,3,6,-49
1756014389.0689447,7,-2,-59
1756014389.1069446,1,7,-54
1756014389.144945,-8,7,-51
1756014389.1809447,-5,6,-54
1756014389.2179446,-4,0,-51
1756014389.2559447,0,2,-58
1756014389.2919445,4,7,-66
1756014389.3289447,-1,5,-48
1756014389.3669446,6,3,-53
1756014389.4059446,0,-3,-49
1756014389.4419446,3,1,-44
1756014389.4789443,1,3,-50
1756014389.5169446,2,2,-56
1756014389.5559447,-13,-4,-45
1756014389.5919447,-9,-5,-48
1756014389.6299446,-6,-3,-54
1756014389.667945,-2,4,-65
1756014389.7069447,1,0,-57
1756014389.7449446,-1,-9,-55
1756014389.7809446,0,-3,-54
1756014389.8179443,0,3,-38
1756014389.8559446,7,0,-52
1756014389.8919446,3,2,-51
1756014389.9289446,0,2,-53
1756014389.9669447,-3,0,-49
1756014390.0059447,-2,0,-56
1756014390.0419445,-2,5,-48
1756014390.0799446,1,-1,-35
1756014390.1169446,5,2,-51
1756014390.154945,0,0,-44
1756014390.190945,-3,-1,-52
1756014390.2299447,9,-1,-55
1756014390.2669446,7,-8,-52
1756014390.3059447,0,-2,-60
1756014390.3419447,-3,2,-58
1756014390.3789446,-7,-1,-49
1756014390.4169445,-8,4,-54
1756014390.4559443,-3,-6,-47
1756014390.4919446,-4,-6,-46
1756014390.529945,-5,-7,-45
1756014390.5679443,1,-4,-43
1756014390.6069446,3,-2,-49
1756014390.6429446,1,0,-52
1756014390.6799445,4,-3,-53
1756014390.7179446,5,-2,-59
1756014390.756945,3,0,-52
1756014390.792945,3,-8,-51
1756014390.8299446,-1,3,-47
1756014390.8679447,2,0,-54
1756014390.9069445,2,1,-60
1756014390.9429443,0,-1,-55
1756014390.9799447,8,-5,-41
1756014391.0179446,3,0,-40
1756014391.0569446,-2,0,-43
1756014391.0929446,-2,-3,-50
1756014391.1309447,-3,-4,-41
1756014391.1689446,1,2,-49
1756014391.2069447,2,5,-50
1756014391.2429447,-3,0,-51
1756014391.279945,4,2,-53
1756014391.3169446,2,3,-52
1756014391.3529446,1,2,-55
1756014391.3899446,5,0,-50
1756014391.427945,2,1,-41
1756014391.4659443,1,-3,-54
1756014391.5019443,-2,6,-50
1756014391.5389447,1,0,-52
1756014391.5779445,-4,-7,-54
1756014391.6159446,-9,-4,-50
1756014391.6519446,-5,-2,-45
1756014391.6899445,-3,-2,-41
1756014391.7279446,-4,-3,-42
1756014391.7669446,-13,0,-52
1756014391.802945,-6,-4,-51
1756014391.8409443,0,-7,-49
1756014391.8789446,-1,1,-55
1756014391.917945,-6,-4,-61
1756014391.9559443,-2,-1,-51
1756014391.9919446,3,0,-50
1756014392.0289447,-1,-1,-54
1756014392.0679443,4,3,-49
1756014392.1059446,-2,2,-38
1756014392.1419446,-5,4,-41
1756014392.1789446,0,3,-52
1756014392.2179446,-1,-2,-45
1756014392.2559447,-2,-3,-34
1756014392.2919445,8,-4,-48
1756014392.3289447,3,0,-55
1756014392.3679447,5,-3,-48
1756014392.4039447,0,-3,-57
1756014392.440945,-2,-3,-58
1756014392.4789443,-3,-4,-55
1756014392.5179446,0,0,-59
1756014392.5539446,3,2,-51
1756014392.5919447,2,-2,-42
1756014392.6299446,3,-4,-42
1756014392.6689446,2,-5,-43
1756014392.7069447,7,-4,-46
1756014392.7429447,0,-2,-40
1756014392.7819445,-5,-1,-53
1756014392.8189447,-5,-4,-63
1756014392.8579447,-4,3,-64
1756014392.8939445,-3,2,-61
1756014392.9319446,-6,0,-56
1756014392.9689443,-5,-1,-52
1756014393.0079446,1,-6,-55
1756014393.0439446,-7,-3,-61
1756014393.0819447,0,-1,-41
1756014393.1199446,-4,-5,-36
1756014393.1589446,-2,-3,-46
1756014393.1969447,-6,-8,-43
1756014393.2329447,-2,0,-50
1756014393.269945,0,0,-53
1756014393.3079443,3,3,-56
1756014393.3439443,4,3,-47
1756014393.3809447,1,0,-49
1756014393.4189446,-2,0,-57
1756014393.4579446,-5,3,-52
1756014393.4939446,-2,-2,-46
1756014393.5319445,1,-8,-46
1756014393.5699446,-2,-4,-49
1756014393.608945,1,-3,-61
1756014393.6469443,-1,0,-42
1756014393.6829443,2,0,-46
1756014393.7199447,0,0,-47
1756014393.7589445,1,3,-56
1756014393.7969446,0,-6,-54
1756014393.8329446,3,-7,-42
1756014393.8709445,6,-1,-42
1756014393.9089446,-3,0,-45
1756014393.9479446,5,0,-51
1756014393.983945,3,0,-48
1756014394.0209446,-1,-2,-54
1756014394.0589447,-7,-8,-60
1756014394.0979445,6,3,-55
1756014394.1339445,-2,3,-44
1756014394.1729443,3,-4,-39
1756014394.2099447,1,-4,-57
1756014394.2489443,6,1,-41
1756014394.2849443,7,1,-34
1756014394.3219447,-4,0,-33
1756014394.3599446,2,0,-42
1756014394.3989446,-1,-4,-44
1756014394.4349446,0,1,-49
1756014394.4719446,-6,-3,-48
1756014394.509945,-5,-3,-55
1756014394.5489447,2,-7,-59
1756014394.5849447,7,-5,-63
1756014394.6229446,1,-4,-50
1756014394.6599443,-3,0,-54
1756014394.6989446,0,-3,-53
1756014394.7349446,-7,4,-46
1756014394.7719443,-3,2,-48
1756014394.8099446,0,6,-46
1756014394.848945,-9,5,-52
1756014394.884945,0,-1,-49
1756014394.9239447,10,-3,-38
1756014394.960945,-8,2,-54
1756014394.9999447,-5,6,-47
1756014395.0379446,-3,0,-58
1756014395.0739446,0,-3,-50
1756014395.1109445,1,0,-48
1756014395.1489446,-2,0,-50
1756014395.1849446,-1,-2,-52
1756014395.2229445,-3,-2,-54
1756014395.2609446,0,0,-53
1756014395.2999446,-2,-5,-46
1756014395.3379445,4,-5,-42
1756014395.3739443,2,-3,-50
1756014395.4109447,6,-4,-54
1756014395.4499447,3,1,-52
1756014395.4879446,-6,4,-50
1756014395.5239446,9,-2,-54
1756014395.5609446,5,-1,-58
1756014395.5999446,0,1,-56
1756014395.6359446,-4,-2,-51
1756014395.6739447,-8,0,-56
1756014395.7119446,-9,-1,-53
1756014395.7499447,-4,1,-52
1756014395.7889447,-6,4,-52
1756014395.8249447,-9,3,-46
1756014395.8629446,-5,1,-54
1756014395.9009447,1,5,-61
1756014395.9389446,-6,0,-57
1756014395.9749446,3,4,-53
1756014396.0119443,0,4,-50
1756014396.0499446,2,-3,-59
1756014396.085945,2,-3,-49
1756014396.1229446,0,2,-54
1756014396.1609447,6,-4,-58
1756014396.1999447,-1,-1,-62
1756014396.2359445,3,2,-50
1756014396.2739446,12,2,-58
1756014396.3109446,1,0,-53
1756014396.348945,2,-4,-51
1756014396.384945,-1,-1,-52
1756014396.4239447,-3,0,-57
1756014396.460945,0,4,-51
1756014396.4989443,1,0,-56
1756014396.5349443,-1,-2,-67
1756014396.5739446,0,-1,-56
1756014396.6109445,-3,2,-52
1756014396.6499443,-6,0,-53
1756014396.6859446,-7,0,-35
1756014396.723945,5,4,-42
1756014396.7609446,0,0,-59
1756014396.7989447,-5,-4,-49
1756014396.8349447,2,3,-40
1756014396.871945,-1,5,-51
1756014396.9109447,-1,4,-48
1756014396.9489446,-3,-5,-44
1756014396.9849446,-1,-1,-46
1756014397.0229447,-2,2,-56
1756014397.0609446,-2,6,-60
1756014397.0999446,-5,4,-65
1756014397.1359446,-3,-2,-58
1756014397.1739447,0,-1,-48
1756014397.2119446,-2,4,-36
1756014397.2509446,3,0,-47
1756014397.2869446,1,0,-49
1756014397.3239446,-6,1,-44
1756014397.361945,-8,-2,-44
1756014397.4009447,-3,-3,-49
1756014397.4369447,-3,-4,-50
1756014397.4749446,1,-6,-55
1756014397.5129447,-3,-2,-55
1756014397.5509446,6,4,-53
1756014397.5899446,-1,-2,-64
1756014397.6259446,-4,-1,-61
1756014397.6639447,0,-6,-44
1756014397.7019446,5,6,-52
1756014397.7399447,-1,8,-67
1756014397.7759447,1,-3,-48
1756014397.812945,4,3,-59
1756014397.8509445,-3,-4,-61
1756014397.8869443,-6,4,-56
1756014397.9239447,-3,0,-52
1756014397.9619446,-3,-1,-52
1756014398.0059447,0,1,-44
1756014398.0439446,6,1,-50
1756014398.0829446,0,2,-49
1756014398.1209445,3,0,-49
1756014398.1569445,8,-2,-50
1756014398.1949446,5,-2,-57
1756014398.2329447,6,-5,-46
1756014398.2719443,-3,-4,-60
1756014398.3099446,-8,7,-44
1756014398.3459446,-8,-1,-48
1756014398.3839445,-6,-2,-48
1756014398.4219446,0,2,-50
1756014398.460945,0,-1,-56
1756014398.496945,0,0,-47
1756014398.5339446,-3,-5,-55
1756014398.5729446,0,-5,-46
1756014398.6109445,-5,0,-50
1756014398.6469443,-2,4,-50
1756014398.6849446,-8,0,-54
1756014398.7229445,-10,0,-45
1756014398.7619443,-8,-1,-39
1756014398.7999446,-2,-1,-40
1756014398.835945,2,4,-46
1756014398.8729446,7,-2,-53
1756014398.9119446,5,-2,-53
1756014398.9499447,10,0,-50
1756014398.9859445,4,1,-56
1756014399.0229447,0,-1,-41
1756014399.0619447,0,-10,-49
1756014399.0979445,-4,-5,-50
1756014399.1359446,2,-2,-58
1756014399.1739447,0,-2,-50
1756014399.2119446,-1,7,-54
1756014399.2509446,-12,3,-50
1756014399.2869446,0,3,-45
1756014399.3249447,-4,2,-48
1756014399.361945,0,3,-55
1756014399.3979447,1,3,-59
1756014399.4359446,-2,-1,-63
1756014399.4749446,-1,0,-65
1756014399.5119443,0,-6,-63
1756014399.5509446,-1,-4,-66
1756014399.5869446,-1,-5,-58
1756014399.6249447,-6,0,-48
1756014399.6629446,-2,0,-43
1756014399.7019446,0,0,-48
1756014399.7379446,-4,4,-49
1756014399.7749443,0,0,-55
1756014399.812945,2,13,-51
1756014399.8509445,-4,2,-46
1756014399.8869443,1,4,-49
1756014399.9249446,-4,0,-59
1756014399.9629445,-1,2,-57
1756014400.0009446,0,4,-62
1756014400.0369446,-2,3,-53
1756014400.0749447,-8,6,-37
1756014400.1129446,-2,-5,-46
1756014400.1509447,0,0,-46
1756014400.1869447,-4,0,-57
1756014400.223945,0,2,-48
1756014400.2619443,0,-7,-52
1756014400.2979443,0,-1,-59
1756014400.335945,-4,-5,-53
1756014400.3739443,10,5,-52
1756014400.4119446,4,2,-48
1756014400.4479446,1,-6,-43
1756014400.4859445,1,-7,-45
1756014400.5239446,-2,0,-47
1756014400.562945,-8,-2,-54
1756014400.598945,-11,4,-51
1756014400.6359446,-6,0,-53
1756014400.6739447,3,-2,-61
1756014400.7129445,3,0,-61
1756014400.7489443,-4,7,-54
1756014400.7879446,-4,4,-56
1756014400.8249447,0,0,-57
1756014400.8629446,-4,-1,-56
1756014400.8989446,0,0,-50
1756014400.9359446,0,2,-51
1756014400.9729445,6,0,-53
1756014401.0119443,4,-4,-53
1756014401.0479443,-1,-1,-53
1756014401.085945,-3,-4,-60
1756014401.1239443,-5,3,-59
1756014401.1629446,2,6,-57
1756014401.1989446,-1,4,-63
1756014401.236945,2,8,-57
1756014401.2739446,9,9,-52
1756014401.3119447,5,3,-50
1756014401.3479445,-2,-5,-54
1756014401.3859446,2,-3,-67
1756014401.4239447,-6,1,-63
1756014401.4629445,-4,-1,-50
1756014401.4989443,3,0,-51
1756014401.5369446,0,-1,-47
1756014401.575945,5,0,-52
1756014401.6139443,-1,1,-56
1756014401.6519446,-7,5,-46
1756014401.687945,-7,1,-44
1756014401.7259445,-4,4,-47
1756014401.7639446,0,-1,-58
1756014401.8019447,1,1,-53
1756014401.8379445,-3,-6,-68
1756014401.8759446,0,0,-61
1756014401.9139447,0,3,-52
1756014401.9519446,4,-1,-50
1756014401.9879446,-5,0,-49
1756014402.0249443,1,11,-57
1756014402.0639446,1,6,-47
1756014402.1019447,-5,7,-47
1756014402.1379447,0,4,-52
1756014402.1749446,5,2,-41
1756014402.213945,6,0,-42
1756014402.2519443,2,-2,-49
1756014402.2879446,5,-5,-51
1756014402.3249447,8,-2,-50
1756014402.3629446,-3,2,-42
1756014402.3989446,-3,0,-59
1756014402.4369447,0,-4,-44
1756014402.4749446,1,-1,-45
1756014402.5139446,0,-3,-49
1756014402.5499446,-5,-5,-53
1756014402.588945,4,-1,-56
1756014402.6259446,0,-1,-61
1756014402.6639447,-1,3,-67
1756014402.7029445,-2,0,-60
1756014402.7389443,-4,0,-65
1756014402.7769446,-5,-1,-65
1756014402.8149445,1,1,-51
1756014402.8529446,0,0,-69
1756014402.8889446,-7,-1,-60
1756014402.9269447,-3,-3,-54
1756014402.9649446,0,-2,-58
1756014403.0039446,1,0,-54
1756014403.0399446,0,-4,-50
1756014403.0769446,8,-6,-51
1756014403.1149447,4,0,-60
1756014403.1529446,5,2,-46
1756014403.1889446,0,2,-44
1756014403.2269447,3,0,-49
1756014403.2649446,0,2,-63
1756014403.302945,-1,-1,-49
1756014403.338945,-1,0,-46
1756014403.3769443,-1,4,-49
1756014403.4149446,-2,8,-45
1756014403.4539447,-1,6,-66
1756014403.4899447,9,-3,-61
1756014403.5269446,3,-3,-53
1756014403.5649445,-3,-1,-52
1756014403.6039443,-5,-2,-51
1756014403.6399446,5,-3,-53
1756014403.6769447,2,-5,-49
1756014403.7149446,10,1,-52
1756014403.7529447,6,-4,-44
1756014403.7889447,-2,-4,-55
1756014403.8269446,0,-4,-48
1756014403.8649447,4,-7,-43
1756014403.9039447,-2,-8,-50
1756014403.9399445,-4,-5,-49
1756014403.9779446,0,-3,-58
1756014404.0159447,-1,0,-69
1756014404.0549445,1,-2,-55
1756014404.0909443,5,-7,-55
1756014404.1289446,-2,-3,-60
1756014404.1669445,-11,1,-44
1756014404.2049446,-2,1,-59
1756014404.2439446,9,-5,-48
1756014404.279945,1,-7,-40
1756014404.3179443,4,3,-49
1756014404.3549447,3,2,-46
1756014404.3909447,3,0,-43
1756014404.427945,6,6,-42
1756014404.4649446,4,-5,-40
1756014404.5039446,-3,0,-42
1756014404.5399446,-7,1,-61
1756014404.5769446,-6,2,-60
1756014404.6159446,3,0,-52
1756014404.6539447,-1,0,-51
1756014404.6899445,1,-4,-49
1756014404.7279446,6,5,-53
1756014404.7659447,9,-3,-48
1756014404.8039446,-1,-5,-50
1756014404.8399446,0,2,-53
1756014404.8769443,2,-3,-55
1756014404.9159446,3,-2,-55
1756014404.9539447,-1,-4,-47
1756014404.9899447,-2,0,-54
1756014405.0279446,-3,2,-49
1756014405.065945,2,0,-45
1756014405.1039443,0,-2,-60
1756014405.1399446,-8,2,-51
1756014405.1769447,-5,-4,-56
1756014405.2159443,0,0,-47
1756014405.2539446,-2,-3,-47
1756014405.2899446,0,0,-46
1756014405.3269446,-8,5,-59
1756014405.3659446,-2,-1,-57
1756014405.4039447,0,0,-36
1756014405.4399445,-6,-4,-49
1756014405.4779446,4,-6,-56
1756014405.5159447,4,0,-49
1756014405.5539446,2,2,-50
1756014405.5899446,0,0,-45
1756014405.6269443,-2,-1,-43
1756014405.6659446,-10,-7,-41
1756014405.7029445,-13,-5,-40
1756014405.7399447,-13,-2,-42
1756014405.7779446,-3,0,-47
1756014405.815945,2,0,-53
1756014405.8519447,-5,0,-55
1756014405.8899446,-5,-3,-57
1756014405.927945,0,0,-65
1756014405.9659443,1,0,-57
1756014406.0019443,-1,-1,-48
1756014406.0399446,5,5,-57
1756014406.0779445,0,1,-49
1756014406.1159446,-3,0,-57
1756014406.1519446,-4,-1,-52
1756014406.1899445,4,1,-48
1756014406.2279446,0,-5,-53
1756014406.2659447,3,1,-50
1756014406.3019447,1,-5,-57
1756014406.338945,0,-5,-56
1756014406.3769443,-1,-6,-61
1756014406.4159446,-6,-3,-57
1756014406.4519446,-1,-2,-53
1756014406.4899447,-5,0,-52
1756014406.5279446,6,-1,-48
1756014406.5669446,5,-4,-52
1756014406.6049447,0,0,-43
1756014406.6409447,-1,0,-50
1756014406.677945,-10,3,-52
1756014406.7169447,-5,7,-44
1756014406.7549446,8,0,-58
1756014406.7909446,2,5,-55
1756014406.8279445,-4,1,-41
1756014406.8669446,-3,0,-37
1756014406.904945,4,4,-47
1756014406.940945,0,0,-52
1756014406.9779446,-1,0,-49
1756014407.0169446,0,1,-44
1756014407.0549445,-2,1,-49
1756014407.0909443,-2,-2,-48
1756014407.1289446,2,1,-54
1756014407.1669445,2,0,-59
1756014407.2049446,0,-2,-49
1756014407.2409446,-3,0,-45
1756014407.2789447,1,3,-45
1756014407.3169446,6,1,-47
1756014407.3529446,3,4,-55
1756014407.3909447,-3,0,-45
1756014407.427945,-5,-1,-49
1756014407.4669447,-2,-1,-56
1756014407.5029447,1,-2,-56
1756014407.5409446,-1,0,-37
1756014407.5789447,-4,-6,-36
1756014407.6169446,2,-10,-50
1756014407.6559446,1,-4,-44
1756014407.6919446,0,-1,-50
1756014407.7299447,-4,4,-54
1756014407.7679446,-3,3,-50
1756014407.8069446,1,0,-52
1756014407.8429446,5,0,-46
1756014407.8799446,-2,-2,-56
1756014407.917945,-1,-3,-60
1756014407.9569447,-2,2,-56
1756014407.9929447,-2,3,-49
1756014408.0389447,2,0,-38
1756014408.0769446,6,5,-47
1756014408.1139443,0,1,-56
1756014408.1509447,8,0,-53
1756014408.1889446,0,-1,-60
1756014408.2279446,-5,1,-50
1756014408.2659447,2,-3,-48
1756014408.3019447,0,1,-37
1756014408.338945,-4,-2,-40
1756014408.3779447,2,0,-48
1756014408.4159446,0,-1,-54
1756014408.4519446,-5,0,-52
1756014408.4889443,5,-1,-54
1756014408.5279446,0,3,-43
1756014408.565945,-8,-3,-52
1756014408.6019447,-6,-6,-53
1756014408.6399446,7,-5,-49
1756014408.677945,4,0,-57
1756014408.7169447,6,1,-52
1756014408.7529447,-3,2,-59
1756014408.7909446,-1,-2,-55
1756014408.8289447,5,1,-50
1756014408.8669446,3,-5,-47
1756014408.9029446,3,-11,-50
1756014408.940945,4,2,-51
1756014408.9789443,0,5,-49
1756014409.0169446,1,0,-53
1756014409.052945,0,0,-63
1756014409.0909443,-4,0,-48
1756014409.1289446,-2,-4,-58
1756014409.1669445,3,-10,-45
1756014409.2029445,0,2,-55
1756014409.2409446,7,3,-49
1756014409.2779446,0,-3,-48
1756014409.3169446,1,-1,-53
1756014409.3529446,-6,2,-48
1756014409.3909447,-2,2,-61
1756014409.4289446,-4,-2,-50
1756014409.4679446,-1,0,-46
1756014409.5039446,-2,-10,-55
1756014409.5419445,3,0,-62
1756014409.5789447,-7,4,-58
1756014409.6179447,-2,-5,-48
1756014409.6539447,0,4,-51
1756014409.690945,-6,2,-45
1756014409.7289443,-2,-2,-58
1756014409.7679446,-4,-3,-50
1756014409.8039446,-8,0,-53
1756014409.8409443,0,1,-52
1756014409.8789446,-2,-5,-43
1756014409.9169445,-2,-1,-57
1756014409.9529445,4,0,-56
1756014409.9909446,-2,-2,-60
1756014410.0289447,1,0,-52
1756014410.0669446,-3,-2,-52
1756014410.1029446,-2,-1,-43
1756014410.1409447,0,-3,-51
1756014410.1789446,-2,2,-52
1756014410.2179446,1,3,-46
1756014410.2539446,2,4,-46
1756014410.2909446,3,-1,-51
1756014410.3289447,3,4,-49
1756014410.3669446,2,-1,-47
1756014410.4029446,-2,-1,-54
1756014410.440945,3,-5,-60
1756014410.4789443,-3,0,-43
1756014410.5179446,-2,5,-57
1756014410.5539446,-4,3,-48
1756014410.5909443,-3,0,-41
1756014410.6289446,-5,6,-49
1756014410.667945,1,4,-53
1756014410.7039447,6,4,-48
1756014410.7409446,2,-2,-47
1756014410.7789447,-5,-5,-46
1756014410.8179443,-4,-3,-45
1756014410.8539443,-1,1,-52
1756014410.8909447,2,-4,-57
1756014410.9299445,1,3,-54
1756014410.9679446,-1,-3,-62
1756014411.0039446,5,-6,-45
1756014411.0409446,-2,-8,-47
1756014411.0789447,4,-10,-56
1756014411.1179447,-1,-4,-58
1756014411.1539447,1,-7,-61
1756014411.190945,15,-6,-77
1756014411.2289443,-8,-2,-61
1756014411.2679446,-4,-3,-45
1756014411.3039446,-8,-1,-53
1756014411.3419447,0,1,-48
1756014411.3799446,3,-6,-41
1756014411.4189446,-1,-3,-41
1756014411.4549446,-2,2,-51
1756014411.4929447,-11,0,-61
1756014411.5309446,-9,6,-47
1756014411.5699446,-5,-1,-49
1756014411.6079447,-8,1,-52
1756014411.6439445,-7,4,-57
1756014411.6819446,2,1,-71
1756014411.7199447,1,-2,-65
1756014411.7579446,1,-7,-55
1756014411.7939446,5,-6,-65
1756014411.8309443,7,-4,-57
1756014411.8699446,-1,2,-41
1756014411.907945,-3,-2,-46
1756014411.9439447,-5,-2,-50
1756014411.9819446,0,0,-39
1756014412.019945,-1,0,-37
1756014412.0579443,-7,-4,-58
1756014412.0939443,-3,0,-53
1756014412.131945,1,2,-52
1756014412.1699443,0,-3,-61
1756014412.2079446,0,0,-42
1756014412.2439446,1,1,-57
1756014412.2819445,-2,-3,-53
1756014412.3209443,-2,-7,-59
1756014412.358945,-12,0,-49
1756014412.394945,-13,0,-40
1756014412.4319446,-1,-7,-52
1756014412.4709446,2,-3,-55
1756014412.5089445,0,-2,-51
1756014412.5449443,0,-2,-53
1756014412.5819447,-4,0,-53
1756014412.6209445,-3,4,-63
1756014412.6589446,-5,1,-61
1756014412.6949446,3,0,-71
1756014412.7319446,0,-4,-65
1756014412.7709446,1,-1,-64
1756014412.8089447,-1,-2,-56
1756014412.8449447,2,-3,-51
1756014412.881945,5,-6,-44
1756014412.9209447,3,-9,-44
1756014412.9589446,-6,-3,-61
1756014412.9949446,-2,-1,-60
1756014413.032945,0,-4,-46
1756014413.0709443,1,0,-46
1756014413.108945,2,2,-52
1756014413.144945,2,-1,-60
1756014413.1819446,-3,0,-57
1756014413.2209446,3,0,-57
1756014413.2589445,10,-2,-50
1756014413.2949443,2,-4,-46
1756014413.3319447,3,-3,-43
1756014413.3709445,3,-2,-47
1756014413.4089446,6,-5,-52
1756014413.4449446,7,0,-67
1756014413.4819446,2,-3,-55
1756014413.5209446,3,-2,-54
1756014413.5589447,0,0,-52
1756014413.5949447,-1,-1,-55
1756014413.6329446,-4,-1,-54
1756014413.6709447,1,-1,-53
1756014413.7099447,-1,0,-48
1756014413.7459445,5,2,-54
1756014413.782945,1,1,-54
1756014413.8209443,-3,-3,-52
1756014413.858945,1,-6,-41
1756014413.8959446,-2,0,-52
1756014413.9339447,-3,-3,-46
1756014413.9719446,1,-3,-54
1756014414.0109446,7,-5,-49
1756014414.0469446,14,-2,-60
1756014414.0839446,0,2,-56
1756014414.1209445,4,-5,-58
1756014414.1599443,2,7,-54
1756014414.1959443,4,3,-56
1756014414.2329447,6,-5,-49
1756014414.2709446,3,-4,-47
1756014414.3099446,-3,-9,-46
1756014414.3459446,-2,0,-52
1756014414.3839445,0,-1,-65
1756014414.4219446,1,-7,-49
1756014414.460945,0,-5,-43
1756014414.496945,0,-3,-49
1756014414.5339446,0,-3,-48
1756014414.5719447,11,-3,-53
1756014414.6109445,4,0,-52
1756014414.6469443,4,-7,-52
1756014414.6849446,4,-6,-52
1756014414.723945,3,0,-54
1756014414.7619443,4,-1,-60
1756014414.7999446,-2,-3,-55
1756014414.835945,-4,-4,-54
1756014414.8739443,-2,-5,-50
1756014414.9119446,-2,-3,-67
1756014414.950945,3,3,-65
1756014414.986945,3,-1,-64
1756014415.0239446,3,-3,-63
1756014415.0619447,-3,-7,-51
1756014415.1009445,1,-8,-50
1756014415.1369443,0,-6,-50
1756014415.1739447,1,-2,-49
1756014415.2119446,0,-4,-47
1756014415.2509446,-6,2,-44
1756014415.2869446,-5,-5,-52
1756014415.3249447,1,0,-48
1756014415.361945,-1,-4,-52
1756014415.4009447,3,-3,-55
1756014415.4369447,0,2,-62
1756014415.473945,1,-2,-47
1756014415.5119443,-3,1,-44
1756014415.5509446,-7,-1,-47
1756014415.5869446,-6,-2,-50
1756014415.6249447,-9,-7,-43
1756014415.6629446,1,-2,-56
1756014415.7019446,-3,2,-58
1756014415.7379446,0,-2,-64
1756014415.7749443,2,-4,-60
1756014415.812945,6,-1,-55
1756014415.8519447,-4,-7,-53
1756014415.8879447,3,-2,-56
1756014415.9249446,7,-3,-52
1756014415.9629445,0,-4,-33
1756014416.0019443,4,1,-46
1756014416.0379446,0,-6,-43
1756014416.075945,-5,-6,-52
1756014416.1139443,5,-1,-56
1756014416.1519446,-2,-4,-50
1756014416.190945,0,-5,-56
1756014416.2269447,-2,2,-44
1756014416.2649446,3,0,-55
1756014416.302945,-3,-2,-59
1756014416.3409443,5,-5,-47
1756014416.3769443,4,-1,-47
1756014416.4149446,-2,0,-53
1756014416.4529445,-2,-11,-55
1756014416.4919446,-7,0,-49
1756014416.5279446,-1,-3,-42
1756014416.565945,2,-5,-47
1756014416.6039443,-2,2,-42
1756014416.6429446,1,3,-33
1756014416.6809447,1,-4,-53
1756014416.7169447,1,-5,-49
1756014416.7539446,1,0,-40
1756014416.7919445,-7,-3,-46
1756014416.8279445,-7,-5,-51
1756014416.8659446,-1,-4,-62
1756014416.9039447,-5,-8,-67
1756014416.9429443,-3,-5,-62
1756014416.9809446,0,-1,-46
1756014417.0169446,0,3,-42
1756014417.0539446,2,4,-46
1756014417.0919447,-1,4,-52
1756014417.1279447,0,-1,-50
1756014417.1649446,-3,-1,-47
1756014417.2029445,-1,0,-43
1756014417.2419446,2,2,-51
1756014417.2779446,2,2,-52
1756014417.3149445,0,-2,-64
1756014417.3529446,3,-5,-62
1756014417.3919446,3,-4,-56
1756014417.427945,2,-2,-56
1756014417.4649446,-6,-2,-49
1756014417.5029447,0,0,-51
1756014417.5389447,0,0,-63
1756014417.575945,2,2,-55
1756014417.6129446,8,-1,-62
1756014417.6519446,0,-3,-59
1756014417.687945,1,-2,-45
1756014417.7259445,-3,-4,-37
1756014417.7639446,-1,0,-48
1756014417.802945,2,5,-61
1756014417.838945,0,3,-52
1756014417.8759446,0,-1,-56
1756014417.9139447,4,-7,-56
1756014417.9529445,-1,-6,-59
1756014417.9889443,-4,-2,-47
1756014418.0269446,-2,3,-42
1756014418.0729446,-7,-7,-50
1756014418.108945,1,-1,-59
1756014418.1459446,1,-3,-58
1756014418.1839447,-2,0,-40
1756014418.2229445,-2,-2,-68
1756014418.2589445,-1,-2,-64
1756014418.2969446,-1,0,-62
1756014418.3349447,-3,1,-60
1756014418.3739443,-3,0,-50
1756014418.4119446,12,0,-56
1756014418.4479446,3,0,-67
1756014418.4849446,-4,1,-53
1756014418.5239446,-8,1,-53
1756014418.5619447,0,6,-49
1756014418.5979445,2,4,-45
1756014418.6359446,-2,5,-43
1756014418.6739447,0,4,-53
1756014418.7119446,-4,-1,-51
1756014418.7479446,-3,-1,-51
1756014418.7859447,3,-6,-46
1756014418.8239446,3,6,-49
1756014418.861945,3,6,-49
1756014418.8979447,-6,7,-50
1756014418.9359446,1,2,-53
1756014418.973945,-2,5,-51
1756014419.009945,-3,5,-58
1756014419.0479443,0,1,-56
1756014419.085945,3,-5,-53
1756014419.1239443,2,3,-61
1756014419.1599443,2,0,-57
1756014419.1969447,0,0,-56
1756014419.233945,-3,3,-46
1756014419.2729447,0,0,-38
1756014419.3089447,-5,-2,-45
1756014419.3469446,1,0,-52
1756014419.3839445,3,-6,-54
1756014419.4229443,-3,0,-47
1756014419.4589446,-8,0,-56
1756014419.4959445,-1,2,-53
1756014419.5339446,2,-1,-62
1756014419.5729446,-2,-1,-44
1756014419.608945,-9,2,-51
1756014419.6459446,-8,-5,-52
1756014419.6849446,0,0,-46
1756014419.7229445,0,-5,-50
1756014419.7589445,-1,-3,-56
1756014419.7969446,6,0,-51
1756014419.8349447,4,2,-56
1756014419.8729446,4,-3,-46
1756014419.9089446,4,-3,-52
1756014419.9469447,-7,-4,-55
1756014419.9849446,4,1,-55
1756014420.0229447,4,0,-54
1756014420.0589447,1,-6,-47
1756014420.0969446,5,-7,-54
1756014420.134945,11,-7,-62
1756014420.1729443,1,0,-57
1756014420.2089446,-1,-5,-40
1756014420.246945,-3,2,-47
1756014420.2849443,-4,-4,-48
1756014420.3239446,5,0,-49
1756014420.3599446,3,0,-45
1756014420.3969443,3,-5,-57
1756014420.4349446,0,-2,-67
1756014420.473945,0,-3,-57
1756014420.509945,0,-2,-46
1756014420.5469446,-3,6,-43
1756014420.5849447,-4,1,-53
1756014420.6239443,0,3,-55
1756014420.6599443,4,-3,-49
1756014420.6979446,1,0,-39
1756014420.7359445,-3,-5,-51
1756014420.7749443,1,0,-54
1756014420.8109446,0,3,-53
1756014420.8479445,3,3,-53
1756014420.884945,-3,5,-67
1756014420.9239447,0,-3,-66
1756014420.9599447,2,-1,-54
1756014420.996945,5,5,-66
1756014421.0349443,-5,-1,-48
1756014421.0709443,-1,-8,-46
1756014421.108945,-8,-4,-53
1756014421.1469443,-1,-7,-58
1756014421.1849446,-2,0,-53
1756014421.223945,-1,-1,-37
1756014421.259945,-3,-1,-47
1756014421.2979443,-9,-2,-46
1756014421.335945,3,3,-52
1756014421.3739443,-7,10,-55
1756014421.4099443,0,5,-54
1756014421.4469447,-3,-2,-49
1756014421.4859445,-1,-4,-50
1756014421.5239446,6,3,-51
1756014421.5599446,-7,0,-42
1756014421.5969446,-2,-2,-41
1756014421.6359446,1,-2,-45
1756014421.6739447,2,3,-46
1756014421.7099447,1,1,-43
1756014421.746945,7,0,-44
1756014421.7849443,5,1,-53
1756014421.8209443,4,-3,-59
1756014421.858945,0,0,-63
1756014421.8959446,2,2,-50
1756014421.9349446,2,-2,-57
1756014421.9709446,-6,-8,-62
1756014422.0089445,-10,-1,-53
1756014422.0469446,-2,-7,-49
1756014422.085945,-1,-7,-56
1756014422.1239443,7,-4,-59
1756014422.1599443,4,-9,-47
1756014422.1979446,-1,0,-53
1756014422.2359445,2,0,-47
1756014422.2719443,0,-5,-44
1756014422.3089447,0,-4,-41
1756014422.3469446,0,-5,-39
1756014422.3859446,4,0,-57
1756014422.4219446,2,1,-54
1756014422.4589446,5,0,-49
1756014422.4959445,12,-5,-48
1756014422.5349443,4,1,-47
1756014422.5709443,11,-1,-48
1756014422.608945,11,-2,-53
1756014422.6459446,6,-6,-47
1756014422.6849446,8,-3,-46
1756014422.7209446,-1,-4,-45
1756014422.7589445,4,3,-58
1756014422.7959447,3,0,-47
1756014422.8319447,0,2,-51
1756014422.8699446,4,0,-57
1756014422.9069445,1,-1,-64
1756014422.9459443,6,-6,-61
1756014422.9819446,0,-7,-56
1756014423.019945,-1,-2,-58
1756014423.0589447,-1,-5,-52
1756014423.0969446,5,-4,-56
1756014423.134945,-1,-3,-59
1756014423.1709447,4,3,-53
1756014423.2079446,11,-2,-45
1756014423.246945,0,0,-50
1756014423.2849443,7,-9,-50
1756014423.3209443,6,-2,-58
1756014423.358945,-2,-4,-49
1756014423.3969443,4,5,-56
1756014423.4349446,4,-2,-51
1756014423.4709446,4,0,-53
1756014423.5089445,3,-3,-58
1756014423.5469446,10,-4,-44
1756014423.5849447,2,-4,-46
1756014423.6209445,-3,-9,-51
1756014423.6589446,5,-4,-47
1756014423.6969447,0,-7,-47
1756014423.7359445,-2,1,-55
1756014423.7719443,0,5,-49
1756014423.8089447,-3,0,-51
1756014423.8469446,-5,-7,-40
1756014423.8859446,0,-6,-45
1756014423.9219446,0,-5,-42
1756014423.9599447,0,-1,-53
1756014423.9979446,7,3,-56
1756014424.0369446,0,-2,-49
1756014424.0729446,0,2,-63
1756014424.1099446,-1,5,-58
1756014424.1479447,-3,4,-52
1756014424.1869447,4,2,-50
1756014424.2229445,1,3,-43
1756014424.259945,0,3,-53
1756014424.2969446,0,-1,-60
1756014424.335945,4,2,-54
1756014424.371945,0,-4,-52
1756014424.4089446,7,1,-59
1756014424.4469447,4,3,-69
1756014424.4829447,2,2,-64
1756014424.5209446,0,-3,-51
1756014424.5579443,-8,0,-45
1756014424.5969446,5,1,-60
1756014424.6329446,4,0,-58
1756014424.6699443,6,0,-60
1756014424.7079446,0,-3,-48
1756014424.746945,1,-1,-48
1756014424.782945,-1,-8,-57
1756014424.8209443,2,0,-51
1756014424.8579447,4,-7,-54
1756014424.8969443,8,-3,-54
1756014424.9329443,1,-7,-51
1756014424.9709446,10,-7,-52
1756014425.0089445,8,-2,-53
1756014425.0479443,5,-2,-47
1756014425.085945,5,-3,-54
1756014425.121945,7,0,-43
1756014425.1599443,0,-3,-52
1756014425.1979446,-5,2,-55
1756014425.236945,0,5,-58
1756014425.2729447,-1,-2,-60
1756014425.3109446,-6,-5,-51
1756014425.348945,-1,-4,-52
1756014425.3879447,4,-2,-54
1756014425.4259446,0,3,-47
1756014425.4619446,9,-3,-46
1756014425.4999447,0,-3,-49
1756014425.5379446,0,-4,-57
1756014425.5739446,0,-3,-47
1756014425.6109445,2,-8,-51
1756014425.6499443,-6,-8,-65
1756014425.687945,-2,3,-57
1756014425.723945,-2,2,-50
1756014425.7609446,7,2,-51
1756014425.7979443,-4,0,-50
1756014425.8369446,-8,2,-48
1756014425.8729446,-1,-4,-46
1756014425.9109447,-2,-5,-47
1756014425.9499447,-2,-1,-41
1756014425.9879446,-1,1,-41
1756014426.0239446,-4,3,-42
1756014426.0609446,-4,1,-53
1756014426.0999446,-4,-1,-53
1756014426.1379447,-1,5,-58
1756014426.1739447,4,-2,-59
1756014426.210945,-1,7,-55
1756014426.2489443,2,-2,-53
1756014426.2879446,0,5,-54
1756014426.3239446,-3,5,-55
1756014426.3609445,1,1,-64
1756014426.3989446,-1,-6,-51
1756014426.4369447,-2,-6,-37
1756014426.4729445,-7,-5,-48
1756014426.5109446,-3,1,-39
1756014426.5489447,4,-3,-46
1756014426.5879445,8,-1,-60
1756014426.6239443,-3,5,-55
1756014426.6609447,-6,0,-48
1756014426.6999447,1,0,-50
1756014426.7379446,3,1,-46
1756014426.7739446,-3,4,-44
1756014426.8109446,-1,-5,-39
1756014426.848945,2,-5,-47
1756014426.8879447,-6,-8,-55
1756014426.9239447,0,-7,-40
1756014426.960945,-6,-5,-38
1756014426.9989443,-11,6,-38
1756014427.0379446,4,0,-43
1756014427.0739446,-2,5,-40
1756014427.1109445,-9,0,-44
1756014427.1489446,-2,4,-49
1756014427.187945,-4,0,-48
1756014427.223945,-3,-2,-49
1756014427.2619443,3,-1,-45
1756014427.2999446,2,-4,-57
1756014427.338945,-2,9,-56
1756014427.3749447,-2,2,-55
1756014427.4119446,-1,5,-44
1756014427.4499447,-3,2,-49
1756014427.4889443,0,-1,-46
1756014427.5249443,0,0,-51
1756014427.5619447,-1,0,-50
1756014427.5999446,3,7,-41
1756014427.6379447,2,4,-51
1756014427.6739447,6,5,-57
1756014427.710945,3,3,-42
1756014427.7489443,2,4,-59
1756014427.7849443,3,1,-54
1756014427.8219447,-6,-1,-42
1756014427.8599446,-1,-4,-43
1756014427.8989446,0,1,-56
1756014427.9349446,-9,1,-53
1756014427.9729445,-6,6,-47
1756014428.0109446,0,7,-47
1756014428.0489447,0,3,-56
1756014428.0929446,0,0,-52
1756014428.1299446,-12,-3,-52
1756014428.1689446,-7,-2,-48
1756014428.2049446,-6,0,-49
1756014428.2419446,-1,-6,-64
1756014428.279945,-3,-8,-45
1756014428.3189447,-3,0,-53
1756014428.3549447,0,-3,-49
1756014428.3929446,1,-9,-46
1756014428.4299445,4,1,-48
1756014428.4679446,1,2,-57
1756014428.5039446,1,0,-49
1756014428.5419445,3,-2,-55
1756014428.5799446,-1,2,-58
1756014428.6189446,0,-1,-40
1756014428.654945,-1,-10,-62
1756014428.6929443,-7,-2,-58
1756014428.7319446,-3,-2,-61
1756014428.769945,-1,-2,-49
1756014428.8079443,5,0,-52
1756014428.8439443,1,-6,-57
1756014428.8809447,1,-1,-66
1756014428.9199443,3,0,-46
1756014428.9559443,6,-4,-54
1756014428.9929447,-6,-4,-53
1756014429.0309446,-1,-3,-50
1756014429.0699446,4,-2,-54
1756014429.1059446,7,2,-48
1756014429.1429446,-2,-4,-47
1756014429.1809447,4,-1,-53
1756014429.2199447,-5,-4,-35
1756014429.2559447,-8,-5,-38
1756014429.2939446,-5,-3,-43
1756014429.3319447,-1,-4,-57
1756014429.3699446,1,-5,-48
1756014429.4089446,0,1,-63
1756014429.4449446,2,4,-56
1756014429.4829447,0,1,-62
1756014429.5209446,3,-3,-59
1756014429.5589447,3,0,-52
1756014429.5949447,2,0,-59
1756014429.6329446,2,3,-67
1756014429.6709447,5,-5,-69
1756014429.7089446,4,-3,-59
1756014429.7449446,0,0,-45
1756014429.782945,-9,0,-54
1756014429.8219447,-2,-2,-54
1756014429.8599446,-1,-3,-46
1756014429.8959446,-2,-5,-58
1756014429.9339447,-8,1,-60
1756014429.9719446,3,4,-58
1756014430.0109446,-5,1,-48
1756014430.0489447,-6,8,-51
1756014430.0849447,4,3,-50
1756014430.121945,0,0,-58
1756014430.1599443,0,-1,-45
1756014430.1959443,-5,1,-46
1756014430.233945,0,2,-59
1756014430.2719443,5,3,-63
1756014430.3099446,0,1,-61
1756014430.3459446,2,9,-56
1756014430.3839445,4,2,-57
1756014430.4219446,0,-1,-66
1756014430.4599447,2,-2,-49
1756014430.4959445,-2,0,-50
1756014430.5339446,-4,0,-45
1756014430.5719447,0,-5,-47
1756014430.6109445,-1,-5,-40
1756014430.6469443,-5,0,-45
1756014430.6839447,-4,-4,-55
1756014430.7219446,-2,-2,-51
1756014430.7609446,-6,0,-51
1756014430.7969446,-1,0,-58
1756014430.8339446,-4,-2,-68
1756014430.871945,-5,-3,-51
1756014430.9109447,0,-9,-47
1756014430.9469447,-2,-5,-51
1756014430.9849446,-1,-5,-46
1756014431.0229447,-2,0,-45
1756014431.0619447,-2,1,-55
1756014431.0999446,0,2,-57
1756014431.1359446,-7,2,-56
1756014431.1729443,-6,4,-49
1756014431.210945,-6,0,-57
1756014431.2499447,-3,-5,-58
1756014431.2859447,0,0,-59
1756014431.3229446,-3,6,-53
1756014431.361945,0,6,-53
1756014431.3999443,-4,6,-50
1756014431.4359446,-1,1,-58
1756014431.4729445,1,7,-39
1756014431.5109446,2,7,-41
1756014431.5469446,0,2,-51
1756014431.5839446,-2,0,-57
1756014431.621945,2,0,-61
1756014431.6599443,-11,-4,-48
1756014431.6959443,-12,-3,-57
1756014431.733945,-8,-3,-48
1756014431.7719443,1,0,-61
1756014431.8099446,-4,1,-61
1756014431.8459446,1,0,-68
1756014431.8829446,1,0,-64
1756014431.9209447,-9,-4,-61
1756014431.9569447,0,-4,-60
1756014431.9939446,10,-1,-51
1756014432.032945,4,-1,-50
1756014432.0709443,2,-5,-56
1756014432.1069446,-3,-4,-56
1756014432.1459446,0,-8,-45
1756014432.1829443,0,-4,-53
1756014432.2219446,1,-5,-51
1756014432.2579446,1,-5,-55
1756014432.2959447,11,1,-59
1756014432.3329446,4,3,-51
1756014432.371945,4,0,-53
1756014432.407945,2,1,-44
1756014432.4459443,0,-4,-56
1756014432.4829447,-2,-5,-58
1756014432.5219443,-6,-4,-47
1756014432.5579443,-6,5,-48
1756014432.5949447,-4,-1,-55
1756014432.6329446,-2,-1,-50
1756014432.6719446,-4,-5,-56
1756014432.7079446,-5,0,-57
1756014432.7449446,0,4,-55
1756014432.782945,5,4,-59
1756014432.8209443,3,4,-48
1756014432.8569446,0,-1,-52
1756014432.894945,3,-3,-43
1756014432.9329443,-8,-4,-47
1756014432.9719446,-2,-8,-56
1756014433.0079446,0,0,-57
1756014433.0449443,1,3,-53
1756014433.0829446,-2,1,-42
1756014433.1209445,-3,0,-55
1756014433.1569445,-5,-1,-47
1756014433.1949446,3,5,-45
1756014433.2329447,-4,5,-49
1756014433.2709446,-5,2,-53
1756014433.3069446,-5,1,-58
1756014433.3449447,-3,0,-55
1756014433.3829446,-3,0,-63
1756014433.4209447,0,0,-64
1756014433.4569447,-5,-5,-59
1756014433.4949446,-3,-4,-43
1756014433.532945,2,0,-50
1756014433.5709443,1,4,-55
1756014433.6069446,1,-3,-56
1756014433.644945,9,-9,-57
1756014433.6829443,15,-7,-56
1756014433.7209446,5,-7,-52
1756014433.756945,7,0,-62
1756014433.7949443,4,1,-43
1756014433.8329446,9,3,-52
1756014433.8709445,12,-2,-41
1756014433.9069445,1,0,-47
1756014433.9449446,5,2,-46
1756014433.9829447,3,-3,-48
1756014434.0189445,4,1,-64
1756014434.0559447,4,-7,-57
1756014434.0939443,1,-1,-51
1756014434.1329446,0,-4,-46
1756014434.1689446,1,0,-53
1756014434.2059443,5,1,-55
1756014434.2429447,0,0,-50
1756014434.2789447,-1,0,-57
1756014434.315945,-8,0,-56
1756014434.3539443,1,0,-32
1756014434.3919446,0,3,-49
1756014434.427945,3,-2,-50
1756014434.4649446,-1,1,-59
1756014434.5029447,1,0,-53
1756014434.5389447,0,-1,-43
1756014434.575945,-1,2,-47
1756014434.6139443,5,7,-50
1756014434.6529446,-4,3,-60
1756014434.6889446,-10,6,-55
1756014434.7269447,-5,6,-46
1756014434.7649446,-7,0,-63
1756014434.8039446,0,0,-53
1756014434.8419447,2,2,-51
1756014434.8779447,2,6,-49
1756014434.9149446,2,-3,-48
1756014434.9539447,4,-2,-54
1756014434.9919446,3,0,-55
1756014435.0279446,9,-1,-54
1756014435.065945,2,3,-55
1756014435.1039443,-4,2,-57
1756014435.1429446,-2,3,-54
1756014435.1789446,0,-1,-50
1756014435.2159443,6,0,-41
1756014435.2539446,6,3,-44
1756014435.292945,5,-1,-54
1756014435.3299446,-7,0,-48
1756014435.3669446,-3,-6,-60
1756014435.404945,2,-1,-53
1756014435.4439447,1,-5,-41
1756014435.4819446,1,0,-56
1756014435.5179446,0,3,-57
1756014435.5549445,6,0,-61
1756014435.5929446,1,0,-52
1756014435.6289446,0,0,-59
1756014435.6659446,-7,0,-52
1756014435.7049446,-2,-3,-65
1756014435.7429447,4,0,-57
1756014435.7789447,6,1,-59
1756014435.815945,-2,-4,-65
1756014435.8539443,0,-5,-53
1756014435.8929446,-1,-2,-45
1756014435.9289446,-1,-3,-51
1756014435.9679446,-7,0,-51
1756014436.0049446,-2,5,-51
1756014436.0439446,-3,1,-57
1756014436.0799446,-2,2,-53
1756014436.1179447,0,4,-52
1756014436.1559446,4,2,-52
1756014436.1939447,4,0,-42
1756014436.2299447,-2,-1,-48
1756014436.2679446,-2,1,-54
1756014436.3059447,-10,-11,-57
1756014436.3449447,-8,-2,-48
1756014436.3829446,-4,-8,-58
1756014436.4189446,-6,0,-62
1756014436.4569447,-7,1,-56
1756014436.4949446,3,4,-54
1756014436.532945,9,-5,-48
1756014436.5689447,0,-3,-48
1756014436.6059446,0,-1,-53
1756014436.644945,3,-7,-46
1756014436.6829443,-3,-3,-44
1756014436.7189443,-1,0,-41
1756014436.7559447,6,0,-42
1756014436.7939446,7,-2,-44
1756014436.8299446,4,1,-53
1756014436.8669446,8,3,-48
1756014436.904945,4,4,-48
1756014436.9429443,-3,3,-56
1756014436.9789443,-7,3,-54
1756014437.0169446,-5,1,-46
1756014437.0549445,0,-2,-56
1756014437.0929446,1,-5,-48
1756014437.1289446,-6,-6,-49
1756014437.1669445,-11,-3,-50
1756014437.2049446,-7,3,-56
1756014437.2439446,-5,-1,-50
1756014437.279945,-4,-1,-62
1756014437.3179443,-5,2,-54
1756014437.3559446,-3,1,-52
1756014437.394945,3,0,-59
1756014437.4309447,0,0,-56
1756014437.4699447,1,0,-59
1756014437.506945,4,0,-59
1756014437.5449443,0,6,-53
1756014437.5809443,-7,4,-58
1756014437.6199446,0,-3,-53
1756014437.6569445,1,4,-52
1756014437.6949446,-5,1,-44
1756014437.733945,-1,0,-49
1756014437.769945,7,0,-50
1756014437.8069446,1,1,-50
1756014437.8449447,2,4,-56
1756014437.8809447,-2,3,-52
1756014437.917945,-4,0,-59
1756014437.9569447,-1,1,-46
1756014437.9949446,1,-2,-45
1756014438.0309446,0,-5,-52
1756014438.0679443,-4,0,-45
1756014438.1139443,6,0,-42
1756014438.1499443,8,2,-50
1756014438.187945,4,-6,-59
1756014438.2259445,6,5,-52
1756014438.2639446,-2,2,-49
1756014438.2999446,-6,-1,-56
1756014438.3379445,-1,7,-55
1756014438.3759446,0,0,-57
1756014438.4139447,-8,2,-51
1756014438.4499447,-7,-1,-58
1756014438.4879446,-9,0,-58
1756014438.5259447,-3,-1,-62
1756014438.5649445,0,-4,-49
1756014438.6009445,0,1,-45
1756014438.6379447,0,0,-42
1756014438.6759446,1,-5,-45
1756014438.7149446,1,8,-37
1756014438.7509446,2,3,-36
1756014438.7879446,-4,1,-27
1756014438.825945,-3,-3,-51
1756014438.8649447,-6,3,-56
1756014438.9009447,-2,-2,-55
1756014438.9389446,-2,-5,-49
1756014438.9779446,-3,-8,-52
1756014439.0159447,0,-7,-55
1756014439.0519447,0,0,-61
1756014439.088945,0,2,-56
1756014439.1269443,0,3,-56
1756014439.1659446,-1,4,-54
1756014439.2019446,-3,0,-51
1756014439.2389443,-4,7,-52
1756014439.2769446,0,0,-44
1756014439.315945,4,6,-47
1756014439.3519447,-7,6,-46
1756014439.3889446,0,12,-49
1756014439.4259446,3,3,-66
1756014439.4619446,5,-3,-53
1756014439.4999447,-2,-5,-54
1756014439.5379446,-3,6,-56
1756014439.5769446,2,0,-54
1756014439.6149447,0,-2,-51
1756014439.6509447,-1,3,-46
1756014439.687945,-1,5,-52
1756014439.7269447,2,2,-49
1756014439.7649446,-1,-1,-50
1756014439.8009446,-4,0,-47
1756014439.8379445,4,1,-53
1756014439.8769443,4,-1,-51
1756014439.9149446,6,0,-49
1756014439.950945,2,-2,-51
1756014439.9889443,-6,-7,-48
1756014440.0269446,-4,1,-47
1756014440.0649445,-4,1,-48
1756014440.1009445,4,-9,-50
1756014440.1379447,3,-2,-40
1756014440.1769447,0,-2,-42
1756014440.2149446,0,-6,-53
1756014440.2509446,1,-1,-54
1756014440.2879446,-6,3,-47
1756014440.3269446,-7,2,-50
1756014440.3649447,-8,-2,-53
1756014440.4009447,-7,-7,-46
1756014440.4389446,-4,0,-49
1756014440.4769447,-7,0,-56
1756014440.5159447,-1,0,-53
1756014440.5519447,-5,0,-49
1756014440.5899446,2,0,-59
1756014440.6269443,4,-1,-50
1756014440.6659446,3,-3,-57
1756014440.7019446,6,-8,-59
1756014440.7399447,-2,-5,-59
1756014440.7769446,3,-9,-52
1756014440.815945,-5,-4,-56
1756014440.8519447,-4,-9,-61
1756014440.8899446,-11,-6,-57
1756014440.927945,-3,-4,-55
1756014440.9669447,3,-3,-58
1756014441.0029447,4,1,-53
1756014441.0399446,-11,4,-48
1756014441.0779445,-2,-2,-54
1756014441.1169446,-5,0,-49
1756014441.1529446,-5,0,-59
1756014441.1899445,-1,-2,-52
1756014441.2279446,3,-9,-57
1756014441.2669446,-3,-1,-51
1756014441.302945,0,-1,-51
1756014441.3409443,0,-6,-62
1756014441.3789446,4,-1,-54
1756014441.417945,2,-1,-49
1756014441.4559443,4,-4,-53
1756014441.4919446,2,-3,-58
1756014441.5289447,-8,2,-55
1756014441.5679443,-1,6,-54
1756014441.6059446,-1,-1,-48
1756014441.6419446,0,0,-49
1756014441.6789446,0,8,-52
1756014441.7169447,-4,0,-62
1756014441.7529447,0,7,-55
1756014441.7909446,2,7,-55
1756014441.8289447,-3,8,-59
1756014441.8679447,1,2,-59
1756014441.9059446,-3,0,-48
1756014441.9419446,-4,-6,-44
1756014441.9799447,1,4,-49
1756014442.0179446,-4,7,-50
1756014442.0559447,-3,8,-54
1756014442.0919447,1,2,-63
1756014442.1289446,9,0,-60
1756014442.167945,-2,3,-67
1756014442.2039447,2,0,-67
1756014442.2409446,5,-2,-57
1756014442.2789447,0,2,-51
1756014442.3179443,0,0,-56
1756014442.3539443,1,2,-48
1756014442.3909447,-1,-6,-49
1756014442.4289446,2,-5,-50
1756014442.4679446,-2,0,-56
1756014442.5039446,-2,3,-66
1756014442.5409446,0,5,-52
1756014442.5779445,2,3,-55
1756014442.6169446,9,-2,-64
1756014442.6529446,0,-3,-63
1756014442.690945,2,0,-57
1756014442.7279446,-2,0,-55
1756014442.7669446,-5,-1,-59
1756014442.8039446,7,0,-52
1756014442.8409443,0,-6,-54
1756014442.8799446,2,1,-57
1756014442.917945,1,-2,-54
1756014442.9539447,-2,1,-55
1756014442.9919446,-2,-6,-54
1756014443.029945,-4,-6,-57
1756014443.0679443,-6,-3,-52
1756014443.1039443,-6,-2,-53
1756014443.1419446,-2,0,-65
1756014443.1799445,-2,4,-65
1756014443.2189443,-1,7,-53
1756014443.256945,-1,0,-49
1756014443.292945,-2,-5,-45
1756014443.3309443,2,0,-48
1756014443.3689446,0,-1,-64
1756014443.4069445,-6,4,-49
1756014443.4429443,-7,2,-49
1756014443.4809446,-8,4,-57
1756014443.5189445,-1,-5,-59
1756014443.5579443,1,-9,-60
1756014443.5939443,-1,-3,-60
1756014443.631945,-3,-3,-63
1756014443.6699443,4,-7,-54
1756014443.7089446,5,-1,-55
1756014443.746945,-4,7,-54
1756014443.782945,-3,3,-55
1756014443.8199446,4,0,-57
1756014443.8579447,6,-1,-50
1756014443.8939445,3,1,-55
1756014443.9309447,-3,-8,-55
1756014443.9699447,-6,0,-51
1756014444.0079446,-4,9,-42
1756014444.0439446,-1,6,-53
1756014444.0809443,1,0,-47
1756014444.1189446,0,3,-48
1756014444.154945,-1,-2,-42
1756014444.1929443,-1,4,-52
1756014444.2309446,0,3,-40
1756014444.2689445,2,-3,-49
1756014444.3049445,4,-4,-50
1756014444.3419447,3,3,-43
1756014444.3789446,4,1,-54
1756014444.4149446,3,5,-54
1756014444.4519446,0,0,-54
1756014444.4899447,-4,-4,-62
1756014444.5289447,2,-2,-55
1756014444.5649445,2,-4,-55
1756014444.6019447,-2,-4,-51
1756014444.6399446,2,3,-52
1756014444.677945,3,1,-59
1756014444.713945,-8,2,-63
1756014444.7529447,-10,-13,-54
1756014444.7899446,-5,1,-53
1756014444.8289447,4,3,-60
1756014444.8649447,0,3,-60
1756014444.9019446,-7,1,-57
1756014444.940945,2,-2,-58
1756014444.9789443,0,0,-45
1756014445.0149446,5,-3,-47
1756014445.0539446,-2,0,-51
1756014445.0909443,-11,-3,-53
1756014445.1299446,-9,3,-54
1756014445.167945,-6,0,-55
1756014445.2039447,-6,-2,-55
1756014445.2419446,-9,1,-56
1756014445.279945,-7,0,-62
1756014445.3189447,-6,-1,-52
1756014445.3549447,-2,-1,-42
1756014445.3929446,0,-2,-39
1756014445.4319446,9,-1,-35
1756014445.4699447,0,4,-40
1756014445.5059447,2,10,-53
1756014445.542945,4,2,-56
1756014445.5809443,1,1,-60
1756014445.6199446,-1,3,-58
1756014445.6559446,-3,5,-52
1756014445.6929443,1,-4,-51
1756014445.7309446,-5,-4,-52
1756014445.769945,-6,-3,-56
1756014445.8059447,0,0,-45
1756014445.8429446,-1,7,-48
1756014445.8809447,4,-2,-55
1756014445.9199443,-4,-1,-62
1756014445.9559443,-9,0,-54
1756014445.9949446,0,3,-58
1756014446.0319445,-1,0,-60
1756014446.0699446,-2,-2,-50
1756014446.108945,-2,1,-51
1756014446.144945,-7,6,-52
1756014446.1819446,-2,2,-47
1756014446.2209446,-9,0,-55
1756014446.2589445,0,0,-52
1756014446.2949443,3,-3,-52
1756014446.3319447,7,-1,-61
1756014446.3709445,0,0,-68
1756014446.4089446,0,-1,-46
1756014446.4449446,0,-9,-50
1756014446.4819446,5,0,-51
1756014446.519945,0,1,-45
1756014446.5559447,4,3,-51
1756014446.5929446,2,-2,-36
1756014446.6309447,6,1,-42
1756014446.6699443,2,-5,-51
1756014446.7059443,4,-2,-58
1756014446.7429447,0,-1,-56
1756014446.7809446,0,-1,-61
1756014446.8199446,-4,-2,-56
1756014446.8559446,0,-1,-55
1756014446.8929446,6,0,-52
1756014446.9309447,-5,1,-52
1756014446.9699447,4,-3,-51
1756014447.0059447,4,-8,-44
1756014447.042945,1,-1,-55
1756014447.0819447,1,-3,-53
1756014447.1199446,-1,0,-51
1756014447.1559446,6,-3,-55
1756014447.1939447,1,-2,-53
1756014447.2319446,-3,-7,-56
1756014447.2709446,-1,-14,-54
1756014447.3069446,0,-8,-65
1756014447.3439443,1,-4,-64
1756014447.381945,-3,2,-57
1756014447.4209447,-6,0,-61
1756014447.4569447,-4,4,-48
1756014447.4939446,-8,0,-61
1756014447.5319445,-1,-1,-53
1756014447.5709443,0,1,-48
1756014447.6069446,-5,-2,-52
1756014447.644945,-5,-1,-52
1756014447.6829443,-2,0,-53
1756014447.7209446,1,-3,-59
1756014447.759945,0,-2,-41
1756014447.7959447,2,-3,-59
1756014447.8329446,2,0,-52
1756014447.871945,-3,-3,-49
1756014447.9099443,1,-3,-46
1756014447.9459443,0,-4,-50
1756014447.9829447,-3,-1,-45
1756014448.0219443,0,3,-53
1756014448.0599446,-6,6,-56
1756014448.0959446,-4,0,-53
1756014448.1419446,-1,-2,-54
1756014448.1799445,-5,6,-61
1756014448.2159443,0,4,-51
1756014448.2529447,2,-3,-50
1756014448.2919445,2,-11,-53
1756014448.3299446,7,4,-44
1756014448.3659446,3,6,-36
1756014448.4029446,-7,4,-45
1756014448.4419446,-2,-3,-44
1756014448.4799447,2,0,-46
1756014448.5159447,0,3,-54
1756014448.5539446,1,-7,-42
1756014448.5919447,10,-3,-56
1756014448.6309447,9,-2,-61
1756014448.6669445,3,-3,-53
1756014448.7059443,-5,-2,-47
1756014448.7429447,1,0,-55
1756014448.7809446,-7,0,-50
1756014448.8169446,-6,-2,-56
1756014448.8559446,-1,-4,-51
1756014448.8929446,-5,0,-57
1756014448.9319446,-6,0,-61
1756014448.9679446,-2,-3,-52
1756014449.0059447,5,0,-46
1756014449.042945,-3,0,-48
1756014449.0819447,7,7,-51
1756014449.1179447,2,5,-49
1756014449.1559446,-3,7,-43
1756014449.1929443,-3,9,-54
1756014449.2319446,-8,7,-53
1756014449.2679446,7,8,-56
1756014449.3049445,3,0,-52
1756014449.3429446,-1,-9,-53
1756014449.381945,1,-9,-48
1756014449.417945,5,-3,-51
1756014449.4559443,-1,-1,-52
1756014449.4939446,-5,1,-55
1756014449.532945,-6,0,-57
1756014449.5709443,-8,1,-62
1756014449.6069446,-15,4,-57
1756014449.644945,0,-7,-45
1756014449.6829443,3,-6,-51
1756014449.7219446,0,-5,-48
1756014449.7579446,2,-7,-48
1756014449.7949443,1,-3,-39
1756014449.8329446,-1,3,-46
1756014449.871945,0,0,-47
1756014449.907945,2,3,-53
1756014449.9449446,0,0,-50
1756014449.9829447,10,4,-46
1756014450.0209446,5,-3,-61
1756014450.0569446,1,0,-52
1756014450.0949447,-2,0,-51
1756014450.1329446,-1,5,-49
1756014450.1719446,-1,-4,-60
1756014450.2079446,-3,-9,-49
1756014450.2459445,3,0,-56
1756014450.2849443,-5,2,-52
1756014450.3229446,0,-2,-53
1756014450.3609445,2,2,-56
1756014450.3969443,0,7,-50
1756014450.4349446,2,7,-40
1756014450.4729445,0,-3,-37
1756014450.5089445,-6,0,-48
1756014450.5459447,-12,0,-45
1756014450.5839446,-1,-4,-57
1756014450.6229446,3,1,-54
1756014450.6589446,3,-5,-62
1756014450.6959443,0,-2,-54
1756014450.733945,-2,-4,-50
1756014450.7729447,3,-5,-51
1756014450.8089447,0,3,-52
1756014450.8459446,4,0,-63
1756014450.8829446,-7,4,-58
1756014450.9219446,-2,0,-58
1756014450.9579446,-3,-1,-56
1756014450.9959445,3,-4,-41
1756014451.0339446,2,0,-59
1756014451.0729446,5,2,-52
1756014451.108945,-1,1,-50
1756014451.1459446,-4,0,-51
1756014451.1839447,1,2,-48
1756014451.2229445,-4,6,-62
1756014451.2589445,0,5,-54
1756014451.2959447,1,5,-47
1756014451.3339446,-3,-2,-43
1756014451.371945,7,-5,-60
1756014451.407945,6,-1,-44
1756014451.4459443,5,0,-42
1756014451.483945,0,0,-38
1756014451.5219443,-4,-4,-52
1756014451.5579443,-3,7,-46
1756014451.5959446,1,5,-52
1756014451.6339445,0,0,-49
1756014451.6719446,-6,5,-57
1756014451.7079446,1,0,-46
1756014451.7459445,0,2,-42
1756014451.7839446,-3,0,-53
1756014451.8219447,1,-3,-51
1756014451.8579447,4,-2,-55
1756014451.8959446,-3,-1,-57
1756014451.9339447,-1,4,-59
1756014451.9729445,1,5,-52
1756014452.0089445,-3,2,-59
1756014452.0459447,-7,2,-57
1756014452.0839446,-5,0,-55
1756014452.1229446,-1,2,-48
1756014452.1589446,0,10,-54
1756014452.1959443,2,1,-61
1756014452.233945,0,0,-55
1756014452.269945,0,1,-53
1756014452.3069446,-1,4,-61
1756014452.3449447,2,-8,-61
1756014452.3839445,0,2,-50
1756014452.4199443,-3,5,-52
1756014452.4569447,-5,-1,-47
1756014452.4949446,-1,-4,-48
1756014452.5339446,-2,-2,-53
1756014452.5699446,5,-1,-56
1756014452.6069446,-3,7,-49
1756014452.644945,-5,7,-45
1756014452.6839447,0,0,-45
1756014452.7199447,0,-3,-44
1756014452.756945,-5,-6,-50
1756014452.7949443,-2,3,-51
1756014452.8339446,7,0,-50
1756014452.8699446,5,5,-51
1756014452.9069445,0,3,-49
1756014452.9449446,-3,1,-51
1756014452.983945,-3,3,-56
1756014453.019945,-3,1,-57
1756014453.0569446,-5,0,-63
1756014453.0949447,0,-6,-46
1756014453.1339445,-5,-6,-50
1756014453.1699443,0,0,-53
1756014453.2069447,4,-1,-58
1756014453.2449446,-3,-10,-50
1756014453.2839446,1,-2,-44
1756014453.3199446,2,-5,-47
1756014453.3569446,-1,-4,-40
1756014453.394945,0,-11,-48
1756014453.4339447,-2,0,-50
1756014453.4699447,0,1,-47
1756014453.5079446,0,0,-48
1756014453.5449443,0,6,-46
1756014453.5839446,0,7,-57
1756014453.6199446,-1,-1,-59
1756014453.657945,0,2,-50
1756014453.6949446,0,0,-41
1756014453.7329447,-3,0,-47
1756014453.7689445,-8,0,-46
1756014453.8059447,1,-2,-52
1756014453.8449447,2,-2,-45
1756014453.8809447,4,5,-54
1756014453.917945,-2,0,-58
1756014453.9559443,4,2,-52
1756014453.9939446,-2,2,-49
1756014454.029945,2,4,-44
1756014454.0669446,2,4,-39
1756014454.1049447,-5,4,-54
1756014454.1409447,-5,5,-64
1756014454.177945,0,0,-52
1756014454.2149446,0,-2,-59
1756014454.2539446,-3,-4,-59
1756014454.2899446,0,-5,-48
1756014454.3279445,1,-2,-53
1756014454.3659446,-8,-2,-55
1756014454.404945,-2,4,-52
1756014454.440945,-3,3,-53
1756014454.4779446,-3,-1,-57
1756014454.5159447,-1,1,-59
1756014454.5549445,-10,2,-48
1756014454.5909443,0,0,-48
1756014454.6279447,10,3,-57
1756014454.6659446,3,-1,-47
1756014454.7039447,3,0,-44
1756014454.7399447,-5,-5,-41
1756014454.7779446,-1,1,-48
1756014454.815945,7,-4,-51
1756014454.8549447,4,1,-55
1756014454.8909447,0,-3,-49
1756014454.927945,0,5,-46
1756014454.9659443,10,1,-55
1756014455.0039446,6,-1,-51
1756014455.0399446,0,-3,-49
1756014455.0779445,-2,0,-47
1756014455.1159446,0,-5,-50
1756014455.154945,0,-6,-49
1756014455.190945,-2,1,-50
1756014455.2279446,-2,-1,-32
1756014455.2659447,1,-3,-45
1756014455.3049445,-5,2,-51
1756014455.3409443,-1,2,-43
1756014455.3779447,9,0,-57
1756014455.4159446,4,4,-56
1756014455.4519446,6,4,-57
1756014455.4889443,-1,-3,-51
1756014455.5269446,-4,0,-56
1756014455.565945,0,-5,-54
1756014455.6019447,-1,-7,-61
1756014455.6399446,4,5,-52
1756014455.6769447,-2,2,-62
1756014455.7159443,-1,4,-51
1756014455.7519443,2,1,-45
1756014455.7889447,-2,0,-43
1756014455.8269446,0,1,-51
1756014455.8649447,-4,0,-63
1756014455.9019446,-3,6,-63
1756014455.9389446,3,6,-54
1756014455.9769447,-1,1,-61
1756014456.0149446,0,1,-57
1756014456.0509446,-3,-8,-62
1756014456.0899446,-3,-2,-54
1756014456.1269443,-2,1,-46
1756014456.1659446,1,2,-41
1756014456.2019446,3,-1,-50
1756014456.2389443,0,0,-60
1756014456.2769446,-3,-4,-48
1756014456.315945,-4,0,-51
1756014456.3519447,0,4,-64
1756014456.3889446,4,-1,-50
1756014456.4269447,-1,-5,-42
1756014456.4659443,0,7,-52
1756014456.5019443,9,5,-53
1756014456.5389447,6,7,-61
1756014456.5769446,1,2,-63
1756014456.6149447,-5,1,-52
1756014456.6509447,-2,-4,-46
1756014456.6899445,0,-3,-57
1756014456.7269447,0,-8,-51
1756014456.7659447,0,-4,-57
1756014456.8019447,-3,-3,-56
1756014456.8399446,0,-5,-52
1756014456.8779447,-10,-4,-50
1756014456.9169445,0,0,-53
1756014456.9549446,1,1,-40
1756014456.9909446,8,-2,-52
1756014457.0279446,-4,-4,-68
1756014457.0669446,0,1,-61
1756014457.1049447,0,4,-47
1756014457.1409447,-3,1,-45
1756014457.177945,1,-1,-46
1756014457.2169447,-2,0,-45
1756014457.2529447,-4,-8,-51
1756014457.2909446,1,-1,-52
1756014457.3289447,0,1,-48
1756014457.3669446,4,0,-46
1756014457.4029446,0,0,-50
1756014457.4399445,7,-2,-58
1756014457.4779446,-1,-5,-58
1756014457.5169446,3,0,-59
1756014457.552945,2,0,-56
1756014457.5899446,0,-5,-54
1756014457.6279447,0,6,-54
1756014457.6659446,5,6,-56
1756014457.7019446,0,7,-69
1756014457.7389443,7,5,-57
1756014457.7769446,-2,1,-67
1756014457.815945,2,-1,-48
1756014457.8519447,3,-3,-48
1756014457.8889446,3,-3,-59
1756014457.927945,3,0,-58
1756014457.9659443,-2,-1,-52
1756014458.0019443,-6,-10,-45
1756014458.0399446,-2,-5,-58
1756014458.0779445,-4,-3,-43
1756014458.1169446,-7,2,-55
1756014458.1609447,-4,0,-50
1756014458.1989446,-8,2,-47
1756014458.2379446,-1,-2,-50
1756014458.2759447,-1,3,-37
1756014458.3119447,0,2,-44
1756014458.3499446,2,-2,-56
1756014458.3879447,1,2,-47
1756014458.4259446,-1,-5,-51
1756014458.4619446,-1,-5,-45
1756014458.4999447,4,1,-47
1756014458.5389447,-2,-2,-54
1756014458.5769446,-2,2,-68
1756014458.6129446,0,10,-54
1756014458.6499443,-10,0,-50
1756014458.6889446,-4,1,-43
1756014458.7269447,-1,-2,-43
1756014458.7629447,0,6,-33
1756014458.7999446,4,3,-46
1756014458.8379445,2,0,-51
1756014458.8739443,5,-4,-48
1756014458.9109447,6,-3,-43
1756014458.9489446,-4,3,-53
1756014458.9879446,-1,6,-43
1756014459.0239446,-6,0,-51
1756014459.0619447,-1,2,-47
1756014459.0999446,0,-2,-51
1756014459.1389446,-3,1,-64
1756014459.1769447,-1,-4,-60
1756014459.2129445,8,-1,-59
1756014459.2509446,-2,-4,-58
1756014459.2889447,-5,2,-54
1756014459.3279445,0,-2,-47
1756014459.3639443,0,0,-43
1756014459.4009447,11,-3,-49
1756014459.4389446,5,-2,-50
1756014459.4779446,4,1,-51
1756014459.5139446,-1,0,-49
1756014459.5509446,0,-2,-53
1756014459.588945,2,-5,-50
1756014459.6279447,7,1,-46
1756014459.6639447,0,1,-49
1756014459.700945,-8,5,-48
1756014459.7389443,-3,3,-49
1756014459.7779446,4,3,-46
1756014459.8139446,-2,1,-51
1756014459.8509445,0,1,-49
1756014459.8889446,3,-1,-55
1756014459.9269447,-2,-2,-58
1756014459.9629445,-1,-1,-55
1756014460.0009446,3,-2,-53
1756014460.0389447,2,1,-51
1756014460.0769446,2,4,-52
1756014460.1129446,-4,1,-47
1756014460.1499443,-2,-2,-54
1756014460.1889446,-1,-9,-44
1756014460.2269447,3,-2,-62
1756014460.2629447,1,-1,-61
1756014460.3009446,-2,3,-55
1756014460.338945,0,1,-55
1756014460.3769443,5,3,-57
1756014460.4129446,0,-3,-60
1756014460.450945,-3,8,-60
1756014460.4889443,-2,0,-58
1756014460.5249443,0,-3,-53
1756014460.5619447,-1,-7,-46
1756014460.6009445,5,-2,-45
1756014460.6389446,6,-1,-56
1756014460.6749446,6,3,-63
1756014460.7119446,3,1,-48
1756014460.7509446,0,0,-45
1756014460.7889447,4,6,-61
1756014460.8249447,0,-3,-60
1756014460.8639443,10,-9,-59
1756014460.9009447,0,0,-57
1756014460.9389446,-4,-2,-43
1756014460.9749446,-6,-2,-49
1756014461.0129447,-3,-1,-44
1756014461.0509446,3,1,-48
1756014461.088945,0,-1,-46
1756014461.1249447,4,1,-49
1756014461.1619446,-4,-2,-63
1756014461.200945,-7,-1,-52
1756014461.2389443,0,0,-42
1756014461.2749443,-4,-5,-48
1756014461.3139446,-5,0,-54
1756014461.3509445,-8,0,-55
1756014461.3899446,-1,-3,-49
1756014461.427945,1,3,-55
1756014461.463945,4,4,-42
1756014461.5009446,1,-2,-36
1756014461.5399446,6,-1,-40
1756014461.5779445,2,0,-47
1756014461.6139443,-8,4,-65
1756014461.6509447,3,-3,-56
1756014461.6899445,1,-5,-57
1756014461.7279446,3,-4,-50
1756014461.7639446,1,-3,-51
1756014461.8009446,-3,-3,-57
1756014461.8399446,3,0,-62
1756014461.8779447,1,3,-60
1756014461.9139447,-2,3,-48
1756014461.950945,-2,1,-60
1756014461.9899447,-1,-4,-47
1756014462.0279446,0,2,-46
1756014462.0639446,0,0,-44
1756014462.1009445,1,2,-50
1756014462.1389446,0,2,-56
1756014462.1749446,-3,0,-57
1756014462.2119446,2,0,-63
1756014462.2499447,-6,-3,-44
1756014462.2859447,-5,2,-59
1756014462.3239446,0,4,-55
1756014462.361945,-2,2,-52
1756014462.4009447,-6,3,-67
1756014462.4389446,0,3,-61
1756014462.4749446,-2,7,-57
1756014462.5119443,1,2,-50
1756014462.5499446,3,-5,-46
1756014462.5869446,0,-9,-46
1756014462.6249447,0,-4,-56
1756014462.6619446,1,-5,-44
1756014462.6999447,8,-6,-51
1756014462.7389443,0,-1,-59
1756014462.7749443,0,-2,-48
1756014462.8119447,0,-3,-46
1756014462.8499446,1,0,-47
1756014462.8889446,1,7,-49
1756014462.9249446,-6,1,-51
1756014462.9629445,1,4,-47
1756014463.0009446,4,-7,-36
1756014463.0399446,4,-2,-54
1756014463.075945,0,0,-43
1756014463.1129446,-3,-5,-44
1756014463.1509447,-1,0,-48
1756014463.1899445,6,0,-58
1756014463.2259445,2,-2,-62
1756014463.2629447,-3,1,-67
1756014463.3009446,6,-2,-60
1756014463.3399446,2,-3,-61
1756014463.3759446,-4,5,-54
1756014463.4129446,-1,0,-49
1756014463.450945,-2,-2,-43
1756014463.4899447,3,-1,-34
1756014463.5259447,-2,0,-48
1756014463.562945,-2,-3,-54
1756014463.6009445,-6,-1,-47
1756014463.6399446,-3,0,-48
1756014463.6759446,-2,-4,-47
1756014463.713945,5,3,-56
1756014463.7509446,-1,6,-40
1756014463.7899446,-2,-3,-47
1756014463.825945,0,-2,-49
1756014463.8629446,-2,4,-58
1756014463.9009447,0,4,-55
1756014463.9369447,4,-1,-50
1756014463.9749446,-9,-2,-55
1756014464.0129447,-2,5,-58
1756014464.0509446,-3,-1,-65
1756014464.0899446,-6,-12,-59
1756014464.1259446,-4,-6,-61
1756014464.1639447,-4,3,-60
1756014464.2019446,-8,-6,-64
1756014464.2409446,-8,-4,-60
1756014464.2769446,-2,0,-62
1756014464.3139446,-1,0,-58
1756014464.3519447,-3,2,-51
1756014464.3909447,3,-2,-56
1756014464.4269447,1,0,-58
1756014464.463945,-1,0,-61
1756014464.5019443,0,1,-52
1756014464.5409446,-5,1,-47
1756014464.5769446,-3,0,-47
1756014464.6139443,-8,-1,-54
1756014464.6519446,0,5,-49
1756014464.690945,1,3,-55
1756014464.7269447,-3,3,-55
1756014464.7639446,-4,0,-45
1756014464.8019447,-2,4,-58
1756014464.8409443,2,-1,-45
1756014464.8769443,-2,0,-58
1756014464.9139447,3,2,-66
1756014464.9519446,8,-1,-59
1756014464.9899447,3,1,-57
1756014465.0259447,5,0,-61
1756014465.062945,2,3,-60
1756014465.1019447,2,9,-49
1756014465.1399446,-2,2,-46
1756014465.1759446,0,-2,-55
1756014465.213945,6,-2,-43
1756014465.2519443,-1,-4,-45
1756014465.2899446,3,0,-42
1756014465.325945,2,-2,-60
1756014465.3629446,1,5,-53
1756014465.4019446,-3,-2,-64
1756014465.437945,0,-4,-54
1756014465.4749446,-5,-2,-37
1756014465.5129447,2,-1,-66
1756014465.5519447,0,-3,-52
1756014465.5879445,4,-2,-51
1756014465.6259446,0,3,-46
1756014465.6629446,3,2,-52
1756014465.7019446,10,2,-51
1756014465.7379446,-1,3,-46
1756014465.7749443,-2,0,-39
1756014465.812945,0,0,-43
1756014465.8519447,2,0,-44
1756014465.8879447,3,1,-54
1756014465.9249446,0,0,-53
1756014465.9629445,-2,0,-55
1756014466.0019443,0,1,-64
1756014466.0379446,0,-2,-60
1756014466.0749447,3,-5,-55
1756014466.1139443,8,-4,-58
1756014466.1519446,1,0,-40
1756014466.187945,4,-2,-44
1756014466.2249446,0,1,-57
1756014466.2629447,5,-1,-51
1756014466.3009446,4,-3,-50
1756014466.3369446,-6,3,-53
1756014466.3749447,1,1,-59
1756014466.4129446,7,0,-46
1756014466.450945,4,-6,-58
1756014466.486945,1,-5,-48
1756014466.5239446,1,0,-53
1756014466.562945,-6,0,-43
1756014466.6009445,-3,-6,-56
1756014466.6369443,-4,-5,-54
1756014466.6749446,-1,-8,-51
1756014466.7129445,-4,-5,-52
1756014466.7519443,-1,-3,-62
1756014466.7879446,1,0,-58
1756014466.8249447,5,-4,-51
1756014466.8629446,7,-2,-50
1756014466.9019446,8,-1,-51
1756014466.937945,3,-8,-56
1756014466.9759445,2,3,-57
1756014467.0139446,0,-1,-55
1756014467.0519447,4,-2,-53
1756014467.0879445,7,-6,-43
1756014467.1259446,-2,-2,-57
1756014467.1639447,2,-11,-51
1756014467.2019446,4,3,-48
1756014467.2379446,4,-6,-53
1756014467.2759447,0,-7,-63
1756014467.3139446,-1,6,-54
1756014467.3529446,0,5,-49
1756014467.3889446,2,0,-55
1756014467.4259446,0,4,-45
1756014467.4629445,1,-1,-46
1756014467.5019443,3,-1,-53
1756014467.5379446,6,-1,-49
1756014467.5749447,4,0,-41
1756014467.6129446,5,-8,-53
1756014467.6519446,10,-3,-43
1756014467.687945,-4,-1,-56
1756014467.7259445,0,4,-54
1756014467.7639446,-3,3,-66
1756014467.802945,-3,0,-52
1756014467.838945,7,0,-61
1756014467.8759446,6,-2,-64
1756014467.9139447,0,-1,-58
1756014467.9529445,-2,-6,-51
1756014467.9889443,6,-7,-48
1756014468.0259447,1,0,-45
1756014468.0639446,0,7,-55
1756014468.1019447,3,-2,-69
1756014468.1379447,7,4,-59
1756014468.1839447,12,-5,-50
1756014468.2219446,0,-3,-60
1756014468.2579446,-1,0,-54
1756014468.2959447,3,1,-55
1756014468.3339446,0,-5,-53
1756014468.3729446,-1,0,-57
1756014468.4089446,-2,1,-57
1756014468.4459443,-3,-11,-58
1756014468.4849446,0,-4,-59
1756014468.5229447,-4,1,-55
1756014468.5589447,2,3,-42
1756014468.5959446,6,-7,-51
1756014468.6339445,0,-2,-59
1756014468.6729443,2,0,-53
1756014468.7089446,6,-2,-62
1756014468.746945,6,0,-48
1756014468.7839446,-3,-1,-52
1756014468.8229446,3,1,-55
1756014468.858945,1,-3,-53
1756014468.8959446,-2,0,-50
1756014468.9339447,3,-3,-50
1756014468.9729445,-6,-4,-54
1756014469.0089445,-3,-1,-51
1756014469.0469446,-1,5,-53
1756014469.0849447,0,3,-48
1756014469.1239443,3,2,-50
1756014469.1599443,1,0,-54
1756014469.1969447,0,-6,-53
1756014469.2359445,-7,-5,-55
1756014469.2739446,1,-3,-47
1756014469.3099446,9,0,-56
1756014469.3469446,0,-5,-56
1756014469.384945,1,-5,-43
1756014469.4239447,4,-7,-51
1756014469.4599447,1,-4,-52
1756014469.496945,-1,-7,-47
1756014469.5359447,0,-7,-43
1756014469.5739446,0,-1,-51
1756014469.6099446,4,-3,-61
1756014469.6469443,2,-2,-47
1756014469.6849446,10,-3,-56
1756014469.723945,2,-2,-56
1756014469.759945,-3,-3,-52
1756014469.7989447,-2,5,-48
1756014469.835945,-4,-4,-48
1756014469.8749447,2,-4,-45
1756014469.9129446,2,0,-51
1756014469.9489446,-3,0,-49
1756014469.9859445,-1,-4,-58
1756014470.0249443,-1,-7,-53
1756014470.062945,-1,-3,-53
1756014470.098945,-3,1,-58
1756014470.1359446,-3,-4,-53
1756014470.1749446,2,-3,-58
1756014470.2129445,0,0,-52
1756014470.2489443,0,1,-54
1756014470.2859447,0,-3,-62
1756014470.3249447,-4,-5,-55
1756014470.3629446,2,0,-51
1756014470.3989446,-4,4,-48
1756014470.4369447,0,-3,-52
1756014470.4749446,4,0,-45
1756014470.5109446,3,-1,-43
1756014470.5479443,4,4,-43
1756014470.5849447,-4,3,-34
1756014470.6239443,-4,-3,-50
1756014470.6599443,-1,-2,-43
1756014470.6979446,-6,-5,-50
1756014470.736945,-3,0,-51
1756014470.7749443,1,-6,-52
1756014470.8109446,1,-2,-51
1756014470.8499446,-3,-5,-52
1756014470.8869443,0,-2,-42
1756014470.9249446,3,0,-48
1756014470.960945,1,0,-37
1756014470.9979446,2,1,-45
1756014471.0369446,2,3,-54
1756014471.0749447,-7,-1,-51
1756014471.1109445,0,-3,-46
1756014471.1479447,-1,0,-53
1756014471.1859446,9,-6,-61
1756014471.2249446,-4,-7,-65
1756014471.2609446,-7,-6,-54
1756014471.2999446,-4,0,-49
1756014471.3369446,0,2,-55
1756014471.3749447,3,-1,-56
1756014471.4109447,4,0,-41
1756014471.4479446,-4,-3,-55
1756014471.4859445,0,-6,-56
1756014471.5249443,4,-3,-59
1756014471.5609446,-5,0,-52
1756014471.598945,-3,-2,-55
1756014471.6369443,1,-2,-61
1756014471.6759446,1,-8,-48
1756014471.713945,3,1,-51
1756014471.7499447,-4,2,-63
1756014471.7869446,-1,6,-56
1756014471.825945,-5,-3,-37
1756014471.8639443,0,-5,-46
1756014471.8999443,5,-7,-45
1756014471.937945,3,-6,-53
1756014471.9759445,3,1,-41
1756014472.0139446,3,-2,-51
1756014472.0499446,-3,-4,-64
1756014472.0879445,4,0,-56
1756014472.1259446,-5,-8,-52
1756014472.1619446,-4,-5,-50
1756014472.200945,1,-4,-52
1756014472.2379446,-4,-6,-61
1756014472.2759447,-4,-2,-48
1756014472.3149445,-2,1,-47
1756014472.3509445,0,-2,-46
1756014472.3879447,2,0,-63
1756014472.4259446,0,3,-53
1756014472.4619446,2,0,-56
1756014472.4989443,2,1,-60
1756014472.5359447,0,-2,-50
1756014472.5749447,4,-1,-52
1756014472.6109445,6,1,-56
1756014472.6479447,6,-3,-56
1756014472.6859446,-3,-3,-47
1756014472.7249446,1,-4,-50
1756014472.7609446,-3,1,-53
1756014472.7979443,0,4,-58
1756014472.835945,-1,5,-49
1756014472.871945,6,0,-52
1756014472.9089446,0,3,-48
1756014472.9469447,0,9,-49
1756014472.9849446,-3,0,-52
1756014473.0209446,-7,0,-49
1756014473.0579443,-4,2,-64
1756014473.0969446,-4,4,-55
1756014473.134945,-1,-3,-52
1756014473.1709447,0,-6,-56
1756014473.2079446,-7,-5,-51
1756014473.246945,-6,4,-38
1756014473.2849443,4,1,-40
1756014473.3209443,8,-4,-38
1756014473.3579447,0,-4,-43
1756014473.3969443,-5,-3,-34
1756014473.4349446,0,2,-51
1756014473.4709446,9,-2,-45
1756014473.5079446,13,-5,-53
1756014473.5469446,4,1,-58
1756014473.5849447,-4,0,-54
1756014473.6209445,-14,3,-54
1756014473.657945,-3,2,-53
1756014473.6969447,1,-7,-58
1756014473.7329447,0,4,-56
1756014473.769945,0,-1,-51
1756014473.8079443,2,-2,-53
1756014473.8469446,0,-2,-66
1756014473.8829446,-3,-4,-53
1756014473.9219446,0,1,-43
1756014473.9599447,7,2,-60
1756014473.996945,2,-1,-61
1756014474.0359447,1,0,-62
1756014474.0719447,-4,2,-62
1756014474.108945,-2,0,-50
1756014474.1469443,-1,-2,-43
1756014474.1859446,1,-4,-55
1756014474.2219446,3,2,-49
1756014474.259945,-5,1,-52
1756014474.2969446,-6,1,-58
1756014474.335945,-2,-2,-51
1756014474.371945,-5,0,-47
1756014474.4089446,0,-9,-51
1756014474.4479446,2,0,-45
1756014474.4859445,4,1,-37
1756014474.5219443,6,-4,-45
1756014474.5599446,7,-1,-47
1756014474.5979445,0,5,-63
1756014474.6359446,0,-4,-67
1756014474.6719446,-2,-1,-59
1756014474.7099447,0,2,-44
1756014474.7479446,-2,8,-64
1756014474.7859447,-2,1,-49
1756014474.8219447,-1,1,-41
1756014474.8599446,6,-2,-36
1756014474.8979447,2,0,-50
1756014474.9359446,-7,2,-54
1756014474.9719446,-9,-4,-48
1756014475.009945,0,0,-45
1756014475.0479443,4,-6,-53
1756014475.085945,2,0,-48
1756014475.121945,2,-6,-51
1756014475.1599443,1,1,-51
1756014475.1979446,2,1,-55
1756014475.2359445,-6,-2,-47
1756014475.2719443,0,-1,-53
1756014475.3089447,-2,-1,-55
1756014475.3479445,-6,-6,-50
1756014475.3859446,0,2,-46
1756014475.4219446,5,-1,-49
1756014475.4589446,-4,2,-45
1756014475.4979446,-7,1,-49
1756014475.5339446,-2,0,-63
1756014475.5719447,2,-4,-61
1756014475.6099446,10,0,-59
1756014475.6479447,5,0,-58
1756014475.6869447,0,-2,-48
1756014475.7229445,0,-2,-50
1756014475.759945,-2,2,-58
1756014475.7979443,4,-4,-55
1756014475.8369446,-2,-3,-50
1756014475.8729446,-4,6,-55
1756014475.9099443,5,1,-54
1756014475.9479446,3,0,-58
1756014475.986945,-1,3,-58
1756014476.0229447,2,1,-54
1756014476.0599446,-2,0,-58
1756014476.098945,0,1,-56
1756014476.1369443,-4,-5,-53
1756014476.1729443,-1,0,-51
1756014476.210945,2,-4,-53
1756014476.2489443,-4,-3,-54
1756014476.2879446,0,0,-52
1756014476.3239446,-2,0,-45
1756014476.3609445,0,-6,-48
1756014476.3989446,-3,-1,-44
1756014476.437945,4,-6,-44
1756014476.473945,2,-3,-56
1756014476.5109446,-3,0,-46
1756014476.5489447,0,1,-52
1756014476.5869446,4,5,-48
1756014476.6229446,-1,-5,-58
1756014476.6609447,-5,-2,-57
1756014476.6989446,-5,3,-61
1756014476.7379446,-3,2,-61
1756014476.7739446,-6,0,-59
1756014476.8109446,-8,1,-56
1756014476.848945,-3,0,-63
1756014476.8879447,-4,-1,-59
1756014476.9239447,-5,-3,-61
1756014476.9619446,0,-4,-40
1756014476.9999447,4,1,-50
1756014477.0379446,9,0,-46
1756014477.0739446,5,0,-47
1756014477.1109445,-1,1,-47
1756014477.1489446,3,-1,-47
1756014477.187945,0,0,-44
1756014477.223945,0,-5,-51
1756014477.2619443,-10,-11,-49
1756014477.2999446,-10,-9,-56
1756014477.338945,-4,-7,-62
1756014477.3759446,-3,-6,-59
1756014477.4129446,-5,-2,-40
1756014477.450945,-4,-2,-52
1756014477.4899447,-2,4,-48
1756014477.5279446,0,3,-45
1756014477.5639446,-1,2,-45
1756014477.6019447,-4,4,-47
1756014477.6389446,-5,3,-49
1756014477.677945,-3,-3,-53
1756014477.713945,-3,-5,-49
1756014477.7519443,-1,-4,-57
1756014477.7899446,-3,5,-62
1756014477.8289447,1,7,-65
1756014477.8649447,0,3,-50
1756014477.9019446,1,-4,-50
1756014477.9399445,3,-3,-57
1756014477.9789443,-2,1,-52
1756014478.0149446,3,6,-53
1756014478.0519447,3,0,-45
1756014478.0899446,4,-1,-50
1756014478.1279447,-1,0,-50
1756014478.1639447,4,0,-55
1756014478.2099447,0,3,-54
1756014478.2479446,-1,1,-59
1756014478.2839446,-5,1,-59
1756014478.3219447,-5,4,-64
1756014478.3599446,-7,2,-59
1756014478.3989446,-4,5,-51
1756014478.4349446,3,4,-53
1756014478.4719446,2,1,-55
1756014478.5109446,1,3,-48
1756014478.5489447,3,9,-51
1756014478.5849447,0,12,-56
1756014478.621945,6,3,-54
1756014478.6599443,9,7,-56
1756014478.6979446,0,0,-53
1756014478.733945,-4,-3,-48
1756014478.7719443,2,-5,-64
1756014478.8109446,5,-2,-64
1756014478.848945,2,5,-52
1756014478.884945,2,2,-57
1756014478.9219446,0,0,-60
1756014478.9599447,4,-2,-46
1756014478.9959445,-6,0,-50
1756014479.0339446,-2,-9,-46
1756014479.0719447,4,-2,-36
1756014479.1099446,-3,0,-48
1756014479.1489446,1,2,-60
1756014479.1849446,8,3,-61
1756014479.2219446,4,1,-60
1756014479.259945,4,-2,-46
1756014479.2959447,2,4,-57
1756014479.3329446,-12,0,-55
1756014479.3709445,-2,0,-55
1756014479.4099443,-5,-2,-61
1756014479.4459443,-7,-3,-57
1756014479.483945,7,-4,-48
1756014479.5219443,14,0,-46
1756014479.5599446,0,-3,-43
1756014479.5959446,-3,-1,-43
1756014479.6339445,1,-5,-55
1756014479.6719446,-1,-2,-62
1756014479.710945,-4,-5,-58
1756014479.7489443,1,-5,-56
1756014479.7849443,-5,-6,-53
1756014479.8229446,-4,-9,-61
1756014479.861945,-3,-11,-56
1756014479.8999443,3,0,-50
1756014479.9359446,1,1,-57
1756014479.9729445,4,0,-57
1756014480.0109446,1,-3,-50
1756014480.0489447,2,0,-56
1756014480.0849447,0,-8,-52
1756014480.1229446,-2,-2,-55
1756014480.1619446,6,-1,-44
1756014480.1999447,0,0,-57
1756014480.2359445,0,0,-47
1756014480.2729447,-8,-2,-53
1756014480.3109446,-4,3,-49
1756014480.3499446,0,0,-37
1756014480.3859446,-1,-1,-47
1756014480.4249446,3,-2,-49
1756014480.4619446,8,2,-50
1756014480.4999447,8,1,-41
1756014480.5359447,5,4,-40
1756014480.5729446,4,-2,-45
1756014480.6109445,-2,1,-47
1756014480.6499443,-1,2,-51
1756014480.6859446,-4,-2,-54
1756014480.7249446,3,-1,-49
1756014480.7619443,-2,8,-63
1756014480.8009446,2,2,-59
1756014480.8369446,1,-3,-47
1756014480.8749447,1,0,-48
1756014480.9129446,-6,-3,-53
1756014480.950945,-1,4,-55
1756014480.9899447,2,-4,-52
1756014481.0259447,-5,-2,-40
1756014481.0639446,-3,-1,-59
1756014481.1019447,-2,-6,-50
1756014481.1409447,3,1,-57
1756014481.1769447,5,1,-60
1756014481.213945,-3,1,-53
1756014481.2519443,-3,0,-54
1756014481.2909446,-4,-1,-53
1756014481.3269446,0,0,-54
1756014481.3649447,-1,6,-55
1756014481.4029446,-5,-2,-45
1756014481.4419446,-4,1,-59
1756014481.4799447,3,0,-54
1756014481.5159447,1,5,-52
1756014481.552945,-2,-1,-49
1756014481.5919447,-7,-1,-44
1756014481.6299446,-4,-3,-62
1756014481.6659446,-2,3,-56
1756014481.7039447,-2,5,-57
1756014481.7419446,-4,-6,-65
1756014481.779945,-1,0,-50
1756014481.815945,-4,0,-64
1756014481.8529446,-1,1,-57
1756014481.8919446,2,0,-48
1756014481.9299445,9,1,-47
1756014481.9659443,5,4,-52
1756014482.0029447,5,4,-53
1756014482.0409446,2,1,-52
1756014482.0769446,1,-6,-45
1756014482.1149447,0,-3,-45
1756014482.1529446,0,-6,-56
1756014482.1919446,-2,-4,-50
1756014482.2279446,0,0,-54
1756014482.2649446,2,0,-56
1756014482.3019447,3,-4,-55
1756014482.3409443,4,0,-52
1756014482.3769443,-1,-2,-50
1756014482.4149446,2,-1,-43
1756014482.4529445,6,10,-50
1756014482.4919446,0,-5,-47
1756014482.5279446,0,1,-51
1756014482.5649445,0,1,-54
1756014482.6019447,-7,1,-56
1756014482.6409447,-5,4,-48
1756014482.6769447,0,2,-56
1756014482.7149446,9,-6,-49
1756014482.7539446,1,1,-55
1756014482.7919445,0,6,-44
1756014482.8279445,-2,3,-53
1756014482.8649447,-3,0,-59
1756014482.9029446,-2,1,-57
1756014482.9419446,-1,-1,-53
1756014482.9779446,4,0,-46
1756014483.0149446,2,2,-41
1756014483.052945,8,2,-56
1756014483.0909443,1,0,-56
1756014483.1269443,-4,6,-61
1756014483.1649446,-3,-3,-54
1756014483.2029445,3,-3,-56
1756014483.2419446,5,-3,-51
1756014483.2779446,0,1,-50
1756014483.3149445,4,0,-54
1756014483.3529446,0,0,-56
1756014483.3909447,8,0,-58
1756014483.4269447,3,-1,-58
1756014483.463945,-9,0,-48
1756014483.5029447,0,-2,-48
1756014483.5409446,-1,5,-54
1756014483.5769446,-1,4,-56
1756014483.6139443,7,-1,-58
1756014483.6529446,7,-1,-60
1756014483.690945,-3,1,-49
1756014483.7269447,3,2,-50
1756014483.7639446,-5,0,-55
1756014483.802945,-2,2,-46
1756014483.838945,-4,4,-51
1756014483.8769443,-5,1,-44
1756014483.9149446,-4,0,-45
1756014483.9529445,-6,0,-53
1756014483.9919446,-5,0,-47
1756014484.0279446,1,3,-43
1756014484.065945,-1,-1,-52
1756014484.1039443,0,0,-48
1756014484.1419446,1,-2,-42
1756014484.177945,-5,0,-44
1756014484.2159443,0,4,-48
1756014484.2539446,5,-4,-49
1756014484.292945,2,4,-46
1756014484.3289447,-2,8,-45
1756014484.3659446,0,0,-52
1756014484.4029446,-8,1,-47
1756014484.4419446,0,0,-53
1756014484.4779446,0,0,-50
1756014484.5169446,2,0,-53
1756014484.5539446,-2,0,-53
1756014484.5929446,4,-1,-49
1756014484.6289446,-3,1,-47
1756014484.6669445,3,-1,-45
1756014484.7039447,2,0,-45
1756014484.7419446,-5,0,-46
1756014484.7789447,0,3,-52
1756014484.815945,-1,-1,-50
1756014484.8539443,1,-1,-65
1756014484.8929446,1,-7,-62
1756014484.9289446,0,-10,-52
1756014484.9659443,1,-1,-54
1756014485.0039446,4,4,-51
1756014485.042945,1,-2,-51
1756014485.0789447,-2,0,-49
1756014485.1159446,8,5,-48
1756014485.1539447,-2,5,-49
1756014485.1929443,-2,-2,-55
1756014485.2289443,1,0,-49
1756014485.2659447,0,-1,-52
1756014485.3049445,0,-6,-61
1756014485.3429446,-5,-8,-59
1756014485.3789446,-7,-4,-50
1756014485.417945,1,-4,-51
1756014485.4549446,0,-4,-51
1756014485.4939446,-3,-1,-45
1756014485.529945,2,3,-46
1756014485.5679443,6,0,-54
1756014485.6049447,4,-2,-65
1756014485.6439445,3,1,-51
1756014485.6799445,8,0,-50
1756014485.7169447,-7,-1,-52
1756014485.7549446,0,-2,-47
1756014485.7939446,5,-2,-52
1756014485.8299446,4,-5,-50
1756014485.8679447,1,-2,-48
1756014485.9059446,-2,-1,-52
1756014485.9439447,-5,-3,-54
1756014485.9829447,1,5,-58
1756014486.0189445,-2,-2,-51
1756014486.0569446,5,-2,-58
1756014486.0949447,6,1,-56
1756014486.1339445,4,0,-62
1756014486.1699443,7,-1,-47
1756014486.2069447,0,-2,-46
1756014486.2449446,0,-5,-55
1756014486.2839446,0,-2,-56
1756014486.3199446,1,-1,-57
1756014486.3569446,0,4,-43
1756014486.394945,-2,3,-55
1756014486.4339447,-8,1,-58
1756014486.4699447,1,7,-44
1756014486.506945,4,4,-51
1756014486.5449443,1,0,-52
1756014486.5829446,0,-4,-50
1756014486.6189446,11,-3,-58
1756014486.6569445,3,-9,-62
1756014486.6949446,11,0,-48
1756014486.7329447,9,-3,-48
1756014486.7689445,3,-2,-53
1756014486.8069446,-3,1,-52
1756014486.8449447,2,-1,-57
1756014486.8829446,1,-4,-70
1756014486.9189446,-2,-8,-57
1756014486.9569447,-4,0,-47
1756014486.9949446,-4,-3,-50
1756014487.0339446,-2,-2,-50
1756014487.0699446,4,-6,-60
1756014487.1069446,6,0,-65
1756014487.144945,0,-3,-55
1756014487.1809447,-4,0,-54
1756014487.2179446,-2,-7,-62
1756014487.256945,2,-3,-65
1756014487.2949443,1,-4,-56
1756014487.3309443,-4,-3,-40
1756014487.3689446,-5,0,-49
1756014487.4069445,-2,-2,-49
1756014487.4449446,0,-6,-54
1756014487.483945,-3,0,-47
1756014487.519945,8,0,-42
1756014487.5569446,-2,-2,-49
1756014487.5949447,0,-4,-48
1756014487.6339445,-2,-8,-49
1756014487.6699443,9,0,-55
1756014487.7069447,-2,-3,-54
1756014487.7449446,3,-7,-56
1756014487.7839446,1,0,-55
1756014487.8199446,-1,5,-58
1756014487.8569446,1,3,-54
1756014487.894945,0,4,-64
1756014487.9309447,2,1,-57
1756014487.9689443,9,1,-54
1756014488.006945,6,-2,-53
1756014488.0449443,0,0,-56
1756014488.0809443,4,2,-53
1756014488.1189446,-5,1,-48
1756014488.1569445,6,4,-58
1756014488.1949446,4,2,-37
1756014488.2389443,3,-5,-46
1756014488.2769446,-2,-4,-62
1756014488.315945,1,0,-60
1756014488.3539443,-1,-5,-52
1756014488.3899446,0,4,-58
1756014488.427945,3,-7,-51
1756014488.4659443,-4,-1,-51
1756014488.5039446,-5,-9,-54
1756014488.5399446,0,-6,-56
1756014488.5779445,-9,-5,-58
1756014488.6159446,0,1,-62
1756014488.6539447,1,-1,-65
1756014488.6899445,-4,0,-59
1756014488.7279446,0,-6,-60
1756014488.7659447,-3,-6,-36
1756014488.8049445,1,-3,-47
1756014488.8409443,-4,-3,-45
1756014488.8789446,3,3,-56
1756014488.9159446,1,5,-55
1756014488.9519446,-3,-4,-50
1756014488.9909446,-3,-7,-46
1756014489.0279446,-7,-9,-48
1756014489.065945,-2,-4,-60
1756014489.1049447,-8,-1,-54
1756014489.1409447,1,1,-47
1756014489.177945,4,0,-55
1756014489.2159443,6,-2,-65
1756014489.2519443,3,-7,-69
1756014489.2889447,-8,0,-68
1756014489.3279445,-3,-3,-63
1756014489.3659446,-3,0,-61
1756014489.4019446,2,2,-56
1756014489.4389446,1,-2,-44
1756014489.4779446,3,-2,-51
1756014489.5159447,-3,-4,-56
1756014489.5519447,-2,2,-48
1756014489.588945,-2,-1,-51
1756014489.6279447,7,0,-46
1756014489.6659446,2,-2,-45
1756014489.7019446,-6,0,-42
1756014489.7389443,-4,-2,-52
1756014489.7779446,0,0,-44
1756014489.815945,-1,-3,-55
1756014489.8519447,-2,-6,-58
1756014489.8899446,0,-7,-48
1756014489.927945,3,-2,-53
1756014489.9669447,0,-1,-49
1756014490.0049446,5,3,-56
1756014490.0409446,0,5,-51
1756014490.0779445,-6,0,-55
1756014490.1169446,-1,2,-54
1756014490.154945,-6,4,-51
1756014490.190945,-2,-1,-55
1756014490.2289443,-6,2,-57
1756014490.2669446,-5,1,-50
1756014490.3059447,-2,0,-57
1756014490.3419447,0,-2,-54
1756014490.3809447,5,-6,-64
1756014490.417945,-3,-11,-52
1756014490.4569447,-3,-3,-53
1756014490.4929447,-1,0,-57
1756014490.5309446,6,-5,-58
1756014490.5689447,1,7,-43
1756014490.6069446,-3,6,-58
1756014490.6429446,-2,3,-58
1756014490.6809447,5,-3,-49
1756014490.7189443,0,0,-56
1756014490.756945,-5,3,-48
1756014490.792945,-3,5,-56
1756014490.8319447,-4,3,-46
1756014490.8689446,0,9,-58
1756014490.907945,-3,4,-59
1756014490.9459443,-5,0,-47
1756014490.9819446,0,3,-43
1756014491.0189445,5,-1,-48
1756014491.0579443,-4,-2,-57
1756014491.0959446,-11,-1,-47
1756014491.131945,-1,0,-46
1756014491.1699443,-2,-7,-46
1756014491.2079446,-5,0,-65
1756014491.246945,0,-4,-72
1756014491.282945,-5,0,-69
1756014491.3199446,-8,-4,-67
1756014491.3579447,-6,-4,-51
1756014491.3969443,-4,2,-56
1756014491.4329443,0,8,-57
1756014491.4699447,-3,6,-50
1756014491.5079446,-1,-1,-54
1756014491.5469446,2,0,-37
1756014491.5829446,4,0,-43
1756014491.6199446,0,-5,-48
1756014491.657945,3,1,-45
1756014491.6959443,-2,2,-50
1756014491.7319446,-4,5,-47
1756014491.769945,7,0,-49
1756014491.8079443,0,-6,-44
1756014491.8459446,-8,2,-50
1756014491.881945,0,-4,-59
1756014491.9199443,4,0,-55
1756014491.9579446,10,3,-58
1756014491.9959445,1,-5,-53
1756014492.0319445,5,3,-47
1756014492.0689447,-2,5,-50
1756014492.1079447,-3,-2,-51
1756014492.1439445,0,3,-58
1756014492.1809447,-6,-1,-50
1756014492.2189443,-3,2,-53
1756014492.2579446,0,-4,-44
1756014492.2939446,-2,-1,-50
1756014492.3329446,-1,-1,-52
1756014492.3699446,1,-3,-54
1756014492.407945,3,2,-46
1756014492.4469447,0,2,-56
1756014492.4829447,-4,2,-46
1756014492.5209446,-3,6,-50
1756014492.5589447,-2,2,-38
1756014492.5979445,0,-1,-41
1756014492.6339445,-2,-3,-37
1756014492.6719446,6,-1,-30
1756014492.7099447,7,-2,-49
1756014492.7479446,-1,-1,-51
1756014492.7869446,6,0,-52
1756014492.8229446,7,-4,-56
1756014492.8609445,0,-8,-57
1756014492.8999443,2,2,-57
1756014492.937945,4,-3,-46
1756014492.973945,0,7,-46
1756014493.0109446,-3,7,-48
1756014493.0499446,1,2,-49
1756014493.0879445,-3,4,-68
1756014493.1239443,1,0,-61
1756014493.1609447,2,7,-52
1756014493.1989446,0,2,-59
1756014493.236945,6,0,-45
1756014493.2729447,0,-2,-58
1756014493.3109446,0,-1,-58
1756014493.348945,-1,-6,-53
1756014493.3879447,-1,-3,-46
1756014493.4239447,-2,0,-55
1756014493.460945,-1,-5,-47
1756014493.4989443,-7,-3,-65
1756014493.5379446,-4,0,-57
1756014493.5739446,-2,-3,-53
1756014493.6129446,-2,-4,-49
1756014493.6499443,4,-2,-55
1756014493.6889446,3,-2,-69
1756014493.7269447,-1,4,-65
1756014493.7629447,2,0,-61
1756014493.7999446,0,4,-54
1756014493.8379445,2,4,-47
1756014493.8739443,8,1,-56
1756014493.9109447,9,-5,-61
1756014493.9489446,4,-8,-45
1756014493.9879446,-7,-3,-53
1756014494.0239446,-1,-1,-55
1756014494.062945,-2,-1,-50
1756014494.0999446,4,-1,-53
1756014494.1389446,3,-8,-44
1756014494.1749446,-9,-4,-46
1756014494.2129445,-1,-1,-53
1756014494.2509446,-4,0,-54
1756014494.2889447,-4,-2,-50
1756014494.3279445,-6,-2,-61
1756014494.3639443,-11,0,-47
1756014494.4009447,-3,-1,-56
1756014494.4399445,1,0,-43
1756014494.4779446,2,2,-50
1756014494.5139446,-3,2,-40
1756014494.5509446,-5,-1,-48
1756014494.5899446,-5,5,-50
1756014494.6279447,4,2,-42
1756014494.6639447,2,2,-44
1756014494.700945,0,2,-55
1756014494.7389443,-1,-5,-49
1756014494.7749443,7,-5,-50
1756014494.812945,2,-1,-58
1756014494.8509445,-2,0,-43
1756014494.8889446,-7,0,-42
1756014494.9249446,-2,-3,-46
1756014494.9629445,0,0,-59
1756014495.0009446,3,2,-66
1756014495.0389447,-2,1,-49
1756014495.0749447,0,0,-45
1756014495.111945,1,0,-44
1756014495.1499443,2,-2,-48
1756014495.1889446,5,-7,-46
1756014495.2249446,3,-1,-55
1756014495.2619443,-7,0,-57
1756014495.3009446,-4,-1,-59
1756014495.338945,-13,-4,-73
1756014495.3749447,-2,-3,-62
1756014495.4129446,0,-1,-50
1756014495.450945,0,-3,-59
1756014495.4899447,0,2,-58
1756014495.5259447,6,6,-62
1756014495.562945,5,4,-56
1756014495.6009445,-6,2,-39
1756014495.6399446,-4,4,-60
1756014495.6759446,-8,0,-61
1756014495.713945,-8,-2,-48
1756014495.7519443,-4,0,-52
1756014495.7899446,-1,-1,-60
1756014495.8289447,-1,-2,-48
1756014495.8649447,0,0,-52
1756014495.9019446,-3,-5,-55
1756014495.9399445,2,-5,-62
1756014495.9789443,-8,3,-62
1756014496.0149446,-4,6,-56
1756014496.0519447,-3,-3,-55
1756014496.0909443,1,0,-62
1756014496.1289446,0,1,-62
1756014496.1649446,4,-2,-47
1756014496.2019446,1,5,-49
1756014496.2409446,0,-2,-44
1756014496.2789447,3,1,-41
1756014496.3149445,2,-3,-45
1756014496.3519447,0,-3,-52
1756014496.3909447,2,0,-46
1756014496.4289446,0,-8,-51
1756014496.4649446,1,-5,-47
1756014496.5029447,-1,-7,-51
1756014496.5409446,-1,-7,-50
1756014496.5799446,2,1,-43
1756014496.6159446,1,0,-48
1756014496.654945,-7,-3,-58
1756014496.6919446,0,-4,-58
1756014496.7309446,5,-1,-52
1756014496.7689445,2,0,-69
1756014496.8049445,4,-8,-53
1756014496.8419447,2,-3,-55
1756014496.8809447,3,0,-41
1756014496.9189446,5,-3,-50
1756014496.9549446,7,-7,-52
1756014496.9919446,9,-1,-56
1756014497.0309446,2,5,-47
1756014497.0669446,3,5,-53
1756014497.1039443,4,0,-52
1756014497.1419446,1,-12,-53
1756014497.1809447,-5,-2,-47
1756014497.2169447,0,-6,-48
1756014497.2539446,0,-4,-64
1756014497.2919445,2,0,-54
1756014497.3309443,-3,-1,-48
1756014497.3669446,-2,-1,-48
1756014497.404945,-5,-1,-46
1756014497.4429443,-5,3,-52
1756014497.4809446,-4,-3,-48
1756014497.519945,-6,0,-53
1756014497.5559447,-8,1,-49
1756014497.5929446,0,0,-46
1756014497.6309447,0,-1,-61
1756014497.6699443,2,-4,-57
1756014497.7059443,1,-3,-53
1756014497.7439446,1,-6,-64
1756014497.7819445,-2,-7,-58
1756014497.8199446,3,0,-53
1756014497.8559446,-1,-4,-54
1756014497.8939445,0,0,-65
1756014497.9319446,0,-3,-64
1756014497.9699447,-7,-3,-54
1756014498.0059447,6,-2,-51
1756014498.042945,7,-3,-45
1756014498.0819447,3,-1,-51
1756014498.1199446,2,0,-52
1756014498.1559446,0,0,-48
1756014498.1929443,8,-7,-54
1756014498.2319446,0,-5,-60
1756014498.2759447,0,-8,-46
1756014498.3149445,1,-9,-60
1756014498.3519447,2,-5,-57
1756014498.3909447,-3,1,-51
1756014498.4269447,-1,-3,-47
1756014498.4649446,1,-2,-49
1756014498.5029447,3,-1,-39
1756014498.5419445,-1,6,-47
1756014498.5799446,-1,6,-43
1756014498.6159446,-3,0,-47
1756014498.6539447,1,2,-38
1756014498.6919446,8,6,-51
1756014498.7279446,2,-3,-60
1756014498.7649446,-3,-4,-56
1756014498.802945,-3,-3,-41
1756014498.8419447,4,1,-47
1756014498.8779447,4,0,-55
1756014498.9149446,4,0,-53
1756014498.9519446,-8,-3,-60
1756014498.9909446,-6,0,-62
1756014499.0269446,-5,-1,-50
1756014499.0649445,-6,0,-53
1756014499.1029446,0,0,-49
1756014499.1409447,3,3,-51
1756014499.1769447,-6,-6,-51
1756014499.2149446,-1,-1,-51
1756014499.2529447,0,1,-47
1756014499.2909446,8,-4,-44
1756014499.3269446,5,-9,-46
1756014499.3649447,0,-4,-56
1756014499.4029446,0,-5,-66
1756014499.4419446,0,-5,-46
1756014499.4779446,5,-5,-56
1756014499.5149446,2,2,-58
1756014499.552945,3,-2,-49
1756014499.5919447,-4,1,-53
1756014499.6279447,-8,-2,-56
1756014499.6659446,-4,3,-60
1756014499.7039447,2,-4,-51
1756014499.7429447,-2,0,-42
1756014499.7809446,2,-1,-53
1756014499.8169446,0,-3,-49
1756014499.8559446,-1,0,-48
1756014499.8929446,0,-6,-56
1756014499.9319446,0,-10,-52
1756014499.9679446,0,-3,-56
1756014500.0049446,9,2,-63
1756014500.042945,2,-4,-58
1756014500.0809443,-2,-4,-56
1756014500.1169446,-6,-7,-56
1756014500.1559446,2,-10,-49
1756014500.1929443,-10,0,-60
1756014500.2319446,-2,-2,-61
1756014500.2679446,-3,-1,-64
1756014500.3059447,2,-8,-53
1756014500.3449447,0,-2,-57
1756014500.3829446,-2,0,-53
1756014500.4189446,3,1,-53
1756014500.4559443,1,6,-52
1756014500.4929447,-2,-5,-52
1756014500.5319445,-1,0,-55
1756014500.5679443,3,5,-49
1756014500.6049447,1,3,-52
1756014500.6429446,4,3,-56
1756014500.6789446,1,-4,-46
1756014500.7159443,5,-5,-52
1756014500.7539446,6,0,-54
1756014500.7919445,0,5,-45
1756014500.8279445,4,-6,-47
1756014500.8649447,0,0,-49
1756014500.9029446,-4,-7,-47
1756014500.9419446,2,-9,-47
1756014500.9779446,0,-1,-57
1756014501.0149446,1,2,-64
1756014501.0539446,1,-1,-57
1756014501.0919447,0,-4,-38
1756014501.1279447,-2,-6,-45
1756014501.1659446,-4,-1,-44
1756014501.2039447,-4,0,-47
1756014501.2429447,1,-4,-54
1756014501.2789447,8,0,-55
1756014501.315945,0,-4,-54
1756014501.3539443,0,-6,-63
1756014501.3929446,-3,0,-60
1756014501.4289446,-9,0,-54
1756014501.4659443,-9,1,-59
1756014501.5039446,-1,3,-47
1756014501.542945,6,0,-58
1756014501.5789447,6,1,-66
1756014501.6159446,0,0,-59
1756014501.6539447,3,-5,-61
1756014501.6919446,-6,-6,-54
1756014501.7279446,-4,-7,-47
1756014501.7659447,0,-5,-46
1756014501.8039446,-2,1,-50
1756014501.8429446,-6,3,-40
1756014501.8789446,-2,3,-53
1756014501.9159446,0,-7,-64
1756014501.9539447,1,-5,-58
1756014501.9929447,0,1,-49
1756014502.0289447,0,2,-54
1756014502.065945,0,-3,-58
1756014502.1039443,0,-3,-46
1756014502.1429446,-1,2,-56
1756014502.1789446,0,0,-53
1756014502.2159443,-3,1,-51
1756014502.2539446,-15,-3,-58
1756014502.292945,-3,-5,-68
1756014502.3289447,-3,-3,-65
1756014502.3669446,4,5,-61
1756014502.404945,2,1,-50
1756014502.4429443,0,2,-36
1756014502.4789443,6,3,-44
1756014502.5159447,-3,7,-38
1756014502.5539446,0,1,-57
1756014502.5899446,-1,-3,-43
1756014502.6279447,8,-1,-50
1756014502.6659446,0,-3,-37
1756014502.7049446,0,2,-47
1756014502.7429447,-7,2,-46
1756014502.7789447,3,1,-51
1756014502.815945,-5,-9,-39
1756014502.8549447,2,-6,-46
1756014502.8929446,-2,-4,-52
1756014502.9289446,-3,0,-60
1756014502.9659443,1,1,-61
1756014503.0039446,-7,-2,-53
1756014503.0399446,-3,2,-55
1756014503.0789447,0,4,-41
1756014503.1159446,4,5,-49
1756014503.1539447,10,11,-45
1756014503.1899445,4,8,-50
1756014503.2269447,-7,1,-51
1756014503.2649446,-5,8,-43
1756014503.3039446,-5,0,-44
1756014503.3399446,-4,0,-38
1756014503.3769443,0,1,-60
1756014503.4159446,-2,0,-64
1756014503.4539447,3,0,-55
1756014503.4899447,-5,-5,-65
1756014503.5279446,-1,0,-54
1756014503.565945,0,3,-43
1756014503.6039443,-8,0,-48
1756014503.6399446,-1,-2,-52
1756014503.677945,-1,-2,-52
1756014503.7159443,4,0,-49
1756014503.7549446,1,0,-51
1756014503.7909446,-5,-2,-52
1756014503.8289447,4,-10,-52
1756014503.8669446,0,-2,-51
1756014503.904945,-3,-2,-39
1756014503.9439447,2,-2,-49
1756014503.9799447,1,3,-49
1756014504.0169446,-3,3,-56
1756014504.0549445,1,-3,-55
1756014504.0939443,1,-1,-43
1756014504.1299446,2,0,-54
1756014504.1669445,8,4,-57
1756014504.2049446,0,-2,-54
1756014504.2409446,-1,-7,-65
1756014504.2789447,0,0,-55
1756014504.3169446,1,-3,-52
1756014504.3549447,0,4,-50
1756014504.3909447,0,11,-55
1756014504.427945,-1,4,-61
1756014504.4659443,-5,1,-43
1756014504.5049446,-1,5,-48
1756014504.5409446,-5,-1,-47
1756014504.5799446,2,3,-57
1756014504.6169446,5,3,-50
1756014504.654945,4,-1,-53
1756014504.690945,0,-5,-41
1756014504.7279446,-4,0,-44
1756014504.7659447,0,1,-54
1756014504.8049445,2,4,-53
1756014504.8409443,3,7,-48
1756014504.8779447,0,0,-60
1756014504.9159446,-7,0,-49
1756014504.9539447,-8,-2,-51
1756014504.9899447,-1,-2,-51
1756014505.0279446,4,-4,-49
1756014505.0669446,1,-5,-49
1756014505.1049447,-2,-6,-55
1756014505.1409447,-3,1,-52
1756014505.177945,0,0,-47
1756014505.2159443,6,-4,-49
1756014505.2549446,-1,-2,-52
1756014505.2909446,0,3,-49
1756014505.3279445,0,4,-47
1756014505.3659446,-3,3,-47
1756014505.4019446,-2,-1,-56
1756014505.4399445,-5,-3,-61
1756014505.4779446,5,-1,-52
1756014505.5159447,0,-3,-43
1756014505.5549445,3,1,-72
1756014505.5909443,1,-3,-55
1756014505.6279447,5,-1,-53
1756014505.6669445,-1,-6,-44
1756014505.7049446,-5,1,-42
1756014505.7409446,-1,-5,-54
1756014505.779945,-1,-2,-48
1756014505.8169446,6,0,-50
1756014505.8549447,-4,-8,-45
1756014505.8909447,-3,-5,-47
1756014505.9289446,5,5,-49
1756014505.9669447,7,0,-44
1756014506.0049446,8,5,-49
1756014506.0409446,0,1,-48
1756014506.0779445,-2,-1,-46
1756014506.1169446,-8,0,-56
1756014506.154945,2,-5,-58
1756014506.190945,-2,-7,-66
1756014506.2289443,-2,0,-63
1756014506.2669446,-3,1,-55
1756014506.3059447,-2,3,-55
1756014506.3419447,4,-2,-57
1756014506.3789446,3,-1,-53
1756014506.4169445,0,2,-55
1756014506.4559443,-6,0,-44
1756014506.4919446,0,7,-49
1756014506.5289447,0,2,-55
1756014506.5669446,2,-3,-51
1756014506.6049447,4,-2,-58
1756014506.6409447,2,1,-50
1756014506.677945,-4,4,-49
1756014506.7169447,-1,0,-49
1756014506.7549446,-2,0,-52
1756014506.7909446,0,-4,-57
1756014506.8289447,3,-7,-54
1756014506.8679447,-5,0,-47
1756014506.9059446,-1,0,-47
1756014506.9419446,1,-9,-55
1756014506.9789443,4,0,-49
1756014507.0169446,-2,7,-43
1756014507.052945,-1,1,-43
1756014507.0909443,-1,2,-50
1756014507.1289446,3,-3,-50
1756014507.167945,2,-1,-58
1756014507.2059443,4,-3,-64
1756014507.2419446,2,0,-49
1756014507.2789447,-6,-2,-49
1756014507.3179443,-7,-8,-55
1756014507.3559446,-1,-2,-49
1756014507.3919446,0,0,-57
1756014507.4289446,-2,0,-57
1756014507.4679446,-3,-1,-59
1756014507.5059447,-7,2,-54
1756014507.5419445,-2,3,-50
1756014507.5789447,-3,-2,-58
1756014507.6179447,-1,0,-60
1756014507.6559446,2,6,-52
1756014507.6919446,0,3,-65
1756014507.7289443,-2,1,-59
1756014507.7679446,-1,5,-64
1756014507.8059447,1,-1,-54
1756014507.8419447,-1,-2,-55
1756014507.8809447,-6,1,-54
1756014507.917945,-2,0,-44
1756014507.9569447,-1,-7,-40
1756014507.9929447,-5,-3,-46
1756014508.0309446,0,2,-35
1756014508.0679443,-3,6,-45
1756014508.1069446,6,9,-40
1756014508.1429446,-2,9,-52
1756014508.1799445,-2,4,-54
1756014508.2179446,5,5,-61
1756014508.2559447,0,1,-48
1756014508.2989447,5,0,-53
1756014508.3379445,-2,0,-43
1756014508.3759446,-1,3,-52
1756014508.4119446,1,1,-52
1756014508.4499447,3,2,-58
1756014508.4879446,0,5,-51
1756014508.5259447,5,-1,-45
1756014508.5619447,1,0,-44
1756014508.5999446,-1,-5,-49
1756014508.6379447,-1,-2,-52
1756014508.6769447,-12,-7,-59
1756014508.7129445,-6,-6,-56
1756014508.7509446,4,5,-58
1756014508.7889447,-2,1,-53
1756014508.8279445,0,1,-39
1756014508.8659446,-2,2,-46
1756014508.9029446,-6,1,-46
1756014508.9399445,-7,-4,-53
1756014508.9779446,-6,-7,-52
1756014509.0169446,-2,-4,-51
1756014509.052945,-3,-1,-62
1756014509.0909443,4,0,-43
1756014509.1279447,1,-3,-55
1756014509.1669445,-3,0,-55
1756014509.2029445,-1,5,-60
1756014509.2409446,5,1,-61
1756014509.2779446,2,0,-49
1756014509.3139446,3,0,-41
1756014509.3519447,5,1,-47
1756014509.3899446,4,2,-61
1756014509.427945,-6,0,-60
1756014509.463945,-7,-1,-57
1756014509.5019443,-3,8,-49
1756014509.5399446,0,-2,-35
1756014509.5789447,0,-5,-43
1756014509.6169446,0,-1,-57
1756014509.6529446,4,0,-60
1756014509.6899445,9,0,-55
1756014509.7279446,0,0,-60
1756014509.7639446,2,8,-63
1756014509.8009446,0,3,-62
1756014509.838945,4,-4,-69
1756014509.8779447,3,0,-60
1756014509.9139447,9,6,-60
1756014509.950945,5,0,-54
1756014509.9889443,1,-1,-58
1756014510.0279446,-3,3,-59
1756014510.0639446,-2,0,-49
1756014510.1009445,-5,1,-63
1756014510.1389446,-1,7,-57
1756014510.177945,-3,3,-52
1756014510.213945,1,2,-52
1756014510.2509446,0,6,-57
1756014510.2889447,4,2,-57
1756014510.3269446,-7,-3,-63
1756014510.3629446,-2,-3,-58
1756014510.4009447,8,0,-51
1756014510.4399445,5,1,-56
1756014510.4779446,0,-4,-56
1756014510.5139446,0,-6,-49
1756014510.5509446,-4,1,-58
1756014510.5899446,0,-6,-47
1756014510.6279447,0,-5,-47
1756014510.6639447,2,1,-57
1756014510.700945,4,1,-58
1756014510.7389443,5,3,-52
1756014510.7749443,0,0,-48
1756014510.812945,0,4,-57
1756014510.8509445,0,9,-56
1756014510.8889446,1,0,-51
1756014510.9249446,-2,3,-55
1756014510.9629445,1,0,-62
1756014511.0009446,1,0,-57
1756014511.0389447,1,1,-55
1756014511.0749447,-1,4,-47
1756014511.1129446,4,-1,-66
1756014511.1509447,-3,-2,-58
1756014511.1899445,0,5,-61
1756014511.2279446,-1,1,-56
1756014511.2639446,-4,4,-44
1756014511.3009446,-3,2,-52
1756014511.3399446,-4,0,-47
1756014511.3779447,-1,0,-46
1756014511.4139447,6,0,-49
1756014511.450945,-3,-5,-61
1756014511.4899447,-1,2,-64
1756014511.5279446,6,-4,-62
1756014511.5639446,9,0,-48
1756014511.6009445,0,-3,-43
1756014511.6399446,-11,0,-47
1756014511.677945,-10,2,-49
1756014511.713945,0,1,-57
1756014511.7509446,-3,2,-42
1756014511.7899446,-10,-3,-44
1756014511.8279445,-5,-6,-49
1756014511.8639443,-7,-2,-52
1756014511.9029446,0,0,-52
1756014511.9399445,3,-1,-58
1756014511.9789443,5,2,-48
1756014512.0149446,8,3,-46
1756014512.052945,4,0,-46
1756014512.0899446,5,-4,-48
1756014512.1289446,-3,0,-45
1756014512.1649446,-11,1,-52
1756014512.2029445,-1,0,-38
1756014512.2409446,0,8,-43
1756014512.2789447,0,0,-52
1756014512.3149445,-5,-1,-59
1756014512.3529446,-5,-5,-53
1756014512.3909447,-3,-10,-49
1756014512.4299445,-2,2,-46
1756014512.4659443,-2,1,-52
1756014512.5029447,-2,1,-60
1756014512.5409446,-1,6,-58
1756014512.5799446,9,-5,-50
1756014512.6159446,4,1,-55
1756014512.6529446,-4,1,-52
1756014512.690945,-1,-4,-53
1756014512.7299447,4,1,-47
1756014512.7659447,0,-2,-47
1756014512.802945,-2,3,-49
1756014512.8409443,-5,5,-52
1756014512.8799446,-2,2,-54
1756014512.9159446,-8,0,-45
1756014512.9529445,-2,-1,-50
1756014512.9909446,0,0,-46
1756014513.0289447,-3,0,-50
1756014513.0649445,-4,-1,-51
1756014513.1029446,-1,-1,-56
1756014513.1409447,2,0,-49
1756014513.1799445,-1,0,-43
1756014513.2159443,0,3,-45
1756014513.2529447,0,-3,-61
1756014513.2909446,1,4,-52
1756014513.3289447,1,0,-47
1756014513.3649447,-1,2,-52
1756014513.4019446,4,4,-57
1756014513.440945,-7,2,-54
1756014513.4789443,-6,-3,-46
1756014513.5149446,-4,0,-46
1756014513.5519447,-3,0,-41
1756014513.5909443,2,0,-57
1756014513.6269443,-4,1,-57
1756014513.6649446,-3,0,-48
1756014513.7029445,-2,6,-50
1756014513.7409446,-4,4,-49
1756014513.779945,-2,8,-48
1756014513.815945,-1,0,-52
1756014513.8539443,1,-4,-45
1756014513.8919446,-1,-8,-55
1756014513.9309447,0,2,-53
1756014513.9669447,0,0,-59
1756014514.0039446,1,3,-56
1756014514.0409446,0,1,-50
1756014514.0769446,5,-3,-50
1756014514.1139443,6,-9,-49
1756014514.1519446,4,-7,-47
1756014514.190945,-6,5,-46
1756014514.2269447,-10,0,-44
1756014514.2639446,0,8,-41
1756014514.3019447,6,-3,-47
1756014514.3409443,2,-7,-52
1756014514.3769443,-1,1,-62
1756014514.4139447,1,0,-56
1756014514.4519446,0,-1,-58
1756014514.4909446,-13,6,-64
1756014514.5269446,-4,0,-62
1756014514.5639446,-1,3,-52
1756014514.6019447,-1,5,-51
1756014514.6409447,0,0,-34
1756014514.6769447,-4,-1,-29
1756014514.7149446,-3,2,-51
1756014514.7539446,1,-2,-49
1756014514.7919445,-3,-5,-62
1756014514.8299446,-3,2,-46
1756014514.8659446,-4,0,-50
1756014514.9039447,0,-1,-55
1756014514.9419446,3,6,-49
1756014514.9799447,8,6,-55
1756014515.0159447,4,5,-55
1756014515.052945,4,7,-59
1756014515.0919447,0,5,-42
1756014515.1299446,5,5,-43
1756014515.1659446,1,12,-64
1756014515.2039447,-3,5,-51
1756014515.2419446,-8,0,-42
1756014515.2809446,0,-7,-51
1756014515.3169446,-3,-2,-55
1756014515.3549447,4,0,-55
1756014515.3919446,5,3,-68
1756014515.427945,-7,0,-49
1756014515.4649446,-11,-2,-46
1756014515.5039446,-3,1,-47
1756014515.5419445,-5,1,-43
1756014515.5779445,-2,5,-47
1756014515.6149447,3,-1,-46
1756014515.6529446,0,-7,-56
1756014515.6919446,0,-1,-59
1756014515.7279446,2,-6,-49
1756014515.7659447,6,-3,-50
1756014515.8039446,1,-1,-63
1756014515.8419447,-2,3,-51
1756014515.8809447,0,2,-48
1756014515.9169445,-2,-8,-51
1756014515.9549446,0,-7,-58
1756014515.9929447,0,-9,-59
1756014516.0319445,5,0,-61
1756014516.0679443,3,0,-61
1756014516.1049447,-2,4,-56
1756014516.1429446,-1,1,-55
1756014516.1819446,1,0,-53
1756014516.2179446,-2,0,-54
1756014516.2549446,-1,-2,-60
1756014516.292945,-4,-6,-58
1756014516.3319447,-4,-3,-56
1756014516.3679447,-4,3,-50
1756014516.404945,-3,-2,-55
1756014516.4429443,1,2,-55
1756014516.4809446,0,-2,-53
1756014516.5169446,-2,-2,-57
1756014516.5549445,0,0,-57
1756014516.5929446,0,-5,-58
1756014516.6309447,1,0,-57
1756014516.6669445,0,1,-48
1756014516.7039447,1,3,-50
1756014516.7429447,9,2,-49
1756014516.7809446,1,0,-47
1756014516.8169446,-7,0,-55
1756014516.8549447,-3,-6,-49
1756014516.8929446,3,0,-50
1756014516.9309447,-6,-6,-61
1756014516.9669447,-2,1,-62
1756014517.0049446,0,4,-63
1756014517.042945,-5,7,-58
1756014517.0789447,-5,7,-49
1756014517.1159446,-6,6,-52
1756014517.154945,-2,3,-53
1756014517.1929443,11,-1,-42
1756014517.2289443,3,2,-52
1756014517.2659447,0,0,-54
1756014517.302945,4,-3,-50
1756014517.3419447,-7,-11,-50
1756014517.3779447,-8,-5,-56
1756014517.4159446,-4,-2,-55
1756014517.4549446,0,0,-64
1756014517.4929447,-5,-4,-58
1756014517.5289447,0,-3,-54
1756014517.565945,0,1,-54
1756014517.6029446,4,0,-58
1756014517.6389446,-2,0,-46
1756014517.6759446,-1,1,-54
1756014517.713945,0,3,-52
1756014517.7519443,-1,1,-52
1756014517.7879446,-1,-2,-54
1756014517.825945,0,0,-59
1756014517.8639443,0,6,-59
1756014517.9019446,-1,0,-47
1756014517.937945,4,1,-42
1756014517.9759445,5,0,-58
1756014518.0139446,-5,-2,-39
1756014518.0519447,-3,-6,-49
1756014518.0879445,-9,2,-43
1756014518.1249447,4,3,-42
1756014518.1629446,-3,-1,-32
1756014518.1989446,-9,0,-44
1756014518.236945,-3,-4,-44
1756014518.2759447,-5,-5,-48
1756014518.3189447,0,0,-45
1756014518.3579447,2,-2,-41
1756014518.394945,-5,-1,-48
1756014518.4339447,-5,0,-65
1756014518.4719446,1,0,-52
1756014518.5079446,2,2,-47
1756014518.5449443,4,1,-36
1756014518.5829446,4,2,-53
1756014518.6189446,1,2,-47
1756014518.6559446,0,-2,-49
1756014518.6939447,9,-1,-48
1756014518.7329447,8,-3,-64
1756014518.7689445,7,-7,-58
1756014518.8069446,0,-5,-61
1756014518.8449447,2,-1,-50
1756014518.8839445,0,-3,-49
1756014518.9199443,6,-5,-46
1756014518.9579446,0,-2,-39
1756014518.9959445,-4,-4,-49
1756014519.0349443,3,-3,-56
1756014519.0729446,3,0,-55
1756014519.108945,-6,2,-55
1756014519.1469443,2,3,-49
1756014519.1849446,4,-7,-61
1756014519.2229445,0,0,-58
1756014519.2589445,1,1,-54
1756014519.2969446,-3,1,-52
1756014519.3349447,7,3,-58
1756014519.3729446,3,-7,-55
1756014519.4089446,0,0,-63
1756014519.4469447,-4,-7,-62
1756014519.4849446,-4,-8,-56
1756014519.5239446,-3,2,-47
1756014519.5599446,7,3,-41
1756014519.5969446,0,-3,-65
1756014519.634945,6,0,-64
1756014519.6729443,6,0,-64
1756014519.7089446,2,3,-64
1756014519.7459445,3,6,-66
1756014519.7839446,-2,4,-60
1756014519.8199446,0,-3,-58
1756014519.8569446,0,-7,-56
1756014519.894945,-1,-10,-55
1756014519.9339447,1,-1,-50
1756014519.9699447,-5,0,-48
1756014520.006945,-1,-2,-54
1756014520.0449443,0,-3,-54
1756014520.0839446,-6,-5,-53
1756014520.1199446,1,-1,-60
1756014520.1569445,-2,3,-57
1756014520.1949446,4,0,-53
1756014520.233945,1,0,-55
1756014520.269945,-4,1,-62
1756014520.3069446,0,1,-58
1756014520.3449447,0,-1,-45
1756014520.3809447,-5,-1,-61
1756014520.4189446,0,-2,-52
1756014520.4569447,-1,-5,-44
1756014520.4949446,-4,-3,-56
1756014520.5339446,-2,0,-44
1756014520.5699446,-4,5,-50
1756014520.6079447,-4,5,-47
1756014520.644945,-2,3,-43
1756014520.6839447,0,0,-55
1756014520.7199447,0,2,-59
1756014520.756945,-3,-3,-55
1756014520.7949443,-1,1,-59
1756014520.8339446,-9,-2,-53
1756014520.8699446,5,2,-54
1756014520.9069445,1,5,-53
1756014520.9449446,-6,5,-60
1756014520.9809446,-2,0,-61
1756014521.0179446,6,0,-50
1756014521.0559447,2,0,-50
1756014521.0939443,4,-9,-55
1756014521.1299446,5,-3,-47
1756014521.1669445,-6,-2,-53
1756014521.2059443,-8,-7,-44
1756014521.2439446,-7,0,-54
1756014521.279945,-9,0,-59
1756014521.3169446,-3,0,-40
1756014521.3559446,0,0,-52
1756014521.3939445,-5,-4,-71
1756014521.4299445,-1,-2,-65
1756014521.4679446,-1,-4,-58
1756014521.5059447,-2,-8,-54
1756014521.5449443,-3,-8,-57
1756014521.5809443,-4,-2,-64
1756014521.6199446,2,4,-51
1756014521.6569445,3,0,-54
1756014521.6949446,-3,-1,-47
1756014521.7309446,3,-6,-53
1756014521.7679446,2,-2,-55
1756014521.8069446,1,-3,-57
1756014521.8449447,4,-3,-50
1756014521.8809447,-4,0,-59
1756014521.917945,-4,2,-46
1756014521.9569447,-6,4,-55
1756014521.9949446,-2,4,-51
1756014522.0309446,-1,3,-41
1756014522.0699446,-3,2,-58
1756014522.1069446,5,0,-54
1756014522.144945,4,1,-51
1756014522.1809447,9,-4,-46
1756014522.2179446,5,6,-43
1756014522.2559447,-4,3,-50
1756014522.2919445,-3,5,-55
1756014522.3299446,1,4,-55
1756014522.3669446,0,3,-54
1756014522.404945,9,-4,-52
1756014522.440945,6,-5,-58
1756014522.4779446,-3,1,-64
1756014522.5159447,-4,-3,-57
1756014522.5549445,6,-4,-48
1756014522.5909443,3,1,-42
1756014522.6279447,2,1,-53
1756014522.6659446,7,0,-50
1756014522.7019446,-3,6,-57
1756014522.7389443,-4,3,-57
1756014522.7779446,-1,6,-48
1756014522.815945,0,8,-46
1756014522.8519447,0,3,-45
1756014522.8889446,3,4,-48
1756014522.9269447,0,3,-55
1756014522.9649446,2,2,-56
1756014523.0009446,0,0,-59
1756014523.0389447,9,-5,-56
1756014523.0769446,7,-5,-51
1756014523.1159446,1,2,-52
1756014523.1519446,-1,1,-47
1756014523.1889446,-6,-4,-47
1756014523.2269447,-3,-3,-55
1756014523.2659447,-1,1,-53
1756014523.3019447,1,-3,-53
1756014523.338945,1,2,-52
1756014523.3769443,3,-7,-41
1756014523.4159446,-3,2,-50
1756014523.4519446,-7,1,-53
1756014523.4889443,-8,-2,-54
1756014523.5269446,-5,-4,-61
1756014523.565945,0,-6,-55
1756014523.6019447,2,-3,-65
1756014523.6389446,3,-6,-45
1756014523.6769447,0,1,-48
1756014523.7129445,0,-3,-50
1756014523.7499447,4,0,-48
1756014523.7869446,-6,-3,-53
1756014523.825945,1,-2,-59
1756014523.861945,-3,0,-72
1756014523.8989446,6,3,-58
1756014523.9369447,0,4,-53
1756014523.9729445,0,-3,-57
1756014524.009945,0,1,-38
1756014524.0489447,-4,0,-52
1756014524.0869446,3,-1,-50
1756014524.1229446,4,-2,-55
1756014524.1599443,1,0,-48
1756014524.1989446,0,-1,-50
1756014524.236945,7,-6,-57
1756014524.2729447,5,-1,-69
1756014524.3099446,-3,-5,-72
1756014524.3479445,1,-3,-70
1756014524.3869443,5,-2,-56
1756014524.4229443,6,3,-51
1756014524.4599447,-5,1,-56
1756014524.4989443,1,0,-48
1756014524.5369446,2,-2,-61
1756014524.5729446,-2,0,-55
1756014524.6109445,5,-2,-59
1756014524.6489446,0,0,-46
1756014524.6869447,-6,-2,-57
1756014524.7229445,-1,-1,-54
1756014524.7609446,-3,0,-51
1756014524.7989447,-5,4,-51
1756014524.8379445,3,1,-52
1756014524.8759446,7,0,-61
1756014524.9119446,1,-1,-54
1756014524.9489446,2,-5,-50
1756014524.9879446,3,0,-50
1756014525.0259447,6,2,-44
1756014525.0619447,6,-2,-46
1756014525.098945,1,-1,-45
1756014525.1379447,5,-2,-50
1756014525.1759446,-3,0,-43
1756014525.2119446,-1,1,-45
1756014525.2499447,-1,3,-46
1756014525.2879446,3,0,-39
1756014525.3239446,4,6,-45
1756014525.3609445,10,1,-56
1756014525.3979447,0,-3,-59
1756014525.4369447,-2,-1,-59
1756014525.473945,0,-2,-53
1756014525.5109446,1,-3,-53
1756014525.5489447,-1,-3,-53
1756014525.5879445,1,0,-44
1756014525.6269443,8,-5,-53
1756014525.6629446,-1,-1,-45
1756014525.700945,0,0,-47
1756014525.7379446,-7,-1,-44
1756014525.7769446,0,0,-60
1756014525.812945,0,1,-52
1756014525.8499446,0,0,-53
1756014525.8879447,1,1,-65
1756014525.9239447,4,0,-56
1756014525.960945,-4,-2,-62
1756014525.9989443,-2,3,-52
1756014526.0379446,-1,1,-47
1756014526.0739446,-5,-4,-52
1756014526.111945,-1,0,-55
1756014526.1499443,-1,5,-48
1756014526.1889446,3,6,-51
1756014526.2269447,-1,1,-58
1756014526.2629447,1,0,-43
1756014526.2999446,1,1,-47
1756014526.338945,0,0,-40
1756014526.3769443,4,-4,-41
1756014526.4129446,3,-2,-51
1756014526.4499447,-3,1,-50
1756014526.4889443,-7,2,-48
1756014526.5269446,-8,-10,-61
1756014526.562945,-1,-6,-52
1756014526.6009445,2,-10,-53
1756014526.6389446,-2,-4,-63
1756014526.677945,-5,-1,-51
1756014526.713945,0,2,-46
1756014526.7509446,2,3,-60
1756014526.7889447,-3,-5,-59
1756014526.8279445,1,3,-42
1756014526.8639443,2,4,-46
1756014526.9009447,0,-3,-52
1756014526.9389446,-1,-5,-51
1756014526.9779446,2,1,-51
1756014527.0139446,-2,4,-57
1756014527.0519447,2,1,-56
1756014527.088945,-4,-5,-46
1756014527.1279447,-1,-8,-46
1756014527.1639447,-1,-2,-67
1756014527.2019446,-5,-1,-58
1756014527.2399447,-1,-9,-56
1756014527.2789447,-7,-2,-59
1756014527.3149445,-3,2,-61
1756014527.3529446,-4,0,-57
1756014527.3909447,-4,5,-56
1756014527.4299445,-2,0,-44
1756014527.4679446,-2,-4,-43
1756014527.5039446,-1,-1,-38
1756014527.5419445,4,-5,-49
1756014527.5799446,-3,-5,-56
1756014527.6189446,-8,4,-61
1756014527.654945,-2,-2,-57
1756014527.6929443,-1,1,-56
1756014527.7309446,0,-1,-53
1756014527.769945,-9,-3,-39
1756014527.8079443,-9,0,-42
1756014527.8439443,-1,0,-40
1756014527.881945,4,-4,-63
1756014527.9199443,4,-6,-54
1756014527.9589446,-2,1,-56
1756014527.9949446,2,-3,-57
1756014528.0319445,1,-5,-67
1756014528.0699446,-1,0,-56
1756014528.108945,-7,-1,-55
1756014528.144945,-3,-2,-56
1756014528.1839447,6,-1,-47
1756014528.2209446,3,0,-47
1756014528.2589445,1,0,-59
1756014528.2949443,2,-2,-43
1756014528.3409443,0,2,-54
1756014528.3789446,1,4,-53
1756014528.4149446,0,0,-51
1756014528.4519446,-2,0,-55
1756014528.4899447,1,-2,-58
1756014528.5289447,3,-4,-50
1756014528.5649445,6,-2,-46
1756014528.6019447,6,-4,-51
1756014528.6399446,2,0,-58
1756014528.6759446,-1,4,-52
1756014528.713945,3,4,-46
1756014528.7509446,7,2,-57
1756014528.7889447,5,4,-52
1756014528.8249447,4,6,-47
1756014528.861945,6,6,-52
1756014528.8999443,7,4,-47
1756014528.9389446,6,-3,-43
1756014528.9749446,-1,-6,-63
1756014529.0139446,-2,-6,-51
1756014529.0509446,0,-3,-52
1756014529.0899446,-2,2,-46
1756014529.1259446,7,4,-52
1756014529.1629446,-4,-1,-52
1756014529.200945,-3,3,-57
1756014529.2399447,0,8,-52
1756014529.2759447,0,1,-57
1756014529.3139446,-1,-2,-58
1756014529.3509445,-2,-2,-59
1756014529.3899446,4,3,-52
1756014529.4259446,2,7,-50
1756014529.463945,-1,1,-44
1756014529.5009446,-4,0,-56
1756014529.5399446,-7,0,-59
1756014529.575945,-9,-2,-54
1756014529.6139443,0,-1,-57
1756014529.6519446,1,0,-53
1756014529.6899445,1,-4,-55
1756014529.7259445,-2,-3,-54
1756014529.7639446,-2,-3,-48
1756014529.8019447,-1,-9,-51
1756014529.8409443,1,-4,-49
1756014529.8789446,-2,-8,-51
1756014529.9149446,2,-4,-61
1756014529.9529445,2,-4,-44
1756014529.9909446,-1,-7,-52
1756014530.029945,2,0,-46
1756014530.065945,1,1,-45
1756014530.1029446,0,-5,-61
1756014530.1409447,2,0,-57
1756014530.1789446,8,-1,-53
1756014530.2149446,7,3,-58
1756014530.2519443,1,0,-55
1756014530.2899446,7,-1,-61
1756014530.325945,0,0,-54
1756014530.3639443,0,0,-54
1756014530.4009447,7,-4,-62
1756014530.4399445,0,3,-43
1756014530.4759445,-2,4,-58
1756014530.5129447,-1,-1,-58
1756014530.5509446,2,0,-61
1756014530.5869446,-2,0,-60
1756014530.6249447,-9,0,-57
1756014530.6639447,1,0,-48
1756014530.700945,-3,-4,-46
1756014530.7399447,2,-1,-48
1756014530.7759447,4,0,-56
1756014530.812945,-3,-8,-53
1756014530.8509445,0,-6,-45
1756014530.8899446,0,0,-54
1756014530.9259446,3,-1,-53
1756014530.9629445,2,-4,-45
1756014531.0019443,-3,0,-58
1756014531.0399446,0,0,-48
1756014531.075945,2,-4,-46
1756014531.1129446,5,0,-52
1756014531.1509447,-2,-2,-44
1756014531.1869447,-5,2,-43
1756014531.223945,-7,3,-48
1756014531.2619443,-8,-2,-49
1756014531.3009446,-1,-1,-56
1756014531.3369446,-4,-5,-48
1756014531.3749447,-10,-3,-50
1756014531.4129446,-2,-6,-55
1756014531.4519446,6,1,-60
1756014531.4899447,-1,0,-51
1756014531.5259447,-7,3,-60
1756014531.5649445,-6,-2,-55
1756014531.6019447,6,-8,-52
1756014531.6409447,6,0,-53
1756014531.6769447,6,-6,-55
1756014531.7149446,4,0,-44
1756014531.7519443,0,-3,-48
1756014531.7909446,1,-2,-47
1756014531.8269446,-4,0,-48
1756014531.8639443,-2,-6,-52
1756014531.9019446,-3,-9,-52
1756014531.940945,1,-2,-51
1756014531.9769447,1,0,-69
1756014532.0149446,-2,-2,-51
1756014532.0519447,3,-6,-55
1756014532.0909443,3,0,-45
1756014532.1269443,5,-3,-50
1756014532.1639447,12,2,-52
1756014532.2019446,1,-7,-41
1756014532.2409446,-1,-5,-36
1756014532.2769446,0,3,-43
1756014532.3149445,2,7,-56
1756014532.3519447,7,-2,-54
1756014532.3909447,10,-5,-57
1756014532.4269447,8,-6,-50
1756014532.4649446,-8,-8,-55
1756014532.5019443,-10,2,-55
1756014532.5409446,-4,-3,-55
1756014532.5769446,-4,0,-62
1756014532.6149447,-3,3,-60
1756014532.6529446,3,1,-57
1756014532.690945,5,-3,-59
1756014532.7269447,5,-1,-50
1756014532.7649446,5,-2,-50
1756014532.802945,4,-1,-62
1756014532.8409443,2,-1,-47
1756014532.8769443,-2,-5,-53
1756014532.9149446,3,0,-60
1756014532.9529445,-2,1,-41
1756014532.9919446,0,4,-52
1756014533.0279446,-4,-3,-53
1756014533.065945,-6,-2,-50
1756014533.1039443,0,-2,-51
1756014533.1429446,7,-6,-45
1756014533.1809447,2,-1,-49
1756014533.2169447,-5,-5,-54
1756014533.2559447,0,3,-45
1756014533.292945,-4,-1,-62
1756014533.3319447,-1,-2,-66
1756014533.3679447,1,0,-65
1756014533.4059446,0,10,-61
1756014533.4429443,0,1,-53
1756014533.4809446,-2,0,-61
1756014533.5169446,0,-4,-54
1756014533.5549445,8,-2,-51
1756014533.5929446,1,-2,-38
1756014533.631945,1,-1,-51
1756014533.667945,-2,-7,-50
1756014533.7059443,-5,-4,-57
1756014533.7439446,0,-3,-50
1756014533.782945,-2,-5,-54
1756014533.8189447,-2,-5,-50
1756014533.8569446,-2,-3,-56
1756014533.894945,0,-2,-54
1756014533.9329443,8,-3,-50
1756014533.9719446,2,3,-44
1756014534.0079446,3,2,-45
1756014534.0449443,2,-1,-60
1756014534.0829446,8,3,-61
1756014534.1189446,9,3,-53
1756014534.1559446,1,1,-55
1756014534.1929443,-5,0,-64
1756014534.2319446,0,-2,-61
1756014534.2679446,9,5,-55
1756014534.3049445,3,5,-58
1756014534.3439443,-3,-1,-52
1756014534.381945,-1,1,-50
1756014534.417945,1,-5,-47
1756014534.4549446,4,-3,-44
1756014534.4939446,3,-3,-50
1756014534.5319445,7,1,-52
1756014534.5679443,3,-4,-48
1756014534.6049447,2,-1,-53
1756014534.6439445,2,-5,-49
1756014534.6819446,-2,-3,-50
1756014534.7179446,-4,-3,-55
1756014534.7559447,0,-5,-42
1756014534.7939446,3,-5,-38
1756014534.8329446,3,1,-50
1756014534.8689446,1,1,-51
1756014534.9059446,0,-10,-59
1756014534.9449446,-4,-6,-61
1756014534.9829447,0,0,-58
1756014535.0189445,4,4,-50
1756014535.0559447,4,0,-44
1756014535.0939443,1,3,-39
1756014535.131945,2,5,-36
1756014535.167945,5,1,-40
1756014535.2049446,6,1,-36
1756014535.2439446,0,-4,-41
1756014535.279945,-8,-5,-49
1756014535.3189447,-4,0,-53
1756014535.3559446,1,-1,-52
1756014535.3939445,11,0,-48
1756014535.4329443,-1,-1,-54
1756014535.4689443,-7,-1,-49
1756014535.506945,-4,1,-54
1756014535.5449443,1,0,-50
1756014535.5829446,-3,4,-49
1756014535.6189446,-7,-4,-42
1756014535.657945,-5,-1,-48
1756014535.6949446,-4,-3,-51
1756014535.733945,4,0,-45
1756014535.769945,0,1,-43
1756014535.8079443,-2,2,-46
1756014535.8449447,0,1,-54
1756014535.8829446,-5,0,-51
1756014535.9189446,-8,2,-53
1756014535.9559443,0,4,-52
1756014535.9949446,0,-5,-52
1756014536.032945,0,-8,-60
1756014536.0689447,4,-1,-50
1756014536.1069446,4,-5,-54
1756014536.144945,9,-4,-66
1756014536.1839447,-6,2,-65
1756014536.2199447,-6,4,-55
1756014536.256945,-6,-1,-51
1756014536.2949443,0,5,-57
1756014536.3329446,-2,1,-52
1756014536.3689446,7,0,-48
1756014536.4069445,8,-2,-40
1756014536.4449446,2,-6,-54
1756014536.4829447,-3,-5,-58
1756014536.5189445,4,-2,-59
1756014536.5569446,0,0,-58
1756014536.5949447,-2,1,-54
1756014536.6329446,1,2,-54
1756014536.6689446,4,-3,-56
1756014536.7059443,6,8,-45
1756014536.7449446,-12,0,-51
1756014536.782945,-4,2,-49
1756014536.8189447,-7,-2,-53
1756014536.8569446,0,3,-55
1756014536.894945,-2,2,-47
1756014536.9339447,-7,0,-58
1756014536.9699447,-3,0,-60
1756014537.006945,-7,0,-51
1756014537.0449443,-6,2,-58
1756014537.0839446,-3,-7,-34
1756014537.1199446,-2,-1,-52
1756014537.157945,-2,-3,-47
1756014537.1959443,-2,-5,-46
1756014537.2349446,-7,2,-58
1756014537.2709446,-2,2,-39
1756014537.3079443,3,0,-40
1756014537.3459446,4,1,-41
1756014537.3839445,7,3,-49
1756014537.4199443,8,-2,-56
1756014537.4569447,1,0,-55
1756014537.4949446,1,0,-52
1756014537.5319445,1,-5,-57
1756014537.5689447,5,-3,-52
1756014537.6069446,2,1,-54
1756014537.6459446,-2,1,-50
1756014537.6839447,5,0,-50
1756014537.7199447,2,0,-43
1756014537.756945,11,-2,-40
1756014537.7959447,-1,0,-47
1756014537.8339446,2,-5,-54
1756014537.8699446,1,-9,-53
1756014537.9069445,0,-4,-51
1756014537.9459443,-3,1,-48
1756014537.983945,4,2,-55
1756014538.019945,5,-1,-56
1756014538.0569446,-2,-1,-57
1756014538.0959446,0,-2,-43
1756014538.1339445,8,-4,-47
1756014538.1699443,1,-4,-53
1756014538.2069447,2,-9,-45
1756014538.2459445,0,-5,-48
1756014538.2839446,4,3,-49
1756014538.3199446,10,1,-40
1756014538.3659446,5,1,-49
1756014538.4039447,0,0,-36
1756014538.4399445,1,1,-49
1756014538.4789443,-5,-2,-60
1756014538.5159447,3,-2,-45
1756014538.5549445,8,2,-63
1756014538.5909443,7,1,-54
1756014538.6279447,-1,5,-44
1756014538.6659446,-2,5,-39
1756014538.7049446,-3,-3,-62
1756014538.7409446,4,-4,-62
1756014538.7779446,-5,-1,-60
1756014538.815945,0,0,-48
1756014538.8549447,1,0,-50
1756014538.8909447,1,-2,-56
1756014538.9289446,1,2,-54
1756014538.9669447,-4,-8,-43
1756014539.0049446,-2,-5,-63
1756014539.0409446,-2,-12,-50
1756014539.0789447,-1,-3,-47
1756014539.1169446,-3,-2,-46
1756014539.1559446,-1,2,-49
1756014539.1919446,-7,5,-47
1756014539.2299447,-5,3,-49
1756014539.2679446,0,0,-44
1756014539.3059447,0,-5,-47
1756014539.3419447,-6,0,-42
1756014539.3799446,-4,4,-50
1756014539.417945,2,-4,-61
1756014539.4569447,3,-7,-52
1756014539.4949446,-2,-5,-59
1756014539.5309446,-5,-1,-63
1756014539.5689447,0,3,-57
1756014539.6069446,1,3,-49
1756014539.644945,0,5,-63
1756014539.6809447,3,5,-58
1756014539.7179446,-3,0,-58
1756014539.756945,-1,1,-53
1756014539.7949443,0,-3,-61
1756014539.8309443,10,-2,-63
1756014539.8689446,9,-1,-51
1756014539.907945,0,3,-47
1756014539.9459443,-5,2,-47
1756014539.9819446,3,0,-43
1756014540.0189445,-2,-2,-45
1756014540.0579443,-4,1,-57
1756014540.0959446,0,-3,-48
1756014540.131945,0,0,-58
1756014540.1689446,2,3,-60
1756014540.2069447,-2,0,-56
1756014540.2429447,-2,-3,-55
1756014540.2809446,-4,-3,-64
1756014540.3189447,0,2,-45
1756014540.3569446,0,1,-42
1756014540.3929446,1,-2,-42
1756014540.4299445,-2,0,-45
1756014540.4679446,-6,0,-42
1756014540.506945,0,2,-42
1756014540.542945,5,-4,-59
1756014540.5799446,0,-7,-63
1756014540.6179447,-1,-3,-42
1756014540.6569445,1,-2,-39
1756014540.6929443,0,3,-46
1756014540.7299447,-9,7,-49
1756014540.7679446,1,3,-49
1756014540.8059447,5,2,-51
1756014540.8419447,0,2,-57
1756014540.8799446,-4,-1,-52
1756014540.9169445,-2,7,-49
1756014540.9559443,-1,0,-54
1756014540.9919446,0,-1,-47
1756014541.029945,0,-1,-47
1756014541.0679443,6,1,-58
1756014541.1059446,0,-2,-58
1756014541.1419446,1,-3,-68
1756014541.1799445,-1,1,-53
1756014541.2179446,-4,0,-47
1756014541.256945,3,-7,-48
1756014541.292945,2,-3,-41
1756014541.3299446,-1,-4,-50
1756014541.3679447,-2,7,-46
1756014541.4069445,-4,-1,-57
1756014541.4429443,-6,6,-61
1756014541.4799447,-3,0,-63
1756014541.5179446,0,3,-58
1756014541.5559447,0,0,-51
1756014541.5919447,5,3,-48
1756014541.6289446,6,2,-50
1756014541.667945,0,8,-39
1756014541.7059443,-3,7,-54
1756014541.7419446,-1,-1,-51
1756014541.779945,2,-9,-52
1756014541.8179443,2,-3,-61
1756014541.8569446,11,0,-55
1756014541.8929446,9,-1,-58
1756014541.9299445,3,-2,-47
1756014541.9679446,5,1,-47
1756014542.0039446,3,-3,-47
1756014542.0419445,-2,1,-52
1756014542.0799446,0,0,-51
1756014542.1179447,-2,-4,-61
1756014542.1569445,3,0,-54
1756014542.1929443,-1,4,-46
1756014542.2299447,-2,0,-51
1756014542.2679446,2,4,-48
1756014542.3069446,-2,2,-48
1756014542.3429446,-7,-2,-57
1756014542.3809447,-3,-5,-57
1756014542.4189446,0,-9,-53
1756014542.4579446,-6,-2,-58
1756014542.4939446,3,-7,-46
1756014542.5309446,3,-4,-51
1756014542.5689447,6,0,-48
1756014542.6069446,-4,10,-54
1756014542.6429446,-11,1,-51
1756014542.6809447,-6,2,-50
1756014542.7189443,-3,-2,-58
1756014542.7579446,-1,1,-49
1756014542.7939446,-3,1,-48
1756014542.8309443,3,-1,-47
1756014542.8689446,11,-7,-61
1756014542.907945,3,-11,-38
1756014542.9439447,0,-6,-32
1756014542.9819446,0,-7,-56
1756014543.019945,-1,-3,-55
1756014543.0589447,-2,-3,-52
1756014543.0969446,-7,0,-53
1756014543.1329446,-9,-1,-56
1756014543.1719446,-4,-5,-56
1756014543.2089446,-4,-4,-50
1756014543.2479446,0,0,-51
1756014543.2839446,-6,-3,-65
1756014543.3219447,-2,-7,-63
1756014543.3599446,-3,-2,-63
1756014543.3989446,3,0,-50
1756014543.4369447,-2,0,-45
1756014543.4729445,1,1,-49
1756014543.509945,-8,-4,-65
1756014543.5489447,0,1,-57
1756014543.5849447,0,-2,-43
1756014543.621945,-4,6,-42
1756014543.6599443,-8,-9,-49
1756014543.6989446,-3,-2,-44
1756014543.7349446,-2,-5,-43
1756014543.7729447,1,4,-55
1756014543.8099446,1,1,-50
1756014543.848945,-4,-1,-61
1756014543.884945,2,1,-66
1756014543.9219446,-3,0,-50
1756014543.9599447,2,1,-41
1756014543.9989443,-5,6,-41
1756014544.0349443,-7,3,-49
1756014544.0719447,6,1,-50
1756014544.108945,0,0,-52
1756014544.144945,0,-3,-45
1756014544.1819446,-1,-4,-49
1756014544.2199447,0,5,-65
1756014544.2589445,5,4,-51
1756014544.2949443,0,8,-51
1756014544.3319447,1,0,-51
1756014544.3699446,-3,1,-53
1756014544.407945,-5,0,-46
1756014544.4439447,-2,1,-50
1756014544.4809446,8,7,-60
1756014544.5189445,-2,2,-65
1756014544.5549445,-4,0,-58
1756014544.5919447,-5,0,-51
1756014544.6309447,-5,0,-53
1756014544.6689446,-4,-6,-57
1756014544.7049446,-3,-6,-57
1756014544.7429447,0,-2,-59
1756014544.7809446,5,0,-57
1756014544.8199446,8,3,-56
1756014544.8579447,-8,-3,-59
1756014544.8939445,-2,-3,-54
1756014544.9319446,0,-5,-34
1756014544.9699447,1,-6,-49
1756014545.0089445,-2,-7,-49
1756014545.0449443,-6,-5,-43
1756014545.0839446,0,-4,-48
1756014545.1209445,2,-4,-61
1756014545.1599443,2,0,-51
1756014545.1979446,2,0,-50
1756014545.233945,0,-10,-57
1756014545.2709446,0,-2,-52
1756014545.3099446,3,-2,-63
1756014545.3459446,-5,1,-71
1756014545.3839445,0,-5,-68
1756014545.4219446,-5,-6,-61
1756014545.4599447,-9,-5,-70
1756014545.4989443,-3,-5,-61
1756014545.5349443,4,3,-58
1756014545.5719447,3,0,-56
1756014545.6099446,4,2,-51
1756014545.6459446,-6,0,-53
1756014545.6839447,4,-3,-50
1756014545.7219446,2,-2,-61
1756014545.759945,-6,0,-56
1756014545.7989447,0,2,-59
1756014545.8349447,0,0,-45
1756014545.871945,1,1,-40
1756014545.9099443,1,1,-39
1756014545.9489446,1,6,-60
1756014545.9849446,2,-2,-47
1756014546.0219443,0,0,-48
1756014546.0599446,-3,1,-50
1756014546.0959446,-4,-4,-53
1756014546.1339445,0,0,-54
1756014546.1719446,1,1,-52
1756014546.2099447,1,2,-43
1756014546.2459445,1,-1,-50
1756014546.2839446,13,0,-63
1756014546.3209443,7,-2,-45
1756014546.3599446,-2,-3,-49
1756014546.3959446,-1,-6,-50
1756014546.4339447,5,0,-48
1756014546.4709446,-2,0,-48
1756014546.509945,-8,-2,-54
1756014546.5459447,-9,1,-57
1756014546.5829446,0,2,-41
1756014546.6209445,-4,0,-54
1756014546.6599443,-9,-2,-55
1756014546.6959443,-6,1,-57
1756014546.733945,-4,-4,-46
1756014546.7719443,-4,-1,-40
1756014546.8109446,2,-1,-32
1756014546.848945,0,-1,-46
1756014546.884945,-2,-2,-52
1756014546.9229443,-2,0,-45
1756014546.960945,0,9,-54
1756014546.996945,-1,4,-42
1756014547.0339446,-2,1,-48
1756014547.0719447,5,3,-45
1756014547.1099446,0,0,-58
1756014547.1459446,0,-3,-50
1756014547.1849446,-5,1,-47
1756014547.2219446,5,-1,-47
1756014547.2609446,1,-1,-45
1756014547.2969446,-3,-7,-44
1756014547.3349447,-6,-9,-45
1756014547.3729446,2,-2,-57
1756014547.4109447,2,-2,-59
1756014547.4499447,0,-1,-51
1756014547.4859445,-3,4,-51
1756014547.5229447,0,0,-58
1756014547.5609446,1,2,-48
1756014547.5969446,0,2,-45
1756014547.6339445,-2,0,-49
1756014547.6719446,-1,2,-42
1756014547.710945,3,-6,-49
1756014547.746945,5,-2,-54
1756014547.7839446,0,-5,-49
1756014547.8219447,0,0,-54
1756014547.8599446,-1,0,-59
1756014547.8959446,1,-3,-49
1756014547.9349446,2,0,-51
1756014547.9719446,-1,-4,-55
1756014548.0109446,3,-7,-54
1756014548.0469446,2,-9,-57
1756014548.0839446,5,-1,-55
1756014548.121945,-3,-8,-63
1756014548.1609447,4,-6,-60
1756014548.1969447,1,-1,-52
1756014548.233945,4,2,-59
1756014548.2719443,0,-6,-50
1756014548.3099446,7,-5,-49
1756014548.3459446,2,1,-52
1756014548.3919446,-5,0,-47
1756014548.4299445,4,-3,-50
1756014548.4659443,4,0,-52
1756014548.5039446,4,1,-49
1756014548.5419445,9,-1,-46
1756014548.5779445,-1,3,-39
1756014548.6149447,8,-1,-54
1756014548.6529446,-1,2,-39
1756014548.6919446,4,-1,-52
1756014548.7279446,3,0,-54
1756014548.7649446,5,-4,-42
1756014548.802945,9,-1,-56
1756014548.8419447,4,-1,-53
1756014548.8779447,4,-4,-64
1756014548.9149446,0,-4,-53
1756014548.9529445,4,-8,-46
1756014548.9919446,0,1,-42
1756014549.0279446,3,0,-56
1756014549.0649445,4,-2,-46
1756014549.1029446,6,-3,-51
1756014549.1419446,0,-5,-52
1756014549.177945,8,-4,-44
1756014549.2149446,2,1,-51
1756014549.2529447,0,0,-48
1756014549.2909446,-2,0,-60
1756014549.3269446,-7,0,-57
1756014549.3639443,-1,-6,-50
1756014549.4029446,-3,1,-40
1756014549.440945,-4,2,-54
1756014549.4769447,-9,1,-49
1756014549.5139446,9,4,-53
1756014549.5519447,3,1,-47
1756014549.5879445,-6,0,-61
1756014549.6259446,-5,-1,-57
1756014549.6629446,-5,-1,-47
1756014549.7019446,1,-5,-53
1756014549.7379446,0,-2,-53
1756014549.7759447,-3,-1,-46
1756014549.812945,2,-5,-42
1756014549.8519447,-2,-3,-52
1756014549.8879447,-2,-3,-58
1756014549.9259446,3,-6,-49
1756014549.963945,4,1,-35
1756014550.0029447,0,-4,-53
1756014550.0409446,-1,-2,-47
1756014550.0769446,-1,4,-48
1756014550.1139443,5,2,-56
1756014550.1519446,2,-1,-61
1756014550.187945,-5,-6,-54
1756014550.2259445,-9,-6,-59
1756014550.2639446,1,3,-49
1756014550.3019447,3,1,-56
1756014550.3379445,6,2,-49
1756014550.3749447,5,2,-60
1756014550.4139447,2,-2,-49
1756014550.4519446,2,-2,-55
1756014550.4879446,1,-2,-57
1756014550.5259447,5,-4,-55
1756014550.5639446,-1,-2,-57
1756014550.6029446,-3,-4,-73
1756014550.6389446,-5,-1,-58
1756014550.6769447,-4,-7,-52
1756014550.7149446,6,-6,-63
1756014550.7529447,3,-2,-57
1756014550.7919445,-2,-3,-62
1756014550.8279445,0,-6,-53
1756014550.8649447,9,-4,-46
1756014550.9039447,3,4,-49
1756014550.9419446,5,-1,-36
1756014550.9779446,-2,-4,-47
1756014551.0159447,6,-5,-53
1756014551.0539446,-2,0,-43
1756014551.0929446,-1,5,-52
1756014551.1289446,0,0,-44
1756014551.1659446,-6,0,-50
1756014551.2039447,2,0,-57
1756014551.2419446,-2,-6,-43
1756014551.2779446,1,-2,-48
1756014551.3149445,-1,-5,-52
1756014551.3539443,2,-14,-45
1756014551.3919446,-1,-8,-49
1756014551.427945,1,2,-41
1756014551.4649446,-2,-3,-51
1756014551.5039446,5,-1,-56
1756014551.5419445,3,-8,-62
1756014551.5779445,5,-3,-58
1756014551.6159446,1,-1,-44
1756014551.6539447,-4,0,-43
1756014551.6929443,0,8,-54
1756014551.7289443,0,5,-38
1756014551.7659447,-1,1,-46
1756014551.8039446,0,-1,-62
1756014551.8429446,2,-4,-55
1756014551.8789446,5,-6,-50
1756014551.9159446,3,-1,-45
1756014551.9549446,3,2,-51
1756014551.9929447,0,0,-55
1756014552.0289447,-1,1,-50
1756014552.065945,1,-3,-56
1756014552.1039443,4,6,-45
1756014552.1429446,7,1,-56
1756014552.1789446,2,-3,-54
1756014552.2159443,-5,2,-49
1756014552.2539446,5,0,-51
1756014552.2899446,8,-6,-61
1756014552.3279445,-2,-5,-49
1756014552.3659446,-1,3,-46
1756014552.4039447,5,2,-57
1756014552.4399445,6,3,-53
1756014552.4779446,0,0,-54
1756014552.5149446,7,-3,-59
1756014552.5539446,7,-3,-55
1756014552.5899446,1,-1,-47
1756014552.6279447,-6,5,-44
1756014552.6659446,1,-5,-48
1756014552.7049446,0,2,-62
1756014552.7429447,1,6,-63
1756014552.7789447,0,3,-60
1756014552.815945,1,-3,-58
1756014552.8549447,-4,1,-53
1756014552.8929446,-5,-4,-59
1756014552.9289446,2,-4,-63
1756014552.9659443,-1,-1,-48
1756014553.0049446,5,-3,-48
1756014553.042945,0,0,-48
1756014553.0789447,3,-2,-57
1756014553.1169446,-3,-3,-51
1756014553.154945,0,-2,-51
1756014553.1929443,-2,0,-48
1756014553.2289443,-5,-7,-60
1756014553.2669446,0,-2,-67
1756014553.3049445,0,0,-58
1756014553.3429446,-1,3,-53
1756014553.3789446,-2,0,-59
1756014553.4159446,-1,0,-55
1756014553.4549446,6,1,-55
1756014553.4929447,4,9,-50
1756014553.5289447,-1,5,-49
1756014553.5669446,-5,2,-54
1756014553.6049447,-3,1,-51
1756014553.6409447,-1,4,-61
1756014553.6789446,-4,-3,-62
1756014553.7159443,3,-2,-59
1756014553.7549446,0,-5,-51
1756014553.7909446,1,-7,-46
1756014553.8289447,3,-2,-55
1756014553.8669446,-5,-5,-55
1756014553.904945,-7,0,-55
1756014553.9439447,-4,4,-57
1756014553.9799447,-5,0,-61
1756014554.0169446,-6,-1,-50
1756014554.0549445,-7,-4,-58
1756014554.0939443,-4,0,-56
1756014554.1299446,-2,-3,-60
1756014554.167945,-3,-2,-54
1756014554.2059443,-9,-4,-56
1756014554.2449446,-3,1,-54
1756014554.2809446,6,2,-50
1756014554.3179443,-2,-2,-60
1756014554.3559446,0,-3,-56
1756014554.394945,10,-3,-55
1756014554.4309447,5,-5,-48
1756014554.4679446,2,-10,-52
1756014554.5059447,7,-11,-54
1756014554.5449443,2,-9,-49
1756014554.5809443,-5,-10,-54
1756014554.6189446,0,-5,-42
1756014554.6569445,4,-1,-52
1756014554.6959443,2,-8,-48
1756014554.733945,1,0,-54
1756014554.769945,7,-9,-50
1756014554.8079443,-5,8,-52
1756014554.8459446,-2,5,-49
1756014554.884945,0,6,-63
1756014554.9209447,0,5,-59
1756014554.9579446,-7,-1,-62
1756014554.9959445,-5,-8,-51
1756014555.0349443,0,-1,-37
1756014555.0709443,-4,-1,-47
1756014555.108945,-3,-1,-50
1756014555.1469443,-1,-1,-59
1756014555.1859446,-1,1,-66
1756014555.2219446,3,0,-53
1756014555.259945,-4,-3,-61
1756014555.2979443,1,2,-59
1756014555.335945,-1,-2,-46
1756014555.3749447,4,0,-47
1756014555.4109447,1,1,-46
1756014555.4489446,4,0,-50
1756014555.4859445,4,-2,-57
1756014555.5249443,3,0,-46
1756014555.5609446,1,0,-47
1756014555.5979445,4,-5,-52
1756014555.6359446,0,-1,-46
1756014555.6749446,-9,1,-55
1756014555.710945,-8,-1,-47
1756014555.7489443,-9,8,-60
1756014555.7869446,0,1,-52
1756014555.8249447,0,1,-49
1756014555.8609445,-2,4,-52
1756014555.8989446,-2,0,-48
1756014555.9369447,-3,0,-55
1756014555.9749446,-7,-1,-53
1756014556.0109446,-8,-3,-55
1756014556.0489447,6,-1,-51
1756014556.0869446,3,-5,-45
1756014556.1259446,0,-4,-52
1756014556.1619446,2,-2,-48
1756014556.1989446,1,0,-46
1756014556.236945,5,2,-52
1756014556.2749443,5,-3,-49
1756014556.3109446,1,5,-46
1756014556.3479445,5,2,-54
1756014556.3859446,1,-3,-46
1756014556.4219446,0,-6,-46
1756014556.4599447,-3,-8,-42
1756014556.4979446,3,0,-45
1756014556.5359447,0,0,-52
1756014556.5719447,3,-1,-54
1756014556.608945,-3,-2,-62
1756014556.6469443,0,-2,-57
1756014556.6859446,3,0,-49
1756014556.7219446,1,0,-37
1756014556.7589445,2,6,-59
1756014556.7969446,1,7,-54
1756014556.8349447,0,2,-55
1756014556.8709445,4,0,-45
1756014556.9089446,-1,0,-38
1756014556.9479446,-1,3,-50
1756014556.9859445,-6,7,-50
1756014557.0219443,-2,-3,-61
1756014557.0599446,-2,2,-55
1756014557.0979445,2,2,-60
1756014557.1359446,2,6,-49
1756014557.1719446,3,-1,-42
1756014557.2089446,6,0,-39
1756014557.246945,0,1,-50
1756014557.282945,-4,-1,-53
1756014557.3219447,0,-3,-50
1756014557.358945,-3,0,-46
1756014557.3979447,1,-5,-51
1756014557.4359446,-1,-3,-51
1756014557.4719446,-4,0,-50
1756014557.509945,0,0,-48
1756014557.5479443,-3,-2,-50
1756014557.585945,-6,-4,-52
1756014557.621945,3,0,-55
1756014557.6589446,4,1,-50
1756014557.6979446,-4,2,-44
1756014557.7359445,-7,-4,-60
1756014557.7719443,-1,-7,-51
1756014557.8099446,-4,-13,-60
1756014557.8479445,0,-11,-69
1756014557.8869443,4,-3,-62
1756014557.9229443,0,-7,-59
1756014557.9599447,3,-5,-50
1756014557.9979446,8,-4,-57
1756014558.0369446,10,-3,-56
1756014558.0729446,2,-3,-61
1756014558.1099446,6,4,-53
1756014558.1479447,5,0,-42
1756014558.1859446,-1,0,-50
1756014558.2219446,-5,5,-52
1756014558.259945,-2,0,-46
1756014558.2979443,-8,0,-54
1756014558.3369446,-14,-4,-51
1756014558.3729446,0,-4,-57
1756014558.4189446,-1,-6,-50
1756014558.4569447,-8,-4,-56
1756014558.4929447,4,-6,-48
1756014558.529945,7,-10,-40
1756014558.5679443,3,-12,-46
1756014558.6069446,5,0,-52
1756014558.6429446,5,2,-44
1756014558.6799445,-4,5,-50
1756014558.7179446,5,-3,-50
1756014558.756945,5,-4,-52
1756014558.792945,-4,1,-50
1756014558.8299446,-9,0,-59
1756014558.8679447,-2,0,-49
1756014558.9069445,2,-3,-52
1756014558.9429443,3,-3,-57
1756014558.9809446,3,-2,-64
1756014559.0189445,-1,5,-69
1756014559.0579443,7,1,-60
1756014559.0939443,2,-6,-57
1756014559.131945,-1,5,-44
1756014559.1699443,5,-2,-49
1756014559.2089446,6,-3,-46
1756014559.246945,-5,-8,-57
1756014559.282945,-1,-2,-65
1756014559.3209443,-2,0,-62
1756014559.358945,2,3,-55
1756014559.3969443,0,-2,-58
1756014559.4329443,4,-2,-48
1756014559.4699447,-4,-5,-58
1756014559.5089445,-7,-7,-44
1756014559.5469446,-12,-1,-47
1756014559.5829446,-7,0,-54
1756014559.6199446,-10,2,-51
1756014559.6589446,1,-4,-37
1756014559.6969447,4,-3,-34
1756014559.7329447,5,0,-45
1756014559.769945,-3,0,-60
1756014559.8089447,-9,0,-54
1756014559.8469446,5,-2,-51
1756014559.8829446,0,-7,-45
1756014559.9199443,1,2,-57
1756014559.9579446,-4,1,-50
1756014559.9939446,0,3,-60
1756014560.032945,7,3,-53
1756014560.0699446,1,-4,-58
1756014560.108945,-3,-3,-56
1756014560.1469443,-1,-3,-56
1756014560.1829443,-7,1,-51
1756014560.2199447,5,8,-49
1756014560.2579446,6,3,-53
1756014560.2939446,0,0,-62
1756014560.3309443,1,3,-55
1756014560.3689446,7,0,-56
1756014560.404945,4,-2,-59
1756014560.4429443,0,0,-50
1756014560.4799447,0,0,-52
1756014560.5179446,6,0,-48
1756014560.5539446,2,0,-42
1756014560.5919447,2,-1,-50
1756014560.6299446,-4,-1,-54
1756014560.6689446,-2,-2,-50
1756014560.7049446,-4,2,-53
1756014560.7419446,1,-5,-51
1756014560.779945,2,-6,-52
1756014560.8189447,-3,1,-48
1756014560.8549447,-3,-4,-47
1756014560.8929446,5,0,-46
1756014560.9309447,0,0,-57
1756014560.9689443,-4,6,-56
1756014561.0049446,-3,0,-44
1756014561.0419445,1,-11,-45
1756014561.0799446,6,-4,-50
1756014561.1189446,0,-3,-53
1756014561.154945,1,-3,-59
1756014561.1929443,-2,-3,-43
1756014561.2309446,-6,2,-54
1756014561.269945,0,2,-61
1756014561.3079443,5,-1,-61
1756014561.3449447,-3,-3,-61
1756014561.381945,0,-1,-66
1756014561.4209447,2,-3,-47
1756014561.4589446,8,-1,-54
1756014561.4949446,5,-1,-52
1756014561.5319445,-2,3,-49
1756014561.5699446,-4,0,-53
1756014561.608945,0,-1,-48
1756014561.644945,-6,1,-50
1756014561.6819446,-2,6,-55
1756014561.7199447,0,-4,-52
1756014561.7589445,6,0,-55
1756014561.7949443,6,0,-56
1756014561.8319447,4,5,-55
1756014561.8699446,-2,-3,-60
1756014561.9059446,2,-2,-64
1756014561.9429443,4,0,-45
1756014561.9799447,4,-5,-53
1756014562.0189445,8,1,-56
1756014562.0549445,1,-2,-48
1756014562.0919447,-2,1,-47
1756014562.1299446,-2,1,-50
1756014562.1689446,0,1,-47
1756014562.2049446,0,1,-52
1756014562.2419446,-7,2,-55
1756014562.279945,-3,1,-57
1756014562.3189447,-9,3,-53
1756014562.3549447,-5,0,-46
1756014562.3929446,-3,8,-56
1756014562.4309447,1,8,-55
1756014562.4689443,2,-1,-47
1756014562.5049446,2,0,-43
1756014562.542945,5,0,-54
1756014562.5809443,0,4,-58
1756014562.6189446,5,2,-56
1756014562.654945,1,2,-52
1756014562.6929443,10,7,-55
1756014562.7309446,0,0,-52
1756014562.7689445,5,0,-57
1756014562.8049445,3,-1,-61
1756014562.8429446,3,3,-61
1756014562.8809447,2,3,-50
1756014562.9189446,0,1,-53
1756014562.9549446,-8,-1,-48
1756014562.9929447,0,-2,-55
1756014563.0309446,-1,0,-57
1756014563.0699446,-2,-3,-57
1756014563.1059446,-13,0,-55
1756014563.1439445,-6,3,-54
1756014563.1819446,-9,5,-53
1756014563.2209446,-7,3,-53
1756014563.2589445,5,-4,-48
1756014563.2949443,-6,-11,-51
1756014563.3329446,-2,-2,-47
1756014563.3709445,-1,1,-61
1756014563.4099443,1,0,-56
1756014563.4459443,-4,-3,-58
1756014563.483945,3,1,-57
1756014563.5229447,4,0,-52
1756014563.5609446,1,2,-49
1756014563.5969446,2,1,-50
1756014563.6339445,6,0,-43
1756014563.6709447,1,-1,-50
1756014563.7099447,0,5,-46
1756014563.7459445,-7,0,-51
1756014563.7839446,-4,5,-55
1756014563.8219447,-4,-1,-55
1756014563.8609445,3,1,-46
1756014563.8969443,-4,-3,-60
1756014563.9359446,-3,-3,-51
1756014563.9729445,0,2,-44
1756014564.0109446,-2,-2,-39
1756014564.0469446,-6,-7,-43
1756014564.085945,1,0,-45
1756014564.1229446,-4,-1,-39
1756014564.1609447,-10,1,-51
1756014564.1969447,2,4,-39
1756014564.233945,5,1,-51
1756014564.2719443,-5,-2,-46
1756014564.3109446,-4,0,-50
1756014564.3469446,-4,-2,-52
1756014564.3859446,0,-1,-53
1756014564.4229443,2,-4,-50
1756014564.4619446,-1,2,-51
1756014564.4999447,5,-3,-41
1756014564.5359447,7,-5,-48
1756014564.5729446,1,-8,-46
1756014564.611945,4,0,-48
1756014564.6499443,0,2,-44
1756014564.6859446,0,3,-52
1756014564.7229445,-4,7,-42
1756014564.7619443,-3,5,-45
1756014564.7999446,2,5,-47
1756014564.835945,-2,2,-47
1756014564.8729446,-1,1,-42
1756014564.9119446,3,0,-46
1756014564.9499447,4,4,-47
1756014564.9859445,4,-1,-51
1756014565.0229447,1,8,-55
1756014565.0609446,0,-4,-53
1756014565.0969446,0,-3,-48
1756014565.1339445,-2,-2,-42
1756014565.1719446,5,1,-51
1756014565.2079446,3,-3,-54
1756014565.2449446,0,0,-51
1756014565.2819445,0,0,-52
1756014565.3179443,-5,3,-48
1756014565.3559446,2,0,-48
1756014565.3929446,6,3,-65
1756014565.4319446,-1,6,-55
1756014565.4679446,-6,-3,-52
1756014565.5059447,-2,-4,-52
1756014565.5439446,-4,1,-50
1756014565.5819447,0,-4,-57
1756014565.6209445,0,-3,-48
1756014565.6569445,0,-3,-51
1756014565.6949446,-5,-3,-44
1756014565.7329447,0,-3,-55
1756014565.7719443,0,5,-46
1756014565.8079443,-4,1,-50
1756014565.8449447,-2,2,-54
1756014565.8829446,5,2,-66
1756014565.9209447,3,-3,-71
1756014565.9569447,-1,-9,-62
1756014565.9949446,-6,-16,-57
1756014566.032945,-10,-10,-55
1756014566.0719447,-4,0,-45
1756014566.1079447,1,1,-50
1756014566.144945,5,2,-52
1756014566.1829443,-3,5,-51
1756014566.2209446,-11,6,-46
1756014566.256945,-4,6,-42
1756014566.2949443,-3,-1,-58
1756014566.3329446,-9,3,-40
1756014566.371945,0,-7,-56
1756014566.407945,-3,-2,-50
1756014566.4459443,7,1,-57
1756014566.4829447,2,-1,-56
1756014566.5219443,5,-3,-66
1756014566.5579443,0,-2,-62
1756014566.5959446,-2,1,-53
1756014566.6329446,0,7,-53
1756014566.6709447,5,4,-53
1756014566.7069447,0,0,-59
1756014566.7449446,0,6,-52
1756014566.782945,-5,5,-47
1756014566.8219447,0,0,-50
1756014566.8579447,-7,3,-45
1756014566.8959446,4,3,-56
1756014566.9329443,-2,1,-57
1756014566.9719446,0,-2,-50
1756014567.0089445,2,-3,-52
1756014567.0459447,4,-6,-53
1756014567.0839446,4,0,-54
1756014567.1229446,5,1,-53
1756014567.1589446,-3,-5,-47
1756014567.1979446,-6,0,-57
1756014567.2349446,4,-1,-56
1756014567.2729447,0,-8,-64
1756014567.3119447,5,0,-55
1756014567.3479445,0,1,-58
1756014567.384945,-1,0,-50
1756014567.4229443,-7,0,-63
1756014567.4619446,-6,1,-52
1756014567.4979446,-10,-1,-51
1756014567.5359447,-2,-1,-51
1756014567.5739446,0,-6,-55
1756014567.6129446,-2,-3,-51
1756014567.6489446,-2,0,-48
1756014567.6859446,-7,0,-51
1756014567.7249446,2,3,-50
1756014567.7629447,6,1,-58
1756014567.7989447,8,0,-61
1756014567.835945,7,0,-48
1756014567.8739443,0,2,-46
1756014567.9119446,-1,-1,-56
1756014567.9479446,7,-1,-51
1756014567.9859445,1,1,-63
1756014568.0249443,-3,2,-61
1756014568.062945,1,4,-49
1756014568.098945,0,-1,-49
1756014568.1359446,-1,-2,-45
1756014568.1739447,-1,-2,-64
1756014568.2129445,-3,4,-55
1756014568.2489443,-2,2,-53
1756014568.2859447,0,3,-49
1756014568.3239446,-4,2,-54
1756014568.361945,-5,5,-47
1756014568.3979447,-3,0,-38
1756014568.4439447,1,-3,-60
1756014568.4819446,0,-6,-55
1756014568.5179446,-1,-5,-47
1756014568.5569446,1,-3,-47
1756014568.5939443,-1,-5,-54
1756014568.6329446,8,0,-46
1756014568.6689446,5,0,-47
1756014568.7069447,0,-2,-51
1756014568.7449446,-2,-4,-47
1756014568.7839446,5,-3,-57
1756014568.8199446,2,1,-54
1756014568.8569446,10,-1,-48
1756014568.894945,7,-12,-53
1756014568.9339447,1,-5,-36
1756014568.9699447,-5,-4,-42
1756014569.0079446,-6,-5,-55
1756014569.0459447,5,-1,-45
1756014569.0839446,8,2,-48
1756014569.1229446,-1,3,-51
1756014569.1589446,0,7,-56
1756014569.1959443,-4,-1,-61
1756014569.2349446,1,-2,-67
1756014569.2729447,-1,-2,-47
1756014569.3089447,0,2,-56
1756014569.3459446,0,0,-52
1756014569.384945,-2,0,-50
1756014569.4229443,0,-4,-46
1756014569.4599447,0,-4,-54
1756014569.496945,5,-3,-41
1756014569.5349443,5,-4,-54
1756014569.5739446,0,-9,-49
1756014569.6099446,-5,-3,-46
1756014569.6479447,-3,-2,-58
1756014569.6859446,-1,-9,-47
1756014569.7249446,-4,-8,-52
1756014569.7629447,-4,-5,-52
1756014569.7999446,0,3,-54
1756014569.8369446,1,2,-57
1756014569.8749447,-3,-1,-53
1756014569.9129446,-2,-1,-63
1756014569.9489446,-6,-3,-56
1756014569.986945,-3,-2,-55
1756014570.0249443,0,0,-44
1756014570.0639446,-3,-4,-56
1756014570.0999446,-1,-4,-48
1756014570.1379447,-6,0,-43
1756014570.1759446,0,1,-45
1756014570.213945,3,3,-47
1756014570.2499447,-3,2,-53
1756014570.2869446,-1,1,-60
1756014570.3249447,-1,4,-56
1756014570.3639443,-5,2,-67
1756014570.3999443,-4,5,-57
1756014570.4369447,3,-5,-44
1756014570.4749446,0,-9,-54
1756014570.5139446,-3,-5,-51
1756014570.5499446,-2,-10,-46
1756014570.5879445,-1,-1,-57
1756014570.6259446,-3,0,-52
1756014570.6649446,0,1,-65
1756014570.700945,3,0,-60
1756014570.7379446,1,0,-63
1756014570.7759447,1,7,-57
1756014570.8139446,2,-3,-55
1756014570.8499446,8,-6,-58
1756014570.8869443,0,-5,-44
1756014570.9259446,1,-1,-60
1756014570.963945,-3,5,-54
1756014570.9999447,-7,2,-53
1756014571.0369446,-1,2,-49
1756014571.075945,2,0,-43
1756014571.1139443,2,0,-58
1756014571.1499443,6,2,-63
1756014571.1869447,-7,-1,-60
1756014571.2259445,-7,4,-58
1756014571.2639446,-5,2,-57
1756014571.2999446,-3,0,-50
1756014571.3369446,0,0,-36
1756014571.3759446,-3,0,-42
1756014571.4139447,-1,0,-64
1756014571.4499447,1,-5,-60
1756014571.486945,-6,-2,-56
1756014571.5259447,-2,-4,-51
1756014571.5639446,-3,-1,-43
1756014571.5999446,1,0,-49
1756014571.6369443,-4,5,-45
1756014571.6759446,0,3,-47
1756014571.713945,2,2,-48
1756014571.7499447,1,6,-40
1756014571.7869446,-2,3,-43
1756014571.825945,0,-3,-52
1756014571.861945,7,-3,-51
1756014571.8989446,4,0,-54
1756014571.9359446,-1,-2,-54
1756014571.9749446,-5,-1,-52
1756014572.0109446,-3,3,-50
1756014572.0479443,-1,3,-57
1756014572.085945,1,2,-52
1756014572.121945,-6,-4,-54
1756014572.1599443,0,-4,-57
1756014572.1979446,-1,-1,-50
1756014572.2359445,-5,2,-51
1756014572.2749443,0,3,-45
1756014572.3109446,-4,-3,-56
1756014572.348945,0,4,-37
1756014572.3859446,-2,0,-51
1756014572.4249446,-11,-4,-46
1756014572.460945,-3,-1,-49
1756014572.4989443,-2,2,-47
1756014572.5379446,-10,5,-51
1756014572.575945,-7,8,-44
1756014572.611945,-4,5,-58
1756014572.6489446,-1,0,-50
1756014572.6869447,2,4,-49
1756014572.7259445,1,6,-49
1756014572.7619443,2,-2,-53
1756014572.7999446,4,-5,-47
1756014572.8379445,1,3,-46
1756014572.8769443,0,-1,-55
1756014572.9149446,-1,-5,-48
1756014572.950945,0,0,-57
1756014572.9879446,3,0,-44
1756014573.0259447,-5,-1,-61
1756014573.0619447,3,0,-53
1756014573.0999446,4,0,-54
1756014573.1369443,0,4,-33
1756014573.1759446,-2,7,-47
1756014573.2119446,0,6,-49
1756014573.2499447,7,-1,-57
1756014573.2889447,6,-9,-53
1756014573.3269446,0,1,-53
1756014573.3649447,1,2,-43
1756014573.4009447,7,0,-45
1756014573.437945,0,2,-42
1756014573.4759445,-5,2,-48
1756014573.5119443,1,3,-63
1756014573.5519447,-3,0,-54
1756014573.588945,0,2,-58
1756014573.6269443,0,-6,-53
1756014573.6629446,3,-10,-49
1756014573.6999447,2,-4,-50
1756014573.7389443,-1,-10,-49
1756014573.7769446,1,1,-50
1756014573.812945,0,-4,-44
1756014573.8499446,11,0,-48
1756014573.8869443,0,-5,-47
1756014573.9259446,5,-2,-42
1756014573.9619446,3,0,-44
1756014573.9999447,3,5,-51
1756014574.0369446,2,6,-43
1756014574.0729446,-12,1,-58
1756014574.1099446,-1,0,-49
1756014574.1479447,0,1,-57
1756014574.1859446,-1,3,-61
1756014574.2219446,-5,0,-56
1756014574.2589445,-2,8,-48
1756014574.2979443,-2,2,-57
1756014574.335945,1,1,-52
1756014574.371945,4,-4,-49
1756014574.4089446,1,2,-51
1756014574.4469447,6,6,-46
1756014574.4829447,-1,2,-48
1756014574.519945,0,0,-43
1756014574.5579443,-3,-4,-43
1756014574.5959446,-11,-1,-45
1756014574.631945,-5,-5,-52
1756014574.6699443,-4,-4,-52
1756014574.7079446,-1,-1,-50
1756014574.746945,6,-1,-46
1756014574.782945,-4,3,-40
1756014574.8199446,-1,5,-42
1756014574.8579447,7,4,-52
1756014574.8969443,4,-3,-54
1756014574.9329443,4,0,-46
1756014574.9699447,-3,-7,-41
1756014575.0079446,-3,-2,-45
1756014575.0469446,-3,-3,-64
1756014575.0829446,-4,-4,-52
1756014575.121945,3,-5,-53
1756014575.1589446,2,0,-58
1756014575.1969447,-3,0,-67
1756014575.2329447,6,-1,-50
1756014575.269945,0,0,-49
1756014575.3079443,1,0,-59
1756014575.3439443,1,2,-70
1756014575.3809447,-4,0,-54
1756014575.4189446,5,0,-61
1756014575.4579446,3,-5,-44
1756014575.4939446,6,-5,-63
1756014575.5319445,0,-3,-68
1756014575.5709443,-4,0,-60
1756014575.6079447,-3,6,-39
1756014575.6469443,3,0,-52
1756014575.6829443,-1,-1,-61
1756014575.7209446,1,-2,-55
1756014575.7589445,0,-4,-58
1756014575.7979443,-3,1,-43
1756014575.8339446,-5,-1,-53
1756014575.871945,0,-7,-48
1756014575.9099443,-7,-7,-55
1756014575.9489446,-1,-9,-43
1756014575.986945,0,0,-51
1756014576.0229447,-1,3,-51
1756014576.0609446,-1,-5,-61
1756014576.098945,2,0,-53
1756014576.1379447,-1,0,-50
1756014576.1739447,1,2,-48
1756014576.210945,-5,0,-53
1756014576.2499447,-6,2,-45
1756014576.2879446,0,0,-43
1756014576.3239446,1,0,-55
1756014576.3609445,0,-2,-54
1756014576.3989446,-2,-1,-49
1756014576.437945,2,-6,-61
1756014576.473945,0,-9,-67
1756014576.5109446,-3,4,-60
1756014576.5499446,1,4,-47
1756014576.5879445,-1,-1,-51
1756014576.6239443,2,1,-38
1756014576.6609447,-3,0,-44
1756014576.6999447,-5,-4,-41
1756014576.7379446,-2,-4,-50
1756014576.7739446,4,-1,-51
1756014576.8109446,4,-2,-43
1756014576.8499446,-1,0,-51
1756014576.8879447,10,1,-58
1756014576.9239447,8,-2,-54
1756014576.9629445,0,-10,-49
1756014576.9999447,-2,-5,-47
1756014577.0389447,2,1,-44
1756014577.0749447,7,1,-45
1756014577.1129446,4,-1,-59
1756014577.1499443,-11,2,-52
1756014577.1889446,-9,-4,-52
1756014577.2249446,0,0,-59
1756014577.2619443,-6,0,-50
1756014577.2999446,-1,0,-56
1756014577.338945,0,0,-59
1756014577.3749447,-5,2,-67
1756014577.4119446,-9,-6,-60
1756014577.4499447,-9,-9,-49
1756014577.4889443,-4,-5,-64
1756014577.5249443,0,0,-56
1756014577.5619447,3,0,-44
1756014577.5999446,3,-1,-52
1756014577.6389446,3,4,-54
1756014577.6749446,-2,-2,-54
1756014577.7129445,-4,-7,-46
1756014577.7509446,3,0,-60
1756014577.7899446,-5,3,-61
1756014577.8279445,-2,0,-58
1756014577.8639443,-7,-6,-51
1756014577.9019446,-4,-5,-52
1756014577.9399445,-5,-8,-59
1756014577.9789443,3,-2,-54
1756014578.0149446,3,-2,-50
1756014578.052945,0,0,-60
1756014578.0899446,4,-4,-60
1756014578.1289446,-1,-1,-57
1756014578.1649446,-7,-1,-53
1756014578.2029445,-1,1,-69
1756014578.2409446,6,1,-59
1756014578.2789447,5,7,-54
1756014578.3149445,4,3,-49
1756014578.3529446,-1,-1,-54
1756014578.3899446,-4,0,-45
1756014578.4289446,-4,2,-49
1756014578.4729445,2,4,-53
1756014578.5119443,1,2,-63
1756014578.5499446,-3,2,-52
1756014578.585945,6,1,-51
1756014578.6229446,5,-1,-51
1756014578.6619446,0,-3,-66
1756014578.6999447,-2,-1,-55
1756014578.7359445,0,-2,-60
1756014578.7729447,3,3,-57
1756014578.8119447,7,0,-44
1756014578.8499446,0,0,-54
1756014578.8859446,0,3,-56
1756014578.9229443,0,1,-38
1756014578.9599447,-1,1,-51
1756014578.9989443,0,4,-60
1756014579.0359447,0,-1,-45
1756014579.0729446,0,1,-46
1756014579.1099446,0,-2,-37
1756014579.1489446,-5,0,-38
1756014579.1849446,-3,0,-50
1756014579.2229445,-2,-6,-43
1756014579.2609446,1,1,-55
1756014579.2989447,-4,0,-48
1756014579.3349447,-10,-2,-40
1756014579.3729446,-6,0,-47
1756014579.4109447,-2,-1,-63
1756014579.4499447,-1,3,-66
1756014579.4859445,-3,4,-66
1756014579.5229447,2,-7,-59
1756014579.5609446,5,3,-56
1756014579.5999446,-5,-1,-53
1756014579.6359446,0,-1,-63
1756014579.6729443,4,0,-54
1756014579.710945,2,-6,-59
1756014579.7489443,3,-8,-54
1756014579.7849443,4,0,-51
1756014579.8219447,4,0,-51
1756014579.8609445,7,4,-52
1756014579.8989446,0,5,-56
1756014579.9349446,9,6,-50
1756014579.9729445,-2,6,-61
1756014580.0109446,-1,3,-55
1756014580.0499446,3,-5,-53
1756014580.085945,5,0,-59
1756014580.1229446,4,6,-64
1756014580.1609447,1,0,-59
1756014580.1969447,-3,-1,-57
1756014580.2349446,3,1,-42
1756014580.2729447,1,0,-50
1756014580.3109446,-1,1,-44
1756014580.3469446,2,0,-48
1756014580.3839445,-4,0,-42
1756014580.4219446,-2,1,-48
1756014580.460945,-3,10,-41
1756014580.496945,-3,5,-54
1756014580.5339446,-4,-1,-63
1756014580.5719447,-1,2,-58
1756014580.6109445,0,1,-51
1756014580.6469443,-2,4,-51
1756014580.6839447,-4,4,-52
1756014580.7219446,7,7,-47
1756014580.7609446,1,5,-50
1756014580.7969446,0,3,-46
1756014580.8339446,4,-2,-59
1756014580.871945,-8,-4,-54
1756014580.9109447,-9,0,-50
1756014580.9469447,-2,0,-55
1756014580.983945,-3,-4,-55
1756014581.0219443,-1,-9,-47
1756014581.0609446,3,-3,-39
1756014581.0969446,1,0,-29
1756014581.1339445,-3,-2,-43
1756014581.1719446,-2,-4,-47
1756014581.210945,-3,-3,-47
1756014581.246945,0,-5,-52
1756014581.2839446,-1,0,-34
1756014581.3219447,1,-1,-37
1756014581.3609445,1,2,-48
1756014581.3969443,2,4,-38
1756014581.4339447,0,-5,-51
1756014581.4719446,0,-5,-51
1756014581.5109446,-5,-6,-62
1756014581.5469446,-5,-5,-61
1756014581.5849447,-2,-6,-60
1756014581.6229446,-6,-4,-54
1756014581.6619446,-13,-9,-58
1756014581.6999447,-1,-4,-56
1756014581.736945,-5,-4,-45
1756014581.7749443,3,-1,-44
1756014581.812945,-7,-1,-50
1756014581.8519447,-8,1,-41
1756014581.8879447,-6,2,-50
1756014581.9249446,-1,0,-56
1756014581.9629445,5,-2,-60
1756014582.0019443,1,-4,-56
1756014582.0379446,0,0,-55
1756014582.0749447,-8,1,-44
1756014582.1129446,0,-1,-41
1756014582.1519446,0,5,-52
1756014582.187945,4,1,-53
1756014582.2249446,0,3,-52
1756014582.2629447,2,2,-53
1756014582.3019447,-3,-2,-48
1756014582.3379445,-3,0,-38
1756014582.3749447,1,0,-50
1756014582.4129446,1,-3,-60
1756014582.4519446,-2,-7,-48
1756014582.4879446,9,0,-49
1756014582.5249443,2,0,-44
1756014582.562945,1,-1,-40
1756014582.6019447,0,4,-57
1756014582.6379447,-7,0,-53
1756014582.6759446,-2,1,-43
1756014582.7129445,-4,-3,-57
1756014582.7519443,-3,0,-60
1756014582.7879446,1,-5,-54
1756014582.8249447,8,-1,-55
1756014582.8629446,-5,0,-64
1756014582.9019446,0,-7,-51
1756014582.937945,-2,-12,-57
1756014582.9759445,-1,0,-53
1756014583.0139446,6,-2,-58
1756014583.052945,3,-6,-50
1756014583.0909443,2,3,-46
1756014583.1269443,2,-1,-54
1756014583.1639447,-4,-1,-54
1756014583.2029445,-7,-1,-55
1756014583.2409446,-6,-5,-53
1756014583.2769446,6,-3,-45
1756014583.3149445,4,-4,-54
1756014583.3529446,2,-3,-56
1756014583.3919446,0,-2,-54
1756014583.427945,2,-7,-53
1756014583.4649446,5,-4,-55
1756014583.5029447,4,-4,-48
1756014583.5419445,7,-9,-51
1756014583.5779445,4,0,-47
1756014583.6149447,0,0,-56
1756014583.6529446,-5,-5,-70
1756014583.6889446,-10,-3,-60
1756014583.7269447,-8,4,-55
1756014583.7649446,-1,3,-67
1756014583.802945,-1,0,-52
1756014583.8419447,6,-7,-38
1756014583.8779447,-1,0,-36
1756014583.9149446,2,-2,-53
1756014583.9529445,4,-2,-47
1756014583.9919446,8,-7,-46
1756014584.0279446,3,-8,-40
1756014584.0649445,0,-4,-39
1756014584.1029446,1,-3,-51
1756014584.1419446,5,1,-41
1756014584.177945,1,-8,-43
1756014584.2149446,6,-1,-58
1756014584.2539446,-3,2,-53
1756014584.2919445,1,-5,-59
1756014584.3279445,3,1,-53
1756014584.3649447,-1,-1,-39
1756014584.4039447,-4,-9,-55
1756014584.4419446,-1,-7,-53
1756014584.4779446,-4,4,-51
1756014584.5149446,-3,-1,-50
1756014584.5539446,4,1,-59
1756014584.5919447,0,3,-61
1756014584.6279447,-2,0,-64
1756014584.6649446,-11,-1,-58
1756014584.7039447,-7,-4,-55
1756014584.7419446,2,3,-57
1756014584.7779446,-1,1,-57
1756014584.8149445,-5,0,-67
1756014584.8539443,-2,-1,-57
1756014584.8919446,-2,2,-59
1756014584.927945,0,-4,-63
1756014584.9649446,-2,-6,-49
1756014585.0039446,-4,-6,-46
1756014585.0419445,-3,0,-51
1756014585.0779445,-6,0,-51
1756014585.1149447,0,5,-37
1756014585.1539447,7,-2,-54
1756014585.1899445,7,-2,-59
1756014585.2269447,2,2,-55
1756014585.2639446,-7,5,-45
1756014585.302945,3,1,-47
1756014585.338945,7,1,-51
1756014585.3769443,6,1,-50
1756014585.4139447,8,4,-51
1756014585.4499447,2,4,-50
1756014585.486945,-1,0,-43
1756014585.5249443,3,2,-48
1756014585.5639446,0,4,-46
1756014585.5999446,-3,7,-58
1756014585.6369443,6,-2,-55
1756014585.6749446,5,1,-49
1756014585.7129445,-7,1,-49
1756014585.7489443,-11,-2,-53
1756014585.7879446,-4,-3,-44
1756014585.8249447,2,-1,-35
1756014585.8639443,4,0,-45
1756014585.8999443,-7,8,-58
1756014585.9389446,-11,3,-54
1756014585.9769447,-5,-6,-58
1756014586.0149446,1,-6,-47
1756014586.052945,2,0,-48
1756014586.088945,0,2,-55
1756014586.1269443,0,0,-53
1756014586.1649446,3,4,-54
1756014586.2029445,0,0,-53
1756014586.2389443,-1,-2,-54
1756014586.2769446,2,-3,-55
1756014586.3149445,0,-4,-59
1756014586.3539443,2,-4,-51
1756014586.3899446,5,-1,-52
1756014586.4269447,2,-1,-47
1756014586.4649446,2,-6,-55
1756014586.5039446,1,0,-50
1756014586.5399446,-4,-3,-58
1756014586.5779445,-1,-2,-46
1756014586.6169446,0,0,-55
1756014586.654945,4,5,-58
1756014586.6929443,4,0,-47
1756014586.7289443,-3,-4,-49
1756014586.7669446,2,2,-37
1756014586.8049445,-3,4,-50
1756014586.8409443,-5,3,-54
1756014586.8779447,-5,5,-52
1756014586.9159446,-1,-6,-57
1756014586.9549446,0,0,-50
1756014586.9909446,0,-2,-52
1756014587.0289447,-1,-3,-48
1756014587.0679443,-4,0,-43
1756014587.1049447,-2,0,-48
1756014587.1439445,4,0,-48
1756014587.1799445,-4,1,-51
1756014587.2169447,4,-9,-54
1756014587.2549446,2,-7,-53
1756014587.2939446,2,-4,-56
1756014587.3299446,5,1,-53
1756014587.3669446,2,-2,-55
1756014587.404945,2,0,-53
1756014587.4439447,4,0,-60
1756014587.4799447,4,4,-55
1756014587.5169446,-1,-3,-63
1756014587.5559447,-2,-6,-58
1756014587.5939443,-2,0,-57
1756014587.6299446,1,-12,-57
1756014587.6669445,2,-3,-53
1756014587.7059443,3,-7,-55
1756014587.7439446,1,-2,-59
1756014587.779945,0,3,-53
1756014587.8169446,0,3,-53
1756014587.8549447,7,-3,-47
1756014587.8909447,8,-7,-47
1756014587.927945,6,-7,-39
1756014587.9659443,-2,-5,-50
1756014588.0049446,0,-3,-52
1756014588.0409446,2,-8,-37
1756014588.0789447,1,-1,-40
1756014588.1169446,0,3,-52
1756014588.154945,-6,0,-53
1756014588.190945,-6,0,-53
1756014588.2279446,-10,7,-51
1756014588.2659447,-2,-3,-53
1756014588.3049445,0,0,-38
1756014588.3409443,0,0,-50
1756014588.3779447,4,-3,-60
1756014588.4159446,1,-5,-50
1756014588.4549446,-3,0,-55
1756014588.4989443,3,4,-50
1756014588.5369446,-5,4,-57
1756014588.575945,1,4,-44
1756014588.611945,0,-3,-47
1756014588.6489446,-2,-5,-45
1756014588.6869447,-2,-7,-48
1756014588.7259445,-1,-6,-49
1756014588.7619443,2,-9,-50
1756014588.7989447,-7,5,-48
1756014588.8369446,-9,4,-38
1756014588.8759446,-10,-6,-53
1756014588.9119446,-1,-1,-57
1756014588.950945,0,0,-49
1756014588.9879446,-4,-1,-53
1756014589.0259447,-1,0,-50
1756014589.0649445,1,6,-57
1756014589.1009445,-1,0,-53
1756014589.1379447,4,1,-57
1756014589.1759446,8,5,-48
1756014589.2119446,4,2,-44
1756014589.2489443,0,7,-48
1756014589.2869446,-6,2,-49
1756014589.3249447,0,-2,-55
1756014589.3609445,0,-10,-54
1756014589.3979447,0,2,-49
1756014589.4369447,0,-1,-44
1756014589.4749446,0,-2,-56
1756014589.5109446,7,0,-53
1756014589.5479443,0,0,-61
1756014589.5869446,0,-2,-60
1756014589.6249447,-5,2,-52
1756014589.6609447,-4,-1,-46
1756014589.6989446,-2,0,-45
1756014589.736945,-2,1,-58
1756014589.7759447,-12,0,-50
1756014589.8119447,-6,-2,-41
1756014589.8499446,-2,-2,-49
1756014589.8879447,5,1,-43
1756014589.9259446,-2,-4,-50
1756014589.9619446,0,-7,-50
1756014589.9989443,1,-3,-53
1756014590.0379446,-1,5,-58
1756014590.0769446,3,6,-60
1756014590.1129446,-3,8,-57
1756014590.1499443,-4,1,-46
1756014590.187945,-2,4,-50
1756014590.2269447,0,-5,-55
1756014590.2629447,-5,2,-58
1756014590.2999446,-1,3,-52
1756014590.3379445,2,0,-57
1756014590.3759446,5,4,-52
1756014590.4119446,-2,1,-52
1756014590.4489446,4,-8,-51
1756014590.486945,3,-5,-47
1756014590.5259447,1,-5,-48
1756014590.5619447,-3,-1,-47
1756014590.5999446,0,2,-58
1756014590.6379447,2,1,-50
1756014590.6759446,3,-3,-49
1756014590.7119446,0,-7,-48
1756014590.7489443,0,3,-48
1756014590.7869446,-2,-3,-44
1756014590.8229446,-7,-2,-60
1756014590.8609445,-5,-7,-40
1756014590.8989446,-9,-6,-46
1756014590.937945,-10,1,-55
1756014590.9759445,-8,0,-43
1756014591.0119443,-5,3,-46
1756014591.0499446,9,3,-55
1756014591.0879445,-4,-3,-49
1756014591.1259446,1,-1,-54
1756014591.1629446,-3,4,-54
1756014591.1999447,-2,3,-47
1756014591.2379446,-7,4,-54
1756014591.2769446,-2,0,-57
1756014591.312945,0,1,-65
1756014591.3499446,-3,-2,-52
1756014591.3879447,-10,0,-59
1756014591.4269447,-1,1,-57
1756014591.4629445,2,6,-62
1756014591.4999447,3,3,-55
1756014591.5379446,-6,6,-60
1756014591.575945,-5,-1,-54
1756014591.611945,0,0,-52
1756014591.6499443,-10,0,-43
1756014591.687945,-10,0,-35
1756014591.7269447,-5,2,-47
1756014591.7629447,-3,2,-38
1756014591.7999446,1,0,-38
1756014591.8379445,-3,0,-41
1756014591.8739443,-3,0,-55
1756014591.9119446,-5,0,-56
1756014591.9489446,2,5,-49
1756014591.986945,4,-6,-50
1756014592.0229447,1,2,-51
1756014592.0609446,0,-3,-50
1756014592.098945,0,-8,-56
1756014592.1379447,2,-7,-60
1756014592.1739447,4,0,-69
1756014592.210945,-7,2,-47
1756014592.2489443,-4,6,-43
1756014592.2879446,0,-2,-41
1756014592.3239446,0,-6,-58
1756014592.3609445,-1,-1,-51
1756014592.3989446,2,-2,-54
1756014592.437945,-1,-1,-61
1756014592.473945,-3,2,-60
1756014592.5109446,-5,-2,-58
1756014592.5489447,3,0,-41
1756014592.5869446,6,1,-44
1756014592.6229446,0,1,-52
1756014592.6599443,-3,0,-48
1756014592.6989446,-2,0,-53
1756014592.736945,-4,6,-61
1756014592.7739446,-1,3,-53
1756014592.8109446,1,6,-43
1756014592.848945,0,7,-53
1756014592.8869443,0,1,-56
1756014592.9229443,5,-3,-61
1756014592.960945,-2,-8,-61
1756014592.9989443,5,-4,-59
1756014593.0379446,2,-3,-67
1756014593.0739446,-6,0,-53
1756014593.111945,-1,-3,-51
1756014593.1499443,-4,3,-54
1756014593.1889446,0,-1,-60
1756014593.2269447,8,6,-60
1756014593.2629447,8,3,-56
1756014593.2999446,2,0,-48
1756014593.3379445,-5,7,-41
1756014593.3739443,-7,2,-51
1756014593.4109447,-7,-1,-44
1756014593.4489446,-6,-1,-45
1756014593.4879446,1,-5,-52
1756014593.5239446,0,0,-49
1756014593.5619447,2,1,-40
1756014593.5999446,-1,0,-54
1756014593.6389446,0,-7,-49
1756014593.6749446,-2,2,-57
1756014593.7119446,8,6,-54
1756014593.7499447,1,5,-60
1756014593.7879446,0,1,-57
1756014593.8239446,1,5,-51
1756014593.8609445,1,0,-54
1756014593.8989446,-2,0,-52
1756014593.9349446,-6,-2,-55
1756014593.9729445,-2,-1,-49
1756014594.0109446,4,0,-50
1756014594.0489447,2,5,-46
1756014594.0849447,0,4,-48
1756014594.1229446,2,0,-47
1756014594.1599443,-2,-3,-51
1756014594.1989446,1,-6,-44
1756014594.2349446,2,-6,-52
1756014594.2729447,3,2,-59
1756014594.3099446,-2,5,-50
1756014594.348945,-8,3,-55
1756014594.384945,-6,0,-58
1756014594.4229443,-6,4,-59
1756014594.4599447,-4,-1,-52
1756014594.4989443,0,-3,-52
1756014594.5349443,1,6,-56
1756014594.5719447,0,-2,-52
1756014594.6099446,-3,3,-48
1756014594.6489446,-1,0,-55
1756014594.6849446,1,5,-46
1756014594.7219446,2,2,-43
1756014594.759945,0,4,-48
1756014594.7979443,-3,9,-54
1756014594.8349447,-5,4,-62
1756014594.871945,1,1,-58
1756014594.9099443,-2,-3,-55
1756014594.9489446,3,0,-47
1756014594.9849446,-1,3,-54
1756014595.0219443,0,3,-59
1756014595.0599446,-5,1,-54
1756014595.098945,-4,-7,-54
1756014595.134945,-7,1,-47
1756014595.1719446,0,1,-51
1756014595.2099447,-2,-1,-43
1756014595.2459445,1,-5,-54
1756014595.282945,0,2,-59
1756014595.3199446,-6,3,-42
1756014595.358945,-7,1,-55
1756014595.394945,-7,2,-68
1756014595.4329443,1,5,-54
1756014595.4699447,0,-3,-50
1756014595.5089445,-4,8,-58
1756014595.5449443,5,10,-58
1756014595.5829446,7,5,-49
1756014595.6199446,7,3,-60
1756014595.6559446,-2,0,-60
1756014595.6939447,-1,0,-54
1756014595.7309446,-3,1,-53
1756014595.769945,-1,-1,-52
1756014595.8059447,0,-5,-53
1756014595.8439443,0,-9,-57
1756014595.8829446,0,-2,-50
1756014595.9209447,-2,-2,-57
1756014595.9589446,1,6,-61
1756014595.9949446,0,4,-51
1756014596.0319445,0,8,-59
1756014596.0709443,-3,1,-65
1756014596.108945,1,2,-58
1756014596.144945,-4,4,-54
1756014596.1819446,1,0,-59
1756014596.2209446,-4,3,-58
1756014596.2589445,1,-5,-58
1756014596.2949443,0,-3,-54
1756014596.3319447,1,-2,-49
1756014596.3709445,0,-1,-58
1756014596.4089446,0,-6,-50
1756014596.4449446,5,-5,-49
1756014596.4819446,4,0,-50
1756014596.5209446,-3,2,-65
1756014596.5589447,-1,-4,-60
1756014596.5949447,-1,-2,-51
1756014596.6339445,3,0,-56
1756014596.6709447,0,-1,-53
1756014596.7099447,0,0,-47
1756014596.7459445,2,-6,-55
1756014596.7839446,0,-2,-52
1756014596.8209443,0,0,-58
1756014596.8569446,-2,-3,-53
1756014596.894945,-2,0,-39
1756014596.9339447,5,0,-53
1756014596.9709446,2,-2,-47
1756014597.009945,3,-3,-39
1756014597.0459447,7,0,-47
1756014597.0839446,3,0,-51
1756014597.1209445,0,-3,-54
1756014597.1599443,-2,-4,-42
1756014597.1959443,-7,-2,-42
1756014597.233945,0,0,-40
1756014597.2709446,-5,-1,-41
1756014597.3099446,2,3,-46
1756014597.3459446,2,5,-44
1756014597.3829446,1,0,-59
1756014597.4209447,-1,-1,-66
1756014597.4569447,-1,-3,-61
1756014597.4949446,-3,0,-52
1756014597.532945,4,-5,-51
1756014597.5719447,0,3,-53
1756014597.6099446,6,-3,-50
1756014597.6459446,2,-10,-57
1756014597.6829443,2,-4,-59
1756014597.7219446,-4,0,-34
1756014597.759945,0,-1,-46
1756014597.7959447,0,0,-61
1756014597.8329446,-3,-2,-49
1756014597.871945,0,0,-44
1756014597.9099443,-1,-5,-50
1756014597.9459443,-5,1,-50
1756014597.9829447,-7,1,-50
1756014598.0219443,-9,1,-52
1756014598.0599446,0,-1,-46
1756014598.0959446,3,-5,-45
1756014598.1339445,0,0,-50
1756014598.1719446,1,0,-47
1756014598.2099447,1,-8,-53
1756014598.2459445,6,-6,-59
1756014598.282945,-3,-9,-58
1756014598.3219447,-5,-3,-44
1756014598.3599446,1,-4,-50
1756014598.3959446,0,-2,-58
1756014598.4329443,7,-3,-55
1756014598.4719446,-1,-6,-49
1756014598.5169446,-3,-1,-47
1756014598.5539446,-2,0,-49
1756014598.5919447,-3,-1,-56
1756014598.6309447,0,0,-50
1756014598.6669445,-3,0,-41
1756014598.7039447,7,5,-47
1756014598.7419446,-2,-3,-45
1756014598.7779446,1,0,-44
1756014598.8149445,-2,3,-48
1756014598.8529446,8,-5,-66
1756014598.8919446,2,-7,-64
1756014598.927945,9,-2,-52
1756014598.9649446,-4,-2,-53
1756014599.0029447,-7,-4,-51
1756014599.0419445,-6,-3,-42
1756014599.0779445,-7,-5,-34
1756014599.1159446,0,-1,-40
1756014599.1539447,-6,5,-63
1756014599.1929443,0,-1,-49
1756014599.2309446,0,-9,-49
1756014599.2669446,-1,-7,-51
1756014599.3049445,3,-2,-52
1756014599.3439443,3,0,-56
1756014599.381945,-4,2,-50
1756014599.417945,-3,1,-57
1756014599.4559443,-1,-1,-52
1756014599.4939446,-8,-2,-43
1756014599.5319445,-10,-5,-50
1756014599.5679443,0,-3,-46
1756014599.6059446,-1,5,-48
1756014599.6439445,2,2,-50
1756014599.6819446,-4,-4,-62
1756014599.7179446,-5,-1,-54
1756014599.7559447,-12,-2,-63
1756014599.7939446,-5,-10,-55
1756014599.8329446,-12,-5,-46
1756014599.8709445,-4,-3,-47
1756014599.9069445,-3,-3,-48
1756014599.9449446,0,7,-55
1756014599.9829447,0,4,-50
1756014600.0209446,3,-1,-57
1756014600.0569446,5,-6,-50
1756014600.0939443,9,-1,-52
1756014600.1329446,6,3,-52
1756014600.1689446,0,1,-60
1756014600.2069447,-5,-5,-50
1756014600.2439446,1,-1,-55
1756014600.282945,-1,-1,-50
1756014600.3189447,0,2,-52
1756014600.3569446,3,-4,-48
1756014600.394945,-1,0,-52
1756014600.4329443,0,4,-54
1756014600.4689443,-3,1,-50
1756014600.506945,4,10,-56
1756014600.5439446,5,3,-51
1756014600.5829446,0,4,-52
1756014600.6189446,2,9,-51
1756014600.6569445,2,6,-59
1756014600.6939447,0,4,-54
1756014600.7319446,2,-2,-46
1756014600.7679446,3,4,-46
1756014600.8049445,4,2,-52
1756014600.8429446,3,-1,-53
1756014600.8789446,7,0,-57
1756014600.9159446,14,-4,-50
1756014600.9539447,8,-2,-55
1756014600.9929447,-2,-3,-57
1756014601.0289447,-3,-4,-49
1756014601.0669446,-5,0,-59
1756014601.1049447,-9,2,-53
1756014601.1439445,-2,2,-57
1756014601.1819446,-1,1,-50
1756014601.2179446,2,3,-61
1756014601.2559447,1,-2,-54
1756014601.2949443,-3,2,-51
1756014601.3329446,-8,0,-42
1756014601.3689446,-6,1,-39
1756014601.4059446,-6,-2,-47
1756014601.4449446,-1,2,-53
1756014601.4829447,-10,-1,-40
1756014601.5189445,0,1,-43
1756014601.5559447,-2,1,-37
1756014601.5939443,2,2,-43
1756014601.631945,-9,4,-44
1756014601.667945,-5,0,-49
1756014601.7059443,3,-5,-42
1756014601.7439446,4,-3,-55
1756014601.782945,0,-1,-54
1756014601.8189447,-3,-4,-57
1756014601.8579447,1,0,-52
1756014601.8959446,-2,-4,-47
1756014601.9339447,-3,0,-46
1756014601.9699447,4,0,-47
1756014602.0079446,0,-6,-50
1756014602.0459447,3,-8,-57
1756014602.0839446,5,-11,-50
1756014602.1229446,-4,-5,-45
1756014602.1589446,-5,-5,-43
1756014602.1969447,1,0,-36
1756014602.233945,-6,2,-40
1756014602.2729447,-8,-4,-48
1756014602.3089447,-8,-6,-45
1756014602.3469446,-2,1,-45
1756014602.384945,2,-2,-55
1756014602.4239447,4,7,-52
1756014602.4599447,1,2,-47
1756014602.4979446,0,0,-40
1756014602.5349443,-3,0,-49
1756014602.5739446,0,-3,-45
1756014602.6099446,7,-6,-44
1756014602.6479447,1,0,-41
1756014602.6849446,3,-1,-55
1756014602.723945,4,0,-57
1756014602.759945,5,-6,-52
1756014602.7989447,0,-9,-49
1756014602.835945,-5,1,-47
1756014602.8749447,2,0,-57
1756014602.9129446,2,0,-56
1756014602.9489446,0,-3,-60
1756014602.9859445,-1,-2,-46
1756014603.0249443,3,0,-52
1756014603.062945,7,3,-55
1756014603.098945,5,2,-58
1756014603.1359446,5,-2,-50
1756014603.1749446,0,-4,-57
1756014603.2129445,-1,-1,-53
1756014603.2489443,-1,-2,-47
1756014603.2869446,-4,-3,-52
1756014603.3249447,-1,3,-54
1756014603.3639443,0,1,-53
1756014603.3999443,0,-4,-64
1756014603.4369447,1,2,-65
1756014603.4749446,-5,-3,-64
1756014603.5109446,-2,-1,-52
1756014603.5489447,0,-5,-57
1756014603.5869446,6,-2,-50
1756014603.6259446,-4,-5,-47
1756014603.6639447,-2,0,-52
1756014603.6999447,-6,-4,-55
1756014603.7389443,1,2,-53
1756014603.7759447,6,0,-51
1756014603.8139446,-2,-3,-47
1756014603.8499446,-4,-4,-46
1756014603.8879447,0,5,-51
1756014603.9259446,-1,-3,-51
1756014603.9649446,0,-2,-48
1756014604.0009446,2,1,-57
1756014604.0389447,-1,0,-56
1756014604.075945,-1,0,-55
1756014604.1149447,4,-1,-55
1756014604.1509447,4,0,-46
1756014604.187945,4,-4,-45
1756014604.2259445,2,0,-46
1756014604.2639446,3,-5,-44
1756014604.2999446,1,0,-51
1756014604.3379445,0,0,-59
1756014604.3759446,3,4,-36
1756014604.4139447,0,-6,-44
1756014604.4499447,0,-5,-51
1756014604.486945,0,0,-59
1756014604.5259447,-1,-2,-60
1756014604.5639446,-4,1,-61
1756014604.5999446,1,-6,-51
1756014604.6369443,-1,1,-53
1756014604.6759446,1,-2,-50
1756014604.713945,-2,-2,-54
1756014604.7499447,-4,3,-49
1756014604.7869446,-5,4,-57
1756014604.825945,1,2,-56
1756014604.8639443,-1,1,-53
1756014604.8999443,-5,0,-46
1756014604.937945,-4,0,-58
1756014604.9759445,-2,-3,-42
1756014605.0149446,-4,3,-52
1756014605.0509446,-3,-1,-46
1756014605.0899446,-3,-2,-47
1756014605.1269443,4,0,-43
1756014605.1649446,0,2,-52
1756014605.200945,-1,0,-47
1756014605.2379446,0,-4,-46
1756014605.2769446,4,0,-54
1756014605.3149445,10,2,-54
1756014605.3509445,7,0,-52
1756014605.3879447,-3,1,-40
1756014605.4259446,2,-3,-46
1756014605.4649446,-8,4,-47
1756014605.5009446,-5,7,-51
1756014605.5399446,0,1,-46
1756014605.5769446,2,-3,-51
1756014605.6159446,7,-2,-57
1756014605.6519446,2,1,-49
1756014605.6899445,7,-4,-53
1756014605.7269447,6,-2,-42
1756014605.7659447,7,1,-55
1756014605.8019447,2,-4,-49
1756014605.8399446,3,2,-45
1756014605.8769443,2,0,-54
1756014605.9149446,0,-6,-55
1756014605.950945,0,-5,-57
1756014605.9889443,0,0,-52
1756014606.0269446,-1,-4,-38
1756014606.0649445,0,0,-37
1756014606.1009445,4,0,-43
1756014606.1389446,3,-5,-50
1756014606.1769447,3,-1,-52
1756014606.2149446,0,0,-51
1756014606.2509446,0,-4,-54
1756014606.2879446,4,-5,-56
1756014606.3269446,1,-4,-53
1756014606.3649447,0,4,-54
1756014606.4009447,1,1,-56
1756014606.437945,3,6,-48
1756014606.4769447,-1,2,-62
1756014606.5149446,-5,1,-61
1756014606.5509446,0,3,-48
1756014606.5879445,1,2,-53
1756014606.6269443,-1,0,-45
1756014606.6649446,-1,5,-59
1756014606.700945,-3,6,-43
1756014606.7379446,8,1,-52
1756014606.7769446,2,-2,-52
1756014606.812945,7,0,-39
1756014606.8499446,-1,3,-51
1756014606.8879447,-1,-4,-51
1756014606.9269447,6,-4,-40
1756014606.9629445,6,-2,-48
1756014607.0009446,1,-2,-58
1756014607.0389447,5,-3,-64
1756014607.0769446,1,-6,-58
1756014607.1159446,2,-8,-49
1756014607.1519446,-6,0,-42
1756014607.1889446,-1,-4,-40
1756014607.2279446,0,0,-55
1756014607.2659447,-1,-1,-44
1756014607.3019447,4,1,-41
1756014607.338945,0,-3,-49
1756014607.3769443,0,4,-48
1756014607.4159446,3,12,-63
1756014607.4519446,10,2,-61
1756014607.4889443,-3,2,-44
1756014607.5279446,-9,-8,-51
1756014607.565945,-2,0,-56
1756014607.6019447,-3,2,-65
1756014607.6389446,1,-1,-60
1756014607.677945,3,1,-63
1756014607.7159443,0,0,-53
1756014607.7519443,-4,4,-63
1756014607.7889447,-2,2,-57
1756014607.8279445,-4,1,-55
1756014607.8659446,0,4,-52
1756014607.9019446,1,4,-60
1756014607.9399445,5,-6,-53
1756014607.9779446,11,-3,-51
1756014608.0159447,10,-2,-51
1756014608.0519447,-1,0,-46
1756014608.088945,2,-1,-51
1756014608.1279447,-1,0,-66
1756014608.1659446,-2,-1,-56
1756014608.2019446,-3,-7,-60
1756014608.2399447,-9,-2,-61
1756014608.2779446,7,-4,-63
1756014608.3169446,4,-4,-59
1756014608.3529446,2,-3,-56
1756014608.3899446,1,1,-48
1756014608.427945,-1,0,-49
1756014608.4649446,-1,2,-54
1756014608.5019443,0,1,-52
1756014608.5479443,-10,5,-61
1756014608.5839446,-8,4,-64
1756014608.621945,-6,0,-45
1756014608.6599443,-3,-8,-46
1756014608.6979446,5,0,-47
1756014608.733945,9,0,-50
1756014608.7709446,7,-1,-55
1756014608.8079443,8,9,-48
1756014608.8469446,6,4,-43
1756014608.8829446,0,2,-48
1756014608.9199443,-1,1,-51
1756014608.9589446,-1,0,-49
1756014608.996945,0,-3,-54
1756014609.032945,3,-2,-53
1756014609.0699446,4,4,-50
1756014609.108945,5,1,-53
1756014609.1469443,0,4,-56
1756014609.1829443,-3,2,-63
1756014609.2209446,-1,0,-45
1756014609.2589445,-3,-5,-55
1756014609.2979443,-8,-2,-48
1756014609.3339446,-1,-8,-48
1756014609.371945,-2,-7,-53
1756014609.4099443,3,-3,-44
1756014609.4489446,4,-5,-68
1756014609.486945,-4,-2,-54
1756014609.5229447,-4,-1,-57
1756014609.5609446,-6,-6,-42
1756014609.598945,0,0,-41
1756014609.6379447,-1,-2,-50
1756014609.6739447,-1,-5,-53
1756014609.7119446,2,0,-54
1756014609.7499447,0,-2,-58
1756014609.7889447,0,-8,-56
1756014609.8269446,-1,-1,-48
1756014609.8629446,-5,-4,-48
1756014609.9009447,0,-2,-52
1756014609.9389446,-3,1,-44
1756014609.9779446,-3,-2,-58
1756014610.0139446,-1,-1,-57
1756014610.0519447,4,3,-57
1756014610.088945,-1,-1,-54
1756014610.1279447,-8,-5,-51
1756014610.1639447,-6,0,-48
1756014610.200945,0,-1,-35
1756014610.2389443,-6,0,-53
1756014610.2779446,1,-8,-51
1756014610.3139446,-2,0,-47
1756014610.3519447,1,6,-47
1756014610.3889446,-3,-3,-46
1756014610.427945,-5,-1,-53
1756014610.463945,-7,1,-53
1756014610.5009446,-3,0,-47
1756014610.5389447,-2,-1,-43
1756014610.5779445,-4,-1,-42
1756014610.6139443,-2,-1,-46
1756014610.6519446,0,5,-49
1756014610.6899445,5,6,-46
1756014610.7279446,6,5,-44
1756014610.7639446,-6,10,-46
1756014610.8009446,4,-5,-59
1756014610.8399446,1,0,-50
1756014610.8779447,0,0,-54
1756014610.9139447,6,1,-60
1756014610.9519446,3,-1,-53
1756014610.9899447,2,-2,-60
1756014611.0279446,2,-2,-44
1756014611.0639446,5,-2,-55
1756014611.1009445,1,-1,-49
1756014611.1399446,1,-9,-51
1756014611.177945,0,-6,-46
1756014611.213945,2,1,-53
1756014611.2519443,-5,4,-45
1756014611.2899446,-2,1,-47
1756014611.3279445,3,3,-59
1756014611.3639443,0,-1,-58
1756014611.4019446,-5,-3,-47
1756014611.4399445,-2,1,-45
1756014611.4779446,2,5,-54
1756014611.5139446,-1,-5,-43
1756014611.5519447,-1,-3,-49
1756014611.5899446,1,2,-59
1756014611.6279447,-2,5,-44
1756014611.6639447,1,3,-54
1756014611.700945,3,-2,-48
1756014611.7399447,-6,4,-55
1756014611.7759447,-6,-7,-46
1756014611.8139446,-7,0,-49
1756014611.8519447,-9,-1,-56
1756014611.8899446,0,-1,-56
1756014611.9289446,1,0,-55
1756014611.9649446,-5,-3,-68
1756014612.0029447,5,0,-59
1756014612.0399446,2,-3,-50
1756014612.0789447,-2,2,-49
1756014612.1149447,-5,-3,-43
1756014612.1529446,-2,0,-51
1756014612.190945,-4,0,-57
1756014612.2299447,-8,0,-61
1756014612.2659447,-4,0,-58
1756014612.3039446,-7,1,-44
1756014612.3419447,-7,2,-61
1756014612.3799446,-1,0,-60
1756014612.4189446,1,5,-61
1756014612.4549446,-4,0,-52
1756014612.4929447,3,5,-45
1756014612.5309446,3,4,-42
1756014612.5689447,5,-5,-49
1756014612.6049447,-1,-6,-62
1756014612.6429446,-6,-9,-58
1756014612.6809447,4,0,-56
1756014612.7189443,-6,4,-63
1756014612.7549446,3,0,-54
1756014612.7919445,4,-6,-51
1756014612.8309443,-1,-4,-54
1756014612.8689446,-4,0,-53
1756014612.904945,1,0,-50
1756014612.9419446,7,0,-69
1756014612.9799447,-2,-3,-52
1756014613.0159447,-3,0,-50
1756014613.0539446,-2,0,-50
1756014613.0909443,3,2,-48
1756014613.1289446,0,7,-56
1756014613.1649446,-3,1,-47
1756014613.2039447,4,-4,-40
1756014613.2409446,-3,-4,-51
1756014613.279945,3,1,-54
1756014613.315945,2,-1,-48
1756014613.3539443,-1,7,-53
1756014613.3919446,-6,3,-64
1756014613.4309447,-11,1,-52
1756014613.4669447,-2,1,-48
1756014613.5039446,-4,-5,-40
1756014613.5419445,0,-3,-56
1756014613.5809443,1,-5,-40
1756014613.6169446,0,1,-55
1756014613.6539447,0,-2,-52
1756014613.6919446,-1,3,-44
1756014613.7309446,2,-4,-45
1756014613.7669446,6,-1,-38
1756014613.8049445,4,0,-47
1756014613.8419447,3,0,-52
1756014613.8799446,-2,3,-50
1756014613.9159446,-4,0,-51
1756014613.9529445,3,0,-44
1756014613.9909446,-2,1,-55
1756014614.0269446,-6,3,-54
1756014614.0639446,-5,4,-69
1756014614.1019447,-2,8,-50
1756014614.1409447,-5,1,-46
1756014614.1769447,2,3,-49
1756014614.213945,1,0,-48
1756014614.2519443,4,2,-56
1756014614.2899446,-1,-1,-55
1756014614.325945,4,0,-45
1756014614.3629446,-1,1,-46
1756014614.4019446,-3,0,-43
1756014614.4399445,3,2,-54
1756014614.4759445,-1,-6,-55
1756014614.5139446,-1,-1,-55
1756014614.5519447,5,1,-43
1756014614.5899446,4,-3,-56
1756014614.6259446,-3,-4,-57
1756014614.6639447,-10,-3,-50
1756014614.7019446,-1,-4,-52
1756014614.7409446,-1,-3,-50
1756014614.7769446,-1,-1,-53
1756014614.8149445,-5,-6,-50
1756014614.8529446,-4,-7,-48
1756014614.8919446,-6,-1,-48
1756014614.9299445,0,0,-49
1756014614.9659443,0,5,-42
1756014615.0029447,1,4,-51
1756014615.0419445,4,1,-55
1756014615.0779445,0,-4,-53
1756014615.1149447,1,-5,-47
1756014615.1529446,-3,-3,-42
1756014615.1919446,-3,-2,-59
1756014615.2279446,1,-3,-62
1756014615.2649446,0,-10,-55
1756014615.302945,-2,2,-55
1756014615.3419447,-9,-2,-49
1756014615.3779447,-8,0,-49
1756014615.4149446,1,0,-48
1756014615.4519446,-3,4,-46
1756014615.4909446,3,-2,-41
1756014615.5269446,4,3,-60
1756014615.5639446,4,0,-53
1756014615.6019447,9,0,-54
1756014615.6379447,0,-3,-58
1756014615.6749446,4,0,-55
1756014615.7119446,7,-1,-48
1756014615.7509446,1,-2,-57
1756014615.7869446,0,-1,-61
1756014615.8239446,9,0,-57
1756014615.861945,0,-1,-43
1756014615.8979447,-8,-2,-57
1756014615.9359446,-11,1,-47
1756014615.973945,-2,2,-48
1756014616.0129447,-2,7,-44
1756014616.0509446,-10,5,-52
1756014616.0869446,-6,7,-53
1756014616.1239443,-5,1,-52
1756014616.1629446,4,-8,-53
1756014616.200945,-1,-2,-65
1756014616.236945,0,-4,-61
1756014616.2739446,-8,-7,-45
1756014616.312945,0,-2,-37
1756014616.3509445,1,-2,-45
1756014616.3869443,6,3,-51
1756014616.4239447,-2,3,-58
1756014616.4629445,3,-3,-58
1756014616.5009446,5,0,-55
1756014616.5369446,-1,-2,-57
1756014616.5749447,-1,-1,-56
1756014616.6129446,1,-6,-53
1756014616.6519446,-5,-8,-53
1756014616.687945,0,-2,-51
1756014616.7249446,-4,-3,-54
1756014616.7629447,-2,4,-54
1756014616.8019447,6,4,-48
1756014616.8379445,0,0,-55
1756014616.8749447,-3,0,-61
1756014616.9129446,0,0,-61
1756014616.9489446,-4,-2,-50
1756014616.986945,-2,0,-52
1756014617.0249443,5,-1,-42
1756014617.062945,-1,0,-46
1756014617.1019447,-7,-2,-49
1756014617.1379447,-2,-5,-54
1756014617.1759446,4,0,-50
1756014617.213945,-2,-3,-51
1756014617.2529447,1,-7,-54
1756014617.2889447,2,-9,-55
1756014617.3279445,-1,-2,-52
1756014617.3649447,1,-4,-53
1756014617.4039447,4,-3,-54
1756014617.4419446,1,0,-54
1756014617.4779446,4,5,-53
1756014617.5149446,-3,5,-51
1756014617.5539446,-3,4,-59
1756014617.5919447,-2,2,-57
1756014617.6279447,1,-3,-61
1756014617.6659446,-4,0,-74
1756014617.7039447,-1,0,-58
1756014617.7419446,0,6,-53
1756014617.7779446,3,3,-55
1756014617.8149445,11,-8,-49
1756014617.8539443,3,-5,-38
1756014617.8919446,8,-1,-48
1756014617.927945,5,0,-56
1756014617.9649446,4,-2,-57
1756014618.0039446,5,-5,-49
1756014618.0419445,1,-4,-53
1756014618.0779445,-3,-1,-53
1756014618.1159446,-2,1,-61
1756014618.1539447,0,-2,-49
1756014618.1929443,0,0,-39
1756014618.2289443,-1,-1,-48
1756014618.2679446,2,-7,-45
1756014618.3049445,2,0,-55
1756014618.3439443,1,-1,-52
1756014618.3799446,1,1,-60
1756014618.4169445,0,1,-51
1756014618.4549446,0,1,-57
1756014618.4929447,-4,2,-58
1756014618.5289447,-4,-1,-51
1756014618.5749447,-11,2,-53
1756014618.6129446,-3,3,-52
1756014618.6489446,-1,-1,-54
1756014618.6869447,5,-8,-50
1756014618.7259445,8,1,-56
1756014618.7639446,4,-1,-53
1756014618.7999446,1,-1,-35
1756014618.8369446,-1,2,-34
1756014618.8749447,-1,-8,-40
1756014618.9139447,-1,0,-57
1756014618.9499447,-5,-3,-58
1756014618.9889443,-4,0,-56
1756014619.0259447,-2,0,-64
1756014619.0649445,-7,4,-54
1756014619.1029446,-2,0,-47
1756014619.1389446,-5,-1,-45
1756014619.1769447,0,-6,-57
1756014619.2149446,0,-10,-60
1756014619.2539446,1,-3,-46
1756014619.2899446,-5,-3,-53
1756014619.3279445,0,-3,-52
1756014619.3659446,-5,0,-45
1756014619.404945,-6,4,-39
1756014619.4429443,-2,5,-43
1756014619.4789443,-1,13,-45
1756014619.5159447,-4,7,-40
1756014619.5549445,-1,0,-45
1756014619.5929446,4,2,-54
1756014619.6289446,4,-1,-51
1756014619.6669445,1,-5,-47
1756014619.7049446,5,-7,-54
1756014619.7439446,-1,-4,-40
1756014619.779945,0,-4,-38
1756014619.8169446,0,0,-45
1756014619.8549447,3,-3,-43
1756014619.8939445,-1,-5,-49
1756014619.9299445,0,-6,-53
1756014619.9669447,-3,-3,-57
1756014620.0049446,-1,-9,-53
1756014620.0439446,-7,0,-52
1756014620.0799446,-8,-7,-57
1756014620.1179447,-3,-10,-48
1756014620.1569445,3,-4,-40
1756014620.1949446,2,1,-48
1756014620.2309446,6,4,-57
1756014620.2679446,3,-2,-57
1756014620.3069446,0,-3,-58
1756014620.3449447,2,-7,-51
1756014620.3809447,-3,0,-56
1756014620.417945,-4,0,-54
1756014620.4569447,-6,4,-53
1756014620.4949446,-5,-4,-51
1756014620.5309446,-1,-2,-56
1756014620.5699446,0,0,-46
1756014620.6069446,-2,8,-50
1756014620.644945,-3,1,-51
1756014620.6839447,-2,4,-49
1756014620.7199447,-4,1,-50
1756014620.756945,0,1,-58
1756014620.7949443,-8,1,-51
1756014620.8309443,-8,-1,-39
1756014620.8689446,-5,3,-56
1756014620.9069445,-11,2,-53
1756014620.9459443,-2,-6,-47
1756014620.983945,1,2,-55
1756014621.019945,4,2,-52
1756014621.0569446,4,1,-57
1756014621.0959446,5,-5,-41
1756014621.1339445,2,1,-44
1756014621.1699443,5,0,-48
1756014621.2079446,3,5,-57
1756014621.2459445,0,2,-58
1756014621.2839446,-1,4,-61
1756014621.3199446,0,2,-59
1756014621.3579447,3,8,-55
1756014621.3959446,0,-1,-57
1756014621.4339447,1,-3,-51
1756014621.4699447,0,-4,-56
1756014621.5079446,0,-6,-47
1756014621.5459447,-7,0,-46
1756014621.5849447,0,-1,-50
1756014621.6209445,0,-4,-45
1756014621.657945,-2,2,-48
1756014621.6959443,-5,5,-37
1756014621.7349446,-3,8,-54
1756014621.7709446,-1,-1,-56
1756014621.8089447,0,-2,-43
1756014621.8469446,4,0,-49
1756014621.884945,10,0,-55
1756014621.9209447,8,6,-51
1756014621.9579446,-2,4,-51
1756014621.9959445,0,2,-62
1756014622.0349443,1,-4,-51
1756014622.0709443,0,-5,-52
1756014622.108945,7,-4,-46
1756014622.1459446,0,-1,-36
1756014622.1849446,-4,-2,-46
1756014622.2209446,0,-3,-47
1756014622.2589445,2,-3,-50
1756014622.2969446,-3,-8,-46
1756014622.335945,0,-1,-54
1756014622.371945,-1,-3,-56
1756014622.4099443,4,0,-60
1756014622.4469447,3,0,-50
1756014622.4849446,0,0,-45
1756014622.5209446,-1,0,-58
1756014622.5589447,4,-2,-55
1756014622.5969446,2,4,-50
1756014622.6359446,-3,0,-53
1756014622.6719446,-8,0,-48
1756014622.7089446,-3,0,-55
1756014622.746945,-1,0,-54
1756014622.7859447,-1,0,-55
1756014622.8219447,-4,7,-57
1756014622.8599446,-4,8,-60
1756014622.8979447,-4,3,-46
1756014622.9369447,6,0,-50
1756014622.9749446,6,-1,-68
1756014623.0109446,-6,-1,-49
1756014623.0489447,-2,-4,-52
1756014623.0879445,3,-7,-48
1756014623.1259446,-10,0,-49
1756014623.1619446,-3,0,-53
1756014623.1989446,-2,-7,-49
1756014623.236945,-7,-8,-57
1756014623.2759447,-1,0,-55
1756014623.3119447,4,-5,-48
1756014623.348945,-7,0,-46
1756014623.3869443,-1,-4,-56
1756014623.4259446,0,-1,-58
1756014623.4619446,-1,-3,-54
1756014623.5009446,-6,-10,-58
1756014623.5379446,2,-11,-56
1756014623.5769446,-8,-9,-43
1756014623.6129446,-6,-1,-47
1756014623.6509447,-3,-2,-56
1756014623.6899445,-1,0,-54
1756014623.7269447,-8,1,-60
1756014623.7659447,-2,2,-45
1756014623.8019447,-4,2,-56
1756014623.838945,-4,0,-54
1756014623.8769443,-2,0,-52
1756014623.9159446,-2,-2,-42
1756014623.9519446,4,-1,-57
1756014623.9889443,0,-2,-63
1756014624.0269446,0,-1,-62
1756014624.065945,0,2,-62
1756014624.1019447,0,5,-56
1756014624.1389446,0,-1,-59
1756014624.177945,-1,-5,-58
1756014624.2159443,0,-5,-56
1756014624.2519443,1,-4,-58
1756014624.2889447,0,0,-62
1756014624.3269446,0,1,-54
1756014624.3629446,-3,5,-49
1756014624.4019446,-3,10,-48
1756014624.4389446,0,2,-41
1756014624.4779446,-2,-4,-39
1756014624.5159447,6,0,-52
1756014624.5519447,11,-3,-53
1756014624.5909443,0,2,-54
1756014624.6279447,0,9,-56
1756014624.6659446,-5,0,-50
1756014624.7019446,-3,5,-54
1756014624.7389443,-3,0,-54
1756014624.7779446,3,5,-65
1756014624.815945,0,1,-62
1756014624.8519447,0,4,-58
1756014624.8889446,5,-2,-51
1756014624.927945,2,-1,-45
1756014624.9659443,-1,5,-45
1756014625.0019443,-5,1,-52
1756014625.0389447,0,-3,-54
1756014625.0779445,0,4,-55
1756014625.1139443,0,-5,-53
1756014625.1509447,-5,-1,-54
1756014625.1889446,-2,-1,-53
1756014625.2279446,-1,2,-52
1756014625.2639446,-3,0,-66
1756014625.302945,0,-2,-61
1756014625.3399446,0,0,-60
1756014625.3779447,-4,0,-59
1756014625.4139447,0,-2,-64
1756014625.450945,-1,1,-59
1756014625.4889443,2,1,-50
1756014625.5279446,0,3,-57
1756014625.5639446,2,-1,-55
1756014625.6019447,4,4,-53
1756014625.6399446,3,0,-48
1756014625.677945,-5,-2,-51
1756014625.713945,0,0,-49
1756014625.7519443,3,0,-41
1756014625.7889447,2,-4,-52
1756014625.8279445,-1,0,-47
1756014625.8639443,-2,2,-41
1756014625.9019446,-8,-6,-54
1756014625.9399445,-2,0,-45
1756014625.9789443,0,3,-51
1756014626.0169446,5,-7,-54
1756014626.052945,-4,0,-46
1756014626.0899446,-2,2,-56
1756014626.1289446,-2,-1,-52
1756014626.1669445,5,3,-54
1756014626.2029445,1,-1,-47
1756014626.2399447,1,-1,-42
1756014626.2789447,-8,0,-53
1756014626.3169446,3,-5,-62
1756014626.3529446,-3,0,-52
1756014626.3909447,0,6,-59
1756014626.4289446,3,5,-64
1756014626.4669447,0,2,-63
1756014626.5029447,-4,0,-61
1756014626.5399446,-3,0,-56
1756014626.5789447,-7,2,-58
1756014626.6169446,-2,4,-58
1756014626.6529446,-6,3,-57
1756014626.6899445,0,1,-63
1756014626.7289443,-1,0,-55
1756014626.7649446,-4,1,-47
1756014626.802945,3,1,-49
1756014626.8399446,5,-11,-44
1756014626.8789446,1,-5,-54
1756014626.9149446,0,-4,-46
1756014626.9529445,-1,8,-55
1756014626.9909446,-4,9,-48
1756014627.029945,11,3,-39
1756014627.0679443,10,-6,-58
1756014627.1039443,0,-4,-56
1756014627.1419446,-4,-3,-48
1756014627.1799445,1,-5,-55
1756014627.2189443,3,-2,-53
1756014627.2549446,-1,-1,-59
1756014627.292945,-6,-8,-60
1756014627.3309443,-3,-7,-48
1756014627.3699446,2,-2,-59
1756014627.407945,8,3,-60
1756014627.4439447,7,3,-61
1756014627.4809446,7,4,-62
1756014627.5189445,7,5,-52
1756014627.5549445,8,2,-50
1756014627.5919447,0,0,-57
1756014627.6299446,2,0,-40
1756014627.667945,0,1,-50
1756014627.7039447,0,-4,-63
1756014627.7409446,-3,0,-56
1756014627.779945,9,-6,-58
1756014627.8179443,11,-4,-61
1756014627.8539443,0,-2,-50
1756014627.8909447,-5,-3,-56
1756014627.9299445,-6,4,-50
1756014627.9679446,-3,-1,-46
1756014628.0039446,-5,1,-47
1756014628.0419445,0,5,-55
1756014628.0809443,1,-2,-54
1756014628.1189446,-1,3,-56
1756014628.154945,7,0,-62
1756014628.1919446,7,2,-50
1756014628.2299447,0,1,-59
1756014628.2689445,-1,0,-49
1756014628.3049445,4,-1,-39
1756014628.3429446,1,1,-52
1756014628.3799446,3,4,-50
1756014628.4159446,0,-1,-56
1756014628.4539447,-8,0,-53
1756014628.4919446,3,-5,-48
1756014628.529945,8,4,-46
1756014628.565945,8,3,-45
1756014628.6169446,6,-1,-49
1756014628.6529446,-1,-8,-47
1756014628.690945,-1,-3,-47
1756014628.7299447,0,0,-58
1756014628.7659447,-1,-3,-57
1756014628.8039446,-1,4,-52
1756014628.8419447,-6,0,-49
1756014628.8799446,2,-2,-39
1756014628.9159446,1,2,-45
1756014628.9529445,3,-6,-57
1756014628.9909446,3,-3,-51
1756014629.029945,-1,-1,-50
1756014629.065945,-11,4,-54
1756014629.1029446,-5,0,-44
1756014629.1409447,5,-3,-49
1756014629.1799445,0,-7,-54
1756014629.2159443,-2,-5,-49
1756014629.2539446,0,-4,-60
1756014629.2919445,-1,-7,-64
1756014629.3309443,0,-4,-53
1756014629.3689446,4,0,-60
1756014629.404945,1,-7,-43
1756014629.4429443,4,-10,-46
1756014629.4809446,5,-6,-48
1756014629.519945,2,-2,-49
1756014629.5559447,-1,0,-53
1756014629.5929446,6,-9,-50
1756014629.6309447,-2,-3,-61
1756014629.6699443,-3,1,-47
1756014629.7059443,3,-8,-54
1756014629.7429447,-3,-3,-56
1756014629.7809446,-11,-3,-42
1756014629.8199446,-1,3,-49
1756014629.8559446,9,-2,-51
1756014629.8929446,10,-4,-40
1756014629.9309447,-1,-5,-56
1756014629.9699447,-3,-2,-49
1756014630.0059447,0,-1,-41
1756014630.042945,5,0,-41
1756014630.0809443,2,0,-45
1756014630.1169446,4,-3,-45
1756014630.1539447,8,-8,-51
1756014630.1919446,0,0,-55
1756014630.2309446,3,4,-55
1756014630.2669446,1,6,-60
1756014630.3039446,2,-3,-52
1756014630.3419447,8,-4,-43
1756014630.3809447,3,-7,-58
1756014630.4169445,1,-3,-52
1756014630.4539447,5,-8,-60
1756014630.4919446,2,-7,-59
1756014630.5309446,2,-7,-55
1756014630.5669446,2,-12,-52
1756014630.6039443,-1,-4,-49
1756014630.6419446,-6,0,-47
1756014630.6809447,-6,-11,-54
1756014630.7169447,-6,-10,-65
1756014630.7549446,-1,-3,-45
1756014630.792945,2,-7,-48
1756014630.8319447,0,-4,-53
1756014630.8699446,-5,3,-54
1756014630.9059446,3,2,-57
1756014630.9429443,4,0,-59
1756014630.9809446,-1,-3,-49
1756014631.0169446,4,-9,-49
1756014631.0539446,0,-5,-46
1756014631.0919447,-2,-5,-38
1756014631.1309447,2,-6,-51
1756014631.1669445,1,-7,-56
1756014631.2039447,2,1,-53
1756014631.2419446,7,3,-49
1756014631.2809446,0,5,-59
1756014631.3169446,-2,3,-55
1756014631.3539443,-3,1,-52
1756014631.3919446,-2,0,-57
1756014631.4309447,3,1,-50
1756014631.4669447,-2,-1,-56
1756014631.5049446,-5,0,-46
1756014631.542945,-4,-5,-53
1756014631.5819447,4,3,-53
1756014631.6199446,2,2,-54
1756014631.6559446,5,-2,-48
1756014631.6929443,-1,1,-55
1756014631.7319446,-2,-6,-60
1756014631.7679446,-3,-5,-66
1756014631.8059447,-1,2,-51
1756014631.8439443,-5,-4,-54
1756014631.881945,0,-1,-53
1756014631.9209447,-6,-7,-56
1756014631.9569447,-2,-1,-59
1756014631.9949446,1,-4,-45
1756014632.0339446,0,-2,-47
1756014632.0719447,1,-1,-50
1756014632.1079447,2,-5,-64
1756014632.1459446,0,-5,-55
1756014632.1829443,0,-1,-63
1756014632.2219446,2,-4,-44
1756014632.2579446,1,-2,-51
1756014632.2959447,-5,-4,-47
1756014632.3329446,0,2,-44
1756014632.371945,-3,-3,-47
1756014632.407945,6,-7,-49
1756014632.4449446,2,-5,-61
1756014632.4829447,2,1,-55
1756014632.5209446,0,2,-55
1756014632.5569446,0,-3,-52
1756014632.5949447,5,-3,-59
1756014632.6329446,4,-3,-55
1756014632.6719446,-1,1,-53
1756014632.7079446,0,1,-56
1756014632.7449446,5,0,-46
1756014632.782945,-2,-7,-56
1756014632.8219447,-1,-3,-56
1756014632.8579447,-2,0,-52
1756014632.8959446,-3,2,-46
1756014632.9339447,0,-1,-47
1756014632.9729445,-10,-1,-47
1756014633.0109446,2,-2,-49
1756014633.0479443,0,-1,-51
1756014633.0849447,-2,-5,-60
1756014633.1229446,2,1,-55
1756014633.1609447,-3,-3,-55
1756014633.1969447,-5,-5,-36
1756014633.2349446,0,-2,-50
1756014633.2729447,3,-7,-43
1756014633.3119447,5,0,-42
1756014633.3479445,1,4,-41
1756014633.384945,-5,2,-45
1756014633.4229443,-6,-7,-56
1756014633.4619446,-5,0,-41
1756014633.4979446,-2,-5,-33
1756014633.5359447,-5,-2,-40
1756014633.5739446,-6,0,-42
1756014633.6129446,0,0,-53
1756014633.6489446,0,5,-57
1756014633.6859446,5,-2,-48
1756014633.723945,1,1,-53
1756014633.7619443,7,-1,-62
1756014633.7979443,1,4,-61
1756014633.8349447,4,0,-54
1756014633.8729446,0,0,-50
1756014633.9089446,0,2,-66
1756014633.9459443,-4,-4,-64
1756014633.983945,6,-4,-53
1756014634.0229447,4,-1,-56
1756014634.0589447,-2,-1,-44
1756014634.0969446,2,-3,-51
1756014634.134945,-1,-2,-60
1756014634.1739447,3,-6,-53
1756014634.2129445,-2,-8,-52
1756014634.2489443,3,0,-57
1756014634.2859447,6,-3,-55
1756014634.3239446,-4,0,-52
1756014634.3629446,-7,-3,-40
1756014634.3989446,-4,-2,-49
1756014634.4369447,-1,1,-54
1756014634.4749446,-1,3,-50
1756014634.5139446,5,3,-43
1756014634.5519447,-1,0,-42
1756014634.5879445,-1,0,-47
1756014634.6259446,2,3,-55
1756014634.6639447,-1,-2,-54
1756014634.7029445,-1,-3,-60
1756014634.7389443,-8,1,-51
1756014634.7769446,-5,-4,-49
1756014634.815945,3,-7,-46
1756014634.8539443,6,2,-49
1756014634.8919446,0,-6,-59
1756014634.927945,0,0,-60
1756014634.9659443,1,5,-43
1756014635.0039446,-3,2,-54
1756014635.0399446,-3,5,-57
1756014635.0769446,-2,5,-60
1756014635.1159446,0,6,-51
1756014635.1539447,0,6,-58
1756014635.1899445,5,2,-45
1756014635.2269447,-4,-3,-50
1756014635.2659447,-6,-2,-51
1756014635.3039446,-7,0,-53
1756014635.3399446,-3,4,-56
1756014635.3769443,-1,-1,-50
1756014635.4149446,3,-2,-55
1756014635.4539447,5,4,-52
1756014635.4899447,0,2,-46
1756014635.5269446,0,-1,-45
1756014635.5649445,-4,0,-46
1756014635.6039443,-3,-5,-42
1756014635.6399446,4,-2,-48
1756014635.677945,4,0,-41
1756014635.7149446,6,-8,-48
1756014635.7539446,2,0,-57
1756014635.7899446,0,2,-58
1756014635.8269446,-6,2,-51
1756014635.8649447,-6,-4,-48
1756014635.9039447,-3,-4,-50
1756014635.9399445,0,2,-47
1756014635.9779446,-1,1,-55
1756014636.0149446,5,0,-55
1756014636.052945,0,-2,-61
1756014636.088945,2,-3,-59
1756014636.1269443,-4,7,-59
1756014636.1649446,0,1,-58
1756014636.2029445,0,0,-58
1756014636.2389443,-2,3,-52
1756014636.2769446,0,-3,-60
1756014636.3149445,4,-5,-60
1756014636.3539443,6,2,-39
1756014636.3899446,6,0,-52
1756014636.4269447,1,1,-52
1756014636.4649446,-4,1,-50
1756014636.5039446,3,-4,-45
1756014636.5399446,2,-6,-49
1756014636.5769446,5,-8,-52
1756014636.6159446,1,-6,-45
1756014636.6539447,-8,0,-52
1756014636.6899445,-2,2,-49
1756014636.7269447,0,7,-49
1756014636.7649446,-6,1,-54
1756014636.8039446,-7,-4,-58
1756014636.8399446,-8,-4,-54
1756014636.8779447,-5,-5,-51
1756014636.9159446,1,0,-57
1756014636.9539447,-1,3,-57
1756014636.9899447,-1,1,-52
1756014637.0289447,3,3,-44
1756014637.065945,4,1,-67
1756014637.1039443,-3,1,-63
1756014637.1399446,7,-1,-57
1756014637.177945,-3,0,-53
1756014637.2159443,-4,4,-54
1756014637.2549446,-7,3,-58
1756014637.2909446,-2,4,-49
1756014637.3279445,-1,5,-47
1756014637.3659446,-8,2,-45
1756014637.404945,0,2,-62
1756014637.440945,0,1,-55
1756014637.4779446,-2,-1,-51
1756014637.5159447,2,1,-39
1756014637.5549445,-9,-5,-41
1756014637.5909443,-9,-2,-49
1756014637.6289446,-9,-9,-45
1756014637.6669445,-2,-5,-47
1756014637.7059443,0,5,-43
1756014637.7439446,0,3,-45
1756014637.779945,0,0,-48
1756014637.8169446,-2,-2,-51
1756014637.8559446,8,0,-55
1756014637.8939445,0,-1,-55
1756014637.9299445,6,3,-53
1756014637.9669447,0,3,-60
1756014638.0049446,-2,5,-60
1756014638.0409446,0,4,-57
1756014638.0779445,-3,5,-56
1756014638.1159446,-3,-1,-64
1756014638.154945,-3,0,-53
1756014638.190945,3,-4,-55
1756014638.2299447,0,-3,-59
1756014638.2669446,-5,0,-44
1756014638.3059447,-1,0,-37
1756014638.3419447,-8,0,-37
1756014638.3789446,-2,-3,-45
1756014638.4169445,0,0,-60
1756014638.4549446,3,7,-54
1756014638.4919446,-1,7,-42
1756014638.5289447,2,-1,-55
1756014638.5669446,2,1,-58
1756014638.6049447,-5,-1,-48
1756014638.6489446,-3,0,-47
1756014638.6869447,-3,2,-52
1756014638.7259445,1,3,-49
1756014638.7619443,-4,1,-53
1756014638.7999446,2,2,-50
1756014638.8379445,-1,2,-50
1756014638.8759446,-3,0,-50
1756014638.9149446,0,-4,-54
1756014638.950945,-4,-1,-60
1756014638.9889443,0,0,-56
1756014639.0269446,-6,-1,-63
1756014639.065945,0,-7,-52
1756014639.1019447,-4,0,-52
1756014639.1399446,0,-2,-52
1756014639.177945,-9,-5,-54
1756014639.2169447,0,-3,-60
1756014639.2549446,-3,8,-54
1756014639.2909446,-1,8,-50
1756014639.3289447,4,1,-67
1756014639.3669446,2,5,-54
1756014639.404945,6,4,-55
1756014639.440945,0,3,-58
1756014639.4779446,3,-2,-60
1756014639.5169446,0,-6,-58
1756014639.5549445,-2,-5,-56
1756014639.5909443,-3,-5,-57
1756014639.6289446,0,6,-58
1756014639.6669445,1,3,-61
1756014639.7049446,-1,2,-63
1756014639.7409446,0,2,-56
1756014639.7779446,9,5,-64
1756014639.815945,2,-1,-59
1756014639.8519447,-3,1,-59
1756014639.8889446,-3,4,-51
1756014639.927945,0,-7,-55
1756014639.9659443,-1,-5,-55
1756014640.0019443,4,0,-49
1756014640.0389447,-3,-2,-50
1756014640.0769446,0,-5,-49
1756014640.1159446,-1,-9,-53
1756014640.1519446,2,0,-45
1756014640.1889446,-3,-2,-51
1756014640.2269447,0,0,-47
1756014640.2659447,4,-3,-49
1756014640.3019447,8,1,-55
1756014640.338945,-3,4,-60
1756014640.3779447,-4,8,-51
1756014640.4159446,0,-8,-44
1756014640.4519446,-4,-4,-54
1756014640.4909446,4,-2,-54
1756014640.5279446,-2,-4,-48
1756014640.5669446,-1,3,-59
1756014640.6029446,0,-4,-61
1756014640.6409447,-4,-3,-64
1756014640.6789446,-3,6,-45
1756014640.7179446,-2,-1,-44
1756014640.7559447,-6,4,-53
1756014640.7919445,-5,-1,-62
1756014640.8299446,5,-5,-55
1756014640.8679447,2,-1,-48
1756014640.9069445,2,-5,-48
1756014640.9429443,6,-6,-58
1756014640.9809446,0,-3,-54
1756014641.0189445,4,0,-51
1756014641.0569446,3,-4,-59
1756014641.0929446,0,-5,-56
1756014641.131945,1,-7,-52
1756014641.1689446,-1,0,-68
1756014641.2079446,-8,-2,-59
1756014641.2459445,1,0,-54
1756014641.2819445,3,2,-64
1756014641.3199446,0,1,-45
1756014641.3579447,3,2,-48
1756014641.3959446,6,-6,-47
1756014641.4319446,0,-6,-41
1756014641.4689443,-4,1,-51
1756014641.5079446,-5,-1,-68
1756014641.5459447,0,-7,-61
1756014641.5819447,0,-4,-55
1756014641.6189446,-2,-2,-57
1756014641.657945,-4,0,-67
1756014641.6949446,0,0,-59
1756014641.7319446,0,0,-42
1756014641.769945,-1,-6,-50
1756014641.8079443,3,-6,-52
1756014641.8469446,2,-8,-54
1756014641.8829446,1,0,-58
1756014641.9199443,0,4,-64
1756014641.9579446,0,0,-63
1756014641.9939446,0,-5,-56
1756014642.032945,3,1,-63
1756014642.0699446,-1,0,-49
1756014642.108945,-3,3,-47
1756014642.1469443,-4,7,-57
1756014642.1829443,0,5,-68
1756014642.2199447,1,5,-51
1756014642.2589445,-7,0,-54
1756014642.2969446,0,-3,-53
1756014642.3329446,-1,-7,-51
1756014642.3709445,-9,-4,-64
1756014642.4089446,-8,0,-52
1756014642.4479446,-7,3,-50
1756014642.483945,-2,4,-60
1756014642.5209446,-5,1,-48
1756014642.5589447,7,0,-50
1756014642.5979445,1,-2,-49
1756014642.6339445,-2,-2,-40
1756014642.6729443,-2,0,-60
1756014642.7099447,-4,-4,-51
1756014642.7489443,-7,0,-53
1756014642.7869446,6,6,-61
1756014642.8229446,10,3,-59
1756014642.8599446,-1,7,-63
1756014642.8989446,0,-2,-54
1756014642.9369447,0,0,-45
1756014642.9729445,1,-2,-48
1756014643.009945,3,0,-50
1756014643.0479443,0,4,-54
1756014643.0839446,0,-2,-57
1756014643.1209445,-1,0,-52
1756014643.1599443,2,5,-54
1756014643.1979446,-4,-3,-62
1756014643.233945,-6,3,-58
1756014643.2709446,-9,1,-43
1756014643.3089447,-5,2,-53
1756014643.3479445,4,-1,-49
1756014643.3839445,2,-8,-52
1756014643.4219446,7,-5,-57
1756014643.4599447,-1,-2,-49
1756014643.4989443,-5,0,-44
1756014643.5349443,1,0,-46
1756014643.5719447,-4,0,-45
1756014643.6099446,5,-3,-51
1756014643.6489446,2,-3,-47
1756014643.6849446,5,-1,-44
1756014643.7219446,2,-6,-41
1756014643.759945,-10,-3,-54
1756014643.7989447,3,-4,-56
1756014643.8349447,0,-6,-45
1756014643.871945,-6,-1,-51
1756014643.9109447,-1,-4,-55
1756014643.9489446,4,5,-57
1756014643.9849446,3,2,-52
1756014644.0219443,4,3,-54
1756014644.0609446,0,0,-57
1756014644.098945,4,0,-54
1756014644.134945,1,4,-52
1756014644.1729443,5,10,-50
1756014644.2099447,0,8,-48
1756014644.2489443,-3,0,-37
1756014644.2849443,5,2,-55
1756014644.3219447,3,3,-50
1756014644.3599446,5,5,-43
1756014644.3979447,-5,1,-52
1756014644.4339447,0,6,-55
1756014644.4709446,-8,11,-56
1756014644.509945,-8,2,-51
1756014644.5479443,-1,3,-54
1756014644.5839446,-8,1,-52
1756014644.621945,0,0,-55
1756014644.6599443,0,-3,-52
1756014644.6989446,3,0,-53
1756014644.7349446,7,3,-48
1756014644.7719443,4,6,-48
1756014644.8099446,4,10,-59
1756014644.848945,3,-2,-51
1756014644.884945,0,3,-52
1756014644.9219446,0,7,-45
1756014644.9599447,-1,3,-48
1756014644.9989443,-1,6,-53
1756014645.0349443,3,0,-49
1756014645.0719447,1,-4,-49
1756014645.1099446,1,-4,-62
1756014645.1489446,-3,0,-55
1756014645.1849446,-1,2,-57
1756014645.2219446,3,-4,-57
1756014645.259945,-1,-7,-54
1756014645.2989447,0,0,-53
1756014645.335945,4,2,-52
1756014645.3729446,-3,6,-53
1756014645.4109447,-3,7,-45
1756014645.4499447,-2,2,-55
1756014645.4859445,-8,0,-48
1756014645.5229447,-5,-11,-56
1756014645.5609446,-4,2,-36
1756014645.5999446,5,-1,-51
1756014645.6359446,-6,-2,-53
1756014645.6739447,-2,1,-50
1756014645.7119446,-7,-2,-50
1756014645.7509446,0,-2,-48
1756014645.7889447,5,3,-54
1756014645.825945,0,-5,-56
1756014645.8629446,-5,1,-61
1756014645.9009447,-8,0,-48
1756014645.9399445,-6,2,-53
1756014645.9759445,-4,0,-52
1756014646.0139446,0,-2,-60
1756014646.0519447,-1,-3,-55
1756014646.0909443,5,2,-54
1756014646.1289446,3,-1,-64
1756014646.1649446,-4,-4,-54
1756014646.2029445,3,4,-46
1756014646.2409446,7,-1,-49
1756014646.2789447,6,-2,-47
1756014646.3149445,-2,-7,-41
1756014646.3529446,-5,-7,-45
1756014646.3909447,0,-4,-53
1756014646.4289446,4,-2,-52
1756014646.4649446,4,2,-53
1756014646.5029447,6,0,-50
1756014646.5409446,0,0,-47
1756014646.5789447,0,7,-54
1756014646.6149447,0,5,-55
1756014646.6519446,1,3,-64
1756014646.690945,0,-2,-53
1756014646.7269447,1,-2,-53
1756014646.7639446,-3,-4,-51
1756014646.8019447,-1,0,-61
1756014646.8409443,-8,0,-62
1756014646.8769443,-9,3,-57
1756014646.9139447,0,-3,-51
1756014646.9519446,2,-2,-52
1756014646.9909446,-1,-4,-61
1756014647.0269446,2,-3,-67
1756014647.0639446,3,1,-44
1756014647.1019447,0,0,-41
1756014647.1399446,0,0,-49
1756014647.1769447,-3,1,-49
1756014647.213945,-9,0,-45
1756014647.2519443,0,-6,-51
1756014647.2909446,0,-2,-57
1756014647.3269446,-7,4,-61
1756014647.3639443,-2,2,-59
1756014647.4019446,1,7,-55
1756014647.4399445,-3,0,-39
1756014647.4759445,0,0,-31
1756014647.5129447,0,3,-39
1756014647.5509446,10,0,-48
1756014647.5869446,8,1,-58
1756014647.6249447,11,7,-62
1756014647.6629446,5,0,-60
1756014647.700945,0,-1,-68
1756014647.736945,1,3,-69
1756014647.7749443,0,-5,-43
1756014647.812945,0,-3,-46
1756014647.8519447,-3,-3,-50
1756014647.8899446,5,-2,-57
1756014647.9259446,3,0,-72
1756014647.9629445,2,-3,-51
1756014648.0019443,-1,-1,-57
1756014648.0399446,1,2,-58
1756014648.075945,-2,0,-54
1756014648.1129446,5,8,-55
1756014648.1509447,0,4,-54
1756014648.1869447,-4,7,-55
1756014648.2249446,-7,0,-55
1756014648.2629447,-3,3,-49
1756014648.3019447,0,-5,-54
1756014648.3379445,0,-5,-49
1756014648.3759446,3,-4,-58
1756014648.4139447,2,-8,-57
1756014648.4529445,9,-6,-55
1756014648.4909446,3,-7,-53
1756014648.5269446,1,-8,-48
1756014648.5639446,-10,0,-42
1756014648.6019447,-6,1,-38
1756014648.6409447,3,-6,-49
1756014648.6849446,-3,-1,-52
1756014648.7229445,-1,-3,-45
1756014648.7619443,0,7,-44
1756014648.7979443,-3,2,-54
1756014648.8349447,-8,-3,-40
1756014648.8729446,-3,-1,-54
1756014648.9119446,2,1,-55
1756014648.9479446,1,3,-47
1756014648.9849446,2,1,-60
1756014649.0229447,0,4,-60
1756014649.0609446,0,4,-52
1756014649.0969446,-1,-2,-49
1756014649.134945,0,7,-48
1756014649.1729443,-1,3,-49
1756014649.210945,-1,0,-48
1756014649.2479446,-4,2,-53
1756014649.2849443,-1,-5,-36
1756014649.3229446,-3,0,-51
1756014649.361945,0,-1,-56
1756014649.3979447,4,-7,-52
1756014649.4349446,1,-5,-46
1756014649.4729445,-2,-3,-47
1756014649.5119443,8,-10,-48
1756014649.5479443,7,-8,-61
1756014649.5849447,1,-4,-57
1756014649.6229446,1,2,-36
1756014649.6619446,3,-5,-47
1756014649.6979446,3,-8,-39
1756014649.7359445,3,-1,-39
1756014649.7739446,0,0,-43
1756014649.8119447,5,3,-47
1756014649.8479445,5,2,-58
1756014649.884945,2,0,-41
1756014649.9229443,-2,-2,-50
1756014649.9619446,-10,0,-52
1756014649.9989443,-8,1,-42
1756014650.0359447,-1,2,-71
1756014650.0739446,1,-4,-62
1756014650.1129446,1,-6,-62
1756014650.1489446,1,-4,-58
1756014650.187945,0,-5,-43
1756014650.2249446,0,0,-49
1756014650.2629447,2,3,-49
1756014650.2989447,-3,-1,-47
1756014650.3379445,-2,0,-54
1756014650.3749447,-8,0,-56
1756014650.4129446,-6,-5,-52
1756014650.4519446,-3,0,-52
1756014650.4879446,-6,-6,-59
1756014650.5259447,-1,0,-47
1756014650.5639446,2,1,-56
1756014650.6019447,-3,1,-58
1756014650.6379447,0,-3,-60
1756014650.6749446,2,-3,-54
1756014650.713945,-5,1,-63
1756014650.7519443,8,-4,-49
1756014650.7879446,5,0,-50
1756014650.825945,1,-7,-53
1756014650.8639443,6,0,-47
1756014650.9029446,6,-2,-49
1756014650.9389446,2,1,-59
1756014650.9759445,-5,1,-54
1756014651.0139446,-4,0,-52
1756014651.052945,-1,1,-48
1756014651.088945,0,-1,-37
1756014651.1259446,-3,0,-52
1756014651.1639447,-5,4,-53
1756014651.2029445,-6,-7,-56
1756014651.2389443,-2,-3,-53
1756014651.2769446,-4,-4,-62
1756014651.3149445,1,-1,-52
1756014651.3539443,0,-2,-45
1756014651.3919446,-3,-1,-56
1756014651.427945,-4,2,-56
1756014651.4659443,-4,8,-50
1756014651.5039446,-2,1,-63
1756014651.542945,5,5,-56
1756014651.5789447,0,4,-44
1756014651.6159446,2,0,-53
1756014651.6539447,-5,-2,-44
1756014651.6919446,0,-6,-46
1756014651.7279446,0,-5,-49
1756014651.7649446,0,1,-50
1756014651.802945,1,-7,-42
1756014651.838945,-1,-3,-47
1756014651.8769443,3,1,-46
1756014651.9149446,-5,-6,-56
1756014651.9539447,-5,0,-53
1756014651.9899447,-4,4,-51
1756014652.0279446,0,2,-43
1756014652.0649445,0,3,-47
1756014652.1029446,2,6,-44
1756014652.1389446,1,0,-44
1756014652.1759446,3,-3,-52
1756014652.2149446,-8,0,-57
1756014652.2529447,-9,-1,-55
1756014652.2889447,-6,2,-64
1756014652.325945,-4,0,-51
1756014652.3649447,-8,0,-53
1756014652.4029446,-6,7,-55
1756014652.4389446,0,3,-61
1756014652.4759445,6,0,-58
1756014652.5149446,-3,-4,-62
1756014652.552945,-7,0,-53
1756014652.588945,-4,6,-45
1756014652.6269443,3,0,-58
1756014652.6649446,0,4,-51
1756014652.7029445,4,-1,-56
1756014652.7389443,0,-3,-60
1756014652.7759447,3,3,-58
1756014652.8139446,-4,1,-48
1756014652.8499446,-1,1,-58
1756014652.8869443,6,0,-43
1756014652.9249446,-8,-4,-54
1756014652.963945,-1,0,-62
1756014652.9999447,-1,-6,-45
1756014653.0379446,-2,-3,-58
1756014653.0769446,0,0,-56
1756014653.1149447,0,2,-48
1756014653.1529446,4,-1,-52
1756014653.1889446,1,0,-47
1756014653.2269447,8,2,-54
1756014653.2649446,5,-1,-41
1756014653.3009446,6,0,-55
1756014653.3379445,5,1,-50
1756014653.3759446,0,-2,-58
1756014653.4149446,0,4,-59
1756014653.450945,6,3,-52
1756014653.4889443,0,-3,-57
1756014653.5279446,1,-1,-59
1756014653.565945,0,2,-42
1756014653.6039443,-4,3,-58
1756014653.6399446,-7,4,-57
1756014653.677945,6,-4,-42
1756014653.7159443,1,-2,-45
1756014653.7549446,2,0,-46
1756014653.7909446,4,-4,-52
1756014653.8279445,3,2,-55
1756014653.8649447,4,2,-42
1756014653.9009447,0,3,-41
1756014653.937945,0,5,-54
1756014653.9759445,3,0,-57
1756014654.0139446,9,0,-52
1756014654.0499446,6,-1,-57
1756014654.0869446,7,-1,-43
1756014654.1259446,2,0,-52
1756014654.1639447,3,-4,-59
1756014654.1999447,-6,-3,-45
1756014654.2379446,3,1,-46
1756014654.2759447,0,0,-50
1756014654.3139446,-1,-4,-48
1756014654.3499446,9,-6,-48
1756014654.3869443,-2,-3,-54
1756014654.4259446,7,-8,-54
1756014654.463945,-4,0,-47
1756014654.4999447,-3,-4,-51
1756014654.5379446,-2,0,-51
1756014654.575945,-11,0,-54
1756014654.6149447,-6,-4,-58
1756014654.6509447,0,-8,-51
1756014654.687945,-4,-4,-44
1756014654.7259445,1,0,-40
1756014654.7639446,1,-4,-52
1756014654.7999446,4,0,-48
1756014654.8369446,7,0,-45
1756014654.8759446,0,-4,-46
1756014654.9119446,3,6,-47
1756014654.9489446,2,-1,-45
1756014654.9879446,3,-3,-44
1756014655.0259447,2,0,-48
1756014655.0619447,7,1,-50
1756014655.1009445,-7,8,-50
1756014655.1379447,-1,0,-56
1756014655.1759446,0,1,-56
1756014655.2119446,-1,2,-52
1756014655.2489443,1,1,-53
1756014655.2859447,-2,0,-52
1756014655.3249447,-1,1,-48
1756014655.3609445,3,0,-52
1756014655.3979447,3,0,-53
1756014655.4359446,-5,-1,-48
1756014655.4749446,3,-2,-57
1756014655.5109446,9,-6,-48
1756014655.5479443,-2,3,-62
1756014655.5869446,-2,-1,-72
1756014655.6249447,-4,3,-63
1756014655.6609447,-10,-1,-56
1756014655.6989446,0,-4,-60
1756014655.736945,1,-3,-60
1756014655.7759447,-3,-2,-59
1756014655.8119447,-6,6,-56
1756014655.848945,-2,2,-53
1756014655.8869443,-10,1,-60
1756014655.9259446,-3,-6,-63
1756014655.9619446,-3,-2,-65
1756014655.9999447,3,-4,-59
1756014656.0379446,6,0,-47
1756014656.0769446,-2,-6,-46
1756014656.1149447,-10,-4,-52
1756014656.1509447,-5,-3,-47
1756014656.1889446,-8,-5,-47
1756014656.2269447,-1,0,-60
1756014656.2659447,1,3,-58
1756014656.3019447,1,-3,-55
1756014656.338945,2,0,-40
1756014656.3769443,0,0,-59
1756014656.4149446,-2,-4,-54
1756014656.450945,0,-1,-58
1756014656.4879446,-7,4,-57
1756014656.5269446,0,1,-52
1756014656.5649445,-6,7,-55
1756014656.6009445,-4,2,-58
1756014656.6379447,-5,-3,-53
1756014656.6769447,5,1,-40
1756014656.7129445,-1,4,-41
1756014656.7499447,0,6,-40
1756014656.7879446,-7,-4,-45
1756014656.8269446,-7,1,-51
1756014656.8629446,-1,0,-55
1756014656.8999443,-8,3,-45
1756014656.937945,3,0,-49
1756014656.9759445,1,4,-51
1756014657.0119443,-5,-5,-47
1756014657.0499446,-7,2,-53
1756014657.0879445,0,7,-55
1756014657.1259446,-2,0,-32
1756014657.1619446,-3,2,-42
1756014657.1989446,-3,0,-46
1756014657.236945,2,-8,-47
1756014657.2759447,4,-1,-45
1756014657.3119447,-2,-3,-50
1756014657.3499446,4,-3,-52
1756014657.3879447,-2,-1,-34
1756014657.4269447,2,-2,-54
1756014657.4629445,-1,-3,-59
1756014657.5019443,-2,-3,-57
1756014657.5389447,0,2,-61
1756014657.5779445,-3,4,-60
1756014657.6159446,4,3,-55
1756014657.6519446,4,2,-47
1756014657.6889446,8,3,-45
1756014657.7269447,4,3,-58
1756014657.7629447,6,2,-54
1756014657.7999446,-6,-4,-50
1756014657.8379445,-7,0,-49
1756014657.8769443,-1,0,-58
1756014657.9129446,4,2,-54
1756014657.9499447,1,3,-50
1756014657.9879446,-1,2,-57
1756014658.0259447,3,-8,-58
1756014658.0619447,4,-5,-55
1756014658.098945,3,0,-58
1756014658.1369443,3,4,-61
1756014658.1729443,1,3,-56
1756014658.2099447,0,0,-52
1756014658.2479446,-2,-3,-53
1756014658.2839446,-7,3,-60
1756014658.3209443,0,3,-45
1756014658.3579447,-1,1,-37
1756014658.3969443,-7,-5,-42
1756014658.4329443,1,-5,-39
1756014658.4709446,1,0,-44
1756014658.5079446,8,1,-46
1756014658.5439446,4,0,-52
1756014658.5809443,0,3,-58
1756014658.6179447,-7,2,-51
1756014658.6569445,-10,-1,-48
1756014658.700945,-3,-4,-42
1756014658.7389443,-3,0,-44
1756014658.7779446,-3,-3,-44
1756014658.8139446,0,-3,-41
1756014658.8529446,5,1,-40
1756014658.8899446,6,3,-44
1756014658.927945,5,3,-53
1756014658.963945,4,0,-53
1756014659.0019443,8,3,-58
1756014659.0399446,11,-5,-50
1756014659.0789447,0,-1,-47
1756014659.1169446,0,2,-44
1756014659.1529446,-1,-3,-42
1756014659.1919446,0,-2,-49
1756014659.2289443,0,0,-54
1756014659.2679446,-3,-2,-51
1756014659.3039446,0,-6,-37
1756014659.3419447,-4,-3,-54
1756014659.3799446,-4,-3,-48
1756014659.4189446,0,-1,-53
1756014659.4569447,-1,1,-56
1756014659.4929447,1,-2,-50
1756014659.5309446,3,1,-50
1756014659.5689447,1,0,-51
1756014659.6069446,0,0,-55
1756014659.6429446,13,4,-55
1756014659.6799445,0,1,-44
1756014659.7179446,3,4,-41
1756014659.7539446,3,0,-46
1756014659.7909446,4,0,-48
1756014659.8289447,0,2,-58
1756014659.8669446,6,2,-55
1756014659.9029446,-1,0,-49
1756014659.940945,5,4,-49
1756014659.9789443,-1,0,-52
1756014660.0149446,-3,7,-51
1756014660.052945,-3,-2,-48
1756014660.0909443,-4,-2,-51
1756014660.1299446,0,-4,-58
1756014660.167945,4,-6,-62
1756014660.2039447,8,-6,-61
1756014660.2409446,-7,-7,-53
1756014660.2789447,-3,-3,-52
1756014660.3179443,-4,1,-45
1756014660.3539443,-2,-1,-51
1756014660.3929446,-1,-2,-53
1756014660.4299445,-3,-4,-52
1756014660.4689443,-7,0,-55
1756014660.5049446,-4,4,-49
1756014660.542945,-2,1,-44
1756014660.5809443,-2,0,-41
1756014660.6189446,-1,0,-36
1756014660.657945,0,0,-47
1756014660.6939447,0,0,-44
1756014660.7309446,-6,-3,-47
1756014660.769945,2,-1,-48
1756014660.8079443,-3,-5,-52
1756014660.8439443,2,0,-56
1756014660.8809447,-1,-3,-51
1756014660.9199443,-1,-3,-55
1756014660.9579446,-2,-5,-47
1756014660.9939446,-1,-1,-45
1756014661.0319445,-2,-3,-42
1756014661.0699446,0,-4,-47
1756014661.108945,7,1,-48
1756014661.144945,2,0,-63
1756014661.1829443,-4,0,-48
1756014661.2209446,-8,-5,-54
1756014661.259945,-3,-2,-58
1756014661.2979443,2,-3,-56
1756014661.3339446,7,-1,-62
1756014661.371945,3,6,-64
1756014661.4099443,-1,1,-62
1756014661.4479446,2,-5,-50
1756014661.483945,4,0,-53
1756014661.5209446,-4,1,-51
1756014661.5599446,-3,0,-55
1756014661.5959446,1,-5,-62
1756014661.6339445,3,-1,-63
1756014661.6719446,-1,0,-39
1756014661.710945,-3,-3,-46
1756014661.7489443,1,4,-61
1756014661.7849443,-3,1,-66
1756014661.8239446,-1,-2,-70
1756014661.8609445,0,0,-60
1756014661.8989446,-1,-2,-53
1756014661.9349446,-3,-5,-46
1756014661.973945,0,1,-39
1756014662.0109446,-6,0,-43
1756014662.0499446,-6,0,-58
1756014662.085945,-2,-5,-57
1756014662.1239443,0,-3,-54
1756014662.1619446,4,7,-59
1756014662.1999447,5,1,-57
1756014662.2359445,0,6,-63
1756014662.2739446,4,2,-48
1756014662.3109446,-4,4,-45
1756014662.3499446,1,-2,-63
1756014662.3859446,-1,-4,-58
1756014662.4239447,-3,-8,-43
1756014662.4619446,7,-1,-36
1756014662.5009446,-3,0,-44
1756014662.5389447,6,-7,-46
1756014662.5749447,6,0,-54
1756014662.611945,-2,-1,-48
1756014662.6509447,1,1,-54
1756014662.6889446,4,5,-53
1756014662.7249446,4,5,-51
1756014662.7619443,6,6,-47
1756014662.7999446,-3,1,-50
1756014662.835945,4,-2,-46
1756014662.8729446,1,0,-44
1756014662.9109447,3,-2,-51
1756014662.9489446,2,-1,-56
1756014662.9849446,-1,3,-53
1756014663.0219443,3,-3,-51
1756014663.0609446,3,0,-59
1756014663.098945,2,-2,-59
1756014663.134945,-4,-6,-56
1756014663.1729443,2,-1,-52
1756014663.210945,-2,-2,-42
1756014663.2499447,0,-3,-57
1756014663.2859447,3,-3,-50
1756014663.3229446,2,-3,-44
1756014663.361945,3,-2,-52
1756014663.3999443,4,-5,-46
1756014663.4359446,0,-8,-50
1756014663.4729445,0,-9,-51
1756014663.5119443,0,-7,-42
1756014663.5499446,2,-3,-49
1756014663.585945,-1,-5,-49
1756014663.6249447,-4,-2,-53
1756014663.6619446,-2,-4,-40
1756014663.700945,1,-2,-48
1756014663.736945,7,-9,-47
1756014663.7739446,3,-6,-61
1756014663.8119447,1,1,-61
1756014663.8499446,-3,-2,-54
1756014663.8859446,2,-4,-52
1756014663.9239447,0,-3,-48
1756014663.9619446,1,-2,-53
1756014663.9999447,0,0,-53
1756014664.0359447,3,1,-51
1756014664.0729446,8,0,-48
1756014664.111945,-4,0,-66
1756014664.1499443,0,-2,-55
1756014664.1859446,0,3,-51
1756014664.2229445,-5,1,-41
1756014664.2619443,-3,6,-55
1756014664.2999446,3,6,-50
1756014664.335945,-2,0,-51
1756014664.3729446,2,7,-50
1756014664.4119446,-3,5,-50
1756014664.4499447,-2,-1,-62
1756014664.4859445,4,-2,-65
1756014664.5229447,5,0,-53
1756014664.5619447,-10,6,-52
1756014664.5999446,0,0,-43
1756014664.6359446,4,0,-50
1756014664.6729443,-5,-3,-50
1756014664.7119446,-3,0,-52
1756014664.7499447,2,-9,-56
1756014664.7859447,0,-11,-51
1756014664.8239446,2,2,-53
1756014664.861945,0,4,-49
1756014664.9009447,0,6,-53
1756014664.9369447,0,5,-47
1756014664.973945,4,4,-56
1756014665.0129447,-5,9,-61
1756014665.0509446,-1,0,-55
1756014665.0869446,-1,-5,-64
1756014665.1249447,1,1,-50
1756014665.1619446,3,1,-44
1756014665.1979446,4,0,-45
1756014665.2349446,2,1,-50
1756014665.2719443,-5,4,-45
1756014665.3109446,4,0,-53
1756014665.3469446,5,1,-53
1756014665.3839445,1,-2,-64
1756014665.4219446,0,2,-52
1756014665.4579446,-1,0,-57
1756014665.4949446,-9,-1,-56
1756014665.532945,-8,11,-59
1756014665.5719447,-1,4,-54
1756014665.6079447,1,1,-49
1756014665.644945,1,-10,-54
1756014665.6829443,-5,-6,-57
1756014665.7219446,-7,0,-53
1756014665.7579446,-6,-1,-55
1756014665.7969446,1,-4,-50
1756014665.8349447,-2,-2,-46
1756014665.8729446,-9,3,-48
1756014665.9109447,-4,4,-48
1756014665.9469447,-2,1,-60
1756014665.9849446,-3,-4,-53
1756014666.0229447,-7,-9,-58
1756014666.0609446,-8,-5,-43
1756014666.0969446,-7,0,-56
1756014666.134945,-5,0,-51
1756014666.1729443,-3,4,-47
1756014666.210945,1,0,-53
1756014666.246945,-4,0,-52
1756014666.2849443,6,-1,-49
1756014666.3229446,-1,-3,-51
1756014666.3609445,-3,-1,-58
1756014666.3969443,-4,3,-54
1756014666.4339447,2,0,-55
1756014666.4729445,-2,0,-55
1756014666.5109446,-8,-8,-49
1756014666.5469446,-4,-2,-59
1756014666.5849447,-3,0,-49
1756014666.6229446,-4,11,-47
1756014666.6619446,7,4,-50
1756014666.6979446,1,0,-43
1756014666.7349446,-6,-7,-33
1756014666.7729447,-6,3,-43
1756014666.8119447,-6,3,-61
1756014666.8479445,-2,0,-64
1756014666.884945,-5,4,-57
1756014666.9229443,1,7,-53
1756014666.9589446,-3,-3,-55
1756014666.9979446,1,-3,-41
1756014667.0349443,3,-5,-52
1756014667.0729446,-5,3,-47
1756014667.111945,-1,0,-48
1756014667.1479447,5,1,-51
1756014667.1849446,6,0,-45
1756014667.2229445,1,2,-44
1756014667.2589445,2,3,-56
1756014667.2959447,7,-3,-51
1756014667.3339446,5,-2,-54
1756014667.3729446,8,0,-53
1756014667.4089446,3,-7,-52
1756014667.4469447,-2,0,-61
1756014667.4849446,0,7,-62
1756014667.5239446,5,-1,-50
1756014667.5619447,0,-5,-38
1756014667.5979445,1,3,-44
1756014667.6359446,3,-4,-50
1756014667.6739447,0,3,-47
1756014667.7119446,2,-1,-48
1756014667.7479446,0,-2,-50
1756014667.7859447,6,2,-53
1756014667.8239446,8,-3,-51
1756014667.861945,0,-1,-58
1756014667.8979447,0,3,-52
1756014667.9359446,0,-2,-47
1756014667.973945,0,3,-46
1756014668.0119443,0,2,-48
1756014668.0479443,10,-4,-51
1756014668.085945,0,-1,-54
1756014668.1239443,9,-4,-56
1756014668.1619446,9,-3,-61
1756014668.1979446,5,-11,-62
1756014668.2349446,3,-6,-64
1756014668.2739446,-3,-8,-59
1756014668.3099446,-1,-7,-64
1756014668.3479445,2,-5,-59
1756014668.3859446,-2,-2,-61
1756014668.4239447,-6,-1,-50
1756014668.4629445,3,2,-54
1756014668.4989443,1,-2,-59
1756014668.5369446,0,0,-61
1756014668.5739446,0,0,-57
1756014668.6099446,-2,-2,-64
1756014668.6479447,2,0,-49
1756014668.6849446,-1,0,-52
1756014668.7289443,1,-3,-46
1756014668.7669446,2,-4,-36
1756014668.8049445,5,-1,-40
1756014668.8439443,0,2,-49
1756014668.8799446,-2,-1,-52
1756014668.917945,4,0,-45
1756014668.9559443,3,-3,-38
1756014668.9949446,0,-1,-41
1756014669.032945,3,1,-48
1756014669.0689447,4,0,-55
1756014669.1059446,-2,0,-54
1756014669.144945,0,0,-52
1756014669.1829443,-1,-1,-50
1756014669.2189443,-2,-2,-52
1756014669.256945,-5,-7,-51
1756014669.2959447,-3,-4,-49
1756014669.3339446,-3,-2,-42
1756014669.3699446,-1,-2,-51
1756014669.407945,-8,0,-59
1756014669.4459443,-5,-3,-58
1756014669.4849446,0,-3,-66
1756014669.5229447,-9,0,-57
1756014669.5589447,1,-11,-42
1756014669.5959446,-4,-5,-57
1756014669.634945,-6,1,-55
1756014669.6729443,-5,-7,-53
1756014669.7089446,2,-10,-45
1756014669.7459445,-1,-4,-50
1756014669.7849443,4,-1,-52
1756014669.8229446,0,0,-43
1756014669.858945,-13,-2,-49
1756014669.8969443,0,-1,-50
1756014669.9349446,-5,0,-53
1756014669.973945,3,1,-60
1756014670.009945,0,2,-52
1756014670.0469446,-3,-4,-48
1756014670.0849447,-7,-2,-55
1756014670.1239443,-5,2,-59
1756014670.1599443,-1,0,-49
1756014670.1969447,-4,-1,-37
1756014670.2349446,0,1,-45
1756014670.2709446,6,-2,-40
1756014670.3079443,5,-6,-46
1756014670.3469446,-4,-2,-47
1756014670.384945,-5,3,-57
1756014670.4209447,2,8,-56
1756014670.4579446,-1,3,-51
1756014670.496945,1,-3,-49
1756014670.5349443,-7,6,-55
1756014670.5709443,-4,1,-54
1756014670.6079447,0,-1,-54
1756014670.6459446,2,2,-48
1756014670.6849446,2,-1,-44
1756014670.7209446,4,-2,-46
1756014670.7579446,0,1,-44
1756014670.7959447,3,4,-46
1756014670.8339446,3,-1,-52
1756014670.8699446,0,-2,-64
1756014670.9069445,0,3,-55
1756014670.9449446,0,0,-54
1756014670.9809446,0,0,-53
1756014671.0179446,2,-1,-55
1756014671.0559447,1,2,-59
1756014671.0939443,2,9,-45
1756014671.1299446,3,10,-36
1756014671.167945,1,0,-49
1756014671.2059443,4,-2,-47
1756014671.2439446,-2,2,-44
1756014671.2809446,-3,-6,-50
1756014671.3179443,-6,0,-59
1756014671.3559446,-2,-2,-44
1756014671.394945,-1,-1,-45
1756014671.4309447,1,-3,-55
1756014671.4679446,6,0,-51
1756014671.5059447,-2,0,-50
1756014671.5419445,-1,0,-56
1756014671.5789447,3,-6,-57
1756014671.6169446,5,4,-52
1756014671.6559446,1,3,-59
1756014671.6919446,0,-1,-46
1756014671.7289443,0,-4,-56
1756014671.7679446,-4,-3,-54
1756014671.8059447,1,-2,-57
1756014671.8419447,0,-2,-51
1756014671.8789446,2,-9,-44
1756014671.917945,-2,-8,-42
1756014671.9559443,-12,1,-40
1756014671.9919446,-8,0,-47
1756014672.029945,-6,0,-46
1756014672.0669446,-3,1,-52
1756014672.1059446,-8,-5,-53
1756014672.1419446,-10,-7,-44
1756014672.1799445,-3,-1,-48
1756014672.2179446,-1,2,-48
1756014672.256945,0,2,-51
1756014672.2949443,-4,2,-57
1756014672.3309443,2,6,-59
1756014672.3679447,-5,0,-65
1756014672.4069445,-5,2,-59
1756014672.4449446,-1,0,-49
1756014672.4809446,-11,-1,-44
1756014672.5189445,-10,-1,-44
1756014672.5569446,-5,-2,-51
1756014672.5959446,-7,-2,-59
1756014672.631945,1,-1,-58
1756014672.6689446,9,3,-52
1756014672.7069447,-3,1,-50
1756014672.7449446,2,1,-50
1756014672.7819445,3,-6,-53
1756014672.8189447,1,-4,-56
1756014672.8569446,4,-3,-62
1756014672.8959446,3,-2,-66
1756014672.9319446,0,1,-56
1756014672.9689443,-2,0,-56
1756014673.006945,0,-1,-58
1756014673.0459447,0,3,-65
1756014673.0819447,0,3,-65
1756014673.1189446,1,-1,-56
1756014673.1569445,-3,-5,-54
1756014673.1959443,3,-4,-62
1756014673.2319446,0,4,-55
1756014673.2689445,0,-1,-58
1756014673.3069446,-1,-1,-51
1756014673.3459446,1,-4,-45
1756014673.381945,0,0,-52
1756014673.4189446,0,4,-45
1756014673.4569447,-3,3,-59
1756014673.4929447,-4,0,-58
1756014673.5309446,-12,-1,-56
1756014673.5689447,-4,-3,-48
1756014673.6069446,-4,-1,-54
1756014673.6459446,-2,-7,-55
1756014673.6819446,1,1,-58
1756014673.7189443,-6,0,-50
1756014673.756945,1,-1,-56
1756014673.7959447,-1,0,-57
1756014673.8319447,-10,-1,-52
1756014673.8699446,-7,-1,-50
1756014673.907945,-4,0,-55
1756014673.9469447,1,0,-55
1756014673.9829447,-5,-1,-50
1756014674.0209446,0,-2,-53
1756014674.0589447,3,-3,-57
1756014674.0979445,0,-3,-54
1756014674.1359446,0,1,-51
1756014674.1719446,0,-3,-49
1756014674.2099447,-2,-7,-48
1756014674.2479446,3,0,-56
1756014674.2859447,4,-3,-46
1756014674.3219447,-8,-1,-49
1756014674.3599446,1,0,-51
1756014674.3979447,-1,1,-49
1756014674.4359446,-4,1,-61
1756014674.4719446,-2,-3,-57
1756014674.509945,0,-2,-57
1756014674.5479443,3,-1,-54
1756014674.5869446,-3,-6,-63
1756014674.6229446,0,-6,-66
1756014674.6609447,5,-4,-58
1756014674.6989446,1,-2,-60
1756014674.7379446,3,0,-55
1756014674.7759447,-5,-4,-52
1756014674.8119447,1,3,-54
1756014674.848945,-5,-2,-59
1756014674.8879447,-3,4,-52
1756014674.9239447,-6,0,-55
1756014674.9619446,-1,-5,-52
1756014674.9999447,0,-8,-45
1756014675.0379446,-1,0,-48
1756014675.0769446,0,5,-41
1756014675.1129446,1,1,-48
1756014675.1499443,1,5,-53
1756014675.187945,-4,0,-50
1756014675.2269447,-3,2,-52
1756014675.2629447,4,3,-59
1756014675.2999446,1,3,-54
1756014675.3379445,1,-4,-55
1756014675.3739443,5,0,-58
1756014675.4109447,6,2,-58
1756014675.4479446,3,5,-59
1756014675.486945,0,5,-56
1756014675.5229447,-3,-1,-53
1756014675.5609446,-2,-1,-58
1756014675.5999446,2,0,-57
1756014675.6379447,0,3,-57
1756014675.6739447,1,1,-47
1756014675.7119446,2,0,-49
1756014675.7499447,0,-8,-48
1756014675.7879446,3,-1,-53
1756014675.8239446,2,-1,-55
1756014675.861945,2,3,-57
1756014675.8989446,0,0,-63
1756014675.9369447,-3,0,-49
1756014675.9729445,0,-5,-50
1756014676.009945,-8,-4,-50
1756014676.0489447,-9,-1,-40
1756014676.0869446,-4,-3,-47
1756014676.1229446,-2,0,-44
1756014676.1599443,-2,0,-42
1756014676.1989446,-6,0,-47
1756014676.236945,-6,4,-42
1756014676.2729447,-2,7,-43
1756014676.3099446,-1,1,-48
1756014676.348945,-2,-6,-45
1756014676.3869443,3,-5,-47
1756014676.4229443,5,0,-54
1756014676.4599447,-2,0,-40
1756014676.4989443,-1,-13,-44
1756014676.5349443,-3,-8,-52
1756014676.5729446,-3,-5,-48
1756014676.6109445,1,0,-50
1756014676.6489446,-8,-1,-60
1756014676.687945,-7,0,-50
1756014676.723945,2,-1,-60
1756014676.7619443,1,6,-53
1756014676.7989447,6,2,-50
1756014676.8349447,4,4,-59
1756014676.871945,-6,1,-53
1756014676.9099443,-4,-6,-45
1756014676.9489446,-7,-2,-51
1756014676.9849446,-2,1,-53
1756014677.0219443,-2,-7,-48
1756014677.0599446,-5,0,-55
1756014677.098945,-6,-4,-59
1756014677.134945,-5,-5,-44
1756014677.1729443,-2,-3,-43
1756014677.210945,-7,2,-51
1756014677.2499447,1,0,-52
1756014677.2879446,5,2,-53
1756014677.3239446,-1,-2,-58
1756014677.361945,0,9,-58
1756014677.3999443,2,6,-53
1756014677.437945,-6,0,-50
1756014677.473945,-1,-5,-52
1756014677.5129447,2,-4,-51
1756014677.5499446,-1,-5,-57
1756014677.588945,-9,0,-47
1756014677.6249447,-7,3,-54
1756014677.6629446,0,1,-50
1756014677.6999447,-2,2,-63
1756014677.7389443,-1,0,-60
1756014677.7749443,-2,0,-59
1756014677.812945,-3,-4,-53
1756014677.8509445,-7,1,-44
1756014677.8899446,4,-5,-36
1756014677.927945,1,-2,-51
1756014677.963945,0,-1,-52
1756014678.0019443,-1,-1,-51
1756014678.0399446,2,5,-44
1756014678.0779445,4,0,-54
1756014678.1139443,2,4,-53
1756014678.1519446,-1,3,-43
1756014678.1899445,-6,0,-47
1756014678.2259445,2,-3,-46
1756014678.2629447,-1,-8,-46
1756014678.3009446,5,-2,-53
1756014678.3399446,7,-2,-49
1756014678.3759446,7,0,-51
1756014678.4129446,4,-7,-47
1756014678.450945,0,-4,-55
1756014678.4899447,2,0,-52
1756014678.5259447,1,3,-46
1756014678.562945,1,1,-54
1756014678.5999446,0,-1,-46
1756014678.6389446,-3,2,-51
1756014678.6749446,-2,2,-64
1756014678.7119446,0,5,-48
1756014678.7559447,-2,3,-57
1756014678.7939446,-9,0,-67
1756014678.8319447,-8,-3,-58
1756014678.8709445,-1,-4,-56
1756014678.9089446,0,4,-49
1756014678.9449446,3,-1,-54
1756014678.9819446,4,4,-55
1756014679.019945,2,-1,-60
1756014679.0559447,0,-1,-56
1756014679.0929446,-1,3,-50
1756014679.1309447,0,0,-60
1756014679.1699443,-4,-3,-49
1756014679.2059443,-1,-1,-49
1756014679.2439446,4,1,-48
1756014679.2809446,-5,3,-54
1756014679.3199446,-3,0,-50
1756014679.3559446,-4,5,-48
1756014679.3939445,-3,1,-45
1756014679.4319446,-3,0,-50
1756014679.4709446,2,-4,-52
1756014679.5089445,0,3,-47
1756014679.5449443,5,6,-46
1756014679.5819447,-3,5,-51
1756014679.6209445,-7,-4,-43
1756014679.6589446,-4,0,-41
1756014679.6949446,0,3,-48
1756014679.7319446,-9,0,-53
1756014679.7709446,-2,3,-48
1756014679.8069446,-5,9,-52
1756014679.8449447,2,2,-46
1756014679.8829446,-3,4,-49
1756014679.9209447,-5,5,-51
1756014679.9599447,-10,2,-45
1756014679.9959445,-5,5,-47
1756014680.0349443,4,2,-57
1756014680.0719447,4,-3,-50
1756014680.1109445,0,-2,-51
1756014680.1469443,0,-7,-61
1756014680.1849446,2,-3,-51
1756014680.2229445,8,0,-56
1756014680.2609446,3,3,-46
1756014680.2999446,6,8,-50
1756014680.335945,7,-1,-55
1756014680.3739443,-5,-3,-51
1756014680.4119446,0,8,-47
1756014680.4499447,-2,4,-63
1756014680.4859445,3,0,-57
1756014680.5239446,1,2,-56
1756014680.5619447,8,-2,-53
1756014680.5999446,-5,-3,-53
1756014680.6359446,2,-4,-48
1756014680.6739447,4,-4,-50
1756014680.7119446,4,-10,-49
1756014680.7509446,1,-9,-56
1756014680.7869446,2,-8,-60
1756014680.8239446,-3,-8,-63
1756014680.861945,2,-1,-56
1756014680.9009447,2,1,-45
1756014680.9369447,4,0,-49
1756014680.973945,5,-4,-53
1756014681.0119443,-5,-4,-54
1756014681.0509446,-5,-1,-47
1756014681.0869446,-4,-4,-51
1756014681.1249447,0,0,-46
1756014681.1619446,-2,5,-38
1756014681.200945,0,6,-52
1756014681.236945,-3,0,-47
1756014681.2749443,-3,1,-47
1756014681.312945,0,3,-55
1756014681.3509445,10,4,-52
1756014681.3869443,4,4,-51
1756014681.4239447,0,2,-50
1756014681.4619446,4,3,-50
1756014681.4979446,-1,-2,-45
1756014681.5359447,3,-1,-59
1756014681.5739446,5,-7,-67
1756014681.611945,0,4,-60
1756014681.6479447,-6,0,-52
1756014681.6859446,-1,0,-46
1756014681.7229445,-3,-4,-51
1756014681.7619443,-4,-2,-59
1756014681.7979443,-2,0,-44
1756014681.8349447,-8,-7,-55
1756014681.8729446,1,0,-55
1756014681.9109447,-4,0,-51
1756014681.9469447,-3,2,-45
1756014681.9849446,-6,0,-41
1756014682.0229447,4,-4,-50
1756014682.0619447,3,-7,-53
1756014682.0979445,2,-2,-45
1756014682.134945,-2,0,-52
1756014682.1729443,-6,-5,-67
1756014682.2119446,-7,-9,-58
1756014682.2479446,-2,0,-57
1756014682.2849443,0,3,-46
1756014682.3229446,2,0,-46
1756014682.3609445,3,0,-52
1756014682.3969443,-1,2,-51
1756014682.4349446,0,3,-56
1756014682.4729445,2,0,-43
1756014682.5119443,-3,1,-61
1756014682.5479443,-2,7,-63
1756014682.5849447,2,7,-49
1756014682.6229446,0,2,-56
1756014682.6609447,2,3,-49
1756014682.6969447,-2,4,-60
1756014682.733945,-7,-3,-48
1756014682.7729447,-2,0,-48
1756014682.8109446,-4,-7,-47
1756014682.8469446,-1,-5,-46
1756014682.884945,2,-3,-43
1756014682.9229443,0,1,-59
1756014682.9619446,-1,0,-52
1756014682.9979446,0,3,-43
1756014683.0349443,1,1,-42
1756014683.0729446,0,0,-49
1756014683.1109445,0,2,-50
1756014683.1469443,-1,1,-51
1756014683.1839447,-1,-2,-54
1756014683.2229445,-3,2,-54
1756014683.2589445,-4,0,-53
1756014683.2959447,0,1,-51
1756014683.3329446,3,2,-45
1756014683.3689446,1,1,-60
1756014683.4069445,1,-1,-48
1756014683.4459443,-2,3,-64
1756014683.4829447,1,1,-45
1756014683.5189445,-3,1,-42
1756014683.5569446,-2,0,-47
1756014683.5949447,0,-1,-51
1756014683.6329446,7,-1,-53
1756014683.6719446,1,0,-53
1756014683.7079446,0,-2,-57
1756014683.7449446,-6,-6,-58
1756014683.782945,-4,0,-61
1756014683.8219447,-3,3,-49
1756014683.8579447,1,3,-51
1756014683.8959446,4,1,-47
1756014683.9339447,-1,-3,-55
1756014683.9719446,-1,-2,-55
1756014684.0079446,0,3,-59
1756014684.0449443,0,8,-65
1756014684.0829446,0,6,-57
1756014684.1189446,1,5,-49
1756014684.1569445,-5,2,-58
1756014684.1959443,0,7,-59
1756014684.233945,-2,0,-48
1756014684.2719443,1,3,-39
1756014684.3079443,-1,-6,-46
1756014684.3459446,-1,-1,-44
1756014684.3839445,-2,-1,-47
1756014684.4229443,-1,0,-49
1756014684.4589446,-5,0,-39
1756014684.4959445,1,2,-44
1756014684.5339446,2,-3,-46
1756014684.5719447,0,-5,-56
1756014684.6079447,-5,-1,-49
1756014684.6459446,-2,3,-43
1756014684.6839447,-4,3,-47
1756014684.7229445,2,0,-56
1756014684.7589445,4,2,-50
1756014684.7969446,-6,3,-51
1756014684.8339446,-5,6,-51
1756014684.8729446,-1,7,-58
1756014684.9089446,-9,4,-62
1756014684.9469447,-5,-3,-52
1756014684.983945,-7,-4,-43
1756014685.0229447,2,-2,-43
1756014685.0589447,0,2,-54
1756014685.0969446,-3,4,-59
1756014685.1339445,1,6,-62
1756014685.1729443,5,5,-55
1756014685.2089446,4,5,-47
1756014685.2459445,0,-2,-44
1756014685.2839446,0,-1,-47
1756014685.3229446,4,-6,-58
1756014685.358945,-1,-2,-45
1756014685.3969443,1,-2,-36
1756014685.4349446,2,1,-46
1756014685.4729445,1,0,-58
1756014685.5089445,-1,0,-63
1756014685.5459447,1,-2,-55
1756014685.5849447,2,3,-62
1756014685.6229446,-2,-1,-59
1756014685.6589446,-2,3,-60
1756014685.6969447,4,2,-44
1756014685.7349446,0,5,-58
1756014685.7729447,5,4,-53
1756014685.8089447,0,-2,-64
1756014685.8469446,5,-2,-50
1756014685.884945,0,4,-52
1756014685.9229443,-5,-3,-42
1756014685.9589446,-2,0,-43
1756014685.9959445,0,1,-53
1756014686.0349443,-7,-1,-49
1756014686.0729446,-5,-7,-57
1756014686.108945,-4,-4,-50
1756014686.1469443,-1,6,-57
1756014686.1849446,2,-2,-60
1756014686.223945,5,7,-52
1756014686.259945,5,7,-52
1756014686.2969446,1,12,-48
1756014686.3349447,4,5,-47
1756014686.3729446,9,-4,-54
1756014686.4089446,5,-5,-62
1756014686.4469447,7,-6,-63
1756014686.4849446,4,-7,-57
1756014686.5209446,8,-1,-57
1756014686.5579443,-5,1,-46
1756014686.5969446,1,8,-51
1756014686.634945,-11,2,-52
1756014686.6709447,-6,-2,-51
1756014686.7099447,-8,-6,-58
1756014686.746945,-8,-3,-58
1756014686.7849443,-5,-4,-55
1756014686.8239446,-3,0,-59
1756014686.8599446,0,0,-55
1756014686.8969443,1,0,-41
1756014686.9349446,-11,0,-38
1756014686.9709446,-6,-2,-41
1756014687.009945,-7,-2,-48
1756014687.0469446,0,0,-51
1756014687.0849447,-3,-5,-50
1756014687.1209445,0,-5,-59
1756014687.1589446,1,1,-57
1756014687.1979446,-3,-1,-64
1756014687.2359445,0,-4,-45
1756014687.2739446,5,3,-52
1756014687.3099446,3,3,-47
1756014687.3479445,-8,3,-39
1756014687.3859446,-2,0,-55
1756014687.4239447,-2,-3,-53
1756014687.4599447,-2,-2,-39
1756014687.4979446,-3,3,-46
1756014687.5359447,10,-1,-49
1756014687.5749447,3,-8,-48
1756014687.6109445,0,-4,-49
1756014687.6479447,-1,-2,-51
1756014687.6859446,3,1,-54
1756014687.723945,1,0,-63
1756014687.759945,-3,1,-46
1756014687.7969446,1,-1,-32
1756014687.835945,7,2,-49
1756014687.8739443,2,9,-48
1756014687.9099443,11,10,-41
1756014687.9479446,-1,-5,-44
1756014687.9859445,2,0,-50
1756014688.0239446,-3,0,-45
1756014688.0599446,3,-1,-47
1756014688.0979445,5,-4,-53
1756014688.1359446,-2,-5,-56
1756014688.1719446,-2,-1,-73
1756014688.2099447,0,-2,-56
1756014688.2479446,-3,4,-61
1756014688.2859447,0,2,-59
1756014688.3219447,4,0,-59
1756014688.358945,-6,-1,-51
1756014688.3969443,-5,4,-50
1756014688.4359446,6,-1,-48
1756014688.4719446,2,0,-56
1756014688.5089445,-4,0,-54
1756014688.5469446,2,6,-58
1756014688.585945,0,7,-38
1756014688.621945,0,2,-52
1756014688.6589446,1,4,-53
1756014688.6959443,-3,-1,-43
1756014688.7349446,0,-7,-45
1756014688.7789447,-3,-5,-51
1756014688.8169446,2,-5,-56
1756014688.8559446,0,-5,-65
1756014688.8919446,-3,0,-57
1756014688.9299445,-11,-5,-55
1756014688.9679446,2,-3,-57
1756014689.006945,1,-5,-66
1756014689.0449443,5,3,-52
1756014689.0809443,0,0,-51
1756014689.1179447,-3,5,-46
1756014689.1569445,1,2,-51
1756014689.1949446,-1,1,-52
1756014689.2309446,-1,6,-49
1756014689.2689445,-1,3,-51
1756014689.3069446,-4,0,-50
1756014689.3459446,0,-1,-50
1756014689.381945,-1,-4,-61
1756014689.4199443,6,-2,-46
1756014689.4579446,-6,0,-52
1756014689.496945,3,-4,-43
1756014689.5349443,6,-13,-45
1756014689.5709443,-2,-2,-39
1756014689.608945,-1,-2,-54
1756014689.6469443,-9,-9,-53
1756014689.6859446,1,0,-58
1756014689.7219446,0,1,-54
1756014689.759945,-2,-3,-47
1756014689.7989447,4,-3,-42
1756014689.8369446,2,6,-50
1756014689.8729446,0,-3,-46
1756014689.9099443,0,0,-55
1756014689.9469447,0,-3,-55
1756014689.9859445,0,4,-59
1756014690.0219443,-3,-1,-62
1756014690.0599446,-3,-5,-53
1756014690.0979445,9,-8,-54
1756014690.1369443,4,1,-47
1756014690.1729443,0,-7,-51
1756014690.2099447,0,-2,-60
1756014690.2489443,1,2,-51
1756014690.2869446,10,2,-52
1756014690.3229446,0,-1,-53
1756014690.3599446,-6,2,-58
1756014690.3979447,-9,0,-45
1756014690.4369447,-6,5,-54
1756014690.4729445,5,4,-51
1756014690.509945,8,3,-57
1756014690.5479443,9,-6,-47
1756014690.585945,2,-4,-57
1756014690.621945,2,-1,-62
1756014690.6599443,1,-1,-45
1756014690.6979446,-3,0,-51
1756014690.736945,-3,0,-38
1756014690.7729447,5,-6,-46
1756014690.8099446,1,-7,-43
1756014690.8479445,1,5,-46
1756014690.8869443,3,-4,-44
1756014690.9229443,0,-1,-48
1756014690.960945,-8,-1,-56
1756014690.9989443,-7,-1,-46
1756014691.0379446,-6,-7,-46
1756014691.075945,-14,-7,-53
1756014691.111945,-7,-2,-64
1756014691.1499443,-4,0,-58
1756014691.187945,0,-5,-51
1756014691.2269447,-4,0,-48
1756014691.2629447,-5,-4,-54
1756014691.3009446,-3,-4,-46
1756014691.338945,-3,-5,-53
1756014691.3779447,-6,5,-61
1756014691.4159446,-1,3,-51
1756014691.4519446,-8,1,-51
1756014691.4889443,-5,-6,-54
1756014691.5279446,3,-8,-54
1756014691.5639446,-3,3,-63
1756014691.6019447,-2,4,-62
1756014691.6399446,-2,4,-68
1756014691.677945,-4,3,-56
1756014691.7169447,0,3,-51
1756014691.7529447,1,-1,-57
1756014691.7899446,-3,-1,-57
1756014691.8279445,-6,-4,-54
1756014691.8669446,-5,-7,-53
1756014691.9029446,0,-6,-52
1756014691.9399445,1,-6,-61
1756014691.9789443,-4,2,-57
1756014692.0169446,0,0,-48
1756014692.052945,1,-1,-59
1756014692.0899446,5,6,-70
1756014692.1289446,-1,2,-58
1756014692.1669445,-3,-1,-43
1756014692.2029445,-7,-4,-56
1756014692.2409446,-6,6,-47
1756014692.2789447,1,-3,-46
1756014692.3179443,1,-2,-57
1756014692.3539443,-1,1,-62
1756014692.3919446,0,4,-55
1756014692.4289446,6,2,-56
1756014692.4669447,-1,-1,-58
1756014692.5029447,0,0,-58
1756014692.5399446,4,1,-53
1756014692.5789447,0,-2,-53
1756014692.6169446,-1,-9,-62
1756014692.6529446,5,-2,-48
1756014692.6899445,3,-4,-53
1756014692.7289443,1,-4,-50
1756014692.7669446,1,0,-52
1756014692.802945,4,-1,-47
1756014692.8399446,4,-4,-38
1756014692.8789446,9,0,-48
1756014692.9169445,1,7,-55
1756014692.9529445,0,5,-55
1756014692.9899447,2,5,-69
1756014693.0289447,-8,0,-58
1756014693.0669446,-3,5,-45
1756014693.1029446,2,-2,-68
1756014693.1399446,-6,0,-56
1756014693.1789446,-5,-5,-50
1756014693.2149446,-3,-4,-59
1756014693.2539446,0,-7,-47
1756014693.2909446,0,0,-51
1756014693.3289447,-3,-8,-40
1756014693.3649447,1,-8,-47
1756014693.4029446,3,1,-58
1756014693.440945,-1,-1,-60
1756014693.4789443,2,-5,-53
1756014693.5179446,-6,-7,-56
1756014693.5539446,-3,-6,-50
1756014693.5919447,0,-5,-58
1756014693.6299446,-6,-5,-60
1756014693.6689446,-3,-3,-57
1756014693.7049446,-6,-1,-53
1756014693.7429447,0,-1,-51
1756014693.7809446,0,-2,-49
1756014693.8199446,2,7,-52
1756014693.8579447,8,-2,-57
1756014693.8939445,4,-2,-47
1756014693.9309447,-2,-1,-47
1756014693.9699447,-3,-1,-48
1756014694.0079446,-3,-1,-42
1756014694.0439446,-2,-3,-51
1756014694.0819447,-5,1,-49
1756014694.1209445,-7,0,-53
1756014694.1589446,-2,3,-61
1756014694.1949446,-2,2,-59
1756014694.2319446,1,-1,-52
1756014694.269945,-7,0,-53
1756014694.3089447,0,-5,-47
1756014694.3449447,0,-1,-56
1756014694.381945,-1,-4,-63
1756014694.4209447,3,-3,-57
1756014694.4589446,2,-5,-52
1756014694.4949446,0,-4,-60
1756014694.5319445,3,-5,-59
1756014694.5709443,0,3,-56
1756014694.608945,1,4,-59
1756014694.644945,5,2,-65
1756014694.6829443,-1,0,-52
1756014694.7209446,4,0,-58
1756014694.7589445,2,0,-62
1756014694.7959447,3,0,-62
1756014694.8329446,1,5,-50
1756014694.8709445,1,2,-47
1756014694.9089446,-4,0,-46
1756014694.9449446,3,-2,-58
1756014694.9819446,1,-4,-45
1756014695.019945,-1,3,-42
1756014695.0589447,-10,2,-54
1756014695.0949447,-3,1,-59
1756014695.1339445,-6,-1,-58
1756014695.1709447,-3,-3,-52
1756014695.2099447,2,3,-56
1756014695.2459445,3,0,-49
1756014695.2839446,0,1,-49
1756014695.3209443,3,-4,-51
1756014695.3599446,2,1,-38
1756014695.3959446,4,0,-42
1756014695.4329443,0,-3,-50
1756014695.4709446,4,0,-45
1756014695.5089445,9,6,-43
1756014695.5449443,-1,0,-52
1756014695.5829446,1,1,-47
1756014695.6209445,8,-2,-43
1756014695.6589446,5,-2,-48
1756014695.6949446,3,-3,-45
1756014695.7329447,4,-5,-55
1756014695.7709446,0,3,-52
1756014695.8089447,3,0,-51
1756014695.8449447,3,-2,-55
1756014695.8829446,2,-5,-54
1756014695.9219446,0,1,-58
1756014695.9599447,-2,0,-55
1756014695.9959445,-8,1,-54
1756014696.032945,0,-2,-53
1756014696.0709443,-3,2,-57
1756014696.1099446,-1,4,-52
1756014696.1459446,0,3,-51
1756014696.1829443,-2,-4,-50
1756014696.2209446,-5,-2,-43
1756014696.259945,-2,-1,-47
1756014696.2959447,3,-8,-51
1756014696.3329446,3,-3,-58
1756014696.371945,1,-7,-52
1756014696.4099443,0,-1,-63
1756014696.4459443,5,-1,-62
1756014696.4829447,0,0,-55
1756014696.5209446,1,-1,-51
1756014696.5569446,-2,2,-54
1756014696.5939443,0,-5,-60
1756014696.631945,-3,-8,-61
1756014696.6709447,-3,-16,-55
1756014696.7069447,6,-3,-47
1756014696.7439446,0,-6,-45
1756014696.7819445,2,-1,-50
1756014696.8209443,4,-10,-48
1756014696.8569446,-3,0,-47
1756014696.8939445,0,5,-55
1756014696.9309447,-4,0,-47
1756014696.9699447,-2,2,-59
1756014697.0059447,-1,1,-44
1756014697.0439446,-1,3,-47
1756014697.0809443,-9,8,-61
1756014697.1199446,0,2,-56
1756014697.1559446,8,6,-53
1756014697.1929443,5,12,-48
1756014697.2319446,6,-3,-51
1756014697.269945,0,-4,-44
1756014697.3059447,0,2,-55
1756014697.3429446,-9,5,-67
1756014697.381945,-3,4,-54
1756014697.4199443,-3,2,-54
1756014697.4559443,-1,-6,-56
1756014697.4939446,-2,0,-47
1756014697.5319445,6,4,-47
1756014697.5699446,3,3,-48
1756014697.6059446,-1,6,-52
1756014697.6439445,-3,5,-48
1756014697.6819446,0,6,-50
1756014697.7199447,-1,-3,-54
1756014697.7559447,5,-9,-50
1756014697.792945,1,0,-52
1756014697.8319447,4,0,-64
1756014697.8699446,1,9,-54
1756014697.9059446,0,1,-55
1756014697.9429443,1,2,-50
1756014697.9809446,2,0,-44
1756014698.0169446,-1,-1,-55
1756014698.0549445,5,1,-57
1756014698.0929446,-1,0,-54
1756014698.131945,6,-1,-55
1756014698.167945,1,4,-55
1756014698.2059443,-1,-3,-51
1756014698.2439446,6,-5,-59
1756014698.2819445,3,-1,-57
1756014698.3209443,1,0,-46
1756014698.3569446,-3,3,-47
1756014698.394945,-8,-4,-56
1756014698.4329443,-6,-4,-49
1756014698.4719446,-4,1,-62
1756014698.5079446,-3,0,-46
1756014698.5449443,2,-4,-50
1756014698.5829446,2,-1,-49
1756014698.621945,-1,4,-47
1756014698.657945,0,0,-62
1756014698.6949446,-1,-1,-58
1756014698.7329447,0,0,-57
1756014698.7719443,8,-7,-51
1756014698.815945,7,3,-60
1756014698.8539443,-2,2,-58
1756014698.8929446,8,5,-49
1756014698.9309447,-2,-3,-46
1756014698.9669447,-7,-1,-42
1756014699.0049446,-3,-9,-46
1756014699.042945,-7,-5,-49
1756014699.0819447,-3,-2,-52
1756014699.1179447,-1,-1,-53
1756014699.1559446,-2,2,-41
1756014699.1949446,-3,4,-46
1756014699.2329447,3,-2,-51
1756014699.2709446,5,-2,-51
1756014699.3069446,9,-1,-45
1756014699.3449447,-2,0,-47
1756014699.3829446,-5,-7,-52
1756014699.4219446,4,0,-56
1756014699.4579446,-4,-1,-56
1756014699.4959445,-2,-5,-54
1756014699.5339446,0,0,-56
1756014699.5719447,-3,0,-44
1756014699.6109445,-3,6,-51
1756014699.6469443,-1,3,-53
1756014699.6839447,0,6,-54
1756014699.7219446,8,5,-53
1756014699.7579446,2,-2,-54
1756014699.7949443,9,5,-46
1756014699.8329446,-1,5,-43
1756014699.871945,2,2,-52
1756014699.907945,9,4,-52
1756014699.9449446,1,1,-48
1756014699.9829447,3,0,-47
1756014700.0219443,0,3,-55
1756014700.0579443,-4,1,-63
1756014700.0949447,-2,-3,-52
1756014700.1329446,0,2,-53
1756014700.1689446,1,0,-62
1756014700.2059443,1,-5,-62
1756014700.2449446,-2,0,-53
1756014700.282945,0,-2,-63
1756014700.3189447,0,4,-56
1756014700.3559446,-4,0,-55
1756014700.3939445,-3,-2,-52
1756014700.4329443,-3,-3,-61
1756014700.4689443,4,-4,-58
1756014700.5059447,1,-8,-56
1756014700.5449443,1,-4,-55
1756014700.5829446,-1,-1,-56
1756014700.6189446,2,-2,-51
1756014700.6559446,-3,0,-60
1756014700.6939447,-4,-4,-51
1756014700.7329447,-6,-6,-42
1756014700.7689445,5,2,-44
1756014700.8059447,-3,-3,-59
1756014700.8449447,2,2,-50
1756014700.8829446,-6,0,-46
1756014700.9189446,-5,0,-36
1756014700.9569447,1,-2,-46
1756014700.9949446,1,-2,-44
1756014701.0339446,3,0,-44
1756014701.0719447,-2,3,-65
1756014701.1079447,-8,-1,-70
1756014701.1459446,0,2,-48
1756014701.1839447,0,4,-44
1756014701.2229445,-2,3,-38
1756014701.2589445,-3,3,-45
1756014701.2969446,-5,2,-65
1756014701.3349447,-3,8,-51
1756014701.3739443,-4,5,-58
1756014701.4119446,3,2,-50
1756014701.4479446,5,0,-46
1756014701.4849446,3,-7,-45
1756014701.5239446,1,-1,-46
1756014701.5599446,-4,1,-42
1756014701.598945,-4,1,-54
1756014701.6369443,-2,0,-47
1756014701.6739447,4,0,-51
1756014701.7099447,0,7,-51
1756014701.746945,-4,0,-54
1756014701.7849443,1,-2,-54
1756014701.8239446,5,-1,-49
1756014701.8599446,9,-7,-56
1756014701.8969443,4,0,-64
1756014701.9339447,3,0,-52
1756014701.9729445,0,0,-47
1756014702.0089445,5,0,-43
1756014702.0459447,0,-1,-49
1756014702.0839446,4,-2,-59
1756014702.1229446,-5,9,-43
1756014702.1589446,0,5,-42
1756014702.1959443,-2,0,-58
1756014702.2349446,-3,5,-44
1756014702.2729447,1,-2,-50
1756014702.3089447,-3,-6,-52
1756014702.3469446,0,0,-56
1756014702.384945,-5,-7,-50
1756014702.4229443,-11,3,-47
1756014702.4589446,-5,6,-49
1756014702.4959445,4,-9,-47
1756014702.5349443,1,-1,-49
1756014702.5729446,0,4,-44
1756014702.608945,-7,-3,-45
1756014702.6469443,-6,-2,-54
1756014702.6849446,0,0,-50
1756014702.7229445,3,0,-58
1756014702.7589445,5,-3,-60
1756014702.7959447,4,-4,-61
1756014702.8349447,-4,-4,-54
1756014702.8729446,-5,-2,-45
1756014702.9089446,1,-2,-53
1756014702.9459443,3,-10,-56
1756014702.9849446,0,0,-55
1756014703.0229447,-2,-3,-49
1756014703.0589447,4,-7,-48
1756014703.0969446,-1,-1,-58
1756014703.134945,0,0,-59
1756014703.1739447,0,-2,-54
1756014703.2099447,0,3,-53
1756014703.2479446,-4,-1,-58
1756014703.2869446,1,-1,-39
1756014703.3249447,0,-7,-40
1756014703.3609445,5,-6,-54
1756014703.3979447,-5,0,-61
1756014703.4359446,0,-7,-64
1756014703.4749446,-4,6,-51
1756014703.5109446,-6,5,-54
1756014703.5479443,-12,2,-42
1756014703.585945,-6,-4,-33
1756014703.6249447,3,-2,-45
1756014703.6609447,9,0,-56
1756014703.6979446,4,0,-55
1756014703.7349446,-1,-9,-48
1756014703.7739446,4,-1,-62
1756014703.8099446,-2,-3,-56
1756014703.8479445,0,-3,-53
1756014703.8869443,0,-1,-54
1756014703.9249446,2,-4,-61
1756014703.960945,4,-7,-62
1756014703.9979446,1,-5,-51
1756014704.0359447,-5,1,-47
1756014704.0749447,-4,1,-36
1756014704.1109445,-5,-5,-47
1756014704.1489446,-4,0,-46
1756014704.1869447,0,2,-60
1756014704.2249446,8,4,-59
1756014704.2609446,0,3,-61
1756014704.2979443,-4,-1,-61
1756014704.335945,0,0,-57
1756014704.3749447,-6,0,-61
1756014704.4109447,-8,-4,-52
1756014704.4499447,0,0,-57
1756014704.486945,3,0,-55
1756014704.5249443,-3,-1,-49
1756014704.5609446,-1,-9,-53
1756014704.5999446,3,-3,-57
1756014704.6369443,-3,1,-57
1756014704.6759446,2,5,-60
1756014704.713945,0,-3,-63
1756014704.7499447,0,-5,-68
1756014704.7869446,1,-1,-60
1756014704.825945,0,7,-61
1756014704.8639443,-7,6,-49
1756014704.8999443,1,1,-46
1756014704.9369447,0,-5,-56
1756014704.9759445,-3,-2,-59
1756014705.0129447,-5,3,-50
1756014705.0499446,-2,1,-55
1756014705.0879445,1,6,-48
1756014705.1259446,-3,1,-50
1756014705.1629446,-6,-4,-50
1756014705.1999447,0,-5,-54
1756014705.2379446,-6,0,-49
1756014705.2759447,-9,0,-56
1756014705.3149445,-1,0,-60
1756014705.3509445,-6,6,-51
1756014705.3879447,-5,2,-44
1756014705.4259446,4,-4,-57
1756014705.4649446,2,0,-60
1756014705.5009446,0,4,-59
1756014705.5379446,-1,1,-55
1756014705.5769446,7,-4,-47
1756014705.6149447,-2,-2,-48
1756014705.6509447,0,0,-45
1756014705.687945,8,0,-58
1756014705.7259445,6,0,-69
1756014705.7629447,2,-1,-48
1756014705.7999446,1,1,-48
1756014705.8369446,-1,-2,-55
1756014705.8759446,2,-6,-56
1756014705.9129446,0,0,-56
1756014705.9499447,2,0,-50
1756014705.986945,2,1,-54
1756014706.0249443,4,-4,-44
1756014706.0609446,0,-3,-50
1756014706.098945,-2,-5,-39
1756014706.1369443,1,-3,-45
1756014706.1759446,0,-4,-53
1756014706.2119446,-1,1,-55
1756014706.2499447,4,0,-50
1756014706.2879446,-2,0,-43
1756014706.3269446,-6,1,-52
1756014706.3649447,0,-6,-45
1756014706.4009447,4,0,-49
1756014706.437945,-6,-3,-53
1756014706.4769447,3,-1,-43
1756014706.5129447,-7,-7,-49
1756014706.5509446,-6,-4,-51
1756014706.588945,-2,-2,-58
1756014706.6269443,0,1,-59
1756014706.6659446,-7,-3,-53
1756014706.7019446,-5,-1,-56
1756014706.7409446,0,4,-39
1756014706.7779446,-1,1,-38
1756014706.8169446,2,-4,-45
1756014706.8529446,0,-3,-46
1756014706.8909447,0,0,-51
1756014706.927945,-4,0,-44
1756014706.9669447,-8,-3,-52
1756014707.0029447,-5,-2,-53
1756014707.0409446,-8,0,-48
1756014707.0799446,3,1,-47
1756014707.1169446,-4,1,-58
1756014707.1559446,8,0,-49
1756014707.1919446,9,1,-54
1756014707.2289443,1,0,-42
1756014707.2679446,0,-8,-51
1756014707.3059447,-6,-6,-43
1756014707.3419447,-12,0,-44
1756014707.3799446,0,-3,-62
1756014707.417945,-4,1,-52
1756014707.4569447,0,8,-61
1756014707.4929447,4,6,-54
1756014707.529945,1,-4,-62
1756014707.5679443,-5,-7,-60
1756014707.6069446,0,1,-51
1756014707.6429446,0,1,-48
1756014707.6799445,-4,4,-51
1756014707.7179446,4,3,-57
1756014707.756945,-2,-2,-52
1756014707.792945,-4,0,-63
1756014707.8299446,-1,6,-46
1756014707.8679447,0,5,-51
1756014707.9069445,8,8,-44
1756014707.9429443,6,7,-51
1756014707.9799447,7,0,-58
1756014708.0179446,-7,-4,-54
1756014708.0559447,-4,-2,-47
1756014708.0919447,-2,1,-51
1756014708.1289446,-3,0,-46
1756014708.167945,4,0,-51
1756014708.2039447,-1,-2,-47
1756014708.2419446,-4,3,-55
1756014708.279945,-4,0,-47
1756014708.3179443,-3,-1,-58
1756014708.3569446,8,1,-56
1756014708.3929446,2,1,-55
1756014708.4299445,1,-3,-36
1756014708.4679446,-2,-4,-38
1756014708.506945,-4,-4,-39
1756014708.542945,-1,2,-52
1756014708.5799446,-4,0,-45
1756014708.6179447,-5,-4,-55
1756014708.6569445,-7,2,-51
1756014708.6929443,-4,4,-42
1756014708.7299447,-2,-5,-47
1756014708.7689445,9,-4,-48
1756014708.8069446,1,-1,-53
1756014708.8509445,-2,0,-46
1756014708.8889446,3,0,-52
1756014708.9269447,1,0,-57
1756014708.9629445,0,-8,-61
1756014708.9999447,0,-9,-58
1756014709.0389447,1,-4,-49
1756014709.0769446,0,-2,-50
1756014709.1129446,0,0,-48
1756014709.1499443,0,5,-49
1756014709.187945,-1,0,-55
1756014709.223945,2,0,-56
1756014709.2609446,0,0,-60
1756014709.2989447,3,3,-59
1756014709.3369446,0,5,-66
1756014709.3729446,-2,5,-69
1756014709.4109447,-1,5,-56
1756014709.4499447,0,1,-49
1756014709.4879446,-6,1,-49
1756014709.5239446,-6,-2,-54
1756014709.562945,3,0,-56
1756014709.5999446,1,7,-53
1756014709.6379447,0,4,-51
1756014709.6739447,-2,4,-58
1756014709.710945,0,7,-50
1756014709.7489443,-2,6,-54
1756014709.7849443,1,2,-57
1756014709.8229446,-4,3,-57
1756014709.8609445,-5,-5,-64
1756014709.8999443,-7,-1,-47
1756014709.937945,-4,3,-49
1756014709.973945,0,-1,-53
1756014710.0109446,-2,1,-60
1756014710.0499446,3,3,-50
1756014710.0879445,1,0,-40
1756014710.1239443,-2,-2,-60
1756014710.1629446,-6,1,-56
1756014710.1999447,-3,-5,-37
1756014710.2389443,4,-2,-51
1756014710.2749443,1,1,-54
1756014710.312945,0,1,-47
1756014710.3499446,3,-3,-42
1756014710.3889446,4,-2,-50
1756014710.4249446,9,-6,-57
1756014710.4629445,4,5,-54
1756014710.5009446,-2,3,-48
1756014710.5399446,-1,0,-43
1756014710.5779445,1,5,-52
1756014710.6139443,5,2,-50
1756014710.6509447,6,3,-48
1756014710.6889446,0,-5,-56
1756014710.7249446,-1,3,-65
1756014710.7629447,-5,1,-64
1756014710.7999446,1,3,-56
1756014710.8379445,1,2,-59
1756014710.8739443,3,-1,-48
1756014710.9109447,-7,-3,-41
1756014710.9499447,-2,-1,-40
1756014710.9879446,-4,6,-44
1756014711.0239446,5,0,-55
1756014711.0609446,-3,3,-61
1756014711.0999446,5,10,-53
1756014711.1379447,-2,3,-53
1756014711.1739447,2,-1,-58
1756014711.210945,0,3,-51
1756014711.2499447,0,2,-65
1756014711.2879446,6,1,-60
1756014711.3239446,0,-4,-51
1756014711.3609445,0,0,-49
1756014711.3989446,-1,1,-59
1756014711.4349446,-6,5,-47
1756014711.4729445,0,8,-47
1756014711.5109446,0,-2,-39
1756014711.5499446,5,-1,-51
1756014711.585945,0,2,-50
1756014711.6239443,3,5,-54
1756014711.6609447,4,2,-46
1756014711.6999447,3,0,-62
1756014711.7359445,0,-3,-65
1756014711.7739446,-2,-6,-58
1756014711.8109446,-2,-4,-56
1756014711.8499446,4,5,-57
1756014711.8859446,2,2,-49
1756014711.9229443,-5,-1,-42
1756014711.960945,0,-5,-61
1756014711.9999447,-1,0,-64
1756014712.0359447,2,2,-52
1756014712.0729446,5,-7,-65
1756014712.111945,1,-3,-67
1756014712.1499443,3,0,-57
1756014712.1859446,-1,-3,-54
1756014712.223945,-7,-2,-62
1756014712.2629447,-8,2,-43
1756014712.3009446,-3,1,-44
1756014712.338945,1,-5,-54
1756014712.3749447,-2,-4,-45
1756014712.4129446,0,1,-52
1756014712.450945,-4,3,-63
1756014712.4899447,0,0,-58
1756014712.5259447,0,1,-59
1756014712.5639446,0,6,-47
1756014712.6009445,4,0,-60
1756014712.6389446,1,-2,-62
1756014712.6749446,1,4,-52
1756014712.7129445,-13,2,-57
1756014712.7509446,-4,2,-58
1756014712.7889447,0,1,-54
1756014712.8249447,0,2,-63
1756014712.8629446,-4,2,-37
1756014712.9009447,-1,9,-44
1756014712.9389446,7,3,-48
1756014712.9749446,12,0,-53
1756014713.0129447,5,1,-61
1756014713.0509446,5,-1,-48
1756014713.0869446,2,-2,-50
1756014713.1249447,0,-2,-51
1756014713.1629446,-5,-4,-50
1756014713.200945,-2,0,-53
1756014713.2399447,-1,-4,-47
1756014713.2759447,-4,-2,-50
1756014713.3139446,-6,1,-60
1756014713.3529446,-6,4,-54
1756014713.3909447,-4,0,-43
1756014713.4269447,-3,0,-43
1756014713.4649446,-3,-3,-45
1756014713.5029447,4,5,-42
1756014713.5409446,3,5,-46
1756014713.5769446,0,-1,-47
1756014713.6149447,4,0,-53
1756014713.6539447,4,2,-49
1756014713.690945,1,2,-52
1756014713.7269447,2,4,-51
1756014713.7649446,1,-1,-41
1756014713.802945,2,-3,-51
1756014713.8419447,4,-5,-48
1756014713.8799446,-2,1,-49
1756014713.9159446,2,0,-57
1756014713.9539447,-2,1,-51
1756014713.9919446,-7,0,-49
1756014714.029945,4,2,-50
1756014714.065945,0,4,-54
1756014714.1029446,4,0,-54
1756014714.1419446,-2,-3,-52
1756014714.1799445,4,-1,-62
1756014714.2159443,4,2,-52
1756014714.2539446,-10,1,-43
1756014714.2919445,-2,1,-42
1756014714.3299446,-1,-1,-57
1756014714.3659446,-1,0,-60
1756014714.4029446,6,6,-56
1756014714.4419446,0,2,-52
1756014714.4799447,1,4,-56
1756014714.5159447,0,-1,-52
1756014714.552945,0,-1,-51
1756014714.5919447,-1,-3,-48
1756014714.6299446,-2,1,-52
1756014714.6659446,-4,0,-46
1756014714.7029445,-1,2,-41
1756014714.7419446,3,-1,-47
1756014714.7779446,3,-5,-37
1756014714.8149445,-5,-6,-47
1756014714.8529446,-8,-5,-44
1756014714.8919446,-4,1,-49
1756014714.927945,-2,-3,-51
1756014714.9659443,1,-1,-42
1756014715.0039446,0,3,-50
1756014715.0419445,5,1,-47
1756014715.0779445,2,0,-52
1756014715.1149447,0,1,-54
1756014715.1519446,-3,0,-55
1756014715.190945,0,0,-48
1756014715.2269447,0,-1,-58
1756014715.2649446,0,1,-49
1756014715.3019447,-4,-5,-50
1756014715.3409443,-9,-4,-61
1756014715.3769443,-4,-6,-61
1756014715.4149446,3,2,-51
1756014715.4529445,0,-2,-55
1756014715.4909446,-4,-2,-44
1756014715.5269446,-4,-3,-53
1756014715.5649445,4,0,-39
1756014715.6029446,0,2,-41
1756014715.6409447,-3,2,-44
1756014715.6769447,3,0,-55
1756014715.7149446,2,1,-55
1756014715.7529447,-2,4,-60
1756014715.7909446,-2,7,-56
1756014715.8269446,-5,5,-56
1756014715.8649447,1,0,-54
1756014715.9029446,2,-3,-51
1756014715.940945,1,-1,-45
1756014715.9769447,-1,9,-57
1756014716.0149446,4,4,-50
1756014716.052945,2,0,-46
1756014716.0909443,1,-3,-59
1756014716.1269443,5,0,-59
1756014716.1649446,-9,1,-49
1756014716.2029445,-7,-1,-53
1756014716.2419446,0,0,-54
1756014716.2779446,3,1,-54
1756014716.3149445,6,2,-51
1756014716.3529446,2,0,-57
1756014716.3909447,-6,0,-57
1756014716.4269447,-4,1,-54
1756014716.4649446,-2,-1,-59
1756014716.5039446,3,1,-51
1756014716.5419445,0,0,-52
1756014716.5779445,1,-1,-56
1756014716.6149447,-10,-6,-64
1756014716.6529446,-2,-6,-61
1756014716.6919446,-1,-16,-60
1756014716.7279446,-1,-7,-64
1756014716.7669446,-7,0,-60
1756014716.8039446,-2,-10,-47
1756014716.8429446,-4,-2,-39
1756014716.8789446,-7,3,-42
1756014716.9169445,-4,-1,-41
1756014716.9549446,-4,-4,-53
1756014716.9929447,-1,-3,-46
1756014717.0319445,1,0,-50
1756014717.0679443,7,5,-45
1756014717.1049447,1,-2,-53
1756014717.1439445,0,-7,-49
1756014717.1819446,-5,-3,-46
1756014717.2179446,-6,0,-50
1756014717.2549446,3,6,-55
1756014717.292945,1,4,-56
1756014717.3289447,-4,0,-50
1756014717.3669446,-5,-5,-54
1756014717.404945,11,-3,-45
1756014717.4439447,3,0,-49
1756014717.4819446,-1,5,-40
1756014717.5179446,0,2,-47
1756014717.5549445,2,-4,-44
1756014717.5939443,4,-3,-58
1756014717.631945,4,0,-48
1756014717.667945,3,0,-58
1756014717.7049446,-2,0,-58
1756014717.7439446,-3,-3,-50
1756014717.7819445,-4,0,-46
1756014717.8179443,-2,4,-45
1756014717.8559446,6,7,-49
1756014717.8939445,5,4,-40
1756014717.9319446,-4,4,-55
1756014717.9679446,1,0,-56
1756014718.0049446,0,0,-49
1756014718.042945,1,1,-62
1756014718.0789447,4,7,-55
1756014718.1159446,5,0,-59
1756014718.1539447,3,4,-60
1756014718.1899445,-1,0,-61
1756014718.2269447,-4,-1,-56
1756014718.2649446,-1,-2,-61
1756014718.3039446,-2,-4,-59
1756014718.3399446,-6,0,-56
1756014718.3769443,3,0,-50
1756014718.4149446,-6,0,-60
1756014718.4539447,-3,3,-43
1756014718.4899447,-2,3,-35
1756014718.5269446,-5,0,-48
1756014718.5649445,-1,0,-52
1756014718.6039443,-2,2,-48
1756014718.6399446,-7,-3,-45
1756014718.677945,-1,-5,-51
1756014718.7159443,0,-2,-55
1756014718.7549446,-3,2,-54
1756014718.792945,0,6,-62
1756014718.8289447,0,4,-54
1756014718.8749447,6,-2,-52
1756014718.9129446,-2,3,-50
1756014718.9489446,-3,-3,-47
1756014718.986945,-4,-4,-53
1756014719.0249443,1,-4,-56
1756014719.0639446,8,-1,-44
1756014719.0999446,5,-1,-37
1756014719.1369443,8,1,-39
1756014719.1749446,1,-2,-50
1756014719.2129445,9,-8,-47
1756014719.2489443,2,-5,-53
1756014719.2859447,5,0,-43
1756014719.3239446,-1,6,-47
1756014719.3599446,2,1,-51
1756014719.3979447,2,-5,-38
1756014719.4359446,2,-8,-62
1756014719.4749446,-7,-1,-53
1756014719.5129447,0,-2,-45
1756014719.5489447,0,2,-51
1756014719.585945,-3,-10,-54
1756014719.6249447,0,-1,-59
1756014719.6629446,-5,1,-45
1756014719.6989446,-1,0,-57
1756014719.7359445,4,-5,-55
1756014719.7749443,-4,-1,-60
1756014719.8109446,-14,-2,-52
1756014719.8499446,-5,0,-48
1756014719.8869443,-10,-5,-51
1756014719.9249446,-5,2,-47
1756014719.963945,-2,-4,-48
1756014719.9999447,1,1,-54
1756014720.0369446,6,2,-50
1756014720.0749447,0,0,-45
1756014720.1109445,-3,1,-54
1756014720.1479447,5,0,-60
1756014720.1849446,0,2,-51
1756014720.223945,-2,1,-50
1756014720.259945,0,0,-49
1756014720.2979443,-3,3,-51
1756014720.3369446,0,-5,-53
1756014720.3749447,4,-3,-41
1756014720.4109447,0,-2,-50
1756014720.4479446,-1,1,-46
1756014720.486945,-6,-2,-50
1756014720.5249443,-3,-1,-61
1756014720.5609446,1,-8,-62
1756014720.5979445,-1,-1,-68
1756014720.6359446,2,-3,-53
1756014720.6749446,-3,5,-45
1756014720.710945,0,9,-46
1756014720.7479446,1,5,-49
1756014720.7859447,-2,1,-53
1756014720.8239446,3,1,-52
1756014720.8599446,0,0,-44
1756014720.8979447,1,-1,-49
1756014720.9359446,-2,3,-57
1756014720.9749446,-1,0,-59
1756014721.0109446,6,-3,-57
1756014721.0479443,-4,-2,-57
1756014721.085945,-3,-2,-53
1756014721.1249447,1,1,-51
1756014721.1609447,7,0,-54
1756014721.1979446,3,-5,-58
1756014721.236945,-4,2,-50
1756014721.2749443,0,-2,-54
1756014721.3109446,4,-3,-54
1756014721.3479445,-2,-8,-47
1756014721.3869443,-3,-5,-53
1756014721.4249446,-3,0,-58
1756014721.460945,-5,-4,-54
1756014721.4989443,-6,-4,-46
1756014721.5369446,-3,-7,-52
1756014721.575945,-6,-4,-48
1756014721.611945,0,2,-35
1756014721.6489446,0,6,-47
1756014721.6869447,5,-3,-47
1756014721.7249446,4,-1,-55
1756014721.7609446,8,-2,-53
1756014721.7989447,-1,-3,-51
1756014721.8369446,0,3,-44
1756014721.8759446,2,0,-55
1756014721.9119446,-3,-2,-58
1756014721.9499447,-3,1,-58
1756014721.9879446,7,-4,-47
1756014722.0259447,5,-1,-55
1756014722.0649445,0,5,-46
1756014722.1009445,-2,0,-58
1756014722.1399446,-4,0,-51
1756014722.1769447,-9,8,-56
1756014722.2159443,-9,0,-46
1756014722.2519443,-5,-4,-52
1756014722.2899446,-3,-1,-53
1756014722.3279445,0,-5,-61
1756014722.3669446,5,1,-45
1756014722.404945,2,0,-51
1756014722.440945,-3,2,-47
1756014722.4789443,2,2,-59
1756014722.5169446,7,-3,-59
1756014722.5549445,1,0,-55
1756014722.5909443,0,-2,-51
1756014722.6289446,2,0,-59
1756014722.6669445,-3,-3,-60
1756014722.7049446,-2,-1,-61
1756014722.7409446,3,-7,-51
1756014722.7779446,3,2,-48
1756014722.8169446,2,0,-51
1756014722.8549447,0,5,-68
1756014722.8909447,6,0,-65
1756014722.927945,4,-1,-54
1756014722.9669447,3,-2,-64
1756014723.0049446,0,2,-47
1756014723.0409446,0,0,-42
1756014723.0779445,2,-1,-50
1756014723.1169446,5,-1,-58
1756014723.1529446,3,-1,-53
1756014723.1899445,2,-1,-45
1756014723.2279446,6,1,-53
1756014723.2659447,6,2,-47
1756014723.302945,3,1,-50
1756014723.3399446,-2,2,-44
1756014723.3779447,1,-9,-43
1756014723.4169445,4,-5,-49
1756014723.4529445,1,-2,-58
1756014723.4899447,0,3,-62
1756014723.5269446,-4,0,-54
1756014723.565945,-9,2,-47
1756014723.6019447,-4,3,-54
1756014723.6399446,-2,3,-58
1756014723.677945,2,3,-56
1756014723.7159443,2,8,-59
1756014723.7519443,2,1,-51
1756014723.7889447,0,2,-48
1756014723.8269446,0,-4,-43
1756014723.8629446,-3,-6,-46
1756014723.9009447,-1,-4,-52
1756014723.9389446,1,4,-55
1756014723.9769447,0,0,-53
1756014724.0129447,-1,-7,-47
1756014724.0509446,-3,-6,-48
1756014724.088945,6,-4,-42
1756014724.1279447,6,-2,-45
1756014724.1659446,3,-4,-43
1756014724.2019446,0,3,-57
1756014724.2389443,3,0,-49
1756014724.2769446,-2,0,-59
1756014724.312945,-7,-1,-64
1756014724.3509445,-5,-4,-53
1756014724.3889446,-5,0,-52
1756014724.427945,0,1,-57
1756014724.4659443,0,-1,-57
1756014724.5019443,2,-5,-55
1756014724.5389447,3,-6,-50
1756014724.5779445,-3,-2,-58
1756014724.6159446,-7,-4,-60
1756014724.6519446,-7,-4,-63
1756014724.6899445,0,-1,-54
1756014724.7279446,-8,1,-43
1756014724.7669446,-11,-3,-50
1756014724.802945,-6,-2,-58
1756014724.8409443,-6,3,-54
1756014724.8789446,-2,3,-43
1756014724.917945,-4,0,-45
1756014724.9539447,-6,-3,-51
1756014724.9919446,-4,-1,-55
1756014725.0309446,-6,-6,-56
1756014725.0679443,-3,-2,-59
1756014725.1069446,3,1,-60
1756014725.1429446,-2,0,-61
1756014725.1809447,-1,2,-59
1756014725.2189443,8,-4,-38
1756014725.2579446,1,-6,-46
1756014725.2939446,0,-2,-43
1756014725.3309443,-7,2,-59
1756014725.3689446,0,-1,-47
1756014725.407945,-2,0,-42
1756014725.4439447,6,-5,-42
1756014725.4809446,-7,3,-45
1756014725.5189445,-3,-6,-51
1756014725.5579443,-4,-1,-42
1756014725.5939443,-3,-3,-68
1756014725.631945,2,-4,-54
1756014725.6699443,0,-4,-53
1756014725.7089446,0,-4,-52
1756014725.746945,-1,-7,-51
1756014725.782945,-7,-8,-46
1756014725.8209443,-12,-5,-46
1756014725.858945,0,-2,-53
1756014725.8979447,-2,-3,-37
1756014725.9339447,-3,-4,-37
1756014725.9719446,-6,-4,-47
1756014726.009945,4,2,-42
1756014726.0479443,0,0,-49
1756014726.0839446,-8,-2,-57
1756014726.121945,-7,-4,-43
1756014726.1599443,5,-7,-49
1756014726.1989446,8,-2,-47
1756014726.236945,4,0,-50
1756014726.2729447,1,-2,-56
1756014726.3099446,5,0,-58
1756014726.348945,-5,-3,-56
1756014726.384945,1,-4,-53
1756014726.4219446,-5,3,-53
1756014726.4599447,4,0,-53
1756014726.4979446,-4,2,-57
1756014726.5339446,0,5,-65
1756014726.5709443,0,-3,-60
1756014726.608945,1,-3,-53
1756014726.6479447,0,-5,-60
1756014726.6839447,-2,-1,-53
1756014726.7219446,-4,-9,-47
1756014726.759945,1,-1,-47
1756014726.7989447,-3,1,-50
1756014726.8349447,2,4,-41
1756014726.871945,1,0,-38
1756014726.9099443,5,-7,-51
1756014726.9489446,11,0,-48
1756014726.9849446,5,3,-33
1756014727.0219443,-2,1,-58
1756014727.0599446,-3,6,-56
1756014727.098945,0,4,-57
1756014727.134945,0,3,-58
1756014727.1719446,-3,3,-60
1756014727.2099447,-1,0,-55
1756014727.2489443,6,2,-56
1756014727.2849443,0,0,-50
1756014727.3219447,3,0,-51
1756014727.3599446,4,-1,-53
1756014727.3979447,0,-5,-57
1756014727.4339447,-3,-5,-54
1756014727.4719446,0,-3,-56
1756014727.509945,0,-1,-61
1756014727.5489447,0,-2,-45
1756014727.5849447,0,0,-42
1756014727.621945,-2,0,-66
1756014727.6599443,3,2,-59
1756014727.6979446,3,1,-61
1756014727.733945,6,0,-53
1756014727.7709446,9,1,-45
1756014727.8099446,0,-4,-51
1756014727.8479445,-5,-1,-46
1756014727.8839445,-5,0,-51
1756014727.9209447,-7,2,-51
1756014727.9599447,-3,-3,-43
1756014727.9979446,1,-8,-50
1756014728.0339446,9,0,-54
1756014728.0709443,-1,-4,-50
1756014728.1099446,0,1,-52
1756014728.1459446,-2,2,-55
1756014728.1829443,-1,0,-52
1756014728.2209446,-3,-2,-52
1756014728.259945,-13,5,-56
1756014728.2959447,3,0,-50
1756014728.3329446,0,5,-54
1756014728.3699446,0,3,-43
1756014728.4059446,2,3,-47
1756014728.4429443,-2,1,-50
1756014728.4809446,-4,0,-48
1756014728.5189445,0,0,-55
1756014728.5549445,-3,1,-45
1756014728.5929446,-1,0,-63
1756014728.6309447,-3,1,-55
1756014728.6699443,-5,-2,-58
1756014728.7059443,3,-3,-52
1756014728.7429447,-2,-2,-62
1756014728.7809446,-6,1,-63
1756014728.8199446,-9,2,-54
1756014728.8559446,-6,6,-63
1756014728.9019446,-11,-5,-48
1756014728.9399445,-4,-6,-51
1756014728.9769447,-5,-1,-60
1756014729.0149446,2,0,-55
1756014729.0519447,-3,0,-56
1756014729.0909443,-1,-6,-53
1756014729.1289446,0,3,-38
1756014729.1649446,5,8,-56
1756014729.2019446,5,4,-62
1756014729.2409446,-3,3,-63
1756014729.2789447,-2,1,-52
1756014729.3149445,0,5,-57
1756014729.3519447,3,0,-48
1756014729.3899446,-2,0,-44
1756014729.4259446,-7,2,-43
1756014729.4649446,-4,-2,-49
1756014729.5019443,-6,-4,-56
1756014729.5409446,-5,-8,-53
1756014729.5789447,-1,-2,-61
1756014729.6159446,-2,-1,-64
1756014729.6539447,-5,0,-48
1756014729.6919446,1,-2,-44
1756014729.7309446,-1,-3,-60
1756014729.7669446,-6,-4,-64
1756014729.8049445,-2,-5,-63
1756014729.8439443,-4,0,-54
1756014729.8809447,-4,-10,-54
1756014729.9199443,3,-5,-48
1756014729.9559443,-1,-4,-51
1756014729.9939446,0,-2,-48
1756014730.0319445,-2,3,-59
1756014730.0709443,2,-2,-63
1756014730.1069446,7,-9,-59
1756014730.1439445,0,0,-51
1756014730.1809447,-10,0,-58
1756014730.2199447,-6,6,-55
1756014730.2559447,-1,-6,-59
1756014730.2939446,-3,-1,-45
1756014730.3319447,2,5,-44
1756014730.3699446,-4,0,-53
1756014730.4059446,-8,9,-54
1756014730.4429443,0,2,-52
1756014730.4809446,0,1,-40
1756014730.5169446,0,2,-41
1756014730.5539446,3,4,-58
1756014730.5919447,-4,0,-50
1756014730.6299446,-9,-3,-48
1756014730.6659446,-10,0,-47
1756014730.7029445,1,0,-51
1756014730.7419446,-4,-2,-49
1756014730.779945,-6,-1,-53
1756014730.815945,1,-3,-57
1756014730.8529446,-1,0,-54
1756014730.8919446,-5,-5,-47
1756014730.9299445,1,3,-42
1756014730.9659443,2,1,-53
1756014731.0029447,5,-2,-56
1756014731.0419445,1,4,-59
1756014731.0799446,5,2,-48
1756014731.1159446,1,5,-48
1756014731.1529446,-5,-2,-44
1756014731.1919446,-1,-1,-40
1756014731.2299447,-5,1,-57
1756014731.2659447,-2,2,-56
1756014731.302945,0,-3,-49
1756014731.3419447,0,-1,-52
1756014731.3779447,-2,2,-57
1756014731.4149446,2,3,-54
1756014731.4519446,3,-5,-51
1756014731.4909446,-7,-2,-55
1756014731.5269446,0,-3,-58
1756014731.5649445,8,-4,-61
1756014731.6029446,1,-1,-46
1756014731.6419446,-1,-4,-52
1756014731.677945,-5,-3,-47
1756014731.7159443,-3,-1,-47
1756014731.7549446,0,0,-58
1756014731.7919445,0,6,-50
1756014731.8279445,0,-2,-54
1756014731.8649447,11,-8,-52
1756014731.9029446,2,-6,-43
1756014731.9419446,4,-3,-53
1756014731.9779446,3,0,-55
1756014732.0159447,0,-2,-46
1756014732.052945,-4,0,-53
1756014732.0919447,-2,-4,-59
1756014732.1279447,0,1,-56
1756014732.1659446,0,-7,-51
1756014732.2049446,4,-4,-44
1756014732.2429447,1,-12,-42
1756014732.2809446,-4,-3,-43
1756014732.3169446,2,-4,-52
1756014732.3539443,-3,-3,-52
1756014732.3929446,-3,1,-53
1756014732.4309447,-2,0,-47
1756014732.4669447,-1,1,-47
1756014732.5039446,-3,11,-57
1756014732.542945,-1,-1,-51
1756014732.5809443,1,8,-59
1756014732.6169446,-5,9,-51
1756014732.654945,-1,1,-50
1756014732.6929443,0,-4,-56
1756014732.7319446,-6,-2,-56
1756014732.7679446,-11,-1,-55
1756014732.8059447,0,-5,-41
1756014732.8439443,3,-3,-52
1756014732.8829446,0,0,-49
1756014732.9209447,4,-1,-61
1756014732.9569447,-1,-4,-65
1756014732.9949446,-7,-4,-42
1756014733.032945,-6,-3,-55
1756014733.0719447,-7,-1,-52
1756014733.1079447,-5,-4,-42
1756014733.1459446,-7,-3,-51
1756014733.1839447,-4,-3,-60
1756014733.2229445,4,3,-52
1756014733.2589445,3,6,-52
1756014733.2969446,2,1,-64
1756014733.3349447,-2,3,-56
1756014733.3739443,-4,-1,-56
1756014733.4119446,1,-1,-47
1756014733.4479446,1,-3,-45
1756014733.4849446,4,0,-46
1756014733.5229447,0,-3,-58
1756014733.5619447,-1,-3,-53
1756014733.5979445,-1,1,-58
1756014733.634945,0,-6,-49
1756014733.6739447,-3,-2,-47
1756014733.7119446,-6,-5,-52
1756014733.7479446,-4,-2,-53
1756014733.7869446,3,0,-44
1756014733.8239446,-1,1,-52
1756014733.8629446,-6,5,-45
1756014733.8989446,-3,1,-51
1756014733.9369447,-5,1,-57
1756014733.973945,-6,0,-43
1756014734.0129447,0,-4,-44
1756014734.0489447,-2,0,-48
1756014734.085945,-2,-5,-57
1756014734.1239443,0,-10,-57
1756014734.1629446,0,0,-60
1756014734.1989446,-4,-1,-55
1756014734.236945,0,0,-61
1756014734.2749443,4,4,-52
1756014734.3139446,3,8,-53
1756014734.3519447,10,3,-57
1756014734.3879447,0,2,-53
1756014734.4249446,0,1,-51
1756014734.463945,-1,0,-52
1756014734.5019443,-3,0,-39
1756014734.5379446,-1,-4,-48
1756014734.575945,3,-2,-54
1756014734.6139443,0,1,-46
1756014734.6499443,-4,-3,-58
1756014734.687945,6,-1,-58
1756014734.7259445,4,-5,-55
1756014734.7639446,-1,0,-59
1756014734.802945,0,-8,-63
1756014734.838945,0,-1,-47
1756014734.8759446,-3,0,-52
1756014734.9139447,1,0,-56
1756014734.9499447,10,-2,-52
1756014734.9879446,0,-4,-63
1756014735.0259447,0,-2,-60
1756014735.0639446,6,-5,-57
1756014735.1029446,4,-2,-62
1756014735.1389446,-4,6,-55
1756014735.1769447,1,-6,-56
1756014735.2149446,2,-7,-53
1756014735.2539446,-11,0,-53
1756014735.2899446,-5,5,-44
1756014735.3279445,0,3,-55
1756014735.3649447,4,-1,-53
1756014735.4039447,0,4,-59
1756014735.4399445,1,2,-45
1756014735.4769447,1,1,-52
1756014735.5149446,-2,0,-56
1756014735.552945,-3,0,-46
1756014735.588945,-10,0,-53
1756014735.6269443,-1,-1,-49
1756014735.6649446,1,-8,-58
1756014735.7029445,-2,-1,-59
1756014735.7389443,-1,-1,-51
1756014735.7769446,-2,0,-55
1756014735.8149445,-1,2,-52
1756014735.8539443,1,0,-59
1756014735.8899446,3,0,-62
1756014735.9269447,0,3,-64
1756014735.9649446,-1,-3,-54
1756014736.0029447,0,-5,-50
1756014736.0389447,6,-4,-48
1756014736.075945,2,6,-55
1756014736.1149447,1,1,-54
1756014736.1529446,-3,-1,-46
1756014736.1889446,-2,5,-54
1756014736.2259445,-10,7,-50
1756014736.2649446,1,5,-50
1756014736.302945,9,2,-54
1756014736.338945,-1,-6,-48
1756014736.3769443,5,-8,-43
1756014736.4149446,2,0,-51
1756014736.450945,2,-7,-52
1756014736.4889443,-1,0,-53
1756014736.5269446,1,1,-56
1756014736.5649445,3,8,-47
1756014736.6009445,3,5,-56
1756014736.6379447,5,5,-47
1756014736.6759446,0,3,-49
1756014736.713945,-2,-2,-51
1756014736.7499447,1,0,-53
1756014736.7869446,-1,6,-50
1756014736.825945,-4,-3,-57
1756014736.8639443,-4,-3,-38
1756014736.8999443,-3,-6,-45
1756014736.937945,-4,-1,-57
1756014736.9759445,-1,0,-54
1756014737.0149446,0,0,-56
1756014737.0509446,4,-2,-53
1756014737.0879445,1,0,-49
1756014737.1259446,1,-8,-52
1756014737.1649446,-2,4,-56
1756014737.200945,-4,0,-54
1756014737.2379446,-7,-2,-54
1756014737.2759447,1,-2,-46
1756014737.3149445,5,-3,-54
1756014737.3509445,2,-9,-67
1756014737.3879447,-4,-4,-58
1756014737.4259446,0,0,-64
1756014737.4649446,-7,6,-51
1756014737.5009446,-1,2,-54
1756014737.5389447,-3,-4,-48
1756014737.5769446,-1,-1,-46
1756014737.6159446,1,5,-45
1756014737.6539447,8,7,-39
1756014737.6899445,6,1,-50
1756014737.7269447,4,-4,-55
1756014737.7659447,10,-6,-52
1756014737.8039446,1,-1,-54
1756014737.8399446,-4,-7,-51
1756014737.8789446,2,-7,-46
1756014737.9159446,-1,-3,-45
1756014737.9549446,-5,-5,-55
1756014737.9909446,-2,-7,-50
1756014738.0289447,0,0,-52
1756014738.065945,-4,5,-43
1756014738.1049447,0,5,-59
1756014738.1409447,2,10,-48
1756014738.177945,0,7,-49
1756014738.2169447,3,5,-52
1756014738.2549446,4,7,-47
1756014738.2909446,2,5,-50
1756014738.3279445,5,4,-52
1756014738.3659446,-1,2,-57
1756014738.4019446,2,2,-55
1756014738.4389446,4,0,-59
1756014738.4769447,8,-2,-56
1756014738.5159447,0,-8,-56
1756014738.5519447,-1,1,-57
1756014738.5899446,0,1,-46
1756014738.6269443,-1,-2,-48
1756014738.6659446,-4,2,-57
1756014738.7019446,-4,-3,-57
1756014738.7399447,-6,-8,-55
1756014738.7779446,-5,-2,-49
1756014738.8169446,-5,-4,-62
1756014738.8549447,-1,-3,-60
1756014738.8909447,2,-3,-58
1756014738.9369447,-3,-9,-68
1756014738.9749446,0,-7,-66
1756014739.0109446,3,0,-61
1756014739.0479443,0,6,-60
1756014739.085945,-1,-4,-64
1756014739.121945,0,-4,-46
1756014739.1599443,6,-4,-59
1756014739.1979446,0,-1,-46
1756014739.236945,2,2,-52
1756014739.2749443,4,1,-49
1756014739.3109446,2,0,-40
1756014739.3479445,-2,0,-44
1756014739.3869443,-1,-3,-41
1756014739.4249446,2,0,-48
1756014739.460945,4,-1,-54
1756014739.4989443,-3,0,-53
1756014739.5369446,-3,-2,-56
1756014739.575945,0,-8,-41
1756014739.611945,-3,-6,-48
1756014739.6499443,1,-2,-51
1756014739.687945,5,2,-55
1756014739.7269447,1,0,-60
1756014739.7629447,-5,6,-54
1756014739.7999446,0,3,-38
1756014739.8369446,4,1,-45
1756014739.8729446,0,0,-42
1756014739.9099443,-2,4,-41
1756014739.9479446,-4,2,-46
1756014739.986945,-5,-7,-43
1756014740.0229447,-3,-5,-42
1756014740.0609446,1,0,-48
1756014740.098945,2,-4,-42
1756014740.1369443,5,-8,-58
1756014740.1759446,4,1,-50
1756014740.2119446,2,1,-55
1756014740.2489443,3,5,-53
1756014740.2869446,4,3,-50
1756014740.3229446,-3,-1,-54
1756014740.3609445,-1,0,-49
1756014740.3989446,-4,-2,-45
1756014740.437945,0,-3,-49
1756014740.4759445,0,6,-47
1756014740.5119443,7,-2,-50
1756014740.5499446,1,-3,-62
1756014740.5879445,-1,-10,-49
1756014740.6269443,2,0,-57
1756014740.6629446,1,-1,-56
1756014740.700945,-4,0,-62
1756014740.7399447,2,4,-49
1756014740.7779446,0,0,-51
1756014740.815945,-4,3,-50
1756014740.8519447,0,1,-49
1756014740.8899446,11,-8,-47
1756014740.927945,0,0,-42
1756014740.9659443,-2,1,-46
1756014741.0019443,0,3,-56
1756014741.0399446,4,1,-41
1756014741.0779445,7,0,-44
1756014741.1159446,-4,2,-44
1756014741.1519446,-3,-6,-45
1756014741.1899445,2,-6,-50
1756014741.2279446,-1,-3,-45
1756014741.2669446,-2,1,-58
1756014741.302945,1,-3,-54
1756014741.3409443,7,0,-32
1756014741.3779447,0,0,-39
1756014741.4139447,-7,-1,-51
1756014741.4519446,-4,0,-50
1756014741.4899447,1,-4,-52
1756014741.5279446,4,2,-47
1756014741.5639446,6,4,-53
1756014741.6019447,4,0,-58
1756014741.6389446,3,7,-56
1756014741.6769447,4,3,-66
1756014741.7129445,0,1,-59
1756014741.7499447,-4,4,-63
1756014741.7879446,-1,1,-52
1756014741.8269446,-4,-4,-48
1756014741.8629446,-2,4,-56
1756014741.8999443,3,-4,-57
1756014741.937945,8,-4,-54
1756014741.9769447,0,0,-44
1756014742.0129447,-2,6,-49
1756014742.0509446,-5,1,-52
1756014742.088945,0,1,-51
1756014742.1269443,-7,-1,-59
1756014742.1629446,-6,-2,-58
1756014742.200945,-4,-6,-51
1756014742.2389443,2,-2,-56
1756014742.2779446,2,0,-51
1756014742.3139446,0,0,-43
1756014742.3509445,2,0,-53
1756014742.3889446,2,0,-55
1756014742.4269447,-7,-2,-53
1756014742.463945,-2,4,-58
1756014742.5009446,0,8,-46
1756014742.5389447,-2,4,-49
1756014742.5769446,0,-1,-46
1756014742.6129446,-1,-3,-51
1756014742.6509447,0,-1,-54
1756014742.6889446,-1,-2,-53
1756014742.7279446,-6,0,-56
1756014742.7639446,0,4,-56
1756014742.8009446,-2,1,-59
1756014742.838945,-5,3,-71
1756014742.8779447,-5,2,-62
1756014742.9139447,-7,0,-51
1756014742.950945,2,0,-39
1756014742.9889443,-3,0,-50
1756014743.0249443,0,-4,-44
1756014743.0619447,-8,-5,-51
1756014743.0999446,-2,-4,-42
1756014743.1389446,6,2,-45
1756014743.1749446,3,1,-54
1756014743.2129445,6,4,-62
1756014743.2499447,0,-5,-52
1756014743.2889447,2,-3,-58
1756014743.3249447,10,-2,-47
1756014743.361945,-9,0,-51
1756014743.3999443,-5,2,-59
1756014743.4389446,-3,7,-48
1756014743.4749446,3,5,-57
1756014743.5129447,1,1,-49
1756014743.5499446,-1,1,-52
1756014743.588945,-1,3,-45
1756014743.6249447,-2,2,-45
1756014743.6629446,-2,-4,-44
1756014743.6999447,-11,0,-56
1756014743.7389443,-6,-1,-45
1756014743.7749443,0,-3,-41
1756014743.8119447,1,-1,-50
1756014743.8499446,-3,5,-44
1756014743.8889446,-1,3,-44
1756014743.9249446,1,2,-57
1756014743.9619446,-3,-7,-60
1756014743.9999447,2,-6,-59
1756014744.0389447,6,4,-47
1756014744.0749447,0,4,-42
1756014744.111945,1,0,-54
1756014744.1499443,-4,0,-54
1756014744.187945,-5,1,-53
1756014744.223945,4,-5,-51
1756014744.2609446,0,-4,-53
1756014744.2999446,-1,-2,-51
1756014744.3379445,-5,3,-49
1756014744.3739443,-3,1,-46
1756014744.4109447,-5,1,-67
1756014744.4499447,0,2,-58
1756014744.4879446,-2,-1,-50
1756014744.5239446,0,0,-43
1756014744.5619447,-1,-1,-42
1756014744.5999446,0,2,-39
1756014744.6359446,-1,0,-45
1756014744.6729443,5,-7,-48
1756014744.7119446,2,-2,-47
1756014744.7499447,2,-5,-48
1756014744.7859447,1,1,-47
1756014744.8229446,-3,5,-52
1756014744.861945,-5,1,-40
1756014744.8999443,-7,-4,-37
1756014744.9359446,-1,2,-47
1756014744.9729445,0,3,-62
1756014745.0119443,-3,0,-50
1756014745.0499446,1,0,-51
1756014745.085945,0,4,-62
1756014745.1229446,-4,0,-58
1756014745.1609447,-2,0,-61
1756014745.1999447,-4,-4,-43
1756014745.2359445,-2,1,-52
1756014745.2729447,-4,-1,-58
1756014745.3109446,2,0,-51
1756014745.3499446,1,3,-47
1756014745.3859446,2,0,-44
1756014745.4229443,9,4,-51
1756014745.460945,-1,0,-56
1756014745.4989443,-5,-12,-43
1756014745.5349443,0,-14,-56
1756014745.5729446,0,-6,-58
1756014745.6109445,0,-3,-54
1756014745.6499443,-5,-5,-55
1756014745.6859446,0,-7,-61
1756014745.7229445,-2,-5,-65
1756014745.7609446,-1,-3,-62
1756014745.7999446,-10,-1,-53
1756014745.835945,-6,3,-52
1756014745.8739443,-3,3,-48
1756014745.9119446,0,1,-50
1756014745.9499447,-5,-2,-48
1756014745.9859445,0,0,-42
1756014746.0229447,1,1,-48
1756014746.0609446,-4,0,-52
1756014746.098945,-9,-4,-40
1756014746.134945,0,1,-41
1756014746.1719446,-5,-1,-54
1756014746.210945,2,0,-61
1756014746.2489443,-1,0,-55
1756014746.2849443,4,-1,-51
1756014746.3219447,4,6,-66
1756014746.3599446,2,3,-63
1756014746.3959446,0,5,-59
1756014746.4339447,1,1,-62
1756014746.4719446,-2,2,-56
1756014746.509945,-6,-5,-49
1756014746.5459447,-11,-2,-54
1756014746.5839446,-1,0,-45
1756014746.621945,6,3,-54
1756014746.6599443,0,-1,-60
1756014746.6959443,3,2,-62
1756014746.7329447,2,-4,-49
1756014746.7709446,-1,0,-54
1756014746.8099446,-2,-8,-58
1756014746.8459446,-3,-17,-57
1756014746.8839445,0,-7,-53
1756014746.9219446,0,0,-58
1756014746.960945,0,-6,-61
1756014746.996945,-3,0,-54
1756014747.0339446,-2,-3,-49
1756014747.0719447,-1,-4,-43
1756014747.1109445,0,3,-51
1756014747.1469443,-2,-1,-45
1756014747.1849446,-2,-1,-57
1756014747.2229445,6,0,-69
1756014747.2619443,4,-6,-55
1756014747.2999446,-2,-7,-58
1756014747.335945,-2,-2,-50
1756014747.3739443,4,-3,-44
1756014747.4119446,0,4,-37
1756014747.4499447,-2,5,-47
1756014747.4859445,-1,2,-46
1756014747.5239446,-4,0,-42
1756014747.5619447,1,-3,-51
1756014747.6009445,0,0,-57
1756014747.6369443,0,-1,-60
1756014747.6749446,-1,0,-49
1756014747.7129445,0,-6,-41
1756014747.7519443,0,-9,-47
1756014747.7899446,0,-4,-53
1756014747.825945,-3,-6,-53
1756014747.8639443,5,-4,-49
1756014747.9019446,-3,4,-38
1756014747.940945,1,2,-54
1756014747.9769447,4,-3,-51
1756014748.0149446,3,2,-61
1756014748.0539446,3,4,-54
1756014748.0919447,-3,4,-55
1756014748.1279447,1,5,-50
1756014748.1649446,1,-5,-46
1756014748.2029445,1,0,-54
1756014748.2419446,-1,-2,-53
1756014748.2779446,3,-5,-53
1756014748.3169446,-5,2,-45
1756014748.3539443,0,1,-49
1756014748.3919446,-4,-4,-42
1756014748.4309447,6,3,-59
1756014748.4669447,1,0,-56
1756014748.5039446,-2,-5,-42
1756014748.5419445,0,-6,-54
1756014748.5809443,0,-3,-54
1756014748.6169446,-4,-2,-45
1756014748.654945,-1,3,-40
1756014748.6929443,10,0,-40
1756014748.7309446,7,2,-37
1756014748.7669446,1,0,-55
1756014748.8039446,1,-3,-52
1756014748.8429446,0,0,-50
1756014748.8809447,-1,2,-50
1756014748.9169445,-4,-1,-49
1756014748.9629445,-7,-2,-44
1756014749.0009446,-10,-4,-45
1756014749.0369446,-6,-7,-43
1756014749.0749447,-3,-5,-53
1756014749.1129446,-2,5,-56
1756014749.1519446,-6,1,-64
1756014749.187945,0,0,-58
1756014749.2249446,0,-1,-55
1756014749.2629447,-4,0,-55
1756014749.3019447,1,8,-56
1756014749.3379445,3,-2,-50
1756014749.3749447,-1,-1,-48
1756014749.4129446,-1,-4,-42
1756014749.4519446,-1,4,-50
1756014749.4879446,-5,0,-51
1756014749.5259447,-1,0,-47
1756014749.5639446,2,1,-46
1756014749.6029446,2,0,-50
1756014749.6389446,0,0,-38
1756014749.6769447,7,2,-58
1756014749.7149446,6,1,-43
1756014749.7529447,2,-5,-53
1756014749.7889447,0,0,-54
1756014749.8269446,3,1,-44
1756014749.8639443,-6,7,-50
1756014749.9029446,-4,5,-48
1756014749.9389446,5,3,-48
1756014749.9769447,-2,2,-48
1756014750.0149446,3,0,-52
1756014750.052945,-1,-5,-54
1756014750.0919447,3,-2,-58
1756014750.1279447,9,-3,-50
1756014750.1649446,8,-2,-43
1756014750.2029445,3,5,-41
1756014750.2389443,4,0,-55
1756014750.2759447,3,0,-63
1756014750.312945,3,0,-60
1756014750.3519447,1,0,-60
1756014750.3879447,-4,-4,-56
1756014750.4259446,-6,-4,-54
1756014750.463945,-11,-3,-40
1756014750.5029447,-2,-3,-47
1756014750.5389447,-2,-3,-53
1756014750.5779445,-1,0,-56
1756014750.6149447,-6,5,-47
1756014750.6539447,-4,0,-55
1756014750.6919446,4,0,-43
1756014750.7279446,2,0,-45
1756014750.7649446,-8,5,-57
1756014750.8039446,-3,0,-54
1756014750.8419447,-7,3,-52
1756014750.8779447,-4,1,-46
1756014750.9149446,0,2,-47
1756014750.9529445,-3,-6,-38
1756014750.9889443,-4,-10,-37
1756014751.0269446,-3,-5,-50
1756014751.0649445,-3,-7,-41
1756014751.1039443,-7,-4,-49
1756014751.1419446,-5,-3,-47
1756014751.177945,0,-3,-46
1756014751.2149446,1,5,-51
1756014751.2539446,1,6,-51
1756014751.2899446,5,0,-57
1756014751.3269446,0,-3,-56
1756014751.3649447,7,3,-65
1756014751.4029446,6,0,-50
1756014751.4389446,4,1,-43
1756014751.4769447,-7,-6,-47
1756014751.5149446,0,-8,-57
1756014751.552945,-1,-7,-55
1756014751.588945,-4,-3,-49
1756014751.6269443,-2,-1,-43
1756014751.6649446,-5,-6,-40
1756014751.7039447,0,5,-52
1756014751.7399447,-1,0,-53
1756014751.7769446,-3,0,-57
1756014751.8149445,0,3,-44
1756014751.8529446,2,-4,-47
1756014751.8889446,0,-3,-53
1756014751.9269447,2,1,-59
1756014751.963945,-2,3,-57
1756014752.0029447,1,0,-57
1756014752.0399446,2,-4,-51
1756014752.0769446,-2,-3,-45
1756014752.1149447,3,2,-53
1756014752.1529446,-1,0,-50
1756014752.1889446,-6,-3,-56
1756014752.2269447,2,-2,-56
1756014752.2649446,3,-6,-59
1756014752.3039446,2,0,-58
1756014752.3399446,5,0,-62
1756014752.3769443,1,0,-58
1756014752.4149446,-1,0,-43
1756014752.4529445,0,3,-45
1756014752.4889443,0,2,-33
1756014752.5259447,2,1,-53
1756014752.5649445,-1,-3,-53
1756014752.6029446,0,2,-42
1756014752.6389446,3,2,-37
1756014752.6759446,1,0,-42
1756014752.7149446,-2,-2,-52
1756014752.7529447,-1,1,-49
1756014752.7889447,-3,-3,-47
1756014752.8269446,4,1,-47
1756014752.8649447,-2,-1,-44
1756014752.9029446,0,-1,-52
1756014752.9389446,-4,-4,-49
1756014752.9769447,0,0,-50
1756014753.0149446,-5,1,-44
1756014753.0509446,-3,-2,-44
1756014753.088945,-4,5,-53
1756014753.1269443,2,5,-49
1756014753.1649446,-5,-3,-52
1756014753.200945,-2,0,-59
1756014753.2389443,2,4,-53
1756014753.2759447,0,3,-45
1756014753.3139446,-8,2,-46
1756014753.3499446,0,3,-60
1756014753.3869443,-3,6,-53
1756014753.4249446,0,2,-60
1756014753.463945,-4,0,-68
1756014753.4999447,-5,-3,-55
1756014753.5389447,-1,-3,-57
1756014753.575945,-5,6,-44
1756014753.6149447,-3,8,-53
1756014753.6509447,0,10,-48
1756014753.687945,5,2,-47
1756014753.7259445,6,-4,-45
1756014753.7649446,-2,5,-52
1756014753.8009446,0,0,-53
1756014753.8379445,-8,0,-34
1756014753.8759446,-1,-2,-41
1756014753.9149446,1,-3,-38
1756014753.950945,-1,2,-54
1756014753.9879446,1,3,-56
1756014754.0259447,-3,2,-55
1756014754.0639446,-2,0,-61
1756014754.0999446,-8,3,-61
1756014754.1369443,0,1,-70
1756014754.1749446,1,0,-54
1756014754.210945,-1,-3,-50
1756014754.2489443,-2,-2,-45
1756014754.2879446,-1,-3,-65
1756014754.325945,1,-9,-52
1756014754.3639443,8,2,-50
1756014754.3999443,5,0,-63
1756014754.437945,3,3,-46
1756014754.4759445,-3,-6,-49
1756014754.5139446,-2,-3,-52
1756014754.5499446,2,0,-48
1756014754.5879445,-1,1,-50
1756014754.6259446,1,-5,-53
1756014754.6619446,6,-1,-51
1756014754.6989446,7,1,-48
1756014754.7359445,1,0,-51
1756014754.7719443,3,0,-54
1756014754.8089447,2,0,-48
1756014754.8469446,0,-3,-54
1756014754.8859446,7,2,-62
1756014754.9219446,2,-4,-62
1756014754.9589446,7,-5,-54
1756014754.996945,0,0,-60
1756014755.0349443,1,-3,-60
1756014755.0709443,0,-6,-58
1756014755.1079447,-2,-1,-52
1756014755.1459446,0,0,-49
1756014755.1849446,0,3,-55
1756014755.2209446,5,6,-60
1756014755.2579446,-1,0,-54
1756014755.2959447,0,-1,-55
1756014755.3349447,4,-3,-60
1756014755.3709445,4,-1,-59
1756014755.407945,1,0,-65
1756014755.4459443,-2,-3,-58
1756014755.4819446,-4,-2,-46
1756014755.519945,-8,-9,-56
1756014755.5579443,-6,0,-57
1756014755.5969446,-1,-3,-53
1756014755.634945,-2,-6,-52
1756014755.6709447,3,0,-51
1756014755.7079446,5,0,-61
1756014755.7459445,0,1,-63
1756014755.7819445,-4,-2,-56
1756014755.8199446,0,0,-51
1756014755.8579447,-2,4,-60
1756014755.8969443,3,-3,-57
1756014755.9349446,1,8,-50
1756014755.9709446,1,0,-55
1756014756.0079446,5,-5,-58
1756014756.0469446,3,-3,-53
1756014756.0849447,0,2,-48
1756014756.1209445,-2,6,-55
1756014756.157945,1,0,-67
1756014756.1959443,0,3,-56
1756014756.2319446,-1,-1,-60
1756014756.269945,0,0,-45
1756014756.3069446,-5,0,-55
1756014756.3459446,0,5,-55
1756014756.381945,0,0,-52
1756014756.4199443,-3,5,-42
1756014756.4569447,-3,0,-51
1756014756.4959445,-7,3,-49
1756014756.5319445,-7,12,-47
1756014756.5699446,0,5,-47
1756014756.6069446,0,-2,-56
1756014756.6459446,-1,-6,-57
1756014756.6819446,-6,1,-59
1756014756.7189443,1,2,-58
1756014756.756945,-9,6,-54
1756014756.7959447,0,6,-49
1756014756.8319447,-3,4,-49
1756014756.8689446,2,1,-46
1756014756.9069445,0,-1,-53
1756014756.9459443,-8,-1,-59
1756014756.9819446,-4,-10,-54
1756014757.019945,0,-2,-57
1756014757.0579443,-4,4,-48
1756014757.0969446,1,0,-54
1756014757.1329446,-5,-2,-58
1756014757.1709447,-6,0,-60
1756014757.2089446,-5,-1,-56
1756014757.2479446,-3,0,-49
1756014757.2859447,1,-2,-41
1756014757.3219447,-3,0,-52
1756014757.358945,6,2,-61
1756014757.3979447,2,-6,-55
1756014757.4359446,-1,1,-61
1756014757.4719446,-6,-6,-51
1756014757.509945,0,1,-56
1756014757.5479443,8,3,-46
1756014757.585945,9,0,-38
1756014757.621945,5,0,-45
1756014757.6599443,0,8,-51
1756014757.6979446,2,3,-59
1756014757.7359445,5,0,-54
1756014757.7719443,7,1,-48
1756014757.8099446,3,-1,-57
1756014757.8479445,-9,-3,-57
1756014757.8859446,-4,0,-59
1756014757.9219446,0,0,-53
1756014757.9589446,-2,3,-45
1756014757.9979446,-1,2,-47
1756014758.0339446,-3,2,-51
1756014758.0709443,3,2,-45
1756014758.1079447,6,1,-51
1756014758.1439445,0,2,-48
1756014758.1809447,-3,-3,-55
1756014758.2189443,4,0,-51
1756014758.256945,5,1,-39
1756014758.292945,0,2,-43
1756014758.3299446,-2,-1,-49
1756014758.3679447,0,1,-53
1756014758.4039447,0,5,-58
1756014758.440945,0,1,-53
1756014758.4779446,-5,-1,-53
1756014758.5169446,-1,3,-51
1756014758.552945,-3,0,-65
1756014758.5909443,-6,6,-61
1756014758.6289446,0,0,-48
1756014758.6669445,-3,5,-53
1756014758.7029445,-2,2,-55
1756014758.7409446,1,-1,-51
1756014758.7789447,0,0,-63
1756014758.8169446,-11,7,-60
1756014758.8529446,0,-5,-52
1756014758.8919446,-1,-2,-49
1756014758.9289446,-3,0,-53
1756014758.9729445,-2,-6,-54
1756014759.0109446,-1,-5,-41
1756014759.0489447,0,1,-40
1756014759.0879445,1,0,-44
1756014759.1239443,0,1,-47
1756014759.1609447,2,3,-55
1756014759.1989446,-2,-5,-53
1756014759.236945,0,0,-49
1756014759.2729447,0,0,-49
1756014759.3109446,-2,1,-55
1756014759.348945,0,4,-57
1756014759.3879447,-9,0,-57
1756014759.4239447,-10,0,-56
1756014759.460945,-2,0,-56
1756014759.4989443,1,-1,-50
1756014759.5379446,-2,-2,-46
1756014759.5739446,0,1,-41
1756014759.611945,-4,2,-52
1756014759.6509447,0,0,-48
1756014759.6889446,1,3,-43
1756014759.7249446,-1,-3,-54
1756014759.7629447,3,-11,-48
1756014759.8009446,-1,-8,-42
1756014759.838945,1,-1,-51
1756014759.8779447,-4,0,-50
1756014759.9139447,2,0,-47
1756014759.950945,4,-2,-66
1756014759.9889443,0,3,-52
1756014760.0279446,0,-2,-60
1756014760.0639446,-3,-5,-49
1756014760.1019447,-2,0,-53
1756014760.1399446,1,2,-56
1756014760.177945,0,-3,-48
1756014760.213945,-2,-6,-52
1756014760.2519443,5,5,-56
1756014760.2899446,4,3,-52
1756014760.3279445,6,0,-51
1756014760.3639443,2,3,-46
1756014760.4019446,4,2,-56
1756014760.4399445,0,0,-54
1756014760.4779446,0,-1,-47
1756014760.5139446,1,0,-55
1756014760.5519447,-2,-2,-49
1756014760.5899446,-1,-5,-49
1756014760.6289446,-6,0,-54
1756014760.6649446,-1,0,-50
1756014760.7019446,0,4,-46
1756014760.7399447,-4,0,-43
1756014760.7779446,-4,1,-55
1756014760.8139446,-1,1,-48
1756014760.8519447,-4,3,-47
1756014760.8899446,-6,0,-48
1756014760.9289446,-1,-7,-43
1756014760.9649446,-3,-1,-49
1756014761.0029447,0,0,-49
1756014761.0399446,0,3,-55
1756014761.0789447,5,-4,-53
1756014761.1149447,4,-3,-54
1756014761.1519446,0,0,-55
1756014761.190945,-7,0,-48
1756014761.2289443,-3,-5,-45
1756014761.2649446,-1,-8,-49
1756014761.302945,-4,-1,-50
1756014761.3409443,-6,-1,-45
1756014761.3799446,-9,2,-48
1756014761.4159446,-9,2,-47
1756014761.4539447,-4,0,-46
1756014761.4919446,0,-1,-43
1756014761.529945,0,-6,-44
1756014761.5689447,-5,1,-47
1756014761.6049447,-5,5,-48
1756014761.6439445,7,0,-38
1756014761.6809447,8,-3,-53
1756014761.7199447,5,-1,-54
1756014761.7559447,9,3,-53
1756014761.7939446,4,0,-60
1756014761.8309443,1,-4,-54
1756014761.8699446,10,4,-56
1756014761.9059446,5,1,-56
1756014761.9429443,0,-1,-53
1756014761.9809446,-5,0,-52
1756014762.019945,-1,5,-53
1756014762.0559447,0,2,-53
1756014762.0939443,-1,3,-50
1756014762.131945,11,1,-58
1756014762.1699443,7,-2,-52
1756014762.2059443,2,3,-51
1756014762.2439446,0,-7,-48
1756014762.2819445,2,3,-57
1756014762.3199446,1,1,-56
1756014762.3559446,0,-5,-56
1756014762.3929446,0,0,-46
1756014762.4309447,0,0,-57
1756014762.4689443,5,-7,-68
1756014762.5049446,3,-9,-62
1756014762.5419445,1,-5,-59
1756014762.5809443,-4,-4,-51
1756014762.6189446,-5,-7,-55
1756014762.654945,-9,-4,-51
1756014762.6929443,-7,0,-54
1756014762.7319446,0,-1,-59
1756014762.769945,0,3,-46
1756014762.8059447,-5,3,-50
1756014762.8429446,-5,0,-53
1756014762.8809447,-6,-1,-58
1756014762.9199443,0,-5,-49
1756014762.9559443,0,-3,-45
1756014762.9939446,-4,-2,-52
1756014763.0309446,-5,4,-53
1756014763.0699446,-1,1,-52
1756014763.1059446,-3,9,-50
1756014763.1429446,-5,-3,-56
1756014763.1809447,-8,1,-54
1756014763.2199447,-8,0,-49
1756014763.2559447,-4,0,-55
1756014763.292945,-4,-4,-63
1756014763.3309443,2,-1,-66
1756014763.3699446,7,0,-47
1756014763.4059446,1,4,-49
1756014763.4429443,1,5,-51
1756014763.4809446,-1,-3,-57
1756014763.5169446,7,-4,-47
1756014763.5539446,5,-1,-62
1756014763.5919447,-5,8,-60
1756014763.6309447,-1,2,-51
1756014763.6669445,6,-1,-48
1756014763.7039447,-5,-2,-49
1756014763.7419446,-7,1,-67
1756014763.7809446,2,-6,-56
1756014763.8169446,1,-1,-51
1756014763.8549447,0,1,-52
1756014763.8919446,0,1,-73
1756014763.9299445,6,0,-67
1756014763.9659443,0,0,-58
1756014764.0029447,2,3,-52
1756014764.0409446,-8,3,-49
1756014764.0769446,-3,2,-54
1756014764.1139443,1,2,-56
1756014764.1519446,3,1,-54
1756014764.1899445,1,3,-47
1756014764.2259445,0,0,-50
1756014764.2639446,-4,-3,-49
1756014764.3019447,-10,3,-44
1756014764.3399446,-1,0,-46
1756014764.3759446,0,-1,-43
1756014764.4139447,3,7,-42
1756014764.4519446,-1,1,-48
1756014764.4899447,0,-3,-55
1756014764.5259447,-2,-2,-62
1756014764.5639446,-7,-3,-54
1756014764.6019447,-1,0,-43
1756014764.6409447,-3,-1,-55
1756014764.6769447,-7,-1,-54
1756014764.7149446,0,3,-51
1756014764.7519443,-1,4,-61
1756014764.7909446,3,4,-62
1756014764.8269446,2,5,-64
1756014764.8639443,4,7,-62
1756014764.9019446,0,3,-48
1756014764.937945,-7,2,-63
1756014764.9749446,-4,-1,-56
1756014765.0129447,-1,-3,-58
1756014765.0519447,0,0,-43
1756014765.0879445,-1,-2,-53
1756014765.1259446,4,-6,-63
1756014765.1639447,-4,-6,-67
1756014765.2019446,3,-4,-59
1756014765.2409446,2,6,-55
1756014765.2769446,5,5,-52
1756014765.3149445,-3,-4,-55
1756014765.3539443,-2,0,-51
1756014765.3919446,-1,-7,-51
1756014765.427945,1,-6,-54
1756014765.4649446,-1,-3,-63
1756014765.5029447,2,0,-55
1756014765.5419445,-3,0,-52
1756014765.5779445,-2,-4,-46
1756014765.6159446,-1,0,-51
1756014765.6539447,0,-6,-50
1756014765.6929443,11,-1,-60
1756014765.7309446,4,2,-44
1756014765.7669446,-3,9,-50
1756014765.8039446,-1,6,-52
1756014765.8429446,1,-6,-45
1756014765.8809447,5,0,-44
1756014765.9169445,12,0,-45
1756014765.9539447,-1,-8,-44
1756014765.9929447,-5,0,-49
1756014766.0309446,0,1,-51
1756014766.0669446,2,-3,-53
1756014766.1039443,6,0,-57
1756014766.1419446,3,-2,-51
1756014766.177945,1,1,-52
1756014766.2149446,2,0,-65
1756014766.2529447,-1,0,-55
1756014766.2919445,-2,-2,-50
1756014766.3279445,-2,2,-47
1756014766.3659446,7,-3,-51
1756014766.4039447,4,5,-47
1756014766.4429443,4,0,-42
1756014766.4789443,9,0,-49
1756014766.5159447,0,2,-45
1756014766.552945,-1,0,-52
1756014766.5919447,0,0,-54
1756014766.6279447,7,0,-50
1756014766.6659446,7,1,-62
1756014766.7029445,-4,5,-47
1756014766.7419446,0,0,-42
1756014766.7789447,1,3,-46
1756014766.815945,4,0,-55
1756014766.8529446,0,5,-43
1756014766.8889446,-4,0,-61
1756014766.9259446,0,2,-71
1756014766.963945,-4,0,-55
1756014767.0029447,0,2,-54
1756014767.0389447,-4,0,-48
1756014767.075945,2,-1,-50
1756014767.1139443,1,-1,-58
1756014767.1529446,-4,2,-63
1756014767.1889446,-6,0,-57
1756014767.2259445,8,1,-55
1756014767.2639446,10,2,-55
1756014767.3019447,2,1,-54
1756014767.3379445,1,-1,-57
1756014767.3759446,4,0,-48
1756014767.4139447,3,3,-44
1756014767.4519446,7,-3,-46
1756014767.4879446,5,0,-51
1756014767.5259447,2,-3,-40
1756014767.5639446,4,3,-56
1756014767.6019447,1,-3,-63
1756014767.6379447,-2,-6,-56
1756014767.6759446,-11,-5,-51
1756014767.713945,-2,-2,-52
1756014767.7529447,-5,0,-43
1756014767.7889447,0,4,-49
1756014767.825945,5,1,-62
1756014767.8639443,6,-3,-52
1756014767.9029446,4,-6,-51
1756014767.9389446,2,-4,-52
1756014767.9759445,0,0,-35
1756014768.0149446,0,-1,-47
1756014768.052945,-4,0,-53
1756014768.088945,3,-3,-59
1756014768.1259446,2,-2,-50
1756014768.1639447,2,-2,-42
1756014768.2029445,-5,-7,-45
1756014768.2389443,-1,-2,-50
1756014768.2779446,0,-1,-59
1756014768.3149445,0,-2,-51
1756014768.3539443,1,-3,-55
1756014768.3899446,-5,-3,-44
1756014768.427945,-1,-1,-46
1756014768.4659443,0,-7,-61
1756014768.5039446,1,-1,-67
1756014768.542945,0,-10,-59
1756014768.5789447,-5,-1,-60
1756014768.6169446,-3,-1,-63
1756014768.654945,-2,1,-53
1756014768.6939447,-1,-1,-54
1756014768.7299447,-1,-7,-57
1756014768.7689445,-4,0,-60
1756014768.8059447,-1,0,-52
1756014768.8449447,3,-5,-56
1756014768.8829446,-5,-8,-55
1756014768.9189446,-1,-4,-50
1756014768.9569447,-4,2,-57
1756014769.0029447,1,-3,-49
1756014769.0389447,5,-5,-60
1756014769.075945,-1,-2,-55
1756014769.1149447,-1,-5,-57
1756014769.1529446,-3,6,-40
1756014769.1889446,2,5,-56
1756014769.2259445,1,-1,-66
1756014769.2649446,-2,0,-50
1756014769.302945,1,-5,-50
1756014769.338945,0,-7,-48
1756014769.3759446,-4,-5,-70
1756014769.4149446,-1,-5,-55
1756014769.4529445,-1,-6,-47
1756014769.4889443,-1,3,-47
1756014769.5269446,-6,-5,-43
1756014769.5649445,3,-1,-44
1756014769.6029446,4,1,-52
1756014769.6389446,5,0,-52
1756014769.6769447,0,2,-55
1756014769.7149446,1,3,-44
1756014769.7509446,4,6,-54
1756014769.7879446,3,4,-45
1756014769.8249447,12,-7,-49
1756014769.8639443,0,-4,-34
1756014769.8999443,1,-3,-36
1756014769.9369447,2,-1,-42
1756014769.9749446,15,0,-52
1756014770.0109446,12,9,-58
1756014770.0479443,9,0,-57
1756014770.085945,6,-3,-62
1756014770.1249447,-6,-1,-44
1756014770.1609447,-5,-5,-51
1756014770.1989446,-1,0,-54
1756014770.236945,-5,-4,-50
1756014770.2759447,-1,3,-43
1756014770.3139446,-3,0,-57
1756014770.3499446,-3,1,-53
1756014770.3879447,-2,2,-54
1756014770.4259446,-12,2,-48
1756014770.463945,-2,3,-58
1756014770.4999447,-2,-2,-61
1756014770.5379446,-4,-3,-64
1756014770.575945,-2,2,-50
1756014770.6149447,4,-2,-63
1756014770.6509447,8,1,-68
1756014770.687945,5,-3,-60
1756014770.7259445,4,-8,-53
1756014770.7649446,2,0,-50
1756014770.8009446,4,3,-58
1756014770.8379445,4,-3,-55
1756014770.8759446,-4,-5,-58
1756014770.9139447,-2,0,-58
1756014770.9499447,-5,0,-54
1756014770.9879446,-3,-1,-45
1756014771.0259447,-1,0,-46
1756014771.0639446,7,-1,-52
1756014771.0999446,6,-2,-45
1756014771.1379447,3,-1,-44
1756014771.1759446,-4,-2,-53
1756014771.2149446,2,0,-52
1756014771.2509446,3,-6,-49
1756014771.2879446,6,-1,-50
1756014771.325945,0,2,-52
1756014771.361945,-1,0,-54
1756014771.3989446,0,-5,-55
1756014771.4369447,6,0,-53
1756014771.4749446,3,-1,-60
1756014771.5109446,-2,-6,-43
1756014771.5489447,-3,-1,-41
1756014771.5869446,-2,7,-54
1756014771.6259446,3,3,-55
1756014771.6619446,0,5,-50
1756014771.6989446,1,-1,-45
1756014771.736945,3,-2,-50
1756014771.7759447,-3,1,-46
1756014771.8119447,-5,8,-51
1756014771.848945,0,7,-57
1756014771.8859446,3,5,-67
1756014771.9249446,3,-3,-60
1756014771.960945,-1,-1,-53
1756014771.9989443,-5,-5,-56
1756014772.0369446,2,2,-54
1756014772.0749447,0,4,-60
1756014772.1109445,-3,2,-58
1756014772.1489446,3,0,-58
1756014772.1869447,9,-5,-52
1756014772.2249446,4,-2,-43
1756014772.2609446,0,-1,-46
1756014772.2979443,-3,0,-49
1756014772.3369446,-5,0,-48
1756014772.3749447,1,-6,-58
1756014772.4109447,5,-1,-54
1756014772.4479446,3,2,-42
1756014772.4859445,0,1,-38
1756014772.5219443,5,11,-47
1756014772.5589447,10,0,-55
1756014772.5969446,5,1,-50
1756014772.634945,6,-1,-51
1756014772.6709447,1,-4,-51
1756014772.7079446,-6,-5,-59
1756014772.746945,1,-2,-59
1756014772.7849443,-5,-1,-58
1756014772.8209443,-6,-4,-51
1756014772.858945,-2,-4,-49
1756014772.8969443,-9,0,-56
1756014772.9359446,-6,0,-55
1756014772.9719446,3,2,-59
1756014773.0089445,0,0,-50
1756014773.0469446,4,5,-56
1756014773.0829446,2,-5,-46
1756014773.1199446,-1,0,-53
1756014773.157945,2,1,-57
1756014773.1959443,0,-3,-42
1756014773.2319446,6,-9,-37
1756014773.269945,-3,1,-44
1756014773.3079443,-9,-3,-49
1756014773.3469446,-2,0,-53
1756014773.3829446,0,0,-59
1756014773.4199443,0,4,-65
1756014773.4579446,7,3,-59
1756014773.4959445,8,5,-52
1756014773.5319445,6,-1,-45
1756014773.5699446,1,-8,-50
1756014773.6079447,-3,-4,-49
1756014773.6469443,-5,1,-55
1756014773.6829443,-1,1,-52
1756014773.7199447,1,-1,-46
1756014773.7579446,0,8,-44
1756014773.7969446,4,2,-50
1756014773.8329446,2,6,-56
1756014773.8699446,-1,4,-53
1756014773.907945,-1,-1,-49
1756014773.9469447,-5,0,-49
1756014773.9829447,-8,-2,-47
1756014774.0209446,-2,0,-49
1756014774.0589447,2,-4,-51
1756014774.0979445,2,-6,-43
1756014774.1359446,0,1,-47
1756014774.1719446,-2,0,-51
1756014774.2099447,3,0,-47
1756014774.2479446,-1,-4,-53
1756014774.2859447,4,-4,-59
1756014774.3219447,0,-7,-49
1756014774.3599446,-3,-2,-48
1756014774.3979447,0,-2,-57
1756014774.4369447,7,-4,-52
1756014774.4729445,9,-7,-39
1756014774.509945,0,-7,-44
1756014774.5489447,-2,-1,-45
1756014774.5869446,0,-5,-45
1756014774.6229446,-9,-3,-42
1756014774.6609447,-7,0,-48
1756014774.6989446,-1,5,-59
1756014774.7379446,1,-4,-64
1756014774.7739446,-1,-3,-52
1756014774.8119447,-4,-2,-48
1756014774.8499446,0,-1,-45
1756014774.8879447,3,0,-48
1756014774.9269447,1,-1,-49
1756014774.9629445,7,0,-48
1756014774.9999447,1,3,-55
1756014775.0379446,5,0,-66
1756014775.0769446,-2,-7,-55
1756014775.1129446,0,-6,-51
1756014775.1519446,5,-6,-56
1756014775.1889446,-5,0,-56
1756014775.2279446,-4,3,-46
1756014775.2639446,2,-1,-46
1756014775.3019447,2,-3,-50
1756014775.3399446,-6,0,-49
1756014775.3789446,-3,2,-58
1756014775.4169445,-3,-2,-43
1756014775.4529445,0,0,-47
1756014775.4899447,0,3,-51
1756014775.5289447,0,-2,-43
1756014775.5669446,5,-3,-46
1756014775.6029446,-2,-2,-58
1756014775.6409447,-3,-2,-59
1756014775.6789446,1,0,-47
1756014775.7179446,0,0,-56
1756014775.7539446,0,-3,-44
1756014775.7919445,0,-2,-40
1756014775.8299446,4,-1,-54
1756014775.8689446,0,-9,-53
1756014775.9069445,2,-4,-52
1756014775.9429443,-5,0,-48
1756014775.9799447,-3,0,-49
1756014776.0189445,2,8,-57
1756014776.0569446,0,6,-61
1756014776.0929446,1,2,-57
1756014776.1299446,4,6,-56
1756014776.167945,-13,0,-54
1756014776.2039447,0,-5,-56
1756014776.2419446,-2,-5,-50
1756014776.279945,-1,-2,-44
1756014776.3189447,3,1,-50
1756014776.3549447,3,-3,-57
1756014776.3919446,2,-4,-63
1756014776.4309447,0,1,-56
1756014776.4689443,1,0,-55
1756014776.5049446,2,3,-48
1756014776.5419445,0,0,-49
1756014776.5789447,-3,0,-61
1756014776.6179447,-4,1,-60
1756014776.6539447,-1,1,-53
1756014776.6919446,2,-1,-51
1756014776.7299447,5,6,-48
1756014776.7689445,2,4,-51
1756014776.8049445,2,4,-57
1756014776.8419447,0,0,-53
1756014776.8789446,5,-6,-47
1756014776.917945,-7,-1,-49
1756014776.9539447,-6,0,-54
1756014776.9929447,-8,0,-56
1756014777.0309446,-4,4,-55
1756014777.0689447,6,4,-47
1756014777.1049447,-1,-3,-47
1756014777.1429446,-2,0,-46
1756014777.1809447,4,-1,-41
1756014777.2199447,3,4,-46
1756014777.2579446,-4,1,-48
1756014777.2939446,0,4,-49
1756014777.3319447,0,3,-40
1756014777.3699446,5,5,-34
1756014777.407945,3,5,-46
1756014777.4439447,3,6,-46
1756014777.4809446,4,1,-42
1756014777.5189445,7,2,-39
1756014777.5559447,-8,3,-49
1756014777.5929446,-8,0,-46
1756014777.6309447,3,1,-49
1756014777.6689446,0,6,-42
1756014777.7059443,4,2,-40
1756014777.7439446,5,-3,-46
1756014777.7819445,0,-5,-51
1756014777.8209443,0,-2,-57
1756014777.858945,0,-1,-53
1756014777.894945,-3,5,-45
1756014777.9319446,-1,5,-45
1756014777.9699447,0,3,-43
1756014778.0089445,-6,0,-60
1756014778.0449443,-5,2,-63
1756014778.0829446,-2,0,-51
1756014778.1209445,1,0,-52
1756014778.1599443,0,0,-51
1756014778.1959443,-2,-4,-62
1756014778.233945,-3,0,-61
1756014778.2719443,-5,-8,-62
1756014778.3099446,2,-5,-57
1756014778.348945,-4,0,-60
1756014778.384945,0,-1,-61
1756014778.4219446,0,3,-50
1756014778.4599447,-5,-1,-53
1756014778.4959445,-5,4,-58
1756014778.532945,-3,3,-53
1756014778.5719447,-3,6,-43
1756014778.6099446,-4,8,-55
1756014778.6459446,-10,3,-56
1756014778.6829443,-5,-7,-62
1756014778.7219446,-1,-3,-60
1756014778.759945,-4,3,-53
1756014778.7959447,4,2,-55
1756014778.8329446,0,0,-34
1756014778.8709445,1,0,-58
1756014778.9089446,0,2,-61
1756014778.9449446,-7,-5,-65
1756014778.9829447,1,-3,-65
1756014779.0289447,3,0,-54
1756014779.0649445,4,-7,-52
1756014779.1029446,0,-2,-58
1756014779.1419446,0,-3,-49
1756014779.1799445,4,-7,-55
1756014779.2159443,-1,-4,-52
1756014779.2549446,-3,0,-48
1756014779.2919445,0,0,-54
1756014779.3299446,-3,0,-53
1756014779.3659446,-1,0,-44
1756014779.4029446,11,2,-50
1756014779.440945,6,-1,-50
1756014779.4789443,3,0,-49
1756014779.5149446,-2,1,-55
1756014779.5519447,2,3,-49
1756014779.5909443,-4,0,-51
1756014779.6269443,2,1,-52
1756014779.6659446,-1,-7,-46
1756014779.7029445,-4,4,-57
1756014779.7409446,-3,-3,-48
1756014779.779945,-2,-1,-62
1756014779.815945,0,2,-53
1756014779.8529446,3,0,-55
1756014779.8909447,1,-2,-59
1756014779.9269447,0,-1,-55
1756014779.963945,2,-3,-53
1756014780.0019443,5,-1,-54
1756014780.0409446,-2,-5,-55
1756014780.0769446,1,2,-55
1756014780.1139443,-3,-4,-54
1756014780.1529446,-1,5,-35
1756014780.190945,-1,4,-45
1756014780.2269447,-6,-5,-43
1756014780.2649446,-1,-2,-55
1756014780.3039446,0,-6,-56
1756014780.3419447,0,2,-34
1756014780.3799446,8,1,-45
1756014780.4159446,1,0,-62
1756014780.4539447,5,-5,-61
1756014780.4919446,9,-3,-62
1756014780.529945,10,0,-53
1756014780.565945,9,3,-49
1756014780.6029446,2,-4,-53
1756014780.6419446,1,-3,-48
1756014780.6799445,-4,-8,-42
1756014780.7159443,4,-14,-44
1756014780.7529447,0,-5,-57
1756014780.7919445,-1,-4,-48
1756014780.8299446,-3,-3,-54
1756014780.8659446,-7,0,-46
1756014780.9039447,0,-4,-57
1756014780.9419446,-2,-1,-63
1756014780.9799447,-9,-4,-62
1756014781.0159447,-3,0,-67
1756014781.0539446,-4,0,-65
1756014781.0919447,0,-1,-48
1756014781.1309447,-3,-2,-43
1756014781.1669445,-4,-5,-56
1756014781.2049446,3,-4,-50
1756014781.2429447,0,-1,-50
1756014781.2819445,-3,-2,-54
1756014781.3179443,-1,-4,-55
1756014781.3559446,2,-2,-48
1756014781.394945,-6,-1,-48
1756014781.4319446,0,-5,-51
1756014781.4709446,-3,-5,-60
1756014781.506945,-1,-2,-55
1756014781.5449443,-2,2,-49
1756014781.5829446,3,4,-50
1756014781.6209445,2,0,-56
1756014781.6569445,6,5,-44
1756014781.6949446,3,5,-36
1756014781.7319446,-4,0,-54
1756014781.7709446,-9,-2,-50
1756014781.8069446,1,0,-49
1756014781.8439443,7,0,-43
1756014781.881945,2,-4,-53
1756014781.9209447,3,0,-60
1756014781.9569447,3,2,-57
1756014781.9939446,-1,0,-60
1756014782.032945,-1,-1,-54
1756014782.0709443,3,-3,-64
1756014782.1069446,2,-3,-60
1756014782.1439445,-3,-2,-68
1756014782.1829443,-5,0,-45
1756014782.2209446,-5,6,-40
1756014782.256945,0,11,-37
1756014782.2939446,-1,5,-44
1756014782.3329446,-6,2,-40
1756014782.3709445,-6,-4,-47
1756014782.4069445,0,-1,-44
1756014782.4439447,1,-2,-42
1756014782.4829447,5,-4,-52
1756014782.5209446,1,0,-36
1756014782.5569446,2,-3,-46
1756014782.5949447,2,-2,-47
1756014782.6329446,8,-5,-55
1756014782.6719446,7,1,-50
1756014782.7079446,-5,6,-50
1756014782.7459445,-2,-1,-42
1756014782.7839446,-1,-2,-42
1756014782.8229446,-1,3,-48
1756014782.858945,-3,0,-53
1756014782.8959446,-6,-1,-56
1756014782.9339447,0,0,-50
1756014782.9729445,1,-2,-54
1756014783.0089445,-8,0,-55
1756014783.0459447,-1,-3,-60
1756014783.0839446,0,-2,-61
1756014783.1229446,-8,-2,-46
1756014783.1589446,-3,-2,-55
1756014783.1969447,1,0,-47
1756014783.2349446,2,0,-56
1756014783.2729447,13,1,-52
1756014783.3119447,2,-3,-48
1756014783.3479445,6,-3,-52
1756014783.3859446,4,-6,-50
1756014783.4229443,1,0,-54
1756014783.4589446,10,0,-51
1756014783.4959445,5,-3,-44
1756014783.5339446,-5,-2,-45
1756014783.5729446,-3,0,-45
1756014783.608945,0,0,-50
1756014783.6459446,0,-2,-54
1756014783.6839447,1,0,-55
1756014783.7219446,0,-2,-58
1756014783.7579446,-3,4,-56
1756014783.7959447,1,1,-62
1756014783.8339446,-4,0,-56
1756014783.8729446,-1,-2,-63
1756014783.9089446,-1,-4,-60
1756014783.9469447,-5,-5,-68
1756014783.9849446,0,-2,-57
1756014784.0239446,2,1,-58
1756014784.0619447,-1,1,-56
1756014784.0979445,2,-4,-45
1756014784.134945,0,-3,-49
1756014784.1739447,5,-1,-51
1756014784.2119446,1,-1,-56
1756014784.2479446,5,0,-61
1756014784.2849443,2,-1,-56
1756014784.3239446,2,-6,-50
1756014784.361945,-5,-7,-48
1756014784.3979447,-9,3,-49
1756014784.4359446,-9,6,-48
1756014784.473945,-2,4,-41
1756014784.5129447,7,1,-43
1756014784.5489447,-2,-1,-52
1756014784.5869446,1,0,-56
1756014784.6239443,-7,0,-51
1756014784.6629446,2,-7,-47
1756014784.6989446,0,-3,-56
1756014784.7359445,5,0,-54
1756014784.7739446,-6,2,-60
1756014784.8099446,-1,0,-65
1756014784.8479445,2,-2,-54
1756014784.8859446,0,-4,-60
1756014784.9249446,-1,-7,-66
1756014784.9629445,1,-9,-64
1756014784.9989443,1,-2,-58
1756014785.0369446,0,-5,-43
1756014785.075945,-3,2,-61
1756014785.1139443,7,1,-52
1756014785.1499443,4,1,-54
1756014785.1869447,-2,-4,-54
1756014785.2249446,-1,0,-49
1756014785.2639446,-4,0,-43
1756014785.2999446,-1,0,-42
1756014785.3369446,-1,6,-46
1756014785.3759446,7,1,-57
1756014785.4139447,-2,1,-60
1756014785.4499447,4,4,-59
1756014785.486945,7,-2,-52
1756014785.5259447,-1,-2,-51
1756014785.5639446,1,0,-60
1756014785.5999446,3,-1,-50
1756014785.6369443,1,1,-50
1756014785.6749446,3,-3,-51
1756014785.7129445,2,-3,-51
1756014785.7489443,-5,-10,-53
1756014785.7869446,-4,-3,-41
1756014785.825945,-7,-2,-35
1756014785.8639443,-2,0,-46
1756014785.8999443,0,0,-40
1756014785.9369447,-2,-1,-59
1756014785.9759445,1,0,-56
1756014786.0139446,4,-2,-60
1756014786.0499446,3,6,-46
1756014786.0869446,5,1,-50
1756014786.1249447,0,0,-51
1756014786.1629446,-4,-1,-43
1756014786.1989446,2,1,-52
1756014786.236945,0,2,-51
1756014786.2749443,0,4,-40
1756014786.3139446,1,3,-50
1756014786.3499446,6,-3,-54
1756014786.3879447,6,-7,-46
1756014786.4259446,-4,0,-59
1756014786.4649446,4,1,-47
1756014786.5009446,-4,-1,-43
1756014786.5389447,2,1,-38
1756014786.575945,-3,2,-51
1756014786.6149447,-4,0,-50
1756014786.6509447,-4,4,-53
1756014786.6889446,8,-1,-53
1756014786.7269447,-1,-1,-60
1756014786.7649446,-2,-6,-55
1756014786.8039446,0,-2,-51
1756014786.8399446,0,4,-54
1756014786.8779447,0,0,-51
1756014786.9159446,-3,-1,-57
1756014786.9549446,3,-2,-46
1756014786.9909446,9,-1,-39
1756014787.0289447,7,-1,-39
1756014787.0669446,0,0,-52
1756014787.1059446,-1,2,-56
1756014787.1439445,-6,5,-55
1756014787.1799445,-2,5,-54
1756014787.2169447,1,2,-50
1756014787.2559447,5,-2,-45
1756014787.2939446,-4,-9,-51
1756014787.3299446,1,-9,-55
1756014787.3669446,0,0,-42
1756014787.4059446,2,-1,-55
1756014787.4439447,6,-3,-62
1756014787.4799447,9,-8,-62
1756014787.5169446,0,-10,-51
1756014787.5559447,8,-6,-44
1756014787.5939443,-1,-7,-47
1756014787.6299446,5,-7,-44
1756014787.6669445,-1,-4,-57
1756014787.7059443,7,-2,-51
1756014787.7439446,3,-4,-52
1756014787.779945,1,-7,-48
1756014787.8169446,4,-2,-54
1756014787.8559446,4,2,-51
1756014787.8919446,3,-10,-60
1756014787.9289446,-3,-15,-57
1756014787.9669447,2,-9,-51
1756014788.0059447,-4,-2,-55
1756014788.0419445,-4,-2,-54
1756014788.0799446,0,-3,-51
1756014788.1179447,11,-2,-45
1756014788.1559446,0,-4,-53
1756014788.1949446,-2,-5,-48
1756014788.2309446,-2,2,-47
1756014788.2689445,-6,1,-36
1756014788.3079443,-8,1,-45
1756014788.3459446,0,-8,-48
1756014788.381945,3,-6,-47
1756014788.4189446,-6,-8,-47
1756014788.4579446,-5,0,-52
1756014788.4959445,-2,0,-55
1756014788.5319445,0,-8,-52
1756014788.5689447,3,3,-57
1756014788.6069446,2,-5,-53
1756014788.644945,0,-8,-54
1756014788.6809447,1,-2,-53
1756014788.7189443,-1,-3,-55
1756014788.756945,5,-6,-57
1756014788.7959447,0,-3,-68
1756014788.8319447,4,-2,-51
1756014788.8689446,1,-4,-50
1756014788.907945,-2,-5,-45
1756014788.9459443,1,-1,-47
1756014788.9819446,5,-4,-44
1756014789.0189445,4,0,-46
1756014789.0649445,4,3,-52
1756014789.1009445,4,0,-67
1756014789.1379447,5,5,-53
1756014789.1769447,-4,6,-63
1756014789.2149446,1,4,-44
1756014789.2509446,-3,8,-53
1756014789.2879446,-3,0,-51
1756014789.3269446,-2,-7,-45
1756014789.3649447,-7,-3,-63
1756014789.4009447,-3,-4,-60
1756014789.4389446,-3,0,-52
1756014789.4779446,-3,-3,-52
1756014789.5159447,-8,3,-57
1756014789.5519447,-4,3,-59
1756014789.5899446,-5,0,-51
1756014789.6279447,-7,1,-50
1756014789.6669445,-4,0,-53
1756014789.7029445,-5,-1,-64
1756014789.7409446,-5,1,-58
1756014789.7789447,-5,0,-51
1756014789.8169446,-2,-5,-53
1756014789.8559446,1,-2,-60
1756014789.8919446,-3,-7,-57
1756014789.9299445,2,-1,-63
1756014789.9679446,3,-4,-51
1756014790.006945,9,-2,-52
1756014790.042945,8,-3,-48
1756014790.0799446,8,2,-48
1756014790.1169446,0,6,-43
1756014790.1559446,-2,5,-45
1756014790.1919446,0,1,-46
1756014790.2289443,-1,-3,-45
1756014790.2679446,-12,0,-44
1756014790.3059447,-4,-1,-45
1756014790.3419447,-1,0,-49
1756014790.3789446,2,-3,-50
1756014790.417945,3,-4,-57
1756014790.4559443,-2,-7,-58
1756014790.4919446,-3,-6,-62
1756014790.529945,2,-2,-47
1756014790.5679443,6,-3,-45
1756014790.6069446,8,1,-53
1756014790.6429446,0,3,-47
1756014790.6799445,-6,-8,-42
1756014790.7179446,0,3,-42
1756014790.7559447,0,3,-42
1756014790.7919445,-4,-1,-52
1756014790.8299446,0,-3,-50
1756014790.8679447,8,-1,-52
1756014790.9069445,8,0,-56
1756014790.9429443,7,9,-38
1756014790.9799447,2,4,-46
1756014791.0179446,-2,-5,-57
1756014791.0569446,1,-10,-50
1756014791.0929446,-1,-6,-51
1756014791.1309447,-1,-2,-48
1756014791.1699443,3,-3,-52
1756014791.2079446,1,0,-42
1756014791.2439446,1,-2,-53
1756014791.2809446,-2,-4,-54
1756014791.3189447,0,0,-54
1756014791.3579447,1,-4,-53
1756014791.3939445,4,-3,-57
1756014791.4309447,0,-6,-55
1756014791.4689443,3,4,-58
1756014791.5079446,6,5,-57
1756014791.5439446,10,-3,-40
1756014791.5809443,-1,-4,-43
1756014791.6189446,-5,-2,-48
1756014791.657945,0,-3,-46
1756014791.6939447,-3,0,-56
1756014791.7329447,-6,-1,-57
1756014791.769945,-6,-1,-51
1756014791.8079443,3,0,-57
1756014791.8469446,-2,-7,-70
1756014791.8829446,-4,-10,-54
1756014791.9209447,-6,-7,-49
1756014791.9589446,-10,-7,-52
1756014791.9979446,-5,-2,-55
1756014792.0339446,-4,-3,-53
1756014792.0719447,-1,0,-47
1756014792.1099446,-4,0,-39
1756014792.1489446,5,0,-44
1756014792.1869447,9,0,-50
1756014792.2229445,1,-2,-56
1756014792.2609446,-6,3,-55
1756014792.2989447,-2,1,-52
1756014792.3379445,1,-13,-56
1756014792.3739443,3,-8,-52
1756014792.4109447,2,-1,-60
1756014792.4489446,0,1,-71
1756014792.486945,-2,-2,-50
1756014792.5229447,10,-6,-46
1756014792.5609446,-3,-4,-45
1756014792.598945,-4,1,-54
1756014792.6379447,1,-2,-54
1756014792.6739447,3,1,-43
1756014792.710945,-1,1,-34
1756014792.7489443,5,0,-39
1756014792.7869446,0,1,-55
1756014792.8229446,-4,0,-40
1756014792.8609445,7,2,-56
1756014792.8989446,-1,-6,-47
1756014792.9349446,3,-2,-56
1756014792.9719446,6,-5,-52
1756014793.009945,4,-2,-39
1756014793.0489447,6,2,-57
1756014793.0849447,6,0,-61
1756014793.121945,9,3,-61
1756014793.1589446,-1,-9,-53
1756014793.1979446,-6,-3,-54
1756014793.2349446,-6,-9,-56
1756014793.2719443,-2,-6,-67
1756014793.3099446,2,-3,-50
1756014793.348945,0,-1,-59
1756014793.384945,5,0,-55
1756014793.4219446,2,1,-47
1756014793.4589446,0,0,-50
1756014793.4949446,-2,0,-42
1756014793.5319445,2,0,-58
1756014793.5699446,4,2,-49
1756014793.6079447,1,7,-45
1756014793.6439445,-1,3,-45
1756014793.6819446,2,2,-43
1756014793.7199447,11,-4,-40
1756014793.7579446,3,-1,-47
1756014793.7939446,0,-1,-50
1756014793.8309443,-11,0,-46
1756014793.8699446,0,2,-49
1756014793.907945,-6,1,-52
1756014793.9439447,-6,0,-51
1756014793.9819446,5,1,-48
1756014794.019945,13,0,-60
1756014794.0579443,0,0,-47
1756014794.0939443,0,-3,-51
1756014794.131945,-1,-14,-39
1756014794.1699443,-5,0,-49
1756014794.2079446,1,1,-51
1756014794.2439446,0,-3,-48
1756014794.2819445,8,-2,-52
1756014794.3199446,1,-7,-51
1756014794.3579447,-3,0,-51
1756014794.3939445,-4,3,-64
1756014794.4319446,1,1,-67
1756014794.4699447,-1,0,-55
1756014794.5089445,-4,0,-59
1756014794.5449443,-4,-2,-51
1756014794.5829446,2,0,-46
1756014794.6199446,4,0,-46
1756014794.6559446,7,-1,-53
1756014794.6929443,0,-1,-45
1756014794.7319446,1,-4,-57
1756014794.769945,1,-3,-50
1756014794.8059447,4,1,-59
1756014794.8429446,-6,-1,-61
1756014794.881945,-3,0,-56
1756014794.9199443,0,-4,-52
1756014794.9559443,-4,-4,-46
1756014794.9939446,-1,-3,-52
1756014795.0319445,-1,-1,-58
1756014795.0699446,-1,-4,-51
1756014795.108945,-3,-2,-57
1756014795.144945,-1,-5,-58
1756014795.1829443,0,0,-60
1756014795.2209446,-2,-2,-56
1756014795.2589445,-1,-11,-57
1756014795.2949443,0,-7,-55
1756014795.3319447,0,-1,-57
1756014795.3709445,3,3,-37
1756014795.4089446,0,0,-57
1756014795.4449446,-2,-2,-51
1756014795.4829447,0,-2,-53
1756014795.5209446,4,-9,-64
1756014795.5599446,-4,-2,-47
1756014795.5959446,-1,-3,-42
1756014795.634945,-2,-2,-48
1756014795.6729443,0,0,-50
1756014795.710945,-2,0,-48
1756014795.7489443,-7,4,-43
1756014795.7849443,-6,0,-52
1756014795.8229446,-7,0,-51
1756014795.8609445,-4,-3,-53
1756014795.8989446,5,6,-53
1756014795.9349446,3,5,-48
1756014795.9729445,2,1,-46
1756014796.0109446,0,7,-44
1756014796.0489447,5,2,-59
1756014796.0849447,-3,1,-52
1756014796.121945,-11,-2,-46
1756014796.1609447,-3,-4,-53
1756014796.1969447,1,0,-51
1756014796.2349446,0,-2,-46
1756014796.2719443,1,-2,-56
1756014796.3109446,-1,0,-44
1756014796.3469446,-5,3,-53
1756014796.384945,-3,0,-54
1756014796.4229443,0,8,-44
1756014796.460945,-6,-1,-60
1756014796.4979446,-1,-3,-48
1756014796.5349443,1,1,-57
1756014796.5719447,-2,0,-48
1756014796.6109445,-7,6,-37
1756014796.6479447,-8,3,-54
1756014796.6849446,0,-2,-53
1756014796.7229445,-3,-5,-53
1756014796.7609446,1,1,-54
1756014796.7969446,2,0,-63
1756014796.8349447,-6,-4,-49
1756014796.8729446,-4,-1,-46
1756014796.9119446,6,-7,-37
1756014796.9499447,-1,-2,-48
1756014796.9859445,-2,-3,-59
1756014797.0239446,0,0,-62
1756014797.0619447,1,6,-55
1756014797.0999446,4,1,-54
1756014797.1359446,5,-4,-47
1756014797.1739447,1,-6,-53
1756014797.2119446,2,-1,-45
1756014797.2509446,5,2,-39
1756014797.2869446,4,3,-46
1756014797.3249447,-11,1,-51
1756014797.361945,0,-2,-48
1756014797.4009447,0,-3,-53
1756014797.4369447,1,-1,-55
1756014797.473945,4,0,-51
1756014797.5119443,4,3,-48
1756014797.5509446,2,6,-61
1756014797.5869446,0,3,-54
1756014797.6239443,0,5,-49
1756014797.6619446,0,1,-44
1756014797.6999447,-2,13,-47
1756014797.7359445,5,9,-52
1756014797.7739446,0,0,-58
1756014797.8119447,0,-5,-61
1756014797.8479445,9,1,-55
1756014797.884945,-1,-7,-58
1756014797.9229443,-8,-4,-49
1756014797.9619446,-2,-5,-38
1756014797.9979446,-5,0,-46
1756014798.0349443,-3,-3,-50
1756014798.0729446,-3,-1,-53
1756014798.111945,-1,3,-44
1756014798.1479447,6,-2,-41
1756014798.1849446,8,-1,-54
1756014798.2229445,12,0,-51
1756014798.2619443,6,8,-50
1756014798.2979443,0,2,-55
1756014798.3349447,0,-1,-52
1756014798.3729446,-5,2,-54
1756014798.4119446,-3,-1,-49
1756014798.4479446,-2,-2,-56
1756014798.4859445,4,0,-61
1756014798.5229447,2,1,-47
1756014798.5609446,-4,0,-47
1756014798.5969446,-2,7,-55
1756014798.6339445,0,4,-50
1756014798.6729443,1,2,-53
1756014798.710945,2,0,-50
1756014798.746945,-8,2,-50
1756014798.7839446,-11,-3,-56
1756014798.8229446,2,1,-56
1756014798.8609445,6,0,-48
1756014798.8969443,0,10,-46
1756014798.9339447,1,4,-43
1756014798.9719446,0,1,-58
1756014799.0079446,3,2,-47
1756014799.0449443,7,0,-50
1756014799.0909443,2,-5,-45
1756014799.1269443,-1,-2,-52
1756014799.1649446,0,2,-49
1756014799.2039447,-4,2,-54
1756014799.2419446,-1,-6,-53
1756014799.2779446,-1,-2,-47
1756014799.315945,2,-2,-56
1756014799.3539443,-1,5,-52
1756014799.3929446,-4,-4,-44
1756014799.4309447,-2,-6,-40
1756014799.4669447,0,-1,-52
1756014799.5039446,2,1,-45
1756014799.5419445,-2,-1,-54
1756014799.5779445,0,-1,-45
1756014799.6149447,-1,-4,-48
1756014799.6529446,-6,-7,-43
1756014799.6919446,1,-8,-40
1756014799.7279446,-3,-2,-48
1756014799.7659447,-2,-3,-46
1756014799.8039446,1,-5,-48
1756014799.8429446,0,-5,-36
1756014799.8789446,0,-2,-42
1756014799.9159446,1,2,-62
1756014799.9539447,-1,-2,-47
1756014799.9929447,1,5,-40
1756014800.0289447,-4,7,-41
1756014800.065945,-6,4,-45
1756014800.1039443,2,-2,-45
1756014800.1429446,-1,0,-62
1756014800.1789446,-5,-5,-66
1756014800.2169447,1,0,-48
1756014800.2539446,2,-2,-43
1756014800.292945,-3,6,-51
1756014800.3289447,-9,1,-49
1756014800.3659446,3,2,-53
1756014800.4039447,1,1,-48
1756014800.4419446,3,1,-53
1756014800.4779446,3,2,-52
1756014800.5149446,1,1,-49
1756014800.5539446,-1,3,-42
1756014800.5919447,-7,1,-51
1756014800.6279447,-5,1,-53
1756014800.6659446,-3,-1,-50
1756014800.7039447,-3,1,-48
1756014800.7419446,0,2,-52
1756014800.7779446,-5,-3,-45
1756014800.815945,-6,0,-42
1756014800.8539443,-5,-2,-50
1756014800.8919446,-3,-1,-47
1756014800.927945,2,4,-53
1756014800.9649446,-4,3,-44
1756014801.0039446,-7,6,-48
1756014801.0419445,-3,2,-51
1756014801.0779445,-2,1,-63
1756014801.1159446,-5,4,-56
1756014801.1539447,-4,-4,-46
1756014801.1929443,-3,-1,-51
1756014801.2289443,-5,0,-58
1756014801.2659447,-1,1,-52
1756014801.3039446,4,3,-57
1756014801.3429446,5,-3,-57
1756014801.3789446,3,-7,-57
1756014801.4159446,-2,-6,-48
1756014801.4539447,1,-1,-57
1756014801.4929447,4,0,-51
1756014801.5289447,-1,0,-55
1756014801.565945,0,-2,-51
1756014801.6039443,5,-5,-49
1756014801.6429446,10,2,-40
1756014801.6789446,6,0,-44
1756014801.7159443,5,0,-58
1756014801.7539446,0,-8,-56
1756014801.792945,1,0,-46
1756014801.8289447,4,7,-45
1756014801.8659446,-7,1,-50
1756014801.904945,1,2,-53
1756014801.9429443,-6,-1,-52
1756014801.9789443,-5,-8,-49
1756014802.0169446,1,-7,-47
1756014802.0549445,4,-5,-56
1756014802.0939443,-3,-8,-52
1756014802.1299446,-1,-8,-56
1756014802.167945,-2,-6,-46
1756014802.2059443,1,-4,-48
1756014802.2449446,3,-5,-46
1756014802.282945,-1,0,-46
1756014802.3189447,-7,1,-43
1756014802.3569446,-5,5,-31
1756014802.394945,-2,4,-48
1756014802.4339447,-6,2,-51
1756014802.4699447,0,0,-51
1756014802.506945,-6,-1,-56
1756014802.5449443,0,-3,-45
1756014802.5839446,2,6,-51
1756014802.6199446,7,3,-59
1756014802.6569445,6,0,-56
1756014802.6949446,8,-8,-53
1756014802.7329447,-10,-2,-42
1756014802.7689445,-7,-4,-57
1756014802.8069446,-7,-3,-43
1756014802.8449447,-4,0,-50
1756014802.8839445,-2,8,-63
1756014802.9199443,0,1,-60
1756014802.9569447,12,2,-44
1756014802.9949446,6,3,-53
1756014803.0309446,4,0,-47
1756014803.0689447,-1,-4,-53
1756014803.1059446,-1,-4,-56
1756014803.144945,-3,-2,-61
1756014803.1809447,3,0,-58
1756014803.2189443,1,-2,-60
1756014803.2559447,0,0,-57
1756014803.2939446,-4,0,-62
1756014803.3299446,-2,8,-61
1756014803.3679447,-5,3,-54
1756014803.4059446,-3,8,-53
1756014803.4449446,6,5,-58
1756014803.4809446,0,-1,-45
1756014803.5179446,0,-5,-57
1756014803.5559447,4,-5,-61
1756014803.5949447,3,-1,-51
1756014803.6309447,2,0,-57
1756014803.6689446,0,1,-62
1756014803.7059443,-9,4,-60
1756014803.7449446,-8,-1,-46
1756014803.7809446,-2,2,-54
1756014803.8179443,1,-5,-55
1756014803.8569446,0,-6,-60
1756014803.8959446,-2,1,-54
1756014803.9339447,2,-2,-57
1756014803.9699447,0,-8,-62
1756014804.0079446,6,-6,-57
1756014804.0459447,3,-8,-49
1756014804.0849447,1,-5,-44
1756014804.1209445,0,-2,-50
1756014804.157945,10,-7,-50
1756014804.1959443,-1,-3,-56
1756014804.2349446,-7,-7,-43
1756014804.2709446,1,-3,-40
1756014804.3089447,0,1,-60
1756014804.3459446,-1,0,-62
1756014804.384945,-9,2,-49
1756014804.4209447,-2,-1,-45
1756014804.4589446,-2,0,-54
1756014804.496945,0,-3,-62
1756014804.5359447,6,0,-62
1756014804.5719447,8,-3,-55
1756014804.608945,-1,-1,-61
1756014804.6469443,-3,-4,-66
1756014804.6859446,-2,-2,-65
1756014804.7219446,2,-4,-51
1756014804.7589445,3,-3,-59
1756014804.7969446,4,-2,-52
1756014804.835945,5,0,-49
1756014804.871945,0,-3,-58
1756014804.9089446,2,1,-69
1756014804.9459443,-2,-4,-51
1756014804.9849446,-3,-4,-38
1756014805.0209446,-5,1,-54
1756014805.0579443,1,1,-46
1756014805.0959446,3,0,-54
1756014805.131945,2,2,-45
1756014805.1699443,6,0,-51
1756014805.2069447,10,0,-51
1756014805.2449446,3,-2,-50
1756014805.2809446,1,6,-42
1756014805.3179443,4,0,-52
1756014805.3559446,-1,-8,-60
1756014805.3919446,-7,-3,-50
1756014805.4299445,-10,-1,-52
1756014805.4679446,-6,-4,-47
1756014805.506945,1,-1,-51
1756014805.5449443,6,2,-54
1756014805.5809443,-1,-2,-57
1756014805.6189446,1,1,-59
1756014805.6569445,1,-3,-55
1756014805.6949446,0,-6,-40
1756014805.7309446,-1,-5,-49
1756014805.7689445,-2,0,-63
1756014805.8069446,3,8,-51
1756014805.8459446,-3,2,-55
1756014805.881945,0,3,-65
1756014805.9199443,3,3,-52
1756014805.9579446,-6,-4,-54
1756014805.996945,-7,-3,-53
1756014806.0349443,4,0,-53
1756014806.0709443,0,4,-56
1756014806.1079447,-1,2,-59
1756014806.1469443,2,-9,-57
1756014806.1829443,2,-8,-47
1756014806.2209446,4,-6,-42
1756014806.2579446,1,-6,-56
1756014806.2969446,-7,-5,-52
1756014806.3329446,2,-4,-66
1756014806.3709445,4,-4,-67
1756014806.407945,9,0,-55
1756014806.4459443,8,-2,-55
1756014806.4819446,5,1,-53
1756014806.5209446,1,4,-51
1756014806.5579443,0,-4,-58
1756014806.5969446,-1,-3,-59
1756014806.6329446,1,-3,-65
1756014806.6709447,-2,-5,-51
1756014806.7089446,-4,0,-53
1756014806.746945,-3,1,-65
1756014806.7859447,0,-4,-56
1756014806.8219447,2,-3,-62
1756014806.8599446,0,0,-50
1756014806.8979447,4,1,-43
1756014806.9359446,-1,-2,-46
1756014806.9719446,4,-2,-59
1756014807.0089445,0,-1,-56
1756014807.0479443,0,0,-56
1756014807.085945,1,-1,-63
1756014807.121945,-5,1,-50
1756014807.1589446,1,2,-63
1756014807.1969447,3,0,-49
1756014807.2329447,0,0,-50
1756014807.269945,-7,2,-53
1756014807.3079443,1,4,-46
1756014807.3459446,-1,5,-43
1756014807.381945,7,2,-45
1756014807.4189446,0,0,-45
1756014807.4569447,5,0,-58
1756014807.4929447,9,-6,-50
1756014807.529945,2,0,-51
1756014807.5679443,2,1,-43
1756014807.6059446,0,-4,-48
1756014807.6419446,2,-2,-46
1756014807.6789446,2,0,-51
1756014807.7179446,0,-8,-51
1756014807.7539446,-6,-5,-59
1756014807.7919445,7,-8,-46
1756014807.8299446,5,0,-51
1756014807.8679447,-5,3,-59
1756014807.9039447,-2,-4,-47
1756014807.9419446,-8,-5,-56
1756014807.9799447,-3,-5,-58
1756014808.0179446,3,5,-48
1756014808.0539446,1,1,-41
1756014808.0909443,0,-6,-48
1756014808.1289446,-2,-10,-52
1756014808.167945,-2,-3,-47
1756014808.2039447,-2,-1,-53
1756014808.2419446,2,3,-50
1756014808.2789447,-6,-5,-41
1756014808.3179443,-4,-2,-51
1756014808.3539443,3,-6,-52
1756014808.3909447,0,5,-44
1756014808.4289446,0,0,-50
1756014808.4669447,3,2,-51
1756014808.5029447,-2,3,-68
1756014808.5399446,8,-4,-65
1756014808.5789447,6,3,-60
1756014808.6169446,-5,7,-65
1756014808.6529446,0,0,-63
1756014808.6899445,0,0,-65
1756014808.7289443,0,2,-58
1756014808.7669446,2,1,-50
1756014808.802945,0,-6,-44
1756014808.8399446,-4,0,-40
1756014808.8789446,0,0,-47
1756014808.9169445,-6,0,-52
1756014808.9529445,-2,5,-56
1756014808.9899447,-3,3,-61
1756014809.0289447,4,3,-49
1756014809.0669446,-3,-7,-61
1756014809.111945,5,-7,-60
1756014809.1499443,4,-3,-60
1756014809.187945,0,7,-58
1756014809.223945,-3,0,-61
1756014809.2619443,-4,-4,-42
1756014809.2999446,-9,-4,-56
1756014809.338945,2,0,-53
1756014809.3769443,0,3,-54
1756014809.4129446,3,5,-57
1756014809.4499447,0,0,-62
1756014809.4879446,-1,-2,-50
1756014809.5239446,-1,-4,-44
1756014809.5619447,-3,-11,-47
1756014809.5999446,-3,-9,-50
1756014809.6389446,0,-5,-57
1756014809.6749446,-5,0,-65
1756014809.7119446,-1,5,-53
1756014809.7499447,-5,-2,-53
1756014809.7889447,-5,-6,-50
1756014809.8249447,-7,-9,-49
1756014809.8629446,-5,1,-63
1756014809.9009447,1,-6,-56
1756014809.9389446,6,-3,-52
1756014809.9779446,0,-4,-53
1756014810.0139446,-2,-3,-47
1756014810.0519447,7,7,-38
1756014810.0899446,-5,2,-37
1756014810.1289446,-2,5,-47
1756014810.1649446,-3,8,-42
1756014810.2029445,-7,2,-42
1756014810.2419446,-10,0,-54
1756014810.279945,-7,4,-54
1756014810.3179443,-3,2,-53
1756014810.3539443,1,5,-50
1756014810.3909447,2,-5,-45
1756014810.4299445,2,-2,-47
1756014810.4679446,-7,2,-43
1756014810.5039446,-5,-1,-45
1756014810.5419445,-4,1,-46
1756014810.5799446,4,-2,-49
1756014810.6189446,3,-1,-48
1756014810.654945,5,-3,-53
1756014810.6919446,0,-3,-64
1756014810.7299447,-1,-2,-67
1756014810.7689445,2,-7,-58
1756014810.8049445,1,0,-50
1756014810.8419447,1,8,-50
1756014810.8799446,0,5,-46
1756014810.917945,4,4,-50
1756014810.9539447,0,0,-52
1756014810.9909446,0,3,-50
1756014811.0289447,0,-4,-52
1756014811.0649445,-2,-2,-54
1756014811.1029446,9,6,-56
1756014811.1399446,0,-1,-47
1756014811.1789446,5,3,-52
1756014811.2149446,0,0,-57
1756014811.2529447,0,1,-52
1756014811.2899446,-6,2,-52
1756014811.3289447,-8,0,-42
1756014811.3649447,-6,-6,-51
1756014811.4029446,-3,-2,-56
1756014811.440945,5,5,-53
1756014811.4789443,5,7,-51
1756014811.5149446,-5,3,-48
1756014811.552945,-2,1,-51
1756014811.5909443,3,3,-50
1756014811.6289446,0,1,-59
1756014811.6649446,3,1,-52
1756014811.7029445,-4,0,-44
1756014811.7399447,0,1,-43
1756014811.7789447,-6,-5,-52
1756014811.8149445,-6,0,-41
1756014811.8529446,-1,3,-36
1756014811.8909447,-3,-3,-49
1756014811.9299445,2,2,-52
1756014811.9659443,4,0,-53
1756014812.0029447,7,-3,-55
1756014812.0409446,0,-1,-51
1756014812.0799446,-4,-9,-44
1756014812.1159446,-1,-5,-47
1756014812.1539447,1,4,-52
1756014812.1919446,2,-1,-50
1756014812.2309446,5,0,-53
1756014812.2689445,-4,0,-37
1756014812.3049445,0,-2,-33
1756014812.3429446,0,0,-38
1756014812.3809447,4,0,-45
1756014812.4189446,9,-2,-42
1756014812.4549446,6,4,-48
1756014812.4929447,2,2,-45
1756014812.5309446,0,4,-58
1756014812.5689447,-5,3,-48
1756014812.6049447,-2,2,-56
1756014812.6429446,-3,0,-64
1756014812.6809447,0,-5,-66
1756014812.7199447,0,0,-54
1756014812.7559447,-9,-1,-51
1756014812.7939446,-2,-5,-50
1756014812.8319447,0,0,-48
1756014812.8709445,0,2,-50
1756014812.907945,0,-1,-54
1756014812.9449446,2,-2,-42
1756014812.9829447,5,-1,-45
1756014813.0209446,6,0,-50
1756014813.0579443,6,-3,-58
1756014813.0949447,2,-6,-51
1756014813.1329446,0,-3,-55
1756014813.1709447,-3,1,-67
1756014813.2099447,5,2,-52
1756014813.2459445,-2,0,-61
1756014813.282945,4,0,-50
1756014813.3209443,1,-13,-53
1756014813.3569446,10,-2,-39
1756014813.394945,5,-5,-41
1756014813.4329443,-2,-4,-43
1756014813.4719446,0,-7,-51
1756014813.509945,4,1,-53
1756014813.5459447,-6,-3,-65
1756014813.5839446,0,1,-56
1756014813.6229446,7,-3,-55
1756014813.6609447,-7,5,-63
1756014813.6969447,-7,4,-52
1756014813.733945,3,-4,-69
1756014813.7719443,3,0,-51
1756014813.8109446,6,-1,-58
1756014813.8469446,6,4,-42
1756014813.8839445,0,-1,-49
1756014813.9219446,4,5,-47
1756014813.960945,4,-1,-49
1756014813.996945,2,1,-52
1756014814.0339446,-3,2,-60
1756014814.0719447,2,-1,-56
1756014814.1109445,8,-7,-53
1756014814.1469443,5,1,-43
1756014814.1839447,-2,7,-52
1756014814.2219446,-2,4,-42
1756014814.2609446,4,9,-42
1756014814.2969446,0,1,-51
1756014814.3349447,-1,2,-46
1756014814.371945,-2,1,-43
1756014814.4109447,0,-2,-38
1756014814.4469447,-5,-2,-51
1756014814.4849446,-1,-8,-58
1756014814.5239446,4,-9,-52
1756014814.5619447,4,-5,-60
1756014814.5979445,-1,-3,-63
1756014814.6359446,0,-3,-53
1756014814.6739447,0,2,-41
1756014814.7119446,6,-2,-53
1756014814.7479446,3,-1,-48
1756014814.7859447,2,-3,-52
1756014814.8239446,-2,-7,-53
1756014814.861945,0,-1,-50
1756014814.9009447,0,2,-61
1756014814.9369447,2,-1,-62
1756014814.973945,2,-9,-54
1756014815.0119443,-5,1,-54
1756014815.0479443,-1,-3,-51
1756014815.085945,-3,-1,-51
1756014815.1239443,0,0,-55
1756014815.1629446,2,-2,-67
1756014815.200945,-2,-6,-54
1756014815.236945,0,-4,-55
1756014815.2739446,4,0,-47
1756014815.3119447,0,-4,-43
1756014815.3479445,5,-1,-43
1756014815.3859446,0,-1,-52
1756014815.4239447,0,0,-54
1756014815.4629445,0,0,-44
1756014815.5009446,8,-2,-40
1756014815.5369446,-2,-4,-35
1756014815.5749447,-1,-1,-48
1756014815.6139443,-6,2,-47
1756014815.6519446,0,-2,-45
1756014815.687945,1,-1,-58
1756014815.7259445,-2,4,-48
1756014815.7639446,0,3,-49
1756014815.802945,0,3,-41
1756014815.8409443,-3,0,-35
1756014815.8769443,-2,-1,-56
1756014815.9149446,3,-1,-52
1756014815.9529445,7,-6,-63
1756014815.9919446,6,4,-52
1756014816.0279446,5,2,-57
1756014816.0649445,5,12,-47
1756014816.1029446,6,3,-57
1756014816.1389446,0,3,-54
1756014816.1759446,6,-3,-51
1756014816.2149446,0,0,-55
1756014816.2529447,6,-2,-55
1756014816.2889447,-3,3,-51
1756014816.325945,-5,-1,-47
1756014816.3639443,-7,-12,-54
1756014816.4029446,-11,-11,-56
1756014816.4389446,-4,-7,-60
1756014816.4779446,7,0,-56
1756014816.5149446,6,-1,-50
1756014816.552945,4,-1,-56
1756014816.5919447,2,-3,-55
1756014816.6279447,6,-4,-49
1756014816.6649446,2,-1,-48
1756014816.7029445,-3,5,-51
1756014816.7419446,-1,-1,-62
1756014816.7779446,3,-1,-55
1756014816.8149445,1,-1,-61
1756014816.8539443,-3,0,-45
1756014816.8919446,-1,0,-48
1756014816.927945,-3,-4,-55
1756014816.9659443,0,1,-57
1756014817.0039446,-2,4,-47
1756014817.0419445,-3,3,-58
1756014817.0779445,-4,1,-52
1756014817.1149447,-4,2,-54
1756014817.1539447,0,-3,-44
1756014817.1919446,-8,-3,-50
1756014817.2279446,-5,0,-57
1756014817.2649446,2,-4,-58
1756014817.302945,1,0,-44
1756014817.338945,5,-3,-44
1756014817.3759446,4,-8,-48
1756014817.4149446,1,-6,-50
1756014817.4529445,5,-6,-44
1756014817.4889443,0,-2,-42
1756014817.5259447,-3,-2,-40
1756014817.5639446,1,0,-45
1756014817.6029446,-7,-1,-50
1756014817.6389446,-7,-1,-55
1756014817.677945,-9,2,-41
1756014817.7149446,-2,-4,-55
1756014817.7539446,-2,-6,-42
1756014817.7919445,-3,-1,-57
1756014817.8289447,6,-3,-52
1756014817.8669446,-2,-2,-46
1756014817.904945,0,3,-42
1756014817.9439447,0,-3,-60
1756014817.9799447,-1,-2,-54
1756014818.0179446,-6,-2,-54
1756014818.0559447,-10,0,-51
1756014818.0939443,-1,0,-59
1756014818.1329446,1,0,-63
1756014818.1689446,-7,-6,-59
1756014818.2069447,-6,0,-56
1756014818.2449446,0,-2,-48
1756014818.2839446,4,2,-57
1756014818.3199446,2,-1,-68
1756014818.3569446,2,2,-58
1756014818.394945,-1,4,-44
1756014818.4339447,-5,-2,-49
1756014818.4699447,-2,1,-47
1756014818.506945,4,-4,-45
1756014818.5449443,8,4,-40
1756014818.5829446,0,2,-47
1756014818.6189446,0,0,-44
1756014818.6559446,-2,2,-51
1756014818.6949446,-5,0,-56
1756014818.7329447,-2,-3,-49
1756014818.7689445,-1,1,-44
1756014818.8059447,0,2,-37
1756014818.8439443,3,1,-46
1756014818.8799446,6,0,-63
1756014818.9169445,-4,8,-51
1756014818.9549446,-8,3,-45
1756014818.9939446,-1,6,-38
1756014819.029945,2,-2,-38
1756014819.0679443,-1,7,-30
1756014819.1059446,2,4,-45
1756014819.1499443,2,2,-47
1756014819.187945,-1,-3,-47
1756014819.2259445,-4,0,-49
1756014819.2649446,-6,0,-41
1756014819.302945,-8,0,-39
1756014819.338945,-7,2,-50
1756014819.3759446,-1,3,-54
1756014819.4149446,-1,-2,-44
1756014819.450945,0,-1,-51
1756014819.4879446,-1,3,-42
1756014819.5259447,0,5,-50
1756014819.5649445,-2,5,-55
1756014819.6009445,-1,6,-54
1756014819.6379447,-4,-3,-50
1756014819.6759446,-6,-4,-58
1756014819.7149446,-1,0,-51
1756014819.7509446,-3,-1,-57
1756014819.7889447,-6,2,-52
1756014819.8279445,-3,2,-41
1756014819.8649447,3,-2,-51
1756014819.9039447,-3,5,-59
1756014819.9399445,-2,3,-60
1756014819.9779446,3,0,-47
1756014820.0149446,4,-5,-58
1756014820.0539446,7,7,-52
1756014820.0899446,-2,-3,-60
1756014820.1279447,-4,-8,-53
1756014820.1659446,-3,-5,-53
1756014820.2049446,-6,2,-54
1756014820.2409446,-4,3,-45
1756014820.2779446,-6,0,-43
1756014820.315945,-4,-1,-33
1756014820.3549447,0,5,-47
1756014820.3909447,3,3,-51
1756014820.427945,-1,0,-61
1756014820.4659443,-4,0,-62
1756014820.5049446,-3,6,-50
1756014820.5409446,-2,0,-59
1756014820.5779445,-1,-2,-57
1756014820.6159446,-4,1,-54
1756014820.654945,-7,-2,-51
1756014820.690945,0,-2,-48
1756014820.7279446,4,3,-63
1756014820.7659447,-2,2,-50
1756014820.8049445,3,0,-48
1756014820.8409443,0,1,-57
1756014820.8789446,0,-7,-53
1756014820.9159446,0,-5,-47
1756014820.9549446,-3,2,-52
1756014820.9909446,-3,0,-54
1756014821.0279446,4,2,-48
1756014821.065945,2,0,-51
1756014821.1019447,2,4,-47
1756014821.1389446,2,0,-41
1756014821.1769447,-8,0,-53
1756014821.2159443,-7,0,-57
1756014821.2519443,-3,3,-48
1756014821.2899446,-1,1,-46
1756014821.3279445,0,-4,-54
1756014821.3659446,-3,2,-57
1756014821.404945,-1,0,-55
1756014821.440945,-5,0,-44
1756014821.4779446,-1,0,-52
1756014821.5159447,-3,-1,-54
1756014821.5549445,0,1,-57
1756014821.5909443,-4,-1,-67
1756014821.6289446,-2,5,-54
1756014821.6669445,0,6,-65
1756014821.7049446,-3,0,-62
1756014821.7409446,-4,3,-50
1756014821.7779446,3,-6,-46
1756014821.8169446,-4,-6,-48
1756014821.8549447,-1,-1,-47
1756014821.8909447,-1,0,-40
1756014821.927945,2,-6,-57
1756014821.9669447,0,-9,-45
1756014822.0049446,0,-1,-37
1756014822.0409446,2,3,-38
1756014822.0779445,-8,5,-45
1756014822.1159446,-3,0,-54
1756014822.1519446,-5,-3,-50
1756014822.1899445,2,2,-43
1756014822.2279446,0,-5,-40
1756014822.2669446,-2,-7,-47
1756014822.3049445,-6,0,-53
1756014822.3409443,-2,-2,-44
1756014822.3789446,-2,-14,-48
1756014822.4169445,0,-4,-56
1756014822.4559443,6,-6,-54
1756014822.4919446,5,-2,-55
1756014822.529945,0,-1,-50
1756014822.5679443,-1,0,-56
1756014822.6069446,-10,-7,-50
1756014822.644945,1,1,-44
1756014822.6809447,0,-1,-64
1756014822.7179446,0,-4,-58
1756014822.756945,7,-1,-50
1756014822.792945,5,-4,-64
1756014822.8309443,2,0,-48
1756014822.8679447,1,-7,-54
1756014822.9069445,0,-3,-64
1756014822.9429443,-2,-7,-55
1756014822.9809446,-2,5,-58
1756014823.0189445,0,5,-39
1756014823.0569446,0,5,-53
1756014823.0929446,0,2,-50
1756014823.1299446,-6,5,-41
1756014823.167945,0,-5,-55
1756014823.2069447,-10,-5,-53
1756014823.2429447,-7,4,-54
1756014823.279945,-4,3,-57
1756014823.3179443,0,1,-49
1756014823.3559446,-2,-1,-58
1756014823.3919446,2,0,-50
1756014823.4289446,0,0,-42
1756014823.4669447,3,-3,-58
1756014823.5029447,0,-2,-57
1756014823.5399446,-4,-6,-58
1756014823.5779445,1,-1,-50
1756014823.6169446,0,1,-58
1756014823.6529446,3,-6,-59
1756014823.6899445,-2,-1,-53
1756014823.7279446,-2,-7,-49
1756014823.7669446,1,-5,-61
1756014823.802945,-3,0,-56
1756014823.8399446,0,-4,-58
1756014823.8789446,7,-4,-56
1756014823.9169445,0,-3,-55
1756014823.9529445,0,-3,-49
1756014823.9899447,3,-2,-52
1756014824.0289447,6,-2,-49
1756014824.0669446,3,-6,-45
1756014824.1029446,-4,-5,-51
1756014824.1419446,1,-4,-50
1756014824.1789446,-2,-4,-56
1756014824.2179446,-5,2,-53
1756014824.2559447,-8,-1,-45
1756014824.2919445,-9,-1,-49
1756014824.3299446,-2,-6,-45
1756014824.3679447,0,-6,-45
1756014824.4069445,4,-1,-48
1756014824.4429443,8,3,-46
1756014824.4799447,0,2,-55
1756014824.5179446,1,-1,-58
1756014824.5569446,-2,-1,-56
1756014824.5929446,1,-2,-59
1756014824.6299446,2,0,-48
1756014824.667945,1,6,-51
1756014824.7039447,2,0,-47
1756014824.7409446,0,0,-54
1756014824.7789447,-1,-5,-56
1756014824.8179443,2,-9,-51
1756014824.8539443,2,-3,-47
1756014824.8909447,2,1,-37
1756014824.9289446,2,2,-39
1756014824.9669447,0,2,-45
1756014825.0029447,-3,-4,-54
1756014825.0409446,4,-5,-60
1756014825.0789447,-7,-1,-40
1756014825.1179447,-3,3,-40
1756014825.1539447,-2,-2,-48
1756014825.1919446,-4,1,-46
1756014825.2299447,2,-1,-42
1756014825.2689445,4,-2,-48
1756014825.3069446,3,-2,-49
1756014825.3429446,2,-8,-48
1756014825.3799446,-7,-1,-55
1756014825.4189446,1,-2,-58
1756014825.4569447,5,-2,-51
1756014825.4929447,-1,3,-51
1756014825.529945,0,0,-57
1756014825.5689447,3,4,-60
1756014825.6069446,-4,0,-51
1756014825.6429446,5,-5,-34
1756014825.6799445,2,1,-47
1756014825.7179446,-1,-1,-54
1756014825.7539446,-2,0,-50
1756014825.7909446,9,0,-55
1756014825.8289447,3,1,-72
1756014825.8669446,1,2,-67
1756014825.9029446,0,-1,-56
1756014825.9399445,3,1,-50
1756014825.9789443,3,2,-48
1756014826.0149446,3,1,-52
1756014826.052945,1,3,-62
1756014826.0909443,0,-2,-59
1756014826.1289446,10,5,-58
1756014826.167945,7,3,-49
1756014826.2039447,1,0,-61
1756014826.2409446,5,-7,-68
1756014826.279945,5,-3,-57
1756014826.3179443,-2,-1,-57
1756014826.3539443,3,0,-50
1756014826.3919446,-1,-5,-55
1756014826.4289446,-4,-6,-44
1756014826.4679446,1,-1,-48
1756014826.5039446,-6,-2,-46
1756014826.542945,3,-3,-51
1756014826.5799446,1,-4,-60
1756014826.6189446,-4,-7,-55
1756014826.654945,0,0,-56
1756014826.6929443,1,-2,-48
1756014826.7309446,5,-4,-51
1756014826.769945,3,-2,-60
1756014826.8079443,9,0,-49
1756014826.8439443,-2,-8,-50
1756014826.881945,-10,-1,-47
1756014826.9199443,3,-4,-60
1756014826.9589446,4,0,-53
1756014826.9949446,1,-1,-49
1756014827.032945,0,-5,-55
1756014827.0709443,-1,-2,-55
1756014827.1099446,4,-1,-56
1756014827.1479447,2,1,-52
1756014827.1839447,-1,0,-55
1756014827.2219446,3,0,-55
1756014827.259945,9,3,-54
1756014827.2979443,2,0,-57
1756014827.3349447,-1,-5,-51
1756014827.371945,1,-2,-60
1756014827.4099443,5,-2,-50
1756014827.4489446,0,-4,-49
1756014827.4849446,0,0,-54
1756014827.5219443,0,-1,-58
1756014827.5599446,1,-1,-39
1756014827.598945,0,1,-40
1756014827.634945,7,4,-50
1756014827.6719446,1,-6,-48
1756014827.7099447,-5,1,-38
1756014827.7459445,3,0,-53
1756014827.782945,0,8,-53
1756014827.8199446,-3,-1,-52
1756014827.858945,0,1,-56
1756014827.894945,0,-1,-55
1756014827.9319446,-5,-4,-56
1756014827.9699447,-4,0,-61
1756014828.0089445,-1,0,-43
1756014828.0449443,-2,-4,-64
1756014828.0839446,1,0,-54
1756014828.121945,8,1,-52
1756014828.1599443,5,3,-64
1756014828.1959443,5,2,-56
1756014828.233945,0,3,-60
1756014828.2719443,2,-1,-68
1756014828.3109446,-2,1,-55
1756014828.348945,-2,-1,-50
1756014828.384945,-2,-5,-53
1756014828.4229443,-1,-4,-61
1756014828.460945,-3,0,-54
1756014828.4999447,0,-6,-51
1756014828.5359447,-1,-3,-60
1756014828.5739446,-5,-1,-61
1756014828.611945,12,-6,-55
1756014828.6509447,7,0,-56
1756014828.6889446,-6,3,-42
1756014828.7249446,-3,1,-47
1756014828.7629447,-4,0,-49
1756014828.8009446,3,2,-47
1756014828.838945,2,3,-54
1756014828.8749447,8,0,-48
1756014828.9129446,5,-1,-54
1756014828.9519446,0,-4,-44
1756014828.9899447,-10,4,-47
1756014829.0259447,-4,1,-46
1756014829.0639446,-6,-1,-55
1756014829.1019447,-3,-10,-54
1756014829.1409447,1,-2,-50
1756014829.1859446,1,-4,-46
1756014829.2229445,-7,4,-42
1756014829.2609446,-3,5,-42
1756014829.2999446,-3,4,-56
1756014829.335945,1,2,-45
1756014829.3729446,-1,0,-46
1756014829.4109447,-2,1,-47
1756014829.4499447,-2,-10,-39
1756014829.4859445,0,-5,-37
1756014829.5229447,-2,-4,-57
1756014829.5609446,-4,-3,-49
1756014829.5999446,0,-2,-47
1756014829.6359446,4,-1,-44
1756014829.6729443,-2,0,-55
1756014829.710945,3,-4,-62
1756014829.7499447,0,0,-67
1756014829.7859447,-3,-1,-69
1756014829.8239446,1,1,-53
1756014829.861945,-3,-2,-54
1756014829.8999443,-4,0,-56
1756014829.9359446,-7,-5,-49
1756014829.973945,-1,1,-49
1756014830.0119443,0,1,-38
1756014830.0509446,2,-6,-32
1756014830.0869446,7,-4,-35
1756014830.1239443,4,1,-38
1756014830.1619446,2,1,-55
1756014830.1999447,-3,1,-52
1756014830.2359445,2,0,-49
1756014830.2729447,-6,0,-52
1756014830.3119447,-5,0,-53
1756014830.3499446,2,0,-52
1756014830.3859446,3,2,-58
1756014830.4229443,-1,4,-54
1756014830.4619446,-2,1,-42
1756014830.4999447,-3,8,-48
1756014830.5369446,6,6,-51
1756014830.5739446,0,1,-55
1756014830.611945,-3,-5,-46
1756014830.6509447,-7,-2,-39
1756014830.6869447,0,-2,-47
1756014830.7249446,2,0,-44
1756014830.7619443,4,-1,-59
1756014830.8009446,7,0,-53
1756014830.8369446,3,2,-52
1756014830.8739443,4,-5,-60
1756014830.9119446,-3,-1,-56
1756014830.950945,4,0,-60
1756014830.986945,7,0,-49
1756014831.0239446,0,1,-48
1756014831.0619447,1,1,-40
1756014831.0979445,-4,-1,-49
1756014831.1369443,-1,0,-46
1756014831.1739447,3,-3,-44
1756014831.2119446,-1,0,-56
1756014831.2509446,6,-3,-51
1756014831.2869446,3,0,-57
1756014831.3249447,3,4,-46
1756014831.3629446,3,0,-59
1756014831.4009447,-5,-3,-50
1756014831.4369447,-8,4,-61
1756014831.473945,-7,-1,-61
1756014831.5129447,2,4,-67
1756014831.5509446,3,-1,-52
1756014831.5869446,7,3,-43
1756014831.6239443,2,0,-55
1756014831.6619446,-1,1,-46
1756014831.6979446,0,0,-58
1756014831.7359445,1,-2,-59
1756014831.7739446,2,-1,-57
1756014831.812945,0,0,-52
1756014831.8509445,1,0,-49
1756014831.8869443,0,-1,-49
1756014831.9249446,-1,-5,-53
1756014831.9629445,3,-2,-58
1756014832.0019443,0,-1,-53
1756014832.0379446,-1,-2,-49
1756014832.075945,2,-1,-48
1756014832.1139443,-7,1,-57
1756014832.1529446,-6,3,-49
1756014832.190945,-2,2,-54
1756014832.2269447,0,-6,-71
1756014832.2649446,1,0,-70
1756014832.302945,2,0,-64
1756014832.3409443,5,4,-57
1756014832.3769443,4,8,-53
1756014832.4139447,1,4,-50
1756014832.4519446,-5,2,-46
1756014832.4879446,-3,3,-45
1756014832.5249443,2,2,-57
1756014832.562945,-4,6,-53
1756014832.6019447,0,1,-54
1756014832.6379447,2,2,-54
1756014832.6749446,-4,-3,-47
1756014832.7129445,5,0,-50
1756014832.7519443,0,1,-65
1756014832.7879446,0,0,-47
1756014832.8249447,-1,1,-47
1756014832.8639443,-2,2,-53
1756014832.9019446,2,3,-50
1756014832.937945,3,-4,-60
1756014832.9749446,0,0,-62
1756014833.0129447,1,2,-56
1756014833.0489447,5,0,-56
1756014833.0869446,3,-5,-48
1756014833.1249447,-3,-6,-56
1756014833.1639447,-6,-5,-58
1756014833.2019446,-4,-1,-54
1756014833.2379446,-5,-2,-54
1756014833.2759447,5,-1,-56
1756014833.3139446,10,-7,-56
1756014833.3529446,0,-3,-61
1756014833.3889446,1,0,-58
1756014833.4259446,1,1,-47
1756014833.463945,-5,3,-59
1756014833.5029447,1,1,-52
1756014833.5389447,-3,-2,-46
1756014833.5769446,0,0,-53
1756014833.6139443,1,2,-51
1756014833.6519446,1,0,-60
1756014833.687945,-5,0,-55
1756014833.7259445,-3,-3,-39
1756014833.7639446,-2,-10,-43
1756014833.802945,0,-6,-40
1756014833.838945,-5,-4,-43
1756014833.8769443,3,1,-63
1756014833.9139447,0,-1,-51
1756014833.9529445,-11,-4,-49
1756014833.9889443,3,-7,-45
1756014834.0259447,0,-3,-53
1756014834.0639446,-1,0,-53
1756014834.1029446,-4,0,-43
1756014834.1389446,-5,-3,-52
1756014834.1769447,-4,1,-58
1756014834.2149446,-6,0,-49
1756014834.2539446,-3,1,-51
1756014834.2919445,-8,-1,-48
1756014834.3279445,-6,-4,-45
1756014834.3659446,-9,-4,-54
1756014834.4039447,-8,0,-53
1756014834.4429443,-2,-1,-61
1756014834.4789443,-1,-1,-59
1756014834.5169446,2,2,-47
1756014834.5549445,7,-5,-47
1756014834.5939443,0,-2,-56
1756014834.6299446,-5,4,-55
1756014834.6669445,-2,-3,-60
1756014834.7049446,0,0,-57
1756014834.7429447,9,-1,-54
1756014834.7789447,2,-2,-52
1756014834.8169446,2,-3,-60
1756014834.8549447,-3,-1,-58
1756014834.8939445,-3,-1,-56
1756014834.9299445,-3,-5,-71
1756014834.9679446,1,0,-65
1756014835.0059447,12,0,-62
1756014835.0439446,2,-10,-60
1756014835.0799446,4,-5,-54
1756014835.1169446,4,-3,-60
1756014835.154945,3,4,-48
1756014835.1929443,-7,6,-49
1756014835.2289443,-7,-3,-48
1756014835.2669446,-5,4,-49
1756014835.3049445,-3,4,-55
1756014835.3439443,-6,1,-46
1756014835.3799446,3,5,-43
1756014835.4169445,4,0,-49
1756014835.4549446,-2,0,-49
1756014835.4929447,2,9,-55
1756014835.5289447,7,-1,-68
1756014835.565945,5,-2,-62
1756014835.6049447,2,0,-47
1756014835.6429446,-3,-5,-54
1756014835.6789446,-2,-1,-54
1756014835.7169447,-2,-3,-57
1756014835.7549446,-3,5,-53
1756014835.7939446,-3,-1,-42
1756014835.8299446,1,-5,-50
1756014835.8679447,5,1,-61
1756014835.904945,-3,0,-55
1756014835.9439447,0,1,-51
1756014835.9799447,0,0,-53
1756014836.0179446,0,1,-47
1756014836.0549445,0,-3,-48
1756014836.0939443,3,0,-47
1756014836.1299446,0,1,-40
1756014836.167945,0,1,-57
1756014836.2049446,1,-1,-55
1756014836.2439446,3,3,-45
1756014836.279945,5,-3,-57
1756014836.3189447,-1,6,-57
1756014836.3569446,-7,3,-55
1756014836.394945,-1,3,-43
1756014836.4339447,0,1,-63
1756014836.4699447,0,2,-58
1756014836.506945,0,-3,-51
1756014836.5449443,3,-5,-34
1756014836.5839446,-7,0,-52
1756014836.6199446,0,-6,-56
1756014836.657945,8,-4,-58
1756014836.6959443,0,0,-59
1756014836.733945,4,0,-53
1756014836.769945,-1,-4,-48
1756014836.8079443,-3,2,-53
1756014836.8459446,1,-3,-45
1756014836.884945,-2,-3,-49
1756014836.9209447,-3,-10,-56
1756014836.9589446,-7,-6,-49
1756014836.996945,2,0,-48
1756014837.0359447,-4,10,-47
1756014837.0739446,0,2,-53
1756014837.1099446,-2,-2,-52
1756014837.1479447,3,-2,-52
1756014837.1869447,5,-2,-48
1756014837.2249446,-3,-4,-41
1756014837.2609446,0,-2,-42
1756014837.2979443,1,-2,-49
1756014837.335945,-9,0,-56
1756014837.3739443,1,0,-52
1756014837.4099443,-5,1,-52
1756014837.4469447,-2,-6,-53
1756014837.4859445,3,-8,-53
1756014837.5239446,-4,-9,-50
1756014837.5599446,4,0,-49
1756014837.5979445,6,-2,-43
1756014837.6359446,4,-5,-52
1756014837.6749446,8,1,-64
1756014837.710945,3,5,-52
1756014837.7489443,0,-1,-50
1756014837.7859447,1,3,-48
1756014837.8219447,0,8,-51
1756014837.858945,5,7,-65
1756014837.8969443,-5,4,-52
1756014837.9359446,-4,7,-57
1756014837.9719446,-6,-1,-53
1756014838.009945,0,2,-47
1756014838.0469446,-3,3,-49
1756014838.085945,-4,1,-62
1756014838.121945,-3,-1,-52
1756014838.1599443,-2,-3,-45
1756014838.1979446,-3,0,-57
1756014838.2359445,0,0,-55
1756014838.2749443,-2,-3,-62
1756014838.3109446,-2,6,-58
1756014838.3479445,2,0,-59
1756014838.3859446,1,3,-59
1756014838.4219446,0,0,-63
1756014838.4589446,8,0,-54
1756014838.496945,0,-1,-49
1756014838.5359447,3,1,-47
1756014838.5719447,10,-7,-44
1756014838.6099446,2,6,-51
1756014838.6469443,-1,0,-52
1756014838.6859446,-5,-3,-51
1756014838.7219446,-8,-1,-52
1756014838.759945,2,5,-60
1756014838.7979443,0,-3,-56
1756014838.8369446,2,-4,-41
1756014838.8749447,5,0,-37
1756014838.9109447,9,-2,-45
1756014838.9479446,8,-2,-49
1756014838.986945,1,1,-45
1756014839.0249443,10,0,-43
1756014839.0609446,3,1,-54
1756014839.098945,-2,-3,-62
1756014839.1379447,0,1,-62
1756014839.1759446,0,0,-50
1756014839.2199447,1,0,-49
1756014839.2589445,0,-6,-57
1756014839.2969446,0,-4,-55
1756014839.3329446,-1,0,-56
1756014839.3699446,-2,1,-52
1756014839.407945,-1,-4,-66
1756014839.4469447,-2,-3,-50
1756014839.4829447,0,-6,-58
1756014839.519945,-4,-6,-55
1756014839.5579443,0,-3,-51
1756014839.5969446,1,-11,-50
1756014839.6329446,-1,-10,-45
1756014839.6719446,0,0,-51
1756014839.7089446,-2,1,-48
1756014839.746945,-7,-5,-57
1756014839.7859447,2,-5,-55
1756014839.8219447,-4,-2,-50
1756014839.8599446,8,5,-44
1756014839.8969443,0,4,-50
1756014839.9329443,2,7,-57
1756014839.9699447,-4,4,-56
1756014840.0079446,-4,0,-38
1756014840.0469446,0,-1,-41
1756014840.0829446,2,-4,-52
1756014840.1199446,-1,-6,-56
1756014840.157945,-6,-1,-53
1756014840.1969447,-2,-5,-58
1756014840.2329447,4,5,-56
1756014840.269945,-2,12,-58
1756014840.3079443,-6,-5,-55
1756014840.3469446,2,0,-49
1756014840.3829446,0,0,-44
1756014840.4209447,0,0,-51
1756014840.4589446,2,0,-43
1756014840.4979446,3,3,-51
1756014840.5359447,3,-2,-50
1756014840.5719447,-3,-2,-56
1756014840.6099446,-5,1,-48
1756014840.6479447,-1,7,-54
1756014840.6869447,1,4,-47
1756014840.7229445,-2,8,-50
1756014840.759945,8,-2,-58
1756014840.7979443,-2,-7,-71
1756014840.8369446,0,-8,-66
1756014840.8729446,1,-5,-64
1756014840.9099443,1,-3,-65
1756014840.9479446,-2,-2,-62
1756014840.986945,4,0,-52
1756014841.0229447,4,-5,-59
1756014841.0609446,6,-6,-60
1756014841.098945,4,0,-53
1756014841.1369443,-3,3,-45
1756014841.1729443,-2,-3,-58
1756014841.210945,-3,2,-57
1756014841.2489443,-3,1,-60
1756014841.2879446,-4,0,-45
1756014841.3239446,-4,4,-52
1756014841.361945,-1,7,-57
1756014841.3999443,1,8,-65
1756014841.437945,-5,5,-50
1756014841.4769447,-6,5,-57
1756014841.5129447,-1,0,-63
1756014841.5499446,2,-1,-63
1756014841.5879445,4,-1,-55
1756014841.6269443,1,-8,-47
1756014841.6629446,4,-4,-40
1756014841.6999447,0,0,-58
1756014841.7389443,1,-3,-44
1756014841.7769446,-2,-4,-45
1756014841.812945,-5,-4,-50
1756014841.8509445,0,-3,-41
1756014841.8899446,-5,-5,-40
1756014841.927945,-2,-3,-50
1756014841.963945,-2,-1,-66
1756014842.0029447,-5,1,-52
1756014842.0399446,0,4,-52
1756014842.0779445,-4,0,-44
1756014842.1139443,-4,2,-40
1756014842.1519446,1,4,-49
1756014842.1889446,0,-2,-49
1756014842.2279446,0,-7,-52
1756014842.2639446,-2,-7,-48
1756014842.302945,-9,-10,-52
1756014842.3399446,-8,0,-46
1756014842.3789446,-2,0,-57
1756014842.4169445,-4,5,-57
1756014842.4529445,4,1,-55
1756014842.4899447,-6,5,-54
1756014842.5289447,5,2,-61
1756014842.5669446,-1,-2,-53
1756014842.6029446,-1,0,-50
1756014842.6399446,0,0,-62
1756014842.677945,2,0,-57
1756014842.713945,-1,-5,-50
1756014842.7519443,-1,-2,-52
1756014842.7909446,6,-1,-54
1756014842.8289447,-2,3,-54
1756014842.8649447,-7,1,-51
1756014842.9019446,7,1,-62
1756014842.9389446,5,4,-51
1756014842.9779446,4,-10,-57
1756014843.0139446,4,-2,-52
1756014843.0509446,0,-7,-55
1756014843.088945,-7,-7,-56
1756014843.1279447,-7,-4,-63
1756014843.1639447,-2,2,-62
1756014843.200945,-4,2,-52
1756014843.2389443,0,-9,-55
1756014843.2779446,-4,1,-49
1756014843.3139446,-4,0,-50
1756014843.3509445,0,-2,-49
1756014843.3899446,-10,-2,-40
1756014843.427945,1,-11,-43
1756014843.463945,6,-3,-48
1756014843.5019443,1,6,-53
1756014843.5399446,0,0,-39
1756014843.5779445,-3,-4,-47
1756014843.6139443,-6,1,-45
1756014843.6509447,-12,-3,-45
1756014843.6899445,0,-3,-40
1756014843.7279446,-1,0,-51
1756014843.7639446,0,-4,-40
1756014843.8009446,-5,-7,-49
1756014843.8399446,-4,-2,-55
1756014843.8779447,5,-3,-55
1756014843.9139447,-1,0,-56
1756014843.950945,-3,-3,-54
1756014843.9899447,-1,-2,-51
1756014844.0279446,0,-4,-51
1756014844.0639446,4,-3,-44
1756014844.1009445,-3,0,-45
1756014844.1399446,-7,-2,-47
1756014844.177945,-4,-1,-41
1756014844.213945,-6,-1,-45
1756014844.2519443,1,-4,-55
1756014844.2909446,4,-4,-54
1756014844.3289447,10,0,-45
1756014844.3649447,0,0,-38
1756014844.4019446,0,3,-50
1756014844.4399445,2,-2,-54
1756014844.4759445,12,-9,-57
1756014844.5139446,9,-7,-68
1756014844.5519447,5,-3,-52
1756014844.5899446,5,-2,-45
1756014844.6289446,-3,1,-50
1756014844.6649446,-1,0,-54
1756014844.7029445,0,0,-43
1756014844.7399447,-2,-1,-41
1756014844.7789447,-3,5,-46
1756014844.8149445,1,2,-49
1756014844.8519447,-2,5,-56
1756014844.8899446,2,-3,-58
1756014844.9289446,3,-4,-61
1756014844.9649446,3,1,-67
1756014845.0019443,5,-10,-66
1756014845.0409446,0,-2,-60
1756014845.0789447,5,1,-57
1756014845.1149447,3,1,-53
1756014845.1519446,-1,2,-51
1756014845.190945,-1,-2,-43
1756014845.2289443,0,2,-50
1756014845.2649446,0,2,-43
1756014845.3019447,2,-6,-44
1756014845.3409443,-3,1,-53
1756014845.3789446,0,-7,-49
1756014845.4149446,-2,0,-41
1756014845.4519446,-5,-4,-62
1756014845.4909446,-2,2,-53
1756014845.5289447,-2,-3,-53
1756014845.5649445,1,-5,-43
1756014845.6019447,3,0,-50
1756014845.6409447,3,2,-40
1756014845.6789446,0,2,-53
1756014845.7149446,2,-6,-52
1756014845.7519443,-3,-5,-43
1756014845.7909446,2,-1,-41
1756014845.8289447,0,-2,-51
1756014845.8649447,5,-2,-57
1756014845.9019446,-5,0,-59
1756014845.940945,4,0,-51
1756014845.9789443,9,-1,-52
1756014846.0149446,5,-1,-50
1756014846.0519447,-1,0,-55
1756014846.0909443,0,0,-52
1756014846.1269443,-3,3,-50
1756014846.1649446,-5,0,-54
1756014846.2029445,0,0,-60
1756014846.2419446,0,-1,-51
1756014846.279945,0,-1,-60
1756014846.315945,3,0,-57
1756014846.3539443,0,-5,-44
1756014846.3909447,0,-7,-59
1756014846.4299445,0,-7,-60
1756014846.4659443,-2,-2,-60
1756014846.5039446,-5,-4,-54
1756014846.5419445,-1,-5,-50
1756014846.5809443,2,2,-42
1756014846.6169446,1,-2,-40
1756014846.6539447,-2,2,-49
1756014846.6919446,0,-2,-55
1756014846.7309446,-3,-4,-56
1756014846.7669446,-2,-5,-50
1756014846.8049445,2,-3,-48
1756014846.8429446,-2,-5,-57
1756014846.881945,-3,-5,-63
1756014846.9199443,-7,-4,-53
1756014846.9559443,-6,0,-51
1756014846.9929447,2,5,-51
1756014847.0309446,-4,-4,-58
1756014847.0669446,0,-1,-50
1756014847.1039443,3,-1,-60
1756014847.1419446,1,-3,-56
1756014847.1809447,6,-7,-60
1756014847.2169447,3,-11,-58
1756014847.2549446,1,-2,-60
1756014847.292945,9,-7,-65
1756014847.3319447,1,3,-53
1756014847.3699446,1,-7,-49
1756014847.4059446,0,-6,-53
1756014847.4429443,-10,4,-48
1756014847.4819446,0,0,-53
1756014847.519945,-7,-3,-47
1756014847.5559447,-2,-1,-44
1756014847.5939443,2,1,-58
1756014847.631945,0,-1,-53
1756014847.667945,0,-1,-55
1756014847.7059443,0,-6,-51
1756014847.7429447,-6,-6,-60
1756014847.7819445,0,-11,-50
1756014847.8179443,0,-3,-47
1756014847.8559446,0,1,-47
1756014847.8929446,5,-2,-47
1756014847.9319446,-4,1,-55
1756014847.9679446,4,4,-58
1756014848.0059447,4,0,-59
1756014848.042945,3,-5,-66
1756014848.0819447,-1,0,-56
1756014848.1179447,-8,1,-54
1756014848.1559446,-2,0,-46
1756014848.1929443,-2,-5,-56
1756014848.2319446,2,0,-57
1756014848.2679446,2,2,-62
1756014848.3059447,4,3,-64
1756014848.3429446,1,0,-56
1756014848.3809447,6,4,-56
1756014848.4169445,8,3,-48
1756014848.4539447,1,2,-40
1756014848.4919446,0,0,-44
1756014848.5279446,-1,2,-50
1756014848.5669446,4,0,-56
1756014848.6039443,2,6,-53
1756014848.6429446,7,-3,-58
1756014848.6809447,0,-1,-55
1756014848.7169447,-1,1,-59
1756014848.7539446,-2,6,-55
1756014848.792945,1,0,-54
1756014848.8309443,-5,3,-51
1756014848.8669446,-6,8,-47
1756014848.9039447,-2,6,-58
1756014848.9429443,0,4,-52
1756014848.9809446,-1,-4,-54
1756014849.0169446,0,1,-60
1756014849.0539446,-7,-6,-43
1756014849.0929446,-4,1,-55
1756014849.1309447,-4,2,-44
1756014849.1669445,2,1,-43
1756014849.2049446,2,-3,-53
1756014849.2479446,-4,-5,-53
1756014849.2859447,-1,6,-55
1756014849.3239446,-8,-1,-39
1756014849.3629446,3,-4,-35
1756014849.3989446,-4,-5,-53
1756014849.4369447,-2,-2,-46
1756014849.4749446,-1,-7,-43
1756014849.5129447,-6,-1,-52
1756014849.5519447,-2,1,-48
1756014849.5879445,-1,7,-51
1756014849.6249447,2,7,-56
1756014849.6629446,-4,-1,-52
1756014849.7019446,8,4,-49
1756014849.7379446,5,0,-50
1756014849.7769446,1,1,-54
1756014849.8139446,0,-6,-47
1756014849.8529446,0,0,-41
1756014849.8889446,-4,0,-53
1756014849.9269447,-5,-4,-56
1756014849.9649446,-1,0,-47
1756014850.0029447,-7,0,-47
1756014850.0419445,-2,4,-54
1756014850.0779445,3,0,-59
1756014850.1149447,5,-3,-63
1756014850.1539447,3,-2,-52
1756014850.1919446,7,0,-55
1756014850.2279446,4,-5,-53
1756014850.2649446,-1,0,-44
1756014850.3039446,0,-8,-61
1756014850.3419447,-6,0,-57
1756014850.3779447,-2,8,-39
1756014850.4149446,-1,1,-42
1756014850.4539447,2,0,-59
1756014850.4919446,-1,1,-68
1756014850.5279446,3,-5,-56
1756014850.5649445,3,-4,-58
1756014850.6039443,8,-3,-58
1756014850.6419446,4,-5,-49
1756014850.677945,1,0,-51
1756014850.7149446,4,2,-55
1756014850.7529447,-2,3,-57
1756014850.7889447,0,0,-56
1756014850.825945,1,1,-59
1756014850.8649447,2,0,-53
1756014850.9029446,1,-4,-51
1756014850.9389446,-1,-10,-57
1756014850.9769447,7,-5,-44
1756014851.0149446,-1,-5,-54
1756014851.0539446,-7,0,-52
1756014851.0899446,-1,-4,-55
1756014851.1279447,0,-3,-53
1756014851.1659446,4,-2,-56
1756014851.2039447,0,-4,-63
1756014851.2429447,8,-4,-52
1756014851.2789447,10,-3,-42
1756014851.3169446,7,0,-45
1756014851.3539443,6,-2,-50
1756014851.3929446,0,5,-52
1756014851.4289446,-4,6,-52
1756014851.4669447,0,0,-41
1756014851.5039446,-4,-6,-44
1756014851.542945,-3,-4,-43
1756014851.5789447,4,0,-53
1756014851.6169446,-1,-5,-47
1756014851.6559446,2,-8,-49
1756014851.6939447,-7,-9,-52
1756014851.7299447,-2,-8,-50
1756014851.7679446,-1,-3,-59
1756014851.8059447,-2,6,-58
1756014851.8449447,-3,2,-61
1756014851.8829446,-2,3,-48
1756014851.9189446,0,-4,-43
1756014851.9559443,1,2,-46
1756014851.9939446,-4,9,-57
1756014852.029945,3,2,-53
1756014852.0669446,0,-3,-49
1756014852.1049447,-1,0,-60
1756014852.1439445,-3,-5,-55
1756014852.1799445,-1,-8,-44
1756014852.2189443,0,-7,-46
1756014852.2559447,0,0,-56
1756014852.2939446,-10,4,-47
1756014852.3299446,-5,-2,-46
1756014852.3679447,0,0,-50
1756014852.4059446,3,-1,-46
1756014852.4449446,-7,0,-57
1756014852.4829447,4,-5,-56
1756014852.5189445,2,-4,-47
1756014852.5559447,-1,-3,-53
1756014852.5949447,-2,-2,-56
1756014852.6309447,-3,3,-50
1756014852.667945,-5,4,-55
1756014852.7059443,0,0,-69
1756014852.7439446,-2,1,-48
1756014852.779945,0,-1,-46
1756014852.8169446,0,2,-53
1756014852.8549447,3,-1,-46
1756014852.8909447,5,-2,-44
1756014852.927945,0,1,-51
1756014852.9659443,-1,0,-62
1756014853.0039446,-6,0,-50
1756014853.0399446,-2,0,-54
1756014853.0769446,5,1,-48
1756014853.1149447,3,-1,-46
1756014853.1509447,11,2,-60
1756014853.187945,1,7,-46
1756014853.2249446,1,-7,-46
1756014853.2639446,-2,0,-36
1756014853.2999446,3,9,-60
1756014853.3369446,2,3,-58
1756014853.3749447,0,0,-58
1756014853.4109447,-2,0,-55
1756014853.4479446,-1,0,-54
1756014853.4859445,-1,5,-46
1756014853.5249443,0,1,-44
1756014853.5609446,-7,-3,-58
1756014853.598945,0,0,-55
1756014853.6359446,0,0,-46
1756014853.6739447,4,3,-43
1756014853.7099447,0,3,-41
1756014853.746945,-6,-1,-55
1756014853.7859447,-2,-9,-56
1756014853.8239446,1,-3,-53
1756014853.8599446,4,-5,-49
1756014853.8979447,0,-7,-56
1756014853.9359446,-5,-5,-47
1756014853.9749446,3,-4,-45
1756014854.0109446,-9,0,-52
1756014854.0489447,-7,-2,-54
1756014854.0869446,-6,-1,-50
1756014854.1259446,-5,7,-46
1756014854.1639447,0,0,-59
1756014854.1999447,-2,5,-59
1756014854.236945,-3,0,-62
1756014854.2759447,-2,0,-64
1756014854.3119447,0,6,-53
1756014854.348945,0,-1,-54
1756014854.3869443,-1,-4,-54
1756014854.4259446,0,-8,-41
1756014854.4619446,-6,-1,-47
1756014854.4999447,5,-3,-47
1756014854.5379446,8,0,-41
1756014854.575945,2,-2,-58
1756014854.611945,6,3,-50
1756014854.6499443,4,7,-58
1756014854.6869447,-3,1,-54
1756014854.7259445,-5,-2,-56
1756014854.7619443,0,-4,-51
1756014854.7989447,0,-4,-50
1756014854.8369446,1,-2,-41
1756014854.8759446,-4,-1,-55
1756014854.9119446,-9,-6,-47
1756014854.9499447,0,-4,-46
1756014854.9879446,8,-2,-49
1756014855.0269446,5,3,-59
1756014855.0649445,-3,5,-58
1756014855.1009445,-3,2,-54
1756014855.1389446,-5,1,-47
1756014855.1769447,-8,-2,-61
1756014855.2159443,2,-4,-50
1756014855.2519443,0,1,-45
1756014855.2889447,5,-2,-44
1756014855.3269446,2,-2,-54
1756014855.3669446,1,0,-50
1756014855.404945,-5,-1,-51
1756014855.440945,-7,-3,-46
1756014855.4789443,-4,3,-49
1756014855.5169446,-1,4,-51
1756014855.5559447,1,0,-54
1756014855.5919447,0,-3,-45
1756014855.6289446,-2,-3,-55
1756014855.6669445,0,0,-51
1756014855.7059443,-4,3,-53
1756014855.7419446,1,0,-64
1756014855.7789447,1,-8,-56
1756014855.8169446,-2,-5,-68
1756014855.8559446,2,-3,-57
1756014855.8919446,4,8,-52
1756014855.9289446,-1,-1,-46
1756014855.9669447,4,-3,-50
1756014856.0059447,5,6,-54
1756014856.0419445,0,0,-57
1756014856.0789447,0,-1,-54
1756014856.1169446,1,-3,-58
1756014856.1559446,0,-1,-62
1756014856.1919446,-4,2,-63
1756014856.2289443,-4,1,-54
1756014856.2669446,0,0,-49
1756014856.302945,-3,-2,-62
1756014856.3409443,0,-3,-57
1756014856.3789446,1,-3,-54
1756014856.4169445,2,-4,-43
1756014856.4559443,-1,1,-46
1756014856.4919446,-5,0,-48
1756014856.529945,-3,1,-63
1756014856.5679443,-1,1,-60
1756014856.6069446,-5,-7,-56
1756014856.6429446,-4,-1,-64
1756014856.6809447,0,1,-55
1756014856.7189443,-1,3,-46
1756014856.7579446,-1,1,-53
1756014856.7959447,2,0,-52
1756014856.8319447,6,0,-50
1756014856.8689446,7,4,-52
1756014856.9069445,-3,-10,-57
1756014856.9429443,0,-9,-55
1756014856.9799447,-1,0,-46
1756014857.0179446,3,9,-40
1756014857.0559447,1,2,-43
1756014857.0919447,3,-4,-56
1756014857.1299446,0,-2,-55
1756014857.167945,0,-1,-60
1756014857.2069447,-4,0,-49
1756014857.2429447,-5,4,-56
1756014857.2809446,6,-4,-64
1756014857.3189447,-2,-4,-55
1756014857.3579447,0,3,-47
1756014857.3959446,2,6,-48
1756014857.4319446,-2,2,-60
1756014857.4689443,3,5,-59
1756014857.506945,-4,0,-60
1756014857.542945,-1,-1,-55
1756014857.5809443,6,-1,-55
1756014857.6189446,1,-2,-56
1756014857.657945,4,-3,-42
1756014857.6939447,5,-7,-56
1756014857.7309446,7,-3,-56
1756014857.7689445,4,-4,-58
1756014857.8079443,0,0,-52
1756014857.8439443,1,0,-42
1756014857.8809447,2,-4,-49
1756014857.9189446,0,-6,-57
1756014857.9579446,5,-7,-53
1756014857.9939446,7,-5,-54
1756014858.0309446,7,1,-58
1756014858.0679443,2,2,-53
1756014858.1039443,4,4,-47
1756014858.1409447,0,1,-57
1756014858.177945,1,0,-65
1756014858.213945,-2,2,-55
1756014858.2509446,-1,1,-51
1756014858.2889447,-1,-2,-49
1756014858.3279445,-6,-5,-50
1756014858.3639443,-1,-2,-41
1756014858.4019446,0,-4,-49
1756014858.4399445,3,-6,-35
1756014858.4789443,1,0,-49
1756014858.5169446,2,0,-56
1756014858.552945,3,0,-58
1756014858.5899446,8,3,-60
1756014858.6279447,0,3,-57
1756014858.6639447,0,-5,-54
1756014858.700945,-1,1,-57
1756014858.7389443,-4,-3,-44
1756014858.7779446,-7,1,-54
1756014858.8139446,-5,0,-50
1756014858.8519447,-6,-1,-51
1756014858.8899446,1,-3,-53
1756014858.9289446,0,-1,-49
1756014858.9669447,0,6,-50
1756014859.0029447,5,4,-59
1756014859.0399446,3,4,-55
1756014859.0779445,1,-7,-59
1756014859.1139443,0,3,-46
1756014859.1509447,1,2,-44
1756014859.1889446,-6,0,-42
1756014859.2269447,-4,-4,-33
1756014859.2709446,0,-5,-31
1756014859.3099446,-7,-3,-38
1756014859.3479445,4,6,-55
1756014859.3839445,3,6,-52
1756014859.4209447,0,2,-53
1756014859.4589446,4,3,-50
1756014859.4949446,3,5,-48
1756014859.5319445,3,0,-40
1756014859.5709443,5,-4,-49
1756014859.608945,4,-9,-57
1756014859.644945,1,-3,-62
1756014859.6829443,4,2,-53
1756014859.7209446,0,3,-49
1756014859.7589445,-4,1,-46
1756014859.7949443,-7,-4,-52
1756014859.8329446,-4,-7,-46
1756014859.8709445,0,0,-43
1756014859.9089446,6,1,-43
1756014859.9479446,0,2,-38
1756014859.983945,-2,4,-41
1756014860.0209446,-3,0,-48
1756014860.0599446,-4,0,-47
1756014860.0979445,2,-6,-53
1756014860.1339445,0,-6,-48
1756014860.1709447,0,2,-58
1756014860.2089446,-3,8,-52
1756014860.2449446,-1,8,-57
1756014860.282945,-3,8,-52
1756014860.3209443,-6,-3,-42
1756014860.3599446,0,0,-49
1756014860.3979447,2,-4,-42
1756014860.4339447,0,-4,-52
1756014860.4709446,0,0,-43
1756014860.5089445,1,0,-45
1756014860.5449443,5,0,-48
1756014860.5819447,-4,4,-44
1756014860.6199446,-4,-1,-57
1756014860.6589446,-2,0,-43
1756014860.6949446,0,1,-49
1756014860.7329447,0,9,-52
1756014860.769945,0,5,-56
1756014860.8079443,-8,-2,-55
1756014860.8439443,-6,3,-60
1756014860.881945,-5,-5,-45
1756014860.9199443,0,-7,-45
1756014860.9589446,1,-6,-47
1756014860.9949446,0,-6,-44
1756014861.032945,-7,3,-65
1756014861.0709443,-4,1,-63
1756014861.1099446,1,4,-59
1756014861.1459446,-4,4,-55
1756014861.1829443,-1,2,-48
1756014861.2209446,-2,2,-50
1756014861.259945,-1,2,-50
1756014861.2959447,0,-3,-58
1756014861.3329446,4,5,-56
1756014861.3699446,-5,0,-60
1756014861.4089446,-2,1,-52
1756014861.4449446,3,2,-52
1756014861.4819446,2,4,-64
1756014861.519945,2,-1,-64
1756014861.5559447,6,1,-53
1756014861.5929446,-1,2,-55
1756014861.6309447,-2,-3,-62
1756014861.6699443,-2,-1,-61
1756014861.7059443,4,0,-71
1756014861.7429447,-4,1,-49
1756014861.7809446,-8,0,-49
1756014861.8199446,3,-1,-56
1756014861.8559446,-4,-6,-49
1756014861.8939445,0,-11,-45
1756014861.9319446,2,-1,-46
1756014861.9709446,-3,-1,-50
1756014862.0089445,-7,1,-45
1756014862.0449443,0,6,-46
1756014862.0829446,0,6,-38
1756014862.1209445,1,3,-42
1756014862.1589446,0,-3,-51
1756014862.1949446,-1,0,-57
1756014862.2329447,1,-1,-54
1756014862.2709446,5,0,-62
1756014862.3089447,-6,1,-43
1756014862.3449447,0,0,-56
1756014862.381945,2,2,-50
1756014862.4209447,4,-1,-55
1756014862.4589446,-1,0,-48
1756014862.4949446,-5,0,-48
1756014862.5319445,-1,3,-48
1756014862.5709443,-1,-3,-45
1756014862.6069446,-6,2,-44
1756014862.644945,1,-1,-52
1756014862.6829443,0,-1,-59
1756014862.7209446,0,4,-52
1756014862.756945,4,2,-50
1756014862.7949443,2,2,-49
1756014862.8319447,-1,-2,-46
1756014862.8709445,1,4,-46
1756014862.9069445,5,0,-54
1756014862.9449446,1,1,-62
1756014862.9819446,3,1,-48
1756014863.0209446,-3,-1,-56
1756014863.0569446,-8,-5,-55
1756014863.0949447,0,0,-56
1756014863.131945,2,2,-46
1756014863.1699443,3,3,-55
1756014863.2059443,0,5,-49
1756014863.2429447,-2,6,-46
1756014863.2809446,-3,2,-40
1756014863.3199446,7,-1,-57
1756014863.3559446,9,-1,-51
1756014863.3929446,1,-4,-50
1756014863.4319446,2,-1,-51
1756014863.4699447,0,0,-49
1756014863.5059447,-5,-2,-62
1756014863.5439446,3,-6,-47
1756014863.5819447,6,0,-51
1756014863.6199446,6,5,-44
1756014863.6559446,4,-5,-58
1756014863.6939447,4,0,-51
1756014863.7319446,4,-4,-54
1756014863.769945,-6,0,-49
1756014863.8059447,-3,-3,-52
1756014863.8439443,-1,1,-56
1756014863.881945,0,-3,-52
1756014863.9209447,-2,-2,-49
1756014863.9569447,-3,0,-53
1756014863.9939446,-1,4,-58
1756014864.0319445,1,3,-48
1756014864.0709443,0,0,-54
1756014864.1069446,6,1,-57
1756014864.1439445,8,0,-53
1756014864.1819446,5,0,-56
1756014864.2199447,9,-4,-62
1756014864.2559447,0,-4,-67
1756014864.292945,-7,-3,-63
1756014864.3319447,-6,-3,-53
1756014864.3679447,-5,-3,-65
1756014864.4059446,-6,-3,-62
1756014864.4439447,-4,-2,-58
1756014864.4819446,-8,-4,-62
1756014864.5209446,-8,-1,-61
1756014864.5569446,-4,-5,-54
1756014864.5949447,2,-3,-45
1756014864.6329446,-5,-6,-34
1756014864.6719446,0,3,-43
1756014864.7079446,1,1,-48
1756014864.7459445,2,0,-44
1756014864.782945,-5,2,-55
1756014864.8219447,-3,4,-51
1756014864.8579447,-3,0,-43
1756014864.8959446,6,-4,-45
1756014864.9339447,7,-3,-45
1756014864.9729445,2,2,-52
1756014865.0109446,1,3,-64
1756014865.0469446,8,-2,-65
1756014865.0839446,-3,-2,-49
1756014865.1229446,-5,-4,-47
1756014865.1609447,1,0,-53
1756014865.1969447,-1,-1,-47
1756014865.2349446,-1,-5,-53
1756014865.2729447,4,0,-52
1756014865.3119447,0,-1,-54
1756014865.3479445,7,-6,-46
1756014865.3869443,-3,7,-42
1756014865.4239447,-4,3,-44
1756014865.4629445,1,1,-56
1756014865.5009446,4,-5,-56
1756014865.5369446,5,-2,-47
1756014865.5739446,-1,-4,-55
1756014865.6129446,-7,-3,-56
1756014865.6509447,3,0,-53
1756014865.6869447,8,-5,-52
1756014865.723945,1,3,-40
1756014865.7619443,1,-1,-48
1756014865.7979443,0,-1,-49
1756014865.8349447,1,3,-48
1756014865.8739443,-2,6,-52
1756014865.9119446,0,-3,-54
1756014865.9479446,1,0,-58
1756014865.9849446,1,-2,-44
1756014866.0239446,2,-3,-53
1756014866.0619447,2,1,-41
1756014866.0979445,0,2,-44
1756014866.134945,-2,-5,-52
1756014866.1729443,5,-8,-58
1756014866.2119446,0,0,-56
1756014866.2479446,4,4,-55
1756014866.2849443,7,6,-56
1756014866.3229446,6,-3,-63
1756014866.358945,-1,-3,-58
1756014866.3969443,0,3,-47
1756014866.4349446,0,-4,-45
1756014866.4729445,0,0,-51
1756014866.5119443,3,2,-44
1756014866.5479443,-9,0,-37
1756014866.5849447,-2,0,-48
1756014866.6229446,4,2,-61
1756014866.6619446,-10,1,-57
1756014866.6979446,-12,0,-51
1756014866.7359445,-7,-2,-57
1756014866.7749443,-6,-5,-53
1756014866.812945,-5,-6,-61
1756014866.848945,3,0,-56
1756014866.8869443,5,-1,-57
1756014866.9249446,0,2,-55
1756014866.9629445,-1,1,-58
1756014866.9989443,-3,2,-57
1756014867.0369446,3,-2,-47
1756014867.0749447,2,-5,-51
1756014867.1139443,2,4,-52
1756014867.1519446,-3,4,-46
1756014867.187945,1,-5,-43
1756014867.2249446,0,-4,-48
1756014867.2639446,-3,4,-40
1756014867.3019447,0,1,-38
1756014867.3379445,8,0,-46
1756014867.3749447,-1,-2,-60
1756014867.4139447,0,-3,-46
1756014867.4519446,-5,3,-49
1756014867.4879446,-1,1,-46
1756014867.5249443,0,-2,-54
1756014867.5639446,1,-4,-50
1756014867.5999446,3,0,-53
1756014867.6369443,-3,1,-54
1756014867.6749446,3,2,-54
1756014867.7129445,1,-8,-49
1756014867.7489443,-6,-6,-43
1756014867.7869446,-4,-5,-43
1756014867.8249447,-4,1,-42
1756014867.8639443,0,-2,-51
1756014867.8999443,3,0,-54
1756014867.9369447,5,0,-56
1756014867.9749446,2,-2,-56
1756014868.0129447,-4,1,-51
1756014868.0489447,-5,6,-53
1756014868.085945,0,-1,-52
1756014868.1239443,2,-2,-53
1756014868.1629446,9,3,-49
1756014868.1989446,11,3,-51
1756014868.2359445,-3,9,-56
1756014868.2749443,1,4,-58
1756014868.312945,2,-2,-60
1756014868.348945,-1,2,-54
1756014868.3859446,1,0,-50
1756014868.4239447,2,-3,-57
1756014868.4599447,3,-4,-55
1756014868.4979446,4,-5,-59
1756014868.5359447,-1,-4,-57
1756014868.5749447,-5,-6,-56
1756014868.6129446,4,-2,-49
1756014868.6489446,-2,5,-38
1756014868.6859446,0,0,-48
1756014868.723945,6,-7,-53
1756014868.759945,-6,-3,-53
1756014868.7979443,0,-5,-56
1756014868.835945,1,-1,-48
1756014868.8749447,3,0,-47
1756014868.9129446,2,4,-51
1756014868.9489446,7,-1,-53
1756014868.9859445,0,-3,-51
1756014869.0249443,-1,0,-55
1756014869.062945,8,0,-53
1756014869.098945,9,2,-54
1756014869.1359446,1,-2,-63
1756014869.1749446,-3,-7,-71
1756014869.210945,4,-6,-59
1756014869.2479446,-1,0,-48
1756014869.2939446,-4,-1,-43
1756014869.3299446,0,-8,-57
1756014869.3689446,6,-5,-55
1756014869.4059446,2,-2,-47
1756014869.4449446,1,0,-55
1756014869.4809446,1,0,-52
1756014869.5179446,-5,0,-58
1756014869.5559447,-14,-2,-47
1756014869.5949447,-7,0,-53
1756014869.6309447,2,4,-49
1756014869.667945,4,-1,-51
1756014869.7059443,0,0,-48
1756014869.7449446,-1,0,-53
1756014869.7809446,-8,2,-50
1756014869.8179443,-10,-11,-42
1756014869.8559446,-2,-12,-51
1756014869.894945,1,-2,-56
1756014869.9309447,0,-3,-48
1756014869.9689443,-4,0,-50
1756014870.006945,-7,-1,-53
1756014870.0459447,-7,-1,-57
1756014870.0839446,-8,-1,-48
1756014870.1199446,-3,-5,-49
1756014870.157945,-2,-5,-51
1756014870.1959443,-4,4,-61
1756014870.2349446,0,1,-61
1756014870.2709446,0,-12,-59
1756014870.3079443,-2,-4,-63
1756014870.3459446,1,0,-41
1756014870.384945,0,-3,-46
1756014870.4209447,-1,-2,-56
1756014870.4589446,0,0,-52
1756014870.4959445,4,2,-57
1756014870.5339446,1,0,-63
1756014870.5699446,3,-3,-56
1756014870.6069446,-1,0,-48
1756014870.6459446,4,-6,-40
1756014870.6839447,5,4,-42
1756014870.7199447,-2,5,-46
1756014870.7579446,-5,2,-55
1756014870.7959447,8,1,-46
1756014870.8339446,3,-2,-45
1756014870.8699446,-2,-2,-51
1756014870.907945,9,-6,-52
1756014870.9459443,4,3,-49
1756014870.9819446,-1,3,-42
1756014871.019945,-3,-7,-53
1756014871.0579443,1,2,-46
1756014871.0959446,8,0,-48
1756014871.131945,0,-3,-55
1756014871.1699443,1,-5,-56
1756014871.2079446,3,-6,-51
1756014871.2459445,-1,-3,-57
1756014871.2849443,-7,-5,-53
1756014871.3209443,-2,-8,-47
1756014871.358945,0,8,-55
1756014871.3959446,7,1,-58
1756014871.4349446,7,3,-59
1756014871.4709446,3,3,-58
1756014871.5079446,-1,2,-48
1756014871.5459447,0,1,-46
1756014871.5819447,4,3,-42
1756014871.6189446,2,-2,-48
1756014871.6569445,0,3,-49
1756014871.6949446,-1,1,-59
1756014871.7309446,0,0,-63
1756014871.7679446,-2,0,-49
1756014871.8069446,-4,5,-52
1756014871.8449447,1,1,-55
1756014871.8809447,0,-4,-57
1756014871.917945,-4,-2,-56
1756014871.9569447,2,-3,-49
1756014871.9949446,0,2,-41
1756014872.0309446,-2,2,-54
1756014872.0679443,0,5,-55
1756014872.1059446,3,7,-53
1756014872.1419446,-4,5,-47
1756014872.1789446,-2,1,-50
1756014872.2169447,-1,-3,-40
1756014872.2559447,-1,6,-44
1756014872.2919445,-2,0,-46
1756014872.3289447,-1,0,-52
1756014872.3669446,-3,2,-56
1756014872.4059446,-2,-5,-56
1756014872.4419446,-5,-1,-43
1756014872.4799447,0,2,-48
1756014872.5179446,0,5,-60
1756014872.5559447,4,-5,-54
1756014872.5919447,0,3,-58
1756014872.6289446,0,1,-61
1756014872.6669445,-1,-6,-41
1756014872.7029445,-4,-8,-49
1756014872.7419446,-5,-9,-50
1756014872.7789447,-5,-10,-55
1756014872.8169446,-5,-1,-56
1756014872.8559446,8,-3,-59
1756014872.8919446,5,-4,-54
1756014872.9289446,-1,-5,-53
1756014872.9669447,0,1,-48
1756014873.0029447,-2,0,-45
1756014873.0419445,7,0,-55
1756014873.0789447,2,2,-62
1756014873.1169446,0,2,-57
1756014873.1529446,4,7,-54
1756014873.1899445,3,2,-50
1756014873.2269447,2,-6,-62
1756014873.2659447,-4,-1,-48
1756014873.3019447,-4,0,-58
1756014873.338945,-2,10,-53
1756014873.3779447,2,0,-50
1756014873.4159446,6,5,-57
1756014873.4519446,4,8,-56
1756014873.4889443,3,-2,-70
1756014873.5279446,-5,-4,-48
1756014873.565945,-5,-5,-44
1756014873.6019447,-5,-6,-47
1756014873.6399446,6,-3,-50
1756014873.6789446,2,1,-51
1756014873.7169447,2,3,-43
1756014873.7529447,2,1,-51
1756014873.7899446,2,0,-35
1756014873.8279445,0,-3,-41
1756014873.8659446,-5,4,-38
1756014873.9019446,-8,-1,-47
1756014873.9399445,-5,-3,-48
1756014873.9789443,1,-4,-55
1756014874.0169446,3,6,-54
1756014874.052945,5,1,-50
1756014874.0899446,1,0,-56
1756014874.1279447,2,-6,-60
1756014874.1659446,-1,-1,-60
1756014874.2019446,0,2,-44
1756014874.2389443,-4,0,-47
1756014874.2779446,-4,0,-52
1756014874.3139446,2,-5,-52
1756014874.3519447,1,0,-56
1756014874.3899446,0,0,-47
1756014874.427945,0,0,-47
1756014874.463945,4,0,-53
1756014874.5019443,-2,0,-57
1756014874.5399446,-2,-3,-61
1756014874.5789447,-1,1,-51
1756014874.6169446,-1,0,-56
1756014874.6529446,-7,-4,-55
1756014874.690945,-1,3,-51
1756014874.7289443,1,-5,-61
1756014874.7679446,0,0,-51
1756014874.8039446,2,-2,-53
1756014874.8419447,0,-5,-48
1756014874.8789446,0,-4,-49
1756014874.917945,7,1,-52
1756014874.9539447,0,4,-54
1756014874.9909446,-2,2,-53
1756014875.0289447,-1,6,-63
1756014875.0679443,3,4,-54
1756014875.1039443,4,0,-53
1756014875.1409447,2,4,-45
1756014875.1789446,-1,0,-55
1756014875.2179446,-8,0,-51
1756014875.2539446,-1,3,-41
1756014875.2919445,-4,0,-45
1756014875.3289447,3,-12,-61
1756014875.3679447,3,-6,-54
1756014875.4039447,0,-4,-52
1756014875.4419446,1,-4,-47
1756014875.4789443,5,0,-48
1756014875.5169446,-10,0,-56
1756014875.552945,-9,-5,-56
1756014875.5919447,0,-1,-51
1756014875.6289446,2,0,-59
1756014875.6669445,4,0,-58
1756014875.7029445,-2,0,-52
1756014875.7399447,-10,0,-44
1756014875.7789447,-6,0,-55
1756014875.8169446,-2,0,-51
1756014875.8529446,-12,-3,-48
1756014875.8919446,-3,-1,-60
1756014875.9289446,-3,1,-59
1756014875.9679446,3,7,-58
1756014876.0039446,-4,-1,-49
1756014876.0419445,5,-8,-62
1756014876.0799446,4,-4,-48
1756014876.1189446,1,-2,-58
1756014876.154945,2,0,-54
1756014876.1919446,4,0,-49
1756014876.2299447,2,-1,-54
1756014876.2689445,6,-4,-53
1756014876.3049445,0,0,-58
1756014876.3419447,0,-1,-63
1756014876.3799446,-2,0,-50
1756014876.4189446,-5,0,-57
1756014876.4549446,-3,4,-64
1756014876.4929447,-3,-7,-49
1756014876.5309446,-4,-5,-57
1756014876.5689447,-3,-2,-47
1756014876.6079447,-1,-3,-57
1756014876.6439445,-2,-1,-53
1756014876.6819446,-2,-5,-43
1756014876.7199447,-7,-3,-48
1756014876.7589445,-8,3,-49
1756014876.7949443,-1,0,-51
1756014876.8329446,2,0,-43
1756014876.8699446,0,7,-51
1756014876.9089446,4,1,-58
1756014876.9449446,1,-2,-59
1756014876.9819446,-3,-1,-46
1756014877.019945,-1,-6,-54
1756014877.0589447,8,1,-48
1756014877.0949447,7,-1,-54
1756014877.131945,0,0,-47
1756014877.1699443,-2,-3,-53
1756014877.2089446,0,6,-50
1756014877.2449446,0,-4,-53
1756014877.282945,-1,-8,-47
1756014877.3199446,1,-3,-54
1756014877.358945,7,-3,-63
1756014877.394945,4,0,-45
1756014877.4319446,0,0,-40
1756014877.4699447,3,-2,-49
1756014877.5079446,0,-1,-54
1756014877.5439446,3,1,-52
1756014877.5809443,1,2,-43
1756014877.6199446,4,1,-51
1756014877.6559446,-5,-1,-56
1756014877.6949446,-6,1,-63
1756014877.7329447,0,0,-61
1756014877.769945,-10,0,-50
1756014877.8089447,2,2,-39
1756014877.8449447,0,1,-50
1756014877.881945,-1,-2,-55
1756014877.9199443,-4,1,-67
1756014877.9589446,-1,1,-63
1756014877.9949446,2,0,-56
1756014878.032945,-3,-2,-64
1756014878.0709443,-3,2,-49
1756014878.1099446,5,2,-43
1756014878.1459446,-2,2,-45
1756014878.1829443,-1,7,-49
1756014878.2209446,3,2,-50
1756014878.2589445,1,0,-50
1756014878.2949443,7,0,-50
1756014878.3319447,11,0,-45
1756014878.3709445,1,-3,-45
1756014878.4089446,-2,-7,-63
1756014878.4449446,-3,-10,-51
1756014878.4829447,-5,-8,-56
1756014878.5209446,-2,-5,-47
1756014878.5599446,3,-8,-43
1756014878.5959446,1,-6,-46
1756014878.6329446,-2,-9,-59
1756014878.6709447,4,-3,-47
1756014878.7099447,0,2,-47
1756014878.7459445,-1,-1,-43
1756014878.7839446,2,3,-52
1756014878.8209443,0,2,-43
1756014878.858945,-3,4,-47
1756014878.894945,1,-5,-56
1756014878.9319446,2,5,-48
1756014878.9699447,-5,2,-56
1756014879.0059447,4,0,-49
1756014879.042945,5,0,-54
1756014879.0809443,0,-3,-57
1756014879.1189446,-8,-4,-64
1756014879.154945,-1,-2,-58
1756014879.1929443,-10,3,-54
1756014879.2309446,-8,0,-52
1756014879.269945,-10,-5,-42
1756014879.3149445,1,-4,-58
1756014879.3529446,5,1,-53
1756014879.3909447,9,-7,-53
1756014879.4269447,4,-6,-53
1756014879.463945,6,-3,-49
1756014879.5019443,0,5,-51
1756014879.5399446,2,0,-56
1756014879.575945,3,4,-50
1756014879.6129446,-7,0,-54
1756014879.6509447,-12,0,-50
1756014879.6899445,-2,-4,-48
1756014879.7259445,0,8,-48
1756014879.7629447,-3,-1,-56
1756014879.8019447,-9,-5,-56
1756014879.8399446,0,0,-51
1756014879.8759446,3,0,-59
1756014879.9129446,-2,-5,-48
1756014879.9519446,-9,-7,-46
1756014879.9899447,-2,-5,-56
1756014880.0259447,-1,-6,-51
1756014880.0649445,-3,-7,-64
1756014880.1019447,-5,2,-56
1756014880.1409447,0,0,-53
1756014880.1769447,-1,0,-46
1756014880.2149446,0,-5,-40
1756014880.2519443,0,1,-49
1756014880.2909446,0,3,-47
1756014880.3269446,1,7,-42
1756014880.3639443,7,5,-48
1756014880.4019446,4,2,-57
1756014880.4399445,-1,-2,-54
1756014880.4759445,-2,-3,-54
1756014880.5139446,2,7,-50
1756014880.5519447,-4,0,-46
1756014880.5899446,-2,1,-51
1756014880.6259446,4,-5,-50
1756014880.6629446,7,0,-48
1756014880.7019446,4,3,-40
1756014880.7399447,-2,-1,-36
1756014880.7759447,8,-1,-39
1756014880.812945,0,0,-43
1756014880.8519447,-5,1,-34
1756014880.8879447,-3,-4,-50
1756014880.9259446,0,-5,-61
1756014880.963945,-2,-6,-58
1756014881.0019443,-5,1,-57
1756014881.0409446,0,2,-48
1756014881.0769446,-5,-7,-48
1756014881.1149447,-3,-6,-49
1756014881.1529446,-11,-4,-46
1756014881.1919446,-3,0,-38
1756014881.2279446,1,6,-39
1756014881.2659447,5,6,-43
1756014881.3039446,5,2,-45
1756014881.3419447,8,-1,-58
1756014881.3779447,-2,2,-50
1756014881.4169445,-6,0,-49
1756014881.4539447,-3,-7,-51
1756014881.4929447,0,-1,-51
1756014881.5309446,0,-6,-56
1756014881.5669446,2,-5,-40
1756014881.6039443,-5,0,-40
1756014881.6429446,5,-3,-44
1756014881.6809447,1,1,-50
1756014881.7169447,1,0,-46
1756014881.7539446,2,3,-54
1756014881.7919445,0,7,-52
1756014881.8279445,-3,1,-54
1756014881.8649447,0,-3,-59
1756014881.9029446,0,8,-40
1756014881.9419446,-2,4,-53
1756014881.9779446,-4,4,-54
1756014882.0149446,1,0,-54
1756014882.052945,0,-1,-56
1756014882.0909443,2,0,-55
1756014882.1269443,-1,-3,-53
1756014882.1649446,-1,-3,-51
1756014882.2029445,0,-3,-54
1756014882.2419446,-3,-6,-55
1756014882.2779446,1,-4,-44
1756014882.3149445,0,2,-51
1756014882.3529446,-3,9,-41
1756014882.3909447,0,0,-46
1756014882.4269447,-2,0,-41
1756014882.4649446,-3,-2,-56
1756014882.5029447,2,2,-65
1756014882.5419445,-1,3,-65
1756014882.5779445,0,-5,-64
1756014882.6149447,-8,0,-59
1756014882.6529446,-6,3,-48
1756014882.6919446,-3,0,-52
1756014882.7279446,2,7,-53
1756014882.7659447,1,2,-56
1756014882.802945,3,-5,-43
1756014882.8419447,3,-1,-51
1756014882.8779447,1,-2,-52
1756014882.9159446,6,-7,-36
1756014882.9529445,-1,-7,-53
1756014882.9919446,-9,4,-49
1756014883.0279446,-4,1,-55
1756014883.065945,3,-1,-53
1756014883.1049447,-2,-2,-61
1756014883.1429446,-4,9,-48
1756014883.1789446,0,1,-55
1756014883.2159443,-3,0,-51
1756014883.2539446,1,4,-43
1756014883.292945,3,0,-40
1756014883.3289447,-2,0,-52
1756014883.3659446,-4,1,-49
1756014883.4039447,2,1,-55
1756014883.4429443,3,0,-48
1756014883.4789443,6,2,-49
1756014883.5159447,7,9,-57
1756014883.5539446,-1,3,-55
1756014883.5919447,1,3,-45
1756014883.6289446,0,-2,-50
1756014883.6659446,4,0,-46
1756014883.7039447,6,-6,-46
1756014883.7419446,1,-1,-46
1756014883.7779446,0,-5,-51
1756014883.815945,-2,-2,-47
1756014883.8539443,0,-3,-45
1756014883.8929446,4,0,-47
1756014883.9289446,0,-4,-43
1756014883.9659443,-4,-5,-46
1756014884.0039446,0,0,-49
1756014884.0419445,-1,-4,-49
1756014884.0779445,0,-6,-45
1756014884.1159446,5,-2,-47
1756014884.1539447,3,3,-51
1756014884.1919446,0,0,-46
1756014884.2279446,0,-5,-40
1756014884.2649446,4,-1,-47
1756014884.3039446,-1,-2,-42
1756014884.3399446,0,0,-58
1756014884.3769443,-1,2,-63
1756014884.4149446,-3,-2,-59
1756014884.4539447,-3,2,-54
1756014884.4899447,2,0,-58
1756014884.5269446,-4,-3,-57
1756014884.5649445,5,-4,-59
1756014884.6039443,1,-3,-46
1756014884.6399446,-3,-4,-41
1756014884.677945,1,-3,-56
1756014884.7159443,0,5,-49
1756014884.7539446,-1,6,-62
1756014884.7899446,-3,5,-57
1756014884.8279445,-10,1,-54
1756014884.8649447,-4,2,-56
1756014884.9039447,-2,3,-45
1756014884.9399445,2,2,-49
1756014884.9769447,-2,2,-55
1756014885.0149446,11,-6,-55
1756014885.0539446,4,-2,-35
1756014885.0899446,4,-5,-45
1756014885.1279447,6,0,-50
1756014885.1649446,2,3,-53
1756014885.2039447,3,-5,-61
1756014885.2399447,1,-5,-54
1756014885.2769446,0,-2,-51
1756014885.3149445,1,-5,-57
1756014885.3539443,2,-1,-61
1756014885.3899446,5,0,-61
1756014885.427945,0,1,-60
1756014885.4649446,-2,-8,-62
1756014885.5039446,-2,-8,-49
1756014885.5399446,1,0,-63
1756014885.5769446,-11,2,-51
1756014885.6149447,-7,5,-48
1756014885.6539447,-1,2,-54
1756014885.6899445,0,0,-56
1756014885.7269447,1,-2,-62
1756014885.7649446,1,-3,-43
1756014885.8039446,3,-2,-43
1756014885.8399446,0,-6,-37
1756014885.8769443,0,1,-41
1756014885.9149446,1,0,-57
1756014885.950945,-1,-2,-59
1756014885.9889443,0,0,-49
1756014886.0269446,1,0,-50
1756014886.0649445,0,0,-46
1756014886.1009445,1,7,-56
1756014886.1379447,-1,-1,-48
1756014886.1769447,3,6,-45
1756014886.2149446,6,4,-49
1756014886.2509446,0,8,-52
1756014886.2879446,0,1,-48
1756014886.3249447,-1,0,-49
1756014886.3639443,2,3,-68
1756014886.3999443,-2,0,-56
1756014886.437945,-2,5,-53
1756014886.4769447,1,5,-45
1756014886.5149446,-1,1,-53
1756014886.5509446,-2,0,-46
1756014886.588945,1,0,-54
1756014886.6269443,7,0,-58
1756014886.6649446,0,0,-52
1756014886.700945,-4,0,-51
1756014886.7389443,-7,-5,-52
1756014886.7769446,0,0,-54
1756014886.8149445,5,4,-46
1756014886.8509445,0,3,-48
1756014886.8889446,0,-3,-48
1756014886.9259446,0,-1,-47
1756014886.9649446,0,3,-54
1756014887.0019443,-3,-4,-64
1756014887.0389447,-2,-3,-53
1756014887.0769446,-4,-5,-59
1756014887.1159446,-2,-3,-54
1756014887.1539447,-3,-6,-56
1756014887.1899445,1,1,-62
1756014887.2269447,2,1,-60
1756014887.2649446,-6,-1,-54
1756014887.3009446,-3,-4,-47
1756014887.338945,-2,0,-53
1756014887.3769443,-2,0,-46
1756014887.4159446,-2,0,-54
1756014887.4539447,-3,8,-50
1756014887.4899447,-2,4,-55
1756014887.5279446,1,2,-52
1756014887.565945,-3,0,-47
1756014887.6019447,-8,0,-51
1756014887.6389446,-6,-11,-50
1756014887.6769447,-7,-3,-46
1756014887.7159443,1,-5,-42
1756014887.7519443,0,0,-40
1756014887.7889447,-4,6,-45
1756014887.8279445,1,1,-39
1756014887.8659446,0,-1,-38
1756014887.904945,-5,-1,-51
1756014887.940945,1,-2,-49
1756014887.9789443,0,-2,-50
1756014888.0159447,-2,-7,-68
1756014888.0549445,4,-1,-62
1756014888.0909443,-2,2,-59
1756014888.1289446,-3,3,-58
1756014888.1669445,0,-3,-50
1756014888.2059443,2,0,-63
1756014888.2419446,0,-2,-61
1756014888.279945,0,-5,-49
1756014888.3179443,5,0,-50
1756014888.3559446,0,3,-42
1756014888.3919446,-1,3,-39
1756014888.4289446,3,-1,-61
1756014888.4669447,-2,0,-58
1756014888.5059447,-3,-2,-59
1756014888.5419445,0,-4,-50
1756014888.5789447,2,-1,-51
1756014888.6169446,1,0,-58
1756014888.654945,-1,-2,-59
1756014888.690945,-7,-1,-57
1756014888.7289443,-4,0,-55
1756014888.7669446,-8,-2,-46
1756014888.8059447,0,0,-47
1756014888.8419447,-1,-1,-52
1756014888.8799446,-2,0,-45
1756014888.917945,0,-1,-51
1756014888.9569447,6,-2,-57
1756014888.9949446,0,0,-52
1756014889.0309446,1,-2,-46
1756014889.0689447,-2,4,-56
1756014889.1069446,-3,4,-49
1756014889.1459446,0,3,-53
1756014889.1819446,4,0,-59
1756014889.2189443,-2,-1,-56
1756014889.2579446,6,0,-57
1756014889.2959447,2,3,-40
1756014889.3399446,0,0,-59
1756014889.3769443,-7,-3,-52
1756014889.4159446,3,-9,-50
1756014889.4529445,3,-3,-49
1756014889.4899447,3,-4,-49
1756014889.5279446,-2,2,-56
1756014889.5669446,-6,5,-42
1756014889.6029446,-2,-1,-47
1756014889.6409447,-3,-5,-44
1756014889.6789446,3,-4,-47
1756014889.7169447,7,-6,-46
1756014889.7559447,0,-1,-44
1756014889.7919445,-4,-3,-44
1756014889.8299446,-5,-4,-52
1756014889.8679447,0,-4,-46
1756014889.9069445,2,-4,-38
1756014889.9429443,2,-5,-50
1756014889.9799447,-4,0,-38
1756014890.0179446,8,-2,-49
1756014890.0569446,5,-5,-55
1756014890.0929446,-2,-1,-48
1756014890.1309447,-5,0,-63
1756014890.1699443,0,-9,-59
1756014890.2079446,0,-1,-55
1756014890.2459445,-2,-6,-49
1756014890.282945,-1,-6,-49
1756014890.3199446,0,4,-55
1756014890.3579447,1,2,-49
1756014890.3959446,7,-4,-43
1756014890.4329443,5,-4,-61
1756014890.4699447,-2,-1,-59
1756014890.5079446,-2,-1,-47
1756014890.5469446,-6,-3,-58
1756014890.5829446,4,0,-59
1756014890.6199446,1,1,-58
1756014890.657945,-2,-6,-53
1756014890.6959443,0,-1,-57
1756014890.7319446,0,-2,-57
1756014890.769945,3,0,-49
1756014890.8079443,-2,2,-52
1756014890.8439443,-5,3,-48
1756014890.8809447,-2,3,-51
1756014890.9189446,0,-2,-49
1756014890.9579446,-2,-5,-52
1756014890.9939446,11,-6,-49
1756014891.0309446,-4,-3,-52
1756014891.0689447,-1,-1,-40
1756014891.1079447,2,-3,-39
1756014891.1439445,0,-2,-42
1756014891.1809447,1,-1,-52
1756014891.2189443,3,1,-50
1756014891.256945,1,-3,-58
1756014891.292945,3,0,-38
1756014891.3299446,-2,-9,-56
1756014891.3679447,-1,-7,-55
1756014891.4069445,-3,-5,-46
1756014891.4429443,-7,-1,-49
1756014891.4819446,-9,5,-45
1756014891.5189445,-6,-3,-51
1756014891.5579443,8,0,-51
1756014891.5939443,3,-1,-60
1756014891.631945,0,-2,-50
1756014891.6689446,4,-1,-51
1756014891.7079446,3,2,-40
1756014891.7439446,3,-1,-46
1756014891.7809446,6,0,-54
1756014891.8189447,2,2,-52
1756014891.8569446,0,-6,-47
1756014891.8929446,-4,-10,-53
1756014891.9319446,1,-7,-53
1756014891.9689443,2,0,-48
1756014892.0079446,4,-3,-33
1756014892.0439446,0,1,-45
1756014892.0819447,0,0,-50
1756014892.1189446,-8,-7,-47
1756014892.157945,-2,-6,-56
1756014892.1939447,-3,-7,-56
1756014892.2319446,-2,-7,-51
1756014892.269945,2,-2,-46
1756014892.3089447,2,-4,-41
1756014892.3469446,-1,-1,-45
1756014892.3829446,-7,0,-52
1756014892.4199443,8,-7,-63
1756014892.4589446,0,3,-62
1756014892.496945,2,2,-49
1756014892.532945,6,-1,-36
1756014892.5709443,0,0,-37
1756014892.608945,2,-3,-46
1756014892.644945,2,-9,-41
1756014892.6829443,-3,-4,-48
1756014892.7209446,-4,2,-49
1756014892.7589445,2,-1,-46
1756014892.7979443,0,0,-39
1756014892.8339446,0,-4,-48
1756014892.8709445,2,-3,-62
1756014892.9089446,2,0,-57
1756014892.9449446,1,-7,-48
1756014892.9829447,4,-6,-40
1756014893.0209446,4,-6,-47
1756014893.0589447,3,-4,-50
1756014893.0979445,-9,1,-50
1756014893.1339445,-8,3,-44
1756014893.1709447,-4,-3,-49
1756014893.2099447,-5,-1,-46
1756014893.2479446,-2,2,-46
1756014893.2839446,0,-1,-49
1756014893.3219447,-1,-6,-56
1756014893.3599446,1,-7,-57
1756014893.3979447,1,0,-59
1756014893.4339447,-4,0,-57
1756014893.4719446,1,7,-64
1756014893.509945,-1,2,-50
1756014893.5479443,-1,-1,-56
1756014893.5839446,-1,0,-46
1756014893.621945,5,0,-47
1756014893.6599443,7,-1,-57
1756014893.6979446,3,-3,-57
1756014893.733945,1,0,-54
1756014893.7719443,0,0,-47
1756014893.8099446,1,0,-46
1756014893.8479445,1,-4,-48
1756014893.8839445,-6,-2,-64
1756014893.9219446,-5,0,-42
1756014893.9599447,-2,2,-42
1756014893.9989443,-1,2,-42
1756014894.0349443,1,0,-56
1756014894.0719447,2,2,-63
1756014894.1099446,6,0,-65
1756014894.1489446,2,-3,-59
1756014894.1849446,1,-1,-51
1756014894.2219446,1,-3,-53
1756014894.259945,1,-2,-59
1756014894.2989447,0,1,-45
1756014894.3349447,1,4,-41
1756014894.371945,6,2,-49
1756014894.4099443,2,-1,-47
1756014894.4459443,7,-1,-46
1756014894.483945,0,1,-49
1756014894.5219443,0,0,-46
1756014894.5599446,0,-1,-55
1756014894.5959446,0,0,-52
1756014894.6339445,-6,5,-56
1756014894.6719446,-2,0,-52
1756014894.7099447,1,-3,-52
1756014894.7489443,1,-2,-45
1756014894.7849443,6,-4,-59
1756014894.8229446,0,-4,-52
1756014894.8609445,4,0,-54
1756014894.8999443,0,0,-49
1756014894.9359446,-6,1,-48
1756014894.9729445,-8,1,-55
1756014895.0109446,-7,0,-49
1756014895.0499446,0,2,-54
1756014895.085945,0,-2,-46
1756014895.1229446,-1,-6,-56
1756014895.1609447,-2,2,-68
1756014895.1999447,-5,-1,-63
1756014895.2359445,-3,-3,-62
1756014895.2739446,3,2,-50
1756014895.3119447,7,-2,-46
1756014895.3509445,2,-1,-56
1756014895.3889446,0,-7,-49
1756014895.4249446,-3,-7,-46
1756014895.4629445,2,-4,-56
1756014895.5009446,5,-3,-59
1756014895.5399446,-4,0,-54
1756014895.575945,3,-1,-52
1756014895.6129446,-8,-5,-50
1756014895.6509447,3,-2,-41
1756014895.6899445,-9,-6,-46
1756014895.7259445,-7,-5,-49
1756014895.7639446,-5,0,-53
1756014895.8019447,-2,-3,-54
1756014895.8409443,-4,0,-56
1756014895.8769443,0,1,-62
1756014895.9149446,-2,-1,-59
1756014895.9529445,-5,-2,-53
1756014895.9909446,-4,-2,-57
1756014896.029945,-5,-1,-47
1756014896.065945,-3,-2,-50
1756014896.1039443,-4,-2,-46
1756014896.1419446,-6,-6,-45
1756014896.1809447,-2,-6,-43
1756014896.2169447,-9,-5,-43
1756014896.2549446,-1,-2,-55
1756014896.292945,1,6,-54
1756014896.3309443,-2,1,-48
1756014896.3699446,4,0,-56
1756014896.4059446,-3,-4,-56
1756014896.4439447,1,0,-52
1756014896.4809446,0,-4,-60
1756014896.519945,1,-7,-53
1756014896.5559447,2,4,-50
1756014896.5929446,-3,6,-49
1756014896.631945,0,1,-51
1756014896.6699443,-2,3,-46
1756014896.7059443,4,1,-52
1756014896.7429447,6,0,-63
1756014896.7819445,0,2,-62
1756014896.8199446,1,-1,-59
1756014896.8559446,5,0,-51
1756014896.8929446,0,-7,-48
1756014896.9319446,-1,2,-40
1756014896.9699447,-2,-7,-60
1756014897.0059447,-2,-7,-53
1756014897.0439446,-4,-9,-48
1756014897.0819447,-5,0,-51
1756014897.1209445,3,-7,-72
1756014897.1569445,0,-3,-57
1756014897.1939447,-3,-5,-63
1756014897.2319446,-3,-5,-44
1756014897.2709446,-5,0,-47
1756014897.3069446,-2,0,-52
1756014897.3439443,0,0,-52
1756014897.381945,-5,2,-48
1756014897.4209447,-2,6,-52
1756014897.4569447,2,0,-50
1756014897.4939446,0,-4,-58
1756014897.5319445,1,6,-42
1756014897.5679443,4,8,-43
1756014897.6049447,12,0,-47
1756014897.6419446,0,3,-43
1756014897.677945,0,-1,-47
1756014897.7149446,2,4,-55
1756014897.7519443,1,0,-49
1756014897.7909446,0,4,-67
1756014897.8269446,-1,-5,-62
1756014897.8649447,-5,7,-63
1756014897.9029446,1,2,-45
1756014897.940945,-3,-1,-47
1756014897.9769447,-4,2,-50
1756014898.0139446,-3,0,-56
1756014898.052945,-5,3,-52
1756014898.0909443,4,-2,-61
1756014898.1269443,-4,3,-45
1756014898.1639447,-1,-2,-47
1756014898.2029445,1,1,-50
1756014898.2409446,-2,5,-49
1756014898.2769446,-1,0,-51
1756014898.3149445,0,0,-51
1756014898.3529446,0,0,-50
1756014898.3909447,-4,-2,-47
1756014898.4269447,-8,-1,-49
1756014898.4649446,-1,-4,-51
1756014898.5029447,-7,1,-52
1756014898.5419445,-4,0,-44
1756014898.5779445,-5,3,-43
1756014898.6159446,-4,2,-35
1756014898.6539447,-1,4,-50
1756014898.6929443,-1,1,-48
1756014898.7309446,0,-4,-57
1756014898.7669446,2,-1,-44
1756014898.8049445,0,0,-47
1756014898.8429446,-1,-6,-47
1756014898.881945,0,-6,-51
1756014898.9189446,-6,-7,-47
1756014898.9559443,-5,-4,-51
1756014898.9939446,-1,-3,-52
1756014899.032945,-2,2,-52
1756014899.0709443,-7,-1,-46
1756014899.1069446,-3,0,-53
1756014899.1439445,0,1,-57
1756014899.1819446,1,-1,-48
1756014899.2179446,-1,-3,-41
1756014899.2559447,-4,0,-39
1756014899.2939446,6,-5,-39
1756014899.3329446,3,-7,-40
1756014899.3779447,-4,-6,-56
1756014899.4149446,-4,3,-49
1756014899.4529445,-3,-2,-48
1756014899.4919446,-7,0,-50
1756014899.5279446,-5,0,-46
1756014899.5649445,-5,-2,-54
1756014899.6029446,-3,0,-55
1756014899.6419446,5,0,-61
1756014899.677945,6,-1,-51
1756014899.7149446,-2,-3,-61
1756014899.7529447,-6,-3,-49
1756014899.7919445,-9,-1,-53
1756014899.8279445,4,0,-45
1756014899.8649447,6,6,-52
1756014899.9029446,4,3,-57
1756014899.9389446,0,-2,-53
1756014899.9759445,0,-1,-60
1756014900.0139446,1,2,-52
1756014900.0519447,-1,7,-42
1756014900.0879445,-3,-1,-48
1756014900.1259446,-2,-2,-45
1756014900.1639447,5,-8,-59
1756014900.2029445,-3,-1,-47
1756014900.2389443,-3,-8,-51
1756014900.2769446,1,-7,-51
1756014900.3149445,2,-6,-54
1756014900.3539443,5,0,-63
1756014900.3919446,-1,-4,-39
1756014900.427945,0,3,-40
1756014900.4659443,1,3,-50
1756014900.5039446,3,5,-49
1756014900.542945,0,4,-49
1756014900.5789447,-11,2,-59
1756014900.6169446,-6,-6,-56
1756014900.654945,0,-6,-49
1756014900.6939447,-3,-1,-66
1756014900.7319446,-5,3,-64
1756014900.7679446,-10,3,-57
1756014900.8049445,-3,9,-47
1756014900.8439443,-6,1,-48
1756014900.8799446,1,-4,-47
1756014900.9169445,-3,-3,-61
1756014900.9549446,0,0,-51
1756014900.9939446,-2,1,-47
1756014901.029945,-7,8,-45
1756014901.0679443,-4,0,-55
1756014901.1049447,-4,-2,-53
1756014901.1439445,0,-6,-46
1756014901.1799445,-4,0,-49
1756014901.2169447,-10,-3,-55
1756014901.2549446,-8,5,-58
1756014901.2939446,-5,1,-65
1756014901.3299446,-1,2,-65
1756014901.3669446,4,0,-52
1756014901.404945,0,4,-48
1756014901.4429443,-1,4,-47
1756014901.4789443,-1,0,-52
1756014901.5179446,0,3,-47
1756014901.5549445,-2,2,-48
1756014901.5939443,-2,-3,-55
1756014901.6299446,0,2,-51
1756014901.667945,0,0,-54
1756014901.7049446,0,-2,-53
1756014901.7439446,1,-5,-50
1756014901.779945,-4,-6,-49
1756014901.8179443,1,-3,-54
1756014901.8559446,4,-7,-51
1756014901.894945,-2,-3,-48
1756014901.9329443,6,-3,-49
1756014901.9689443,3,-1,-46
1756014902.006945,-2,-3,-63
1756014902.0449443,-10,0,-55
1756014902.0839446,2,-1,-50
1756014902.1199446,-3,-3,-52
1756014902.157945,-1,-11,-50
1756014902.1969447,-10,2,-51
1756014902.2349446,-11,3,-45
1756014902.2729447,-1,-2,-47
1756014902.3089447,0,-1,-47
1756014902.3469446,-3,-4,-59
1756014902.384945,2,-6,-48
1756014902.4239447,-2,-3,-46
1756014902.4599447,-5,-6,-43
1756014902.4979446,-5,1,-44
1756014902.5359447,-9,1,-49
1756014902.5749447,0,0,-41
1756014902.6109445,4,3,-52
1756014902.6479447,-1,-1,-57
1756014902.6859446,-4,0,-56
1756014902.7249446,-6,-7,-65
1756014902.7609446,-7,0,-52
1756014902.7989447,-6,2,-48
1756014902.8369446,-5,4,-54
1756014902.8759446,-5,11,-47
1756014902.9139447,0,0,-50
1756014902.9499447,1,0,-37
1756014902.9879446,-1,0,-59
1756014903.0259447,0,0,-57
1756014903.0639446,-3,-3,-56
1756014903.0999446,2,0,-54
1756014903.1379447,1,-3,-55
1756014903.1759446,1,0,-58
1756014903.213945,-8,0,-64
1756014903.2499447,-1,-5,-51
1756014903.2879446,-4,-5,-43
1756014903.325945,2,-2,-46
1756014903.3649447,5,-2,-48
1756014903.4009447,-7,-7,-47
1756014903.4389446,0,-3,-54
1756014903.4769447,2,5,-54
1756014903.5149446,-1,3,-42
1756014903.5509446,-6,4,-44
1756014903.5879445,-5,0,-41
1756014903.6259446,4,1,-54
1756014903.6649446,-1,-7,-54
1756014903.700945,0,0,-58
1756014903.7379446,2,0,-62
1756014903.7759447,-5,-6,-58
1756014903.8139446,-4,1,-48
1756014903.8499446,-2,0,-50
1756014903.8869443,0,-1,-56
1756014903.9259446,2,-3,-50
1756014903.963945,0,0,-46
1756014903.9999447,-1,7,-45
1756014904.0369446,0,0,-30
1756014904.0749447,-1,2,-43
1756014904.1109445,-5,2,-42
1756014904.1489446,3,-6,-59
1756014904.1869447,4,-3,-57
1756014904.2259445,-1,-5,-60
1756014904.2619443,8,-2,-63
1756014904.2989447,-2,-2,-51
1756014904.3369446,-4,-1,-52
1756014904.3759446,-2,-6,-54
1756014904.4119446,-2,-4,-51
1756014904.4499447,-7,0,-51
1756014904.4879446,-2,-7,-45
1756014904.5259447,-3,-7,-54
1756014904.5649445,3,1,-61
1756014904.6009445,-1,1,-55
1756014904.6379447,0,2,-50
1756014904.6759446,-2,0,-56
1756014904.7119446,0,2,-46
1756014904.7489443,-3,-3,-49
1756014904.7869446,-1,-2,-53
1756014904.825945,-2,-4,-52
1756014904.861945,-1,-3,-63
1756014904.8999443,2,0,-51
1756014904.9369447,0,0,-65
1756014904.9749446,-8,1,-56
1756014905.0109446,-1,0,-65
1756014905.0479443,-1,-4,-61
1756014905.0869446,-1,-2,-54
1756014905.1249447,1,0,-51
1756014905.1609447,5,3,-51
1756014905.1979446,12,-1,-54
1756014905.236945,0,-6,-57
1756014905.2749443,-7,4,-50
1756014905.3109446,-3,0,-57
1756014905.3479445,-3,0,-54
1756014905.3869443,0,-4,-54
1756014905.4249446,-1,-5,-57
1756014905.460945,2,-4,-52
1756014905.4979446,2,0,-55
1756014905.5359447,0,-2,-46
1756014905.5719447,4,-2,-53
1756014905.608945,0,5,-58
1756014905.6469443,0,-5,-50
1756014905.6859446,6,1,-58
1756014905.7219446,1,1,-46
1756014905.7589445,1,4,-56
1756014905.7969446,-6,-6,-46
1756014905.835945,-2,-7,-44
1756014905.871945,-3,-1,-42
1756014905.9099443,2,-2,-57
1756014905.9479446,-4,-5,-47
1756014905.986945,0,-3,-39
1756014906.0229447,1,-3,-47
1756014906.0619447,8,1,-50
1756014906.0999446,0,7,-46
1756014906.1369443,0,0,-53
1756014906.1729443,0,1,-46
1756014906.2099447,2,2,-55
1756014906.246945,1,4,-55
1756014906.2859447,-5,3,-49
1756014906.3219447,-4,4,-60
1756014906.358945,-3,2,-54
1756014906.3979447,0,0,-60
1756014906.4359446,3,-5,-49
1756014906.4719446,3,0,-46
1756014906.5089445,3,-2,-53
1756014906.5479443,-1,2,-54
1756014906.585945,-3,-2,-53
1756014906.621945,3,-2,-49
1756014906.6589446,2,3,-47
1756014906.6969447,-5,-7,-51
1756014906.7329447,-7,-3,-51
1756014906.7709446,-5,-16,-48
1756014906.8089447,-2,-7,-40
1756014906.8479445,1,-5,-49
1756014906.8859446,4,0,-57
1756014906.9219446,5,1,-55
1756014906.9589446,1,-3,-51
1756014906.9979446,-4,-5,-58
1756014907.0359447,-5,-1,-54
1756014907.0719447,-4,3,-53
1756014907.108945,-8,-1,-55
1756014907.1479447,-2,-2,-50
1756014907.1859446,5,1,-48
1756014907.2219446,0,0,-45
1756014907.2589445,0,-6,-40
1756014907.2979443,0,-8,-51
1756014907.335945,0,-2,-54
1756014907.371945,-2,2,-53
1756014907.4099443,-4,4,-54
1756014907.4479446,0,3,-43
1756014907.486945,-2,-6,-46
1756014907.5229447,5,-4,-59
1756014907.5599446,0,0,-59
1756014907.5979445,-6,2,-47
1756014907.6369443,0,-7,-39
1756014907.6729443,9,-4,-47
1756014907.7119446,8,1,-54
1756014907.7489443,4,-5,-51
1756014907.7879446,-1,1,-54
1756014907.8249447,-8,1,-55
1756014907.861945,7,5,-63
1756014907.8989446,0,-4,-49
1756014907.937945,-1,0,-50
1756014907.973945,1,-3,-51
1756014908.0119443,-1,-5,-47
1756014908.0499446,-2,-1,-57
1756014908.0879445,-3,0,-52
1756014908.1269443,3,0,-58
1756014908.1629446,5,-1,-51
1756014908.1999447,-4,-4,-41
1756014908.2389443,3,-6,-55
1756014908.2769446,4,-7,-49
1756014908.312945,1,-5,-50
1756014908.3509445,-6,-11,-55
1756014908.3889446,-1,4,-54
1756014908.427945,-7,-5,-49
1756014908.463945,0,-2,-44
1756014908.5009446,-7,-2,-40
1756014908.5399446,-9,1,-44
1756014908.5779445,-4,-1,-53
1756014908.6169446,-2,0,-44
1756014908.6529446,6,-1,-42
1756014908.6899445,0,-6,-48
1756014908.7289443,4,-6,-48
1756014908.7669446,-2,-5,-50
1756014908.802945,-5,-1,-49
1756014908.8409443,0,-3,-52
1756014908.8789446,1,-1,-54
1756014908.917945,-1,-1,-44
1756014908.9539447,-2,3,-60
1756014908.9919446,-3,0,-62
1756014909.029945,6,-1,-58
1756014909.0689447,0,-9,-54
1756014909.1049447,1,-1,-53
1756014909.1429446,-4,-8,-52
1756014909.1809447,-4,1,-49
1756014909.2189443,-2,1,-48
1756014909.2579446,-4,1,-60
1756014909.2939446,-1,3,-59
1756014909.3309443,-2,1,-57
1756014909.3689446,6,0,-50
1756014909.4129446,7,2,-53
1756014909.450945,-1,-5,-54
1756014909.4889443,-5,0,-42
1756014909.5279446,1,-1,-42
1756014909.5639446,-8,-2,-53
1756014909.6019447,1,-5,-36
1756014909.6409447,1,2,-49
1756014909.6789446,-5,0,-54
1756014909.7149446,-6,0,-50
1756014909.7529447,-4,-1,-55
1756014909.7909446,0,-10,-54
1756014909.8289447,0,-4,-49
1756014909.8659446,-8,-5,-49
1756014909.9029446,-6,0,-45
1756014909.940945,0,0,-41
1756014909.9799447,0,0,-46
1756014910.0179446,-3,0,-46
1756014910.0539446,0,0,-44
1756014910.0909443,3,8,-55
1756014910.1289446,0,0,-59
1756014910.1649446,8,2,-54
1756014910.2029445,6,0,-58
1756014910.2409446,-6,-4,-57
1756014910.2789447,-3,-3,-48
1756014910.3149445,-1,4,-47
1756014910.3529446,-2,4,-48
1756014910.3899446,-6,1,-53
1756014910.4289446,0,-1,-62
1756014910.4649446,5,0,-61
1756014910.5019443,0,2,-47
1756014910.5399446,-4,-3,-47
1756014910.5779445,-7,-3,-50
1756014910.6139443,-1,-6,-56
1756014910.6519446,-6,0,-56
1756014910.6899445,-3,-4,-53
1756014910.7289443,0,1,-60
1756014910.7649446,0,1,-58
1756014910.8019447,-4,9,-55
1756014910.8409443,-4,7,-34
1756014910.8789446,-1,0,-56
1756014910.9149446,-4,1,-45
1756014910.9519446,4,0,-43
1756014910.9899447,-4,-1,-48
1756014911.0259447,2,-1,-50
1756014911.0639446,-3,3,-58
1756014911.1019447,-2,3,-57
1756014911.1409447,-4,-4,-50
1756014911.1789446,-3,0,-64
1756014911.2149446,1,1,-57
1756014911.2519443,1,-2,-62
1756014911.2909446,2,-1,-55
1756014911.3289447,5,2,-52
1756014911.3649447,-2,1,-46
1756014911.4019446,2,2,-48
1756014911.4399445,1,3,-56
1756014911.4759445,7,3,-56
1756014911.5139446,1,5,-64
1756014911.5519447,2,-2,-56
1756014911.5909443,-3,0,-43
1756014911.6289446,-3,5,-50
1756014911.6649446,-4,8,-60
1756014911.7019446,3,0,-48
1756014911.7399447,-7,0,-51
1756014911.7759447,-2,-5,-53
1756014911.8139446,1,3,-50
1756014911.8509445,0,0,-48
1756014911.8899446,4,2,-42
1756014911.9259446,0,-1,-49
1756014911.963945,3,-2,-60
1756014912.0019443,7,3,-48
1756014912.0399446,0,2,-58
1756014912.075945,2,-4,-54
1756014912.1139443,-1,0,-57
1756014912.1519446,-1,4,-53
1756014912.190945,-6,4,-49
1756014912.2289443,1,0,-56
1756014912.2649446,1,0,-49
1756014912.3019447,-6,2,-47
1756014912.3409443,-8,1,-39
1756014912.3789446,-7,3,-42
1756014912.4159446,-4,2,-42
1756014912.4529445,-11,3,-56
1756014912.4909446,0,-2,-44
1756014912.529945,-3,2,-57
1756014912.565945,-4,2,-59
1756014912.6029446,-11,-2,-60
1756014912.6409447,-4,-6,-50
1756014912.6799445,0,-1,-50
1756014912.7159443,1,2,-40
1756014912.7529447,1,0,-59
1756014912.7909446,0,-3,-59
1756014912.8269446,-3,0,-57
1756014912.8639443,-3,0,-47
1756014912.9019446,-3,-8,-55
1756014912.940945,0,-5,-59
1756014912.9769447,0,4,-53
1756014913.0149446,-8,2,-48
1756014913.0519447,-4,6,-48
1756014913.0909443,-9,4,-59
1756014913.1269443,1,2,-45
1756014913.1649446,5,-4,-50
1756014913.2019446,-1,1,-62
1756014913.2409446,1,3,-54
1756014913.2769446,0,-4,-58
1756014913.3149445,-2,3,-65
1756014913.3519447,-7,3,-48
1756014913.3909447,1,1,-59
1756014913.4299445,4,4,-56
1756014913.4659443,-1,-1,-56
1756014913.5039446,10,0,-49
1756014913.5419445,5,-4,-42
1756014913.5799446,0,-1,-56
1756014913.6159446,3,-4,-46
1756014913.6529446,-3,-1,-51
1756014913.6919446,0,-1,-58
1756014913.7299447,2,3,-46
1756014913.7659447,-4,-4,-50
1756014913.8039446,-1,-1,-45
1756014913.8419447,0,-6,-54
1756014913.8809447,4,-10,-59
1756014913.9169445,8,0,-51
1756014913.9539447,1,4,-51
1756014913.9919446,-3,1,-53
1756014914.029945,-6,4,-60
1756014914.065945,0,0,-53
1756014914.1029446,-3,4,-51
1756014914.1419446,-6,-4,-58
1756014914.177945,-7,-2,-64
1756014914.2159443,-6,5,-58
1756014914.2539446,-1,-1,-49
1756014914.2919445,0,-1,-61
1756014914.3309443,-7,-8,-59
1756014914.3669446,-2,-6,-58
1756014914.404945,-1,-6,-56
1756014914.4439447,-5,-4,-60
1756014914.4819446,-1,-5,-52
1756014914.5179446,1,-3,-58
1756014914.5549445,0,5,-64
1756014914.5929446,1,6,-43
1756014914.631945,4,3,-46
1756014914.667945,0,-5,-53
1756014914.7049446,2,-6,-47
1756014914.7439446,-2,-8,-64
1756014914.7819445,4,-3,-60
1756014914.8179443,10,5,-51
1756014914.8549447,7,9,-55
1756014914.8929446,4,0,-53
1756014914.9309447,2,0,-46
1756014914.9669447,3,-3,-46
1756014915.0049446,4,0,-45
1756014915.042945,-4,0,-42
1756014915.0809443,0,-2,-51
1756014915.1169446,-2,0,-43
1756014915.1539447,1,0,-47
1756014915.1919446,-1,-4,-41
1756014915.2279446,2,-6,-39
1756014915.2649446,5,-2,-46
1756014915.302945,1,0,-40
1756014915.3409443,-9,-2,-49
1756014915.3769443,-4,-1,-41
1756014915.4149446,-8,-1,-52
1756014915.4529445,0,-5,-57
1756014915.4919446,0,-6,-52
1756014915.5279446,-4,4,-57
1756014915.5649445,-3,1,-49
1756014915.6029446,-1,-1,-44
1756014915.6419446,-2,0,-48
1756014915.677945,-8,1,-52
1756014915.7149446,-5,0,-52
1756014915.7529447,1,1,-41
1756014915.7889447,0,-1,-44
1756014915.8269446,2,0,-47
1756014915.8649447,-6,-5,-48
1756014915.9029446,-5,0,-41
1756014915.9389446,1,2,-48
1756014915.9759445,-8,-1,-50
1756014916.0149446,-10,4,-53
1756014916.052945,-7,8,-52
1756014916.0899446,-2,6,-55
1756014916.1269443,-5,14,-54
1756014916.1649446,-2,1,-49
1756014916.2029445,-5,0,-55
1756014916.2419446,-7,1,-39
1756014916.2779446,0,2,-52
1756014916.3149445,8,0,-59
1756014916.3529446,-2,-3,-60
1756014916.3919446,-3,2,-47
1756014916.427945,-5,0,-44
1756014916.4649446,0,-5,-57
1756014916.5039446,0,0,-52
1756014916.5419445,-5,-1,-54
1756014916.5779445,-4,-3,-61
1756014916.6159446,-6,-1,-48
1756014916.6539447,8,5,-51
1756014916.6929443,-3,-6,-49
1756014916.7289443,-4,2,-68
1756014916.7679446,10,2,-53
1756014916.8049445,3,1,-43
1756014916.8439443,5,5,-40
1756014916.881945,-1,1,-47
1756014916.917945,-9,2,-44
1756014916.9549446,-2,2,-48
1756014916.9939446,0,-5,-56
1756014917.0319445,-4,-4,-51
1756014917.0679443,-2,3,-44
1756014917.1049447,-6,-2,-52
1756014917.1439445,-8,0,-55
1756014917.1819446,1,3,-59
1756014917.2179446,0,0,-54
1756014917.2549446,2,3,-57
1756014917.2939446,0,0,-49
1756014917.3319447,2,-3,-47
1756014917.3679447,0,-1,-38
1756014917.404945,5,1,-56
1756014917.4439447,2,-2,-53
1756014917.4799447,0,0,-55
1756014917.5179446,-3,1,-61
1756014917.5569446,1,-4,-63
1756014917.5939443,0,0,-42
1756014917.6299446,4,0,-52
1756014917.6669445,6,-5,-62
1756014917.7049446,7,-7,-59
1756014917.7439446,-2,0,-56
1756014917.779945,-4,0,-51
1756014917.8169446,0,-1,-54
1756014917.8549447,11,-7,-44
1756014917.8939445,2,-5,-41
1756014917.9299445,0,-6,-45
1756014917.9679446,2,-3,-50
1756014918.006945,-13,-4,-48
1756014918.0439446,-6,5,-38
1756014918.0829446,-2,6,-44
1756014918.1189446,5,-2,-45
1756014918.1569445,6,-3,-44
1756014918.1949446,0,1,-57
1756014918.2329447,4,-1,-49
1756014918.2689445,-2,4,-49
1756014918.3069446,-7,-2,-55
1756014918.3449447,4,2,-52
1756014918.3829446,-8,1,-51
1756014918.4189446,-4,2,-53
1756014918.4569447,-4,0,-53
1756014918.4949446,-5,-2,-51
1756014918.532945,5,0,-47
1756014918.5689447,3,2,-58
1756014918.6069446,-1,5,-56
1756014918.644945,9,-2,-56
1756014918.6829443,-1,4,-61
1756014918.7189443,0,4,-55
1756014918.7559447,3,-1,-49
1756014918.7949443,5,-2,-60
1756014918.8329446,-4,0,-54
1756014918.8689446,4,2,-53
1756014918.9069445,0,-4,-55
1756014918.9449446,0,-6,-47
1756014918.9829447,2,-2,-55
1756014919.0189445,-3,0,-48
1756014919.0569446,-6,-5,-59
1756014919.0949447,2,-7,-47
1756014919.1309447,7,-6,-55
1756014919.167945,-4,-5,-62
1756014919.2069447,0,0,-57
1756014919.2449446,-2,-4,-64
1756014919.2809446,0,-2,-65
1756014919.3179443,-3,2,-59
1756014919.3559446,-4,-1,-63
1756014919.394945,3,-3,-57
1756014919.4399445,1,0,-52
1756014919.4769447,1,2,-54
1756014919.5149446,0,1,-46
1756014919.5509446,-2,-1,-53
1756014919.588945,0,-3,-58
1756014919.6269443,-4,0,-56
1756014919.6649446,-7,-3,-55
1756014919.7039447,2,-8,-58
1756014919.7399447,5,-2,-60
1756014919.7779446,-2,-2,-54
1756014919.815945,-4,-3,-53
1756014919.8549447,-1,-3,-52
1756014919.8909447,0,-7,-44
1756014919.927945,0,-3,-38
1756014919.9659443,-1,-2,-55
1756014920.0049446,-1,-7,-57
1756014920.0409446,0,-3,-52
1756014920.0779445,6,2,-49
1756014920.1159446,0,1,-52
1756014920.154945,-2,0,-60
1756014920.190945,-3,-4,-66
1756014920.2299447,-6,-6,-43
1756014920.2679446,-7,-1,-50
1756014920.3059447,-5,2,-57
1756014920.3439443,-6,0,-51
1756014920.3799446,3,-6,-59
1756014920.417945,-2,-4,-63
1756014920.4559443,-6,7,-50
1756014920.4949446,-7,4,-52
1756014920.5309446,-4,-2,-53
1756014920.5689447,1,2,-57
1756014920.6059446,4,-5,-58
1756014920.644945,0,-1,-57
1756014920.6809447,2,-7,-51
1756014920.7179446,-6,-3,-59
1756014920.7559447,-4,3,-47
1756014920.7949443,-1,2,-52
1756014920.8309443,3,-2,-60
1756014920.8679447,6,-2,-51
1756014920.9059446,3,0,-38
1756014920.9449446,-1,0,-45
1756014920.9809446,2,-2,-37
1756014921.0179446,-2,1,-52
1756014921.0559447,1,-2,-49
1756014921.0949447,-1,0,-60
1756014921.1309447,7,5,-52
1756014921.167945,9,3,-49
1756014921.2059443,3,-2,-53
1756014921.2419446,-1,-1,-52
1756014921.2809446,3,4,-59
1756014921.3179443,1,3,-59
1756014921.3559446,-4,-7,-53
1756014921.3919446,5,-5,-62
1756014921.4309447,0,-6,-50
1756014921.4679446,4,-4,-55
1756014921.506945,2,-4,-55
1756014921.5449443,2,0,-52
1756014921.5809443,7,-2,-53
1756014921.6179447,5,-8,-66
1756014921.6569445,3,-5,-56
1756014921.6949446,-2,0,-55
1756014921.7309446,0,2,-51
1756014921.7679446,1,12,-61
1756014921.8059447,-1,6,-47
1756014921.8419447,2,1,-49
1756014921.8799446,3,-2,-51
1756014921.9169445,-1,-5,-46
1756014921.9559443,-2,0,-60
1756014921.9919446,-1,-4,-62
1756014922.0309446,1,1,-56
1756014922.0679443,3,0,-59
1756014922.1069446,4,-5,-56
1756014922.144945,-3,-6,-55
1756014922.1809447,-5,-4,-63
1756014922.2189443,0,0,-47
1756014922.256945,-1,5,-51
1756014922.2949443,-2,-1,-51
1756014922.3309443,-1,7,-54
1756014922.3679447,6,2,-51
1756014922.4059446,4,0,-58
1756014922.4429443,0,-2,-60
1756014922.4799447,0,-4,-54
1756014922.5179446,0,6,-52
1756014922.5559447,0,-1,-49
1756014922.5919447,3,-2,-59
1756014922.6299446,8,0,-64
1756014922.667945,2,2,-54
1756014922.7059443,-5,0,-52
1756014922.7419446,3,-5,-50
1756014922.779945,3,0,-44
1756014922.8179443,5,-1,-45
1756014922.8569446,-1,-1,-45
1756014922.8929446,0,-3,-41
1756014922.9299445,-2,-6,-42
1756014922.9679446,0,-3,-46
1756014923.006945,0,-4,-44
1756014923.042945,2,-3,-47
1756014923.0799446,0,3,-61
1756014923.1179447,0,0,-54
1756014923.1559446,-6,1,-62
1756014923.1929443,2,0,-53
1756014923.2299447,3,-6,-60
1756014923.2679446,8,1,-49
1756014923.3059447,5,1,-46
1756014923.3419447,0,0,-44
1756014923.3799446,5,5,-58
1756014923.417945,4,3,-62
1756014923.4559443,1,-2,-55
1756014923.4919446,3,-3,-48
1756014923.529945,1,-5,-51
1756014923.5679443,9,-4,-45
1756014923.6069446,3,-6,-44
1756014923.6429446,0,-3,-38
1756014923.6799445,0,-1,-41
1756014923.7179446,0,-5,-50
1756014923.756945,7,1,-45
1756014923.792945,4,0,-62
1756014923.8299446,3,-2,-57
1756014923.8689446,-3,0,-50
1756014923.9069445,-4,1,-53
1756014923.9429443,0,4,-56
1756014923.9799447,8,3,-40
1756014924.0179446,0,0,-50
1756014924.0539446,0,-2,-47
1756014924.0909443,3,2,-57
1756014924.1279447,-3,-2,-45
1756014924.1669445,0,-6,-59
1756014924.2029445,-4,-4,-54
1756014924.2409446,0,-3,-53
1756014924.2789447,-6,2,-56
1756014924.3179443,3,-1,-52
1756014924.3539443,-8,-8,-62
1756014924.3919446,-7,6,-59
1756014924.4299445,-6,9,-57
1756014924.4679446,-4,1,-53
1756014924.506945,-1,-4,-58
1756014924.542945,8,-2,-41
1756014924.5799446,5,-1,-47
1756014924.6179447,1,0,-46
1756014924.6569445,0,-4,-50
1756014924.6929443,0,1,-62
1756014924.7299447,11,0,-57
1756014924.7679446,-2,0,-54
1756014924.8039446,0,0,-52
1756014924.8409443,4,0,-55
1756014924.8789446,-3,3,-52
1756014924.9169445,-1,-5,-55
1756014924.9529445,-2,-6,-50
1756014924.9909446,-10,-9,-42
1756014925.0289447,0,-7,-56
1756014925.0679443,5,-2,-56
1756014925.1039443,-4,0,-54
1756014925.1409447,0,2,-50
1756014925.1789446,2,2,-49
1756014925.2169447,-4,2,-49
1756014925.2529447,-3,0,-56
1756014925.2909446,-4,-2,-60
1756014925.3289447,-2,1,-56
1756014925.3669446,-5,0,-50
1756014925.4029446,-1,-3,-59
1756014925.440945,-1,2,-52
1756014925.4789443,-1,2,-55
1756014925.5179446,0,2,-47
1756014925.5539446,3,-1,-55
1756014925.5909443,2,-3,-50
1756014925.6289446,0,-4,-52
1756014925.667945,8,-3,-65
1756014925.7039447,4,-1,-62
1756014925.7409446,3,-2,-50
1756014925.7789447,0,5,-49
1756014925.8169446,3,-5,-51
1756014925.8539443,2,-5,-44
1756014925.8909447,-1,-6,-54
1756014925.9289446,3,2,-45
1756014925.9649446,4,6,-48
1756014926.0019443,1,1,-40
1756014926.0389447,2,3,-41
1756014926.0779445,-2,1,-40
1756014926.1139443,-8,3,-47
1756014926.1509447,-5,8,-57
1756014926.1889446,1,3,-56
1756014926.2279446,4,4,-51
1756014926.2639446,0,1,-50
1756014926.3009446,-2,-2,-51
1756014926.3399446,2,-8,-56
1756014926.3779447,-1,-1,-44
1756014926.4139447,-7,0,-49
1756014926.450945,0,-4,-60
1756014926.4899447,0,-6,-53
1756014926.5279446,-4,0,-66
1756014926.5639446,-2,-1,-55
1756014926.6029446,4,-1,-55
1756014926.6399446,0,-1,-56
1756014926.6789446,-3,-5,-50
1756014926.7149446,-5,-3,-56
1756014926.7529447,-5,0,-45
1756014926.7909446,0,-8,-48
1756014926.8299446,-3,-5,-46
1756014926.8679447,0,-5,-42
1756014926.9039447,-3,-11,-46
1756014926.9419446,-10,-3,-40
1756014926.9799447,0,-1,-42
1756014927.0189445,6,-3,-55
1756014927.0549445,1,1,-49
1756014927.0919447,-2,-3,-46
1756014927.1299446,-6,-1,-56
1756014927.1689446,-1,-4,-51
1756014927.2049446,7,-7,-51
1756014927.2419446,12,-3,-48
1756014927.279945,3,-1,-56
1756014927.3189447,-2,-3,-56
1756014927.3549447,-4,7,-52
1756014927.3919446,-3,-7,-45
1756014927.4299445,-2,-5,-45
1756014927.4689443,2,-2,-57
1756014927.5049446,9,-8,-53
1756014927.5419445,10,0,-54
1756014927.5799446,2,5,-54
1756014927.6159446,-4,2,-59
1756014927.6529446,-6,2,-49
1756014927.6919446,0,-2,-34
1756014927.7299447,1,4,-48
1756014927.7659447,3,7,-58
1756014927.802945,4,0,-52
1756014927.8399446,0,-2,-51
1756014927.8789446,2,0,-50
1756014927.9149446,3,0,-52
1756014927.9519446,0,0,-58
1756014927.9899447,-3,-3,-51
1756014928.0289447,-3,0,-39
1756014928.0649445,-3,0,-49
1756014928.1019447,5,-9,-51
1756014928.1409447,6,-3,-44
1756014928.1789446,1,-7,-54
1756014928.2149446,-1,0,-50
1756014928.2519443,-2,-7,-56
1756014928.2909446,1,-2,-53
1756014928.3289447,4,-2,-52
1756014928.3649447,7,0,-58
1756014928.4019446,-1,-3,-57
1756014928.440945,-3,0,-56
1756014928.4789443,1,0,-39
1756014928.5149446,0,0,-48
1756014928.5519447,6,-2,-50
1756014928.5909443,0,5,-47
1756014928.6289446,3,-3,-61
1756014928.6649446,2,5,-57
1756014928.7019446,0,-1,-49
1756014928.7409446,5,0,-39
1756014928.7789447,1,-2,-51
1756014928.8149445,-2,-3,-52
1756014928.8539443,-6,-3,-53
1756014928.8909447,6,0,-52
1756014928.9289446,2,-4,-65
1756014928.9649446,4,-8,-55
1756014929.0029447,-2,-9,-58
1756014929.0409446,0,-5,-65
1756014929.0769446,0,-6,-66
1756014929.1139443,1,1,-59
1756014929.1509447,-3,-4,-53
1756014929.1899445,-6,-3,-60
1756014929.2259445,0,-2,-59
1756014929.2629447,0,2,-53
1756014929.3009446,0,-6,-51
1756014929.3369446,-1,-3,-51
1756014929.3749447,7,-2,-57
1756014929.4129446,8,-5,-53
1756014929.4579446,-2,-5,-56
1756014929.4959445,-5,-4,-50
1756014929.5339446,0,-3,-45
1756014929.5709443,0,3,-52
1756014929.6079447,2,1,-52
1756014929.644945,3,6,-43
1756014929.6819446,7,4,-48
1756014929.7199447,3,3,-56
1756014929.7559447,-3,1,-60
1756014929.792945,-1,-1,-50
1756014929.8319447,-1,-6,-52
1756014929.8699446,-9,-7,-62
1756014929.9059446,-2,-1,-53
1756014929.9439447,0,3,-40
1756014929.9829447,-4,0,-47
1756014930.0209446,-1,-6,-57
1756014930.0569446,-1,-4,-51
1756014930.0949447,-3,-2,-59
1756014930.1329446,-5,-7,-58
1756014930.1719446,-8,-6,-47
1756014930.2099447,-2,-5,-47
1756014930.2459445,2,0,-59
1756014930.2839446,0,0,-50
1756014930.3219447,0,0,-52
1756014930.3599446,-8,1,-56
1756014930.3959446,-5,5,-51
1756014930.4339447,-7,10,-59
1756014930.4719446,-1,0,-64
1756014930.509945,-9,1,-54
1756014930.5459447,-5,-3,-48
1756014930.5839446,0,-4,-50
1756014930.621945,-3,-5,-59
1756014930.6609447,3,-2,-55
1756014930.6969447,10,-3,-62
1756014930.733945,5,-4,-64
1756014930.7719443,3,-5,-59
1756014930.8109446,-3,-4,-62
1756014930.8469446,0,-1,-52
1756014930.8839445,-4,-2,-57
1756014930.9219446,-1,-3,-57
1756014930.960945,1,-6,-56
1756014930.996945,4,-3,-65
1756014931.0349443,5,0,-53
1756014931.0719447,1,7,-50
1756014931.1109445,0,-4,-48
1756014931.1469443,3,-5,-39
1756014931.1849446,-1,-6,-34
1756014931.2219446,1,-2,-54
1756014931.2609446,-3,-6,-54
1756014931.2969446,0,-1,-62
1756014931.3349447,-2,-4,-54
1756014931.371945,1,-5,-58
1756014931.4109447,-4,-9,-60
1756014931.4469447,2,-2,-50
1756014931.4849446,3,3,-52
1756014931.5229447,-1,0,-59
1756014931.5619447,0,-6,-55
1756014931.5979445,-3,-4,-51
1756014931.6359446,0,-3,-50
1756014931.6739447,3,1,-51
1756014931.7129445,-2,9,-49
1756014931.7509446,0,0,-56
1756014931.7869446,0,-5,-48
1756014931.8239446,-1,-1,-45
1756014931.8629446,-4,1,-54
1756014931.9009447,2,-3,-45
1756014931.9369447,-1,-1,-52
1756014931.9759445,4,-4,-43
1756014932.0129447,-4,-8,-56
1756014932.0519447,-7,-6,-60
1756014932.0879445,-8,-6,-44
1756014932.1259446,-6,2,-47
1756014932.1649446,1,1,-53
1756014932.2029445,-4,-3,-58
1756014932.2409446,-4,1,-57
1756014932.2769446,0,0,-58
1756014932.3139446,-3,0,-49
1756014932.3529446,1,0,-48
1756014932.3889446,5,-1,-43
1756014932.4259446,6,1,-54
1756014932.4629445,-1,-3,-46
1756014932.5019443,0,-2,-42
1756014932.5379446,0,-4,-48
1756014932.5749447,0,-4,-59
1756014932.6129446,-3,0,-64
1756014932.6519446,5,-4,-44
1756014932.687945,0,-4,-48
1756014932.7249446,2,-2,-52
1756014932.7629447,1,-2,-53
1756014932.8019447,0,-6,-53
1756014932.8379445,-4,-2,-54
1756014932.8759446,3,0,-50
1756014932.9129446,-2,4,-42
1756014932.9519446,-1,5,-51
1756014932.9879446,4,4,-47
1756014933.0249443,2,-4,-45
1756014933.0639446,2,0,-49
1756014933.1019447,1,-4,-51
1756014933.1379447,5,4,-40
1756014933.1749446,2,0,-45
1756014933.213945,6,2,-44
1756014933.2519443,5,6,-37
1756014933.2879446,5,0,-55
1756014933.3249447,3,-3,-53
1756014933.3639443,-2,-2,-49
1756014933.4019446,2,3,-50
1756014933.437945,0,4,-53
1756014933.4749446,-9,1,-50
1756014933.5139446,-5,0,-51
1756014933.5519447,0,5,-53
1756014933.5879445,-3,-3,-53
1756014933.6259446,-1,0,-66
1756014933.6639447,4,3,-62
1756014933.7029445,0,4,-47
1756014933.7389443,4,4,-41
1756014933.7759447,0,2,-52
1756014933.8139446,2,1,-56
1756014933.8519447,-1,-5,-59
1756014933.8879447,-2,-2,-50
1756014933.9269447,2,0,-55
1756014933.963945,-5,-5,-50
1756014934.0029447,-6,-5,-51
1756014934.0389447,-3,0,-48
1756014934.075945,-5,-4,-48
1756014934.1139443,1,0,-44
1756014934.1499443,0,-2,-49
1756014934.1869447,2,2,-48
1756014934.223945,-3,-2,-55
1756014934.2629447,0,-3,-63
1756014934.2989447,-1,0,-64
1756014934.335945,-2,-1,-47
1756014934.3739443,0,1,-47
1756014934.4099443,4,-9,-49
1756014934.4469447,11,-4,-51
1756014934.4849446,3,-8,-38
1756014934.5239446,1,0,-42
1756014934.5599446,-7,-3,-51
1756014934.5979445,-4,-5,-56
1756014934.6369443,10,-3,-60
1756014934.6739447,-1,-1,-51
1756014934.7129445,2,-2,-54
1756014934.7489443,7,-5,-53
1756014934.7859447,4,-13,-41
1756014934.8249447,4,-7,-50
1756014934.8629446,6,2,-56
1756014934.8989446,2,1,-48
1756014934.9369447,-7,0,-54
1756014934.9749446,1,-4,-54
1756014935.0129447,-5,0,-59
1756014935.0489447,1,1,-52
1756014935.085945,2,0,-55
1756014935.1249447,-2,-2,-60
1756014935.1629446,0,0,-58
1756014935.1989446,-4,4,-56
1756014935.236945,-2,5,-59
1756014935.2749443,3,-5,-55
1756014935.312945,7,-13,-56
1756014935.348945,5,-9,-54
1756014935.3859446,-3,0,-52
1756014935.4249446,-4,2,-56
1756014935.4629445,1,1,-47
1756014935.4989443,5,1,-49
1756014935.5369446,6,-10,-57
1756014935.5749447,-1,-9,-62
1756014935.6129446,5,1,-61
1756014935.6489446,5,0,-61
1756014935.6859446,1,3,-57
1756014935.7249446,1,-1,-56
1756014935.7609446,5,-1,-59
1756014935.7979443,-2,8,-48
1756014935.835945,-2,5,-56
1756014935.8749447,8,-2,-50
1756014935.9109447,0,-1,-49
1756014935.9479446,-3,-2,-52
1756014935.9859445,-1,1,-58
1756014936.0249443,0,0,-64
1756014936.0609446,1,1,-49
1756014936.0979445,-10,-2,-46
1756014936.1359446,0,2,-57
1756014936.1749446,6,-4,-55
1756014936.210945,-2,-6,-52
1756014936.2489443,0,-6,-56
1756014936.2869446,-4,-4,-53
1756014936.3249447,0,-7,-43
1756014936.3639443,0,-2,-49
1756014936.3999443,0,-2,-55
1756014936.4369447,-2,3,-38
1756014936.4759445,7,2,-48
1756014936.5139446,0,1,-50
1756014936.5499446,4,-1,-55
1756014936.5869446,0,-2,-56
1756014936.6259446,5,2,-53
1756014936.6639447,3,-3,-54
1756014936.6999447,2,-10,-55
1756014936.736945,-1,-13,-57
1756014936.7759447,2,-7,-57
1756014936.8139446,0,-2,-54
1756014936.8499446,-3,1,-59
1756014936.8879447,-1,-2,-61
1756014936.9259446,-4,3,-53
1756014936.963945,1,0,-50
1756014936.9999447,1,-2,-50
1756014937.0369446,1,-5,-50
1756014937.075945,1,-9,-50
1756014937.1139443,2,-1,-42
1756014937.1499443,-6,-9,-48
1756014937.187945,0,-5,-41
1756014937.2259445,2,-5,-40
1756014937.2649446,5,2,-54
1756014937.3009446,4,7,-53
1756014937.3379445,4,-7,-51
1756014937.3759446,-1,-7,-58
1756014937.4149446,1,-13,-55
1756014937.450945,-2,-13,-54
1756014937.4899447,3,-4,-50
1756014937.5269446,-1,-4,-49
1756014937.565945,-1,-5,-51
1756014937.6019447,4,-2,-50
1756014937.6399446,-1,-8,-59
1756014937.677945,5,8,-47
1756014937.7169447,6,6,-52
1756014937.7549446,4,-3,-39
1756014937.7909446,6,0,-39
1756014937.8279445,-2,2,-53
1756014937.8659446,0,-3,-61
1756014937.904945,1,-4,-55
1756014937.940945,13,-7,-57
1756014937.9779446,1,-1,-53
1756014938.0159447,4,-1,-47
1756014938.0549445,4,-3,-51
1756014938.0909443,4,-3,-54
1756014938.1279447,3,1,-47
1756014938.1669445,2,-2,-56
1756014938.2049446,-1,-3,-49
1756014938.2409446,0,1,-50
1756014938.2779446,1,-1,-51
1756014938.3169446,-2,-1,-57
1756014938.3549447,0,0,-50
1756014938.3909447,6,2,-41
1756014938.427945,5,6,-61
1756014938.4669447,6,6,-61
1756014938.5049446,-2,-1,-60
1756014938.5409446,0,0,-60
1756014938.5779445,4,-2,-60
1756014938.6169446,4,1,-44
1756014938.654945,2,0,-51
1756014938.690945,1,1,-41
1756014938.7279446,3,4,-45
1756014938.7669446,-2,-1,-47
1756014938.8049445,-1,1,-49
1756014938.8409443,0,3,-42
1756014938.8779447,7,1,-31
1756014938.9169445,-3,-11,-49
1756014938.9549446,5,-5,-52
1756014938.9909446,3,-2,-50
1756014939.0279446,0,-3,-60
1756014939.0669446,-5,3,-50
1756014939.1029446,5,1,-60
1756014939.1409447,-1,-3,-50
1756014939.1789446,0,-5,-59
1756014939.2179446,-1,-5,-61
1756014939.2559447,2,0,-57
1756014939.2919445,3,1,-52
1756014939.3289447,5,1,-55
1756014939.3669446,0,0,-48
1756014939.4029446,-4,2,-48
1756014939.440945,-6,-6,-40
1756014939.486945,3,0,-53
1756014939.5229447,-2,3,-48
1756014939.5609446,-9,0,-47
1756014939.598945,-1,1,-48
1756014939.6369443,-5,0,-51
1756014939.6759446,-1,2,-50
1756014939.7119446,2,-1,-50
1756014939.7499447,-1,0,-48
1756014939.7889447,1,-7,-51
1756014939.8269446,-3,2,-46
1756014939.8629446,-5,6,-50
1756014939.8999443,-1,1,-55
1756014939.937945,-2,2,-50
1756014939.9769447,4,1,-54
1756014940.0129447,0,2,-43
1756014940.0499446,0,0,-38
1756014940.088945,0,7,-40
1756014940.1269443,-4,0,-54
1756014940.1629446,-9,-3,-62
1756014940.2019446,-3,0,-55
1756014940.2389443,-6,2,-56
1756014940.2779446,-2,5,-56
1756014940.315945,5,2,-46
1756014940.3519447,0,-3,-35
1756014940.3889446,3,-1,-42
1756014940.427945,-4,3,-45
1756014940.4659443,1,9,-47
1756014940.5019443,1,5,-54
1756014940.5389447,-3,-3,-50
1756014940.5779445,-5,-4,-50
1756014940.6159446,1,-1,-55
1756014940.6519446,0,0,-54
1756014940.6889446,-3,2,-52
1756014940.7279446,6,0,-53
1756014940.7639446,0,-7,-59
1756014940.8019447,1,3,-47
1756014940.8399446,-1,-2,-49
1756014940.8779447,-4,6,-40
1756014940.9139447,-3,0,-49
1756014940.950945,4,0,-46
1756014940.9879446,2,-4,-53
1756014941.0269446,-3,-1,-48
1756014941.062945,-4,0,-44
1756014941.1009445,-1,0,-49
1756014941.1399446,6,0,-49
1756014941.177945,4,0,-49
1756014941.213945,2,3,-48
1756014941.2509446,-1,-9,-42
1756014941.2899446,-1,-5,-45
1756014941.3279445,-6,-2,-41
1756014941.3639443,-12,1,-42
1756014941.4009447,-1,1,-46
1756014941.4399445,-7,2,-58
1756014941.4779446,2,0,-49
1756014941.5139446,1,6,-54
1756014941.5509446,-2,0,-64
1756014941.5899446,0,-3,-52
1756014941.6289446,-4,-2,-43
1756014941.6669445,1,-4,-51
1756014941.7029445,0,-5,-50
1756014941.7399447,2,-6,-53
1756014941.7789447,-4,-2,-58
1756014941.8169446,1,-9,-55
1756014941.8529446,3,-1,-60
1756014941.8899446,2,4,-52
1756014941.927945,-4,-6,-52
1756014941.963945,-7,-2,-54
1756014942.0019443,0,1,-48
1756014942.0399446,-5,1,-53
1756014942.0789447,-1,-5,-56
1756014942.1169446,-2,-6,-44
1756014942.1529446,1,-5,-48
1756014942.1899445,0,-2,-53
1756014942.2289443,2,5,-53
1756014942.2669446,6,4,-55
1756014942.302945,3,0,-65
1756014942.3409443,1,2,-56
1756014942.3789446,-7,7,-60
1756014942.4149446,-1,4,-63
1756014942.4529445,0,-1,-35
1756014942.4909446,2,-3,-41
1756014942.5289447,-5,-4,-55
1756014942.5679443,-5,-2,-51
1756014942.6039443,-6,0,-58
1756014942.6409447,-2,0,-56
1756014942.6789446,-7,-3,-52
1756014942.7179446,-1,-8,-54
1756014942.7539446,-1,-3,-47
1756014942.7919445,-2,-3,-52
1756014942.8299446,-11,1,-50
1756014942.8689446,-2,3,-44
1756014942.9059446,-2,0,-51
1756014942.9429443,0,0,-56
1756014942.9799447,3,-2,-50
1756014943.0189445,3,-3,-50
1756014943.0549445,0,0,-49
1756014943.0929446,-2,4,-55
1756014943.131945,-1,-2,-49
1756014943.1699443,4,2,-50
1756014943.2079446,2,-2,-40
1756014943.2439446,4,-6,-50
1756014943.2809446,1,-3,-56
1756014943.3199446,0,-2,-49
1756014943.3579447,-3,1,-50
1756014943.3939445,-6,-1,-46
1756014943.4329443,0,5,-41
1756014943.4699447,-1,1,-56
1756014943.5089445,0,-3,-48
1756014943.5449443,4,0,-48
1756014943.5819447,3,-2,-50
1756014943.6199446,6,-1,-40
1756014943.6589446,0,-2,-51
1756014943.6949446,-4,0,-56
1756014943.7319446,3,4,-46
1756014943.769945,4,2,-48
1756014943.8089447,-1,-3,-63
1756014943.8449447,0,-1,-58
1756014943.881945,4,-3,-59
1756014943.9209447,1,-7,-49
1756014943.9589446,3,-8,-55
1756014943.9949446,5,-14,-51
1756014944.0319445,3,-7,-63
1756014944.0699446,-1,-1,-67
1756014944.108945,0,-4,-68
1756014944.144945,-3,-3,-72
1756014944.1839447,2,2,-54
1756014944.2209446,-2,4,-45
1756014944.259945,1,-2,-52
1756014944.2959447,-10,2,-52
1756014944.3339446,-2,-5,-49
1756014944.3709445,-3,1,-48
1756014944.4099443,-5,0,-51
1756014944.4459443,0,8,-54
1756014944.4829447,-2,6,-55
1756014944.5209446,-5,-3,-49
1756014944.5599446,0,-7,-64
1756014944.5959446,-2,-8,-52
1756014944.6339445,-6,-3,-65
1756014944.6719446,-6,0,-47
1756014944.7099447,-15,-3,-46
1756014944.7489443,-5,0,-44
1756014944.7849443,7,4,-49
1756014944.8219447,1,-5,-52
1756014944.8609445,1,-3,-58
1756014944.8989446,-7,2,-54
1756014944.9349446,0,0,-53
1756014944.9719446,3,1,-47
1756014945.009945,1,0,-52
1756014945.0459447,2,6,-50
1756014945.0829446,2,0,-64
1756014945.1209445,7,-1,-55
1756014945.1589446,-5,-1,-55
1756014945.1949446,-2,0,-57
1756014945.2319446,2,0,-42
1756014945.2709446,1,-2,-61
1756014945.3089447,0,6,-61
1756014945.3449447,1,-3,-50
1756014945.3829446,-1,-5,-39
1756014945.4209447,-5,2,-43
1756014945.4599447,-1,-1,-48
1756014945.4959445,-1,2,-53
1756014945.532945,-3,-1,-47
1756014945.5709443,1,-4,-55
1756014945.6099446,-3,2,-56
1756014945.6459446,-11,-3,-65
1756014945.6839447,-2,0,-59
1756014945.7219446,2,3,-49
1756014945.759945,0,1,-48
1756014945.7959447,4,-2,-57
1756014945.8329446,2,-6,-58
1756014945.8709445,2,-7,-60
1756014945.9099443,-2,-4,-60
1756014945.9459443,0,4,-44
1756014945.9829447,5,9,-37
1756014946.0209446,0,3,-40
1756014946.0599446,-11,-4,-51
1756014946.0959446,-7,-1,-50
1756014946.134945,-8,-5,-45
1756014946.1719446,0,-1,-47
1756014946.210945,6,0,-59
1756014946.246945,6,-1,-55
1756014946.2839446,2,2,-53
1756014946.3219447,-1,-1,-46
1756014946.3609445,-8,-1,-50
1756014946.3969443,-2,-4,-54
1756014946.4349446,4,-3,-48
1756014946.4729445,-1,1,-48
1756014946.5119443,-1,3,-51
1756014946.5499446,0,1,-59
1756014946.585945,2,1,-60
1756014946.6229446,-1,-7,-51
1756014946.6619446,-1,-7,-50
1756014946.6999447,1,-2,-63
1756014946.7359445,-1,3,-56
1756014946.7729447,-6,0,-65
1756014946.8119447,-7,5,-53
1756014946.8499446,-2,0,-48
1756014946.8859446,1,3,-51
1756014946.9229443,4,0,-63
1756014946.9619446,-4,-1,-60
1756014946.9999447,6,0,-50
1756014947.0359447,1,3,-46
1756014947.0729446,-1,0,-45
1756014947.111945,-1,4,-53
1756014947.1499443,-2,-10,-51
1756014947.1859446,-1,-3,-59
1756014947.223945,-5,0,-60
1756014947.2619443,-2,6,-55
1756014947.3009446,12,1,-50
1756014947.3369446,1,3,-45
1756014947.3739443,-3,0,-62
1756014947.4119446,5,4,-54
1756014947.450945,8,4,-52
1756014947.486945,7,4,-55
1756014947.5239446,4,3,-50
1756014947.5619447,-3,0,-59
1756014947.5979445,-5,-2,-51
1756014947.6359446,-5,3,-46
1756014947.6739447,2,3,-59
1756014947.7119446,8,2,-57
1756014947.7479446,13,5,-54
1756014947.7859447,4,0,-60
1756014947.8229446,0,-2,-46
1756014947.861945,3,0,-38
1756014947.8979447,0,0,-52
1756014947.9359446,-1,4,-41
1756014947.9729445,1,4,-53
1756014948.0109446,-2,-5,-56
1756014948.0469446,-1,0,-50
1756014948.0839446,-13,-1,-46
1756014948.1229446,-1,0,-41
1756014948.1609447,-7,0,-56
1756014948.1969447,-4,-5,-51
1756014948.2359445,4,6,-48
1756014948.2729447,0,3,-47
1756014948.3109446,-4,1,-53
1756014948.3469446,0,1,-54
1756014948.3839445,-5,6,-53
1756014948.4229443,-7,2,-49
1756014948.460945,-1,3,-42
1756014948.496945,1,-5,-44
1756014948.5339446,2,2,-48
1756014948.5729446,-1,4,-49
1756014948.6109445,0,1,-49
1756014948.6469443,-3,-4,-52
1756014948.6849446,8,1,-63
1756014948.7229445,8,-3,-67
1756014948.7609446,0,0,-56
1756014948.7969446,0,0,-62
1756014948.8339446,0,-7,-52
1756014948.8729446,-1,-2,-51
1756014948.9109447,4,-6,-58
1756014948.9469447,-1,-4,-54
1756014948.9849446,4,-3,-59
1756014949.0229447,2,5,-62
1756014949.0619447,-2,3,-45
1756014949.0979445,2,-2,-46
1756014949.134945,0,3,-40
1756014949.1729443,-6,4,-48
1756014949.2089446,-6,0,-42
1756014949.2479446,0,-1,-35
1756014949.2849443,5,-5,-41
1756014949.3239446,5,-7,-52
1756014949.361945,3,-8,-53
1756014949.3979447,3,1,-56
1756014949.4349446,2,6,-58
1756014949.4729445,-1,2,-51
1756014949.5169446,0,3,-50
1756014949.5549445,0,0,-58
1756014949.5929446,-2,0,-53
1756014949.631945,0,0,-54
1756014949.667945,7,8,-68
1756014949.7049446,0,3,-56
1756014949.7429447,-4,0,-54
1756014949.7789447,0,-1,-51
1756014949.815945,0,-3,-59
1756014949.8539443,-6,4,-56
1756014949.8929446,-2,1,-43
1756014949.9289446,-1,0,-48
1756014949.9659443,-5,-4,-52
1756014950.0039446,4,0,-59
1756014950.0419445,5,2,-56
1756014950.0779445,4,-2,-57
1756014950.1159446,4,-2,-51
1756014950.1539447,-3,0,-48
1756014950.1929443,3,-5,-54
1756014950.2289443,-4,-3,-53
1756014950.2669446,0,-7,-46
1756014950.3049445,-6,-7,-43
1756014950.3439443,-2,-2,-45
1756014950.381945,3,-4,-38
1756014950.417945,2,0,-46
1756014950.4559443,0,0,-47
1756014950.4939446,3,-8,-40
1756014950.5319445,-7,-9,-56
1756014950.5679443,0,-7,-59
1756014950.6059446,-1,-4,-58
1756014950.6439445,-2,0,-51
1756014950.6829443,0,1,-47
1756014950.7189443,-6,0,-54
1756014950.7559447,1,-2,-52
1756014950.7939446,0,6,-58
1756014950.8329446,-2,-2,-61
1756014950.8689446,-1,-5,-57
1756014950.907945,0,-5,-56
1756014950.9449446,-4,-7,-54
1756014950.983945,-5,-3,-56
1756014951.0209446,-1,-6,-40
1756014951.0579443,0,-4,-43
1756014951.0959446,4,2,-55
1756014951.1339445,5,2,-50
1756014951.1699443,-3,3,-53
1756014951.2079446,-7,-6,-54
1756014951.2459445,-4,-5,-45
1756014951.2839446,-7,-3,-60
1756014951.3229446,-7,-3,-52
1756014951.358945,-4,-7,-44
1756014951.3969443,1,-5,-51
1756014951.4349446,-4,-9,-60
1756014951.473945,-12,0,-55
1756014951.509945,-5,1,-53
1756014951.5489447,-2,-6,-59
1756014951.585945,1,2,-58
1756014951.6239443,4,6,-48
1756014951.6599443,6,4,-49
1756014951.6969447,-14,0,-55
1756014951.7349446,-3,-1,-58
1756014951.7739446,3,-3,-37
1756014951.8099446,7,-4,-39
1756014951.8479445,-2,-4,-40
1756014951.8859446,10,3,-49
1756014951.9249446,5,3,-53
1756014951.9629445,-1,2,-49
1756014951.9989443,2,7,-53
1756014952.0359447,-6,3,-58
1756014952.0749447,-5,0,-66
1756014952.1129446,1,1,-70
1756014952.1489446,-4,5,-55
1756014952.1869447,0,5,-50
1756014952.2249446,2,0,-57
1756014952.2629447,0,3,-50
1756014952.2989447,-6,0,-51
1756014952.335945,-1,-2,-58
1756014952.3749447,-2,-9,-50
1756014952.4109447,-3,-10,-47
1756014952.4489446,-2,-1,-61
1756014952.4879446,-2,5,-57
1756014952.5249443,-6,1,-53
1756014952.5639446,0,0,-59
1756014952.5999446,7,-1,-57
1756014952.6369443,3,1,-56
1756014952.6749446,1,-3,-56
1756014952.710945,-1,-1,-50
1756014952.7489443,1,-4,-48
1756014952.7869446,2,-2,-45
1756014952.8249447,11,5,-54
1756014952.8609445,0,0,-56
1756014952.8979447,-8,-2,-44
1756014952.9369447,1,-4,-63
1756014952.9749446,-1,-7,-50
1756014953.0109446,5,6,-37
1756014953.0479443,0,3,-60
1756014953.085945,3,3,-52
1756014953.1239443,7,-6,-57
1756014953.1599443,7,-4,-52
1756014953.1979446,5,-1,-56
1756014953.2359445,5,-2,-56
1756014953.2749443,4,-2,-55
1756014953.3109446,0,-1,-49
1756014953.3479445,-1,-3,-52
1756014953.3859446,0,0,-50
1756014953.4249446,0,-1,-45
1756014953.460945,2,0,-52
1756014953.4979446,2,4,-49
1756014953.5359447,-4,3,-53
1756014953.5739446,-5,9,-54
1756014953.6099446,-1,4,-62
1756014953.6469443,0,-6,-56
1756014953.6859446,3,-4,-46
1756014953.723945,5,-5,-47
1756014953.759945,4,-5,-47
1756014953.7979443,3,-1,-55
1756014953.835945,0,6,-51
1756014953.8749447,5,0,-47
1756014953.9109447,4,-3,-51
1756014953.9489446,1,1,-47
1756014953.986945,-4,0,-50
1756014954.0259447,-3,1,-50
1756014954.0619447,-4,4,-50
1756014954.098945,0,-9,-46
1756014954.1369443,3,0,-40
1756014954.1749446,1,0,-47
1756014954.210945,-4,6,-50
1756014954.2489443,-9,-3,-51
1756014954.2889447,-5,0,-51
1756014954.325945,-9,-3,-50
1756014954.3649447,-7,-3,-58
1756014954.4009447,-1,-5,-55
1756014954.4389446,-3,-6,-46
1756014954.4769447,5,-2,-50
1756014954.5159447,2,-2,-52
1756014954.5519447,2,-11,-49
1756014954.588945,-5,-10,-52
1756014954.6269443,-7,-3,-56
1756014954.6659446,-2,0,-48
1756014954.7019446,1,1,-47
1756014954.7389443,3,1,-44
1756014954.7769446,10,0,-35
1756014954.8149445,5,3,-50
1756014954.8509445,-2,0,-54
1756014954.8889446,-3,5,-46
1756014954.9269447,1,-11,-49
1756014954.9659443,-1,-6,-52
1756014955.0019443,6,0,-59
1756014955.0389447,6,-7,-50
1756014955.0769446,6,0,-53
1756014955.1159446,11,5,-55
1756014955.1519446,0,0,-61
1756014955.1889446,-3,1,-53
1756014955.2269447,5,-4,-59
1756014955.2659447,0,0,-51
1756014955.3019447,0,1,-49
1756014955.338945,-1,-1,-49
1756014955.3769443,-3,0,-55
1756014955.4159446,0,-4,-54
1756014955.4519446,0,-1,-59
1756014955.4889443,2,1,-59
1756014955.5269446,-7,-4,-56
1756014955.565945,-1,0,-57
1756014955.6019447,-3,2,-42
1756014955.6389446,-5,7,-49
1756014955.6769447,-9,-2,-57
1756014955.7159443,0,-6,-53
1756014955.7519443,0,-11,-52
1756014955.7889447,-3,0,-46
1756014955.8269446,0,-1,-53
1756014955.8659446,0,-4,-38
1756014955.9019446,3,-1,-39
1756014955.9399445,0,-1,-45
1756014955.9779446,-3,9,-46
1756014956.0169446,-3,-1,-64
1756014956.052945,-6,0,-52
1756014956.0899446,2,3,-52
1756014956.1269443,2,-3,-58
1756014956.1659446,6,2,-51
1756014956.2019446,4,3,-53
1756014956.2399447,8,-3,-55
1756014956.2769446,9,2,-52
1756014956.312945,7,1,-57
1756014956.3499446,-2,-2,-50
1756014956.3879447,-2,0,-51
1756014956.4269447,-1,6,-49
1756014956.4629445,-2,7,-53
1756014956.5009446,-1,0,-53
1756014956.5379446,5,0,-43
1756014956.575945,-4,-2,-47
1756014956.611945,-3,0,-58
1756014956.6499443,-1,7,-55
1756014956.687945,-1,4,-55
1756014956.7269447,6,1,-40
1756014956.7629447,2,-4,-46
1756014956.8009446,4,-5,-52
1756014956.8379445,6,-6,-45
1756014956.8769443,7,2,-49
1756014956.9129446,0,0,-44
1756014956.9499447,-8,-2,-46
1756014956.9879446,0,2,-53
1756014957.0269446,0,7,-59
1756014957.062945,2,2,-54
1756014957.0999446,-1,0,-60
1756014957.1379447,0,-1,-59
1756014957.1769447,-4,-5,-56
1756014957.2129445,0,-6,-53
1756014957.2499447,2,0,-52
1756014957.2879446,-6,-6,-57
1756014957.3239446,-2,-4,-55
1756014957.361945,-1,-2,-51
1756014957.3999443,-2,-4,-47
1756014957.437945,0,-2,-51
1756014957.4769447,4,-4,-43
1756014957.5129447,2,-2,-48
1756014957.5509446,1,0,-56
1756014957.588945,-1,7,-54
1756014957.6279447,2,3,-58
1756014957.6639447,7,0,-53
1756014957.7019446,2,-7,-61
1756014957.7389443,-2,-2,-64
1756014957.7779446,3,-2,-48
1756014957.8139446,-3,-2,-51
1756014957.8519447,-2,-3,-47
1756014957.8899446,0,-1,-49
1756014957.927945,-2,0,-61
1756014957.9669447,6,-6,-62
1756014958.0029447,8,-5,-54
1756014958.0409446,3,-1,-55
1756014958.0789447,7,-1,-53
1756014958.1169446,-2,-2,-60
1756014958.1529446,1,-4,-58
1756014958.190945,-7,-1,-51
1756014958.2289443,-11,-7,-45
1756014958.2669446,-6,0,-55
1756014958.302945,-7,1,-61
1756014958.3409443,0,2,-53
1756014958.3789446,-1,0,-51
1756014958.4169445,3,-5,-54
1756014958.4529445,10,4,-58
1756014958.4909446,5,-2,-54
1756014958.5289447,6,-2,-61
1756014958.5669446,0,2,-56
1756014958.6029446,0,4,-54
1756014958.6399446,3,2,-50
1756014958.6789446,0,-5,-56
1756014958.7169447,0,-6,-51
1756014958.7529447,0,-5,-52
1756014958.7909446,-4,-4,-63
1756014958.8289447,-5,-4,-59
1756014958.8669446,0,-5,-57
1756014958.9029446,-4,-2,-54
1756014958.940945,0,-9,-43
1756014958.9789443,-4,-1,-47
1756014959.0179446,4,-7,-51
1756014959.0539446,-2,-1,-58
1756014959.0919447,0,1,-57
1756014959.1299446,3,3,-51
1756014959.1689446,4,2,-53
1756014959.2049446,1,-5,-48
1756014959.2429447,3,-3,-56
1756014959.2809446,1,-6,-52
1756014959.3189447,1,-4,-48
1756014959.3579447,11,-4,-44
1756014959.3939445,6,-4,-57
1756014959.4309447,7,1,-55
1756014959.4689443,4,-1,-60
1756014959.5049446,4,1,-47
1756014959.5509446,7,0,-51
1756014959.588945,-9,-9,-52
1756014959.6249447,0,-6,-43
1756014959.6619446,-3,-6,-50
1756014959.6999447,-3,0,-55
1756014959.7389443,-2,-4,-49
1756014959.7749443,0,-3,-38
1756014959.8119447,8,2,-53
1756014959.8499446,10,5,-51
1756014959.8879447,-1,4,-44
1756014959.9239447,-5,0,-45
1756014959.9619446,-2,2,-56
1756014959.9999447,-7,-2,-52
1756014960.0389447,-2,-3,-48
1756014960.0749447,-8,0,-52
1756014960.1129446,-5,-2,-53
1756014960.1519446,0,0,-52
1756014960.1899445,3,0,-55
1756014960.2279446,0,-8,-62
1756014960.2639446,5,-1,-48
1756014960.3019447,-4,-3,-46
1756014960.3399446,3,-8,-49
1756014960.3789446,-1,-1,-51
1756014960.4149446,0,4,-60
1756014960.4519446,4,-1,-58
1756014960.4899447,10,-10,-48
1756014960.5289447,1,-7,-47
1756014960.565945,-3,-5,-48
1756014960.6029446,10,2,-46
1756014960.6419446,6,-1,-46
1756014960.6799445,4,-6,-56
1756014960.7159443,-1,0,-62
1756014960.7539446,1,1,-51
1756014960.7919445,-1,-2,-49
1756014960.8299446,-5,-5,-39
1756014960.8659446,-10,-4,-42
1756014960.9039447,-7,-3,-53
1756014960.9419446,2,0,-55
1756014960.9799447,0,3,-46
1756014961.0169446,4,1,-46
1756014961.0539446,2,9,-58
1756014961.0909443,4,-1,-39
1756014961.1299446,1,2,-45
1756014961.1659446,4,-8,-51
1756014961.2039447,0,-1,-47
1756014961.2419446,-1,6,-44
1756014961.279945,-4,0,-53
1756014961.3189447,0,-4,-52
1756014961.3549447,1,0,-54
1756014961.3919446,1,-1,-38
1756014961.4309447,-4,3,-52
1756014961.4689443,0,0,-60
1756014961.5049446,-2,1,-51
1756014961.5419445,-4,-6,-49
1756014961.5809443,2,4,-44
1756014961.6189446,6,-4,-48
1756014961.654945,1,-4,-49
1756014961.6929443,-5,0,-47
1756014961.7309446,-6,-7,-53
1756014961.769945,-6,-3,-55
1756014961.8059447,-8,2,-49
1756014961.8429446,-5,4,-49
1756014961.8809447,3,5,-52
1756014961.9199443,13,3,-40
1756014961.9559443,4,-1,-54
1756014961.9929447,4,1,-53
1756014962.0309446,2,-2,-55
1756014962.0689447,9,2,-52
1756014962.1049447,1,0,-51
1756014962.1429446,-2,-4,-51
1756014962.1809447,-5,-5,-46
1756014962.2189443,-11,-1,-50
1756014962.2549446,-9,-5,-47
1756014962.292945,-6,5,-52
1756014962.3309443,0,-2,-41
1756014962.3699446,1,0,-50
1756014962.4059446,2,-2,-56
1756014962.4429443,-4,3,-53
1756014962.4809446,-5,-6,-55
1756014962.519945,-1,-7,-49
1756014962.5559447,0,-2,-59
1756014962.5929446,0,4,-56
1756014962.6309447,-6,-1,-49
1756014962.6669445,-6,-2,-52
1756014962.7049446,2,-4,-49
1756014962.7429447,-3,-2,-50
1756014962.7809446,-3,-8,-53
1756014962.8199446,-1,-5,-45
1756014962.8559446,2,-4,-49
1756014962.8929446,3,-5,-31
1756014962.9309447,5,-6,-55
1756014962.9699447,2,-1,-51
1756014963.0059447,-4,0,-54
1756014963.042945,-2,-9,-50
1756014963.0819447,0,-9,-42
1756014963.1199446,-5,-3,-46
1756014963.1559446,0,-4,-48
1756014963.1929443,-7,-4,-34
1756014963.2319446,7,-1,-52
1756014963.269945,0,1,-49
1756014963.3059447,-2,7,-53
1756014963.3429446,-1,-7,-46
1756014963.381945,6,-5,-45
1756014963.4199443,-9,1,-51
1756014963.4559443,-2,1,-45
1756014963.4929447,-3,3,-47
1756014963.5319445,8,-4,-48
1756014963.5699446,5,-1,-62
1756014963.6059446,3,3,-60
1756014963.6429446,3,2,-60
1756014963.6809447,-2,6,-62
1756014963.7169447,-1,1,-60
1756014963.7549446,-2,-3,-53
1756014963.792945,-5,-3,-53
1756014963.8319447,-10,5,-43
1756014963.8699446,0,4,-44
1756014963.9059446,0,-9,-49
1756014963.9429443,0,-7,-59
1756014963.9819446,1,-8,-47
1756014964.0179446,-1,-2,-49
1756014964.0559447,-2,0,-47
1756014964.0939443,-3,0,-49
1756014964.131945,-6,0,-60
1756014964.1709447,3,-3,-57
1756014964.2069447,2,-6,-47
1756014964.2439446,1,-4,-53
1756014964.2819445,3,5,-57
1756014964.3209443,1,0,-54
1756014964.3569446,9,4,-60
1756014964.3939445,0,2,-59
1756014964.4319446,-7,0,-49
1756014964.4679446,-1,-4,-45
1756014964.5059447,0,-1,-47
1756014964.5439446,-4,-4,-56
1756014964.5819447,1,-7,-50
1756014964.6209445,-4,-8,-54
1756014964.6569445,-9,-3,-48
1756014964.6949446,-9,1,-48
1756014964.7329447,-2,3,-59
1756014964.7719443,-4,-4,-51
1756014964.8079443,0,2,-56
1756014964.8459446,-9,-6,-35
1756014964.884945,-5,-3,-40
1756014964.9229443,-3,-5,-55
1756014964.960945,1,6,-48
1756014964.996945,1,2,-59
1756014965.0349443,3,0,-49
1756014965.0729446,3,1,-49
1756014965.1109445,1,8,-49
1756014965.1469443,3,2,-48
1756014965.1839447,5,-9,-44
1756014965.2229445,-2,3,-52
1756014965.2609446,7,-6,-55
1756014965.2969446,2,4,-57
1756014965.3339446,0,3,-51
1756014965.371945,0,6,-46
1756014965.407945,0,2,-47
1756014965.4459443,0,1,-44
1756014965.483945,3,1,-45
1756014965.5219443,1,-3,-51
1756014965.5579443,0,5,-62
1756014965.5959446,4,-1,-70
1756014965.6339445,-3,-5,-41
1756014965.6729443,-4,2,-42
1756014965.7089446,1,5,-49
1756014965.7459445,2,2,-47
1756014965.7839446,-1,-5,-44
1756014965.8229446,4,-1,-43
1756014965.858945,5,7,-47
1756014965.8959446,12,9,-51
1756014965.9329443,3,2,-51
1756014965.9719446,0,0,-51
1756014966.0079446,-1,-4,-61
1756014966.0459447,-5,-1,-55
1756014966.0839446,0,-2,-60
1756014966.1229446,-6,-4,-55
1756014966.1589446,-3,0,-55
1756014966.1979446,1,-1,-62
1756014966.2359445,2,-6,-54
1756014966.2739446,7,1,-52
1756014966.3119447,3,1,-55
1756014966.3479445,3,2,-57
1756014966.3859446,-1,1,-62
1756014966.4239447,-3,-2,-57
1756014966.4619446,0,-8,-54
1756014966.4979446,-3,-9,-57
1756014966.5359447,-6,-2,-43
1756014966.5739446,1,-4,-48
1756014966.6129446,-6,-4,-58
1756014966.6489446,0,-4,-53
1756014966.6859446,-3,-6,-47
1756014966.723945,0,1,-56
1756014966.7619443,-6,0,-46
1756014966.7979443,2,-2,-43
1756014966.835945,2,-5,-48
1756014966.8739443,-2,-2,-46
1756014966.9119446,0,-5,-49
1756014966.9479446,-6,4,-67
1756014966.9859445,1,4,-45
1756014967.0239446,8,1,-55
1756014967.0619447,4,-1,-48
1756014967.0979445,0,0,-52
1756014967.134945,0,-2,-54
1756014967.1739447,-6,2,-50
1756014967.2119446,0,4,-65
1756014967.2479446,-2,0,-50
1756014967.2859447,-1,1,-58
1756014967.3239446,1,0,-57
1756014967.3599446,-3,-2,-52
1756014967.3979447,-5,-7,-60
1756014967.4359446,-1,-10,-67
1756014967.473945,0,-6,-64
1756014967.5129447,-4,1,-60
1756014967.5489447,-5,6,-55
1756014967.5869446,-4,5,-52
1756014967.6249447,2,9,-54
1756014967.6629446,-3,8,-56
1756014967.6989446,-7,3,-51
1756014967.7359445,-3,-10,-55
1756014967.7739446,-2,-1,-55
1756014967.812945,-2,-1,-58
1756014967.848945,-6,0,-61
1756014967.8859446,-12,-1,-41
1756014967.9239447,-6,0,-56
1756014967.9629445,1,0,-47
1756014967.9989443,1,-2,-49
1756014968.0359447,1,0,-52
1756014968.0739446,0,-4,-58
1756014968.1099446,0,0,-56
1756014968.1469443,4,5,-63
1756014968.1849446,0,5,-50
1756014968.2229445,3,2,-47
1756014968.2589445,5,3,-48
1756014968.2959447,2,0,-50
1756014968.3339446,0,4,-38
1756014968.3699446,7,4,-61
1756014968.4069445,7,0,-50
1756014968.4449446,0,0,-52
1756014968.4829447,4,-4,-43
1756014968.5189445,-3,-2,-55
1756014968.5569446,-3,2,-44
1756014968.5949447,-4,-2,-42
1756014968.6339445,-5,-6,-52
1756014968.6699443,-3,-2,-58
1756014968.7079446,-3,3,-57
1756014968.7459445,-6,0,-55
1756014968.7849443,1,0,-56
1756014968.8229446,4,5,-48
1756014968.858945,-4,4,-51
1756014968.8959446,-3,-9,-51
1756014968.9349446,-7,-3,-49
1756014968.9709446,0,-8,-52
1756014969.0079446,0,-2,-45
1756014969.0459447,-5,-6,-31
1756014969.0849447,-6,-12,-47
1756014969.1209445,1,-10,-55
1756014969.1589446,-1,-7,-53
1756014969.1969447,1,-6,-52
1756014969.2349446,9,2,-46
1756014969.2709446,6,2,-44
1756014969.3079443,-1,1,-46
1756014969.3459446,6,3,-49
1756014969.384945,0,0,-47
1756014969.4209447,-1,0,-49
1756014969.4579446,-3,2,-52
1756014969.4959445,-1,0,-51
1756014969.5349443,3,1,-51
1756014969.5789447,4,2,-52
1756014969.6169446,5,-2,-64
1756014969.654945,3,-4,-48
1756014969.690945,4,0,-57
1756014969.7289443,2,0,-64
1756014969.7659447,5,-2,-48
1756014969.8049445,0,-9,-63
1756014969.8409443,1,-1,-60
1756014969.8789446,0,2,-58
1756014969.9159446,-3,5,-57
1756014969.9549446,-2,0,-49
1756014969.9909446,-6,-6,-42
1756014970.0289447,0,-8,-51
1756014970.0669446,-1,-2,-52
1756014970.1059446,4,0,-45
1756014970.1439445,-1,0,-48
1756014970.1799445,-6,0,-49
1756014970.2179446,-8,-3,-46
1756014970.256945,0,-7,-47
1756014970.2939446,0,-4,-51
1756014970.3299446,0,-3,-46
1756014970.3669446,8,-9,-52
1756014970.4059446,3,-2,-45
1756014970.4439447,2,5,-49
1756014970.4799447,1,2,-47
1756014970.5169446,0,0,-46
1756014970.5549445,8,0,-41
1756014970.5909443,5,-2,-54
1756014970.6279447,2,0,-51
1756014970.6659446,-4,2,-58
1756014970.7049446,-6,2,-54
1756014970.7409446,-8,-1,-54
1756014970.7789447,-5,-2,-45
1756014970.8169446,2,-1,-56
1756014970.8559446,-3,-2,-57
1756014970.8919446,2,-5,-60
1756014970.9289446,4,0,-53
1756014970.9669447,1,-1,-46
1756014971.0059447,6,1,-48
1756014971.0419445,0,-5,-57
1756014971.0789447,0,-6,-60
1756014971.1169446,-9,-5,-57
1756014971.1559446,-2,-12,-60
1756014971.1919446,-7,-5,-58
1756014971.2299447,-1,-7,-50
1756014971.2679446,3,-10,-56
1756014971.3069446,4,-1,-62
1756014971.3449447,-5,2,-60
1756014971.3809447,4,1,-58
1756014971.417945,3,1,-49
1756014971.4569447,0,5,-51
1756014971.4949446,3,4,-46
1756014971.5309446,2,1,-45
1756014971.5679443,7,1,-49
1756014971.6069446,4,5,-48
1756014971.644945,-2,3,-55
1756014971.6809447,0,1,-57
1756014971.7189443,-6,-2,-40
1756014971.756945,-7,0,-47
1756014971.7959447,-9,0,-47
1756014971.8319447,0,1,-42
1756014971.8689446,-10,-4,-47
1756014971.9069445,0,0,-46
1756014971.9459443,-5,-2,-44
1756014971.9819446,-1,2,-39
1756014972.0189445,-1,0,-49
1756014972.0569446,0,-1,-49
1756014972.0959446,-3,-7,-59
1756014972.131945,0,-2,-63
1756014972.1699443,-1,-3,-61
1756014972.2079446,4,3,-55
1756014972.246945,-2,2,-51
1756014972.282945,-5,0,-52
1756014972.3199446,-2,0,-59
1756014972.3579447,1,-6,-55
1756014972.3969443,8,0,-54
1756014972.4329443,4,1,-56
1756014972.4699447,2,1,-43
1756014972.5079446,2,0,-48
1756014972.5459447,0,0,-56
1756014972.5819447,0,-4,-49
1756014972.6199446,-9,-3,-43
1756014972.657945,-3,0,-37
1756014972.6969447,-4,4,-45
1756014972.7329447,-8,-1,-45
1756014972.7709446,-2,1,-47
1756014972.8089447,0,0,-57
1756014972.8469446,1,0,-56
1756014972.8829446,-10,-3,-54
1756014972.9209447,-3,0,-53
1756014972.9589446,-8,0,-48
1756014972.9979446,-4,-3,-52
1756014973.0359447,-5,-4,-43
1756014973.0719447,0,-6,-53
1756014973.108945,-7,-1,-44
1756014973.1479447,-4,3,-47
1756014973.1859446,-1,-4,-52
1756014973.2219446,-1,-3,-47
1756014973.259945,3,1,-53
1756014973.2979443,-5,3,-45
1756014973.335945,1,-5,-53
1756014973.371945,-2,0,-50
1756014973.4089446,-3,4,-54
1756014973.4479446,-5,1,-57
1756014973.4859445,-4,7,-52
1756014973.5219443,-6,-3,-53
1756014973.5599446,0,-4,-61
1756014973.5979445,-5,3,-53
1756014973.6369443,-1,2,-58
1756014973.6729443,10,-2,-56
1756014973.7099447,6,0,-55
1756014973.7479446,3,1,-60
1756014973.7859447,6,1,-58
1756014973.8219447,13,-2,-42
1756014973.8599446,2,-1,-52
1756014973.8979447,1,-6,-52
1756014973.9369447,3,-3,-50
1756014973.9729445,2,-6,-54
1756014974.009945,-6,2,-48
1756014974.0479443,-13,5,-48
1756014974.0869446,-9,-2,-52
1756014974.1229446,-4,-2,-52
1756014974.1609447,-3,0,-42
1756014974.1989446,-2,1,-53
1756014974.2379446,3,-4,-49
1756014974.2739446,0,-7,-41
1756014974.3109446,-3,-6,-45
1756014974.348945,-6,0,-63
1756014974.3879447,-8,3,-71
1756014974.4239447,-5,5,-57
1756014974.4619446,0,4,-49
1756014974.4999447,4,6,-45
1756014974.5389447,2,4,-49
1756014974.5769446,4,0,-43
1756014974.6129446,7,-1,-45
1756014974.6499443,4,6,-46
1756014974.687945,6,-2,-44
1756014974.723945,6,-5,-50
1756014974.7629447,2,-3,-46
1756014974.7999446,3,0,-43
1756014974.8379445,2,0,-56
1756014974.8739443,8,3,-55
1756014974.9109447,1,0,-57
1756014974.9489446,-3,2,-45
1756014974.9879446,-6,-3,-51
1756014975.0239446,-7,0,-54
1756014975.0619447,-6,0,-50
1756014975.0999446,0,1,-58
1756014975.1379447,5,-2,-55
1756014975.1739447,0,4,-54
1756014975.210945,-5,5,-58
1756014975.2489443,-6,-3,-49
1756014975.2879446,-2,-1,-60
1756014975.3249447,3,0,-62
1756014975.361945,6,-1,-52
1756014975.3999443,-2,0,-55
1756014975.4389446,-1,-3,-46
1756014975.4769447,-5,-8,-55
1756014975.5129447,-7,-2,-55
1756014975.5519447,5,-8,-53
1756014975.588945,3,3,-58
1756014975.6249447,3,0,-50
1756014975.6619446,0,3,-53
1756014975.6999447,-2,0,-59
1756014975.7389443,-3,-4,-55
1756014975.7749443,3,-2,-52
1756014975.8119447,0,-8,-47
1756014975.8499446,-7,7,-49
1756014975.8889446,0,5,-44
1756014975.9249446,0,1,-46
1756014975.9619446,4,-5,-34
1756014975.9999447,6,4,-49
1756014976.0389447,0,5,-57
1756014976.0749447,8,2,-43
1756014976.111945,-1,4,-57
1756014976.1499443,-1,2,-53
1756014976.1889446,-6,0,-50
1756014976.2249446,-7,4,-59
1756014976.2619443,-4,0,-61
1756014976.3009446,6,-1,-65
1756014976.338945,4,-1,-49
1756014976.3749447,2,0,-53
1756014976.4119446,3,2,-49
1756014976.4499447,0,4,-50
1756014976.4879446,6,8,-43
1756014976.5239446,4,0,-54
1756014976.5609446,0,1,-49
1756014976.598945,-1,-3,-55
1756014976.634945,-4,-4,-51
1756014976.6729443,-4,-7,-55
1756014976.710945,-3,-4,-61
1756014976.7499447,1,-1,-61
1756014976.7879446,-2,3,-53
1756014976.8239446,-4,5,-56
1756014976.8609445,2,7,-46
1756014976.8989446,3,6,-52
1756014976.9349446,-4,5,-43
1756014976.9719446,2,-5,-51
1756014977.009945,-2,4,-51
1756014977.0489447,-3,5,-42
1756014977.0849447,-1,3,-53
1756014977.121945,3,-9,-47
1756014977.1599443,7,-4,-54
1756014977.1989446,4,2,-48
1756014977.2349446,-5,-2,-63
1756014977.2729447,-2,-4,-62
1756014977.3109446,-2,6,-57
1756014977.3499446,-7,3,-41
1756014977.3859446,-2,-5,-36
1756014977.4239447,0,-1,-55
1756014977.4619446,-6,-9,-48
1756014977.4999447,6,-8,-43
1756014977.5389447,-1,-4,-50
1756014977.5749447,-5,-1,-44
1756014977.6129446,-2,2,-57
1756014977.6509447,4,0,-52
1756014977.6889446,1,-4,-44
1756014977.7249446,4,-5,-57
1756014977.7629447,1,-6,-57
1756014977.8009446,2,-3,-58
1756014977.8399446,3,-2,-54
1756014977.8759446,-2,0,-57
1756014977.9129446,0,-4,-60
1756014977.950945,-4,-3,-47
1756014977.9899447,0,1,-57
1756014978.0259447,-4,2,-43
1756014978.062945,-8,0,-53
1756014978.1009445,-2,-1,-62
1756014978.1399446,-8,-4,-67
1756014978.1759446,-6,-10,-62
1756014978.213945,-9,-3,-61
1756014978.2529447,-5,-1,-57
1756014978.2909446,-3,-1,-61
1756014978.3289447,-14,-3,-64
1756014978.3649447,-9,0,-60
1756014978.4029446,-1,-2,-55
1756014978.440945,0,-4,-51
1756014978.4799447,-3,0,-58
1756014978.5159447,-3,5,-50
1756014978.552945,-4,-2,-59
1756014978.5909443,-2,-8,-53
1756014978.6299446,-3,0,-49
1756014978.6659446,3,3,-60
1756014978.7029445,6,0,-49
1756014978.7409446,2,5,-47
1756014978.7789447,-5,1,-51
1756014978.8149445,-3,0,-50
1756014978.8529446,-3,-1,-47
1756014978.8909447,-2,-4,-44
1756014978.9299445,-1,-5,-51
1756014978.9659443,-2,0,-49
1756014979.0029447,4,-2,-51
1756014979.0409446,1,3,-47
1756014979.0769446,-4,8,-54
1756014979.1139443,-4,1,-49
1756014979.1529446,-5,-4,-43
1756014979.190945,-1,-2,-47
1756014979.2269447,-4,1,-50
1756014979.2639446,6,-2,-46
1756014979.302945,-2,0,-37
1756014979.3409443,2,2,-38
1756014979.3769443,-6,-2,-42
1756014979.4159446,0,-4,-54
1756014979.4529445,0,-2,-41
1756014979.4909446,0,5,-59
1756014979.5269446,3,-3,-48
1756014979.5639446,-4,-1,-47
1756014979.6099446,1,2,-49
1756014979.6459446,3,3,-50
1756014979.6829443,-1,3,-55
1756014979.7219446,-8,1,-57
1756014979.759945,0,0,-51
1756014979.7959447,0,-2,-58
1756014979.8329446,6,-2,-51
1756014979.871945,0,-6,-62
1756014979.9099443,-1,-1,-56
1756014979.9459443,-9,1,-60
1756014979.9829447,-9,-2,-48
1756014980.0219443,4,-2,-47
1756014980.0599446,0,-5,-52
1756014980.0959446,-5,-2,-53
1756014980.1339445,-8,3,-47
1756014980.1719446,-8,8,-51
1756014980.210945,-1,-1,-45
1756014980.246945,5,1,-56
1756014980.2849443,6,3,-58
1756014980.3219447,1,0,-47
1756014980.3599446,7,4,-54
1756014980.3959446,1,3,-53
1756014980.4329443,-3,3,-55
1756014980.4719446,-4,1,-52
1756014980.509945,4,0,-51
1756014980.5459447,0,2,-53
1756014980.5829446,-2,2,-49
1756014980.621945,-5,-3,-55
1756014980.657945,-13,0,-39
1756014980.6959443,-14,-1,-52
1756014980.733945,0,4,-56
1756014980.7719443,2,-6,-38
1756014980.8079443,0,-9,-41
1756014980.8459446,4,-3,-39
1756014980.8839445,1,3,-48
1756014980.9219446,6,3,-47
1756014980.9579446,14,0,-45
1756014980.9949446,1,6,-51
1756014981.032945,5,2,-55
1756014981.0709443,3,4,-51
1756014981.1069446,-8,0,-57
1756014981.1439445,-6,-4,-51
1756014981.1829443,1,3,-60
1756014981.2209446,1,0,-61
1756014981.256945,2,-4,-48
1756014981.2939446,-4,-3,-38
1756014981.3329446,-1,-4,-45
1756014981.3709445,0,-4,-48
1756014981.4069445,-9,-8,-47
1756014981.4449446,-7,-4,-48
1756014981.4829447,-2,1,-53
1756014981.5219443,0,3,-43
1756014981.5579443,-2,-2,-46
1756014981.5959446,2,0,-47
1756014981.6329446,-2,0,-48
1756014981.6719446,-1,-6,-58
1756014981.7079446,2,-4,-46
1756014981.7459445,6,5,-47
1756014981.782945,2,-1,-47
1756014981.8219447,0,0,-64
1756014981.8579447,4,3,-49
1756014981.894945,3,0,-47
1756014981.9329443,6,3,-53
1756014981.9709446,-2,1,-55
1756014982.006945,6,-6,-63
1756014982.0439446,1,-3,-62
1756014982.0829446,4,-1,-56
1756014982.1209445,-1,3,-60
1756014982.157945,0,1,-46
1756014982.1949446,1,-5,-48
1756014982.2329447,-3,-5,-46
1756014982.2719443,-6,-5,-44
1756014982.3079443,-5,-8,-54
1756014982.3459446,0,-8,-61
1756014982.3839445,-5,-1,-54
1756014982.4229443,1,-3,-51
1756014982.4589446,-3,0,-58
1756014982.4979446,0,-3,-47
1756014982.5349443,0,3,-58
1756014982.5729446,4,-6,-51
1756014982.608945,-2,0,-47
1756014982.6459446,-4,3,-41
1756014982.6839447,3,-4,-48
1756014982.7229445,0,-2,-53
1756014982.7589445,-2,0,-53
1756014982.7959447,0,7,-53
1756014982.8339446,5,4,-61
1756014982.871945,-3,4,-48
1756014982.907945,-3,-1,-39
1756014982.9459443,0,-10,-54
1756014982.983945,-7,-7,-42
1756014983.0229447,-5,-3,-49
1756014983.0589447,3,0,-44
1756014983.0979445,1,-1,-48
1756014983.134945,0,11,-47
1756014983.1729443,-1,7,-39
1756014983.2089446,0,0,-49
1756014983.2459445,2,5,-56
1756014983.2839446,-5,5,-42
1756014983.3219447,-3,1,-39
1756014983.3579447,2,0,-54
1756014983.394945,0,-1,-44
1756014983.4339447,-1,0,-61
1756014983.4719446,0,0,-47
1756014983.5079446,0,1,-66
1756014983.5449443,0,-4,-58
1756014983.5839446,-5,-5,-48
1756014983.621945,-9,4,-50
1756014983.657945,-4,0,-53
1756014983.6949446,0,0,-53
1756014983.7329447,-2,1,-39
1756014983.7689445,-4,7,-50
1756014983.8059447,-1,3,-48
1756014983.8439443,0,6,-49
1756014983.8829446,-2,-8,-48
1756014983.9189446,-11,1,-54
1756014983.9569447,-6,1,-48
1756014983.9939446,-3,3,-44
1756014984.032945,1,1,-39
1756014984.0689447,-1,0,-46
1756014984.1059446,-5,-4,-49
1756014984.1439445,-4,1,-50
1756014984.1829443,-1,-4,-42
1756014984.2189443,3,-2,-43
1756014984.256945,2,-3,-59
1756014984.2939446,2,7,-50
1756014984.3329446,1,-2,-37
1756014984.3689446,2,0,-45
1756014984.4069445,-4,-3,-51
1756014984.4439447,-5,-7,-45
1756014984.4829447,-2,-2,-51
1756014984.5189445,-5,0,-57
1756014984.5569446,-5,0,-52
1756014984.5949447,-9,-1,-51
1756014984.6329446,-7,-2,-41
1756014984.6689446,7,3,-42
1756014984.7069447,-2,2,-41
1756014984.7449446,0,6,-55
1756014984.782945,0,1,-56
1756014984.8189447,0,2,-52
1756014984.8569446,4,0,-49
1756014984.894945,0,1,-55
1756014984.9329443,-4,1,-53
1756014984.9689443,-2,1,-50
1756014985.006945,8,-1,-51
1756014985.0449443,8,0,-54
1756014985.0829446,6,-4,-54
1756014985.1189446,0,-3,-52
1756014985.1559446,-4,5,-53
1756014985.1949446,-3,12,-55
1756014985.2329447,-5,0,-54
1756014985.2689445,-3,2,-52
1756014985.3059447,-2,-4,-57
1756014985.3449447,-2,-3,-54
1756014985.3829446,-3,1,-65
1756014985.4189446,4,0,-55
1756014985.4559443,-3,0,-51
1756014985.4949446,0,2,-54
1756014985.5309446,4,0,-65
1756014985.5679443,-5,0,-57
1756014985.6059446,-6,3,-59
1756014985.644945,-2,1,-46
1756014985.6809447,0,5,-41
1756014985.7179446,1,7,-39
1756014985.7549446,-6,-4,-47
1756014985.7939446,2,-2,-42
1756014985.8309443,5,0,-46
1756014985.8679447,6,3,-54
1756014985.904945,4,3,-61
1756014985.940945,4,1,-60
1756014985.9779446,-2,-4,-63
1756014986.0159447,-4,2,-60
1756014986.0549445,0,9,-55
1756014986.0909443,-5,-4,-52
1756014986.1289446,1,-1,-56
1756014986.1669445,-1,-3,-36
1756014986.2059443,4,1,-31
1756014986.2439446,0,0,-39
1756014986.279945,4,0,-42
1756014986.3179443,0,3,-40
1756014986.3559446,-3,2,-58
1756014986.3939445,-1,0,-53
1756014986.4299445,-2,-5,-58
1756014986.4679446,-5,-2,-52
1756014986.5059447,-4,0,-51
1756014986.5449443,-3,-9,-54
1756014986.5809443,-7,-5,-51
1756014986.6189446,-4,0,-53
1756014986.6569445,-9,0,-55
1756014986.6959443,-3,0,-51
1756014986.733945,-3,0,-44
1756014986.769945,5,-1,-48
1756014986.8069446,-3,0,-50
1756014986.8459446,-2,0,-53
1756014986.8839445,0,-1,-62
1756014986.9199443,3,-1,-46
1756014986.9569447,0,2,-50
1756014986.9949446,2,7,-46
1756014987.0309446,3,0,-45
1756014987.0679443,1,-1,-41
1756014987.1069446,0,1,-53
1756014987.144945,-5,3,-46
1756014987.1809447,-3,3,-55
1756014987.2179446,3,0,-51
1756014987.2559447,-4,0,-58
1756014987.2919445,1,-5,-56
1756014987.3299446,5,-1,-57
1756014987.3689446,2,0,-45
1756014987.4059446,1,0,-36
1756014987.4449446,4,-1,-42
1756014987.4809446,1,-9,-55
1756014987.5179446,-2,-2,-51
1756014987.5559447,-1,-2,-60
1756014987.5949447,-3,3,-53
1756014987.6309447,4,2,-56
1756014987.667945,3,1,-47
1756014987.7069447,6,-1,-59
1756014987.7449446,-5,-3,-57
1756014987.7809446,-4,0,-64
1756014987.8179443,-1,-4,-68
1756014987.8559446,-2,-1,-55
1756014987.894945,-1,-6,-61
1756014987.9309447,1,-8,-57
1756014987.9679446,-6,-7,-61
1756014988.006945,1,-5,-61
1756014988.0449443,2,-6,-53
1756014988.0809443,2,-6,-54
1756014988.1179447,0,-3,-68
1756014988.1569445,1,-10,-61
1756014988.1949446,4,-4,-52
1756014988.2309446,3,-4,-69
1756014988.2689445,0,-5,-48
1756014988.3069446,5,-6,-65
1756014988.3449447,-4,-9,-52
1756014988.3809447,0,-7,-49
1756014988.4189446,6,0,-55
1756014988.4569447,-2,-2,-54
1756014988.4949446,0,-3,-42
1756014988.5309446,1,0,-43
1756014988.5689447,6,0,-52
1756014988.6069446,3,-1,-48
1756014988.644945,12,0,-45
1756014988.6809447,5,0,-43
1756014988.7189443,4,2,-59
1756014988.756945,0,-1,-63
1756014988.7949443,4,-1,-52
1756014988.8309443,4,-1,-52
1756014988.8689446,6,-3,-52
1756014988.9069445,0,-5,-54
1756014988.9459443,-2,-3,-59
1756014988.9819446,2,-7,-47
1756014989.0189445,-3,-2,-41
1756014989.0569446,3,2,-53
1756014989.0929446,0,0,-59
1756014989.1299446,-6,-6,-57
1756014989.1689446,-9,0,-50
1756014989.2069447,-8,0,-45
1756014989.2429447,-8,6,-56
1756014989.279945,8,5,-57
1756014989.3189447,2,0,-55
1756014989.3569446,-9,-3,-53
1756014989.3929446,-7,0,-60
1756014989.4299445,0,-4,-53
1756014989.4679446,1,-8,-63
1756014989.506945,-6,-11,-51
1756014989.542945,0,-8,-62
1756014989.5799446,-3,-4,-53
1756014989.6259446,-7,-1,-53
1756014989.6619446,0,-1,-47
1756014989.6999447,-2,-3,-40
1756014989.7379446,0,3,-49
1756014989.7759447,-5,3,-41
1756014989.8119447,6,0,-48
1756014989.848945,0,0,-47
1756014989.8869443,2,-2,-45
1756014989.9229443,5,-3,-46
1756014989.9599447,1,-1,-53
1756014989.9989443,-6,-2,-67
1756014990.0369446,-9,-3,-57
1756014990.0729446,-10,1,-56
1756014990.1099446,-6,3,-47
1756014990.1489446,-6,7,-46
1756014990.1869447,-6,1,-53
1756014990.2229445,-1,-1,-53
1756014990.2609446,-4,5,-51
1756014990.2989447,-6,-5,-56
1756014990.3379445,0,-2,-49
1756014990.3759446,2,-4,-46
1756014990.4119446,-2,-4,-55
1756014990.4499447,-3,0,-62
1756014990.4879446,-4,6,-52
1756014990.5269446,-8,8,-52
1756014990.562945,-3,4,-44
1756014990.6009445,-1,2,-52
1756014990.6399446,1,0,-49
1756014990.677945,3,-7,-53
1756014990.713945,2,0,-54
1756014990.7509446,1,-1,-44
1756014990.7899446,-3,1,-52
1756014990.8279445,-5,-4,-50
1756014990.8639443,4,-1,-53
1756014990.9009447,4,-5,-64
1756014990.9389446,-4,-2,-53
1756014990.9779446,-5,2,-48
1756014991.0139446,-9,-4,-57
1756014991.0519447,0,-1,-42
1756014991.0899446,-3,0,-41
1756014991.1279447,2,-3,-49
1756014991.1669445,-1,2,-35
1756014991.2029445,0,2,-37
1756014991.2399447,0,-4,-46
1756014991.2789447,-4,-4,-55
1756014991.3169446,0,-3,-50
1756014991.3529446,1,-1,-56
1756014991.3909447,-3,0,-54
1756014991.4289446,-3,2,-52
1756014991.4679446,1,-5,-42
1756014991.5039446,2,5,-44
1756014991.5419445,3,3,-47
1756014991.5789447,0,0,-52
1756014991.6179447,4,-2,-53
1756014991.6539447,4,-3,-54
1756014991.6919446,3,-5,-46
1756014991.7299447,0,-4,-52
1756014991.7689445,2,-6,-54
1756014991.8069446,-3,-5,-53
1756014991.8429446,1,-2,-64
1756014991.8799446,2,0,-59
1756014991.917945,1,-4,-50
1756014991.9539447,0,-5,-38
1756014991.9929447,-1,-4,-39
1756014992.029945,0,-5,-52
1756014992.0689447,0,-6,-59
1756014992.1069446,2,-6,-64
1756014992.1429446,0,-3,-59
1756014992.1799445,2,-2,-55
1756014992.2189443,-3,-6,-56
1756014992.2549446,-7,-2,-55
1756014992.292945,-1,-3,-42
1756014992.3319447,1,-6,-50
1756014992.3689446,5,7,-43
1756014992.404945,1,7,-36
1756014992.4429443,5,4,-43
1756014992.4799447,-2,0,-42
1756014992.5189445,3,-1,-46
1756014992.5549445,0,-1,-40
1756014992.5929446,1,-5,-45
1756014992.6299446,1,0,-60
1756014992.667945,0,-6,-55
1756014992.7039447,0,-8,-67
1756014992.7429447,-2,-5,-62
1756014992.779945,-4,-5,-65
1756014992.8189447,2,0,-59
1756014992.8549447,1,-1,-55
1756014992.8939445,-4,0,-47
1756014992.9319446,-4,-6,-52
1756014992.9699447,2,0,-50
1756014993.0079446,-3,3,-54
1756014993.0439446,-13,4,-65
1756014993.0819447,-7,-5,-48
1756014993.1199446,-4,-7,-45
1756014993.157945,-4,-6,-50
1756014993.1939447,-6,-12,-42
1756014993.2319446,-3,-9,-48
1756014993.269945,3,-7,-46
1756014993.3089447,2,-8,-47
1756014993.3449447,-4,-4,-49
1756014993.3829446,-8,-2,-43
1756014993.4209447,-4,-8,-48
1756014993.4599447,0,-1,-57
1756014993.4979446,-4,-1,-53
1756014993.5339446,-4,2,-53
1756014993.5709443,0,0,-53
1756014993.608945,-4,0,-64
1756014993.644945,-2,-3,-54
1756014993.6829443,-6,-4,-49
1756014993.7209446,0,-8,-50
1756014993.759945,0,-8,-54
1756014993.7959447,2,-8,-47
1756014993.8339446,-5,-5,-60
1756014993.871945,0,-1,-58
1756014993.9099443,3,0,-57
1756014993.9459443,1,0,-52
1756014993.983945,-1,4,-54
1756014994.0229447,3,0,-49
1756014994.0599446,3,0,-51
1756014994.0959446,-2,1,-47
1756014994.1339445,0,-5,-52
1756014994.1719446,1,-11,-52
1756014994.2099447,-5,-11,-60
1756014994.2489443,-1,-3,-63
1756014994.2849443,-4,-4,-57
1756014994.3239446,0,0,-48
1756014994.3609445,2,2,-56
1756014994.3989446,-7,-2,-61
1756014994.4349446,-4,-3,-59
1756014994.4729445,0,-3,-51
1756014994.5109446,0,1,-47
1756014994.5489447,0,-10,-45
1756014994.5849447,-5,-1,-49
1756014994.6229446,-2,-4,-53
1756014994.6609447,0,-4,-44
1756014994.6999447,2,-4,-50
1756014994.7359445,1,-4,-47
1756014994.7729447,0,-8,-55
1756014994.8109446,-2,1,-59
1756014994.8499446,1,-7,-68
1756014994.8859446,4,-7,-55
1756014994.9229443,2,-6,-46
1756014994.960945,5,-2,-50
1756014994.9999447,0,-1,-46
1756014995.0359447,0,1,-41
1756014995.0729446,0,4,-55
1756014995.1109445,4,0,-58
1756014995.1489446,0,-1,-58
1756014995.1849446,7,3,-55
1756014995.2229445,1,-1,-46
1756014995.2609446,0,0,-51
1756014995.2989447,-1,-1,-55
1756014995.3349447,4,-1,-52
1756014995.371945,11,-12,-51
1756014995.4109447,-1,-7,-48
1756014995.4489446,-3,-6,-51
1756014995.4849446,-1,-10,-55
1756014995.5229447,7,-3,-44
1756014995.5609446,2,-4,-52
1756014995.5999446,0,0,-55
1756014995.6359446,5,-4,-62
1756014995.6729443,7,-2,-54
1756014995.710945,6,-1,-57
1756014995.7499447,3,-2,-50
1756014995.7859447,-2,1,-46
1756014995.8229446,5,-2,-53
1756014995.8609445,-1,2,-58
1756014995.8999443,4,-3,-53
1756014995.9359446,4,-6,-52
1756014995.9729445,1,-1,-55
1756014996.0109446,10,-2,-57
1756014996.0499446,4,0,-51
1756014996.085945,9,-9,-49
1756014996.1229446,-4,-9,-53
1756014996.1609447,-4,-1,-50
1756014996.1999447,-5,5,-51
1756014996.2359445,-6,2,-40
1756014996.2729447,-3,3,-46
1756014996.3119447,0,-5,-51
1756014996.3499446,3,-5,-43
1756014996.3859446,4,-1,-50
1756014996.4229443,-4,3,-49
1756014996.4619446,0,1,-52
1756014996.4999447,-1,0,-46
1756014996.5359447,1,0,-49
1756014996.5729446,1,0,-46
1756014996.6109445,4,0,-45
1756014996.6469443,0,5,-52
1756014996.6839447,-2,0,-53
1756014996.7219446,2,-2,-55
1756014996.7609446,5,-4,-43
1756014996.7969446,-1,3,-53
1756014996.8339446,0,0,-48
1756014996.871945,-1,-2,-60
1756014996.9099443,-6,-1,-54
1756014996.9459443,1,-1,-51
1756014996.983945,-4,-7,-47
1756014997.0229447,-1,-5,-56
1756014997.0609446,1,0,-45
1756014997.0969446,2,0,-46
1756014997.1339445,4,-7,-52
1756014997.1719446,6,-4,-58
1756014997.210945,9,5,-60
1756014997.246945,1,-4,-47
1756014997.2839446,0,0,-47
1756014997.3219447,9,-3,-49
1756014997.3579447,5,0,-60
1756014997.394945,-1,-5,-58
1756014997.4329443,1,-4,-35
1756014997.4719446,-9,-6,-47
1756014997.5089445,5,0,-50
1756014997.5459447,3,5,-48
1756014997.5839446,0,-3,-44
1756014997.621945,-3,-4,-40
1756014997.6609447,0,-4,-55
1756014997.6969447,0,-1,-66
1756014997.733945,5,-6,-54
1756014997.7719443,-4,-13,-49
1756014997.8109446,-4,-7,-57
1756014997.8469446,2,-5,-63
1756014997.8839445,2,-7,-50
1756014997.9229443,0,-9,-41
1756014997.960945,-4,1,-40
1756014997.996945,-2,-2,-46
1756014998.0359447,-2,-1,-52
1756014998.0729446,-2,0,-48
1756014998.111945,9,1,-60
1756014998.1479447,3,1,-48
1756014998.1859446,2,6,-47
1756014998.2229445,2,2,-49
1756014998.2619443,9,-3,-56
1756014998.2979443,0,1,-50
1756014998.335945,-2,3,-53
1756014998.3729446,-2,6,-43
1756014998.4119446,-1,0,-54
1756014998.4479446,-8,0,-52
1756014998.4859445,3,-1,-54
1756014998.5239446,0,-6,-53
1756014998.562945,0,6,-50
1756014998.6009445,-2,3,-52
1756014998.6369443,4,-2,-55
1756014998.6739447,2,0,-56
1756014998.7129445,0,-1,-53
1756014998.7509446,-1,-4,-50
1756014998.7869446,0,-8,-55
1756014998.8239446,-2,1,-50
1756014998.8629446,1,-4,-52
1756014998.8989446,3,-6,-51
1756014998.9359446,-1,-2,-61
1756014998.973945,0,1,-58
1756014999.0119443,2,0,-53
1756014999.0479443,0,8,-47
1756014999.0849447,2,0,-51
1756014999.1229446,4,0,-56
1756014999.1589446,-3,2,-57
1756014999.1959443,-6,0,-48
1756014999.233945,2,0,-49
1756014999.2719443,-4,2,-56
1756014999.3079443,1,-2,-53
1756014999.3449447,1,3,-51
1756014999.3829446,-1,-4,-50
1756014999.4189446,0,-8,-67
1756014999.4559443,0,-7,-60
1756014999.4939446,-3,-2,-48
1756014999.532945,5,0,-57
1756014999.5689447,4,-1,-44
1756014999.6059446,-4,-3,-65
1756014999.6519446,-7,1,-40
1756014999.6889446,1,2,-54
1756014999.7259445,1,2,-61
1756014999.7639446,0,-1,-56
1756014999.802945,4,-2,-60
1756014999.838945,4,-2,-60
1756014999.8769443,-1,-4,-55
1756014999.9159446,-3,1,-57
1756014999.9539447,-2,3,-56
1756014999.9919446,0,0,-54
1756015000.0279446,3,0,-55
1756015000.065945,0,4,-41
1756015000.1039443,2,1,-42
1756015000.1419446,-9,-9,-54
1756015000.177945,0,-5,-56
1756015000.2159443,-2,-2,-56
1756015000.2539446,8,-2,-51
1756015000.292945,1,2,-46
1756015000.3289447,4,-6,-45
1756015000.3659446,-1,-5,-51
1756015000.4039447,-1,-5,-65
1756015000.4429443,5,-2,-56
1756015000.4789443,5,2,-51
1756015000.5159447,2,-3,-50
1756015000.5539446,4,-4,-53
1756015000.5929446,0,0,-54
1756015000.6289446,7,0,-57
1756015000.6659446,6,-4,-63
1756015000.7039447,0,-12,-60
1756015000.7429447,-2,-6,-52
1756015000.7789447,0,-8,-49
1756015000.815945,-4,1,-54
1756015000.8539443,-5,3,-54
1756015000.8929446,-4,-1,-45
1756015000.9289446,1,4,-54
1756015000.9659443,-2,-4,-57
1756015001.0039446,-2,-4,-49
1756015001.042945,-3,-3,-62
1756015001.0789447,-5,-4,-65
1756015001.1169446,-6,4,-52
1756015001.154945,2,1,-56
1756015001.1939447,7,0,-45
1756015001.2299447,0,-6,-49
1756015001.2679446,-7,-2,-55
1756015001.3059447,-1,0,-50
1756015001.3449447,5,-3,-49
1756015001.3829446,1,-8,-44
1756015001.4189446,0,-8,-44
1756015001.4559443,3,0,-48
1756015001.4939446,2,3,-47
1756015001.529945,-2,7,-48
1756015001.5669446,-4,1,-49
1756015001.6049447,10,1,-42
1756015001.6429446,0,-1,-59
1756015001.6789446,-2,-1,-54
1756015001.7169447,-2,2,-37
1756015001.7549446,8,5,-46
1756015001.7939446,3,0,-47
1756015001.8299446,0,0,-50
1756015001.8669446,-2,2,-57
1756015001.904945,-2,4,-56
1756015001.9439447,4,-3,-56
1756015001.9799447,0,-1,-50
1756015002.0169446,3,1,-59
1756015002.0549445,3,2,-51
1756015002.0929446,0,-1,-54
1756015002.1289446,5,-4,-50
1756015002.1659446,-4,-2,-48
1756015002.2049446,-2,0,-63
1756015002.2409446,0,-6,-55
1756015002.2779446,3,-8,-59
1756015002.3169446,0,-7,-47
1756015002.3549447,0,-11,-51
1756015002.3909447,-3,1,-56
1756015002.427945,-3,-1,-52
1756015002.4669447,3,4,-59
1756015002.5049446,-1,1,-60
1756015002.5409446,-5,0,-56
1756015002.5789447,2,4,-52
1756015002.6169446,-4,5,-49
1756015002.654945,1,3,-45
1756015002.690945,0,0,-51
1756015002.7279446,3,-2,-46
1756015002.7659447,0,-3,-45
1756015002.8049445,0,-3,-48
1756015002.8409443,-4,-4,-56
1756015002.8789446,-2,1,-45
1756015002.9169445,-6,4,-55
1756015002.9559443,2,-3,-55
1756015002.9939446,0,-1,-52
1756015003.029945,-3,0,-52
1756015003.0679443,0,-7,-42
1756015003.1059446,0,0,-47
1756015003.144945,2,-1,-46
1756015003.1809447,6,-4,-44
1756015003.2179446,2,-3,-49
1756015003.2559447,0,0,-56
1756015003.2949443,1,0,-44
1756015003.3309443,0,0,-42
1756015003.3679447,-4,3,-47
1756015003.4059446,0,4,-44
1756015003.4449446,-1,-3,-49
1756015003.4809446,0,4,-55
1756015003.5179446,4,-5,-45
1756015003.5559447,-2,0,-66
1756015003.5949447,-2,-6,-37
1756015003.6309447,-7,-4,-53
1756015003.6689446,-10,0,-49
1756015003.7069447,-5,-7,-56
1756015003.7459445,-2,3,-68
1756015003.7839446,0,1,-50
1756015003.8199446,-2,-3,-45
1756015003.858945,2,-1,-55
1756015003.8959446,1,-2,-53
1756015003.9349446,7,5,-41
1756015003.9709446,6,3,-52
1756015004.0079446,5,5,-53
1756015004.0459447,5,2,-47
1756015004.0819447,1,0,-52
1756015004.1199446,-2,0,-51
1756015004.1589446,0,5,-61
1756015004.1959443,5,-1,-70
1756015004.2349446,-5,0,-63
1756015004.2709446,-5,0,-58
1756015004.3089447,2,6,-49
1756015004.3459446,3,0,-46
1756015004.381945,0,-4,-54
1756015004.4199443,0,-2,-55
1756015004.4579446,0,-2,-52
1756015004.496945,3,0,-48
1756015004.5349443,0,0,-52
1756015004.5709443,-4,-6,-48
1756015004.608945,-6,-5,-53
1756015004.6469443,-4,-1,-43
1756015004.6859446,-4,-2,-45
1756015004.7219446,-5,0,-53
1756015004.7589445,-4,-6,-51
1756015004.7969446,0,0,-58
1756015004.8349447,2,0,-54
1756015004.8709445,-3,-3,-58
1756015004.9089446,5,-2,-56
1756015004.9469447,4,3,-49
1756015004.9849446,4,4,-52
1756015005.0209446,0,1,-58
1756015005.0589447,7,-2,-51
1756015005.0969446,1,2,-47
1756015005.134945,7,3,-47
1756015005.1709447,7,4,-45
1756015005.2079446,4,1,-47
1756015005.246945,5,1,-47
1756015005.2849443,0,-2,-53
1756015005.3209443,0,2,-57
1756015005.3579447,3,-3,-55
1756015005.3969443,5,-1,-54
1756015005.4329443,2,1,-40
1756015005.4699447,5,-3,-39
1756015005.5079446,4,-5,-52
1756015005.5469446,4,5,-44
1756015005.5829446,0,-3,-56
1756015005.6199446,-2,-4,-48
1756015005.657945,0,2,-48
1756015005.6959443,5,2,-50
1756015005.7319446,5,6,-49
1756015005.7689445,-4,0,-58
1756015005.8069446,0,-1,-58
1756015005.8459446,3,2,-57
1756015005.881945,-5,3,-50
1756015005.9189446,-5,-2,-58
1756015005.9569447,-2,-4,-50
1756015005.9959445,-6,1,-46
1756015006.0319445,0,-1,-43
1756015006.0699446,0,0,-57
1756015006.1069446,1,4,-61
1756015006.1459446,-1,0,-49
1756015006.1819446,-6,-2,-48
1756015006.2199447,0,4,-51
1756015006.2579446,-5,3,-59
1756015006.2959447,-1,0,-39
1756015006.3319447,-4,2,-44
1756015006.3689446,2,2,-57
1756015006.4069445,1,4,-47
1756015006.4429443,1,4,-58
1756015006.4799447,3,3,-42
1756015006.5179446,-5,4,-52
1756015006.5559447,-4,0,-48
1756015006.5919447,13,1,-44
1756015006.6289446,2,0,-41
1756015006.667945,1,-3,-39
1756015006.7059443,-5,0,-46
1756015006.7419446,3,0,-54
1756015006.779945,0,3,-53
1756015006.8179443,3,4,-39
1756015006.8559446,8,-5,-46
1756015006.8919446,0,3,-36
1756015006.9299445,-5,-2,-54
1756015006.9679446,-5,-1,-46
1756015007.0059447,-6,2,-50
1756015007.0419445,0,2,-51
1756015007.0789447,0,-2,-49
1756015007.1179447,4,-3,-47
1756015007.1559446,3,1,-54
1756015007.1919446,2,4,-54
1756015007.2289443,3,-4,-59
1756015007.2679446,0,-1,-52
1756015007.3039446,2,-2,-49
1756015007.3419447,0,-5,-45
1756015007.3799446,1,-3,-48
1756015007.4189446,0,1,-45
1756015007.4569447,-2,-2,-63
1756015007.4929447,1,0,-56
1756015007.5309446,0,-2,-52
1756015007.5679443,1,-1,-50
1756015007.6069446,0,2,-52
1756015007.6429446,2,-2,-56
1756015007.6809447,2,-4,-54
1756015007.7189443,0,-8,-61
1756015007.7579446,0,-1,-57
1756015007.7939446,2,-3,-53
1756015007.8309443,-6,-8,-48
1756015007.8689446,3,-3,-47
1756015007.907945,1,-4,-48
1756015007.9439447,-4,0,-49
1756015007.9819446,2,-1,-56
1756015008.019945,4,-2,-62
1756015008.0589447,-7,-4,-54
1756015008.0969446,-6,-3,-48
1756015008.1329446,-8,-3,-56
1756015008.1709447,0,-7,-47
1756015008.2089446,7,-3,-47
1756015008.2479446,-5,-8,-54
1756015008.2839446,-16,-4,-61
1756015008.3229446,-6,-2,-49
1756015008.3599446,-5,1,-60
1756015008.3989446,-3,1,-63
1756015008.4369447,4,0,-50
1756015008.4729445,-3,-1,-42
1756015008.5109446,-2,0,-43
1756015008.5489447,1,3,-53
1756015008.5869446,5,3,-47
1756015008.6229446,5,-2,-49
1756015008.6609447,1,1,-61
1756015008.6989446,0,3,-52
1756015008.736945,-2,0,-53
1756015008.7729447,2,-3,-57
1756015008.8109446,9,-2,-52
1756015008.848945,0,0,-54
1756015008.884945,-2,5,-54
1756015008.9219446,-1,0,-51
1756015008.960945,1,3,-44
1756015008.9989443,-3,0,-43
1756015009.0349443,0,0,-51
1756015009.0719447,-3,7,-53
1756015009.1109445,-9,-3,-61
1756015009.1489446,-1,2,-49
1756015009.1849446,-1,0,-45
1756015009.2219446,6,0,-42
1756015009.259945,-4,-2,-55
1756015009.2989447,5,2,-49
1756015009.3349447,4,-1,-58
1756015009.371945,4,-2,-50
1756015009.4109447,1,0,-51
1756015009.4489446,2,2,-64
1756015009.4849446,0,-1,-58
1756015009.5219443,-6,-5,-52
1756015009.5599446,3,-7,-45
1756015009.598945,6,-6,-52
1756015009.634945,3,-9,-52
1756015009.6809447,0,-6,-57
1756015009.7189443,0,-2,-59
1756015009.7549446,6,0,-59
1756015009.7919445,-4,-5,-48
1756015009.8299446,6,-3,-54
1756015009.8689446,-2,2,-58
1756015009.904945,0,7,-55
1756015009.9419446,0,4,-45
1756015009.9799447,-2,-1,-35
1756015010.0189445,1,1,-54
1756015010.0549445,0,0,-54
1756015010.0919447,-3,-2,-62
1756015010.1299446,0,-3,-59
1756015010.1689446,-4,0,-60
1756015010.2049446,-10,5,-48
1756015010.2429447,-10,2,-54
1756015010.2809446,-5,0,-53
1756015010.3199446,-3,3,-59
1756015010.3579447,2,9,-45
1756015010.3939445,-4,1,-53
1756015010.4319446,-1,0,-55
1756015010.4699447,-2,0,-54
1756015010.5089445,0,0,-54
1756015010.5449443,1,2,-42
1756015010.5819447,0,3,-52
1756015010.6199446,-5,4,-51
1756015010.6559446,0,3,-51
1756015010.6939447,-1,6,-54
1756015010.7319446,-5,2,-53
1756015010.769945,-7,7,-54
1756015010.8089447,-4,1,-55
1756015010.8449447,4,0,-52
1756015010.881945,-2,-9,-56
1756015010.9209447,3,1,-49
1756015010.9589446,-2,-3,-55
1756015010.9949446,-3,-5,-56
1756015011.032945,-4,-3,-51
1756015011.0709443,-1,-3,-56
1756015011.1099446,-3,7,-50
1756015011.1459446,2,0,-51
1756015011.1829443,-7,-1,-52
1756015011.2209446,-1,-3,-44
1756015011.259945,5,-1,-51
1756015011.2959447,-1,-1,-60
1756015011.3339446,1,0,-60
1756015011.3709445,1,-4,-47
1756015011.4099443,4,-3,-49
1756015011.4459443,5,-3,-47
1756015011.483945,3,5,-54
1756015011.5209446,-1,-6,-58
1756015011.5599446,-8,-1,-59
1756015011.5959446,-5,-2,-49
1756015011.6339445,-2,0,-49
1756015011.6719446,-5,-3,-56
1756015011.710945,0,-3,-63
1756015011.7489443,1,2,-55
1756015011.7849443,4,-3,-58
1756015011.8229446,2,-9,-58
1756015011.8609445,-2,-4,-55
1756015011.8999443,-7,-2,-49
1756015011.9359446,-2,0,-49
1756015011.9729445,0,0,-50
1756015012.0109446,1,-6,-43
1756015012.0499446,6,4,-45
1756015012.085945,1,-1,-55
1756015012.1229446,0,-2,-44
1756015012.1609447,-3,3,-65
1756015012.1999447,6,-5,-64
1756015012.2359445,2,3,-57
1756015012.2729447,4,1,-55
1756015012.3109446,0,0,-42
1756015012.3469446,-2,5,-45
1756015012.384945,-3,-2,-44
1756015012.4229443,-1,-2,-57
1756015012.460945,-3,1,-37
1756015012.4999447,-4,2,-48
1756015012.5359447,-2,3,-47
1756015012.5739446,5,0,-43
1756015012.611945,-1,0,-53
1756015012.6509447,-10,0,-52
1756015012.6869447,-1,-4,-58
1756015012.7249446,8,-3,-47
1756015012.7629447,4,-6,-44
1756015012.8019447,2,-1,-48
1756015012.8399446,0,-2,-63
1756015012.8759446,4,0,-63
1756015012.9129446,9,5,-55
1756015012.9519446,5,0,-52
1756015012.9899447,0,-2,-61
1756015013.0259447,-2,5,-48
1756015013.062945,-2,0,-49
1756015013.1019447,-11,-5,-52
1756015013.1399446,-2,0,-54
1756015013.1759446,-2,0,-51
1756015013.2129445,-2,-4,-57
1756015013.2519443,-2,-6,-52
1756015013.2899446,-4,-4,-57
1756015013.325945,9,-11,-50
1756015013.3629446,1,-2,-56
1756015013.4019446,-8,2,-44
1756015013.4399445,0,0,-41
1756015013.4759445,-5,4,-42
1756015013.5129447,5,4,-44
1756015013.5519447,6,0,-52
1756015013.5899446,0,-4,-44
1756015013.6259446,0,-4,-47
1756015013.6629446,-7,-7,-46
1756015013.7019446,1,-8,-49
1756015013.7399447,5,-6,-47
1756015013.7759447,2,-7,-47
1756015013.812945,0,-4,-53
1756015013.8519447,-5,4,-48
1756015013.8899446,-3,9,-42
1756015013.9269447,-4,4,-56
1756015013.9649446,-9,5,-53
1756015014.0029447,0,8,-55
1756015014.0419445,0,0,-49
1756015014.0779445,-3,-3,-52
1756015014.1159446,-9,-1,-53
1756015014.1539447,-4,0,-57
1756015014.1929443,-5,-7,-69
1756015014.2309446,-3,-5,-65
1756015014.2669446,-2,-4,-63
1756015014.3059447,0,-1,-49
1756015014.3429446,-4,0,-53
1756015014.381945,-2,-3,-55
1756015014.417945,0,2,-49
1756015014.4559443,3,2,-58
1756015014.4929447,5,2,-51
1756015014.5309446,-3,0,-57
1756015014.5669446,-2,1,-48
1756015014.6039443,1,-2,-50
1756015014.6429446,4,0,-49
1756015014.6809447,12,-7,-49
1756015014.7169447,8,0,-47
1756015014.7539446,0,4,-49
1756015014.792945,-5,4,-41
1756015014.8309443,-1,-2,-49
1756015014.8669446,-5,-5,-54
1756015014.9059446,-3,-3,-51
1756015014.9429443,0,-1,-62
1756015014.9819446,4,0,-60
1756015015.0179446,7,1,-54
1756015015.0559447,3,2,-46
1756015015.0929446,5,-1,-49
1756015015.131945,1,4,-48
1756015015.167945,-1,-3,-48
1756015015.2059443,-1,-11,-56
1756015015.2439446,0,-2,-62
1756015015.282945,-4,-6,-57
1756015015.3209443,1,-4,-50
1756015015.3569446,4,-7,-50
1756015015.3939445,-1,0,-53
1756015015.4329443,1,0,-58
1756015015.4689443,-5,-5,-54
1756015015.506945,5,2,-60
1756015015.5439446,0,1,-57
1756015015.5829446,1,-3,-49
1756015015.6189446,-2,3,-56
1756015015.6559446,-3,-2,-48
1756015015.6939447,-6,-4,-47
1756015015.7329447,-4,-3,-54
1756015015.7689445,-4,-1,-51
1756015015.8069446,-1,1,-57
1756015015.8449447,2,0,-63
1756015015.8829446,2,-3,-54
1756015015.9219446,12,-4,-63
1756015015.9579446,4,-1,-56
1756015015.9949446,5,-4,-56
1756015016.032945,-2,-8,-45
1756015016.0719447,-6,0,-53
1756015016.1079447,-4,2,-49
1756015016.144945,0,-1,-42
1756015016.1839447,-7,1,-55
1756015016.2219446,-1,-6,-55
1756015016.2579446,4,-4,-46
1756015016.2949443,0,0,-59
1756015016.3329446,0,0,-59
1756015016.3689446,2,0,-51
1756015016.4069445,1,2,-48
1756015016.4439447,-1,0,-40
1756015016.4829447,0,3,-46
1756015016.5189445,-4,3,-46
1756015016.5569446,-2,-2,-49
1756015016.5939443,0,3,-52
1756015016.6329446,0,-4,-45
1756015016.6689446,0,0,-33
1756015016.7059443,-2,0,-43
1756015016.7439446,-5,-4,-61
1756015016.782945,-1,-3,-57
1756015016.8189447,0,0,-60
1756015016.8569446,0,1,-59
1756015016.8939445,0,-2,-51
1756015016.9329443,6,-4,-52
1756015016.9689443,2,-7,-52
1756015017.006945,-4,-2,-56
1756015017.0439446,-8,0,-50
1756015017.0829446,0,2,-51
1756015017.1189446,-2,-2,-52
1756015017.1569445,1,-1,-45
1756015017.1939447,-10,-6,-45
1756015017.2329447,-3,-4,-54
1756015017.2689445,-3,4,-55
1756015017.3059447,-8,4,-51
1756015017.3439443,-11,-1,-50
1756015017.3829446,2,-6,-56
1756015017.4189446,4,0,-54
1756015017.4559443,0,0,-56
1756015017.4939446,0,-2,-47
1756015017.529945,0,2,-43
1756015017.5669446,8,1,-50
1756015017.6049447,-1,0,-54
1756015017.6439445,5,-5,-48
1756015017.6799445,9,-3,-52
1756015017.7189443,8,-1,-53
1756015017.7559447,4,0,-48
1756015017.7939446,-1,4,-49
1756015017.8299446,-7,0,-55
1756015017.8689446,-2,-6,-65
1756015017.9059446,-3,-5,-56
1756015017.9449446,-1,4,-54
1756015017.9829447,1,0,-45
1756015018.0189445,0,0,-50
1756015018.0559447,0,-2,-57
1756015018.0949447,1,-1,-58
1756015018.1329446,-1,4,-53
1756015018.1689446,0,0,-56
1756015018.2059443,-2,-8,-47
1756015018.2449446,2,-6,-47
1756015018.282945,10,-4,-48
1756015018.3189447,8,-1,-49
1756015018.3559446,4,0,-52
1756015018.3939445,0,-3,-48
1756015018.4299445,-2,-8,-57
1756015018.4679446,-10,-1,-48
1756015018.5059447,3,-2,-40
1756015018.5449443,-7,5,-54
1756015018.5829446,-7,2,-40
1756015018.6189446,0,3,-51
1756015018.6559446,2,-1,-56
1756015018.6949446,3,-2,-58
1756015018.7329447,-2,-2,-41
1756015018.7689445,3,-2,-44
1756015018.8059447,7,-5,-55
1756015018.8449447,4,0,-63
1756015018.8809447,-3,0,-62
1756015018.917945,-2,-3,-61
1756015018.9559443,3,-4,-50
1756015018.9949446,2,-3,-56
1756015019.0309446,-1,-1,-54
1756015019.0689447,-4,1,-44
1756015019.1069446,3,0,-53
1756015019.144945,-4,-2,-60
1756015019.1809447,4,-2,-55
1756015019.2179446,3,-6,-63
1756015019.2559447,-1,-12,-55
1756015019.2949443,-1,-4,-55
1756015019.3309443,-3,-4,-55
1756015019.3689446,-2,0,-50
1756015019.4069445,-2,-3,-46
1756015019.4449446,1,-1,-62
1756015019.483945,-3,0,-59
1756015019.519945,4,-7,-53
1756015019.5569446,2,-3,-54
1756015019.5959446,-3,-9,-51
1756015019.6339445,-5,-2,-49
1756015019.6699443,1,4,-46
1756015019.7159443,0,-3,-50
1756015019.7539446,-4,-6,-41
1756015019.7899446,-1,-4,-39
1756015019.8289447,5,0,-60
1756015019.8669446,5,2,-63
1756015019.904945,3,1,-51
1756015019.940945,1,4,-52
1756015019.9789443,6,4,-40
1756015020.0169446,-2,0,-51
1756015020.0549445,-2,-1,-52
1756015020.0909443,0,-10,-44
1756015020.1289446,8,-9,-49
1756015020.1669445,6,-5,-42
1756015020.2049446,9,0,-55
1756015020.2409446,5,-1,-60
1756015020.2789447,-1,1,-62
1756015020.3169446,-1,-2,-69
1756015020.3559446,-4,8,-63
1756015020.3939445,0,0,-60
1756015020.4299445,6,-5,-56
1756015020.4669447,6,-1,-52
1756015020.5059447,-3,-1,-59
1756015020.5419445,-5,-1,-50
1756015020.5799446,-3,1,-44
1756015020.6179447,-5,2,-42
1756015020.6559446,-1,0,-43
1756015020.6949446,2,-1,-41
1756015020.7309446,4,1,-38
1756015020.7689445,-5,3,-48
1756015020.8069446,-4,3,-52
1756015020.8459446,7,4,-55
1756015020.881945,5,-2,-52
1756015020.9189446,-1,7,-49
1756015020.9579446,4,4,-53
1756015020.9959445,-1,0,-55
1756015021.0319445,-3,0,-57
1756015021.0689447,1,-7,-52
1756015021.1069446,2,0,-57
1756015021.1459446,7,0,-60
1756015021.1819446,0,3,-68
1756015021.2189443,-4,9,-66
1756015021.256945,-3,-3,-55
1756015021.2959447,-6,7,-52
1756015021.3319447,7,2,-48
1756015021.3689446,5,-1,-51
1756015021.4069445,1,2,-49
1756015021.4459443,3,0,-47
1756015021.4819446,6,1,-50
1756015021.5189445,4,-3,-39
1756015021.5569446,3,-1,-45
1756015021.5959446,4,-1,-54
1756015021.631945,3,-3,-52
1756015021.6709447,1,-4,-38
1756015021.7079446,6,-2,-45
1756015021.746945,-4,1,-45
1756015021.7849443,-5,0,-40
1756015021.8209443,5,-1,-47
1756015021.8599446,3,8,-47
1756015021.8969443,0,-1,-55
1756015021.9359446,-5,-2,-51
1756015021.9719446,0,3,-50
1756015022.009945,2,-2,-63
1756015022.0469446,0,0,-67
1756015022.0829446,1,5,-61
1756015022.1199446,0,0,-51
1756015022.1569445,0,5,-46
1756015022.1959443,-3,2,-47
1756015022.2319446,5,0,-56
1756015022.2689445,3,0,-52
1756015022.3069446,4,-1,-48
1756015022.3429446,0,-1,-47
1756015022.3809447,0,5,-47
1756015022.417945,0,-2,-50
1756015022.4569447,3,2,-52
1756015022.4929447,2,0,-51
1756015022.529945,4,-5,-59
1756015022.5679443,-2,-5,-51
1756015022.6069446,-3,-4,-39
1756015022.6429446,-3,-5,-55
1756015022.6809447,-1,-6,-53
1756015022.7189443,0,-4,-44
1756015022.756945,-6,-1,-67
1756015022.7959447,0,-12,-59
1756015022.8319447,1,0,-65
1756015022.8689446,0,-1,-53
1756015022.907945,-2,4,-65
1756015022.9459443,2,0,-57
1756015022.9819446,8,2,-50
1756015023.0189445,3,-1,-61
1756015023.0579443,7,-6,-59
1756015023.0959446,0,-6,-58
1756015023.131945,0,-1,-57
1756015023.1689446,-1,-3,-49
1756015023.2079446,-6,2,-53
1756015023.2459445,-5,-3,-43
1756015023.2819445,-3,0,-53
1756015023.3189447,1,-5,-61
1756015023.3579447,1,-5,-65
1756015023.3959446,4,-5,-54
1756015023.4319446,-2,0,-56
1756015023.4699447,-1,-1,-52
1756015023.5079446,3,0,-52
1756015023.5469446,5,-3,-51
1756015023.5839446,3,0,-50
1756015023.6209445,0,-6,-50
1756015023.6589446,0,-4,-47
1756015023.6979446,-3,-1,-56
1756015023.733945,-7,-7,-46
1756015023.7719443,-3,-1,-47
1756015023.8109446,-2,-10,-52
1756015023.8479445,-4,-7,-57
1756015023.8869443,-5,-9,-48
1756015023.9229443,-1,-2,-50
1756015023.960945,0,1,-44
1756015023.9989443,1,-2,-50
1756015024.0379446,-2,0,-56
1756015024.0739446,1,-1,-65
1756015024.1109445,3,-1,-52
1756015024.1489446,0,1,-45
1756015024.1869447,1,10,-50
1756015024.2229445,0,8,-52
1756015024.2609446,-1,3,-56
1756015024.2979443,6,0,-54
1756015024.3339446,3,0,-49
1756015024.3709445,12,-8,-51
1756015024.4089446,18,-4,-61
1756015024.4479446,7,-1,-68
1756015024.483945,1,0,-59
1756015024.5209446,9,1,-49
1756015024.5589447,7,0,-46
1756015024.5979445,4,-7,-40
1756015024.6339445,2,-6,-56
1756015024.6719446,1,-6,-56
1756015024.7099447,0,-2,-54
1756015024.7489443,-7,-3,-59
1756015024.7869446,8,-1,-54
1756015024.8229446,-1,-1,-56
1756015024.8609445,-1,5,-53
1756015024.8989446,-1,0,-58
1756015024.937945,4,-9,-44
1756015024.973945,7,-4,-44
1756015025.0109446,4,7,-61
1756015025.0489447,-3,3,-52
1756015025.0879445,2,-4,-52
1756015025.1239443,-1,0,-53
1756015025.1609447,-1,-5,-59
1756015025.1989446,3,-3,-48
1756015025.2379446,1,-3,-55
1756015025.2739446,-3,-5,-55
1756015025.3119447,-2,2,-50
1756015025.3499446,0,4,-48
1756015025.3889446,3,2,-56
1756015025.4249446,-9,2,-59
1756015025.4619446,-7,-5,-56
1756015025.4999447,-2,1,-44
1756015025.5389447,-3,0,-39
1756015025.5749447,-3,-5,-44
1756015025.6129446,-4,0,-55
1756015025.6509447,-4,5,-51
1756015025.6899445,-4,-4,-48
1756015025.7279446,-3,-3,-51
1756015025.7639446,-3,-1,-53
1756015025.8019447,5,5,-46
1756015025.8399446,0,1,-46
1756015025.8779447,0,1,-54
1756015025.9139447,0,0,-52
1756015025.950945,2,-3,-57
1756015025.9889443,3,6,-51
1756015026.0279446,3,4,-39
1756015026.0639446,7,5,-44
1756015026.1009445,3,5,-52
1756015026.1399446,0,1,-55
1756015026.177945,0,-6,-56
1756015026.213945,1,-12,-44
1756015026.2519443,1,-10,-47
1756015026.2899446,2,1,-44
1756015026.3279445,-3,4,-52
1756015026.3639443,6,4,-57
1756015026.4019446,1,2,-47
1756015026.4399445,2,-4,-50
1756015026.4779446,3,-3,-48
1756015026.5139446,-2,4,-54
1756015026.5519447,1,-1,-45
1756015026.5899446,0,1,-48
1756015026.6289446,1,-1,-48
1756015026.6649446,0,-9,-51
1756015026.7019446,-10,-1,-59
1756015026.7399447,-5,6,-49
1756015026.7789447,0,-1,-55
1756015026.8149445,-1,3,-60
1756015026.8519447,4,-3,-62
1756015026.8899446,-1,-3,-61
1756015026.9289446,0,-2,-52
1756015026.9649446,-2,0,-52
1756015027.0019443,0,-3,-48
1756015027.0409446,5,3,-52
1756015027.0789447,2,5,-52
1756015027.1149447,6,-2,-55
1756015027.1519446,5,2,-46
1756015027.1899445,8,-1,-50
1756015027.2289443,2,-4,-51
1756015027.2649446,6,-5,-47
1756015027.3019447,0,5,-57
1756015027.3399446,-2,0,-55
1756015027.3759446,2,6,-46
1756015027.4129446,-3,1,-52
1756015027.450945,0,1,-45
1756015027.4889443,-1,7,-52
1756015027.5249443,1,2,-56
1756015027.562945,4,-3,-57
1756015027.5999446,1,3,-52
1756015027.6359446,1,2,-43
1756015027.6729443,-1,-1,-49
1756015027.710945,7,2,-51
1756015027.7499447,-2,6,-62
1756015027.7859447,-4,1,-52
1756015027.8229446,1,3,-47
1756015027.8609445,5,4,-51
1756015027.8989446,2,0,-52
1756015027.9349446,0,6,-45
1756015027.9719446,-1,-2,-38
1756015028.0109446,-6,3,-48
1756015028.0489447,1,-1,-51
1756015028.0849447,-2,-5,-54
1756015028.1229446,0,-1,-62
1756015028.1609447,-1,-1,-53
1756015028.1999447,2,-4,-49
1756015028.2359445,-4,-1,-58
1756015028.2739446,-3,-3,-48
1756015028.3119447,6,-7,-48
1756015028.3509445,6,0,-56
1756015028.3889446,-1,4,-54
1756015028.4249446,-2,-1,-52
1756015028.4629445,-1,1,-46
1756015028.5009446,0,5,-36
1756015028.5389447,-4,6,-52
1756015028.5749447,3,4,-52
1756015028.611945,6,0,-51
1756015028.6499443,4,-2,-50
1756015028.6859446,1,-2,-46
1756015028.723945,4,-5,-55
1756015028.7619443,-1,-5,-53
1756015028.8009446,3,-3,-58
1756015028.8379445,0,-4,-57
1756015028.8749447,0,-5,-55
1756015028.9129446,0,-2,-48
1756015028.950945,2,0,-53
1756015028.986945,4,4,-62
1756015029.0239446,7,2,-59
1756015029.0609446,0,4,-60
1756015029.0969446,-6,5,-53
1756015029.1339445,-3,3,-57
1756015029.1719446,-1,3,-53
1756015029.210945,-4,0,-55
1756015029.246945,-3,3,-50
1756015029.2849443,-6,3,-61
1756015029.3229446,-1,10,-58
1756015029.3609445,-3,5,-46
1756015029.3999443,2,1,-54
1756015029.4359446,0,2,-51
1756015029.4729445,2,3,-50
1756015029.5109446,8,-1,-62
1756015029.5469446,5,-3,-60
1756015029.5849447,4,-1,-62
1756015029.6229446,0,0,-60
1756015029.6609447,1,-7,-45
1756015029.6969447,-1,-4,-53
1756015029.7429447,-1,-3,-49
1756015029.7809446,7,0,-54
1756015029.8169446,6,4,-51
1756015029.8539443,7,0,-42
1756015029.8919446,7,0,-50
1756015029.9299445,7,3,-58
1756015029.9659443,9,0,-52
1756015030.0029447,5,7,-49
1756015030.0409446,-10,3,-51
1756015030.0769446,-4,0,-52
1756015030.1149447,-14,-2,-45
1756015030.1519446,7,-3,-42
1756015030.190945,3,-3,-42
1756015030.2269447,-1,4,-63
1756015030.2649446,-2,-3,-73
1756015030.3019447,3,4,-55
1756015030.3399446,9,5,-62
1756015030.3759446,0,3,-52
1756015030.4129446,4,1,-49
1756015030.4519446,-7,3,-43
1756015030.4879446,-7,4,-37
1756015030.5249443,-4,0,-43
1756015030.562945,-2,-1,-44
1756015030.6019447,0,3,-54
1756015030.6379447,0,2,-56
1756015030.6749446,-2,0,-66
1756015030.713945,-3,-6,-54
1756015030.7519443,2,-4,-48
1756015030.7879446,5,4,-48
1756015030.825945,2,2,-47
1756015030.8639443,3,4,-58
1756015030.9019446,4,-3,-63
1756015030.937945,0,-2,-56
1756015030.9749446,2,3,-48
1756015031.0119443,0,0,-54
1756015031.0479443,1,4,-53
1756015031.085945,2,0,-55
1756015031.1229446,-1,0,-50
1756015031.1619446,4,-4,-47
1756015031.1979446,0,0,-57
1756015031.2349446,-3,0,-53
1756015031.2739446,4,-2,-48
1756015031.3119447,0,-4,-54
1756015031.3479445,-1,-9,-56
1756015031.3859446,1,1,-61
1756015031.4239447,8,0,-46
1756015031.4619446,5,0,-53
1756015031.4979446,6,0,-61
1756015031.5349443,3,-1,-66
1756015031.5729446,-2,-2,-60
1756015031.611945,0,0,-62
1756015031.6479447,1,3,-70
1756015031.6849446,-6,5,-57
1756015031.723945,-2,2,-54
1756015031.7619443,6,1,-58
1756015031.7979443,7,0,-53
1756015031.8349447,4,-6,-50
1756015031.8739443,-6,2,-56
1756015031.9119446,0,2,-59
1756015031.9479446,0,5,-61
1756015031.9849446,-1,-2,-54
1756015032.0229447,-7,1,-56
1756015032.0619447,-3,-2,-53
1756015032.0979445,-2,-4,-53
1756015032.1359446,1,0,-59
1756015032.1739447,1,3,-62
1756015032.2129445,0,1,-56
1756015032.2489443,5,1,-46
1756015032.2869446,-1,-3,-56
1756015032.3249447,-5,-8,-54
1756015032.3629446,-10,0,-56
1756015032.4019446,-6,1,-63
1756015032.437945,-1,-8,-53
1756015032.4759445,-5,-4,-50
1756015032.5139446,-5,-1,-50
1756015032.552945,-1,-1,-56
1756015032.588945,0,3,-60
1756015032.6269443,-6,4,-58
1756015032.6649446,-8,4,-49
1756015032.7029445,-1,4,-45
1756015032.7419446,-4,2,-47
1756015032.7779446,-3,2,-61
1756015032.8149445,1,0,-48
1756015032.8529446,3,-4,-52
1756015032.8889446,0,-6,-58
1756015032.9269447,0,-5,-52
1756015032.9649446,10,3,-56
1756015033.0029447,0,4,-51
1756015033.0389447,1,1,-50
1756015033.0769446,1,-2,-56
1756015033.1149447,-2,6,-52
1756015033.1539447,2,4,-50
1756015033.1919446,3,-8,-44
1756015033.2279446,-2,-4,-48
1756015033.2659447,-4,2,-45
1756015033.3039446,1,6,-59
1756015033.3419447,0,2,-60
1756015033.3779447,0,3,-61
1756015033.4149446,-1,0,-47
1756015033.4539447,2,-3,-51
1756015033.4919446,3,0,-54
1756015033.5279446,0,0,-68
1756015033.5649445,2,-2,-61
1756015033.6039443,1,1,-53
1756015033.6419446,2,-6,-61
1756015033.677945,0,-2,-59
1756015033.7149446,-2,5,-49
1756015033.7539446,-3,3,-47
1756015033.7899446,-1,-1,-41
1756015033.8279445,-5,-6,-51
1756015033.8659446,2,-10,-52
1756015033.9039447,-3,0,-61
1756015033.9429443,4,2,-51
1756015033.9789443,1,4,-57
1756015034.0159447,-3,3,-48
1756015034.0549445,-5,2,-58
1756015034.0929446,-8,-1,-65
1756015034.1289446,-2,1,-53
1756015034.1659446,-3,1,-55
1756015034.2039447,-5,-4,-55
1756015034.2429447,2,3,-49
1756015034.2789447,-2,7,-57
1756015034.315945,-6,6,-52
1756015034.3549447,0,1,-50
1756015034.3929446,-6,-2,-53
1756015034.4289446,0,-3,-50
1756015034.4669447,0,0,-62
1756015034.5049446,-9,-5,-71
1756015034.542945,-4,-8,-60
1756015034.5789447,-3,-3,-60
1756015034.6169446,0,3,-44
1756015034.654945,0,-1,-46
1756015034.6929443,-1,-4,-50
1756015034.7289443,0,-2,-51
1756015034.7659447,11,-4,-54
1756015034.8049445,1,-2,-53
1756015034.8429446,-1,-1,-51
1756015034.8789446,-4,-5,-50
1756015034.9169445,-9,1,-54
1756015034.9559443,-7,4,-59
1756015034.9939446,2,-1,-47
1756015035.029945,3,2,-42
1756015035.0669446,3,4,-55
1756015035.1059446,4,0,-41
1756015035.1439445,2,-4,-52
1756015035.1799445,-7,-3,-53
1756015035.2169447,-1,-7,-60
1756015035.2559447,3,-1,-51
1756015035.2939446,0,-1,-42
1756015035.3299446,6,0,-53
1756015035.3669446,2,-1,-44
1756015035.404945,8,-2,-51
1756015035.4439447,6,-7,-49
1756015035.4799447,0,-6,-59
1756015035.5169446,0,-11,-56
1756015035.5559447,-4,-6,-63
1756015035.5939443,0,-2,-59
1756015035.6299446,0,3,-61
1756015035.6669445,-2,2,-59
1756015035.7049446,-1,5,-57
1756015035.7439446,-5,-2,-61
1756015035.779945,3,-1,-45
1756015035.8179443,-2,0,-56
1756015035.8549447,-1,-4,-43
1756015035.8939445,-7,-5,-57
1756015035.9299445,0,-4,-48
1756015035.9669447,0,-4,-45
1756015036.0049446,2,3,-47
1756015036.0439446,-9,4,-41
1756015036.0799446,-3,3,-42
1756015036.1169446,-1,-7,-51
1756015036.1559446,-3,-6,-53
1756015036.1939447,-1,-4,-56
1756015036.2299447,-5,-3,-50
1756015036.2679446,-7,-3,-42
1756015036.3069446,0,-7,-55
1756015036.3449447,6,0,-46
1756015036.3809447,4,-2,-48
1756015036.417945,-1,0,-50
1756015036.4559443,-4,5,-49
1756015036.4949446,-2,4,-48
1756015036.5309446,-3,3,-54
1756015036.5679443,-4,5,-51
1756015036.6069446,-4,-2,-47
1756015036.644945,5,0,-42
1756015036.6809447,1,0,-48
1756015036.7179446,-3,5,-52
1756015036.7559447,-3,5,-48
1756015036.7949443,0,0,-47
1756015036.8309443,-6,0,-50
1756015036.8679447,1,-4,-53
1756015036.9069445,-2,4,-49
1756015036.9449446,-1,0,-44
1756015036.9809446,1,0,-48
1756015037.0179446,2,-8,-43
1756015037.0559447,0,-7,-54
1756015037.0949447,3,0,-52
1756015037.1309447,5,5,-50
1756015037.1689446,5,-4,-48
1756015037.2059443,0,-3,-51
1756015037.2449446,-1,0,-50
1756015037.2809446,0,1,-56
1756015037.3179443,1,0,-54
1756015037.3559446,-2,0,-48
1756015037.394945,9,5,-53
1756015037.4309447,3,-2,-49
1756015037.4679446,-3,4,-46
1756015037.5059447,-4,1,-49
1756015037.5449443,0,6,-46
1756015037.5809443,4,3,-49
1756015037.6179447,0,1,-49
1756015037.6559446,4,-1,-54
1756015037.6949446,-4,-4,-56
1756015037.7309446,1,0,-53
1756015037.7679446,2,4,-50
1756015037.8069446,2,4,-47
1756015037.8449447,5,6,-52
1756015037.8809447,2,3,-52
1756015037.917945,1,5,-46
1756015037.9569447,2,0,-43
1756015037.9949446,5,-7,-45
1756015038.0309446,0,0,-57
1756015038.0679443,4,1,-59
1756015038.1069446,-2,0,-45
1756015038.144945,0,-2,-54
1756015038.1809447,-4,-3,-55
1756015038.2189443,1,-6,-48
1756015038.2579446,1,-5,-45
1756015038.2959447,2,-3,-53
1756015038.3319447,3,0,-49
1756015038.3689446,-3,-4,-51
1756015038.4069445,0,0,-59
1756015038.4459443,-3,2,-63
1756015038.4819446,-7,1,-56
1756015038.5189445,-3,0,-31
1756015038.5579443,2,-1,-23
1756015038.5959446,4,0,-48
1756015038.631945,-2,-5,-47
1756015038.6709447,0,0,-50
1756015038.7079446,6,-6,-49
1756015038.746945,12,-1,-46
1756015038.782945,1,0,-50
1756015038.8199446,-11,-3,-46
1756015038.8579447,-5,2,-43
1756015038.8969443,-1,3,-50
1756015038.9329443,-1,0,-61
1756015038.9699447,2,3,-67
1756015039.006945,0,1,-59
1756015039.042945,0,-5,-52
1756015039.0799446,-2,-4,-57
1756015039.1179447,-10,-5,-48
1756015039.1569445,-2,-2,-46
1756015039.1929443,1,3,-54
1756015039.2299447,-5,0,-51
1756015039.2679446,0,-2,-51
1756015039.3069446,-3,-2,-71
1756015039.3429446,-1,0,-64
1756015039.3799446,-7,6,-50
1756015039.417945,-2,0,-56
1756015039.4569447,-2,0,-50
1756015039.4929447,1,2,-46
1756015039.529945,0,-2,-43
1756015039.5679443,6,1,-47
1756015039.6059446,2,3,-50
1756015039.6419446,1,2,-46
1756015039.6789446,-9,-4,-49
1756015039.7179446,-4,-2,-49
1756015039.7629447,-2,3,-59
1756015039.7999446,1,6,-61
1756015039.8379445,0,-1,-59
1756015039.8769443,1,1,-51
1756015039.9129446,0,3,-38
1756015039.9499447,1,-3,-48
1756015039.9879446,-2,0,-47
1756015040.0269446,-1,-5,-39
1756015040.062945,7,-5,-60
1756015040.0999446,5,-1,-53
1756015040.1379447,-6,2,-55
1756015040.1769447,2,5,-57
1756015040.2129445,-2,4,-56
1756015040.2499447,-11,-5,-50
1756015040.2879446,7,-2,-53
1756015040.3269446,4,0,-52
1756015040.3629446,7,3,-54
1756015040.3999443,0,-2,-43
1756015040.4389446,-2,2,-46
1756015040.4769447,0,1,-54
1756015040.5129447,0,2,-46
1756015040.5499446,10,0,-49
1756015040.5879445,0,-6,-47
1756015040.6239443,-4,-3,-46
1756015040.6619446,-1,-5,-47
1756015040.6999447,5,-5,-49
1756015040.7389443,-4,-1,-48
1756015040.7769446,0,-3,-48
1756015040.812945,3,0,-64
1756015040.8509445,7,7,-60
1756015040.8889446,2,0,-58
1756015040.9269447,7,-5,-50
1756015040.9629445,1,-7,-58
1756015040.9999447,2,9,-54
1756015041.0379446,-4,5,-59
1756015041.0739446,-5,1,-58
1756015041.111945,-6,4,-48
1756015041.1499443,-6,-3,-49
1756015041.1889446,-1,0,-55
1756015041.2269447,-7,3,-60
1756015041.2629447,-5,0,-66
1756015041.2999446,-1,0,-53
1756015041.338945,10,0,-54
1756015041.3769443,4,-3,-57
1756015041.4129446,2,-4,-44
1756015041.450945,2,4,-46
1756015041.4889443,5,-4,-53
1756015041.5269446,9,-4,-60
1756015041.5639446,5,-3,-48
1756015041.6009445,1,-3,-56
1756015041.6389446,3,-1,-58
1756015041.677945,5,-9,-49
1756015041.713945,10,2,-40
1756015041.7509446,8,4,-55
1756015041.7889447,4,0,-44
1756015041.8269446,5,1,-43
1756015041.8629446,1,0,-50
1756015041.9009447,1,2,-51
1756015041.9389446,1,1,-57
1756015041.9749446,7,2,-53
1756015042.0119443,4,0,-59
1756015042.0489447,9,2,-54
1756015042.0849447,-4,7,-49
1756015042.121945,-1,5,-54
1756015042.1599443,-3,-3,-60
1756015042.1989446,-1,0,-55
1756015042.2349446,-7,3,-64
1756015042.2729447,1,3,-58
1756015042.3099446,-4,0,-61
1756015042.348945,-2,-4,-54
1756015042.384945,5,-6,-48
1756015042.4229443,5,-3,-54
1756015042.460945,2,0,-56
1756015042.4989443,-10,1,-47
1756015042.5349443,0,-1,-49
1756015042.5729446,6,-3,-58
1756015042.6099446,1,-10,-52
1756015042.6489446,-3,0,-58
1756015042.6849446,-10,-2,-53
1756015042.7229445,0,-3,-53
1756015042.7609446,4,0,-59
1756015042.7989447,0,1,-68
1756015042.8349447,-4,3,-55
1756015042.8729446,-2,-5,-50
1756015042.9099443,3,-3,-51
1756015042.9489446,2,-3,-39
1756015042.9849446,6,-9,-33
1756015043.0229447,5,-2,-44
1756015043.0599446,4,-2,-40
1756015043.098945,0,-4,-46
1756015043.134945,1,-5,-49
1756015043.1729443,0,-3,-46
1756015043.2099447,0,-1,-59
1756015043.2489443,-4,0,-52
1756015043.2849443,-2,9,-52
1756015043.3219447,-2,8,-65
1756015043.3599446,2,0,-61
1756015043.3979447,-1,-5,-48
1756015043.4339447,1,-3,-52
1756015043.4709446,4,0,-47
1756015043.509945,-6,-2,-56
1756015043.5479443,3,-2,-56
1756015043.5839446,2,2,-44
1756015043.6209445,1,-1,-45
1756015043.6599443,4,0,-50
1756015043.6959443,3,-1,-59
1756015043.7329447,2,0,-66
1756015043.769945,-4,2,-45
1756015043.8089447,1,0,-47
1756015043.8449447,-1,-1,-49
1756015043.8829446,2,0,-60
1756015043.9199443,1,-4,-49
1756015043.9589446,0,-3,-49
1756015043.9949446,0,-2,-52
1756015044.032945,3,-2,-60
1756015044.0719447,2,-5,-55
1756015044.1099446,0,0,-52
1756015044.1459446,0,0,-59
1756015044.1829443,2,-11,-40
1756015044.2209446,0,-6,-43
1756015044.259945,0,1,-53
1756015044.2959447,-3,0,-48
1756015044.3339446,2,-2,-55
1756015044.371945,-1,2,-56
1756015044.4109447,-4,0,-55
1756015044.4489446,0,7,-52
1756015044.4849446,4,3,-61
1756015044.5219443,5,2,-57
1756015044.5609446,-1,2,-51
1756015044.598945,6,0,-49
1756015044.634945,-1,0,-53
1756015044.6719446,1,-3,-54
1756015044.710945,0,-3,-59
1756015044.7489443,5,2,-54
1756015044.7849443,0,3,-55
1756015044.8219447,2,0,-52
1756015044.8599446,0,-1,-50
1756015044.8959446,-6,-1,-52
1756015044.9339447,0,10,-59
1756015044.9719446,-2,3,-43
1756015045.0109446,0,-2,-46
1756015045.0489447,1,0,-52
1756015045.0849447,-2,-6,-52
1756015045.1239443,-5,-2,-52
1756015045.1609447,3,1,-55
1756015045.1989446,0,3,-53
1756015045.2349446,-10,-1,-55
1756015045.2739446,0,-8,-51
1756015045.3109446,7,-1,-55
1756015045.3499446,-4,5,-52
1756015045.3859446,0,0,-54
1756015045.4239447,10,4,-51
1756015045.460945,4,-7,-56
1756015045.4999447,5,-1,-54
1756015045.5359447,0,4,-46
1756015045.5739446,0,4,-50
1756015045.6109445,-3,1,-54
1756015045.6499443,7,-1,-55
1756015045.6859446,4,1,-55
1756015045.7229445,2,8,-47
1756015045.7609446,1,-2,-48
1756015045.7999446,1,-3,-57
1756015045.835945,0,2,-60
1756015045.8729446,-1,-3,-57
1756015045.9109447,2,-2,-56
1756015045.9499447,3,-2,-62
1756015045.9859445,4,-5,-57
1756015046.0239446,6,0,-50
1756015046.0619447,-4,-7,-55
1756015046.0999446,2,-3,-53
1756015046.1359446,1,3,-51
1756015046.1739447,0,2,-62
1756015046.2119446,1,-2,-49
1756015046.2499447,-3,-1,-47
1756015046.2859447,0,0,-52
1756015046.3229446,4,-3,-45
1756015046.361945,1,-5,-58
1756015046.3999443,7,-2,-54
1756015046.4359446,4,0,-60
1756015046.4729445,0,-1,-58
1756015046.5119443,1,6,-50
1756015046.5499446,5,-1,-50
1756015046.585945,7,0,-53
1756015046.6229446,-1,-2,-55
1756015046.6619446,-8,-5,-58
1756015046.6999447,-5,3,-58
1756015046.7359445,-7,3,-61
1756015046.7729447,1,-1,-60
1756015046.8119447,4,1,-48
1756015046.8499446,4,1,-62
1756015046.8859446,0,4,-57
1756015046.9229443,2,-1,-44
1756015046.9619446,-2,4,-57
1756015046.9999447,0,-5,-67
1756015047.0359447,1,-3,-63
1756015047.0729446,-2,8,-61
1756015047.111945,4,0,-65
1756015047.1479447,4,1,-52
1756015047.1849446,6,0,-42
1756015047.2229445,8,1,-43
1756015047.2609446,8,-2,-49
1756015047.2969446,0,0,-45
1756015047.3339446,-1,0,-44
1756015047.3729446,7,0,-46
1756015047.4119446,-1,5,-48
1756015047.4479446,-4,-2,-52
1756015047.4859445,1,-4,-55
1756015047.5249443,7,1,-50
1756015047.5619447,0,8,-56
1756015047.5979445,5,2,-58
1756015047.634945,-3,-2,-63
1756015047.6729443,4,1,-52
1756015047.710945,0,1,-53
1756015047.746945,3,-6,-54
1756015047.7849443,1,-3,-51
1756015047.8229446,-3,-1,-50
1756015047.861945,-1,-3,-55
1756015047.8989446,-4,2,-50
1756015047.9359446,-1,1,-55
1756015047.9749446,-7,0,-57
1756015048.0129447,3,1,-57
1756015048.0509446,0,2,-43
1756015048.0869446,-1,0,-53
1756015048.1249447,-5,-2,-57
1756015048.1629446,-3,-3,-51
1756015048.200945,-5,-1,-53
1756015048.236945,-1,-3,-45
1756015048.2749443,-1,0,-57
1756015048.312945,3,0,-60
1756015048.3519447,2,4,-55
1756015048.3879447,0,0,-55
1756015048.4249446,4,-1,-43
1756015048.4629445,0,0,-56
1756015048.5009446,-1,2,-54
1756015048.5369446,-2,-1,-44
1756015048.5749447,0,-4,-49
1756015048.6129446,-3,0,-55
1756015048.6519446,-2,6,-52
1756015048.687945,2,4,-45
1756015048.7249446,0,-2,-47
1756015048.7629447,0,-4,-55
1756015048.8019447,-2,0,-54
1756015048.8379445,-1,0,-53
1756015048.8749447,-1,-4,-55
1756015048.9129446,1,6,-59
1756015048.9489446,5,2,-50
1756015048.986945,1,-2,-54
1756015049.0249443,1,-2,-44
1756015049.062945,0,-4,-40
1756015049.1019447,0,1,-41
1756015049.1379447,4,2,-42
1756015049.1749446,0,-1,-57
1756015049.2129445,0,-5,-57
1756015049.2519443,-1,-2,-54
1756015049.2879446,-6,7,-55
1756015049.3249447,-6,4,-49
1756015049.3629446,-5,0,-56
1756015049.4019446,-7,1,-66
1756015049.437945,0,1,-63
1756015049.4749446,-6,-3,-56
1756015049.5139446,-8,-1,-52
1756015049.5519447,-2,-3,-38
1756015049.5879445,-2,0,-42
1756015049.6259446,5,-3,-49
1756015049.6639447,4,-4,-47
1756015049.7029445,2,6,-57
1756015049.7389443,-2,0,-49
1756015049.7849443,0,-4,-46
1756015049.8229446,1,3,-57
1756015049.858945,2,3,-57
1756015049.8959446,0,-4,-54
1756015049.9339447,0,-4,-50
1756015049.9729445,2,-2,-41
1756015050.0089445,1,-3,-49
1756015050.0459447,-1,0,-50
1756015050.0839446,5,-4,-37
1756015050.1229446,6,-3,-35
1756015050.1589446,7,2,-37
1756015050.1959443,4,0,-42
1756015050.233945,-5,-1,-59
1756015050.2719443,0,8,-64
1756015050.3079443,0,1,-65
1756015050.3459446,2,2,-57
1756015050.3839445,-1,-2,-64
1756015050.4199443,-3,3,-63
1756015050.4579446,-4,1,-54
1756015050.4949446,-3,3,-43
1756015050.5339446,-3,2,-58
1756015050.5699446,0,5,-55
1756015050.6069446,-1,0,-51
1756015050.6459446,0,-2,-52
1756015050.6839447,-9,-1,-52
1756015050.7199447,-7,-5,-61
1756015050.7579446,-1,-5,-53
1756015050.7959447,0,0,-49
1756015050.8339446,-7,0,-50
1756015050.8699446,-7,0,-55
1756015050.9069445,-1,-3,-52
1756015050.9449446,0,-8,-61
1756015050.983945,0,-9,-62
1756015051.019945,3,-12,-54
1756015051.0579443,-4,-3,-62
1756015051.0949447,2,-2,-59
1756015051.1339445,1,-5,-61
1756015051.1699443,0,0,-52
1756015051.2079446,-3,-1,-47
1756015051.2449446,0,-6,-42
1756015051.2839446,2,-3,-59
1756015051.3199446,0,4,-50
1756015051.3569446,-4,1,-61
1756015051.394945,3,1,-57
1756015051.4329443,0,4,-54
1756015051.4689443,-4,4,-57
1756015051.506945,-4,0,-63
1756015051.5449443,-1,-3,-54
1756015051.5839446,4,0,-53
1756015051.6199446,3,7,-53
1756015051.6569445,1,-2,-58
1756015051.6949446,-1,-4,-48
1756015051.733945,-2,0,-46
1756015051.769945,-4,1,-52
1756015051.8079443,-3,-3,-50
1756015051.8459446,-7,-1,-53
1756015051.884945,-2,0,-54
1756015051.9229443,4,0,-57
1756015051.9589446,5,-2,-51
1756015051.996945,11,-1,-51
1756015052.0349443,4,3,-54
1756015052.0709443,0,-1,-48
1756015052.1079447,1,1,-45
1756015052.144945,-9,8,-55
1756015052.1839447,2,-4,-42
1756015052.2199447,1,1,-52
1756015052.256945,3,0,-56
1756015052.2949443,3,-4,-55
1756015052.3339446,1,-1,-46
1756015052.3699446,-4,-1,-40
1756015052.407945,-2,4,-46
1756015052.4469447,-1,0,-50
1756015052.4849446,-1,-6,-63
1756015052.5209446,-7,-6,-58
1756015052.5599446,-4,0,-65
1756015052.5969446,0,3,-61
1756015052.634945,0,1,-53
1756015052.6709447,0,2,-57
1756015052.7079446,-2,0,-53
1756015052.7459445,-2,4,-42
1756015052.7849443,-5,1,-48
1756015052.8209443,-3,-1,-55
1756015052.8599446,0,-3,-58
1756015052.8969443,4,0,-47
1756015052.9349446,7,7,-48
1756015052.9709446,6,4,-52
1756015053.0079446,1,-4,-50
1756015053.0469446,6,-4,-44
1756015053.0849447,1,-6,-50
1756015053.1209445,3,-5,-53
1756015053.157945,-2,-2,-46
1756015053.1969447,2,0,-48
1756015053.2349446,-3,6,-52
1756015053.2709446,8,1,-45
1756015053.3079443,5,-3,-62
1756015053.3459446,0,-8,-45
1756015053.384945,0,-5,-46
1756015053.4209447,1,0,-58
1756015053.4579446,2,0,-49
1756015053.4959445,-7,0,-53
1756015053.5339446,-4,4,-65
1756015053.5699446,-4,10,-67
1756015053.6069446,-6,2,-47
1756015053.6459446,-4,-3,-46
1756015053.6819446,0,7,-52
1756015053.7199447,4,0,-60
1756015053.756945,-4,0,-57
1756015053.7959447,-4,-3,-59
1756015053.8319447,1,4,-63
1756015053.8699446,-2,0,-57
1756015053.907945,1,-1,-45
1756015053.9469447,0,-3,-53
1756015053.9849446,2,2,-61
1756015054.0209446,3,-2,-61
1756015054.0589447,4,-1,-52
1756015054.0969446,-3,1,-53
1756015054.1359446,-3,-2,-51
1756015054.1719446,-8,-5,-55
1756015054.2099447,-1,-10,-58
1756015054.2479446,3,-8,-47
1756015054.2859447,-3,2,-52
1756015054.3249447,6,3,-48
1756015054.3609445,-1,-2,-43
1756015054.3989446,3,2,-54
1756015054.4369447,5,-1,-49
1756015054.4759445,5,-6,-50
1756015054.5119443,-6,0,-56
1756015054.5499446,-13,-1,-59
1756015054.5879445,-11,6,-57
1756015054.6269443,-4,3,-44
1756015054.6649446,3,3,-53
1756015054.700945,0,-2,-50
1756015054.7379446,2,1,-43
1756015054.7759447,1,0,-47
1756015054.8119447,-8,7,-44
1756015054.848945,0,-1,-59
1756015054.8869443,-2,-4,-52
1756015054.9259446,-1,-1,-51
1756015054.9619446,-1,0,-55
1756015054.9999447,3,3,-60
1756015055.0369446,-6,0,-54
1756015055.075945,0,-5,-55
1756015055.111945,3,-4,-51
1756015055.1499443,-1,0,-50
1756015055.187945,3,2,-51
1756015055.2259445,1,0,-57
1756015055.2619443,4,-1,-68
1756015055.2999446,4,7,-56
1756015055.3379445,3,3,-49
1756015055.3759446,4,5,-53
1756015055.4119446,-1,0,-46
1756015055.4499447,4,-5,-56
1756015055.4879446,0,6,-55
1756015055.5259447,-5,3,-56
1756015055.5619447,-1,-3,-56
1756015055.5999446,1,-7,-59
1756015055.6379447,-4,-2,-45
1756015055.6769447,1,0,-48
1756015055.7129445,0,5,-50
1756015055.7499447,-4,0,-59
1756015055.7879446,-7,0,-68
1756015055.8269446,-6,-7,-67
1756015055.8629446,1,-6,-67
1756015055.8999443,0,-3,-63
1756015055.937945,-1,-5,-56
1756015055.9769447,4,-3,-47
1756015056.0129447,-1,-6,-53
1756015056.0509446,-4,6,-45
1756015056.088945,3,1,-50
1756015056.1269443,0,0,-49
1756015056.1629446,0,1,-39
1756015056.1999447,1,1,-53
1756015056.2379446,-5,1,-46
1756015056.2759447,-2,-6,-49
1756015056.3119447,2,1,-61
1756015056.348945,-3,-1,-46
1756015056.3879447,-2,2,-63
1756015056.4259446,0,-5,-61
1756015056.4619446,-2,-5,-48
1756015056.4999447,-4,-2,-53
1756015056.5379446,6,-2,-53
1756015056.5769446,1,-4,-57
1756015056.6129446,2,-5,-59
1756015056.6499443,2,-5,-44
1756015056.6889446,0,-2,-43
1756015056.7269447,-1,-10,-51
1756015056.7629447,2,-9,-56
1756015056.7999446,2,-2,-54
1756015056.8379445,3,-2,-52
1756015056.8769443,2,0,-46
1756015056.9129446,-10,1,-52
1756015056.9499447,-3,3,-55
1756015056.9879446,1,1,-50
1756015057.0269446,-4,0,-49
1756015057.062945,-6,-3,-51
1756015057.1019447,3,-1,-54
1756015057.1389446,-5,-2,-50
1756015057.177945,3,-2,-62
1756015057.213945,2,0,-60
1756015057.2509446,0,-8,-51
1756015057.2889447,-1,-5,-35
1756015057.3279445,4,-3,-45
1756015057.3639443,0,-7,-36
1756015057.4019446,-1,-12,-38
1756015057.4389446,-1,-5,-47
1756015057.4779446,-6,-7,-54
1756015057.5139446,-4,-9,-56
1756015057.5519447,-5,-2,-58
1756015057.5899446,0,-4,-56
1756015057.6289446,-3,2,-50
1756015057.6669445,5,5,-55
1756015057.7029445,10,-1,-53
1756015057.7399447,-4,0,-48
1756015057.7789447,0,-1,-59
1756015057.8169446,10,-4,-53
1756015057.8529446,5,1,-65
1756015057.8899446,0,0,-50
1756015057.927945,0,-8,-58
1756015057.963945,-3,-2,-48
1756015058.0019443,4,0,-45
1756015058.0389447,9,-5,-53
1756015058.0779445,11,-4,-55
1756015058.1139443,3,0,-54
1756015058.1509447,7,-2,-58
1756015058.1889446,3,0,-52
1756015058.2269447,1,-4,-53
1756015058.2629447,-8,-9,-62
1756015058.3009446,-3,1,-48
1756015058.338945,0,-4,-47
1756015058.3779447,-4,-8,-54
1756015058.4139447,3,-4,-55
1756015058.450945,3,-3,-55
1756015058.4889443,10,-3,-60
1756015058.5279446,6,1,-59
1756015058.5639446,2,3,-69
1756015058.6009445,5,0,-64
1756015058.6389446,-1,3,-53
1756015058.6749446,0,3,-55
1756015058.7129445,3,-1,-55
1756015058.7509446,10,-1,-48
1756015058.7889447,3,-5,-43
1756015058.8279445,0,0,-43
1756015058.8639443,0,-3,-49
1756015058.9019446,10,-4,-47
1756015058.9389446,6,-8,-54
1756015058.9779446,4,-4,-56
1756015059.0139446,0,-1,-57
1756015059.0509446,4,-1,-56
1756015059.088945,2,-3,-60
1756015059.1279447,0,-7,-56
1756015059.1639447,13,-1,-56
1756015059.2019446,6,4,-50
1756015059.2389443,0,6,-50
1756015059.2749443,-8,-1,-50
1756015059.312945,2,-3,-50
1756015059.3509445,-7,4,-58
1756015059.3899446,-3,3,-65
1756015059.427945,3,2,-56
1756015059.463945,-1,-7,-53
1756015059.5019443,-5,-8,-59
1756015059.5399446,-6,2,-55
1756015059.5789447,-3,1,-50
1756015059.6149447,4,-4,-49
1756015059.6519446,7,-2,-57
1756015059.6899445,-1,1,-43
1756015059.7289443,4,0,-45
1756015059.7649446,-1,-4,-44
1756015059.8109446,-4,0,-49
1756015059.848945,9,0,-50
1756015059.884945,2,-2,-51
1756015059.9229443,5,0,-41
1756015059.9599447,3,0,-42
1756015059.9979446,-5,-4,-57
1756015060.0339446,-3,-4,-52
1756015060.0729446,0,-4,-61
1756015060.1099446,-1,2,-53
1756015060.1489446,0,1,-58
1756015060.1849446,3,5,-58
1756015060.2229445,2,2,-46
1756015060.259945,0,4,-41
1756015060.2959447,3,2,-53
1756015060.3329446,0,2,-47
1756015060.3709445,-3,-2,-48
1756015060.4099443,1,-7,-50
1756015060.4459443,0,-5,-59
1756015060.4829447,1,-4,-61
1756015060.5209446,3,-5,-50
1756015060.5599446,-2,-6,-50
1756015060.5959446,-4,-3,-53
1756015060.6339445,-3,0,-64
1756015060.6719446,-5,-3,-63
1756015060.7099447,1,-1,-50
1756015060.7489443,-5,0,-51
1756015060.7849443,-8,-2,-54
1756015060.8229446,1,-11,-58
1756015060.8609445,0,-8,-55
1756015060.8999443,1,1,-54
1756015060.9359446,0,6,-51
1756015060.9729445,2,0,-50
1756015061.0109446,3,0,-49
1756015061.0489447,3,-5,-47
1756015061.085945,-3,0,-60
1756015061.1229446,6,0,-54
1756015061.1609447,9,4,-49
1756015061.1989446,-6,0,-51
1756015061.2359445,-6,2,-53
1756015061.2729447,-8,9,-47
1756015061.3109446,0,2,-59
1756015061.3499446,2,1,-62
1756015061.3859446,-3,-1,-53
1756015061.4239447,-10,-4,-41
1756015061.4619446,-8,-4,-42
1756015061.5009446,-11,-4,-58
1756015061.5389447,-5,3,-58
1756015061.5749447,-3,5,-51
1756015061.611945,-1,3,-53
1756015061.6509447,6,-2,-56
1756015061.6889446,9,0,-44
1756015061.7249446,-2,3,-45
1756015061.7619443,4,-3,-51
1756015061.8009446,5,-3,-46
1756015061.838945,4,0,-48
1756015061.8749447,-4,-2,-54
1756015061.9139447,-8,4,-52
1756015061.950945,-2,-5,-46
1756015061.9899447,1,-5,-51
1756015062.0259447,9,-5,-60
1756015062.0649445,-4,-1,-54
1756015062.1029446,-2,0,-58
1756015062.1409447,0,-4,-56
1756015062.1769447,5,-6,-45
1756015062.2149446,8,-7,-54
1756015062.2519443,12,-4,-50
1756015062.2909446,-3,-5,-48
1756015062.3269446,-2,-9,-53
1756015062.3649447,-3,-2,-67
1756015062.4029446,0,-3,-52
1756015062.440945,-10,2,-49
1756015062.4799447,-5,0,-53
1756015062.5159447,2,-1,-59
1756015062.552945,1,-6,-57
1756015062.5909443,0,-3,-51
1756015062.6299446,0,-10,-49
1756015062.6659446,2,-6,-42
1756015062.7029445,0,0,-48
1756015062.7409446,-7,-2,-55
1756015062.7769446,5,8,-40
1756015062.8139446,0,2,-55
1756015062.8529446,1,-6,-45
1756015062.8909447,5,2,-55
1756015062.9269447,0,-3,-71
1756015062.963945,4,-8,-58
1756015063.0029447,0,-5,-63
1756015063.0409446,9,-3,-50
1756015063.0769446,7,-8,-48
1756015063.1139443,-5,-4,-43
1756015063.1519446,-1,-3,-44
1756015063.190945,-1,-5,-49
1756015063.2269447,4,2,-56
1756015063.2639446,0,-1,-61
1756015063.3019447,-4,1,-54
1756015063.3409443,-4,-3,-55
1756015063.3769443,-1,4,-44
1756015063.4139447,-3,3,-64
1756015063.4529445,-1,5,-63
1756015063.4909446,0,4,-54
1756015063.5269446,-2,0,-49
1756015063.5649445,4,-3,-52
1756015063.6029446,2,-5,-52
1756015063.6419446,5,-8,-52
1756015063.677945,3,-3,-47
1756015063.7149446,-4,1,-42
1756015063.7529447,-4,-1,-48
1756015063.7919445,3,0,-56
1756015063.8279445,2,4,-45
1756015063.8649447,3,0,-54
1756015063.9029446,-4,3,-52
1756015063.9419446,-4,-4,-42
1756015063.9779446,-3,-3,-43
1756015064.0159447,0,-1,-34
1756015064.0539446,-7,0,-48
1756015064.0919447,0,-2,-45
1756015064.1309447,0,-5,-51
1756015064.1669445,1,-2,-47
1756015064.2049446,-6,-1,-46
1756015064.2429447,-2,-4,-58
1756015064.2819445,0,-14,-56
1756015064.3179443,4,-9,-44
1756015064.3559446,8,-10,-50
1756015064.3929446,8,4,-54
1756015064.4309447,-1,5,-55
1756015064.4669447,0,0,-48
1756015064.5049446,0,-4,-45
1756015064.542945,3,-1,-51
1756015064.5819447,3,0,-48
1756015064.6179447,-1,0,-41
1756015064.654945,1,0,-51
1756015064.6929443,-1,0,-42
1756015064.7319446,-8,0,-50
1756015064.7679446,0,-3,-50
1756015064.8049445,-2,1,-57
1756015064.8429446,0,0,-52
1756015064.8809447,-4,4,-57
1756015064.9169445,-1,1,-59
1756015064.9549446,1,-1,-61
1756015064.9929447,-1,7,-51
1756015065.0319445,-1,-1,-53
1756015065.0679443,-2,0,-45
1756015065.1059446,0,-1,-47
1756015065.1439445,3,0,-48
1756015065.1829443,5,-6,-50
1756015065.2209446,0,-9,-55
1756015065.256945,1,0,-56
1756015065.2949443,3,7,-50
1756015065.3329446,4,-1,-51
1756015065.3689446,0,0,-50
1756015065.4059446,3,-3,-51
1756015065.4449446,-3,0,-57
1756015065.4829447,0,-2,-61
1756015065.5189445,-8,-4,-59
1756015065.5569446,-3,0,-60
1756015065.5949447,0,3,-54
1756015065.6329446,0,-3,-50
1756015065.6699443,2,-3,-58
1756015065.7069447,3,-2,-45
1756015065.7449446,-1,5,-46
1756015065.782945,-2,-2,-60
1756015065.8219447,-2,-2,-56
1756015065.8579447,-4,-1,-53
1756015065.8959446,-3,-7,-41
1756015065.9339447,-7,-4,-57
1756015065.9729445,-1,-2,-47
1756015066.0089445,-1,1,-56
1756015066.0469446,-4,3,-48
1756015066.0849447,-5,1,-51
1756015066.1239443,-6,-1,-52
1756015066.1619446,0,-6,-49
1756015066.1979446,0,-8,-51
1756015066.2359445,7,-3,-64
1756015066.2739446,3,0,-65
1756015066.3119447,-2,0,-59
1756015066.3479445,7,5,-42
1756015066.384945,5,1,-50
1756015066.4239447,4,-4,-54
1756015066.4619446,-1,-3,-57
1756015066.4979446,0,0,-65
1756015066.5349443,-5,0,-51
1756015066.5739446,-6,-7,-56
1756015066.611945,-2,-3,-56
1756015066.6479447,2,-1,-60
1756015066.6849446,-5,-1,-50
1756015066.723945,-1,1,-63
1756015066.7619443,1,1,-51
1756015066.7979443,1,-3,-49
1756015066.835945,2,-2,-54
1756015066.8739443,-2,-2,-57
1756015066.9099443,6,-1,-55
1756015066.9489446,1,-2,-56
1756015066.9859445,-1,5,-55
1756015067.0239446,7,1,-54
1756015067.0599446,4,-4,-52
1756015067.0969446,4,-4,-58
1756015067.134945,-1,-9,-52
1756015067.1739447,-2,-3,-53
1756015067.2099447,-1,-2,-53
1756015067.2479446,-1,-4,-59
1756015067.2859447,6,-1,-49
1756015067.3239446,6,1,-54
1756015067.3599446,4,-3,-65
1756015067.3969443,-8,0,-49
1756015067.4349446,-9,1,-43
1756015067.473945,-6,7,-58
1756015067.509945,1,0,-62
1756015067.5469446,-9,5,-58
1756015067.585945,-2,0,-57
1756015067.6239443,-6,0,-47
1756015067.6599443,0,0,-42
1756015067.6969447,-1,1,-43
1756015067.7349446,-1,-4,-51
1756015067.7739446,0,1,-50
1756015067.8099446,1,3,-49
1756015067.8469446,1,8,-63
1756015067.884945,2,-2,-58
1756015067.9229443,-3,-3,-52
1756015067.9589446,1,5,-45
1756015067.996945,4,3,-55
1756015068.0349443,3,7,-60
1756015068.0729446,-5,3,-49
1756015068.108945,-3,-9,-58
1756015068.1469443,-2,-3,-56
1756015068.1859446,-3,-5,-58
1756015068.223945,-1,-8,-50
1756015068.259945,5,-5,-55
1756015068.2989447,1,-1,-58
1756015068.335945,3,-3,-50
1756015068.3749447,0,5,-53
1756015068.4129446,-3,-4,-60
1756015068.4489446,-6,-1,-62
1756015068.486945,-1,1,-59
1756015068.5249443,0,-1,-45
1756015068.5639446,0,3,-57
1756015068.5999446,-6,-2,-48
1756015068.6379447,-3,0,-59
1756015068.6759446,-7,-5,-64
1756015068.7149446,-8,-8,-53
1756015068.7509446,-6,-6,-53
1756015068.7899446,-9,0,-49
1756015068.8269446,0,4,-58
1756015068.8649447,0,0,-57
1756015068.9009447,2,2,-57
1756015068.9389446,1,3,-38
1756015068.9769447,0,-2,-57
1756015069.0149446,-5,-2,-45
1756015069.0539446,-4,-5,-54
1756015069.0899446,-8,0,-46
1756015069.1269443,0,-3,-42
1756015069.1649446,2,4,-54
1756015069.2039447,-4,4,-39
1756015069.2399447,-4,5,-48
1756015069.2769446,4,-5,-51
1756015069.315945,7,-5,-46
1756015069.3539443,9,-2,-49
1756015069.3899446,1,-7,-40
1756015069.427945,2,0,-38
1756015069.4659443,1,0,-51
1756015069.5039446,-7,0,-44
1756015069.5399446,3,5,-51
1756015069.5769446,2,6,-56
1756015069.6149447,-1,-4,-48
1756015069.6509447,0,-1,-41
1756015069.6899445,6,0,-53
1756015069.7269447,2,3,-46
1756015069.7649446,3,0,-53
1756015069.8009446,-1,-4,-48
1756015069.8469446,0,-5,-44
1756015069.884945,-6,-1,-59
1756015069.9209447,3,0,-44
1756015069.9579446,7,-6,-42
1756015069.9959445,5,-1,-49
1756015070.0349443,-1,-2,-59
1756015070.0709443,0,0,-55
1756015070.1079447,0,2,-55
1756015070.1459446,-2,0,-39
1756015070.1849446,1,8,-56
1756015070.2209446,9,1,-55
1756015070.2579446,0,6,-54
1756015070.2959447,-3,-2,-59
1756015070.3319447,-2,1,-57
1756015070.3699446,0,7,-43
1756015070.4069445,2,-1,-52
1756015070.4449446,0,-2,-49
1756015070.4809446,-2,-5,-52
1756015070.5189445,0,0,-51
1756015070.5559447,3,1,-67
1756015070.5949447,-1,-4,-54
1756015070.6309447,-7,-1,-47
1756015070.6689446,-3,2,-48
1756015070.7069447,-1,-2,-51
1756015070.7459445,-13,4,-49
1756015070.7819445,-5,0,-64
1756015070.8199446,-3,-7,-58
1756015070.8569446,8,3,-54
1756015070.894945,-1,-3,-67
1756015070.9309447,0,-1,-46
1756015070.9679446,3,-1,-51
1756015071.006945,1,0,-56
1756015071.0449443,-5,-1,-52
1756015071.0809443,-11,0,-57
1756015071.1179447,-6,-3,-53
1756015071.1569445,-3,1,-62
1756015071.1949446,-4,-6,-48
1756015071.2309446,-3,0,-50
1756015071.269945,-6,4,-52
1756015071.3069446,0,3,-35
1756015071.3449447,4,-1,-42
1756015071.3809447,-3,1,-46
1756015071.417945,-3,6,-48
1756015071.4569447,0,2,-57
1756015071.4949446,0,-2,-58
1756015071.5309446,-3,3,-49
1756015071.5679443,-5,-5,-55
1756015071.6069446,0,-1,-50
1756015071.644945,3,2,-45
1756015071.6809447,2,4,-58
1756015071.7179446,-1,0,-63
1756015071.756945,0,1,-55
1756015071.7949443,0,2,-50
1756015071.8309443,-4,1,-52
1756015071.8679447,-1,-3,-46
1756015071.9069445,0,-4,-53
1756015071.9429443,0,-4,-44
1756015071.9799447,0,-3,-47
1756015072.0179446,-4,-6,-44
1756015072.0569446,-3,-1,-47
1756015072.0929446,1,-3,-42
1756015072.1309447,0,-5,-49
1756015072.1699443,-6,0,-59
1756015072.2069447,-2,0,-54
1756015072.2459445,-6,-2,-52
1756015072.2819445,-5,-5,-52
1756015072.3199446,2,-2,-61
1756015072.3579447,-1,0,-56
1756015072.3969443,1,8,-44
1756015072.4329443,0,0,-62
1756015072.4699447,-3,-2,-56
1756015072.5079446,-10,-9,-55
1756015072.5469446,-4,-6,-48
1756015072.5829446,-11,-5,-57
1756015072.6209445,-4,-3,-53
1756015072.6589446,-7,-3,-54
1756015072.6979446,0,2,-53
1756015072.7359445,7,1,-50
1756015072.7719443,-2,0,-47
1756015072.8089447,-2,-1,-49
1756015072.8479445,-1,0,-54
1756015072.8859446,0,0,-58
1756015072.9219446,-7,-2,-43
1756015072.9599447,-3,0,-48
1756015072.9979446,-1,1,-52
1756015073.0369446,0,-2,-53
1756015073.0729446,3,1,-49
1756015073.1099446,7,0,-50
1756015073.1479447,8,-5,-58
1756015073.1859446,-4,-4,-52
1756015073.2219446,0,-10,-47
1756015073.2589445,-4,-3,-50
1756015073.2979443,1,0,-49
1756015073.335945,7,0,-51
1756015073.371945,4,1,-47
1756015073.4089446,-1,2,-45
1756015073.4479446,-4,-1,-44
1756015073.486945,-5,1,-42
1756015073.5229447,-2,-2,-44
1756015073.5619447,4,3,-48
1756015073.598945,6,0,-55
1756015073.6369443,0,9,-51
1756015073.6729443,0,7,-42
1756015073.7099447,4,-2,-41
1756015073.7479446,-1,-3,-61
1756015073.7869446,-1,-3,-63
1756015073.8229446,-7,-7,-56
1756015073.861945,-1,1,-51
1756015073.8989446,0,1,-52
1756015073.9369447,1,-7,-51
1756015073.9729445,-4,1,-54
1756015074.009945,0,3,-53
1756015074.0479443,0,-2,-58
1756015074.0839446,1,-13,-56
1756015074.1229446,1,-7,-67
1756015074.1599443,5,-4,-46
1756015074.1989446,10,8,-53
1756015074.236945,0,0,-55
1756015074.2729447,0,-2,-52
1756015074.3099446,0,6,-41
1756015074.3479445,-5,-2,-55
1756015074.3839445,-6,1,-54
1756015074.4229443,0,-4,-54
1756015074.4599447,6,-4,-61
1756015074.4989443,-4,-9,-61
1756015074.5369446,-2,-1,-49
1756015074.5729446,-9,0,-46
1756015074.6099446,-17,6,-47
1756015074.6489446,2,4,-51
1756015074.6869447,4,-2,-48
1756015074.7229445,2,-3,-51
1756015074.759945,1,-12,-56
1756015074.7989447,-2,-5,-54
1756015074.8369446,4,-4,-57
1756015074.8729446,-2,-1,-49
1756015074.9109447,3,-9,-44
1756015074.9489446,-3,2,-41
1756015074.9879446,-2,4,-51
1756015075.0239446,-2,5,-42
1756015075.0609446,3,3,-37
1756015075.098945,-1,2,-52
1756015075.1379447,-4,0,-52
1756015075.1739447,-5,-6,-55
1756015075.2119446,-3,0,-50
1756015075.2499447,2,5,-43
1756015075.2889447,2,0,-46
1756015075.3249447,-5,1,-50
1756015075.361945,-4,3,-50
1756015075.3999443,-4,2,-56
1756015075.4389446,-4,4,-60
1756015075.4749446,1,8,-59
1756015075.5119443,4,4,-48
1756015075.5489447,2,0,-53
1756015075.5849447,-3,-2,-54
1756015075.6229446,-8,4,-54
1756015075.6609447,-3,2,-54
1756015075.6989446,5,-2,-52
1756015075.7379446,3,-5,-52
1756015075.7739446,-7,-5,-49
1756015075.8119447,2,-2,-55
1756015075.8509445,0,-1,-58
1756015075.8889446,-2,-1,-47
1756015075.9249446,2,2,-44
1756015075.9619446,-1,0,-50
1756015075.9999447,-6,0,-46
1756015076.0389447,-5,3,-46
1756015076.0749447,-1,-2,-51
1756015076.1129446,-1,-4,-58
1756015076.1519446,-3,0,-48
1756015076.1899445,0,-4,-53
1756015076.2279446,-6,2,-58
1756015076.2639446,-7,2,-59
1756015076.3019447,-2,-2,-56
1756015076.3399446,-1,-8,-63
1756015076.3779447,0,-2,-59
1756015076.4139447,-2,-4,-52
1756015076.4519446,-3,-5,-46
1756015076.4899447,-1,-3,-55
1756015076.5289447,-3,-7,-53
1756015076.5649445,-2,-5,-47
1756015076.6029446,-3,0,-44
1756015076.6409447,-1,-5,-58
1756015076.6799445,-3,-5,-45
1756015076.7179446,0,0,-46
1756015076.7539446,-1,-7,-57
1756015076.7919445,-3,-3,-46
1756015076.8299446,-6,2,-50
1756015076.8689446,-3,-6,-56
1756015076.904945,10,0,-50
1756015076.9419446,-4,-1,-35
1756015076.9799447,-1,-1,-47
1756015077.0189445,-6,0,-60
1756015077.0549445,-6,2,-61
1756015077.0929446,-1,3,-52
1756015077.1299446,0,-4,-56
1756015077.1689446,2,-3,-57
1756015077.2049446,-8,0,-53
1756015077.2419446,-3,1,-52
1756015077.2809446,-10,-2,-52
1756015077.3189447,-2,2,-51
1756015077.3549447,-3,3,-45
1756015077.3919446,7,0,-47
1756015077.4309447,0,1,-58
1756015077.4689443,-2,-1,-58
1756015077.5049446,1,2,-55
1756015077.5419445,2,0,-60
1756015077.5809443,4,-1,-59
1756015077.6189446,5,-1,-57
1756015077.654945,6,-3,-61
1756015077.6919446,3,-4,-60
1756015077.7309446,5,0,-53
1756015077.7689445,0,-2,-57
1756015077.8049445,4,2,-49
1756015077.8419447,4,10,-61
1756015077.8809447,6,-3,-52
1756015077.9189446,0,-3,-58
1756015077.9549446,-2,-4,-47
1756015077.9939446,-2,-2,-48
1756015078.0309446,-2,-6,-47
1756015078.0699446,8,6,-58
1756015078.1059446,1,0,-59
1756015078.1439445,0,1,-60
1756015078.1809447,-2,1,-66
1756015078.2199447,2,3,-52
1756015078.2559447,1,2,-58
1756015078.2939446,5,1,-57
1756015078.3309443,3,-2,-52
1756015078.3699446,-3,-2,-47
1756015078.4059446,-2,-6,-56
1756015078.4439447,-1,0,-58
1756015078.4819446,-1,-6,-57
1756015078.5209446,-6,2,-66
1756015078.5569446,-3,0,-51
1756015078.5939443,2,3,-51
1756015078.6309447,0,-1,-47
1756015078.6699443,8,0,-58
1756015078.7059443,5,2,-58
1756015078.7429447,4,0,-52
1756015078.7809446,-1,0,-51
1756015078.8199446,-4,0,-45
1756015078.8559446,-2,-4,-45
1756015078.8939445,1,2,-58
1756015078.9319446,4,1,-52
1756015078.9709446,-2,0,-41
1756015079.006945,0,-2,-41
1756015079.0439446,-2,5,-56
1756015079.0819447,7,2,-53
1756015079.1209445,0,-1,-55
1756015079.1569445,0,0,-48
1756015079.1939447,-4,-5,-42
1756015079.2319446,-8,-8,-47
1756015079.2709446,0,1,-54
1756015079.3069446,2,2,-62
1756015079.3449447,-2,4,-52
1756015079.3829446,0,-4,-44
1756015079.4219446,-3,-3,-45
1756015079.4599447,-3,-3,-52
1756015079.4959445,6,-3,-45
1756015079.5339446,5,-9,-54
1756015079.5719447,3,-1,-52
1756015079.6099446,4,-2,-43
1756015079.6459446,2,-1,-46
1756015079.6829443,-2,0,-47
1756015079.7219446,0,-3,-47
1756015079.759945,10,0,-53
1756015079.7959447,3,-1,-56
1756015079.8339446,-1,-10,-55
1756015079.8769443,3,-12,-60
1756015079.9159446,3,1,-58
1756015079.9529445,-3,-2,-50
1756015079.9919446,-6,-3,-56
1756015080.029945,-2,-1,-54
1756015080.065945,0,-1,-52
1756015080.1039443,4,0,-46
1756015080.1419446,1,0,-45
1756015080.1799445,-1,1,-53
1756015080.2169447,-3,-2,-57
1756015080.2539446,-2,-5,-35
1756015080.2919445,4,0,-44
1756015080.3309443,0,-8,-49
1756015080.3669446,-1,-2,-44
1756015080.404945,1,2,-45
1756015080.4429443,8,8,-54
1756015080.4819446,-2,1,-50
1756015080.5179446,-8,3,-54
1756015080.5559447,-7,-1,-53
1756015080.5939443,-1,0,-52
1756015080.631945,1,0,-49
1756015080.6709447,4,0,-47
1756015080.7069447,9,3,-53
1756015080.7439446,-10,8,-58
1756015080.7819445,0,-4,-58
1756015080.8209443,-1,-3,-45
1756015080.8569446,2,-2,-45
1756015080.8959446,-4,5,-58
1756015080.9329443,3,2,-61
1756015080.9719446,-1,9,-58
1756015081.0079446,11,3,-50
1756015081.0449443,5,2,-55
1756015081.0829446,-3,-6,-60
1756015081.121945,2,-7,-55
1756015081.157945,5,-5,-61
1756015081.1959443,2,-5,-48
1756015081.233945,-2,-3,-58
1756015081.2729447,4,0,-46
1756015081.3109446,0,5,-50
1756015081.3469446,-5,0,-57
1756015081.384945,0,2,-58
1756015081.4229443,-1,0,-50
1756015081.460945,-2,-2,-53
1756015081.496945,-1,2,-43
1756015081.5339446,-1,1,-50
1756015081.5729446,-4,-3,-43
1756015081.6109445,-9,-1,-49
1756015081.6469443,-7,4,-50
1756015081.6849446,1,-4,-52
1756015081.7229445,-5,-3,-52
1756015081.7619443,1,-1,-52
1756015081.7979443,2,-7,-46
1756015081.8349447,1,-2,-40
1756015081.8729446,5,6,-45
1756015081.9089446,2,2,-49
1756015081.9459443,0,0,-54
1756015081.9829447,2,9,-52
1756015082.0219443,0,-3,-52
1756015082.0579443,2,-2,-63
1756015082.0949447,-4,0,-58
1756015082.1329446,-4,1,-60
1756015082.1719446,3,-6,-48
1756015082.2079446,0,0,-53
1756015082.2449446,-2,2,-59
1756015082.282945,-2,-5,-45
1756015082.3219447,1,0,-43
1756015082.3579447,0,2,-43
1756015082.394945,1,-3,-45
1756015082.4329443,-8,0,-50
1756015082.4719446,-4,3,-57
1756015082.5079446,-3,4,-56
1756015082.5459447,-6,1,-58
1756015082.5839446,2,-3,-48
1756015082.6229446,4,-5,-54
1756015082.6589446,4,-1,-54
1756015082.6979446,5,-7,-45
1756015082.7349446,-3,0,-45
1756015082.7739446,1,1,-51
1756015082.8119447,4,0,-48
1756015082.8479445,2,-2,-48
1756015082.884945,-2,0,-50
1756015082.9239447,0,-1,-61
1756015082.9619446,1,0,-48
1756015082.9979446,-8,-3,-46
1756015083.0359447,4,-10,-36
1756015083.0739446,1,0,-51
1756015083.1129446,6,-1,-51
1756015083.1489446,2,3,-57
1756015083.1859446,-3,1,-57
1756015083.223945,0,3,-54
1756015083.2619443,0,0,-39
1756015083.2979443,-3,2,-38
1756015083.3349447,-2,-1,-45
1756015083.3739443,1,-4,-50
1756015083.4119446,-4,-5,-57
1756015083.4479446,0,-1,-51
1756015083.4849446,-4,-3,-54
1756015083.5239446,-9,-3,-54
1756015083.5599446,-8,-1,-55
1756015083.5979445,-10,-2,-49
1756015083.6359446,-3,0,-56
1756015083.6739447,5,5,-47
1756015083.7099447,-1,-3,-51
1756015083.7479446,-5,4,-51
1756015083.7859447,0,2,-62
1756015083.8239446,-5,4,-50
1756015083.8599446,-1,6,-49
1756015083.8969443,-3,3,-48
1756015083.9349446,5,6,-51
1756015083.973945,0,-6,-52
1756015084.009945,4,-1,-44
1756015084.0479443,5,-1,-50
1756015084.0849447,3,-3,-56
1756015084.1239443,-11,-1,-61
1756015084.1599443,-4,0,-62
1756015084.1969447,0,-4,-52
1756015084.2349446,-4,0,-48
1756015084.2739446,1,1,-52
1756015084.3099446,0,-1,-47
1756015084.3469446,-2,-3,-57
1756015084.384945,-3,0,-47
1756015084.4239447,-8,4,-47
1756015084.4599447,2,0,-53
1756015084.496945,-2,1,-57
1756015084.5349443,-1,2,-58
1756015084.5739446,4,0,-55
1756015084.6099446,0,0,-46
1756015084.6479447,0,6,-48
1756015084.6859446,0,4,-52
1756015084.723945,-6,5,-53
1756015084.759945,4,10,-53
1756015084.7969446,-5,0,-60
1756015084.8349447,1,0,-61
1756015084.8729446,-1,1,-52
1756015084.9089446,0,-2,-49
1756015084.9459443,6,1,-39
1756015084.9849446,3,1,-55
1756015085.0229447,0,6,-51
1756015085.0589447,-3,-6,-58
1756015085.0969446,0,-5,-53
1756015085.134945,-1,-11,-61
1756015085.1739447,-5,-1,-49
1756015085.2099447,-5,5,-49
1756015085.2479446,5,2,-55
1756015085.2849443,-8,7,-56
1756015085.3239446,0,-2,-53
1756015085.3599446,-2,-3,-51
1756015085.3979447,1,-1,-58
1756015085.4359446,-3,7,-47
1756015085.4749446,2,2,-55
1756015085.5109446,0,4,-67
1756015085.5489447,3,-1,-64
1756015085.5869446,0,-2,-59
1756015085.6249447,-1,1,-53
1756015085.6639447,0,2,-47
1756015085.6999447,-1,2,-51
1756015085.736945,0,-5,-68
1756015085.7759447,3,-5,-65
1756015085.8139446,7,-3,-54
1756015085.8499446,2,-7,-44
1756015085.8869443,-2,-2,-56
1756015085.9259446,-5,-4,-53
1756015085.963945,0,0,-55
1756015085.9999447,4,-2,-45
1756015086.0369446,-4,-4,-55
1756015086.075945,-9,-6,-61
1756015086.1139443,0,-1,-60
1756015086.1499443,-4,3,-61
1756015086.1869447,1,4,-63
1756015086.2249446,1,-3,-53
1756015086.2609446,-5,0,-64
1756015086.2989447,-3,-2,-50
1756015086.3369446,7,5,-46
1756015086.3759446,4,2,-54
1756015086.4139447,-1,0,-52
1756015086.4499447,2,0,-58
1756015086.4879446,3,-2,-59
1756015086.5259447,1,-4,-69
1756015086.5639446,1,-6,-52
1756015086.5999446,1,-7,-44
1756015086.6379447,1,-2,-43
1756015086.6759446,-3,-9,-47
1756015086.713945,-4,-6,-45
1756015086.7499447,5,0,-55
1756015086.7879446,7,2,-65
1756015086.825945,1,0,-54
1756015086.861945,1,-4,-58
1756015086.8989446,-5,2,-51
1756015086.937945,9,6,-57
1756015086.9759445,3,1,-62
1756015087.0119443,2,6,-59
1756015087.0489447,1,0,-63
1756015087.085945,-1,0,-52
1756015087.1249447,1,0,-56
1756015087.1609447,0,1,-68
1756015087.1989446,-1,1,-59
1756015087.2359445,-1,2,-48
1756015087.2749443,-4,-5,-50
1756015087.3109446,1,1,-63
1756015087.348945,-4,4,-62
1756015087.3869443,0,-2,-57
1756015087.4259446,7,6,-56
1756015087.4619446,2,0,-54
1756015087.4989443,3,-3,-58
1756015087.5369446,3,0,-44
1756015087.5749447,2,0,-56
1756015087.6109445,1,1,-54
1756015087.6489446,-2,1,-52
1756015087.6869447,-11,-3,-56
1756015087.7249446,-12,4,-55
1756015087.7619443,-6,-1,-61
1756015087.7989447,6,-5,-54
1756015087.8369446,8,-5,-56
1756015087.8759446,8,-3,-59
1756015087.9119446,7,-1,-55
1756015087.9489446,8,5,-52
1756015087.986945,1,3,-46
1756015088.0249443,0,4,-44
1756015088.0609446,2,3,-57
1756015088.0979445,-7,1,-49
1756015088.1369443,1,-1,-51
1756015088.1749446,6,1,-54
1756015088.210945,-1,-4,-60
1756015088.2489443,0,-4,-51
1756015088.2869446,7,0,-45
1756015088.325945,0,-1,-47
1756015088.361945,-2,1,-57
1756015088.3989446,-6,2,-54
1756015088.4369447,7,-8,-52
1756015088.4759445,-5,-9,-48
1756015088.5119443,5,-1,-52
1756015088.5489447,-2,-6,-53
1756015088.5869446,4,-5,-59
1756015088.6259446,6,-2,-60
1756015088.6619446,-1,-9,-58
1756015088.6999447,-5,-2,-57
1756015088.7379446,3,-2,-53
1756015088.7769446,9,-7,-58
1756015088.812945,1,5,-65
1756015088.8499446,-3,-9,-48
1756015088.8879447,0,-4,-50
1756015088.9269447,-5,0,-50
1756015088.9629445,0,-5,-52
1756015088.9999447,-9,0,-47
1756015089.0379446,0,4,-48
1756015089.075945,-5,-3,-49
1756015089.111945,-3,-8,-57
1756015089.1499443,-3,-1,-56
1756015089.187945,-4,-12,-61
1756015089.2269447,2,0,-49
1756015089.2629447,6,1,-53
1756015089.2999446,5,-1,-66
1756015089.3379445,-4,0,-51
1756015089.3769443,3,0,-40
1756015089.4129446,0,0,-45
1756015089.4499447,0,3,-44
1756015089.4879446,1,-4,-59
1756015089.5269446,1,0,-54
1756015089.562945,-2,-4,-53
1756015089.6009445,0,-1,-43
1756015089.6389446,3,-4,-52
1756015089.677945,11,2,-51
1756015089.7159443,-2,0,-51
1756015089.7519443,0,3,-48
1756015089.7889447,0,2,-42
1756015089.8279445,7,0,-50
1756015089.8659446,0,5,-64
1756015089.9109447,-2,0,-55
1756015089.9479446,-4,4,-57
1756015089.986945,5,0,-52
1756015090.0229447,7,-1,-43
1756015090.0599446,7,-4,-41
1756015090.0979445,1,0,-47
1756015090.1359446,-2,-5,-43
1756015090.1719446,0,-5,-48
1756015090.2099447,1,-6,-52
1756015090.2479446,0,-3,-53
1756015090.2839446,2,-4,-51
1756015090.3219447,-4,-10,-48
1756015090.3599446,-6,5,-44
1756015090.3979447,0,4,-54
1756015090.4339447,4,-1,-64
1756015090.4719446,-8,-2,-62
1756015090.509945,-4,0,-56
1756015090.5479443,-6,-6,-47
1756015090.5869446,4,-3,-42
1756015090.6229446,9,0,-40
1756015090.6599443,10,-2,-39
1756015090.6979446,10,-5,-50
1756015090.736945,6,-3,-57
1756015090.7729447,8,-6,-43
1756015090.8099446,1,-2,-46
1756015090.8479445,3,-2,-51
1756015090.8869443,0,-1,-52
1756015090.9229443,-4,-2,-54
1756015090.960945,-1,-3,-61
1756015090.9989443,0,3,-57
1756015091.0379446,-4,0,-55
1756015091.0739446,0,-6,-67
1756015091.1109445,-5,-2,-67
1756015091.1489446,-3,2,-60
1756015091.187945,-7,-2,-49
1756015091.223945,5,-4,-52
1756015091.2619443,0,0,-64
1756015091.2999446,-2,1,-56
1756015091.338945,0,-5,-48
1756015091.3769443,-4,-2,-48
1756015091.4129446,-12,1,-45
1756015091.4499447,-4,2,-43
1756015091.4889443,0,0,-50
1756015091.5269446,5,0,-49
1756015091.562945,1,0,-45
1756015091.5999446,3,-5,-49
1756015091.6389446,1,0,-51
1756015091.6769447,5,3,-57
1756015091.7129445,-5,-1,-50
1756015091.7509446,3,0,-57
1756015091.7889447,1,-1,-49
1756015091.8249447,-6,-2,-52
1756015091.8629446,-2,0,-51
1756015091.9009447,-4,4,-59
1756015091.9389446,-4,0,-63
1756015091.9779446,0,-1,-48
1756015092.0139446,3,8,-52
1756015092.0519447,3,1,-52
1756015092.0909443,7,0,-54
1756015092.1289446,5,1,-55
1756015092.1649446,-1,0,-50
1756015092.2029445,3,0,-44
1756015092.2399447,7,-1,-47
1756015092.2789447,0,-1,-57
1756015092.3149445,0,6,-49
1756015092.3529446,0,0,-51
1756015092.3899446,8,0,-54
1756015092.427945,6,4,-39
1756015092.463945,-1,6,-43
1756015092.5009446,-3,-5,-39
1756015092.5389447,2,-1,-45
1756015092.5779445,-1,4,-42
1756015092.6139443,-2,3,-51
1756015092.6509447,-1,3,-53
1756015092.6899445,0,4,-64
1756015092.7279446,5,0,-51
1756015092.7639446,11,-1,-57
1756015092.8009446,0,-4,-56
1756015092.8399446,0,-2,-53
1756015092.8779447,5,2,-55
1756015092.9139447,-1,0,-48
1756015092.950945,5,1,-65
1756015092.9899447,0,-5,-55
1756015093.0279446,-4,0,-53
1756015093.0639446,2,-4,-56
1756015093.1009445,8,-7,-55
1756015093.1399446,4,1,-52
1756015093.177945,3,-2,-39
1756015093.213945,0,-4,-55
1756015093.2509446,-4,4,-45
1756015093.2899446,-1,0,-48
1756015093.3279445,2,-5,-57
1756015093.3639443,0,-3,-49
1756015093.4019446,1,2,-47
1756015093.4399445,0,-8,-41
1756015093.4789443,-1,0,-43
1756015093.5149446,-5,5,-53
1756015093.5519447,-1,1,-46
1756015093.5899446,0,-3,-50
1756015093.6289446,0,-5,-58
1756015093.6649446,-4,-11,-49
1756015093.7039447,0,-1,-46
1756015093.7409446,0,-4,-53
1756015093.779945,-1,2,-53
1756015093.815945,6,-1,-57
1756015093.8539443,-2,-2,-63
1756015093.8919446,0,-6,-55
1756015093.9299445,3,-2,-53
1756015093.9689443,1,0,-55
1756015094.0049446,0,1,-47
1756015094.042945,0,-2,-49
1756015094.0809443,3,2,-55
1756015094.1199446,-5,-1,-66
1756015094.1559446,-3,-1,-63
1756015094.1939447,2,2,-58
1756015094.2319446,7,0,-61
1756015094.2709446,6,-1,-61
1756015094.3089447,-1,-1,-54
1756015094.3449447,-2,1,-57
1756015094.3829446,0,-4,-40
1756015094.4209447,0,0,-54
1756015094.4589446,6,2,-65
1756015094.4949446,2,-1,-58
1756015094.532945,4,8,-45
1756015094.5709443,3,-5,-50
1756015094.608945,-6,-6,-53
1756015094.644945,-4,-13,-55
1756015094.6829443,0,-2,-60
1756015094.7209446,-1,0,-54
1756015094.759945,2,0,-46
1756015094.7959447,1,5,-51
1756015094.8329446,0,0,-50
1756015094.8709445,5,0,-44
1756015094.9099443,1,1,-58
1756015094.9459443,-1,0,-59
1756015094.9829447,-1,0,-54
1756015095.0209446,-1,0,-45
1756015095.0599446,6,2,-52
1756015095.0959446,3,1,-45
1756015095.1329446,7,0,-48
1756015095.1709447,-4,3,-49
1756015095.2069447,-5,1,-49
1756015095.2439446,-2,2,-54
1756015095.2819445,-10,-2,-59
1756015095.3209443,-7,-6,-51
1756015095.3569446,-1,-6,-51
1756015095.394945,0,1,-54
1756015095.4319446,-1,0,-48
1756015095.4709446,-1,-6,-42
1756015095.506945,1,-4,-58
1756015095.5449443,8,-3,-58
1756015095.5829446,7,-4,-52
1756015095.6209445,4,-2,-66
1756015095.6599443,5,6,-57
1756015095.6959443,7,-5,-59
1756015095.733945,1,-2,-57
1756015095.7719443,0,6,-54
1756015095.8109446,-3,-2,-54
1756015095.8469446,-6,-2,-49
1756015095.8859446,-5,0,-53
1756015095.9229443,0,-2,-42
1756015095.9619446,3,-3,-54
1756015095.9999447,8,1,-53
1756015096.0359447,5,0,-51
1756015096.0729446,4,1,-43
1756015096.1109445,4,0,-51
1756015096.1469443,2,2,-48
1756015096.1839447,4,-8,-41
1756015096.2229445,5,-6,-42
1756015096.2609446,-2,-1,-46
1756015096.2969446,-1,1,-42
1756015096.3349447,0,0,-54
1756015096.3729446,0,-2,-50
1756015096.4109447,-4,4,-49
1756015096.4469447,-8,-5,-53
1756015096.4849446,-3,-3,-46
1756015096.5229447,-7,-3,-51
1756015096.5619447,5,-9,-51
1756015096.5999446,-2,-3,-38
1756015096.6359446,0,-3,-39
1756015096.6739447,1,-1,-53
1756015096.7119446,0,6,-57
1756015096.7509446,-1,1,-55
1756015096.7869446,-1,-3,-60
1756015096.8249447,-9,2,-64
1756015096.8629446,-1,0,-57
1756015096.9019446,-6,1,-44
1756015096.937945,-4,-7,-53
1756015096.9759445,0,1,-65
1756015097.0129447,-1,-3,-54
1756015097.0519447,-3,-9,-54
1756015097.0879445,0,-4,-54
1756015097.1249447,-3,0,-57
1756015097.1629446,-5,1,-58
1756015097.2019446,-2,2,-51
1756015097.2379446,-3,3,-49
1756015097.2759447,0,-1,-50
1756015097.312945,-1,-5,-45
1756015097.3519447,3,1,-48
1756015097.3879447,3,3,-64
1756015097.4249446,-2,6,-58
1756015097.4629445,0,0,-49
1756015097.5009446,3,-1,-45
1756015097.5369446,8,-5,-52
1756015097.5739446,0,-6,-53
1756015097.6129446,4,3,-51
1756015097.6509447,2,0,-52
1756015097.6869447,0,-3,-45
1756015097.7249446,6,-7,-47
1756015097.7629447,-8,-2,-49
1756015097.8019447,0,1,-56
1756015097.8379445,3,0,-60
1756015097.8759446,1,1,-65
1756015097.9129446,0,-2,-59
1756015097.9519446,1,-3,-57
1756015097.9879446,4,-7,-69
1756015098.0249443,1,-6,-55
1756015098.0639446,0,-6,-52
1756015098.1019447,5,-2,-49
1756015098.1379447,2,2,-49
1756015098.1749446,0,1,-48
1756015098.2129445,-3,0,-56
1756015098.2509446,-5,2,-61
1756015098.2869446,-5,0,-60
1756015098.3239446,0,0,-55
1756015098.361945,0,2,-54
1756015098.3979447,5,-1,-63
1756015098.4349446,2,0,-58
1756015098.4729445,0,-3,-52
1756015098.5119443,-2,-3,-53
1756015098.5479443,-5,2,-54
1756015098.5849447,-3,-3,-58
1756015098.6229446,-11,0,-56
1756015098.6619446,-2,-2,-48
1756015098.6979446,-3,1,-43
1756015098.7359445,6,0,-60
1756015098.7739446,9,0,-55
1756015098.8119447,1,-4,-51
1756015098.8479445,2,-3,-64
1756015098.884945,0,-5,-58
1756015098.9229443,4,-1,-54
1756015098.9619446,0,1,-45
1756015098.9979446,0,0,-51
1756015099.0349443,11,-4,-50
1756015099.0729446,3,-7,-45
1756015099.111945,-1,-5,-56
1756015099.1479447,-8,0,-59
1756015099.1849446,3,3,-54
1756015099.2229445,6,3,-50
1756015099.2589445,1,0,-52
1756015099.2969446,9,-2,-45
1756015099.3339446,4,-2,-64
1756015099.3729446,-7,0,-45
1756015099.4089446,-2,-3,-53
1756015099.4469447,9,3,-65
1756015099.4849446,0,1,-51
1756015099.5239446,6,-4,-43
1756015099.5619447,0,-1,-47
1756015099.5979445,-1,-3,-42
1756015099.6359446,2,-2,-49
1756015099.6749446,0,0,-51
1756015099.7129445,-1,-2,-46
1756015099.7489443,-2,2,-45
1756015099.7859447,0,-9,-53
1756015099.8249447,-3,-5,-41
1756015099.8629446,1,-9,-46
1756015099.8989446,1,-3,-50
1756015099.9449446,6,2,-55
1756015099.9829447,0,0,-57
1756015100.0189445,1,-5,-51
1756015100.0559447,4,-3,-49
1756015100.0949447,-2,5,-52
1756015100.1329446,-2,-1,-44
1756015100.1689446,-7,10,-38
1756015100.2079446,-3,-1,-49
1756015100.2449446,-1,-1,-51
1756015100.2839446,-6,0,-47
1756015100.3199446,-2,-2,-55
1756015100.3579447,-6,-1,-53
1756015100.3959446,3,-5,-47
1756015100.4339447,1,-3,-48
1756015100.4729445,-2,0,-48
1756015100.5089445,-3,-2,-61
1756015100.5479443,5,-7,-57
1756015100.585945,-2,-1,-42
1756015100.6239443,-1,0,-49
1756015100.6599443,-1,-1,-44
1756015100.6979446,0,0,-48
1756015100.736945,-6,-3,-49
1756015100.7739446,-1,-2,-53
1756015100.812945,2,2,-57
1756015100.848945,0,1,-46
1756015100.8869443,2,0,-52
1756015100.9249446,5,-4,-53
1756015100.9629445,-1,-1,-61
1756015100.9989443,-1,-2,-61
1756015101.0369446,2,0,-61
1756015101.0749447,-9,1,-52
1756015101.1129446,0,-4,-56
1756015101.1489446,-1,-6,-46
1756015101.1869447,1,0,-52
1756015101.2249446,0,0,-56
1756015101.2629447,5,-3,-48
1756015101.2989447,10,-4,-53
1756015101.3369446,5,6,-58
1756015101.3749447,4,1,-50
1756015101.4129446,0,-1,-53
1756015101.4489446,1,0,-45
1756015101.4859445,4,0,-48
1756015101.5249443,2,-7,-49
1756015101.562945,3,2,-52
1756015101.598945,0,-1,-60
1756015101.6359446,-7,-1,-46
1756015101.6749446,-1,1,-56
1756015101.7129445,0,-2,-51
1756015101.7489443,-3,-1,-55
1756015101.7869446,-1,-1,-59
1756015101.8249447,-4,0,-53
1756015101.8639443,-5,-1,-48
1756015101.8999443,-4,-4,-53
1756015101.937945,-4,-5,-55
1756015101.9759445,-1,0,-60
1756015102.0149446,6,-7,-58
1756015102.0509446,6,-11,-64
1756015102.0899446,3,-5,-59
1756015102.1269443,-3,-4,-44
1756015102.1649446,0,-3,-54
1756015102.2039447,0,-1,-57
1756015102.2399447,6,4,-40
1756015102.2769446,-6,-4,-45
1756015102.3149445,-5,-6,-45
1756015102.3539443,1,1,-42
1756015102.3899446,1,2,-48
1756015102.4269447,-4,-1,-59
1756015102.4659443,-4,-2,-64
1756015102.5039446,0,-2,-56
1756015102.5399446,0,-9,-59
1756015102.5769446,-3,0,-50
1756015102.6159446,-5,-6,-45
1756015102.6539447,-5,-9,-53
1756015102.6899445,-14,1,-51
1756015102.7269447,-9,4,-51
1756015102.7659447,-3,1,-53
1756015102.8039446,2,0,-55
1756015102.8399446,-3,-3,-54
1756015102.8779447,4,1,-56
1756015102.9159446,1,2,-54
1756015102.9539447,-1,-5,-43
1756015102.9899447,-1,0,-44
1756015103.0279446,0,-3,-59
1756015103.065945,1,-3,-61
1756015103.1039443,2,-1,-61
1756015103.1399446,1,0,-56
1756015103.177945,-1,-3,-53
1756015103.2159443,-1,-4,-49
1756015103.2539446,-6,0,-40
1756015103.2899446,-3,-6,-45
1756015103.3279445,2,-10,-46
1756015103.3659446,4,-8,-44
1756015103.404945,5,-5,-55
1756015103.440945,1,-3,-43
1756015103.4779446,3,-4,-48
1756015103.5159447,-3,-3,-47
1756015103.5549445,0,-8,-49
1756015103.5909443,1,-6,-50
1756015103.6279447,-2,-4,-57
1756015103.6659446,-4,-1,-57
1756015103.7049446,3,2,-60
1756015103.7409446,5,0,-51
1756015103.7779446,11,0,-52
1756015103.815945,5,4,-64
1756015103.8519447,0,-2,-59
1756015103.8889446,3,-3,-59
1756015103.9269447,8,-1,-48
1756015103.9659443,-3,-1,-52
1756015104.0019443,0,-2,-49
1756015104.0399446,1,-2,-47
1756015104.0779445,-2,-3,-45
1756015104.1159446,0,4,-68
1756015104.154945,-12,4,-52
1756015104.190945,-3,5,-47
1756015104.2289443,1,-2,-41
1756015104.2669446,6,0,-46
1756015104.3049445,-3,2,-58
1756015104.3409443,-4,9,-56
1756015104.3779447,1,-2,-53
1756015104.4169445,-5,0,-47
1756015104.4549446,-2,0,-54
1756015104.4909446,-1,0,-56
1756015104.5279446,2,0,-51
1756015104.565945,-4,-3,-53
1756015104.6019447,-3,0,-44
1756015104.6389446,5,-2,-48
1756015104.6769447,2,-8,-49
1756015104.7159443,5,-4,-54
1756015104.7519443,2,-2,-52
1756015104.7889447,-5,4,-54
1756015104.8269446,0,2,-53
1756015104.8649447,0,2,-45
1756015104.9009447,3,2,-51
1756015104.937945,0,-2,-59
1756015104.9769447,1,1,-67
1756015105.0149446,6,0,-60
1756015105.0509446,0,2,-56
1756015105.0879445,-2,-9,-54
1756015105.1269443,-4,-1,-52
1756015105.1629446,-10,-4,-56
1756015105.200945,7,1,-62
1756015105.2379446,4,1,-55
1756015105.2759447,0,0,-51
1756015105.3119447,0,-2,-55
1756015105.3499446,7,1,-47
1756015105.3879447,-3,-1,-45
1756015105.4269447,0,0,-53
1756015105.4629445,2,6,-52
1756015105.5009446,-7,1,-60
1756015105.5379446,7,-3,-52
1756015105.5769446,2,0,-60
1756015105.6129446,6,2,-45
1756015105.6509447,0,-3,-60
1756015105.687945,5,-1,-58
1756015105.7269447,2,6,-45
1756015105.7629447,-3,0,-40
1756015105.8009446,0,5,-43
1756015105.8379445,2,0,-57
1756015105.8759446,-2,3,-57
1756015105.9119446,1,0,-44
1756015105.9489446,2,0,-49
1756015105.986945,3,6,-50
1756015106.0229447,3,2,-48
1756015106.0599446,7,3,-50
1756015106.0979445,4,0,-45
1756015106.1359446,0,1,-44
1756015106.1719446,2,2,-49
1756015106.2089446,8,-2,-46
1756015106.2479446,-9,-4,-51
1756015106.2859447,0,0,-55
1756015106.3219447,3,5,-46
1756015106.358945,-5,-4,-55
1756015106.3979447,2,-4,-41
1756015106.4359446,4,-4,-42
1756015106.4719446,9,-3,-35
1756015106.5089445,7,0,-41
1756015106.5469446,4,5,-47
1756015106.5829446,-1,1,-41
1756015106.6209445,0,-2,-41
1756015106.6589446,3,0,-48
1756015106.6969447,0,-4,-55
1756015106.7329447,0,-6,-45
1756015106.7709446,-2,7,-43
1756015106.8089447,6,4,-50
1756015106.8469446,12,-3,-48
1756015106.8829446,6,0,-58
1756015106.9199443,1,8,-55
1756015106.9579446,-2,8,-47
1756015106.9939446,-7,3,-44
1756015107.0319445,5,1,-50
1756015107.0689447,5,-3,-43
1756015107.1079447,2,-5,-49
1756015107.1439445,0,-3,-48
1756015107.1819446,-5,-4,-66
1756015107.2199447,4,0,-60
1756015107.2579446,11,-5,-50
1756015107.2939446,1,-5,-49
1756015107.3329446,5,-4,-54
1756015107.3699446,-4,-1,-55
1756015107.407945,0,0,-50
1756015107.4469447,0,6,-60
1756015107.4829447,0,-2,-62
1756015107.519945,0,-1,-51
1756015107.5589447,-3,0,-55
1756015107.5969446,-3,-7,-55
1756015107.6329446,1,1,-58
1756015107.6699443,2,0,-39
1756015107.7079446,0,-6,-50
1756015107.7439446,0,-7,-47
1756015107.7809446,-3,-3,-47
1756015107.8199446,0,-8,-50
1756015107.8579447,5,-1,-56
1756015107.8939445,-3,0,-47
1756015107.9309447,-6,0,-60
1756015107.9689443,-2,7,-53
1756015108.0079446,-4,2,-47
1756015108.0439446,-3,0,-48
1756015108.0809443,-9,1,-49
1756015108.1189446,-6,-4,-53
1756015108.157945,0,-1,-46
1756015108.1939447,1,0,-41
1756015108.2309446,-8,3,-49
1756015108.2689445,-10,5,-45
1756015108.3079443,-11,0,-40
1756015108.3439443,0,5,-55
1756015108.3809447,7,10,-56
1756015108.4189446,7,0,-57
1756015108.4549446,9,6,-55
1756015108.4929447,2,8,-56
1756015108.5309446,5,0,-46
1756015108.5689447,5,-1,-52
1756015108.6049447,0,-2,-38
1756015108.6429446,4,-1,-40
1756015108.6809447,3,0,-57
1756015108.7189443,0,0,-54
1756015108.7549446,2,-3,-56
1756015108.792945,0,1,-58
1756015108.8299446,3,0,-57
1756015108.8689446,0,5,-42
1756015108.904945,0,4,-54
1756015108.9429443,6,6,-54
1756015108.9799447,4,3,-62
1756015109.0189445,4,4,-63
1756015109.0549445,7,2,-45
1756015109.0929446,5,1,-43
1756015109.1299446,-5,0,-64
1756015109.1689446,-2,-2,-42
1756015109.2049446,3,0,-48
1756015109.2429447,-2,-4,-62
1756015109.2819445,6,-4,-51
1756015109.3199446,0,-1,-48
1756015109.3579447,0,1,-54
1756015109.3939445,0,-3,-63
1756015109.4319446,4,-6,-59
1756015109.4699447,0,-5,-56
1756015109.5079446,0,-5,-51
1756015109.5439446,-6,-9,-54
1756015109.5819447,-3,0,-58
1756015109.6199446,-2,-2,-48
1756015109.6589446,-1,-6,-52
1756015109.6949446,0,0,-46
1756015109.7329447,-5,-1,-52
1756015109.769945,-4,-4,-63
1756015109.8089447,0,-2,-59
1756015109.8449447,-1,2,-63
1756015109.881945,-3,-1,-68
1756015109.9199443,-6,2,-55
1756015109.9649446,2,-5,-37
1756015110.0019443,0,-6,-58
1756015110.0399446,-2,-3,-50
1756015110.0789447,2,-9,-43
1756015110.1149447,0,-1,-36
1756015110.1519446,-3,-2,-54
1756015110.1899445,4,0,-53
1756015110.2259445,3,4,-65
1756015110.2629447,4,-3,-48
1756015110.3009446,4,2,-50
1756015110.3399446,4,-2,-58
1756015110.3759446,-2,-3,-56
1756015110.4149446,0,1,-56
1756015110.4519446,0,0,-50
1756015110.4899447,-4,3,-46
1756015110.5289447,-1,1,-56
1756015110.5649445,-4,-3,-46
1756015110.6029446,-3,0,-43
1756015110.6409447,-2,-2,-47
1756015110.6799445,5,-2,-60
1756015110.7159443,5,-3,-68
1756015110.7539446,-6,0,-66
1756015110.7909446,-8,-2,-54
1756015110.8299446,-12,-1,-64
1756015110.8659446,-3,-2,-57
1756015110.9039447,4,1,-50
1756015110.9419446,5,-2,-63
1756015110.9809446,2,1,-47
1756015111.0189445,-3,0,-49
1756015111.0549445,-3,4,-44
1756015111.0919447,-2,-2,-59
1756015111.1309447,1,-1,-59
1756015111.1689446,-1,3,-58
1756015111.2049446,-8,2,-54
1756015111.2419446,-5,1,-52
1756015111.2809446,5,-5,-44
1756015111.3189447,4,3,-62
1756015111.3549447,8,0,-62
1756015111.3919446,9,3,-53
1756015111.4299445,4,-1,-45
1756015111.4659443,3,2,-52
1756015111.5029447,2,4,-46
1756015111.5409446,3,8,-44
1756015111.5789447,-4,3,-38
1756015111.6149447,-3,-4,-54
1756015111.6529446,2,-4,-49
1756015111.690945,0,-3,-55
1756015111.7299447,11,-8,-48
1756015111.7659447,8,-7,-52
1756015111.802945,0,-2,-58
1756015111.8409443,-4,-6,-43
1756015111.8799446,-2,-3,-48
1756015111.9159446,-2,0,-52
1756015111.9539447,0,0,-55
1756015111.9919446,2,-5,-64
1756015112.0309446,5,-2,-48
1756015112.0669446,5,0,-51
1756015112.1049447,-1,0,-44
1756015112.1429446,6,-3,-42
1756015112.1809447,2,-6,-45
1756015112.2199447,-1,0,-50
1756015112.2559447,-2,2,-48
1756015112.292945,-3,-6,-52
1756015112.3309443,-1,-7,-52
1756015112.3699446,-4,-5,-57
1756015112.4059446,0,-1,-54
1756015112.4429443,1,1,-46
1756015112.4809446,1,0,-48
1756015112.5169446,-3,2,-43
1756015112.5539446,1,0,-52
1756015112.5919447,2,0,-46
1756015112.6299446,4,7,-52
1756015112.6659446,1,0,-43
1756015112.7029445,3,-4,-44
1756015112.7419446,7,-2,-54
1756015112.779945,2,-7,-56
1756015112.815945,-10,0,-58
1756015112.8529446,0,3,-48
1756015112.8919446,0,0,-51
1756015112.9299445,-2,7,-48
1756015112.9659443,-3,4,-40
1756015113.0029447,-10,0,-36
1756015113.0419445,2,5,-48
1756015113.0799446,2,-5,-62
1756015113.1159446,0,-10,-60
1756015113.1529446,5,-2,-47
1756015113.1919446,-4,0,-49
1756015113.2299447,-1,-3,-55
1756015113.2659447,0,0,-62
1756015113.302945,1,-7,-64
1756015113.3419447,5,0,-44
1756015113.3799446,5,3,-50
1756015113.4159446,0,4,-53
1756015113.4539447,1,0,-45
1756015113.4919446,2,0,-54
1756015113.5279446,2,-1,-60
1756015113.5649445,6,-4,-55
1756015113.6029446,8,-2,-63
1756015113.6419446,-5,5,-51
1756015113.677945,-3,0,-43
1756015113.7159443,0,3,-37
1756015113.7549446,1,5,-55
1756015113.7919445,-2,8,-51
1756015113.8309443,5,7,-51
1756015113.8669446,0,0,-43
1756015113.9039447,-3,-9,-51
1756015113.9419446,-4,-5,-59
1756015113.9809446,-5,-4,-59
1756015114.0169446,-8,-3,-51
1756015114.0549445,0,-3,-60
1756015114.0929446,-1,-3,-55
1756015114.131945,-1,2,-54
1756015114.167945,-3,-4,-48
1756015114.2059443,-2,0,-53
1756015114.2439446,-2,-2,-56
1756015114.282945,-5,-1,-54
1756015114.3209443,2,0,-50
1756015114.3569446,2,0,-43
1756015114.3939445,2,0,-46
1756015114.4319446,5,-5,-57
1756015114.4679446,0,-3,-52
1756015114.5049446,-2,-5,-45
1756015114.542945,-3,-13,-52
1756015114.5809443,-7,-3,-50
1756015114.6169446,-6,-5,-52
1756015114.654945,-5,-6,-57
1756015114.6929443,-1,-5,-60
1756015114.7319446,0,-6,-59
1756015114.7679446,0,-2,-51
1756015114.8049445,-6,6,-48
1756015114.8429446,1,-3,-54
1756015114.881945,-5,-3,-39
1756015114.917945,5,0,-42
1756015114.9549446,3,-4,-45
1756015114.9929447,-6,0,-58
1756015115.0319445,-2,-4,-59
1756015115.0679443,2,0,-55
1756015115.1049447,1,-2,-47
1756015115.1429446,1,-4,-53
1756015115.1819446,-5,1,-56
1756015115.2179446,-3,-2,-57
1756015115.2559447,-3,-3,-53
1756015115.2949443,0,0,-49
1756015115.3329446,-9,6,-50
1756015115.3689446,-3,1,-47
1756015115.407945,0,-6,-49
1756015115.4449446,-4,-3,-55
1756015115.4829447,-5,3,-49
1756015115.5219443,-6,-2,-43
1756015115.5579443,5,-9,-48
1756015115.5949447,5,-2,-64
1756015115.6329446,7,-1,-56
1756015115.6719446,3,-1,-47
1756015115.7079446,0,-7,-50
1756015115.7449446,-6,0,-52
1756015115.7839446,0,3,-51
1756015115.8219447,-3,-6,-54
1756015115.8579447,-12,-1,-57
1756015115.8959446,-15,0,-61
1756015115.9339447,-9,-3,-59
1756015115.9729445,-1,0,-61
1756015116.0089445,-6,6,-62
1756015116.0469446,-9,4,-49
1756015116.0869446,-2,0,-51
1756015116.1239443,6,4,-52
1756015116.1619446,-4,3,-50
1756015116.1979446,3,1,-49
1756015116.2349446,0,-1,-47
1756015116.2739446,-3,1,-37
1756015116.3119447,3,0,-53
1756015116.3479445,-4,4,-54
1756015116.3859446,2,-2,-46
1756015116.4239447,2,-4,-46
1756015116.4629445,3,-5,-58
1756015116.4989443,7,-9,-55
1756015116.5359447,8,-11,-64
1756015116.5739446,-1,-5,-58
1756015116.6129446,1,-6,-54
1756015116.6489446,6,-7,-55
1756015116.6869447,0,-1,-59
1756015116.723945,-1,3,-62
1756015116.7629447,5,3,-54
1756015116.7989447,4,-1,-58
1756015116.8369446,0,-2,-66
1756015116.8739443,2,1,-64
1756015116.9129446,1,-1,-59
1756015116.9489446,0,-1,-55
1756015116.986945,1,1,-51
1756015117.0239446,1,-3,-64
1756015117.062945,8,-5,-57
1756015117.098945,5,5,-52
1756015117.1369443,3,5,-40
1756015117.1739447,4,0,-61
1756015117.210945,4,4,-57
1756015117.2479446,8,6,-49
1756015117.2849443,1,4,-53
1756015117.3229446,5,-3,-53
1756015117.358945,0,3,-56
1756015117.3959446,-4,13,-57
1756015117.4339447,-1,-3,-47
1756015117.4729445,-1,-2,-52
1756015117.5089445,2,-3,-46
1756015117.5459447,0,2,-55
1756015117.5849447,3,0,-50
1756015117.6229446,-3,-2,-52
1756015117.6589446,3,-1,-39
1756015117.6959443,1,0,-55
1756015117.733945,0,-1,-43
1756015117.769945,-2,-2,-47
1756015117.8079443,-9,0,-48
1756015117.8459446,1,0,-41
1756015117.8839445,6,0,-42
1756015117.9199443,-8,-2,-49
1756015117.9579446,-2,-3,-48
1756015117.9959445,0,-11,-43
1756015118.0349443,0,0,-39
1756015118.0729446,2,3,-48
1756015118.108945,0,0,-52
1756015118.1459446,0,0,-53
1756015118.1839447,-1,-1,-63
1756015118.2199447,-11,-2,-69
1756015118.2579446,-4,-5,-44
1756015118.2959447,-5,-7,-39
1756015118.3349447,-4,-5,-42
1756015118.3729446,-4,0,-51
1756015118.4089446,0,1,-56
1756015118.4469447,-3,-2,-54
1756015118.4849446,-6,-2,-51
1756015118.5209446,6,0,-54
1756015118.5589447,4,-3,-53
1756015118.5969446,10,0,-50
1756015118.634945,5,-1,-54
1756015118.6739447,-1,3,-51
1756015118.7099447,4,3,-48
1756015118.7479446,6,-5,-52
1756015118.7849443,-2,-5,-51
1756015118.8239446,-5,-4,-44
1756015118.8599446,-5,-3,-54
1756015118.8979447,-6,0,-53
1756015118.9359446,-8,-10,-32
1756015118.9749446,1,-4,-34
1756015119.0109446,-2,-3,-39
1756015119.0489447,-3,-7,-48
1756015119.0869446,-1,-3,-46
1756015119.1259446,1,-5,-50
1756015119.1639447,0,1,-62
1756015119.1999447,2,-3,-57
1756015119.2379446,-1,0,-56
1756015119.2769446,0,0,-47
1756015119.3149445,7,-1,-63
1756015119.3509445,9,2,-55
1756015119.3879447,0,-4,-40
1756015119.4269447,-3,-11,-43
1756015119.4649446,0,-6,-60
1756015119.5009446,0,-5,-51
1756015119.5379446,4,-4,-57
1756015119.575945,0,-2,-65
1756015119.6149447,1,1,-51
1756015119.6509447,-1,1,-44
1756015119.687945,3,7,-52
1756015119.7259445,-4,-1,-48
1756015119.7639446,-5,1,-59
1756015119.7999446,-1,-2,-62
1756015119.8379445,-6,-1,-53
1756015119.8769443,-4,3,-63
1756015119.9149446,2,2,-61
1756015119.950945,-2,2,-57
1756015119.996945,3,9,-56
1756015120.0349443,0,9,-47
1756015120.0709443,1,2,-51
1756015120.1079447,6,2,-44
1756015120.1459446,3,1,-54
1756015120.1819446,3,-2,-52
1756015120.2199447,-2,-3,-46
1756015120.2579446,-11,3,-55
1756015120.2969446,-5,1,-48
1756015120.3349447,-5,3,-42
1756015120.3709445,-2,0,-51
1756015120.407945,-2,-4,-57
1756015120.4459443,-2,1,-50
1756015120.4849446,4,0,-54
1756015120.5209446,-6,-2,-51
1756015120.5589447,-7,1,-55
1756015120.5969446,1,1,-54
1756015120.634945,7,2,-42
1756015120.6709447,8,-2,-53
1756015120.7079446,8,3,-56
1756015120.7459445,-1,5,-59
1756015120.7819445,4,0,-54
1756015120.8189447,0,-5,-52
1756015120.8569446,-4,-3,-51
1756015120.8959446,-2,-1,-49
1756015120.9319446,3,0,-58
1756015120.9689443,-2,-4,-56
1756015121.006945,1,-5,-54
1756015121.0459447,0,-3,-51
1756015121.0819447,-1,-2,-49
1756015121.1199446,-2,2,-44
1756015121.157945,-3,-1,-42
1756015121.1969447,-7,-6,-54
1756015121.2349446,7,-4,-49
1756015121.2709446,2,-1,-48
1756015121.3079443,2,0,-54
1756015121.3469446,-2,5,-46
1756015121.384945,2,-5,-55
1756015121.4209447,-1,-5,-53
1756015121.4589446,0,0,-52
1756015121.496945,0,0,-60
1756015121.5349443,-3,-3,-56
1756015121.5709443,4,2,-55
1756015121.6079447,4,-2,-52
1756015121.6469443,0,-1,-59
1756015121.6849446,-4,0,-63
1756015121.7209446,-2,3,-51
1756015121.7589445,8,1,-40
1756015121.7969446,-2,4,-36
1756015121.835945,-1,3,-55
1756015121.871945,-7,4,-50
1756015121.9089446,1,-1,-55
1756015121.9469447,7,0,-54
1756015121.9829447,12,1,-43
1756015122.019945,2,-1,-56
1756015122.0579443,-6,-7,-60
1756015122.0969446,5,-8,-55
1756015122.1329446,-8,1,-49
1756015122.1699443,-4,-3,-50
1756015122.2079446,6,-7,-56
1756015122.246945,-2,-2,-57
1756015122.282945,5,-1,-63
1756015122.3199446,7,0,-52
1756015122.3579447,6,-10,-41
1756015122.3959446,0,-6,-38
1756015122.4319446,-5,-3,-50
1756015122.4699447,6,-9,-56
1756015122.5079446,-2,3,-45
1756015122.5469446,0,0,-54
1756015122.5829446,0,4,-66
1756015122.6199446,4,6,-44
1756015122.657945,-2,5,-54
1756015122.6969447,-7,-1,-48
1756015122.7329447,-3,-1,-54
1756015122.7709446,4,3,-58
1756015122.8089447,-2,-2,-59
1756015122.8479445,0,-6,-54
1756015122.8859446,4,-3,-62
1756015122.9219446,0,-2,-51
1756015122.9589446,3,-4,-54
1756015122.9979446,3,0,-48
1756015123.0359447,9,-2,-58
1756015123.0719447,-1,1,-55
1756015123.108945,-3,5,-61
1756015123.1479447,0,4,-57
1756015123.1859446,1,-1,-55
1756015123.2219446,6,-1,-56
1756015123.2589445,2,2,-58
1756015123.2969446,3,12,-53
1756015123.3329446,13,3,-60
1756015123.3699446,4,-1,-53
1756015123.4089446,4,-5,-52
1756015123.4469447,1,-3,-56
1756015123.4829447,3,0,-50
1756015123.5209446,-1,1,-43
1756015123.5579443,-6,-1,-42
1756015123.5969446,-5,0,-58
1756015123.6329446,-2,-1,-58
1756015123.6709447,2,2,-44
1756015123.7089446,-2,7,-46
1756015123.746945,5,0,-62
1756015123.782945,7,-6,-55
1756015123.8209443,4,-7,-55
1756015123.858945,3,-5,-49
1756015123.8979447,-3,-4,-52
1756015123.9339447,-1,-1,-55
1756015123.9719446,3,5,-47
1756015124.0089445,0,-1,-53
1756015124.0479443,0,-1,-55
1756015124.0839446,4,0,-61
1756015124.1209445,3,-3,-53
1756015124.1589446,2,-1,-55
1756015124.1979446,1,-3,-64
1756015124.233945,0,0,-49
1756015124.2709446,0,-4,-58
1756015124.3089447,1,-11,-53
1756015124.3479445,0,-9,-50
1756015124.3839445,-1,0,-48
1756015124.4209447,-3,-6,-63
1756015124.4589446,-6,-2,-48
1756015124.4979446,-6,-5,-52
1756015124.5339446,-1,-2,-49
1756015124.5719447,0,-11,-49
1756015124.6099446,-1,-7,-53
1756015124.6489446,-3,-2,-60
1756015124.6869447,-1,3,-46
1756015124.7229445,5,-3,-53
1756015124.759945,3,0,-50
1756015124.7989447,0,1,-49
1756015124.8369446,6,3,-55
1756015124.8729446,0,1,-44
1756015124.9099443,1,3,-48
1756015124.9479446,1,3,-49
1756015124.983945,-3,-1,-54
1756015125.0219443,0,0,-46
1756015125.0599446,-4,5,-41
1756015125.098945,-3,0,-48
1756015125.134945,1,-4,-42
1756015125.1729443,0,-6,-44
1756015125.210945,-5,-1,-54
1756015125.2499447,0,-1,-52
1756015125.2879446,-3,-7,-56
1756015125.3239446,0,0,-56
1756015125.361945,1,-4,-52
1756015125.3999443,-3,-2,-44
1756015125.4389446,-1,0,-54
1756015125.4749446,-1,0,-55
1756015125.5119443,-5,-5,-59
1756015125.5499446,-2,-6,-53
1756015125.588945,0,1,-61
1756015125.6249447,9,6,-50
1756015125.6619446,1,-2,-53
1756015125.6999447,2,-9,-47
1756015125.7389443,1,-2,-63
1756015125.7749443,6,2,-52
1756015125.8119447,4,0,-52
1756015125.8499446,1,-3,-48
1756015125.8879447,0,0,-39
1756015125.9239447,-4,-2,-51
1756015125.9619446,3,-5,-58
1756015125.9999447,4,-5,-46
1756015126.0389447,0,0,-50
1756015126.0749447,4,5,-46
1756015126.111945,0,-1,-49
1756015126.1499443,3,-1,-40
1756015126.1889446,4,-3,-53
1756015126.2249446,-2,2,-39
1756015126.2619443,-1,-1,-44
1756015126.2999446,0,-2,-53
1756015126.338945,-1,-8,-41
1756015126.3749447,1,-2,-32
1756015126.4129446,-4,0,-56
1756015126.450945,-2,2,-54
1756015126.4899447,-1,-2,-51
1756015126.5279446,-2,0,-61
1756015126.5639446,0,-1,-61
1756015126.6019447,0,-2,-57
1756015126.6399446,-4,-2,-56
1756015126.6789446,-9,1,-40
1756015126.7149446,-8,2,-47
1756015126.7519443,-11,2,-46
1756015126.7909446,-13,4,-49
1756015126.8289447,3,2,-37
1756015126.8649447,-1,-4,-50
1756015126.9029446,-3,1,-60
1756015126.940945,1,1,-51
1756015126.9789443,-5,5,-50
1756015127.0149446,-6,-10,-49
1756015127.052945,-4,-2,-62
1756015127.0909443,-3,2,-55
1756015127.1299446,3,1,-65
1756015127.1659446,0,2,-62
1756015127.2029445,-4,0,-48
1756015127.2409446,-10,-1,-54
1756015127.2789447,-2,-1,-43
1756015127.3149445,-3,1,-49
1756015127.3529446,-1,2,-43
1756015127.3909447,-3,0,-40
1756015127.4299445,-4,-3,-47
1756015127.4659443,-5,-1,-48
1756015127.5039446,1,3,-49
1756015127.5409446,-3,-3,-54
1756015127.5799446,-4,-3,-55
1756015127.6159446,-7,-3,-59
1756015127.6539447,-7,7,-63
1756015127.6919446,1,1,-58
1756015127.7309446,-2,-3,-58
1756015127.7689445,0,-2,-53
1756015127.8049445,-2,1,-52
1756015127.8419447,-4,-2,-50
1756015127.8809447,1,0,-51
1756015127.9189446,-5,-2,-50
1756015127.9549446,-7,0,-49
1756015127.9939446,-4,0,-52
1756015128.0309446,-7,4,-51
1756015128.0699446,-1,-3,-54
1756015128.1059446,2,-4,-52
1756015128.1439445,9,-6,-33
1756015128.1819446,1,2,-48
1756015128.2199447,5,3,-64
1756015128.2559447,-3,0,-57
1756015128.2939446,2,-9,-49
1756015128.3319447,6,-6,-59
1756015128.3709445,4,-6,-62
1756015128.4069445,3,-5,-58
1756015128.4439447,0,-7,-63
1756015128.4819446,0,0,-59
1756015128.519945,6,0,-42
1756015128.5559447,6,-3,-64
1756015128.5939443,0,-7,-56
1756015128.631945,-2,-3,-48
1756015128.6709447,3,-5,-55
1756015128.7069447,8,-4,-50
1756015128.7439446,-2,-2,-47
1756015128.7819445,-3,-6,-54
1756015128.8209443,-1,-11,-56
1756015128.8569446,-9,-5,-54
1756015128.894945,-3,-1,-44
1756015128.9329443,-5,7,-48
1756015128.9709446,-1,0,-49
1756015129.009945,0,-6,-55
1756015129.0459447,0,-6,-58
1756015129.0839446,5,-1,-49
1756015129.121945,3,3,-45
1756015129.1599443,1,-4,-40
1756015129.1959443,0,1,-56
1756015129.233945,-3,1,-56
1756015129.2719443,-9,0,-58
1756015129.3109446,3,-4,-54
1756015129.3469446,-4,0,-49
1756015129.3839445,3,3,-40
1756015129.4219446,-6,-2,-47
1756015129.4599447,4,-7,-47
1756015129.4959445,5,-4,-55
1756015129.5339446,1,-1,-56
1756015129.5729446,2,1,-53
1756015129.6109445,-5,3,-56
1756015129.6469443,-4,-2,-57
1756015129.6849446,2,7,-48
1756015129.7229445,-3,0,-41
1756015129.7609446,-2,-1,-61
1756015129.7969446,-5,0,-60
1756015129.8339446,-6,-4,-57
1756015129.871945,2,0,-57
1756015129.9109447,3,0,-48
1756015129.9469447,2,4,-55
1756015129.983945,9,1,-46
1756015130.029945,0,0,-49
1756015130.065945,3,1,-57
1756015130.1029446,-3,-1,-48
1756015130.1419446,0,-5,-40
1756015130.177945,2,-2,-51
1756015130.2149446,3,2,-62
1756015130.2529447,4,0,-58
1756015130.2909446,-6,-2,-52
1756015130.3269446,4,-2,-46
1756015130.3649447,-1,0,-56
1756015130.4019446,-1,2,-48
1756015130.440945,-3,-2,-52
1756015130.4769447,0,-9,-46
1756015130.5149446,6,-8,-43
1756015130.5519447,-6,-4,-44
1756015130.5909443,-4,1,-58
1756015130.6269443,-7,-5,-58
1756015130.6659446,1,-4,-47
1756015130.7029445,-4,0,-55
1756015130.7419446,-6,0,-51
1756015130.7779446,-7,-10,-57
1756015130.815945,-7,0,-40
1756015130.8539443,-6,-5,-41
1756015130.8929446,-3,-4,-48
1756015130.9309447,3,-2,-63
1756015130.9669447,0,2,-53
1756015131.0039446,0,1,-52
1756015131.0419445,-4,-4,-59
1756015131.0779445,2,-2,-66
1756015131.1159446,1,-4,-50
1756015131.1539447,2,2,-38
1756015131.1919446,4,1,-43
1756015131.2279446,1,0,-52
1756015131.2649446,-1,1,-43
1756015131.3039446,1,-5,-54
1756015131.3419447,1,-1,-54
1756015131.3779447,-7,-1,-54
1756015131.4159446,5,-5,-54
1756015131.4539447,-4,1,-51
1756015131.4929447,4,-1,-58
1756015131.5309446,3,-2,-58
1756015131.5669446,2,-2,-59
1756015131.6039443,2,1,-65
1756015131.6429446,3,7,-73
1756015131.6789446,1,-4,-59
1756015131.7159443,-5,-1,-55
1756015131.7539446,-1,-4,-54
1756015131.792945,-2,0,-61
1756015131.8289447,-1,-1,-67
1756015131.8669446,-7,1,-57
1756015131.904945,-1,1,-59
1756015131.9429443,-2,0,-54
1756015131.9819446,-3,2,-51
1756015132.0179446,0,-4,-37
1756015132.0549445,2,0,-53
1756015132.0929446,5,0,-59
1756015132.1289446,-4,2,-64
1756015132.167945,-3,9,-45
1756015132.2049446,0,5,-49
1756015132.2429447,0,0,-53
1756015132.2789447,-3,1,-54
1756015132.315945,-4,4,-44
1756015132.3539443,-8,2,-42
1756015132.3929446,3,1,-48
1756015132.4289446,0,-5,-53
1756015132.4659443,1,-8,-52
1756015132.5049446,4,1,-50
1756015132.542945,0,0,-59
1756015132.5789447,1,3,-63
1756015132.6159446,5,0,-56
1756015132.6539447,0,4,-64
1756015132.6919446,1,11,-51
1756015132.7279446,5,-1,-50
1756015132.7659447,-3,-4,-47
1756015132.8049445,3,-2,-45
1756015132.8429446,0,-1,-45
1756015132.8789446,-6,-5,-52
1756015132.9169445,2,0,-47
1756015132.9549446,0,1,-50
1756015132.9929447,-1,-5,-58
1756015133.0289447,-2,-4,-63
1756015133.0669446,-5,0,-51
1756015133.1049447,-1,1,-50
1756015133.1439445,-2,-1,-57
1756015133.1819446,4,-5,-57
1756015133.2179446,2,1,-50
1756015133.2549446,-1,-5,-46
1756015133.2939446,3,-3,-55
1756015133.3299446,6,-3,-56
1756015133.3669446,0,0,-48
1756015133.4039447,1,-1,-44
1756015133.4429443,7,4,-43
1756015133.4789443,1,-4,-41
1756015133.5169446,0,-1,-55
1756015133.5549445,-5,-4,-45
1756015133.5939443,-5,-2,-55
1756015133.6299446,3,-1,-62
1756015133.6669445,3,-2,-57
1756015133.7049446,-1,-3,-46
1756015133.7439446,-8,-3,-41
1756015133.779945,-5,7,-58
1756015133.8169446,0,3,-51
1756015133.8539443,-1,0,-56
1756015133.8929446,-3,6,-50
1756015133.9289446,0,1,-45
1756015133.9669447,-2,-1,-50
1756015134.0039446,3,-2,-61
1756015134.042945,-2,-1,-59
1756015134.0799446,0,-2,-47
1756015134.1169446,4,3,-43
1756015134.154945,3,0,-50
1756015134.1929443,0,0,-49
1756015134.2289443,-4,-6,-58
1756015134.2669446,0,3,-38
1756015134.3049445,0,0,-48
1756015134.3429446,0,1,-51
1756015134.3789446,0,-2,-60
1756015134.4169445,3,-4,-66
1756015134.4549446,-3,-6,-59
1756015134.4939446,5,4,-58
1756015134.529945,2,-1,-64
1756015134.5669446,-2,-7,-64
1756015134.6049447,1,-8,-50
1756015134.6439445,1,-1,-47
1756015134.6799445,-1,0,-44
1756015134.7169447,2,3,-53
1756015134.7549446,0,-3,-50
1756015134.7939446,-5,-4,-56
1756015134.8299446,-2,-1,-58
1756015134.8679447,0,-5,-63
1756015134.9059446,3,0,-63
1756015134.9439447,4,-5,-59
1756015134.9799447,4,-3,-62
1756015135.0169446,1,-4,-64
1756015135.0549445,-3,-2,-64
1756015135.0939443,-4,0,-47
1756015135.1299446,-5,0,-43
1756015135.1669445,4,-11,-54
1756015135.2049446,-7,-2,-55
1756015135.2439446,0,4,-54
1756015135.279945,1,2,-56
1756015135.3169446,8,-4,-53
1756015135.3549447,-2,-7,-53
1756015135.3939445,-3,-10,-55
1756015135.4299445,0,-5,-63
1756015135.4669447,7,0,-54
1756015135.5049446,-1,2,-47
1756015135.5409446,-1,0,-52
1756015135.5779445,-1,-5,-63
1756015135.6159446,1,-2,-55
1756015135.654945,-4,0,-42
1756015135.690945,-9,0,-43
1756015135.7279446,3,1,-55
1756015135.7659447,5,1,-52
1756015135.8039446,2,3,-56
1756015135.8399446,-4,3,-50
1756015135.8769443,-2,-1,-56
1756015135.9159446,3,1,-55
1756015135.9539447,2,0,-58
1756015135.9899447,-4,1,-48
1756015136.0269446,1,0,-52
1756015136.065945,1,-2,-49
1756015136.1039443,-3,-6,-48
1756015136.1399446,-3,-5,-61
1756015136.177945,-8,-1,-65
1756015136.2159443,-3,0,-67
1756015136.2549446,0,0,-51
1756015136.2909446,2,3,-53
1756015136.3289447,-8,2,-55
1756015136.3659446,0,-1,-48
1756015136.404945,4,0,-41
1756015136.440945,3,0,-47
1756015136.4789443,4,0,-46
1756015136.5159447,3,0,-50
1756015136.5539446,-1,3,-53
1756015136.5899446,-1,0,-53
1756015136.6269443,-3,4,-44
1756015136.6659446,2,0,-36
1756015136.7019446,0,-1,-42
1756015136.7389443,-4,2,-51
1756015136.7769446,-1,-1,-46
1756015136.815945,0,-5,-46
1756015136.8519447,-6,-1,-44
1756015136.8899446,8,-3,-42
1756015136.927945,5,2,-49
1756015136.9659443,-2,-3,-57
1756015137.0049446,0,-4,-54
1756015137.0409446,-4,3,-55
1756015137.0779445,4,1,-60
1756015137.1159446,3,4,-58
1756015137.1519446,-4,-7,-62
1756015137.1899445,-4,-3,-56
1756015137.2279446,-3,-4,-47
1756015137.2659447,-4,0,-47
1756015137.3049445,-8,2,-45
1756015137.3409443,-2,0,-51
1756015137.3779447,-3,1,-54
1756015137.4169445,-3,-2,-56
1756015137.4549446,-1,6,-57
1756015137.4909446,1,4,-59
1756015137.5279446,8,-2,-49
1756015137.5669446,1,-5,-42
1756015137.6049447,3,-8,-37
1756015137.6409447,-2,-3,-45
1756015137.6789446,1,4,-49
1756015137.7169447,2,-1,-59
1756015137.7549446,-2,5,-57
1756015137.7909446,-1,-3,-48
1756015137.8289447,5,-10,-42
1756015137.8669446,1,-9,-45
1756015137.9059446,0,-1,-57
1756015137.9419446,1,2,-55
1756015137.9799447,-1,-2,-63
1756015138.0179446,-5,2,-60
1756015138.0569446,-3,-1,-55
1756015138.0949447,0,-1,-44
1756015138.1309447,2,6,-47
1756015138.1689446,4,-6,-52
1756015138.2069447,0,1,-59
1756015138.2449446,2,6,-45
1756015138.2809446,3,1,-43
1756015138.3179443,3,3,-56
1756015138.3569446,1,-2,-60
1756015138.3929446,1,2,-51
1756015138.4299445,-2,0,-46
1756015138.4679446,-3,-5,-50
1756015138.506945,9,-5,-43
1756015138.542945,-2,-2,-46
1756015138.5809443,-6,-1,-49
1756015138.6189446,-7,1,-51
1756015138.6569445,-5,-1,-53
1756015138.6959443,-5,-2,-49
1756015138.7319446,-9,4,-49
1756015138.7689445,0,-4,-54
1756015138.8069446,-4,2,-57
1756015138.8459446,-9,10,-52
1756015138.881945,-4,5,-56
1756015138.9189446,-3,-2,-64
1756015138.9569447,2,-6,-48
1756015138.9959445,1,-2,-61
1756015139.0319445,2,-4,-45
1756015139.0689447,-5,0,-44
1756015139.1079447,-2,1,-44
1756015139.1459446,-5,0,-39
1756015139.1819446,-6,0,-48
1756015139.2189443,-4,0,-51
1756015139.2579446,-6,-1,-70
1756015139.2959447,0,0,-52
1756015139.3319447,0,-2,-59
1756015139.3699446,-3,-4,-64
1756015139.407945,0,0,-50
1756015139.4469447,4,-5,-48
1756015139.4829447,3,-2,-51
1756015139.5209446,1,-2,-61
1756015139.5589447,4,0,-57
1756015139.5969446,2,-2,-47
1756015139.6329446,3,4,-42
1756015139.6699443,-7,-2,-55
1756015139.7079446,-5,4,-56
1756015139.746945,-2,2,-53
1756015139.7839446,4,0,-59
1756015139.8219447,2,-6,-59
1756015139.858945,-10,-7,-47
1756015139.8979447,0,-10,-45
1756015139.9359446,0,-3,-46
1756015139.9719446,0,-3,-51
1756015140.0089445,-1,-7,-47
1756015140.052945,0,2,-49
1756015140.0919447,-2,4,-47
1756015140.1289446,-5,0,-48
1756015140.167945,-5,6,-49
1756015140.2039447,-4,1,-39
1756015140.2409446,0,1,-43
1756015140.2789447,0,0,-54
1756015140.3169446,2,1,-44
1756015140.3539443,-2,5,-45
1756015140.3909447,-4,0,-38
1756015140.4289446,-8,-4,-43
1756015140.4679446,3,-3,-51
1756015140.5039446,1,-4,-55
1756015140.5409446,4,1,-54
1756015140.5789447,5,-2,-58
1756015140.6179447,6,1,-48
1756015140.6539447,4,3,-59
1756015140.690945,-5,-4,-60
1756015140.7289443,-5,-3,-50
1756015140.7679446,-2,-3,-52
1756015140.8039446,4,0,-52
1756015140.8409443,1,0,-57
1756015140.8789446,0,-1,-47
1756015140.917945,-3,-6,-47
1756015140.9539447,-3,1,-34
1756015140.9919446,-1,0,-42
1756015141.0289447,-4,0,-56
1756015141.0679443,-1,-2,-53
1756015141.1039443,3,0,-56
1756015141.1409447,0,-4,-55
1756015141.1789446,-1,-1,-57
1756015141.2179446,2,-4,-43
1756015141.2539446,0,0,-56
1756015141.2919445,1,-5,-54
1756015141.3289447,-1,-5,-51
1756015141.3679447,-4,-2,-45
1756015141.4039447,-2,0,-48
1756015141.440945,-5,3,-48
1756015141.4799447,-3,2,-50
1756015141.5179446,-5,6,-44
1756015141.5539446,-2,4,-48
1756015141.5909443,0,5,-58
1756015141.6289446,-3,2,-62
1756015141.6649446,0,-1,-53
1756015141.7029445,-2,-7,-58
1756015141.7409446,0,0,-60
1756015141.7789447,-2,1,-60
1756015141.8149445,6,1,-47
1756015141.8529446,0,-6,-40
1756015141.8909447,3,-9,-56
1756015141.9289446,0,-2,-56
1756015141.9679446,5,-10,-48
1756015142.0039446,-3,-2,-44
1756015142.042945,0,1,-55
1756015142.0799446,-2,-3,-40
1756015142.1189446,0,-2,-47
1756015142.154945,2,2,-62
1756015142.1929443,2,-1,-53
1756015142.2309446,3,5,-56
1756015142.2689445,2,0,-52
1756015142.3049445,2,-1,-58
1756015142.3429446,7,-1,-58
1756015142.3809447,1,0,-45
1756015142.4199443,0,-1,-60
1756015142.4579446,2,-5,-60
1756015142.4939446,7,-4,-53
1756015142.5309446,1,-5,-53
1756015142.5699446,1,-6,-55
1756015142.6079447,0,-6,-57
1756015142.6439445,-6,-3,-61
1756015142.6819446,-10,-6,-57
1756015142.7199447,-3,0,-46
1756015142.7589445,-3,-4,-63
1756015142.7949443,0,-3,-56
1756015142.8319447,-1,1,-59
1756015142.8699446,0,1,-55
1756015142.907945,3,-1,-46
1756015142.9449446,-12,-5,-44
1756015142.9819446,-1,0,-49
1756015143.019945,6,5,-58
1756015143.0579443,0,-3,-43
1756015143.0939443,-2,0,-47
1756015143.131945,0,2,-55
1756015143.1699443,-2,-1,-54
1756015143.2079446,2,6,-45
1756015143.2439446,1,0,-43
1756015143.2819445,3,0,-57
1756015143.3199446,-1,3,-50
1756015143.3559446,2,4,-44
1756015143.3939445,9,-4,-55
1756015143.4329443,0,-2,-56
1756015143.4699447,0,-1,-60
1756015143.5089445,0,0,-58
1756015143.5449443,4,0,-49
1756015143.5829446,3,-1,-43
1756015143.6199446,3,0,-43
1756015143.6559446,2,-1,-47
1756015143.6939447,9,-8,-60
1756015143.7319446,-3,-4,-47
1756015143.769945,1,2,-56
1756015143.8089447,-4,-3,-50
1756015143.8449447,0,-1,-44
1756015143.8829446,-4,0,-50
1756015143.9199443,-8,5,-51
1756015143.9589446,0,0,-49
1756015143.9949446,2,0,-62
1756015144.032945,3,-5,-49
1756015144.0709443,-4,-1,-44
1756015144.108945,3,-6,-48
1756015144.144945,0,3,-50
1756015144.1819446,-3,8,-45
1756015144.2209446,1,-5,-42
1756015144.2589445,2,5,-38
1756015144.2949443,0,0,-48
1756015144.3319447,-2,6,-48
1756015144.3709445,-6,3,-57
1756015144.4089446,-7,-3,-56
1756015144.4449446,-6,0,-56
1756015144.4829447,2,-11,-51
1756015144.5209446,7,1,-53
1756015144.5589447,2,-2,-60
1756015144.5949447,2,-2,-67
1756015144.6329446,3,-1,-47
1756015144.6709447,5,3,-40
1756015144.7089446,-2,0,-44
1756015144.7449446,-5,0,-47
1756015144.782945,0,3,-53
1756015144.8209443,3,0,-65
1756015144.858945,1,-9,-63
1756015144.894945,-1,-2,-61
1756015144.9329443,0,-2,-54
1756015144.9709446,-1,-11,-45
1756015145.009945,0,-7,-34
1756015145.0459447,4,-6,-45
1756015145.0829446,0,4,-43
1756015145.1209445,1,1,-56
1756015145.157945,0,4,-54
1756015145.1949446,1,0,-49
1756015145.2319446,-2,-3,-59
1756015145.2709446,6,0,-64
1756015145.3079443,10,-2,-57
1756015145.3449447,2,0,-52
1756015145.381945,6,2,-53
1756015145.4209447,-2,2,-54
1756015145.4569447,-1,1,-53
1756015145.4949446,-4,5,-48
1756015145.532945,1,-6,-43
1756015145.5709443,3,-6,-51
1756015145.6099446,0,0,-60
1756015145.6459446,3,-3,-56
1756015145.6839447,-3,-1,-59
1756015145.7219446,0,-3,-50
1756015145.7609446,-4,3,-40
1756015145.7969446,-1,0,-49
1756015145.8339446,7,1,-46
1756015145.871945,-5,3,-48
1756015145.9099443,0,0,-44
1756015145.9459443,-2,2,-49
1756015145.983945,1,3,-54
1756015146.0219443,4,-6,-54
1756015146.0609446,4,5,-63
1756015146.0969446,1,6,-66
1756015146.1339445,-5,-3,-59
1756015146.1719446,-1,-3,-60
1756015146.210945,1,-10,-58
1756015146.246945,0,-4,-59
1756015146.2839446,-6,-6,-56
1756015146.3219447,-5,2,-50
1756015146.3609445,-6,2,-56
1756015146.3969443,0,2,-63
1756015146.4349446,9,4,-55
1756015146.4719446,4,0,-60
1756015146.509945,2,0,-55
1756015146.5459447,-2,-2,-58
1756015146.5849447,1,-5,-45
1756015146.621945,0,0,-54
1756015146.657945,0,-1,-49
1756015146.6949446,-5,0,-56
1756015146.7329447,-6,-1,-49
1756015146.7719443,-4,0,-52
1756015146.8079443,2,-5,-51
1756015146.8449447,0,-4,-43
1756015146.8829446,0,-6,-46
1756015146.9219446,3,-8,-55
1756015146.9579446,1,-5,-56
1756015146.9959445,4,0,-47
1756015147.032945,9,-5,-48
1756015147.0719447,0,-5,-47
1756015147.1079447,-1,-7,-51
1756015147.1459446,-4,-8,-61
1756015147.1839447,-1,-4,-63
1756015147.2219446,0,0,-66
1756015147.2579446,0,-1,-62
1756015147.2949443,1,-7,-52
1756015147.3329446,0,-11,-43
1756015147.371945,-3,-11,-43
1756015147.407945,1,-7,-57
1756015147.4449446,0,-6,-53
1756015147.4829447,5,0,-46
1756015147.5219443,-5,-2,-48
1756015147.5579443,0,-6,-43
1756015147.5949447,-3,2,-41
1756015147.6329446,3,-1,-34
1756015147.6719446,5,-4,-51
1756015147.7079446,4,-4,-51
1756015147.7449446,0,-3,-59
1756015147.782945,0,0,-60
1756015147.8209443,-3,9,-40
1756015147.8569446,3,6,-41
1756015147.8939445,8,4,-50
1756015147.9319446,0,-3,-53
1756015147.9679446,4,-4,-56
1756015148.0049446,-2,0,-45
1756015148.042945,0,3,-49
1756015148.0819447,0,-4,-38
1756015148.1179447,0,-1,-60
1756015148.154945,1,-4,-57
1756015148.1929443,-5,-4,-57
1756015148.2319446,5,0,-53
1756015148.2679446,3,1,-54
1756015148.3049445,0,3,-51
1756015148.3429446,-5,-1,-56
1756015148.3789446,-8,-1,-48
1756015148.417945,-1,1,-44
1756015148.4549446,-5,5,-42
1756015148.4929447,-1,1,-57
1756015148.5319445,-2,3,-54
1756015148.5679443,-1,0,-55
1756015148.6059446,-1,-4,-49
1756015148.6439445,2,-4,-55
1756015148.6829443,0,-2,-58
1756015148.7189443,-2,0,-59
1756015148.7559447,-7,1,-43
1756015148.7939446,1,-1,-42
1756015148.8329446,1,-1,-52
1756015148.8689446,-1,0,-46
1756015148.9059446,-4,-1,-66
1756015148.9439447,1,-1,-71
1756015148.9829447,4,-8,-67
1756015149.0189445,0,-6,-69
1756015149.0559447,-2,-5,-55
1756015149.0939443,0,-3,-43
1756015149.1329446,4,0,-42
1756015149.1689446,-2,-4,-45
1756015149.2069447,-3,3,-44
1756015149.2449446,3,1,-51
1756015149.2839446,-2,0,-48
1756015149.3219447,0,1,-48
1756015149.3579447,-1,1,-54
1756015149.3959446,-1,-3,-53
1756015149.4339447,-5,0,-50
1756015149.4729445,1,0,-54
1756015149.5089445,0,1,-58
1756015149.5459447,2,2,-49
1756015149.5839446,2,-2,-41
1756015149.6229446,0,-1,-52
1756015149.6589446,-4,0,-54
1756015149.6959443,6,0,-48
1756015149.733945,2,0,-49
1756015149.7719443,0,-1,-59
1756015149.8079443,2,0,-62
1756015149.8449447,0,-1,-48
1756015149.8839445,3,5,-44
1756015149.9219446,-8,1,-56
1756015149.9579446,-3,-2,-46
1756015149.996945,1,-5,-45
1756015150.0339446,-4,-5,-40
1756015150.0789447,-13,-1,-46
1756015150.1169446,-7,0,-50
1756015150.154945,1,-4,-62
1756015150.1929443,0,0,-60
1756015150.2289443,0,-5,-63
1756015150.2669446,-7,2,-43
1756015150.3039446,-5,-6,-47
1756015150.3429446,1,-9,-58
1756015150.3789446,4,-6,-54
1756015150.4159446,-2,-6,-44
1756015150.4539447,0,-3,-50
1756015150.4929447,2,-2,-40
1756015150.5289447,-5,-1,-42
1756015150.5669446,-1,0,-45
1756015150.6059446,5,2,-55
1756015150.6439445,14,-1,-47
1756015150.6799445,6,-5,-59
1756015150.7169447,-7,-7,-46
1756015150.7559447,3,2,-53
1756015150.7939446,1,0,-54
1756015150.8299446,-1,1,-47
1756015150.8669446,0,-4,-43
1756015150.904945,-2,0,-46
1756015150.9439447,3,0,-49
1756015150.9799447,-5,1,-55
1756015151.0169446,-3,1,-60
1756015151.0549445,-4,0,-57
1756015151.0939443,-2,-2,-59
1756015151.1299446,-3,2,-63
1756015151.167945,2,2,-60
1756015151.2049446,3,2,-54
1756015151.2439446,1,0,-52
1756015151.279945,1,-1,-43
1756015151.3169446,2,3,-53
1756015151.3549447,-4,5,-59
1756015151.3929446,0,-1,-59
1756015151.4289446,-3,1,-59
1756015151.4669447,5,0,-64
1756015151.5049446,4,7,-47
1756015151.542945,-1,2,-45
1756015151.5789447,7,-5,-47
1756015151.6169446,4,0,-55
1756015151.654945,5,-3,-58
1756015151.6939447,9,-3,-56
1756015151.7299447,3,1,-54
1756015151.7669446,-3,-6,-61
1756015151.8049445,-2,-4,-58
1756015151.8439443,5,0,-53
1756015151.8799446,2,-5,-64
1756015151.9169445,-5,-8,-60
1756015151.9549446,2,5,-59
1756015151.9909446,-1,0,-56
1756015152.0279446,0,-1,-50
1756015152.065945,-1,0,-58
1756015152.1049447,1,-2,-51
1756015152.1409447,1,-3,-45
1756015152.177945,0,-2,-49
1756015152.2159443,1,-6,-40
1756015152.2549446,7,-7,-43
1756015152.2909446,-3,-4,-48
1756015152.3299446,-6,-2,-46
1756015152.3669446,-6,3,-48
1756015152.4059446,-5,-2,-41
1756015152.4439447,-4,-5,-54
1756015152.4799447,7,1,-54
1756015152.5169446,2,-1,-64
1756015152.5559447,-3,-2,-58
1756015152.5939443,-4,3,-67
1756015152.6299446,-3,6,-74
1756015152.6669445,-6,5,-59
1756015152.7059443,-4,0,-46
1756015152.7439446,-3,0,-42
1756015152.779945,-2,3,-49
1756015152.8169446,-2,-3,-47
1756015152.8559446,-4,-4,-49
1756015152.8939445,4,0,-37
1756015152.9299445,0,4,-47
1756015152.9669447,-1,-4,-46
1756015153.0059447,0,-2,-60
1756015153.0439446,1,-7,-55
1756015153.0799446,2,5,-51
1756015153.1169446,-2,1,-51
1756015153.1559446,-5,0,-50
1756015153.1939447,4,0,-36
1756015153.2299447,3,2,-57
1756015153.2669446,0,3,-57
1756015153.3059447,4,-6,-50
1756015153.3419447,5,-7,-38
1756015153.3789446,3,3,-34
1756015153.4169445,0,-2,-48
1756015153.4559443,5,-8,-55
1756015153.4919446,4,-6,-57
1756015153.5289447,1,-5,-47
1756015153.5669446,1,0,-35
1756015153.6059446,3,-3,-44
1756015153.6419446,2,-8,-41
1756015153.6789446,0,-2,-50
1756015153.7169447,7,-4,-44
1756015153.7559447,1,-3,-48
1756015153.7919445,-1,0,-50
1756015153.8299446,8,0,-60
1756015153.8669446,10,-1,-47
1756015153.9059446,11,-5,-57
1756015153.9419446,-2,-5,-51
1756015153.9799447,6,-1,-63
1756015154.0179446,-1,-4,-53
1756015154.0569446,-7,1,-63
1756015154.0949447,-4,-1,-49
1756015154.1309447,-1,1,-49
1756015154.1689446,3,4,-48
1756015154.2069447,2,4,-54
1756015154.2449446,0,1,-53
1756015154.2809446,1,-4,-44
1756015154.3189447,-6,8,-49
1756015154.3569446,-9,-2,-49
1756015154.3959446,0,0,-51
1756015154.4319446,-6,0,-58
1756015154.4699447,-3,0,-54
1756015154.506945,2,8,-61
1756015154.5449443,5,3,-54
1756015154.5809443,6,4,-50
1756015154.6199446,-3,3,-52
1756015154.6569445,0,6,-45
1756015154.6949446,1,1,-48
1756015154.7309446,1,-1,-44
1756015154.7679446,1,-2,-58
1756015154.8069446,0,2,-46
1756015154.8449447,-4,-2,-41
1756015154.881945,-2,-9,-53
1756015154.9199443,0,-5,-50
1756015154.9579446,0,4,-49
1756015154.9959445,6,-1,-54
1756015155.0319445,6,-3,-53
1756015155.0689447,1,-7,-51
1756015155.1079447,1,-4,-45
1756015155.1459446,0,3,-51
1756015155.1819446,3,2,-61
1756015155.2189443,3,-7,-48
1756015155.256945,3,-5,-38
1756015155.2959447,1,-5,-47
1756015155.3319447,-1,-7,-53
1756015155.3709445,-3,-2,-48
1756015155.4089446,-1,-9,-46
1756015155.4469447,0,-1,-35
1756015155.4859445,5,-5,-52
1756015155.5219443,4,-6,-46
1756015155.5589447,0,-7,-57
1756015155.5969446,-1,-5,-62
1756015155.6359446,3,-2,-58
1756015155.6719446,5,-6,-57
1756015155.7089446,4,-4,-44
1756015155.7479446,0,0,-59
1756015155.7859447,-1,-2,-57
1756015155.8219447,7,3,-59
1756015155.858945,6,0,-44
1756015155.8979447,7,-1,-49
1756015155.9359446,9,-6,-49
1756015155.9719446,1,-5,-50
1756015156.0089445,0,0,-66
1756015156.0469446,6,0,-54
1756015156.0829446,1,1,-55
1756015156.1209445,0,3,-54
1756015156.157945,4,4,-56
1756015156.1959443,5,0,-53
1756015156.2319446,1,2,-47
1756015156.2689445,-4,-3,-48
1756015156.3079443,-1,-2,-46
1756015156.3459446,-3,-3,-58
1756015156.381945,-8,-2,-53
1756015156.4209447,-9,2,-43
1756015156.4579446,-7,-1,-54
1756015156.496945,3,-9,-50
1756015156.532945,2,-3,-50
1756015156.5709443,0,1,-59
1756015156.608945,0,1,-63
1756015156.6469443,2,-8,-52
1756015156.6829443,-5,-5,-57
1756015156.7209446,-2,-2,-46
1756015156.7589445,2,-2,-43
1756015156.7979443,-1,0,-46
1756015156.8339446,-2,7,-47
1756015156.8709445,1,3,-54
1756015156.9089446,-2,0,-58
1756015156.9479446,0,-2,-56
1756015156.983945,-2,-1,-52
1756015157.0219443,-4,-5,-45
1756015157.0599446,-4,1,-54
1756015157.0979445,0,-2,-54
1756015157.1369443,3,2,-54
1756015157.1729443,2,2,-62
1756015157.2099447,1,0,-58
1756015157.2479446,0,5,-51
1756015157.2839446,-1,0,-42
1756015157.3209443,5,0,-45
1756015157.358945,1,0,-56
1756015157.3969443,4,3,-41
1756015157.4329443,1,6,-63
1756015157.4699447,1,-3,-53
1756015157.5089445,5,-4,-45
1756015157.5469446,4,-4,-55
1756015157.5829446,2,-4,-61
1756015157.6199446,2,-1,-48
1756015157.6589446,-3,4,-38
1756015157.6969447,1,1,-37
1756015157.7329447,0,-5,-46
1756015157.769945,7,0,-43
1756015157.8089447,4,3,-47
1756015157.8469446,0,4,-44
1756015157.8829446,4,10,-49
1756015157.9199443,-5,12,-45
1756015157.9589446,2,-5,-51
1756015157.996945,-3,-4,-48
1756015158.032945,-7,0,-52
1756015158.0709443,-1,0,-50
1756015158.108945,3,1,-52
1756015158.1469443,-1,3,-53
1756015158.1829443,3,5,-50
1756015158.2199447,11,0,-45
1756015158.2589445,6,-1,-35
1756015158.2949443,-1,-3,-49
1756015158.3329446,2,0,-42
1756015158.3699446,1,6,-43
1756015158.4089446,6,4,-53
1756015158.4449446,0,2,-48
1756015158.4819446,2,0,-54
1756015158.5189445,0,1,-64
1756015158.5549445,-5,4,-55
1756015158.5919447,-5,1,-47
1756015158.6299446,-4,-2,-56
1756015158.6689446,1,0,-61
1756015158.7049446,1,-5,-51
1756015158.7419446,-4,-2,-47
1756015158.779945,1,-2,-53
1756015158.8189447,0,1,-51
1756015158.8549447,-8,-1,-51
1756015158.8929446,-3,1,-54
1756015158.9309447,0,0,-44
1756015158.9699447,3,0,-47
1756015159.0079446,-4,-1,-55
1756015159.0439446,-4,-1,-42
1756015159.0819447,1,-3,-53
1756015159.1199446,3,-5,-59
1756015159.1589446,-1,-2,-46
1756015159.1949446,-1,2,-44
1756015159.2319446,0,1,-47
1756015159.269945,5,0,-60
1756015159.3079443,1,1,-43
1756015159.3439443,3,0,-40
1756015159.381945,6,-2,-49
1756015159.4199443,5,-2,-51
1756015159.4589446,-1,-2,-62
1756015159.4949446,0,5,-57
1756015159.5319445,3,4,-53
1756015159.5699446,0,2,-58
1756015159.6079447,5,0,-60
1756015159.6439445,9,-3,-60
1756015159.6819446,9,-6,-53
1756015159.7199447,3,-6,-49
1756015159.7589445,-5,0,-60
1756015159.7949443,-5,1,-59
1756015159.8319447,-2,-1,-65
1756015159.8699446,-3,0,-48
1756015159.9089446,1,0,-56
1756015159.9449446,-1,-1,-52
1756015159.9829447,1,0,-50
1756015160.019945,6,-3,-47
1756015160.0589447,9,-6,-38
1756015160.1039443,6,0,-46
1756015160.1409447,0,0,-54
1756015160.1799445,3,5,-46
1756015160.2159443,-1,1,-49
1756015160.2529447,3,-6,-44
1756015160.2909446,-5,0,-48
1756015160.3299446,-6,0,-45
1756015160.3659446,0,-7,-37
1756015160.4029446,0,-2,-43
1756015160.440945,-1,-8,-44
1756015160.4799447,0,-5,-40
1756015160.5159447,-2,-6,-46
1756015160.5539446,0,-2,-51
1756015160.5919447,11,-1,-42
1756015160.6309447,3,3,-47
1756015160.6689446,0,1,-55
1756015160.7049446,-4,-1,-43
1756015160.7429447,-13,0,-47
1756015160.7809446,-4,-3,-45
1756015160.8199446,-5,-6,-52
1756015160.8559446,-2,-1,-45
1756015160.894945,-7,-1,-52
1756015160.9319446,1,4,-55
1756015160.9699447,8,7,-57
1756015161.0059447,5,-1,-53
1756015161.042945,4,-5,-49
1756015161.0809443,0,2,-43
1756015161.1199446,2,1,-54
1756015161.1559446,1,0,-56
1756015161.1929443,2,0,-54
1756015161.2309446,3,-6,-52
1756015161.2689445,2,-4,-59
1756015161.3049445,6,-2,-43
1756015161.3419447,0,-9,-55
1756015161.3809447,-1,-6,-59
1756015161.4189446,0,-4,-46
1756015161.4549446,2,-4,-52
1756015161.4929447,4,-3,-47
1756015161.5319445,-2,0,-59
1756015161.5699446,1,-1,-62
1756015161.6059446,2,5,-63
1756015161.6429446,-6,0,-58
1756015161.6819446,-6,2,-42
1756015161.7199447,-1,2,-55
1756015161.756945,9,-6,-54
1756015161.7949443,7,-1,-54
1756015161.8319447,-2,-2,-60
1756015161.8709445,2,-8,-62
1756015161.9069445,1,-2,-59
1756015161.9449446,-8,1,-51
1756015161.9819446,-9,0,-41
1756015162.0209446,0,-4,-48
1756015162.0569446,0,-7,-48
1756015162.0949447,-3,0,-54
1756015162.131945,-6,3,-46
1756015162.1709447,-2,5,-55
1756015162.2069447,1,-1,-48
1756015162.2449446,1,5,-43
1756015162.2819445,-1,6,-50
1756015162.3209443,-4,4,-49
1756015162.3569446,-3,0,-58
1756015162.394945,3,-6,-55
1756015162.4319446,8,-5,-63
1756015162.4709446,5,-3,-55
1756015162.506945,-3,-3,-53
1756015162.5449443,-2,-4,-44
1756015162.5829446,4,-2,-44
1756015162.621945,3,-1,-50
1756015162.6599443,3,4,-54
1756015162.6959443,7,5,-58
1756015162.7329447,-2,0,-54
1756015162.7719443,-3,-6,-59
1756015162.8099446,3,1,-65
1756015162.8459446,7,1,-46
1756015162.8829446,2,-2,-53
1756015162.9219446,0,-1,-38
1756015162.9599447,-6,-6,-48
1756015162.9959445,-2,-11,-57
1756015163.0339446,0,-5,-62
1756015163.0719447,2,2,-43
1756015163.1099446,1,5,-45
1756015163.1459446,-8,7,-49
1756015163.1839447,4,7,-56
1756015163.2219446,4,-7,-52
1756015163.2579446,-1,-8,-55
1756015163.2959447,0,0,-47
1756015163.3339446,4,2,-46
1756015163.371945,1,0,-49
1756015163.407945,3,2,-53
1756015163.4449446,1,-1,-54
1756015163.4829447,-7,6,-57
1756015163.5219443,0,0,-53
1756015163.5579443,-3,0,-49
1756015163.5949447,-8,4,-46
1756015163.6329446,-4,-4,-47
1756015163.6719446,6,-1,-53
1756015163.7079446,4,2,-59
1756015163.7449446,1,-3,-62
1756015163.782945,-1,-4,-56
1756015163.8219447,-3,3,-46
1756015163.8579447,0,0,-61
1756015163.894945,1,-3,-61
1756015163.9329443,6,-8,-51
1756015163.9719446,0,-7,-55
1756015164.0079446,0,-1,-48
1756015164.0449443,-1,-6,-46
1756015164.0829446,0,5,-55
1756015164.1209445,-2,4,-52
1756015164.1569445,-1,0,-53
1756015164.1939447,1,0,-53
1756015164.2329447,0,-2,-67
1756015164.2709446,-5,-5,-54
1756015164.3069446,-7,0,-68
1756015164.3439443,-6,-3,-47
1756015164.3829446,-2,1,-48
1756015164.4209447,-7,4,-54
1756015164.4569447,-2,-3,-54
1756015164.4949446,1,5,-48
1756015164.532945,0,7,-41
1756015164.5709443,7,9,-45
1756015164.6069446,0,1,-52
1756015164.6439445,0,4,-38
1756015164.6819446,-3,0,-48
1756015164.7179446,-2,-3,-56
1756015164.7559447,-3,5,-54
1756015164.7949443,0,4,-53
1756015164.8329446,0,6,-46
1756015164.8709445,9,4,-32
1756015164.9069445,11,0,-49
1756015164.9439447,3,1,-48
1756015164.9829447,5,-1,-48
1756015165.0189445,2,-5,-61
1756015165.0559447,3,-1,-49
1756015165.0939443,0,1,-57
1756015165.1329446,-3,-4,-52
1756015165.1689446,1,-4,-47
1756015165.2059443,0,-1,-48
1756015165.2439446,6,3,-51
1756015165.2819445,-2,0,-53
1756015165.3179443,3,0,-46
1756015165.3559446,4,2,-48
1756015165.3929446,-6,3,-58
1756015165.4319446,-2,0,-58
1756015165.4679446,5,0,-52
1756015165.5059447,-1,6,-70
1756015165.5439446,-4,7,-58
1756015165.5829446,-8,0,-62
1756015165.6189446,-2,1,-60
1756015165.6559446,1,3,-57
1756015165.6939447,2,2,-68
1756015165.7319446,0,-2,-48
1756015165.7679446,4,0,-52
1756015165.8059447,-3,-12,-66
1756015165.8439443,-1,-5,-53
1756015165.8829446,0,0,-50
1756015165.9189446,-1,3,-54
1756015165.9559443,3,6,-41
1756015165.9939446,3,2,-51
1756015166.0319445,-3,-2,-52
1756015166.0679443,-4,0,-58
1756015166.1059446,-2,0,-53
1756015166.1439445,-1,-1,-44
1756015166.1829443,-2,-3,-51
1756015166.2189443,-3,0,-55
1756015166.256945,-2,-4,-53
1756015166.2949443,3,0,-54
1756015166.3329446,2,0,-50
1756015166.3689446,-3,-5,-46
1756015166.407945,-5,-2,-44
1756015166.4449446,-6,-6,-47
1756015166.483945,-8,1,-43
1756015166.5219443,-5,-1,-60
1756015166.5579443,5,-1,-51
1756015166.5949447,-3,-1,-39
1756015166.6339445,-6,-2,-47
1756015166.6719446,-6,-6,-54
1756015166.7079446,6,-3,-53
1756015166.7449446,5,-1,-40
1756015166.7839446,-1,1,-51
1756015166.8199446,0,-5,-55
1756015166.8579447,-2,-2,-57
1756015166.8959446,-3,0,-56
1756015166.9339447,1,0,-59
1756015166.9699447,4,0,-50
1756015167.0079446,-1,0,-60
1756015167.0449443,0,-3,-63
1756015167.0839446,9,-5,-49
1756015167.1199446,0,-5,-47
1756015167.157945,-4,-7,-58
1756015167.1959443,-2,-9,-43
1756015167.233945,4,-7,-47
1756015167.2729447,-6,0,-44
1756015167.3089447,-2,0,-53
1756015167.3459446,0,-3,-61
1756015167.384945,0,4,-53
1756015167.4229443,-4,-3,-46
1756015167.4589446,2,0,-51
1756015167.4959445,7,1,-49
1756015167.5339446,1,-8,-48
1756015167.5699446,-1,-3,-55
1756015167.6079447,0,4,-44
1756015167.644945,3,-2,-59
1756015167.6839447,2,-2,-52
1756015167.7199447,3,-3,-53
1756015167.7579446,0,-4,-44
1756015167.7959447,-6,-7,-48
1756015167.8349447,-1,0,-60
1756015167.8729446,-1,-2,-50
1756015167.9089446,0,3,-59
1756015167.9459443,-2,0,-65
1756015167.9849446,-2,-1,-50
1756015168.0229447,0,1,-62
1756015168.0589447,-2,-3,-55
1756015168.0969446,-5,-6,-63
1756015168.134945,-3,-2,-63
1756015168.1739447,0,-5,-46
1756015168.2099447,5,1,-43
1756015168.246945,1,2,-49
1756015168.2849443,-6,-4,-56
1756015168.3209443,-2,1,-54
1756015168.3579447,-4,-1,-56
1756015168.3959446,6,0,-60
1756015168.4339447,2,0,-57
1756015168.4699447,-1,-1,-59
1756015168.5079446,2,-3,-53
1756015168.5459447,-2,-1,-54
1756015168.5849447,0,-4,-54
1756015168.6209445,1,-1,-48
1756015168.6589446,6,4,-41
1756015168.6959443,3,0,-42
1756015168.733945,0,0,-48
1756015168.769945,-1,1,-55
1756015168.8079443,-2,3,-51
1756015168.8459446,0,1,-55
1756015168.8839445,-1,-2,-54
1756015168.9199443,-3,-1,-45
1756015168.9579446,-2,7,-54
1756015168.9959445,-4,1,-46
1756015169.0349443,2,-4,-48
1756015169.0709443,3,-3,-48
1756015169.1079447,-3,0,-53
1756015169.1459446,2,0,-52
1756015169.1849446,-6,-2,-48
1756015169.2209446,-2,0,-57
1756015169.2579446,-7,-1,-52
1756015169.2959447,-8,-5,-46
1756015169.3349447,-9,1,-56
1756015169.3709445,-1,-1,-53
1756015169.4089446,1,7,-54
1756015169.4469447,0,6,-52
1756015169.4849446,-4,-6,-50
1756015169.5209446,3,-4,-54
1756015169.5579443,3,-3,-51
1756015169.5959446,7,-2,-61
1756015169.634945,1,1,-58
1756015169.6709447,-10,-4,-55
1756015169.7089446,0,-4,-49
1756015169.746945,2,-1,-48
1756015169.7859447,2,4,-55
1756015169.8239446,2,4,-56
1756015169.8599446,-3,1,-60
1756015169.8969443,-1,-3,-59
1756015169.9359446,2,-1,-59
1756015169.9719446,1,0,-58
1756015170.0089445,-5,-1,-51
1756015170.0469446,3,2,-52
1756015170.0849447,-8,-2,-51
1756015170.1299446,-3,-5,-66
1756015170.1669445,-3,-9,-61
1756015170.2059443,-2,-5,-51
1756015170.2419446,2,0,-50
1756015170.2789447,5,-1,-52
1756015170.3169446,-4,-2,-52
1756015170.3559446,-3,-4,-61
1756015170.3919446,3,-3,-60
1756015170.4289446,-8,-7,-58
1756015170.4669447,-1,-9,-53
1756015170.5059447,-2,-2,-42
1756015170.5419445,-4,0,-46
1756015170.5789447,-5,0,-42
1756015170.6169446,-1,1,-52
1756015170.6559446,0,-2,-52
1756015170.6919446,1,-2,-60
1756015170.7289443,-3,-1,-59
1756015170.7669446,2,-1,-61
1756015170.8059447,-2,5,-56
1756015170.8419447,4,-4,-54
1756015170.8789446,0,-6,-61
1756015170.9169445,-2,0,-53
1756015170.9559443,0,0,-48
1756015170.9919446,5,2,-48
1756015171.0289447,2,2,-59
1756015171.0669446,0,1,-40
1756015171.1049447,0,0,-54
1756015171.1409447,-6,-1,-54
1756015171.1789446,-6,6,-47
1756015171.2169447,-3,2,-51
1756015171.2559447,6,1,-42
1756015171.2919445,5,-6,-52
1756015171.3289447,-4,4,-57
1756015171.3669446,4,-1,-55
1756015171.4059446,-1,4,-55
1756015171.4419446,-1,-2,-53
1756015171.4799447,0,-1,-38
1756015171.5179446,0,1,-60
1756015171.5559447,0,-8,-55
1756015171.5919447,0,-5,-49
1756015171.6289446,3,-1,-40
1756015171.6669445,0,-3,-49
1756015171.7059443,1,-2,-42
1756015171.7419446,3,0,-47
1756015171.779945,6,-6,-48
1756015171.8169446,3,0,-45
1756015171.8529446,0,-2,-40
1756015171.8919446,1,5,-50
1756015171.9289446,0,0,-46
1756015171.9669447,3,-2,-46
1756015172.0059447,0,0,-51
1756015172.0419445,1,-2,-54
1756015172.0789447,0,-6,-57
1756015172.1169446,-8,-2,-44
1756015172.1559446,-2,-4,-44
1756015172.1919446,-6,0,-53
1756015172.2299447,7,0,-59
1756015172.2679446,5,-1,-52
1756015172.3059447,3,-1,-51
1756015172.3419447,-6,-1,-51
1756015172.3799446,-1,-4,-44
1756015172.417945,-4,-4,-56
1756015172.4569447,-4,-2,-52
1756015172.4929447,1,1,-47
1756015172.529945,3,-5,-56
1756015172.5679443,6,5,-61
1756015172.6059446,3,1,-60
1756015172.6419446,3,6,-62
1756015172.6799445,0,0,-51
1756015172.7179446,0,1,-50
1756015172.7559447,-5,5,-49
1756015172.7919445,-5,-2,-48
1756015172.8299446,-2,-2,-56
1756015172.8679447,-2,1,-51
1756015172.9069445,-3,-3,-44
1756015172.9429443,2,0,-41
1756015172.9799447,1,0,-43
1756015173.0179446,-2,1,-51
1756015173.0559447,-2,0,-47
1756015173.0919447,-4,-7,-53
1756015173.1299446,-8,-5,-57
1756015173.167945,-5,0,-47
1756015173.2069447,2,3,-51
1756015173.2429447,3,2,-60
1756015173.279945,9,1,-53
1756015173.3179443,0,-2,-50
1756015173.3539443,3,-1,-44
1756015173.3909447,-1,0,-46
1756015173.4299445,0,0,-50
1756015173.4679446,-3,2,-48
1756015173.5039446,3,4,-60
1756015173.5409446,-2,0,-49
1756015173.5789447,-2,4,-53
1756015173.6179447,0,2,-37
1756015173.6539447,1,3,-45
1756015173.690945,6,0,-46
1756015173.7279446,3,-2,-54
1756015173.7669446,-4,-4,-63
1756015173.802945,-5,2,-67
1756015173.8409443,3,2,-60
1756015173.8789446,-1,1,-67
1756015173.917945,1,0,-63
1756015173.9539447,-6,1,-63
1756015173.9909446,2,-5,-58
1756015174.0289447,0,-5,-59
1756015174.0679443,2,-4,-59
1756015174.1039443,-1,-4,-46
1756015174.1419446,2,2,-49
1756015174.1789446,-2,3,-50
1756015174.2179446,1,8,-38
1756015174.2539446,-1,0,-48
1756015174.2909446,-7,-3,-37
1756015174.3289447,-7,-5,-58
1756015174.3679447,-2,-3,-40
1756015174.4039447,2,-6,-46
1756015174.440945,7,-5,-42
1756015174.4789443,0,-5,-52
1756015174.5179446,-5,-5,-54
1756015174.5539446,1,-3,-54
1756015174.5929446,0,1,-47
1756015174.6299446,5,-8,-50
1756015174.6689446,9,-6,-61
1756015174.7069447,9,-5,-55
1756015174.7429447,1,-5,-59
1756015174.779945,-2,5,-49
1756015174.8189447,-1,1,-46
1756015174.8569446,-5,4,-57
1756015174.8929446,0,-2,-59
1756015174.9309447,-1,-4,-52
1756015174.9689443,3,0,-55
1756015175.006945,5,0,-34
1756015175.042945,-1,-2,-42
1756015175.0809443,0,-7,-46
1756015175.1189446,-3,0,-48
1756015175.157945,1,0,-56
1756015175.1939447,0,-2,-65
1756015175.2309446,-2,3,-66
1756015175.2689445,5,-1,-65
1756015175.3079443,-1,2,-63
1756015175.3439443,0,2,-52
1756015175.381945,3,1,-58
1756015175.4199443,4,-2,-52
1756015175.4589446,-4,-1,-51
1756015175.4949446,4,-1,-53
1756015175.532945,3,-1,-46
1756015175.5709443,-7,0,-52
1756015175.608945,-7,-2,-63
1756015175.6479447,4,-6,-48
1756015175.6839447,2,-5,-56
1756015175.7209446,-8,-13,-57
1756015175.759945,-4,-7,-54
1756015175.7979443,0,-2,-58
1756015175.8339446,-1,-5,-52
1756015175.8729446,-4,2,-49
1756015175.9099443,0,0,-61
1756015175.9479446,-2,0,-54
1756015175.983945,8,4,-43
1756015176.0209446,1,7,-40
1756015176.0589447,-2,1,-47
1756015176.0949447,5,-1,-56
1756015176.1329446,7,2,-49
1756015176.1709447,-3,1,-55
1756015176.2099447,-3,1,-66
1756015176.2479446,0,-4,-51
1756015176.2839446,-1,-11,-54
1756015176.3229446,3,6,-51
1756015176.3599446,2,-7,-49
1756015176.3989446,-3,0,-50
1756015176.4349446,0,-2,-52
1756015176.4729445,-4,-1,-61
1756015176.509945,-2,-13,-49
1756015176.5489447,0,-3,-53
1756015176.5849447,1,-1,-50
1756015176.6229446,2,3,-54
1756015176.6599443,6,1,-51
1756015176.6959443,3,2,-49
1756015176.7329447,0,-7,-41
1756015176.7709446,4,-1,-49
1756015176.8099446,-3,0,-52
1756015176.8459446,0,-1,-51
1756015176.8829446,0,-7,-49
1756015176.9209447,5,-11,-61
1756015176.9599447,8,-2,-59
1756015176.9959445,5,-2,-53
1756015177.0339446,-4,1,-49
1756015177.0709443,2,0,-54
1756015177.108945,2,-7,-57
1756015177.144945,1,-4,-49
1756015177.1829443,4,0,-39
1756015177.2209446,0,3,-61
1756015177.2589445,1,2,-45
1756015177.2949443,0,-4,-48
1756015177.3329446,-2,-6,-39
1756015177.3709445,4,-6,-50
1756015177.4099443,9,-3,-64
1756015177.4459443,9,0,-58
1756015177.4829447,-3,5,-58
1756015177.5209446,1,3,-40
1756015177.5599446,6,-3,-54
1756015177.5959446,7,-3,-51
1756015177.6329446,0,0,-59
1756015177.6709447,5,0,-51
1756015177.7089446,9,-4,-46
1756015177.7449446,5,-3,-49
1756015177.782945,5,4,-56
1756015177.8209443,3,2,-53
1756015177.858945,0,-2,-51
1756015177.894945,-2,-2,-55
1756015177.9339447,-2,-5,-42
1756015177.9719446,-1,-4,-45
1756015178.009945,1,1,-36
1756015178.0459447,2,3,-42
1756015178.0829446,8,1,-45
1756015178.1209445,1,0,-55
1756015178.1589446,0,-1,-61
1756015178.1949446,-11,0,-61
1756015178.2329447,0,0,-63
1756015178.2709446,-4,-5,-52
1756015178.3069446,1,-6,-65
1756015178.3439443,-4,-7,-55
1756015178.381945,6,-1,-48
1756015178.4209447,3,-3,-47
1756015178.4569447,5,-2,-57
1756015178.4939446,3,1,-51
1756015178.5309446,5,1,-67
1756015178.5699446,-1,-1,-59
1756015178.6059446,-2,1,-57
1756015178.6439445,2,4,-49
1756015178.6819446,7,1,-42
1756015178.7199447,2,-1,-46
1756015178.7559447,2,3,-55
1756015178.792945,-1,-1,-53
1756015178.8309443,2,5,-48
1756015178.8669446,3,1,-62
1756015178.9039447,4,-6,-56
1756015178.9419446,0,-4,-50
1756015178.9809446,4,0,-55
1756015179.0169446,0,0,-46
1756015179.0539446,-3,1,-50
1756015179.0919447,0,5,-47
1756015179.1299446,6,1,-58
1756015179.1659446,7,-3,-67
1756015179.2039447,3,-5,-52
1756015179.2419446,-7,-2,-45
1756015179.2809446,-3,3,-64
1756015179.3169446,0,0,-60
1756015179.3539443,4,0,-52
1756015179.3919446,2,-1,-49
1756015179.4299445,0,1,-47
1756015179.4659443,-2,-4,-44
1756015179.5039446,4,-3,-44
1756015179.5419445,1,-7,-50
1756015179.5809443,2,-1,-53
1756015179.6169446,-4,-1,-49
1756015179.6559446,-10,-5,-49
1756015179.6929443,-3,-5,-49
1756015179.7319446,4,0,-45
1756015179.769945,-5,0,-39
1756015179.8059447,-2,1,-53
1756015179.8429446,0,-6,-47
1756015179.881945,-9,2,-45
1756015179.917945,-5,-6,-47
1756015179.9559443,-5,0,-46
1756015179.9939446,-1,-3,-62
1756015180.0319445,-1,1,-46
1756015180.0709443,-3,3,-55
1756015180.1069446,-2,-1,-49
1756015180.1529446,-1,2,-46
1756015180.190945,3,-3,-54
1756015180.2269447,2,-2,-41
1756015180.2639446,3,-4,-48
1756015180.3019447,0,2,-59
1756015180.3409443,-8,5,-52
1756015180.3769443,-1,0,-51
1756015180.4139447,-1,5,-45
1756015180.4519446,0,3,-49
1756015180.4879446,-7,-4,-50
1756015180.5259447,2,-8,-55
1756015180.5639446,0,0,-52
1756015180.6019447,-1,2,-53
1756015180.6379447,-5,-2,-53
1756015180.6759446,1,-1,-43
1756015180.713945,-3,-1,-56
1756015180.7529447,-3,-1,-56
1756015180.7909446,7,-4,-53
1756015180.8269446,5,-2,-61
1756015180.8649447,-2,-2,-52
1756015180.9029446,-2,0,-51
1756015180.9419446,0,-2,-43
1756015180.9779446,3,3,-61
1756015181.0159447,8,-1,-59
1756015181.052945,8,-5,-52
1756015181.0919447,2,4,-51
1756015181.1279447,2,-2,-55
1756015181.1659446,4,3,-67
1756015181.2029445,7,2,-54
1756015181.2419446,1,3,-47
1756015181.2779446,3,-4,-39
1756015181.3149445,4,0,-38
1756015181.3529446,2,3,-44
1756015181.3909447,4,3,-49
1756015181.4269447,10,0,-44
1756015181.4649446,3,-6,-49
1756015181.5029447,-5,4,-50
1756015181.5389447,-2,6,-60
1756015181.5769446,-3,-5,-59
1756015181.6149447,0,0,-45
1756015181.6529446,0,0,-50
1756015181.6889446,-3,2,-55
1756015181.7269447,1,1,-53
1756015181.7649446,5,-1,-45
1756015181.802945,7,-6,-36
1756015181.8419447,0,-4,-51
1756015181.8779447,-2,-3,-56
1756015181.9159446,-5,-3,-49
1756015181.9539447,4,3,-51
1756015181.9919446,5,0,-51
1756015182.0279446,-2,-2,-47
1756015182.065945,5,-3,-47
1756015182.1039443,0,0,-44
1756015182.1419446,-2,0,-45
1756015182.177945,0,1,-50
1756015182.2159443,-3,-1,-58
1756015182.2539446,0,-6,-72
1756015182.2919445,-6,-3,-69
1756015182.3279445,-2,-8,-56
1756015182.3659446,-1,-1,-62
1756015182.4039447,0,-4,-48
1756015182.4429443,0,1,-51
1756015182.4789443,-4,7,-54
1756015182.5169446,3,4,-51
1756015182.5539446,2,7,-46
1756015182.5919447,-2,2,-56
1756015182.6279447,-9,2,-46
1756015182.6649446,-4,6,-49
1756015182.7039447,-2,0,-48
1756015182.7419446,-10,-1,-51
1756015182.7779446,-3,-2,-50
1756015182.815945,-6,-1,-46
1756015182.8539443,3,2,-45
1756015182.8919446,-8,4,-49
1756015182.927945,-5,0,-59
1756015182.9649446,-6,0,-48
1756015183.0039446,-5,-1,-49
1756015183.0419445,0,4,-47
1756015183.0779445,-8,4,-45
1756015183.1149447,0,-6,-54
1756015183.1539447,2,2,-43
1756015183.1899445,-3,-1,-41
1756015183.2279446,-6,3,-43
1756015183.2669446,0,1,-45
1756015183.3039446,3,1,-50
1756015183.3399446,1,4,-48
1756015183.3779447,-8,1,-57
1756015183.4169445,-3,-3,-60
1756015183.4539447,-3,0,-58
1756015183.4929447,2,5,-47
1756015183.5289447,-4,1,-54
1756015183.565945,0,-2,-60
1756015183.6039443,0,-4,-59
1756015183.6429446,-3,0,-61
1756015183.6789446,-1,0,-56
1756015183.7159443,0,-2,-59
1756015183.7539446,-12,-10,-50
1756015183.792945,-7,0,-49
1756015183.8289447,-6,-2,-50
1756015183.8669446,-7,-4,-47
1756015183.904945,-11,-4,-45
1756015183.9439447,-4,0,-49
1756015183.9799447,1,1,-46
1756015184.0169446,5,-3,-44
1756015184.0549445,4,0,-47
1756015184.0929446,-6,3,-42
1756015184.1289446,0,2,-37
1756015184.1659446,-4,3,-47
1756015184.2049446,-7,2,-53
1756015184.2429447,-3,7,-42
1756015184.2789447,-1,6,-48
1756015184.315945,0,3,-65
1756015184.3539443,-1,0,-58
1756015184.3899446,-5,0,-66
1756015184.427945,2,0,-64
1756015184.4649446,0,-2,-59
1756015184.5039446,4,-3,-49
1756015184.5399446,-2,0,-51
1756015184.5769446,-1,2,-47
1756015184.6149447,2,-5,-57
1756015184.6539447,4,-11,-56
1756015184.6899445,4,-2,-63
1756015184.7279446,5,-6,-64
1756015184.7659447,4,-5,-51
1756015184.8049445,6,0,-45
1756015184.8409443,-3,-4,-41
1756015184.8789446,-1,-3,-50
1756015184.9169445,5,-7,-56
1756015184.9549446,10,-3,-59
1756015184.9939446,3,-2,-56
1756015185.029945,5,0,-52
1756015185.0669446,4,1,-67
1756015185.1049447,-1,3,-52
1756015185.1439445,-2,0,-50
1756015185.1799445,-3,-3,-49
1756015185.2179446,1,6,-58
1756015185.2549446,1,10,-48
1756015185.2909446,1,7,-45
1756015185.3289447,5,2,-50
1756015185.3659446,3,-1,-47
1756015185.404945,3,1,-45
1756015185.440945,5,2,-56
1756015185.4789443,8,-2,-57
1756015185.5169446,-5,2,-53
1756015185.5559447,4,1,-51
1756015185.5939443,-4,0,-46
1756015185.6299446,-1,1,-46
1756015185.6669445,0,-4,-43
1756015185.7059443,0,1,-47
1756015185.7439446,3,3,-56
1756015185.779945,2,5,-53
1756015185.8169446,0,2,-55
1756015185.8559446,0,2,-63
1756015185.8939445,0,0,-55
1756015185.9299445,0,0,-66
1756015185.9669447,-2,-2,-51
1756015186.0059447,-6,-5,-47
1756015186.0439446,-4,2,-50
1756015186.0799446,-2,0,-52
1756015186.1169446,-2,0,-52
1756015186.1559446,-7,-3,-55
1756015186.1939447,0,-2,-46
1756015186.2299447,-1,-6,-58
1756015186.2679446,-2,-1,-57
1756015186.3059447,-4,3,-54
1756015186.3449447,4,9,-46
1756015186.3809447,0,5,-49
1756015186.4189446,4,-5,-45
1756015186.4559443,2,-3,-49
1756015186.4949446,2,0,-47
1756015186.5309446,0,-4,-48
1756015186.5689447,-1,0,-47
1756015186.6069446,-1,0,-45
1756015186.6459446,-4,0,-52
1756015186.6819446,-11,-3,-37
1756015186.7199447,0,-5,-52
1756015186.7579446,4,-2,-38
1756015186.7959447,6,0,-45
1756015186.8349447,0,-3,-44
1756015186.8709445,0,1,-50
1756015186.907945,0,0,-49
1756015186.9459443,-2,0,-48
1756015186.9849446,-4,-4,-46
1756015187.0209446,3,-5,-35
1756015187.0579443,-3,-1,-35
1756015187.0959446,-3,2,-57
1756015187.134945,-2,-1,-63
1756015187.1709447,-6,0,-55
1756015187.2079446,1,5,-55
1756015187.2459445,-6,4,-64
1756015187.2819445,-3,1,-73
1756015187.3189447,5,-3,-70
1756015187.3569446,-3,1,-63
1756015187.3959446,0,-4,-56
1756015187.4319446,3,-3,-50
1756015187.4689443,-5,4,-53
1756015187.506945,-5,0,-48
1756015187.5459447,-11,-6,-47
1756015187.5819447,-6,0,-46
1756015187.6199446,-3,-3,-51
1756015187.657945,2,-3,-44
1756015187.6969447,4,1,-51
1756015187.7349446,1,-3,-39
1756015187.7709446,-5,-4,-51
1756015187.8089447,-2,0,-57
1756015187.8469446,-7,12,-56
1756015187.8859446,-5,4,-59
1756015187.9219446,4,5,-61
1756015187.9589446,5,2,-55
1756015187.996945,-1,6,-52
1756015188.0359447,5,1,-37
1756015188.0719447,8,-4,-38
1756015188.108945,-7,-3,-31
1756015188.1469443,-10,0,-47
1756015188.1859446,2,-1,-53
1756015188.2219446,8,-1,-55
1756015188.2589445,-2,4,-59
1756015188.2969446,2,5,-50
1756015188.3329446,0,5,-43
1756015188.3699446,5,-1,-40
1756015188.407945,3,2,-49
1756015188.4459443,3,1,-51
1756015188.4819446,-1,6,-45
1756015188.519945,1,0,-56
1756015188.5569446,-5,-1,-53
1756015188.5959446,4,-6,-52
1756015188.631945,0,-2,-50
1756015188.6699443,-6,4,-47
1756015188.7069447,-1,0,-51
1756015188.7459445,0,0,-55
1756015188.7819445,-2,0,-45
1756015188.8199446,-2,0,-47
1756015188.8569446,3,0,-46
1756015188.8959446,1,1,-55
1756015188.9319446,5,-2,-56
1756015188.9689443,-1,-4,-43
1756015189.0079446,6,-7,-60
1756015189.0459447,7,-5,-47
1756015189.0819447,2,-7,-44
1756015189.1199446,0,-5,-53
1756015189.157945,-3,-3,-45
1756015189.1959443,-1,-6,-51
1756015189.2319446,0,0,-60
1756015189.269945,-6,4,-52
1756015189.3079443,-1,1,-50
1756015189.3459446,-5,2,-48
1756015189.381945,-7,1,-57
1756015189.4189446,-4,1,-61
1756015189.4579446,0,1,-44
1756015189.4959445,5,1,-35
1756015189.5319445,0,0,-48
1756015189.5689447,1,0,-52
1756015189.6079447,-4,-1,-52
1756015189.6459446,-7,-3,-57
1756015189.6819446,-7,-5,-58
1756015189.7199447,0,2,-60
1756015189.7579446,3,-3,-60
1756015189.7969446,2,2,-46
1756015189.8329446,-5,1,-43
1756015189.8699446,2,-1,-60
1756015189.907945,-4,-1,-56
1756015189.9469447,-1,-1,-53
1756015189.9829447,-4,0,-45
1756015190.0209446,-7,2,-49
1756015190.0579443,-6,-2,-62
1756015190.0969446,-8,0,-68
1756015190.1329446,-4,-7,-68
1756015190.1789446,-1,4,-60
1756015190.2169447,-4,1,-63
1756015190.2529447,-2,-4,-54
1756015190.2909446,3,-6,-54
1756015190.3289447,3,-9,-57
1756015190.3679447,-2,0,-58
1756015190.4039447,-6,5,-55
1756015190.4409447,1,-1,-55
1756015190.4789445,6,8,-47
1756015190.5169446,-4,4,-51
1756015190.5529447,-6,4,-49
1756015190.5909445,-2,2,-45
1756015190.6289446,-3,-5,-51
1756015190.6669445,8,-6,-51
1756015190.7029445,4,-1,-44
1756015190.7409446,0,0,-36
1756015190.7789447,-3,6,-50
1756015190.8179445,0,4,-54
1756015190.8539445,-1,6,-60
1756015190.8919446,-4,6,-59
1756015190.9299445,3,1,-65
1756015190.9679446,5,3,-59
1756015191.0039446,-3,-3,-51
1756015191.0419445,-1,1,-55
1756015191.0799446,-9,1,-50
1756015191.1189446,-3,5,-51
1756015191.1569445,-6,0,-63
1756015191.1929445,2,-11,-45
1756015191.2299447,3,-7,-50
1756015191.2689445,3,0,-55
1756015191.3069446,4,1,-53
1756015191.3429446,-2,0,-65
1756015191.3799446,0,4,-55
1756015191.4179447,5,-3,-47
1756015191.4539447,5,-2,-59
1756015191.4909446,-1,-3,-39
1756015191.5289447,-5,2,-54
1756015191.5679445,6,1,-47
1756015191.6039445,3,5,-49
1756015191.6409447,1,5,-56
1756015191.6789446,3,6,-39
1756015191.7179446,2,-1,-45
1756015191.7539446,3,4,-62
1756015191.7919445,0,-3,-52
1756015191.8299446,-6,0,-62
1756015191.8689446,5,1,-55
1756015191.9049447,5,3,-46
1756015191.9419446,1,2,-52
1756015191.9789445,-5,0,-60
1756015192.0179446,-4,-2,-53
1756015192.0549445,0,3,-50
1756015192.0919447,3,-2,-49
1756015192.1299446,-2,1,-50
1756015192.1689446,-4,0,-62
1756015192.2049446,-3,-4,-53
1756015192.2429447,1,-4,-59
1756015192.2809446,-4,-3,-59
1756015192.3199446,0,-8,-60
1756015192.3579447,0,2,-58
1756015192.3939445,1,0,-54
1756015192.4309447,1,-2,-49
1756015192.4699447,2,1,-48
1756015192.5079446,4,6,-55
1756015192.5439446,0,9,-53
1756015192.5809445,0,4,-52
1756015192.6199446,0,7,-51
1756015192.6579447,0,5,-54
1756015192.6939447,-6,2,-46
1756015192.7309446,2,0,-44
1756015192.7689445,-1,-4,-53
1756015192.8049445,0,0,-44
1756015192.8429446,1,-5,-52
1756015192.8809447,0,-5,-43
1756015192.9199445,1,1,-40
1756015192.9579446,-1,5,-54
1756015192.9939446,-3,7,-58
1756015193.0319445,-4,4,-51
1756015193.0699446,-4,-5,-43
1756015193.1089447,1,-5,-44
1756015193.1449447,7,-5,-52
1756015193.1829445,5,-4,-55
1756015193.2209446,8,3,-61
1756015193.2599447,-2,9,-51
1756015193.2959447,0,8,-48
1756015193.3329446,4,0,-45
1756015193.3699446,-5,-1,-54
1756015193.4089446,6,-4,-45
1756015193.4449446,-2,-2,-49
1756015193.4829447,-2,3,-56
1756015193.5209446,-7,4,-54
1756015193.5599446,-6,2,-55
1756015193.5959446,-3,0,-55
1756015193.6329446,-4,0,-53
1756015193.6719446,2,-2,-48
1756015193.7099447,1,-1,-51
1756015193.7459445,-6,-3,-54
1756015193.7849445,-5,4,-56
1756015193.8219447,-2,1,-54
1756015193.8609445,-1,1,-49
1756015193.8989446,4,-2,-45
1756015193.9349446,0,-1,-42
1756015193.9719446,-1,3,-46
1756015194.0109446,0,3,-55
1756015194.0489447,0,-3,-51
1756015194.0849447,6,-8,-48
1756015194.1219447,-3,3,-37
1756015194.1609447,0,0,-43
1756015194.1989446,-3,0,-47
1756015194.2349446,3,1,-50
1756015194.2719445,1,5,-48
1756015194.3109446,-2,-3,-49
1756015194.3489447,8,-3,-49
1756015194.3849447,1,0,-57
1756015194.4219446,0,0,-53
1756015194.4609447,-1,0,-44
1756015194.4989445,3,-2,-52
1756015194.5349445,11,-5,-53
1756015194.5719447,2,0,-53
1756015194.6109445,0,-5,-54
1756015194.6489446,0,0,-40
1756015194.6849446,1,2,-44
1756015194.7229445,-1,-2,-55
1756015194.7609446,-4,0,-60
1756015194.7969446,-7,2,-61
1756015194.8349447,-7,0,-64
1756015194.8729446,1,-3,-60
1756015194.9109447,1,6,-50
1756015194.9469447,4,-2,-49
1756015194.9849446,3,0,-58
1756015195.0219445,11,7,-46
1756015195.0609446,3,8,-46
1756015195.0969446,-1,1,-33
1756015195.1339445,2,5,-46
1756015195.1709447,11,5,-57
1756015195.2069447,4,4,-54
1756015195.2439446,5,7,-68
1756015195.2819445,0,-1,-54
1756015195.3209445,-4,-1,-58
1756015195.3569446,1,-2,-53
1756015195.3939445,-3,-1,-47
1756015195.4319446,5,0,-48
1756015195.4699447,0,2,-51
1756015195.5059447,4,-7,-52
1756015195.5439446,-3,0,-48
1756015195.5819447,-1,0,-52
1756015195.6209445,-1,0,-59
1756015195.6569445,-3,-3,-47
1756015195.6949446,-1,-2,-50
1756015195.7329447,3,1,-55
1756015195.7709446,0,0,-59
1756015195.8069446,3,0,-54
1756015195.8439445,0,1,-43
1756015195.8819447,-6,-1,-49
1756015195.9199445,1,0,-60
1756015195.9569447,-2,-2,-49
1756015195.9939446,0,2,-52
1756015196.0319445,4,0,-50
1756015196.0699446,-6,-1,-53
1756015196.1059446,-8,-4,-49
1756015196.1439445,-3,-3,-47
1756015196.1819446,-2,-3,-59
1756015196.2209446,-3,-3,-52
1756015196.2569447,3,-3,-53
1756015196.2939446,-5,-10,-53
1756015196.3319447,-3,0,-52
1756015196.3709445,-7,0,-58
1756015196.4069445,-6,-2,-47
1756015196.4449446,-6,0,-50
1756015196.4829447,1,3,-50
1756015196.5209446,-3,1,-46
1756015196.5569446,7,-1,-52
1756015196.5949447,0,2,-50
1756015196.6319447,4,1,-51
1756015196.6709447,-2,-5,-46
1756015196.7069447,-1,-5,-43
1756015196.7449446,-2,-4,-56
1756015196.7829447,-3,-1,-52
1756015196.8219447,-2,0,-47
1756015196.8579447,1,1,-52
1756015196.8949447,9,-1,-47
1756015196.9329445,1,-4,-44
1756015196.9719446,-3,-1,-58
1756015197.0079446,0,-2,-61
1756015197.0449445,-1,2,-57
1756015197.0829446,-1,1,-51
1756015197.1219447,-1,3,-43
1756015197.1579447,1,-2,-54
1756015197.1949446,7,0,-46
1756015197.2329447,1,1,-54
1756015197.2709446,4,-2,-61
1756015197.3069446,2,-1,-52
1756015197.3439445,0,1,-57
1756015197.3819447,-6,-1,-55
1756015197.4179447,1,-3,-57
1756015197.4559445,3,0,-44
1756015197.4939446,-3,-2,-42
1756015197.5329447,4,-1,-43
1756015197.5709445,5,-2,-49
1756015197.6069446,3,-4,-54
1756015197.6449447,-1,-2,-59
1756015197.6829445,1,-1,-64
1756015197.7219446,-2,-3,-50
1756015197.7579446,2,-4,-42
1756015197.7949445,2,0,-43
1756015197.8329446,-3,0,-44
1756015197.8709445,0,-2,-51
1756015197.9079447,8,0,-53
1756015197.9449446,2,-4,-43
1756015197.9829447,-4,-1,-55
1756015198.0219445,0,-5,-51
1756015198.0579445,0,-6,-35
1756015198.0949447,5,1,-47
1756015198.1329446,3,4,-52
1756015198.1689446,-1,0,-50
1756015198.2079446,-5,-5,-48
1756015198.2449446,2,-4,-50
1756015198.2839446,9,-4,-47
1756015198.3219447,0,-5,-56
1756015198.3579447,6,3,-57
1756015198.3949447,4,-1,-50
1756015198.4339447,2,-1,-44
1756015198.4719446,-4,-3,-59
1756015198.5079446,7,-1,-50
1756015198.5449445,7,-4,-49
1756015198.5839446,3,0,-60
1756015198.6219447,-1,-2,-51
1756015198.6579447,-12,2,-48
1756015198.6949446,-2,-7,-46
1756015198.7339447,5,0,-49
1756015198.7719445,0,0,-52
1756015198.8079445,11,-1,-50
1756015198.8449447,2,2,-52
1756015198.8829446,2,5,-46
1756015198.9189446,7,1,-50
1756015198.9559445,0,1,-50
1756015198.9939446,4,-2,-54
1756015199.0339446,-2,-3,-49
1756015199.0719447,-3,1,-57
1756015199.1079447,0,-2,-45
1756015199.1459446,5,-2,-40
1756015199.1839447,-5,0,-47
1756015199.2229445,3,-3,-51
1756015199.2589445,0,-4,-53
1756015199.2969446,0,1,-49
1756015199.3339446,3,2,-53
1756015199.3729446,4,1,-48
1756015199.4089446,0,-5,-45
1756015199.4459445,-2,-1,-42
1756015199.4839447,0,-3,-52
1756015199.5229447,-2,-1,-52
1756015199.5589447,0,1,-56
1756015199.5959446,-6,-1,-59
1756015199.6339445,-1,2,-57
1756015199.6729445,2,-7,-55
1756015199.7089446,-2,0,-61
1756015199.7459445,0,3,-58
1756015199.7839446,-2,-6,-57
1756015199.8229446,-5,-4,-46
1756015199.8589447,-2,1,-52
1756015199.8959446,3,3,-50
1756015199.9339447,1,5,-59
1756015199.9699447,5,2,-63
